dataDate,dataTime,connectMarket,tradeDirection,buyTurnover,sellTurnover,totalTurnover,netTurnover
20190524,"09:30:01","SH","NB",136835227,57484811,194320038,79350416
20190524,"09:30:01","SZ","NB",39168383,37668078,76836461,1500305
20190524,"09:31:00","SH","NB",306961941,183586974,490548915,123374967
20190524,"09:31:00","SZ","NB",161079751,163968416,325048167,-2888665
20190524,"09:32:00","SH","NB",399067439,241331090,640398529,157736349
20190524,"09:32:00","SZ","NB",246575810,242646604,489222414,3929206
20190524,"09:33:00","SH","NB",636159958,330785803,966945761,305374155
20190524,"09:33:00","SZ","NB",434036341,341960835,775997176,92075506
20190524,"09:34:00","SZ","NB",528542805,518420983,1046963788,10121822
20190524,"09:34:00","SH","NB",730106818,477289394,1207396212,252817424
20190524,"09:35:00","SH","NB",874437705,586499520,1460937225,287938185
20190524,"09:35:00","SZ","NB",668501119,658230857,1326731976,10270262
20190524,"09:36:00","SH","NB",1080293147,663493092,1743786239,416800055
20190524,"09:36:00","SZ","NB",833370265,764268688,1597638953,69101577
20190524,"09:37:00","SZ","NB",958816763,872957329,1831774092,85859434
20190524,"09:37:00","SH","NB",1237466852,744345256,1981812108,493121596
20190524,"09:38:00","SH","NB",1345123515,889610243,2234733758,455513272
20190524,"09:38:00","SZ","NB",1034704949,1059732335,2094437284,-25027386
20190524,"09:39:00","SZ","NB",1225755721,1181447769,2407203490,44307952
20190524,"09:39:00","SH","NB",1529567164,960532070,2490099234,569035094
20190524,"09:40:00","SH","NB",1580365206,1027036381,2607401587,553328825
20190524,"09:40:00","SZ","NB",1294775751,1273299226,2568074977,21476525
20190524,"09:41:00","SH","NB",1653452645,1133590206,2787042851,519862439
20190524,"09:41:00","SZ","NB",1346203711,1404669597,2750873308,-58465886
20190524,"09:42:00","SH","NB",1776279130,1182144926,2958424056,594134204
20190524,"09:42:00","SZ","NB",1449163679,1485301576,2934465255,-36137897
20190524,"09:43:00","SH","NB",1829978428,1253654657,3083633085,576323771
20190524,"09:43:00","SZ","NB",1489574484,1595568370,3085142854,-105993886
20190524,"09:44:00","SH","NB",1878193860,1337134220,3215328080,541059640
20190524,"09:44:00","SZ","NB",1541663446,1710933246,3252596692,-169269800
20190524,"09:45:00","SH","NB",1940219943,1394070676,3334290619,546149267
20190524,"09:45:00","SZ","NB",1584980949,1796776409,3381757358,-211795460
20190524,"09:46:00","SH","NB",1982881095,1462162481,3445043576,520718614
20190524,"09:46:00","SZ","NB",1622519178,1944557668,3567076846,-322038490
20190524,"09:47:00","SH","NB",2037127531,1544525873,3581653404,492601658
20190524,"09:47:00","SZ","NB",1680052957,2066281428,3746334385,-386228471
20190524,"09:48:00","SH","NB",2088689426,1624619193,3713308619,464070233
20190524,"09:48:00","SZ","NB",1726231972,2193078032,3919310004,-466846060
20190524,"09:49:00","SZ","NB",1795817804,2263997615,4059815419,-468179811
20190524,"09:49:00","SH","NB",2148837732,1699304690,3848142422,449533042
20190524,"09:50:00","SH","NB",2261423029,1753599004,4015022033,507824025
20190524,"09:50:00","SZ","NB",1931102027,2331373891,4262475918,-400271864
20190524,"09:51:00","SH","NB",2292497027,1806860227,4099357254,485636800
20190524,"09:51:00","SZ","NB",1972372812,2418032026,4390404838,-445659214
20190524,"09:52:00","SZ","NB",2026107715,2456225606,4482333321,-430117891
20190524,"09:52:00","SH","NB",2343136782,1841175943,4184312725,501960839
20190524,"09:53:00","SH","NB",2420020753,1889910422,4309931175,530110331
20190524,"09:53:00","SZ","NB",2109998847,2496504799,4606503646,-386505952
20190524,"09:54:00","SH","NB",2453907336,1934185599,4388092935,519721737
20190524,"09:54:00","SZ","NB",2149310834,2532638091,4681948925,-383327257
20190524,"09:55:00","SH","NB",2522147241,1975897330,4498044571,546249911
20190524,"09:55:00","SZ","NB",2213241467,2572780322,4786021789,-359538855
20190524,"09:56:00","SH","NB",2690108421,2034591626,4724700047,655516795
20190524,"09:56:00","SZ","NB",2381524143,2635348407,5016872550,-253824264
20190524,"09:57:00","SH","NB",2732927222,2080516491,4813443713,652410731
20190524,"09:57:00","SZ","NB",2418664148,2710435837,5129099985,-291771689
20190524,"09:58:00","SH","NB",2779275887,2200169393,4979445280,579106494
20190524,"09:58:00","SZ","NB",2461868710,2872207901,5334076611,-410339191
20190524,"09:59:00","SH","NB",2823594024,2259454116,5083048140,564139908
20190524,"09:59:00","SZ","NB",2501951413,2934130488,5436081901,-432179075
20190524,"10:00:00","SZ","NB",2550789999,2976509662,5527299661,-425719663
20190524,"10:00:00","SH","NB",2880636401,2289783049,5170419450,590853352
20190524,"10:01:00","SH","NB",2919060163,2324332561,5243392724,594727602
20190524,"10:01:00","SZ","NB",2583126061,3019810874,5602936935,-436684813
20190524,"10:02:00","SH","NB",2942845540,2360138980,5302984520,582706560
20190524,"10:02:00","SZ","NB",2611960194,3060221483,5672181677,-448261289
20190524,"10:03:00","SH","NB",2983707047,2400533042,5384240089,583174005
20190524,"10:03:00","SZ","NB",2647106725,3103095157,5750201882,-455988432
20190524,"10:04:00","SH","NB",3037165871,2432129202,5469295073,605036669
20190524,"10:04:00","SZ","NB",2680090025,3135280453,5815370478,-455190428
20190524,"10:05:00","SZ","NB",2704038246,3161409486,5865447732,-457371240
20190524,"10:05:00","SH","NB",3059489248,2454920736,5514409984,604568512
20190524,"10:06:00","SH","NB",3091264508,2553630775,5644895283,537633733
20190524,"10:06:00","SZ","NB",2737074794,3294187134,6031261928,-557112340
20190524,"10:07:00","SH","NB",3203737771,2616328752,5820066523,587409019
20190524,"10:07:00","SZ","NB",2832510914,3368804733,6201315647,-536293819
20190524,"10:08:00","SH","NB",3239736186,2663766211,5903502397,575969975
20190524,"10:08:00","SZ","NB",2869128501,3422081854,6291210355,-552953353
20190524,"10:09:00","SZ","NB",2918524577,3459390331,6377914908,-540865754
20190524,"10:09:00","SH","NB",3270666705,2696750680,5967417385,573916025
20190524,"10:10:00","SH","NB",3296620938,2752721768,6049342706,543899170
20190524,"10:10:00","SZ","NB",2945744807,3513013918,6458758725,-567269111
20190524,"10:11:00","SH","NB",3323505196,2839979803,6163484999,483525393
20190524,"10:11:00","SZ","NB",2974358233,3590277212,6564635445,-615918979
20190524,"10:12:00","SH","NB",3368069595,2888501433,6256571028,479568162
20190524,"10:12:00","SZ","NB",3040780206,3657065585,6697845791,-616285379
20190524,"10:13:00","SH","NB",3413494167,2914571100,6328065267,498923067
20190524,"10:13:00","SZ","NB",3114943306,3692681475,6807624781,-577738169
20190524,"10:14:00","SZ","NB",3246847205,3733609153,6980456358,-486761948
20190524,"10:14:00","SH","NB",3516355294,2947186813,6463542107,569168481
20190524,"10:15:00","SH","NB",3553676411,2996674892,6550351303,557001519
20190524,"10:15:00","SZ","NB",3295580230,3784258143,7079838373,-488677913
20190524,"10:16:00","SH","NB",3573746301,3033407363,6607153664,540338938
20190524,"10:16:00","SZ","NB",3330226048,3815573512,7145799560,-485347464
20190524,"10:17:00","SH","NB",3597105834,3060695609,6657801443,536410225
20190524,"10:17:00","SZ","NB",3355911736,3836182670,7192094406,-480270934
20190524,"10:18:00","SH","NB",3638647579,3079963253,6718610832,558684326
20190524,"10:18:00","SZ","NB",3402774565,3868449970,7271224535,-465675405
20190524,"10:19:00","SH","NB",3663860829,3101611411,6765472240,562249418
20190524,"10:19:00","SZ","NB",3432238369,3901104249,7333342618,-468865880
20190524,"10:20:00","SH","NB",3682445858,3125924065,6808369923,556521793
20190524,"10:20:00","SZ","NB",3454533961,3939529511,7394063472,-484995550
20190524,"10:21:00","SH","NB",3704551785,3141407972,6845959757,563143813
20190524,"10:21:00","SZ","NB",3482309651,3965797870,7448107521,-483488219
20190524,"10:22:00","SH","NB",3724060784,3166239431,6890300215,557821353
20190524,"10:22:00","SZ","NB",3499425590,3997321412,7496747002,-497895822
20190524,"10:23:00","SH","NB",3736439488,3195069441,6931508929,541370047
20190524,"10:23:00","SZ","NB",3512801756,4023367715,7536169471,-510565959
20190524,"10:24:00","SZ","NB",3530657172,4046541757,7577198929,-515884585
20190524,"10:24:00","SH","NB",3754397957,3220144302,6974542259,534253655
20190524,"10:25:00","SH","NB",3770871348,3243324692,7014196040,527546656
20190524,"10:25:00","SZ","NB",3548392887,4073806547,7622199434,-525413660
20190524,"10:26:00","SH","NB",3799037360,3267925063,7066962423,531112297
20190524,"10:26:00","SZ","NB",3578492492,4096864297,7675356789,-518371805
20190524,"10:27:00","SH","NB",3887679496,3299266008,7186945504,588413488
20190524,"10:27:00","SZ","NB",3699052504,4127413242,7826465746,-428360738
20190524,"10:28:00","SH","NB",3936294483,3364777583,7301072066,571516900
20190524,"10:28:00","SZ","NB",3742747683,4171340751,7914088434,-428593068
20190524,"10:29:00","SH","NB",3956341208,3404098036,7360439244,552243172
20190524,"10:29:00","SZ","NB",3773428730,4200365607,7973794337,-426936877
20190524,"10:30:00","SZ","NB",3790481373,4237610616,8028091989,-447129243
20190524,"10:30:00","SH","NB",3969596512,3457948929,7427545441,511647583
20190524,"10:31:00","SH","NB",3987335397,3517381613,7504717010,469953784
20190524,"10:31:00","SZ","NB",3809844967,4259792981,8069637948,-449948014
20190524,"10:32:00","SH","NB",4003930594,3571839598,7575770192,432090996
20190524,"10:32:00","SZ","NB",3825615946,4296609817,8122225763,-470993871
20190524,"10:33:00","SH","NB",4026048575,3632182420,7658230995,393866155
20190524,"10:33:00","SZ","NB",3849341526,4333136329,8182477855,-483794803
20190524,"10:34:00","SH","NB",4077894425,3664989034,7742883459,412905391
20190524,"10:34:00","SZ","NB",3907994707,4374100010,8282094717,-466105303
20190524,"10:35:00","SH","NB",4095166631,3685077648,7780244279,410088983
20190524,"10:35:00","SZ","NB",3927478125,4395405546,8322883671,-467927421
20190524,"10:36:00","SH","NB",4111728793,3713003608,7824732401,398725185
20190524,"10:36:00","SZ","NB",3941023146,4422871360,8363894506,-481848214
20190524,"10:37:00","SZ","NB",3960113707,4451651257,8411764964,-491537550
20190524,"10:37:00","SH","NB",4132614085,3742938603,7875552688,389675482
20190524,"10:38:00","SH","NB",4174473763,3769461430,7943935193,405012333
20190524,"10:38:00","SZ","NB",4004708210,4474667201,8479375411,-469958991
20190524,"10:39:00","SH","NB",4188634279,3803816499,7992450778,384817780
20190524,"10:39:00","SZ","NB",4022882553,4522007639,8544890192,-499125086
20190524,"10:40:00","SH","NB",4204482121,3819235645,8023717766,385246476
20190524,"10:40:00","SZ","NB",4038096208,4541202695,8579298903,-503106487
20190524,"10:41:00","SH","NB",4286012370,3847231182,8133243552,438781188
20190524,"10:41:00","SZ","NB",4099682535,4564317161,8663999696,-464634626
20190524,"10:42:00","SH","NB",4323844254,3867934527,8191778781,455909727
20190524,"10:42:00","SZ","NB",4130940343,4591935098,8722875441,-460994755
20190524,"10:43:00","SH","NB",4344249273,3885928957,8230178230,458320316
20190524,"10:43:00","SZ","NB",4148042118,4614050720,8762092838,-466008602
20190524,"10:44:00","SH","NB",4359647513,3900807918,8260455431,458839595
20190524,"10:44:00","SZ","NB",4158598911,4635781085,8794379996,-477182174
20190524,"10:45:00","SH","NB",4370487221,3916482114,8286969335,454005107
20190524,"10:45:00","SZ","NB",4169537406,4653239557,8822776963,-483702151
20190524,"10:46:00","SH","NB",4386421024,3934427612,8320848636,451993412
20190524,"10:46:00","SZ","NB",4178743732,4673434807,8852178539,-494691075
20190524,"10:47:00","SZ","NB",4192925215,4711425812,8904351027,-518500597
20190524,"10:47:00","SH","NB",4403992347,3964051683,8368044030,439940664
20190524,"10:48:00","SH","NB",4415073475,3978927682,8394001157,436145793
20190524,"10:48:00","SZ","NB",4204501347,4725903557,8930404904,-521402210
20190524,"10:49:00","SH","NB",4426641446,3998160214,8424801660,428481232
20190524,"10:49:00","SZ","NB",4216806136,4743827645,8960633781,-527021509
20190524,"10:50:00","SH","NB",4438632714,4014491236,8453123950,424141478
20190524,"10:50:00","SZ","NB",4226996290,4763996744,8990993034,-537000454
20190524,"10:51:00","SH","NB",4457794627,4024916876,8482711503,432877751
20190524,"10:51:00","SZ","NB",4248516562,4783278560,9031795122,-534761998
20190524,"10:52:00","SZ","NB",4267754480,4803017485,9070771965,-535263005
20190524,"10:52:00","SH","NB",4467468207,4036696633,8504164840,430771574
20190524,"10:53:00","SH","NB",4484647607,4051763912,8536411519,432883695
20190524,"10:53:00","SZ","NB",4279612001,4818061833,9097673834,-538449832
20190524,"10:54:00","SZ","NB",4294027556,4836621264,9130648820,-542593708
20190524,"10:54:00","SH","NB",4494017457,4062272551,8556290008,431744906
20190524,"10:55:00","SH","NB",4513876019,4073769262,8587645281,440106757
20190524,"10:55:00","SZ","NB",4320507845,4852472791,9172980636,-531964946
20190524,"10:56:00","SH","NB",4569786970,4089708533,8659495503,480078437
20190524,"10:56:00","SZ","NB",4369870508,4872253258,9242123766,-502382750
20190524,"10:57:00","SH","NB",4655705566,4115197942,8770903508,540507624
20190524,"10:57:00","SZ","NB",4455368416,4904691049,9360059465,-449322633
20190524,"10:58:00","SH","NB",4690542440,4148404711,8838947151,542137729
20190524,"10:58:00","SZ","NB",4478827642,4949712746,9428540388,-470885104
20190524,"10:59:00","SH","NB",4717929822,4168231342,8886161164,549698480
20190524,"10:59:00","SZ","NB",4492287786,4974838897,9467126683,-482551111
20190524,"11:00:00","SH","NB",4739588449,4188366772,8927955221,551221677
20190524,"11:00:00","SZ","NB",4508892184,5002917451,9511809635,-494025267
20190524,"11:01:00","SH","NB",4763268358,4207974232,8971242590,555294126
20190524,"11:01:00","SZ","NB",4529904845,5024960205,9554865050,-495055360
20190524,"11:02:00","SH","NB",4779507542,4230624358,9010131900,548883184
20190524,"11:02:00","SZ","NB",4547314363,5049848504,9597162867,-502534141
20190524,"11:03:00","SZ","NB",4562340388,5071188005,9633528393,-508847617
20190524,"11:03:00","SH","NB",4806491331,4252110537,9058601868,554380794
20190524,"11:04:00","SH","NB",4823962574,4276364676,9100327250,547597898
20190524,"11:04:00","SZ","NB",4575019394,5097261631,9672281025,-522242237
20190524,"11:05:00","SH","NB",4842959307,4290288393,9133247700,552670914
20190524,"11:05:00","SZ","NB",4587116142,5115642182,9702758324,-528526040
20190524,"11:06:00","SH","NB",4864943202,4368166952,9233110154,496776250
20190524,"11:06:00","SZ","NB",4607848197,5188299476,9796147673,-580451279
20190524,"11:07:00","SH","NB",4896854105,4396295881,9293149986,500558224
20190524,"11:07:00","SZ","NB",4623334334,5217984580,9841318914,-594650246
20190524,"11:07:59","SH","NB",4908312167,4411250099,9319562266,497062068
20190524,"11:07:59","SZ","NB",4635756717,5233890649,9869647366,-598133932
20190524,"11:09:00","SH","NB",4926875570,4437272290,9364147860,489603280
20190524,"11:09:00","SZ","NB",4649480284,5248909336,9898389620,-599429052
20190524,"11:10:00","SH","NB",4937771625,4464080581,9401852206,473691044
20190524,"11:10:00","SZ","NB",4660740342,5268138851,9928879193,-607398509
20190524,"11:11:00","SH","NB",4953755122,4523782797,9477537919,429972325
20190524,"11:11:00","SZ","NB",4671909174,5308733469,9980642643,-636824295
20190524,"11:12:00","SH","NB",4967403989,4540657570,9508061559,426746419
20190524,"11:12:00","SZ","NB",4681250760,5326513214,10007763974,-645262454
20190524,"11:13:00","SZ","NB",4698217867,5341646710,10039864577,-643428843
20190524,"11:13:00","SH","NB",4983259673,4555959606,9539219279,427300067
20190524,"11:14:00","SH","NB",4998968764,4566042403,9565011167,432926361
20190524,"11:14:00","SZ","NB",4708333310,5354087167,10062420477,-645753857
20190524,"11:15:00","SH","NB",5010112704,4577854375,9587967079,432258329
20190524,"11:15:00","SZ","NB",4718062845,5371779991,10089842836,-653717146
20190524,"11:16:00","SH","NB",5018448573,4589455915,9607904488,428992658
20190524,"11:16:00","SZ","NB",4729894200,5387739882,10117634082,-657845682
20190524,"11:17:00","SH","NB",5029866808,4612718350,9642585158,417148458
20190524,"11:17:00","SZ","NB",4739137332,5416829074,10155966406,-677691742
20190524,"11:18:00","SH","NB",5038640934,4628338872,9666979806,410302062
20190524,"11:18:00","SZ","NB",4748368570,5432957648,10181326218,-684589078
20190524,"11:19:00","SH","NB",5050956970,4640961050,9691918020,409995920
20190524,"11:19:00","SZ","NB",4762509088,5453333656,10215842744,-690824568
20190524,"11:20:00","SH","NB",5124155438,4658794128,9782949566,465361310
20190524,"11:20:00","SZ","NB",4812610437,5470249163,10282859600,-657638726
20190524,"11:21:00","SZ","NB",4827257669,5484632015,10311889684,-657374346
20190524,"11:21:00","SH","NB",5140581234,4675028360,9815609594,465552874
20190524,"11:22:00","SH","NB",5149369737,4686855770,9836225507,462513967
20190524,"11:22:00","SZ","NB",4837600031,5496230005,10333830036,-658629974
20190524,"11:23:00","SH","NB",5163066883,4702841967,9865908850,460224916
20190524,"11:23:00","SZ","NB",4856217989,5516579821,10372797810,-660361832
20190524,"11:24:00","SH","NB",5171493828,4714943249,9886437077,456550579
20190524,"11:24:00","SZ","NB",4867134062,5534802522,10401936584,-667668460
20190524,"11:25:00","SH","NB",5187272697,4737859259,9925131956,449413438
20190524,"11:25:00","SZ","NB",4879040499,5573603984,10452644483,-694563485
20190524,"11:26:00","SH","NB",5199754687,4781713989,9981468676,418040698
20190524,"11:26:00","SZ","NB",4894766763,5630195847,10524962610,-735429084
20190524,"11:27:00","SH","NB",5219766020,4797917173,10017683193,421848847
20190524,"11:27:00","SZ","NB",4909887372,5651531436,10561418808,-741644064
20190524,"11:28:00","SH","NB",5231625508,4813485998,10045111506,418139510
20190524,"11:28:00","SZ","NB",4925089652,5665143113,10590232765,-740053461
20190524,"11:29:00","SH","NB",5242692197,4830161922,10072854119,412530275
20190524,"11:29:00","SZ","NB",4942725727,5685457028,10628182755,-742731301
20190524,"11:30:00","SZ","NB",4952879019,5705822056,10658701075,-752943037
20190524,"11:30:00","SH","NB",5258328726,4866989094,10125317820,391339632
20190524,"11:31:00","SH","NB",5258339229,4866992829,10125332058,391346400
20190524,"13:01:00","SH","NB",5313366648,4922373388,10235740036,390993260
20190524,"13:01:00","SZ","NB",4997091770,5795859891,10792951661,-798768121
20190524,"13:02:00","SH","NB",5332452586,4940770531,10273223117,391682055
20190524,"13:02:00","SZ","NB",5032594022,5820321184,10852915206,-787727162
20190524,"13:03:00","SH","NB",5347844171,4959554684,10307398855,388289487
20190524,"13:03:00","SZ","NB",5058496766,5858430084,10916926850,-799933318
20190524,"13:04:00","SH","NB",5384988309,4994249775,10379238084,390738534
20190524,"13:04:00","SZ","NB",5115311588,5908237160,11023548748,-792925572
20190524,"13:05:00","SH","NB",5406321714,5012585814,10418907528,393735900
20190524,"13:05:00","SZ","NB",5165578206,5941913248,11107491454,-776335042
20190524,"13:06:00","SH","NB",5421772486,5038207950,10459980436,383564536
20190524,"13:06:00","SZ","NB",5197485885,5975677497,11173163382,-778191612
20190524,"13:07:00","SH","NB",5436889775,5065328582,10502218357,371561193
20190524,"13:07:00","SZ","NB",5227398669,6018181851,11245580520,-790783182
20190524,"13:08:00","SH","NB",5459035843,5115973867,10575009710,343061976
20190524,"13:08:00","SZ","NB",5262049935,6087301945,11349351880,-825252010
20190524,"13:09:00","SZ","NB",5315341688,6117590287,11432931975,-802248599
20190524,"13:09:00","SH","NB",5484757032,5133843086,10618600118,350913946
20190524,"13:10:00","SH","NB",5533816456,5155610351,10689426807,378206105
20190524,"13:10:00","SZ","NB",5380911180,6149203257,11530114437,-768292077
20190524,"13:11:00","SH","NB",5551478017,5170562832,10722040849,380915185
20190524,"13:11:00","SZ","NB",5399873771,6173693400,11573567171,-773819629
20190524,"13:12:00","SH","NB",5567912377,5183407031,10751319408,384505346
20190524,"13:12:00","SZ","NB",5418231934,6196656872,11614888806,-778424938
20190524,"13:13:00","SH","NB",5594515220,5196049397,10790564617,398465823
20190524,"13:13:00","SZ","NB",5448685342,6226740952,11675426294,-778055610
20190524,"13:14:00","SH","NB",5610718311,5209329520,10820047831,401388791
20190524,"13:14:00","SZ","NB",5466919029,6245271907,11712190936,-778352878
20190524,"13:15:00","SZ","NB",5495020398,6262217462,11757237860,-767197064
20190524,"13:15:00","SH","NB",5633229949,5222166534,10855396483,411063415
20190524,"13:16:00","SH","NB",5647023035,5240343653,10887366688,406679382
20190524,"13:16:00","SZ","NB",5505903907,6288904177,11794808084,-783000270
20190524,"13:17:00","SH","NB",5658118567,5259423952,10917542519,398694615
20190524,"13:17:00","SZ","NB",5516208681,6308691109,11824899790,-792482428
20190524,"13:18:00","SZ","NB",5526957834,6327498560,11854456394,-800540726
20190524,"13:18:00","SH","NB",5672662296,5273421276,10946083572,399241020
20190524,"13:19:00","SH","NB",5688479220,5288665874,10977145094,399813346
20190524,"13:19:00","SZ","NB",5545995246,6357646311,11903641557,-811651065
20190524,"13:20:00","SH","NB",5705459724,5305729053,11011188777,399730671
20190524,"13:20:00","SZ","NB",5562791023,6393955085,11956746108,-831164062
20190524,"13:21:00","SH","NB",5721161790,5324675146,11045836936,396486644
20190524,"13:21:00","SZ","NB",5578051870,6448756317,12026808187,-870704447
20190524,"13:22:00","SH","NB",5737995780,5341375838,11079371618,396619942
20190524,"13:22:00","SZ","NB",5605448341,6485687471,12091135812,-880239130
20190524,"13:23:00","SH","NB",5793375889,5359455275,11152831164,433920614
20190524,"13:23:00","SZ","NB",5680912264,6515166672,12196078936,-834254408
20190524,"13:24:00","SH","NB",5818163690,5375230401,11193394091,442933289
20190524,"13:24:00","SZ","NB",5713119997,6552771263,12265891260,-839651266
20190524,"13:25:00","SH","NB",5834880935,5395465244,11230346179,439415691
20190524,"13:25:00","SZ","NB",5733311206,6615327545,12348638751,-882016339
20190524,"13:26:00","SH","NB",5851243183,5413508462,11264751645,437734721
20190524,"13:26:00","SZ","NB",5765464727,6647647916,12413112643,-882183189
20190524,"13:27:00","SZ","NB",5790839517,6682818123,12473657640,-891978606
20190524,"13:27:00","SH","NB",5874592697,5428543909,11303136606,446048788
20190524,"13:28:00","SH","NB",5894538991,5444657416,11339196407,449881575
20190524,"13:28:00","SZ","NB",5827904434,6719982258,12547886692,-892077824
20190524,"13:29:00","SH","NB",5911849498,5463868727,11375718225,447980771
20190524,"13:29:00","SZ","NB",5846154132,6753873533,12600027665,-907719401
20190524,"13:30:00","SH","NB",5936141632,5481866364,11418007996,454275268
20190524,"13:30:00","SZ","NB",5878064798,6779975989,12658040787,-901911191
20190524,"13:31:00","SZ","NB",5938139217,6815521382,12753660599,-877382165
20190524,"13:31:00","SH","NB",6011082286,5512440776,11523523062,498641510
20190524,"13:32:00","SH","NB",6029223231,5535171322,11564394553,494051909
20190524,"13:32:00","SZ","NB",5959816575,6845730359,12805546934,-885913784
20190524,"13:33:00","SH","NB",6048640365,5571193160,11619833525,477447205
20190524,"13:33:00","SZ","NB",5976068809,6893178715,12869247524,-917109906
20190524,"13:34:00","SH","NB",6065968003,5593083797,11659051800,472884206
20190524,"13:34:00","SZ","NB",5994189094,6921929724,12916118818,-927740630
20190524,"13:35:00","SH","NB",6085988464,5605894383,11691882847,480094081
20190524,"13:35:00","SZ","NB",6016286888,6950387179,12966674067,-934100291
20190524,"13:36:00","SH","NB",6101679106,5622517202,11724196308,479161904
20190524,"13:36:00","SZ","NB",6033366377,6980885087,13014251464,-947518710
20190524,"13:37:00","SH","NB",6132616285,5640069804,11772686089,492546481
20190524,"13:37:00","SZ","NB",6064904426,7006926257,13071830683,-942021831
20190524,"13:38:00","SH","NB",6175931558,5657888939,11833820497,518042619
20190524,"13:38:00","SZ","NB",6103270098,7030212806,13133482904,-926942708
20190524,"13:39:00","SZ","NB",6118117671,7048637256,13166754927,-930519585
20190524,"13:39:00","SH","NB",6190393444,5675328320,11865721764,515065124
20190524,"13:40:00","SH","NB",6202655510,5686817896,11889473406,515837614
20190524,"13:40:00","SZ","NB",6130519669,7071961283,13202480952,-941441614
20190524,"13:41:00","SH","NB",6236058232,5703883521,11939941753,532174711
20190524,"13:41:00","SZ","NB",6171365442,7097615803,13268981245,-926250361
20190524,"13:42:00","SH","NB",6255765222,5722530964,11978296186,533234258
20190524,"13:42:00","SZ","NB",6187336554,7135126886,13322463440,-947790332
20190524,"13:43:00","SH","NB",6273685547,5746060321,12019745868,527625226
20190524,"13:43:00","SZ","NB",6199008981,7164160130,13363169111,-965151149
20190524,"13:44:00","SH","NB",6297343265,5810077661,12107420926,487265604
20190524,"13:44:00","SZ","NB",6219706907,7230697571,13450404478,-1010990664
20190524,"13:45:00","SH","NB",6321693523,5832095477,12153789000,489598046
20190524,"13:45:00","SZ","NB",6239207604,7252418002,13491625606,-1013210398
20190524,"13:46:00","SH","NB",6345046840,5848886083,12193932923,496160757
20190524,"13:46:00","SZ","NB",6251733870,7269388097,13521121967,-1017654227
20190524,"13:47:00","SZ","NB",6261790974,7287280008,13549070982,-1025489034
20190524,"13:47:00","SH","NB",6357305762,5862933557,12220239319,494372205
20190524,"13:48:00","SH","NB",6370029677,5876021397,12246051074,494008280
20190524,"13:48:00","SZ","NB",6273560299,7306177601,13579737900,-1032617302
20190524,"13:49:00","SH","NB",6383156695,5886616352,12269773047,496540343
20190524,"13:49:00","SZ","NB",6284636734,7325435902,13610072636,-1040799168
20190524,"13:50:00","SZ","NB",6321039825,7346686254,13667726079,-1025646429
20190524,"13:50:00","SH","NB",6427154583,5899624323,12326778906,527530260
20190524,"13:51:00","SH","NB",6440947765,5913987234,12354934999,526960531
20190524,"13:51:00","SZ","NB",6336165846,7367128653,13703294499,-1030962807
20190524,"13:52:00","SH","NB",6459220148,5924623317,12383843465,534596831
20190524,"13:52:00","SZ","NB",6347715265,7387319704,13735034969,-1039604439
20190524,"13:53:00","SH","NB",6475926733,5937208013,12413134746,538718720
20190524,"13:53:00","SZ","NB",6357187854,7405199896,13762387750,-1048012042
20190524,"13:54:00","SH","NB",6493790574,5952732124,12446522698,541058450
20190524,"13:54:00","SZ","NB",6375914242,7427739669,13803653911,-1051825427
20190524,"13:55:00","SH","NB",6504633223,5995867925,12500501148,508765298
20190524,"13:55:00","SZ","NB",6400599637,7470595387,13871195024,-1069995750
20190524,"13:56:00","SH","NB",6516763045,6011265970,12528029015,505497075
20190524,"13:56:00","SZ","NB",6411213474,7498941714,13910155188,-1087728240
20190524,"13:57:00","SH","NB",6527690603,6026618365,12554308968,501072238
20190524,"13:57:00","SZ","NB",6421236654,7517879374,13939116028,-1096642720
20190524,"13:58:00","SH","NB",6543629429,6040870936,12584500365,502758493
20190524,"13:58:00","SZ","NB",6436601445,7531742250,13968343695,-1095140805
20190524,"13:59:00","SH","NB",6557364478,6054700264,12612064742,502664214
20190524,"13:59:00","SZ","NB",6445373126,7549280462,13994653588,-1103907336
20190524,"14:00:00","SZ","NB",6454671270,7566307683,14020978953,-1111636413
20190524,"14:00:00","SH","NB",6566833601,6076464814,12643298415,490368787
20190524,"14:01:00","SH","NB",6590243787,6095865795,12686109582,494377992
20190524,"14:01:00","SZ","NB",6475766627,7586754648,14062521275,-1110988021
20190524,"14:02:00","SH","NB",6668498640,6114301144,12782799784,554197496
20190524,"14:02:00","SZ","NB",6517179050,7610751082,14127930132,-1093572032
20190524,"14:03:00","SH","NB",6685589900,6135383640,12820973540,550206260
20190524,"14:03:00","SZ","NB",6541022066,7642157466,14183179532,-1101135400
20190524,"14:04:00","SH","NB",6696588197,6156483045,12853071242,540105152
20190524,"14:04:00","SZ","NB",6552007456,7673766206,14225773662,-1121758750
20190524,"14:05:00","SZ","NB",6562001196,7704485795,14266486991,-1142484599
20190524,"14:05:00","SH","NB",6708871248,6179237011,12888108259,529634237
20190524,"14:06:00","SH","NB",6731558067,6226639117,12958197184,504918950
20190524,"14:06:00","SZ","NB",6575441018,7751088816,14326529834,-1175647798
20190524,"14:07:00","SH","NB",6751196438,6285629426,13036825864,465567012
20190524,"14:07:00","SZ","NB",6602602110,7837821821,14440423931,-1235219711
20190524,"14:08:00","SH","NB",6788446830,6312051043,13100497873,476395787
20190524,"14:08:00","SZ","NB",6623378668,7863377515,14486756183,-1239998847
20190524,"14:09:00","SH","NB",6807898024,6348732639,13156630663,459165385
20190524,"14:09:00","SZ","NB",6639606227,7902843000,14542449227,-1263236773
20190524,"14:10:00","SH","NB",6834153566,6376198979,13210352545,457954587
20190524,"14:10:00","SZ","NB",6668014695,7941768467,14609783162,-1273753772
20190524,"14:11:00","SH","NB",6867789604,6392703748,13260493352,475085856
20190524,"14:11:00","SZ","NB",6700216633,7966707831,14666924464,-1266491198
20190524,"14:12:00","SH","NB",6884188158,6411326871,13295515029,472861287
20190524,"14:12:00","SZ","NB",6713665325,7993958797,14707624122,-1280293472
20190524,"14:13:00","SZ","NB",6735380000,8031778730,14767158730,-1296398730
20190524,"14:13:00","SH","NB",6902334698,6442531379,13344866077,459803319
20190524,"14:14:00","SH","NB",6931185229,6466332614,13397517843,464852615
20190524,"14:14:00","SZ","NB",6755803323,8065875123,14821678446,-1310071800
20190524,"14:15:00","SH","NB",6954615720,6491605297,13446221017,463010423
20190524,"14:15:00","SZ","NB",6775674449,8106199125,14881873574,-1330524676
20190524,"14:16:00","SH","NB",6984170148,6521897944,13506068092,462272204
20190524,"14:16:00","SZ","NB",6802596092,8132552809,14935148901,-1329956717
20190524,"14:17:00","SH","NB",7009468895,6557814838,13567283733,451654057
20190524,"14:17:00","SZ","NB",6822693071,8156229633,14978922704,-1333536562
20190524,"14:18:00","SH","NB",7051256892,6576631881,13627888773,474625011
20190524,"14:18:00","SZ","NB",6865250009,8181478083,15046728092,-1316228074
20190524,"14:19:00","SH","NB",7080675669,6601937074,13682612743,478738595
20190524,"14:19:00","SZ","NB",6902114487,8207974303,15110088790,-1305859816
20190524,"14:20:00","SH","NB",7126697917,6626387752,13753085669,500310165
20190524,"14:20:00","SZ","NB",6937987065,8231244138,15169231203,-1293257073
20190524,"14:21:00","SH","NB",7156023700,6646389282,13802412982,509634418
20190524,"14:21:00","SZ","NB",6964003010,8261340812,15225343822,-1297337802
20190524,"14:22:00","SZ","NB",6982152709,8285789796,15267942505,-1303637087
20190524,"14:22:00","SH","NB",7176229877,6667661808,13843891685,508568069
20190524,"14:23:00","SH","NB",7191082548,6686731307,13877813855,504351241
20190524,"14:23:00","SZ","NB",6997551960,8313038230,15310590190,-1315486270
20190524,"14:24:00","SH","NB",7214286609,6708864083,13923150692,505422526
20190524,"14:24:00","SZ","NB",7015801040,8334083631,15349884671,-1318282591
20190524,"14:25:00","SH","NB",7238232607,6730458384,13968690991,507774223
20190524,"14:25:00","SZ","NB",7036523700,8360711536,15397235236,-1324187836
20190524,"14:26:00","SH","NB",7453266171,6781084807,14234350978,672181364
20190524,"14:26:00","SZ","NB",7172357160,8409384217,15581741377,-1237027057
20190524,"14:27:00","SH","NB",7506069023,6860485349,14366554372,645583674
20190524,"14:27:00","SZ","NB",7212731099,8485380029,15698111128,-1272648930
20190524,"14:28:00","SH","NB",7524310635,6894574197,14418884832,629736438
20190524,"14:28:00","SZ","NB",7229183616,8523527991,15752711607,-1294344375
20190524,"14:29:00","SH","NB",7553611668,6923652505,14477264173,629959163
20190524,"14:29:00","SZ","NB",7247562592,8558123718,15805686310,-1310561126
20190524,"14:30:00","SH","NB",7582206908,6946052783,14528259691,636154125
20190524,"14:30:00","SZ","NB",7268886802,8584108030,15852994832,-1315221228
20190524,"14:31:00","SH","NB",7607741704,6983213137,14590954841,624528567
20190524,"14:31:00","SZ","NB",7285055032,8620570787,15905625819,-1335515755
20190524,"14:32:00","SZ","NB",7303417425,8680328133,15983745558,-1376910708
20190524,"14:32:00","SH","NB",7637164275,7061077288,14698241563,576086987
20190524,"14:33:00","SH","NB",7661181093,7126515517,14787696610,534665576
20190524,"14:33:00","SZ","NB",7318808080,8728319846,16047127926,-1409511766
20190524,"14:34:00","SH","NB",7685883028,7163387093,14849270121,522495935
20190524,"14:34:00","SZ","NB",7337786384,8754164359,16091950743,-1416377975
20190524,"14:35:00","SZ","NB",7354376648,8799160847,16153537495,-1444784199
20190524,"14:35:00","SH","NB",7711984950,7230344007,14942328957,481640943
20190524,"14:36:00","SH","NB",7739982362,7271114696,15011097058,468867666
20190524,"14:36:00","SZ","NB",7380370018,8826161362,16206531380,-1445791344
20190524,"14:37:00","SH","NB",7758284529,7305446571,15063731100,452837958
20190524,"14:37:00","SZ","NB",7401301443,8848571499,16249872942,-1447270056
20190524,"14:38:00","SH","NB",7778546861,7339123840,15117670701,439423021
20190524,"14:38:00","SZ","NB",7417262836,8876205314,16293468150,-1458942478
20190524,"14:39:00","SH","NB",7796792517,7383194965,15179987482,413597552
20190524,"14:39:00","SZ","NB",7432819545,8903299222,16336118767,-1470479677
20190524,"14:40:00","SH","NB",7814214032,7429284290,15243498322,384929742
20190524,"14:40:00","SZ","NB",7454278126,8947556764,16401834890,-1493278638
20190524,"14:41:00","SH","NB",7837893861,7474950864,15312844725,362942997
20190524,"14:41:00","SZ","NB",7470858271,8995828597,16466686868,-1524970326
20190524,"14:42:00","SH","NB",7870524139,7527115990,15397640129,343408149
20190524,"14:42:00","SZ","NB",7495405085,9033951656,16529356741,-1538546571
20190524,"14:43:00","SH","NB",7922548247,7573688906,15496237153,348859341
20190524,"14:43:00","SZ","NB",7531606126,9066508753,16598114879,-1534902627
20190524,"14:44:00","SH","NB",7949349074,7615325561,15564674635,334023513
20190524,"14:44:00","SZ","NB",7556281198,9098364512,16654645710,-1542083314
20190524,"14:45:00","SZ","NB",7573752420,9142897406,16716649826,-1569144986
20190524,"14:45:00","SH","NB",7968925118,7656467295,15625392413,312457823
20190524,"14:46:00","SH","NB",7998491313,7704352976,15702844289,294138337
20190524,"14:46:00","SZ","NB",7598395954,9191567527,16789963481,-1593171573
20190524,"14:47:00","SH","NB",8023415029,7750856844,15774271873,272558185
20190524,"14:47:00","SZ","NB",7622414202,9230745969,16853160171,-1608331767
20190524,"14:48:00","SH","NB",8049109894,7802075262,15851185156,247034632
20190524,"14:48:00","SZ","NB",7651077944,9276182752,16927260696,-1625104808
20190524,"14:49:00","SH","NB",8086815526,7845873636,15932689162,240941890
20190524,"14:49:00","SZ","NB",7686042840,9332677289,17018720129,-1646634449
20190524,"14:50:00","SH","NB",8118713371,7891652246,16010365617,227061125
20190524,"14:50:00","SZ","NB",7711129718,9376496978,17087626696,-1665367260
20190524,"14:51:00","SH","NB",8152537439,7952747856,16105285295,199789583
20190524,"14:51:00","SZ","NB",7740004820,9428929509,17168934329,-1688924689
20190524,"14:52:00","SH","NB",8188312260,8004877028,16193189288,183435232
20190524,"14:52:00","SZ","NB",7768604751,9476712512,17245317263,-1708107761
20190524,"14:53:00","SZ","NB",7806505425,9527493372,17333998797,-1720987947
20190524,"14:53:00","SH","NB",8225638407,8054046485,16279684892,171591922
20190524,"14:53:59","SH","NB",8262965893,8109508035,16372473928,153457858
20190524,"14:54:00","SZ","NB",7848537637,9577927961,17426465598,-1729390324
20190524,"14:55:00","SH","NB",8300040081,8159557599,16459597680,140482482
20190524,"14:55:00","SZ","NB",7883656843,9625060518,17508717361,-1741403675
20190524,"14:56:00","SH","NB",8330072290,8216104877,16546177167,113967413
20190524,"14:56:00","SZ","NB",7913546891,9669634006,17583180897,-1756087115
20190524,"14:57:00","SH","NB",8360106382,8245771041,16605877423,114335341
20190524,"14:57:00","SZ","NB",7937372126,9697885668,17635257794,-1760513542
20190524,"14:58:00","SH","NB",8360118278,8245785542,16605903820,114332736
20190524,"15:01:00","SH","NB",8430993605,8305979848,16736973453,125013757
20190524,"15:01:00","SZ","NB",7990141136,9732689263,17722830399,-1742548127
