dataDate,dataTime,connectMarket,tradeDirection,buyTurnover,sellTurnover,totalTurnover,netTurnover
20190702,"09:30:00","SH","NB",181017804,188273846,369291650,-7256042
20190702,"09:30:00","SH","NB",181017804,188273846,369291650,-7256042
20190702,"09:30:00","SZ","NB",105566585,138772730,244339315,-33206145
20190702,"09:30:00","SZ","NB",105566585,138772730,244339315,-33206145
20190702,"09:30:59","SZ","NB",386718361,352280923,738999284,34437438
20190702,"09:30:59","SZ","NB",386718361,352280923,738999284,34437438
20190702,"09:30:59","SH","NB",451791844,396293205,848085049,55498639
20190702,"09:30:59","SH","NB",451791844,396293205,848085049,55498639
20190702,"09:31:59","SH","NB",652676210,550254787,1202930997,102421423
20190702,"09:31:59","SH","NB",652676210,550254787,1202930997,102421423
20190702,"09:31:59","SZ","NB",635926962,495927815,1131854777,139999147
20190702,"09:31:59","SZ","NB",635926962,495927815,1131854777,139999147
20190702,"09:32:59","SH","NB",819683871,724682952,1544366823,95000919
20190702,"09:32:59","SH","NB",819683871,724682952,1544366823,95000919
20190702,"09:32:59","SZ","NB",904203983,653383272,1557587255,250820711
20190702,"09:32:59","SZ","NB",904203983,653383272,1557587255,250820711
20190702,"09:33:59","SH","NB",1066374291,931238853,1997613144,135135438
20190702,"09:33:59","SH","NB",1066374291,931238853,1997613144,135135438
20190702,"09:33:59","SZ","NB",1161280312,864598093,2025878405,296682219
20190702,"09:33:59","SZ","NB",1161280312,864598093,2025878405,296682219
20190702,"09:35:00","SZ","NB",1415788202,1003065672,2418853874,412722530
20190702,"09:35:00","SZ","NB",1415788202,1003065672,2418853874,412722530
20190702,"09:35:00","SH","NB",1245339132,1088524998,2333864130,156814134
20190702,"09:35:00","SH","NB",1245339132,1088524998,2333864130,156814134
20190702,"09:35:59","SH","NB",1379988970,1200688667,2580677637,179300303
20190702,"09:35:59","SH","NB",1379988970,1200688667,2580677637,179300303
20190702,"09:35:59","SZ","NB",1677274962,1129429348,2806704310,547845614
20190702,"09:35:59","SZ","NB",1677274962,1129429348,2806704310,547845614
20190702,"09:36:59","SH","NB",1482914498,1340974846,2823889344,141939652
20190702,"09:36:59","SH","NB",1482914498,1340974846,2823889344,141939652
20190702,"09:36:59","SZ","NB",1816030490,1308994649,3125025139,507035841
20190702,"09:36:59","SZ","NB",1816030490,1308994649,3125025139,507035841
20190702,"09:37:59","SZ","NB",1985978925,1432246440,3418225365,553732485
20190702,"09:37:59","SZ","NB",1985978925,1432246440,3418225365,553732485
20190702,"09:37:59","SH","NB",1610049828,1449721777,3059771605,160328051
20190702,"09:37:59","SH","NB",1610049828,1449721777,3059771605,160328051
20190702,"09:38:59","SZ","NB",2112759836,1564363523,3677123359,548396313
20190702,"09:38:59","SZ","NB",2112759836,1564363523,3677123359,548396313
20190702,"09:38:59","SH","NB",1734519201,1569495506,3304014707,165023695
20190702,"09:38:59","SH","NB",1734519201,1569495506,3304014707,165023695
20190702,"09:39:59","SH","NB",1830476854,1712747146,3543224000,117729708
20190702,"09:39:59","SH","NB",1830476854,1712747146,3543224000,117729708
20190702,"09:39:59","SZ","NB",2235114271,1712805831,3947920102,522308440
20190702,"09:39:59","SZ","NB",2235114271,1712805831,3947920102,522308440
20190702,"09:40:59","SH","NB",1967982012,1854999869,3822981881,112982143
20190702,"09:40:59","SH","NB",1967982012,1854999869,3822981881,112982143
20190702,"09:40:59","SZ","NB",2374291889,1871441691,4245733580,502850198
20190702,"09:40:59","SZ","NB",2374291889,1871441691,4245733580,502850198
20190702,"09:41:59","SH","NB",2071710150,1932949359,4004659509,138760791
20190702,"09:41:59","SH","NB",2071710150,1932949359,4004659509,138760791
20190702,"09:41:59","SZ","NB",2494037387,1947878836,4441916223,546158551
20190702,"09:41:59","SZ","NB",2494037387,1947878836,4441916223,546158551
20190702,"09:42:59","SH","NB",2204541748,2024816159,4229357907,179725589
20190702,"09:42:59","SH","NB",2204541748,2024816159,4229357907,179725589
20190702,"09:42:59","SZ","NB",2596212991,2034248952,4630461943,561964039
20190702,"09:42:59","SZ","NB",2596212991,2034248952,4630461943,561964039
20190702,"09:43:59","SZ","NB",2712295320,2111027657,4823322977,601267663
20190702,"09:43:59","SZ","NB",2712295320,2111027657,4823322977,601267663
20190702,"09:43:59","SH","NB",2334547497,2105614760,4440162257,228932737
20190702,"09:43:59","SH","NB",2334547497,2105614760,4440162257,228932737
20190702,"09:44:59","SH","NB",2411892371,2219351212,4631243583,192541159
20190702,"09:44:59","SH","NB",2411892371,2219351212,4631243583,192541159
20190702,"09:44:59","SZ","NB",2795340378,2261286067,5056626445,534054311
20190702,"09:44:59","SZ","NB",2795340378,2261286067,5056626445,534054311
20190702,"09:45:59","SH","NB",2552321627,2328427931,4880749558,223893696
20190702,"09:45:59","SH","NB",2552321627,2328427931,4880749558,223893696
20190702,"09:45:59","SZ","NB",2918150103,2371055196,5289205299,547094907
20190702,"09:45:59","SZ","NB",2918150103,2371055196,5289205299,547094907
20190702,"09:46:59","SZ","NB",3036119549,2480963835,5517083384,555155714
20190702,"09:46:59","SZ","NB",3036119549,2480963835,5517083384,555155714
20190702,"09:46:59","SH","NB",2641724019,2434056967,5075780986,207667052
20190702,"09:46:59","SH","NB",2641724019,2434056967,5075780986,207667052
20190702,"09:47:59","SH","NB",2747627065,2527886503,5275513568,219740562
20190702,"09:47:59","SH","NB",2747627065,2527886503,5275513568,219740562
20190702,"09:47:59","SZ","NB",3153682125,2577802002,5731484127,575880123
20190702,"09:47:59","SZ","NB",3153682125,2577802002,5731484127,575880123
20190702,"09:48:59","SH","NB",2873917956,2611292540,5485210496,262625416
20190702,"09:48:59","SH","NB",2873917956,2611292540,5485210496,262625416
20190702,"09:48:59","SZ","NB",3266850046,2658466539,5925316585,608383507
20190702,"09:48:59","SZ","NB",3266850046,2658466539,5925316585,608383507
20190702,"09:49:59","SH","NB",2984495475,2684575799,5669071274,299919676
20190702,"09:49:59","SH","NB",2984495475,2684575799,5669071274,299919676
20190702,"09:49:59","SZ","NB",3344414549,2731349881,6075764430,613064668
20190702,"09:49:59","SZ","NB",3344414549,2731349881,6075764430,613064668
20190702,"09:50:59","SZ","NB",3441748322,2864940158,6306688480,576808164
20190702,"09:50:59","SZ","NB",3441748322,2864940158,6306688480,576808164
20190702,"09:50:59","SH","NB",3068510093,2781844983,5850355076,286665110
20190702,"09:50:59","SH","NB",3068510093,2781844983,5850355076,286665110
20190702,"09:51:59","SH","NB",3185926233,2877423428,6063349661,308502805
20190702,"09:51:59","SH","NB",3185926233,2877423428,6063349661,308502805
20190702,"09:51:59","SZ","NB",3545104249,2961733501,6506837750,583370748
20190702,"09:51:59","SZ","NB",3545104249,2961733501,6506837750,583370748
20190702,"09:52:59","SH","NB",3275381877,2949672969,6225054846,325708908
20190702,"09:52:59","SH","NB",3275381877,2949672969,6225054846,325708908
20190702,"09:52:59","SZ","NB",3623654878,3038095249,6661750127,585559629
20190702,"09:52:59","SZ","NB",3623654878,3038095249,6661750127,585559629
20190702,"09:53:59","SH","NB",3416060729,3039117698,6455178427,376943031
20190702,"09:53:59","SH","NB",3416060729,3039117698,6455178427,376943031
20190702,"09:53:59","SZ","NB",3750396215,3098014149,6848410364,652382066
20190702,"09:53:59","SZ","NB",3750396215,3098014149,6848410364,652382066
20190702,"09:54:59","SZ","NB",3849083779,3166765447,7015849226,682318332
20190702,"09:54:59","SZ","NB",3849083779,3166765447,7015849226,682318332
20190702,"09:54:59","SH","NB",3530469170,3137334858,6667804028,393134312
20190702,"09:54:59","SH","NB",3530469170,3137334858,6667804028,393134312
20190702,"09:55:59","SH","NB",3627171789,3261263576,6888435365,365908213
20190702,"09:55:59","SH","NB",3627171789,3261263576,6888435365,365908213
20190702,"09:55:59","SZ","NB",3935532750,3265871739,7201404489,669661011
20190702,"09:55:59","SZ","NB",3935532750,3265871739,7201404489,669661011
20190702,"09:56:59","SZ","NB",4025186651,3326114644,7351301295,699072007
20190702,"09:56:59","SZ","NB",4025186651,3326114644,7351301295,699072007
20190702,"09:56:59","SH","NB",3734052947,3337871805,7071924752,396181142
20190702,"09:56:59","SH","NB",3734052947,3337871805,7071924752,396181142
20190702,"09:57:59","SZ","NB",4097254818,3393844130,7491098948,703410688
20190702,"09:57:59","SZ","NB",4097254818,3393844130,7491098948,703410688
20190702,"09:57:59","SH","NB",3805946929,3419448982,7225395911,386497947
20190702,"09:57:59","SH","NB",3805946929,3419448982,7225395911,386497947
20190702,"09:58:59","SH","NB",3869305320,3484158741,7353464061,385146579
20190702,"09:58:59","SH","NB",3869305320,3484158741,7353464061,385146579
20190702,"09:58:59","SZ","NB",4166109196,3453457763,7619566959,712651433
20190702,"09:58:59","SZ","NB",4166109196,3453457763,7619566959,712651433
20190702,"10:00:00","SH","NB",3944695716,3571280752,7515976468,373414964
20190702,"10:00:00","SH","NB",3944695716,3571280752,7515976468,373414964
20190702,"10:00:00","SZ","NB",4246394314,3559099305,7805493619,687295009
20190702,"10:00:00","SZ","NB",4246394314,3559099305,7805493619,687295009
20190702,"10:00:59","SH","NB",4023990603,3640107042,7664097645,383883561
20190702,"10:00:59","SH","NB",4023990603,3640107042,7664097645,383883561
20190702,"10:00:59","SZ","NB",4331967795,3637233611,7969201406,694734184
20190702,"10:00:59","SZ","NB",4331967795,3637233611,7969201406,694734184
20190702,"10:01:59","SH","NB",4094935711,3707870570,7802806281,387065141
20190702,"10:01:59","SH","NB",4094935711,3707870570,7802806281,387065141
20190702,"10:01:59","SZ","NB",4411584250,3710903439,8122487689,700680811
20190702,"10:01:59","SZ","NB",4411584250,3710903439,8122487689,700680811
20190702,"10:02:59","SZ","NB",4491147656,3766105418,8257253074,725042238
20190702,"10:02:59","SZ","NB",4491147656,3766105418,8257253074,725042238
20190702,"10:02:59","SH","NB",4170732623,3764608736,7935341359,406123887
20190702,"10:02:59","SH","NB",4170732623,3764608736,7935341359,406123887
20190702,"10:03:59","SZ","NB",4562471753,3812606500,8375078253,749865253
20190702,"10:03:59","SZ","NB",4562471753,3812606500,8375078253,749865253
20190702,"10:03:59","SH","NB",4237237682,3824061000,8061298682,413176682
20190702,"10:03:59","SH","NB",4237237682,3824061000,8061298682,413176682
20190702,"10:04:59","SH","NB",4301124846,3893052341,8194177187,408072505
20190702,"10:04:59","SH","NB",4301124846,3893052341,8194177187,408072505
20190702,"10:04:59","SZ","NB",4625093084,3880469879,8505562963,744623205
20190702,"10:04:59","SZ","NB",4625093084,3880469879,8505562963,744623205
20190702,"10:05:59","SH","NB",4371759170,3977502714,8349261884,394256456
20190702,"10:05:59","SH","NB",4371759170,3977502714,8349261884,394256456
20190702,"10:05:59","SZ","NB",4688806409,3989904882,8678711291,698901527
20190702,"10:05:59","SZ","NB",4688806409,3989904882,8678711291,698901527
20190702,"10:06:59","SH","NB",4440399435,4059975624,8500375059,380423811
20190702,"10:06:59","SH","NB",4440399435,4059975624,8500375059,380423811
20190702,"10:06:59","SZ","NB",4770204980,4040814489,8811019469,729390491
20190702,"10:06:59","SZ","NB",4770204980,4040814489,8811019469,729390491
20190702,"10:07:59","SH","NB",4523602538,4113573055,8637175593,410029483
20190702,"10:07:59","SH","NB",4523602538,4113573055,8637175593,410029483
20190702,"10:07:59","SZ","NB",4846208004,4088307167,8934515171,757900837
20190702,"10:07:59","SZ","NB",4846208004,4088307167,8934515171,757900837
20190702,"10:08:59","SZ","NB",4908660866,4129411130,9038071996,779249736
20190702,"10:08:59","SZ","NB",4908660866,4129411130,9038071996,779249736
20190702,"10:08:59","SH","NB",4581236261,4162494736,8743730997,418741525
20190702,"10:08:59","SH","NB",4581236261,4162494736,8743730997,418741525
20190702,"10:09:59","SH","NB",4653151162,4215169078,8868320240,437982084
20190702,"10:09:59","SH","NB",4653151162,4215169078,8868320240,437982084
20190702,"10:09:59","SZ","NB",4960640860,4169743735,9130384595,790897125
20190702,"10:09:59","SZ","NB",4960640860,4169743735,9130384595,790897125
20190702,"10:10:59","SH","NB",4704512382,4282396958,8986909340,422115424
20190702,"10:10:59","SH","NB",4704512382,4282396958,8986909340,422115424
20190702,"10:10:59","SZ","NB",5016559291,4216825472,9233384763,799733819
20190702,"10:10:59","SZ","NB",5016559291,4216825472,9233384763,799733819
20190702,"10:11:59","SZ","NB",5075933376,4271484670,9347418046,804448706
20190702,"10:11:59","SZ","NB",5075933376,4271484670,9347418046,804448706
20190702,"10:11:59","SH","NB",4747771456,4336015600,9083787056,411755856
20190702,"10:11:59","SH","NB",4747771456,4336015600,9083787056,411755856
20190702,"10:12:59","SH","NB",4811001776,4400248985,9211250761,410752791
20190702,"10:12:59","SH","NB",4811001776,4400248985,9211250761,410752791
20190702,"10:12:59","SZ","NB",5127891877,4333032188,9460924065,794859689
20190702,"10:12:59","SZ","NB",5127891877,4333032188,9460924065,794859689
20190702,"10:13:59","SH","NB",4868422659,4463925725,9332348384,404496934
20190702,"10:13:59","SH","NB",4868422659,4463925725,9332348384,404496934
20190702,"10:13:59","SZ","NB",5175138327,4385489976,9560628303,789648351
20190702,"10:13:59","SZ","NB",5175138327,4385489976,9560628303,789648351
20190702,"10:14:59","SH","NB",4923805334,4527571318,9451376652,396234016
20190702,"10:14:59","SH","NB",4923805334,4527571318,9451376652,396234016
20190702,"10:14:59","SZ","NB",5229717212,4454412045,9684129257,775305167
20190702,"10:14:59","SZ","NB",5229717212,4454412045,9684129257,775305167
20190702,"10:15:59","SH","NB",4994066888,4600518856,9594585744,393548032
20190702,"10:15:59","SH","NB",4994066888,4600518856,9594585744,393548032
20190702,"10:15:59","SZ","NB",5297267684,4518427831,9815695515,778839853
20190702,"10:15:59","SZ","NB",5297267684,4518427831,9815695515,778839853
20190702,"10:16:59","SZ","NB",5354956376,4552563681,9907520057,802392695
20190702,"10:16:59","SZ","NB",5354956376,4552563681,9907520057,802392695
20190702,"10:16:59","SH","NB",5064282740,4658095086,9722377826,406187654
20190702,"10:16:59","SH","NB",5064282740,4658095086,9722377826,406187654
20190702,"10:17:59","SH","NB",5123960809,4702584761,9826545570,421376048
20190702,"10:17:59","SH","NB",5123960809,4702584761,9826545570,421376048
20190702,"10:17:59","SZ","NB",5408796085,4585888989,9994685074,822907096
20190702,"10:17:59","SZ","NB",5408796085,4585888989,9994685074,822907096
20190702,"10:18:59","SH","NB",5173069494,4740702014,9913771508,432367480
20190702,"10:18:59","SH","NB",5173069494,4740702014,9913771508,432367480
20190702,"10:18:59","SZ","NB",5448180419,4623934188,10072114607,824246231
20190702,"10:18:59","SZ","NB",5448180419,4623934188,10072114607,824246231
20190702,"10:19:59","SH","NB",5228282571,4784528191,10012810762,443754380
20190702,"10:19:59","SH","NB",5228282571,4784528191,10012810762,443754380
20190702,"10:19:59","SZ","NB",5494818311,4655958684,10150776995,838859627
20190702,"10:19:59","SZ","NB",5494818311,4655958684,10150776995,838859627
20190702,"10:20:59","SH","NB",5292233109,4838958752,10131191861,453274357
20190702,"10:20:59","SH","NB",5292233109,4838958752,10131191861,453274357
20190702,"10:20:59","SZ","NB",5559411103,4688636260,10248047363,870774843
20190702,"10:20:59","SZ","NB",5559411103,4688636260,10248047363,870774843
20190702,"10:21:59","SZ","NB",5633232364,4719371155,10352603519,913861209
20190702,"10:21:59","SZ","NB",5633232364,4719371155,10352603519,913861209
20190702,"10:21:59","SH","NB",5349286446,4889592794,10238879240,459693652
20190702,"10:21:59","SH","NB",5349286446,4889592794,10238879240,459693652
20190702,"10:22:59","SH","NB",5397907476,4944043274,10341950750,453864202
20190702,"10:22:59","SH","NB",5397907476,4944043274,10341950750,453864202
20190702,"10:22:59","SZ","NB",5698861005,4757525759,10456386764,941335246
20190702,"10:22:59","SZ","NB",5698861005,4757525759,10456386764,941335246
20190702,"10:23:59","SH","NB",5449027586,5000898436,10449926022,448129150
20190702,"10:23:59","SH","NB",5449027586,5000898436,10449926022,448129150
20190702,"10:23:59","SZ","NB",5743394496,4795834197,10539228693,947560299
20190702,"10:23:59","SZ","NB",5743394496,4795834197,10539228693,947560299
20190702,"10:24:59","SH","NB",5509938813,5058680311,10568619124,451258502
20190702,"10:24:59","SH","NB",5509938813,5058680311,10568619124,451258502
20190702,"10:24:59","SZ","NB",5781330224,4831970228,10613300452,949359996
20190702,"10:24:59","SZ","NB",5781330224,4831970228,10613300452,949359996
20190702,"10:25:59","SH","NB",5573651357,5131478017,10705129374,442173340
20190702,"10:25:59","SH","NB",5573651357,5131478017,10705129374,442173340
20190702,"10:25:59","SZ","NB",5828181513,4879954385,10708135898,948227128
20190702,"10:25:59","SZ","NB",5828181513,4879954385,10708135898,948227128
20190702,"10:26:59","SZ","NB",5868367806,4959356471,10827724277,909011335
20190702,"10:26:59","SZ","NB",5868367806,4959356471,10827724277,909011335
20190702,"10:26:59","SH","NB",5620385663,5196219458,10816605121,424166205
20190702,"10:26:59","SH","NB",5620385663,5196219458,10816605121,424166205
20190702,"10:27:59","SH","NB",5673696187,5264058234,10937754421,409637953
20190702,"10:27:59","SH","NB",5673696187,5264058234,10937754421,409637953
20190702,"10:27:59","SZ","NB",5913724583,5001361826,10915086409,912362757
20190702,"10:27:59","SZ","NB",5913724583,5001361826,10915086409,912362757
20190702,"10:28:59","SH","NB",5735957089,5329713268,11065670357,406243821
20190702,"10:28:59","SH","NB",5735957089,5329713268,11065670357,406243821
20190702,"10:28:59","SZ","NB",5951051904,5034358436,10985410340,916693468
20190702,"10:28:59","SZ","NB",5951051904,5034358436,10985410340,916693468
20190702,"10:29:59","SH","NB",5803513809,5393242831,11196756640,410270978
20190702,"10:29:59","SH","NB",5803513809,5393242831,11196756640,410270978
20190702,"10:29:59","SZ","NB",5995289949,5069442530,11064732479,925847419
20190702,"10:29:59","SZ","NB",5995289949,5069442530,11064732479,925847419
20190702,"10:30:59","SZ","NB",6038882489,5115447773,11154330262,923434716
20190702,"10:30:59","SZ","NB",6038882489,5115447773,11154330262,923434716
20190702,"10:30:59","SH","NB",5865118355,5459390430,11324508785,405727925
20190702,"10:30:59","SH","NB",5865118355,5459390430,11324508785,405727925
20190702,"10:31:59","SH","NB",5912057083,5518930480,11430987563,393126603
20190702,"10:31:59","SH","NB",5912057083,5518930480,11430987563,393126603
20190702,"10:31:59","SZ","NB",6071379656,5159500302,11230879958,911879354
20190702,"10:31:59","SZ","NB",6071379656,5159500302,11230879958,911879354
20190702,"10:32:59","SH","NB",5976585481,5574014220,11550599701,402571261
20190702,"10:32:59","SH","NB",5976585481,5574014220,11550599701,402571261
20190702,"10:32:59","SZ","NB",6125143677,5194601497,11319745174,930542180
20190702,"10:32:59","SZ","NB",6125143677,5194601497,11319745174,930542180
20190702,"10:33:59","SZ","NB",6195057246,5232734141,11427791387,962323105
20190702,"10:33:59","SZ","NB",6195057246,5232734141,11427791387,962323105
20190702,"10:33:59","SH","NB",6052677429,5622391304,11675068733,430286125
20190702,"10:33:59","SH","NB",6052677429,5622391304,11675068733,430286125
20190702,"10:34:59","SH","NB",6123517291,5685072257,11808589548,438445034
20190702,"10:34:59","SH","NB",6123517291,5685072257,11808589548,438445034
20190702,"10:34:59","SZ","NB",6269172319,5289253918,11558426237,979918401
20190702,"10:34:59","SZ","NB",6269172319,5289253918,11558426237,979918401
20190702,"10:35:59","SH","NB",6181439187,5732572405,11914011592,448866782
20190702,"10:35:59","SH","NB",6181439187,5732572405,11914011592,448866782
20190702,"10:35:59","SZ","NB",6325610988,5327283012,11652894000,998327976
20190702,"10:35:59","SZ","NB",6325610988,5327283012,11652894000,998327976
20190702,"10:36:59","SZ","NB",6370648505,5386795177,11757443682,983853328
20190702,"10:36:59","SZ","NB",6370648505,5386795177,11757443682,983853328
20190702,"10:36:59","SH","NB",6226342142,5802596484,12028938626,423745658
20190702,"10:36:59","SH","NB",6226342142,5802596484,12028938626,423745658
20190702,"10:37:59","SH","NB",6265752423,5856881932,12122634355,408870491
20190702,"10:37:59","SH","NB",6265752423,5856881932,12122634355,408870491
20190702,"10:37:59","SZ","NB",6399960225,5441107611,11841067836,958852614
20190702,"10:37:59","SZ","NB",6399960225,5441107611,11841067836,958852614
20190702,"10:38:59","SH","NB",6300234607,5904700876,12204935483,395533731
20190702,"10:38:59","SH","NB",6300234607,5904700876,12204935483,395533731
20190702,"10:38:59","SZ","NB",6433564923,5475803608,11909368531,957761315
20190702,"10:38:59","SZ","NB",6433564923,5475803608,11909368531,957761315
20190702,"10:39:59","SZ","NB",6469821580,5509940084,11979761664,959881496
20190702,"10:39:59","SZ","NB",6469821580,5509940084,11979761664,959881496
20190702,"10:39:59","SH","NB",6336116025,5947589233,12283705258,388526792
20190702,"10:39:59","SH","NB",6336116025,5947589233,12283705258,388526792
20190702,"10:40:59","SH","NB",6371353078,5992068798,12363421876,379284280
20190702,"10:40:59","SH","NB",6371353078,5992068798,12363421876,379284280
20190702,"10:40:59","SZ","NB",6502727357,5558127230,12060854587,944600127
20190702,"10:40:59","SZ","NB",6502727357,5558127230,12060854587,944600127
20190702,"10:41:59","SH","NB",6409323445,6041065416,12450388861,368258029
20190702,"10:41:59","SH","NB",6409323445,6041065416,12450388861,368258029
20190702,"10:41:59","SZ","NB",6531546820,5614416717,12145963537,917130103
20190702,"10:41:59","SZ","NB",6531546820,5614416717,12145963537,917130103
20190702,"10:42:59","SH","NB",6442606759,6086102426,12528709185,356504333
20190702,"10:42:59","SH","NB",6442606759,6086102426,12528709185,356504333
20190702,"10:42:59","SZ","NB",6557095736,5643162396,12200258132,913933340
20190702,"10:42:59","SZ","NB",6557095736,5643162396,12200258132,913933340
20190702,"10:43:59","SH","NB",6489281922,6126633238,12615915160,362648684
20190702,"10:43:59","SH","NB",6489281922,6126633238,12615915160,362648684
20190702,"10:43:59","SZ","NB",6590591813,5682131791,12272723604,908460022
20190702,"10:43:59","SZ","NB",6590591813,5682131791,12272723604,908460022
20190702,"10:44:59","SZ","NB",6625074647,5710393891,12335468538,914680756
20190702,"10:44:59","SZ","NB",6625074647,5710393891,12335468538,914680756
20190702,"10:44:59","SH","NB",6527380962,6162490713,12689871675,364890249
20190702,"10:44:59","SH","NB",6527380962,6162490713,12689871675,364890249
20190702,"10:45:59","SH","NB",6578866115,6211202042,12790068157,367664073
20190702,"10:45:59","SH","NB",6578866115,6211202042,12790068157,367664073
20190702,"10:45:59","SZ","NB",6671758085,5737073954,12408832039,934684131
20190702,"10:45:59","SZ","NB",6671758085,5737073954,12408832039,934684131
20190702,"10:46:59","SH","NB",6613341134,6252824933,12866166067,360516201
20190702,"10:46:59","SH","NB",6613341134,6252824933,12866166067,360516201
20190702,"10:46:59","SZ","NB",6706916035,5763776788,12470692823,943139247
20190702,"10:46:59","SZ","NB",6706916035,5763776788,12470692823,943139247
20190702,"10:47:59","SZ","NB",6745336484,5807083862,12552420346,938252622
20190702,"10:47:59","SZ","NB",6745336484,5807083862,12552420346,938252622
20190702,"10:47:59","SH","NB",6651000513,6291576448,12942576961,359424065
20190702,"10:47:59","SH","NB",6651000513,6291576448,12942576961,359424065
20190702,"10:48:59","SH","NB",6685807784,6324645807,13010453591,361161977
20190702,"10:48:59","SH","NB",6685807784,6324645807,13010453591,361161977
20190702,"10:48:59","SZ","NB",6785131799,5840134038,12625265837,944997761
20190702,"10:48:59","SZ","NB",6785131799,5840134038,12625265837,944997761
20190702,"10:50:00","SZ","NB",6825606403,5870187682,12695794085,955418721
20190702,"10:50:00","SZ","NB",6825606403,5870187682,12695794085,955418721
20190702,"10:50:00","SH","NB",6733345444,6368056451,13101401895,365288993
20190702,"10:50:00","SH","NB",6733345444,6368056451,13101401895,365288993
20190702,"10:50:59","SH","NB",6771551459,6453537177,13225088636,318014282
20190702,"10:50:59","SH","NB",6771551459,6453537177,13225088636,318014282
20190702,"10:50:59","SZ","NB",6866508181,5975455880,12841964061,891052301
20190702,"10:50:59","SZ","NB",6866508181,5975455880,12841964061,891052301
20190702,"10:51:59","SH","NB",6798979940,6517353492,13316333432,281626448
20190702,"10:51:59","SH","NB",6798979940,6517353492,13316333432,281626448
20190702,"10:51:59","SZ","NB",6897151271,6029156021,12926307292,867995250
20190702,"10:51:59","SZ","NB",6897151271,6029156021,12926307292,867995250
20190702,"10:52:59","SH","NB",6835350038,6550109503,13385459541,285240535
20190702,"10:52:59","SH","NB",6835350038,6550109503,13385459541,285240535
20190702,"10:52:59","SZ","NB",6926741530,6058070671,12984812201,868670859
20190702,"10:52:59","SZ","NB",6926741530,6058070671,12984812201,868670859
20190702,"10:53:59","SZ","NB",6950996645,6080198912,13031195557,870797733
20190702,"10:53:59","SZ","NB",6950996645,6080198912,13031195557,870797733
20190702,"10:53:59","SH","NB",6867613897,6579517450,13447131347,288096447
20190702,"10:53:59","SH","NB",6867613897,6579517450,13447131347,288096447
20190702,"10:54:59","SH","NB",6906873537,6612803887,13519677424,294069650
20190702,"10:54:59","SH","NB",6906873537,6612803887,13519677424,294069650
20190702,"10:54:59","SZ","NB",6979643322,6102407871,13082051193,877235451
20190702,"10:54:59","SZ","NB",6979643322,6102407871,13082051193,877235451
20190702,"10:55:59","SH","NB",6948680879,6644355089,13593035968,304325790
20190702,"10:55:59","SH","NB",6948680879,6644355089,13593035968,304325790
20190702,"10:55:59","SZ","NB",7018523110,6128102174,13146625284,890420936
20190702,"10:55:59","SZ","NB",7018523110,6128102174,13146625284,890420936
20190702,"10:56:59","SH","NB",6985746334,6680130220,13665876554,305616114
20190702,"10:56:59","SH","NB",6985746334,6680130220,13665876554,305616114
20190702,"10:56:59","SZ","NB",7047136144,6147924897,13195061041,899211247
20190702,"10:56:59","SZ","NB",7047136144,6147924897,13195061041,899211247
20190702,"10:57:59","SH","NB",7016805658,6725585135,13742390793,291220523
20190702,"10:57:59","SH","NB",7016805658,6725585135,13742390793,291220523
20190702,"10:57:59","SZ","NB",7079678903,6175682567,13255361470,903996336
20190702,"10:57:59","SZ","NB",7079678903,6175682567,13255361470,903996336
20190702,"10:58:59","SZ","NB",7108503908,6201586544,13310090452,906917364
20190702,"10:58:59","SZ","NB",7108503908,6201586544,13310090452,906917364
20190702,"10:58:59","SH","NB",7049991438,6767980590,13817972028,282010848
20190702,"10:58:59","SH","NB",7049991438,6767980590,13817972028,282010848
20190702,"10:59:59","SH","NB",7076787725,6808135763,13884923488,268651962
20190702,"10:59:59","SH","NB",7076787725,6808135763,13884923488,268651962
20190702,"10:59:59","SZ","NB",7146295297,6225915645,13372210942,920379652
20190702,"10:59:59","SZ","NB",7146295297,6225915645,13372210942,920379652
20190702,"11:00:59","SZ","NB",7176953319,6259894053,13436847372,917059266
20190702,"11:00:59","SZ","NB",7176953319,6259894053,13436847372,917059266
20190702,"11:00:59","SH","NB",7122711833,6858579312,13981291145,264132521
20190702,"11:00:59","SH","NB",7122711833,6858579312,13981291145,264132521
20190702,"11:01:59","SH","NB",7165035755,6901725349,14066761104,263310406
20190702,"11:01:59","SH","NB",7165035755,6901725349,14066761104,263310406
20190702,"11:01:59","SZ","NB",7219584675,6288475531,13508060206,931109144
20190702,"11:01:59","SZ","NB",7219584675,6288475531,13508060206,931109144
20190702,"11:02:59","SZ","NB",7258902861,6314421454,13573324315,944481407
20190702,"11:02:59","SZ","NB",7258902861,6314421454,13573324315,944481407
20190702,"11:02:59","SH","NB",7208350413,6938374190,14146724603,269976223
20190702,"11:02:59","SH","NB",7208350413,6938374190,14146724603,269976223
20190702,"11:03:59","SH","NB",7245552158,6969935044,14215487202,275617114
20190702,"11:03:59","SH","NB",7245552158,6969935044,14215487202,275617114
20190702,"11:03:59","SZ","NB",7300296308,6336552140,13636848448,963744168
20190702,"11:03:59","SZ","NB",7300296308,6336552140,13636848448,963744168
20190702,"11:04:59","SH","NB",7283546162,7008356447,14291902609,275189715
20190702,"11:04:59","SH","NB",7283546162,7008356447,14291902609,275189715
20190702,"11:04:59","SZ","NB",7341939434,6359869171,13701808605,982070263
20190702,"11:04:59","SZ","NB",7341939434,6359869171,13701808605,982070263
20190702,"11:05:59","SH","NB",7314778185,7047097948,14361876133,267680237
20190702,"11:05:59","SH","NB",7314778185,7047097948,14361876133,267680237
20190702,"11:05:59","SZ","NB",7381007633,6390571292,13771578925,990436341
20190702,"11:05:59","SZ","NB",7381007633,6390571292,13771578925,990436341
20190702,"11:06:59","SZ","NB",7413825082,6428446260,13842271342,985378822
20190702,"11:06:59","SZ","NB",7413825082,6428446260,13842271342,985378822
20190702,"11:06:59","SH","NB",7342116212,7100837446,14442953658,241278766
20190702,"11:06:59","SH","NB",7342116212,7100837446,14442953658,241278766
20190702,"11:07:59","SH","NB",7381549489,7141461410,14523010899,240088079
20190702,"11:07:59","SH","NB",7381549489,7141461410,14523010899,240088079
20190702,"11:07:59","SZ","NB",7444148534,6452824106,13896972640,991324428
20190702,"11:07:59","SZ","NB",7444148534,6452824106,13896972640,991324428
20190702,"11:08:59","SH","NB",7416683248,7184989322,14601672570,231693926
20190702,"11:08:59","SH","NB",7416683248,7184989322,14601672570,231693926
20190702,"11:08:59","SZ","NB",7488184153,6496356186,13984540339,991827967
20190702,"11:08:59","SZ","NB",7488184153,6496356186,13984540339,991827967
20190702,"11:09:59","SZ","NB",7520147922,6516172532,14036320454,1003975390
20190702,"11:09:59","SZ","NB",7520147922,6516172532,14036320454,1003975390
20190702,"11:09:59","SH","NB",7453038708,7225023965,14678062673,228014743
20190702,"11:09:59","SH","NB",7453038708,7225023965,14678062673,228014743
20190702,"11:10:59","SH","NB",7489266516,7260570937,14749837453,228695579
20190702,"11:10:59","SH","NB",7489266516,7260570937,14749837453,228695579
20190702,"11:10:59","SZ","NB",7544639368,6539251919,14083891287,1005387449
20190702,"11:10:59","SZ","NB",7544639368,6539251919,14083891287,1005387449
20190702,"11:11:59","SH","NB",7517757051,7297110894,14814867945,220646157
20190702,"11:11:59","SH","NB",7517757051,7297110894,14814867945,220646157
20190702,"11:11:59","SZ","NB",7581125216,6567655377,14148780593,1013469839
20190702,"11:11:59","SZ","NB",7581125216,6567655377,14148780593,1013469839
20190702,"11:12:59","SH","NB",7548414634,7333897808,14882312442,214516826
20190702,"11:12:59","SH","NB",7548414634,7333897808,14882312442,214516826
20190702,"11:12:59","SZ","NB",7613197608,6595767845,14208965453,1017429763
20190702,"11:12:59","SZ","NB",7613197608,6595767845,14208965453,1017429763
20190702,"11:13:59","SZ","NB",7649917763,6626217952,14276135715,1023699811
20190702,"11:13:59","SZ","NB",7649917763,6626217952,14276135715,1023699811
20190702,"11:13:59","SH","NB",7579751762,7374588207,14954339969,205163555
20190702,"11:13:59","SH","NB",7579751762,7374588207,14954339969,205163555
20190702,"11:14:59","SH","NB",7614050902,7409751636,15023802538,204299266
20190702,"11:14:59","SH","NB",7614050902,7409751636,15023802538,204299266
20190702,"11:14:59","SZ","NB",7680518939,6647429718,14327948657,1033089221
20190702,"11:14:59","SZ","NB",7680518939,6647429718,14327948657,1033089221
20190702,"11:15:59","SZ","NB",7709741417,6671183550,14380924967,1038557867
20190702,"11:15:59","SZ","NB",7709741417,6671183550,14380924967,1038557867
20190702,"11:15:59","SH","NB",7658063375,7453099659,15111163034,204963716
20190702,"11:15:59","SH","NB",7658063375,7453099659,15111163034,204963716
20190702,"11:16:59","SH","NB",7698226176,7482719182,15180945358,215506994
20190702,"11:16:59","SH","NB",7698226176,7482719182,15180945358,215506994
20190702,"11:16:59","SZ","NB",7742556119,6689585693,14432141812,1052970426
20190702,"11:16:59","SZ","NB",7742556119,6689585693,14432141812,1052970426
20190702,"11:17:59","SH","NB",7739461819,7525509286,15264971105,213952533
20190702,"11:17:59","SH","NB",7739461819,7525509286,15264971105,213952533
20190702,"11:17:59","SZ","NB",7777080131,6717296033,14494376164,1059784098
20190702,"11:17:59","SZ","NB",7777080131,6717296033,14494376164,1059784098
20190702,"11:18:59","SZ","NB",7806713873,6738844247,14545558120,1067869626
20190702,"11:18:59","SZ","NB",7806713873,6738844247,14545558120,1067869626
20190702,"11:18:59","SH","NB",7773706060,7566974525,15340680585,206731535
20190702,"11:18:59","SH","NB",7773706060,7566974525,15340680585,206731535
20190702,"11:19:59","SH","NB",7795114814,7601357117,15396471931,193757697
20190702,"11:19:59","SH","NB",7795114814,7601357117,15396471931,193757697
20190702,"11:19:59","SZ","NB",7831179117,6760177553,14591356670,1071001564
20190702,"11:19:59","SZ","NB",7831179117,6760177553,14591356670,1071001564
20190702,"11:20:59","SH","NB",7825527449,7633439967,15458967416,192087482
20190702,"11:20:59","SH","NB",7825527449,7633439967,15458967416,192087482
20190702,"11:20:59","SZ","NB",7860168953,6775059676,14635228629,1085109277
20190702,"11:20:59","SZ","NB",7860168953,6775059676,14635228629,1085109277
20190702,"11:21:59","SZ","NB",7880220294,6789754884,14669975178,1090465410
20190702,"11:21:59","SZ","NB",7880220294,6789754884,14669975178,1090465410
20190702,"11:21:59","SH","NB",7854582630,7672383802,15526966432,182198828
20190702,"11:21:59","SH","NB",7854582630,7672383802,15526966432,182198828
20190702,"11:22:59","SH","NB",7883572610,7706581643,15590154253,176990967
20190702,"11:22:59","SH","NB",7883572610,7706581643,15590154253,176990967
20190702,"11:22:59","SZ","NB",7905749423,6814130602,14719880025,1091618821
20190702,"11:22:59","SZ","NB",7905749423,6814130602,14719880025,1091618821
20190702,"11:23:59","SZ","NB",7937140294,6833686161,14770826455,1103454133
20190702,"11:23:59","SZ","NB",7937140294,6833686161,14770826455,1103454133
20190702,"11:23:59","SH","NB",7905196341,7742051348,15647247689,163144993
20190702,"11:23:59","SH","NB",7905196341,7742051348,15647247689,163144993
20190702,"11:24:59","SH","NB",7939186226,7776700865,15715887091,162485361
20190702,"11:24:59","SH","NB",7939186226,7776700865,15715887091,162485361
20190702,"11:24:59","SZ","NB",7962338928,6850901064,14813239992,1111437864
20190702,"11:24:59","SZ","NB",7962338928,6850901064,14813239992,1111437864
20190702,"11:25:59","SH","NB",7974745096,7816290096,15791035192,158455000
20190702,"11:25:59","SH","NB",7974745096,7816290096,15791035192,158455000
20190702,"11:25:59","SZ","NB",7992835123,6867126705,14859961828,1125708418
20190702,"11:25:59","SZ","NB",7992835123,6867126705,14859961828,1125708418
20190702,"11:26:59","SH","NB",8016586635,7858608228,15875194863,157978407
20190702,"11:26:59","SH","NB",8016586635,7858608228,15875194863,157978407
20190702,"11:26:59","SZ","NB",8022325777,6887420291,14909746068,1134905486
20190702,"11:26:59","SZ","NB",8022325777,6887420291,14909746068,1134905486
20190702,"11:27:59","SZ","NB",8050773134,6905078998,14955852132,1145694136
20190702,"11:27:59","SZ","NB",8050773134,6905078998,14955852132,1145694136
20190702,"11:27:59","SH","NB",8049863239,7892812753,15942675992,157050486
20190702,"11:27:59","SH","NB",8049863239,7892812753,15942675992,157050486
20190702,"11:28:59","SH","NB",8096952498,7929471007,16026423505,167481491
20190702,"11:28:59","SH","NB",8096952498,7929471007,16026423505,167481491
20190702,"11:28:59","SZ","NB",8077363118,6927577682,15004940800,1149785436
20190702,"11:28:59","SZ","NB",8077363118,6927577682,15004940800,1149785436
20190702,"11:29:59","SH","NB",8132664006,7960266627,16092930633,172397379
20190702,"11:29:59","SH","NB",8132664006,7960266627,16092930633,172397379
20190702,"11:29:59","SZ","NB",8099297435,6943668847,15042966282,1155628588
20190702,"11:29:59","SZ","NB",8099297435,6943668847,15042966282,1155628588
20190702,"11:30:59","SH","NB",8132666460,7960288104,16092954564,172378356
20190702,"11:30:59","SH","NB",8132666460,7960288104,16092954564,172378356
20190702,"13:00:59","SZ","NB",8194903901,6992959986,15187863887,1201943915
20190702,"13:00:59","SZ","NB",8194903901,6992959986,15187863887,1201943915
20190702,"13:00:59","SH","NB",8214194375,8041316926,16255511301,172877449
20190702,"13:00:59","SH","NB",8214194375,8041316926,16255511301,172877449
20190702,"13:01:59","SH","NB",8245804367,8103935986,16349740353,141868381
20190702,"13:01:59","SH","NB",8245804367,8103935986,16349740353,141868381
20190702,"13:01:59","SZ","NB",8228067808,7022622779,15250690587,1205445029
20190702,"13:01:59","SZ","NB",8228067808,7022622779,15250690587,1205445029
20190702,"13:02:59","SH","NB",8277672760,8152959421,16430632181,124713339
20190702,"13:02:59","SH","NB",8277672760,8152959421,16430632181,124713339
20190702,"13:02:59","SZ","NB",8260107442,7064629074,15324736516,1195478368
20190702,"13:02:59","SZ","NB",8260107442,7064629074,15324736516,1195478368
20190702,"13:03:59","SZ","NB",8287220276,7088189065,15375409341,1199031211
20190702,"13:03:59","SZ","NB",8287220276,7088189065,15375409341,1199031211
20190702,"13:03:59","SH","NB",8309196071,8194526260,16503722331,114669811
20190702,"13:03:59","SH","NB",8309196071,8194526260,16503722331,114669811
20190702,"13:04:59","SZ","NB",8325604529,7110472843,15436077372,1215131686
20190702,"13:04:59","SZ","NB",8325604529,7110472843,15436077372,1215131686
20190702,"13:04:59","SH","NB",8337851100,8241477093,16579328193,96374007
20190702,"13:04:59","SH","NB",8337851100,8241477093,16579328193,96374007
20190702,"13:05:59","SH","NB",8374797881,8277864236,16652662117,96933645
20190702,"13:05:59","SH","NB",8374797881,8277864236,16652662117,96933645
20190702,"13:05:59","SZ","NB",8369397579,7135168362,15504565941,1234229217
20190702,"13:05:59","SZ","NB",8369397579,7135168362,15504565941,1234229217
20190702,"13:06:59","SH","NB",8410512358,8313535116,16724047474,96977242
20190702,"13:06:59","SH","NB",8410512358,8313535116,16724047474,96977242
20190702,"13:06:59","SZ","NB",8406812758,7171540941,15578353699,1235271817
20190702,"13:06:59","SZ","NB",8406812758,7171540941,15578353699,1235271817
20190702,"13:07:59","SH","NB",8437309990,8363116580,16800426570,74193410
20190702,"13:07:59","SH","NB",8437309990,8363116580,16800426570,74193410
20190702,"13:07:59","SZ","NB",8432171940,7205612012,15637783952,1226559928
20190702,"13:07:59","SZ","NB",8432171940,7205612012,15637783952,1226559928
20190702,"13:08:59","SH","NB",8465857909,8423066902,16888924811,42791007
20190702,"13:08:59","SH","NB",8465857909,8423066902,16888924811,42791007
20190702,"13:08:59","SZ","NB",8464207917,7239141760,15703349677,1225066157
20190702,"13:08:59","SZ","NB",8464207917,7239141760,15703349677,1225066157
20190702,"13:09:59","SZ","NB",8491424246,7262016240,15753440486,1229408006
20190702,"13:09:59","SZ","NB",8491424246,7262016240,15753440486,1229408006
20190702,"13:09:59","SH","NB",8504259579,8462577804,16966837383,41681775
20190702,"13:09:59","SH","NB",8504259579,8462577804,16966837383,41681775
20190702,"13:10:59","SH","NB",8531455941,8494100910,17025556851,37355031
20190702,"13:10:59","SH","NB",8531455941,8494100910,17025556851,37355031
20190702,"13:10:59","SZ","NB",8518872214,7286778102,15805650316,1232094112
20190702,"13:10:59","SZ","NB",8518872214,7286778102,15805650316,1232094112
20190702,"13:11:59","SH","NB",8559358526,8532706799,17092065325,26651727
20190702,"13:11:59","SH","NB",8559358526,8532706799,17092065325,26651727
20190702,"13:11:59","SZ","NB",8547267417,7321752497,15869019914,1225514920
20190702,"13:11:59","SZ","NB",8547267417,7321752497,15869019914,1225514920
20190702,"13:12:59","SH","NB",8585367330,8566169641,17151536971,19197689
20190702,"13:12:59","SH","NB",8585367330,8566169641,17151536971,19197689
20190702,"13:12:59","SZ","NB",8576602775,7351472888,15928075663,1225129887
20190702,"13:12:59","SZ","NB",8576602775,7351472888,15928075663,1225129887
20190702,"13:13:59","SH","NB",8612358248,8600796660,17213154908,11561588
20190702,"13:13:59","SH","NB",8612358248,8600796660,17213154908,11561588
20190702,"13:13:59","SZ","NB",8606370049,7374494592,15980864641,1231875457
20190702,"13:13:59","SZ","NB",8606370049,7374494592,15980864641,1231875457
20190702,"13:14:59","SZ","NB",8641196639,7428446571,16069643210,1212750068
20190702,"13:14:59","SZ","NB",8641196639,7428446571,16069643210,1212750068
20190702,"13:14:59","SH","NB",8649885142,8659924723,17309809865,-10039581
20190702,"13:14:59","SH","NB",8649885142,8659924723,17309809865,-10039581
20190702,"13:15:59","SH","NB",8682464305,8705508631,17387972936,-23044326
20190702,"13:15:59","SH","NB",8682464305,8705508631,17387972936,-23044326
20190702,"13:15:59","SZ","NB",8685596026,7470661321,16156257347,1214934705
20190702,"13:15:59","SZ","NB",8685596026,7470661321,16156257347,1214934705
20190702,"13:16:59","SH","NB",8717724427,8749666758,17467391185,-31942331
20190702,"13:16:59","SH","NB",8717724427,8749666758,17467391185,-31942331
20190702,"13:16:59","SZ","NB",8721974534,7496697490,16218672024,1225277044
20190702,"13:16:59","SZ","NB",8721974534,7496697490,16218672024,1225277044
20190702,"13:17:59","SZ","NB",8762394343,7520587197,16282981540,1241807146
20190702,"13:17:59","SZ","NB",8762394343,7520587197,16282981540,1241807146
20190702,"13:17:59","SH","NB",8755493428,8789704969,17545198397,-34211541
20190702,"13:17:59","SH","NB",8755493428,8789704969,17545198397,-34211541
20190702,"13:18:59","SH","NB",8796059133,8823498371,17619557504,-27439238
20190702,"13:18:59","SH","NB",8796059133,8823498371,17619557504,-27439238
20190702,"13:18:59","SZ","NB",8798671986,7552875783,16351547769,1245796203
20190702,"13:18:59","SZ","NB",8798671986,7552875783,16351547769,1245796203
20190702,"13:19:59","SH","NB",8840148685,8863989933,17704138618,-23841248
20190702,"13:19:59","SH","NB",8840148685,8863989933,17704138618,-23841248
20190702,"13:19:59","SZ","NB",8833163768,7581140735,16414304503,1252023033
20190702,"13:19:59","SZ","NB",8833163768,7581140735,16414304503,1252023033
20190702,"13:20:59","SZ","NB",8868846477,7612361942,16481208419,1256484535
20190702,"13:20:59","SZ","NB",8868846477,7612361942,16481208419,1256484535
20190702,"13:20:59","SH","NB",8875557368,8912717518,17788274886,-37160150
20190702,"13:20:59","SH","NB",8875557368,8912717518,17788274886,-37160150
20190702,"13:21:59","SH","NB",8914450668,8949568408,17864019076,-35117740
20190702,"13:21:59","SH","NB",8914450668,8949568408,17864019076,-35117740
20190702,"13:21:59","SZ","NB",8903821396,7642318433,16546139829,1261502963
20190702,"13:21:59","SZ","NB",8903821396,7642318433,16546139829,1261502963
20190702,"13:22:59","SH","NB",8952571777,8993145475,17945717252,-40573698
20190702,"13:22:59","SH","NB",8952571777,8993145475,17945717252,-40573698
20190702,"13:22:59","SZ","NB",8938698237,7678994636,16617692873,1259703601
20190702,"13:22:59","SZ","NB",8938698237,7678994636,16617692873,1259703601
20190702,"13:23:59","SH","NB",8985556354,9039539260,18025095614,-53982906
20190702,"13:23:59","SH","NB",8985556354,9039539260,18025095614,-53982906
20190702,"13:23:59","SZ","NB",8976473804,7720493830,16696967634,1255979974
20190702,"13:23:59","SZ","NB",8976473804,7720493830,16696967634,1255979974
20190702,"13:24:59","SH","NB",9032840403,9136193212,18169033615,-103352809
20190702,"13:24:59","SH","NB",9032840403,9136193212,18169033615,-103352809
20190702,"13:24:59","SZ","NB",9020297748,7822347634,16842645382,1197950114
20190702,"13:24:59","SZ","NB",9020297748,7822347634,16842645382,1197950114
20190702,"13:25:59","SZ","NB",9065096388,7880411077,16945507465,1184685311
20190702,"13:25:59","SZ","NB",9065096388,7880411077,16945507465,1184685311
20190702,"13:25:59","SH","NB",9073214323,9186365153,18259579476,-113150830
20190702,"13:25:59","SH","NB",9073214323,9186365153,18259579476,-113150830
20190702,"13:26:59","SH","NB",9119663887,9227678859,18347342746,-108014972
20190702,"13:26:59","SH","NB",9119663887,9227678859,18347342746,-108014972
20190702,"13:26:59","SZ","NB",9123484206,7912836018,17036320224,1210648188
20190702,"13:26:59","SZ","NB",9123484206,7912836018,17036320224,1210648188
20190702,"13:27:59","SH","NB",9152151227,9274420191,18426571418,-122268964
20190702,"13:27:59","SH","NB",9152151227,9274420191,18426571418,-122268964
20190702,"13:27:59","SZ","NB",9165092847,7934017243,17099110090,1231075604
20190702,"13:27:59","SZ","NB",9165092847,7934017243,17099110090,1231075604
20190702,"13:28:59","SH","NB",9188061269,9304119223,18492180492,-116057954
20190702,"13:28:59","SH","NB",9188061269,9304119223,18492180492,-116057954
20190702,"13:28:59","SZ","NB",9196715106,7957866289,17154581395,1238848817
20190702,"13:28:59","SZ","NB",9196715106,7957866289,17154581395,1238848817
20190702,"13:29:59","SZ","NB",9232003542,7983688206,17215691748,1248315336
20190702,"13:29:59","SZ","NB",9232003542,7983688206,17215691748,1248315336
20190702,"13:29:59","SH","NB",9221812421,9339857322,18561669743,-118044901
20190702,"13:29:59","SH","NB",9221812421,9339857322,18561669743,-118044901
20190702,"13:30:59","SH","NB",9254806971,9383764817,18638571788,-128957846
20190702,"13:30:59","SH","NB",9254806971,9383764817,18638571788,-128957846
20190702,"13:30:59","SZ","NB",9266450344,8016160296,17282610640,1250290048
20190702,"13:30:59","SZ","NB",9266450344,8016160296,17282610640,1250290048
20190702,"13:31:59","SH","NB",9288470818,9424017491,18712488309,-135546673
20190702,"13:31:59","SH","NB",9288470818,9424017491,18712488309,-135546673
20190702,"13:31:59","SZ","NB",9298101965,8044056566,17342158531,1254045399
20190702,"13:31:59","SZ","NB",9298101965,8044056566,17342158531,1254045399
20190702,"13:32:59","SZ","NB",9344425501,8076671857,17421097358,1267753644
20190702,"13:32:59","SZ","NB",9344425501,8076671857,17421097358,1267753644
20190702,"13:32:59","SH","NB",9326172057,9467296188,18793468245,-141124131
20190702,"13:32:59","SH","NB",9326172057,9467296188,18793468245,-141124131
20190702,"13:33:59","SH","NB",9364297594,9499524259,18863821853,-135226665
20190702,"13:33:59","SH","NB",9364297594,9499524259,18863821853,-135226665
20190702,"13:33:59","SZ","NB",9383527874,8107589893,17491117767,1275937981
20190702,"13:33:59","SZ","NB",9383527874,8107589893,17491117767,1275937981
20190702,"13:34:59","SH","NB",9403911139,9552223225,18956134364,-148312086
20190702,"13:34:59","SH","NB",9403911139,9552223225,18956134364,-148312086
20190702,"13:34:59","SZ","NB",9429050359,8131739391,17560789750,1297310968
20190702,"13:34:59","SZ","NB",9429050359,8131739391,17560789750,1297310968
20190702,"13:35:59","SH","NB",9462755380,9590508698,19053264078,-127753318
20190702,"13:35:59","SH","NB",9462755380,9590508698,19053264078,-127753318
20190702,"13:35:59","SZ","NB",9481148758,8161254647,17642403405,1319894111
20190702,"13:35:59","SZ","NB",9481148758,8161254647,17642403405,1319894111
20190702,"13:36:59","SH","NB",9497931404,9628608380,19126539784,-130676976
20190702,"13:36:59","SH","NB",9497931404,9628608380,19126539784,-130676976
20190702,"13:36:59","SZ","NB",9512733295,8197522557,17710255852,1315210738
20190702,"13:36:59","SZ","NB",9512733295,8197522557,17710255852,1315210738
20190702,"13:37:59","SZ","NB",9541262235,8233614111,17774876346,1307648124
20190702,"13:37:59","SZ","NB",9541262235,8233614111,17774876346,1307648124
20190702,"13:37:59","SH","NB",9529450140,9663952546,19193402686,-134502406
20190702,"13:37:59","SH","NB",9529450140,9663952546,19193402686,-134502406
20190702,"13:38:59","SH","NB",9555185319,9697004857,19252190176,-141819538
20190702,"13:38:59","SH","NB",9555185319,9697004857,19252190176,-141819538
20190702,"13:38:59","SZ","NB",9562766001,8258607332,17821373333,1304158669
20190702,"13:38:59","SZ","NB",9562766001,8258607332,17821373333,1304158669
20190702,"13:39:59","SZ","NB",9588775835,8277437462,17866213297,1311338373
20190702,"13:39:59","SZ","NB",9588775835,8277437462,17866213297,1311338373
20190702,"13:39:59","SH","NB",9598562385,9726836902,19325399287,-128274517
20190702,"13:39:59","SH","NB",9598562385,9726836902,19325399287,-128274517
20190702,"13:40:59","SH","NB",9650672150,9759628828,19410300978,-108956678
20190702,"13:40:59","SH","NB",9650672150,9759628828,19410300978,-108956678
20190702,"13:40:59","SZ","NB",9618280938,8297697611,17915978549,1320583327
20190702,"13:40:59","SZ","NB",9618280938,8297697611,17915978549,1320583327
20190702,"13:41:59","SH","NB",9680797092,9808515652,19489312744,-127718560
20190702,"13:41:59","SH","NB",9680797092,9808515652,19489312744,-127718560
20190702,"13:41:59","SZ","NB",9643013093,8327432602,17970445695,1315580491
20190702,"13:41:59","SZ","NB",9643013093,8327432602,17970445695,1315580491
20190702,"13:42:59","SH","NB",9718233424,9851602093,19569835517,-133368669
20190702,"13:42:59","SH","NB",9718233424,9851602093,19569835517,-133368669
20190702,"13:42:59","SZ","NB",9669840038,8350551082,18020391120,1319288956
20190702,"13:42:59","SZ","NB",9669840038,8350551082,18020391120,1319288956
20190702,"13:43:59","SZ","NB",9699061916,8372898591,18071960507,1326163325
20190702,"13:43:59","SZ","NB",9699061916,8372898591,18071960507,1326163325
20190702,"13:43:59","SH","NB",9751721580,9887669612,19639391192,-135948032
20190702,"13:43:59","SH","NB",9751721580,9887669612,19639391192,-135948032
20190702,"13:44:59","SH","NB",9780829573,9926032803,19706862376,-145203230
20190702,"13:44:59","SH","NB",9780829573,9926032803,19706862376,-145203230
20190702,"13:44:59","SZ","NB",9724733443,8393160944,18117894387,1331572499
20190702,"13:44:59","SZ","NB",9724733443,8393160944,18117894387,1331572499
20190702,"13:45:59","SH","NB",9811018872,9965544109,19776562981,-154525237
20190702,"13:45:59","SH","NB",9811018872,9965544109,19776562981,-154525237
20190702,"13:45:59","SZ","NB",9751102466,8428674929,18179777395,1322427537
20190702,"13:45:59","SZ","NB",9751102466,8428674929,18179777395,1322427537
20190702,"13:46:59","SH","NB",9845195078,10002645387,19847840465,-157450309
20190702,"13:46:59","SH","NB",9845195078,10002645387,19847840465,-157450309
20190702,"13:46:59","SZ","NB",9788707619,8449495587,18238203206,1339212032
20190702,"13:46:59","SZ","NB",9788707619,8449495587,18238203206,1339212032
20190702,"13:47:59","SH","NB",9875799894,10047411130,19923211024,-171611236
20190702,"13:47:59","SH","NB",9875799894,10047411130,19923211024,-171611236
20190702,"13:47:59","SZ","NB",9815513752,8471903848,18287417600,1343609904
20190702,"13:47:59","SZ","NB",9815513752,8471903848,18287417600,1343609904
20190702,"13:48:59","SZ","NB",9839211666,8492820764,18332032430,1346390902
20190702,"13:48:59","SZ","NB",9839211666,8492820764,18332032430,1346390902
20190702,"13:48:59","SH","NB",9904555551,10082140537,19986696088,-177584986
20190702,"13:48:59","SH","NB",9904555551,10082140537,19986696088,-177584986
20190702,"13:49:59","SH","NB",9932694493,10115100536,20047795029,-182406043
20190702,"13:49:59","SH","NB",9932694493,10115100536,20047795029,-182406043
20190702,"13:49:59","SZ","NB",9862351593,8512953528,18375305121,1349398065
20190702,"13:49:59","SZ","NB",9862351593,8512953528,18375305121,1349398065
20190702,"13:50:59","SH","NB",9964278849,10154614446,20118893295,-190335597
20190702,"13:50:59","SH","NB",9964278849,10154614446,20118893295,-190335597
20190702,"13:50:59","SZ","NB",9892608929,8533724450,18426333379,1358884479
20190702,"13:50:59","SZ","NB",9892608929,8533724450,18426333379,1358884479
20190702,"13:51:59","SH","NB",9992438493,10194524291,20186962784,-202085798
20190702,"13:51:59","SH","NB",9992438493,10194524291,20186962784,-202085798
20190702,"13:51:59","SZ","NB",9921900128,8562423103,18484323231,1359477025
20190702,"13:51:59","SZ","NB",9921900128,8562423103,18484323231,1359477025
20190702,"13:52:59","SH","NB",10025262609,10234199823,20259462432,-208937214
20190702,"13:52:59","SH","NB",10025262609,10234199823,20259462432,-208937214
20190702,"13:52:59","SZ","NB",9951947312,8591740318,18543687630,1360206994
20190702,"13:52:59","SZ","NB",9951947312,8591740318,18543687630,1360206994
20190702,"13:53:59","SZ","NB",9980595991,8616020563,18596616554,1364575428
20190702,"13:53:59","SZ","NB",9980595991,8616020563,18596616554,1364575428
20190702,"13:53:59","SH","NB",10063050123,10270672317,20333722440,-207622194
20190702,"13:53:59","SH","NB",10063050123,10270672317,20333722440,-207622194
20190702,"13:54:59","SH","NB",10091559347,10309370165,20400929512,-217810818
20190702,"13:54:59","SH","NB",10091559347,10309370165,20400929512,-217810818
20190702,"13:54:59","SZ","NB",10015891813,8641713789,18657605602,1374178024
20190702,"13:54:59","SZ","NB",10015891813,8641713789,18657605602,1374178024
20190702,"13:55:59","SH","NB",10119221143,10348137378,20467358521,-228916235
20190702,"13:55:59","SH","NB",10119221143,10348137378,20467358521,-228916235
20190702,"13:55:59","SZ","NB",10048405284,8681922882,18730328166,1366482402
20190702,"13:55:59","SZ","NB",10048405284,8681922882,18730328166,1366482402
20190702,"13:56:59","SH","NB",10147291150,10381993986,20529285136,-234702836
20190702,"13:56:59","SH","NB",10147291150,10381993986,20529285136,-234702836
20190702,"13:56:59","SZ","NB",10081845150,8713518112,18795363262,1368327038
20190702,"13:56:59","SZ","NB",10081845150,8713518112,18795363262,1368327038
20190702,"13:57:59","SZ","NB",10109824667,8743684178,18853508845,1366140489
20190702,"13:57:59","SZ","NB",10109824667,8743684178,18853508845,1366140489
20190702,"13:57:59","SH","NB",10176425287,10419948966,20596374253,-243523679
20190702,"13:57:59","SH","NB",10176425287,10419948966,20596374253,-243523679
20190702,"13:58:59","SH","NB",10205417277,10459533034,20664950311,-254115757
20190702,"13:58:59","SH","NB",10205417277,10459533034,20664950311,-254115757
20190702,"13:58:59","SZ","NB",10142462618,8785321724,18927784342,1357140894
20190702,"13:58:59","SZ","NB",10142462618,8785321724,18927784342,1357140894
20190702,"13:59:59","SH","NB",10243799942,10501095486,20744895428,-257295544
20190702,"13:59:59","SH","NB",10243799942,10501095486,20744895428,-257295544
20190702,"13:59:59","SZ","NB",10175838056,8820039996,18995878052,1355798060
20190702,"13:59:59","SZ","NB",10175838056,8820039996,18995878052,1355798060
20190702,"14:00:59","SH","NB",10280091216,10544510770,20824601986,-264419554
20190702,"14:00:59","SH","NB",10280091216,10544510770,20824601986,-264419554
20190702,"14:00:59","SZ","NB",10227082327,8888593537,19115675864,1338488790
20190702,"14:00:59","SZ","NB",10227082327,8888593537,19115675864,1338488790
20190702,"14:01:59","SZ","NB",10264061898,8911134586,19175196484,1352927312
20190702,"14:01:59","SZ","NB",10264061898,8911134586,19175196484,1352927312
20190702,"14:01:59","SH","NB",10316479088,10576353420,20892832508,-259874332
20190702,"14:01:59","SH","NB",10316479088,10576353420,20892832508,-259874332
20190702,"14:02:59","SH","NB",10352682149,10613921063,20966603212,-261238914
20190702,"14:02:59","SH","NB",10352682149,10613921063,20966603212,-261238914
20190702,"14:02:59","SZ","NB",10298856395,8943155912,19242012307,1355700483
20190702,"14:02:59","SZ","NB",10298856395,8943155912,19242012307,1355700483
20190702,"14:03:59","SH","NB",10380344029,10644891275,21025235304,-264547246
20190702,"14:03:59","SH","NB",10380344029,10644891275,21025235304,-264547246
20190702,"14:03:59","SZ","NB",10327263987,8964948215,19292212202,1362315772
20190702,"14:03:59","SZ","NB",10327263987,8964948215,19292212202,1362315772
20190702,"14:04:59","SZ","NB",10354089548,8996262465,19350352013,1357827083
20190702,"14:04:59","SZ","NB",10354089548,8996262465,19350352013,1357827083
20190702,"14:04:59","SH","NB",10406512046,10671378633,21077890679,-264866587
20190702,"14:04:59","SH","NB",10406512046,10671378633,21077890679,-264866587
20190702,"14:05:59","SZ","NB",10388230059,9015374263,19403604322,1372855796
20190702,"14:05:59","SZ","NB",10388230059,9015374263,19403604322,1372855796
20190702,"14:05:59","SH","NB",10447028175,10707433779,21154461954,-260405604
20190702,"14:05:59","SH","NB",10447028175,10707433779,21154461954,-260405604
20190702,"14:06:59","SH","NB",10489843344,10744266492,21234109836,-254423148
20190702,"14:06:59","SH","NB",10489843344,10744266492,21234109836,-254423148
20190702,"14:06:59","SZ","NB",10432376170,9037396773,19469772943,1394979397
20190702,"14:06:59","SZ","NB",10432376170,9037396773,19469772943,1394979397
20190702,"14:07:59","SH","NB",10520923857,10780169739,21301093596,-259245882
20190702,"14:07:59","SH","NB",10520923857,10780169739,21301093596,-259245882
20190702,"14:07:59","SZ","NB",10463829771,9063755242,19527585013,1400074529
20190702,"14:07:59","SZ","NB",10463829771,9063755242,19527585013,1400074529
20190702,"14:08:59","SH","NB",10554186447,10814412746,21368599193,-260226299
20190702,"14:08:59","SH","NB",10554186447,10814412746,21368599193,-260226299
20190702,"14:08:59","SZ","NB",10490743698,9090243386,19580987084,1400500312
20190702,"14:08:59","SZ","NB",10490743698,9090243386,19580987084,1400500312
20190702,"14:09:59","SH","NB",10582897290,10842650708,21425547998,-259753418
20190702,"14:09:59","SH","NB",10582897290,10842650708,21425547998,-259753418
20190702,"14:09:59","SZ","NB",10524571388,9110911313,19635482701,1413660075
20190702,"14:09:59","SZ","NB",10524571388,9110911313,19635482701,1413660075
20190702,"14:10:59","SZ","NB",10571260817,9139096484,19710357301,1432164333
20190702,"14:10:59","SZ","NB",10571260817,9139096484,19710357301,1432164333
20190702,"14:10:59","SH","NB",10629774432,10871586513,21501360945,-241812081
20190702,"14:10:59","SH","NB",10629774432,10871586513,21501360945,-241812081
20190702,"14:11:59","SH","NB",10694690622,10911665161,21606355783,-216974539
20190702,"14:11:59","SH","NB",10694690622,10911665161,21606355783,-216974539
20190702,"14:11:59","SZ","NB",10620762443,9168698359,19789460802,1452064084
20190702,"14:11:59","SZ","NB",10620762443,9168698359,19789460802,1452064084
20190702,"14:12:59","SH","NB",10732323296,10961663128,21693986424,-229339832
20190702,"14:12:59","SH","NB",10732323296,10961663128,21693986424,-229339832
20190702,"14:12:59","SZ","NB",10660424952,9207624584,19868049536,1452800368
20190702,"14:12:59","SZ","NB",10660424952,9207624584,19868049536,1452800368
20190702,"14:13:59","SH","NB",10760090012,11003067000,21763157012,-242976988
20190702,"14:13:59","SH","NB",10760090012,11003067000,21763157012,-242976988
20190702,"14:13:59","SZ","NB",10699267335,9238660405,19937927740,1460606930
20190702,"14:13:59","SZ","NB",10699267335,9238660405,19937927740,1460606930
20190702,"14:14:59","SH","NB",10789018280,11037766023,21826784303,-248747743
20190702,"14:14:59","SH","NB",10789018280,11037766023,21826784303,-248747743
20190702,"14:14:59","SZ","NB",10731330963,9269083379,20000414342,1462247584
20190702,"14:14:59","SZ","NB",10731330963,9269083379,20000414342,1462247584
20190702,"14:15:59","SZ","NB",10768275593,9309950801,20078226394,1458324792
20190702,"14:15:59","SZ","NB",10768275593,9309950801,20078226394,1458324792
20190702,"14:15:59","SH","NB",10827610036,11084697968,21912308004,-257087932
20190702,"14:15:59","SH","NB",10827610036,11084697968,21912308004,-257087932
20190702,"14:16:59","SH","NB",10863355928,11124854222,21988210150,-261498294
20190702,"14:16:59","SH","NB",10863355928,11124854222,21988210150,-261498294
20190702,"14:16:59","SZ","NB",10804860511,9339716344,20144576855,1465144167
20190702,"14:16:59","SZ","NB",10804860511,9339716344,20144576855,1465144167
20190702,"14:17:59","SH","NB",10900231995,11174432623,22074664618,-274200628
20190702,"14:17:59","SH","NB",10900231995,11174432623,22074664618,-274200628
20190702,"14:17:59","SZ","NB",10835021971,9372892513,20207914484,1462129458
20190702,"14:17:59","SZ","NB",10835021971,9372892513,20207914484,1462129458
20190702,"14:18:59","SZ","NB",10863558830,9407039341,20270598171,1456519489
20190702,"14:18:59","SZ","NB",10863558830,9407039341,20270598171,1456519489
20190702,"14:18:59","SH","NB",10934680767,11209701481,22144382248,-275020714
20190702,"14:18:59","SH","NB",10934680767,11209701481,22144382248,-275020714
20190702,"14:19:59","SH","NB",10963955147,11258086082,22222041229,-294130935
20190702,"14:19:59","SH","NB",10963955147,11258086082,22222041229,-294130935
20190702,"14:19:59","SZ","NB",10902003608,9435634022,20337637630,1466369586
20190702,"14:19:59","SZ","NB",10902003608,9435634022,20337637630,1466369586
20190702,"14:20:59","SH","NB",10994043320,11309897579,22303940899,-315854259
20190702,"14:20:59","SH","NB",10994043320,11309897579,22303940899,-315854259
20190702,"14:20:59","SZ","NB",10942595668,9477146533,20419742201,1465449135
20190702,"14:20:59","SZ","NB",10942595668,9477146533,20419742201,1465449135
20190702,"14:21:59","SH","NB",11030489867,11354615932,22385105799,-324126065
20190702,"14:21:59","SH","NB",11030489867,11354615932,22385105799,-324126065
20190702,"14:21:59","SZ","NB",10977025419,9508399019,20485424438,1468626400
20190702,"14:21:59","SZ","NB",10977025419,9508399019,20485424438,1468626400
20190702,"14:22:59","SH","NB",11052958047,11384659174,22437617221,-331701127
20190702,"14:22:59","SH","NB",11052958047,11384659174,22437617221,-331701127
20190702,"14:22:59","SZ","NB",11011733334,9532810871,20544544205,1478922463
20190702,"14:22:59","SZ","NB",11011733334,9532810871,20544544205,1478922463
20190702,"14:23:59","SZ","NB",11048931268,9562341606,20611272874,1486589662
20190702,"14:23:59","SZ","NB",11048931268,9562341606,20611272874,1486589662
20190702,"14:23:59","SH","NB",11090361856,11428777098,22519138954,-338415242
20190702,"14:23:59","SH","NB",11090361856,11428777098,22519138954,-338415242
20190702,"14:24:59","SH","NB",11122920153,11466436082,22589356235,-343515929
20190702,"14:24:59","SH","NB",11122920153,11466436082,22589356235,-343515929
20190702,"14:24:59","SZ","NB",11083498917,9584799911,20668298828,1498699006
20190702,"14:24:59","SZ","NB",11083498917,9584799911,20668298828,1498699006
20190702,"14:25:59","SH","NB",11170290448,11506675033,22676965481,-336384585
20190702,"14:25:59","SH","NB",11170290448,11506675033,22676965481,-336384585
20190702,"14:25:59","SZ","NB",11113655140,9606448743,20720103883,1507206397
20190702,"14:25:59","SZ","NB",11113655140,9606448743,20720103883,1507206397
20190702,"14:26:59","SH","NB",11210396614,11543025104,22753421718,-332628490
20190702,"14:26:59","SH","NB",11210396614,11543025104,22753421718,-332628490
20190702,"14:26:59","SZ","NB",11161453102,9637142924,20798596026,1524310178
20190702,"14:26:59","SZ","NB",11161453102,9637142924,20798596026,1524310178
20190702,"14:27:59","SH","NB",11255880009,11585387625,22841267634,-329507616
20190702,"14:27:59","SH","NB",11255880009,11585387625,22841267634,-329507616
20190702,"14:27:59","SZ","NB",11210561393,9666449516,20877010909,1544111877
20190702,"14:27:59","SZ","NB",11210561393,9666449516,20877010909,1544111877
20190702,"14:28:59","SZ","NB",11264295645,9707138554,20971434199,1557157091
20190702,"14:28:59","SZ","NB",11264295645,9707138554,20971434199,1557157091
20190702,"14:28:59","SH","NB",11297197397,11628309947,22925507344,-331112550
20190702,"14:28:59","SH","NB",11297197397,11628309947,22925507344,-331112550
20190702,"14:29:59","SH","NB",11339726434,11673185494,23012911928,-333459060
20190702,"14:29:59","SH","NB",11339726434,11673185494,23012911928,-333459060
20190702,"14:29:59","SZ","NB",11306857638,9745407653,21052265291,1561449985
20190702,"14:29:59","SZ","NB",11306857638,9745407653,21052265291,1561449985
20190702,"14:30:59","SZ","NB",11373039989,9790609551,21163649540,1582430438
20190702,"14:30:59","SZ","NB",11373039989,9790609551,21163649540,1582430438
20190702,"14:30:59","SH","NB",11387184684,11726872635,23114057319,-339687951
20190702,"14:30:59","SH","NB",11387184684,11726872635,23114057319,-339687951
20190702,"14:31:59","SH","NB",11464792213,11783623311,23248415524,-318831098
20190702,"14:31:59","SH","NB",11464792213,11783623311,23248415524,-318831098
20190702,"14:31:59","SZ","NB",11437181184,9825345500,21262526684,1611835684
20190702,"14:31:59","SZ","NB",11437181184,9825345500,21262526684,1611835684
20190702,"14:32:59","SZ","NB",11501315641,9878180732,21379496373,1623134909
20190702,"14:32:59","SZ","NB",11501315641,9878180732,21379496373,1623134909
20190702,"14:32:59","SH","NB",11539774383,11845653872,23385428255,-305879489
20190702,"14:32:59","SH","NB",11539774383,11845653872,23385428255,-305879489
20190702,"14:33:59","SH","NB",11603878120,11934851569,23538729689,-330973449
20190702,"14:33:59","SH","NB",11603878120,11934851569,23538729689,-330973449
20190702,"14:33:59","SZ","NB",11564905669,9959693869,21524599538,1605211800
20190702,"14:33:59","SZ","NB",11564905669,9959693869,21524599538,1605211800
20190702,"14:34:59","SH","NB",11666202440,11991787339,23657989779,-325584899
20190702,"14:34:59","SH","NB",11666202440,11991787339,23657989779,-325584899
20190702,"14:34:59","SZ","NB",11605685332,10000484595,21606169927,1605200737
20190702,"14:34:59","SZ","NB",11605685332,10000484595,21606169927,1605200737
20190702,"14:35:59","SH","NB",11722208852,12051065391,23773274243,-328856539
20190702,"14:35:59","SH","NB",11722208852,12051065391,23773274243,-328856539
20190702,"14:35:59","SZ","NB",11646518687,10057897454,21704416141,1588621233
20190702,"14:35:59","SZ","NB",11646518687,10057897454,21704416141,1588621233
20190702,"14:36:59","SZ","NB",11685770884,10102997092,21788767976,1582773792
20190702,"14:36:59","SZ","NB",11685770884,10102997092,21788767976,1582773792
20190702,"14:36:59","SH","NB",11777504345,12106617638,23884121983,-329113293
20190702,"14:36:59","SH","NB",11777504345,12106617638,23884121983,-329113293
20190702,"14:37:59","SH","NB",11835591852,12176851997,24012443849,-341260145
20190702,"14:37:59","SH","NB",11835591852,12176851997,24012443849,-341260145
20190702,"14:37:59","SZ","NB",11728485759,10159856877,21888342636,1568628882
20190702,"14:37:59","SZ","NB",11728485759,10159856877,21888342636,1568628882
20190702,"14:38:59","SH","NB",11891881425,12221691903,24113573328,-329810478
20190702,"14:38:59","SH","NB",11891881425,12221691903,24113573328,-329810478
20190702,"14:38:59","SZ","NB",11772910416,10212962211,21985872627,1559948205
20190702,"14:38:59","SZ","NB",11772910416,10212962211,21985872627,1559948205
20190702,"14:39:59","SH","NB",11940432720,12294008668,24234441388,-353575948
20190702,"14:39:59","SH","NB",11940432720,12294008668,24234441388,-353575948
20190702,"14:39:59","SZ","NB",11827880312,10281651272,22109531584,1546229040
20190702,"14:39:59","SZ","NB",11827880312,10281651272,22109531584,1546229040
20190702,"14:40:59","SH","NB",11984702622,12351059341,24335761963,-366356719
20190702,"14:40:59","SH","NB",11984702622,12351059341,24335761963,-366356719
20190702,"14:40:59","SZ","NB",11868857451,10330768074,22199625525,1538089377
20190702,"14:40:59","SZ","NB",11868857451,10330768074,22199625525,1538089377
20190702,"14:41:59","SZ","NB",11920010436,10360519402,22280529838,1559491034
20190702,"14:41:59","SZ","NB",11920010436,10360519402,22280529838,1559491034
20190702,"14:41:59","SH","NB",12040051239,12404780612,24444831851,-364729373
20190702,"14:41:59","SH","NB",12040051239,12404780612,24444831851,-364729373
20190702,"14:42:59","SH","NB",12085879780,12452947546,24538827326,-367067766
20190702,"14:42:59","SH","NB",12085879780,12452947546,24538827326,-367067766
20190702,"14:42:59","SZ","NB",11965149949,10401017569,22366167518,1564132380
20190702,"14:42:59","SZ","NB",11965149949,10401017569,22366167518,1564132380
20190702,"14:43:59","SH","NB",12137802802,12516623115,24654425917,-378820313
20190702,"14:43:59","SH","NB",12137802802,12516623115,24654425917,-378820313
20190702,"14:43:59","SZ","NB",12006773034,10440601639,22447374673,1566171395
20190702,"14:43:59","SZ","NB",12006773034,10440601639,22447374673,1566171395
20190702,"14:44:59","SH","NB",12189966417,12575240147,24765206564,-385273730
20190702,"14:44:59","SH","NB",12189966417,12575240147,24765206564,-385273730
20190702,"14:44:59","SZ","NB",12060488012,10492937642,22553425654,1567550370
20190702,"14:44:59","SZ","NB",12060488012,10492937642,22553425654,1567550370
20190702,"14:45:59","SH","NB",12257325957,12625085494,24882411451,-367759537
20190702,"14:45:59","SH","NB",12257325957,12625085494,24882411451,-367759537
20190702,"14:45:59","SZ","NB",12115179546,10541515126,22656694672,1573664420
20190702,"14:45:59","SZ","NB",12115179546,10541515126,22656694672,1573664420
20190702,"14:46:59","SZ","NB",12159405746,10595416021,22754821767,1563989725
20190702,"14:46:59","SZ","NB",12159405746,10595416021,22754821767,1563989725
20190702,"14:46:59","SH","NB",12308312384,12680770847,24989083231,-372458463
20190702,"14:46:59","SH","NB",12308312384,12680770847,24989083231,-372458463
20190702,"14:47:59","SH","NB",12368917484,12755571097,25124488581,-386653613
20190702,"14:47:59","SH","NB",12368917484,12755571097,25124488581,-386653613
20190702,"14:47:59","SZ","NB",12207996384,10653795666,22861792050,1554200718
20190702,"14:47:59","SZ","NB",12207996384,10653795666,22861792050,1554200718
20190702,"14:48:59","SH","NB",12417098050,12819395918,25236493968,-402297868
20190702,"14:48:59","SH","NB",12417098050,12819395918,25236493968,-402297868
20190702,"14:48:59","SZ","NB",12256859158,10720472788,22977331946,1536386370
20190702,"14:48:59","SZ","NB",12256859158,10720472788,22977331946,1536386370
20190702,"14:49:59","SH","NB",12480188724,12884329558,25364518282,-404140834
20190702,"14:49:59","SH","NB",12480188724,12884329558,25364518282,-404140834
20190702,"14:49:59","SZ","NB",12315377676,10767541718,23082919394,1547835958
20190702,"14:49:59","SZ","NB",12315377676,10767541718,23082919394,1547835958
20190702,"14:50:59","SH","NB",12546935461,12949907190,25496842651,-402971729
20190702,"14:50:59","SH","NB",12546935461,12949907190,25496842651,-402971729
20190702,"14:50:59","SZ","NB",12382107969,10811795129,23193903098,1570312840
20190702,"14:50:59","SZ","NB",12382107969,10811795129,23193903098,1570312840
20190702,"14:51:59","SZ","NB",12433341994,10859989948,23293331942,1573352046
20190702,"14:51:59","SZ","NB",12433341994,10859989948,23293331942,1573352046
20190702,"14:51:59","SH","NB",12599025916,13005160378,25604186294,-406134462
20190702,"14:51:59","SH","NB",12599025916,13005160378,25604186294,-406134462
20190702,"14:52:59","SH","NB",12655033434,13078351350,25733384784,-423317916
20190702,"14:52:59","SH","NB",12655033434,13078351350,25733384784,-423317916
20190702,"14:52:59","SZ","NB",12493299877,10912331464,23405631341,1580968413
20190702,"14:52:59","SZ","NB",12493299877,10912331464,23405631341,1580968413
20190702,"14:53:59","SH","NB",12740033312,13142749153,25882782465,-402715841
20190702,"14:53:59","SH","NB",12740033312,13142749153,25882782465,-402715841
20190702,"14:53:59","SZ","NB",12551659691,10979943921,23531603612,1571715770
20190702,"14:53:59","SZ","NB",12551659691,10979943921,23531603612,1571715770
20190702,"14:54:59","SH","NB",12799813076,13210814173,26010627249,-411001097
20190702,"14:54:59","SH","NB",12799813076,13210814173,26010627249,-411001097
20190702,"14:54:59","SZ","NB",12610629008,11031056242,23641685250,1579572766
20190702,"14:54:59","SZ","NB",12610629008,11031056242,23641685250,1579572766
20190702,"14:55:59","SZ","NB",12667998333,11079979281,23747977614,1588019052
20190702,"14:55:59","SZ","NB",12667998333,11079979281,23747977614,1588019052
20190702,"14:55:59","SH","NB",12846244240,13277709251,26123953491,-431465011
20190702,"14:55:59","SH","NB",12846244240,13277709251,26123953491,-431465011
20190702,"14:56:59","SH","NB",12877724164,13335666823,26213390987,-457942659
20190702,"14:56:59","SH","NB",12877724164,13335666823,26213390987,-457942659
20190702,"14:56:59","SZ","NB",12698904392,11109521701,23808426093,1589382691
20190702,"14:56:59","SZ","NB",12698904392,11109521701,23808426093,1589382691
20190702,"14:57:59","SH","NB",12877728934,13335732810,26213461744,-458003876
20190702,"14:57:59","SH","NB",12877728934,13335732810,26213461744,-458003876
20190702,"15:00:59","SH","NB",12986884178,13493254501,26480138679,-506370323
20190702,"15:00:59","SH","NB",12986884178,13493254501,26480138679,-506370323
20190702,"15:00:59","SZ","NB",12818447576,11190269604,24008717180,1628177972
20190702,"15:00:59","SZ","NB",12818447576,11190269604,24008717180,1628177972
