dataDate,dataTime,connectMarket,tradeDirection,buyTurnover,sellTurnover,totalTurnover,netTurnover
20190417,"09:30:00","SH","NB",66629900,55428604,122058504,11201296
20190417,"09:30:00","SZ","NB",42513447,97214179,139727626,-54700732
20190417,"09:31:00","SH","NB",263357482,186576849,449934331,76780633
20190417,"09:31:00","SZ","NB",172961165,246150921,419112086,-73189756
20190417,"09:32:00","SH","NB",491446333,321974144,813420477,169472189
20190417,"09:32:00","SZ","NB",371644985,397454321,769099306,-25809336
20190417,"09:33:00","SH","NB",669953400,469052019,1139005419,200901381
20190417,"09:33:00","SZ","NB",563157242,577915126,1141072368,-14757884
20190417,"09:34:00","SZ","NB",757630130,768543997,1526174127,-10913867
20190417,"09:34:00","SH","NB",849477854,615425328,1464903182,234052526
20190417,"09:35:00","SH","NB",1055153031,715792917,1770945948,339360114
20190417,"09:35:00","SZ","NB",972600144,944388440,1916988584,28211704
20190417,"09:36:00","SH","NB",1246535803,910933900,2157469703,335601903
20190417,"09:36:00","SZ","NB",1173238413,1218125627,2391364040,-44887214
20190417,"09:37:00","SH","NB",1474616379,1095920591,2570536970,378695788
20190417,"09:37:00","SZ","NB",1415404209,1411880813,2827285022,3523396
20190417,"09:38:00","SH","NB",1589789664,1261103549,2850893213,328686115
20190417,"09:38:00","SZ","NB",1588480676,1539864404,3128345080,48616272
20190417,"09:39:00","SH","NB",1756529559,1375538599,3132068158,380990960
20190417,"09:39:00","SZ","NB",1798436158,1662688824,3461124982,135747334
20190417,"09:40:00","SZ","NB",1919988539,1762371626,3682360165,157616913
20190417,"09:40:00","SH","NB",1856657619,1464966307,3321623926,391691312
20190417,"09:41:00","SH","NB",1934873609,1638792004,3573665613,296081605
20190417,"09:41:00","SZ","NB",2024831417,1910723503,3935554920,114107914
20190417,"09:42:00","SH","NB",2020405672,1753406668,3773812340,266999004
20190417,"09:42:00","SZ","NB",2147405220,2034154201,4181559421,113251019
20190417,"09:43:00","SH","NB",2099319305,1858122156,3957441461,241197149
20190417,"09:43:00","SZ","NB",2231103407,2133967387,4365070794,97136020
20190417,"09:44:00","SH","NB",2201504080,1944892153,4146396233,256611927
20190417,"09:44:00","SZ","NB",2350888217,2211342491,4562230708,139545726
20190417,"09:45:00","SH","NB",2259108837,2034883659,4293992496,224225178
20190417,"09:45:00","SZ","NB",2450700729,2306089189,4756789918,144611540
20190417,"09:46:00","SZ","NB",2539229006,2437359682,4976588688,101869324
20190417,"09:46:00","SH","NB",2329994166,2186693491,4516687657,143300675
20190417,"09:47:00","SH","NB",2403227551,2322245036,4725472587,80982515
20190417,"09:47:00","SZ","NB",2652395188,2577865200,5230260388,74529988
20190417,"09:48:00","SH","NB",2517116553,2423920103,4941036656,93196450
20190417,"09:48:00","SZ","NB",2809117898,2693993840,5503111738,115124058
20190417,"09:49:00","SH","NB",2629634030,2494734897,5124368927,134899133
20190417,"09:49:00","SZ","NB",3003362816,2780593372,5783956188,222769444
20190417,"09:50:00","SH","NB",2733365461,2565703260,5299068721,167662201
20190417,"09:50:00","SZ","NB",3099240708,2868653682,5967894390,230587026
20190417,"09:51:00","SH","NB",2814423700,2643751073,5458174773,170672627
20190417,"09:51:00","SZ","NB",3198581235,2959652547,6158233782,238928688
20190417,"09:52:00","SH","NB",2902365342,2744854636,5647219978,157510706
20190417,"09:52:00","SZ","NB",3290543852,3059898875,6350442727,230644977
20190417,"09:53:00","SH","NB",3018684708,2862384217,5881068925,156300491
20190417,"09:53:00","SZ","NB",3378439992,3221460649,6599900641,156979343
20190417,"09:54:00","SH","NB",3097644159,3025484021,6123128180,72160138
20190417,"09:54:00","SZ","NB",3454233492,3487175284,6941408776,-32941792
20190417,"09:55:00","SH","NB",3191963679,3153388689,6345352368,38574990
20190417,"09:55:00","SZ","NB",3523424200,3667234443,7190658643,-143810243
20190417,"09:56:00","SZ","NB",3589646214,3869303454,7458949668,-279657240
20190417,"09:56:00","SH","NB",3266014483,3321083116,6587097599,-55068633
20190417,"09:57:00","SH","NB",3366441741,3437896884,6804338625,-71455143
20190417,"09:57:00","SZ","NB",3670298155,3997434537,7667732692,-327136382
20190417,"09:58:00","SH","NB",3438208834,3520186874,6958395708,-81978040
20190417,"09:58:00","SZ","NB",3740743418,4094524796,7835268214,-353781378
20190417,"09:59:00","SH","NB",3512803672,3626495123,7139298795,-113691451
20190417,"09:59:00","SZ","NB",3812608388,4253142503,8065750891,-440534115
20190417,"10:00:00","SH","NB",3615292612,3721216093,7336508705,-105923481
20190417,"10:00:00","SZ","NB",3897596465,4346332911,8243929376,-448736446
20190417,"10:01:00","SH","NB",3827429333,3799753957,7627183290,27675376
20190417,"10:01:00","SZ","NB",4044433753,4430235618,8474669371,-385801865
20190417,"10:02:00","SH","NB",3937325389,3942162662,7879488051,-4837273
20190417,"10:02:00","SZ","NB",4121136167,4597885142,8719021309,-476748975
20190417,"10:03:00","SH","NB",4014520553,4067766112,8082286665,-53245559
20190417,"10:03:00","SZ","NB",4179531248,4772652421,8952183669,-593121173
20190417,"10:04:00","SZ","NB",4229304162,4853422969,9082727131,-624118807
20190417,"10:04:00","SH","NB",4073184775,4129893176,8203077951,-56708401
20190417,"10:05:00","SH","NB",4184389640,4183734863,8368124503,654777
20190417,"10:05:00","SZ","NB",4300728580,4958577214,9259305794,-657848634
20190417,"10:06:00","SH","NB",4368892142,4240244559,8609136701,128647583
20190417,"10:06:00","SZ","NB",4389276038,5035306610,9424582648,-646030572
20190417,"10:07:00","SH","NB",4462616944,4352651709,8815268653,109965235
20190417,"10:07:00","SZ","NB",4444110748,5164606092,9608716840,-720495344
20190417,"10:08:00","SH","NB",4593071149,4424241871,9017313020,168829278
20190417,"10:08:00","SZ","NB",4536842421,5258087696,9794930117,-721245275
20190417,"10:09:00","SZ","NB",4649715119,5348401379,9998116498,-698686260
20190417,"10:09:00","SH","NB",4818464920,4504181475,9322646395,314283445
20190417,"10:10:00","SH","NB",4924220941,4729537608,9653758549,194683333
20190417,"10:10:00","SZ","NB",4701097516,5584399552,10285497068,-883302036
20190417,"10:11:00","SH","NB",4970465355,4850421125,9820886480,120044230
20190417,"10:11:00","SZ","NB",4734452827,5717097152,10451549979,-982644325
20190417,"10:12:00","SH","NB",5013948960,4920777651,9934726611,93171309
20190417,"10:12:00","SZ","NB",4774290985,5789458456,10563749441,-1015167471
20190417,"10:13:00","SH","NB",5079516885,5100118991,10179635876,-20602106
20190417,"10:13:00","SZ","NB",4808542297,5961315294,10769857591,-1152772997
20190417,"10:14:00","SH","NB",5131914984,5225365348,10357280332,-93450364
20190417,"10:14:00","SZ","NB",4841866730,6078392682,10920259412,-1236525952
20190417,"10:15:00","SZ","NB",4885205256,6242339224,11127544480,-1357133968
20190417,"10:15:00","SH","NB",5185760953,5406262460,10592023413,-220501507
20190417,"10:16:00","SH","NB",5279763189,5485572670,10765335859,-205809481
20190417,"10:16:00","SZ","NB",4950243049,6291961240,11242204289,-1341718191
20190417,"10:17:00","SH","NB",5348532550,5544388493,10892921043,-195855943
20190417,"10:17:00","SZ","NB",4995340864,6349855820,11345196684,-1354514956
20190417,"10:18:00","SH","NB",5397601017,5580102994,10977704011,-182501977
20190417,"10:18:00","SZ","NB",5049657337,6394297303,11443954640,-1344639966
20190417,"10:19:00","SH","NB",5465892786,5621875953,11087768739,-155983167
20190417,"10:19:00","SZ","NB",5130830750,6433116590,11563947340,-1302285840
20190417,"10:20:00","SH","NB",5522483785,5715896692,11238380477,-193412907
20190417,"10:20:00","SZ","NB",5179082887,6504124161,11683207048,-1325041274
20190417,"10:21:00","SH","NB",5603736192,5758652751,11362388943,-154916559
20190417,"10:21:00","SZ","NB",5287719570,6551275933,11838995503,-1263556363
20190417,"10:22:00","SH","NB",5651816904,5810320951,11462137855,-158504047
20190417,"10:22:00","SZ","NB",5343080221,6577698995,11920779216,-1234618774
20190417,"10:23:00","SZ","NB",5384873992,6601592108,11986466100,-1216718116
20190417,"10:23:00","SH","NB",5693997896,5834222749,11528220645,-140224853
20190417,"10:24:00","SH","NB",5730902853,5894933567,11625836420,-164030714
20190417,"10:24:00","SZ","NB",5423803056,6647839383,12071642439,-1224036327
20190417,"10:25:00","SH","NB",5763733104,5929656600,11693389704,-165923496
20190417,"10:25:00","SZ","NB",5473329626,6679446369,12152775995,-1206116743
20190417,"10:26:00","SH","NB",5798331942,5974272271,11772604213,-175940329
20190417,"10:26:00","SZ","NB",5502405201,6712138892,12214544093,-1209733691
20190417,"10:27:00","SH","NB",5826941544,6033796856,11860738400,-206855312
20190417,"10:27:00","SZ","NB",5540639291,6785238776,12325878067,-1244599485
20190417,"10:28:00","SH","NB",5861066519,6074425340,11935491859,-213358821
20190417,"10:28:00","SZ","NB",5584074859,6829567525,12413642384,-1245492666
20190417,"10:29:00","SZ","NB",5695443446,6869729211,12565172657,-1174285765
20190417,"10:29:00","SH","NB",5941866458,6114831151,12056697609,-172964693
20190417,"10:30:00","SH","NB",6038706592,6168550249,12207256841,-129843657
20190417,"10:30:00","SZ","NB",5788987704,6910085607,12699073311,-1121097903
20190417,"10:31:00","SH","NB",6074084311,6203835222,12277919533,-129750911
20190417,"10:31:00","SZ","NB",5828551296,6946034757,12774586053,-1117483461
20190417,"10:32:00","SH","NB",6104606555,6223946598,12328553153,-119340043
20190417,"10:32:00","SZ","NB",5868149352,6974815488,12842964840,-1106666136
20190417,"10:33:00","SH","NB",6137862524,6257659333,12395521857,-119796809
20190417,"10:33:00","SZ","NB",5897776549,7004843357,12902619906,-1107066808
20190417,"10:34:00","SH","NB",6180630673,6290941080,12471571753,-110310407
20190417,"10:34:00","SZ","NB",5933255345,7033983442,12967238787,-1100728097
20190417,"10:35:00","SZ","NB",5976768232,7063614740,13040382972,-1086846508
20190417,"10:35:00","SH","NB",6230259294,6317353588,12547612882,-87094294
20190417,"10:36:00","SH","NB",6321644990,6361278717,12682923707,-39633727
20190417,"10:36:00","SZ","NB",6077452654,7106044706,13183497360,-1028592052
20190417,"10:37:00","SH","NB",6368822173,6405207578,12774029751,-36385405
20190417,"10:37:00","SZ","NB",6134561868,7145238978,13279800846,-1010677110
20190417,"10:38:00","SH","NB",6413602895,6429207246,12842810141,-15604351
20190417,"10:38:00","SZ","NB",6179319886,7179490699,13358810585,-1000170813
20190417,"10:39:00","SH","NB",6458298489,6498387168,12956685657,-40088679
20190417,"10:39:00","SZ","NB",6220626526,7244691452,13465317978,-1024064926
20190417,"10:40:00","SH","NB",6495114610,6565339918,13060454528,-70225308
20190417,"10:40:00","SZ","NB",6253551140,7296073678,13549624818,-1042522538
20190417,"10:41:00","SH","NB",6607641316,6596931620,13204572936,10709696
20190417,"10:41:00","SZ","NB",6368840580,7335429455,13704270035,-966588875
20190417,"10:42:00","SH","NB",6657554678,6626531349,13284086027,31023329
20190417,"10:42:00","SZ","NB",6437221096,7362595399,13799816495,-925374303
20190417,"10:43:00","SH","NB",6696533026,6650769530,13347302556,45763496
20190417,"10:43:00","SZ","NB",6481544518,7403882221,13885426739,-922337703
20190417,"10:44:00","SH","NB",6729114020,6703190651,13432304671,25923369
20190417,"10:44:00","SZ","NB",6508289005,7473064485,13981353490,-964775480
20190417,"10:45:00","SZ","NB",6577224931,7514154102,14091379033,-936929171
20190417,"10:45:00","SH","NB",6761906139,6731635431,13493541570,30270708
20190417,"10:46:00","SH","NB",6867125229,6772374039,13639499268,94751190
20190417,"10:46:00","SZ","NB",6701763657,7553715145,14255478802,-851951488
20190417,"10:47:00","SH","NB",6926160424,6921009409,13847169833,5151015
20190417,"10:47:00","SZ","NB",6751636463,7703185727,14454822190,-951549264
20190417,"10:48:00","SH","NB",6981392319,6974116662,13955508981,7275657
20190417,"10:48:00","SZ","NB",6796296160,7757709794,14554005954,-961413634
20190417,"10:49:00","SH","NB",7019952608,7002820968,14022773576,17131640
20190417,"10:49:00","SZ","NB",6838023464,7799589857,14637613321,-961566393
20190417,"10:50:00","SZ","NB",6864760030,7897941485,14762701515,-1033181455
20190417,"10:50:00","SH","NB",7054206032,7091702241,14145908273,-37496209
20190417,"10:51:00","SH","NB",7083916044,7131805333,14215721377,-47889289
20190417,"10:51:00","SZ","NB",6893857063,7945033960,14838891023,-1051176897
20190417,"10:52:00","SH","NB",7123870147,7159218976,14283089123,-35348829
20190417,"10:52:00","SZ","NB",6921232291,7981182128,14902414419,-1059949837
20190417,"10:53:00","SH","NB",7181700864,7183251879,14364952743,-1551015
20190417,"10:53:00","SZ","NB",6948449011,8009311254,14957760265,-1060862243
20190417,"10:54:00","SH","NB",7215915592,7222761542,14438677134,-6845950
20190417,"10:54:00","SZ","NB",6977860120,8043047317,15020907437,-1065187197
20190417,"10:55:00","SH","NB",7257312599,7254707862,14512020461,2604737
20190417,"10:55:00","SZ","NB",7009692743,8070014152,15079706895,-1060321409
20190417,"10:56:00","SH","NB",7293908055,7287355270,14581263325,6552785
20190417,"10:56:00","SZ","NB",7041867439,8095385090,15137252529,-1053517651
20190417,"10:57:00","SH","NB",7359288964,7317254247,14676543211,42034717
20190417,"10:57:00","SZ","NB",7074999806,8127411636,15202411442,-1052411830
20190417,"10:58:00","SZ","NB",7094822157,8159755782,15254577939,-1064933625
20190417,"10:58:00","SH","NB",7382471871,7342079818,14724551689,40392053
20190417,"10:59:00","SH","NB",7407860112,7368718424,14776578536,39141688
20190417,"10:59:00","SZ","NB",7121505257,8196315828,15317821085,-1074810571
20190417,"11:00:00","SH","NB",7474506704,7393191652,14867698356,81315052
20190417,"11:00:00","SZ","NB",7208789473,8231656093,15440445566,-1022866620
20190417,"11:01:00","SH","NB",7525733831,7440848213,14966582044,84885618
20190417,"11:01:00","SZ","NB",7248041312,8306989748,15555031060,-1058948436
20190417,"11:02:00","SH","NB",7550173982,7475374299,15025548281,74799683
20190417,"11:02:00","SZ","NB",7274760789,8338483311,15613244100,-1063722522
20190417,"11:03:00","SH","NB",7577418309,7512279260,15089697569,65139049
20190417,"11:03:00","SZ","NB",7300215508,8371598380,15671813888,-1071382872
20190417,"11:04:00","SH","NB",7612308557,7564890925,15177199482,47417632
20190417,"11:04:00","SZ","NB",7322707859,8412674585,15735382444,-1089966726
20190417,"11:05:00","SH","NB",7649711945,7648150846,15297862791,1561099
20190417,"11:05:00","SZ","NB",7350826864,8477776382,15828603246,-1126949518
20190417,"11:06:00","SH","NB",7692942571,7800618204,15493560775,-107675633
20190417,"11:06:00","SZ","NB",7377653341,8617271731,15994925072,-1239618390
20190417,"11:07:00","SZ","NB",7418161777,8784090852,16202252629,-1365929075
20190417,"11:07:00","SH","NB",7759297980,8028633068,15787931048,-269335088
20190417,"11:08:00","SH","NB",7858729169,8082418881,15941148050,-223689712
20190417,"11:08:00","SZ","NB",7522066578,8832133161,16354199739,-1310066583
20190417,"11:09:00","SH","NB",7936969113,8118428559,16055397672,-181459446
20190417,"11:09:00","SZ","NB",7582588236,8864066883,16446655119,-1281478647
20190417,"11:10:00","SZ","NB",7604413681,8908501591,16512915272,-1304087910
20190417,"11:10:00","SH","NB",7981680018,8162873700,16144553718,-181193682
20190417,"11:11:00","SH","NB",8026279020,8202928996,16229208016,-176649976
20190417,"11:11:00","SZ","NB",7649813483,8942666660,16592480143,-1292853177
20190417,"11:12:00","SH","NB",8065698298,8232686422,16298384720,-166988124
20190417,"11:12:00","SZ","NB",7681048935,8961839126,16642888061,-1280790191
20190417,"11:13:00","SH","NB",8119387755,8258119259,16377507014,-138731504
20190417,"11:13:00","SZ","NB",7737827198,8982680351,16720507549,-1244853153
20190417,"11:14:00","SH","NB",8175148769,8279357072,16454505841,-104208303
20190417,"11:14:00","SZ","NB",7774793911,9013586813,16788380724,-1238792902
20190417,"11:15:00","SH","NB",8232721050,8310212006,16542933056,-77490956
20190417,"11:15:00","SZ","NB",7804678107,9041263114,16845941221,-1236585007
20190417,"11:16:00","SH","NB",8265758767,8334192323,16599951090,-68433556
20190417,"11:16:00","SZ","NB",7831962241,9066232804,16898195045,-1234270563
20190417,"11:17:00","SH","NB",8298113748,8367144709,16665258457,-69030961
20190417,"11:17:00","SZ","NB",7866516120,9096327463,16962843583,-1229811343
20190417,"11:18:00","SH","NB",8411252851,8397321842,16808574693,13931009
20190417,"11:18:00","SZ","NB",7929787266,9121483203,17051270469,-1191695937
20190417,"11:19:00","SH","NB",8502630006,8423249104,16925879110,79380902
20190417,"11:19:00","SZ","NB",8016922715,9151930721,17168853436,-1135008006
20190417,"11:20:00","SZ","NB",8057204003,9208389065,17265593068,-1151185062
20190417,"11:20:00","SH","NB",8548854844,8455410984,17004265828,93443860
20190417,"11:21:00","SH","NB",8591389831,8486928052,17078317883,104461779
20190417,"11:21:00","SZ","NB",8091591001,9251209382,17342800383,-1159618381
20190417,"11:22:00","SH","NB",8625237216,8525287870,17150525086,99949346
20190417,"11:22:00","SZ","NB",8115008547,9284885290,17399893837,-1169876743
20190417,"11:23:00","SH","NB",8646775597,8557784472,17204560069,88991125
20190417,"11:23:00","SZ","NB",8137531272,9316060584,17453591856,-1178529312
20190417,"11:24:00","SH","NB",8676937706,8584139663,17261077369,92798043
20190417,"11:24:00","SZ","NB",8158964055,9338696948,17497661003,-1179732893
20190417,"11:25:00","SH","NB",8712249525,8615638370,17327887895,96611155
20190417,"11:25:00","SZ","NB",8177985303,9361484836,17539470139,-1183499533
20190417,"11:26:00","SH","NB",8736977491,8651503439,17388480930,85474052
20190417,"11:26:00","SZ","NB",8194472530,9389615267,17584087797,-1195142737
20190417,"11:27:00","SH","NB",8770575452,8684626487,17455201939,85948965
20190417,"11:27:00","SZ","NB",8218978068,9407506861,17626484929,-1188528793
20190417,"11:28:00","SH","NB",8794133890,8714255039,17508388929,79878851
20190417,"11:28:00","SZ","NB",8246284335,9434500379,17680784714,-1188216044
20190417,"11:29:00","SH","NB",8820358148,8737049625,17557407773,83308523
20190417,"11:29:00","SZ","NB",8264340382,9455953425,17720293807,-1191613043
20190417,"11:30:00","SZ","NB",8291511666,9470047474,17761559140,-1178535808
20190417,"11:30:00","SH","NB",8853121021,8755107739,17608228760,98013282
20190417,"11:31:00","SH","NB",8853203502,8755177391,17608380893,98026111
20190417,"11:31:00","SZ","NB",8291521908,9470047474,17761569382,-1178525566
20190417,"13:01:00","SZ","NB",8433201512,9554440470,17987641982,-1121238958
20190417,"13:01:00","SH","NB",8993024230,8819897327,17812921557,173126903
20190417,"13:02:00","SH","NB",9042287389,8885086325,17927373714,157201064
20190417,"13:02:00","SZ","NB",8484767597,9609873184,18094640781,-1125105587
20190417,"13:03:00","SH","NB",9094779357,8916396893,18011176250,178382464
20190417,"13:03:00","SZ","NB",8533230998,9646789848,18180020846,-1113558850
20190417,"13:04:00","SH","NB",9143663045,8954961413,18098624458,188701632
20190417,"13:04:00","SZ","NB",8571456605,9676936999,18248393604,-1105480394
20190417,"13:05:00","SH","NB",9193969402,9000551722,18194521124,193417680
20190417,"13:05:00","SZ","NB",8607379065,9708593111,18315972176,-1101214046
20190417,"13:06:00","SH","NB",9230232879,9035936490,18266169369,194296389
20190417,"13:06:00","SZ","NB",8662402805,9737964196,18400367001,-1075561391
20190417,"13:07:00","SH","NB",9260183718,9076626182,18336809900,183557536
20190417,"13:07:00","SZ","NB",8705592025,9791512411,18497104436,-1085920386
20190417,"13:08:00","SH","NB",9297208802,9153370509,18450579311,143838293
20190417,"13:08:00","SZ","NB",8750442234,9865689532,18616131766,-1115247298
20190417,"13:09:00","SH","NB",9334908580,9193922194,18528830774,140986386
20190417,"13:09:00","SZ","NB",8780873470,9907346498,18688219968,-1126473028
20190417,"13:10:00","SH","NB",9396326142,9226218080,18622544222,170108062
20190417,"13:10:00","SZ","NB",8850365994,9945881755,18796247749,-1095515761
20190417,"13:11:00","SZ","NB",8907155389,9984174916,18891330305,-1077019527
20190417,"13:11:00","SH","NB",9434765194,9269474603,18704239797,165290591
20190417,"13:12:00","SH","NB",9463288620,9304325023,18767613643,158963597
20190417,"13:12:00","SZ","NB",8934985575,10016741942,18951727517,-1081756367
20190417,"13:13:00","SH","NB",9501439558,9341960250,18843399808,159479308
20190417,"13:13:00","SZ","NB",8989209795,10048215972,19037425767,-1059006177
20190417,"13:14:00","SZ","NB",9027781184,10118811438,19146592622,-1091030254
20190417,"13:14:00","SH","NB",9534148902,9413452433,18947601335,120696469
20190417,"13:15:00","SH","NB",9559442098,9447786111,19007228209,111655987
20190417,"13:15:00","SZ","NB",9051680503,10152760035,19204440538,-1101079532
20190417,"13:16:00","SH","NB",9590552891,9487909436,19078462327,102643455
20190417,"13:16:00","SZ","NB",9086848925,10198397502,19285246427,-1111548577
20190417,"13:17:00","SH","NB",9627739938,9543458440,19171198378,84281498
20190417,"13:17:00","SZ","NB",9119189399,10242241407,19361430806,-1123052008
20190417,"13:18:00","SH","NB",9656771728,9589911156,19246682884,66860572
20190417,"13:18:00","SZ","NB",9142563400,10287784666,19430348066,-1145221266
20190417,"13:19:00","SZ","NB",9169301293,10335416496,19504717789,-1166115203
20190417,"13:19:00","SH","NB",9683925843,9632252891,19316178734,51672952
20190417,"13:20:00","SH","NB",9717938327,9659090622,19377028949,58847705
20190417,"13:20:00","SZ","NB",9202344874,10368347392,19570692266,-1166002518
20190417,"13:21:00","SH","NB",9752927101,9686994269,19439921370,65932832
20190417,"13:21:00","SZ","NB",9241648467,10405588890,19647237357,-1163940423
20190417,"13:22:00","SH","NB",9793942513,9711643423,19505585936,82299090
20190417,"13:22:00","SZ","NB",9278900536,10434398249,19713298785,-1155497713
20190417,"13:23:00","SH","NB",9859748962,9745240718,19604989680,114508244
20190417,"13:23:00","SZ","NB",9328257828,10474155811,19802413639,-1145897983
20190417,"13:24:00","SH","NB",9914601769,9775669517,19690271286,138932252
20190417,"13:24:00","SZ","NB",9375994311,10510727921,19886722232,-1134733610
20190417,"13:25:00","SH","NB",10036269726,9827253106,19863522832,209016620
20190417,"13:25:00","SZ","NB",9476824894,10553817595,20030642489,-1076992701
20190417,"13:26:00","SH","NB",10154317213,9894787193,20049104406,259530020
20190417,"13:26:00","SZ","NB",9545980030,10619569946,20165549976,-1073589916
20190417,"13:27:00","SZ","NB",9593051992,10735545403,20328597395,-1142493411
20190417,"13:27:00","SH","NB",10225120297,10039141185,20264261482,185979112
20190417,"13:28:00","SH","NB",10260868057,10099423246,20360291303,161444811
20190417,"13:28:00","SZ","NB",9620051312,10791561413,20411612725,-1171510101
20190417,"13:29:00","SH","NB",10291714085,10134049112,20425763197,157664973
20190417,"13:29:00","SZ","NB",9654789707,10836349899,20491139606,-1181560192
20190417,"13:30:00","SH","NB",10319955977,10161379625,20481335602,158576352
20190417,"13:30:00","SZ","NB",9684787960,10867799735,20552587695,-1183011775
20190417,"13:31:00","SH","NB",10358666756,10201904396,20560571152,156762360
20190417,"13:31:00","SZ","NB",9711408757,10907472341,20618881098,-1196063584
20190417,"13:32:00","SH","NB",10386148229,10250183418,20636331647,135964811
20190417,"13:32:00","SZ","NB",9742315491,10945741333,20688056824,-1203425842
20190417,"13:33:00","SH","NB",10415829242,10289537626,20705366868,126291616
20190417,"13:33:00","SZ","NB",9777935500,10977636696,20755572196,-1199701196
20190417,"13:34:00","SZ","NB",9834939341,11009924504,20844863845,-1174985163
20190417,"13:34:00","SH","NB",10480018098,10323776108,20803794206,156241990
20190417,"13:35:00","SH","NB",10537672798,10394882179,20932554977,142790619
20190417,"13:35:00","SZ","NB",9876899041,11078919586,20955818627,-1202020545
20190417,"13:36:00","SH","NB",10587576013,10431391825,21018967838,156184188
20190417,"13:36:00","SZ","NB",9907169681,11109279060,21016448741,-1202109379
20190417,"13:37:00","SH","NB",10636165937,10470256035,21106421972,165909902
20190417,"13:37:00","SZ","NB",9937112140,11145685666,21082797806,-1208573526
20190417,"13:38:00","SH","NB",10659930376,10510869358,21170799734,149061018
20190417,"13:38:00","SZ","NB",9957763454,11194713673,21152477127,-1236950219
20190417,"13:39:00","SH","NB",10688281865,10553101148,21241383013,135180717
20190417,"13:39:00","SZ","NB",9976378487,11231590814,21207969301,-1255212327
20190417,"13:40:00","SZ","NB",10002867089,11264987469,21267854558,-1262120380
20190417,"13:40:00","SH","NB",10721206945,10594059360,21315266305,127147585
20190417,"13:41:00","SH","NB",10760263050,10619985016,21380248066,140278034
20190417,"13:41:00","SZ","NB",10037160918,11290913816,21328074734,-1253752898
20190417,"13:42:00","SH","NB",10798176030,10646933122,21445109152,151242908
20190417,"13:42:00","SZ","NB",10078067252,11315292429,21393359681,-1237225177
20190417,"13:43:00","SH","NB",10821825730,10678057026,21499882756,143768704
20190417,"13:43:00","SZ","NB",10106966935,11341038164,21448005099,-1234071229
20190417,"13:44:00","SH","NB",10856456417,10702935632,21559392049,153520785
20190417,"13:44:00","SZ","NB",10141060537,11375045172,21516105709,-1233984635
20190417,"13:45:00","SH","NB",10892983382,10732441669,21625425051,160541713
20190417,"13:45:00","SZ","NB",10183248176,11398645572,21581893748,-1215397396
20190417,"13:46:00","SH","NB",10926791354,10759162668,21685954022,167628686
20190417,"13:46:00","SZ","NB",10215967723,11432901480,21648869203,-1216933757
20190417,"13:47:00","SH","NB",10964309006,10788001928,21752310934,176307078
20190417,"13:47:00","SZ","NB",10244030570,11469002102,21713032672,-1224971532
20190417,"13:48:00","SH","NB",11014457396,10821591723,21836049119,192865673
20190417,"13:48:00","SZ","NB",10280006257,11504707429,21784713686,-1224701172
20190417,"13:49:00","SZ","NB",10323639002,11545460536,21869099538,-1221821534
20190417,"13:49:00","SH","NB",11062276406,10868943288,21931219694,193333118
20190417,"13:50:00","SH","NB",11103047918,10897859178,22000907096,205188740
20190417,"13:50:00","SZ","NB",10355054642,11578264597,21933319239,-1223209955
20190417,"13:51:00","SH","NB",11174694185,10935715493,22110409678,238978692
20190417,"13:51:00","SZ","NB",10418595572,11607338460,22025934032,-1188742888
20190417,"13:52:00","SH","NB",11231822944,10979395048,22211217992,252427896
20190417,"13:52:00","SZ","NB",10486242265,11649994153,22136236418,-1163751888
20190417,"13:53:00","SH","NB",11269691825,11033825146,22303516971,235866679
20190417,"13:53:00","SZ","NB",10511399992,11714373686,22225773678,-1202973694
20190417,"13:54:00","SH","NB",11311303778,11094312899,22405616677,216990879
20190417,"13:54:00","SZ","NB",10529084795,11767543162,22296627957,-1238458367
20190417,"13:55:00","SH","NB",11340894478,11136386119,22477280597,204508359
20190417,"13:55:00","SZ","NB",10553759032,11812423012,22366182044,-1258663980
20190417,"13:56:00","SH","NB",11379400598,11240845870,22620246468,138554728
20190417,"13:56:00","SZ","NB",10586299899,11901716906,22488016805,-1315417007
20190417,"13:57:00","SH","NB",11416890107,11333188735,22750078842,83701372
20190417,"13:57:00","SZ","NB",10611331953,11982548198,22593880151,-1371216245
20190417,"13:58:00","SH","NB",11444433197,11368195077,22812628274,76238120
20190417,"13:58:00","SZ","NB",10636127804,12023348969,22659476773,-1387221165
20190417,"13:59:00","SZ","NB",10669829460,12058797546,22728627006,-1388968086
20190417,"13:59:00","SH","NB",11474767021,11401193195,22875960216,73573826
20190417,"14:00:00","SH","NB",11505059212,11426297735,22931356947,78761477
20190417,"14:00:00","SZ","NB",10696319814,12087156256,22783476070,-1390836442
20190417,"14:01:00","SH","NB",11534514768,11458918826,22993433594,75595942
20190417,"14:01:00","SZ","NB",10719427364,12120230753,22839658117,-1400803389
20190417,"14:02:00","SH","NB",11571760008,11502221740,23073981748,69538268
20190417,"14:02:00","SZ","NB",10739277419,12169578887,22908856306,-1430301468
20190417,"14:03:00","SH","NB",11602344084,11536491591,23138835675,65852493
20190417,"14:03:00","SZ","NB",10760091017,12201324430,22961415447,-1441233413
20190417,"14:04:00","SZ","NB",10799658947,12230793650,23030452597,-1431134703
20190417,"14:04:00","SH","NB",11654602847,11569086326,23223689173,85516521
20190417,"14:05:00","SH","NB",11692850537,11603764238,23296614775,89086299
20190417,"14:05:00","SZ","NB",10831491703,12250954755,23082446458,-1419463052
20190417,"14:06:00","SH","NB",11722713337,11632242766,23354956103,90470571
20190417,"14:06:00","SZ","NB",10853790454,12281412821,23135203275,-1427622367
20190417,"14:07:00","SH","NB",11750879131,11659131186,23410010317,91747945
20190417,"14:07:00","SZ","NB",10895325068,12309364398,23204689466,-1414039330
20190417,"14:08:00","SZ","NB",10931260694,12331117571,23262378265,-1399856877
20190417,"14:08:00","SH","NB",11778135136,11680481618,23458616754,97653518
20190417,"14:09:00","SH","NB",11818813144,11708383927,23527197071,110429217
20190417,"14:09:00","SZ","NB",10965021912,12359996207,23325018119,-1394974295
20190417,"14:10:00","SH","NB",12145136182,11756695676,23901831858,388440506
20190417,"14:10:00","SZ","NB",11256211566,12412164447,23668376013,-1155952881
20190417,"14:11:00","SH","NB",12257344024,11807913549,24065257573,449430475
20190417,"14:11:00","SZ","NB",11385139650,12470466343,23855605993,-1085326693
20190417,"14:12:00","SH","NB",12313047513,11897647904,24210695417,415399609
20190417,"14:12:00","SZ","NB",11421528284,12565295504,23986823788,-1143767220
20190417,"14:13:00","SZ","NB",11460334555,12769498933,24229833488,-1309164378
20190417,"14:13:00","SH","NB",12398532812,12270929866,24669462678,127602946
20190417,"14:14:00","SH","NB",12454232494,12449097230,24903329724,5135264
20190417,"14:14:00","SZ","NB",11504105993,12897251260,24401357253,-1393145267
20190417,"14:15:00","SH","NB",12478641357,12494983283,24973624640,-16341926
20190417,"14:15:00","SZ","NB",11531767808,12935527446,24467295254,-1403759638
20190417,"14:16:00","SH","NB",12520480946,12714749089,25235230035,-194268143
20190417,"14:16:00","SZ","NB",11554473073,13068982074,24623455147,-1514509001
20190417,"14:17:00","SH","NB",12573645355,12844973128,25418618483,-271327773
20190417,"14:17:00","SZ","NB",11603533088,13167546229,24771079317,-1564013141
20190417,"14:18:00","SH","NB",12614502901,12927535720,25542038621,-313032819
20190417,"14:18:00","SZ","NB",11642512174,13230758388,24873270562,-1588246214
20190417,"14:19:00","SH","NB",12661985030,12963987767,25625972797,-302002737
20190417,"14:19:00","SZ","NB",11693229699,13264291197,24957520896,-1571061498
20190417,"14:20:00","SH","NB",12713579502,12992599865,25706179367,-279020363
20190417,"14:20:00","SZ","NB",11745698567,13293077659,25038776226,-1547379092
20190417,"14:21:00","SH","NB",12754267517,13066875793,25821143310,-312608276
20190417,"14:21:00","SZ","NB",11769690624,13342935009,25112625633,-1573244385
20190417,"14:22:00","SZ","NB",11793179645,13377814573,25170994218,-1584634928
20190417,"14:22:00","SH","NB",12776167501,13103828258,25879995759,-327660757
20190417,"14:23:00","SH","NB",12804341050,13161609265,25965950315,-357268215
20190417,"14:23:00","SZ","NB",11821657911,13435808374,25257466285,-1614150463
20190417,"14:24:00","SH","NB",12829822503,13215119652,26044942155,-385297149
20190417,"14:24:00","SZ","NB",11869499056,13485473778,25354972834,-1615974722
20190417,"14:25:00","SH","NB",12863625329,13258106220,26121731549,-394480891
20190417,"14:25:00","SZ","NB",11906544298,13524385446,25430929744,-1617841148
20190417,"14:26:00","SH","NB",12956766781,13294019755,26250786536,-337252974
20190417,"14:26:00","SZ","NB",11991643585,13570138325,25561781910,-1578494740
20190417,"14:27:00","SH","NB",13032081922,13326619112,26358701034,-294537190
20190417,"14:27:00","SZ","NB",12040219801,13602058627,25642278428,-1561838826
20190417,"14:28:00","SH","NB",13072313480,13351094976,26423408456,-278781496
20190417,"14:28:00","SZ","NB",12076737215,13637830258,25714567473,-1561093043
20190417,"14:29:00","SH","NB",13096055976,13382637587,26478693563,-286581611
20190417,"14:29:00","SZ","NB",12101267938,13668118379,25769386317,-1566850441
20190417,"14:30:00","SH","NB",13116465934,13405443153,26521909087,-288977219
20190417,"14:30:00","SZ","NB",12119109520,13695099133,25814208653,-1575989613
20190417,"14:31:00","SZ","NB",12140946035,13754620958,25895566993,-1613674923
20190417,"14:31:00","SH","NB",13152854153,13462634034,26615488187,-309779881
20190417,"14:32:00","SH","NB",13194536218,13489848219,26684384437,-295312001
20190417,"14:32:00","SZ","NB",12174619456,13788894906,25963514362,-1614275450
20190417,"14:33:00","SH","NB",13226991277,13516236025,26743227302,-289244748
20190417,"14:33:00","SZ","NB",12198834600,13813901167,26012735767,-1615066567
20190417,"14:34:00","SH","NB",13301304956,13550502260,26851807216,-249197304
20190417,"14:34:00","SZ","NB",12259915410,13849489053,26109404463,-1589573643
20190417,"14:35:00","SH","NB",13368779651,13577359096,26946138747,-208579445
20190417,"14:35:00","SZ","NB",12328878247,13879407676,26208285923,-1550529429
20190417,"14:36:00","SH","NB",13461083637,13608045943,27069129580,-146962306
20190417,"14:36:00","SZ","NB",12431030632,13919109728,26350140360,-1488079096
20190417,"14:37:00","SZ","NB",12469919826,13956086349,26426006175,-1486166523
20190417,"14:37:00","SH","NB",13510483637,13647815284,27158298921,-137331647
20190417,"14:38:00","SH","NB",13546511020,13700218629,27246729649,-153707609
20190417,"14:38:00","SZ","NB",12497918374,13990871139,26488789513,-1492952765
20190417,"14:39:00","SH","NB",13635023568,13744773696,27379797264,-109750128
20190417,"14:39:00","SZ","NB",12537596126,14024134389,26561730515,-1486538263
20190417,"14:40:00","SZ","NB",12571756435,14050842503,26622598938,-1479086068
20190417,"14:40:00","SH","NB",13681284048,13771733291,27453017339,-90449243
20190417,"14:41:00","SH","NB",13847836836,13813593059,27661429895,34243777
20190417,"14:41:00","SZ","NB",12651765615,14087186518,26738952133,-1435420903
20190417,"14:42:00","SH","NB",13942243049,13852518077,27794761126,89724972
20190417,"14:42:00","SZ","NB",12696291278,14125016271,26821307549,-1428724993
20190417,"14:43:00","SH","NB",13983962061,13898520915,27882482976,85441146
20190417,"14:43:00","SZ","NB",12722784478,14172904065,26895688543,-1450119587
20190417,"14:44:00","SH","NB",14015648497,13947710405,27963358902,67938092
20190417,"14:44:00","SZ","NB",12745637055,14216757704,26962394759,-1471120649
20190417,"14:45:00","SH","NB",14062463717,13989817061,28052280778,72646656
20190417,"14:45:00","SZ","NB",12775291226,14252755008,27028046234,-1477463782
20190417,"14:46:00","SH","NB",14119328844,14041909340,28161238184,77419504
20190417,"14:46:00","SZ","NB",12814918503,14294288374,27109206877,-1479369871
20190417,"14:47:00","SH","NB",14158991932,14092487132,28251479064,66504800
20190417,"14:47:00","SZ","NB",12848290789,14321915339,27170206128,-1473624550
20190417,"14:48:00","SH","NB",14201023859,14149241642,28350265501,51782217
20190417,"14:48:00","SZ","NB",12882620232,14369986514,27252606746,-1487366282
20190417,"14:49:00","SZ","NB",12919595254,14407589757,27327185011,-1487994503
20190417,"14:49:00","SH","NB",14233986612,14195666379,28429652991,38320233
20190417,"14:50:00","SH","NB",14276809267,14238197121,28515006388,38612146
20190417,"14:50:00","SZ","NB",12963746059,14438025779,27401771838,-1474279720
20190417,"14:51:00","SZ","NB",13010264064,14474948562,27485212626,-1464684498
20190417,"14:51:00","SH","NB",14326239918,14310113115,28636353033,16126803
20190417,"14:52:00","SH","NB",14377218790,14398105728,28775324518,-20886938
20190417,"14:52:00","SZ","NB",13053749342,14531537906,27585287248,-1477788564
20190417,"14:53:00","SH","NB",14420032612,14469119330,28889151942,-49086718
20190417,"14:53:00","SZ","NB",13099350137,14567305779,27666655916,-1467955642
20190417,"14:54:00","SH","NB",14477662372,14519556622,28997218994,-41894250
20190417,"14:54:00","SZ","NB",13151358450,14608004396,27759362846,-1456645946
20190417,"14:55:00","SH","NB",14522801596,14587540880,29110342476,-64739284
20190417,"14:55:00","SZ","NB",13192953725,14661367195,27854320920,-1468413470
20190417,"14:56:00","SH","NB",14558314353,14668876642,29227190995,-110562289
20190417,"14:56:00","SZ","NB",13235224392,14719675530,27954899922,-1484451138
20190417,"14:57:00","SH","NB",14587941751,14741067933,29329009684,-153126182
20190417,"14:57:00","SZ","NB",13274538693,14785093971,28059632664,-1510555278
20190417,"14:58:00","SH","NB",14587955281,14741084120,29329039401,-153128839
20190417,"14:58:00","SZ","NB",13274539755,14785093971,28059633726,-1510554216
20190417,"15:01:00","SH","NB",14703268936,14980352726,29683621662,-277083790
20190417,"15:01:00","SZ","NB",13352813344,14953287679,28306101023,-1600474335
