dataDate,dataTime,connectMarket,tradeDirection,buyTurnover,sellTurnover,totalTurnover,netTurnover
20200619,"09:30:01","SH","NB",141791400,75476473,217267873,66314927
20200619,"09:30:01","SZ","NB",168908022,109441707,278349729,59466315
20200619,"09:31:01","SH","NB",339602774,232059749,571662523,107543025
20200619,"09:31:01","SZ","NB",569422241,411297374,980719615,158124867
20200619,"09:32:01","SH","NB",657969171,366372266,1024341437,291596905
20200619,"09:32:01","SZ","NB",1078255648,703869691,1782125339,374385957
20200619,"09:33:01","SZ","NB",1402724144,1065785116,2468509260,336939028
20200619,"09:33:01","SH","NB",945314780,537439600,1482754380,407875180
20200619,"09:34:01","SH","NB",1194212395,697387281,1891599676,496825114
20200619,"09:34:01","SZ","NB",1761895587,1471306334,3233201921,290589253
20200619,"09:35:01","SH","NB",1394763217,849067266,2243830483,545695951
20200619,"09:35:01","SZ","NB",2072260406,1795967249,3868227655,276293157
20200619,"09:36:01","SH","NB",1593801365,981265727,2575067092,612535638
20200619,"09:36:01","SZ","NB",2366147566,2135833757,4501981323,230313809
20200619,"09:37:01","SH","NB",1887986448,1072689982,2960676430,815296466
20200619,"09:37:01","SZ","NB",2760306177,2328978808,5089284985,431327369
20200619,"09:38:01","SH","NB",2058066819,1171816704,3229883523,886250115
20200619,"09:38:01","SZ","NB",3031650384,2551864187,5583514571,479786197
20200619,"09:39:01","SH","NB",2203664874,1272651455,3476316329,931013419
20200619,"09:39:01","SZ","NB",3276970473,2728533525,6005503998,548436948
20200619,"09:40:01","SZ","NB",3566627588,2875269720,6441897308,691357868
20200619,"09:40:01","SH","NB",2382264633,1361252735,3743517368,1021011898
20200619,"09:41:01","SH","NB",2549713520,1454954590,4004668110,1094758930
20200619,"09:41:01","SZ","NB",3861691021,3074357892,6936048913,787333129
20200619,"09:42:01","SH","NB",2703641408,1572472626,4276114034,1131168782
20200619,"09:42:01","SZ","NB",4102498927,3272116785,7374615712,830382142
20200619,"09:43:01","SH","NB",2909878447,1652024788,4561903235,1257853659
20200619,"09:43:01","SZ","NB",4364636249,3413091429,7777727678,951544820
20200619,"09:44:01","SH","NB",3070436087,1719713997,4790150084,1350722090
20200619,"09:44:01","SZ","NB",4549033696,3563381335,8112415031,985652361
20200619,"09:45:01","SZ","NB",4757442657,3708094090,8465536747,1049348567
20200619,"09:45:01","SH","NB",3231709962,1803337925,5035047887,1428372037
20200619,"09:46:01","SH","NB",3380721429,1919964859,5300686288,1460756570
20200619,"09:46:01","SZ","NB",4998082336,3938281425,8936363761,1059800911
20200619,"09:47:01","SH","NB",3486829019,2033123563,5519952582,1453705456
20200619,"09:47:01","SZ","NB",5140163618,4107746940,9247910558,1032416678
20200619,"09:48:01","SH","NB",3650300060,2126161505,5776461565,1524138555
20200619,"09:48:01","SZ","NB",5355934934,4222765148,9578700082,1133169786
20200619,"09:49:01","SH","NB",3895003443,2200390135,6095393578,1694613308
20200619,"09:49:01","SZ","NB",5639083399,4326961250,9966044649,1312122149
20200619,"09:50:01","SH","NB",4102073796,2311553143,6413626939,1790520653
20200619,"09:50:01","SZ","NB",5802855004,4520197256,10323052260,1282657748
20200619,"09:51:01","SH","NB",4256350792,2429149612,6685500404,1827201180
20200619,"09:51:01","SZ","NB",5991002695,4702135910,10693138605,1288866785
20200619,"09:52:01","SZ","NB",6142309778,4899532775,11041842553,1242777003
20200619,"09:52:01","SH","NB",4380575322,2562548159,6943123481,1818027163
20200619,"09:53:01","SH","NB",4533561001,2645867793,7179428794,1887693208
20200619,"09:53:01","SZ","NB",6343805860,5036628794,11380434654,1307177066
20200619,"09:54:01","SH","NB",4655747314,2735272924,7391020238,1920474390
20200619,"09:54:01","SZ","NB",6547085879,5142774576,11689860455,1404311303
20200619,"09:55:01","SH","NB",4768667823,2831105585,7599773408,1937562238
20200619,"09:55:01","SZ","NB",6684791152,5267060639,11951851791,1417730513
20200619,"09:56:01","SH","NB",4886330331,2909105272,7795435603,1977225059
20200619,"09:56:01","SZ","NB",6853813209,5395056001,12248869210,1458757208
20200619,"09:57:01","SZ","NB",7071597433,5492670368,12564267801,1578927065
20200619,"09:57:01","SH","NB",5048087356,2980788934,8028876290,2067298422
20200619,"09:58:01","SH","NB",5161583420,3090897678,8252481098,2070685742
20200619,"09:58:01","SZ","NB",7197812032,5681557528,12879369560,1516254504
20200619,"09:59:01","SH","NB",5253590941,3219560968,8473151909,2034029973
20200619,"09:59:01","SZ","NB",7298587056,5852939670,13151526726,1445647386
20200619,"10:00:01","SH","NB",5373565011,3318519971,8692084982,2055045040
20200619,"10:00:01","SZ","NB",7473346261,5996255925,13469602186,1477090336
20200619,"10:01:01","SH","NB",5471199362,3390465064,8861664426,2080734298
20200619,"10:01:01","SZ","NB",7620882297,6118189488,13739071785,1502692809
20200619,"10:02:01","SH","NB",5570178260,3439811945,9009990205,2130366315
20200619,"10:02:01","SZ","NB",7750593210,6203726932,13954320142,1546866278
20200619,"10:03:01","SZ","NB",7901127357,6310817954,14211945311,1590309403
20200619,"10:03:01","SH","NB",5677696373,3508425237,9186121610,2169271136
20200619,"10:04:01","SH","NB",5767934518,3570302558,9338237076,2197631960
20200619,"10:04:01","SZ","NB",8043181926,6433486704,14476668630,1609695222
20200619,"10:05:01","SH","NB",5856049846,3648876007,9504925853,2207173839
20200619,"10:05:01","SZ","NB",8152962706,6548929447,14701892153,1604033259
20200619,"10:06:01","SH","NB",5947866674,3732527299,9680393973,2215339375
20200619,"10:06:01","SZ","NB",8310684205,6654011563,14964695768,1656672642
20200619,"10:07:01","SH","NB",6039868423,3794089542,9833957965,2245778881
20200619,"10:07:01","SZ","NB",8442574523,6735624435,15178198958,1706950088
20200619,"10:08:01","SZ","NB",8591423460,6841413485,15432836945,1750009975
20200619,"10:08:01","SH","NB",6150055156,3854176181,10004231337,2295878975
20200619,"10:09:01","SH","NB",6262499974,3926075627,10188575601,2336424347
20200619,"10:09:01","SZ","NB",8790928939,6955831716,15746760655,1835097223
20200619,"10:10:01","SH","NB",6345889619,4004410345,10350299964,2341479274
20200619,"10:10:01","SZ","NB",8940604798,7059527966,16000132764,1881076832
20200619,"10:11:01","SH","NB",6450882060,4156458398,10607340458,2294423662
20200619,"10:11:01","SZ","NB",9082374550,7240972710,16323347260,1841401840
20200619,"10:12:01","SH","NB",6546826151,4210061583,10756887734,2336764568
20200619,"10:12:01","SZ","NB",9247462249,7317047609,16564509858,1930414640
20200619,"10:13:01","SH","NB",6636644863,4268989080,10905633943,2367655783
20200619,"10:13:01","SZ","NB",9400229996,7397352944,16797582940,2002877052
20200619,"10:14:01","SH","NB",6744523276,4327289447,11071812723,2417233829
20200619,"10:14:01","SZ","NB",9568550675,7483211821,17051762496,2085338854
20200619,"10:15:01","SZ","NB",9682337725,7544730466,17227068191,2137607259
20200619,"10:15:01","SH","NB",6824064140,4365875448,11189939588,2458188692
20200619,"10:16:01","SH","NB",6916505472,4403787902,11320293374,2512717570
20200619,"10:16:01","SZ","NB",9847773271,7611065254,17458838525,2236708017
20200619,"10:17:01","SH","NB",7030467560,4437470511,11467938071,2592997049
20200619,"10:17:01","SZ","NB",9995996905,7690046039,17686042944,2305950866
20200619,"10:18:01","SZ","NB",10162492088,7761151727,17923643815,2401340361
20200619,"10:18:01","SH","NB",7177280801,4488258375,11665539176,2689022426
20200619,"10:19:01","SH","NB",7295392070,4578142095,11873534165,2717249975
20200619,"10:19:01","SZ","NB",10322533111,7967162319,18289695430,2355370792
20200619,"10:20:01","SH","NB",7386980131,4634114092,12021094223,2752866039
20200619,"10:20:01","SZ","NB",10437475208,8062099913,18499575121,2375375295
20200619,"10:21:01","SH","NB",7524163995,4685327644,12209491639,2838836351
20200619,"10:21:01","SZ","NB",10686550364,8188118127,18874668491,2498432237
20200619,"10:22:01","SZ","NB",10853490103,8319071998,19172562101,2534418105
20200619,"10:22:01","SH","NB",7638232252,4737772294,12376004546,2900459958
20200619,"10:23:01","SH","NB",7744732859,4825670671,12570403530,2919062188
20200619,"10:23:01","SZ","NB",10982620203,8496158779,19478778982,2486461424
20200619,"10:24:01","SH","NB",7822410525,4892516573,12714927098,2929893952
20200619,"10:24:01","SZ","NB",11100402107,8611116574,19711518681,2489285533
20200619,"10:25:01","SH","NB",7907776129,4964033847,12871809976,2943742282
20200619,"10:25:01","SZ","NB",11194822376,8778748167,19973570543,2416074209
20200619,"10:26:01","SH","NB",7979764218,5044460166,13024224384,2935304052
20200619,"10:26:01","SZ","NB",11301462431,8895256944,20196719375,2406205487
20200619,"10:27:01","SH","NB",8053939318,5087681992,13141621310,2966257326
20200619,"10:27:01","SZ","NB",11418986700,8951349190,20370335890,2467637510
20200619,"10:28:01","SH","NB",8159048722,5129076902,13288125624,3029971820
20200619,"10:28:01","SZ","NB",11571150938,9021061292,20592212230,2550089646
20200619,"10:29:01","SH","NB",8242809372,5173259782,13416069154,3069549590
20200619,"10:29:01","SZ","NB",11677233235,9110040171,20787273406,2567193064
20200619,"10:30:01","SZ","NB",11776213292,9178624538,20954837830,2597588754
20200619,"10:30:01","SH","NB",8334717151,5217260294,13551977445,3117456857
20200619,"10:31:01","SH","NB",8400552706,5281516631,13682069337,3119036075
20200619,"10:31:01","SZ","NB",11868873685,9291572959,21160446644,2577300726
20200619,"10:32:01","SZ","NB",11985453990,9379193243,21364647233,2606260747
20200619,"10:32:01","SH","NB",8473339952,5327891332,13801231284,3145448620
20200619,"10:33:01","SH","NB",8715135649,5393611013,14108746662,3321524636
20200619,"10:33:01","SZ","NB",12244001544,9465692099,21709693643,2778309445
20200619,"10:34:01","SH","NB",8839539196,5455027185,14294566381,3384512011
20200619,"10:34:01","SZ","NB",12402120315,9570357656,21972477971,2831762659
20200619,"10:35:01","SH","NB",8933564777,5615781318,14549346095,3317783459
20200619,"10:35:01","SZ","NB",12527817267,9870420337,22398237604,2657396930
20200619,"10:36:01","SH","NB",9044518141,5659291295,14703809436,3385226846
20200619,"10:36:01","SZ","NB",12661531148,9943506306,22605037454,2718024842
20200619,"10:37:01","SH","NB",9132545601,5711562197,14844107798,3420983404
20200619,"10:37:01","SZ","NB",12757405203,10051122709,22808527912,2706282494
20200619,"10:38:01","SH","NB",9209398842,5765187464,14974586306,3444211378
20200619,"10:38:01","SZ","NB",12831368248,10141427346,22972795594,2689940902
20200619,"10:39:01","SH","NB",9280142588,5840104390,15120246978,3440038198
20200619,"10:39:01","SZ","NB",12904586496,10250877118,23155463614,2653709378
20200619,"10:40:01","SH","NB",9361181028,5882263668,15243444696,3478917360
20200619,"10:40:01","SZ","NB",12987326238,10334735263,23322061501,2652590975
20200619,"10:41:01","SH","NB",9438769216,5982724794,15421494010,3456044422
20200619,"10:41:01","SZ","NB",13077945735,10482702278,23560648013,2595243457
20200619,"10:42:01","SZ","NB",13255257231,10532695614,23787952845,2722561617
20200619,"10:42:01","SH","NB",9551377655,6028886550,15580264205,3522491105
20200619,"10:43:01","SH","NB",9645720298,6065568598,15711288896,3580151700
20200619,"10:43:01","SZ","NB",13404833125,10581287151,23986120276,2823545974
20200619,"10:44:01","SH","NB",9711819699,6113688899,15825508598,3598130800
20200619,"10:44:01","SZ","NB",13474529291,10652271927,24126801218,2822257364
20200619,"10:45:01","SZ","NB",13534992106,10709149135,24244141241,2825842971
20200619,"10:45:01","SH","NB",9786022502,6161786957,15947809459,3624235545
20200619,"10:46:01","SH","NB",9848448585,6197328019,16045776604,3651120566
20200619,"10:46:01","SZ","NB",13621290843,10764676115,24385966958,2856614728
20200619,"10:47:01","SH","NB",9933563632,6234713331,16168276963,3698850301
20200619,"10:47:01","SZ","NB",13709005438,10810633189,24519638627,2898372249
20200619,"10:48:01","SH","NB",10002230406,6261603749,16263834155,3740626657
20200619,"10:48:01","SZ","NB",13831167421,10850383771,24681551192,2980783650
20200619,"10:49:01","SH","NB",10128609777,6300067746,16428677523,3828542031
20200619,"10:49:01","SZ","NB",14013449653,10902322435,24915772088,3111127218
20200619,"10:50:01","SH","NB",10207490425,6342596782,16550087207,3864893643
20200619,"10:50:01","SZ","NB",14132480944,10953879276,25086360220,3178601668
20200619,"10:51:01","SH","NB",10281285556,6391281033,16672566589,3890004523
20200619,"10:51:01","SZ","NB",14252522392,11046887381,25299409773,3205635011
20200619,"10:52:01","SH","NB",10358843592,6442046279,16800889871,3916797313
20200619,"10:52:01","SZ","NB",14329852599,11156867736,25486720335,3172984863
20200619,"10:53:01","SH","NB",10423279609,6491098081,16914377690,3932181528
20200619,"10:53:01","SZ","NB",14411408301,11221461354,25632869655,3189946947
20200619,"10:54:01","SH","NB",10485686190,6521866033,17007552223,3963820157
20200619,"10:54:01","SZ","NB",14504943430,11269284420,25774227850,3235659010
20200619,"10:55:01","SZ","NB",14628980353,11318224858,25947205211,3310755495
20200619,"10:55:01","SH","NB",10640009419,6558729049,17198738468,4081280370
20200619,"10:56:01","SH","NB",10739035592,6613853933,17352889525,4125181659
20200619,"10:56:01","SZ","NB",14731109895,11401533000,26132642895,3329576895
20200619,"10:57:01","SH","NB",10806101025,6677880093,17483981118,4128220932
20200619,"10:57:01","SZ","NB",14789660843,11517408193,26307069036,3272252650
20200619,"10:58:01","SH","NB",10859117212,6711710448,17570827660,4147406764
20200619,"10:58:01","SZ","NB",14847543534,11586378079,26433921613,3261165455
20200619,"10:59:01","SH","NB",10918289393,6740913646,17659203039,4177375747
20200619,"10:59:01","SZ","NB",14922356967,11656732379,26579089346,3265624588
20200619,"11:00:01","SH","NB",10991017078,6763062041,17754079119,4227955037
20200619,"11:00:01","SZ","NB",14996280682,11699217478,26695498160,3297063204
20200619,"11:01:01","SH","NB",11087666781,6814793034,17902459815,4272873747
20200619,"11:01:01","SZ","NB",15126146114,11787201781,26913347895,3338944333
20200619,"11:02:01","SH","NB",11142624841,6877571307,18020196148,4265053534
20200619,"11:02:01","SZ","NB",15189173872,11897280682,27086454554,3291893190
20200619,"11:03:01","SZ","NB",15253348985,12005133674,27258482659,3248215311
20200619,"11:03:01","SH","NB",11199009130,6933593418,18132602548,4265415712
20200619,"11:04:01","SH","NB",11265891193,6992792395,18258683588,4273098798
20200619,"11:04:01","SZ","NB",15323702766,12088159428,27411862194,3235543338
20200619,"11:05:01","SH","NB",11329342511,7023004653,18352347164,4306337858
20200619,"11:05:01","SZ","NB",15421466338,12139203213,27560669551,3282263125
20200619,"11:06:01","SH","NB",11391105936,7059933492,18451039428,4331172444
20200619,"11:06:01","SZ","NB",15513523375,12187661955,27701185330,3325861420
20200619,"11:07:01","SH","NB",11436406100,7130821167,18567227267,4305584933
20200619,"11:07:01","SZ","NB",15575511033,12249191499,27824702532,3326319534
20200619,"11:08:01","SH","NB",11490792756,7163201297,18653994053,4327591459
20200619,"11:08:01","SZ","NB",15644715440,12293562279,27938277719,3351153161
20200619,"11:09:01","SZ","NB",15724055308,12337563387,28061618695,3386491921
20200619,"11:09:01","SH","NB",11552465556,7192413942,18744879498,4360051614
20200619,"11:10:01","SH","NB",11609601765,7218358818,18827960583,4391242947
20200619,"11:10:01","SZ","NB",15811916770,12376055856,28187972626,3435860914
20200619,"11:11:01","SH","NB",11692388896,7250818294,18943207190,4441570602
20200619,"11:11:01","SZ","NB",15919553452,12435885784,28355439236,3483667668
20200619,"11:12:01","SH","NB",11741388825,7284793678,19026182503,4456595147
20200619,"11:12:01","SZ","NB",15989231555,12508991152,28498222707,3480240403
20200619,"11:13:01","SH","NB",11792814353,7321272774,19114087127,4471541579
20200619,"11:13:01","SZ","NB",16056389072,12570718530,28627107602,3485670542
20200619,"11:14:01","SH","NB",11852931983,7352595581,19205527564,4500336402
20200619,"11:14:01","SZ","NB",16110013468,12619762647,28729776115,3490250821
20200619,"11:15:01","SH","NB",11908376947,7382398484,19290775431,4525978463
20200619,"11:15:01","SZ","NB",16196543320,12670653914,28867197234,3525889406
20200619,"11:16:01","SH","NB",11965234754,7411990313,19377225067,4553244441
20200619,"11:16:01","SZ","NB",16284337750,12730166235,29014503985,3554171515
20200619,"11:17:01","SZ","NB",16357323771,12780204150,29137527921,3577119621
20200619,"11:17:01","SH","NB",12014838822,7438338449,19453177271,4576500373
20200619,"11:18:01","SH","NB",12069877357,7513381314,19583258671,4556496043
20200619,"11:18:01","SZ","NB",16411922954,12873137022,29285059976,3538785932
20200619,"11:19:01","SH","NB",12128253333,7589102228,19717355561,4539151105
20200619,"11:19:01","SZ","NB",16472301683,12962011258,29434312941,3510290425
20200619,"11:20:01","SH","NB",12181196376,7628069936,19809266312,4553126440
20200619,"11:20:01","SZ","NB",16522542485,13007936637,29530479122,3514605848
20200619,"11:21:01","SH","NB",12243815070,7680929848,19924744918,4562885222
20200619,"11:21:01","SZ","NB",16595749724,13088322925,29684072649,3507426799
20200619,"11:22:01","SZ","NB",16681467595,13129597144,29811064739,3551870451
20200619,"11:22:01","SH","NB",12310282691,7711852984,20022135675,4598429707
20200619,"11:23:01","SH","NB",12386076128,7748036739,20134112867,4638039389
20200619,"11:23:01","SZ","NB",16768013774,13175613825,29943627599,3592399949
20200619,"11:24:01","SH","NB",12445479084,7793979634,20239458718,4651499450
20200619,"11:24:01","SZ","NB",16837819848,13266623365,30104443213,3571196483
20200619,"11:25:01","SH","NB",12508877179,7848474557,20357351736,4660402622
20200619,"11:25:01","SZ","NB",16906181547,13344081538,30250263085,3562100009
20200619,"11:26:01","SH","NB",12558286110,7891831386,20450117496,4666454724
20200619,"11:26:01","SZ","NB",16981743758,13395904423,30377648181,3585839335
20200619,"11:27:01","SH","NB",12628735332,7920221010,20548956342,4708514322
20200619,"11:27:01","SZ","NB",17073871817,13437266440,30511138257,3636605377
20200619,"11:28:01","SH","NB",12680168466,7944437856,20624606322,4735730610
20200619,"11:28:01","SZ","NB",17130155073,13469868852,30600023925,3660286221
20200619,"11:29:01","SH","NB",12719630918,7986858636,20706489554,4732772282
20200619,"11:29:01","SZ","NB",17168886164,13508904553,30677790717,3659981611
20200619,"11:30:01","SH","NB",12765424874,8020240839,20785665713,4745184035
20200619,"11:30:01","SZ","NB",17214483301,13540037777,30754521078,3674445524
20200619,"11:31:01","SZ","NB",17217571145,13542684821,30760255966,3674886324
20200619,"11:31:01","SH","NB",12770172531,8021258350,20791430881,4748914181
20200619,"13:00:01","SZ","NB",17227921115,13548722813,30776643928,3679198302
20200619,"13:01:01","SH","NB",12929629187,8098628679,21028257866,4831000508
20200619,"13:01:01","SZ","NB",17421336660,13687379909,31108716569,3733956751
20200619,"13:02:01","SH","NB",12988413111,8132029368,21120442479,4856383743
20200619,"13:02:01","SZ","NB",17543380000,13743383063,31286763063,3799996937
20200619,"13:03:01","SH","NB",13052254596,8163665958,21215920554,4888588638
20200619,"13:03:01","SZ","NB",17636505260,13801710139,31438215399,3834795121
20200619,"13:04:01","SH","NB",13111072313,8197806389,21308878702,4913265924
20200619,"13:04:01","SZ","NB",17719761074,13860298345,31580059419,3859462729
20200619,"13:05:01","SH","NB",13173457709,8240163111,21413620820,4933294598
20200619,"13:05:01","SZ","NB",17812556564,13909541410,31722097974,3903015154
20200619,"13:06:01","SZ","NB",17885949316,13981953236,31867902552,3903996080
20200619,"13:06:01","SH","NB",13236611917,8276419229,21513031146,4960192688
20200619,"13:07:01","SH","NB",13329711088,8313208280,21642919368,5016502808
20200619,"13:07:01","SZ","NB",17989485798,14040350740,32029836538,3949135058
20200619,"13:08:01","SH","NB",13391540861,8351627010,21743167871,5039913851
20200619,"13:08:01","SZ","NB",18075303880,14101236502,32176540382,3974067378
20200619,"13:09:01","SH","NB",13458711278,8412939974,21871651252,5045771304
20200619,"13:09:01","SZ","NB",18163429277,14200205513,32363634790,3963223764
20200619,"13:10:01","SH","NB",13518341018,8455147340,21973488358,5063193678
20200619,"13:10:01","SZ","NB",18242191865,14257894668,32500086533,3984297197
20200619,"13:11:01","SH","NB",13590967917,8487597106,22078565023,5103370811
20200619,"13:11:01","SZ","NB",18347590372,14314667599,32662257971,4032922773
20200619,"13:12:01","SH","NB",13654130184,8522628374,22176758558,5131501810
20200619,"13:12:01","SZ","NB",18426131421,14375031858,32801163279,4051099563
20200619,"13:13:01","SH","NB",13746512272,8558054409,22304566681,5188457863
20200619,"13:13:01","SZ","NB",18512815028,14433742937,32946557965,4079072091
20200619,"13:14:01","SZ","NB",18606558064,14479086672,33085644736,4127471392
20200619,"13:14:01","SH","NB",13839981352,8611865288,22451846640,5228116064
20200619,"13:15:01","SH","NB",13917624602,8647253443,22564878045,5270371159
20200619,"13:15:01","SZ","NB",18689876161,14528657614,33218533775,4161218547
20200619,"13:16:01","SH","NB",13984905502,8677197092,22662102594,5307708410
20200619,"13:16:01","SZ","NB",18773757258,14578305746,33352063004,4195451512
20200619,"13:17:01","SH","NB",14060235653,8715469395,22775705048,5344766258
20200619,"13:17:01","SZ","NB",18838094278,14653988183,33492082461,4184106095
20200619,"13:18:01","SH","NB",14120512471,8764140198,22884652669,5356372273
20200619,"13:18:01","SZ","NB",18907773415,14707898438,33615671853,4199874977
20200619,"13:19:01","SH","NB",14173555057,8795425553,22968980610,5378129504
20200619,"13:19:01","SZ","NB",18967496613,14759210506,33726707119,4208286107
20200619,"13:20:01","SH","NB",14258790886,8837328023,23096118909,5421462863
20200619,"13:20:01","SZ","NB",19041070039,14817634815,33858704854,4223435224
20200619,"13:21:01","SH","NB",14318718092,8892672783,23211390875,5426045309
20200619,"13:21:01","SZ","NB",19120886450,14896421005,34017307455,4224465445
20200619,"13:22:01","SZ","NB",19206014182,14955319826,34161334008,4250694356
20200619,"13:22:01","SH","NB",14388034073,8938163061,23326197134,5449871012
20200619,"13:23:01","SH","NB",14484280324,8973186009,23457466333,5511094315
20200619,"13:23:01","SZ","NB",19301576010,15006175842,34307751852,4295400168
20200619,"13:24:01","SH","NB",14590812757,9020459268,23611272025,5570353489
20200619,"13:24:01","SZ","NB",19444378830,15047262061,34491640891,4397116769
20200619,"13:25:01","SH","NB",14691448266,9063916235,23755364501,5627532031
20200619,"13:25:01","SZ","NB",19540406984,15103941676,34644348660,4436465308
20200619,"13:26:01","SH","NB",14771585918,9112458085,23884044003,5659127833
20200619,"13:26:01","SZ","NB",19614793226,15175561057,34790354283,4439232169
20200619,"13:27:01","SH","NB",14860378716,9168691685,24029070401,5691687031
20200619,"13:27:01","SZ","NB",19683621025,15245086785,34928707810,4438534240
20200619,"13:28:01","SH","NB",14933009495,9202254104,24135263599,5730755391
20200619,"13:28:01","SZ","NB",19747372478,15307780838,35055153316,4439591640
20200619,"13:29:01","SZ","NB",19874132907,15356200732,35230333639,4517932175
20200619,"13:29:01","SH","NB",15043720009,9238133490,24281853499,5805586519
20200619,"13:30:01","SH","NB",15141222404,9288227500,24429449904,5852994904
20200619,"13:30:01","SZ","NB",19975224878,15411949907,35387174785,4563274971
20200619,"13:31:01","SH","NB",15221743913,9374466633,24596210546,5847277280
20200619,"13:31:01","SZ","NB",20057486967,15546368497,35603855464,4511118470
20200619,"13:32:01","SH","NB",15297191800,9426825309,24724017109,5870366491
20200619,"13:32:01","SZ","NB",20141175262,15614230086,35755405348,4526945176
20200619,"13:33:01","SH","NB",15367739169,9479653787,24847392956,5888085382
20200619,"13:33:01","SZ","NB",20222623978,15704789987,35927413965,4517833991
20200619,"13:34:01","SZ","NB",20332592994,15765185193,36097778187,4567407801
20200619,"13:34:01","SH","NB",15476639910,9524885473,25001525383,5951754437
20200619,"13:35:01","SH","NB",15539028641,9564614331,25103642972,5974414310
20200619,"13:35:01","SZ","NB",20426568781,15820194874,36246763655,4606373907
20200619,"13:36:01","SH","NB",15591127573,9597876773,25189004346,5993250800
20200619,"13:36:01","SZ","NB",20504037129,15889983519,36394020648,4614053610
20200619,"13:37:01","SH","NB",15641957805,9643829526,25285787331,5998128279
20200619,"13:37:01","SZ","NB",20590357960,15938719070,36529077030,4651638890
20200619,"13:38:01","SH","NB",15694224700,9677705480,25371930180,6016519220
20200619,"13:38:01","SZ","NB",20675541415,15984355182,36659896597,4691186233
20200619,"13:39:01","SH","NB",15759367144,9726793006,25486160150,6032574138
20200619,"13:39:01","SZ","NB",20743832667,16066865474,36810698141,4676967193
20200619,"13:40:01","SH","NB",15810332930,9763447672,25573780602,6046885258
20200619,"13:40:01","SZ","NB",20801112900,16135719412,36936832312,4665393488
20200619,"13:41:01","SZ","NB",20897582483,16220064401,37117646884,4677518082
20200619,"13:41:01","SH","NB",15879400270,9805410519,25684810789,6073989751
20200619,"13:42:01","SH","NB",15938589695,9843794636,25782384331,6094795059
20200619,"13:42:01","SZ","NB",20988296736,16290944386,37279241122,4697352350
20200619,"13:43:01","SH","NB",16012466713,9888441804,25900908517,6124024909
20200619,"13:43:01","SZ","NB",21083120831,16357746688,37440867519,4725374143
20200619,"13:44:01","SH","NB",16073970818,9931370010,26005340828,6142600808
20200619,"13:44:01","SZ","NB",21150306398,16436923225,37587229623,4713383173
20200619,"13:45:01","SH","NB",16156849496,9966391745,26123241241,6190457751
20200619,"13:45:01","SZ","NB",21232396773,16498134627,37730531400,4734262146
20200619,"13:46:01","SH","NB",16226210029,9998055398,26224265427,6228154631
20200619,"13:46:01","SZ","NB",21305399654,16548984025,37854383679,4756415629
20200619,"13:47:01","SH","NB",16294798849,10027997351,26322796200,6266801498
20200619,"13:47:01","SZ","NB",21375742984,16608213527,37983956511,4767529457
20200619,"13:48:01","SH","NB",16346499632,10051106142,26397605774,6295393490
20200619,"13:48:01","SZ","NB",21436698105,16651054265,38087752370,4785643840
20200619,"13:49:01","SZ","NB",21577888955,16698460622,38276349577,4879428333
20200619,"13:49:01","SH","NB",16456185117,10089344227,26545529344,6366840890
20200619,"13:50:01","SH","NB",16550784742,10128066795,26678851537,6422717947
20200619,"13:50:01","SZ","NB",21649284782,16744598134,38393882916,4904686648
20200619,"13:51:01","SH","NB",16637254852,10167050744,26804305596,6470204108
20200619,"13:51:01","SZ","NB",21752908837,16830383621,38583292458,4922525216
20200619,"13:52:01","SH","NB",16767453963,10195931604,26963385567,6571522359
20200619,"13:52:01","SZ","NB",21851244643,16877369844,38728614487,4973874799
20200619,"13:53:01","SH","NB",16848812898,10237419874,27086232772,6611393024
20200619,"13:53:01","SZ","NB",21945379136,16980696383,38926075519,4964682753
20200619,"13:54:01","SH","NB",16932067184,10262989132,27195056316,6669078052
20200619,"13:54:01","SZ","NB",22040922224,17031911882,39072834106,5009010342
20200619,"13:55:01","SZ","NB",22184694166,17077032674,39261726840,5107661492
20200619,"13:55:01","SH","NB",17084705841,10297926329,27382632170,6786779512
20200619,"13:56:01","SH","NB",17168524077,10341727823,27510251900,6826796254
20200619,"13:56:01","SZ","NB",22250582875,17140085551,39390668426,5110497324
20200619,"13:57:01","SH","NB",17244269371,10386329748,27630599119,6857939623
20200619,"13:57:01","SZ","NB",22320355413,17215034555,39535389968,5105320858
20200619,"13:58:01","SH","NB",17356664102,10417574064,27774238166,6939090038
20200619,"13:58:01","SZ","NB",22401755107,17292384565,39694139672,5109370542
20200619,"13:59:01","SH","NB",17448358183,10441538689,27889896872,7006819494
20200619,"13:59:01","SZ","NB",22467169323,17336382275,39803551598,5130787048
20200619,"14:00:01","SH","NB",17530463681,10466808133,27997271814,7063655548
20200619,"14:00:01","SZ","NB",22541651131,17380084708,39921735839,5161566423
20200619,"14:01:01","SH","NB",17687371988,10511995614,28199367602,7175376374
20200619,"14:01:01","SZ","NB",22696809934,17453296694,40150106628,5243513240
20200619,"14:02:01","SZ","NB",22897172221,17527803857,40424976078,5369368364
20200619,"14:02:01","SH","NB",17872013422,10572057505,28444070927,7299955917
20200619,"14:03:01","SH","NB",17967192694,10656967532,28624160226,7310225162
20200619,"14:03:01","SZ","NB",22988344045,17653960447,40642304492,5334383598
20200619,"14:04:01","SH","NB",18035259006,10709760187,28745019193,7325498819
20200619,"14:04:01","SZ","NB",23056551025,17719791587,40776342612,5336759438
20200619,"14:05:01","SH","NB",18106601471,10742393382,28848994853,7364208089
20200619,"14:05:01","SZ","NB",23131986736,17771822826,40903809562,5360163910
20200619,"14:06:01","SH","NB",18208721286,10783124175,28991845461,7425597111
20200619,"14:06:01","SZ","NB",23224009347,17836515072,41060524419,5387494275
20200619,"14:07:01","SH","NB",18290474079,10820871595,29111345674,7469602484
20200619,"14:07:01","SZ","NB",23310612299,17882279837,41192892136,5428332462
20200619,"14:08:01","SZ","NB",23387028938,17949757283,41336786221,5437271655
20200619,"14:08:01","SH","NB",18356245971,10848315872,29204561843,7507930099
20200619,"14:09:01","SH","NB",18411988783,10911188198,29323176981,7500800585
20200619,"14:09:01","SZ","NB",23451464546,18072759762,41524224308,5378704784
20200619,"14:10:01","SH","NB",18478880395,10942124201,29421004596,7536756194
20200619,"14:10:01","SZ","NB",23538954342,18146634452,41685588794,5392319890
20200619,"14:11:01","SH","NB",18538264779,10989442409,29527707188,7548822370
20200619,"14:11:01","SZ","NB",23634980005,18226276674,41861256679,5408703331
20200619,"14:12:01","SH","NB",18598108502,11036534435,29634642937,7561574067
20200619,"14:12:01","SZ","NB",23713027737,18281774949,41994802686,5431252788
20200619,"14:13:01","SH","NB",18672692910,11086733141,29759426051,7585959769
20200619,"14:13:01","SZ","NB",23825161045,18346112874,42171273919,5479048171
20200619,"14:14:01","SH","NB",18744616178,11122550835,29867167013,7622065343
20200619,"14:14:01","SZ","NB",23924432110,18391802724,42316234834,5532629386
20200619,"14:15:01","SH","NB",18833304793,11156158008,29989462801,7677146785
20200619,"14:15:01","SZ","NB",24020351884,18432989230,42453341114,5587362654
20200619,"14:16:01","SZ","NB",24127129639,18483692122,42610821761,5643437517
20200619,"14:16:01","SH","NB",18948019229,11205349351,30153368580,7742669878
20200619,"14:17:01","SH","NB",19036740513,11251365082,30288105595,7785375431
20200619,"14:17:01","SZ","NB",24229883084,18525348156,42755231240,5704534928
20200619,"14:18:01","SH","NB",19118819851,11296117127,30414936978,7822702724
20200619,"14:18:01","SZ","NB",24315526964,18595292817,42910819781,5720234147
20200619,"14:19:01","SH","NB",19199534781,11334331740,30533866521,7865203041
20200619,"14:19:01","SZ","NB",24392819887,18655891553,43048711440,5736928334
20200619,"14:20:01","SH","NB",19310476330,11361455090,30671931420,7949021240
20200619,"14:20:01","SZ","NB",24507806341,18700698211,43208504552,5807108130
20200619,"14:21:01","SH","NB",19475158888,11410812452,30885971340,8064346436
20200619,"14:21:01","SZ","NB",24701030572,18770105984,43471136556,5930924588
20200619,"14:22:01","SH","NB",19560140114,11458652215,31018792329,8101487899
20200619,"14:22:01","SZ","NB",24776830849,18848887063,43625717912,5927943786
20200619,"14:23:01","SH","NB",19682452481,11513744590,31196197071,8168707891
20200619,"14:23:01","SZ","NB",24918400641,18921117344,43839517985,5997283297
20200619,"14:24:01","SZ","NB",25010349062,18976140882,43986489944,6034208180
20200619,"14:24:01","SH","NB",19770653714,11546312982,31316966696,8224340732
20200619,"14:25:01","SH","NB",19858006889,11602756291,31460763180,8255250598
20200619,"14:25:01","SZ","NB",25095439617,19049393122,44144832739,6046046495
20200619,"14:26:01","SZ","NB",25176342789,19110105217,44286448006,6066237572
20200619,"14:26:01","SH","NB",19930723942,11652089682,31582813624,8278634260
20200619,"14:27:01","SH","NB",20023284822,11697532338,31720817160,8325752484
20200619,"14:27:01","SZ","NB",25254291603,19174189107,44428480710,6080102496
20200619,"14:28:01","SH","NB",20106583154,11736442049,31843025203,8370141105
20200619,"14:28:01","SZ","NB",25327100688,19223817903,44550918591,6103282785
20200619,"14:29:01","SH","NB",20200424187,11784246216,31984670403,8416177971
20200619,"14:29:01","SZ","NB",25439185776,19268464342,44707650118,6170721434
20200619,"14:30:01","SH","NB",20281120609,11821559852,32102680461,8459560757
20200619,"14:30:01","SZ","NB",25513010982,19331342695,44844353677,6181668287
20200619,"14:31:01","SH","NB",20414753232,11906178205,32320931437,8508575027
20200619,"14:31:01","SZ","NB",25661784194,19462912851,45124697045,6198871343
20200619,"14:32:01","SH","NB",20486250964,11991198279,32477449243,8495052685
20200619,"14:32:01","SZ","NB",25750338245,19577334107,45327672352,6173004138
20200619,"14:33:01","SH","NB",20573935792,12089979014,32663914806,8483956778
20200619,"14:33:01","SZ","NB",25854299777,19703768729,45558068506,6150531048
20200619,"14:34:01","SH","NB",20657011985,12168102832,32825114817,8488909153
20200619,"14:34:01","SZ","NB",25973498786,19781467994,45754966780,6192030792
20200619,"14:35:01","SH","NB",20802767573,12248467312,33051234885,8554300261
20200619,"14:35:01","SZ","NB",26137381584,19868179611,46005561195,6269201973
20200619,"14:36:01","SZ","NB",26295044990,19942006600,46237051590,6353038390
20200619,"14:36:01","SH","NB",20984314539,12327685372,33311999911,8656629167
20200619,"14:37:01","SH","NB",21088921340,12413150462,33502071802,8675770878
20200619,"14:37:01","SZ","NB",26407264820,20030815185,46438080005,6376449635
20200619,"14:38:01","SH","NB",21184705331,12505065350,33689770681,8679639981
20200619,"14:38:01","SZ","NB",26524995405,20161290303,46686285708,6363705102
20200619,"14:39:01","SH","NB",21304784901,12621967352,33926752253,8682817549
20200619,"14:39:01","SZ","NB",26628971569,20292278504,46921250073,6336693065
20200619,"14:40:01","SH","NB",21435332997,12701894302,34137227299,8733438695
20200619,"14:40:01","SZ","NB",26761889151,20379027924,47140917075,6382861227
20200619,"14:41:01","SZ","NB",26923053023,20460309625,47383362648,6462743398
20200619,"14:41:01","SH","NB",21614024980,12781337815,34395362795,8832687165
20200619,"14:42:01","SH","NB",21730546766,12861915613,34592462379,8868631153
20200619,"14:42:01","SZ","NB",27039700815,20563072240,47602773055,6476628575
20200619,"14:43:01","SH","NB",21855034780,12957429989,34812464769,8897604791
20200619,"14:43:01","SZ","NB",27166709035,20691455377,47858164412,6475253658
20200619,"14:44:01","SH","NB",21966592720,13072597135,35039189855,8893995585
20200619,"14:44:01","SZ","NB",27279055036,20817627483,48096682519,6461427553
20200619,"14:45:01","SZ","NB",27385699614,20921360851,48307060465,6464338763
20200619,"14:45:01","SH","NB",22075788035,13171376442,35247164477,8904411593
20200619,"14:46:01","SH","NB",22196646696,13264731701,35461378397,8931914995
20200619,"14:46:01","SZ","NB",27513115011,21041906698,48555021709,6471208313
20200619,"14:47:01","SH","NB",22314302526,13376204114,35690506640,8938098412
20200619,"14:47:01","SZ","NB",27634210338,21169948034,48804158372,6464262304
20200619,"14:48:01","SH","NB",22440929266,13497236592,35938165858,8943692674
20200619,"14:48:01","SZ","NB",27778490423,21287666688,49066157111,6490823735
20200619,"14:49:01","SH","NB",22552526630,13605788400,36158315030,8946738230
20200619,"14:49:01","SZ","NB",27913367632,21412664895,49326032527,6500702737
20200619,"14:50:01","SH","NB",22689530602,13746779190,36436309792,8942751412
20200619,"14:50:01","SZ","NB",28077277552,21554267346,49631544898,6523010206
20200619,"14:51:01","SZ","NB",28296043983,21733972733,50030016716,6562071250
20200619,"14:51:01","SH","NB",22855144399,13909728562,36764872961,8945415837
20200619,"14:52:01","SH","NB",23053567913,14050190856,37103758769,9003377057
20200619,"14:52:01","SZ","NB",28557663082,21871061067,50428724149,6686602015
20200619,"14:53:01","SH","NB",23271975223,14182343958,37454319181,9089631265
20200619,"14:53:01","SZ","NB",28809712802,22016755275,50826468077,6792957527
20200619,"14:54:01","SH","NB",23462674225,14326142508,37788816733,9136531717
20200619,"14:54:01","SZ","NB",29049134680,22176405689,51225540369,6872728991
20200619,"14:55:01","SH","NB",23687549445,14474292907,38161842352,9213256538
20200619,"14:55:01","SZ","NB",29290310651,22334121652,51624432303,6956188999
20200619,"14:56:01","SH","NB",23927440305,14616956470,38544396775,9310483835
20200619,"14:56:01","SZ","NB",29578658953,22576755243,52155414196,7001903710
20200619,"14:57:01","SH","NB",24167855586,14731630639,38899486225,9436224947
20200619,"14:57:01","SZ","NB",29809126737,22725092053,52534218790,7084034684
20200619,"14:58:01","SH","NB",24169552809,14736361553,38905914362,9433191256
20200619,"14:58:01","SZ","NB",29811666627,22728552310,52540218937,7083114317
20200619,"15:00:01","SZ","NB",30216695230,23077218937,53293914167,7139476293
20200619,"15:01:01","SH","NB",30626424522,20739041455,51365465977,9887383067
20200619,"15:01:01","SZ","NB",35244062377,26898080013,62142142390,8345982364
