dataDate,dataTime,connectMarket,tradeDirection,buyTurnover,sellTurnover,totalTurnover,netTurnover
20191112,"09:30:01","SH","NB",68228262,19259309,87487571,48968953
20191112,"09:30:01","SZ","NB",37027418,63369691,100397109,-26342273
20191112,"09:31:01","SH","NB",187995351,88934081,276929432,99061270
20191112,"09:31:01","SZ","NB",146039959,185524725,331564684,-39484766
20191112,"09:32:01","SH","NB",260543796,140600104,401143900,119943692
20191112,"09:32:01","SZ","NB",288350056,277224476,565574532,11125580
20191112,"09:33:01","SH","NB",352349529,209583899,561933428,142765630
20191112,"09:33:01","SZ","NB",441759917,352600933,794360850,89158984
20191112,"09:34:01","SH","NB",413545105,268267242,681812347,145277863
20191112,"09:34:01","SZ","NB",540837445,447939511,988776956,92897934
20191112,"09:35:01","SH","NB",486077180,339721634,825798814,146355546
20191112,"09:35:01","SZ","NB",624457875,569237624,1193695499,55220251
20191112,"09:36:01","SZ","NB",736788567,676162397,1412950964,60626170
20191112,"09:36:01","SH","NB",574427081,402854449,977281530,171572632
20191112,"09:37:01","SH","NB",658111887,465550411,1123662298,192561476
20191112,"09:37:01","SZ","NB",842747015,790960164,1633707179,51786851
20191112,"09:38:01","SH","NB",748420800,517489155,1265909955,230931645
20191112,"09:38:01","SZ","NB",940597990,880223553,1820821543,60374437
20191112,"09:39:01","SH","NB",801780193,555069061,1356849254,246711132
20191112,"09:39:01","SZ","NB",1008412954,961599965,1970012919,46812989
20191112,"09:40:01","SH","NB",896480076,593143719,1489623795,303336357
20191112,"09:40:01","SZ","NB",1128680451,1031371374,2160051825,97309077
20191112,"09:41:01","SH","NB",940736848,637247403,1577984251,303489445
20191112,"09:41:01","SZ","NB",1215136196,1127372274,2342508470,87763922
20191112,"09:42:01","SZ","NB",1268134603,1238358656,2506493259,29775947
20191112,"09:42:01","SH","NB",970596467,676382245,1646978712,294214222
20191112,"09:43:01","SH","NB",1004076640,735530525,1739607165,268546115
20191112,"09:43:01","SZ","NB",1325256290,1319863968,2645120258,5392322
20191112,"09:44:01","SH","NB",1035512236,775640320,1811152556,259871916
20191112,"09:44:01","SZ","NB",1387232851,1383678791,2770911642,3554060
20191112,"09:45:01","SH","NB",1070472404,850640043,1921112447,219832361
20191112,"09:45:01","SZ","NB",1448963196,1481814930,2930778126,-32851734
20191112,"09:46:01","SH","NB",1110067524,891933321,2002000845,218134203
20191112,"09:46:01","SZ","NB",1535413066,1559428945,3094842011,-24015879
20191112,"09:47:01","SH","NB",1154002135,928989698,2082991833,225012437
20191112,"09:47:01","SZ","NB",1619775213,1613547722,3233322935,6227491
20191112,"09:48:01","SZ","NB",1704142151,1705612536,3409754687,-1470385
20191112,"09:48:01","SH","NB",1189108844,964247519,2153356363,224861325
20191112,"09:49:01","SH","NB",1225643432,1010799759,2236443191,214843673
20191112,"09:49:01","SZ","NB",1775088967,1780542316,3555631283,-5453349
20191112,"09:50:01","SH","NB",1288266962,1071675370,2359942332,216591592
20191112,"09:50:01","SZ","NB",1861964178,1876909668,3738873846,-14945490
20191112,"09:51:01","SH","NB",1396045532,1117504295,2513549827,278541237
20191112,"09:51:01","SZ","NB",2007905606,1960089066,3967994672,47816540
20191112,"09:52:01","SH","NB",1446667806,1155162328,2601830134,291505478
20191112,"09:52:01","SZ","NB",2072382024,2027429199,4099811223,44952825
20191112,"09:53:01","SH","NB",1481339162,1181172245,2662511407,300166917
20191112,"09:53:01","SZ","NB",2125292143,2078405732,4203697875,46886411
20191112,"09:54:01","SH","NB",1528676071,1209896884,2738572955,318779187
20191112,"09:54:01","SZ","NB",2188618522,2119633771,4308252293,68984751
20191112,"09:55:01","SH","NB",1560705704,1237131554,2797837258,323574150
20191112,"09:55:01","SZ","NB",2230859744,2167142971,4398002715,63716773
20191112,"09:56:01","SZ","NB",2298878186,2254903832,4553782018,43974354
20191112,"09:56:01","SH","NB",1606778275,1290202888,2896981163,316575387
20191112,"09:57:01","SH","NB",1696791398,1332534817,3029326215,364256581
20191112,"09:57:01","SZ","NB",2435500207,2322360555,4757860762,113139652
20191112,"09:58:01","SH","NB",1738877072,1364571304,3103448376,374305768
20191112,"09:58:01","SZ","NB",2492330573,2390411135,4882741708,101919438
20191112,"09:59:01","SH","NB",1770098009,1412314490,3182412499,357783519
20191112,"09:59:01","SZ","NB",2569052806,2453930077,5022982883,115122729
20191112,"10:00:01","SZ","NB",2625530245,2528697883,5154228128,96832362
20191112,"10:00:01","SH","NB",1808246187,1452649204,3260895391,355596983
20191112,"10:01:01","SH","NB",1856418873,1508650838,3365069711,347768035
20191112,"10:01:01","SZ","NB",2716078731,2618775382,5334854113,97303349
20191112,"10:02:01","SH","NB",1930900318,1543909870,3474810188,386990448
20191112,"10:02:01","SZ","NB",2863105957,2680721748,5543827705,182384209
20191112,"10:03:01","SZ","NB",2925431740,2737171750,5662603490,188259990
20191112,"10:03:01","SH","NB",1967551597,1578390298,3545941895,389161299
20191112,"10:04:01","SH","NB",2003887077,1609711367,3613598444,394175710
20191112,"10:04:01","SZ","NB",2974030450,2789701750,5763732200,184328700
20191112,"10:05:01","SH","NB",2056260180,1640249064,3696509244,416011116
20191112,"10:05:01","SZ","NB",3036346996,2838358145,5874705141,197988851
20191112,"10:06:01","SZ","NB",3098416103,2880789674,5979205777,217626429
20191112,"10:06:01","SH","NB",2094598090,1674067384,3768665474,420530706
20191112,"10:07:01","SH","NB",2120630632,1710973059,3831603691,409657573
20191112,"10:07:01","SZ","NB",3137418091,2926383304,6063801395,211034787
20191112,"10:08:01","SH","NB",2148182944,1751243649,3899426593,396939295
20191112,"10:08:01","SZ","NB",3170473716,2980012465,6150486181,190461251
20191112,"10:09:01","SH","NB",2182570793,1800160465,3982731258,382410328
20191112,"10:09:01","SZ","NB",3212027476,3041331171,6253358647,170696305
20191112,"10:10:01","SH","NB",2224808845,1856379481,4081188326,368429364
20191112,"10:10:01","SZ","NB",3271432601,3087376372,6358808973,184056229
20191112,"10:11:01","SH","NB",2288748034,1909748827,4198496861,378999207
20191112,"10:11:01","SZ","NB",3364185779,3141172262,6505358041,223013517
20191112,"10:12:01","SH","NB",2333910597,1939412110,4273322707,394498487
20191112,"10:12:01","SZ","NB",3435203448,3179302579,6614506027,255900869
20191112,"10:13:01","SH","NB",2374637733,1974468260,4349105993,400169473
20191112,"10:13:01","SZ","NB",3484973463,3213434031,6698407494,271539432
20191112,"10:14:01","SZ","NB",3517611717,3245504884,6763116601,272106833
20191112,"10:14:01","SH","NB",2413050205,2000555717,4413605922,412494488
20191112,"10:15:01","SH","NB",2442550239,2050050571,4492600810,392499668
20191112,"10:15:01","SZ","NB",3554831242,3315907344,6870738586,238923898
20191112,"10:16:01","SH","NB",2479288783,2083483991,4562772774,395804792
20191112,"10:16:01","SZ","NB",3588966236,3352240616,6941206852,236725620
20191112,"10:17:01","SH","NB",2523191739,2113366375,4636558114,409825364
20191112,"10:17:01","SZ","NB",3661313983,3386619014,7047932997,274694969
20191112,"10:18:01","SH","NB",2559557688,2140535541,4700093229,419022147
20191112,"10:18:01","SZ","NB",3710353586,3424554134,7134907720,285799452
20191112,"10:19:01","SZ","NB",3748230606,3458724032,7206954638,289506574
20191112,"10:19:01","SH","NB",2595522819,2168635131,4764157950,426887688
20191112,"10:20:01","SH","NB",2617493272,2187818095,4805311367,429675177
20191112,"10:20:01","SZ","NB",3774735688,3492745625,7267481313,281990063
20191112,"10:21:01","SH","NB",2662413414,2216837639,4879251053,445575775
20191112,"10:21:01","SZ","NB",3828731173,3523733948,7352465121,304997225
20191112,"10:22:01","SH","NB",2694703185,2247842363,4942545548,446860822
20191112,"10:22:01","SZ","NB",3866907983,3567401833,7434309816,299506150
20191112,"10:23:01","SH","NB",2731183600,2294140124,5025323724,437043476
20191112,"10:23:01","SZ","NB",3901922690,3637550522,7539473212,264372168
20191112,"10:24:01","SH","NB",2757075892,2351910841,5108986733,405165051
20191112,"10:24:01","SZ","NB",3930942048,3713818692,7644760740,217123356
20191112,"10:25:01","SZ","NB",3955677312,3766651046,7722328358,189026266
20191112,"10:25:01","SH","NB",2785128994,2373912520,5159041514,411216474
20191112,"10:26:01","SH","NB",2805571776,2390344512,5195916288,415227264
20191112,"10:26:01","SZ","NB",3976627127,3803300280,7779927407,173326847
20191112,"10:27:01","SH","NB",2827394798,2418471219,5245866017,408923579
20191112,"10:27:01","SZ","NB",4000870902,3838444565,7839315467,162426337
20191112,"10:28:01","SH","NB",2853852341,2453811751,5307664092,400040590
20191112,"10:28:01","SZ","NB",4032381835,3888188662,7920570497,144193173
20191112,"10:29:01","SZ","NB",4071887123,3927086893,7998974016,144800230
20191112,"10:29:01","SH","NB",2875007974,2473359922,5348367896,401648052
20191112,"10:30:01","SH","NB",2903881527,2489862850,5393744377,414018677
20191112,"10:30:01","SZ","NB",4103128677,3960565172,8063693849,142563505
20191112,"10:31:01","SH","NB",2929035239,2519031637,5448066876,410003602
20191112,"10:31:01","SZ","NB",4139000981,4002838972,8141839953,136162009
20191112,"10:32:01","SH","NB",2979497544,2549165005,5528662549,430332539
20191112,"10:32:01","SZ","NB",4197120987,4038158178,8235279165,158962809
20191112,"10:33:01","SH","NB",3011344707,2626663703,5638008410,384681004
20191112,"10:33:01","SZ","NB",4227631064,4101256798,8328887862,126374266
20191112,"10:34:01","SH","NB",3032836788,2654549984,5687386772,378286804
20191112,"10:34:01","SZ","NB",4257058323,4139500565,8396558888,117557758
20191112,"10:35:01","SH","NB",3054701194,2683648747,5738349941,371052447
20191112,"10:35:01","SZ","NB",4283200980,4172599166,8455800146,110601814
20191112,"10:36:01","SH","NB",3079130941,2706177340,5785308281,372953601
20191112,"10:36:01","SZ","NB",4314353344,4209371430,8523724774,104981914
20191112,"10:37:01","SZ","NB",4339529328,4244056091,8583585419,95473237
20191112,"10:37:01","SH","NB",3102503642,2728478976,5830982618,374024666
20191112,"10:38:01","SH","NB",3123007135,2756635747,5879642882,366371388
20191112,"10:38:01","SZ","NB",4365965514,4265730711,8631696225,100234803
20191112,"10:39:01","SH","NB",3152515402,2842913309,5995428711,309602093
20191112,"10:39:01","SZ","NB",4394425469,4332870550,8727296019,61554919
20191112,"10:40:01","SH","NB",3176702874,2878956935,6055659809,297745939
20191112,"10:40:01","SZ","NB",4434690649,4380474425,8815165074,54216224
20191112,"10:41:01","SH","NB",3258216153,2956944025,6215160178,301272128
20191112,"10:41:01","SZ","NB",4550136245,4436042792,8986179037,114093453
20191112,"10:42:01","SZ","NB",4580939611,4475243322,9056182933,105696289
20191112,"10:42:01","SH","NB",3281456852,2998867249,6280324101,282589603
20191112,"10:43:01","SH","NB",3307311297,3015978710,6323290007,291332587
20191112,"10:43:01","SZ","NB",4602889686,4498008296,9100897982,104881390
20191112,"10:44:01","SH","NB",3331439362,3034952982,6366392344,296486380
20191112,"10:44:01","SZ","NB",4629276408,4518230408,9147506816,111046000
20191112,"10:45:01","SH","NB",3354449730,3075313634,6429763364,279136096
20191112,"10:45:01","SZ","NB",4651528688,4552189113,9203717801,99339575
20191112,"10:46:01","SH","NB",3383241614,3092560805,6475802419,290680809
20191112,"10:46:01","SZ","NB",4693633472,4576776750,9270410222,116856722
20191112,"10:47:01","SH","NB",3400882312,3112965058,6513847370,287917254
20191112,"10:47:01","SZ","NB",4714001029,4601580728,9315581757,112420301
20191112,"10:48:01","SH","NB",3420945679,3130591691,6551537370,290353988
20191112,"10:48:01","SZ","NB",4740513670,4625164067,9365677737,115349603
20191112,"10:49:01","SH","NB",3440022424,3150824511,6590846935,289197913
20191112,"10:49:01","SZ","NB",4763990410,4658168368,9422158778,105822042
20191112,"10:50:01","SZ","NB",4789962576,4694516672,9484479248,95445904
20191112,"10:50:01","SH","NB",3460625575,3187671446,6648297021,272954129
20191112,"10:51:01","SH","NB",3488213587,3245451443,6733665030,242762144
20191112,"10:51:01","SZ","NB",4823147269,4737966613,9561113882,85180656
20191112,"10:52:01","SH","NB",3520800951,3340523256,6861324207,180277695
20191112,"10:52:01","SZ","NB",4852832458,4824635860,9677468318,28196598
20191112,"10:53:01","SH","NB",3572435672,3373271374,6945707046,199164298
20191112,"10:53:01","SZ","NB",4921293431,4862250833,9783544264,59042598
20191112,"10:54:01","SH","NB",3598568572,3409103089,7007671661,189465483
20191112,"10:54:01","SZ","NB",4964625917,4894803477,9859429394,69822440
20191112,"10:55:01","SH","NB",3627919646,3429753640,7057673286,198166006
20191112,"10:55:01","SZ","NB",5010365001,4913998455,9924363456,96366546
20191112,"10:56:01","SH","NB",3655406512,3463267504,7118674016,192139008
20191112,"10:56:01","SZ","NB",5037074057,4948447941,9985521998,88626116
20191112,"10:57:01","SH","NB",3685517038,3496105166,7181622204,189411872
20191112,"10:57:01","SZ","NB",5073950947,4997980950,10071931897,75969997
20191112,"10:58:01","SH","NB",3717207300,3556769501,7273976801,160437799
20191112,"10:58:01","SZ","NB",5098892000,5039601054,10138493054,59290946
20191112,"10:59:01","SH","NB",3752597168,3622051230,7374648398,130545938
20191112,"10:59:01","SZ","NB",5144890035,5093656283,10238546318,51233752
20191112,"11:00:01","SZ","NB",5199427863,5123842969,10323270832,75584894
20191112,"11:00:01","SH","NB",3799221168,3654699125,7453920293,144522043
20191112,"11:01:01","SH","NB",3832843909,3675862007,7508705916,156981902
20191112,"11:01:01","SZ","NB",5245635090,5151786404,10397421494,93848686
20191112,"11:02:01","SH","NB",3866524896,3704848211,7571373107,161676685
20191112,"11:02:01","SZ","NB",5281694995,5181196330,10462891325,100498665
20191112,"11:03:01","SH","NB",3893398017,3754792491,7648190508,138605526
20191112,"11:03:01","SZ","NB",5306383433,5211217711,10517601144,95165722
20191112,"11:04:01","SH","NB",3915126382,3784931075,7700057457,130195307
20191112,"11:04:01","SZ","NB",5334918182,5241669205,10576587387,93248977
20191112,"11:05:01","SH","NB",3935998926,3824092231,7760091157,111906695
20191112,"11:05:01","SZ","NB",5357264611,5284588894,10641853505,72675717
20191112,"11:06:01","SH","NB",3963813740,3919261603,7883075343,44552137
20191112,"11:06:01","SZ","NB",5385472695,5322178274,10707650969,63294421
20191112,"11:07:01","SH","NB",4010429066,3965818906,7976247972,44610160
20191112,"11:07:01","SZ","NB",5430821780,5354706691,10785528471,76115089
20191112,"11:08:01","SZ","NB",5460216644,5375917076,10836133720,84299568
20191112,"11:08:01","SH","NB",4042213177,3992552365,8034765542,49660812
20191112,"11:09:01","SH","NB",4063117652,4011586372,8074704024,51531280
20191112,"11:09:01","SZ","NB",5476759586,5396452927,10873212513,80306659
20191112,"11:10:01","SH","NB",4080781358,4031653175,8112434533,49128183
20191112,"11:10:01","SZ","NB",5490954986,5414357953,10905312939,76597033
20191112,"11:11:01","SH","NB",4102863236,4067331686,8170194922,35531550
20191112,"11:11:01","SZ","NB",5521204230,5443572389,10964776619,77631841
20191112,"11:12:01","SH","NB",4169125534,4094277089,8263402623,74848445
20191112,"11:12:01","SZ","NB",5590296203,5476567661,11066863864,113728542
20191112,"11:13:01","SH","NB",4197977522,4117057719,8315035241,80919803
20191112,"11:13:01","SZ","NB",5621130781,5504601696,11125732477,116529085
20191112,"11:14:01","SZ","NB",5638046462,5544600113,11182646575,93446349
20191112,"11:14:01","SH","NB",4217602833,4143725235,8361328068,73877598
20191112,"11:15:01","SH","NB",4237816798,4161279888,8399096686,76536910
20191112,"11:15:01","SZ","NB",5655158609,5567429246,11222587855,87729363
20191112,"11:16:01","SH","NB",4255342209,4186371042,8441713251,68971167
20191112,"11:16:01","SZ","NB",5669194295,5592431736,11261626031,76762559
20191112,"11:17:01","SH","NB",4271444629,4205150963,8476595592,66293666
20191112,"11:17:01","SZ","NB",5685077753,5612255426,11297333179,72822327
20191112,"11:18:01","SH","NB",4292008186,4248879159,8540887345,43129027
20191112,"11:18:01","SZ","NB",5714734470,5647396819,11362131289,67337651
20191112,"11:19:01","SZ","NB",5742382763,5678802277,11421185040,63580486
20191112,"11:19:01","SH","NB",4311709682,4274657879,8586367561,37051803
20191112,"11:20:01","SH","NB",4334024883,4321244464,8655269347,12780419
20191112,"11:20:01","SZ","NB",5762569750,5712550218,11475119968,50019532
20191112,"11:21:01","SH","NB",4361623760,4353283547,8714907307,8340213
20191112,"11:21:01","SZ","NB",5794025109,5750805234,11544830343,43219875
20191112,"11:22:01","SH","NB",4383343589,4403274739,8786618328,-19931150
20191112,"11:22:01","SZ","NB",5812147921,5784037912,11596185833,28110009
20191112,"11:23:01","SH","NB",4403504813,4431595137,8835099950,-28090324
20191112,"11:23:01","SZ","NB",5842994469,5806671614,11649666083,36322855
20191112,"11:24:01","SH","NB",4421131623,4448427747,8869559370,-27296124
20191112,"11:24:01","SZ","NB",5864274510,5823585544,11687860054,40688966
20191112,"11:25:01","SH","NB",4440880552,4463535527,8904416079,-22654975
20191112,"11:25:01","SZ","NB",5879870844,5848950603,11728821447,30920241
20191112,"11:26:01","SZ","NB",5899840690,5872178119,11772018809,27662571
20191112,"11:26:01","SH","NB",4458282941,4479528076,8937811017,-21245135
20191112,"11:27:01","SH","NB",4477466451,4493358009,8970824460,-15891558
20191112,"11:27:01","SZ","NB",5924502272,5889052479,11813554751,35449793
20191112,"11:28:01","SH","NB",4503313015,4515385607,9018698622,-12072592
20191112,"11:28:01","SZ","NB",5948122261,5910318015,11858440276,37804246
20191112,"11:29:01","SZ","NB",5965221337,5925170553,11890391890,40050784
20191112,"11:29:01","SH","NB",4522295767,4536628280,9058924047,-14332513
20191112,"11:30:01","SH","NB",4541482167,4552722079,9094204246,-11239912
20191112,"11:30:01","SZ","NB",5983589807,5941220639,11924810446,42369168
20191112,"11:31:01","SH","NB",4541603651,4553174631,9094778282,-11570980
20191112,"11:31:01","SZ","NB",5983727490,5941339424,11925066914,42388066
20191112,"13:01:01","SH","NB",4600781571,4602618880,9203400451,-1837309
20191112,"13:01:01","SZ","NB",6059363823,6004909236,12064273059,54454587
20191112,"13:02:01","SH","NB",4624080517,4618187874,9242268391,5892643
20191112,"13:02:01","SZ","NB",6086176843,6024321939,12110498782,61854904
20191112,"13:03:01","SH","NB",4654771604,4637733408,9292505012,17038196
20191112,"13:03:01","SZ","NB",6109304495,6041117707,12150422202,68186788
20191112,"13:04:01","SH","NB",4675831838,4656048243,9331880081,19783595
20191112,"13:04:01","SZ","NB",6127603303,6057209006,12184812309,70394297
20191112,"13:05:01","SH","NB",4731641641,4682115007,9413756648,49526634
20191112,"13:05:01","SZ","NB",6159753281,6077070594,12236823875,82682687
20191112,"13:06:01","SZ","NB",6190050762,6097437245,12287488007,92613517
20191112,"13:06:01","SH","NB",4760908119,4700633218,9461541337,60274901
20191112,"13:07:01","SH","NB",4783468449,4716348024,9499816473,67120425
20191112,"13:07:01","SZ","NB",6211427664,6113796978,12325224642,97630686
20191112,"13:08:01","SH","NB",4804631889,4736437074,9541068963,68194815
20191112,"13:08:01","SZ","NB",6232670204,6137037322,12369707526,95632882
20191112,"13:09:01","SH","NB",4820712779,4750876206,9571588985,69836573
20191112,"13:09:01","SZ","NB",6250124446,6153644852,12403769298,96479594
20191112,"13:10:01","SH","NB",4840025560,4763471951,9603497511,76553609
20191112,"13:10:01","SZ","NB",6267327002,6170396485,12437723487,96930517
20191112,"13:11:01","SZ","NB",6286213724,6189552821,12475766545,96660903
20191112,"13:11:01","SH","NB",4859748009,4780777885,9640525894,78970124
20191112,"13:12:01","SH","NB",4885385302,4795198370,9680583672,90186932
20191112,"13:12:01","SZ","NB",6305071129,6204447946,12509519075,100623183
20191112,"13:13:01","SH","NB",4907839067,4810568259,9718407326,97270808
20191112,"13:13:01","SZ","NB",6323932680,6227699105,12551631785,96233575
20191112,"13:14:01","SH","NB",4928583563,4824667459,9753251022,103916104
20191112,"13:14:01","SZ","NB",6349729790,6242917164,12592646954,106812626
20191112,"13:15:01","SH","NB",4954147146,4840014396,9794161542,114132750
20191112,"13:15:01","SZ","NB",6382028973,6263414922,12645443895,118614051
20191112,"13:16:01","SH","NB",4985670648,4858739918,9844410566,126930730
20191112,"13:16:01","SZ","NB",6414987054,6286329589,12701316643,128657465
20191112,"13:17:01","SH","NB",5017235553,4881582688,9898818241,135652865
20191112,"13:17:01","SZ","NB",6434786181,6313645985,12748432166,121140196
20191112,"13:18:01","SH","NB",5037932635,4900054572,9937987207,137878063
20191112,"13:18:01","SZ","NB",6452429492,6340896484,12793325976,111533008
20191112,"13:19:01","SZ","NB",6469342940,6360475112,12829818052,108867828
20191112,"13:19:01","SH","NB",5056320277,4916525506,9972845783,139794771
20191112,"13:20:01","SH","NB",5077179829,4935378900,10012558729,141800929
20191112,"13:20:01","SZ","NB",6486269260,6379740529,12866009789,106528731
20191112,"13:21:01","SH","NB",5101710228,4956622971,10058333199,145087257
20191112,"13:21:01","SZ","NB",6505634117,6399829977,12905464094,105804140
20191112,"13:22:01","SH","NB",5129044349,4976696133,10105740482,152348216
20191112,"13:22:01","SZ","NB",6536748144,6424107055,12960855199,112641089
20191112,"13:23:01","SH","NB",5154864999,5000098693,10154963692,154766306
20191112,"13:23:01","SZ","NB",6570768338,6447673517,13018441855,123094821
20191112,"13:24:01","SH","NB",5177730705,5024491197,10202221902,153239508
20191112,"13:24:01","SZ","NB",6594186232,6476720496,13070906728,117465736
20191112,"13:25:01","SH","NB",5199093213,5048764753,10247857966,150328460
20191112,"13:25:01","SZ","NB",6616072223,6500077709,13116149932,115994514
20191112,"13:26:01","SH","NB",5221970604,5067717257,10289687861,154253347
20191112,"13:26:01","SZ","NB",6639867877,6521763327,13161631204,118104550
20191112,"13:27:01","SH","NB",5243574285,5087834081,10331408366,155740204
20191112,"13:27:01","SZ","NB",6664870082,6539399413,13204269495,125470669
20191112,"13:28:01","SH","NB",5272371372,5112018090,10384389462,160353282
20191112,"13:28:01","SZ","NB",6690520532,6573157001,13263677533,117363531
20191112,"13:29:01","SZ","NB",6712922154,6605972048,13318894202,106950106
20191112,"13:29:01","SH","NB",5294451791,5139668692,10434120483,154783099
20191112,"13:30:01","SH","NB",5318734603,5164047057,10482781660,154687546
20191112,"13:30:01","SZ","NB",6731486570,6634950045,13366436615,96536525
20191112,"13:31:01","SH","NB",5340368340,5187080910,10527449250,153287430
20191112,"13:31:01","SZ","NB",6755065720,6672810299,13427876019,82255421
20191112,"13:32:01","SH","NB",5360779613,5206799952,10567579565,153979661
20191112,"13:32:01","SZ","NB",6776022866,6698102574,13474125440,77920292
20191112,"13:33:01","SH","NB",5379913548,5223536646,10603450194,156376902
20191112,"13:33:01","SZ","NB",6795048081,6721130854,13516178935,73917227
20191112,"13:34:01","SH","NB",5405751416,5242917882,10648669298,162833534
20191112,"13:34:01","SZ","NB",6828307903,6739788928,13568096831,88518975
20191112,"13:35:01","SH","NB",5427511292,5263884657,10691395949,163626635
20191112,"13:35:01","SZ","NB",6850793562,6760230135,13611023697,90563427
20191112,"13:36:01","SH","NB",5445065331,5283223858,10728289189,161841473
20191112,"13:36:01","SZ","NB",6870849477,6776875962,13647725439,93973515
20191112,"13:37:01","SH","NB",5471218809,5307021818,10778240627,164196991
20191112,"13:37:01","SZ","NB",6900476229,6807427931,13707904160,93048298
20191112,"13:38:01","SH","NB",5503327541,5335727990,10839055531,167599551
20191112,"13:38:01","SZ","NB",6924252798,6840635527,13764888325,83617271
20191112,"13:39:01","SZ","NB",6964937429,6874412583,13839350012,90524846
20191112,"13:39:01","SH","NB",5536236459,5363139510,10899375969,173096949
20191112,"13:40:01","SH","NB",5564342526,5395337161,10959679687,169005365
20191112,"13:40:01","SZ","NB",7000764316,6911643163,13912407479,89121153
20191112,"13:41:01","SH","NB",5600499367,5459363765,11059863132,141135602
20191112,"13:41:01","SZ","NB",7041293908,6967747044,14009040952,73546864
20191112,"13:42:01","SH","NB",5622580541,5482897945,11105478486,139682596
20191112,"13:42:01","SZ","NB",7070471418,7000582755,14071054173,69888663
20191112,"13:43:01","SH","NB",5640621295,5503232817,11143854112,137388478
20191112,"13:43:01","SZ","NB",7094034128,7022929180,14116963308,71104948
20191112,"13:44:01","SH","NB",5658402117,5522797637,11181199754,135604480
20191112,"13:44:01","SZ","NB",7113880464,7043242143,14157122607,70638321
20191112,"13:45:01","SH","NB",5681137984,5539021408,11220159392,142116576
20191112,"13:45:01","SZ","NB",7142470404,7064654709,14207125113,77815695
20191112,"13:46:01","SH","NB",5702870663,5559940712,11262811375,142929951
20191112,"13:46:01","SZ","NB",7168899611,7087461012,14256360623,81438599
20191112,"13:47:01","SH","NB",5724681868,5595682717,11320364585,128999151
20191112,"13:47:01","SZ","NB",7190904020,7122308202,14313212222,68595818
20191112,"13:48:01","SH","NB",5741594294,5621719453,11363313747,119874841
20191112,"13:48:01","SZ","NB",7210377363,7147599233,14357976596,62778130
20191112,"13:49:01","SZ","NB",7234669284,7177169084,14411838368,57500200
20191112,"13:49:01","SH","NB",5760766050,5656913190,11417679240,103852860
20191112,"13:50:01","SH","NB",5780638377,5693373541,11474011918,87264836
20191112,"13:50:01","SZ","NB",7258931934,7211167670,14470099604,47764264
20191112,"13:51:01","SH","NB",5798899277,5714021342,11512920619,84877935
20191112,"13:51:01","SZ","NB",7294571236,7248633183,14543204419,45938053
20191112,"13:52:01","SH","NB",5818398414,5736526022,11554924436,81872392
20191112,"13:52:01","SZ","NB",7314188823,7271424952,14585613775,42763871
20191112,"13:53:01","SH","NB",5838286359,5773836812,11612123171,64449547
20191112,"13:53:01","SZ","NB",7335288817,7300006299,14635295116,35282518
20191112,"13:54:01","SZ","NB",7355344615,7318675655,14674020270,36668960
20191112,"13:54:01","SH","NB",5856994562,5793484907,11650479469,63509655
20191112,"13:55:01","SH","NB",5876802481,5825469771,11702272252,51332710
20191112,"13:55:01","SZ","NB",7377261941,7348558638,14725820579,28703303
20191112,"13:56:01","SH","NB",5897646339,5862422342,11760068681,35223997
20191112,"13:56:01","SZ","NB",7397586570,7375212684,14772799254,22373886
20191112,"13:57:01","SH","NB",5916237622,5878087109,11794324731,38150513
20191112,"13:57:01","SZ","NB",7417333849,7391041348,14808375197,26292501
20191112,"13:58:01","SH","NB",5935641520,5896685651,11832327171,38955869
20191112,"13:58:01","SZ","NB",7436270965,7414516124,14850787089,21754841
20191112,"13:59:01","SH","NB",5958806142,5913791904,11872598046,45014238
20191112,"13:59:01","SZ","NB",7456751413,7433517980,14890269393,23233433
20191112,"14:00:01","SH","NB",5979310903,5928605673,11907916576,50705230
20191112,"14:00:01","SZ","NB",7483128291,7448886387,14932014678,34241904
20191112,"14:01:01","SH","NB",6006291082,5955076470,11961367552,51214612
20191112,"14:01:01","SZ","NB",7507372058,7483894219,14991266277,23477839
20191112,"14:02:01","SZ","NB",7535929123,7506652235,15042581358,29276888
20191112,"14:02:01","SH","NB",6031014789,5971950346,12002965135,59064443
20191112,"14:03:01","SH","NB",6052706493,5991670172,12044376665,61036321
20191112,"14:03:01","SZ","NB",7552844451,7527053581,15079898032,25790870
20191112,"14:04:01","SH","NB",6074186756,6007539994,12081726750,66646762
20191112,"14:04:01","SZ","NB",7573422941,7545935449,15119358390,27487492
20191112,"14:05:01","SZ","NB",7595222326,7563664958,15158887284,31557368
20191112,"14:05:01","SH","NB",6092047455,6023094283,12115141738,68953172
20191112,"14:06:01","SH","NB",6108977906,6041419734,12150397640,67558172
20191112,"14:06:01","SZ","NB",7615965972,7577717618,15193683590,38248354
20191112,"14:07:01","SH","NB",6132065197,6062005412,12194070609,70059785
20191112,"14:07:01","SZ","NB",7642400662,7597509817,15239910479,44890845
20191112,"14:08:01","SH","NB",6155095763,6085941764,12241037527,69153999
20191112,"14:08:01","SZ","NB",7668717981,7617122763,15285840744,51595218
20191112,"14:09:01","SH","NB",6175139337,6108429433,12283568770,66709904
20191112,"14:09:01","SZ","NB",7694169177,7643889466,15338058643,50279711
20191112,"14:10:01","SH","NB",6199783065,6149365911,12349148976,50417154
20191112,"14:10:01","SZ","NB",7717602090,7669532546,15387134636,48069544
20191112,"14:11:01","SH","NB",6221144401,6170057097,12391201498,51087304
20191112,"14:11:01","SZ","NB",7743370911,7690803629,15434174540,52567282
20191112,"14:12:01","SH","NB",6252914144,6190811699,12443725843,62102445
20191112,"14:12:01","SZ","NB",7774867788,7713397565,15488265353,61470223
20191112,"14:13:01","SZ","NB",7799865368,7743519450,15543384818,56345918
20191112,"14:13:01","SH","NB",6280968734,6218849346,12499818080,62119388
20191112,"14:14:01","SH","NB",6303743895,6245708328,12549452223,58035567
20191112,"14:14:01","SZ","NB",7824676545,7779333817,15604010362,45342728
20191112,"14:15:01","SH","NB",6325133227,6273627541,12598760768,51505686
20191112,"14:15:01","SZ","NB",7849566636,7813836289,15663402925,35730347
20191112,"14:16:01","SH","NB",6353270646,6307118743,12660389389,46151903
20191112,"14:16:01","SZ","NB",7873626139,7841794442,15715420581,31831697
20191112,"14:17:01","SZ","NB",7898558941,7870953985,15769512926,27604956
20191112,"14:17:01","SH","NB",6378033054,6333503840,12711536894,44529214
20191112,"14:18:01","SH","NB",6408060234,6365948886,12774009120,42111348
20191112,"14:18:01","SZ","NB",7923702552,7898710960,15822413512,24991592
20191112,"14:19:01","SH","NB",6441451244,6412071199,12853522443,29380045
20191112,"14:19:01","SZ","NB",7952404091,7950140449,15902544540,2263642
20191112,"14:20:01","SH","NB",6467519840,6442041504,12909561344,25478336
20191112,"14:20:01","SZ","NB",7978986113,7982999547,15961985660,-4013434
20191112,"14:21:01","SH","NB",6491638526,6473311095,12964949621,18327431
20191112,"14:21:01","SZ","NB",8007878900,8018139267,16026018167,-10260367
20191112,"14:22:01","SH","NB",6516114258,6496454517,13012568775,19659741
20191112,"14:22:01","SZ","NB",8037301637,8046653207,16083954844,-9351570
20191112,"14:23:01","SH","NB",6541843670,6520706913,13062550583,21136757
20191112,"14:23:01","SZ","NB",8068019307,8071981497,16140000804,-3962190
20191112,"14:24:01","SH","NB",6566953821,6556336398,13123290219,10617423
20191112,"14:24:01","SZ","NB",8094797159,8101175381,16195972540,-6378222
20191112,"14:25:01","SZ","NB",8126176218,8128262014,16254438232,-2085796
20191112,"14:25:01","SH","NB",6591290422,6579486623,13170777045,11803799
20191112,"14:26:01","SH","NB",6622425053,6605753542,13228178595,16671511
20191112,"14:26:01","SZ","NB",8157379528,8153359477,16310739005,4020051
20191112,"14:27:01","SH","NB",6647593636,6629088597,13276682233,18505039
20191112,"14:27:01","SZ","NB",8187451115,8180508132,16367959247,6942983
20191112,"14:28:01","SH","NB",6677884339,6659444273,13337328612,18440066
20191112,"14:28:01","SZ","NB",8216610675,8203436452,16420047127,13174223
20191112,"14:29:01","SH","NB",6704005314,6682559043,13386564357,21446271
20191112,"14:29:01","SZ","NB",8247072209,8227505300,16474577509,19566909
20191112,"14:30:01","SZ","NB",8276800593,8247747917,16524548510,29052676
20191112,"14:30:01","SH","NB",6728291671,6704030649,13432322320,24261022
20191112,"14:31:01","SH","NB",6760637175,6736210746,13496847921,24426429
20191112,"14:31:01","SZ","NB",8311817564,8287522442,16599340006,24295122
20191112,"14:32:01","SH","NB",6784032939,6760525655,13544558594,23507284
20191112,"14:32:01","SZ","NB",8342444782,8311831012,16654275794,30613770
20191112,"14:33:01","SH","NB",6813852950,6786793301,13600646251,27059649
20191112,"14:33:01","SZ","NB",8375961972,8333653612,16709615584,42308360
20191112,"14:34:01","SZ","NB",8407055654,8356207024,16763262678,50848630
20191112,"14:34:01","SH","NB",6840460503,6805936712,13646397215,34523791
20191112,"14:35:01","SH","NB",6863770229,6826323560,13690093789,37446669
20191112,"14:35:01","SZ","NB",8436656652,8377227501,16813884153,59429151
20191112,"14:36:01","SH","NB",6888981271,6848609928,13737591199,40371343
20191112,"14:36:01","SZ","NB",8465125517,8400620022,16865745539,64505495
20191112,"14:37:01","SH","NB",6926399520,6870221720,13796621240,56177800
20191112,"14:37:01","SZ","NB",8491651458,8426888237,16918539695,64763221
20191112,"14:38:01","SH","NB",6955672808,6899154886,13854827694,56517922
20191112,"14:38:01","SZ","NB",8520739554,8459104673,16979844227,61634881
20191112,"14:39:01","SH","NB",6984614509,6924473587,13909088096,60140922
20191112,"14:39:01","SZ","NB",8546493227,8485943362,17032436589,60549865
20191112,"14:40:01","SH","NB",7010017642,6944379695,13954397337,65637947
20191112,"14:40:01","SZ","NB",8578678993,8512087189,17090766182,66591804
20191112,"14:41:01","SZ","NB",8614726152,8561901050,17176627202,52825102
20191112,"14:41:01","SH","NB",7057686020,7008656913,14066342933,49029107
20191112,"14:42:01","SH","NB",7091487622,7040365256,14131852878,51122366
20191112,"14:42:01","SZ","NB",8645814896,8589302936,17235117832,56511960
20191112,"14:43:01","SH","NB",7140769404,7071580867,14212350271,69188537
20191112,"14:43:01","SZ","NB",8694082521,8617734345,17311816866,76348176
20191112,"14:44:01","SH","NB",7181562475,7098999148,14280561623,82563327
20191112,"14:44:01","SZ","NB",8728837562,8648180860,17377018422,80656702
20191112,"14:45:01","SH","NB",7214922464,7124877071,14339799535,90045393
20191112,"14:45:01","SZ","NB",8764968381,8677445382,17442413763,87522999
20191112,"14:46:01","SH","NB",7257034949,7153032516,14410067465,104002433
20191112,"14:46:01","SZ","NB",8813236474,8713598794,17526835268,99637680
20191112,"14:47:01","SH","NB",7303051696,7181816520,14484868216,121235176
20191112,"14:47:01","SZ","NB",8849048441,8742046346,17591094787,107002095
20191112,"14:48:01","SH","NB",7330799421,7215047366,14545846787,115752055
20191112,"14:48:01","SZ","NB",8880923527,8774500578,17655424105,106422949
20191112,"14:49:01","SZ","NB",8923284476,8810426757,17733711233,112857719
20191112,"14:49:01","SH","NB",7370249570,7263385860,14633635430,106863710
20191112,"14:50:01","SH","NB",7407022013,7303996681,14711018694,103025332
20191112,"14:50:01","SZ","NB",8959959242,8844303259,17804262501,115655983
20191112,"14:51:01","SH","NB",7450180594,7347872512,14798053106,102308082
20191112,"14:51:01","SZ","NB",8999798913,8887785201,17887584114,112013712
20191112,"14:52:01","SH","NB",7489880293,7395681113,14885561406,94199180
20191112,"14:52:01","SZ","NB",9037943831,8939364333,17977308164,98579498
20191112,"14:53:01","SH","NB",7523089958,7457797089,14980887047,65292869
20191112,"14:53:01","SZ","NB",9078062903,8995428506,18073491409,82634397
20191112,"14:54:01","SZ","NB",9120708180,9055464611,18176172791,65243569
20191112,"14:54:01","SH","NB",7558873626,7534771737,15093645363,24101889
20191112,"14:55:01","SH","NB",7602406800,7594035080,15196441880,8371720
20191112,"14:55:01","SZ","NB",9157260313,9104044598,18261304911,53215715
20191112,"14:56:01","SH","NB",7635128927,7650484288,15285613215,-15355361
20191112,"14:56:01","SZ","NB",9198754958,9161738171,18360493129,37016787
20191112,"14:57:01","SH","NB",7667653995,7706972484,15374626479,-39318489
20191112,"14:57:01","SZ","NB",9225521173,9213854528,18439375701,11666645
20191112,"14:58:01","SH","NB",7668038645,7707320106,15375358751,-39281461
20191112,"14:58:01","SZ","NB",9225536653,9213932014,18439468667,11604639
20191112,"15:01:01","SH","NB",7794323033,7803092669,15597415702,-8769636
20191112,"15:01:01","SZ","NB",9320422322,9322458746,18642881068,-2036424
