dataDate,dataTime,connectMarket,tradeDirection,buyTurnover,sellTurnover,totalTurnover,netTurnover
20200703,"09:30:02","SH","NB",417217643,341747238,758964881,75470405
20200703,"09:30:02","SZ","NB",399029005,313541746,712570751,85487259
20200703,"09:31:01","SH","NB",1299396238,707787428,2007183666,591608810
20200703,"09:31:01","SZ","NB",1229917073,1048760123,2278677196,181156950
20200703,"09:32:01","SH","NB",1948361342,1160350221,3108711563,788011121
20200703,"09:32:01","SZ","NB",1908792946,1760794258,3669587204,147998688
20200703,"09:33:01","SH","NB",2605484971,1582721463,4188206434,1022763508
20200703,"09:33:01","SZ","NB",2535797666,2347176095,4882973761,188621571
20200703,"09:34:01","SH","NB",3062599768,1985359452,5047959220,1077240316
20200703,"09:34:01","SZ","NB",3005305009,3075364073,6080669082,-70059064
20200703,"09:35:01","SH","NB",3642415150,2343369637,5985784787,1299045513
20200703,"09:35:01","SZ","NB",3633922067,3518403474,7152325541,115518593
20200703,"09:36:01","SH","NB",4131281705,2794337228,6925618933,1336944477
20200703,"09:36:01","SZ","NB",4172517639,4091603499,8264121138,80914140
20200703,"09:37:01","SZ","NB",4681743461,4498779397,9180522858,182964064
20200703,"09:37:01","SH","NB",4541366381,3144092697,7685459078,1397273684
20200703,"09:38:01","SH","NB",4951477171,3444051604,8395528775,1507425567
20200703,"09:38:01","SZ","NB",5397977291,4810024772,10208002063,587952519
20200703,"09:39:01","SH","NB",5312570828,3710737208,9023308036,1601833620
20200703,"09:39:01","SZ","NB",5854251805,5171485289,11025737094,682766516
20200703,"09:40:01","SH","NB",5736552734,3957965335,9694518069,1778587399
20200703,"09:40:01","SZ","NB",6165185708,5515649454,11680835162,649536254
20200703,"09:41:01","SH","NB",6090686977,4281787700,10372474677,1808899277
20200703,"09:41:01","SZ","NB",6504679111,6016703951,12521383062,487975160
20200703,"09:42:01","SZ","NB",6795677342,6606410249,13402087591,189267093
20200703,"09:42:01","SH","NB",6331048867,4682209374,11013258241,1648839493
20200703,"09:43:01","SH","NB",6605876875,5058645721,11664522596,1547231154
20200703,"09:43:01","SZ","NB",7170687395,6981476583,14152163978,189210812
20200703,"09:44:01","SH","NB",6986025771,5224335144,12210360915,1761690627
20200703,"09:44:01","SZ","NB",7785832054,7220260066,15006092120,565571988
20200703,"09:45:01","SH","NB",7296153604,5467748601,12763902205,1828405003
20200703,"09:45:01","SZ","NB",8054675829,7475839684,15530515513,578836145
20200703,"09:46:01","SH","NB",7835199565,5696983754,13532183319,2138215811
20200703,"09:46:01","SZ","NB",8544221327,7697940618,16242161945,846280709
20200703,"09:47:01","SH","NB",8274473167,5924148590,14198621757,2350324577
20200703,"09:47:01","SZ","NB",8991569698,7994389009,16985958707,997180689
20200703,"09:48:01","SH","NB",8524721663,6134160007,14658881670,2390561656
20200703,"09:48:01","SZ","NB",9227238901,8257877541,17485116442,969361360
20200703,"09:49:01","SH","NB",8757350018,6409873184,15167223202,2347476834
20200703,"09:49:01","SZ","NB",9457697706,8483872713,17941570419,973824993
20200703,"09:50:01","SH","NB",9095003989,6565662011,15660666000,2529341978
20200703,"09:50:01","SZ","NB",9787144473,8679438185,18466582658,1107706288
20200703,"09:51:01","SH","NB",9442862232,6773063407,16215925639,2669798825
20200703,"09:51:01","SZ","NB",10196785622,8924595367,19121380989,1272190255
20200703,"09:52:01","SZ","NB",10529459894,9139479944,19668939838,1389979950
20200703,"09:52:01","SH","NB",9693444660,6954503716,16647948376,2738940944
20200703,"09:53:01","SH","NB",9990827561,7201547913,17192375474,2789279648
20200703,"09:53:01","SZ","NB",10801817383,9516992305,20318809688,1284825078
20200703,"09:54:01","SH","NB",10225351928,7374698624,17600050552,2850653304
20200703,"09:54:01","SZ","NB",11123645549,9718502400,20842147949,1405143149
20200703,"09:55:01","SH","NB",10415655959,7589326874,18004982833,2826329085
20200703,"09:55:01","SZ","NB",11344079515,10026818931,21370898446,1317260584
20200703,"09:56:01","SH","NB",10709985984,7795374336,18505360320,2914611648
20200703,"09:56:01","SZ","NB",11738703272,10305604881,22044308153,1433098391
20200703,"09:57:01","SH","NB",10973555097,7949205472,18922760569,3024349625
20200703,"09:57:01","SZ","NB",12015238421,10559298276,22574536697,1455940145
20200703,"09:58:01","SH","NB",11203610866,8158744379,19362355245,3044866487
20200703,"09:58:01","SZ","NB",12271702726,10803729769,23075432495,1467972957
20200703,"09:59:01","SH","NB",11455258354,8322837852,19778096206,3132420502
20200703,"09:59:01","SZ","NB",12587589918,11017243807,23604833725,1570346111
20200703,"10:00:01","SH","NB",11681994553,8590915692,20272910245,3091078861
20200703,"10:00:01","SZ","NB",12857320214,11426468928,24283789142,1430851286
20200703,"10:01:01","SH","NB",11828546732,8811200916,20639747648,3017345816
20200703,"10:01:01","SZ","NB",13080348512,11724135410,24804483922,1356213102
20200703,"10:02:01","SZ","NB",13375784860,11894399486,25270184346,1481385374
20200703,"10:02:01","SH","NB",12034207826,8974556641,21008764467,3059651185
20200703,"10:03:01","SH","NB",12441486027,9115924079,21557410106,3325561948
20200703,"10:03:01","SZ","NB",13971025569,12016039000,25987064569,1954986569
20200703,"10:04:01","SH","NB",12589618672,9295768252,21885386924,3293850420
20200703,"10:04:01","SZ","NB",14168920700,12289944247,26458864947,1878976453
20200703,"10:05:01","SH","NB",12819737515,9386162939,22205900454,3433574576
20200703,"10:05:01","SZ","NB",14547419909,12417756941,26965176850,2129662968
20200703,"10:06:01","SH","NB",13030748930,9523240162,22553989092,3507508768
20200703,"10:06:01","SZ","NB",14835509639,12633666296,27469175935,2201843343
20200703,"10:07:01","SH","NB",13238896102,9671614581,22910510683,3567281521
20200703,"10:07:01","SZ","NB",15095506697,12797133158,27892639855,2298373539
20200703,"10:08:01","SH","NB",13465455486,9780253254,23245708740,3685202232
20200703,"10:08:01","SZ","NB",15328924910,12944389903,28273314813,2384535007
20200703,"10:09:01","SH","NB",13655818170,9966038122,23621856292,3689780048
20200703,"10:09:01","SZ","NB",15537118943,13187020649,28724139592,2350098294
20200703,"10:10:01","SZ","NB",15675107001,13347986095,29023093096,2327120906
20200703,"10:10:01","SH","NB",13803083114,10078675716,23881758830,3724407398
20200703,"10:11:01","SH","NB",14034027909,10262016668,24296044577,3772011241
20200703,"10:11:01","SZ","NB",15825968809,13604343480,29430312289,2221625329
20200703,"10:12:01","SH","NB",14176913164,10509913373,24686826537,3666999791
20200703,"10:12:01","SZ","NB",15956501167,13924021512,29880522679,2032479655
20200703,"10:13:01","SH","NB",14364148008,10646929144,25011077152,3717218864
20200703,"10:13:01","SZ","NB",16274229029,14119502260,30393731289,2154726769
20200703,"10:14:01","SH","NB",14468034108,10744378454,25212412562,3723655654
20200703,"10:14:01","SZ","NB",16440747938,14286418705,30727166643,2154329233
20200703,"10:15:01","SZ","NB",16580924674,14425037765,31005962439,2155886909
20200703,"10:15:01","SH","NB",14565831718,10873669779,25439501497,3692161939
20200703,"10:16:01","SH","NB",14750686872,10968433049,25719119921,3782253823
20200703,"10:16:01","SZ","NB",16793342893,14509477187,31302820080,2283865706
20200703,"10:17:01","SH","NB",14933106371,11033399186,25966505557,3899707185
20200703,"10:17:01","SZ","NB",17079994244,14590988365,31670982609,2489005879
20200703,"10:18:01","SZ","NB",17274749254,14702207744,31976956998,2572541510
20200703,"10:18:01","SH","NB",15085839746,11116640298,26202480044,3969199448
20200703,"10:19:01","SH","NB",15203099357,11225886971,26428986328,3977212386
20200703,"10:19:01","SZ","NB",17396364017,14830692847,32227056864,2565671170
20200703,"10:20:01","SH","NB",15356997042,11333887271,26690884313,4023109771
20200703,"10:20:01","SZ","NB",17548082613,14938339372,32486421985,2609743241
20200703,"10:21:01","SH","NB",15535996984,11503556988,27039553972,4032439996
20200703,"10:21:01","SZ","NB",17693345599,15259693345,32953038944,2433652254
20200703,"10:22:01","SH","NB",15645761220,11599102133,27244863353,4046659087
20200703,"10:22:01","SZ","NB",17864638130,15446470998,33311109128,2418167132
20200703,"10:23:01","SH","NB",15833492764,11707114413,27540607177,4126378351
20200703,"10:23:01","SZ","NB",18075583244,15595912585,33671495829,2479670659
20200703,"10:24:01","SH","NB",15955286563,11817533834,27772820397,4137752729
20200703,"10:24:01","SZ","NB",18169496076,15777885189,33947381265,2391610887
20200703,"10:25:01","SH","NB",16087663459,11964737238,28052400697,4122926221
20200703,"10:25:01","SZ","NB",18299160513,15982467530,34281628043,2316692983
20200703,"10:26:01","SZ","NB",18449144673,16179052946,34628197619,2270091727
20200703,"10:26:01","SH","NB",16222213337,12208123029,28430336366,4014090308
20200703,"10:27:01","SH","NB",16383980343,12351832450,28735812793,4032147893
20200703,"10:27:01","SZ","NB",18656319117,16395912069,35052231186,2260407048
20200703,"10:28:01","SH","NB",16598751784,12462407428,29061159212,4136344356
20200703,"10:28:01","SZ","NB",18968889143,16529811050,35498700193,2439078093
20200703,"10:29:01","SH","NB",16760314524,12559396414,29319710938,4200918110
20200703,"10:29:01","SZ","NB",19192081242,16661208242,35853289484,2530873000
20200703,"10:30:01","SH","NB",16963174263,12658148579,29621322842,4305025684
20200703,"10:30:01","SZ","NB",19436601199,16771606752,36208207951,2664994447
20200703,"10:31:01","SH","NB",17176255039,12844991802,30021246841,4331263237
20200703,"10:31:01","SZ","NB",19843458946,16917683230,36761142176,2925775716
20200703,"10:32:01","SH","NB",17324597892,12934688929,30259286821,4389908963
20200703,"10:32:01","SZ","NB",20075389751,16998232488,37073622239,3077157263
20200703,"10:33:01","SH","NB",17545008534,13019728557,30564737091,4525279977
20200703,"10:33:01","SZ","NB",20377840983,17088010710,37465851693,3289830273
20200703,"10:34:01","SZ","NB",20520834326,17256901514,37777735840,3263932812
20200703,"10:34:01","SH","NB",17659700341,13135418404,30795118745,4524281937
20200703,"10:35:01","SH","NB",17751372487,13235042707,30986415194,4516329780
20200703,"10:35:01","SZ","NB",20651332762,17337674362,37989007124,3313658400
20200703,"10:36:01","SH","NB",17870703777,13311175173,31181878950,4559528604
20200703,"10:36:01","SZ","NB",20823652643,17455268784,38278921427,3368383859
20200703,"10:37:01","SZ","NB",21033008368,17532327708,38565336076,3500680660
20200703,"10:37:01","SH","NB",18079879607,13376838852,31456718459,4703040755
20200703,"10:38:01","SH","NB",18177162645,13487866498,31665029143,4689296147
20200703,"10:38:01","SZ","NB",21130187238,17671680349,38801867587,3458506889
20200703,"10:39:01","SH","NB",18262502690,13577166700,31839669390,4685335990
20200703,"10:39:01","SZ","NB",21208428995,17766273535,38974702530,3442155460
20200703,"10:40:01","SH","NB",18342638854,13648415311,31991054165,4694223543
20200703,"10:40:01","SZ","NB",21328775344,17837743995,39166519339,3491031349
20200703,"10:41:01","SH","NB",18478120722,13731430851,32209551573,4746689871
20200703,"10:41:01","SZ","NB",21557785000,17950460050,39508245050,3607324950
20200703,"10:42:01","SH","NB",18565709799,13815083041,32380792840,4750626758
20200703,"10:42:01","SZ","NB",21651252770,18057272642,39708525412,3593980128
20200703,"10:43:01","SH","NB",18651035222,13938284788,32589320010,4712750434
20200703,"10:43:01","SZ","NB",21738579982,18200545383,39939125365,3538034599
20200703,"10:44:01","SH","NB",18761997386,14020998596,32782995982,4740998790
20200703,"10:44:01","SZ","NB",21913610346,18282007252,40195617598,3631603094
20200703,"10:45:01","SZ","NB",22030044607,18368025082,40398069689,3662019525
20200703,"10:45:01","SH","NB",18878780533,14129001189,33007781722,4749779344
20200703,"10:46:01","SH","NB",19007703404,14253972863,33261676267,4753730541
20200703,"10:46:01","SZ","NB",22213505813,18458358156,40671863969,3755147657
20200703,"10:47:01","SH","NB",19098400168,14354648031,33453048199,4743752137
20200703,"10:47:01","SZ","NB",22344243585,18551939435,40896183020,3792304150
20200703,"10:48:01","SH","NB",19182705879,14514699507,33697405386,4668006372
20200703,"10:48:01","SZ","NB",22442356342,18662309098,41104665440,3780047244
20200703,"10:49:01","SH","NB",19280871700,14708064125,33988935825,4572807575
20200703,"10:49:01","SZ","NB",22543808938,18848191378,41392000316,3695617560
20200703,"10:50:01","SH","NB",19504462707,14880299017,34384761724,4624163690
20200703,"10:50:01","SZ","NB",22817736638,18945589352,41763325990,3872147286
20200703,"10:51:01","SH","NB",19773821282,14974681455,34748502737,4799139827
20200703,"10:51:01","SZ","NB",23153070896,19050454030,42203524926,4102616866
20200703,"10:52:01","SH","NB",19949892447,15039751508,34989643955,4910140939
20200703,"10:52:01","SZ","NB",23340907178,19188140925,42529048103,4152766253
20200703,"10:53:01","SH","NB",20072756181,15128726427,35201482608,4944029754
20200703,"10:53:01","SZ","NB",23511859787,19349914606,42861774393,4161945181
20200703,"10:54:01","SH","NB",20167810025,15212611515,35380421540,4955198510
20200703,"10:54:01","SZ","NB",23617983014,19457129101,43075112115,4160853913
20200703,"10:55:01","SZ","NB",23810985077,19536139503,43347124580,4274845574
20200703,"10:55:01","SH","NB",20275211055,15271613259,35546824314,5003597796
20200703,"10:56:01","SH","NB",20370168914,15364988109,35735157023,5005180805
20200703,"10:56:01","SZ","NB",23928785006,19656140950,43584925956,4272644056
20200703,"10:57:01","SH","NB",20467843974,15552100053,36019944027,4915743921
20200703,"10:57:01","SZ","NB",24075822071,19790476579,43866298650,4285345492
20200703,"10:58:01","SZ","NB",24232769349,19902294874,44135064223,4330474475
20200703,"10:58:01","SH","NB",20574315039,15711092889,36285407928,4863222150
20200703,"10:59:01","SH","NB",20683057841,15899206006,36582263847,4783851835
20200703,"10:59:01","SZ","NB",24385865687,20025934708,44411800395,4359930979
20200703,"11:00:01","SH","NB",20957256496,16031741999,36988998495,4925514497
20200703,"11:00:01","SZ","NB",24667325257,20132995202,44800320459,4534330055
20200703,"11:01:01","SH","NB",21164220052,16108761806,37272981858,5055458246
20200703,"11:01:01","SZ","NB",24869441011,20243594535,45113035546,4625846476
20200703,"11:02:01","SH","NB",21291992770,16185039343,37477032113,5106953427
20200703,"11:02:01","SZ","NB",25050233755,20371809481,45422043236,4678424274
20200703,"11:03:01","SH","NB",21398549276,16269024663,37667573939,5129524613
20200703,"11:03:01","SZ","NB",25167017077,20546733646,45713750723,4620283431
20200703,"11:04:01","SH","NB",21491868947,16339318736,37831187683,5152550211
20200703,"11:04:01","SZ","NB",25263607229,20668937756,45932544985,4594669473
20200703,"11:05:01","SH","NB",21579425474,16384055106,37963480580,5195370368
20200703,"11:05:01","SZ","NB",25369701961,20719289308,46088991269,4650412653
20200703,"11:06:01","SH","NB",21699991495,16440438572,38140430067,5259552923
20200703,"11:06:01","SZ","NB",25519769166,20779808798,46299577964,4739960368
20200703,"11:07:01","SZ","NB",25649215690,20852353629,46501569319,4796862061
20200703,"11:07:01","SH","NB",21822242259,16492140302,38314382561,5330101957
20200703,"11:08:01","SH","NB",21937034121,16533323136,38470357257,5403710985
20200703,"11:08:01","SZ","NB",25735901410,20916716024,46652617434,4819185386
20200703,"11:09:01","SH","NB",22012983497,16599757681,38612741178,5413225816
20200703,"11:09:01","SZ","NB",25825337790,21001760348,46827098138,4823577442
20200703,"11:10:01","SH","NB",22108176709,16644619569,38752796278,5463557140
20200703,"11:10:01","SZ","NB",25924597486,21064396955,46988994441,4860200531
20200703,"11:11:01","SH","NB",22274195958,16704118963,38978314921,5570076995
20200703,"11:11:01","SZ","NB",26134475177,21148249077,47282724254,4986226100
20200703,"11:12:01","SH","NB",22379884911,16808837170,39188722081,5571047741
20200703,"11:12:01","SZ","NB",26223534130,21255353577,47478887707,4968180553
20200703,"11:13:01","SH","NB",22465400923,16876721271,39342122194,5588679652
20200703,"11:13:01","SZ","NB",26338816578,21327375411,47666191989,5011441167
20200703,"11:14:01","SH","NB",22566448911,16943077310,39509526221,5623371601
20200703,"11:14:01","SZ","NB",26430143441,21397366991,47827510432,5032776450
20200703,"11:15:01","SZ","NB",26533473403,21466442588,47999915991,5067030815
20200703,"11:15:01","SH","NB",22670534238,17012387436,39682921674,5658146802
20200703,"11:16:01","SH","NB",22758518100,17097654095,39856172195,5660864005
20200703,"11:16:01","SZ","NB",26628681345,21529311446,48157992791,5099369899
20200703,"11:17:01","SH","NB",22863872919,17151061461,40014934380,5712811458
20200703,"11:17:01","SZ","NB",26788281421,21584367323,48372648744,5203914098
20200703,"11:18:01","SH","NB",22940831701,17322013749,40262845450,5618817952
20200703,"11:18:01","SZ","NB",26866315349,21703549432,48569864781,5162765917
20200703,"11:19:01","SH","NB",23029742451,17565930313,40595672764,5463812138
20200703,"11:19:01","SZ","NB",26968436568,21856570309,48825006877,5111866259
20200703,"11:20:01","SH","NB",23165117274,17634097712,40799214986,5531019562
20200703,"11:20:01","SZ","NB",27096429756,21929541307,49025971063,5166888449
20200703,"11:21:01","SH","NB",23286086286,17699049835,40985136121,5587036451
20200703,"11:21:01","SZ","NB",27225402967,22012641226,49238044193,5212761741
20200703,"11:22:01","SH","NB",23450911434,17746495096,41197406530,5704416338
20200703,"11:22:01","SZ","NB",27366212917,22061739390,49427952307,5304473527
20200703,"11:23:01","SZ","NB",27449392747,22149353590,49598746337,5300039157
20200703,"11:23:01","SH","NB",23533692859,17805311501,41339004360,5728381358
20200703,"11:24:01","SH","NB",23606076360,17856364904,41462441264,5749711456
20200703,"11:24:01","SZ","NB",27538915876,22213829381,49752745257,5325086495
20200703,"11:25:01","SH","NB",23746836282,17904842984,41651679266,5841993298
20200703,"11:25:01","SZ","NB",27657217128,22265122932,49922340060,5392094196
20200703,"11:26:01","SH","NB",23841357885,17970516318,41811874203,5870841567
20200703,"11:26:01","SZ","NB",27731434708,22333586375,50065021083,5397848333
20200703,"11:27:01","SH","NB",23926242546,18012312677,41938555223,5913929869
20200703,"11:27:01","SZ","NB",27815825098,22378563285,50194388383,5437261813
20200703,"11:28:01","SH","NB",24019460930,18053267571,42072728501,5966193359
20200703,"11:28:01","SZ","NB",27911835784,22422720317,50334556101,5489115467
20200703,"11:29:01","SH","NB",24123203711,18093357989,42216561700,6029845722
20200703,"11:29:01","SZ","NB",28006609114,22478460583,50485069697,5528148531
20200703,"11:30:01","SZ","NB",28069424308,22527833082,50597257390,5541591226
20200703,"11:30:01","SH","NB",24193696721,18137091151,42330787872,6056605570
20200703,"11:31:01","SH","NB",24193762586,18137101937,42330864523,6056660649
20200703,"13:00:02","SH","NB",24194427146,18137101937,42331529083,6057325209
20200703,"13:00:02","SZ","NB",28080967215,22535571744,50616538959,5545395471
20200703,"13:01:01","SH","NB",24405419140,18265304136,42670723276,6140115004
20200703,"13:01:01","SZ","NB",28305676873,22693939680,50999616553,5611737193
20200703,"13:02:01","SH","NB",24505820748,18389628494,42895449242,6116192254
20200703,"13:02:01","SZ","NB",28397143426,22884018239,51281161665,5513125187
20200703,"13:03:01","SH","NB",24588695631,18448375687,43037071318,6140319944
20200703,"13:03:01","SZ","NB",28505675390,22972176608,51477851998,5533498782
20200703,"13:04:01","SH","NB",24723112952,18504974269,43228087221,6218138683
20200703,"13:04:01","SZ","NB",28599401613,23047068929,51646470542,5552332684
20200703,"13:05:01","SH","NB",24811587064,18584893827,43396480891,6226693237
20200703,"13:05:01","SZ","NB",28702083100,23171659483,51873742583,5530423617
20200703,"13:06:01","SZ","NB",28786510773,23290957448,52077468221,5495553325
20200703,"13:06:01","SH","NB",24890309587,18660373471,43550683058,6229936116
20200703,"13:07:01","SH","NB",24968831841,18736600372,43705432213,6232231469
20200703,"13:07:01","SZ","NB",28857620673,23440624484,52298245157,5416996189
20200703,"13:08:01","SH","NB",25053507358,18785746011,43839253369,6267761347
20200703,"13:08:01","SZ","NB",28942440809,23506890780,52449331589,5435550029
20200703,"13:09:01","SH","NB",25111356646,18849888529,43961245175,6261468117
20200703,"13:09:01","SZ","NB",29014030229,23584632279,52598662508,5429397950
20200703,"13:10:01","SH","NB",25184168679,18913385278,44097553957,6270783401
20200703,"13:10:01","SZ","NB",29127856599,23671503901,52799360500,5456352698
20200703,"13:11:01","SH","NB",25294993248,18985366367,44280359615,6309626881
20200703,"13:11:01","SZ","NB",29247794554,23760502686,53008297240,5487291868
20200703,"13:12:01","SH","NB",25352263786,19058337252,44410601038,6293926534
20200703,"13:12:01","SZ","NB",29319501506,23932877275,53252378781,5386624231
20200703,"13:13:01","SZ","NB",29400769023,24247396321,53648165344,5153372702
20200703,"13:13:01","SH","NB",25424079970,19178114724,44602194694,6245965246
20200703,"13:14:01","SH","NB",25531088395,19222789514,44753877909,6308298881
20200703,"13:14:01","SZ","NB",29534550184,24327740287,53862290471,5206809897
20200703,"13:15:01","SH","NB",25622847735,19268450919,44891298654,6354396816
20200703,"13:15:01","SZ","NB",29631116045,24382132422,54013248467,5248983623
20200703,"13:16:01","SH","NB",25701323637,19317100695,45018424332,6384222942
20200703,"13:16:01","SZ","NB",29700477869,24445331294,54145809163,5255146575
20200703,"13:17:01","SH","NB",25799609646,19365915444,45165525090,6433694202
20200703,"13:17:01","SZ","NB",29805270527,24504922770,54310193297,5300347757
20200703,"13:18:01","SZ","NB",29949391041,24554166354,54503557395,5395224687
20200703,"13:18:01","SH","NB",25881700275,19414589320,45296289595,6467110955
20200703,"13:19:01","SH","NB",25938693089,19456516143,45395209232,6482176946
20200703,"13:19:01","SZ","NB",30012420433,24643987875,54656408308,5368432558
20200703,"13:20:01","SH","NB",25992980979,19501269049,45494250028,6491711930
20200703,"13:20:01","SZ","NB",30081310140,24725355448,54806665588,5355954692
20200703,"13:21:01","SH","NB",26062011896,19560815727,45622827623,6501196169
20200703,"13:21:01","SZ","NB",30167104636,24864656081,55031760717,5302448555
20200703,"13:22:01","SZ","NB",30241886127,24951247981,55193134108,5290638146
20200703,"13:22:01","SH","NB",26127225196,19601887465,45729112661,6525337731
20200703,"13:23:01","SH","NB",26219275578,19642815379,45862090957,6576460199
20200703,"13:23:01","SZ","NB",30377968286,25029660444,55407628730,5348307842
20200703,"13:24:01","SH","NB",26296942762,19719428203,46016370965,6577514559
20200703,"13:24:01","SZ","NB",30466156154,25159054908,55625211062,5307101246
20200703,"13:25:01","SH","NB",26349308274,19783802092,46133110366,6565506182
20200703,"13:25:01","SZ","NB",30528626482,25275599095,55804225577,5253027387
20200703,"13:26:01","SH","NB",26411035075,19836677752,46247712827,6574357323
20200703,"13:26:01","SZ","NB",30593061632,25400137637,55993199269,5192923995
20200703,"13:27:01","SH","NB",26454215449,19924583530,46378798979,6529631919
20200703,"13:27:01","SZ","NB",30662507043,25575261092,56237768135,5087245951
20200703,"13:28:01","SH","NB",26548238912,19964754797,46512993709,6583484115
20200703,"13:28:01","SZ","NB",30765306297,25636803137,56402109434,5128503160
20200703,"13:29:01","SZ","NB",30922732022,25721075374,56643807396,5201656648
20200703,"13:29:01","SH","NB",26682573637,20025274847,46707848484,6657298790
20200703,"13:30:01","SH","NB",26758538080,20082431207,46840969287,6676106873
20200703,"13:30:01","SZ","NB",30992456718,25843353365,56835810083,5149103353
20200703,"13:31:01","SH","NB",26839368688,20162894577,47002263265,6676474111
20200703,"13:31:01","SZ","NB",31079702995,26045676503,57125379498,5034026492
20200703,"13:32:01","SH","NB",26904712222,20242306897,47147019119,6662405325
20200703,"13:32:01","SZ","NB",31171682379,26171297836,57342980215,5000384543
20200703,"13:33:01","SH","NB",27004945457,20295432771,47300378228,6709512686
20200703,"13:33:01","SZ","NB",31381273340,26236842240,57618115580,5144431100
20200703,"13:34:01","SH","NB",27059704149,20372260521,47431964670,6687443628
20200703,"13:34:01","SZ","NB",31459273778,26351055836,57810329614,5108217942
20200703,"13:35:01","SZ","NB",31516878974,26449299714,57966178688,5067579260
20200703,"13:35:01","SH","NB",27098754318,20435641977,47534396295,6663112341
20200703,"13:36:01","SH","NB",27154866245,20499812619,47654678864,6655053626
20200703,"13:36:01","SZ","NB",31592296107,26548855185,58141151292,5043440922
20200703,"13:37:01","SH","NB",27201636607,20539944952,47741581559,6661691655
20200703,"13:37:01","SZ","NB",31655595808,26611914368,58267510176,5043681440
20200703,"13:38:01","SH","NB",27248296546,20629964298,47878260844,6618332248
20200703,"13:38:01","SZ","NB",31721320545,26764402325,58485722870,4956918220
20200703,"13:39:01","SH","NB",27293887751,20677650321,47971538072,6616237430
20200703,"13:39:01","SZ","NB",31781710148,26845559100,58627269248,4936151048
20200703,"13:40:01","SH","NB",27362384321,20710386372,48072770693,6651997949
20200703,"13:40:01","SZ","NB",31868777922,26893949558,58762727480,4974828364
20200703,"13:41:01","SH","NB",27436282548,20791211005,48227493553,6645071543
20200703,"13:41:01","SZ","NB",31966002518,27018817586,58984820104,4947184932
20200703,"13:42:01","SH","NB",27490681337,20842766759,48333448096,6647914578
20200703,"13:42:01","SZ","NB",32030901221,27106068239,59136969460,4924832982
20200703,"13:43:01","SH","NB",27584060958,20896722753,48480783711,6687338205
20200703,"13:43:01","SZ","NB",32117305642,27198662336,59315967978,4918643306
20200703,"13:44:01","SH","NB",27656417610,20968743403,48625161013,6687674207
20200703,"13:44:01","SZ","NB",32217499134,27286248734,59503747868,4931250400
20200703,"13:45:01","SZ","NB",32291867867,27406381543,59698249410,4885486324
20200703,"13:45:01","SH","NB",27728431975,21049513243,48777945218,6678918732
20200703,"13:46:01","SH","NB",27790042858,21157567014,48947609872,6632475844
20200703,"13:46:01","SZ","NB",32354417821,27589188784,59943606605,4765229037
20200703,"13:47:01","SH","NB",27845354694,21229657325,49075012019,6615697369
20200703,"13:47:01","SZ","NB",32430292328,27707168655,60137460983,4723123673
20200703,"13:48:01","SH","NB",27893900572,21284663639,49178564211,6609236933
20200703,"13:48:01","SZ","NB",32496129044,27787007392,60283136436,4709121652
20200703,"13:49:01","SH","NB",27950638111,21355633978,49306272089,6595004133
20200703,"13:49:01","SZ","NB",32581152814,27893043739,60474196553,4688109075
20200703,"13:50:01","SH","NB",28009828354,21415035622,49424863976,6594792732
20200703,"13:50:01","SZ","NB",32663083163,27964210659,60627293822,4698872504
20200703,"13:51:01","SH","NB",28079057928,21466296520,49545354448,6612761408
20200703,"13:51:01","SZ","NB",32758778276,28039838948,60798617224,4718939328
20200703,"13:52:01","SH","NB",28144390812,21513546636,49657937448,6630844176
20200703,"13:52:01","SZ","NB",32825114987,28106744756,60931859743,4718370231
20200703,"13:53:01","SH","NB",28246915536,21557744199,49804659735,6689171337
20200703,"13:53:01","SZ","NB",32945570244,28175586564,61121156808,4769983680
20200703,"13:54:01","SZ","NB",33029656881,28235827982,61265484863,4793828899
20200703,"13:54:01","SH","NB",28320178924,21601731439,49921910363,6718447485
20200703,"13:55:01","SH","NB",28379313338,21669377259,50048690597,6709936079
20200703,"13:55:01","SZ","NB",33094038963,28335450689,61429489652,4758588274
20200703,"13:56:01","SH","NB",28442970953,21772749889,50215720842,6670221064
20200703,"13:56:01","SZ","NB",33170083925,28488653986,61658737911,4681429939
20200703,"13:57:01","SH","NB",28510995642,21824648289,50335643931,6686347353
20200703,"13:57:01","SZ","NB",33270274625,28586287217,61856561842,4683987408
20200703,"13:58:01","SH","NB",28592408072,21873622414,50466030486,6718785658
20200703,"13:58:01","SZ","NB",33382894736,28664435482,62047330218,4718459254
20200703,"13:59:01","SH","NB",28652185292,21916883588,50569068880,6735301704
20200703,"13:59:01","SZ","NB",33473870414,28729868645,62203739059,4744001769
20200703,"14:00:01","SZ","NB",33540392681,28806673644,62347066325,4733719037
20200703,"14:00:01","SH","NB",28700392642,21984475049,50684867691,6715917593
20200703,"14:01:01","SH","NB",28783498040,22046585295,50830083335,6736912745
20200703,"14:01:01","SZ","NB",33639269387,28899080089,62538349476,4740189298
20200703,"14:02:01","SH","NB",28847284006,22170337271,51017621277,6676946735
20200703,"14:02:01","SZ","NB",33709273457,29081392500,62790665957,4627880957
20200703,"14:03:01","SZ","NB",33800002867,29169835495,62969838362,4630167372
20200703,"14:03:01","SH","NB",28914377004,22269874718,51184251722,6644502286
20200703,"14:04:01","SH","NB",28971690656,22359346500,51331037156,6612344156
20200703,"14:04:01","SZ","NB",33885042606,29314651150,63199693756,4570391456
20200703,"14:05:01","SH","NB",29038663186,22436553836,51475217022,6602109350
20200703,"14:05:01","SZ","NB",33974857929,29418500228,63393358157,4556357701
20200703,"14:06:01","SH","NB",29099420412,22506617326,51606037738,6592803086
20200703,"14:06:01","SZ","NB",34050878569,29509988559,63560867128,4540890010
20200703,"14:07:01","SH","NB",29224135133,22553027859,51777162992,6671107274
20200703,"14:07:01","SZ","NB",34172740929,29578154773,63750895702,4594586156
20200703,"14:08:01","SH","NB",29275088074,22595589605,51870677679,6679498469
20200703,"14:08:01","SZ","NB",34255050431,29658340559,63913390990,4596709872
20200703,"14:09:01","SH","NB",29322474228,22643264945,51965739173,6679209283
20200703,"14:09:01","SZ","NB",34329556837,29731073485,64060630322,4598483352
20200703,"14:10:01","SH","NB",29409068966,22682855553,52091924519,6726213413
20200703,"14:10:01","SZ","NB",34464797468,29795930079,64260727547,4668867389
20200703,"14:11:01","SH","NB",29467227776,22745530857,52212758633,6721696919
20200703,"14:11:01","SZ","NB",34565589473,29895496225,64461085698,4670093248
20200703,"14:12:01","SH","NB",29513662544,22788884040,52302546584,6724778504
20200703,"14:12:01","SZ","NB",34628055395,29971422528,64599477923,4656632867
20200703,"14:13:01","SZ","NB",34749912817,30048079169,64797991986,4701833648
20200703,"14:13:01","SH","NB",29588617802,22834895074,52423512876,6753722728
20200703,"14:14:01","SH","NB",29644856390,22876706772,52521563162,6768149618
20200703,"14:14:01","SZ","NB",34832789789,30115894888,64948684677,4716894901
20200703,"14:15:01","SH","NB",29704749498,22931165807,52635915305,6773583691
20200703,"14:15:01","SZ","NB",34904232712,30204993289,65109226001,4699239423
20200703,"14:16:01","SH","NB",29759971983,22983168148,52743140131,6776803835
20200703,"14:16:01","SZ","NB",34991193341,30281585993,65272779334,4709607348
20200703,"14:17:01","SH","NB",29821860609,23029579206,52851439815,6792281403
20200703,"14:17:01","SZ","NB",35064278258,30364061157,65428339415,4700217101
20200703,"14:18:01","SH","NB",29874695841,23094974216,52969670057,6779721625
20200703,"14:18:01","SZ","NB",35133903960,30484708076,65618612036,4649195884
20200703,"14:19:01","SZ","NB",35192310939,30559489268,65751800207,4632821671
20200703,"14:19:01","SH","NB",29923018906,23134850416,53057869322,6788168490
20200703,"14:20:01","SH","NB",29990710878,23177524947,53168235825,6813185931
20200703,"14:20:01","SZ","NB",35263325714,30631874686,65895200400,4631451028
20200703,"14:21:01","SH","NB",30059549251,23263581276,53323130527,6795967975
20200703,"14:21:01","SZ","NB",35363872854,30754675043,66118547897,4609197811
20200703,"14:22:01","SH","NB",30167294273,23305987374,53473281647,6861306899
20200703,"14:22:01","SZ","NB",35460490638,30856010285,66316500923,4604480353
20200703,"14:23:01","SH","NB",30284626600,23364591917,53649218517,6920034683
20200703,"14:23:01","SZ","NB",35617430957,30964578488,66582009445,4652852469
20200703,"14:24:01","SZ","NB",35703904078,31095713907,66799617985,4608190171
20200703,"14:24:01","SH","NB",30360174032,23427495425,53787669457,6932678607
20200703,"14:25:01","SH","NB",30451211411,23466850979,53918062390,6984360432
20200703,"14:25:01","SZ","NB",35778685450,31178354280,66957039730,4600331170
20200703,"14:26:01","SH","NB",30543254750,23510713729,54053968479,7032541021
20200703,"14:26:01","SZ","NB",35871284990,31273657207,67144942197,4597627783
20200703,"14:27:01","SH","NB",30628244694,23561793003,54190037697,7066451691
20200703,"14:27:01","SZ","NB",35967836657,31356710539,67324547196,4611126118
20200703,"14:28:01","SH","NB",30719060597,23606810933,54325871530,7112249664
20200703,"14:28:01","SZ","NB",36060773115,31458691953,67519465068,4602081162
20200703,"14:29:01","SH","NB",30800646441,23647384870,54448031311,7153261571
20200703,"14:29:01","SZ","NB",36162778195,31553480713,67716258908,4609297482
20200703,"14:30:01","SZ","NB",36241600791,31732777930,67974378721,4508822861
20200703,"14:30:01","SH","NB",30880733244,23733974802,54614708046,7146758442
20200703,"14:31:01","SH","NB",30961269321,23808331227,54769600548,7152938094
20200703,"14:31:01","SZ","NB",36351236818,31854419187,68205656005,4496817631
20200703,"14:32:01","SH","NB",31026449735,23854788172,54881237907,7171661563
20200703,"14:32:01","SZ","NB",36433243291,31936192428,68369435719,4497050863
20200703,"14:33:01","SH","NB",31125904529,23908629692,55034534221,7217274837
20200703,"14:33:01","SZ","NB",36559340010,32048071752,68607411762,4511268258
20200703,"14:34:01","SH","NB",31199375349,23953829339,55153204688,7245546010
20200703,"14:34:01","SZ","NB",36643556296,32149663165,68793219461,4493893131
20200703,"14:35:01","SH","NB",31284854311,24016658935,55301513246,7268195376
20200703,"14:35:01","SZ","NB",36762707028,32238745488,69001452516,4523961540
20200703,"14:36:01","SH","NB",31377294795,24091404572,55468699367,7285890223
20200703,"14:36:01","SZ","NB",36874775738,32369797657,69244573395,4504978081
20200703,"14:37:01","SH","NB",31446578916,24157773363,55604352279,7288805553
20200703,"14:37:01","SZ","NB",36957251168,32479403946,69436655114,4477847222
20200703,"14:38:01","SZ","NB",37028075503,32604412256,69632487759,4423663247
20200703,"14:38:01","SH","NB",31502816827,24224187603,55727004430,7278629224
20200703,"14:39:01","SH","NB",31593248342,24283755247,55877003589,7309493095
20200703,"14:39:01","SZ","NB",37140056204,32684633795,69824689999,4455422409
20200703,"14:40:01","SH","NB",31720686159,24342146158,56062832317,7378540001
20200703,"14:40:01","SZ","NB",37289232074,32752865342,70042097416,4536366732
20200703,"14:41:01","SH","NB",31884002076,24443826865,56327828941,7440175211
20200703,"14:41:01","SZ","NB",37502570110,32875849813,70378419923,4626720297
20200703,"14:42:01","SH","NB",31963045275,24537519148,56500564423,7425526127
20200703,"14:42:01","SZ","NB",37604990837,33035958596,70640949433,4569032241
20200703,"14:43:01","SH","NB",32064046498,24633499883,56697546381,7430546615
20200703,"14:43:01","SZ","NB",37714019488,33186252625,70900272113,4527766863
20200703,"14:44:01","SZ","NB",37887059674,33266141688,71153201362,4620917986
20200703,"14:44:01","SH","NB",32142097114,24705289137,56847386251,7436807977
20200703,"14:45:01","SH","NB",32304051455,24782155024,57086206479,7521896431
20200703,"14:45:01","SZ","NB",38065804513,33367335100,71433139613,4698469413
20200703,"14:46:01","SH","NB",32449372679,24882977342,57332350021,7566395337
20200703,"14:46:01","SZ","NB",38200492826,33497918686,71698411512,4702574140
20200703,"14:47:01","SZ","NB",38306334014,33605643456,71911977470,4700690558
20200703,"14:47:01","SH","NB",32546283021,24965779459,57512062480,7580503562
20200703,"14:48:01","SH","NB",32692229697,25038662922,57730892619,7653566775
20200703,"14:48:01","SZ","NB",38430829322,33698392878,72129222200,4732436444
20200703,"14:49:01","SH","NB",32821510998,25112986793,57934497791,7708524205
20200703,"14:49:01","SZ","NB",38583563032,33805132230,72388695262,4778430802
20200703,"14:50:01","SH","NB",32935177346,25194114497,58129291843,7741062849
20200703,"14:50:01","SZ","NB",38705079079,33912742575,72617821654,4792336504
20200703,"14:51:01","SH","NB",33055847141,25348833327,58404680468,7707013814
20200703,"14:51:01","SZ","NB",38842928387,34093668110,72936596497,4749260277
20200703,"14:52:01","SH","NB",33175786020,25432361582,58608147602,7743424438
20200703,"14:52:01","SZ","NB",38988113095,34226507791,73214620886,4761605304
20200703,"14:53:01","SZ","NB",39149264894,34323955225,73473220119,4825309669
20200703,"14:53:01","SH","NB",33318925805,25564964319,58883890124,7753961486
20200703,"14:54:01","SH","NB",33452375196,25682167479,59134542675,7770207717
20200703,"14:54:01","SZ","NB",39299385365,34458608275,73757993640,4840777090
20200703,"14:55:01","SH","NB",33624388390,25783547419,59407935809,7840840971
20200703,"14:55:01","SZ","NB",39471673216,34562772319,74034445535,4908900897
20200703,"14:56:01","SH","NB",33853475930,25903338876,59756814806,7950137054
20200703,"14:56:01","SZ","NB",39707279641,34741689416,74448969057,4965590225
20200703,"14:57:01","SH","NB",34053352635,25986689871,60040042506,8066662764
20200703,"14:57:01","SZ","NB",39906252315,34853212126,74759464441,5053040189
20200703,"14:58:01","SH","NB",34053408840,25986968127,60040376967,8066440713
20200703,"15:00:01","SZ","NB",40034864234,34930518475,74965382709,5104345759
20200703,"15:01:01","SH","NB",34368773086,26327875066,60696648152,8040898020
20200703,"15:01:01","SZ","NB",40283978393,35130988955,75414967348,5152989438
