dataDate,dataTime,connectMarket,tradeDirection,buyTurnover,sellTurnover,totalTurnover,netTurnover
20200108,"09:30:01","SH","NB",101875396,199809346,301684742,-97933950
20200108,"09:30:01","SZ","NB",83400060,77280776,160680836,6119284
20200108,"09:31:01","SH","NB",227882763,415767895,643650658,-187885132
20200108,"09:31:01","SZ","NB",346725843,322567244,669293087,24158599
20200108,"09:32:01","SH","NB",354951633,610065813,965017446,-255114180
20200108,"09:32:01","SZ","NB",582938660,501676080,1084614740,81262580
20200108,"09:33:01","SH","NB",468978939,738782187,1207761126,-269803248
20200108,"09:33:01","SZ","NB",812731760,639076134,1451807894,173655626
20200108,"09:34:01","SH","NB",580842061,884413488,1465255549,-303571427
20200108,"09:34:01","SZ","NB",1072705421,782996909,1855702330,289708512
20200108,"09:35:01","SH","NB",666233691,994476777,1660710468,-328243086
20200108,"09:35:01","SZ","NB",1216049173,924437944,2140487117,291611229
20200108,"09:36:01","SH","NB",737932067,1176394055,1914326122,-438461988
20200108,"09:36:01","SZ","NB",1377465762,1105012369,2482478131,272453393
20200108,"09:37:01","SZ","NB",1606664675,1302334240,2908998915,304330435
20200108,"09:37:01","SH","NB",844582727,1327942741,2172525468,-483360014
20200108,"09:38:01","SH","NB",930873770,1631030306,2561904076,-700156536
20200108,"09:38:01","SZ","NB",1732728988,1629821601,3362550589,102907387
20200108,"09:39:01","SH","NB",1037066474,1803419337,2840485811,-766352863
20200108,"09:39:01","SZ","NB",1910441488,1838695932,3749137420,71745556
20200108,"09:40:01","SH","NB",1187953192,1918929122,3106882314,-730975930
20200108,"09:40:01","SZ","NB",2214990475,1975130158,4190120633,239860317
20200108,"09:41:01","SH","NB",1298643470,2020982458,3319625928,-722338988
20200108,"09:41:01","SZ","NB",2359031930,2142169386,4501201316,216862544
20200108,"09:42:01","SZ","NB",2488148660,2258869225,4747017885,229279435
20200108,"09:42:01","SH","NB",1396778972,2126675692,3523454664,-729896720
20200108,"09:43:01","SH","NB",1469459258,2184449622,3653908880,-714990364
20200108,"09:43:01","SZ","NB",2587611023,2362669722,4950280745,224941301
20200108,"09:44:01","SH","NB",1539190064,2252718867,3791908931,-713528803
20200108,"09:44:01","SZ","NB",2697183871,2497365731,5194549602,199818140
20200108,"09:45:01","SH","NB",1617002692,2344025621,3961028313,-727022929
20200108,"09:45:01","SZ","NB",2799900118,2632092918,5431993036,167807200
20200108,"09:46:01","SH","NB",1682716531,2467800110,4150516641,-785083579
20200108,"09:46:01","SZ","NB",2919078616,2865107106,5784185722,53971510
20200108,"09:47:01","SH","NB",1745074046,2523521484,4268595530,-778447438
20200108,"09:47:01","SZ","NB",3030448384,2941600211,5972048595,88848173
20200108,"09:48:01","SH","NB",1791115139,2580291604,4371406743,-789176465
20200108,"09:48:01","SZ","NB",3107254069,3033211994,6140466063,74042075
20200108,"09:49:01","SH","NB",1843391715,2633469480,4476861195,-790077765
20200108,"09:49:01","SZ","NB",3179275574,3140974392,6320249966,38301182
20200108,"09:50:01","SH","NB",1902843080,2680427095,4583270175,-777584015
20200108,"09:50:01","SZ","NB",3259768603,3222762756,6482531359,37005847
20200108,"09:51:01","SH","NB",1958136450,2783961187,4742097637,-825824737
20200108,"09:51:01","SZ","NB",3339239759,3437446937,6776686696,-98207178
20200108,"09:52:01","SZ","NB",3441765777,3563683810,7005449587,-121918033
20200108,"09:52:01","SH","NB",2012629000,2858646952,4871275952,-846017952
20200108,"09:53:01","SH","NB",2088000733,2910926930,4998927663,-822926197
20200108,"09:53:01","SZ","NB",3546635167,3625717988,7172353155,-79082821
20200108,"09:54:01","SH","NB",2133770440,2972492972,5106263412,-838722532
20200108,"09:54:01","SZ","NB",3639413581,3702716470,7342130051,-63302889
20200108,"09:55:01","SH","NB",2226704456,3020815656,5247520112,-794111200
20200108,"09:55:01","SZ","NB",3750214463,3765361785,7515576248,-15147322
20200108,"09:56:01","SH","NB",2287786097,3093269459,5381055556,-805483362
20200108,"09:56:01","SZ","NB",3837731648,3845439493,7683171141,-7707845
20200108,"09:57:01","SH","NB",2325432400,3141843914,5467276314,-816411514
20200108,"09:57:01","SZ","NB",3903182782,3924748175,7827930957,-21565393
20200108,"09:58:01","SZ","NB",3957272327,4034651453,7991923780,-77379126
20200108,"09:58:01","SH","NB",2358669266,3216148650,5574817916,-857479384
20200108,"09:59:01","SH","NB",2386422157,3262090042,5648512199,-875667885
20200108,"09:59:01","SZ","NB",4015730989,4122846812,8138577801,-107115823
20200108,"10:00:01","SH","NB",2436799470,3298464184,5735263654,-861664714
20200108,"10:00:01","SZ","NB",4095389668,4176954085,8272343753,-81564417
20200108,"10:01:01","SH","NB",2493577418,3359161030,5852738448,-865583612
20200108,"10:01:01","SZ","NB",4185458101,4251521271,8436979372,-66063170
20200108,"10:02:01","SH","NB",2544242878,3398387125,5942630003,-854144247
20200108,"10:02:01","SZ","NB",4259701641,4320578975,8580280616,-60877334
20200108,"10:03:01","SH","NB",2588691146,3433602572,6022293718,-844911426
20200108,"10:03:01","SZ","NB",4343272510,4389409171,8732681681,-46136661
20200108,"10:04:01","SH","NB",2643213085,3467488075,6110701160,-824274990
20200108,"10:04:01","SZ","NB",4425911480,4450762675,8876674155,-24851195
20200108,"10:05:01","SH","NB",2697233705,3522863264,6220096969,-825629559
20200108,"10:05:01","SZ","NB",4503403915,4534865048,9038268963,-31461133
20200108,"10:06:01","SH","NB",2745497852,3584968982,6330466834,-839471130
20200108,"10:06:01","SZ","NB",4571546107,4623862132,9195408239,-52316025
20200108,"10:07:01","SZ","NB",4641322024,4702036230,9343358254,-60714206
20200108,"10:07:01","SH","NB",2776874683,3626117411,6402992094,-849242728
20200108,"10:08:01","SH","NB",2806698393,3710888063,6517586456,-904189670
20200108,"10:08:01","SZ","NB",4690265818,4805772356,9496038174,-115506538
20200108,"10:09:01","SH","NB",2836229380,3753971470,6590200850,-917742090
20200108,"10:09:01","SZ","NB",4747956368,4896424329,9644380697,-148467961
20200108,"10:10:01","SH","NB",2874371401,3785309368,6659680769,-910937967
20200108,"10:10:01","SZ","NB",4807489730,4949369469,9756859199,-141879739
20200108,"10:11:01","SH","NB",2908047950,3841631656,6749679606,-933583706
20200108,"10:11:01","SZ","NB",4883192370,5063417560,9946609930,-180225190
20200108,"10:12:01","SH","NB",2948880252,3873308049,6822188301,-924427797
20200108,"10:12:01","SZ","NB",4936153285,5122749850,10058903135,-186596565
20200108,"10:13:01","SH","NB",2982540502,3922015785,6904556287,-939475283
20200108,"10:13:01","SZ","NB",4997891254,5197002154,10194893408,-199110900
20200108,"10:14:01","SH","NB",3022364971,3990939838,7013304809,-968574867
20200108,"10:14:01","SZ","NB",5090338947,5303445661,10393784608,-213106714
20200108,"10:15:01","SZ","NB",5148475781,5396370082,10544845863,-247894301
20200108,"10:15:01","SH","NB",3071691628,4058437245,7130128873,-986745617
20200108,"10:16:01","SH","NB",3119031580,4113631145,7232662725,-994599565
20200108,"10:16:01","SZ","NB",5213101013,5476677922,10689778935,-263576909
20200108,"10:17:01","SH","NB",3161192010,4182801331,7343993341,-1021609321
20200108,"10:17:01","SZ","NB",5299078124,5562169646,10861247770,-263091522
20200108,"10:18:01","SZ","NB",5394558859,5611238438,11005797297,-216679579
20200108,"10:18:01","SH","NB",3207424671,4228934016,7436358687,-1021509345
20200108,"10:19:01","SH","NB",3257261503,4267415344,7524676847,-1010153841
20200108,"10:19:01","SZ","NB",5465666864,5647295658,11112962522,-181628794
20200108,"10:20:01","SH","NB",3314115129,4300507560,7614622689,-986392431
20200108,"10:20:01","SZ","NB",5566986711,5699659806,11266646517,-132673095
20200108,"10:21:01","SH","NB",3375486801,4349201078,7724687879,-973714277
20200108,"10:21:01","SZ","NB",5650678804,5770954680,11421633484,-120275876
20200108,"10:22:01","SH","NB",3406082302,4388070727,7794153029,-981988425
20200108,"10:22:01","SZ","NB",5709122592,5821019450,11530142042,-111896858
20200108,"10:23:01","SZ","NB",5760896807,5904637037,11665533844,-143740230
20200108,"10:23:01","SH","NB",3435271927,4445856457,7881128384,-1010584530
20200108,"10:24:01","SH","NB",3463819312,4488158140,7951977452,-1024338828
20200108,"10:24:01","SZ","NB",5811188257,5966983148,11778171405,-155794891
20200108,"10:25:01","SH","NB",3497095873,4529797785,8026893658,-1032701912
20200108,"10:25:01","SZ","NB",5858994027,6030859360,11889853387,-171865333
20200108,"10:26:01","SH","NB",3541754079,4585239318,8126993397,-1043485239
20200108,"10:26:01","SZ","NB",5901668885,6096350818,11998019703,-194681933
20200108,"10:27:01","SH","NB",3597305376,4655168793,8252474169,-1057863417
20200108,"10:27:01","SZ","NB",5973296419,6160394782,12133691201,-187098363
20200108,"10:28:01","SH","NB",3689733399,4709930286,8399663685,-1020196887
20200108,"10:28:01","SZ","NB",6086342760,6202138789,12288481549,-115796029
20200108,"10:29:01","SH","NB",3749118642,4744660512,8493779154,-995541870
20200108,"10:29:01","SZ","NB",6187607326,6237624608,12425231934,-50017282
20200108,"10:30:01","SZ","NB",6242080986,6271260585,12513341571,-29179599
20200108,"10:30:01","SH","NB",3794146651,4774495015,8568641666,-980348364
20200108,"10:31:01","SH","NB",3835754972,4807706457,8643461429,-971951485
20200108,"10:31:01","SZ","NB",6325888104,6315449434,12641337538,10438670
20200108,"10:32:01","SH","NB",3884652783,4844972205,8729624988,-960319422
20200108,"10:32:01","SZ","NB",6396517729,6354466688,12750984417,42051041
20200108,"10:33:01","SZ","NB",6501082266,6393113971,12894196237,107968295
20200108,"10:33:01","SH","NB",3991044644,4875873876,8866918520,-884829232
20200108,"10:34:01","SH","NB",4039232190,4903401610,8942633800,-864169420
20200108,"10:34:01","SZ","NB",6563035799,6434605936,12997641735,128429863
20200108,"10:35:01","SH","NB",4074525204,4932982734,9007507938,-858457530
20200108,"10:35:01","SZ","NB",6629855890,6482621337,13112477227,147234553
20200108,"10:36:01","SH","NB",4097424742,4964201058,9061625800,-866776316
20200108,"10:36:01","SZ","NB",6675243492,6522409279,13197652771,152834213
20200108,"10:37:01","SH","NB",4117986728,4994450765,9112437493,-876464037
20200108,"10:37:01","SZ","NB",6716226288,6566914384,13283140672,149311904
20200108,"10:38:01","SH","NB",4137935557,5023170040,9161105597,-885234483
20200108,"10:38:01","SZ","NB",6747224821,6599211871,13346436692,148012950
20200108,"10:39:01","SZ","NB",6796297329,6626455341,13422752670,169841988
20200108,"10:39:01","SH","NB",4167279933,5044381789,9211661722,-877101856
20200108,"10:40:01","SH","NB",4213003210,5063919565,9276922775,-850916355
20200108,"10:40:01","SZ","NB",6879417974,6650910589,13530328563,228507385
20200108,"10:41:01","SH","NB",4269389978,5092806588,9362196566,-823416610
20200108,"10:41:01","SZ","NB",6965131969,6695332910,13660464879,269799059
20200108,"10:42:01","SH","NB",4299799388,5123566666,9423366054,-823767278
20200108,"10:42:01","SZ","NB",7014881782,6737879759,13752761541,277002023
20200108,"10:43:01","SH","NB",4326152406,5147508693,9473661099,-821356287
20200108,"10:43:01","SZ","NB",7053939208,6777871702,13831810910,276067506
20200108,"10:44:01","SH","NB",4354093931,5168959804,9523053735,-814865873
20200108,"10:44:01","SZ","NB",7105764658,6800616584,13906381242,305148074
20200108,"10:45:01","SH","NB",4382296795,5193323074,9575619869,-811026279
20200108,"10:45:01","SZ","NB",7171960490,6833640082,14005600572,338320408
20200108,"10:46:01","SZ","NB",7222005117,6871089099,14093094216,350916018
20200108,"10:46:01","SH","NB",4408957695,5211980811,9620938506,-803023116
20200108,"10:47:01","SH","NB",4431356368,5236460300,9667816668,-805103932
20200108,"10:47:01","SZ","NB",7269073935,6916492338,14185566273,352581597
20200108,"10:48:01","SH","NB",4455087204,5267450557,9722537761,-812363353
20200108,"10:48:01","SZ","NB",7303311207,6977956336,14281267543,325354871
20200108,"10:49:01","SH","NB",4503990697,5295592779,9799583476,-791602082
20200108,"10:49:01","SZ","NB",7352782863,7014931223,14367714086,337851640
20200108,"10:50:01","SH","NB",4546979002,5316049368,9863028370,-769070366
20200108,"10:50:01","SZ","NB",7421991146,7043586928,14465578074,378404218
20200108,"10:51:01","SH","NB",4695661146,5352692631,10048353777,-657031485
20200108,"10:51:01","SZ","NB",7577346490,7086396262,14663742752,490950228
20200108,"10:52:01","SH","NB",4919043754,5394598275,10313642029,-475554521
20200108,"10:52:01","SZ","NB",7770384662,7143101108,14913485770,627283554
20200108,"10:53:01","SH","NB",4964798191,5453874221,10418672412,-489076030
20200108,"10:53:01","SZ","NB",7841555819,7213505791,15055061610,628050028
20200108,"10:54:01","SZ","NB",7889775500,7252934546,15142710046,636840954
20200108,"10:54:01","SH","NB",4997421198,5489167157,10486588355,-491745959
20200108,"10:55:01","SH","NB",5023830077,5518301588,10542131665,-494471511
20200108,"10:55:01","SZ","NB",7930897066,7305676117,15236573183,625220949
20200108,"10:56:01","SH","NB",5051693580,5548615217,10600308797,-496921637
20200108,"10:56:01","SZ","NB",7978962511,7354361945,15333324456,624600566
20200108,"10:57:01","SH","NB",5085099952,5569975132,10655075084,-484875180
20200108,"10:57:01","SZ","NB",8017511225,7392425752,15409936977,625085473
20200108,"10:58:01","SH","NB",5136229353,5599698562,10735927915,-463469209
20200108,"10:58:01","SZ","NB",8065154351,7435170002,15500324353,629984349
20200108,"10:59:01","SH","NB",5180993394,5624469158,10805462552,-443475764
20200108,"10:59:01","SZ","NB",8129505405,7472099337,15601604742,657406068
20200108,"11:00:01","SH","NB",5230763941,5646338489,10877102430,-415574548
20200108,"11:00:01","SZ","NB",8195449619,7505824683,15701274302,689624936
20200108,"11:01:01","SH","NB",5272292179,5685046857,10957339036,-412754678
20200108,"11:01:01","SZ","NB",8251451797,7565752046,15817203843,685699751
20200108,"11:02:01","SH","NB",5298950141,5721441477,11020391618,-422491336
20200108,"11:02:01","SZ","NB",8297147363,7606463009,15903610372,690684354
20200108,"11:03:01","SZ","NB",8350707593,7649884591,16000592184,700823002
20200108,"11:03:01","SH","NB",5328698392,5752503831,11081202223,-423805439
20200108,"11:04:01","SH","NB",5400351709,5783974332,11184326041,-383622623
20200108,"11:04:01","SZ","NB",8437529815,7686010951,16123540766,751518864
20200108,"11:05:01","SZ","NB",8489873170,7738507280,16228380450,751365890
20200108,"11:05:01","SH","NB",5433265245,5828197706,11261462951,-394932461
20200108,"11:06:01","SH","NB",5458280143,5865550956,11323831099,-407270813
20200108,"11:06:01","SZ","NB",8533000646,7783281385,16316282031,749719261
20200108,"11:07:01","SH","NB",5486270769,5909038720,11395309489,-422767951
20200108,"11:07:01","SZ","NB",8569728596,7815717800,16385446396,754010796
20200108,"11:08:01","SH","NB",5509688463,5941968577,11451657040,-432280114
20200108,"11:08:01","SZ","NB",8608187267,7869375512,16477562779,738811755
20200108,"11:09:01","SH","NB",5536314207,5970576654,11506890861,-434262447
20200108,"11:09:01","SZ","NB",8645251381,7907627116,16552878497,737624265
20200108,"11:10:01","SH","NB",5599886847,5996395337,11596282184,-396508490
20200108,"11:10:01","SZ","NB",8711416697,7939658017,16651074714,771758680
20200108,"11:11:01","SH","NB",5638422322,6026422677,11664844999,-388000355
20200108,"11:11:01","SZ","NB",8770251865,7984172817,16754424682,786079048
20200108,"11:12:01","SH","NB",5658726169,6046209118,11704935287,-387482949
20200108,"11:12:01","SZ","NB",8817197032,8009587669,16826784701,807609363
20200108,"11:13:01","SH","NB",5685863743,6074395300,11760259043,-388531557
20200108,"11:13:01","SZ","NB",8888392106,8041720038,16930112144,846672068
20200108,"11:14:01","SH","NB",5751661592,6098591104,11850252696,-346929512
20200108,"11:14:01","SZ","NB",8943505886,8064700415,17008206301,878805471
20200108,"11:15:01","SZ","NB",8996431028,8100454973,17096886001,895976055
20200108,"11:15:01","SH","NB",5800941198,6124945150,11925886348,-324003952
20200108,"11:16:01","SH","NB",5820543473,6141861934,11962405407,-321318461
20200108,"11:16:01","SZ","NB",9056107114,8124890234,17180997348,931216880
20200108,"11:17:01","SH","NB",5844031658,6171184536,12015216194,-327152878
20200108,"11:17:01","SZ","NB",9088468257,8156963335,17245431592,931504922
20200108,"11:18:01","SH","NB",5872549190,6192373402,12064922592,-319824212
20200108,"11:18:01","SZ","NB",9116057080,8181892218,17297949298,934164862
20200108,"11:19:01","SH","NB",5913743712,6215310049,12129053761,-301566337
20200108,"11:19:01","SZ","NB",9160714810,8211325376,17372040186,949389434
20200108,"11:20:01","SZ","NB",9234938604,8235399790,17470338394,999538814
20200108,"11:20:01","SH","NB",5970860174,6241857996,12212718170,-270997822
20200108,"11:21:01","SH","NB",5999634968,6277032392,12276667360,-277397424
20200108,"11:21:01","SZ","NB",9290983618,8282730147,17573713765,1008253471
20200108,"11:22:01","SH","NB",6024125472,6301433262,12325558734,-277307790
20200108,"11:22:01","SZ","NB",9338595703,8327489893,17666085596,1011105810
20200108,"11:23:01","SH","NB",6053657470,6333173672,12386831142,-279516202
20200108,"11:23:01","SZ","NB",9389244236,8360254884,17749499120,1028989352
20200108,"11:24:01","SH","NB",6084936203,6357047866,12441984069,-272111663
20200108,"11:24:01","SZ","NB",9425663708,8387563840,17813227548,1038099868
20200108,"11:25:01","SH","NB",6107547024,6385896207,12493443231,-278349183
20200108,"11:25:01","SZ","NB",9465824100,8417715436,17883539536,1048108664
20200108,"11:26:01","SH","NB",6129432298,6412652910,12542085208,-283220612
20200108,"11:26:01","SZ","NB",9517560929,8449112895,17966673824,1068448034
20200108,"11:27:01","SH","NB",6147184852,6455231742,12602416594,-308046890
20200108,"11:27:01","SZ","NB",9565657416,8502505061,18068162477,1063152355
20200108,"11:28:01","SZ","NB",9595904264,8565517957,18161422221,1030386307
20200108,"11:28:01","SH","NB",6161533329,6510594729,12672128058,-349061400
20200108,"11:29:01","SH","NB",6189128653,6647013929,12836142582,-457885276
20200108,"11:29:01","SZ","NB",9660482990,8679044919,18339527909,981438071
20200108,"11:30:01","SH","NB",6226070939,6675295780,12901366719,-449224841
20200108,"11:30:01","SZ","NB",9689059571,8707190932,18396250503,981868639
20200108,"11:31:01","SH","NB",6227201873,6676115822,12903317695,-448913949
20200108,"11:31:01","SZ","NB",9691878476,8707746607,18399625083,984131869
20200108,"13:00:01","SZ","NB",9702867601,8710442131,18413309732,992425470
20200108,"13:01:01","SH","NB",6306975801,6761912592,13068888393,-454936791
20200108,"13:01:01","SZ","NB",9824223901,8823078476,18647302377,1001145425
20200108,"13:02:01","SZ","NB",9870685804,8868490186,18739175990,1002195618
20200108,"13:02:01","SH","NB",6341719881,6799565853,13141285734,-457845972
20200108,"13:03:01","SH","NB",6382057966,6834899132,13216957098,-452841166
20200108,"13:03:01","SZ","NB",9912802650,8916043742,18828846392,996758908
20200108,"13:04:01","SH","NB",6413383129,6892590248,13305973377,-479207119
20200108,"13:04:01","SZ","NB",9947375045,8987698111,18935073156,959676934
20200108,"13:05:01","SH","NB",6443598849,6937922027,13381520876,-494323178
20200108,"13:05:01","SZ","NB",9991384343,9059689529,19051073872,931694814
20200108,"13:06:01","SH","NB",6473444599,6974528797,13447973396,-501084198
20200108,"13:06:01","SZ","NB",10039693514,9133574279,19173267793,906119235
20200108,"13:07:01","SZ","NB",10092983043,9179096493,19272079536,913886550
20200108,"13:07:01","SH","NB",6507918187,7004465354,13512383541,-496547167
20200108,"13:08:01","SH","NB",6538985955,7034292676,13573278631,-495306721
20200108,"13:08:01","SZ","NB",10128035457,9219134792,19347170249,908900665
20200108,"13:09:01","SH","NB",6574149312,7065496637,13639645949,-491347325
20200108,"13:09:01","SZ","NB",10172497047,9254129028,19426626075,918368019
20200108,"13:10:01","SZ","NB",10212393969,9295086672,19507480641,917307297
20200108,"13:10:01","SH","NB",6601720922,7105113012,13706833934,-503392090
20200108,"13:11:01","SH","NB",6636442918,7172260474,13808703392,-535817556
20200108,"13:11:01","SZ","NB",10260906904,9377329931,19638236835,883576973
20200108,"13:12:01","SH","NB",6683430844,7220040398,13903471242,-536609554
20200108,"13:12:01","SZ","NB",10318846885,9451360186,19770207071,867486699
20200108,"13:13:01","SH","NB",6725218731,7251929432,13977148163,-526710701
20200108,"13:13:01","SZ","NB",10369851071,9492727359,19862578430,877123712
20200108,"13:14:01","SH","NB",6784319340,7295019447,14079338787,-510700107
20200108,"13:14:01","SZ","NB",10432380703,9519597577,19951978280,912783126
20200108,"13:15:01","SH","NB",6815098308,7328646372,14143744680,-513548064
20200108,"13:15:01","SZ","NB",10464932027,9550322924,20015254951,914609103
20200108,"13:16:01","SH","NB",6851031934,7359297878,14210329812,-508265944
20200108,"13:16:01","SZ","NB",10501076372,9581659566,20082735938,919416806
20200108,"13:17:01","SH","NB",6874463163,7395625627,14270088790,-521162464
20200108,"13:17:01","SZ","NB",10542031744,9607373937,20149405681,934657807
20200108,"13:18:01","SH","NB",6903689822,7476794111,14380483933,-573104289
20200108,"13:18:01","SZ","NB",10586326751,9695176117,20281502868,891150634
20200108,"13:19:01","SH","NB",6945780420,7551344989,14497125409,-605564569
20200108,"13:19:01","SZ","NB",10639164284,9775621956,20414786240,863542328
20200108,"13:20:01","SZ","NB",10684274307,9857293278,20541567585,826981029
20200108,"13:20:01","SH","NB",6985357773,7604388431,14589746204,-619030658
20200108,"13:21:01","SH","NB",7022104828,7719274147,14741378975,-697169319
20200108,"13:21:01","SZ","NB",10762781444,10005634107,20768415551,757147337
20200108,"13:22:01","SH","NB",7070232440,7817738267,14887970707,-747505827
20200108,"13:22:01","SZ","NB",10840065275,10106399942,20946465217,733665333
20200108,"13:23:01","SH","NB",7138153261,7864924975,15003078236,-726771714
20200108,"13:23:01","SZ","NB",10965347701,10153968699,21119316400,811379002
20200108,"13:24:01","SH","NB",7186565496,7898032434,15084597930,-711466938
20200108,"13:24:01","SZ","NB",11028018129,10195186701,21223204830,832831428
20200108,"13:25:01","SH","NB",7237380423,7931911372,15169291795,-694530949
20200108,"13:25:01","SZ","NB",11066612616,10233509474,21300122090,833103142
20200108,"13:26:01","SH","NB",7267358132,7960380276,15227738408,-693022144
20200108,"13:26:01","SZ","NB",11109987534,10263506585,21373494119,846480949
20200108,"13:27:01","SH","NB",7295002360,7987136549,15282138909,-692134189
20200108,"13:27:01","SZ","NB",11146885148,10293189410,21440074558,853695738
20200108,"13:28:01","SH","NB",7316671842,8020020631,15336692473,-703348789
20200108,"13:28:01","SZ","NB",11174746633,10314329346,21489075979,860417287
20200108,"13:29:01","SZ","NB",11216935885,10340850866,21557786751,876085019
20200108,"13:29:01","SH","NB",7340422576,8054985190,15395407766,-714562614
20200108,"13:30:01","SH","NB",7366076855,8080354458,15446431313,-714277603
20200108,"13:30:01","SZ","NB",11245587677,10366423440,21612011117,879164237
20200108,"13:31:01","SH","NB",7414931529,8114784186,15529715715,-699852657
20200108,"13:31:01","SZ","NB",11307013974,10397351629,21704365603,909662345
20200108,"13:32:01","SH","NB",7447085410,8146419157,15593504567,-699333747
20200108,"13:32:01","SZ","NB",11358179666,10424817588,21782997254,933362078
20200108,"13:33:01","SH","NB",7473684694,8178442244,15652126938,-704757550
20200108,"13:33:01","SZ","NB",11396783944,10450247904,21847031848,946536040
20200108,"13:34:01","SZ","NB",11428830452,10468238161,21897068613,960592291
20200108,"13:34:01","SH","NB",7505950289,8205159035,15711109324,-699208746
20200108,"13:35:01","SH","NB",7531464826,8238351700,15769816526,-706886874
20200108,"13:35:01","SZ","NB",11461625910,10500914537,21962540447,960711373
20200108,"13:36:01","SH","NB",7552761843,8264761119,15817522962,-711999276
20200108,"13:36:01","SZ","NB",11490076544,10519945716,22010022260,970130828
20200108,"13:37:01","SH","NB",7587716836,8299845997,15887562833,-712129161
20200108,"13:37:01","SZ","NB",11528539053,10548560166,22077099219,979978887
20200108,"13:38:01","SH","NB",7621115408,8364086053,15985201461,-742970645
20200108,"13:38:01","SZ","NB",11568536658,10638915209,22207451867,929621449
20200108,"13:39:01","SH","NB",7671792250,8441512164,16113304414,-769719914
20200108,"13:39:01","SZ","NB",11622346596,10718760785,22341107381,903585811
20200108,"13:40:01","SH","NB",7771893916,8490199428,16262093344,-718305512
20200108,"13:40:01","SZ","NB",11696246077,10772320171,22468566248,923925906
20200108,"13:41:01","SZ","NB",11798552903,10845434420,22643987323,953118483
20200108,"13:41:01","SH","NB",7823259702,8543779427,16367039129,-720519725
20200108,"13:42:01","SH","NB",7860999391,8600885195,16461884586,-739885804
20200108,"13:42:01","SZ","NB",11862046821,10889276894,22751323715,972769927
20200108,"13:43:01","SH","NB",7892760348,8701554219,16594314567,-808793871
20200108,"13:43:01","SZ","NB",11911614251,10974881534,22886495785,936732717
20200108,"13:44:01","SH","NB",7931424113,8811476943,16742901056,-880052830
20200108,"13:44:01","SZ","NB",11973482965,11054506180,23027989145,918976785
20200108,"13:45:01","SH","NB",7986128221,8924194331,16910322552,-938066110
20200108,"13:45:01","SZ","NB",12065531302,11147023263,23212554565,918508039
20200108,"13:46:01","SH","NB",8055256212,9014782605,17070038817,-959526393
20200108,"13:46:01","SZ","NB",12160988244,11217957016,23378945260,943031228
20200108,"13:47:01","SH","NB",8159136452,9067774218,17226910670,-908637766
20200108,"13:47:01","SZ","NB",12293631175,11264803487,23558434662,1028827688
20200108,"13:48:01","SH","NB",8241597749,9115445232,17357042981,-873847483
20200108,"13:48:01","SZ","NB",12381722790,11308059981,23689782771,1073662809
20200108,"13:49:01","SH","NB",8289615538,9167024690,17456640228,-877409152
20200108,"13:49:01","SZ","NB",12425173290,11340210624,23765383914,1084962666
20200108,"13:50:01","SH","NB",8323998078,9261408694,17585406772,-937410616
20200108,"13:50:01","SZ","NB",12473806960,11419326516,23893133476,1054480444
20200108,"13:51:01","SZ","NB",12532348057,11471576929,24003924986,1060771128
20200108,"13:51:01","SH","NB",8366414473,9325981468,17692395941,-959566995
20200108,"13:52:01","SH","NB",8401388380,9360510463,17761898843,-959122083
20200108,"13:52:01","SZ","NB",12574851154,11498619256,24073470410,1076231898
20200108,"13:53:01","SH","NB",8432953090,9400994391,17833947481,-968041301
20200108,"13:53:01","SZ","NB",12615770268,11536311143,24152081411,1079459125
20200108,"13:54:01","SH","NB",8459545061,9461860366,17921405427,-1002315305
20200108,"13:54:01","SZ","NB",12659478358,11583215439,24242693797,1076262919
20200108,"13:55:01","SZ","NB",12710312609,11627598073,24337910682,1082714536
20200108,"13:55:01","SH","NB",8490964476,9516486359,18007450835,-1025521883
20200108,"13:56:01","SH","NB",8527556487,9589851762,18117408249,-1062295275
20200108,"13:56:01","SZ","NB",12764525517,11688342776,24452868293,1076182741
20200108,"13:57:01","SH","NB",8567157731,9657877717,18225035448,-1090719986
20200108,"13:57:01","SZ","NB",12834510564,11741228024,24575738588,1093282540
20200108,"13:58:01","SH","NB",8602562461,9712457273,18315019734,-1109894812
20200108,"13:58:01","SZ","NB",12898937908,11784753720,24683691628,1114184188
20200108,"13:59:01","SH","NB",8642345444,9782826328,18425171772,-1140480884
20200108,"13:59:01","SZ","NB",12942828143,11852281541,24795109684,1090546602
20200108,"14:00:01","SH","NB",8679559674,9833318674,18512878348,-1153759000
20200108,"14:00:01","SZ","NB",12996358713,11903684394,24900043107,1092674319
20200108,"14:01:01","SH","NB",8756157125,9887169394,18643326519,-1131012269
20200108,"14:01:01","SZ","NB",13132397713,11956878089,25089275802,1175519624
20200108,"14:02:01","SZ","NB",13198836920,12002386046,25201222966,1196450874
20200108,"14:02:01","SH","NB",8814482343,9931433864,18745916207,-1116951521
20200108,"14:03:01","SH","NB",8859029967,9970481039,18829511006,-1111451072
20200108,"14:03:01","SZ","NB",13264030712,12039170149,25303200861,1224860563
20200108,"14:04:01","SH","NB",8902324677,10008994258,18911318935,-1106669581
20200108,"14:04:01","SZ","NB",13309355074,12080293959,25389649033,1229061115
20200108,"14:05:01","SH","NB",8945343312,10039769771,18985113083,-1094426459
20200108,"14:05:01","SZ","NB",13349493741,12113474253,25462967994,1236019488
20200108,"14:06:01","SH","NB",8983299156,10073255762,19056554918,-1089956606
20200108,"14:06:01","SZ","NB",13391563833,12144271608,25535835441,1247292225
20200108,"14:07:01","SH","NB",9011039311,10108688853,19119728164,-1097649542
20200108,"14:07:01","SZ","NB",13432043562,12185318231,25617361793,1246725331
20200108,"14:08:01","SH","NB",9035491515,10151427040,19186918555,-1115935525
20200108,"14:08:01","SZ","NB",13463182409,12222936626,25686119035,1240245783
20200108,"14:09:01","SH","NB",9062442836,10175879582,19238322418,-1113436746
20200108,"14:09:01","SZ","NB",13493272379,12252336467,25745608846,1240935912
20200108,"14:10:01","SH","NB",9099463152,10201314471,19300777623,-1101851319
20200108,"14:10:01","SZ","NB",13540908477,12285476242,25826384719,1255432235
20200108,"14:11:01","SH","NB",9138565766,10229162686,19367728452,-1090596920
20200108,"14:11:01","SZ","NB",13590948821,12318381406,25909330227,1272567415
20200108,"14:12:01","SZ","NB",13639598582,12354359336,25993957918,1285239246
20200108,"14:12:01","SH","NB",9175605464,10253304463,19428909927,-1077698999
20200108,"14:13:01","SH","NB",9202204075,10299239627,19501443702,-1097035552
20200108,"14:13:01","SZ","NB",13677602549,12411764182,26089366731,1265838367
20200108,"14:14:01","SZ","NB",13721558602,12468882629,26190441231,1252675973
20200108,"14:14:01","SH","NB",9234656858,10337994167,19572651025,-1103337309
20200108,"14:15:01","SH","NB",9274485496,10396738510,19671224006,-1122253014
20200108,"14:15:01","SZ","NB",13771498012,12523685481,26295183493,1247812531
20200108,"14:16:01","SH","NB",9324692490,10456037994,19780730484,-1131345504
20200108,"14:16:01","SZ","NB",13824117573,12585469962,26409587535,1238647611
20200108,"14:17:01","SH","NB",9365039676,10492023198,19857062874,-1126983522
20200108,"14:17:01","SZ","NB",13869258123,12625080348,26494338471,1244177775
20200108,"14:18:01","SH","NB",9401782441,10521401660,19923184101,-1119619219
20200108,"14:18:01","SZ","NB",13914368259,12669859782,26584228041,1244508477
20200108,"14:19:01","SH","NB",9451963704,10559337062,20011300766,-1107373358
20200108,"14:19:01","SZ","NB",13954390868,12723491188,26677878378,1230899680
20200108,"14:20:01","SH","NB",9493358678,10611654821,20105013499,-1118296143
20200108,"14:20:01","SZ","NB",13997356563,12792828661,26790185224,1204527902
20200108,"14:21:01","SH","NB",9546350368,10688307176,20234657544,-1141956808
20200108,"14:21:01","SZ","NB",14064180502,12875578003,26939758505,1188602499
20200108,"14:22:01","SH","NB",9594271473,10763067868,20357339341,-1168796395
20200108,"14:22:01","SZ","NB",14116734791,12955705323,27072440114,1161029468
20200108,"14:23:01","SH","NB",9680184398,10884241319,20564425717,-1204056921
20200108,"14:23:01","SZ","NB",14201731592,13046327240,27248058832,1155404352
20200108,"14:24:01","SZ","NB",14290540001,13095206471,27385746472,1195333530
20200108,"14:24:01","SH","NB",9801286555,10935450777,20736737332,-1134164222
20200108,"14:25:01","SH","NB",9927709033,10981739506,20909448539,-1054030473
20200108,"14:25:01","SZ","NB",14393913155,13143717065,27537630220,1250196090
20200108,"14:26:01","SH","NB",10030327305,11020153832,21050481137,-989826527
20200108,"14:26:01","SZ","NB",14468889876,13192840790,27661730666,1276049086
20200108,"14:27:01","SH","NB",10066770542,11053623324,21120393866,-986852782
20200108,"14:27:01","SZ","NB",14518953707,13234450519,27753404226,1284503188
20200108,"14:28:01","SZ","NB",14560377002,13279196125,27839573127,1281180877
20200108,"14:28:01","SH","NB",10107122170,11089326768,21196448938,-982204598
20200108,"14:29:01","SH","NB",10170591759,11126155295,21296747054,-955563536
20200108,"14:29:01","SZ","NB",14606040115,13309206186,27915246301,1296833929
20200108,"14:30:01","SH","NB",10224745360,11157892564,21382637924,-933147204
20200108,"14:30:01","SZ","NB",14650061429,13340004109,27990065538,1310057320
20200108,"14:31:01","SH","NB",10287958479,11191362529,21479321008,-903404050
20200108,"14:31:01","SZ","NB",14713403210,13394671468,28108074678,1318731742
20200108,"14:32:01","SH","NB",10329170050,11225829453,21554999503,-896659403
20200108,"14:32:01","SZ","NB",14774177895,13441264294,28215442189,1332913601
20200108,"14:33:01","SH","NB",10372691975,11265885277,21638577252,-893193302
20200108,"14:33:01","SZ","NB",14817634618,13486155249,28303789867,1331479369
20200108,"14:34:01","SH","NB",10439467582,11308414145,21747881727,-868946563
20200108,"14:34:01","SZ","NB",14873994056,13527695887,28401689943,1346298169
20200108,"14:35:01","SH","NB",10587037896,11366494795,21953532691,-779456899
20200108,"14:35:01","SZ","NB",14989567404,13575615624,28565183028,1413951780
20200108,"14:36:01","SZ","NB",15056816067,13629419384,28686235451,1427396683
20200108,"14:36:01","SH","NB",10637085437,11410512306,22047597743,-773426869
20200108,"14:37:01","SH","NB",10684852050,11462290551,22147142601,-777438501
20200108,"14:37:01","SZ","NB",15096839624,13684724846,28781564470,1412114778
20200108,"14:38:01","SH","NB",10727021405,11513645237,22240666642,-786623832
20200108,"14:38:01","SZ","NB",15138760410,13744039222,28882799632,1394721188
20200108,"14:39:01","SH","NB",10764886970,11554237700,22319124670,-789350730
20200108,"14:39:01","SZ","NB",15179206614,13790433616,28969640230,1388772998
20200108,"14:40:01","SH","NB",10823358161,11586386398,22409744559,-763028237
20200108,"14:40:01","SZ","NB",15213342847,13831734590,29045077437,1381608257
20200108,"14:41:01","SH","NB",10877395145,11639876035,22517271180,-762480890
20200108,"14:41:01","SZ","NB",15278519725,13876424119,29154943844,1402095606
20200108,"14:42:01","SH","NB",10916005419,11672673387,22588678806,-756667968
20200108,"14:42:01","SZ","NB",15318228855,13912093751,29230322606,1406135104
20200108,"14:43:01","SH","NB",10970608175,11714180941,22684789116,-743572766
20200108,"14:43:01","SZ","NB",15356371041,13953170128,29309541169,1403200913
20200108,"14:44:01","SZ","NB",15414400031,13988752921,29403152952,1425647110
20200108,"14:44:01","SH","NB",11018232645,11752091223,22770323868,-733858578
20200108,"14:45:01","SH","NB",11077665303,11794753258,22872418561,-717087955
20200108,"14:45:01","SZ","NB",15457596310,14033143356,29490739666,1424452954
20200108,"14:46:01","SH","NB",11169895916,11848257192,23018153108,-678361276
20200108,"14:46:01","SZ","NB",15525662108,14080164774,29605826882,1445497334
20200108,"14:47:01","SH","NB",11229255811,11894190447,23123446258,-664934636
20200108,"14:47:01","SZ","NB",15574599489,14139666650,29714266139,1434932839
20200108,"14:48:01","SH","NB",11281795319,11957220990,23239016309,-675425671
20200108,"14:48:01","SZ","NB",15632793701,14176860846,29809654547,1455932855
20200108,"14:49:01","SZ","NB",15693029838,14235258580,29928288418,1457771258
20200108,"14:49:01","SH","NB",11333136813,12011864001,23345000814,-678727188
20200108,"14:50:01","SH","NB",11379341451,12073450924,23452792375,-694109473
20200108,"14:50:01","SZ","NB",15751906025,14299306146,30051212171,1452599879
20200108,"14:51:01","SH","NB",11447001099,12145674888,23592675987,-698673789
20200108,"14:51:01","SZ","NB",15821500152,14379292724,30200792876,1442207428
20200108,"14:52:01","SH","NB",11502490206,12209675880,23712166086,-707185674
20200108,"14:52:01","SZ","NB",15884499777,14436909062,30321408839,1447590715
20200108,"14:53:01","SZ","NB",15961817210,14492609546,30454426756,1469207664
20200108,"14:53:01","SH","NB",11575019829,12272772620,23847792449,-697752791
20200108,"14:54:01","SH","NB",11681916915,12343996177,24025913092,-662079262
20200108,"14:54:01","SZ","NB",16076633748,14548502733,30625136481,1528131015
20200108,"14:55:01","SH","NB",11785500225,12400570479,24186070704,-615070254
20200108,"14:55:01","SZ","NB",16173255800,14602868209,30776124009,1570387591
20200108,"14:56:01","SH","NB",11870389162,12469619832,24340008994,-599230670
20200108,"14:56:01","SZ","NB",16272325081,14665619849,30937944930,1606705232
20200108,"14:57:01","SH","NB",11949591600,12544439437,24494031037,-594847837
20200108,"14:57:01","SZ","NB",16357697753,14751405787,31109103540,1606291966
20200108,"14:58:01","SH","NB",11949981700,12544793477,24494775177,-594811777
20200108,"14:58:01","SZ","NB",16357963718,14751517681,31109481399,1606446037
20200108,"15:00:01","SZ","NB",16552128889,14839184236,31391313125,1712944653
20200108,"15:01:01","SH","NB",12510102052,12923649555,25433751607,-413547503
20200108,"15:01:01","SZ","NB",16811886589,14975388516,31787275105,1836498073
