dataDate,dataTime,connectMarket,tradeDirection,buyTurnover,sellTurnover,totalTurnover,netTurnover
20190806,"09:30:59","SH","NB",458229228,313676141,771905369,144553087
20190806,"09:30:59","SZ","NB",333802028,328273128,662075156,5528900
20190806,"09:31:59","SH","NB",609015366,452223967,1061239333,156791399
20190806,"09:31:59","SZ","NB",507400541,511157964,1018558505,-3757423
20190806,"09:32:58","SH","NB",718088435,613766443,1331854878,104321992
20190806,"09:32:58","SZ","NB",644913484,631013049,1275926533,13900435
20190806,"09:33:59","SH","NB",819050571,835819013,1654869584,-16768442
20190806,"09:33:59","SZ","NB",771114722,839566576,1610681298,-68451854
20190806,"09:34:58","SH","NB",934050480,1005440188,1939490668,-71389708
20190806,"09:34:58","SZ","NB",925048601,1020594619,1945643220,-95546018
20190806,"09:35:58","SH","NB",1053747808,1176296780,2230044588,-122548972
20190806,"09:35:58","SZ","NB",1065335802,1191850722,2257186524,-126514920
20190806,"09:36:58","SH","NB",1269959471,1331574793,2601534264,-61615322
20190806,"09:36:58","SZ","NB",1314639340,1322557335,2637196675,-7917995
20190806,"09:37:59","SH","NB",1379159320,1453595365,2832754685,-74436045
20190806,"09:37:59","SZ","NB",1420549212,1456418463,2876967675,-35869251
20190806,"09:38:59","SZ","NB",1534682855,1556579285,3091262140,-21896430
20190806,"09:38:59","SH","NB",1482560836,1560819077,3043379913,-78258241
20190806,"09:39:59","SH","NB",1587257276,1727339579,3314596855,-140082303
20190806,"09:39:59","SZ","NB",1632369297,1721989426,3354358723,-89620129
20190806,"09:40:58","SH","NB",1667488772,1977532832,3645021604,-310044060
20190806,"09:40:58","SZ","NB",1732758559,1953300754,3686059313,-220542195
20190806,"09:41:58","SH","NB",1832449778,2087215574,3919665352,-254765796
20190806,"09:41:58","SZ","NB",1923888804,2031158484,3955047288,-107269680
20190806,"09:42:59","SH","NB",1956973286,2165738186,4122711472,-208764900
20190806,"09:42:59","SZ","NB",2053116782,2095944179,4149060961,-42827397
20190806,"09:43:59","SZ","NB",2124758456,2194352662,4319111118,-69594206
20190806,"09:43:59","SH","NB",2026817170,2264125742,4290942912,-237308572
20190806,"09:44:58","SH","NB",2072830187,2348678041,4421508228,-275847854
20190806,"09:44:58","SZ","NB",2208291697,2253315755,4461607452,-45024058
20190806,"09:45:59","SH","NB",2124963838,2475518624,4600482462,-350554786
20190806,"09:45:59","SZ","NB",2281833498,2366495180,4648328678,-84661682
20190806,"09:46:58","SH","NB",2214020925,2556631622,4770652547,-342610697
20190806,"09:46:58","SZ","NB",2411149907,2440177517,4851327424,-29027610
20190806,"09:47:58","SH","NB",2273981203,2702719192,4976700395,-428737989
20190806,"09:47:58","SZ","NB",2483948739,2563270845,5047219584,-79322106
20190806,"09:48:58","SH","NB",2319976333,2850814808,5170791141,-530838475
20190806,"09:48:58","SZ","NB",2558720488,2662848598,5221569086,-104128110
20190806,"09:49:59","SZ","NB",2637073820,2729609890,5366683710,-92536070
20190806,"09:49:59","SH","NB",2358893424,2931301132,5290194556,-572407708
20190806,"09:50:59","SH","NB",2444250287,3020883830,5465134117,-576633543
20190806,"09:50:59","SZ","NB",2745598324,2816324608,5561922932,-70726284
20190806,"09:51:58","SH","NB",2547161659,3084196180,5631357839,-537034521
20190806,"09:51:58","SZ","NB",2848958578,2877269444,5726228022,-28310866
20190806,"09:52:58","SZ","NB",2934263273,2931258333,5865521606,3004940
20190806,"09:52:58","SH","NB",2611747632,3137028362,5748775994,-525280730
20190806,"09:53:58","SH","NB",2655876512,3226690576,5882567088,-570814064
20190806,"09:53:58","SZ","NB",2995063637,3015412930,6010476567,-20349293
20190806,"09:54:58","SH","NB",2702009691,3290263989,5992273680,-588254298
20190806,"09:54:58","SZ","NB",3056949670,3088912801,6145862471,-31963131
20190806,"09:55:58","SH","NB",2790573468,3366403804,6156977272,-575830336
20190806,"09:55:58","SZ","NB",3126791930,3153564318,6280356248,-26772388
20190806,"09:56:58","SH","NB",2830532606,3472231337,6302763943,-641698731
20190806,"09:56:58","SZ","NB",3179160865,3222680599,6401841464,-43519734
20190806,"09:57:59","SZ","NB",3238534848,3382416229,6620951077,-143881381
20190806,"09:57:59","SH","NB",2898951080,3655001242,6553952322,-756050162
20190806,"09:58:58","SH","NB",2956905653,3752518241,6709423894,-795612588
20190806,"09:58:58","SZ","NB",3291449702,3455184709,6746634411,-163735007
20190806,"09:59:58","SH","NB",2996407785,3807133430,6803541215,-810725645
20190806,"09:59:58","SZ","NB",3339697228,3497047708,6836744936,-157350480
20190806,"10:00:59","SH","NB",3040812735,3890031146,6930843881,-849218411
20190806,"10:00:59","SZ","NB",3397275553,3562556112,6959831665,-165280559
20190806,"10:01:59","SH","NB",3092871478,3967830933,7060702411,-874959455
20190806,"10:01:59","SZ","NB",3459688841,3649287078,7108975919,-189598237
20190806,"10:02:58","SH","NB",3147910754,4025672612,7173583366,-877761858
20190806,"10:02:58","SZ","NB",3539760474,3702763143,7242523617,-163002669
20190806,"10:03:59","SH","NB",3195812533,4132747840,7328560373,-936935307
20190806,"10:03:59","SZ","NB",3581043858,3759922252,7340966110,-178878394
20190806,"10:04:58","SH","NB",3238488504,4218113672,7456602176,-979625168
20190806,"10:04:58","SZ","NB",3630310920,3836433235,7466744155,-206122315
20190806,"10:05:58","SZ","NB",3689860124,4019296994,7709157118,-329436870
20190806,"10:05:58","SH","NB",3294016519,4354435724,7648452243,-1060419205
20190806,"10:06:58","SH","NB",3369484494,4430634178,7800118672,-1061149684
20190806,"10:06:58","SZ","NB",3756710156,4111901247,7868611403,-355191091
20190806,"10:07:58","SH","NB",3419196458,4497330764,7916527222,-1078134306
20190806,"10:07:58","SZ","NB",3826062709,4180259479,8006322188,-354196770
20190806,"10:08:58","SH","NB",3468555833,4560773125,8029328958,-1092217292
20190806,"10:08:58","SZ","NB",3881528986,4242419489,8123948475,-360890503
20190806,"10:09:58","SH","NB",3514941637,4650240671,8165182308,-1135299034
20190806,"10:09:58","SZ","NB",3937238729,4334543665,8271782394,-397304936
20190806,"10:10:59","SH","NB",3585908269,4756412633,8342320902,-1170504364
20190806,"10:10:59","SZ","NB",4042542785,4442920556,8485463341,-400377771
20190806,"10:11:59","SH","NB",3678030915,4830916535,8508947450,-1152885620
20190806,"10:11:59","SZ","NB",4119799252,4510199876,8629999128,-390400624
20190806,"10:12:58","SH","NB",3725349912,4882474181,8607824093,-1157124269
20190806,"10:12:58","SZ","NB",4185305206,4566047105,8751352311,-380741899
20190806,"10:13:58","SZ","NB",4228018780,4634805770,8862824550,-406786990
20190806,"10:13:58","SH","NB",3765771616,4938697932,8704469548,-1172926316
20190806,"10:14:59","SH","NB",3849585715,4993187979,8842773694,-1143602264
20190806,"10:14:59","SZ","NB",4319325377,4691501189,9010826566,-372175812
20190806,"10:15:59","SH","NB",3900726941,5034625682,8935352623,-1133898741
20190806,"10:15:59","SZ","NB",4375873420,4730649057,9106522477,-354775637
20190806,"10:16:59","SH","NB",3940817002,5085635246,9026452248,-1144818244
20190806,"10:16:59","SZ","NB",4430287092,4772271564,9202558656,-341984472
20190806,"10:17:58","SZ","NB",4467933846,4804390275,9272324121,-336456429
20190806,"10:17:58","SH","NB",3973859954,5128193251,9102053205,-1154333297
20190806,"10:18:58","SH","NB",4010935955,5182226099,9193162054,-1171290144
20190806,"10:18:58","SZ","NB",4518054703,4862362499,9380417202,-344307796
20190806,"10:19:58","SH","NB",4055470329,5246831196,9302301525,-1191360867
20190806,"10:19:58","SZ","NB",4554496253,4914310959,9468807212,-359814706
20190806,"10:20:58","SH","NB",4095068175,5357596452,9452664627,-1262528277
20190806,"10:20:58","SZ","NB",4606217179,5042108537,9648325716,-435891358
20190806,"10:21:58","SH","NB",4162560016,5452990727,9615550743,-1290430711
20190806,"10:21:58","SZ","NB",4670612953,5147551505,9818164458,-476938552
20190806,"10:22:59","SH","NB",4261555654,5553178376,9814734030,-1291622722
20190806,"10:22:59","SZ","NB",4768142300,5260238904,10028381204,-492096604
20190806,"10:23:59","SH","NB",4345710791,5670430972,10016141763,-1324720181
20190806,"10:23:59","SZ","NB",4871517260,5401655258,10273172518,-530137998
20190806,"10:24:58","SZ","NB",5066695826,5466304243,10533000069,-399608417
20190806,"10:24:58","SH","NB",4518489319,5756360967,10274850286,-1237871648
20190806,"10:25:58","SH","NB",4603150243,5824446661,10427596904,-1221296418
20190806,"10:25:58","SZ","NB",5161808220,5529059983,10690868203,-367251763
20190806,"10:26:58","SH","NB",4692371237,5901888029,10594259266,-1209516792
20190806,"10:26:58","SZ","NB",5269461608,5605277730,10874739338,-335816122
20190806,"10:27:58","SH","NB",4796214960,5960033369,10756248329,-1163818409
20190806,"10:27:58","SZ","NB",5385371483,5654996032,11040367515,-269624549
20190806,"10:28:58","SH","NB",4899810932,6019321240,10919132172,-1119510308
20190806,"10:28:58","SZ","NB",5541916089,5701409708,11243325797,-159493619
20190806,"10:29:59","SH","NB",4963986690,6068458188,11032444878,-1104471498
20190806,"10:29:59","SZ","NB",5610573917,5740562099,11351136016,-129988182
20190806,"10:30:58","SH","NB",5021748319,6120869002,11142617321,-1099120683
20190806,"10:30:58","SZ","NB",5669799783,5782465881,11452265664,-112666098
20190806,"10:31:58","SH","NB",5073843221,6265400153,11339243374,-1191556932
20190806,"10:31:58","SZ","NB",5717763908,5871696776,11589460684,-153932868
20190806,"10:32:58","SZ","NB",5760905044,5910498751,11671403795,-149593707
20190806,"10:32:58","SH","NB",5120210280,6320974402,11441184682,-1200764122
20190806,"10:33:58","SH","NB",5160110396,6394463770,11554574166,-1234353374
20190806,"10:33:58","SZ","NB",5803028309,5975864657,11778892966,-172836348
20190806,"10:34:58","SH","NB",5199960903,6475781111,11675742014,-1275820208
20190806,"10:34:58","SZ","NB",5857583439,6047017738,11904601177,-189434299
20190806,"10:35:58","SH","NB",5251379155,6566680786,11818059941,-1315301631
20190806,"10:35:58","SZ","NB",5929392561,6128829308,12058221869,-199436747
20190806,"10:36:58","SH","NB",5344003412,6632565212,11976568624,-1288561800
20190806,"10:36:58","SZ","NB",6047280042,6176288815,12223568857,-129008773
20190806,"10:37:59","SH","NB",5396529672,6670768176,12067297848,-1274238504
20190806,"10:37:59","SZ","NB",6103391649,6210406902,12313798551,-107015253
20190806,"10:38:59","SZ","NB",6159895590,6238620549,12398516139,-78724959
20190806,"10:38:59","SH","NB",5453592854,6713718310,12167311164,-1260125456
20190806,"10:39:59","SH","NB",5511428206,6766767038,12278195244,-1255338832
20190806,"10:39:59","SZ","NB",6221462885,6270781981,12492244866,-49319096
20190806,"10:40:58","SH","NB",5592206121,6815589907,12407796028,-1223383786
20190806,"10:40:58","SZ","NB",6290411754,6303331679,12593743433,-12919925
20190806,"10:41:58","SH","NB",5634527162,6874037925,12508565087,-1239510763
20190806,"10:41:58","SZ","NB",6323239131,6364935042,12688174173,-41695911
20190806,"10:42:59","SH","NB",5682674711,6912916638,12595591349,-1230241927
20190806,"10:42:59","SZ","NB",6361583226,6397135925,12758719151,-35552699
20190806,"10:43:58","SH","NB",5723668263,6948990295,12672658558,-1225322032
20190806,"10:43:58","SZ","NB",6386822872,6428233437,12815056309,-41410565
20190806,"10:44:59","SH","NB",5774878657,6988241567,12763120224,-1213362910
20190806,"10:44:59","SZ","NB",6435107134,6457169959,12892277093,-22062825
20190806,"10:45:59","SH","NB",5837263235,7052516582,12889779817,-1215253347
20190806,"10:45:59","SZ","NB",6472453176,6494355474,12966808650,-21902298
20190806,"10:46:59","SH","NB",5861146112,7090048341,12951194453,-1228902229
20190806,"10:46:59","SZ","NB",6496896474,6522488129,13019384603,-25591655
20190806,"10:47:58","SZ","NB",6517461508,6552985272,13070446780,-35523764
20190806,"10:47:58","SH","NB",5885209083,7140495906,13025704989,-1255286823
20190806,"10:48:58","SH","NB",5908858565,7181581180,13090439745,-1272722615
20190806,"10:48:58","SZ","NB",6535628929,6574452753,13110081682,-38823824
20190806,"10:49:58","SH","NB",5930698056,7218655321,13149353377,-1287957265
20190806,"10:49:58","SZ","NB",6554923143,6593817037,13148740180,-38893894
20190806,"10:50:58","SH","NB",5953606650,7267423897,13221030547,-1313817247
20190806,"10:50:58","SZ","NB",6585347052,6643616229,13228963281,-58269177
20190806,"10:51:59","SH","NB",5976123818,7305288548,13281412366,-1329164730
20190806,"10:51:59","SZ","NB",6607906858,6675275088,13283181946,-67368230
20190806,"10:52:59","SH","NB",6003261944,7337131243,13340393187,-1333869299
20190806,"10:52:59","SZ","NB",6629319815,6696548370,13325868185,-67228555
20190806,"10:53:58","SZ","NB",6674732008,6720014171,13394746179,-45282163
20190806,"10:53:58","SH","NB",6037913344,7365917973,13403831317,-1328004629
20190806,"10:54:58","SH","NB",6065497774,7406148111,13471645885,-1340650337
20190806,"10:54:58","SZ","NB",6701106728,6739676409,13440783137,-38569681
20190806,"10:55:59","SH","NB",6089803898,7448706843,13538510741,-1358902945
20190806,"10:55:59","SZ","NB",6723993305,6763068163,13487061468,-39074858
20190806,"10:56:58","SH","NB",6109115861,7485024629,13594140490,-1375908768
20190806,"10:56:58","SZ","NB",6747348737,6793622415,13540971152,-46273678
20190806,"10:57:58","SH","NB",6133075667,7516494223,13649569890,-1383418556
20190806,"10:57:58","SZ","NB",6766890575,6814953402,13581843977,-48062827
20190806,"10:58:58","SH","NB",6148662895,7547247064,13695909959,-1398584169
20190806,"10:58:59","SZ","NB",6783468360,6841322998,13624791358,-57854638
20190806,"10:59:58","SZ","NB",6799592832,6861244788,13660837620,-61651956
20190806,"10:59:58","SH","NB",6160513323,7570952764,13731466087,-1410439441
20190806,"11:00:58","SH","NB",6197029819,7637716216,13834746035,-1440686397
20190806,"11:00:58","SZ","NB",6833137448,6941058041,13774195489,-107920593
20190806,"11:01:59","SH","NB",6225474424,7663874453,13889348877,-1438400029
20190806,"11:01:59","SZ","NB",6854653591,6970117338,13824770929,-115463747
20190806,"11:02:58","SZ","NB",6884605750,6990858203,13875463953,-106252453
20190806,"11:02:58","SH","NB",6246858126,7697872567,13944730693,-1451014441
20190806,"11:03:58","SH","NB",6266042004,7726939227,13992981231,-1460897223
20190806,"11:03:58","SZ","NB",6907471421,7017268645,13924740066,-109797224
20190806,"11:04:58","SH","NB",6290012693,7757280909,14047293602,-1467268216
20190806,"11:04:58","SZ","NB",6936952914,7042771525,13979724439,-105818611
20190806,"11:05:58","SZ","NB",6969335455,7063903312,14033238767,-94567857
20190806,"11:05:58","SH","NB",6314727134,7787761200,14102488334,-1473034066
20190806,"11:06:59","SH","NB",6369386518,7827782297,14197168815,-1458395779
20190806,"11:06:59","SZ","NB",7011345832,7087322716,14098668548,-75976884
20190806,"11:07:59","SH","NB",6391208726,7855910374,14247119100,-1464701648
20190806,"11:07:59","SZ","NB",7039868454,7110975850,14150844304,-71107396
20190806,"11:08:58","SH","NB",6410163987,7885233831,14295397818,-1475069844
20190806,"11:08:58","SZ","NB",7061522512,7135801709,14197324221,-74279197
20190806,"11:09:58","SH","NB",6436634918,7911332165,14347967083,-1474697247
20190806,"11:09:58","SZ","NB",7087923776,7162891980,14250815756,-74968204
20190806,"11:10:58","SH","NB",6454643729,7943720479,14398364208,-1489076750
20190806,"11:10:58","SZ","NB",7109449564,7185690998,14295140562,-76241434
20190806,"11:11:58","SH","NB",6472687327,7965396278,14438083605,-1492708951
20190806,"11:11:58","SZ","NB",7131180044,7203581319,14334761363,-72401275
20190806,"11:12:58","SH","NB",6499262989,7992322394,14491585383,-1493059405
20190806,"11:12:58","SZ","NB",7158137574,7222283124,14380420698,-64145550
20190806,"11:13:58","SZ","NB",7174980363,7239604019,14414584382,-64623656
20190806,"11:13:58","SH","NB",6519285150,8017641584,14536926734,-1498356434
20190806,"11:14:59","SH","NB",6538782327,8049999356,14588781683,-1511217029
20190806,"11:14:59","SZ","NB",7195665040,7264906885,14460571925,-69241845
20190806,"11:15:59","SH","NB",6560284912,8086107433,14646392345,-1525822521
20190806,"11:15:59","SZ","NB",7219359187,7290844424,14510203611,-71485237
20190806,"11:16:58","SH","NB",6587290477,8109079665,14696370142,-1521789188
20190806,"11:16:58","SZ","NB",7249387015,7310701387,14560088402,-61314372
20190806,"11:17:58","SH","NB",6617430252,8129646202,14747076454,-1512215950
20190806,"11:17:58","SZ","NB",7274307332,7329757300,14604064632,-55449968
20190806,"11:18:58","SH","NB",6648328147,8152708336,14801036483,-1504380189
20190806,"11:18:58","SZ","NB",7299752813,7343861765,14643614578,-44108952
20190806,"11:19:58","SZ","NB",7318342502,7360679475,14679021977,-42336973
20190806,"11:19:58","SH","NB",6670394297,8176450767,14846845064,-1506056470
20190806,"11:20:59","SH","NB",6705813531,8200405975,14906219506,-1494592444
20190806,"11:20:59","SZ","NB",7351392761,7378287704,14729680465,-26894943
20190806,"11:21:59","SH","NB",6732856259,8231167359,14964023618,-1498311100
20190806,"11:21:59","SZ","NB",7384544780,7397834278,14782379058,-13289498
20190806,"11:22:58","SH","NB",6754361131,8266438030,15020799161,-1512076899
20190806,"11:22:58","SZ","NB",7405859632,7421378364,14827237996,-15518732
20190806,"11:23:59","SH","NB",6778832396,8308210672,15087043068,-1529378276
20190806,"11:23:59","SZ","NB",7427346540,7450236564,14877583104,-22890024
20190806,"11:24:59","SH","NB",6804476009,8334970394,15139446403,-1530494385
20190806,"11:24:59","SZ","NB",7443853806,7469113686,14912967492,-25259880
20190806,"11:25:59","SZ","NB",7467336227,7498044707,14965380934,-30708480
20190806,"11:25:59","SH","NB",6823510881,8366926505,15190437386,-1543415624
20190806,"11:26:59","SH","NB",6843241557,8392717675,15235959232,-1549476118
20190806,"11:26:59","SZ","NB",7487979956,7519072187,15007052143,-31092231
20190806,"11:27:59","SH","NB",6863790424,8426780263,15290570687,-1562989839
20190806,"11:27:59","SZ","NB",7503987767,7546059489,15050047256,-42071722
20190806,"11:28:59","SH","NB",6882807873,8447557671,15330365544,-1564749798
20190806,"11:28:59","SZ","NB",7522242862,7563577000,15085819862,-41334138
20190806,"11:29:58","SH","NB",6909591958,8462709808,15372301766,-1553117850
20190806,"11:29:58","SZ","NB",7542205277,7572131220,15114336497,-29925943
20190806,"11:30:58","SZ","NB",7542237122,7572192853,15114429975,-29955731
20190806,"11:30:58","SH","NB",6915807391,8463468848,15379276239,-1547661457
20190806,"13:00:59","SH","NB",7089918183,8559214495,15649132678,-1469296312
20190806,"13:00:59","SZ","NB",7717408049,7656879801,15374287850,60528248
20190806,"13:01:58","SH","NB",7135299017,8626027024,15761326041,-1490728007
20190806,"13:01:58","SZ","NB",7755844550,7691317975,15447162525,64526575
20190806,"13:02:58","SH","NB",7185882600,8673486350,15859368950,-1487603750
20190806,"13:02:58","SZ","NB",7808252175,7723340707,15531592882,84911468
20190806,"13:03:58","SH","NB",7226195822,8704069355,15930265177,-1477873533
20190806,"13:03:58","SZ","NB",7877506885,7752594519,15630101404,124912366
20190806,"13:04:59","SH","NB",7255172741,8739852528,15995025269,-1484679787
20190806,"13:04:59","SZ","NB",7916168235,7779054479,15695222714,137113756
20190806,"13:05:58","SH","NB",7309444155,8772667099,16082111254,-1463222944
20190806,"13:05:58","SZ","NB",7989566052,7808887920,15798453972,180678132
20190806,"13:06:58","SH","NB",7350872638,8815181031,16166053669,-1464308393
20190806,"13:06:58","SZ","NB",8028894828,7843118593,15872013421,185776235
20190806,"13:07:58","SZ","NB",8060956228,7871649030,15932605258,189307198
20190806,"13:07:58","SH","NB",7376393827,8851289687,16227683514,-1474895860
20190806,"13:08:58","SH","NB",7401831958,8880213278,16282045236,-1478381320
20190806,"13:08:58","SZ","NB",8090530824,7906246555,15996777379,184284269
20190806,"13:09:59","SH","NB",7429188169,8903687773,16332875942,-1474499604
20190806,"13:09:59","SZ","NB",8118893904,7925038534,16043932438,193855370
20190806,"13:10:58","SH","NB",7457626090,8943627887,16401253977,-1486001797
20190806,"13:10:58","SZ","NB",8159230843,7959494645,16118725488,199736198
20190806,"13:11:59","SH","NB",7494039458,8976425060,16470464518,-1482385602
20190806,"13:11:59","SZ","NB",8196466737,7985887147,16182353884,210579590
20190806,"13:12:59","SH","NB",7526674183,9022551055,16549225238,-1495876872
20190806,"13:12:59","SZ","NB",8233070457,8013064398,16246134855,220006059
20190806,"13:13:58","SH","NB",7560558713,9056336071,16616894784,-1495777358
20190806,"13:13:58","SZ","NB",8275917469,8038500217,16314417686,237417252
20190806,"13:14:59","SH","NB",7600038102,9100308847,16700346949,-1500270745
20190806,"13:14:59","SZ","NB",8309633677,8061441647,16371075324,248192030
20190806,"13:15:58","SH","NB",7658839842,9169183661,16828023503,-1510343819
20190806,"13:15:58","SZ","NB",8348436546,8120059815,16468496361,228376731
20190806,"13:16:58","SH","NB",7712296225,9220843011,16933139236,-1508546786
20190806,"13:16:58","SZ","NB",8390899132,8162643211,16553542343,228255921
20190806,"13:17:58","SZ","NB",8428942474,8208585853,16637528327,220356621
20190806,"13:17:58","SH","NB",7744885964,9277524865,17022410829,-1532638901
20190806,"13:18:58","SH","NB",7781983903,9353084936,17135068839,-1571101033
20190806,"13:18:58","SZ","NB",8461349332,8264146354,16725495686,197202978
20190806,"13:19:58","SH","NB",7807316886,9385448819,17192765705,-1578131933
20190806,"13:19:58","SZ","NB",8497408370,8288958354,16786366724,208450016
20190806,"13:20:58","SH","NB",7857066611,9419338422,17276405033,-1562271811
20190806,"13:20:58","SZ","NB",8565414683,8317867323,16883282006,247547360
20190806,"13:21:59","SH","NB",7883835072,9455689760,17339524832,-1571854688
20190806,"13:21:59","SZ","NB",8594247989,8352817190,16947065179,241430799
20190806,"13:22:58","SH","NB",7918404043,9489553085,17407957128,-1571149042
20190806,"13:22:58","SZ","NB",8624680634,8380884057,17005564691,243796577
20190806,"13:23:58","SH","NB",7956305701,9569536883,17525842584,-1613231182
20190806,"13:23:58","SZ","NB",8660850523,8421393324,17082243847,239457199
20190806,"13:24:58","SH","NB",7982249605,9615372210,17597621815,-1633122605
20190806,"13:24:58","SZ","NB",8695576550,8452283557,17147860107,243292993
20190806,"13:25:58","SH","NB",8013391449,9655092149,17668483598,-1641700700
20190806,"13:25:58","SZ","NB",8724104994,8487363095,17211468089,236741899
20190806,"13:26:58","SZ","NB",8753873231,8508957327,17262830558,244915904
20190806,"13:26:58","SH","NB",8040638231,9692167825,17732806056,-1651529594
20190806,"13:27:59","SH","NB",8070522625,9717980273,17788502898,-1647457648
20190806,"13:27:59","SZ","NB",8794380489,8529727564,17324108053,264652925
20190806,"13:28:59","SH","NB",8093977188,9743604717,17837581905,-1649627529
20190806,"13:28:59","SZ","NB",8820789160,8548718784,17369507944,272070376
20190806,"13:29:59","SH","NB",8119328206,9774007506,17893335712,-1654679300
20190806,"13:29:59","SZ","NB",8846135985,8571731829,17417867814,274404156
20190806,"13:30:59","SH","NB",8154493059,9809542820,17964035879,-1655049761
20190806,"13:30:59","SZ","NB",8882214052,8600229839,17482443891,281984213
20190806,"13:31:58","SZ","NB",8920430651,8636007191,17556437842,284423460
20190806,"13:31:58","SH","NB",8181978036,9875946434,18057924470,-1693968398
20190806,"13:32:58","SH","NB",8209828007,9931044059,18140872066,-1721216052
20190806,"13:32:58","SZ","NB",8947381212,8672497696,17619878908,274883516
20190806,"13:33:58","SH","NB",8234395652,9960952670,18195348322,-1726557018
20190806,"13:33:58","SZ","NB",8970979357,8702220540,17673199897,268758817
20190806,"13:34:59","SH","NB",8261883822,9995683331,18257567153,-1733799509
20190806,"13:34:59","SZ","NB",8998960864,8728274726,17727235590,270686138
20190806,"13:35:59","SH","NB",8292650053,10055474728,18348124781,-1762824675
20190806,"13:35:59","SZ","NB",9050492163,8759362230,17809854393,291129933
20190806,"13:36:58","SH","NB",8324942836,10130981344,18455924180,-1806038508
20190806,"13:36:58","SZ","NB",9081402691,8809889666,17891292357,271513025
20190806,"13:37:58","SH","NB",8345175514,10193129857,18538305371,-1847954343
20190806,"13:37:58","SZ","NB",9104763127,8855822238,17960585365,248940889
20190806,"13:38:59","SH","NB",8368224930,10225586736,18593811666,-1857361806
20190806,"13:38:59","SZ","NB",9126648799,8879616184,18006264983,247032615
20190806,"13:39:59","SZ","NB",9153548306,8899802018,18053350324,253746288
20190806,"13:39:59","SH","NB",8393884813,10261306560,18655191373,-1867421747
20190806,"13:40:59","SH","NB",8420530419,10293863691,18714394110,-1873333272
20190806,"13:40:59","SZ","NB",9182563055,8924329131,18106892186,258233924
20190806,"13:41:59","SH","NB",8441241362,10324881175,18766122537,-1883639813
20190806,"13:41:59","SZ","NB",9206733720,8945608253,18152341973,261125467
20190806,"13:42:59","SH","NB",8468807461,10354582678,18823390139,-1885775217
20190806,"13:42:59","SZ","NB",9231843176,8964256310,18196099486,267586866
20190806,"13:43:58","SH","NB",8485943444,10389702928,18875646372,-1903759484
20190806,"13:43:58","SZ","NB",9258247953,8985407936,18243655889,272840017
20190806,"13:44:58","SH","NB",8506997297,10440225498,18947222795,-1933228201
20190806,"13:44:58","SZ","NB",9280572506,9014620341,18295192847,265952165
20190806,"13:45:59","SH","NB",8531138973,10481805816,19012944789,-1950666843
20190806,"13:45:59","SZ","NB",9305406818,9039182554,18344589372,266224264
20190806,"13:46:59","SH","NB",8550928646,10509170794,19060099440,-1958242148
20190806,"13:46:59","SZ","NB",9325164428,9065155278,18390319706,260009150
20190806,"13:47:59","SH","NB",8570116802,10550554895,19120671697,-1980438093
20190806,"13:47:59","SZ","NB",9346680402,9091307180,18437987582,255373222
20190806,"13:48:58","SZ","NB",9369459508,9113693935,18483153443,255765573
20190806,"13:48:58","SH","NB",8591767737,10577700067,19169467804,-1985932330
20190806,"13:49:58","SH","NB",8613016588,10600487177,19213503765,-1987470589
20190806,"13:49:58","SZ","NB",9389664423,9128255916,18517920339,261408507
20190806,"13:50:58","SH","NB",8644711452,10638646176,19283357628,-1993934724
20190806,"13:50:58","SZ","NB",9436290567,9157128875,18593419442,279161692
20190806,"13:51:59","SH","NB",8667624004,10675166213,19342790217,-2007542209
20190806,"13:51:59","SZ","NB",9470544720,9186396751,18656941471,284147969
20190806,"13:52:58","SH","NB",8703825522,10713292683,19417118205,-2009467161
20190806,"13:52:58","SZ","NB",9504110461,9208698484,18712808945,295411977
20190806,"13:53:59","SH","NB",8728078856,10749984657,19478063513,-2021905801
20190806,"13:53:59","SZ","NB",9537772070,9234918392,18772690462,302853678
20190806,"13:54:58","SH","NB",8758391249,10807787336,19566178585,-2049396087
20190806,"13:54:58","SZ","NB",9572206576,9270689961,18842896537,301516615
20190806,"13:55:58","SH","NB",8784525097,10846436685,19630961782,-2061911588
20190806,"13:55:58","SZ","NB",9606442098,9300614505,18907056603,305827593
20190806,"13:56:58","SZ","NB",9635632736,9327857770,18963490506,307774966
20190806,"13:56:58","SH","NB",8812344509,10880001542,19692346051,-2067657033
20190806,"13:57:58","SH","NB",8834561382,10912410564,19746971946,-2077849182
20190806,"13:57:58","SZ","NB",9655334720,9349139601,19004474321,306195119
20190806,"13:58:58","SH","NB",8856080366,10942716619,19798796985,-2086636253
20190806,"13:58:58","SZ","NB",9681659367,9370734977,19052394344,310924390
20190806,"13:59:59","SH","NB",8877674339,10971310171,19848984510,-2093635832
20190806,"13:59:59","SZ","NB",9710322043,9392857460,19103179503,317464583
20190806,"14:00:59","SH","NB",8910888193,11065000149,19975888342,-2154111956
20190806,"14:00:59","SZ","NB",9747017455,9458159630,19205177085,288857825
20190806,"14:01:58","SH","NB",8937579931,11102980362,20040560293,-2165400431
20190806,"14:01:58","SZ","NB",9781035762,9481408548,19262444310,299627214
20190806,"14:02:58","SZ","NB",9808616763,9500676061,19309292824,307940702
20190806,"14:02:58","SH","NB",8959442004,11126647934,20086089938,-2167205930
20190806,"14:03:58","SH","NB",8983766649,11158523262,20142289911,-2174756613
20190806,"14:03:58","SZ","NB",9842190044,9518638088,19360828132,323551956
20190806,"14:04:58","SH","NB",9005383360,11181123694,20186507054,-2175740334
20190806,"14:04:58","SZ","NB",9868733713,9538373614,19407107327,330360099
20190806,"14:05:59","SH","NB",9028007215,11212877776,20240884991,-2184870561
20190806,"14:05:59","SZ","NB",9891831925,9561628207,19453460132,330203718
20190806,"14:06:58","SH","NB",9046590207,11238018294,20284608501,-2191428087
20190806,"14:06:58","SZ","NB",9917903746,9583930523,19501834269,333973223
20190806,"14:07:58","SH","NB",9067990937,11266275292,20334266229,-2198284355
20190806,"14:07:58","SZ","NB",9942610740,9610966124,19553576864,331644616
20190806,"14:08:59","SH","NB",9087161300,11296793228,20383954528,-2209631928
20190806,"14:08:59","SZ","NB",9966233312,9638798075,19605031387,327435237
20190806,"14:09:58","SH","NB",9106308037,11337987680,20444295717,-2231679643
20190806,"14:09:58","SZ","NB",9987145114,9664393171,19651538285,322751943
20190806,"14:10:58","SH","NB",9129389574,11369212232,20498601806,-2239822658
20190806,"14:10:58","SZ","NB",10013600971,9690902352,19704503323,322698619
20190806,"14:11:59","SH","NB",9150720855,11393507213,20544228068,-2242786358
20190806,"14:11:59","SZ","NB",10037493588,9716738675,19754232263,320754913
20190806,"14:12:58","SZ","NB",10059825613,9744629680,19804455293,315195933
20190806,"14:12:58","SH","NB",9167552613,11416921806,20584474419,-2249369193
20190806,"14:13:58","SH","NB",9191786113,11451920846,20643706959,-2260134733
20190806,"14:13:58","SZ","NB",10084533684,9773131298,19857664982,311402386
20190806,"14:14:59","SH","NB",9216564273,11489294851,20705859124,-2272730578
20190806,"14:14:59","SZ","NB",10106695619,9798700571,19905396190,307995048
20190806,"14:15:58","SH","NB",9238826429,11524314024,20763140453,-2285487595
20190806,"14:15:58","SZ","NB",10136672522,9825719839,19962392361,310952683
20190806,"14:16:58","SH","NB",9260999360,11557223565,20818222925,-2296224205
20190806,"14:16:58","SZ","NB",10157914460,9850132264,20008046724,307782196
20190806,"14:17:59","SH","NB",9290287559,11609999368,20900286927,-2319711809
20190806,"14:17:59","SZ","NB",10187197166,9882991218,20070188384,304205948
20190806,"14:18:58","SZ","NB",10211491058,9913562197,20125053255,297928861
20190806,"14:18:58","SH","NB",9320707188,11648012048,20968719236,-2327304860
20190806,"14:19:58","SH","NB",9345758946,11682677071,21028436017,-2336918125
20190806,"14:19:58","SZ","NB",10232282059,9934258844,20166540903,298023215
20190806,"14:20:58","SH","NB",9371354958,11727331563,21098686521,-2355976605
20190806,"14:20:58","SZ","NB",10259645028,9967675371,20227320399,291969657
20190806,"14:21:58","SH","NB",9396802034,11772576252,21169378286,-2375774218
20190806,"14:21:58","SZ","NB",10290773371,9996125756,20286899127,294647615
20190806,"14:22:58","SH","NB",9421723858,11805686727,21227410585,-2383962869
20190806,"14:22:58","SZ","NB",10313691281,10015333011,20329024292,298358270
20190806,"14:23:58","SH","NB",9445920158,11829372615,21275292773,-2383452457
20190806,"14:23:58","SZ","NB",10349284563,10036262693,20385547256,313021870
20190806,"14:24:58","SH","NB",9465791297,11856922078,21322713375,-2391130781
20190806,"14:24:58","SZ","NB",10377801934,10058576111,20436378045,319225823
20190806,"14:25:58","SZ","NB",10414498108,10087108727,20501606835,327389381
20190806,"14:25:58","SH","NB",9498856709,11891005084,21389861793,-2392148375
20190806,"14:26:58","SH","NB",9519809330,11924177153,21443986483,-2404367823
20190806,"14:26:58","SZ","NB",10435417083,10116911509,20552328592,318505574
20190806,"14:27:58","SH","NB",9547329054,11998528475,21545857529,-2451199421
20190806,"14:27:58","SZ","NB",10461133441,10152763141,20613896582,308370300
20190806,"14:28:58","SH","NB",9575175846,12037452940,21612628786,-2462277094
20190806,"14:28:58","SZ","NB",10483805435,10178773818,20662579253,305031617
20190806,"14:29:59","SH","NB",9598706054,12090610030,21689316084,-2491903976
20190806,"14:29:59","SZ","NB",10514164500,10216641761,20730806261,297522739
20190806,"14:30:58","SH","NB",9633607168,12200874784,21834481952,-2567267616
20190806,"14:30:58","SZ","NB",10555948940,10272491789,20828440729,283457151
20190806,"14:31:58","SH","NB",9675755443,12266923765,21942679208,-2591168322
20190806,"14:31:58","SZ","NB",10600480161,10312965560,20913445721,287514601
20190806,"14:32:59","SH","NB",9706151155,12318194521,22024345676,-2612043366
20190806,"14:32:59","SZ","NB",10642652438,10342558506,20985210944,300093932
20190806,"14:33:59","SH","NB",9735665936,12361713747,22097379683,-2626047811
20190806,"14:33:59","SZ","NB",10675501933,10383166335,21058668268,292335598
20190806,"14:34:59","SZ","NB",10717453738,10412152111,21129605849,305301627
20190806,"14:34:59","SH","NB",9766888489,12405607003,22172495492,-2638718514
20190806,"14:35:59","SH","NB",9806336462,12474974361,22281310823,-2668637899
20190806,"14:35:59","SZ","NB",10765107673,10452609469,21217717142,312498204
20190806,"14:36:59","SH","NB",9847129743,12536262142,22383391885,-2689132399
20190806,"14:36:59","SZ","NB",10804936754,10489134613,21294071367,315802141
20190806,"14:37:58","SZ","NB",10836367513,10517346023,21353713536,319021490
20190806,"14:37:58","SH","NB",9876106971,12585156968,22461263939,-2709049997
20190806,"14:38:58","SH","NB",9911488092,12635418529,22546906621,-2723930437
20190806,"14:38:58","SZ","NB",10864811355,10546018151,21410829506,318793204
20190806,"14:39:58","SH","NB",9943872452,12686989277,22630861729,-2743116825
20190806,"14:39:58","SZ","NB",10895517986,10574235215,21469753201,321282771
20190806,"14:40:59","SH","NB",9980542503,12738454230,22718996733,-2757911727
20190806,"14:40:59","SZ","NB",10929825709,10607754034,21537579743,322071675
20190806,"14:41:59","SZ","NB",10956537639,10638858314,21595395953,317679325
20190806,"14:41:59","SH","NB",10008873823,12791435474,22800309297,-2782561651
20190806,"14:42:58","SH","NB",10046807321,12844818068,22891625389,-2798010747
20190806,"14:42:58","SZ","NB",10983841350,10674581776,21658423126,309259574
20190806,"14:43:58","SH","NB",10077753244,12895311569,22973064813,-2817558325
20190806,"14:43:58","SZ","NB",11015507834,10702491328,21717999162,313016506
20190806,"14:44:59","SH","NB",10102318216,12934352081,23036670297,-2832033865
20190806,"14:44:59","SZ","NB",11040041201,10728745467,21768786668,311295734
20190806,"14:45:59","SH","NB",10144734431,12991921254,23136655685,-2847186823
20190806,"14:45:59","SZ","NB",11082431210,10768417003,21850848213,314014207
20190806,"14:46:58","SH","NB",10181671487,13051773702,23233445189,-2870102215
20190806,"14:46:58","SZ","NB",11124647492,10802111935,21926759427,322535557
20190806,"14:47:59","SH","NB",10214407188,13114096518,23328503706,-2899689330
20190806,"14:47:59","SZ","NB",11157437828,10839712019,21997149847,317725809
20190806,"14:48:58","SH","NB",10242867062,13177508190,23420375252,-2934641128
20190806,"14:48:58","SZ","NB",11193620376,10876469169,22070089545,317151207
20190806,"14:49:58","SZ","NB",11222863005,10918624143,22141487148,304238862
20190806,"14:49:58","SH","NB",10274464753,13257596546,23532061299,-2983131793
20190806,"14:50:58","SH","NB",10311284981,13335673759,23646958740,-3024388778
20190806,"14:50:58","SZ","NB",11265078054,10964028626,22229106680,301049428
20190806,"14:51:58","SH","NB",10343661417,13407433533,23751094950,-3063772116
20190806,"14:51:58","SZ","NB",11294749589,11006340062,22301089651,288409527
20190806,"14:52:58","SH","NB",10375061360,13476631225,23851692585,-3101569865
20190806,"14:52:58","SZ","NB",11325011111,11047442925,22372454036,277568186
20190806,"14:53:59","SH","NB",10406606576,13556184542,23962791118,-3149577966
20190806,"14:53:59","SZ","NB",11357120333,11090679154,22447799487,266441179
20190806,"14:54:59","SH","NB",10446450453,13628650519,24075100972,-3182200066
20190806,"14:54:59","SZ","NB",11396832140,11141377439,22538209579,255454701
20190806,"14:55:58","SH","NB",10479765153,13697575945,24177341098,-3217810792
20190806,"14:55:58","SZ","NB",11432199343,11183948006,22616147349,248251337
20190806,"14:56:58","SH","NB",10509794285,13757231587,24267025872,-3247437302
20190806,"14:56:58","SZ","NB",11464215100,11217791296,22682006396,246423804
20190806,"14:57:59","SH","NB",10509934705,13757369608,24267304313,-3247434903
20190806,"14:57:59","SZ","NB",11464251430,11217818983,22682070413,246432447
20190806,"15:00:58","SH","NB",10609279171,13854291740,24463570911,-3245012569
20190806,"15:00:58","SZ","NB",11564158997,11298028744,22862187741,266130253
