dataDate,dataTime,connectMarket,tradeDirection,buyTurnover,sellTurnover,totalTurnover,netTurnover
20200707,"09:30:01","SH","NB",856366233,306971897,1163338130,549394336
20200707,"09:30:01","SZ","NB",562677133,353224216,915901349,209452917
20200707,"09:31:01","SH","NB",1591355428,850491742,2441847170,740863686
20200707,"09:31:01","SZ","NB",1651086730,1326308205,2977394935,324778525
20200707,"09:32:01","SH","NB",2271291376,1394929599,3666220975,876361777
20200707,"09:32:01","SZ","NB",2451634933,2082180488,4533815421,369454445
20200707,"09:33:01","SH","NB",2834478107,1857907651,4692385758,976570456
20200707,"09:33:01","SZ","NB",3072898933,2826662748,5899561681,246236185
20200707,"09:34:01","SH","NB",3468346147,2435307106,5903653253,1033039041
20200707,"09:34:01","SZ","NB",3680844518,3536353183,7217197701,144491335
20200707,"09:35:01","SH","NB",4155192568,3027689218,7182881786,1127503350
20200707,"09:35:01","SZ","NB",4328768916,4125281120,8454050036,203487796
20200707,"09:36:01","SH","NB",5105397208,3664093207,8769490415,1441304001
20200707,"09:36:01","SZ","NB",5378397372,4888106001,10266503373,490291371
20200707,"09:37:01","SZ","NB",6396922793,5386223321,11783146114,1010699472
20200707,"09:37:01","SH","NB",5997255401,4167316714,10164572115,1829938687
20200707,"09:38:01","SH","NB",6632358929,4595781356,11228140285,2036577573
20200707,"09:38:01","SZ","NB",7077179438,6000366225,13077545663,1076813213
20200707,"09:39:01","SH","NB",7142542087,5056752362,12199294449,2085789725
20200707,"09:39:01","SZ","NB",7680621977,6562920817,14243542794,1117701160
20200707,"09:40:01","SH","NB",7835487529,5409346804,13244834333,2426140725
20200707,"09:40:01","SZ","NB",8360443171,6998100838,15358544009,1362342333
20200707,"09:41:01","SH","NB",8266451879,5935658732,14202110611,2330793147
20200707,"09:41:01","SZ","NB",9004423534,7787956801,16792380335,1216466733
20200707,"09:42:01","SH","NB",8921118401,6534105261,15455223662,2387013140
20200707,"09:42:01","SZ","NB",9705649577,8556372818,18262022395,1149276759
20200707,"09:43:01","SZ","NB",10359399615,9179416642,19538816257,1179982973
20200707,"09:43:01","SH","NB",9884403090,7075233853,16959636943,2809169237
20200707,"09:44:01","SH","NB",10744224513,7494765277,18238989790,3249459236
20200707,"09:44:01","SZ","NB",10892224083,9833394967,20725619050,1058829116
20200707,"09:45:01","SH","NB",12023238127,7859998501,19883236628,4163239626
20200707,"09:45:01","SZ","NB",11580122813,10335603046,21915725859,1244519767
20200707,"09:46:01","SH","NB",12898283897,8250422021,21148705918,4647861876
20200707,"09:46:01","SZ","NB",12193410814,10968008722,23161419536,1225402092
20200707,"09:47:01","SH","NB",13645432199,8589757214,22235189413,5055674985
20200707,"09:47:01","SZ","NB",12689504762,11434471883,24123976645,1255032879
20200707,"09:48:01","SH","NB",14295777225,8958251151,23254028376,5337526074
20200707,"09:48:01","SZ","NB",13152938939,11936593095,25089532034,1216345844
20200707,"09:49:01","SH","NB",14735802457,9431365241,24167167698,5304437216
20200707,"09:49:01","SZ","NB",13576359430,12372512901,25948872331,1203846529
20200707,"09:50:01","SH","NB",15160084382,9912270840,25072355222,5247813542
20200707,"09:50:01","SZ","NB",13914729191,12767098199,26681827390,1147630992
20200707,"09:51:01","SZ","NB",14309321419,13180977927,27490299346,1128343492
20200707,"09:51:01","SH","NB",15531908008,10457494805,25989402813,5074413203
20200707,"09:52:01","SH","NB",15888758537,10958102690,26846861227,4930655847
20200707,"09:52:01","SZ","NB",14783800149,13454785127,28238585276,1329015022
20200707,"09:53:01","SH","NB",16316656187,11320604651,27637260838,4996051536
20200707,"09:53:01","SZ","NB",15454132952,13716168334,29170301286,1737964618
20200707,"09:54:01","SH","NB",16588425844,11729793801,28318219645,4858632043
20200707,"09:54:01","SZ","NB",15843244585,14047347180,29890591765,1795897405
20200707,"09:55:01","SH","NB",16846121518,12086623707,28932745225,4759497811
20200707,"09:55:01","SZ","NB",16196822683,14277489444,30474312127,1919333239
20200707,"09:56:01","SH","NB",17173018880,12462783856,29635802736,4710235024
20200707,"09:56:01","SZ","NB",16563071042,14579401141,31142472183,1983669901
20200707,"09:57:01","SZ","NB",16879562873,14897004933,31776567806,1982557940
20200707,"09:57:01","SH","NB",17391773429,12915913388,30307686817,4475860041
20200707,"09:58:01","SH","NB",17662354336,13273424766,30935779102,4388929570
20200707,"09:58:01","SZ","NB",17236012303,15107710172,32343722475,2128302131
20200707,"09:59:01","SH","NB",17923124073,13666853199,31589977272,4256270874
20200707,"09:59:01","SZ","NB",17565194691,15433720247,32998914938,2131474444
20200707,"10:00:01","SH","NB",18260664966,13976961602,32237626568,4283703364
20200707,"10:00:01","SZ","NB",17974717455,15706072177,33680789632,2268645278
20200707,"10:01:01","SH","NB",18534893691,14469841868,33004735559,4065051823
20200707,"10:01:01","SZ","NB",18287497825,16222281419,34509779244,2065216406
20200707,"10:02:01","SH","NB",18906952124,14756413374,33663365498,4150538750
20200707,"10:02:01","SZ","NB",18762207625,16373955502,35136163127,2388252123
20200707,"10:03:01","SH","NB",19250715829,15028527184,34279243013,4222188645
20200707,"10:03:01","SZ","NB",19498513017,16564476430,36062989447,2934036587
20200707,"10:04:01","SH","NB",19542137605,15342593165,34884730770,4199544440
20200707,"10:04:01","SZ","NB",19895848621,16879226034,36775074655,3016622587
20200707,"10:05:01","SH","NB",19804065146,15690033859,35494099005,4114031287
20200707,"10:05:01","SZ","NB",20130696169,17265750985,37396447154,2864945184
20200707,"10:06:01","SH","NB",20049576748,16009508424,36059085172,4040068324
20200707,"10:06:01","SZ","NB",20380198346,17527620316,37907818662,2852578030
20200707,"10:07:01","SZ","NB",20612237986,17819068761,38431306747,2793169225
20200707,"10:07:01","SH","NB",20300590790,16331576437,36632167227,3969014353
20200707,"10:08:01","SH","NB",20500792742,16604588879,37105381621,3896203863
20200707,"10:08:01","SZ","NB",20793619586,18044770553,38838390139,2748849033
20200707,"10:09:01","SH","NB",20740054235,16867989010,37608043245,3872065225
20200707,"10:09:01","SZ","NB",21074037437,18218632838,39292670275,2855404599
20200707,"10:10:01","SH","NB",20905168094,17144243204,38049411298,3760924890
20200707,"10:10:01","SZ","NB",21288359634,18442410013,39730769647,2845949621
20200707,"10:11:01","SZ","NB",21723360865,18644938300,40368299165,3078422565
20200707,"10:11:01","SH","NB",21161799446,17422045542,38583844988,3739753904
20200707,"10:12:01","SH","NB",21390598263,17659414608,39050012871,3731183655
20200707,"10:12:01","SZ","NB",22021100433,18816984336,40838084769,3204116097
20200707,"10:13:01","SH","NB",21621348956,18005511693,39626860649,3615837263
20200707,"10:13:01","SZ","NB",22288352501,19221860129,41510212630,3066492372
20200707,"10:14:01","SH","NB",21863976869,18307148770,40171125639,3556828099
20200707,"10:14:01","SZ","NB",22506115603,19404849388,41910964991,3101266215
20200707,"10:15:01","SH","NB",22183315481,18571949247,40755264728,3611366234
20200707,"10:15:01","SZ","NB",22851613155,19530157115,42381770270,3321456040
20200707,"10:16:01","SH","NB",22424448603,18773812461,41198261064,3650636142
20200707,"10:16:01","SZ","NB",23115285972,19715540259,42830826231,3399745713
20200707,"10:17:01","SH","NB",22681023953,18999268224,41680292177,3681755729
20200707,"10:17:01","SZ","NB",23350000704,19919680224,43269680928,3430320480
20200707,"10:18:01","SH","NB",22920683219,19293164210,42213847429,3627519009
20200707,"10:18:01","SZ","NB",23548325464,20148526666,43696852130,3399798798
20200707,"10:19:01","SZ","NB",23708515595,20300418161,44008933756,3408097434
20200707,"10:19:01","SH","NB",23154326268,19529006743,42683333011,3625319525
20200707,"10:20:01","SH","NB",23429696963,19786016859,43215713822,3643680104
20200707,"10:20:01","SZ","NB",24006767080,20430238075,44437005155,3576529005
20200707,"10:21:01","SH","NB",23675277987,20052580256,43727858243,3622697731
20200707,"10:21:01","SZ","NB",24374182722,20616564833,44990747555,3757617889
20200707,"10:22:01","SH","NB",23886813139,20326343759,44213156898,3560469380
20200707,"10:22:01","SZ","NB",24600769131,20832230426,45432999557,3768538705
20200707,"10:23:01","SH","NB",24110832186,20583712245,44694544431,3527119941
20200707,"10:23:01","SZ","NB",24932474861,21099601104,46032075965,3832873757
20200707,"10:24:01","SH","NB",24311106217,21030286811,45341393028,3280819406
20200707,"10:24:01","SZ","NB",25135413854,21475132574,46610546428,3660281280
20200707,"10:25:01","SZ","NB",25365219692,21626334805,46991554497,3738884887
20200707,"10:25:01","SH","NB",24564788710,21240454199,45805242909,3324334511
20200707,"10:26:01","SH","NB",24827249547,21437324022,46264573569,3389925525
20200707,"10:26:01","SZ","NB",25638131326,21753288347,47391419673,3884842979
20200707,"10:27:01","SH","NB",25010062921,21660288024,46670350945,3349774897
20200707,"10:27:01","SZ","NB",25811375838,21913015198,47724391036,3898360640
20200707,"10:28:01","SH","NB",25183951961,21894021714,47077973675,3289930247
20200707,"10:28:01","SZ","NB",25990941139,22050242159,48041183298,3940698980
20200707,"10:29:01","SH","NB",25341031200,22240107170,47581138370,3100924030
20200707,"10:29:01","SZ","NB",26185612385,22264928477,48450540862,3920683908
20200707,"10:30:01","SH","NB",25539586446,22438607761,47978194207,3100978685
20200707,"10:30:01","SZ","NB",26434227217,22424679685,48858906902,4009547532
20200707,"10:31:01","SH","NB",25752197037,22738304260,48490501297,3013892777
20200707,"10:31:01","SZ","NB",26630687442,22804963246,49435650688,3825724196
20200707,"10:32:01","SH","NB",25963010095,22976472167,48939482262,2986537928
20200707,"10:32:01","SZ","NB",26859254288,23011700021,49870954309,3847554267
20200707,"10:33:01","SH","NB",26257552654,23163192426,49420745080,3094360228
20200707,"10:33:01","SZ","NB",27158028514,23172698676,50330727190,3985329838
20200707,"10:34:01","SH","NB",26444068358,23325393616,49769461974,3118674742
20200707,"10:34:01","SZ","NB",27331135967,23411148440,50742284407,3919987527
20200707,"10:35:01","SZ","NB",27551814972,23601161159,51152976131,3950653813
20200707,"10:35:01","SH","NB",26685651087,23534030152,50219681239,3151620935
20200707,"10:36:01","SH","NB",26912895751,23663289283,50576185034,3249606468
20200707,"10:36:01","SZ","NB",27794342665,23740835128,51535177793,4053507537
20200707,"10:37:01","SH","NB",27085323595,23796393296,50881716891,3288930299
20200707,"10:37:01","SZ","NB",28046098654,23889849495,51935948149,4156249159
20200707,"10:38:01","SH","NB",27288492571,23888701247,51177193818,3399791324
20200707,"10:38:01","SZ","NB",28244850359,24020789753,52265640112,4224060606
20200707,"10:39:01","SZ","NB",28427853149,24202399408,52630252557,4225453741
20200707,"10:39:01","SH","NB",27457713313,24019937890,51477651203,3437775423
20200707,"10:40:01","SH","NB",27538503241,24156967634,51695470875,3381535607
20200707,"10:40:01","SZ","NB",28511332405,24340501226,52851833631,4170831179
20200707,"10:41:01","SH","NB",27710707777,24258212889,51968920666,3452494888
20200707,"10:41:01","SZ","NB",28722277524,24490954985,53213232509,4231322539
20200707,"10:42:01","SH","NB",27848424813,24333377400,52181802213,3515047413
20200707,"10:42:01","SZ","NB",28837893971,24590301216,53428195187,4247592755
20200707,"10:43:01","SH","NB",28013334625,24583361935,52596696560,3429972690
20200707,"10:43:01","SZ","NB",29001951067,24760153491,53762104558,4241797576
20200707,"10:44:01","SH","NB",28169111153,24680324622,52849435775,3488786531
20200707,"10:44:01","SZ","NB",29164484633,24858154672,54022639305,4306329961
20200707,"10:45:01","SH","NB",28307033873,24743228933,53050262806,3563804940
20200707,"10:45:01","SZ","NB",29306865717,24957369599,54264235316,4349496118
20200707,"10:46:01","SH","NB",28468703673,24829448777,53298152450,3639254896
20200707,"10:46:01","SZ","NB",29425514373,25078429231,54503943604,4347085142
20200707,"10:47:01","SZ","NB",29516848167,25208658210,54725506377,4308189957
20200707,"10:47:01","SH","NB",28577312328,24965173494,53542485822,3612138834
20200707,"10:48:01","SH","NB",28677174448,25080258206,53757432654,3596916242
20200707,"10:48:01","SZ","NB",29620735728,25314368689,54935104417,4306367039
20200707,"10:49:01","SH","NB",28764963523,25225460614,53990424137,3539502909
20200707,"10:49:01","SZ","NB",29700880219,25477906468,55178786687,4222973751
20200707,"10:50:01","SH","NB",28858671464,25349141220,54207812684,3509530244
20200707,"10:50:01","SZ","NB",29802071967,25656741531,55458813498,4145330436
20200707,"10:51:01","SH","NB",29000708851,25457323763,54458032614,3543385088
20200707,"10:51:01","SZ","NB",29990098367,25798059517,55788157884,4192038850
20200707,"10:52:01","SH","NB",29153488766,25568203196,54721691962,3585285570
20200707,"10:52:01","SZ","NB",30138130468,25915639053,56053769521,4222491415
20200707,"10:53:01","SZ","NB",30289708280,26013998437,56303706717,4275709843
20200707,"10:53:01","SH","NB",29310259252,25646819277,54957078529,3663439975
20200707,"10:54:01","SH","NB",29470988660,25710944302,55181932962,3760044358
20200707,"10:54:01","SZ","NB",30468139962,26122324970,56590464932,4345814992
20200707,"10:55:01","SH","NB",29580683991,25829772654,55410456645,3750911337
20200707,"10:55:01","SZ","NB",30578187478,26255236295,56833423773,4322951183
20200707,"10:56:01","SH","NB",29692387910,25917177950,55609565860,3775209960
20200707,"10:56:01","SZ","NB",30694831081,26369004694,57063835775,4325826387
20200707,"10:57:01","SH","NB",29789116317,25982511994,55771628311,3806604323
20200707,"10:57:01","SZ","NB",30795448986,26477575418,57273024404,4317873568
20200707,"10:58:01","SH","NB",29897553823,26097576573,55995130396,3799977250
20200707,"10:58:01","SZ","NB",30879342581,26587405063,57466747644,4291937518
20200707,"10:59:01","SH","NB",30062359354,26208422714,56270782068,3853936640
20200707,"10:59:01","SZ","NB",31058347664,26654689910,57713037574,4403657754
20200707,"11:00:01","SH","NB",30235973951,26282128768,56518102719,3953845183
20200707,"11:00:01","SZ","NB",31196595289,26720970864,57917566153,4475624425
20200707,"11:01:01","SZ","NB",31387359787,26825595856,58212955643,4561763931
20200707,"11:01:01","SH","NB",30405248972,26387973625,56793222597,4017275347
20200707,"11:02:01","SH","NB",30517802950,26461324487,56979127437,4056478463
20200707,"11:02:01","SZ","NB",31534542188,26943572484,58478114672,4590969704
20200707,"11:03:01","SH","NB",30628010416,26562579422,57190589838,4065430994
20200707,"11:03:01","SZ","NB",31660334410,27061242191,58721576601,4599092219
20200707,"11:04:01","SZ","NB",31749690280,27189490976,58939181256,4560199304
20200707,"11:04:01","SH","NB",30714306266,26682714057,57397020323,4031592209
20200707,"11:05:01","SH","NB",30790541554,26794332069,57584873623,3996209485
20200707,"11:05:01","SZ","NB",31839246847,27325467847,59164714694,4513779000
20200707,"11:06:01","SH","NB",30880630350,26908502212,57789132562,3972128138
20200707,"11:06:01","SZ","NB",31952698407,27429670327,59382368734,4523028080
20200707,"11:07:01","SH","NB",30959247426,27020905328,57980152754,3938342098
20200707,"11:07:01","SZ","NB",32057988127,27532979719,59590967846,4525008408
20200707,"11:08:01","SH","NB",31072891340,27104715606,58177606946,3968175734
20200707,"11:08:01","SZ","NB",32199633788,27602175475,59801809263,4597458313
20200707,"11:09:01","SH","NB",31189113230,27186114920,58375228150,4002998310
20200707,"11:09:01","SZ","NB",32302184493,27690771897,59992956390,4611412596
20200707,"11:10:01","SH","NB",31326663891,27258429856,58585093747,4068234035
20200707,"11:10:01","SZ","NB",32391663987,27754081062,60145745049,4637582925
20200707,"11:11:01","SH","NB",31482908536,27376567792,58859476328,4106340744
20200707,"11:11:01","SZ","NB",32554340505,27905046125,60459386630,4649294380
20200707,"11:12:01","SH","NB",31640290351,27457838684,59098129035,4182451667
20200707,"11:12:01","SZ","NB",32735283462,27974762329,60710045791,4760521133
20200707,"11:13:01","SZ","NB",32850842909,28152420836,61003263745,4698422073
20200707,"11:13:01","SH","NB",31797222552,27621334082,59418556634,4175888470
20200707,"11:14:01","SH","NB",31948869424,27739768838,59688638262,4209100586
20200707,"11:14:01","SZ","NB",32948984854,28266869108,61215853962,4682115746
20200707,"11:15:01","SH","NB",32060319930,27829667489,59889987419,4230652441
20200707,"11:15:01","SZ","NB",33029617660,28355619768,61385237428,4673997892
20200707,"11:16:01","SH","NB",32219100280,27919572855,60138673135,4299527425
20200707,"11:16:01","SZ","NB",33150695621,28435296887,61585992508,4715398734
20200707,"11:17:01","SH","NB",32332336611,28009116824,60341453435,4323219787
20200707,"11:17:01","SZ","NB",33274951641,28502610612,61777562253,4772341029
20200707,"11:18:01","SH","NB",32446173416,28111909004,60558082420,4334264412
20200707,"11:18:01","SZ","NB",33364523476,28592903426,61957426902,4771620050
20200707,"11:19:01","SH","NB",32544246189,28228509631,60772755820,4315736558
20200707,"11:19:01","SZ","NB",33460592376,28682063280,62142655656,4778529096
20200707,"11:20:01","SH","NB",32631266642,28391613930,61022880572,4239652712
20200707,"11:20:01","SZ","NB",33537786369,28818653289,62356439658,4719133080
20200707,"11:21:01","SZ","NB",33713645988,28948835008,62662480996,4764810980
20200707,"11:21:01","SH","NB",32788546380,28505422370,61293968750,4283124010
20200707,"11:22:01","SH","NB",32886574091,28565754901,61452328992,4320819190
20200707,"11:22:01","SZ","NB",33806628248,29003844827,62810473075,4802783421
20200707,"11:23:01","SH","NB",32979390590,28683342293,61662732883,4296048297
20200707,"11:23:01","SZ","NB",33895029966,29128524423,63023554389,4766505543
20200707,"11:24:01","SH","NB",33062397865,28752517697,61814915562,4309880168
20200707,"11:24:01","SZ","NB",33976152063,29214784546,63190936609,4761367517
20200707,"11:25:01","SH","NB",33182977800,28816334380,61999312180,4366643420
20200707,"11:25:01","SZ","NB",34070176427,29286674225,63356850652,4783502202
20200707,"11:26:01","SH","NB",33275479752,28874347420,62149827172,4401132332
20200707,"11:26:01","SZ","NB",34170221357,29361915222,63532136579,4808306135
20200707,"11:27:01","SH","NB",33337263684,28924735236,62261998920,4412528448
20200707,"11:27:01","SZ","NB",34248832546,29422285539,63671118085,4826547007
20200707,"11:28:01","SZ","NB",34334344047,29482208056,63816552103,4852135991
20200707,"11:28:01","SH","NB",33423914629,28974362513,62398277142,4449552116
20200707,"11:29:01","SH","NB",33597340780,29026197907,62623538687,4571142873
20200707,"11:29:01","SZ","NB",34467833509,29539750434,64007583943,4928083075
20200707,"11:30:01","SH","NB",33660705415,29076313085,62737018500,4584392330
20200707,"11:30:01","SZ","NB",34534825137,29610605585,64145430722,4924219552
20200707,"11:31:01","SH","NB",33669982316,29081662306,62751644622,4588320010
20200707,"11:31:01","SZ","NB",34539104901,29613636507,64152741408,4925468394
20200707,"13:00:01","SZ","NB",34554447826,29628267379,64182715205,4926180447
20200707,"13:01:01","SZ","NB",34913076009,29929909574,64842985583,4983166435
20200707,"13:01:01","SH","NB",34080212626,29319173410,63399386036,4761039216
20200707,"13:02:01","SH","NB",34265524307,29499710652,63765234959,4765813655
20200707,"13:02:01","SZ","NB",35063818939,30110073387,65173892326,4953745552
20200707,"13:03:01","SH","NB",34411896015,29635895831,64047791846,4776000184
20200707,"13:03:01","SZ","NB",35193218363,30240303000,65433521363,4952915363
20200707,"13:04:01","SH","NB",34590815335,29771616314,64362431649,4819199021
20200707,"13:04:01","SZ","NB",35380957519,30349683304,65730640823,5031274215
20200707,"13:05:01","SH","NB",34725721900,29891560566,64617282466,4834161334
20200707,"13:05:01","SZ","NB",35496724043,30469386165,65966110208,5027337878
20200707,"13:06:01","SZ","NB",35628763227,30642330219,66271093446,4986433008
20200707,"13:06:01","SH","NB",34864565268,30031702377,64896267645,4832862891
20200707,"13:07:01","SH","NB",34997630798,30193894087,65191524885,4803736711
20200707,"13:07:01","SZ","NB",35753413501,30883290874,66636704375,4870122627
20200707,"13:08:01","SH","NB",35169994079,30286318907,65456312986,4883675172
20200707,"13:08:01","SZ","NB",35919430450,30994269316,66913699766,4925161134
20200707,"13:09:01","SH","NB",35328021109,30394011584,65722032693,4934009525
20200707,"13:09:01","SZ","NB",36102936190,31136692011,67239628201,4966244179
20200707,"13:10:01","SH","NB",35424204957,30474521781,65898726738,4949683176
20200707,"13:10:01","SZ","NB",36210613500,31257406356,67468019856,4953207144
20200707,"13:11:01","SH","NB",35546606970,30596610271,66143217241,4949996699
20200707,"13:11:01","SZ","NB",36402471481,31507229107,67909700588,4895242374
20200707,"13:12:01","SH","NB",35631551215,30678037032,66309588247,4953514183
20200707,"13:12:01","SZ","NB",36524972670,31604883464,68129856134,4920089206
20200707,"13:13:01","SH","NB",35798654760,30770430062,66569084822,5028224698
20200707,"13:13:01","SZ","NB",36718382789,31749531092,68467913881,4968851697
20200707,"13:14:01","SZ","NB",36848860547,31950911032,68799771579,4897949515
20200707,"13:14:01","SH","NB",35909054552,30875791755,66784846307,5033262797
20200707,"13:15:01","SH","NB",36084318110,30974189328,67058507438,5110128782
20200707,"13:15:01","SZ","NB",36981386690,32079434474,69060821164,4901952216
20200707,"13:16:01","SH","NB",36267076377,31145369409,67412445786,5121706968
20200707,"13:16:01","SZ","NB",37129349259,32318167300,69447516559,4811181959
20200707,"13:17:01","SH","NB",36390458457,31395372999,67785831456,4995085458
20200707,"13:17:01","SZ","NB",37240538777,32652233022,69892771799,4588305755
20200707,"13:18:01","SH","NB",36495895451,31584410777,68080306228,4911484674
20200707,"13:18:01","SZ","NB",37353564773,32902892322,70256457095,4450672451
20200707,"13:19:01","SZ","NB",37452038004,33118429497,70570467501,4333608507
20200707,"13:19:01","SH","NB",36605515443,31779588972,68385104415,4825926471
20200707,"13:20:01","SH","NB",36791181158,31866674087,68657855245,4924507071
20200707,"13:20:01","SZ","NB",37623790556,33252907287,70876697843,4370883269
20200707,"13:21:01","SH","NB",36917031227,31961301146,68878332373,4955730081
20200707,"13:21:01","SZ","NB",37771537986,33405801791,71177339777,4365736195
20200707,"13:22:01","SH","NB",37044985937,32015927458,69060913395,5029058479
20200707,"13:22:01","SZ","NB",37919061751,33489951126,71409012877,4429110625
20200707,"13:23:01","SH","NB",37140855142,32134481013,69275336155,5006374129
20200707,"13:23:01","SZ","NB",38033048071,33697873917,71730921988,4335174154
20200707,"13:24:01","SH","NB",37232006844,32244881070,69476887914,4987125774
20200707,"13:24:01","SZ","NB",38138154313,33847883324,71986037637,4290270989
20200707,"13:25:01","SH","NB",37323402513,32350191374,69673593887,4973211139
20200707,"13:25:01","SZ","NB",38250173184,34005534852,72255708036,4244638332
20200707,"13:26:01","SH","NB",37458647129,32456559496,69915206625,5002087633
20200707,"13:26:01","SZ","NB",38386808309,34166895315,72553703624,4219912994
20200707,"13:27:01","SH","NB",37554306270,32556317856,70110624126,4997988414
20200707,"13:27:01","SZ","NB",38475455043,34336897260,72812352303,4138557783
20200707,"13:28:01","SZ","NB",38556452460,34526130595,73082583055,4030321865
20200707,"13:28:01","SH","NB",37639572779,32690141963,70329714742,4949430816
20200707,"13:29:01","SH","NB",37734050842,32803889827,70537940669,4930161015
20200707,"13:29:01","SZ","NB",38650456462,34708658715,73359115177,3941797747
20200707,"13:30:01","SH","NB",37832810212,32876736258,70709546470,4956073954
20200707,"13:30:01","SZ","NB",38752167124,34877385447,73629552571,3874781677
20200707,"13:31:01","SH","NB",37923031472,32976727297,70899758769,4946304175
20200707,"13:31:01","SZ","NB",38866280543,35076671450,73942951993,3789609093
20200707,"13:32:01","SH","NB",38017297013,33080961802,71098258815,4936335211
20200707,"13:32:01","SZ","NB",38995573710,35246735619,74242309329,3748838091
20200707,"13:33:01","SZ","NB",39104858910,35622399688,74727258598,3482459222
20200707,"13:33:01","SH","NB",38123936869,33341941805,71465878674,4781995064
20200707,"13:34:01","SH","NB",38324434646,33467568445,71792003091,4856866201
20200707,"13:34:01","SZ","NB",39379495407,35791801334,75171296741,3587694073
20200707,"13:35:01","SH","NB",38457992169,33546467704,72004459873,4911524465
20200707,"13:35:01","SZ","NB",39576104603,35929675467,75505780070,3646429136
20200707,"13:36:01","SH","NB",38579010117,33638047201,72217057318,4940962916
20200707,"13:36:01","SZ","NB",39740558413,36086741662,75827300075,3653816751
20200707,"13:37:01","SH","NB",38694768705,33700658797,72395427502,4994109908
20200707,"13:37:01","SZ","NB",39871026102,36173452531,76044478633,3697573571
20200707,"13:38:01","SH","NB",38865988492,33767416374,72633404866,5098572118
20200707,"13:38:01","SZ","NB",40049649641,36267979858,76317629499,3781669783
20200707,"13:39:01","SH","NB",38957223465,33872477257,72829700722,5084746208
20200707,"13:39:01","SZ","NB",40156358002,36424064662,76580422664,3732293340
20200707,"13:40:01","SH","NB",39041056606,33958688936,72999745542,5082367670
20200707,"13:40:01","SZ","NB",40246993564,36584056971,76831050535,3662936593
20200707,"13:41:01","SZ","NB",40386391045,36743138364,77129529409,3643252681
20200707,"13:41:01","SH","NB",39171046581,34057646735,73228693316,5113399846
20200707,"13:42:01","SH","NB",39303511526,34118533671,73422045197,5184977855
20200707,"13:42:01","SZ","NB",40519232102,36842028023,77361260125,3677204079
20200707,"13:43:01","SH","NB",39402188385,34247381850,73649570235,5154806535
20200707,"13:43:01","SZ","NB",40638002052,37061765680,77699767732,3576236372
20200707,"13:44:01","SH","NB",39483919797,34307590915,73791510712,5176328882
20200707,"13:44:01","SZ","NB",40747452895,37149703496,77897156391,3597749399
20200707,"13:45:01","SZ","NB",40840250682,37253715148,78093965830,3586535534
20200707,"13:45:01","SH","NB",39556074258,34404253913,73960328171,5151820345
20200707,"13:46:01","SH","NB",39656741925,34496085066,74152826991,5160656859
20200707,"13:46:01","SZ","NB",40945219703,37410812956,78356032659,3534406747
20200707,"13:47:01","SH","NB",39736349810,34589584903,74325934713,5146764907
20200707,"13:47:01","SZ","NB",41038156960,37570316339,78608473299,3467840621
20200707,"13:48:01","SH","NB",39869979138,34655702692,74525681830,5214276446
20200707,"13:48:01","SZ","NB",41185997302,37655384300,78841381602,3530613002
20200707,"13:49:01","SH","NB",39971735301,34726354157,74698089458,5245381144
20200707,"13:49:01","SZ","NB",41285403956,37737460637,79022864593,3547943319
20200707,"13:50:01","SH","NB",40060725981,34821482834,74882208815,5239243147
20200707,"13:50:01","SZ","NB",41388444653,37899378595,79287823248,3489066058
20200707,"13:51:01","SH","NB",40214231947,34935629262,75149861209,5278602685
20200707,"13:51:01","SZ","NB",41561556975,38027440061,79588997036,3534116914
20200707,"13:52:01","SH","NB",40320847955,35026298353,75347146308,5294549602
20200707,"13:52:01","SZ","NB",41662937449,38162379746,79825317195,3500557703
20200707,"13:53:01","SZ","NB",41753175374,38287960118,80041135492,3465215256
20200707,"13:53:01","SH","NB",40415099230,35135819720,75550918950,5279279510
20200707,"13:54:01","SH","NB",40529221605,35234762823,75763984428,5294458782
20200707,"13:54:01","SZ","NB",41856716526,38428116942,80284833468,3428599584
20200707,"13:55:01","SH","NB",40623717738,35330977262,75954695000,5292740476
20200707,"13:55:01","SZ","NB",41942397147,38567484469,80509881616,3374912678
20200707,"13:56:01","SH","NB",40755278757,35424511694,76179790451,5330767063
20200707,"13:56:01","SZ","NB",42037763763,38673299740,80711063503,3364464023
20200707,"13:57:01","SH","NB",40864084129,35565482205,76429566334,5298601924
20200707,"13:57:01","SZ","NB",42135365947,38851849681,80987215628,3283516266
20200707,"13:58:01","SH","NB",41127155441,35634125945,76761281386,5493029496
20200707,"13:58:01","SZ","NB",42293741648,38942030546,81235772194,3351711102
20200707,"13:59:01","SH","NB",41250047764,35699336697,76949384461,5550711067
20200707,"13:59:01","SZ","NB",42394758340,39019268487,81414026827,3375489853
20200707,"14:00:01","SH","NB",41384811948,35757705467,77142517415,5627106481
20200707,"14:00:01","SZ","NB",42500810213,39078229426,81579039639,3422580787
20200707,"14:01:01","SZ","NB",42576764965,39204743361,81781508326,3372021604
20200707,"14:01:01","SH","NB",41475334798,35866902434,77342237232,5608432364
20200707,"14:02:01","SH","NB",41546189865,35941886129,77488075994,5604303736
20200707,"14:02:01","SZ","NB",42642999129,39308606341,81951605470,3334392788
20200707,"14:03:01","SH","NB",41615188304,36035010445,77650198749,5580177859
20200707,"14:03:01","SZ","NB",42754722827,39415862411,82170585238,3338860416
20200707,"14:04:06","SH","NB",41687292545,36099102419,77786394964,5588190126
20200707,"14:04:06","SZ","NB",42835170348,39505239149,82340409497,3329931199
20200707,"14:05:10","SH","NB",41770870855,36304630468,78075501323,5466240387
20200707,"14:05:10","SZ","NB",42956764388,39759925259,82716689647,3196839129
20200707,"14:06:13","SH","NB",41896473381,36414544950,78311018331,5481928431
20200707,"14:06:13","SZ","NB",43102880530,39883859919,82986740449,3219020611
20200707,"14:07:16","SH","NB",41996854624,36625330012,78622184636,5371524612
20200707,"14:07:16","SZ","NB",43199011539,40116618330,83315629869,3082393209
20200707,"14:08:16","SH","NB",42090019167,36767664499,78857683666,5322354668
20200707,"14:08:16","SZ","NB",43324881894,40242575401,83567457295,3082306493
20200707,"14:09:01","SH","NB",42208363534,36877022612,79085386146,5331340922
20200707,"14:09:01","SZ","NB",43467254322,40349204890,83816459212,3118049432
20200707,"14:10:01","SH","NB",42328960515,36990653751,79319614266,5338306764
20200707,"14:10:01","SZ","NB",43616018244,40489411233,84105429477,3126607011
20200707,"14:11:01","SZ","NB",43745121816,40788279212,84533401028,2956842604
20200707,"14:11:01","SH","NB",42474112247,37303933540,79778045787,5170178707
20200707,"14:12:01","SH","NB",42776280753,37413885318,80190166071,5362395435
20200707,"14:12:01","SZ","NB",44035845130,40909185352,84945030482,3126659778
20200707,"14:13:01","SH","NB",42991143430,37547321722,80538465152,5443821708
20200707,"14:13:01","SZ","NB",44249855057,41031079510,85280934567,3218775547
20200707,"14:14:07","SH","NB",43102251087,37663569132,80765820219,5438681955
20200707,"14:14:07","SZ","NB",44368472461,41172398660,85540871121,3196073801
20200707,"14:15:05","SZ","NB",44521443534,41292473684,85813917218,3228969850
20200707,"14:15:05","SH","NB",43209682617,37752891199,80962573816,5456791418
20200707,"14:16:17","SH","NB",43446725516,37850868443,81297593959,5595857073
20200707,"14:16:17","SZ","NB",44738093764,41402308831,86140402595,3335784933
20200707,"14:17:26","SH","NB",43564971928,37944942448,81509914376,5620029480
20200707,"14:17:26","SZ","NB",44848476537,41500942555,86349419092,3347533982
20200707,"14:18:20","SH","NB",43642320325,38053275689,81695596014,5589044636
20200707,"14:18:20","SZ","NB",44933311222,41653289221,86586600443,3280022001
20200707,"14:19:01","SH","NB",43716699164,38124205318,81840904482,5592493846
20200707,"14:19:01","SZ","NB",45017289741,41747818770,86765108511,3269470971
20200707,"14:20:01","SH","NB",43817054029,38212847520,82029901549,5604206509
20200707,"14:20:01","SZ","NB",45115176049,41871062547,86986238596,3244113502
20200707,"14:21:01","SH","NB",43967977315,38298391918,82266369233,5669585397
20200707,"14:21:01","SZ","NB",45259742446,42004021473,87263763919,3255720973
20200707,"14:22:01","SH","NB",44046418096,38380995027,82427413123,5665423069
20200707,"14:22:01","SZ","NB",45334291942,42102807085,87437099027,3231484857
20200707,"14:23:01","SZ","NB",45414008474,42249676837,87663685311,3164331637
20200707,"14:23:01","SH","NB",44116178084,38472483698,82588661782,5643694386
20200707,"14:24:01","SH","NB",44195585953,38537829729,82733415682,5657756224
20200707,"14:24:01","SZ","NB",45497397961,42357076558,87854474519,3140321403
20200707,"14:25:01","SH","NB",44297188246,38608298908,82905487154,5688889338
20200707,"14:25:01","SZ","NB",45615070184,42459205112,88074275296,3155865072
20200707,"14:26:01","SH","NB",44372680831,38707880221,83080561052,5664800610
20200707,"14:26:01","SZ","NB",45707202408,42604760643,88311963051,3102441765
20200707,"14:27:01","SH","NB",44446642590,38793727980,83240370570,5652914610
20200707,"14:27:01","SZ","NB",45787243527,42723498317,88510741844,3063745210
20200707,"14:28:01","SH","NB",44543907363,38864960739,83408868102,5678946624
20200707,"14:28:01","SZ","NB",45884746692,42832185525,88716932217,3052561167
20200707,"14:29:01","SH","NB",44656274263,38936250888,83592525151,5720023375
20200707,"14:29:01","SZ","NB",45982549158,42921453586,88904002744,3061095572
20200707,"14:30:01","SH","NB",44742366746,38994824583,83737191329,5747542163
20200707,"14:30:01","SZ","NB",46077077148,43006717791,89083794939,3070359357
20200707,"14:31:01","SZ","NB",46276316434,43132130393,89408446827,3144186041
20200707,"14:31:01","SH","NB",44930280038,39080685858,84010965896,5849594180
20200707,"14:32:01","SH","NB",45014934716,39157054010,84171988726,5857880706
20200707,"14:32:01","SZ","NB",46374301196,43260892381,89635193577,3113408815
20200707,"14:33:01","SH","NB",45136758245,39231591027,84368349272,5905167218
20200707,"14:33:01","SZ","NB",46507820881,43372813358,89880634239,3135007523
20200707,"14:34:01","SH","NB",45241179121,39301159907,84542339028,5940019214
20200707,"14:34:01","SZ","NB",46618471789,43461673151,90080144940,3156798638
20200707,"14:35:01","SH","NB",45349468928,39383559481,84733028409,5965909447
20200707,"14:35:01","SZ","NB",46716841354,43574446903,90291288257,3142394451
20200707,"14:36:01","SH","NB",45437983208,39499627490,84937610698,5938355718
20200707,"14:36:01","SZ","NB",46808950927,43716688907,90525639834,3092262020
20200707,"14:37:01","SZ","NB",46900503053,43856308914,90756811967,3044194139
20200707,"14:37:01","SH","NB",45527042465,39603197912,85130240377,5923844553
20200707,"14:38:01","SH","NB",45632769740,39673613374,85306383114,5959156366
20200707,"14:38:01","SZ","NB",47002774611,43953511087,90956285698,3049263524
20200707,"14:39:01","SH","NB",45722751663,39747864554,85470616217,5974887109
20200707,"14:39:01","SZ","NB",47086512223,44039335542,91125847765,3047176681
20200707,"14:40:01","SH","NB",45822619634,39830600593,85653220227,5992019041
20200707,"14:40:01","SZ","NB",47190988033,44140141037,91331129070,3050846996
20200707,"14:41:01","SH","NB",45930944482,39904551259,85835495741,6026393223
20200707,"14:41:01","SZ","NB",47318150747,44261308670,91579459417,3056842077
20200707,"14:42:01","SH","NB",46036118282,39994197871,86030316153,6041920411
20200707,"14:42:01","SZ","NB",47417957421,44386707232,91804664653,3031250189
20200707,"14:43:01","SH","NB",46151049825,40111232711,86262282536,6039817114
20200707,"14:43:01","SZ","NB",47529681739,44536625351,92066307090,2993056388
20200707,"14:44:01","SH","NB",46300341744,40219496169,86519837913,6080845575
20200707,"14:44:01","SZ","NB",47650401516,44654207966,92304609482,2996193550
20200707,"14:45:01","SZ","NB",47786304334,44820407641,92606711975,2965896693
20200707,"14:45:01","SH","NB",46428899306,40330410275,86759309581,6098489031
20200707,"14:46:01","SH","NB",46540449423,40456546742,86996996165,6083902681
20200707,"14:46:01","SZ","NB",47934883363,44959017693,92893901056,2975865670
20200707,"14:47:01","SH","NB",46716171801,40559237099,87275408900,6156934702
20200707,"14:47:01","SZ","NB",48117751392,45085967996,93203719388,3031783396
20200707,"14:48:01","SH","NB",46860538916,40649854366,87510393282,6210684550
20200707,"14:48:01","SZ","NB",48251553954,45238173725,93489727679,3013380229
20200707,"14:49:01","SH","NB",46992919782,40745237541,87738157323,6247682241
20200707,"14:49:01","SZ","NB",48394623306,45382650143,93777273449,3011973163
20200707,"14:50:01","SH","NB",47142615393,40848653290,87991268683,6293962103
20200707,"14:50:01","SZ","NB",48551777928,45565300002,94117077930,2986477926
20200707,"14:51:01","SH","NB",47339347203,40983486228,88322833431,6355860975
20200707,"14:51:01","SZ","NB",48783894927,45795101956,94578996883,2988792971
20200707,"14:52:01","SH","NB",47495275469,41144228286,88639503755,6351047183
20200707,"14:52:01","SZ","NB",48952370943,46029941308,94982312251,2922429635
20200707,"14:53:01","SZ","NB",49178858370,46196827411,95375685781,2982030959
20200707,"14:53:01","SH","NB",47700130069,41269027109,88969157178,6431102960
20200707,"14:54:01","SH","NB",47917491847,41386713235,89304205082,6530778612
20200707,"14:54:01","SZ","NB",49450939254,46372242487,95823181741,3078696767
20200707,"14:55:01","SH","NB",48124025587,41529719328,89653744915,6594306259
20200707,"14:55:01","SZ","NB",49689062998,46564895175,96253958173,3124167823
20200707,"14:56:01","SH","NB",48459794546,41763308297,90223102843,6696486249
20200707,"14:56:01","SZ","NB",50040927766,46857001834,96897929600,3183925932
20200707,"14:57:01","SH","NB",48727918095,41883682462,90611600557,6844235633
20200707,"14:57:01","SZ","NB",50361412847,47051907474,97413320321,3309505373
20200707,"14:58:01","SH","NB",48733799945,41895654981,90629454926,6838144964
20200707,"14:58:01","SZ","NB",50383400968,47061633085,97445034053,3321767883
20200707,"15:00:01","SZ","NB",50478542738,47207897729,97686440467,3270645009
20200707,"15:01:01","SH","NB",49412633245,42751487822,92164121067,6661145423
20200707,"15:01:01","SZ","NB",51088387889,47905684808,98994072697,3182703081
