dataDate,dataTime,connectMarket,tradeDirection,buyTurnover,sellTurnover,totalTurnover,netTurnover
20200716,"09:30:01","SH","NB",266904055,191598360,458502415,75305695
20200716,"09:30:01","SZ","NB",310236470,334485074,644721544,-24248604
20200716,"09:31:01","SH","NB",808672908,566884207,1375557115,241788701
20200716,"09:31:01","SZ","NB",1185387798,1059000080,2244387878,126387718
20200716,"09:32:01","SH","NB",1298223401,1124396539,2422619940,173826862
20200716,"09:32:01","SZ","NB",1965247121,2025788651,3991035772,-60541530
20200716,"09:33:01","SH","NB",2138297232,1525567176,3663864408,612730056
20200716,"09:33:01","SZ","NB",2864819371,2732037689,5596857060,132781682
20200716,"09:34:01","SH","NB",3007800914,1860463937,4868264851,1147336977
20200716,"09:34:01","SZ","NB",3953419438,3386904072,7340323510,566515366
20200716,"09:35:01","SZ","NB",4682299087,4432133202,9114432289,250165885
20200716,"09:35:01","SH","NB",3521882879,2357031319,5878914198,1164851560
20200716,"09:36:01","SH","NB",3912250480,2700638550,6612889030,1211611930
20200716,"09:36:01","SZ","NB",5240228591,5261781513,10502010104,-21552922
20200716,"09:37:01","SH","NB",4624197147,2992428577,7616625724,1631768570
20200716,"09:37:01","SZ","NB",6229377976,5885380391,12114758367,343997585
20200716,"09:38:01","SH","NB",4897832801,3308697745,8206530546,1589135056
20200716,"09:38:01","SZ","NB",6711885930,6461701922,13173587852,250184008
20200716,"09:39:01","SH","NB",5397563230,3512232581,8909795811,1885330649
20200716,"09:39:01","SZ","NB",7334530510,6790609383,14125139893,543921127
20200716,"09:40:01","SH","NB",5624247997,3825239010,9449487007,1799008987
20200716,"09:40:01","SZ","NB",7644201323,7237016056,14881217379,407185267
20200716,"09:41:01","SH","NB",6172129972,4018712155,10190842127,2153417817
20200716,"09:41:01","SZ","NB",8318507600,7482718028,15801225628,835789572
20200716,"09:42:01","SH","NB",6543041436,4248413829,10791455265,2294627607
20200716,"09:42:01","SZ","NB",8761908691,7764075351,16525984042,997833340
20200716,"09:43:01","SZ","NB",9089738928,8065827142,17155566070,1023911786
20200716,"09:43:01","SH","NB",6861701541,4519202993,11380904534,2342498548
20200716,"09:44:01","SH","NB",7112310442,4779258463,11891568905,2333051979
20200716,"09:44:01","SZ","NB",9397292273,8406478505,17803770778,990813768
20200716,"09:45:01","SH","NB",7278432412,5121187252,12399619664,2157245160
20200716,"09:45:01","SZ","NB",9585618430,8837851378,18423469808,747767052
20200716,"09:46:01","SH","NB",7527015671,5400148835,12927164506,2126866836
20200716,"09:46:01","SZ","NB",9914979933,9238779400,19153759333,676200533
20200716,"09:47:01","SH","NB",7743058917,5631525452,13374584369,2111533465
20200716,"09:47:01","SZ","NB",10360175915,9520839954,19881015869,839335961
20200716,"09:48:01","SH","NB",7884917440,6043726937,13928644377,1841190503
20200716,"09:48:01","SZ","NB",10544977844,10217170629,20762148473,327807215
20200716,"09:49:01","SH","NB",8205054026,6217801662,14422855688,1987252364
20200716,"09:49:01","SZ","NB",10951042693,10488100631,21439143324,462942062
20200716,"09:50:01","SH","NB",8497156801,6410591587,14907748388,2086565214
20200716,"09:50:01","SZ","NB",11338129456,10737613835,22075743291,600515621
20200716,"09:51:01","SH","NB",8642417332,6833153718,15475571050,1809263614
20200716,"09:51:01","SZ","NB",11553852453,11346450977,22900303430,207401476
20200716,"09:52:01","SZ","NB",12108628486,11587060785,23695689271,521567701
20200716,"09:52:01","SH","NB",9018180951,6995949908,16014130859,2022231043
20200716,"09:53:01","SH","NB",9186484079,7175944190,16362428269,2010539889
20200716,"09:53:01","SZ","NB",12321097562,11854529424,24175626986,466568138
20200716,"09:54:01","SH","NB",9323117820,7455584293,16778702113,1867533527
20200716,"09:54:01","SZ","NB",12553795522,12280267167,24834062689,273528355
20200716,"09:55:01","SH","NB",9646519203,7598885210,17245404413,2047633993
20200716,"09:55:01","SZ","NB",13012024433,12497832918,25509857351,514191515
20200716,"09:56:01","SH","NB",9814614168,7771950655,17586564823,2042663513
20200716,"09:56:01","SZ","NB",13270148818,12783507715,26053656533,486641103
20200716,"09:57:01","SH","NB",9944616401,7999396416,17944012817,1945219985
20200716,"09:57:01","SZ","NB",13460487958,13088702652,26549190610,371785306
20200716,"09:58:01","SZ","NB",14083537339,13237551300,27321088639,845986039
20200716,"09:58:01","SH","NB",10457417032,8107818193,18565235225,2349598839
20200716,"09:59:01","SH","NB",10594675759,8308867952,18903543711,2285807807
20200716,"09:59:01","SZ","NB",14234273037,13544818504,27779091541,689454533
20200716,"10:00:01","SH","NB",10722833450,8485332722,19208166172,2237500728
20200716,"10:00:01","SZ","NB",14375752193,13904570376,28280322569,471181817
20200716,"10:01:01","SH","NB",11352378690,8627768221,19980146911,2724610469
20200716,"10:01:01","SZ","NB",14954941037,14102166011,29057107048,852775026
20200716,"10:02:01","SH","NB",11573783269,8743481756,20317265025,2830301513
20200716,"10:02:01","SZ","NB",15172941141,14265455997,29438397138,907485144
20200716,"10:03:01","SH","NB",11744281826,9112993269,20857275095,2631288557
20200716,"10:03:01","SZ","NB",15361272711,14620141964,29981414675,741130747
20200716,"10:04:01","SH","NB",11882702061,9229722744,21112424805,2652979317
20200716,"10:04:01","SZ","NB",15549428717,14884431068,30433859785,664997649
20200716,"10:05:01","SZ","NB",15683034082,15305559920,30988594002,377474162
20200716,"10:05:01","SH","NB",11964047293,9454087940,21418135233,2509959353
20200716,"10:06:01","SH","NB",12135560706,9605906530,21741467236,2529654176
20200716,"10:06:01","SZ","NB",15897925334,15534458229,31432383563,363467105
20200716,"10:07:01","SH","NB",12236186980,9777202444,22013389424,2458984536
20200716,"10:07:01","SZ","NB",16027061162,15863391396,31890452558,163669766
20200716,"10:08:01","SH","NB",12455548946,9954146334,22409695280,2501402612
20200716,"10:08:01","SZ","NB",16285017059,16198660175,32483677234,86356884
20200716,"10:09:01","SH","NB",12615781386,10129507217,22745288603,2486274169
20200716,"10:09:01","SZ","NB",16482182799,16472789751,32954972550,9393048
20200716,"10:10:01","SH","NB",13084803394,10293110206,23377913600,2791693188
20200716,"10:10:01","SZ","NB",17001575313,16699515079,33701090392,302060234
20200716,"10:11:01","SH","NB",13230185385,10483007619,23713193004,2747177766
20200716,"10:11:01","SZ","NB",17217835838,16971484780,34189320618,246351058
20200716,"10:12:01","SH","NB",13342048371,10613872510,23955920881,2728175861
20200716,"10:12:01","SZ","NB",17382601307,17206534405,34589135712,176066902
20200716,"10:13:01","SH","NB",13687120346,10752647672,24439768018,2934472674
20200716,"10:13:01","SZ","NB",17811083515,17428063166,35239146681,383020349
20200716,"10:14:01","SH","NB",13769513676,10929532956,24699046632,2839980720
20200716,"10:14:01","SZ","NB",17948069824,17656781541,35604851365,291288283
20200716,"10:15:01","SZ","NB",18190104305,17821259191,36011363496,368845114
20200716,"10:15:01","SH","NB",13993858164,11047833368,25041691532,2946024796
20200716,"10:16:01","SH","NB",14083902946,11406669784,25490572730,2677233162
20200716,"10:16:01","SZ","NB",18283984279,18309998150,36593982429,-26013871
20200716,"10:17:01","SH","NB",14271230862,11559578738,25830809600,2711652124
20200716,"10:17:01","SZ","NB",18546928169,18580632249,37127560418,-33704080
20200716,"10:18:01","SH","NB",14637128759,11722053271,26359182030,2915075488
20200716,"10:18:01","SZ","NB",19054425369,18818863945,37873289314,235561424
20200716,"10:19:01","SH","NB",14754606632,12016487126,26771093758,2738119506
20200716,"10:19:01","SZ","NB",19221732927,19106362079,38328095006,115370848
20200716,"10:20:01","SZ","NB",19401609965,19294613858,38696223823,106996107
20200716,"10:20:01","SH","NB",14885585452,12154966574,27040552026,2730618878
20200716,"10:21:01","SH","NB",15165428472,12306066212,27471494684,2859362260
20200716,"10:21:01","SZ","NB",19830270888,19576139911,39406410799,254130977
20200716,"10:22:01","SH","NB",15319566253,12481643903,27801210156,2837922350
20200716,"10:22:01","SZ","NB",20022040760,19852409190,39874449950,169631570
20200716,"10:23:01","SH","NB",15446222963,12607787900,28054010863,2838435063
20200716,"10:23:01","SZ","NB",20170518334,20027319293,40197837627,143199041
20200716,"10:24:01","SH","NB",15545469420,12711038893,28256508313,2834430527
20200716,"10:24:01","SZ","NB",20320080043,20194664109,40514744152,125415934
20200716,"10:25:01","SH","NB",15617880051,12929502456,28547382507,2688377595
20200716,"10:25:01","SZ","NB",20469019621,20491733020,40960752641,-22713399
20200716,"10:26:01","SH","NB",15709924912,13275746284,28985671196,2434178628
20200716,"10:26:01","SZ","NB",20671202949,20807822632,41479025581,-136619683
20200716,"10:27:01","SH","NB",15960814787,13409324236,29370139023,2551490551
20200716,"10:27:01","SZ","NB",21022344484,20990030595,42012375079,32313889
20200716,"10:28:01","SH","NB",16094809804,13611050127,29705859931,2483759677
20200716,"10:28:01","SZ","NB",21170804421,21293741828,42464546249,-122937407
20200716,"10:29:01","SH","NB",16228473000,13843572921,30072045921,2384900079
20200716,"10:29:01","SZ","NB",21373432798,21587159536,42960592334,-213726738
20200716,"10:30:01","SZ","NB",21734634767,21773185676,43507820443,-38550909
20200716,"10:30:01","SH","NB",16518546778,13978292423,30496839201,2540254355
20200716,"10:31:01","SH","NB",16876338976,14094029535,30970368511,2782309441
20200716,"10:31:01","SZ","NB",22201046611,21935587984,44136634595,265458627
20200716,"10:32:01","SH","NB",17040334027,14379106933,31419440960,2661227094
20200716,"10:32:01","SZ","NB",22397650324,22166568091,44564218415,231082233
20200716,"10:33:01","SH","NB",17152327886,14517727161,31670055047,2634600725
20200716,"10:33:01","SZ","NB",22582932722,22329059056,44911991778,253873666
20200716,"10:34:01","SH","NB",17248400359,14642329888,31890730247,2606070471
20200716,"10:34:01","SZ","NB",22694328856,22487692104,45182020960,206636752
20200716,"10:35:01","SH","NB",17327746019,14932128651,32259874670,2395617368
20200716,"10:35:01","SZ","NB",22789707484,22723934724,45513642208,65772760
20200716,"10:36:01","SH","NB",17416746699,15063558415,32480305114,2353188284
20200716,"10:36:01","SZ","NB",22888214217,22855851183,45744065400,32363034
20200716,"10:37:01","SH","NB",17470067929,15295311354,32765379283,2174756575
20200716,"10:37:01","SZ","NB",22974883434,23092237582,46067121016,-117354148
20200716,"10:38:01","SZ","NB",23068786959,23354965790,46423752749,-286178831
20200716,"10:38:01","SH","NB",17522583375,15589024169,33111607544,1933559206
20200716,"10:39:01","SH","NB",17613336438,15743356205,33356692643,1869980233
20200716,"10:39:01","SZ","NB",23193376167,23502118510,46695494677,-308742343
20200716,"10:40:01","SH","NB",17672389542,15874389962,33546779504,1797999580
20200716,"10:40:01","SZ","NB",23286363424,23638662968,46925026392,-352299544
20200716,"10:41:01","SZ","NB",23396250092,23979396990,47375647082,-583146898
20200716,"10:41:01","SH","NB",17761153252,16207990187,33969143439,1553163065
20200716,"10:42:01","SH","NB",17883476812,16320853783,34204330595,1562623029
20200716,"10:42:01","SZ","NB",23555586399,24175158746,47730745145,-619572347
20200716,"10:43:01","SH","NB",18033282756,16408124229,34441406985,1625158527
20200716,"10:43:01","SZ","NB",23752047346,24307058569,48059105915,-555011223
20200716,"10:44:01","SH","NB",18224215194,16474425035,34698640229,1749790159
20200716,"10:44:01","SZ","NB",24044733963,24401198434,48445932397,-356464471
20200716,"10:45:01","SH","NB",18403367642,16564244039,34967611681,1839123603
20200716,"10:45:01","SZ","NB",24284379901,24528045806,48812425707,-243665905
20200716,"10:46:01","SH","NB",18526049344,16734413071,35260462415,1791636273
20200716,"10:46:01","SZ","NB",24413043158,24745103765,49158146923,-332060607
20200716,"10:47:01","SH","NB",18571718003,16832991169,35404709172,1738726834
20200716,"10:47:01","SZ","NB",24489575233,24885472202,49375047435,-395896969
20200716,"10:48:01","SH","NB",18611857426,16965540672,35577398098,1646316754
20200716,"10:48:01","SZ","NB",24554789203,25027065059,49581854262,-472275856
20200716,"10:49:01","SH","NB",18663300184,17035794330,35699094514,1627505854
20200716,"10:49:01","SZ","NB",24625088833,25135743531,49760832364,-510654698
20200716,"10:50:01","SH","NB",18785504029,17105392502,35890896531,1680111527
20200716,"10:50:01","SZ","NB",24821148802,25238703580,50059852382,-417554778
20200716,"10:51:01","SZ","NB",24970635285,25439629142,50410264427,-468993857
20200716,"10:51:01","SH","NB",18883853879,17290461896,36174315775,1593391983
20200716,"10:52:01","SH","NB",18920113911,17383112522,36303226433,1537001389
20200716,"10:52:01","SZ","NB",25048723240,25586425478,50635148718,-537702238
20200716,"10:53:01","SH","NB",18975865412,17668189213,36644054625,1307676199
20200716,"10:53:01","SZ","NB",25127762127,25933721402,51061483529,-805959275
20200716,"10:54:01","SH","NB",19063023974,17741927211,36804951185,1321096763
20200716,"10:54:01","SZ","NB",25269628663,26040750734,51310379397,-771122071
20200716,"10:55:01","SZ","NB",25343798147,26138748657,51482546804,-794950510
20200716,"10:55:01","SH","NB",19099902511,17827267614,36927170125,1272634897
20200716,"10:56:01","SH","NB",19222921560,17877729422,37100650982,1345192138
20200716,"10:56:01","SZ","NB",25505534943,26197090674,51702625617,-691555731
20200716,"10:57:01","SH","NB",19305451160,17963689047,37269140207,1341762113
20200716,"10:57:01","SZ","NB",25588973953,26282354320,51871328273,-693380367
20200716,"10:58:01","SZ","NB",25659851980,26394057385,52053909365,-734205405
20200716,"10:58:01","SH","NB",19354754631,18030617816,37385372447,1324136815
20200716,"10:59:01","SH","NB",19392052981,18159046490,37551099471,1233006491
20200716,"10:59:01","SZ","NB",25728559703,26571209734,52299769437,-842650031
20200716,"11:00:01","SH","NB",19436353828,18379591073,37815944901,1056762755
20200716,"11:00:01","SZ","NB",25795239308,26902928845,52698168153,-1107689537
20200716,"11:01:01","SZ","NB",25900007443,27113390706,53013398149,-1213383263
20200716,"11:01:01","SH","NB",19501989358,18568626051,38070615409,933363307
20200716,"11:02:01","SH","NB",19638435158,18618790946,38257226104,1019644212
20200716,"11:02:01","SZ","NB",26085796526,27186411818,53272208344,-1100615292
20200716,"11:03:01","SH","NB",19698280704,18710253341,38408534045,988027363
20200716,"11:03:01","SZ","NB",26160339183,27315480354,53475819537,-1155141171
20200716,"11:04:01","SH","NB",19751289010,18838587311,38589876321,912701699
20200716,"11:04:01","SZ","NB",26227816095,27536537151,53764353246,-1308721056
20200716,"11:05:01","SH","NB",19796290620,18970846128,38767136748,825444492
20200716,"11:05:01","SZ","NB",26286613609,27742237176,54028850785,-1455623567
20200716,"11:06:01","SH","NB",19870240993,19086967864,38957208857,783273129
20200716,"11:06:01","SZ","NB",26368608023,27916516226,54285124249,-1547908203
20200716,"11:07:01","SH","NB",19940705413,19140017113,39080722526,800688300
20200716,"11:07:01","SZ","NB",26472116533,27997268037,54469384570,-1525151504
20200716,"11:08:01","SH","NB",19991330844,19253256421,39244587265,738074423
20200716,"11:08:01","SZ","NB",26545166025,28150394542,54695560567,-1605228517
20200716,"11:09:01","SZ","NB",26643266428,28245268808,54888535236,-1602002380
20200716,"11:09:01","SH","NB",20057543402,19323634699,39381178101,733908703
20200716,"11:10:01","SH","NB",20108550389,19391478043,39500028432,717072346
20200716,"11:10:01","SZ","NB",26716849916,28331859707,55048709623,-1615009791
20200716,"11:11:01","SH","NB",20191333335,19594943948,39786277283,596389387
20200716,"11:11:01","SZ","NB",26799797955,28595982025,55395779980,-1796184070
20200716,"11:12:01","SZ","NB",26893941481,28777286499,55671227980,-1883345018
20200716,"11:12:01","SH","NB",20258560855,19733891211,39992452066,524669644
20200716,"11:13:01","SH","NB",20405684788,19823724943,40229409731,581959845
20200716,"11:13:01","SZ","NB",27080182736,28915157606,55995340342,-1834974870
20200716,"11:14:01","SH","NB",20607785511,19893887154,40501672665,713898357
20200716,"11:14:01","SZ","NB",27282641872,29000733361,56283375233,-1718091489
20200716,"11:15:01","SH","NB",20675797145,20023257743,40699054888,652539402
20200716,"11:15:01","SZ","NB",27361706765,29172061516,56533768281,-1810354751
20200716,"11:16:01","SH","NB",20726643717,20186880242,40913523959,539763475
20200716,"11:16:01","SZ","NB",27423871146,29399526360,56823397506,-1975655214
20200716,"11:17:01","SH","NB",20787417964,20312198925,41099616889,475219039
20200716,"11:17:01","SZ","NB",27541566750,29554030519,57095597269,-2012463769
20200716,"11:18:01","SH","NB",20930876239,20390137574,41321013813,540738665
20200716,"11:18:01","SZ","NB",27705933369,29684930258,57390863627,-1978996889
20200716,"11:19:01","SH","NB",20978564892,20466968168,41445533060,511596724
20200716,"11:19:01","SZ","NB",27782419778,29803545733,57585965511,-2021125955
20200716,"11:20:01","SH","NB",21047336621,20569064055,41616400676,478272566
20200716,"11:20:01","SZ","NB",27903921579,29933261544,57837183123,-2029339965
20200716,"11:21:01","SH","NB",21127736173,20768514630,41896250803,359221543
20200716,"11:21:01","SZ","NB",28005124647,30171837016,58176961663,-2166712369
20200716,"11:22:01","SZ","NB",28222987863,30303807254,58526795117,-2080819391
20200716,"11:22:01","SH","NB",21336688862,20869897293,42206586155,466791569
20200716,"11:23:01","SH","NB",21514922759,20946577868,42461500627,568344891
20200716,"11:23:01","SZ","NB",28451272280,30408054873,58859327153,-1956782593
20200716,"11:24:01","SH","NB",21578552510,21053825329,42632377839,524727181
20200716,"11:24:01","SZ","NB",28559955024,30540840186,59100795210,-1980885162
20200716,"11:25:01","SH","NB",21636792536,21108040225,42744832761,528752311
20200716,"11:25:01","SZ","NB",28641888704,30632893206,59274781910,-1991004502
20200716,"11:26:01","SH","NB",21705961260,21163726337,42869687597,542234923
20200716,"11:26:01","SZ","NB",28717079971,30712172324,59429252295,-1995092353
20200716,"11:27:01","SH","NB",21758949176,21223768035,42982717211,535181141
20200716,"11:27:01","SZ","NB",28804752886,30816389199,59621142085,-2011636313
20200716,"11:28:01","SH","NB",21819382157,21347153336,43166535493,472228821
20200716,"11:28:01","SZ","NB",28869314900,30900851187,59770166087,-2031536287
20200716,"11:29:01","SH","NB",21894085994,21460096343,43354182337,433989651
20200716,"11:29:01","SZ","NB",28963092821,30990033631,59953126452,-2026940810
20200716,"11:30:01","SZ","NB",29013830902,31117013791,60130844693,-2103182889
20200716,"11:30:01","SH","NB",21934604339,21558669058,43493273397,375935281
20200716,"11:31:01","SH","NB",21934660396,21558751750,43493412146,375908646
20200716,"13:00:01","SZ","NB",29025200988,31131228843,60156429831,-2106027855
20200716,"13:01:01","SH","NB",22182502854,21894225434,44076728288,288277420
20200716,"13:01:01","SZ","NB",29344322685,31588594852,60932917537,-2244272167
20200716,"13:02:01","SH","NB",22370164624,22041492289,44411656913,328672335
20200716,"13:02:01","SZ","NB",29543427266,31773465309,61316892575,-2230038043
20200716,"13:03:01","SH","NB",22501550149,22161941569,44663491718,339608580
20200716,"13:03:01","SZ","NB",29683046386,31967795093,61650841479,-2284748707
20200716,"13:04:01","SZ","NB",29802323078,32217073914,62019396992,-2414750836
20200716,"13:04:01","SH","NB",22620849029,22364478053,44985327082,256370976
20200716,"13:05:01","SH","NB",22720977184,22567050076,45288027260,153927108
20200716,"13:05:01","SZ","NB",29908531426,32452380061,62360911487,-2543848635
20200716,"13:06:01","SH","NB",22832377042,22787548547,45619925589,44828495
20200716,"13:06:01","SZ","NB",30049005507,32656179127,62705184634,-2607173620
20200716,"13:07:01","SH","NB",22934583540,22895744198,45830327738,38839342
20200716,"13:07:01","SZ","NB",30229162827,32797038572,63026201399,-2567875745
20200716,"13:08:01","SH","NB",22999709975,23078687919,46078397894,-78977944
20200716,"13:08:01","SZ","NB",30346884694,32984102851,63330987545,-2637218157
20200716,"13:09:01","SH","NB",23064439738,23234850320,46299290058,-170410582
20200716,"13:09:01","SZ","NB",30436662962,33119823038,63556486000,-2683160076
20200716,"13:10:01","SZ","NB",30608337237,33233501541,63841838778,-2625164304
20200716,"13:10:01","SH","NB",23213400870,23358389736,46571790606,-144988866
20200716,"13:11:01","SH","NB",23307292880,23513940363,46821233243,-206647483
20200716,"13:11:01","SZ","NB",30722279382,33497509271,64219788653,-2775229889
20200716,"13:12:01","SH","NB",23399859422,23632877038,47032736460,-233017616
20200716,"13:12:01","SZ","NB",30825098465,33629378435,64454476900,-2804279970
20200716,"13:13:01","SH","NB",23611710243,23734514393,47346224636,-122804150
20200716,"13:13:01","SZ","NB",31088559610,33754838104,64843397714,-2666278494
20200716,"13:14:01","SH","NB",23742828861,23839045794,47581874655,-96216933
20200716,"13:14:01","SZ","NB",31243769052,33878017622,65121786674,-2634248570
20200716,"13:15:01","SH","NB",23809744032,23944496674,47754240706,-134752642
20200716,"13:15:01","SZ","NB",31312458752,34031447314,65343906066,-2718988562
20200716,"13:16:01","SH","NB",23881138480,24032297766,47913436246,-151159286
20200716,"13:16:01","SZ","NB",31390820236,34129220374,65520040610,-2738400138
20200716,"13:17:01","SH","NB",23949208139,24215374060,48164582199,-266165921
20200716,"13:17:01","SZ","NB",31456985465,34382185613,65839171078,-2925200148
20200716,"13:18:01","SH","NB",24000331755,24389338478,48389670233,-389006723
20200716,"13:18:01","SZ","NB",31512595218,34605773003,66118368221,-3093177785
20200716,"13:19:01","SH","NB",24059665858,24550320695,48609986553,-490654837
20200716,"13:19:01","SZ","NB",31595527298,34793126380,66388653678,-3197599082
20200716,"13:20:01","SZ","NB",31717585374,34960208094,66677793468,-3242622720
20200716,"13:20:01","SH","NB",24145393629,24723715142,48869108771,-578321513
20200716,"13:21:01","SH","NB",24319467489,24841539852,49161007341,-522072363
20200716,"13:21:01","SZ","NB",31974881576,35096390584,67071272160,-3121509008
20200716,"13:22:01","SH","NB",24402033313,25062769083,49464802396,-660735770
20200716,"13:22:01","SZ","NB",32071710428,35260291820,67332002248,-3188581392
20200716,"13:23:01","SH","NB",24493349472,25272016701,49765366173,-778667229
20200716,"13:23:01","SZ","NB",32224634934,35471853259,67696488193,-3247218325
20200716,"13:24:01","SH","NB",24617186401,25490097535,50107283936,-872911134
20200716,"13:24:01","SZ","NB",32382473927,35670528985,68053002912,-3288055058
20200716,"13:25:01","SH","NB",24730688958,25718464613,50449153571,-987775655
20200716,"13:25:01","SZ","NB",32527841198,35907064454,68434905652,-3379223256
20200716,"13:26:01","SH","NB",25013837469,25868854718,50882692187,-855017249
20200716,"13:26:01","SZ","NB",32901778123,36097523447,68999301570,-3195745324
20200716,"13:27:01","SH","NB",25175534393,26000928306,51176462699,-825393913
20200716,"13:27:01","SZ","NB",33130040937,36217276678,69347317615,-3087235741
20200716,"13:28:01","SH","NB",25241426362,26235429291,51476855653,-994002929
20200716,"13:28:01","SZ","NB",33219470037,36415796071,69635266108,-3196326034
20200716,"13:29:01","SH","NB",25325821903,26586260162,51912082065,-1260438259
20200716,"13:29:01","SZ","NB",33315826903,36755388590,70071215493,-3439561687
20200716,"13:30:01","SZ","NB",33484098408,37222422881,70706521289,-3738324473
20200716,"13:30:01","SH","NB",25458157744,26995032997,52453190741,-1536875253
20200716,"13:31:01","SH","NB",25880042555,27319579330,53199621885,-1439536775
20200716,"13:31:01","SZ","NB",33920245565,37563164606,71483410171,-3642919041
20200716,"13:32:01","SH","NB",26067488444,27517262207,53584750651,-1449773763
20200716,"13:32:01","SZ","NB",34162706547,37753560605,71916267152,-3590854058
20200716,"13:33:01","SH","NB",26232445645,27815852863,54048298508,-1583407218
20200716,"13:33:01","SZ","NB",34339009824,38055702460,72394712284,-3716692636
20200716,"13:34:01","SH","NB",26556800054,28003721416,54560521470,-1446921362
20200716,"13:34:01","SZ","NB",34768185317,38301741940,73069927257,-3533556623
20200716,"13:35:01","SZ","NB",34992693632,38482082234,73474775866,-3489388602
20200716,"13:35:01","SH","NB",26706093236,28167898081,54873991317,-1461804845
20200716,"13:36:01","SH","NB",27158593922,28318967101,55477561023,-1160373179
20200716,"13:36:01","SZ","NB",35574603534,38681140063,74255743597,-3106536529
20200716,"13:37:01","SH","NB",27373530747,28478735456,55852266203,-1105204709
20200716,"13:37:01","SZ","NB",35821812753,38844998744,74666811497,-3023185991
20200716,"13:38:01","SH","NB",27451425642,28680137809,56131563451,-1228712167
20200716,"13:38:01","SZ","NB",35946016891,39050999928,74997016819,-3104983037
20200716,"13:39:01","SH","NB",27518389080,28885832649,56404221729,-1367443569
20200716,"13:39:01","SZ","NB",36036623331,39251817415,75288440746,-3215194084
20200716,"13:40:01","SH","NB",27613155517,29005248550,56618404067,-1392093033
20200716,"13:40:01","SZ","NB",36154216677,39415691632,75569908309,-3261474955
20200716,"13:41:01","SH","NB",27768288792,29099696703,56867985495,-1331407911
20200716,"13:41:01","SZ","NB",36320980704,39529600975,75850581679,-3208620271
20200716,"13:42:01","SH","NB",27896176612,29263460715,57159637327,-1367284103
20200716,"13:42:01","SZ","NB",36456146110,39732151884,76188297994,-3276005774
20200716,"13:43:01","SH","NB",27986599734,29456148945,57442748679,-1469549211
20200716,"13:43:01","SZ","NB",36602137566,39970039946,76572177512,-3367902380
20200716,"13:44:01","SZ","NB",36683372226,40283157044,76966529270,-3599784818
20200716,"13:44:01","SH","NB",28074562049,29716796184,57791358233,-1642234135
20200716,"13:45:01","SH","NB",28181174886,29824633172,58005808058,-1643458286
20200716,"13:45:01","SZ","NB",36811800958,40440862406,77252663364,-3629061448
20200716,"13:46:01","SH","NB",28365733443,29901159629,58266893072,-1535426186
20200716,"13:46:01","SZ","NB",36983241935,40540653745,77523895680,-3557411810
20200716,"13:47:01","SH","NB",28455165532,30003873879,58459039411,-1548708347
20200716,"13:47:01","SZ","NB",37089131196,40654251904,77743383100,-3565120708
20200716,"13:48:01","SH","NB",28525983387,30134539818,58660523205,-1608556431
20200716,"13:48:01","SZ","NB",37163170219,40788560511,77951730730,-3625390292
20200716,"13:49:01","SH","NB",28584881545,30301569750,58886451295,-1716688205
20200716,"13:49:01","SZ","NB",37244564171,40991587049,78236151220,-3747022878
20200716,"13:50:01","SH","NB",28701953263,30369097200,59071050463,-1667143937
20200716,"13:50:01","SZ","NB",37370184528,41076930519,78447115047,-3706745991
20200716,"13:51:01","SH","NB",28815031089,30453851368,59268882457,-1638820279
20200716,"13:51:01","SZ","NB",37504318276,41188033735,78692352011,-3683715459
20200716,"13:52:01","SH","NB",28864989824,30612630468,59477620292,-1747640644
20200716,"13:52:01","SZ","NB",37593294562,41396702352,78989996914,-3803407790
20200716,"13:53:01","SH","NB",28952195781,30706839122,59659034903,-1754643341
20200716,"13:53:01","SZ","NB",37709152457,41523587333,79232739790,-3814434876
20200716,"13:54:01","SZ","NB",37789491378,41667600164,79457091542,-3878108786
20200716,"13:54:01","SH","NB",28996931432,30793512639,59790444071,-1796581207
20200716,"13:55:01","SH","NB",29045678854,30979603113,60025281967,-1933924259
20200716,"13:55:01","SZ","NB",37858817650,41924704022,79783521672,-4065886372
20200716,"13:56:01","SH","NB",29155907255,31100126233,60256033488,-1944218978
20200716,"13:56:01","SZ","NB",38016219374,42069029213,80085248587,-4052809839
20200716,"13:57:01","SH","NB",29238541689,31160902899,60399444588,-1922361210
20200716,"13:57:01","SZ","NB",38139672099,42170821731,80310493830,-4031149632
20200716,"13:58:01","SH","NB",29307977707,31261127932,60569105639,-1953150225
20200716,"13:58:01","SZ","NB",38220749707,42281770998,80502520705,-4061021291
20200716,"13:59:01","SH","NB",29440409667,31333809358,60774219025,-1893399691
20200716,"13:59:01","SZ","NB",38355169953,42384028913,80739198866,-4028858960
20200716,"14:00:01","SH","NB",29516358036,31392573219,60908931255,-1876215183
20200716,"14:00:01","SZ","NB",38476149663,42466743436,80942893099,-3990593773
20200716,"14:01:01","SH","NB",29600093176,31507363534,61107456710,-1907270358
20200716,"14:01:01","SZ","NB",38583615895,42612983241,81196599136,-4029367346
20200716,"14:02:01","SZ","NB",38711371647,42693111341,81404482988,-3981739694
20200716,"14:02:01","SH","NB",29703346358,31587825958,61291172316,-1884479600
20200716,"14:03:01","SH","NB",29797992260,31663807602,61461799862,-1865815342
20200716,"14:03:01","SZ","NB",38821670817,42788778171,81610448988,-3967107354
20200716,"14:04:01","SH","NB",29856129378,31739918203,61596047581,-1883788825
20200716,"14:04:01","SZ","NB",38898031701,42895004012,81793035713,-3996972311
20200716,"14:05:01","SH","NB",29903703108,31823769309,61727472417,-1920066201
20200716,"14:05:01","SZ","NB",38969901353,43020072195,81989973548,-4050170842
20200716,"14:06:01","SH","NB",29948566608,31998399522,61946966130,-2049832914
20200716,"14:06:01","SZ","NB",39043286294,43203613509,82246899803,-4160327215
20200716,"14:07:01","SH","NB",29996737061,32197155960,62193893021,-2200418899
20200716,"14:07:01","SZ","NB",39107135156,43447024132,82554159288,-4339888976
20200716,"14:08:01","SH","NB",30063214282,32500647314,62563861596,-2437433032
20200716,"14:08:01","SZ","NB",39181173242,43685140418,82866313660,-4503967176
20200716,"14:09:01","SH","NB",30159955080,32651110544,62811065624,-2491155464
20200716,"14:09:01","SZ","NB",39304974019,43884235620,83189209639,-4579261601
20200716,"14:10:01","SZ","NB",39425419524,44009814534,83435234058,-4584395010
20200716,"14:10:01","SH","NB",30259698876,32733311931,62993010807,-2473613055
20200716,"14:11:01","SH","NB",30369583861,32849554252,63219138113,-2479970391
20200716,"14:11:01","SZ","NB",39559779447,44144333157,83704112604,-4584553710
20200716,"14:12:01","SH","NB",30444950075,33016602099,63461552174,-2571652024
20200716,"14:12:01","SZ","NB",39653612838,44323254684,83976867522,-4669641846
20200716,"14:13:01","SH","NB",30585481515,33116999637,63702481152,-2531518122
20200716,"14:13:01","SZ","NB",39821483171,44461766210,84283249381,-4640283039
20200716,"14:14:01","SH","NB",30747114880,33188384934,63935499814,-2441270054
20200716,"14:14:01","SZ","NB",39997066869,44575522952,84572589821,-4578456083
20200716,"14:15:01","SH","NB",30833972514,33280924091,64114896605,-2446951577
20200716,"14:15:01","SZ","NB",40111688977,44696715597,84808404574,-4585026620
20200716,"14:16:01","SH","NB",30892003273,33509239021,64401242294,-2617235748
20200716,"14:16:01","SZ","NB",40194069214,44951271063,85145340277,-4757201849
20200716,"14:17:01","SZ","NB",40306990711,45215340751,85522331462,-4908350040
20200716,"14:17:01","SH","NB",30981982157,33677803931,64659786088,-2695821774
20200716,"14:18:01","SH","NB",31111716213,33772964600,64884680813,-2661248387
20200716,"14:18:01","SZ","NB",40505363250,45371300898,85876664148,-4865937648
20200716,"14:19:01","SH","NB",31188322033,33850540423,65038862456,-2662218390
20200716,"14:19:01","SZ","NB",40643722780,45490659494,86134382274,-4846936714
20200716,"14:20:01","SH","NB",31273802163,34029275238,65303077401,-2755473075
20200716,"14:20:01","SZ","NB",40789314773,45674194703,86463509476,-4884879930
20200716,"14:21:01","SH","NB",31463540252,34245243533,65708783785,-2781703281
20200716,"14:21:01","SZ","NB",41056611673,45863943885,86920555558,-4807332212
20200716,"14:22:01","SH","NB",31602956989,34459577312,66062534301,-2856620323
20200716,"14:22:01","SZ","NB",41287399333,46041745022,87329144355,-4754345689
20200716,"14:23:01","SZ","NB",41735052859,46201575575,87936628434,-4466522716
20200716,"14:23:01","SH","NB",31989769069,34571800309,66561569378,-2582031240
20200716,"14:24:01","SH","NB",32152355016,34676335966,66828690982,-2523980950
20200716,"14:24:01","SZ","NB",41960687010,46359578402,88320265412,-4398891392
20200716,"14:25:01","SH","NB",32233658386,34765890257,66999548643,-2532231871
20200716,"14:25:01","SZ","NB",42058370936,46515957803,88574328739,-4457586867
20200716,"14:26:01","SH","NB",32301712741,34925382047,67227094788,-2623669306
20200716,"14:26:01","SZ","NB",42175198544,46747055725,88922254269,-4571857181
20200716,"14:27:01","SH","NB",32397114796,35038145031,67435259827,-2641030235
20200716,"14:27:01","SZ","NB",42264788350,46872300651,89137089001,-4607512301
20200716,"14:28:01","SH","NB",32515018853,35109288895,67624307748,-2594270042
20200716,"14:28:01","SZ","NB",42424820663,46972811203,89397631866,-4547990540
20200716,"14:29:01","SH","NB",32571244740,35223708452,67794953192,-2652463712
20200716,"14:29:01","SZ","NB",42510834580,47155005290,89665839870,-4644170710
20200716,"14:30:01","SZ","NB",42608803155,47261273252,89870076407,-4652470097
20200716,"14:30:01","SH","NB",32633462324,35313427565,67946889889,-2679965241
20200716,"14:31:01","SH","NB",32731710247,35458775092,68190485339,-2727064845
20200716,"14:31:01","SZ","NB",42746607283,47443048251,90189655534,-4696440968
20200716,"14:32:01","SH","NB",32840488472,35667930156,68508418628,-2827441684
20200716,"14:32:01","SZ","NB",42864044917,47691421523,90555466440,-4827376606
20200716,"14:33:01","SH","NB",32996885960,36015998039,69012883999,-3019112079
20200716,"14:33:01","SZ","NB",43052558944,48020528190,91073087134,-4967969246
20200716,"14:34:01","SH","NB",33218497668,36193210744,69411708412,-2974713076
20200716,"14:34:01","SZ","NB",43310295331,48243144042,91553439373,-4932848711
20200716,"14:35:01","SH","NB",33472437975,36351852741,69824290716,-2879414766
20200716,"14:35:01","SZ","NB",43639522923,48436831327,92076354250,-4797308404
20200716,"14:36:01","SH","NB",33707345266,36544657325,70252002591,-2837312059
20200716,"14:36:01","SZ","NB",43920581457,48672112632,92592694089,-4751531175
20200716,"14:37:01","SZ","NB",44243273871,48855256370,93098530241,-4611982499
20200716,"14:37:01","SH","NB",33964649584,36707470950,70672120534,-2742821366
20200716,"14:38:01","SH","NB",34273442314,36876533654,71149975968,-2603091340
20200716,"14:38:01","SZ","NB",44629452103,49026493144,93655945247,-4397041041
20200716,"14:39:01","SH","NB",34453071281,36976573492,71429644773,-2523502211
20200716,"14:39:01","SZ","NB",44833937435,49147154185,93981091620,-4313216750
20200716,"14:40:01","SH","NB",34669781867,37090639754,71760421621,-2420857887
20200716,"14:40:01","SZ","NB",45014921516,49267401189,94282322705,-4252479673
20200716,"14:41:01","SH","NB",34980251557,37222429745,72202681302,-2242178188
20200716,"14:41:01","SZ","NB",45290480601,49422662187,94713142788,-4132181586
20200716,"14:42:01","SH","NB",35090372195,37393166721,72483538916,-2302794526
20200716,"14:42:01","SZ","NB",45409104965,49596098908,95005203873,-4186993943
20200716,"14:43:01","SH","NB",35218186135,37618467334,72836653469,-2400281199
20200716,"14:43:01","SZ","NB",45575437891,49813629127,95389067018,-4238191236
20200716,"14:44:01","SH","NB",35324443744,37886776274,73211220018,-2562332530
20200716,"14:44:01","SZ","NB",45685004640,50045768043,95730772683,-4360763403
20200716,"14:45:01","SZ","NB",45806082947,50183630524,95989713471,-4377547577
20200716,"14:45:01","SH","NB",35435342073,38040106972,73475449045,-2604764899
20200716,"14:46:01","SH","NB",35677235010,38139568929,73816803939,-2462333919
20200716,"14:46:01","SZ","NB",45991290501,50285122355,96276412856,-4293831854
20200716,"14:47:01","SH","NB",35812325596,38309124353,74121449949,-2496798757
20200716,"14:47:01","SZ","NB",46143783926,50426273280,96570057206,-4282489354
20200716,"14:48:01","SZ","NB",46284010987,50619443020,96903454007,-4335432033
20200716,"14:48:01","SH","NB",35902089587,38504517342,74406606929,-2602427755
20200716,"14:49:01","SH","NB",36018611448,38672209691,74690821139,-2653598243
20200716,"14:49:01","SZ","NB",46438173167,50845230872,97283404039,-4407057705
20200716,"14:50:01","SH","NB",36216975911,38840141390,75057117301,-2623165479
20200716,"14:50:01","SZ","NB",46621416767,51030122130,97651538897,-4408705363
20200716,"14:51:01","SH","NB",36419941624,38981629108,75401570732,-2561687484
20200716,"14:51:01","SZ","NB",46832218710,51214276927,98046495637,-4382058217
20200716,"14:52:01","SH","NB",36593781964,39216473802,75810255766,-2622691838
20200716,"14:52:01","SZ","NB",46993943751,51424387637,98418331388,-4430443886
20200716,"14:53:01","SZ","NB",47170043140,51651465824,98821508964,-4481422684
20200716,"14:53:01","SH","NB",36783860270,39400746784,76184607054,-2616886514
20200716,"14:54:01","SH","NB",37000758767,39596073602,76596832369,-2595314835
20200716,"14:54:01","SZ","NB",47344225680,51902511180,99246736860,-4558285500
20200716,"14:55:01","SH","NB",37236785412,39819412146,77056197558,-2582626734
20200716,"14:55:01","SZ","NB",47512469224,52092251402,99604720626,-4579782178
20200716,"14:56:01","SH","NB",37445271512,39973292654,77418564166,-2528021142
20200716,"14:56:01","SZ","NB",47703603454,52282260808,99985864262,-4578657354
20200716,"14:57:01","SH","NB",37599535377,40133658935,77733194312,-2534123558
20200716,"14:57:01","SZ","NB",47856414618,52453555260,100309969878,-4597140642
20200716,"14:58:01","SH","NB",37604876534,40140642757,77745519291,-2535766223
20200716,"14:58:01","SZ","NB",47858561948,52456804760,100315366708,-4598242812
20200716,"15:00:01","SZ","NB",47914486885,52550169990,100464656875,-4635683105
20200716,"15:01:01","SH","NB",38228652071,40600331685,78828983756,-2371679614
20200716,"15:01:01","SZ","NB",48328192432,52876866601,101205059033,-4548674169
