dataDate,dataTime,connectMarket,tradeDirection,buyTurnover,sellTurnover,totalTurnover,netTurnover
20200221,"09:30:01","SH","NB",87591846,200521514,288113360,-112929668
20200221,"09:30:01","SZ","NB",185194889,174655058,359849947,10539831
20200221,"09:31:01","SH","NB",334931520,423956802,758888322,-89025282
20200221,"09:31:01","SZ","NB",680160106,496299149,1176459255,183860957
20200221,"09:32:01","SH","NB",573412954,613923851,1187336805,-40510897
20200221,"09:32:01","SZ","NB",1098330329,793208930,1891539259,305121399
20200221,"09:33:01","SH","NB",753788562,834631553,1588420115,-80842991
20200221,"09:33:01","SZ","NB",1439416823,1044771026,2484187849,394645797
20200221,"09:34:01","SZ","NB",1802585035,1429534265,3232119300,373050770
20200221,"09:34:01","SH","NB",990919856,1085733856,2076653712,-94814000
20200221,"09:35:01","SH","NB",1272654336,1245594555,2518248891,27059781
20200221,"09:35:01","SZ","NB",2280666852,1779888721,4060555573,500778131
20200221,"09:36:01","SH","NB",1491719692,1451141206,2942860898,40578486
20200221,"09:36:01","SZ","NB",2616443500,2120059566,4736503066,496383934
20200221,"09:37:01","SH","NB",1642529043,1828684533,3471213576,-186155490
20200221,"09:37:01","SZ","NB",2945786239,2731198293,5676984532,214587946
20200221,"09:38:01","SH","NB",1764207521,1979179151,3743386672,-214971630
20200221,"09:38:01","SZ","NB",3277390007,2911852663,6189242670,365537344
20200221,"09:39:01","SZ","NB",3538600711,3178917514,6717518225,359683197
20200221,"09:39:01","SH","NB",1889230158,2114859221,4004089379,-225629063
20200221,"09:40:01","SH","NB",1998173460,2212078189,4210251649,-213904729
20200221,"09:40:01","SZ","NB",3830179466,3367187153,7197366619,462992313
20200221,"09:41:01","SH","NB",2175296828,2440872720,4616169548,-265575892
20200221,"09:41:01","SZ","NB",4258145734,3689906531,7948052265,568239203
20200221,"09:42:01","SH","NB",2300142867,2586991706,4887134573,-286848839
20200221,"09:42:01","SZ","NB",4543262945,3875885961,8419148906,667376984
20200221,"09:43:01","SH","NB",2416862692,2766593519,5183456211,-349730827
20200221,"09:43:01","SZ","NB",4755073054,4107022147,8862095201,648050907
20200221,"09:44:01","SH","NB",2533938377,3141081090,5675019467,-607142713
20200221,"09:44:01","SZ","NB",4919744389,4384337406,9304081795,535406983
20200221,"09:45:01","SH","NB",2676717405,3294806253,5971523658,-618088848
20200221,"09:45:01","SZ","NB",5236748836,4543262695,9780011531,693486141
20200221,"09:46:01","SH","NB",2888807138,3461540374,6350347512,-572733236
20200221,"09:46:01","SZ","NB",5650340338,4800537739,10450878077,849802599
20200221,"09:47:01","SH","NB",3002536828,3557903084,6560439912,-555366256
20200221,"09:47:01","SZ","NB",5846199787,4956384979,10802584766,889814808
20200221,"09:48:01","SH","NB",3085985839,3653189128,6739174967,-567203289
20200221,"09:48:01","SZ","NB",6024859626,5117818859,11142678485,907040767
20200221,"09:49:01","SZ","NB",6177758700,5400618753,11578377453,777139947
20200221,"09:49:01","SH","NB",3147955621,3824325503,6972281124,-676369882
20200221,"09:50:01","SH","NB",3214818708,3965025589,7179844297,-750206881
20200221,"09:50:01","SZ","NB",6339565782,5573082068,11912647850,766483714
20200221,"09:51:01","SH","NB",3360221142,4124187374,7484408516,-763966232
20200221,"09:51:01","SZ","NB",6697292771,5810465946,12507758717,886826825
20200221,"09:52:01","SH","NB",3475049147,4213421912,7688471059,-738372765
20200221,"09:52:01","SZ","NB",6915099923,5937760591,12852860514,977339332
20200221,"09:53:01","SH","NB",3556414756,4334898578,7891313334,-778483822
20200221,"09:53:01","SZ","NB",7054967953,6125735248,13180703201,929232705
20200221,"09:54:01","SH","NB",3626640456,4552831284,8179471740,-926190828
20200221,"09:54:01","SZ","NB",7215264155,6367722885,13582987040,847541270
20200221,"09:55:01","SH","NB",3694619252,4688953229,8383572481,-994333977
20200221,"09:55:01","SZ","NB",7349815614,6564948098,13914763712,784867516
20200221,"09:56:01","SH","NB",3797561000,4891020489,8688581489,-1093459489
20200221,"09:56:01","SZ","NB",7596964040,6885499396,14482463436,711464644
20200221,"09:57:01","SZ","NB",7803558111,7011433003,14814991114,792125108
20200221,"09:57:01","SH","NB",3903802029,4994129530,8897931559,-1090327501
20200221,"09:58:01","SH","NB",4047911645,5077717523,9125629168,-1029805878
20200221,"09:58:01","SZ","NB",8085621940,7095686527,15181308467,989935413
20200221,"09:59:01","SH","NB",4113504770,5143986898,9257491668,-1030482128
20200221,"09:59:01","SZ","NB",8228547860,7222849657,15451397517,1005698203
20200221,"10:00:01","SH","NB",4212122508,5307020171,9519142679,-1094897663
20200221,"10:00:01","SZ","NB",8331649383,7475992573,15807641956,855656810
20200221,"10:01:01","SH","NB",4302771076,5561532647,9864303723,-1258761571
20200221,"10:01:01","SZ","NB",8554752780,7803142064,16357894844,751610716
20200221,"10:02:01","SH","NB",4440337396,5688198909,10128536305,-1247861513
20200221,"10:02:01","SZ","NB",8944777985,7929028626,16873806611,1015749359
20200221,"10:03:01","SH","NB",4528169263,5772962400,10301131663,-1244793137
20200221,"10:03:01","SZ","NB",9154477406,8038059552,17192536958,1116417854
20200221,"10:04:01","SH","NB",4577941015,5870139896,10448080911,-1292198881
20200221,"10:04:01","SZ","NB",9273083791,8187648792,17460732583,1085434999
20200221,"10:05:01","SZ","NB",9456393436,8287855407,17744248843,1168538029
20200221,"10:05:01","SH","NB",4640347592,5958789380,10599136972,-1318441788
20200221,"10:06:01","SH","NB",4700983035,6034556024,10735539059,-1333572989
20200221,"10:06:01","SZ","NB",9609985048,8376734675,17986719723,1233250373
20200221,"10:07:01","SH","NB",4771436764,6106805936,10878242700,-1335369172
20200221,"10:07:01","SZ","NB",9759560495,8512253585,18271814080,1247306910
20200221,"10:08:01","SH","NB",4847093386,6169909698,11017003084,-1322816312
20200221,"10:08:01","SZ","NB",9912370542,8619560513,18531931055,1292810029
20200221,"10:09:01","SZ","NB",10017680889,8852609740,18870290629,1165071149
20200221,"10:09:01","SH","NB",4899060671,6259784394,11158845065,-1360723723
20200221,"10:10:01","SH","NB",4981438797,6319328590,11300767387,-1337889793
20200221,"10:10:01","SZ","NB",10136023044,9006829813,19142852857,1129193231
20200221,"10:11:01","SH","NB",5162042581,6406955532,11568998113,-1244912951
20200221,"10:11:01","SZ","NB",10495415683,9165708882,19661124565,1329706801
20200221,"10:12:01","SH","NB",5234284723,6519787185,11754071908,-1285502462
20200221,"10:12:01","SZ","NB",10619106095,9378093002,19997199097,1241013093
20200221,"10:13:01","SH","NB",5296365814,6601659903,11898025717,-1305294089
20200221,"10:13:01","SZ","NB",10743682481,9527438374,20271120855,1216244107
20200221,"10:14:01","SH","NB",5370224116,6661736296,12031960412,-1291512180
20200221,"10:14:01","SZ","NB",10873327419,9617912382,20491239801,1255415037
20200221,"10:15:01","SH","NB",5437636754,6735082173,12172718927,-1297445419
20200221,"10:15:01","SZ","NB",10955845410,9765223365,20721068775,1190622045
20200221,"10:16:01","SH","NB",5523647986,6834417943,12358065929,-1310769957
20200221,"10:16:01","SZ","NB",11044748345,9928441245,20973189590,1116307100
20200221,"10:17:01","SZ","NB",11121474812,10219854344,21341329156,901620468
20200221,"10:17:01","SH","NB",5574040276,7041886123,12615926399,-1467845847
20200221,"10:18:01","SH","NB",5625708812,7194161250,12819870062,-1568452438
20200221,"10:18:01","SZ","NB",11196214421,10387076095,21583290516,809138326
20200221,"10:19:01","SH","NB",5690740014,7256251269,12946991283,-1565511255
20200221,"10:19:01","SZ","NB",11344649571,10504660533,21849310104,839989038
20200221,"10:20:01","SH","NB",5733229539,7348569811,13081799350,-1615340272
20200221,"10:20:01","SZ","NB",11423461612,10641319467,22064781079,782142145
20200221,"10:21:01","SH","NB",5804471104,7470923875,13275394979,-1666452771
20200221,"10:21:01","SZ","NB",11580596383,10824473728,22405070111,756122655
20200221,"10:22:01","SH","NB",5853923170,7653823348,13507746518,-1799900178
20200221,"10:22:01","SZ","NB",11655823202,11001776026,22657599228,654047176
20200221,"10:23:01","SH","NB",5922339689,7734132132,13656471821,-1811792443
20200221,"10:23:01","SZ","NB",11810304614,11076555814,22886860428,733748800
20200221,"10:24:01","SH","NB",5993077948,7789980387,13783058335,-1796902439
20200221,"10:24:01","SZ","NB",11942622665,11149048834,23091671499,793573831
20200221,"10:25:01","SZ","NB",12023740724,11243388467,23267129191,780352257
20200221,"10:25:01","SH","NB",6042416242,7859996962,13902413204,-1817580720
20200221,"10:26:01","SH","NB",6081502672,7979198257,14060700929,-1897695585
20200221,"10:26:01","SZ","NB",12088519360,11360442587,23448961947,728076773
20200221,"10:27:01","SH","NB",6123602986,8055849613,14179452599,-1932246627
20200221,"10:27:01","SZ","NB",12174913292,11466879266,23641792558,708034026
20200221,"10:28:01","SH","NB",6165843254,8113005305,14278848559,-1947162051
20200221,"10:28:01","SZ","NB",12251422897,11538883630,23790306527,712539267
20200221,"10:29:01","SH","NB",6202712248,8204908710,14407620958,-2002196462
20200221,"10:29:01","SZ","NB",12326110516,11649260563,23975371079,676849953
20200221,"10:30:01","SZ","NB",12381805672,11725375382,24107181054,656430290
20200221,"10:30:01","SH","NB",6231270781,8274511950,14505782731,-2043241169
20200221,"10:31:01","SH","NB",6284013890,8434770359,14718784249,-2150756469
20200221,"10:31:01","SZ","NB",12529216235,11938360039,24467576274,590856196
20200221,"10:32:01","SH","NB",6387347373,8486218826,14873566199,-2098871453
20200221,"10:32:01","SZ","NB",12726871949,12011016900,24737888849,715855049
20200221,"10:33:01","SH","NB",6495464328,8534651008,15030115336,-2039186680
20200221,"10:33:01","SZ","NB",12893167338,12090176667,24983344005,802990671
20200221,"10:34:01","SH","NB",6562471085,8583704943,15146176028,-2021233858
20200221,"10:34:01","SZ","NB",13003176055,12144991408,25148167463,858184647
20200221,"10:35:01","SH","NB",6592106906,8646113249,15238220155,-2054006343
20200221,"10:35:01","SZ","NB",13065042156,12232998218,25298040374,832043938
20200221,"10:36:01","SH","NB",6637206041,8687896416,15325102457,-2050690375
20200221,"10:36:01","SZ","NB",13173486717,12297539953,25471026670,875946764
20200221,"10:37:01","SH","NB",6691057463,8721125672,15412183135,-2030068209
20200221,"10:37:01","SZ","NB",13311077971,12361916930,25672994901,949161041
20200221,"10:38:01","SZ","NB",13410116929,12437060125,25847177054,973056804
20200221,"10:38:01","SH","NB",6724583609,8761390606,15485974215,-2036806997
20200221,"10:39:01","SH","NB",6762193782,8819520113,15581713895,-2057326331
20200221,"10:39:01","SZ","NB",13468793823,12528717254,25997511077,940076569
20200221,"10:40:01","SH","NB",6816481650,8853937569,15670419219,-2037455919
20200221,"10:40:01","SZ","NB",13527056841,12576531976,26103588817,950524865
20200221,"10:41:01","SH","NB",6935816147,8914597974,15850414121,-1978781827
20200221,"10:41:01","SZ","NB",13768436204,12696658948,26465095152,1071777256
20200221,"10:42:01","SH","NB",6992018034,8967738837,15959756871,-1975720803
20200221,"10:42:01","SZ","NB",13830341133,12795821574,26626162707,1034519559
20200221,"10:43:01","SH","NB",7041877224,9087182893,16129060117,-2045305669
20200221,"10:43:01","SZ","NB",13891155384,12958950255,26850105639,932205129
20200221,"10:44:01","SH","NB",7080024738,9140397506,16220422244,-2060372768
20200221,"10:44:01","SZ","NB",13943343092,13029427123,26972770215,913915969
20200221,"10:45:01","SH","NB",7106035707,9192006099,16298041806,-2085970392
20200221,"10:45:01","SZ","NB",13996996426,13098891969,27095888395,898104457
20200221,"10:46:01","SH","NB",7142147509,9248150475,16390297984,-2106002966
20200221,"10:46:01","SZ","NB",14049553831,13170633224,27220187055,878920607
20200221,"10:47:01","SH","NB",7179221659,9315739236,16494960895,-2136517577
20200221,"10:47:01","SZ","NB",14088693275,13225324510,27314017785,863368765
20200221,"10:48:01","SZ","NB",14169054180,13286499291,27455553471,882554889
20200221,"10:48:01","SH","NB",7220816662,9377415139,16598231801,-2156598477
20200221,"10:49:01","SH","NB",7260859649,9421104082,16681963731,-2160244433
20200221,"10:49:01","SZ","NB",14240004316,13349579447,27589583763,890424869
20200221,"10:50:01","SH","NB",7296960478,9458832539,16755793017,-2161872061
20200221,"10:50:01","SZ","NB",14300824894,13391201016,27692025910,909623878
20200221,"10:51:01","SH","NB",7362220074,9516872283,16879092357,-2154652209
20200221,"10:51:01","SZ","NB",14446601325,13507396426,27953997751,939204899
20200221,"10:52:01","SZ","NB",14504546148,13590337573,28094883721,914208575
20200221,"10:52:01","SH","NB",7405634959,9585266982,16990901941,-2179632023
20200221,"10:53:01","SH","NB",7440496069,9715489956,17155986025,-2274993887
20200221,"10:53:01","SZ","NB",14551145692,13715898824,28267044516,835246868
20200221,"10:54:01","SH","NB",7468292005,9777064440,17245356445,-2308772435
20200221,"10:54:01","SZ","NB",14601600920,13784798139,28386399059,816802781
20200221,"10:55:01","SZ","NB",14649794820,13839064475,28488859295,810730345
20200221,"10:55:01","SH","NB",7497148809,9821311457,17318460266,-2324162648
20200221,"10:56:01","SH","NB",7537075715,9969918194,17506993909,-2432842479
20200221,"10:56:01","SZ","NB",14690036813,13966512304,28656549117,723524509
20200221,"10:57:01","SH","NB",7567930106,10019966905,17587897011,-2452036799
20200221,"10:57:01","SZ","NB",14735224297,14046662204,28781886501,688562093
20200221,"10:58:01","SH","NB",7609784458,10057194794,17666979252,-2447410336
20200221,"10:58:01","SZ","NB",14813108022,14094128385,28907236407,718979637
20200221,"10:59:01","SH","NB",7634820279,10083891543,17718711822,-2449071264
20200221,"10:59:01","SZ","NB",14845946156,14139206916,28985153072,706739240
20200221,"11:00:01","SH","NB",7670101309,10116534812,17786636121,-2446433503
20200221,"11:00:01","SZ","NB",14912220857,14175017391,29087238248,737203466
20200221,"11:01:01","SZ","NB",15003126476,14282626329,29285752805,720500147
20200221,"11:01:01","SH","NB",7715599955,10179668855,17895268810,-2464068900
20200221,"11:02:01","SH","NB",7746028867,10233484437,17979513304,-2487455570
20200221,"11:02:01","SZ","NB",15074835867,14352996887,29427832754,721838980
20200221,"11:03:01","SH","NB",7772150307,10279611523,18051761830,-2507461216
20200221,"11:03:01","SZ","NB",15129314259,14412869296,29542183555,716444963
20200221,"11:04:01","SH","NB",7847007714,10328062961,18175070675,-2481055247
20200221,"11:04:01","SZ","NB",15306871012,14462187904,29769058916,844683108
20200221,"11:05:01","SH","NB",7883766733,10361633435,18245400168,-2477866702
20200221,"11:05:01","SZ","NB",15369229691,14508462929,29877692620,860766762
20200221,"11:06:01","SH","NB",7923227485,10393151575,18316379060,-2469924090
20200221,"11:06:01","SZ","NB",15423943974,14571371228,29995315202,852572746
20200221,"11:07:01","SH","NB",7985356974,10430667888,18416024862,-2445310914
20200221,"11:07:01","SZ","NB",15491805231,14623632892,30115438123,868172339
20200221,"11:08:01","SZ","NB",15547499526,14659471950,30206971476,888027576
20200221,"11:08:01","SH","NB",8018389779,10458281081,18476670860,-2439891302
20200221,"11:09:01","SH","NB",8045650187,10484182555,18529832742,-2438532368
20200221,"11:09:01","SZ","NB",15594700619,14711667415,30306368034,883033204
20200221,"11:10:01","SH","NB",8074596070,10513530365,18588126435,-2438934295
20200221,"11:10:01","SZ","NB",15642869581,14756052006,30398921587,886817575
20200221,"11:11:01","SH","NB",8127364507,10579467041,18706831548,-2452102534
20200221,"11:11:01","SZ","NB",15709182713,14860522246,30569704959,848660467
20200221,"11:12:01","SH","NB",8160612118,10611534954,18772147072,-2450922836
20200221,"11:12:01","SZ","NB",15754303435,14903007192,30657310627,851296243
20200221,"11:13:01","SZ","NB",15933606389,14940129273,30873735662,993477116
20200221,"11:13:01","SH","NB",8233606212,10643588836,18877195048,-2409982624
20200221,"11:14:01","SH","NB",8270401719,10682386484,18952788203,-2411984765
20200221,"11:14:01","SZ","NB",16011597767,14994966488,31006564255,1016631279
20200221,"11:15:01","SH","NB",8304908800,10727283135,19032191935,-2422374335
20200221,"11:15:01","SZ","NB",16055723327,15064072053,31119795380,991651274
20200221,"11:16:01","SH","NB",8336547121,10764916088,19101463209,-2428368967
20200221,"11:16:01","SZ","NB",16103285240,15102257229,31205542469,1001028011
20200221,"11:17:01","SH","NB",8375433207,10793733974,19169167181,-2418300767
20200221,"11:17:01","SZ","NB",16178201803,15146809841,31325011644,1031391962
20200221,"11:18:01","SH","NB",8403538944,10820874199,19224413143,-2417335255
20200221,"11:18:01","SZ","NB",16230875710,15210110430,31440986140,1020765280
20200221,"11:19:01","SH","NB",8438953292,10851891011,19290844303,-2412937719
20200221,"11:19:01","SZ","NB",16266229084,15272933040,31539162124,993296044
20200221,"11:20:01","SH","NB",8471548064,10875301101,19346849165,-2403753037
20200221,"11:20:01","SZ","NB",16301502114,15327727314,31629229428,973774800
20200221,"11:21:01","SH","NB",8515129458,10945053461,19460182919,-2429924003
20200221,"11:21:01","SZ","NB",16363690146,15444638225,31808328371,919051921
20200221,"11:22:01","SZ","NB",16390683981,15513122873,31903806854,877561108
20200221,"11:22:01","SH","NB",8548766672,10981114479,19529881151,-2432347807
20200221,"11:23:01","SH","NB",8582053381,11015660450,19597713831,-2433607069
20200221,"11:23:01","SZ","NB",16432901507,15560790197,31993691704,872111310
20200221,"11:24:01","SH","NB",8668530443,11046437288,19714967731,-2377906845
20200221,"11:24:01","SZ","NB",16567853326,15596321052,32164174378,971532274
20200221,"11:25:01","SH","NB",8714181729,11075642861,19789824590,-2361461132
20200221,"11:25:01","SZ","NB",16636666176,15647409632,32284075808,989256544
20200221,"11:26:01","SH","NB",8744104715,11102389677,19846494392,-2358284962
20200221,"11:26:01","SZ","NB",16684872378,15691452714,32376325092,993419664
20200221,"11:27:01","SH","NB",8779575640,11126255536,19905831176,-2346679896
20200221,"11:27:01","SZ","NB",16720173661,15731682196,32451855857,988491465
20200221,"11:28:01","SH","NB",8892357438,11155058935,20047416373,-2262701497
20200221,"11:28:01","SZ","NB",16803079021,15775750621,32578829642,1027328400
20200221,"11:29:01","SH","NB",8996529960,11184084973,20180614933,-2187555013
20200221,"11:29:01","SZ","NB",16885806309,15814219310,32700025619,1071586999
20200221,"11:30:01","SZ","NB",16963162351,15851130836,32814293187,1112031515
20200221,"11:30:01","SH","NB",9110753913,11213220092,20323974005,-2102466179
20200221,"11:31:01","SH","NB",9111189966,11213310542,20324500508,-2102120576
20200221,"11:31:01","SZ","NB",16963240439,15851221501,32814461940,1112018938
20200221,"13:00:01","SZ","NB",16971304732,15860413568,32831718300,1110891164
20200221,"13:01:01","SH","NB",9356374367,11396956604,20753330971,-2040582237
20200221,"13:01:01","SZ","NB",17286777411,16054487361,33341264772,1232290050
20200221,"13:02:01","SH","NB",9495184031,11528848518,21024032549,-2033664487
20200221,"13:02:01","SZ","NB",17382175816,16207655183,33589830999,1174520633
20200221,"13:03:01","SH","NB",9573950743,11591514254,21165464997,-2017563511
20200221,"13:03:01","SZ","NB",17467066905,16276786199,33743853104,1190280706
20200221,"13:04:01","SZ","NB",17573488215,16357484267,33930972482,1216003948
20200221,"13:04:01","SH","NB",9731234901,11664756838,21395991739,-1933521937
20200221,"13:05:01","SH","NB",9804742622,11794443438,21599186060,-1989700816
20200221,"13:05:01","SZ","NB",17640568982,16519974555,34160543537,1120594427
20200221,"13:06:01","SH","NB",9859968028,11868177837,21728145865,-2008209809
20200221,"13:06:01","SZ","NB",17696194683,16658212349,34354407032,1037982334
20200221,"13:07:01","SH","NB",9924262489,11933958054,21858220543,-2009695565
20200221,"13:07:01","SZ","NB",17783028614,16740906205,34523934819,1042122409
20200221,"13:08:01","SH","NB",10001539685,11977419066,21978958751,-1975879381
20200221,"13:08:01","SZ","NB",17853428066,16808397427,34661825493,1045030639
20200221,"13:09:01","SZ","NB",17906854486,16887117836,34793972322,1019736650
20200221,"13:09:01","SH","NB",10055537931,12031719494,22087257425,-1976181563
20200221,"13:10:01","SH","NB",10111421333,12085200600,22196621933,-1973779267
20200221,"13:10:01","SZ","NB",17964336231,16969411243,34933747474,994924988
20200221,"13:11:01","SH","NB",10280620053,12175298934,22455918987,-1894678881
20200221,"13:11:01","SZ","NB",18157020498,17109530260,35266550758,1047490238
20200221,"13:12:01","SH","NB",10355656266,12231788641,22587444907,-1876132375
20200221,"13:12:01","SZ","NB",18233654553,17186599301,35420253854,1047055252
20200221,"13:13:01","SH","NB",10621836494,12309894581,22931731075,-1688058087
20200221,"13:13:01","SZ","NB",18442157208,17250851470,35693008678,1191305738
20200221,"13:14:01","SH","NB",10766969896,12443339171,23210309067,-1676369275
20200221,"13:14:01","SZ","NB",18550027583,17390488598,35940516181,1159538985
20200221,"13:15:01","SH","NB",10813524463,12563626059,23377150522,-1750101596
20200221,"13:15:01","SZ","NB",18605538355,17534657450,36140195805,1070880905
20200221,"13:16:01","SH","NB",10867742984,12636853416,23504596400,-1769110432
20200221,"13:16:01","SZ","NB",18653088688,17653327496,36306416184,999761192
20200221,"13:17:01","SH","NB",10919775408,12695845440,23615620848,-1776070032
20200221,"13:17:01","SZ","NB",18693074198,17743314393,36436388591,949759805
20200221,"13:18:01","SH","NB",10962560446,12762321408,23724881854,-1799760962
20200221,"13:18:01","SZ","NB",18757366633,17808395163,36565761796,948971470
20200221,"13:19:01","SZ","NB",18808827428,17893212788,36702040216,915614640
20200221,"13:19:01","SH","NB",11003424304,12817885053,23821309357,-1814460749
20200221,"13:20:01","SH","NB",11048373175,12910462071,23958835246,-1862088896
20200221,"13:20:01","SZ","NB",18862026404,17997240425,36859266829,864785979
20200221,"13:21:01","SH","NB",11154720727,12993645430,24148366157,-1838924703
20200221,"13:21:01","SZ","NB",19019811958,18096510594,37116322552,923301364
20200221,"13:22:01","SH","NB",11197839851,13057460847,24255300698,-1859620996
20200221,"13:22:01","SZ","NB",19079405642,18183769523,37263175165,895636119
20200221,"13:23:01","SH","NB",11238853329,13140320564,24379173893,-1901467235
20200221,"13:23:01","SZ","NB",19122606123,18294413309,37417019432,828192814
20200221,"13:24:01","SH","NB",11270671589,13191987435,24462659024,-1921315846
20200221,"13:24:01","SZ","NB",19179477008,18368690368,37548167376,810786640
20200221,"13:25:01","SH","NB",11311455329,13276051242,24587506571,-1964595913
20200221,"13:25:01","SZ","NB",19234696362,18439663863,37674360225,795032499
20200221,"13:26:01","SH","NB",11360925613,13328441420,24689367033,-1967515807
20200221,"13:26:01","SZ","NB",19306984651,18497310038,37804294689,809674613
20200221,"13:27:01","SH","NB",11434857677,13366168293,24801025970,-1931310616
20200221,"13:27:01","SZ","NB",19417897773,18543488785,37961386558,874408988
20200221,"13:28:01","SZ","NB",19462302775,18629136270,38091439045,833166505
20200221,"13:28:01","SH","NB",11488743521,13423350756,24912094277,-1934607235
20200221,"13:29:01","SH","NB",11526786011,13492452190,25019238201,-1965666179
20200221,"13:29:01","SZ","NB",19503735752,18717776969,38221512721,785958783
20200221,"13:30:01","SH","NB",11555927167,13545286193,25101213360,-1989359026
20200221,"13:30:01","SZ","NB",19547849979,18781078627,38328928606,766771352
20200221,"13:31:01","SH","NB",11614909760,13679315574,25294225334,-2064405814
20200221,"13:31:01","SZ","NB",19627427335,18968667234,38596094569,658760101
20200221,"13:32:01","SH","NB",11674669881,13744979903,25419649784,-2070310022
20200221,"13:32:01","SZ","NB",19730000714,19072775274,38802775988,657225440
20200221,"13:33:01","SH","NB",11750055717,13796489349,25546545066,-2046433632
20200221,"13:33:01","SZ","NB",19833824229,19142332022,38976156251,691492207
20200221,"13:34:01","SZ","NB",19909805165,19212454050,39122259215,697351115
20200221,"13:34:01","SH","NB",11799631195,13842703210,25642334405,-2043072015
20200221,"13:35:01","SH","NB",11848615670,13894011373,25742627043,-2045395703
20200221,"13:35:01","SZ","NB",20076914768,19271463713,39348378481,805451055
20200221,"13:36:01","SH","NB",11898780959,13917702134,25816483093,-2018921175
20200221,"13:36:01","SZ","NB",20179144615,19345520068,39524664683,833624547
20200221,"13:37:01","SH","NB",11947458708,13947045941,25894504649,-1999587233
20200221,"13:37:01","SZ","NB",20265084038,19406397376,39671481414,858686662
20200221,"13:38:01","SH","NB",11980820249,13987595483,25968415732,-2006775234
20200221,"13:38:01","SZ","NB",20310279791,19475908339,39786188130,834371452
20200221,"13:39:01","SH","NB",12017509024,14031020045,26048529069,-2013511021
20200221,"13:39:01","SZ","NB",20362404510,19548695783,39911100293,813708727
20200221,"13:40:01","SH","NB",12049274692,14068165096,26117439788,-2018890404
20200221,"13:40:01","SZ","NB",20405230744,19616698207,40021928951,788532537
20200221,"13:41:01","SH","NB",12093697570,14199068125,26292765695,-2105370555
20200221,"13:41:01","SZ","NB",20476243808,19840990036,40317233844,635253772
20200221,"13:42:01","SZ","NB",20555293872,20134870412,40690164284,420423460
20200221,"13:42:01","SH","NB",12155144219,14431949862,26587094081,-2276805643
20200221,"13:43:01","SH","NB",12229250265,14519560612,26748810877,-2290310347
20200221,"13:43:01","SZ","NB",20671273118,20263334965,40934608083,407938153
20200221,"13:44:01","SH","NB",12311827818,14559225013,26871052831,-2247397195
20200221,"13:44:01","SZ","NB",20819895852,20323961351,41143857203,495934501
20200221,"13:45:01","SH","NB",12372294197,14592614680,26964908877,-2220320483
20200221,"13:45:01","SZ","NB",20913949514,20369716511,41283666025,544233003
20200221,"13:46:01","SH","NB",12414936278,14647331889,27062268167,-2232395611
20200221,"13:46:01","SZ","NB",20988093311,20427750112,41415843423,560343199
20200221,"13:47:01","SH","NB",12462138333,14681323313,27143461646,-2219184980
20200221,"13:47:01","SZ","NB",21072411641,20472745121,41545156762,599666520
20200221,"13:48:01","SZ","NB",21116788492,20518430643,41635219135,598357849
20200221,"13:48:01","SH","NB",12502537115,14719248552,27221785667,-2216711437
20200221,"13:49:01","SH","NB",12545164780,14781741529,27326906309,-2236576749
20200221,"13:49:01","SZ","NB",21177546520,20611805175,41789351695,565741345
20200221,"13:50:01","SH","NB",12582070907,14828354168,27410425075,-2246283261
20200221,"13:50:01","SZ","NB",21236657007,20682918783,41919575790,553738224
20200221,"13:51:01","SH","NB",12626374988,14881836530,27508211518,-2255461542
20200221,"13:51:01","SZ","NB",21341064756,20807140487,42148205243,533924269
20200221,"13:52:01","SH","NB",12668006078,14936260875,27604266953,-2268254797
20200221,"13:52:01","SZ","NB",21421350204,20911415161,42332765365,509935043
20200221,"13:53:01","SH","NB",12714200120,15017830545,27732030665,-2303630425
20200221,"13:53:01","SZ","NB",21486405755,21052735549,42539141304,433670206
20200221,"13:54:01","SH","NB",12776931748,15067569055,27844500803,-2290637307
20200221,"13:54:01","SZ","NB",21619161180,21155492201,42774653381,463668979
20200221,"13:55:01","SH","NB",12855516700,15117913913,27973430613,-2262397213
20200221,"13:55:01","SZ","NB",21752165708,21218183766,42970349474,533981942
20200221,"13:56:01","SZ","NB",21830729470,21265981928,43096711398,564747542
20200221,"13:56:01","SH","NB",12908391305,15147228584,28055619889,-2238837279
20200221,"13:57:01","SH","NB",12942367777,15178588565,28120956342,-2236220788
20200221,"13:57:01","SZ","NB",21888032747,21311675628,43199708375,576357119
20200221,"13:58:01","SH","NB",12981143056,15211572088,28192715144,-2230429032
20200221,"13:58:01","SZ","NB",21939573661,21355892729,43295466390,583680932
20200221,"13:59:01","SH","NB",13025041953,15244924617,28269966570,-2219882664
20200221,"13:59:01","SZ","NB",21996841216,21400574123,43397415339,596267093
20200221,"14:00:01","SH","NB",13061366177,15274080190,28335446367,-2212714013
20200221,"14:00:01","SZ","NB",22058745217,21436951182,43495696399,621794035
20200221,"14:01:01","SZ","NB",22144382778,21517480971,43661863749,626901807
20200221,"14:01:01","SH","NB",13114281032,15335529832,28449810864,-2221248800
20200221,"14:02:01","SH","NB",13154553421,15369090893,28523644314,-2214537472
20200221,"14:02:01","SZ","NB",22188616057,21571955979,43760572036,616660078
20200221,"14:03:01","SH","NB",13198229399,15404048910,28602278309,-2205819511
20200221,"14:03:01","SZ","NB",22243565442,21615395202,43858960644,628170240
20200221,"14:04:01","SH","NB",13302554766,15445732316,28748287082,-2143177550
20200221,"14:04:01","SZ","NB",22394568211,21670622767,44065190978,723945444
20200221,"14:05:01","SH","NB",13364811235,15490042210,28854853445,-2125230975
20200221,"14:05:01","SZ","NB",22497681182,21737169873,44234851055,760511309
20200221,"14:06:01","SH","NB",13393161862,15531965610,28925127472,-2138803748
20200221,"14:06:01","SZ","NB",22556458618,21803848068,44360306686,752610550
20200221,"14:07:01","SH","NB",13422721087,15571485698,28994206785,-2148764611
20200221,"14:07:01","SZ","NB",22593362555,21860390554,44453753109,732972001
20200221,"14:08:01","SH","NB",13467293250,15608950238,29076243488,-2141656988
20200221,"14:08:01","SZ","NB",22648314626,21920763795,44569078421,727550831
20200221,"14:09:01","SZ","NB",22697091375,21985030036,44682121411,712061339
20200221,"14:09:01","SH","NB",13498406643,15641587375,29139994018,-2143180732
20200221,"14:10:01","SH","NB",13522008967,15682100214,29204109181,-2160091247
20200221,"14:10:01","SZ","NB",22733030111,22036435668,44769465779,696594443
20200221,"14:11:01","SH","NB",13552557480,15767683578,29320241058,-2215126098
20200221,"14:11:01","SZ","NB",22806741018,22163863222,44970604240,642877796
20200221,"14:12:01","SH","NB",13616484067,15806539668,29423023735,-2190055601
20200221,"14:12:01","SZ","NB",22923593634,22205583698,45129177332,718009936
20200221,"14:13:01","SH","NB",13656767587,15836231224,29492998811,-2179463637
20200221,"14:13:01","SZ","NB",22983092676,22248260139,45231352815,734832537
20200221,"14:14:01","SH","NB",13689797737,15859814798,29549612535,-2170017061
20200221,"14:14:01","SZ","NB",23029422898,22283066957,45312489855,746355941
20200221,"14:15:01","SZ","NB",23195105575,22339048453,45534154028,856057122
20200221,"14:15:01","SH","NB",13816933854,15897859232,29714793086,-2080925378
20200221,"14:16:01","SH","NB",13872564065,15944746247,29817310312,-2072182182
20200221,"14:16:01","SZ","NB",23289914307,22403073323,45692987630,886840984
20200221,"14:17:01","SH","NB",13904964227,15983799170,29888763397,-2078834943
20200221,"14:17:01","SZ","NB",23339637700,22458278328,45797916028,881359372
20200221,"14:18:01","SH","NB",13927463772,16014683233,29942147005,-2087219461
20200221,"14:18:01","SZ","NB",23377647586,22508085688,45885733274,869561898
20200221,"14:19:01","SH","NB",13950345882,16047876183,29998222065,-2097530301
20200221,"14:19:01","SZ","NB",23417671494,22574354714,45992026208,843316780
20200221,"14:20:01","SH","NB",13975857962,16083182514,30059040476,-2107324552
20200221,"14:20:01","SZ","NB",23455033568,22624544988,46079578556,830488580
20200221,"14:21:01","SH","NB",14007757703,16133667641,30141425344,-2125909938
20200221,"14:21:01","SZ","NB",23530512438,22716762633,46247275071,813749805
20200221,"14:22:01","SH","NB",14037119719,16160962713,30198082432,-2123842994
20200221,"14:22:01","SZ","NB",23577514614,22766906648,46344421262,810607966
20200221,"14:23:01","SH","NB",14065785921,16201476361,30267262282,-2135690440
20200221,"14:23:01","SZ","NB",23628133533,22824978968,46453112501,803154565
20200221,"14:24:01","SZ","NB",23682951233,22878716920,46561668153,804234313
20200221,"14:24:01","SH","NB",14093510847,16237202062,30330712909,-2143691215
20200221,"14:25:01","SH","NB",14134061195,16267301109,30401362304,-2133239914
20200221,"14:25:01","SZ","NB",23750535892,22936412914,46686948806,814122978
20200221,"14:26:01","SH","NB",14159636500,16300400570,30460037070,-2140764070
20200221,"14:26:01","SZ","NB",23796564590,22996944326,46793508916,799620264
20200221,"14:27:01","SZ","NB",23863933809,23051874661,46915808470,812059148
20200221,"14:27:01","SH","NB",14188742984,16331648161,30520391145,-2142905177
20200221,"14:28:01","SH","NB",14230938363,16367595536,30598533899,-2136657173
20200221,"14:28:01","SZ","NB",23938991961,23102342855,47041334816,836649106
20200221,"14:29:01","SH","NB",14332430254,16404625952,30737056206,-2072195698
20200221,"14:29:01","SZ","NB",24047656334,23159147378,47206803712,888508956
20200221,"14:30:01","SH","NB",14381653433,16435033736,30816687169,-2053380303
20200221,"14:30:01","SZ","NB",24138213886,23213201484,47351415370,925012402
20200221,"14:31:01","SH","NB",14432392113,16503695951,30936088064,-2071303838
20200221,"14:31:01","SZ","NB",24255253531,23323575250,47578828781,931678281
20200221,"14:32:01","SH","NB",14469182583,16565473215,31034655798,-2096290632
20200221,"14:32:01","SZ","NB",24310845456,23412000667,47722846123,898844789
20200221,"14:33:01","SH","NB",14499019680,16614163118,31113182798,-2115143438
20200221,"14:33:01","SZ","NB",24374512323,23504648375,47879160698,869863948
20200221,"14:34:01","SH","NB",14540112993,16673202325,31213315318,-2133089332
20200221,"14:34:01","SZ","NB",24451918606,23582392022,48034310628,869526584
20200221,"14:35:01","SH","NB",14573832112,16729832841,31303664953,-2156000729
20200221,"14:35:01","SZ","NB",24520636380,23663277447,48183913827,857358933
20200221,"14:36:01","SZ","NB",24579089935,23727325477,48306415412,851764458
20200221,"14:36:01","SH","NB",14617219160,16772052013,31389271173,-2154832853
20200221,"14:37:01","SH","NB",14690793813,16831207313,31522001126,-2140413500
20200221,"14:37:01","SZ","NB",24697480347,23792824497,48490304844,904655850
20200221,"14:38:01","SH","NB",14745148820,16880876488,31626025308,-2135727668
20200221,"14:38:01","SZ","NB",24777794768,23858346749,48636141517,919448019
20200221,"14:39:01","SH","NB",14783302174,16933294908,31716597082,-2149992734
20200221,"14:39:01","SZ","NB",24836337221,23912030457,48748367678,924306764
20200221,"14:40:01","SH","NB",14825284771,16988689890,31813974661,-2163405119
20200221,"14:40:01","SZ","NB",24893302370,23978629598,48871931968,914672772
20200221,"14:41:01","SH","NB",14916685734,17057761522,31974447256,-2141075788
20200221,"14:41:01","SZ","NB",25015199240,24074845418,49090044658,940353822
20200221,"14:42:01","SH","NB",14961840565,17106140870,32067981435,-2144300305
20200221,"14:42:01","SZ","NB",25113610454,24151015916,49264626370,962594538
20200221,"14:43:01","SH","NB",15020477142,17170716048,32191193190,-2150238906
20200221,"14:43:01","SZ","NB",25182831069,24217494364,49400325433,965336705
20200221,"14:44:01","SZ","NB",25270402095,24292355800,49562757895,978046295
20200221,"14:44:01","SH","NB",15110887442,17230407379,32341294821,-2119519937
20200221,"14:45:01","SH","NB",15190674366,17287903642,32478578008,-2097229276
20200221,"14:45:01","SZ","NB",25346360148,24366389503,49712749651,979970645
20200221,"14:46:01","SH","NB",15266082659,17362188782,32628271441,-2096106123
20200221,"14:46:01","SZ","NB",25421371685,24439152707,49860524392,982218978
20200221,"14:47:01","SH","NB",15337139376,17428891979,32766031355,-2091752603
20200221,"14:47:01","SZ","NB",25480148074,24527806844,50007954918,952341230
20200221,"14:48:01","SH","NB",15388582187,17493991873,32882574060,-2105409686
20200221,"14:48:01","SZ","NB",25532668519,24610988319,50143656838,921680200
20200221,"14:49:01","SH","NB",15462634625,17559471492,33022106117,-2096836867
20200221,"14:49:01","SZ","NB",25628908665,24686914406,50315823071,941994259
20200221,"14:50:01","SH","NB",15546269475,17623941072,33170210547,-2077671597
20200221,"14:50:01","SZ","NB",25697153498,24759523459,50456676957,937630039
20200221,"14:51:01","SH","NB",15620516304,17736772532,33357288836,-2116256228
20200221,"14:51:01","SZ","NB",25797580413,24910827600,50708408013,886752813
20200221,"14:52:01","SZ","NB",25863299890,25009831580,50873131470,853468310
20200221,"14:52:01","SH","NB",15676079097,17800746438,33476825535,-2124667341
20200221,"14:53:01","SH","NB",15743570217,17891028090,33634598307,-2147457873
20200221,"14:53:01","SZ","NB",25939973950,25139231160,51079205110,800742790
20200221,"14:54:01","SH","NB",15831733502,17982924279,33814657781,-2151190777
20200221,"14:54:01","SZ","NB",26036301956,25243600784,51279902740,792701172
20200221,"14:55:01","SH","NB",15934291406,18045721974,33980013380,-2111430568
20200221,"14:55:01","SZ","NB",26146484328,25327843435,51474327763,818640893
20200221,"14:56:01","SH","NB",16022439798,18119011625,34141451423,-2096571827
20200221,"14:56:01","SZ","NB",26263967967,25444253325,51708221292,819714642
20200221,"14:57:01","SH","NB",16144556911,18199803280,34344360191,-2055246369
20200221,"14:57:01","SZ","NB",26387405374,25556111593,51943516967,831293781
20200221,"14:58:01","SH","NB",16144593360,18199959852,34344553212,-2055366492
20200221,"14:58:01","SZ","NB",26387489877,25556133841,51943623718,831356036
20200221,"15:00:01","SZ","NB",26538824277,25664386954,52203211231,874437323
20200221,"15:01:01","SH","NB",16361389487,18398229778,34759619265,-2036840291
20200221,"15:01:01","SZ","NB",26714285586,25797529689,52511815275,916755897
