dataDate,dataTime,connectMarket,tradeDirection,buyTurnover,sellTurnover,totalTurnover,netTurnover
20200529,"09:30:01","SH","NB",56677845,132616229,189294074,-75938384
20200529,"09:30:01","SZ","NB",103832094,99926706,203758800,3905388
20200529,"09:31:01","SH","NB",168893379,330402977,499296356,-161509598
20200529,"09:31:01","SZ","NB",307769818,318467483,626237301,-10697665
20200529,"09:32:01","SH","NB",336415875,549545161,885961036,-213129286
20200529,"09:32:01","SZ","NB",614015325,534378058,1148393383,79637267
20200529,"09:33:01","SH","NB",484900720,705139924,1190040644,-220239204
20200529,"09:33:01","SZ","NB",858114021,719626473,1577740494,138487548
20200529,"09:34:01","SH","NB",613358256,913822381,1527180637,-300464125
20200529,"09:34:01","SZ","NB",1069521093,990605006,2060126099,78916087
20200529,"09:35:01","SH","NB",726064117,1130324293,1856388410,-404260176
20200529,"09:35:01","SZ","NB",1284521807,1196138358,2480660165,88383449
20200529,"09:36:01","SH","NB",885657161,1300154562,2185811723,-414497401
20200529,"09:36:01","SZ","NB",1577352042,1355449102,2932801144,221902940
20200529,"09:37:01","SZ","NB",1809238730,1573113623,3382352353,236125107
20200529,"09:37:01","SH","NB",1018116383,1515413023,2533529406,-497296640
20200529,"09:38:01","SH","NB",1165641087,1612189727,2777830814,-446548640
20200529,"09:38:01","SZ","NB",2016610988,1715336673,3731947661,301274315
20200529,"09:39:01","SH","NB",1256822050,1693873686,2950695736,-437051636
20200529,"09:39:01","SZ","NB",2155812051,1832810045,3988622096,323002006
20200529,"09:40:01","SH","NB",1330316792,1839663332,3169980124,-509346540
20200529,"09:40:01","SZ","NB",2275766767,2018782741,4294549508,256984026
20200529,"09:41:01","SH","NB",1450191749,1923498591,3373690340,-473306842
20200529,"09:41:01","SZ","NB",2479106277,2128567569,4607673846,350538708
20200529,"09:42:01","SH","NB",1540112425,2034628425,3574740850,-494516000
20200529,"09:42:01","SZ","NB",2645276026,2323128239,4968404265,322147787
20200529,"09:43:01","SH","NB",1628805897,2109215545,3738021442,-480409648
20200529,"09:43:01","SZ","NB",2772798644,2430525262,5203323906,342273382
20200529,"09:44:01","SH","NB",1690755856,2194237833,3884993689,-503481977
20200529,"09:44:01","SZ","NB",2888236577,2534153166,5422389743,354083411
20200529,"09:45:01","SZ","NB",2987799309,2620450147,5608249456,367349162
20200529,"09:45:01","SH","NB",1750555649,2255257920,4005813569,-504702271
20200529,"09:46:01","SH","NB",1846848532,2329070970,4175919502,-482222438
20200529,"09:46:01","SZ","NB",3144155788,2738929955,5883085743,405225833
20200529,"09:47:01","SZ","NB",3268744365,2874836070,6143580435,393908295
20200529,"09:47:01","SH","NB",1910929075,2419820538,4330749613,-508891463
20200529,"09:48:01","SH","NB",2012734101,2479298532,4492032633,-466564431
20200529,"09:48:01","SZ","NB",3453323016,2945022077,6398345093,508300939
20200529,"09:49:01","SH","NB",2074998272,2530693720,4605691992,-455695448
20200529,"09:49:01","SZ","NB",3573855388,3039903510,6613758898,533951878
20200529,"09:50:01","SH","NB",2125382272,2607999733,4733382005,-482617461
20200529,"09:50:01","SZ","NB",3661771471,3137065370,6798836841,524706101
20200529,"09:51:01","SH","NB",2247360232,2666885887,4914246119,-419525655
20200529,"09:51:01","SZ","NB",3878738080,3246186907,7124924987,632551173
20200529,"09:52:01","SH","NB",2335246029,2765247134,5100493163,-430001105
20200529,"09:52:01","SZ","NB",3980859686,3360679966,7341539652,620179720
20200529,"09:53:01","SH","NB",2389460032,2845899837,5235359869,-456439805
20200529,"09:53:01","SZ","NB",4074696720,3454025598,7528722318,620671122
20200529,"09:54:01","SH","NB",2443747954,2916221239,5359969193,-472473285
20200529,"09:54:01","SZ","NB",4173662459,3551721485,7725383944,621940974
20200529,"09:55:01","SH","NB",2513232889,2979129733,5492362622,-465896844
20200529,"09:55:01","SZ","NB",4301170432,3618422530,7919592962,682747902
20200529,"09:56:01","SZ","NB",4395561991,3809140062,8204702053,586421929
20200529,"09:56:01","SH","NB",2573454750,3124805252,5698260002,-551350502
20200529,"09:57:01","SH","NB",2643144126,3206667426,5849811552,-563523300
20200529,"09:57:01","SZ","NB",4511383881,3881311620,8392695501,630072261
20200529,"09:58:01","SH","NB",2711209182,3253429557,5964638739,-542220375
20200529,"09:58:01","SZ","NB",4641102353,3937517743,8578620096,703584610
20200529,"09:59:01","SH","NB",2755023188,3330459397,6085482585,-575436209
20200529,"09:59:01","SZ","NB",4708861233,4034231747,8743092980,674629486
20200529,"10:00:01","SH","NB",2801437737,3380210398,6181648135,-578772661
20200529,"10:00:01","SZ","NB",4795152897,4101439382,8896592279,693713515
20200529,"10:01:01","SH","NB",2893374276,3444426806,6337801082,-551052530
20200529,"10:01:01","SZ","NB",4960886660,4212911317,9173797977,747975343
20200529,"10:02:01","SH","NB",2963006385,3491507240,6454513625,-528500855
20200529,"10:02:01","SZ","NB",5076272445,4289675396,9365947841,786597049
20200529,"10:03:01","SH","NB",3138896254,3545382845,6684279099,-406486591
20200529,"10:03:01","SZ","NB",5281223252,4393768742,9674991994,887454510
20200529,"10:04:01","SZ","NB",5353097462,4497698454,9850795916,855399008
20200529,"10:04:01","SH","NB",3187833288,3618975766,6806809054,-431142478
20200529,"10:05:01","SH","NB",3224918550,3670372277,6895290827,-445453727
20200529,"10:05:01","SZ","NB",5419619512,4583403758,10003023270,836215754
20200529,"10:06:01","SH","NB",3268668810,3720609425,6989278235,-451940615
20200529,"10:06:01","SZ","NB",5480495808,4669748885,10150244693,810746923
20200529,"10:07:01","SZ","NB",5544651694,4732674614,10277326308,811977080
20200529,"10:07:01","SH","NB",3296850970,3767252013,7064102983,-470401043
20200529,"10:08:01","SH","NB",3335494467,3858562679,7194057146,-523068212
20200529,"10:08:01","SZ","NB",5600155592,4854361650,10454517242,745793942
20200529,"10:09:01","SH","NB",3376937622,3919277965,7296215587,-542340343
20200529,"10:09:01","SZ","NB",5662895398,4922967966,10585863364,739927432
20200529,"10:10:01","SZ","NB",5785232571,4970522964,10755755535,814709607
20200529,"10:10:01","SH","NB",3436395745,3953104635,7389500380,-516708890
20200529,"10:11:01","SH","NB",3522980279,4015415368,7538395647,-492435089
20200529,"10:11:01","SZ","NB",5935957402,5132903776,11068861178,803053626
20200529,"10:12:01","SH","NB",3572604598,4066762260,7639366858,-494157662
20200529,"10:12:01","SZ","NB",6030260929,5197133015,11227393944,833127914
20200529,"10:13:01","SH","NB",3612162728,4112884081,7725046809,-500721353
20200529,"10:13:01","SZ","NB",6110605973,5260114194,11370720167,850491779
20200529,"10:14:01","SH","NB",3649346933,4184301834,7833648767,-534954901
20200529,"10:14:01","SZ","NB",6171099244,5395646317,11566745561,775452927
20200529,"10:15:01","SH","NB",3692116649,4240600156,7932716805,-548483507
20200529,"10:15:01","SZ","NB",6222686350,5469246440,11691932790,753439910
20200529,"10:16:01","SH","NB",3739883592,4274419624,8014303216,-534536032
20200529,"10:16:01","SZ","NB",6301716718,5508289309,11810006027,793427409
20200529,"10:17:01","SH","NB",3774883545,4315032938,8089916483,-540149393
20200529,"10:17:01","SZ","NB",6362394523,5566987887,11929382410,795406636
20200529,"10:18:01","SH","NB",3851838309,4341336614,8193174923,-489498305
20200529,"10:18:01","SZ","NB",6518762481,5605233831,12123996312,913528650
20200529,"10:19:01","SZ","NB",6645138504,5651996774,12297135278,993141730
20200529,"10:19:01","SH","NB",3922444397,4375151397,8297595794,-452707000
20200529,"10:20:01","SH","NB",3985039972,4405256360,8390296332,-420216388
20200529,"10:20:01","SZ","NB",6704243534,5701337820,12405581354,1002905714
20200529,"10:21:01","SH","NB",4034728510,4478414017,8513142527,-443685507
20200529,"10:21:01","SZ","NB",6779608855,5816827410,12596436265,962781445
20200529,"10:22:01","SZ","NB",6857228050,5866674461,12723902511,990553589
20200529,"10:22:01","SH","NB",4094163695,4517468695,8611632390,-423305000
20200529,"10:23:01","SH","NB",4128521109,4547261349,8675782458,-418740240
20200529,"10:23:01","SZ","NB",6920636437,5907198154,12827834591,1013438283
20200529,"10:24:01","SH","NB",4198523274,4581134667,8779657941,-382611393
20200529,"10:24:01","SZ","NB",7052523321,5972488881,13025012202,1080034440
20200529,"10:25:01","SH","NB",4238499121,4658987657,8897486778,-420488536
20200529,"10:25:01","SZ","NB",7104632973,6047341452,13151974425,1057291521
20200529,"10:26:01","SH","NB",4289350244,4694372637,8983722881,-405022393
20200529,"10:26:01","SZ","NB",7214084772,6091545813,13305630585,1122538959
20200529,"10:27:01","SH","NB",4318372199,4737998782,9056370981,-419626583
20200529,"10:27:01","SZ","NB",7280509685,6143591492,13424101177,1136918193
20200529,"10:28:01","SH","NB",4377829626,4771318839,9149148465,-393489213
20200529,"10:28:01","SZ","NB",7370080602,6195451217,13565531819,1174629385
20200529,"10:29:01","SH","NB",4446271287,4804845759,9251117046,-358574472
20200529,"10:29:01","SZ","NB",7481273847,6248321217,13729595064,1232952630
20200529,"10:30:01","SZ","NB",7550004356,6318900493,13868904849,1231103863
20200529,"10:30:01","SH","NB",4482279214,4852284281,9334563495,-370005067
20200529,"10:31:01","SH","NB",4522243184,4970732617,9492975801,-448489433
20200529,"10:31:01","SZ","NB",7623798293,6482361392,14106159685,1141436901
20200529,"10:32:01","SH","NB",4571419704,5011030007,9582449711,-439610303
20200529,"10:32:01","SZ","NB",7710530702,6546346314,14256877016,1164184388
20200529,"10:33:01","SH","NB",4617224907,5043096369,9660321276,-425871462
20200529,"10:33:01","SZ","NB",7788961295,6596837265,14385798560,1192124030
20200529,"10:34:01","SH","NB",4672802220,5078645467,9751447687,-405843247
20200529,"10:34:01","SZ","NB",7899215619,6640113464,14539329083,1259102155
20200529,"10:35:01","SZ","NB",7942582141,6727499621,14670081762,1215082520
20200529,"10:35:01","SH","NB",4711745386,5141756253,9853501639,-430010867
20200529,"10:36:01","SH","NB",4754336611,5176207019,9930543630,-421870408
20200529,"10:36:01","SZ","NB",8002940372,6755903027,14758843399,1247037345
20200529,"10:37:01","SH","NB",4826819319,5210748686,10037568005,-383929367
20200529,"10:37:01","SZ","NB",8091567768,6789018679,14880586447,1302549089
20200529,"10:38:01","SH","NB",4855787630,5243747295,10099534925,-387959665
20200529,"10:38:01","SZ","NB",8152306309,6823255730,14975562039,1329050579
20200529,"10:39:01","SH","NB",4908120777,5274435824,10182556601,-366315047
20200529,"10:39:01","SZ","NB",8213700763,6855337038,15069037801,1358363725
20200529,"10:40:01","SH","NB",4967222590,5307509362,10274731952,-340286772
20200529,"10:40:01","SZ","NB",8303561227,6893166914,15196728141,1410394313
20200529,"10:41:01","SH","NB",5033091479,5375172164,10408263643,-342080685
20200529,"10:41:01","SZ","NB",8390105321,6991218498,15381323819,1398886823
20200529,"10:42:01","SH","NB",5067390381,5416760838,10484151219,-349370457
20200529,"10:42:01","SZ","NB",8435310002,7051227069,15486537071,1384082933
20200529,"10:43:01","SH","NB",5097165491,5448039769,10545205260,-350874278
20200529,"10:43:01","SZ","NB",8492965913,7089433820,15582399733,1403532093
20200529,"10:44:01","SZ","NB",8546349707,7177820948,15724170655,1368528759
20200529,"10:44:01","SH","NB",5142000892,5525204638,10667205530,-383203746
20200529,"10:45:01","SH","NB",5193799926,5556374582,10750174508,-362574656
20200529,"10:45:01","SZ","NB",8609358300,7210863138,15820221438,1398495162
20200529,"10:46:01","SH","NB",5232184736,5587026918,10819211654,-354842182
20200529,"10:46:01","SZ","NB",8655867131,7249074274,15904941405,1406792857
20200529,"10:47:01","SH","NB",5259806237,5617409770,10877216007,-357603533
20200529,"10:47:01","SZ","NB",8691110230,7284169528,15975279758,1406940702
20200529,"10:48:01","SH","NB",5285743188,5651557624,10937300812,-365814436
20200529,"10:48:01","SZ","NB",8735054095,7326949115,16062003210,1408104980
20200529,"10:49:01","SH","NB",5312063393,5676432520,10988495913,-364369127
20200529,"10:49:01","SZ","NB",8781721446,7360315516,16142036962,1421405930
20200529,"10:50:01","SH","NB",5364426965,5696609339,11061036304,-332182374
20200529,"10:50:01","SZ","NB",8858878417,7392425628,16251304045,1466452789
20200529,"10:51:01","SH","NB",5448765506,5731584936,11180350442,-282819430
20200529,"10:51:01","SZ","NB",8976475445,7449986671,16426462116,1526488774
20200529,"10:52:01","SH","NB",5486475387,5800885173,11287360560,-314409786
20200529,"10:52:01","SZ","NB",9025866420,7554106895,16579973315,1471759525
20200529,"10:53:01","SH","NB",5533109129,5840009425,11373118554,-306900296
20200529,"10:53:01","SZ","NB",9081987006,7594728834,16676715840,1487258172
20200529,"10:54:01","SZ","NB",9123343280,7625005024,16748348304,1498338256
20200529,"10:54:01","SH","NB",5570585521,5881169489,11451755010,-310583968
20200529,"10:55:01","SH","NB",5636980958,5913179207,11550160165,-276198249
20200529,"10:55:01","SZ","NB",9197378167,7671509399,16868887566,1525868768
20200529,"10:56:01","SH","NB",5686029212,5944353015,11630382227,-258323803
20200529,"10:56:01","SZ","NB",9275390266,7704915615,16980305881,1570474651
20200529,"10:57:01","SH","NB",5731652851,5968978721,11700631572,-237325870
20200529,"10:57:01","SZ","NB",9329066517,7737909869,17066976386,1591156648
20200529,"10:58:01","SH","NB",5785285166,5990266274,11775551440,-204981108
20200529,"10:58:01","SZ","NB",9407677018,7775215144,17182892162,1632461874
20200529,"10:59:01","SH","NB",5833742711,6016444786,11850187497,-182702075
20200529,"10:59:01","SZ","NB",9468327711,7811978852,17280306563,1656348859
20200529,"11:00:01","SH","NB",5861424888,6052654698,11914079586,-191229810
20200529,"11:00:01","SZ","NB",9516084953,7861422955,17377507908,1654661998
20200529,"11:01:01","SZ","NB",9562184162,7956403784,17518587946,1605780378
20200529,"11:01:01","SH","NB",5894743483,6116161032,12010904515,-221417549
20200529,"11:02:01","SH","NB",5939836064,6152971734,12092807798,-213135670
20200529,"11:02:01","SZ","NB",9624458224,8012991176,17637449400,1611467048
20200529,"11:03:01","SH","NB",5981426607,6198755671,12180182278,-217329064
20200529,"11:03:01","SZ","NB",9692653015,8093524691,17786177706,1599128324
20200529,"11:04:01","SH","NB",6014288392,6225586149,12239874541,-211297757
20200529,"11:04:01","SZ","NB",9738764712,8128336924,17867101636,1610427788
20200529,"11:05:01","SH","NB",6044004902,6258955810,12302960712,-214950908
20200529,"11:05:01","SZ","NB",9772489579,8174891425,17947381004,1597598154
20200529,"11:06:01","SH","NB",6073622367,6337854831,12411477198,-264232464
20200529,"11:06:01","SZ","NB",9818568452,8260951552,18079520004,1557616900
20200529,"11:07:01","SH","NB",6111177672,6412094580,12523272252,-300916908
20200529,"11:07:01","SZ","NB",9864629641,8320793507,18185423148,1543836134
20200529,"11:08:01","SZ","NB",9929273432,8354309304,18283582736,1574964128
20200529,"11:08:01","SH","NB",6164680548,6444013587,12608694135,-279333039
20200529,"11:09:01","SH","NB",6190048383,6466071014,12656119397,-276022631
20200529,"11:09:01","SZ","NB",9966742980,8386264539,18353007519,1580478441
20200529,"11:10:01","SH","NB",6217416272,6498048736,12715465008,-280632464
20200529,"11:10:01","SZ","NB",9996535180,8431448189,18427983369,1565086991
20200529,"11:11:01","SH","NB",6258328826,6591769976,12850098802,-333441150
20200529,"11:11:01","SZ","NB",10045159636,8587437346,18632596982,1457722290
20200529,"11:12:01","SH","NB",6291927862,6623719541,12915647403,-331791679
20200529,"11:12:01","SZ","NB",10087040198,8632030190,18719070388,1455010008
20200529,"11:13:01","SH","NB",6321231897,6667084210,12988316107,-345852313
20200529,"11:13:01","SZ","NB",10124205987,8681873546,18806079533,1442332441
20200529,"11:14:01","SH","NB",6353458665,6700021754,13053480419,-346563089
20200529,"11:14:01","SZ","NB",10160808884,8722493343,18883302227,1438315541
20200529,"11:15:01","SH","NB",6387842691,6716950872,13104793563,-329108181
20200529,"11:15:01","SZ","NB",10215281601,8756240007,18971521608,1459041594
20200529,"11:16:01","SH","NB",6417382173,6762402564,13179784737,-345020391
20200529,"11:16:01","SZ","NB",10248638277,8804524537,19053162814,1444113740
20200529,"11:17:01","SH","NB",6446873575,6836168286,13283041861,-389294711
20200529,"11:17:01","SZ","NB",10279019284,8875724081,19154743365,1403295203
20200529,"11:18:01","SZ","NB",10329054995,8926758891,19255813886,1402296104
20200529,"11:18:01","SH","NB",6491088272,6876076336,13367164608,-384988064
20200529,"11:19:01","SH","NB",6526925722,6900117900,13427043622,-373192178
20200529,"11:19:01","SZ","NB",10384830263,8957807520,19342637783,1427022743
20200529,"11:20:01","SZ","NB",10438573072,8988809992,19427383064,1449763080
20200529,"11:20:01","SH","NB",6559746242,6925031935,13484778177,-365285693
20200529,"11:21:01","SH","NB",6599392896,6989266036,13588658932,-389873140
20200529,"11:21:01","SZ","NB",10498691548,9094016748,19592708296,1404674800
20200529,"11:22:01","SH","NB",6639750321,7016883723,13656634044,-377133402
20200529,"11:22:01","SZ","NB",10569384706,9130410427,19699795133,1438974279
20200529,"11:23:01","SH","NB",6674015932,7040854617,13714870549,-366838685
20200529,"11:23:01","SZ","NB",10622401322,9168585231,19790986553,1453816091
20200529,"11:24:01","SH","NB",6701376385,7062632538,13764008923,-361256153
20200529,"11:24:01","SZ","NB",10670417778,9198884555,19869302333,1471533223
20200529,"11:25:01","SH","NB",6749964277,7079231542,13829195819,-329267265
20200529,"11:25:01","SZ","NB",10734769283,9224359160,19959128443,1510410123
20200529,"11:26:01","SH","NB",6784573052,7098553387,13883126439,-313980335
20200529,"11:26:01","SZ","NB",10776805494,9251736819,20028542313,1525068675
20200529,"11:27:01","SH","NB",6805107305,7115530873,13920638178,-310423568
20200529,"11:27:01","SZ","NB",10806695095,9274203727,20080898822,1532491368
20200529,"11:28:01","SH","NB",6830342483,7141114252,13971456735,-310771769
20200529,"11:28:01","SZ","NB",10840394893,9310667197,20151062090,1529727696
20200529,"11:29:01","SH","NB",6849728225,7161721708,14011449933,-311993483
20200529,"11:29:01","SZ","NB",10876753213,9341568366,20218321579,1535184847
20200529,"11:30:01","SZ","NB",10900331903,9363095517,20263427420,1537236386
20200529,"11:30:01","SH","NB",6866671998,7175423335,14042095333,-308751337
20200529,"11:31:01","SH","NB",6867532082,7176071437,14043603519,-308539355
20200529,"11:31:01","SZ","NB",10901388396,9363888333,20265276729,1537500063
20200529,"13:00:01","SH","NB",6867545629,7176109070,14043654699,-308563441
20200529,"13:00:01","SZ","NB",10909787818,9369271643,20279059461,1540516175
20200529,"13:01:01","SH","NB",6952055231,7233876827,14185932058,-281821596
20200529,"13:01:01","SZ","NB",11059305906,9449625627,20508931533,1609680279
20200529,"13:02:01","SH","NB",6994856657,7291223278,14286079935,-296366621
20200529,"13:02:01","SZ","NB",11127500311,9531759088,20659259399,1595741223
20200529,"13:03:01","SH","NB",7031496997,7319923302,14351420299,-288426305
20200529,"13:03:01","SZ","NB",11173222643,9567262241,20740484884,1605960402
20200529,"13:04:01","SZ","NB",11220965186,9640807345,20861772531,1580157841
20200529,"13:04:01","SH","NB",7062583210,7350463378,14413046588,-287880168
20200529,"13:05:01","SH","NB",7102306045,7452727943,14555033988,-350421898
20200529,"13:05:01","SZ","NB",11275407206,9759368805,21034776011,1516038401
20200529,"13:06:01","SH","NB",7138865143,7489137632,14628002775,-350272489
20200529,"13:06:01","SZ","NB",11329783101,9809472526,21139255627,1520310575
20200529,"13:07:01","SZ","NB",11410427476,9847255952,21257683428,1563171524
20200529,"13:07:01","SH","NB",7183522265,7514380285,14697902550,-330858020
20200529,"13:08:01","SH","NB",7215605081,7543206312,14758811393,-327601231
20200529,"13:08:01","SZ","NB",11479161664,9883415087,21362576751,1595746577
20200529,"13:09:01","SH","NB",7237877197,7566875699,14804752896,-328998502
20200529,"13:09:01","SZ","NB",11519150626,9914602864,21433753490,1604547762
20200529,"13:10:01","SH","NB",7265110168,7592054037,14857164205,-326943869
20200529,"13:10:01","SZ","NB",11571211262,9946312179,21517523441,1624899083
20200529,"13:11:01","SH","NB",7302588232,7628067702,14930655934,-325479470
20200529,"13:11:01","SZ","NB",11635274630,10000696093,21635970723,1634578537
20200529,"13:12:01","SH","NB",7357888886,7662752917,15020641803,-304864031
20200529,"13:12:01","SZ","NB",11711285626,10050353147,21761638773,1660932479
20200529,"13:13:01","SH","NB",7398009189,7710452901,15108462090,-312443712
20200529,"13:13:01","SZ","NB",11756287023,10101605986,21857893009,1654681037
20200529,"13:14:01","SH","NB",7430538280,7749117075,15179655355,-318578795
20200529,"13:14:01","SZ","NB",11797233718,10142080555,21939314273,1655153163
20200529,"13:15:01","SH","NB",7461934620,7778155210,15240089830,-316220590
20200529,"13:15:01","SZ","NB",11842191990,10176216069,22018408059,1665975921
20200529,"13:16:01","SH","NB",7492500563,7822573415,15315073978,-330072852
20200529,"13:16:01","SZ","NB",11875420123,10222001361,22097421484,1653418762
20200529,"13:17:01","SZ","NB",11921231720,10255309785,22176541505,1665921935
20200529,"13:17:01","SH","NB",7526512183,7850239200,15376751383,-323727017
20200529,"13:18:01","SH","NB",7554414426,7876775735,15431190161,-322361309
20200529,"13:18:01","SZ","NB",11967514446,10291916003,22259430449,1675598443
20200529,"13:19:01","SH","NB",7598522187,7899564170,15498086357,-301041983
20200529,"13:19:01","SZ","NB",12023584005,10324156332,22347740337,1699427673
20200529,"13:20:01","SH","NB",7623519891,7924489633,15548009524,-300969742
20200529,"13:20:01","SZ","NB",12075063788,10367776003,22442839791,1707287785
20200529,"13:21:01","SH","NB",7672776990,7971723428,15644500418,-298946438
20200529,"13:21:01","SZ","NB",12151335327,10431576422,22582911749,1719758905
20200529,"13:22:01","SH","NB",7710032252,8015265849,15725298101,-305233597
20200529,"13:22:01","SZ","NB",12195927827,10482912749,22678840576,1713015078
20200529,"13:23:01","SH","NB",7739547776,8086176968,15825724744,-346629192
20200529,"13:23:01","SZ","NB",12239369291,10584080717,22823450008,1655288574
20200529,"13:24:01","SH","NB",7777310816,8120481306,15897792122,-343170490
20200529,"13:24:01","SZ","NB",12291258237,10627359889,22918618126,1663898348
20200529,"13:25:01","SZ","NB",12333232926,10663285834,22996518760,1669947092
20200529,"13:25:01","SH","NB",7805510521,8146857749,15952368270,-341347228
20200529,"13:26:01","SH","NB",7838061029,8188869445,16026930474,-350808416
20200529,"13:26:01","SZ","NB",12369300876,10729728954,23099029830,1639571922
20200529,"13:27:01","SH","NB",7861906653,8216956248,16078862901,-355049595
20200529,"13:27:01","SZ","NB",12406453897,10766299027,23172752924,1640154870
20200529,"13:28:01","SH","NB",7896469096,8245099078,16141568174,-348629982
20200529,"13:28:01","SZ","NB",12447240215,10797017800,23244258015,1650222415
20200529,"13:29:01","SZ","NB",12484187054,10845872084,23330059138,1638314970
20200529,"13:29:01","SH","NB",7923145045,8281412677,16204557722,-358267632
20200529,"13:30:01","SH","NB",7948240240,8319921075,16268161315,-371680835
20200529,"13:30:01","SZ","NB",12519500099,10891065602,23410565701,1628434497
20200529,"13:31:01","SH","NB",7991065589,8373114910,16364180499,-382049321
20200529,"13:31:01","SZ","NB",12577211486,10968394937,23545606423,1608816549
20200529,"13:32:01","SH","NB",8044245052,8413810686,16458055738,-369565634
20200529,"13:32:01","SZ","NB",12665479472,11006049758,23671529230,1659429714
20200529,"13:33:01","SH","NB",8091429035,8443003753,16534432788,-351574718
20200529,"13:33:01","SZ","NB",12743481650,11047163197,23790644847,1696318453
20200529,"13:34:01","SH","NB",8125162212,8471071487,16596233699,-345909275
20200529,"13:34:01","SZ","NB",12805682009,11083243023,23888925032,1722438986
20200529,"13:35:01","SH","NB",8166121891,8492856813,16658978704,-326734922
20200529,"13:35:01","SZ","NB",12869459948,11116635458,23986095406,1752824490
20200529,"13:36:01","SZ","NB",12914412684,11156576572,24070989256,1757836112
20200529,"13:36:01","SH","NB",8201921364,8523485846,16725407210,-321564482
20200529,"13:37:01","SH","NB",8245388561,8573435116,16818823677,-328046555
20200529,"13:37:01","SZ","NB",12975174934,11225739816,24200914750,1749435118
20200529,"13:38:01","SH","NB",8291330951,8601414499,16892745450,-310083548
20200529,"13:38:01","SZ","NB",13044907212,11254701220,24299608432,1790205992
20200529,"13:39:01","SH","NB",8337310246,8624175951,16961486197,-286865705
20200529,"13:39:01","SZ","NB",13104613616,11285560317,24390173933,1819053299
20200529,"13:40:01","SH","NB",8393371865,8651654966,17045026831,-258283101
20200529,"13:40:01","SZ","NB",13163124271,11319586026,24482710297,1843538245
20200529,"13:41:01","SZ","NB",13264717754,11368625395,24633343149,1896092359
20200529,"13:41:01","SH","NB",8477780882,8697190687,17174971569,-219409805
20200529,"13:42:01","SH","NB",8524371858,8753049767,17277421625,-228677909
20200529,"13:42:01","SZ","NB",13319286019,11452259969,24771545988,1867026050
20200529,"13:43:01","SH","NB",8564863595,8792277131,17357140726,-227413536
20200529,"13:43:01","SZ","NB",13371568399,11496602290,24868170689,1874966109
20200529,"13:44:01","SH","NB",8604011094,8828430115,17432441209,-224419021
20200529,"13:44:01","SZ","NB",13418097537,11536148698,24954246235,1881948839
20200529,"13:45:01","SH","NB",8644309197,8857832662,17502141859,-213523465
20200529,"13:45:01","SZ","NB",13462756608,11576125720,25038882328,1886630888
20200529,"13:46:01","SH","NB",8679650900,8883724741,17563375641,-204073841
20200529,"13:46:01","SZ","NB",13509201452,11610931197,25120132649,1898270255
20200529,"13:47:01","SH","NB",8727199695,8917994243,17645193938,-190794548
20200529,"13:47:01","SZ","NB",13556782035,11652513687,25209295722,1904268348
20200529,"13:48:01","SH","NB",8772738691,8940314940,17713053631,-167576249
20200529,"13:48:01","SZ","NB",13618997492,11677757395,25296754887,1941240097
20200529,"13:49:01","SH","NB",8812720809,8972575477,17785296286,-159854668
20200529,"13:49:01","SZ","NB",13668037404,11709142435,25377179839,1958894969
20200529,"13:50:01","SZ","NB",13724297709,11741525515,25465823224,1982772194
20200529,"13:50:01","SH","NB",8854884215,8998268742,17853152957,-143384527
20200529,"13:51:01","SH","NB",8932667467,9035035259,17967702726,-102367792
20200529,"13:51:01","SZ","NB",13835725398,11796225855,25631951253,2039499543
20200529,"13:52:01","SH","NB",8980537336,9093964710,18074502046,-113427374
20200529,"13:52:01","SZ","NB",13903428803,11858036578,25761465381,2045392225
20200529,"13:53:01","SH","NB",9023174332,9131336061,18154510393,-108161729
20200529,"13:53:01","SZ","NB",13958801024,11905586241,25864387265,2053214783
20200529,"13:54:01","SH","NB",9063993750,9166281339,18230275089,-102287589
20200529,"13:54:01","SZ","NB",14017060305,11948774553,25965834858,2068285752
20200529,"13:55:01","SH","NB",9109433963,9217139545,18326573508,-107705582
20200529,"13:55:01","SZ","NB",14071666127,12016240682,26087906809,2055425445
20200529,"13:56:01","SH","NB",9155038639,9249379124,18404417763,-94340485
20200529,"13:56:01","SZ","NB",14121993098,12051869610,26173862708,2070123488
20200529,"13:57:01","SH","NB",9203814247,9319276757,18523091004,-115462510
20200529,"13:57:01","SZ","NB",14169895296,12105735980,26275631276,2064159316
20200529,"13:58:01","SZ","NB",14219099645,12136515112,26355614757,2082584533
20200529,"13:58:01","SH","NB",9246932828,9345551317,18592484145,-98618489
20200529,"13:59:01","SH","NB",9285854860,9369723050,18655577910,-83868190
20200529,"13:59:01","SZ","NB",14263292885,12167873222,26431166107,2095419663
20200529,"14:00:01","SH","NB",9323893175,9397554004,18721447179,-73660829
20200529,"14:00:01","SZ","NB",14306187879,12201897737,26508085616,2104290142
20200529,"14:01:01","SH","NB",9404438685,9505611936,18910050621,-101173251
20200529,"14:01:01","SZ","NB",14396639308,12325793727,26722433035,2070845581
20200529,"14:02:01","SH","NB",9456640604,9540734934,18997375538,-84094330
20200529,"14:02:01","SZ","NB",14473838074,12383720680,26857558754,2090117394
20200529,"14:03:01","SZ","NB",14540545307,12436754336,26977299643,2103790971
20200529,"14:03:01","SH","NB",9500464851,9579963008,19080427859,-79498157
20200529,"14:04:01","SH","NB",9556331205,9617296707,19173627912,-60965502
20200529,"14:04:01","SZ","NB",14608006141,12474995969,27083002110,2133010172
20200529,"14:05:01","SH","NB",9622721481,9653200123,19275921604,-30478642
20200529,"14:05:01","SZ","NB",14677663093,12511267314,27188930407,2166395779
20200529,"14:06:01","SH","NB",9669751360,9678757871,19348509231,-9006511
20200529,"14:06:01","SZ","NB",14741348977,12543588025,27284937002,2197760952
20200529,"14:07:01","SH","NB",9719466096,9733418005,19452884101,-13951909
20200529,"14:07:01","SZ","NB",14798912552,12632405959,27431318511,2166506593
20200529,"14:08:01","SH","NB",9760184659,9761587262,19521771921,-1402603
20200529,"14:08:01","SZ","NB",14857299698,12670820673,27528120371,2186479025
20200529,"14:09:01","SH","NB",9806923699,9825716511,19632640210,-18792812
20200529,"14:09:01","SZ","NB",14914368042,12727716545,27642084587,2186651497
20200529,"14:10:01","SH","NB",9861639430,9873399812,19735039242,-11760382
20200529,"14:10:01","SZ","NB",14987980876,12779156045,27767136921,2208824831
20200529,"14:11:01","SH","NB",9932132680,9919071023,19851203703,13061657
20200529,"14:11:01","SZ","NB",15109490522,12835745311,27945235833,2273745211
20200529,"14:12:01","SH","NB",9989019930,9950742874,19939762804,38277056
20200529,"14:12:01","SZ","NB",15183344927,12872783264,28056128191,2310561663
20200529,"14:13:01","SZ","NB",15248868853,12924674233,28173543086,2324194620
20200529,"14:13:01","SH","NB",10032293399,9989708986,20022002385,42584413
20200529,"14:14:01","SH","NB",10093956073,10020043400,20113999473,73912673
20200529,"14:14:01","SZ","NB",15313809537,12961069440,28274878977,2352740097
20200529,"14:15:01","SH","NB",10143863432,10046128283,20189991715,97735149
20200529,"14:15:01","SZ","NB",15384915637,12996111791,28381027428,2388803846
20200529,"14:16:01","SZ","NB",15439759547,13024957223,28464716770,2414802324
20200529,"14:16:01","SH","NB",10187470249,10070227980,20257698229,117242269
20200529,"14:17:01","SH","NB",10237281626,10104169096,20341450722,133112530
20200529,"14:17:01","SZ","NB",15519353568,13070852339,28590205907,2448501229
20200529,"14:18:01","SH","NB",10293194608,10155877878,20449072486,137316730
20200529,"14:18:01","SZ","NB",15584182363,13136526429,28720708792,2447655934
20200529,"14:19:01","SH","NB",10340444558,10179568130,20520012688,160876428
20200529,"14:19:01","SZ","NB",15635003148,13166976267,28801979415,2468026881
20200529,"14:20:01","SH","NB",10386902309,10216713193,20603615502,170189116
20200529,"14:20:01","SZ","NB",15685917488,13212329279,28898246767,2473588209
20200529,"14:21:01","SH","NB",10437041446,10263136270,20700177716,173905176
20200529,"14:21:01","SZ","NB",15745619657,13280113684,29025733341,2465505973
20200529,"14:22:01","SH","NB",10501739035,10352112177,20853851212,149626858
20200529,"14:22:01","SZ","NB",15820178172,13357355940,29177534112,2462822232
20200529,"14:23:01","SH","NB",10566485670,10387238686,20953724356,179246984
20200529,"14:23:01","SZ","NB",15899097992,13407908176,29307006168,2491189816
20200529,"14:24:01","SZ","NB",15991916011,13455789844,29447705855,2536126167
20200529,"14:24:01","SH","NB",10634687772,10421240031,21055927803,213447741
20200529,"14:25:01","SH","NB",10699383802,10461950874,21161334676,237432928
20200529,"14:25:01","SZ","NB",16082161572,13504763627,29586925199,2577397945
20200529,"14:26:01","SH","NB",10747203263,10491072417,21238275680,256130846
20200529,"14:26:01","SZ","NB",16143362663,13544427761,29687790424,2598934902
20200529,"14:27:01","SH","NB",10795729546,10527829589,21323559135,267899957
20200529,"14:27:01","SZ","NB",16204239292,13590644787,29794884079,2613594505
20200529,"14:28:01","SH","NB",10845011750,10564120871,21409132621,280890879
20200529,"14:28:01","SZ","NB",16261554639,13631863739,29893418378,2629690900
20200529,"14:29:01","SH","NB",10897415382,10598551375,21495966757,298864007
20200529,"14:29:01","SZ","NB",16328616786,13667402449,29996019235,2661214337
20200529,"14:30:01","SZ","NB",16394400861,13713906465,30108307326,2680494396
20200529,"14:30:01","SH","NB",10968981688,10633559815,21602541503,335421873
20200529,"14:31:01","SH","NB",11054545533,10708455727,21763001260,346089806
20200529,"14:31:01","SZ","NB",16492677285,13816390570,30309067855,2676286715
20200529,"14:32:01","SH","NB",11130124255,10758777202,21888901457,371347053
20200529,"14:32:01","SZ","NB",16582259550,13885525205,30467784755,2696734345
20200529,"14:33:01","SH","NB",11204325071,10807846153,22012171224,396478918
20200529,"14:33:01","SZ","NB",16660498427,13943117613,30603616040,2717380814
20200529,"14:34:01","SH","NB",11277796242,10878705146,22156501388,399091096
20200529,"14:34:01","SZ","NB",16747593146,14027634129,30775227275,2719959017
20200529,"14:35:01","SH","NB",11347959888,10954559476,22302519364,393400412
20200529,"14:35:01","SZ","NB",16821164649,14103478792,30924643441,2717685857
20200529,"14:36:01","SZ","NB",16895902342,14162412509,31058314851,2733489833
20200529,"14:36:01","SH","NB",11419516429,11016376211,22435892640,403140218
20200529,"14:37:01","SH","NB",11489056701,11076546629,22565603330,412510072
20200529,"14:37:01","SZ","NB",16979674970,14222872565,31202547535,2756802405
20200529,"14:38:01","SH","NB",11557133973,11130053869,22687187842,427080104
20200529,"14:38:01","SZ","NB",17063779735,14284301610,31348081345,2779478125
20200529,"14:39:01","SH","NB",11631439226,11182230091,22813669317,449209135
20200529,"14:39:01","SZ","NB",17158883987,14347997599,31506881586,2810886388
20200529,"14:40:01","SH","NB",11693815976,11233561381,22927377357,460254595
20200529,"14:40:01","SZ","NB",17226393507,14407162690,31633556197,2819230817
20200529,"14:41:01","SH","NB",11809282431,11314755442,23124037873,494526989
20200529,"14:41:01","SZ","NB",17359756728,14495820490,31855577218,2863936238
20200529,"14:42:01","SH","NB",11896492261,11391968293,23288460554,504523968
20200529,"14:42:01","SZ","NB",17449251139,14572065566,32021316705,2877185573
20200529,"14:43:01","SH","NB",11987146369,11514924716,23502071085,472221653
20200529,"14:43:01","SZ","NB",17550434679,14698018045,32248452724,2852416634
20200529,"14:44:01","SZ","NB",17646414887,14763058385,32409473272,2883356502
20200529,"14:44:01","SH","NB",12066733135,11578455956,23645189091,488277179
20200529,"14:45:01","SH","NB",12154120396,11636381637,23790502033,517738759
20200529,"14:45:01","SZ","NB",17753426459,14831227793,32584654252,2922198666
20200529,"14:46:01","SH","NB",12262719228,11728382424,23991101652,534336804
20200529,"14:46:01","SZ","NB",17874331297,14918844373,32793175670,2955486924
20200529,"14:47:01","SH","NB",12354531166,11809715439,24164246605,544815727
20200529,"14:47:01","SZ","NB",17998562906,15009701673,33008264579,2988861233
20200529,"14:48:01","SH","NB",12454262516,11904171885,24358434401,550090631
20200529,"14:48:01","SZ","NB",18113231869,15106165629,33219397498,3007066240
20200529,"14:49:01","SH","NB",12559009366,12005832053,24564841419,553177313
20200529,"14:49:01","SZ","NB",18248444262,15196083793,33444528055,3052360469
20200529,"14:50:01","SH","NB",12680134457,12103269448,24783403905,576865009
20200529,"14:50:01","SZ","NB",18393915236,15289663046,33683578282,3104252190
20200529,"14:51:01","SH","NB",12845187755,12234581703,25079769458,610606052
20200529,"14:51:01","SZ","NB",18584298897,15415751497,34000050394,3168547400
20200529,"14:52:01","SZ","NB",18726483635,15517193328,34243676963,3209290307
20200529,"14:52:01","SH","NB",12955579617,12352753659,25308333276,602825958
20200529,"14:53:01","SH","NB",13113495970,12479352721,25592848691,634143249
20200529,"14:53:01","SZ","NB",18917010563,15652991444,34570002007,3264019119
20200529,"14:54:01","SH","NB",13277257927,12618192164,25895450091,659065763
20200529,"14:54:01","SZ","NB",19104482924,15789960862,34894443786,3314522062
20200529,"14:55:01","SH","NB",13447460152,12749542981,26197003133,697917171
20200529,"14:55:01","SZ","NB",19293026053,15932603979,35225630032,3360422074
20200529,"14:56:01","SH","NB",13637087421,12874867217,26511954638,762220204
20200529,"14:56:01","SZ","NB",19494381159,16068480938,35562862097,3425900221
20200529,"14:57:01","SH","NB",13792630734,12978359283,26770990017,814271451
20200529,"14:57:01","SZ","NB",19651401002,16169979721,35821380723,3481421281
20200529,"14:58:01","SH","NB",13792638576,12978359283,26770997859,814279293
20200529,"15:00:01","SH","NB",13805775615,12995134932,26800910547,810640683
20200529,"15:00:01","SZ","NB",19975987465,16465551513,36441538978,3510435952
20200529,"15:01:01","SH","NB",18503206572,17421618320,35924824892,1081588252
20200529,"15:01:01","SZ","NB",25334008763,21308430815,46642439578,4025577948
