dataDate,dataTime,connectMarket,tradeDirection,buyTurnover,sellTurnover,totalTurnover,netTurnover
20200122,"09:30:01","SH","NB",114646585,82439427,197086012,32207158
20200122,"09:30:01","SZ","NB",88674123,61177902,149852025,27496221
20200122,"09:31:01","SH","NB",421964596,274222135,696186731,147742461
20200122,"09:31:01","SZ","NB",373884125,275764527,649648652,98119598
20200122,"09:32:01","SH","NB",679151119,508524394,1187675513,170626725
20200122,"09:32:01","SZ","NB",642664383,514033159,1156697542,128631224
20200122,"09:33:01","SZ","NB",863747104,692555478,1556302582,171191626
20200122,"09:33:01","SH","NB",846819722,659688843,1506508565,187130879
20200122,"09:34:01","SH","NB",1043319219,818723988,1862043207,224595231
20200122,"09:34:01","SZ","NB",1149011899,889173832,2038185731,259838067
20200122,"09:35:01","SH","NB",1181365398,1026036610,2207402008,155328788
20200122,"09:35:01","SZ","NB",1356233978,1113743908,2469977886,242490070
20200122,"09:36:01","SH","NB",1332490886,1190392068,2522882954,142098818
20200122,"09:36:01","SZ","NB",1620865123,1281154098,2902019221,339711025
20200122,"09:37:01","SH","NB",1492444271,1350281520,2842725791,142162751
20200122,"09:37:01","SZ","NB",1882808894,1455348138,3338157032,427460756
20200122,"09:38:01","SH","NB",1591740997,1447428122,3039169119,144312875
20200122,"09:38:01","SZ","NB",2033284727,1593498827,3626783554,439785900
20200122,"09:39:01","SH","NB",1715680006,1589284158,3304964164,126395848
20200122,"09:39:01","SZ","NB",2191644586,1821328918,4012973504,370315668
20200122,"09:40:01","SH","NB",1817186928,1713551214,3530738142,103635714
20200122,"09:40:01","SZ","NB",2346967775,2014631909,4361599684,332335866
20200122,"09:41:01","SZ","NB",2512829630,2237596272,4750425902,275233358
20200122,"09:41:01","SH","NB",1929138857,1884344653,3813483510,44794204
20200122,"09:42:01","SH","NB",2087484716,1971430979,4058915695,116053737
20200122,"09:42:01","SZ","NB",2756591829,2364887048,5121478877,391704781
20200122,"09:43:01","SH","NB",2173918887,2100019721,4273938608,73899166
20200122,"09:43:01","SZ","NB",2874932070,2536639332,5411571402,338292738
20200122,"09:44:01","SZ","NB",3009873036,2758646833,5768519869,251226203
20200122,"09:44:01","SH","NB",2261087296,2255719851,4516807147,5367445
20200122,"09:45:01","SH","NB",2355767354,2424522925,4780290279,-68755571
20200122,"09:45:01","SZ","NB",3146926844,2929089230,6076016074,217837614
20200122,"09:46:01","SH","NB",2537604332,2597546797,5135151129,-59942465
20200122,"09:46:01","SZ","NB",3433832842,3096819561,6530652403,337013281
20200122,"09:47:01","SH","NB",2616228581,2701932300,5318160881,-85703719
20200122,"09:47:01","SZ","NB",3579910650,3209096457,6789007107,370814193
20200122,"09:48:01","SH","NB",2704304375,2786819827,5491124202,-82515452
20200122,"09:48:01","SZ","NB",3689208847,3287944723,6977153570,401264124
20200122,"09:49:01","SH","NB",2777858389,2930621946,5708480335,-152763557
20200122,"09:49:01","SZ","NB",3791957509,3426569819,7218527328,365387690
20200122,"09:50:01","SH","NB",2861678214,3119633176,5981311390,-257954962
20200122,"09:50:01","SZ","NB",3902618019,3616079037,7518697056,286538982
20200122,"09:51:01","SH","NB",2992069856,3221071151,6213141007,-229001295
20200122,"09:51:01","SZ","NB",4122125421,3739937849,7862063270,382187572
20200122,"09:52:01","SH","NB",3090506730,3315930842,6406437572,-225424112
20200122,"09:52:01","SZ","NB",4255198675,3837753508,8092952183,417445167
20200122,"09:53:01","SZ","NB",4368936866,3916988367,8285925233,451948499
20200122,"09:53:01","SH","NB",3154921876,3420711479,6575633355,-265789603
20200122,"09:54:01","SH","NB",3219914639,3547179385,6767094024,-327264746
20200122,"09:54:01","SZ","NB",4456751300,4015389422,8472140722,441361878
20200122,"09:55:01","SH","NB",3293883282,3744367471,7038250753,-450484189
20200122,"09:55:01","SZ","NB",4560799817,4107266164,8668065981,453533653
20200122,"09:56:01","SH","NB",3382545020,3863072969,7245617989,-480527949
20200122,"09:56:01","SZ","NB",4684421402,4209688382,8894109784,474733020
20200122,"09:57:01","SH","NB",3456206917,4058379288,7514586205,-602172371
20200122,"09:57:01","SZ","NB",4796938485,4377220553,9174159038,419717932
20200122,"09:58:01","SZ","NB",4922185056,4519002856,9441187912,403182200
20200122,"09:58:01","SH","NB",3527019926,4210902187,7737922113,-683882261
20200122,"09:59:01","SH","NB",3598708975,4365383111,7964092086,-766674136
20200122,"09:59:01","SZ","NB",5059331038,4648497849,9707828887,410833189
20200122,"10:00:01","SH","NB",3723307037,4478458211,8201765248,-755151174
20200122,"10:00:01","SZ","NB",5208413271,4720540031,9928953302,487873240
20200122,"10:01:01","SH","NB",3879019369,4561398223,8440417592,-682378854
20200122,"10:01:01","SZ","NB",5383098131,4800652585,10183750716,582445546
20200122,"10:02:01","SZ","NB",5476323020,4905854888,10382177908,570468132
20200122,"10:02:01","SH","NB",3987827788,4638365529,8626193317,-650537741
20200122,"10:03:01","SH","NB",4060102906,4719272331,8779375237,-659169425
20200122,"10:03:01","SZ","NB",5552924197,5017666670,10570590867,535257527
20200122,"10:04:01","SH","NB",4138077423,4803159635,8941237058,-665082212
20200122,"10:04:01","SZ","NB",5636750390,5116846643,10753597033,519903747
20200122,"10:05:01","SH","NB",4212560648,4915204155,9127764803,-702643507
20200122,"10:05:01","SZ","NB",5699699554,5237616370,10937315924,462083184
20200122,"10:06:01","SH","NB",4260510273,4986598587,9247108860,-726088314
20200122,"10:06:01","SZ","NB",5760502551,5335811439,11096313990,424691112
20200122,"10:07:01","SH","NB",4317651163,5138064627,9455715790,-820413464
20200122,"10:07:01","SZ","NB",5819848938,5479718133,11299567071,340130805
20200122,"10:08:01","SZ","NB",5891610390,5554176983,11445787373,337433407
20200122,"10:08:01","SH","NB",4372562080,5196414461,9568976541,-823852381
20200122,"10:09:01","SH","NB",4420965975,5261451538,9682417513,-840485563
20200122,"10:09:01","SZ","NB",5970224135,5613269929,11583494064,356954206
20200122,"10:10:01","SH","NB",4485699422,5403241289,9888940711,-917541867
20200122,"10:10:01","SZ","NB",6038474614,5787892736,11826367350,250581878
20200122,"10:11:01","SH","NB",4568835203,5477767519,10046602722,-908932316
20200122,"10:11:01","SZ","NB",6133215462,5880743313,12013958775,252472149
20200122,"10:12:01","SH","NB",4637652000,5542399766,10180051766,-904747766
20200122,"10:12:01","SZ","NB",6194145739,5976982326,12171128065,217163413
20200122,"10:13:01","SH","NB",4715346245,5606927617,10322273862,-891581372
20200122,"10:13:01","SZ","NB",6271371899,6049396863,12320768762,221975036
20200122,"10:14:01","SH","NB",4768504700,5728509194,10497013894,-960004494
20200122,"10:14:01","SZ","NB",6324729746,6203155322,12527885068,121574424
20200122,"10:15:01","SH","NB",4824493033,5797566230,10622059263,-973073197
20200122,"10:15:01","SZ","NB",6393279731,6321874507,12715154238,71405224
20200122,"10:16:01","SZ","NB",6460704040,6409941668,12870645708,50762372
20200122,"10:16:01","SH","NB",4885823412,5859219629,10745043041,-973396217
20200122,"10:17:01","SH","NB",4936032592,5899417383,10835449975,-963384791
20200122,"10:17:01","SZ","NB",6512041428,6471742307,12983783735,40299121
20200122,"10:18:01","SH","NB",4996684054,5945324452,10942008506,-948640398
20200122,"10:18:01","SZ","NB",6605037512,6539624733,13144662245,65412779
20200122,"10:19:01","SH","NB",5160668479,6002115041,11162783520,-841446562
20200122,"10:19:01","SZ","NB",6700442384,6610453362,13310895746,89989022
20200122,"10:20:01","SH","NB",5252133154,6089254389,11341387543,-837121235
20200122,"10:20:01","SZ","NB",6765003190,6727449117,13492452307,37554073
20200122,"10:21:01","SZ","NB",6860561413,6813350684,13673912097,47210729
20200122,"10:21:01","SH","NB",5332395400,6152436873,11484832273,-820041473
20200122,"10:22:01","SH","NB",5399379267,6236484961,11635864228,-837105694
20200122,"10:22:01","SZ","NB",6918200560,6972328153,13890528713,-54127593
20200122,"10:23:01","SH","NB",5456792114,6287995689,11744787803,-831203575
20200122,"10:23:01","SZ","NB",6962691649,7054226416,14016918065,-91534767
20200122,"10:24:01","SH","NB",5498695317,6344974834,11843670151,-846279517
20200122,"10:24:01","SZ","NB",7012508794,7125395840,14137904634,-112887046
20200122,"10:25:01","SH","NB",5539984265,6395648949,11935633214,-855664684
20200122,"10:25:01","SZ","NB",7055886145,7203275088,14259161233,-147388943
20200122,"10:26:01","SH","NB",5593180186,6465658283,12058838469,-872478097
20200122,"10:26:01","SZ","NB",7101390763,7284448653,14385839416,-183057890
20200122,"10:27:01","SH","NB",5638684310,6498893799,12137578109,-860209489
20200122,"10:27:01","SZ","NB",7156706343,7346041978,14502748321,-189335635
20200122,"10:28:01","SH","NB",5678669007,6544781023,12223450030,-866112016
20200122,"10:28:01","SZ","NB",7211956973,7407090421,14619047394,-195133448
20200122,"10:29:01","SZ","NB",7257073272,7478054509,14735127781,-220981237
20200122,"10:29:01","SH","NB",5717245509,6602702595,12319948104,-885457086
20200122,"10:30:01","SH","NB",5772328095,6718607115,12490935210,-946279020
20200122,"10:30:01","SZ","NB",7316762565,7580905464,14897668029,-264142899
20200122,"10:31:01","SH","NB",5851658200,6764298670,12615956870,-912640470
20200122,"10:31:01","SZ","NB",7411921256,7627547226,15039468482,-215625970
20200122,"10:32:01","SH","NB",5901384439,6812019457,12713403896,-910635018
20200122,"10:32:01","SZ","NB",7467668691,7695564945,15163233636,-227896254
20200122,"10:33:01","SH","NB",5950657671,6848362463,12799020134,-897704792
20200122,"10:33:01","SZ","NB",7530612721,7752245000,15282857721,-221632279
20200122,"10:34:01","SH","NB",6005977638,6890534177,12896511815,-884556539
20200122,"10:34:01","SZ","NB",7579504020,7806409954,15385913974,-226905934
20200122,"10:35:01","SH","NB",6048438003,6933207961,12981645964,-884769958
20200122,"10:35:01","SZ","NB",7631558529,7853543420,15485101949,-221984891
20200122,"10:36:01","SH","NB",6102254831,7071830870,13174085701,-969576039
20200122,"10:36:01","SZ","NB",7696240397,7941590201,15637830598,-245349804
20200122,"10:37:01","SH","NB",6144890291,7141736641,13286626932,-996846350
20200122,"10:37:01","SZ","NB",7751712283,8023025613,15774737896,-271313330
20200122,"10:38:01","SZ","NB",7805291065,8067295283,15872586348,-262004218
20200122,"10:38:01","SH","NB",6185811150,7193825143,13379636293,-1008013993
20200122,"10:39:01","SH","NB",6229708287,7231163130,13460871417,-1001454843
20200122,"10:39:01","SZ","NB",7862258211,8105424291,15967682502,-243166080
20200122,"10:40:01","SH","NB",6279785484,7288156356,13567941840,-1008370872
20200122,"10:40:01","SZ","NB",7915865726,8163591700,16079457426,-247725974
20200122,"10:41:01","SH","NB",6362796918,7336493765,13699290683,-973696847
20200122,"10:41:01","SZ","NB",8065201159,8224527817,16289728976,-159326658
20200122,"10:42:01","SH","NB",6425322618,7424742573,13850065191,-999419955
20200122,"10:42:01","SZ","NB",8136856436,8311506042,16448362478,-174649606
20200122,"10:43:01","SZ","NB",8198849223,8375997397,16574846620,-177148174
20200122,"10:43:01","SH","NB",6463691515,7478542833,13942234348,-1014851318
20200122,"10:44:01","SH","NB",6507031920,7558191520,14065223440,-1051159600
20200122,"10:44:01","SZ","NB",8259815035,8462105015,16721920050,-202289980
20200122,"10:45:01","SH","NB",6544333265,7614751595,14159084860,-1070418330
20200122,"10:45:01","SZ","NB",8309280409,8523960887,16833241296,-214680478
20200122,"10:46:01","SH","NB",6581078441,7662680441,14243758882,-1081602000
20200122,"10:46:01","SZ","NB",8358910163,8584740167,16943650330,-225830004
20200122,"10:47:01","SH","NB",6625372760,7758516546,14383889306,-1133143786
20200122,"10:47:01","SZ","NB",8405991700,8669044700,17075036400,-263053000
20200122,"10:48:01","SH","NB",6669576495,7895934965,14565511460,-1226358470
20200122,"10:48:01","SZ","NB",8451562253,8781767732,17233329985,-330205479
20200122,"10:49:01","SZ","NB",8507852730,8839199440,17347052170,-331346710
20200122,"10:49:01","SH","NB",6726605520,7950901475,14677506995,-1224295955
20200122,"10:50:01","SH","NB",6774513150,7988862361,14763375511,-1214349211
20200122,"10:50:01","SZ","NB",8561642089,8877501618,17439143707,-315859529
20200122,"10:51:01","SH","NB",6865308952,8026002065,14891311017,-1160693113
20200122,"10:51:01","SZ","NB",8659114278,8920070483,17579184761,-260956205
20200122,"10:52:01","SH","NB",6966053158,8057671917,15023725075,-1091618759
20200122,"10:52:01","SZ","NB",8744217038,8959544665,17703761703,-215327627
20200122,"10:53:01","SH","NB",7013487485,8093615126,15107102611,-1080127641
20200122,"10:53:01","SZ","NB",8799433688,9017115237,17816548925,-217681549
20200122,"10:54:01","SH","NB",7053050799,8156906337,15209957136,-1103855538
20200122,"10:54:01","SZ","NB",8844506738,9079180458,17923687196,-234673720
20200122,"10:55:01","SH","NB",7098453227,8246925410,15345378637,-1148472183
20200122,"10:55:01","SZ","NB",8880008207,9159265914,18039274121,-279257707
20200122,"10:56:01","SH","NB",7135646183,8336738951,15472385134,-1201092768
20200122,"10:56:01","SZ","NB",8917141081,9256207375,18173348456,-339066294
20200122,"10:57:01","SZ","NB",8961922279,9300577147,18262499426,-338654868
20200122,"10:57:01","SH","NB",7174329495,8376803031,15551132526,-1202473536
20200122,"10:58:01","SH","NB",7209770560,8419043956,15628814516,-1209273396
20200122,"10:58:01","SZ","NB",9009716432,9335593102,18345309534,-325876670
20200122,"10:59:01","SH","NB",7254080991,8437919473,15692000464,-1183838482
20200122,"10:59:01","SZ","NB",9072755724,9362552137,18435307861,-289796413
20200122,"11:00:01","SH","NB",7290278388,8466661442,15756939830,-1176383054
20200122,"11:00:01","SZ","NB",9132787705,9407044042,18539831747,-274256337
20200122,"11:01:01","SH","NB",7332534556,8551088449,15883623005,-1218553893
20200122,"11:01:01","SZ","NB",9204602266,9516032574,18720634840,-311430308
20200122,"11:02:01","SZ","NB",9274972662,9563552932,18838525594,-288580270
20200122,"11:02:01","SH","NB",7388513863,8587648567,15976162430,-1199134704
20200122,"11:03:01","SH","NB",7419759518,8615710222,16035469740,-1195950704
20200122,"11:03:01","SZ","NB",9326642362,9597720850,18924363212,-271078488
20200122,"11:04:01","SH","NB",7452891519,8673819082,16126710601,-1220927563
20200122,"11:04:01","SZ","NB",9373743915,9657055055,19030798970,-283311140
20200122,"11:05:01","SZ","NB",9410072015,9687863169,19097935184,-277791154
20200122,"11:05:01","SH","NB",7477857489,8702947799,16180805288,-1225090310
20200122,"11:06:01","SH","NB",7509835739,8788660073,16298495812,-1278824334
20200122,"11:06:01","SZ","NB",9445720002,9759375873,19205095875,-313655871
20200122,"11:07:01","SH","NB",7553183305,8854755347,16407938652,-1301572042
20200122,"11:07:01","SZ","NB",9490180896,9807008296,19297189192,-316827400
20200122,"11:08:01","SH","NB",7592405575,8878604882,16471010457,-1286199307
20200122,"11:08:01","SZ","NB",9540685579,9832788801,19373474380,-292103222
20200122,"11:09:01","SH","NB",7627086578,8902976429,16530063007,-1275889851
20200122,"11:09:01","SZ","NB",9579889612,9860306296,19440195908,-280416684
20200122,"11:10:01","SH","NB",7652265389,8941203709,16593469098,-1288938320
20200122,"11:10:01","SZ","NB",9618037614,9900176031,19518213645,-282138417
20200122,"11:11:01","SH","NB",7693553387,8969481620,16663035007,-1275928233
20200122,"11:11:01","SZ","NB",9690502142,9939998832,19630500974,-249496690
20200122,"11:12:01","SH","NB",7731502543,9002647951,16734150494,-1271145408
20200122,"11:12:01","SZ","NB",9763010454,9979521711,19742532165,-216511257
20200122,"11:13:01","SH","NB",7754980447,9041179398,16796159845,-1286198951
20200122,"11:13:01","SZ","NB",9806230977,10022258013,19828488990,-216027036
20200122,"11:14:01","SH","NB",7788017300,9077217219,16865234519,-1289199919
20200122,"11:14:01","SZ","NB",9849997445,10068028890,19918026335,-218031445
20200122,"11:15:01","SZ","NB",9894414142,10123724094,20018138236,-229309952
20200122,"11:15:01","SH","NB",7817522808,9134263072,16951785880,-1316740264
20200122,"11:16:01","SH","NB",7863494570,9164933783,17028428353,-1301439213
20200122,"11:16:01","SZ","NB",9944411243,10156893291,20101304534,-212482048
20200122,"11:17:01","SH","NB",7897637982,9189299754,17086937736,-1291661772
20200122,"11:17:01","SZ","NB",9992018243,10186950454,20178968697,-194932211
20200122,"11:18:01","SH","NB",7950648255,9210970373,17161618628,-1260322118
20200122,"11:18:01","SZ","NB",10062356227,10222986695,20285342922,-160630468
20200122,"11:19:01","SH","NB",7987053016,9242550625,17229603641,-1255497609
20200122,"11:19:01","SZ","NB",10107823346,10263996633,20371819979,-156173287
20200122,"11:20:01","SH","NB",8011843157,9274406451,17286249608,-1262563294
20200122,"11:20:01","SZ","NB",10148000313,10309682581,20457682894,-161682268
20200122,"11:21:01","SH","NB",8066550686,9308597268,17375147954,-1242046582
20200122,"11:21:01","SZ","NB",10255505155,10352068347,20607573502,-96563192
20200122,"11:22:01","SH","NB",8116731917,9338209026,17454940943,-1221477109
20200122,"11:22:01","SZ","NB",10327020330,10393822912,20720843242,-66802582
20200122,"11:23:01","SZ","NB",10387624478,10438191637,20825816115,-50567159
20200122,"11:23:01","SH","NB",8153320559,9366319697,17519640256,-1212999138
20200122,"11:24:01","SH","NB",8212615241,9396513933,17609129174,-1183898692
20200122,"11:24:01","SZ","NB",10452661942,10478343940,20931005882,-25681998
20200122,"11:25:01","SH","NB",8255604928,9427000670,17682605598,-1171395742
20200122,"11:25:01","SZ","NB",10498502259,10516146037,21014648296,-17643778
20200122,"11:26:01","SH","NB",8309713749,9462606083,17772319832,-1152892334
20200122,"11:26:01","SZ","NB",10534618877,10557501030,21092119907,-22882153
20200122,"11:27:01","SH","NB",8351760029,9498598975,17850359004,-1146838946
20200122,"11:27:01","SZ","NB",10573912389,10603739701,21177652090,-29827312
20200122,"11:28:01","SZ","NB",10614617923,10642864034,21257481957,-28246111
20200122,"11:28:01","SH","NB",8397480710,9531947013,17929427723,-1134466303
20200122,"11:29:01","SH","NB",8433365445,9563270916,17996636361,-1129905471
20200122,"11:29:01","SZ","NB",10646677881,10669632981,21316310862,-22955100
20200122,"11:30:01","SH","NB",8469034320,9596140443,18065174763,-1127106123
20200122,"11:30:01","SZ","NB",10679798228,10699669694,21379467922,-19871466
20200122,"11:31:01","SH","NB",8469736735,9596459639,18066196374,-1126722904
20200122,"11:31:01","SZ","NB",10680039570,10699883570,21379923140,-19844000
20200122,"13:00:01","SZ","NB",10687382824,10704093817,21391476641,-16710993
20200122,"13:01:01","SH","NB",8612896658,9766091703,18378988361,-1153195045
20200122,"13:01:01","SZ","NB",10844697464,10872434831,21717132295,-27737367
20200122,"13:02:01","SH","NB",8681917156,9829274385,18511191541,-1147357229
20200122,"13:02:01","SZ","NB",10935415520,10974904777,21910320297,-39489257
20200122,"13:03:01","SZ","NB",10995821629,11065305329,22061126958,-69483700
20200122,"13:03:01","SH","NB",8730998522,9889330087,18620328609,-1158331565
20200122,"13:04:01","SH","NB",8782856092,9937901699,18720757791,-1155045607
20200122,"13:04:01","SZ","NB",11069161558,11141471418,22210632976,-72309860
20200122,"13:05:01","SH","NB",8823733172,9975258229,18798991401,-1151525057
20200122,"13:05:01","SZ","NB",11132460131,11189580516,22322040647,-57120385
20200122,"13:06:01","SH","NB",8862818628,10011294609,18874113237,-1148475981
20200122,"13:06:01","SZ","NB",11183170640,11252897243,22436067883,-69726603
20200122,"13:07:01","SH","NB",8912726179,10052105773,18964831952,-1139379594
20200122,"13:07:01","SZ","NB",11249026537,11304223337,22553249874,-55196800
20200122,"13:08:01","SZ","NB",11299636851,11355217433,22654854284,-55580582
20200122,"13:08:01","SH","NB",8954978204,10089656404,19044634608,-1134678200
20200122,"13:09:01","SH","NB",8994579853,10167384006,19161963859,-1172804153
20200122,"13:09:01","SZ","NB",11353766574,11426314683,22780081257,-72548109
20200122,"13:10:01","SH","NB",9043172292,10221337238,19264509530,-1178164946
20200122,"13:10:01","SZ","NB",11407190373,11479142565,22886332938,-71952192
20200122,"13:11:01","SH","NB",9109798959,10257855938,19367654897,-1148056979
20200122,"13:11:01","SZ","NB",11510513707,11531167304,23041681011,-20653597
20200122,"13:12:01","SH","NB",9166819127,10299212623,19466031750,-1132393496
20200122,"13:12:01","SZ","NB",11572472860,11600451132,23172923992,-27978272
20200122,"13:13:01","SH","NB",9223819837,10328866417,19552686254,-1105046580
20200122,"13:13:01","SZ","NB",11619340002,11651630902,23270970904,-32290900
20200122,"13:14:01","SZ","NB",11676880150,11702205533,23379085683,-25325383
20200122,"13:14:01","SH","NB",9274993934,10358070817,19633064751,-1083076883
20200122,"13:15:01","SH","NB",9325225720,10388556622,19713782342,-1063330902
20200122,"13:15:01","SZ","NB",11740659388,11747193384,23487852772,-6533996
20200122,"13:16:01","SH","NB",9379088374,10445201006,19824289380,-1066112632
20200122,"13:16:01","SZ","NB",11803083742,11832008754,23635092496,-28925012
20200122,"13:17:01","SH","NB",9421783427,10523093579,19944877006,-1101310152
20200122,"13:17:01","SZ","NB",11846958378,11923173904,23770132282,-76215526
20200122,"13:18:01","SH","NB",9462845082,10561001336,20023846418,-1098156254
20200122,"13:18:01","SZ","NB",11900410059,11973234661,23873644720,-72824602
20200122,"13:19:01","SH","NB",9500392816,10590960737,20091353553,-1090567921
20200122,"13:19:01","SZ","NB",11950209253,12017422854,23967632107,-67213601
20200122,"13:20:01","SZ","NB",12001049608,12079120789,24080170397,-78071181
20200122,"13:20:01","SH","NB",9535336776,10622231152,20157567928,-1086894376
20200122,"13:21:01","SH","NB",9583246515,10668422146,20251668661,-1085175631
20200122,"13:21:01","SZ","NB",12057157214,12148167672,24205324886,-91010458
20200122,"13:22:01","SH","NB",9622907683,10703496007,20326403690,-1080588324
20200122,"13:22:01","SZ","NB",12095940351,12187631094,24283571445,-91690743
20200122,"13:23:01","SH","NB",9680205633,10743401095,20423606728,-1063195462
20200122,"13:23:01","SZ","NB",12158163455,12245759472,24403922927,-87596017
20200122,"13:24:01","SH","NB",9770007694,10777845528,20547853222,-1007837834
20200122,"13:24:01","SZ","NB",12274150226,12291066828,24565217054,-16916602
20200122,"13:25:01","SH","NB",9821710140,10822117957,20643828097,-1000407817
20200122,"13:25:01","SZ","NB",12333362678,12361785486,24695148164,-28422808
20200122,"13:26:01","SH","NB",9867701317,10871197573,20738898890,-1003496256
20200122,"13:26:01","SZ","NB",12386101122,12432580968,24818682090,-46479846
20200122,"13:27:01","SH","NB",9919749639,10948838427,20868588066,-1029088788
20200122,"13:27:01","SZ","NB",12436588247,12514296431,24950884678,-77708184
20200122,"13:28:01","SZ","NB",12484239685,12620478320,25104718005,-136238635
20200122,"13:28:01","SH","NB",9957053438,11005479948,20962533386,-1048426510
20200122,"13:29:01","SH","NB",9992210366,11064219213,21056429579,-1072008847
20200122,"13:29:01","SZ","NB",12536603950,12682260423,25218864373,-145656473
20200122,"13:30:01","SH","NB",10018506966,11096086981,21114593947,-1077580015
20200122,"13:30:01","SZ","NB",12575437881,12724945107,25300382988,-149507226
20200122,"13:31:01","SH","NB",10065941798,11141523834,21207465632,-1075582036
20200122,"13:31:01","SZ","NB",12643617647,12788326901,25431944548,-144709254
20200122,"13:32:01","SH","NB",10112009467,11181208216,21293217683,-1069198749
20200122,"13:32:01","SZ","NB",12701609811,12832169635,25533779446,-130559824
20200122,"13:33:01","SZ","NB",12765679070,12875639452,25641318522,-109960382
20200122,"13:33:01","SH","NB",10185929740,11214991780,21400921520,-1029062040
20200122,"13:34:01","SH","NB",10237441873,11252851855,21490293728,-1015409982
20200122,"13:34:01","SZ","NB",12824648490,12920349684,25744998174,-95701194
20200122,"13:35:01","SH","NB",10290244355,11297381019,21587625374,-1007136664
20200122,"13:35:01","SZ","NB",12887057962,12974889349,25861947311,-87831387
20200122,"13:36:01","SH","NB",10347794627,11351839909,21699634536,-1004045282
20200122,"13:36:01","SZ","NB",12933692163,13031998522,25965690685,-98306359
20200122,"13:37:01","SH","NB",10404841843,11387756577,21792598420,-982914734
20200122,"13:37:01","SZ","NB",13010682381,13080485615,26091167996,-69803234
20200122,"13:38:01","SZ","NB",13077877425,13150582948,26228460373,-72705523
20200122,"13:38:01","SH","NB",10448794578,11432076928,21880871506,-983282350
20200122,"13:39:01","SH","NB",10509712974,11481816502,21991529476,-972103528
20200122,"13:39:01","SZ","NB",13129712242,13214381510,26344093752,-84669268
20200122,"13:40:01","SH","NB",10600540355,11540084536,22140624891,-939544181
20200122,"13:40:01","SZ","NB",13208340210,13288827463,26497167673,-80487253
20200122,"13:41:01","SH","NB",10659110576,11657099051,22316209627,-997988475
20200122,"13:41:01","SZ","NB",13269832638,13411167379,26681000017,-141334741
20200122,"13:42:01","SH","NB",10706796750,11699614657,22406411407,-992817907
20200122,"13:42:01","SZ","NB",13336466839,13473289449,26809756288,-136822610
20200122,"13:43:01","SH","NB",10778438947,11737762151,22516201098,-959323204
20200122,"13:43:01","SZ","NB",13406587348,13522815740,26929403088,-116228392
20200122,"13:44:01","SZ","NB",13448770974,13566124158,27014895132,-117353184
20200122,"13:44:01","SH","NB",10820066456,11785572743,22605639199,-965506287
20200122,"13:45:01","SH","NB",10862147120,11836085869,22698232989,-973938749
20200122,"13:45:01","SZ","NB",13508025235,13620694271,27128719506,-112669036
20200122,"13:46:01","SH","NB",10910466996,11868053173,22778520169,-957586177
20200122,"13:46:01","SZ","NB",13553477701,13651470323,27204948024,-97992622
20200122,"13:47:01","SH","NB",10948086272,11924636740,22872723012,-976550468
20200122,"13:47:01","SZ","NB",13589912140,13699836377,27289748517,-109924237
20200122,"13:48:01","SH","NB",11001135420,12012331494,23013466914,-1011196074
20200122,"13:48:01","SZ","NB",13628728425,13754005183,27382733608,-125276758
20200122,"13:49:01","SH","NB",11049756999,12104526719,23154283718,-1054769720
20200122,"13:49:01","SZ","NB",13698018415,13824950096,27522968511,-126931681
20200122,"13:50:01","SH","NB",11098816129,12138176132,23236992261,-1039360003
20200122,"13:50:01","SZ","NB",13750932040,13859792879,27610724919,-108860839
20200122,"13:51:01","SH","NB",11172330606,12173699994,23346030600,-1001369388
20200122,"13:51:01","SZ","NB",13835222761,13907445576,27742668337,-72222815
20200122,"13:52:01","SH","NB",11216418167,12208403481,23424821648,-991985314
20200122,"13:52:01","SZ","NB",13879192754,13943851251,27823044005,-64658497
20200122,"13:53:01","SH","NB",11255110559,12250677569,23505788128,-995567010
20200122,"13:53:01","SZ","NB",13914155248,13979077425,27893232673,-64922177
20200122,"13:54:01","SZ","NB",13947550809,14009890204,27957441013,-62339395
20200122,"13:54:01","SH","NB",11282729684,12281596182,23564325866,-998866498
20200122,"13:55:01","SH","NB",11310202131,12307019221,23617221352,-996817090
20200122,"13:55:01","SZ","NB",13988243976,14042297755,28030541731,-54053779
20200122,"13:56:01","SH","NB",11358882221,12339208029,23698090250,-980325808
20200122,"13:56:01","SZ","NB",14042576512,14083523233,28126099745,-40946721
20200122,"13:57:01","SH","NB",11390209600,12364624266,23754833866,-974414666
20200122,"13:57:01","SZ","NB",14094423261,14113744406,28208167667,-19321145
20200122,"13:58:01","SH","NB",11444540344,12418611658,23863152002,-974071314
20200122,"13:58:01","SZ","NB",14154470561,14165348379,28319818940,-10877818
20200122,"13:59:01","SH","NB",11478397006,12460752040,23939149046,-982355034
20200122,"13:59:01","SZ","NB",14196294869,14207195282,28403490151,-10900413
20200122,"14:00:01","SH","NB",11525703801,12496355775,24022059576,-970651974
20200122,"14:00:01","SZ","NB",14253433387,14252445854,28505879241,987533
20200122,"14:01:01","SZ","NB",14313445050,14331683033,28645128083,-18237983
20200122,"14:01:01","SH","NB",11576678733,12562916629,24139595362,-986237896
20200122,"14:02:01","SH","NB",11613809022,12634880921,24248689943,-1021071899
20200122,"14:02:01","SZ","NB",14353584980,14406740030,28760325010,-53155050
20200122,"14:03:01","SH","NB",11651549913,12709093969,24360643882,-1057544056
20200122,"14:03:01","SZ","NB",14398896484,14476815055,28875711539,-77918571
20200122,"14:04:01","SH","NB",11692142483,12747505320,24439647803,-1055362837
20200122,"14:04:01","SZ","NB",14449144550,14524397673,28973542223,-75253123
20200122,"14:05:01","SH","NB",11755089246,12790966558,24546055804,-1035877312
20200122,"14:05:01","SZ","NB",14499302333,14558335186,29057637519,-59032853
20200122,"14:06:01","SH","NB",11846231809,12824458018,24670689827,-978226209
20200122,"14:06:01","SZ","NB",14592429831,14606956719,29199386550,-14526888
20200122,"14:07:01","SH","NB",11927371501,12857086410,24784457911,-929714909
20200122,"14:07:01","SZ","NB",14643102236,14648940201,29292042437,-5837965
20200122,"14:08:01","SH","NB",11968633857,12888523234,24857157091,-919889377
20200122,"14:08:01","SZ","NB",14685284616,14692385623,29377670239,-7101007
20200122,"14:09:01","SZ","NB",14730098739,14740199815,29470298554,-10101076
20200122,"14:09:01","SH","NB",12012009187,12916448473,24928457660,-904439286
20200122,"14:10:01","SH","NB",12056335964,12947485078,25003821042,-891149114
20200122,"14:10:01","SZ","NB",14775936899,14778610356,29554547255,-2673457
20200122,"14:11:01","SH","NB",12113311598,12988112325,25101423923,-874800727
20200122,"14:11:01","SZ","NB",14844655846,14836077240,29680733086,8578606
20200122,"14:12:01","SH","NB",12153190187,13054612149,25207802336,-901421962
20200122,"14:12:01","SZ","NB",14887037898,14896003370,29783041268,-8965472
20200122,"14:13:01","SH","NB",12191695760,13100529748,25292225508,-908833988
20200122,"14:13:01","SZ","NB",14940595389,14953015129,29893610518,-12419740
20200122,"14:14:01","SZ","NB",14996612862,15004983723,30001596585,-8370861
20200122,"14:14:01","SH","NB",12225897937,13134727049,25360624986,-908829112
20200122,"14:15:01","SH","NB",12261404778,13169545750,25430950528,-908140972
20200122,"14:15:01","SZ","NB",15059349380,15059598285,30118947665,-248905
20200122,"14:16:01","SH","NB",12300648535,13203605757,25504254292,-902957222
20200122,"14:16:01","SZ","NB",15109449310,15125936341,30235385651,-16487031
20200122,"14:17:01","SH","NB",12347594290,13242260512,25589854802,-894666222
20200122,"14:17:01","SZ","NB",15156997608,15177355218,30334352826,-20357610
20200122,"14:18:01","SH","NB",12396019926,13284727242,25680747168,-888707316
20200122,"14:18:01","SZ","NB",15199251360,15215335632,30414586992,-16084272
20200122,"14:19:01","SH","NB",12500548329,13329959936,25830508265,-829411607
20200122,"14:19:01","SZ","NB",15342810848,15254572192,30597383040,88238656
20200122,"14:20:01","SH","NB",12611570297,13401052933,26012623230,-789482636
20200122,"14:20:01","SZ","NB",15423524192,15320833345,30744357537,102690847
20200122,"14:21:01","SH","NB",12669381007,13493135619,26162516626,-823754612
20200122,"14:21:01","SZ","NB",15465549931,15424603999,30890153930,40945932
20200122,"14:22:01","SH","NB",12717914515,13542529210,26260443725,-824614695
20200122,"14:22:01","SZ","NB",15510914136,15470540519,30981454655,40373617
20200122,"14:23:01","SH","NB",12766506403,13593891284,26360397687,-827384881
20200122,"14:23:01","SZ","NB",15551778129,15520014704,31071792833,31763425
20200122,"14:24:01","SZ","NB",15583097919,15573301288,31156399207,9796631
20200122,"14:24:01","SH","NB",12813567767,13657428855,26470996622,-843861088
20200122,"14:25:01","SH","NB",12872962476,13698669374,26571631850,-825706898
20200122,"14:25:01","SZ","NB",15629071214,15622785797,31251857011,6285417
20200122,"14:26:01","SH","NB",12926215686,13772857437,26699073123,-846641751
20200122,"14:26:01","SZ","NB",15667333056,15682035409,31349368465,-14702353
20200122,"14:27:01","SZ","NB",15700966354,15718082593,31419048947,-17116239
20200122,"14:27:01","SH","NB",12981175444,13822311128,26803486572,-841135684
20200122,"14:28:01","SH","NB",13053569774,13863626314,26917196088,-810056540
20200122,"14:28:01","SZ","NB",15753350825,15756696261,31510047086,-3345436
20200122,"14:29:01","SH","NB",13122896189,13924405214,27047301403,-801509025
20200122,"14:29:01","SZ","NB",15803819819,15794390421,31598210240,9429398
20200122,"14:30:01","SH","NB",13171370485,13962601277,27133971762,-791230792
20200122,"14:30:01","SZ","NB",15843790965,15850605484,31694396449,-6814519
20200122,"14:31:01","SH","NB",13228596250,14017539085,27246135335,-788942835
20200122,"14:31:01","SZ","NB",15892078594,15943456271,31835534865,-51377677
20200122,"14:32:01","SH","NB",13269150845,14078113865,27347264710,-808963020
20200122,"14:32:01","SZ","NB",15943062887,16036669020,31979731907,-93606133
20200122,"14:33:01","SH","NB",13333875811,14129747852,27463623663,-795872041
20200122,"14:33:01","SZ","NB",15990942531,16100397776,32091340307,-109455245
20200122,"14:34:01","SH","NB",13381596829,14168312669,27549909498,-786715840
20200122,"14:34:01","SZ","NB",16042125261,16161120312,32203245573,-118995051
20200122,"14:35:01","SH","NB",13449990567,14238773345,27688763912,-788782778
20200122,"14:35:01","SZ","NB",16091617987,16232868214,32324486201,-141250227
20200122,"14:36:01","SZ","NB",16162447982,16293600944,32456048926,-131152962
20200122,"14:36:01","SH","NB",13516197341,14284933138,27801130479,-768735797
20200122,"14:37:01","SH","NB",13577551964,14324621579,27902173543,-747069615
20200122,"14:37:01","SZ","NB",16220382062,16339191733,32559573795,-118809671
20200122,"14:38:01","SH","NB",13616339602,14364747293,27981086895,-748407691
20200122,"14:38:01","SZ","NB",16263573432,16379620605,32643194037,-116047173
20200122,"14:39:01","SH","NB",13663971880,14398554801,28062526681,-734582921
20200122,"14:39:01","SZ","NB",16306943480,16422770445,32729713925,-115826965
20200122,"14:40:01","SH","NB",13710834296,14428417819,28139252115,-717583523
20200122,"14:40:01","SZ","NB",16362164007,16459665142,32821829149,-97501135
20200122,"14:41:01","SH","NB",13761384672,14477172933,28238557605,-715788261
20200122,"14:41:01","SZ","NB",16413878283,16538138093,32952016376,-124259810
20200122,"14:42:01","SH","NB",13811128346,14518441078,28329569424,-707312732
20200122,"14:42:01","SZ","NB",16474914663,16589383849,33064298512,-114469186
20200122,"14:43:01","SH","NB",13873848469,14551583771,28425432240,-677735302
20200122,"14:43:01","SZ","NB",16551070220,16643910245,33194980465,-92840025
20200122,"14:44:01","SH","NB",13912836201,14586560348,28499396549,-673724147
20200122,"14:44:01","SZ","NB",16613388303,16691366913,33304755216,-77978610
20200122,"14:45:01","SH","NB",13953778481,14623380453,28577158934,-669601972
20200122,"14:45:01","SZ","NB",16667881642,16763143400,33431025042,-95261758
20200122,"14:46:01","SZ","NB",16713185005,16830187558,33543372563,-117002553
20200122,"14:46:01","SH","NB",13998710642,14671846752,28670557394,-673136110
20200122,"14:47:01","SH","NB",14039131140,14721169403,28760300543,-682038263
20200122,"14:47:01","SZ","NB",16753173867,16871208838,33624382705,-118034971
20200122,"14:48:01","SH","NB",14096935034,14783867361,28880802395,-686932327
20200122,"14:48:01","SZ","NB",16813974367,16929160040,33743134407,-115185673
20200122,"14:49:01","SH","NB",14150126493,14869110912,29019237405,-718984419
20200122,"14:49:01","SZ","NB",16873335549,16992619695,33865955244,-119284146
20200122,"14:50:01","SH","NB",14207936846,14913418333,29121355179,-705481487
20200122,"14:50:01","SZ","NB",16948360398,17046502156,33994862554,-98141758
20200122,"14:51:01","SH","NB",14281146959,14974889286,29256036245,-693742327
20200122,"14:51:01","SZ","NB",17048575976,17122915315,34171491291,-74339339
20200122,"14:52:01","SZ","NB",17129352718,17190450131,34319802849,-61097413
20200122,"14:52:01","SH","NB",14346604627,15036024309,29382628936,-689419682
20200122,"14:53:01","SH","NB",14407210082,15096903290,29504113372,-689693208
20200122,"14:53:01","SZ","NB",17221461232,17252603703,34474064935,-31142471
20200122,"14:54:01","SH","NB",14475152362,15209971859,29685124221,-734819497
20200122,"14:54:01","SZ","NB",17300392450,17351822781,34652215231,-51430331
20200122,"14:55:01","SH","NB",14533737820,15279526492,29813264312,-745788672
20200122,"14:55:01","SZ","NB",17385201495,17430724933,34815926428,-45523438
20200122,"14:56:01","SH","NB",14612363053,15391012265,30003375318,-778649212
20200122,"14:56:01","SZ","NB",17480414953,17528631803,35009046756,-48216850
20200122,"14:57:01","SH","NB",14695121915,15464237939,30159359854,-769116024
20200122,"14:57:01","SZ","NB",17554883501,17598878505,35153762006,-43995004
20200122,"14:58:01","SH","NB",14695449683,15465501199,30160950882,-770051516
20200122,"14:58:01","SZ","NB",17555037004,17599041370,35154078374,-44004366
20200122,"15:00:01","SZ","NB",17582320329,17623606732,35205927061,-41286403
20200122,"15:01:01","SH","NB",14894465095,15665835228,30560300323,-771370133
20200122,"15:01:01","SZ","NB",17775680696,17768221934,35543902630,7458762
