dataDate,dataTime,connectMarket,tradeDirection,buyTurnover,sellTurnover,totalTurnover,netTurnover
20200813,"09:30:01","SH","NB",163253060,139788353,303041413,23464707
20200813,"09:30:01","SZ","NB",203769698,165666407,369436105,38103291
20200813,"09:31:01","SH","NB",503755589,593078726,1096834315,-89323137
20200813,"09:31:01","SZ","NB",763928231,927066583,1690994814,-163138352
20200813,"09:32:01","SH","NB",839309409,1143744320,1983053729,-304434911
20200813,"09:32:01","SZ","NB",1311559355,1664569863,2976129218,-353010508
20200813,"09:33:01","SH","NB",1195846334,1556867319,2752713653,-361020985
20200813,"09:33:01","SZ","NB",1923575502,2155370919,4078946421,-231795417
20200813,"09:34:01","SZ","NB",2424089531,2661867278,5085956809,-237777747
20200813,"09:34:01","SH","NB",1447439320,1958043376,3405482696,-510604056
20200813,"09:35:01","SH","NB",1686385838,2251478245,3937864083,-565092407
20200813,"09:35:01","SZ","NB",2950566443,3105166121,6055732564,-154599678
20200813,"09:36:01","SH","NB",1961756934,2520422455,4482179389,-558665521
20200813,"09:36:01","SZ","NB",3400208218,3497164661,6897372879,-96956443
20200813,"09:37:01","SH","NB",2168380639,2927790132,5096170771,-759409493
20200813,"09:37:01","SZ","NB",3757375153,4111807047,7869182200,-354431894
20200813,"09:38:01","SH","NB",2609652680,3191433507,5801086187,-581780827
20200813,"09:38:01","SZ","NB",4518821287,4621034363,9139855650,-102213076
20200813,"09:39:01","SZ","NB",4812952812,4926674659,9739627471,-113721847
20200813,"09:39:01","SH","NB",2789515532,3400904465,6190419997,-611388933
20200813,"09:40:01","SH","NB",2990342987,3593049420,6583392407,-602706433
20200813,"09:40:01","SZ","NB",5163555459,5207576147,10371131606,-44020688
20200813,"09:41:01","SH","NB",3245119499,3830499344,7075618843,-585379845
20200813,"09:41:01","SZ","NB",5617163353,5650663548,11267826901,-33500195
20200813,"09:42:01","SH","NB",3580714219,3971303836,7552018055,-390589617
20200813,"09:42:01","SZ","NB",6115186107,5881198361,11996384468,233987746
20200813,"09:43:01","SH","NB",3768657591,4204119012,7972776603,-435461421
20200813,"09:43:01","SZ","NB",6362426025,6286886119,12649312144,75539906
20200813,"09:44:01","SH","NB",3912024919,4410992803,8323017722,-498967884
20200813,"09:44:01","SZ","NB",6534985402,6598022231,13133007633,-63036829
20200813,"09:45:01","SH","NB",4044225009,4640654998,8684880007,-596429989
20200813,"09:45:01","SZ","NB",6719184472,6846719396,13565903868,-127534924
20200813,"09:46:01","SH","NB",4179062648,4975131512,9154194160,-796068864
20200813,"09:46:01","SZ","NB",6943552152,7342012896,14285565048,-398460744
20200813,"09:47:01","SH","NB",4369828481,5096306836,9466135317,-726478355
20200813,"09:47:01","SZ","NB",7206453072,7514454504,14720907576,-308001432
20200813,"09:48:01","SZ","NB",7347688073,7921071726,15268759799,-573383653
20200813,"09:48:01","SH","NB",4469969236,5330031748,9800000984,-860062512
20200813,"09:49:01","SH","NB",4615670760,5440517829,10056188589,-824847069
20200813,"09:49:01","SZ","NB",7597743156,8069012479,15666755635,-471269323
20200813,"09:50:01","SH","NB",4745112182,5557880423,10302992605,-812768241
20200813,"09:50:01","SZ","NB",7789324089,8251484664,16040808753,-462160575
20200813,"09:51:01","SH","NB",5040550352,5705296962,10745847314,-664746610
20200813,"09:51:01","SZ","NB",8271300825,8508882543,16780183368,-237581718
20200813,"09:52:01","SH","NB",5186532350,5993773155,11180305505,-807240805
20200813,"09:52:01","SZ","NB",8471555190,8966777043,17438332233,-495221853
20200813,"09:53:01","SH","NB",5308378516,6096615191,11404993707,-788236675
20200813,"09:53:01","SZ","NB",8693780061,9125052637,17818832698,-431272576
20200813,"09:54:01","SH","NB",5415993723,6248701030,11664694753,-832707307
20200813,"09:54:01","SZ","NB",8842885587,9329210745,18172096332,-486325158
20200813,"09:55:01","SH","NB",5521268035,6503226954,12024494989,-981958919
20200813,"09:55:01","SZ","NB",9022506825,9569192798,18591699623,-546685973
20200813,"09:56:01","SH","NB",5673109564,6721862554,12394972118,-1048752990
20200813,"09:56:01","SZ","NB",9280706339,9939957523,19220663862,-659251184
20200813,"09:57:01","SZ","NB",9549254859,10277228859,19826483718,-727974000
20200813,"09:57:01","SH","NB",5803574941,6928095498,12731670439,-1124520557
20200813,"09:58:01","SH","NB",6077529695,7043102439,13120632134,-965572744
20200813,"09:58:01","SZ","NB",10010833942,10444455498,20455289440,-433621556
20200813,"09:59:01","SH","NB",6144586725,7137077823,13281664548,-992491098
20200813,"09:59:01","SZ","NB",10104603530,10574730252,20679333782,-470126722
20200813,"10:00:01","SH","NB",6208716051,7228203952,13436920003,-1019487901
20200813,"10:00:01","SZ","NB",10222476645,10690020947,20912497592,-467544302
20200813,"10:01:01","SH","NB",6317485080,7511705353,13829190433,-1194220273
20200813,"10:01:01","SZ","NB",10424575644,11215514165,21640089809,-790938521
20200813,"10:02:01","SH","NB",6561065738,7603702101,14164767839,-1042636363
20200813,"10:02:01","SZ","NB",10749161217,11345928237,22095089454,-596767020
20200813,"10:03:01","SH","NB",6661965222,7677556948,14339522170,-1015591726
20200813,"10:03:01","SZ","NB",10909982039,11466526597,22376508636,-556544558
20200813,"10:04:01","SH","NB",6788910263,7805799614,14594709877,-1016889351
20200813,"10:04:01","SZ","NB",11019167225,11628507488,22647674713,-609340263
20200813,"10:05:01","SZ","NB",11133984137,11785202213,22919186350,-651218076
20200813,"10:05:01","SH","NB",6860547695,7932521903,14793069598,-1071974208
20200813,"10:06:01","SH","NB",6927390283,8038754655,14966144938,-1111364372
20200813,"10:06:01","SZ","NB",11219256329,11906473277,23125729606,-687216948
20200813,"10:07:01","SH","NB",6994991727,8123248214,15118239941,-1128256487
20200813,"10:07:01","SZ","NB",11318241013,12000159122,23318400135,-681918109
20200813,"10:08:01","SH","NB",7235569045,8191168279,15426737324,-955599234
20200813,"10:08:01","SZ","NB",11629559460,12087239610,23716799070,-457680150
20200813,"10:09:01","SH","NB",7353929504,8282729266,15636658770,-928799762
20200813,"10:09:01","SZ","NB",11742808267,12226141126,23968949393,-483332859
20200813,"10:10:01","SH","NB",7442993992,8467539236,15910533228,-1024545244
20200813,"10:10:01","SZ","NB",11832107691,12478620414,24310728105,-646512723
20200813,"10:11:01","SH","NB",7532807448,8539720948,16072528396,-1006913500
20200813,"10:11:01","SZ","NB",11932814130,12586067918,24518882048,-653253788
20200813,"10:12:01","SH","NB",7609503303,8655882363,16265385666,-1046379060
20200813,"10:12:01","SZ","NB",12041770917,12714673222,24756444139,-672902305
20200813,"10:13:01","SH","NB",7694641838,8919296997,16613938835,-1224655159
20200813,"10:13:01","SZ","NB",12168839258,13062260701,25231099959,-893421443
20200813,"10:14:01","SZ","NB",12286379165,13121916868,25408296033,-835537703
20200813,"10:14:01","SH","NB",7782692846,8973613177,16756306023,-1190920331
20200813,"10:15:01","SH","NB",7879233577,9040733869,16919967446,-1161500292
20200813,"10:15:01","SZ","NB",12397717645,13195497937,25593215582,-797780292
20200813,"10:16:01","SH","NB",7950808820,9092548515,17043357335,-1141739695
20200813,"10:16:01","SZ","NB",12485491555,13254261309,25739752864,-768769754
20200813,"10:17:01","SH","NB",8006136882,9154660301,17160797183,-1148523419
20200813,"10:17:01","SZ","NB",12553563118,13319702031,25873265149,-766138913
20200813,"10:18:01","SH","NB",8059758057,9285756658,17345514715,-1225998601
20200813,"10:18:01","SZ","NB",12628259677,13497915286,26126174963,-869655609
20200813,"10:19:01","SZ","NB",12870856571,13575251709,26446108280,-704395138
20200813,"10:19:01","SH","NB",8223569774,9341750359,17565320133,-1118180585
20200813,"10:20:01","SH","NB",8295103445,9397986581,17693090026,-1102883136
20200813,"10:20:01","SZ","NB",12965557277,13654848028,26620405305,-689290751
20200813,"10:21:01","SH","NB",8399273181,9463203537,17862476718,-1063930356
20200813,"10:21:01","SZ","NB",13091795493,13750357358,26842152851,-658561865
20200813,"10:22:01","SH","NB",8524034660,9543978762,18068013422,-1019944102
20200813,"10:22:01","SZ","NB",13205578084,13861278508,27066856592,-655700424
20200813,"10:23:01","SH","NB",8641429893,9610843514,18252273407,-969413621
20200813,"10:23:01","SZ","NB",13305034964,13967314769,27272349733,-662279805
20200813,"10:24:01","SH","NB",8763132871,9678693343,18441826214,-915560472
20200813,"10:24:01","SZ","NB",13497795468,14083060049,27580855517,-585264581
20200813,"10:25:01","SH","NB",8842608199,9818752676,18661360875,-976144477
20200813,"10:25:01","SZ","NB",13581303008,14320072491,27901375499,-738769483
20200813,"10:26:01","SH","NB",8892809355,9887479493,18780288848,-994670138
20200813,"10:26:01","SZ","NB",13655041134,14409827468,28064868602,-754786334
20200813,"10:27:01","SH","NB",8960687328,9942156446,18902843774,-981469118
20200813,"10:27:01","SZ","NB",13746417875,14485673930,28232091805,-739256055
20200813,"10:28:01","SZ","NB",13815752554,14574262174,28390014728,-758509620
20200813,"10:28:01","SH","NB",9022169533,10020940092,19043109625,-998770559
20200813,"10:29:01","SH","NB",9065568104,10107302814,19172870918,-1041734710
20200813,"10:29:01","SZ","NB",13886787637,14672581317,28559368954,-785793680
20200813,"10:30:01","SH","NB",9111391276,10168562408,19279953684,-1057171132
20200813,"10:30:01","SZ","NB",13949398241,14751380831,28700779072,-801982590
20200813,"10:31:01","SH","NB",9192387796,10240290671,19432678467,-1047902875
20200813,"10:31:01","SZ","NB",14096052562,14865727457,28961780019,-769674895
20200813,"10:32:01","SH","NB",9283021823,10286997877,19570019700,-1003976054
20200813,"10:32:01","SZ","NB",14233597817,14939159337,29172757154,-705561520
20200813,"10:33:01","SZ","NB",14381653155,15033277040,29414930195,-651623885
20200813,"10:33:01","SH","NB",9381712573,10350024376,19731736949,-968311803
20200813,"10:34:01","SH","NB",9447425514,10406661060,19854086574,-959235546
20200813,"10:34:01","SZ","NB",14463012108,15117433403,29580445511,-654421295
20200813,"10:35:01","SH","NB",9536804401,10632604084,20169408485,-1095799683
20200813,"10:35:01","SZ","NB",14549685106,15411714611,29961399717,-862029505
20200813,"10:36:01","SZ","NB",14611753133,15476619469,30088372602,-864866336
20200813,"10:36:01","SH","NB",9594968660,10679790762,20274759422,-1084822102
20200813,"10:37:01","SH","NB",9649666240,10721795350,20371461590,-1072129110
20200813,"10:37:01","SZ","NB",14665985209,15547193466,30213178675,-881208257
20200813,"10:38:01","SH","NB",9700647841,10773200263,20473848104,-1072552422
20200813,"10:38:01","SZ","NB",14717231791,15632219370,30349451161,-914987579
20200813,"10:39:01","SH","NB",9741492839,10871518266,20613011105,-1130025427
20200813,"10:39:01","SZ","NB",14824282486,15768817510,30593099996,-944535024
20200813,"10:40:01","SH","NB",9787722926,10919092151,20706815077,-1131369225
20200813,"10:40:01","SZ","NB",14885487632,15865536595,30751024227,-980048963
20200813,"10:41:01","SH","NB",9925358433,10981798005,20907156438,-1056439572
20200813,"10:41:01","SZ","NB",15090798093,15958985425,31049783518,-868187332
20200813,"10:42:01","SH","NB",9977184155,11032621362,21009805517,-1055437207
20200813,"10:42:01","SZ","NB",15149483937,16061461042,31210944979,-911977105
20200813,"10:43:01","SH","NB",10029059286,11072824781,21101884067,-1043765495
20200813,"10:43:01","SZ","NB",15221903887,16128278255,31350182142,-906374368
20200813,"10:44:01","SZ","NB",15270049023,16236092475,31506141498,-966043452
20200813,"10:44:01","SH","NB",10082762454,11127944737,21210707191,-1045182283
20200813,"10:45:01","SH","NB",10131721540,11176388085,21308109625,-1044666545
20200813,"10:45:01","SZ","NB",15308807363,16307574292,31616381655,-998766929
20200813,"10:46:01","SZ","NB",15340940460,16373698886,31714639346,-1032758426
20200813,"10:46:01","SH","NB",10177864230,11211157262,21389021492,-1033293032
20200813,"10:47:01","SH","NB",10241848108,11474670128,21716518236,-1232822020
20200813,"10:47:01","SZ","NB",15410126790,16738943621,32149070411,-1328816831
20200813,"10:48:01","SH","NB",10309543139,11544607662,21854150801,-1235064523
20200813,"10:48:01","SZ","NB",15496237298,16817701331,32313938629,-1321464033
20200813,"10:49:01","SH","NB",10372322698,11594180603,21966503301,-1221857905
20200813,"10:49:01","SZ","NB",15575374145,16879495756,32454869901,-1304121611
20200813,"10:50:01","SH","NB",10431032942,11623264315,22054297257,-1192231373
20200813,"10:50:01","SZ","NB",15649707619,16931701016,32581408635,-1281993397
20200813,"10:51:01","SH","NB",10515679495,11661125037,22176804532,-1145445542
20200813,"10:51:01","SZ","NB",15734660820,16990109338,32724770158,-1255448518
20200813,"10:52:01","SH","NB",10835319143,11724852093,22560171236,-889532950
20200813,"10:52:01","SZ","NB",16116263527,17077650146,33193913673,-961386619
20200813,"10:53:01","SH","NB",10901679363,11802399976,22704079339,-900720613
20200813,"10:53:01","SZ","NB",16188347222,17193630686,33381977908,-1005283464
20200813,"10:54:01","SH","NB",10938129175,11835576080,22773705255,-897446905
20200813,"10:54:01","SZ","NB",16234031996,17250041277,33484073273,-1016009281
20200813,"10:55:01","SH","NB",10996026642,11877934924,22873961566,-881908282
20200813,"10:55:01","SZ","NB",16293175898,17300799112,33593975010,-1007623214
20200813,"10:56:01","SZ","NB",16338454508,17359303651,33697758159,-1020849143
20200813,"10:56:01","SH","NB",11046374613,11931546607,22977921220,-885171994
20200813,"10:57:01","SH","NB",11100940437,11980333922,23081274359,-879393485
20200813,"10:57:01","SZ","NB",16410984712,17429190744,33840175456,-1018206032
20200813,"10:58:01","SH","NB",11169099483,12016600980,23185700463,-847501497
20200813,"10:58:01","SZ","NB",16480409008,17485081351,33965490359,-1004672343
20200813,"10:59:01","SH","NB",11225632856,12054989804,23280622660,-829356948
20200813,"10:59:01","SZ","NB",16550377278,17534125316,34084502594,-983748038
20200813,"11:00:01","SH","NB",11265214781,12084610859,23349825640,-819396078
20200813,"11:00:01","SZ","NB",16605838072,17574979319,34180817391,-969141247
20200813,"11:01:01","SZ","NB",16701102402,17657588914,34358691316,-956486512
20200813,"11:01:01","SH","NB",11326616525,12140091936,23466708461,-813475411
20200813,"11:02:01","SH","NB",11375065456,12224462371,23599527827,-849396915
20200813,"11:02:01","SZ","NB",16738071809,17770076883,34508148692,-1032005074
20200813,"11:03:01","SH","NB",11428841598,12303501166,23732342764,-874659568
20200813,"11:03:01","SZ","NB",16805812914,17875462701,34681275615,-1069649787
20200813,"11:04:01","SH","NB",11480799718,12354519498,23835319216,-873719780
20200813,"11:04:01","SZ","NB",16870246323,17943965550,34814211873,-1073719227
20200813,"11:05:01","SZ","NB",16928218552,18000848020,34929066572,-1072629468
20200813,"11:05:01","SH","NB",11527261158,12408208862,23935470020,-880947704
20200813,"11:06:01","SH","NB",11580102408,12518229297,24098331705,-938126889
20200813,"11:06:01","SZ","NB",17009562934,18237056009,35246618943,-1227493075
20200813,"11:07:01","SH","NB",11623595938,12570176496,24193772434,-946580558
20200813,"11:07:01","SZ","NB",17076385615,18297604777,35373990392,-1221219162
20200813,"11:08:01","SH","NB",11673487458,12611759944,24285247402,-938272486
20200813,"11:08:01","SZ","NB",17163590816,18350246647,35513837463,-1186655831
20200813,"11:09:01","SH","NB",11707569215,12650836543,24358405758,-943267328
20200813,"11:09:01","SZ","NB",17233637937,18396497833,35630135770,-1162859896
20200813,"11:10:01","SH","NB",11752521742,12687650978,24440172720,-935129236
20200813,"11:10:01","SZ","NB",17289637016,18456873787,35746510803,-1167236771
20200813,"11:11:01","SH","NB",11802530198,12768684586,24571214784,-966154388
20200813,"11:11:01","SZ","NB",17336550877,18599393834,35935944711,-1262842957
20200813,"11:12:01","SZ","NB",17401377236,18736545692,36137922928,-1335168456
20200813,"11:12:01","SH","NB",11847851398,12872890854,24720742252,-1025039456
20200813,"11:13:01","SH","NB",11946170209,12932970325,24879140534,-986800116
20200813,"11:13:01","SZ","NB",17526040273,18812456516,36338496789,-1286416243
20200813,"11:14:01","SH","NB",12000814459,12961538248,24962352707,-960723789
20200813,"11:14:01","SZ","NB",17598054761,18858176825,36456231586,-1260122064
20200813,"11:15:01","SH","NB",12035671538,13034380605,25070052143,-998709067
20200813,"11:15:01","SZ","NB",17641928788,18952919249,36594848037,-1310990461
20200813,"11:16:01","SZ","NB",17708115280,19014931385,36723046665,-1306816105
20200813,"11:16:01","SH","NB",12065789444,13094704916,25160494360,-1028915472
20200813,"11:17:01","SH","NB",12111289074,13137183347,25248472421,-1025894273
20200813,"11:17:01","SZ","NB",17775914019,19058425904,36834339923,-1282511885
20200813,"11:18:01","SH","NB",12153616557,13159434602,25313051159,-1005818045
20200813,"11:18:01","SZ","NB",17840490046,19089366686,36929856732,-1248876640
20200813,"11:19:01","SZ","NB",17884852820,19119349218,37004202038,-1234496398
20200813,"11:19:01","SH","NB",12198917133,13184248680,25383165813,-985331547
20200813,"11:20:01","SH","NB",12230093371,13217643847,25447737218,-987550476
20200813,"11:20:01","SZ","NB",17924063886,19178956096,37103019982,-1254892210
20200813,"11:21:01","SH","NB",12267955403,13253471458,25521426861,-985516055
20200813,"11:21:01","SZ","NB",17978195031,19254727541,37232922572,-1276532510
20200813,"11:22:01","SH","NB",12314847034,13282705335,25597552369,-967858301
20200813,"11:22:01","SZ","NB",18040638899,19299487049,37340125948,-1258848150
20200813,"11:23:01","SH","NB",12346294710,13315115322,25661410032,-968820612
20200813,"11:23:01","SZ","NB",18085036971,19352588373,37437625344,-1267551402
20200813,"11:24:01","SH","NB",12388656653,13341081037,25729737690,-952424384
20200813,"11:24:01","SZ","NB",18133239688,19400093906,37533333594,-1266854218
20200813,"11:25:01","SH","NB",12420565158,13369304982,25789870140,-948739824
20200813,"11:25:01","SZ","NB",18164810409,19443552891,37608363300,-1278742482
20200813,"11:26:01","SH","NB",12469396595,13535778936,26005175531,-1066382341
20200813,"11:26:01","SZ","NB",18218444071,19646951107,37865395178,-1428507036
20200813,"11:27:01","SH","NB",12507111684,13627191094,26134302778,-1120079410
20200813,"11:27:01","SZ","NB",18273253402,19765947469,38039200871,-1492694067
20200813,"11:28:01","SH","NB",12554753727,13744282459,26299036186,-1189528732
20200813,"11:28:01","SZ","NB",18340513945,19859739773,38200253718,-1519225828
20200813,"11:29:01","SZ","NB",18543693181,19914734453,38458427634,-1371041272
20200813,"11:29:01","SH","NB",12739553708,13803001187,26542554895,-1063447479
20200813,"11:30:01","SH","NB",12775123073,13822214538,26597337611,-1047091465
20200813,"11:30:01","SZ","NB",18577292712,19945711103,38523003815,-1368418391
20200813,"11:31:01","SH","NB",12775221053,13822216230,26597437283,-1046995177
20200813,"13:00:01","SZ","NB",18582105856,19951437847,38533543703,-1369331991
20200813,"13:01:01","SH","NB",12904305640,13946445442,26850751082,-1042139802
20200813,"13:01:01","SZ","NB",18698764556,20105128692,38803893248,-1406364136
20200813,"13:02:01","SH","NB",12957609413,13989794020,26947403433,-1032184607
20200813,"13:02:01","SZ","NB",18764893697,20156341853,38921235550,-1391448156
20200813,"13:03:01","SH","NB",13009407068,14051325512,27060732580,-1041918444
20200813,"13:03:01","SZ","NB",18835313278,20231861970,39067175248,-1396548692
20200813,"13:04:01","SH","NB",13056508023,14086073863,27142581886,-1029565840
20200813,"13:04:01","SZ","NB",18923683558,20304808866,39228492424,-1381125308
20200813,"13:05:01","SZ","NB",19033616729,20361677517,39395294246,-1328060788
20200813,"13:05:01","SH","NB",13137390865,14135969141,27273360006,-998578276
20200813,"13:06:01","SH","NB",13188420875,14192851484,27381272359,-1004430609
20200813,"13:06:01","SZ","NB",19167305376,20440878405,39608183781,-1273573029
20200813,"13:07:01","SH","NB",13238679684,14252052120,27490731804,-1013372436
20200813,"13:07:01","SZ","NB",19240653417,20521975625,39762629042,-1281322208
20200813,"13:08:01","SZ","NB",19295709373,20591548949,39887258322,-1295839576
20200813,"13:08:01","SH","NB",13278429346,14317799210,27596228556,-1039369864
20200813,"13:09:01","SH","NB",13317356581,14393093343,27710449924,-1075736762
20200813,"13:09:01","SZ","NB",19347624190,20683140973,40030765163,-1335516783
20200813,"13:10:01","SH","NB",13435869242,14442468994,27878338236,-1006599752
20200813,"13:10:01","SZ","NB",19544290856,20766434057,40310724913,-1222143201
20200813,"13:11:01","SH","NB",13514356965,14499649510,28014006475,-985292545
20200813,"13:11:01","SZ","NB",19690701340,20851241690,40541943030,-1160540350
20200813,"13:12:01","SH","NB",13558337705,14538038565,28096376270,-979700860
20200813,"13:12:01","SZ","NB",19759655178,20906952238,40666607416,-1147297060
20200813,"13:13:01","SH","NB",13607931811,14590438245,28198370056,-982506434
20200813,"13:13:01","SZ","NB",19822612068,20976524357,40799136425,-1153912289
20200813,"13:14:01","SH","NB",13654564338,14634119569,28288683907,-979555231
20200813,"13:14:01","SZ","NB",19884069843,21041662106,40925731949,-1157592263
20200813,"13:15:01","SH","NB",13696978351,14685074081,28382052432,-988095730
20200813,"13:15:01","SZ","NB",19935392480,21132173569,41067566049,-1196781089
20200813,"13:16:01","SH","NB",13752301628,14729767564,28482069192,-977465936
20200813,"13:16:01","SZ","NB",20019211996,21189983204,41209195200,-1170771208
20200813,"13:17:01","SH","NB",13797818120,14761219008,28559037128,-963400888
20200813,"13:17:01","SZ","NB",20079220846,21242672798,41321893644,-1163451952
20200813,"13:18:01","SZ","NB",20133004261,21286711797,41419716058,-1153707536
20200813,"13:18:01","SH","NB",13833500148,14792164477,28625664625,-958664329
20200813,"13:19:01","SH","NB",13943516453,14827505672,28771022125,-883989219
20200813,"13:19:01","SZ","NB",20309500185,21345125486,41654625671,-1035625301
20200813,"13:20:01","SZ","NB",20421880007,21416058256,41837938263,-994178249
20200813,"13:20:01","SH","NB",14004369081,14876700853,28881069934,-872331772
20200813,"13:21:01","SH","NB",14060195462,14961680500,29021875962,-901485038
20200813,"13:21:01","SZ","NB",20507961118,21528214165,42036175283,-1020253047
20200813,"13:22:01","SH","NB",14162689553,15029501662,29192191215,-866812109
20200813,"13:22:01","SZ","NB",20595242811,21593037266,42188280077,-997794455
20200813,"13:23:01","SH","NB",14233646331,15085237016,29318883347,-851590685
20200813,"13:23:01","SZ","NB",20681441738,21679808587,42361250325,-998366849
20200813,"13:24:01","SH","NB",14278121490,15198095707,29476217197,-919974217
20200813,"13:24:01","SZ","NB",20746151201,21811450488,42557601689,-1065299287
20200813,"13:25:01","SH","NB",14325191655,15267166867,29592358522,-941975212
20200813,"13:25:01","SZ","NB",20806242185,21899366553,42705608738,-1093124368
20200813,"13:26:01","SH","NB",14373263094,15311244314,29684507408,-937981220
20200813,"13:26:01","SZ","NB",20876179096,21958845650,42835024746,-1082666554
20200813,"13:27:01","SH","NB",14421915061,15349346311,29771261372,-927431250
20200813,"13:27:01","SZ","NB",20958437126,22000325763,42958762889,-1041888637
20200813,"13:28:01","SH","NB",14478067615,15390488375,29868555990,-912420760
20200813,"13:28:01","SZ","NB",21026391266,22059741042,43086132308,-1033349776
20200813,"13:29:01","SZ","NB",21103102370,22115216122,43218318492,-1012113752
20200813,"13:29:01","SH","NB",14538056777,15430543934,29968600711,-892487157
20200813,"13:30:01","SH","NB",14581373154,15481171415,30062544569,-899798261
20200813,"13:30:01","SZ","NB",21161985986,22176276521,43338262507,-1014290535
20200813,"13:31:01","SH","NB",14631762257,15546109151,30177871408,-914346894
20200813,"13:31:01","SZ","NB",21279484330,22282475859,43561960189,-1002991529
20200813,"13:32:01","SH","NB",14683263860,15669397116,30352660976,-986133256
20200813,"13:32:01","SZ","NB",21342842284,22433445824,43776288108,-1090603540
20200813,"13:33:01","SH","NB",14764001590,15723229464,30487231054,-959227874
20200813,"13:33:01","SZ","NB",21430193527,22510301717,43940495244,-1080108190
20200813,"13:34:01","SH","NB",14839606994,15765986206,30605593200,-926379212
20200813,"13:34:01","SZ","NB",21530310547,22557385718,44087696265,-1027075171
20200813,"13:35:01","SH","NB",14883482561,15810265890,30693748451,-926783329
20200813,"13:35:01","SZ","NB",21603610870,22628205808,44231816678,-1024594938
20200813,"13:36:01","SH","NB",14946588110,15874528402,30821116512,-927940292
20200813,"13:36:01","SZ","NB",21703619367,22683587608,44387206975,-979968241
20200813,"13:37:01","SZ","NB",21764918960,22731506640,44496425600,-966587680
20200813,"13:37:01","SH","NB",15000167320,15908882179,30909049499,-908714859
20200813,"13:38:01","SH","NB",15049244612,15976397797,31025642409,-927153185
20200813,"13:38:01","SZ","NB",21843189094,22801151162,44644340256,-957962068
20200813,"13:39:01","SH","NB",15077556473,16018984973,31096541446,-941428500
20200813,"13:39:01","SZ","NB",21896277611,22852075611,44748353222,-955798000
20200813,"13:40:01","SH","NB",15125118353,16129174034,31254292387,-1004055681
20200813,"13:40:01","SZ","NB",21967221416,22977189207,44944410623,-1009967791
20200813,"13:41:01","SH","NB",15217953327,16257201322,31475154649,-1039247995
20200813,"13:41:01","SZ","NB",22085418909,23109500464,45194919373,-1024081555
20200813,"13:42:01","SH","NB",15475758203,16318212881,31793971084,-842454678
20200813,"13:42:01","SZ","NB",22368268700,23179017731,45547286431,-810749031
20200813,"13:43:01","SH","NB",15551479446,16416718372,31968197818,-865238926
20200813,"13:43:01","SZ","NB",22447854660,23285013621,45732868281,-837158961
20200813,"13:44:01","SH","NB",15645443746,16480073091,32125516837,-834629345
20200813,"13:44:01","SZ","NB",22556101909,23344764760,45900866669,-788662851
20200813,"13:45:01","SH","NB",15734199565,16575748959,32309948524,-841549394
20200813,"13:45:01","SZ","NB",22668237653,23433169129,46101406782,-764931476
20200813,"13:46:01","SZ","NB",22707462482,23498298276,46205760758,-790835794
20200813,"13:46:01","SH","NB",15768071616,16637402186,32405473802,-869330570
20200813,"13:47:01","SH","NB",15808253002,16689894690,32498147692,-881641688
20200813,"13:47:01","SZ","NB",22767749247,23559526531,46327275778,-791777284
20200813,"13:48:01","SH","NB",15839398404,16740992075,32580390479,-901593671
20200813,"13:48:01","SZ","NB",22815867365,23610599760,46426467125,-794732395
20200813,"13:49:01","SH","NB",15865634114,16775281837,32640915951,-909647723
20200813,"13:49:01","SZ","NB",22857356251,23660690616,46518046867,-803334365
20200813,"13:50:01","SH","NB",15903225437,16814959401,32718184838,-911733964
20200813,"13:50:01","SZ","NB",22925735522,23719752517,46645488039,-794016995
20200813,"13:51:01","SH","NB",15998367062,16867180006,32865547068,-868812944
20200813,"13:51:01","SZ","NB",23062148504,23783609918,46845758422,-721461414
20200813,"13:52:01","SZ","NB",23122928251,23878012290,47000940541,-755084039
20200813,"13:52:01","SH","NB",16041247156,16941607988,32982855144,-900360832
20200813,"13:53:01","SH","NB",16079008434,16992964951,33071973385,-913956517
20200813,"13:53:01","SZ","NB",23181125921,23933828629,47114954550,-752702708
20200813,"13:54:01","SH","NB",16108539564,17049601095,33158140659,-941061531
20200813,"13:54:01","SZ","NB",23234234924,24007951882,47242186806,-773716958
20200813,"13:55:01","SH","NB",16138272579,17134520592,33272793171,-996248013
20200813,"13:55:01","SZ","NB",23276956612,24087412328,47364368940,-810455716
20200813,"13:56:01","SH","NB",16187976032,17288572786,33476548818,-1100596754
20200813,"13:56:01","SZ","NB",23344961339,24242897392,47587858731,-897936053
20200813,"13:57:01","SH","NB",16248456039,17334114807,33582570846,-1085658768
20200813,"13:57:01","SZ","NB",23414578082,24295976100,47710554182,-881398018
20200813,"13:58:01","SH","NB",16292970623,17381215905,33674186528,-1088245282
20200813,"13:58:01","SZ","NB",23462670883,24345179698,47807850581,-882508815
20200813,"13:59:01","SH","NB",16332879806,17420194926,33753074732,-1087315120
20200813,"13:59:01","SZ","NB",23519681350,24390033626,47909714976,-870352276
20200813,"14:00:01","SH","NB",16369221571,17453785692,33823007263,-1084564121
20200813,"14:00:01","SZ","NB",23564741128,24422815539,47987556667,-858074411
20200813,"14:01:01","SH","NB",16427031726,17489202833,33916234559,-1062171107
20200813,"14:01:01","SZ","NB",23638663325,24471891417,48110554742,-833228092
20200813,"14:02:01","SZ","NB",23675412388,24554144781,48229557169,-878732393
20200813,"14:02:01","SH","NB",16451258144,17529652362,33980910506,-1078394218
20200813,"14:03:01","SH","NB",16504042360,17758277574,34262319934,-1254235214
20200813,"14:03:01","SZ","NB",23750937988,24792222238,48543160226,-1041284250
20200813,"14:04:01","SH","NB",16561335044,17845600797,34406935841,-1284265753
20200813,"14:04:01","SZ","NB",23830227373,24893505767,48723733140,-1063278394
20200813,"14:05:01","SH","NB",16624809811,17892525798,34517335609,-1267715987
20200813,"14:05:01","SZ","NB",23892899069,24949443626,48842342695,-1056544557
20200813,"14:06:01","SH","NB",16702631384,17948407106,34651038490,-1245775722
20200813,"14:06:01","SZ","NB",23982743717,25009722231,48992465948,-1026978514
20200813,"14:07:01","SH","NB",16741162499,17993044993,34734207492,-1251882494
20200813,"14:07:01","SZ","NB",24032702185,25055405341,49088107526,-1022703156
20200813,"14:08:01","SH","NB",16777631157,18033095925,34810727082,-1255464768
20200813,"14:08:01","SZ","NB",24077070506,25104289385,49181359891,-1027218879
20200813,"14:09:01","SH","NB",16823664202,18074292529,34897956731,-1250628327
20200813,"14:09:01","SZ","NB",24122312639,25151593801,49273906440,-1029281162
20200813,"14:10:01","SZ","NB",24161358628,25193796715,49355155343,-1032438087
20200813,"14:10:01","SH","NB",16856289200,18114324376,34970613576,-1258035176
20200813,"14:11:01","SH","NB",16932116442,18149267120,35081383562,-1217150678
20200813,"14:11:01","SZ","NB",24286088570,25245437342,49531525912,-959348772
20200813,"14:12:01","SH","NB",16967631981,18266356155,35233988136,-1298724174
20200813,"14:12:01","SZ","NB",24342925711,25393346052,49736271763,-1050420341
20200813,"14:13:01","SZ","NB",24382896949,25464854008,49847750957,-1081957059
20200813,"14:13:01","SH","NB",17011014541,18325871244,35336885785,-1314856703
20200813,"14:14:01","SH","NB",17042034288,18368540343,35410574631,-1326506055
20200813,"14:14:01","SZ","NB",24423129453,25508477224,49931606677,-1085347771
20200813,"14:15:01","SH","NB",17079386389,18409375181,35488761570,-1329988792
20200813,"14:15:01","SZ","NB",24467515994,25569599052,50037115046,-1102083058
20200813,"14:16:01","SH","NB",17128516173,18449220235,35577736408,-1320704062
20200813,"14:16:01","SZ","NB",24525991258,25626321598,50152312856,-1100330340
20200813,"14:17:01","SH","NB",17173501101,18501449390,35674950491,-1327948289
20200813,"14:17:01","SZ","NB",24584095972,25678061420,50262157392,-1093965448
20200813,"14:18:01","SH","NB",17214313772,18531285492,35745599264,-1316971720
20200813,"14:18:01","SZ","NB",24631919128,25730515868,50362434996,-1098596740
20200813,"14:19:01","SH","NB",17268057872,18559734996,35827792868,-1291677124
20200813,"14:19:01","SZ","NB",24697735905,25779265591,50477001496,-1081529686
20200813,"14:20:01","SH","NB",17307885788,18644287858,35952173646,-1336402070
20200813,"14:20:01","SZ","NB",24757914361,25874460994,50632375355,-1116546633
20200813,"14:21:01","SH","NB",17367018744,18724868564,36091887308,-1357849820
20200813,"14:21:01","SZ","NB",24832827624,25991726810,50824554434,-1158899186
20200813,"14:22:01","SH","NB",17433514941,18760126746,36193641687,-1326611805
20200813,"14:22:01","SZ","NB",24925503938,26039142302,50964646240,-1113638364
20200813,"14:23:01","SZ","NB",25117822963,26096254968,51214077931,-978432005
20200813,"14:23:01","SH","NB",17580189858,18808162421,36388352279,-1227972563
20200813,"14:24:01","SH","NB",17627210730,18865413972,36492624702,-1238203242
20200813,"14:24:01","SZ","NB",25174931307,26172921787,51347853094,-997990480
20200813,"14:25:01","SH","NB",17655952118,18919445284,36575397402,-1263493166
20200813,"14:25:01","SZ","NB",25208987162,26228500401,51437487563,-1019513239
20200813,"14:26:01","SH","NB",17702753979,18952095139,36654849118,-1249341160
20200813,"14:26:01","SZ","NB",25261325056,26262925997,51524251053,-1001600941
20200813,"14:27:01","SH","NB",17738697501,18987281906,36725979407,-1248584405
20200813,"14:27:01","SZ","NB",25302945369,26309368284,51612313653,-1006422915
20200813,"14:28:01","SZ","NB",25344162695,26355175725,51699338420,-1011013030
20200813,"14:28:01","SH","NB",17771324142,19030164619,36801488761,-1258840477
20200813,"14:29:01","SH","NB",17800710558,19070321303,36871031861,-1269610745
20200813,"14:29:01","SZ","NB",25384632644,26406728472,51791361116,-1022095828
20200813,"14:30:01","SH","NB",17847365584,19105785791,36953151375,-1258420207
20200813,"14:30:01","SZ","NB",25437681017,26448018578,51885699595,-1010337561
20200813,"14:31:01","SH","NB",17962142053,19166152903,37128294956,-1204010850
20200813,"14:31:01","SZ","NB",25590515564,26534420553,52124936117,-943904989
20200813,"14:32:01","SH","NB",18048938367,19232617548,37281555915,-1183679181
20200813,"14:32:01","SZ","NB",25660885551,26613835413,52274720964,-952949862
20200813,"14:33:01","SH","NB",18098935560,19291208932,37390144492,-1192273372
20200813,"14:33:01","SZ","NB",25736342367,26700143003,52436485370,-963800636
20200813,"14:34:01","SH","NB",18145361634,19361914385,37507276019,-1216552751
20200813,"14:34:01","SZ","NB",25787874651,26782936864,52570811515,-995062213
20200813,"14:35:01","SH","NB",18178725445,19426508696,37605234141,-1247783251
20200813,"14:35:01","SZ","NB",25839788507,26881073404,52720861911,-1041284897
20200813,"14:36:01","SH","NB",18250434338,19482477983,37732912321,-1232043645
20200813,"14:36:01","SZ","NB",25913390545,26937158212,52850548757,-1023767667
20200813,"14:37:01","SH","NB",18293901858,19525684260,37819586118,-1231782402
20200813,"14:37:01","SZ","NB",25963961337,26997666434,52961627771,-1033705097
20200813,"14:38:01","SZ","NB",26011062959,27055092550,53066155509,-1044029591
20200813,"14:38:01","SH","NB",18335492039,19562747595,37898239634,-1227255556
20200813,"14:39:01","SH","NB",18375524197,19626572318,38002096515,-1251048121
20200813,"14:39:01","SZ","NB",26052969428,27142002919,53194972347,-1089033491
20200813,"14:40:01","SH","NB",18411784653,19675839788,38087624441,-1264055135
20200813,"14:40:01","SZ","NB",26090434989,27212478208,53302913197,-1122043219
20200813,"14:41:01","SH","NB",18471437771,19775302718,38246740489,-1303864947
20200813,"14:41:01","SZ","NB",26160585965,27339989419,53500575384,-1179403454
20200813,"14:42:01","SH","NB",18529236858,19834171923,38363408781,-1304935065
20200813,"14:42:01","SZ","NB",26228428197,27442044571,53670472768,-1213616374
20200813,"14:43:01","SH","NB",18595480992,19908960163,38504441155,-1313479171
20200813,"14:43:01","SZ","NB",26297402428,27537626497,53835028925,-1240224069
20200813,"14:44:01","SH","NB",18678967753,19960777941,38639745694,-1281810188
20200813,"14:44:01","SZ","NB",26377878106,27624819982,54002698088,-1246941876
20200813,"14:45:01","SH","NB",18763218824,20011598056,38774816880,-1248379232
20200813,"14:45:01","SZ","NB",26495806153,27695417189,54191223342,-1199611036
20200813,"14:46:01","SZ","NB",26593204988,27762333351,54355538339,-1169128363
20200813,"14:46:01","SH","NB",18848127112,20062916271,38911043383,-1214789159
20200813,"14:47:01","SH","NB",18932650622,20113121890,39045772512,-1180471268
20200813,"14:47:01","SZ","NB",26694574404,27820208279,54514782683,-1125633875
20200813,"14:48:01","SH","NB",18973844466,20159869973,39133714439,-1186025507
20200813,"14:48:01","SZ","NB",26760095098,27895093945,54655189043,-1134998847
20200813,"14:49:01","SZ","NB",26826190099,27963841553,54790031652,-1137651454
20200813,"14:49:01","SH","NB",19031549808,20204947974,39236497782,-1173398166
20200813,"14:50:01","SH","NB",19089043333,20276718971,39365762304,-1187675638
20200813,"14:50:01","SZ","NB",26883558426,28035875609,54919434035,-1152317183
20200813,"14:51:01","SH","NB",19153762304,20348832805,39502595109,-1195070501
20200813,"14:51:01","SZ","NB",26959191652,28144091279,55103282931,-1184899627
20200813,"14:52:01","SZ","NB",27048917505,28235776263,55284693768,-1186858758
20200813,"14:52:01","SH","NB",19245924698,20416907005,39662831703,-1170982307
20200813,"14:53:01","SH","NB",19335458777,20477085716,39812544493,-1141626939
20200813,"14:53:01","SZ","NB",27154789021,28308414228,55463203249,-1153625207
20200813,"14:54:01","SH","NB",19407851611,20541657919,39949509530,-1133806308
20200813,"14:54:01","SZ","NB",27262736901,28387076693,55649813594,-1124339792
20200813,"14:55:01","SH","NB",19490669041,20605281592,40095950633,-1114612551
20200813,"14:55:01","SZ","NB",27371795499,28463288464,55835083963,-1091492965
20200813,"14:56:01","SH","NB",19600385730,20692961909,40293347639,-1092576179
20200813,"14:56:01","SZ","NB",27499694386,28587450469,56087144855,-1087756083
20200813,"14:57:01","SH","NB",19674393709,20759884168,40434277877,-1085490459
20200813,"14:57:01","SZ","NB",27583895286,28691534513,56275429799,-1107639227
20200813,"14:58:01","SH","NB",19674393709,20759885932,40434279641,-1085492223
20200813,"15:00:01","SZ","NB",27649497186,28746249963,56395747149,-1096752777
20200813,"15:01:01","SH","NB",20031299043,21053851779,41085150822,-1022552736
20200813,"15:01:01","SZ","NB",27874008768,28933633106,56807641874,-1059624338
