dataDate,dataTime,connectMarket,tradeDirection,buyTurnover,sellTurnover,totalTurnover,netTurnover
20201120,"09:30:01","SH","NB",186970636,152323058,339293694,34647578
20201120,"09:30:01","SZ","NB",187341993,161765802,349107795,25576191
20201120,"09:31:01","SH","NB",496618601,436267952,932886553,60350649
20201120,"09:31:01","SZ","NB",660702926,595660604,1256363530,65042322
20201120,"09:32:01","SH","NB",692351560,667034875,1359386435,25316685
20201120,"09:32:01","SZ","NB",1054093550,877124988,1931218538,176968562
20201120,"09:33:01","SH","NB",856965871,826459097,1683424968,30506774
20201120,"09:33:01","SZ","NB",1408855103,1139159041,2548014144,269696062
20201120,"09:34:01","SH","NB",1036247612,1016805663,2053053275,19441949
20201120,"09:34:01","SZ","NB",1717380269,1419320566,3136700835,298059703
20201120,"09:35:01","SH","NB",1204516633,1174831917,2379348550,29684716
20201120,"09:35:01","SZ","NB",1961554827,1637234423,3598789250,324320404
20201120,"09:36:01","SH","NB",1411127813,1400039158,2811166971,11088655
20201120,"09:36:01","SZ","NB",2247113837,2016693986,4263807823,230419851
20201120,"09:37:01","SZ","NB",2599313962,2336683304,4935997266,262630658
20201120,"09:37:01","SH","NB",1635627197,1578116459,3213743656,57510738
20201120,"09:38:01","SH","NB",1755135391,1711029376,3466164767,44106015
20201120,"09:38:01","SZ","NB",2805583749,2539231646,5344815395,266352103
20201120,"09:39:01","SH","NB",1884423318,1836314671,3720737989,48108647
20201120,"09:39:01","SZ","NB",3002993537,2739389736,5742383273,263603801
20201120,"09:40:01","SZ","NB",3337709098,2929836441,6267545539,407872657
20201120,"09:40:01","SH","NB",2041223021,1926609353,3967832374,114613668
20201120,"09:41:01","SH","NB",2191554177,2071129199,4262683376,120424978
20201120,"09:41:01","SZ","NB",3574011565,3146007715,6720019280,428003850
20201120,"09:42:01","SH","NB",2288424101,2218979508,4507403609,69444593
20201120,"09:42:01","SZ","NB",3765060087,3370168885,7135228972,394891202
20201120,"09:43:01","SZ","NB",4002692476,3538030101,7540722577,464662375
20201120,"09:43:01","SH","NB",2387980757,2336374278,4724355035,51606479
20201120,"09:44:01","SH","NB",2485403816,2517008096,5002411912,-31604280
20201120,"09:44:01","SZ","NB",4116931374,3757671702,7874603076,359259672
20201120,"09:45:01","SH","NB",2588633682,2622985199,5211618881,-34351517
20201120,"09:45:01","SZ","NB",4282170880,3883642671,8165813551,398528209
20201120,"09:46:01","SH","NB",2763916273,2777376870,5541293143,-13460597
20201120,"09:46:01","SZ","NB",4545957893,4103947254,8649905147,442010639
20201120,"09:47:01","SH","NB",2923320220,2894490392,5817810612,28829828
20201120,"09:47:01","SZ","NB",4786244345,4320872670,9107117015,465371675
20201120,"09:48:01","SH","NB",3031945650,3030983885,6062929535,961765
20201120,"09:48:01","SZ","NB",4963944122,4513242653,9477186775,450701469
20201120,"09:49:01","SH","NB",3115130578,3153926472,6269057050,-38795894
20201120,"09:49:01","SZ","NB",5134753974,4726368231,9861122205,408385743
20201120,"09:50:01","SH","NB",3250679032,3270851581,6521530613,-20172549
20201120,"09:50:01","SZ","NB",5336000745,4883148627,10219149372,452852118
20201120,"09:51:01","SH","NB",3392420373,3427437399,6819857772,-35017026
20201120,"09:51:01","SZ","NB",5582126850,5128201713,10710328563,453925137
20201120,"09:52:01","SZ","NB",5800397771,5292668635,11093066406,507729136
20201120,"09:52:01","SH","NB",3534041945,3532900997,7066942942,1140948
20201120,"09:53:01","SH","NB",3673205182,3620018306,7293223488,53186876
20201120,"09:53:01","SZ","NB",6025528445,5411425810,11436954255,614102635
20201120,"09:54:01","SH","NB",3764140303,3734968187,7499108490,29172116
20201120,"09:54:01","SZ","NB",6165978012,5582323672,11748301684,583654340
20201120,"09:55:01","SH","NB",3861704430,3832426837,7694131267,29277593
20201120,"09:55:01","SZ","NB",6323699490,5717153048,12040852538,606546442
20201120,"09:56:01","SH","NB",3986706771,3922229180,7908935951,64477591
20201120,"09:56:01","SZ","NB",6515077013,5857634229,12372711242,657442784
20201120,"09:57:01","SH","NB",4070779326,4071763996,8142543322,-984670
20201120,"09:57:01","SZ","NB",6659737492,6133533681,12793271173,526203811
20201120,"09:58:01","SH","NB",4158993290,4137873569,8296866859,21119721
20201120,"09:58:01","SZ","NB",6790483533,6252080335,13042563868,538403198
20201120,"09:59:01","SH","NB",4261309036,4223465608,8484774644,37843428
20201120,"09:59:01","SZ","NB",6977385042,6413768334,13391153376,563616708
20201120,"10:00:01","SZ","NB",7082746614,6542757141,13625503755,539989473
20201120,"10:00:01","SH","NB",4345449276,4317087630,8662536906,28361646
20201120,"10:01:01","SH","NB",4507128160,4402551584,8909679744,104576576
20201120,"10:01:01","SZ","NB",7343436767,6715806178,14059242945,627630589
20201120,"10:02:01","SH","NB",4594160803,4614297589,9208458392,-20136786
20201120,"10:02:01","SZ","NB",7456565044,7183937443,14640502487,272627601
20201120,"10:03:01","SH","NB",4728804852,4751778795,9480583647,-22973943
20201120,"10:03:01","SZ","NB",7607707428,7392239732,14999947160,215467696
20201120,"10:04:01","SH","NB",4863577511,4817273289,9680850800,46304222
20201120,"10:04:01","SZ","NB",7821375295,7518321825,15339697120,303053470
20201120,"10:05:01","SH","NB",4944386703,4899214508,9843601211,45172195
20201120,"10:05:01","SZ","NB",7936448298,7667650010,15604098308,268798288
20201120,"10:06:01","SZ","NB",8083084729,7760242322,15843327051,322842407
20201120,"10:06:01","SH","NB",5027810903,4970302351,9998113254,57508552
20201120,"10:07:01","SH","NB",5153109617,5057625622,10210735239,95483995
20201120,"10:07:01","SZ","NB",8242200835,7880274628,16122475463,361926207
20201120,"10:08:01","SH","NB",5219056662,5156687395,10375744057,62369267
20201120,"10:08:01","SZ","NB",8342680416,8032176122,16374856538,310504294
20201120,"10:09:01","SH","NB",5298837050,5218419284,10517256334,80417766
20201120,"10:09:01","SZ","NB",8479979246,8117583996,16597563242,362395250
20201120,"10:10:01","SH","NB",5356815234,5293167045,10649982279,63648189
20201120,"10:10:01","SZ","NB",8597923008,8215735913,16813658921,382187095
20201120,"10:11:01","SH","NB",5493942410,5393153172,10887095582,100789238
20201120,"10:11:01","SZ","NB",8808191609,8333003397,17141195006,475188212
20201120,"10:12:01","SH","NB",5556976034,5512334620,11069310654,44641414
20201120,"10:12:01","SZ","NB",8898437172,8543724074,17442161246,354713098
20201120,"10:13:01","SH","NB",5645767801,5571961084,11217728885,73806717
20201120,"10:13:01","SZ","NB",9018314491,8647854001,17666168492,370460490
20201120,"10:14:01","SH","NB",5714672791,5634067082,11348739873,80605709
20201120,"10:14:01","SZ","NB",9122914152,8736126309,17859040461,386787843
20201120,"10:15:01","SZ","NB",9229996735,8809679246,18039675981,420317489
20201120,"10:15:01","SH","NB",5776861553,5688086260,11464947813,88775293
20201120,"10:16:01","SH","NB",5837706803,5766702279,11604409082,71004524
20201120,"10:16:01","SZ","NB",9315609385,8944258566,18259867951,371350819
20201120,"10:17:01","SH","NB",5883569413,5820602696,11704172109,62966717
20201120,"10:17:01","SZ","NB",9426112450,9042559230,18468671680,383553220
20201120,"10:18:01","SZ","NB",9520330137,9126142674,18646472811,394187463
20201120,"10:18:01","SH","NB",5941201739,5882926766,11824128505,58274973
20201120,"10:19:01","SH","NB",5991155911,5930259313,11921415224,60896598
20201120,"10:19:01","SZ","NB",9622383847,9190917634,18813301481,431466213
20201120,"10:20:01","SH","NB",6043907089,5982105725,12026012814,61801364
20201120,"10:20:01","SZ","NB",9700713315,9260747521,18961460836,439965794
20201120,"10:21:01","SH","NB",6111412509,6130083342,12241495851,-18670833
20201120,"10:21:01","SZ","NB",9808793199,9499031346,19307824545,309761853
20201120,"10:22:01","SH","NB",6206343679,6183966869,12390310548,22376810
20201120,"10:22:01","SZ","NB",9979507860,9563871438,19543379298,415636422
20201120,"10:23:01","SZ","NB",10085384551,9633853976,19719238527,451530575
20201120,"10:23:01","SH","NB",6270871436,6240701703,12511573139,30169733
20201120,"10:24:01","SH","NB",6337900523,6292431741,12630332264,45468782
20201120,"10:24:01","SZ","NB",10193435285,9705225655,19898660940,488209630
20201120,"10:25:01","SH","NB",6397861221,6337479438,12735340659,60381783
20201120,"10:25:01","SZ","NB",10307300343,9781136509,20088436852,526163834
20201120,"10:26:01","SH","NB",6436763074,6389144414,12825907488,47618660
20201120,"10:26:01","SZ","NB",10376307230,9881798325,20258105555,494508905
20201120,"10:27:01","SH","NB",6486939664,6442591819,12929531483,44347845
20201120,"10:27:01","SZ","NB",10443371520,9962681999,20406053519,480689521
20201120,"10:28:01","SH","NB",6551150941,6493643764,13044794705,57507177
20201120,"10:28:01","SZ","NB",10523679737,10034228210,20557907947,489451527
20201120,"10:29:01","SH","NB",6641314758,6553461832,13194776590,87852926
20201120,"10:29:01","SZ","NB",10627940517,10109404828,20737345345,518535689
20201120,"10:30:01","SZ","NB",10694849038,10214948435,20909797473,479900603
20201120,"10:30:01","SH","NB",6688167607,6613971639,13302139246,74195968
20201120,"10:31:01","SH","NB",6746021103,6735175555,13481196658,10845548
20201120,"10:31:01","SZ","NB",10844457713,10403877993,21248335706,440579720
20201120,"10:32:01","SH","NB",6843420733,6779646567,13623067300,63774166
20201120,"10:32:01","SZ","NB",11046348030,10482169984,21528518014,564178046
20201120,"10:33:01","SH","NB",6898654109,6833326735,13731980844,65327374
20201120,"10:33:01","SZ","NB",11149450900,10549502273,21698953173,599948627
20201120,"10:34:01","SH","NB",6970782495,6890257494,13861039989,80525001
20201120,"10:34:01","SZ","NB",11314982518,10617809626,21932792144,697172892
20201120,"10:35:01","SH","NB",7024876221,6942169930,13967046151,82706291
20201120,"10:35:01","SZ","NB",11408483238,10709626442,22118109680,698856796
20201120,"10:36:01","SH","NB",7057591955,7001948147,14059540102,55643808
20201120,"10:36:01","SZ","NB",11467538932,10812538387,22280077319,655000545
20201120,"10:37:01","SH","NB",7097450157,7044838909,14142289066,52611248
20201120,"10:37:01","SZ","NB",11534474966,10880259707,22414734673,654215259
20201120,"10:38:01","SH","NB",7138111905,7085734204,14223846109,52377701
20201120,"10:38:01","SZ","NB",11606837326,10942667540,22549504866,664169786
20201120,"10:39:01","SH","NB",7186456670,7117694665,14304151335,68762005
20201120,"10:39:01","SZ","NB",11693239260,11007729209,22700968469,685510051
20201120,"10:40:01","SZ","NB",11743890910,11105481170,22849372080,638409740
20201120,"10:40:01","SH","NB",7219515240,7172697588,14392212828,46817652
20201120,"10:41:01","SH","NB",7291243439,7221908381,14513151820,69335058
20201120,"10:41:01","SZ","NB",11909150544,11193821187,23102971731,715329357
20201120,"10:42:01","SH","NB",7345954052,7273011157,14618965209,72942895
20201120,"10:42:01","SZ","NB",12006454681,11270429349,23276884030,736025332
20201120,"10:43:01","SH","NB",7393857692,7327742309,14721600001,66115383
20201120,"10:43:01","SZ","NB",12075043526,11362278325,23437321851,712765201
20201120,"10:44:01","SH","NB",7448938845,7376416639,14825355484,72522206
20201120,"10:44:01","SZ","NB",12137484279,11432910624,23570394903,704573655
20201120,"10:45:01","SH","NB",7491805360,7421669928,14913475288,70135432
20201120,"10:45:01","SZ","NB",12220190872,11483841482,23704032354,736349390
20201120,"10:46:01","SH","NB",7556752240,7461239735,15017991975,95512505
20201120,"10:46:01","SZ","NB",12295125860,11548854263,23843980123,746271597
20201120,"10:47:01","SH","NB",7641140865,7508329667,15149470532,132811198
20201120,"10:47:01","SZ","NB",12358783069,11617131439,23975914508,741651630
20201120,"10:48:01","SZ","NB",12445469995,11690944212,24136414207,754525783
20201120,"10:48:01","SH","NB",7706923315,7559361209,15266284524,147562106
20201120,"10:49:01","SH","NB",7763883195,7605180861,15369064056,158702334
20201120,"10:49:01","SZ","NB",12533464173,11778694625,24312158798,754769548
20201120,"10:50:01","SH","NB",7797620869,7645705189,15443326058,151915680
20201120,"10:50:01","SZ","NB",12588934245,11831680610,24420614855,757253635
20201120,"10:51:01","SH","NB",7855691646,7717038720,15572730366,138652926
20201120,"10:51:01","SZ","NB",12676650380,11928202893,24604853273,748447487
20201120,"10:52:01","SH","NB",7964512029,7756507315,15721019344,208004714
20201120,"10:52:01","SZ","NB",12792005843,11970866995,24762872838,821138848
20201120,"10:53:01","SZ","NB",12866892826,12071342689,24938235515,795550137
20201120,"10:53:01","SH","NB",8039653581,7822630544,15862284125,217023037
20201120,"10:54:01","SH","NB",8092459115,7883448595,15975907710,209010520
20201120,"10:54:01","SZ","NB",12929708850,12181680165,25111389015,748028685
20201120,"10:55:01","SH","NB",8137651159,7954663703,16092314862,182987456
20201120,"10:55:01","SZ","NB",12986584404,12258266344,25244850748,728318060
20201120,"10:56:01","SH","NB",8178904917,7990715368,16169620285,188189549
20201120,"10:56:01","SZ","NB",13040931380,12310881390,25351812770,730049990
20201120,"10:57:01","SH","NB",8231129402,8038978321,16270107723,192151081
20201120,"10:57:01","SZ","NB",13101989794,12359239033,25461228827,742750761
20201120,"10:58:01","SH","NB",8280207784,8072910497,16353118281,207297287
20201120,"10:58:01","SZ","NB",13168370554,12395842733,25564213287,772527821
20201120,"10:59:01","SH","NB",8334796997,8117000658,16451797655,217796339
20201120,"10:59:01","SZ","NB",13234751121,12426913066,25661664187,807838055
20201120,"11:00:01","SZ","NB",13283261557,12462724045,25745985602,820537512
20201120,"11:00:01","SH","NB",8374635029,8155248190,16529883219,219386839
20201120,"11:01:01","SH","NB",8419815500,8226974542,16646790042,192840958
20201120,"11:01:01","SZ","NB",13363684646,12583969673,25947654319,779714973
20201120,"11:02:01","SH","NB",8500752615,8265752239,16766504854,235000376
20201120,"11:02:01","SZ","NB",13451393415,12633676523,26085069938,817716892
20201120,"11:03:01","SH","NB",8596546656,8310856287,16907402943,285690369
20201120,"11:03:01","SZ","NB",13571135171,12685388035,26256523206,885747136
20201120,"11:04:01","SH","NB",8636134816,8358045214,16994180030,278089602
20201120,"11:04:01","SZ","NB",13636165836,12768754761,26404920597,867411075
20201120,"11:05:01","SZ","NB",13689811911,12831714188,26521526099,858097723
20201120,"11:05:01","SH","NB",8672129490,8404647677,17076777167,267481813
20201120,"11:06:01","SH","NB",8729956189,8459785949,17189742138,270170240
20201120,"11:06:01","SZ","NB",13775064101,12934643651,26709707752,840420450
20201120,"11:07:01","SH","NB",8791807210,8493996861,17285804071,297810349
20201120,"11:07:01","SZ","NB",13844557652,12974213081,26818770733,870344571
20201120,"11:08:01","SH","NB",8846077381,8531117456,17377194837,314959925
20201120,"11:08:01","SZ","NB",13916268954,13017305897,26933574851,898963057
20201120,"11:09:01","SH","NB",8875992546,8591401793,17467394339,284590753
20201120,"11:09:01","SZ","NB",13962627261,13091086599,27053713860,871540662
20201120,"11:10:01","SH","NB",8932876341,8632684520,17565560861,300191821
20201120,"11:10:01","SZ","NB",14027151225,13149892582,27177043807,877258643
20201120,"11:11:01","SH","NB",9158400280,8679566274,17837966554,478834006
20201120,"11:11:01","SZ","NB",14246730215,13209061784,27455791999,1037668431
20201120,"11:12:01","SH","NB",9242659318,8745387124,17988046442,497272194
20201120,"11:12:01","SZ","NB",14346413683,13297353510,27643767193,1049060173
20201120,"11:13:01","SH","NB",9289262874,8792479210,18081742084,496783664
20201120,"11:13:01","SZ","NB",14394755036,13359869487,27754624523,1034885549
20201120,"11:14:01","SZ","NB",14442759957,13408301319,27851061276,1034458638
20201120,"11:14:01","SH","NB",9334615737,8830315471,18164931208,504300266
20201120,"11:15:01","SH","NB",9369405805,8866405592,18235811397,503000213
20201120,"11:15:01","SZ","NB",14490584719,13467300821,27957885540,1023283898
20201120,"11:16:01","SH","NB",9417508582,8902257162,18319765744,515251420
20201120,"11:16:01","SZ","NB",14548434596,13522273816,28070708412,1026160780
20201120,"11:17:01","SH","NB",9483255977,8941522859,18424778836,541733118
20201120,"11:17:01","SZ","NB",14631657462,13577627541,28209285003,1054029921
20201120,"11:18:01","SH","NB",9518751165,9005960075,18524711240,512791090
20201120,"11:18:01","SZ","NB",14679796805,13682919521,28362716326,996877284
20201120,"11:19:01","SH","NB",9569122024,9039215571,18608337595,529906453
20201120,"11:19:01","SZ","NB",14716786532,13734986323,28451772855,981800209
20201120,"11:20:01","SH","NB",9604172661,9078405447,18682578108,525767214
20201120,"11:20:01","SZ","NB",14755783221,13783820424,28539603645,971962797
20201120,"11:21:01","SH","NB",9742176594,9127616789,18869793383,614559805
20201120,"11:21:01","SZ","NB",14891179929,13840550440,28731730369,1050629489
20201120,"11:22:01","SZ","NB",14941217275,13927042716,28868259991,1014174559
20201120,"11:22:01","SH","NB",9790463917,9187204573,18977668490,603259344
20201120,"11:23:01","SH","NB",9833203943,9287117671,19120321614,546086272
20201120,"11:23:01","SZ","NB",14990584055,14076508452,29067092507,914075603
20201120,"11:24:01","SH","NB",9872240436,9329914481,19202154917,542325955
20201120,"11:24:01","SZ","NB",15023946437,14143533556,29167479993,880412881
20201120,"11:25:01","SH","NB",9911008391,9372518074,19283526465,538490317
20201120,"11:25:01","SZ","NB",15067691771,14205854564,29273546335,861837207
20201120,"11:26:01","SH","NB",9946139042,9407652273,19353791315,538486769
20201120,"11:26:01","SZ","NB",15107096882,14260980217,29368077099,846116665
20201120,"11:27:01","SZ","NB",15147801577,14388987947,29536789524,758813630
20201120,"11:27:01","SH","NB",9987889005,9598446222,19586335227,389442783
20201120,"11:28:01","SH","NB",10035111662,9641297436,19676409098,393814226
20201120,"11:28:01","SZ","NB",15192523640,14437626767,29630150407,754896873
20201120,"11:29:01","SH","NB",10078638553,9672848991,19751487544,405789562
20201120,"11:29:01","SZ","NB",15242914680,14483165626,29726080306,759749054
20201120,"11:30:01","SH","NB",10107821474,9696822132,19804643606,410999342
20201120,"11:30:01","SZ","NB",15270819210,14510079528,29780898738,760739682
20201120,"11:31:01","SH","NB",10110097966,9697322298,19807420264,412775668
20201120,"11:31:01","SZ","NB",15272974198,14511666592,29784640790,761307606
20201120,"13:00:01","SZ","NB",15285385935,14519249184,29804635119,766136751
20201120,"13:01:01","SH","NB",10269618366,9792476394,20062094760,477141972
20201120,"13:01:01","SZ","NB",15491937208,14653847921,30145785129,838089287
20201120,"13:02:01","SH","NB",10331647147,9866601656,20198248803,465045491
20201120,"13:02:01","SZ","NB",15574219364,14736634974,30310854338,837584390
20201120,"13:03:01","SH","NB",10391029244,9924030203,20315059447,466999041
20201120,"13:03:01","SZ","NB",15637207936,14794930223,30432138159,842277713
20201120,"13:04:01","SH","NB",10440048738,9959745350,20399794088,480303388
20201120,"13:04:01","SZ","NB",15712299131,14854140861,30566439992,858158270
20201120,"13:05:01","SZ","NB",15767855967,14899230591,30667086558,868625376
20201120,"13:05:01","SH","NB",10499920296,10000386498,20500306794,499533798
20201120,"13:06:01","SH","NB",10548478224,10058467009,20606945233,490011215
20201120,"13:06:01","SZ","NB",15817117281,14967782300,30784899581,849334981
20201120,"13:07:01","SH","NB",10604717512,10110802464,20715519976,493915048
20201120,"13:07:01","SZ","NB",15885618248,15041578857,30927197105,844039391
20201120,"13:08:01","SH","NB",10647774126,10156508158,20804282284,491265968
20201120,"13:08:01","SZ","NB",15934386258,15097359845,31031746103,837026413
20201120,"13:09:01","SH","NB",10697272855,10197919158,20895192013,499353697
20201120,"13:09:01","SZ","NB",15981509463,15146575599,31128085062,834933864
20201120,"13:10:01","SH","NB",10735227308,10235191373,20970418681,500035935
20201120,"13:10:01","SZ","NB",16040530308,15191062461,31231592769,849467847
20201120,"13:11:01","SH","NB",10793947614,10323823011,21117770625,470124603
20201120,"13:11:01","SZ","NB",16123559164,15310041009,31433600173,813518155
20201120,"13:12:01","SH","NB",10825373243,10363551768,21188925011,461821475
20201120,"13:12:01","SZ","NB",16172783263,15361850932,31534634195,810932331
20201120,"13:13:01","SZ","NB",16264426595,15426207546,31690634141,838219049
20201120,"13:13:01","SH","NB",10880101410,10405949963,21286051373,474151447
20201120,"13:14:01","SH","NB",10923281549,10445213264,21368494813,478068285
20201120,"13:14:01","SZ","NB",16318322754,15486018380,31804341134,832304374
20201120,"13:15:01","SH","NB",10959725057,10491275871,21451000928,468449186
20201120,"13:15:01","SZ","NB",16378725990,15538766000,31917491990,839959990
20201120,"13:16:01","SH","NB",11006102063,10525480522,21531582585,480621541
20201120,"13:16:01","SZ","NB",16444362460,15598521235,32042883695,845841225
20201120,"13:17:01","SH","NB",11044495753,10566588747,21611084500,477907006
20201120,"13:17:01","SZ","NB",16498719462,15650948554,32149668016,847770908
20201120,"13:18:01","SH","NB",11109587121,10613177674,21722764795,496409447
20201120,"13:18:01","SZ","NB",16570312868,15701156562,32271469430,869156306
20201120,"13:19:01","SZ","NB",16612026387,15748462238,32360488625,863564149
20201120,"13:19:01","SH","NB",11144224688,10651317961,21795542649,492906727
20201120,"13:20:01","SH","NB",11185157692,10704316957,21889474649,480840735
20201120,"13:20:01","SZ","NB",16657670033,15832969071,32490639104,824700962
20201120,"13:21:01","SH","NB",11223012269,10775448611,21998460880,447563658
20201120,"13:21:01","SZ","NB",16722138835,15937839757,32659978592,784299078
20201120,"13:22:01","SH","NB",11276247584,10806957512,22083205096,469290072
20201120,"13:22:01","SZ","NB",16829228186,15984797630,32814025816,844430556
20201120,"13:23:01","SH","NB",11333391930,10850313708,22183705638,483078222
20201120,"13:23:01","SZ","NB",16888896278,16032316998,32921213276,856579280
20201120,"13:24:01","SH","NB",11377337360,10899178816,22276516176,478158544
20201120,"13:24:01","SZ","NB",16975313232,16090140535,33065453767,885172697
20201120,"13:25:01","SH","NB",11427078135,10934030271,22361108406,493047864
20201120,"13:25:01","SZ","NB",17021688961,16154016563,33175705524,867672398
20201120,"13:26:01","SH","NB",11466366299,10975483291,22441849590,490883008
20201120,"13:26:01","SZ","NB",17067528423,16210151063,33277679486,857377360
20201120,"13:27:01","SH","NB",11511856381,11012063690,22523920071,499792691
20201120,"13:27:01","SZ","NB",17132554981,16260803052,33393358033,871751929
20201120,"13:28:01","SH","NB",11548717107,11061842622,22610559729,486874485
20201120,"13:28:01","SZ","NB",17180890714,16322555939,33503446653,858334775
20201120,"13:29:01","SZ","NB",17231445116,16369839757,33601284873,861605359
20201120,"13:29:01","SH","NB",11592126360,11093747927,22685874287,498378433
20201120,"13:30:01","SH","NB",11632191345,11124243997,22756435342,507947348
20201120,"13:30:01","SZ","NB",17275004153,16413029486,33688033639,861974667
20201120,"13:31:01","SH","NB",11686868211,11194928632,22881796843,491939579
20201120,"13:31:01","SZ","NB",17332873862,16529900134,33862773996,802973728
20201120,"13:32:01","SH","NB",11725400353,11225133190,22950533543,500267163
20201120,"13:32:01","SZ","NB",17393760410,16593245165,33987005575,800515245
20201120,"13:33:01","SH","NB",11769233911,11266024289,23035258200,503209622
20201120,"13:33:01","SZ","NB",17463163264,16648920899,34112084163,814242365
20201120,"13:34:01","SH","NB",11817982303,11296076302,23114058605,521906001
20201120,"13:34:01","SZ","NB",17533084504,16693071677,34226156181,840012827
20201120,"13:35:01","SH","NB",11866999402,11327867930,23194867332,539131472
20201120,"13:35:01","SZ","NB",17610742633,16737957445,34348700078,872785188
20201120,"13:36:01","SH","NB",11918609417,11361997730,23280607147,556611687
20201120,"13:36:01","SZ","NB",17667624501,16788708605,34456333106,878915896
20201120,"13:37:01","SH","NB",11960961558,11396504278,23357465836,564457280
20201120,"13:37:01","SZ","NB",17724538299,16836129283,34560667582,888409016
20201120,"13:38:01","SH","NB",12000926224,11429992864,23430919088,570933360
20201120,"13:38:01","SZ","NB",17785994116,16882187649,34668181765,903806467
20201120,"13:39:01","SZ","NB",17850395678,16928833222,34779228900,921562456
20201120,"13:39:01","SH","NB",12051393423,11475112661,23526506084,576280762
20201120,"13:40:01","SH","NB",12097442049,11519225265,23616667314,578216784
20201120,"13:40:01","SZ","NB",17912516887,16994583568,34907100455,917933319
20201120,"13:41:01","SH","NB",12146178262,11587303514,23733481776,558874748
20201120,"13:41:01","SZ","NB",17977358401,17098866472,35076224873,878491929
20201120,"13:42:01","SH","NB",12203205279,11620958920,23824164199,582246359
20201120,"13:42:01","SZ","NB",18063435625,17158965737,35222401362,904469888
20201120,"13:43:01","SH","NB",12298339346,11661025007,23959364353,637314339
20201120,"13:43:01","SZ","NB",18177791579,17208588075,35386379654,969203504
20201120,"13:44:01","SH","NB",12354040508,11710936733,24064977241,643103775
20201120,"13:44:01","SZ","NB",18233833390,17262976909,35496810299,970856481
20201120,"13:45:01","SH","NB",12401388017,11752382820,24153770837,649005197
20201120,"13:45:01","SZ","NB",18279113768,17341483633,35620597401,937630135
20201120,"13:46:01","SH","NB",12449375614,11796518410,24245894024,652857204
20201120,"13:46:01","SZ","NB",18329100016,17393442313,35722542329,935657703
20201120,"13:47:01","SZ","NB",18400438871,17445156433,35845595304,955282438
20201120,"13:47:01","SH","NB",12501190787,11829137602,24330328389,672053185
20201120,"13:48:01","SH","NB",12544399513,11872505650,24416905163,671893863
20201120,"13:48:01","SZ","NB",18448439274,17526217353,35974656627,922221921
20201120,"13:49:01","SH","NB",12578734737,11900389081,24479123818,678345656
20201120,"13:49:01","SZ","NB",18493079842,17584907537,36077987379,908172305
20201120,"13:50:01","SH","NB",12614922688,11935232016,24550154704,679690672
20201120,"13:50:01","SZ","NB",18554382747,17642051377,36196434124,912331370
20201120,"13:51:01","SH","NB",12661682560,12006923608,24668606168,654758952
20201120,"13:51:01","SZ","NB",18616181989,17758308457,36374490446,857873532
20201120,"13:52:01","SH","NB",12693098338,12039731746,24732830084,653366592
20201120,"13:52:01","SZ","NB",18658372065,17803604452,36461976517,854767613
20201120,"13:53:01","SH","NB",12735259153,12072745171,24808004324,662513982
20201120,"13:53:01","SZ","NB",18719932280,17853924078,36573856358,866008202
20201120,"13:54:01","SH","NB",12794085579,12106116856,24900202435,687968723
20201120,"13:54:01","SZ","NB",18800410578,17915507387,36715917965,884903191
20201120,"13:55:01","SZ","NB",18877278700,17968678955,36845957655,908599745
20201120,"13:55:01","SH","NB",12868872346,12144227218,25013099564,724645128
20201120,"13:56:01","SH","NB",13051141580,12192619095,25243760675,858522485
20201120,"13:56:01","SZ","NB",19090386441,18039850646,37130237087,1050535795
20201120,"13:57:01","SH","NB",13130233396,12259780605,25390014001,870452791
20201120,"13:57:01","SZ","NB",19155445472,18131116342,37286561814,1024329130
20201120,"13:58:01","SH","NB",13185188960,12311912893,25497101853,873276067
20201120,"13:58:01","SZ","NB",19214831266,18218752384,37433583650,996078882
20201120,"13:59:01","SH","NB",13230235491,12368520553,25598756044,861714938
20201120,"13:59:01","SZ","NB",19253008919,18292001708,37545010627,961007211
20201120,"14:00:01","SH","NB",13278085952,12416735584,25694821536,861350368
20201120,"14:00:01","SZ","NB",19305330935,18344872991,37650203926,960457944
20201120,"14:01:01","SH","NB",13327581959,12484049211,25811631170,843532748
20201120,"14:01:01","SZ","NB",19364457575,18426173620,37790631195,938283955
20201120,"14:02:01","SH","NB",13367251432,12541415603,25908667035,825835829
20201120,"14:02:01","SZ","NB",19425767331,18507157625,37932924956,918609706
20201120,"14:03:01","SH","NB",13408758875,12588428329,25997187204,820330546
20201120,"14:03:01","SZ","NB",19469288542,18566252200,38035540742,903036342
20201120,"14:04:01","SH","NB",13470262718,12631659321,26101922039,838603397
20201120,"14:04:01","SZ","NB",19543146733,18627213123,38170359856,915933610
20201120,"14:05:01","SZ","NB",19622368787,18680025169,38302393956,942343618
20201120,"14:05:01","SH","NB",13533297589,12671979740,26205277329,861317849
20201120,"14:06:01","SH","NB",13573455446,12720920178,26294375624,852535268
20201120,"14:06:01","SZ","NB",19679138476,18749631676,38428770152,929506800
20201120,"14:07:01","SH","NB",13601948421,12768938130,26370886551,833010291
20201120,"14:07:01","SZ","NB",19715733411,18809082413,38524815824,906650998
20201120,"14:08:01","SH","NB",13637795155,12820877429,26458672584,816917726
20201120,"14:08:01","SZ","NB",19776486382,18870942038,38647428420,905544344
20201120,"14:09:01","SH","NB",13673609750,12872122862,26545732612,801486888
20201120,"14:09:01","SZ","NB",19818553654,18933478027,38752031681,885075627
20201120,"14:10:01","SH","NB",13712119092,12916630100,26628749192,795488992
20201120,"14:10:01","SZ","NB",19870867881,18976722189,38847590070,894145692
20201120,"14:11:01","SH","NB",13767797946,12971411273,26739209219,796386673
20201120,"14:11:01","SZ","NB",19943956026,19060085938,39004041964,883870088
20201120,"14:12:01","SH","NB",13828112321,13009480308,26837592629,818632013
20201120,"14:12:01","SZ","NB",20011983575,19109122660,39121106235,902860915
20201120,"14:13:01","SZ","NB",20070548277,19168908857,39239457134,901639420
20201120,"14:13:01","SH","NB",13876838532,13054804722,26931643254,822033810
20201120,"14:14:01","SH","NB",13922099659,13105637570,27027737229,816462089
20201120,"14:14:01","SZ","NB",20125248298,19226569037,39351817335,898679261
20201120,"14:15:01","SH","NB",13971002329,13160706545,27131708874,810295784
20201120,"14:15:01","SZ","NB",20200415578,19301561499,39501977077,898854079
20201120,"14:16:01","SH","NB",14024268284,13199696983,27223965267,824571301
20201120,"14:16:01","SZ","NB",20309061657,19346311062,39655372719,962750595
20201120,"14:17:01","SZ","NB",20415264658,19398703300,39813967958,1016561358
20201120,"14:17:01","SH","NB",14125873359,13254411018,27380284377,871462341
20201120,"14:18:01","SH","NB",14183391317,13304408931,27487800248,878982386
20201120,"14:18:01","SZ","NB",20480133756,19460740696,39940874452,1019393060
20201120,"14:19:01","SH","NB",14247558695,13361175149,27608733844,886383546
20201120,"14:19:01","SZ","NB",20542413238,19542158148,40084571386,1000255090
20201120,"14:20:01","SH","NB",14301182439,13412749862,27713932301,888432577
20201120,"14:20:01","SZ","NB",20590237949,19616391656,40206629605,973846293
20201120,"14:21:01","SH","NB",14373593592,13474242706,27847836298,899350886
20201120,"14:21:01","SZ","NB",20666215265,19706100305,40372315570,960114960
20201120,"14:22:01","SH","NB",14430146183,13515690046,27945836229,914456137
20201120,"14:22:01","SZ","NB",20760594674,19768438356,40529033030,992156318
20201120,"14:23:01","SH","NB",14488246465,13567855819,28056102284,920390646
20201120,"14:23:01","SZ","NB",20831737460,19835750915,40667488375,995986545
20201120,"14:24:01","SZ","NB",20882467142,19917796670,40800263812,964670472
20201120,"14:24:01","SH","NB",14560217291,13633248240,28193465531,926969051
20201120,"14:25:01","SH","NB",14602345660,13675655820,28278001480,926689840
20201120,"14:25:01","SZ","NB",20929499669,19986578170,40916077839,942921499
20201120,"14:26:01","SH","NB",14656155796,13721269363,28377425159,934886433
20201120,"14:26:01","SZ","NB",20980810321,20045922771,41026733092,934887550
20201120,"14:27:01","SH","NB",14700142572,13775638166,28475780738,924504406
20201120,"14:27:01","SZ","NB",21021129503,20114101068,41135230571,907028435
20201120,"14:28:01","SZ","NB",21062338661,20180974852,41243313513,881363809
20201120,"14:28:01","SH","NB",14742859665,13834204419,28577064084,908655246
20201120,"14:29:01","SH","NB",14797071367,13890110530,28687181897,906960837
20201120,"14:29:01","SZ","NB",21114398983,20244248608,41358647591,870150375
20201120,"14:30:01","SH","NB",14841752373,13943074951,28784827324,898677422
20201120,"14:30:01","SZ","NB",21169769055,20310406568,41480175623,859362487
20201120,"14:31:01","SH","NB",14959175227,14016131394,28975306621,943043833
20201120,"14:31:01","SZ","NB",21330435865,20400275911,41730711776,930159954
20201120,"14:32:01","SH","NB",15052403435,14119834526,29172237961,932568909
20201120,"14:32:01","SZ","NB",21428764429,20535355363,41964119792,893409066
20201120,"14:33:01","SZ","NB",21500695745,20669117077,42169812822,831578668
20201120,"14:33:01","SH","NB",15115637720,14221436208,29337073928,894201512
20201120,"14:34:01","SH","NB",15201293070,14285363364,29486656434,915929706
20201120,"14:34:01","SZ","NB",21581021233,20752526856,42333548089,828494377
20201120,"14:35:01","SZ","NB",21671262142,20821439159,42492701301,849822983
20201120,"14:35:01","SH","NB",15288269197,14340176024,29628445221,948093173
20201120,"14:36:01","SH","NB",15374223604,14396001471,29770225075,978222133
20201120,"14:36:01","SZ","NB",21767726585,20881798594,42649525179,885927991
20201120,"14:37:01","SH","NB",15447928988,14483710692,29931639680,964218296
20201120,"14:37:01","SZ","NB",21851315735,20965380137,42816695872,885935598
20201120,"14:38:01","SH","NB",15520876580,14555330404,30076206984,965546176
20201120,"14:38:01","SZ","NB",21920093651,21053704102,42973797753,866389549
20201120,"14:39:01","SH","NB",15628944878,14629346781,30258291659,999598097
20201120,"14:39:01","SZ","NB",22043481215,21124601443,43168082658,918879772
20201120,"14:40:01","SH","NB",15763448834,14679252892,30442701726,1084195942
20201120,"14:40:01","SZ","NB",22177146327,21198762041,43375908368,978384286
20201120,"14:41:01","SH","NB",15857208151,14759551310,30616759461,1097656841
20201120,"14:41:01","SZ","NB",22325066950,21289065140,43614132090,1036001810
20201120,"14:42:01","SH","NB",15934596630,14832909342,30767505972,1101687288
20201120,"14:42:01","SZ","NB",22464194161,21389671376,43853865537,1074522785
20201120,"14:43:01","SH","NB",16006652994,14908155307,30914808301,1098497687
20201120,"14:43:01","SZ","NB",22547444919,21483378124,44030823043,1064066795
20201120,"14:44:01","SZ","NB",22626758739,21559798116,44186556855,1066960623
20201120,"14:44:01","SH","NB",16084195675,14976962916,31061158591,1107232759
20201120,"14:45:01","SH","NB",16152967009,15049160842,31202127851,1103806167
20201120,"14:45:01","SZ","NB",22693443202,21647077911,44340521113,1046365291
20201120,"14:46:01","SH","NB",16216402174,15157411693,31373813867,1058990481
20201120,"14:46:01","SZ","NB",22751213386,21787754829,44538968215,963458557
20201120,"14:47:01","SH","NB",16288056508,15227857949,31515914457,1060198559
20201120,"14:47:01","SZ","NB",22826855444,21882569748,44709425192,944285696
20201120,"14:48:01","SH","NB",16351787781,15282799366,31634587147,1068988415
20201120,"14:48:01","SZ","NB",22904979725,21952541589,44857521314,952438136
20201120,"14:49:01","SH","NB",16430255490,15358209896,31788465386,1072045594
20201120,"14:49:01","SZ","NB",22997341095,22052252660,45049593755,945088435
20201120,"14:50:01","SZ","NB",23081155267,22128178229,45209333496,952977038
20201120,"14:50:01","SH","NB",16496083475,15412955333,31909038808,1083128142
20201120,"14:51:01","SH","NB",16603989989,15507914545,32111904534,1096075444
20201120,"14:51:01","SZ","NB",23227973593,22235081555,45463055148,992892038
20201120,"14:52:01","SH","NB",16686665611,15589829279,32276494890,1096836332
20201120,"14:52:01","SZ","NB",23332373531,22342893219,45675266750,989480312
20201120,"14:53:01","SH","NB",16788227632,15661124539,32449352171,1127103093
20201120,"14:53:01","SZ","NB",23457151748,22438771878,45895923626,1018379870
20201120,"14:54:01","SH","NB",16889745378,15743031401,32632776779,1146713977
20201120,"14:54:01","SZ","NB",23569997819,22525938205,46095936024,1044059614
20201120,"14:55:01","SH","NB",17003985155,15824170209,32828155364,1179814946
20201120,"14:55:01","SZ","NB",23679395570,22603354837,46282750407,1076040733
20201120,"14:56:01","SH","NB",17120183174,15937732516,33057915690,1182450658
20201120,"14:56:01","SZ","NB",23801455039,22718617571,46520072610,1082837468
20201120,"14:57:01","SH","NB",17207437810,16039890853,33247328663,1167546957
20201120,"14:57:01","SZ","NB",23914156598,22800190898,46714347496,1113965700
20201120,"14:58:01","SH","NB",17207439537,16039895901,33247335438,1167543636
20201120,"15:00:01","SZ","NB",23999218961,22886017286,46885236247,1113201675
20201120,"15:01:01","SH","NB",17492669271,16298112395,33790781666,1194556876
20201120,"15:01:01","SZ","NB",24320162946,23071395848,47391558794,1248767098
