dataDate,dataTime,connectMarket,tradeDirection,buyTurnover,sellTurnover,totalTurnover,netTurnover
20190924,"09:30:01","SH","NB",86375339,33687960,120063299,52687379
20190924,"09:30:01","SZ","NB",45203320,19864834,65068154,25338486
20190924,"09:31:01","SH","NB",263053604,143099780,406153384,119953824
20190924,"09:31:01","SZ","NB",220666979,155028605,375695584,65638374
20190924,"09:32:01","SH","NB",371644840,260536768,632181608,111108072
20190924,"09:32:01","SZ","NB",390291669,300721322,691012991,89570347
20190924,"09:33:01","SH","NB",486738611,349137546,835876157,137601065
20190924,"09:33:01","SZ","NB",573574950,394118311,967693261,179456639
20190924,"09:34:01","SH","NB",606042091,439861875,1045903966,166180216
20190924,"09:34:01","SZ","NB",759092924,476227314,1235320238,282865610
20190924,"09:35:01","SH","NB",679441776,566177478,1245619254,113264298
20190924,"09:35:01","SZ","NB",858139818,633970848,1492110666,224168970
20190924,"09:36:01","SH","NB",753442343,649849179,1403291522,103593164
20190924,"09:36:01","SZ","NB",987144848,717631415,1704776263,269513433
20190924,"09:37:01","SH","NB",819144603,755659281,1574803884,63485322
20190924,"09:37:01","SZ","NB",1082349588,834799210,1917148798,247550378
20190924,"09:38:01","SZ","NB",1170537895,937255063,2107792958,233282832
20190924,"09:38:01","SH","NB",880824125,824051496,1704875621,56772629
20190924,"09:39:01","SH","NB",938877249,894561454,1833438703,44315795
20190924,"09:39:01","SZ","NB",1241300611,1032645333,2273945944,208655278
20190924,"09:40:01","SH","NB",1017470690,964012281,1981482971,53458409
20190924,"09:40:01","SZ","NB",1345591427,1103563549,2449154976,242027878
20190924,"09:41:01","SH","NB",1120503964,1020360151,2140864115,100143813
20190924,"09:41:01","SZ","NB",1530198432,1185970215,2716168647,344228217
20190924,"09:42:01","SH","NB",1181306610,1113504469,2294811079,67802141
20190924,"09:42:01","SZ","NB",1611760950,1314953330,2926714280,296807620
20190924,"09:43:01","SH","NB",1233099850,1154757857,2387857707,78341993
20190924,"09:43:01","SZ","NB",1698346151,1374283676,3072629827,324062475
20190924,"09:44:01","SH","NB",1269659294,1206530963,2476190257,63128331
20190924,"09:44:01","SZ","NB",1777957725,1449477988,3227435713,328479737
20190924,"09:45:01","SH","NB",1311114172,1250133482,2561247654,60980690
20190924,"09:45:01","SZ","NB",1856068808,1509222427,3365291235,346846381
20190924,"09:46:01","SZ","NB",1932213930,1589891612,3522105542,342322318
20190924,"09:46:01","SH","NB",1373291213,1314955590,2688246803,58335623
20190924,"09:47:01","SH","NB",1419493489,1371407289,2790900778,48086200
20190924,"09:47:01","SZ","NB",2008785276,1661802226,3670587502,346983050
20190924,"09:48:01","SH","NB",1455796854,1430527155,2886324009,25269699
20190924,"09:48:01","SZ","NB",2085815884,1742182160,3827998044,343633724
20190924,"09:49:01","SH","NB",1501042640,1483716722,2984759362,17325918
20190924,"09:49:01","SZ","NB",2207375352,1818925244,4026300596,388450108
20190924,"09:50:01","SH","NB",1543304096,1521341006,3064645102,21963090
20190924,"09:50:01","SZ","NB",2292925848,1878574076,4171499924,414351772
20190924,"09:51:01","SH","NB",1622109313,1571030696,3193140009,51078617
20190924,"09:51:01","SZ","NB",2411766013,1935637900,4347403913,476128113
20190924,"09:52:01","SH","NB",1691213968,1621575282,3312789250,69638686
20190924,"09:52:01","SZ","NB",2499945979,1996543232,4496489211,503402747
20190924,"09:53:01","SH","NB",1734199268,1678986482,3413185750,55212786
20190924,"09:53:01","SZ","NB",2572065513,2070597800,4642663313,501467713
20190924,"09:54:01","SH","NB",1781733604,1724186657,3505920261,57546947
20190924,"09:54:01","SZ","NB",2641647224,2138822791,4780470015,502824433
20190924,"09:55:01","SH","NB",1826227692,1786863672,3613091364,39364020
20190924,"09:55:01","SZ","NB",2704802795,2224508486,4929311281,480294309
20190924,"09:56:01","SZ","NB",2775612089,2323226887,5098838976,452385202
20190924,"09:56:01","SH","NB",1908086505,1850616513,3758703018,57469992
20190924,"09:57:01","SH","NB",1953850932,1905009043,3858859975,48841889
20190924,"09:57:01","SZ","NB",2847272161,2404090494,5251362655,443181667
20190924,"09:58:01","SH","NB",1999678496,1964614200,3964292696,35064296
20190924,"09:58:01","SZ","NB",2911116110,2470630119,5381746229,440485991
20190924,"09:59:01","SH","NB",2052087960,2038684578,4090772538,13403382
20190924,"09:59:01","SZ","NB",2966239949,2549994370,5516234319,416245579
20190924,"10:00:01","SH","NB",2097745836,2107882146,4205627982,-10136310
20190924,"10:00:01","SZ","NB",3011790726,2622467239,5634257965,389323487
20190924,"10:01:01","SH","NB",2158452447,2200024266,4358476713,-41571819
20190924,"10:01:01","SZ","NB",3118041774,2708765753,5826807527,409276021
20190924,"10:02:01","SH","NB",2234600584,2240668362,4475268946,-6067778
20190924,"10:02:01","SZ","NB",3230932316,2743507692,5974440008,487424624
20190924,"10:03:01","SZ","NB",3313834144,2784849230,6098683374,528984914
20190924,"10:03:01","SH","NB",2289208588,2282959125,4572167713,6249463
20190924,"10:04:01","SH","NB",2333972416,2319997242,4653969658,13975174
20190924,"10:04:01","SZ","NB",3365862700,2828503620,6194366320,537359080
20190924,"10:05:01","SH","NB",2393529691,2363405690,4756935381,30124001
20190924,"10:05:01","SZ","NB",3425780749,2877950484,6303731233,547830265
20190924,"10:06:01","SH","NB",2457875078,2399502814,4857377892,58372264
20190924,"10:06:01","SZ","NB",3494998218,2927928229,6422926447,567069989
20190924,"10:07:01","SH","NB",2505481537,2430167205,4935648742,75314332
20190924,"10:07:01","SZ","NB",3572193065,2967147253,6539340318,605045812
20190924,"10:08:01","SZ","NB",3631163414,3008609470,6639772884,622553944
20190924,"10:08:01","SH","NB",2551140281,2462997070,5014137351,88143211
20190924,"10:09:01","SH","NB",2603286760,2500712096,5103998856,102574664
20190924,"10:09:01","SZ","NB",3701546280,3050918320,6752464600,650627960
20190924,"10:10:01","SH","NB",2668726896,2544624587,5213351483,124102309
20190924,"10:10:01","SZ","NB",3758112142,3096275188,6854387330,661836954
20190924,"10:11:01","SH","NB",2789949600,2592726675,5382676275,197222925
20190924,"10:11:01","SZ","NB",3938038142,3148645237,7086683379,789392905
20190924,"10:12:01","SH","NB",2840177288,2652096402,5492273690,188080886
20190924,"10:12:01","SZ","NB",3990695955,3236797841,7227493796,753898114
20190924,"10:13:01","SH","NB",2897402487,2685356220,5582758707,212046267
20190924,"10:13:01","SZ","NB",4044013004,3309225794,7353238798,734787210
20190924,"10:14:01","SH","NB",2934544500,2726665554,5661210054,207878946
20190924,"10:14:01","SZ","NB",4074333418,3382048111,7456381529,692285307
20190924,"10:15:01","SZ","NB",4110145526,3426117211,7536262737,684028315
20190924,"10:15:01","SH","NB",2996020210,2755842574,5751862784,240177636
20190924,"10:16:01","SH","NB",3046518070,2788733867,5835251937,257784203
20190924,"10:16:01","SZ","NB",4186748056,3474609484,7661357540,712138572
20190924,"10:17:01","SH","NB",3085733611,2817641396,5903375007,268092215
20190924,"10:17:01","SZ","NB",4241051163,3521243584,7762294747,719807579
20190924,"10:18:01","SZ","NB",4283681742,3557202688,7840884430,726479054
20190924,"10:18:01","SH","NB",3121927899,2842276326,5964204225,279651573
20190924,"10:19:01","SH","NB",3162887305,2886279028,6049166333,276608277
20190924,"10:19:01","SZ","NB",4332569364,3606729506,7939298870,725839858
20190924,"10:20:01","SH","NB",3199604985,2936798985,6136403970,262806000
20190924,"10:20:01","SZ","NB",4370523809,3663401427,8033925236,707122382
20190924,"10:21:01","SH","NB",3237028003,2980837758,6217865761,256190245
20190924,"10:21:01","SZ","NB",4430763056,3731303218,8162066274,699459838
20190924,"10:22:01","SH","NB",3293516589,3007596272,6301112861,285920317
20190924,"10:22:01","SZ","NB",4535666552,3774886183,8310552735,760780369
20190924,"10:23:01","SH","NB",3333844094,3033868167,6367712261,299975927
20190924,"10:23:01","SZ","NB",4595014534,3806017416,8401031950,788997118
20190924,"10:24:01","SZ","NB",4652717253,3840443958,8493161211,812273295
20190924,"10:24:01","SH","NB",3369881376,3061496509,6431377885,308384867
20190924,"10:25:01","SH","NB",3400617434,3092400455,6493017889,308216979
20190924,"10:25:01","SZ","NB",4687889533,3886395906,8574285439,801493627
20190924,"10:26:01","SH","NB",3430519611,3116512388,6547031999,314007223
20190924,"10:26:01","SZ","NB",4724925088,3919034499,8643959587,805890589
20190924,"10:27:01","SH","NB",3461584418,3149117122,6610701540,312467296
20190924,"10:27:01","SZ","NB",4776394889,3954699151,8731094040,821695738
20190924,"10:28:01","SH","NB",3497148348,3180002746,6677151094,317145602
20190924,"10:28:01","SZ","NB",4828806866,3984846045,8813652911,843960821
20190924,"10:29:01","SH","NB",3525036979,3204651785,6729688764,320385194
20190924,"10:29:01","SZ","NB",4862809436,4012652205,8875461641,850157231
20190924,"10:30:01","SH","NB",3577304174,3231577053,6808881227,345727121
20190924,"10:30:01","SZ","NB",4935081111,4035061073,8970142184,900020038
20190924,"10:31:01","SZ","NB",5013657954,4084463789,9098121743,929194165
20190924,"10:31:01","SH","NB",3642012960,3270136614,6912149574,371876346
20190924,"10:32:01","SH","NB",3686579927,3355740047,7042319974,330839880
20190924,"10:32:01","SZ","NB",5058385656,4192841580,9251227236,865544076
20190924,"10:33:01","SH","NB",3722601041,3400171677,7122772718,322429364
20190924,"10:33:01","SZ","NB",5097025648,4237159736,9334185384,859865912
20190924,"10:34:01","SH","NB",3757840384,3476561241,7234401625,281279143
20190924,"10:34:01","SZ","NB",5127946286,4303482245,9431428531,824464041
20190924,"10:35:01","SH","NB",3791423921,3505609256,7297033177,285814665
20190924,"10:35:01","SZ","NB",5162898027,4332168304,9495066331,830729723
20190924,"10:36:01","SH","NB",3820860729,3530518332,7351379061,290342397
20190924,"10:36:01","SZ","NB",5196368467,4356481066,9552849533,839887401
20190924,"10:37:01","SZ","NB",5233844332,4373306692,9607151024,860537640
20190924,"10:37:01","SH","NB",3859090235,3553722379,7412812614,305367856
20190924,"10:38:01","SH","NB",3885335112,3578114889,7463450001,307220223
20190924,"10:38:01","SZ","NB",5264470329,4390838542,9655308871,873631787
20190924,"10:39:01","SH","NB",3922762326,3601035607,7523797933,321726719
20190924,"10:39:01","SZ","NB",5293780769,4408629398,9702410167,885151371
20190924,"10:40:01","SH","NB",3957194936,3623668650,7580863586,333526286
20190924,"10:40:01","SZ","NB",5344239161,4433989430,9778228591,910249731
20190924,"10:41:01","SH","NB",3997632336,3647886774,7645519110,349745562
20190924,"10:41:01","SZ","NB",5392147483,4463077917,9855225400,929069566
20190924,"10:42:01","SH","NB",4031243312,3671915447,7703158759,359327865
20190924,"10:42:01","SZ","NB",5423435317,4496070366,9919505683,927364951
20190924,"10:43:01","SH","NB",4061766043,3694244065,7756010108,367521978
20190924,"10:43:01","SZ","NB",5455311148,4517678278,9972989426,937632870
20190924,"10:44:01","SH","NB",4095462421,3717805252,7813267673,377657169
20190924,"10:44:01","SZ","NB",5483949542,4541379484,10025329026,942570058
20190924,"10:45:01","SZ","NB",5506951842,4558791285,10065743127,948160557
20190924,"10:45:01","SH","NB",4121662383,3743801697,7865464080,377860686
20190924,"10:46:01","SH","NB",4162648908,3763047732,7925696640,399601176
20190924,"10:46:01","SZ","NB",5559045045,4589287621,10148332666,969757424
20190924,"10:47:01","SH","NB",4197228148,3791571013,7988799161,405657135
20190924,"10:47:01","SZ","NB",5587150667,4633792434,10220943101,953358233
20190924,"10:48:01","SH","NB",4218211371,3813555644,8031767015,404655727
20190924,"10:48:01","SZ","NB",5618611500,4655159638,10273771138,963451862
20190924,"10:49:01","SH","NB",4239917396,3835349371,8075266767,404568025
20190924,"10:49:01","SZ","NB",5639435647,4680355857,10319791504,959079790
20190924,"10:50:01","SZ","NB",5671811051,4706078959,10377890010,965732092
20190924,"10:50:01","SH","NB",4260345119,3854594824,8114939943,405750295
20190924,"10:51:01","SH","NB",4289702676,3888178100,8177880776,401524576
20190924,"10:51:01","SZ","NB",5711080996,4735871904,10446952900,975209092
20190924,"10:52:01","SH","NB",4316054735,3928420814,8244475549,387633921
20190924,"10:52:01","SZ","NB",5735310717,4789432080,10524742797,945878637
20190924,"10:53:01","SH","NB",4335533951,3952769807,8288303758,382764144
20190924,"10:53:01","SZ","NB",5803041282,4823914482,10626955764,979126800
20190924,"10:54:01","SH","NB",4361927839,3978630110,8340557949,383297729
20190924,"10:54:01","SZ","NB",5826846314,4851929290,10678775604,974917024
20190924,"10:55:01","SH","NB",4390314349,4009448209,8399762558,380866140
20190924,"10:55:01","SZ","NB",5856176026,4882157200,10738333226,974018826
20190924,"10:56:01","SH","NB",4416260384,4027990176,8444250560,388270208
20190924,"10:56:01","SZ","NB",5880197520,4904354864,10784552384,975842656
20190924,"10:57:01","SH","NB",4444239776,4049093965,8493333741,395145811
20190924,"10:57:01","SZ","NB",5910776263,4931321981,10842098244,979454282
20190924,"10:58:01","SH","NB",4478491811,4073883642,8552375453,404608169
20190924,"10:58:01","SZ","NB",5956533615,4964010598,10920544213,992523017
20190924,"10:59:01","SH","NB",4548081546,4095992482,8644074028,452089064
20190924,"10:59:01","SZ","NB",6019019829,4983899347,11002919176,1035120482
20190924,"11:00:01","SZ","NB",6057682422,5002287076,11059969498,1055395346
20190924,"11:00:01","SH","NB",4591581354,4121520734,8713102088,470060620
20190924,"11:01:01","SH","NB",4649826099,4155888640,8805714739,493937459
20190924,"11:01:01","SZ","NB",6144638513,5026481210,11171119723,1118157303
20190924,"11:02:01","SH","NB",4682157602,4193394588,8875552190,488763014
20190924,"11:02:01","SZ","NB",6198347254,5057141696,11255488950,1141205558
20190924,"11:03:01","SH","NB",4703860544,4220644490,8924505034,483216054
20190924,"11:03:01","SZ","NB",6222392368,5086949941,11309342309,1135442427
20190924,"11:04:01","SH","NB",4727858706,4259829947,8987688653,468028759
20190924,"11:04:01","SZ","NB",6251900037,5114156193,11366056230,1137743844
20190924,"11:05:01","SZ","NB",6285778066,5130718838,11416496904,1155059228
20190924,"11:05:01","SH","NB",4755700293,4281092593,9036792886,474607700
20190924,"11:06:01","SH","NB",4810270726,4315668374,9125939100,494602352
20190924,"11:06:01","SZ","NB",6408876766,5159428542,11568305308,1249448224
20190924,"11:07:01","SH","NB",4914479754,4359801842,9274281596,554677912
20190924,"11:07:01","SZ","NB",6542129642,5191023000,11733152642,1351106642
20190924,"11:08:01","SH","NB",4946751248,4390627291,9337378539,556123957
20190924,"11:08:01","SZ","NB",6564846214,5231011352,11795857566,1333834862
20190924,"11:09:01","SH","NB",4967980855,4423459120,9391439975,544521735
20190924,"11:09:01","SZ","NB",6593040248,5261195075,11854235323,1331845173
20190924,"11:10:01","SH","NB",4987016073,4468036375,9455052448,518979698
20190924,"11:10:01","SZ","NB",6617262814,5282056058,11899318872,1335206756
20190924,"11:11:01","SZ","NB",6651872794,5323235774,11975108568,1328637020
20190924,"11:11:01","SH","NB",5019061339,4509842694,9528904033,509218645
20190924,"11:12:01","SH","NB",5046905378,4559958070,9606863448,486947308
20190924,"11:12:01","SZ","NB",6677653711,5355454289,12033108000,1322199422
20190924,"11:13:01","SH","NB",5071425630,4593713798,9665139428,477711832
20190924,"11:13:01","SZ","NB",6699073143,5380484538,12079557681,1318588605
20190924,"11:14:01","SH","NB",5097083751,4626934188,9724017939,470149563
20190924,"11:14:01","SZ","NB",6730207176,5396882507,12127089683,1333324669
20190924,"11:15:01","SZ","NB",6755086449,5416827171,12171913620,1338259278
20190924,"11:15:01","SH","NB",5115874221,4648559682,9764433903,467314539
20190924,"11:16:01","SH","NB",5136445906,4670995056,9807440962,465450850
20190924,"11:16:01","SZ","NB",6776476591,5437723492,12214200083,1338753099
20190924,"11:17:01","SH","NB",5156363252,4686059526,9842422778,470303726
20190924,"11:17:01","SZ","NB",6796898301,5458078107,12254976408,1338820194
20190924,"11:18:01","SH","NB",5239081925,4715130922,9954212847,523951003
20190924,"11:18:01","SZ","NB",6921661012,5476663213,12398324225,1444997799
20190924,"11:19:01","SH","NB",5331247523,4761237952,10092485475,570009571
20190924,"11:19:01","SZ","NB",7082905678,5529380715,12612286393,1553524963
20190924,"11:20:01","SH","NB",5387989524,4788937851,10176927375,599051673
20190924,"11:20:01","SZ","NB",7150927817,5565903461,12716831278,1585024356
20190924,"11:21:01","SH","NB",5448360781,4810701134,10259061915,637659647
20190924,"11:21:01","SZ","NB",7209977106,5601551094,12811528200,1608426012
20190924,"11:22:01","SH","NB",5537086979,4839328939,10376415918,697758040
20190924,"11:22:01","SZ","NB",7295948533,5626750686,12922699219,1669197847
20190924,"11:23:01","SZ","NB",7405214930,5651395049,13056609979,1753819881
20190924,"11:23:01","SH","NB",5634329008,4873412325,10507741333,760916683
20190924,"11:24:01","SH","NB",5679943009,4901965462,10581908471,777977547
20190924,"11:24:01","SZ","NB",7445425373,5676413922,13121839295,1769011451
20190924,"11:25:01","SH","NB",5717515740,4930867804,10648383544,786647936
20190924,"11:25:01","SZ","NB",7481470001,5702646954,13184116955,1778823047
20190924,"11:26:01","SH","NB",5750646596,4965817142,10716463738,784829454
20190924,"11:26:01","SZ","NB",7516224022,5737750392,13253974414,1778473630
20190924,"11:27:01","SH","NB",5771061633,4997406711,10768468344,773654922
20190924,"11:27:01","SZ","NB",7535010005,5772613018,13307623023,1762396987
20190924,"11:28:01","SH","NB",5796585461,5021108104,10817693565,775477357
20190924,"11:28:01","SZ","NB",7554949872,5797210374,13352160246,1757739498
20190924,"11:29:01","SH","NB",5820284303,5045867539,10866151842,774416764
20190924,"11:29:01","SZ","NB",7574897794,5819371227,13394269021,1755526567
20190924,"11:30:01","SH","NB",5834319343,5061685548,10896004891,772633795
20190924,"11:30:01","SZ","NB",7590015968,5835232974,13425248942,1754782994
20190924,"11:31:01","SZ","NB",7590025801,5835310320,13425336121,1754715481
20190924,"11:31:01","SH","NB",5834327326,5061732041,10896059367,772595285
20190924,"13:01:01","SH","NB",5901485525,5166911721,11068397246,734573804
20190924,"13:01:01","SZ","NB",7666362885,5957499247,13623862132,1708863638
20190924,"13:02:01","SH","NB",5932659629,5248649608,11181309237,684010021
20190924,"13:02:01","SZ","NB",7704656727,6060046199,13764702926,1644610528
20190924,"13:03:01","SH","NB",5954320771,5278478404,11232799175,675842367
20190924,"13:03:01","SZ","NB",7735531332,6088247103,13823778435,1647284229
20190924,"13:04:01","SH","NB",5982702138,5302976903,11285679041,679725235
20190924,"13:04:01","SZ","NB",7763474220,6131204046,13894678266,1632270174
20190924,"13:05:01","SH","NB",6008592912,5326999655,11335592567,681593257
20190924,"13:05:01","SZ","NB",7789409198,6161417951,13950827149,1627991247
20190924,"13:06:01","SZ","NB",7824675522,6199513979,14024189501,1625161543
20190924,"13:06:01","SH","NB",6038526169,5352284311,11390810480,686241858
20190924,"13:07:01","SH","NB",6068641544,5396005980,11464647524,672635564
20190924,"13:07:01","SZ","NB",7850289475,6259764341,14110053816,1590525134
20190924,"13:08:01","SH","NB",6089579898,5421654517,11511234415,667925381
20190924,"13:08:01","SZ","NB",7870319553,6288064618,14158384171,1582254935
20190924,"13:09:01","SH","NB",6119799691,5444975683,11564775374,674824008
20190924,"13:09:01","SZ","NB",7906520839,6320095805,14226616644,1586425034
20190924,"13:10:01","SH","NB",6140660612,5465555408,11606216020,675105204
20190924,"13:10:01","SZ","NB",7928651052,6346044373,14274695425,1582606679
20190924,"13:11:01","SH","NB",6172624781,5486677688,11659302469,685947093
20190924,"13:11:01","SZ","NB",7961040713,6379392123,14340432836,1581648590
20190924,"13:12:01","SH","NB",6199016043,5506786396,11705802439,692229647
20190924,"13:12:01","SZ","NB",7985968198,6403940073,14389908271,1582028125
20190924,"13:13:01","SH","NB",6228888032,5532092685,11760980717,696795347
20190924,"13:13:01","SZ","NB",8008756308,6420665245,14429421553,1588091063
20190924,"13:14:01","SH","NB",6250087939,5550968048,11801055987,699119891
20190924,"13:14:01","SZ","NB",8031916578,6442283266,14474199844,1589633312
20190924,"13:15:01","SZ","NB",8054176650,6467324342,14521500992,1586852308
20190924,"13:15:01","SH","NB",6273199567,5572241689,11845441256,700957878
20190924,"13:16:01","SH","NB",6293964326,5589509158,11883473484,704455168
20190924,"13:16:01","SZ","NB",8082254275,6497649505,14579903780,1584604770
20190924,"13:17:01","SH","NB",6328711064,5610924938,11939636002,717786126
20190924,"13:17:01","SZ","NB",8126199554,6519944224,14646143778,1606255330
20190924,"13:18:01","SH","NB",6353272742,5632701522,11985974264,720571220
20190924,"13:18:01","SZ","NB",8170114383,6545027592,14715141975,1625086791
20190924,"13:19:01","SZ","NB",8202724874,6572562756,14775287630,1630162118
20190924,"13:19:01","SH","NB",6375254072,5653325163,12028579235,721928909
20190924,"13:20:01","SH","NB",6399131190,5673872319,12073003509,725258871
20190924,"13:20:01","SZ","NB",8225428010,6596717338,14822145348,1628710672
20190924,"13:21:01","SH","NB",6426747862,5725103281,12151851143,701644581
20190924,"13:21:01","SZ","NB",8268829037,6677139111,14945968148,1591689926
20190924,"13:22:01","SH","NB",6451212834,5750413617,12201626451,700799217
20190924,"13:22:01","SZ","NB",8296844801,6709296112,15006140913,1587548689
20190924,"13:23:01","SH","NB",6471856062,5768992912,12240848974,702863150
20190924,"13:23:01","SZ","NB",8322697467,6735423872,15058121339,1587273595
20190924,"13:24:01","SH","NB",6495374128,5786643534,12282017662,708730594
20190924,"13:24:01","SZ","NB",8350415419,6761597121,15112012540,1588818298
20190924,"13:25:01","SZ","NB",8385990040,6782278913,15168268953,1603711127
20190924,"13:25:01","SH","NB",6513383055,5801672181,12315055236,711710874
20190924,"13:26:01","SH","NB",6537328264,5817670995,12354999259,719657269
20190924,"13:26:01","SZ","NB",8415156982,6801138296,15216295278,1614018686
20190924,"13:27:01","SH","NB",6566768457,5839508812,12406277269,727259645
20190924,"13:27:01","SZ","NB",8444762288,6826100851,15270863139,1618661437
20190924,"13:28:01","SH","NB",6595404453,5860241115,12455645568,735163338
20190924,"13:28:01","SZ","NB",8471970615,6851802789,15323773404,1620167826
20190924,"13:29:01","SH","NB",6620188997,5877095042,12497284039,743093955
20190924,"13:29:01","SZ","NB",8502303335,6873333375,15375636710,1628969960
20190924,"13:30:01","SH","NB",6646488531,5889905998,12536394529,756582533
20190924,"13:30:01","SZ","NB",8528907453,6885829577,15414737030,1643077876
20190924,"13:31:01","SH","NB",6673741909,5912090919,12585832828,761650990
20190924,"13:31:01","SZ","NB",8560170945,6911444844,15471615789,1648726101
20190924,"13:32:01","SH","NB",6711209745,5931489856,12642699601,779719889
20190924,"13:32:01","SZ","NB",8599962066,6927606159,15527568225,1672355907
20190924,"13:33:01","SH","NB",6735376415,5958433711,12693810126,776942704
20190924,"13:33:01","SZ","NB",8636461782,6947948325,15584410107,1688513457
20190924,"13:34:01","SZ","NB",8666822266,6977357813,15644180079,1689464453
20190924,"13:34:01","SH","NB",6757278777,5980235208,12737513985,777043569
20190924,"13:35:01","SH","NB",6780425732,6008067602,12788493334,772358130
20190924,"13:35:01","SZ","NB",8692015919,6999391242,15691407161,1692624677
20190924,"13:36:01","SH","NB",6808141357,6040099259,12848240616,768042098
20190924,"13:36:01","SZ","NB",8716565727,7034764478,15751330205,1681801249
20190924,"13:37:01","SZ","NB",8737362310,7066958900,15804321210,1670403410
20190924,"13:37:01","SH","NB",6833299712,6059841925,12893141637,773457787
20190924,"13:38:01","SH","NB",6864683337,6088446276,12953129613,776237061
20190924,"13:38:01","SZ","NB",8765663445,7095239797,15860903242,1670423648
20190924,"13:39:01","SH","NB",6892334827,6120053915,13012388742,772280912
20190924,"13:39:01","SZ","NB",8792512448,7116687547,15909199995,1675824901
20190924,"13:40:01","SZ","NB",8820733574,7157030065,15977763639,1663703509
20190924,"13:40:01","SH","NB",6913571960,6143238248,13056810208,770333712
20190924,"13:41:01","SH","NB",6939867136,6175678381,13115545517,764188755
20190924,"13:41:01","SZ","NB",8856935966,7189178310,16046114276,1667757656
20190924,"13:42:01","SH","NB",6963794057,6193551561,13157345618,770242496
20190924,"13:42:01","SZ","NB",8893709541,7212128687,16105838228,1681580854
20190924,"13:43:01","SH","NB",6992039685,6213213069,13205252754,778826616
20190924,"13:43:01","SZ","NB",8930578825,7235157188,16165736013,1695421637
20190924,"13:44:01","SH","NB",7022653889,6232934656,13255588545,789719233
20190924,"13:44:01","SZ","NB",8973351673,7251476802,16224828475,1721874871
20190924,"13:45:01","SH","NB",7055513599,6252049643,13307563242,803463956
20190924,"13:45:01","SZ","NB",8994409534,7275528355,16269937889,1718881179
20190924,"13:46:01","SH","NB",7082086987,6270739891,13352826878,811347096
20190924,"13:46:01","SZ","NB",9020305673,7314016326,16334321999,1706289347
20190924,"13:47:01","SH","NB",7104607550,6285972839,13390580389,818634711
20190924,"13:47:01","SZ","NB",9042670799,7334156078,16376826877,1708514721
20190924,"13:48:01","SH","NB",7128413072,6302004878,13430417950,826408194
20190924,"13:48:01","SZ","NB",9066330411,7357884415,16424214826,1708445996
20190924,"13:49:01","SZ","NB",9088892097,7374479328,16463371425,1714412769
20190924,"13:49:01","SH","NB",7148372757,6321040643,13469413400,827332114
20190924,"13:50:01","SH","NB",7183894342,6339894923,13523789265,843999419
20190924,"13:50:01","SZ","NB",9117702082,7395546758,16513248840,1722155324
20190924,"13:51:01","SH","NB",7219142373,6360329902,13579472275,858812471
20190924,"13:51:01","SZ","NB",9161370788,7416831505,16578202293,1744539283
20190924,"13:52:01","SH","NB",7240646019,6379992128,13620638147,860653891
20190924,"13:52:01","SZ","NB",9186872333,7438972472,16625844805,1747899861
20190924,"13:53:01","SH","NB",7268111370,6398425617,13666536987,869685753
20190924,"13:53:01","SZ","NB",9205596845,7466178312,16671775157,1739418533
20190924,"13:54:01","SZ","NB",9226482077,7487545063,16714027140,1738937014
20190924,"13:54:01","SH","NB",7290457118,6416148198,13706605316,874308920
20190924,"13:55:01","SH","NB",7310314488,6441872277,13752186765,868442211
20190924,"13:55:01","SZ","NB",9246898745,7516825275,16763724020,1730073470
20190924,"13:56:01","SH","NB",7333291203,6469952609,13803243812,863338594
20190924,"13:56:01","SZ","NB",9265606590,7545706204,16811312794,1719900386
20190924,"13:57:01","SH","NB",7365663140,6504008415,13869671555,861654725
20190924,"13:57:01","SZ","NB",9287815847,7574061510,16861877357,1713754337
20190924,"13:58:01","SH","NB",7396080275,6519953989,13916034264,876126286
20190924,"13:58:01","SZ","NB",9321057860,7593081761,16914139621,1727976099
20190924,"13:59:01","SH","NB",7421876519,6535386675,13957263194,886489844
20190924,"13:59:01","SZ","NB",9349337027,7608262515,16957599542,1741074512
20190924,"14:00:01","SH","NB",7442370986,6549526498,13991897484,892844488
20190924,"14:00:01","SZ","NB",9373427856,7625362725,16998790581,1748065131
20190924,"14:01:01","SH","NB",7467305636,6574059810,14041365446,893245826
20190924,"14:01:01","SZ","NB",9407017342,7648517221,17055534563,1758500121
20190924,"14:02:01","SH","NB",7496658316,6594101424,14090759740,902556892
20190924,"14:02:01","SZ","NB",9440656111,7664028645,17104684756,1776627466
20190924,"14:03:01","SH","NB",7519967143,6615087582,14135054725,904879561
20190924,"14:03:01","SZ","NB",9471710083,7684311499,17156021582,1787398584
20190924,"14:04:01","SZ","NB",9513338537,7703508369,17216846906,1809830168
20190924,"14:04:01","SH","NB",7537701268,6637977383,14175678651,899723885
20190924,"14:05:01","SH","NB",7572654141,6660804121,14233458262,911850020
20190924,"14:05:01","SZ","NB",9536696875,7720820643,17257517518,1815876232
20190924,"14:06:01","SH","NB",7609131528,6684109546,14293241074,925021982
20190924,"14:06:01","SZ","NB",9571121184,7739217579,17310338763,1831903605
20190924,"14:07:01","SZ","NB",9613053937,7762857465,17375911402,1850196472
20190924,"14:07:01","SH","NB",7649094966,6704588527,14353683493,944506439
20190924,"14:08:01","SH","NB",7687616336,6726588905,14414205241,961027431
20190924,"14:08:01","SZ","NB",9640230204,7783259167,17423489371,1856971037
20190924,"14:09:01","SH","NB",7708255203,6751094700,14459349903,957160503
20190924,"14:09:01","SZ","NB",9667148284,7808712074,17475860358,1858436210
20190924,"14:10:01","SH","NB",7730950416,6768754004,14499704420,962196412
20190924,"14:10:01","SZ","NB",9690341728,7834530254,17524871982,1855811474
20190924,"14:11:01","SH","NB",7765331494,6812339512,14577671006,952991982
20190924,"14:11:01","SZ","NB",9721043809,7882066797,17603110606,1838977012
20190924,"14:12:01","SH","NB",7796748971,6878076893,14674825864,918672078
20190924,"14:12:01","SZ","NB",9748912318,7932889322,17681801640,1816022996
20190924,"14:13:01","SH","NB",7828287164,6942838912,14771126076,885448252
20190924,"14:13:01","SZ","NB",9786929944,7985171715,17772101659,1801758229
20190924,"14:14:01","SH","NB",7860160799,6977059044,14837219843,883101755
20190924,"14:14:01","SZ","NB",9817346043,8007999612,17825345655,1809346431
20190924,"14:15:01","SH","NB",7885074283,7013700913,14898775196,871373370
20190924,"14:15:01","SZ","NB",9845779752,8029030353,17874810105,1816749399
20190924,"14:16:01","SZ","NB",9873982708,8060011920,17933994628,1813970788
20190924,"14:16:01","SH","NB",7915051823,7045749462,14960801285,869302361
20190924,"14:17:01","SH","NB",7956179115,7096470821,15052649936,859708294
20190924,"14:17:01","SZ","NB",9900971766,8092893630,17993865396,1808078136
20190924,"14:18:01","SH","NB",7987396760,7143637206,15131033966,843759554
20190924,"14:18:01","SZ","NB",9924761883,8137939492,18062701375,1786822391
20190924,"14:19:01","SH","NB",8022843581,7195952288,15218795869,826891293
20190924,"14:19:01","SZ","NB",9952123071,8170322226,18122445297,1781800845
20190924,"14:20:01","SH","NB",8059072278,7217554288,15276626566,841517990
20190924,"14:20:01","SZ","NB",9979899257,8190238625,18170137882,1789660632
20190924,"14:21:01","SH","NB",8093647974,7242739305,15336387279,850908669
20190924,"14:21:01","SZ","NB",10013872347,8215681587,18229553934,1798190760
20190924,"14:22:01","SH","NB",8120482128,7266916243,15387398371,853565885
20190924,"14:22:01","SZ","NB",10039181377,8237919196,18277100573,1801262181
20190924,"14:23:01","SH","NB",8147557751,7296109700,15443667451,851448051
20190924,"14:23:01","SZ","NB",10059388847,8266839141,18326227988,1792549706
20190924,"14:24:01","SH","NB",8174528136,7338319538,15512847674,836208598
20190924,"14:24:01","SZ","NB",10083468774,8293957850,18377426624,1789510924
20190924,"14:25:01","SH","NB",8202882391,7384782818,15587665209,818099573
20190924,"14:25:01","SZ","NB",10107664883,8319104670,18426769553,1788560213
20190924,"14:26:01","SZ","NB",10140617933,8338647968,18479265901,1801969965
20190924,"14:26:01","SH","NB",8233917501,7408174925,15642092426,825742576
20190924,"14:27:01","SH","NB",8263792643,7430096542,15693889185,833696101
20190924,"14:27:01","SZ","NB",10183561030,8358799919,18542360949,1824761111
20190924,"14:28:01","SH","NB",8291461654,7447584675,15739046329,843876979
20190924,"14:28:01","SZ","NB",10217663936,8377981769,18595645705,1839682167
20190924,"14:29:01","SH","NB",8327661161,7469441111,15797102272,858220050
20190924,"14:29:01","SZ","NB",10244960737,8418424964,18663385701,1826535773
20190924,"14:30:01","SH","NB",8353410955,7494375350,15847786305,859035605
20190924,"14:30:01","SZ","NB",10268426206,8450871334,18719297540,1817554872
20190924,"14:31:01","SH","NB",8385829681,7526564470,15912394151,859265211
20190924,"14:31:01","SZ","NB",10308939771,8486567564,18795507335,1822372207
20190924,"14:32:01","SH","NB",8417635357,7553950567,15971585924,863684790
20190924,"14:32:01","SZ","NB",10346785119,8514059627,18860844746,1832725492
20190924,"14:33:01","SH","NB",8452758230,7579906692,16032664922,872851538
20190924,"14:33:01","SZ","NB",10380563953,8552540133,18933104086,1828023820
20190924,"14:34:01","SZ","NB",10412749922,8579441153,18992191075,1833308769
20190924,"14:34:01","SH","NB",8478059041,7605307605,16083366646,872751436
20190924,"14:35:01","SH","NB",8513849746,7644178216,16158027962,869671530
20190924,"14:35:01","SZ","NB",10441908652,8617974545,19059883197,1823934107
20190924,"14:36:01","SH","NB",8561044571,7698445109,16259489680,862599462
20190924,"14:36:01","SZ","NB",10476352768,8667809191,19144161959,1808543577
20190924,"14:37:01","SZ","NB",10513432932,8707211687,19220644619,1806221245
20190924,"14:37:01","SH","NB",8614208708,7741798878,16356007586,872409830
20190924,"14:38:01","SH","NB",8662841303,7853298433,16516139736,809542870
20190924,"14:38:01","SZ","NB",10558719415,8781860385,19340579800,1776859030
20190924,"14:39:01","SH","NB",8699911908,7900165596,16600077504,799746312
20190924,"14:39:01","SZ","NB",10599595728,8826620292,19426216020,1772975436
20190924,"14:40:01","SH","NB",8732155597,7931538100,16663693697,800617497
20190924,"14:40:01","SZ","NB",10650884659,8863599358,19514484017,1787285301
20190924,"14:41:01","SH","NB",8780632756,7970262016,16750894772,810370740
20190924,"14:41:01","SZ","NB",10707860495,8899425617,19607286112,1808434878
20190924,"14:42:01","SH","NB",8827311491,8012555809,16839867300,814755682
20190924,"14:42:01","SZ","NB",10757335864,8934789252,19692125116,1822546612
20190924,"14:43:01","SH","NB",8871613365,8049094074,16920707439,822519291
20190924,"14:43:01","SZ","NB",10799237278,8970272754,19769510032,1828964524
20190924,"14:44:01","SH","NB",8911149775,8100861361,17012011136,810288414
20190924,"14:44:01","SZ","NB",10833038233,9018949622,19851987855,1814088611
20190924,"14:45:01","SH","NB",8948762539,8163135589,17111898128,785626950
20190924,"14:45:01","SZ","NB",10865725688,9062465972,19928191660,1803259716
20190924,"14:46:01","SZ","NB",10905254752,9127308623,20032563375,1777946129
20190924,"14:46:01","SH","NB",8992501349,8228540726,17221042075,763960623
20190924,"14:47:01","SH","NB",9033124949,8258963198,17292088147,774161751
20190924,"14:47:01","SZ","NB",10952096463,9160500056,20112596519,1791596407
20190924,"14:48:01","SH","NB",9067756836,8289476563,17357233399,778280273
20190924,"14:48:01","SZ","NB",10995165014,9189240247,20184405261,1805924767
20190924,"14:49:01","SH","NB",9108216185,8323439289,17431655474,784776896
20190924,"14:49:01","SZ","NB",11041906517,9226417037,20268323554,1815489480
20190924,"14:50:01","SH","NB",9149262170,8356612040,17505874210,792650130
20190924,"14:50:01","SZ","NB",11095375035,9262976598,20358351633,1832398437
20190924,"14:51:01","SH","NB",9213692225,8403841490,17617533715,809850735
20190924,"14:51:01","SZ","NB",11172213983,9303142424,20475356407,1869071559
20190924,"14:52:01","SH","NB",9258919190,8451080071,17709999261,807839119
20190924,"14:52:01","SZ","NB",11213360694,9340232363,20553593057,1873128331
20190924,"14:53:01","SH","NB",9307340717,8503282160,17810622877,804058557
20190924,"14:53:01","SZ","NB",11264281697,9380488695,20644770392,1883793002
20190924,"14:54:01","SZ","NB",11323148975,9419312336,20742461311,1903836639
20190924,"14:54:01","SH","NB",9356489702,8552485096,17908974798,804004606
20190924,"14:55:01","SH","NB",9405133064,8595108839,18000241903,810024225
20190924,"14:55:01","SZ","NB",11373361958,9453999868,20827361826,1919362090
20190924,"14:56:01","SH","NB",9452827687,8662507983,18115335670,790319704
20190924,"14:56:01","SZ","NB",11428125777,9510351052,20938476829,1917774725
20190924,"14:57:01","SH","NB",9480780682,8710859479,18191640161,769921203
20190924,"14:57:01","SZ","NB",11459637353,9546518335,21006155688,1913119018
20190924,"14:58:01","SH","NB",9481306450,8711149877,18192456327,770156573
20190924,"14:58:01","SZ","NB",11459687137,9546594446,21006281583,1913092691
20190924,"15:01:01","SH","NB",9608596617,8801303021,18409899638,807293596
20190924,"15:01:01","SZ","NB",11583740799,9639324731,21223065530,1944416068
