dataDate,dataTime,connectMarket,tradeDirection,buyTurnover,sellTurnover,totalTurnover,netTurnover
20200113,"09:30:01","SH","NB",127589313,56611398,184200711,70977915
20200113,"09:30:01","SZ","NB",94252042,58136280,152388322,36115762
20200113,"09:31:01","SH","NB",328278104,205798423,534076527,122479681
20200113,"09:31:01","SZ","NB",364169042,247154321,611323363,117014721
20200113,"09:32:01","SH","NB",552227387,304614058,856841445,247613329
20200113,"09:32:01","SZ","NB",641268146,387371504,1028639650,253896642
20200113,"09:33:01","SH","NB",702156909,449766478,1151923387,252390431
20200113,"09:33:01","SZ","NB",883286641,558281110,1441567751,325005531
20200113,"09:34:01","SH","NB",868151959,622284558,1490436517,245867401
20200113,"09:34:01","SZ","NB",1079256553,766976417,1846232970,312280136
20200113,"09:35:01","SH","NB",1035761639,768998713,1804760352,266762926
20200113,"09:35:01","SZ","NB",1334391770,935183388,2269575158,399208382
20200113,"09:36:01","SH","NB",1151330732,856569886,2007900618,294760846
20200113,"09:36:01","SZ","NB",1519706560,1066765702,2586472262,452940858
20200113,"09:37:01","SH","NB",1293790531,976259995,2270050526,317530536
20200113,"09:37:01","SZ","NB",1726880916,1275182828,3002063744,451698088
20200113,"09:38:01","SH","NB",1400513722,1089320786,2489834508,311192936
20200113,"09:38:01","SZ","NB",1923779700,1446419972,3370199672,477359728
20200113,"09:39:01","SZ","NB",2091275389,1600211686,3691487075,491063703
20200113,"09:39:01","SH","NB",1491874141,1188102165,2679976306,303771976
20200113,"09:40:01","SH","NB",1569627188,1297445317,2867072505,272181871
20200113,"09:40:01","SZ","NB",2210318814,1759942322,3970261136,450376492
20200113,"09:41:01","SH","NB",1735837712,1385389033,3121226745,350448679
20200113,"09:41:01","SZ","NB",2457944754,1895267274,4353212028,562677480
20200113,"09:42:01","SH","NB",1826991690,1466942929,3293934619,360048761
20200113,"09:42:01","SZ","NB",2634740145,2079071596,4713811741,555668549
20200113,"09:43:01","SH","NB",1922433506,1538752979,3461186485,383680527
20200113,"09:43:01","SZ","NB",2785622261,2194276416,4979898677,591345845
20200113,"09:44:01","SH","NB",2008789890,1610892432,3619682322,397897458
20200113,"09:44:01","SZ","NB",2913539197,2269337814,5182877011,644201383
20200113,"09:45:01","SH","NB",2079188740,1671763655,3750952395,407425085
20200113,"09:45:01","SZ","NB",3038488501,2381957747,5420446248,656530754
20200113,"09:46:01","SH","NB",2151549832,1765170776,3916720608,386379056
20200113,"09:46:01","SZ","NB",3174373420,2549268759,5723642179,625104661
20200113,"09:47:01","SH","NB",2218218071,1855728680,4073946751,362489391
20200113,"09:47:01","SZ","NB",3329155510,2679357203,6008512713,649798307
20200113,"09:48:01","SZ","NB",3436415405,2788383844,6224799249,648031561
20200113,"09:48:01","SH","NB",2268722084,1937816300,4206538384,330905784
20200113,"09:49:01","SH","NB",2331309974,2042329503,4373639477,288980471
20200113,"09:49:01","SZ","NB",3537681470,2952525757,6490207227,585155713
20200113,"09:50:01","SH","NB",2403355471,2119641417,4522996888,283714054
20200113,"09:50:01","SZ","NB",3659424640,3070384372,6729809012,589040268
20200113,"09:51:01","SH","NB",2529919196,2185085914,4715005110,344833282
20200113,"09:51:01","SZ","NB",3911986500,3184464920,7096451420,727521580
20200113,"09:52:01","SZ","NB",4008932528,3344311464,7353243992,664621064
20200113,"09:52:01","SH","NB",2588504734,2295810626,4884315360,292694108
20200113,"09:53:01","SH","NB",2657513912,2344656041,5002169953,312857871
20200113,"09:53:01","SZ","NB",4115993133,3416394410,7532387543,699598723
20200113,"09:54:01","SH","NB",2711013216,2389239525,5100252741,321773691
20200113,"09:54:01","SZ","NB",4207281413,3479989102,7687270515,727292311
20200113,"09:55:01","SH","NB",2757842868,2434550249,5192393117,323292619
20200113,"09:55:01","SZ","NB",4295321332,3551659623,7846980955,743661709
20200113,"09:56:01","SH","NB",2822794817,2501979992,5324774809,320814825
20200113,"09:56:01","SZ","NB",4449349562,3649322199,8098671761,800027363
20200113,"09:57:01","SH","NB",2885356868,2557161366,5442518234,328195502
20200113,"09:57:01","SZ","NB",4537964857,3744495523,8282460380,793469334
20200113,"09:58:01","SZ","NB",4614061647,3829498809,8443560456,784562838
20200113,"09:58:01","SH","NB",2932790193,2607426305,5540216498,325363888
20200113,"09:59:01","SH","NB",2978593423,2674835571,5653428994,303757852
20200113,"09:59:01","SZ","NB",4700478517,3982959372,8683437889,717519145
20200113,"10:00:01","SH","NB",3017081987,2721228810,5738310797,295853177
20200113,"10:00:01","SZ","NB",4776010517,4065469190,8841479707,710541327
20200113,"10:01:01","SH","NB",3079298816,2829467925,5908766741,249830891
20200113,"10:01:01","SZ","NB",4868120235,4262389364,9130509599,605730871
20200113,"10:02:01","SH","NB",3137881598,2920653543,6058535141,217228055
20200113,"10:02:01","SZ","NB",4961055853,4374512722,9335568575,586543131
20200113,"10:03:01","SH","NB",3198481546,3029929898,6228411444,168551648
20200113,"10:03:01","SZ","NB",5051685394,4496703425,9548388819,554981969
20200113,"10:04:01","SH","NB",3291939005,3080183710,6372122715,211755295
20200113,"10:04:01","SZ","NB",5211332017,4557427970,9768759987,653904047
20200113,"10:05:01","SH","NB",3342736671,3132438816,6475175487,210297855
20200113,"10:05:01","SZ","NB",5316698496,4632508869,9949207365,684189627
20200113,"10:06:01","SH","NB",3398889670,3174325616,6573215286,224564054
20200113,"10:06:01","SZ","NB",5410213023,4699730251,10109943274,710482772
20200113,"10:07:01","SZ","NB",5499218475,4750632826,10249851301,748585649
20200113,"10:07:01","SH","NB",3459854715,3209795590,6669650305,250059125
20200113,"10:08:01","SH","NB",3528966430,3275399012,6804365442,253567418
20200113,"10:08:01","SZ","NB",5587351718,4831521462,10418873180,755830256
20200113,"10:09:01","SH","NB",3591588742,3310097703,6901686445,281491039
20200113,"10:09:01","SZ","NB",5660393603,4890615402,10551009005,769778201
20200113,"10:10:01","SH","NB",3647373388,3346959387,6994332775,300414001
20200113,"10:10:01","SZ","NB",5741398700,4946404588,10687803288,794994112
20200113,"10:11:01","SH","NB",3726843963,3387922398,7114766361,338921565
20200113,"10:11:01","SZ","NB",5868227509,4999956145,10868183654,868271364
20200113,"10:12:01","SH","NB",3771292535,3471829213,7243121748,299463322
20200113,"10:12:01","SZ","NB",5936668302,5123912587,11060580889,812755715
20200113,"10:13:01","SH","NB",3803927523,3505207927,7309135450,298719596
20200113,"10:13:01","SZ","NB",5995261076,5160912053,11156173129,834349023
20200113,"10:14:01","SH","NB",3851589992,3545176373,7396766365,306413619
20200113,"10:14:01","SZ","NB",6056816499,5202329949,11259146448,854486550
20200113,"10:15:01","SH","NB",3908447642,3583979205,7492426847,324468437
20200113,"10:15:01","SZ","NB",6116435062,5238119299,11354554361,878315763
20200113,"10:16:01","SH","NB",3949522982,3628524623,7578047605,320998359
20200113,"10:16:01","SZ","NB",6170359740,5279309373,11449669113,891050367
20200113,"10:17:01","SZ","NB",6235840064,5341164464,11577004528,894675600
20200113,"10:17:01","SH","NB",3986850507,3683651665,7670502172,303198842
20200113,"10:18:01","SH","NB",4019838186,3718627515,7738465701,301210671
20200113,"10:18:01","SZ","NB",6298650100,5379114932,11677765032,919535168
20200113,"10:19:01","SH","NB",4078059771,3750856390,7828916161,327203381
20200113,"10:19:01","SZ","NB",6368619393,5414797222,11783416615,953822171
20200113,"10:20:01","SH","NB",4113887278,3778196687,7892083965,335690591
20200113,"10:20:01","SZ","NB",6417256120,5452252219,11869508339,965003901
20200113,"10:21:01","SH","NB",4148777328,3824443327,7973220655,324334001
20200113,"10:21:01","SZ","NB",6486773291,5526924159,12013697450,959849132
20200113,"10:22:01","SH","NB",4204251502,3855809198,8060060700,348442304
20200113,"10:22:01","SZ","NB",6554381322,5568815345,12123196667,985565977
20200113,"10:23:01","SZ","NB",6662708265,5611507621,12274215886,1051200644
20200113,"10:23:01","SH","NB",4330792677,3894289908,8225082585,436502769
20200113,"10:24:01","SH","NB",4398885068,3939329318,8338214386,459555750
20200113,"10:24:01","SZ","NB",6718702519,5649705483,12368408002,1068997036
20200113,"10:25:01","SH","NB",4442980711,4004823565,8447804276,438157146
20200113,"10:25:01","SZ","NB",6768311266,5694311093,12462622359,1074000173
20200113,"10:26:01","SH","NB",4480707414,4046305230,8527012644,434402184
20200113,"10:26:01","SZ","NB",6817905942,5727764504,12545670446,1090141438
20200113,"10:27:01","SH","NB",4521855131,4075833685,8597688816,446021446
20200113,"10:27:01","SZ","NB",6865182142,5753982973,12619165115,1111199169
20200113,"10:28:01","SH","NB",4571363243,4106634301,8677997544,464728942
20200113,"10:28:01","SZ","NB",6943101476,5785090300,12728191776,1158011176
20200113,"10:29:01","SH","NB",4601590804,4138190112,8739780916,463400692
20200113,"10:29:01","SZ","NB",6988517124,5824931720,12813448844,1163585404
20200113,"10:30:01","SZ","NB",7034525947,5864947723,12899473670,1169578224
20200113,"10:30:01","SH","NB",4640530893,4173987031,8814517924,466543862
20200113,"10:31:01","SH","NB",4685549538,4226359667,8911909205,459189871
20200113,"10:31:01","SZ","NB",7086287026,5917586382,13003873408,1168700644
20200113,"10:32:01","SH","NB",4757010707,4267513806,9024524513,489496901
20200113,"10:32:01","SZ","NB",7147849198,5959966555,13107815753,1187882643
20200113,"10:33:01","SH","NB",4822720420,4300160286,9122880706,522560134
20200113,"10:33:01","SZ","NB",7205044135,5990966549,13196010684,1214077586
20200113,"10:34:01","SH","NB",4871876287,4333139714,9205016001,538736573
20200113,"10:34:01","SZ","NB",7268975718,6019997067,13288972785,1248978651
20200113,"10:35:01","SZ","NB",7346092333,6061447057,13407539390,1284645276
20200113,"10:35:01","SH","NB",4935412288,4362913486,9298325774,572498802
20200113,"10:36:01","SH","NB",5030144888,4409534656,9439679544,620610232
20200113,"10:36:01","SZ","NB",7406502729,6109294180,13515796909,1297208549
20200113,"10:37:01","SH","NB",5083241451,4446961507,9530202958,636279944
20200113,"10:37:01","SZ","NB",7451171784,6158671541,13609843325,1292500243
20200113,"10:38:01","SH","NB",5120719299,4485928810,9606648109,634790489
20200113,"10:38:01","SZ","NB",7504627027,6218964971,13723591998,1285662056
20200113,"10:39:01","SH","NB",5156831013,4520650489,9677481502,636180524
20200113,"10:39:01","SZ","NB",7555651915,6252883572,13808535487,1302768343
20200113,"10:40:01","SH","NB",5185767971,4547500889,9733268860,638267082
20200113,"10:40:01","SZ","NB",7595709026,6289153885,13884862911,1306555141
20200113,"10:41:01","SH","NB",5230586999,4585330194,9815917193,645256805
20200113,"10:41:01","SZ","NB",7653980890,6336254714,13990235604,1317726176
20200113,"10:42:01","SH","NB",5273843428,4626808894,9900652322,647034534
20200113,"10:42:01","SZ","NB",7702794140,6371787958,14074582098,1331006182
20200113,"10:43:01","SZ","NB",7745425888,6404492390,14149918278,1340933498
20200113,"10:43:01","SH","NB",5305064031,4657082464,9962146495,647981567
20200113,"10:44:01","SH","NB",5355559897,4688742735,10044302632,666817162
20200113,"10:44:01","SZ","NB",7803559003,6434278727,14237837730,1369280276
20200113,"10:45:01","SZ","NB",7859422020,6462341644,14321763664,1397080376
20200113,"10:45:01","SH","NB",5390012662,4721066605,10111079267,668946057
20200113,"10:46:01","SH","NB",5425061272,4752361388,10177422660,672699884
20200113,"10:46:01","SZ","NB",7899730308,6494860268,14394590576,1404870040
20200113,"10:47:01","SH","NB",5457653947,4787523589,10245177536,670130358
20200113,"10:47:01","SZ","NB",7936963617,6541280468,14478244085,1395683149
20200113,"10:48:01","SH","NB",5494369001,4822730761,10317099762,671638240
20200113,"10:48:01","SZ","NB",7983574943,6572426064,14556001007,1411148879
20200113,"10:49:01","SH","NB",5526789688,4855401894,10382191582,671387794
20200113,"10:49:01","SZ","NB",8030442678,6599758701,14630201379,1430683977
20200113,"10:50:01","SH","NB",5581773521,4889090961,10470864482,692682560
20200113,"10:50:01","SZ","NB",8084288474,6629709149,14713997623,1454579325
20200113,"10:51:01","SH","NB",5637711452,4927648207,10565359659,710063245
20200113,"10:51:01","SZ","NB",8160716265,6674750846,14835467111,1485965419
20200113,"10:52:01","SH","NB",5678474345,4954245526,10632719871,724228819
20200113,"10:52:01","SZ","NB",8213667485,6724438218,14938105703,1489229267
20200113,"10:53:01","SH","NB",5726019096,4980573687,10706592783,745445409
20200113,"10:53:01","SZ","NB",8263458181,6761478318,15024936499,1501979863
20200113,"10:54:01","SZ","NB",8339332729,6795785453,15135118182,1543547276
20200113,"10:54:01","SH","NB",5803717231,5015960843,10819678074,787756388
20200113,"10:55:01","SH","NB",5878322103,5042137246,10920459349,836184857
20200113,"10:55:01","SZ","NB",8447529212,6829533967,15277063179,1617995245
20200113,"10:56:01","SH","NB",5977503563,5077692629,11055196192,899810934
20200113,"10:56:01","SZ","NB",8571235306,6864809385,15436044691,1706425921
20200113,"10:57:01","SH","NB",6040354070,5115367667,11155721737,924986403
20200113,"10:57:01","SZ","NB",8652827453,6911974563,15564802016,1740852890
20200113,"10:58:01","SH","NB",6097945789,5142860264,11240806053,955085525
20200113,"10:58:01","SZ","NB",8738721055,6953497240,15692218295,1785223815
20200113,"10:59:01","SH","NB",6187435292,5176073343,11363508635,1011361949
20200113,"10:59:01","SZ","NB",8840126047,6992281276,15832407323,1847844771
20200113,"11:00:01","SZ","NB",8923158768,7037140978,15960299746,1886017790
20200113,"11:00:01","SH","NB",6269136527,5206841228,11475977755,1062295299
20200113,"11:01:01","SH","NB",6407233147,5249383110,11656616257,1157850037
20200113,"11:01:01","SZ","NB",9118353051,7105545897,16223898948,2012807154
20200113,"11:02:01","SH","NB",6449111590,5304214115,11753325705,1144897475
20200113,"11:02:01","SZ","NB",9183372641,7200810580,16384183221,1982562061
20200113,"11:03:01","SH","NB",6485827489,5341879700,11827707189,1143947789
20200113,"11:03:01","SZ","NB",9232504370,7248142109,16480646479,1984362261
20200113,"11:04:01","SZ","NB",9287044855,7288569530,16575614385,1998475325
20200113,"11:04:01","SH","NB",6527770765,5372463399,11900234164,1155307366
20200113,"11:05:01","SH","NB",6623636871,5403619151,12027256022,1220017720
20200113,"11:05:01","SZ","NB",9377314798,7331502066,16708816864,2045812732
20200113,"11:06:01","SH","NB",6659165908,5444860945,12104026853,1214304963
20200113,"11:06:01","SZ","NB",9449089012,7410471046,16859560058,2038617966
20200113,"11:07:01","SH","NB",6697360573,5473516480,12170877053,1223844093
20200113,"11:07:01","SZ","NB",9490564377,7454872627,16945437004,2035691750
20200113,"11:08:01","SH","NB",6756230122,5499052964,12255283086,1257177158
20200113,"11:08:01","SZ","NB",9559081691,7491812560,17050894251,2067269131
20200113,"11:09:01","SZ","NB",9624553206,7521011388,17145564594,2103541818
20200113,"11:09:01","SH","NB",6805073553,5529190346,12334263899,1275883207
20200113,"11:10:01","SH","NB",6850998537,5560340867,12411339404,1290657670
20200113,"11:10:01","SZ","NB",9674780063,7561045588,17235825651,2113734475
20200113,"11:11:01","SH","NB",6892979638,5610428792,12503408430,1282550846
20200113,"11:11:01","SZ","NB",9737384679,7647684999,17385069678,2089699680
20200113,"11:12:01","SH","NB",6935958550,5647590761,12583549311,1288367789
20200113,"11:12:01","SZ","NB",9777325942,7692655130,17469981072,2084670812
20200113,"11:13:01","SH","NB",6982194587,5693738513,12675933100,1288456074
20200113,"11:13:01","SZ","NB",9826825356,7723847653,17550673009,2102977703
20200113,"11:14:01","SH","NB",7025145000,5728518746,12753663746,1296626254
20200113,"11:14:01","SZ","NB",9888681020,7749954541,17638635561,2138726479
20200113,"11:15:01","SH","NB",7066110638,5752548212,12818658850,1313562426
20200113,"11:15:01","SZ","NB",9935249778,7788803962,17724053740,2146445816
20200113,"11:16:01","SH","NB",7099329706,5779254366,12878584072,1320075340
20200113,"11:16:01","SZ","NB",9976479008,7824472001,17800951009,2152007007
20200113,"11:17:01","SH","NB",7126836785,5804279486,12931116271,1322557299
20200113,"11:17:01","SZ","NB",10014748504,7853250437,17867998941,2161498067
20200113,"11:18:01","SH","NB",7147292390,5824944998,12972237388,1322347392
20200113,"11:18:01","SZ","NB",10046739542,7872689057,17919428599,2174050485
20200113,"11:19:01","SZ","NB",10099814373,7889013765,17988828138,2210800608
20200113,"11:19:01","SH","NB",7181989555,5853246277,13035235832,1328743278
20200113,"11:20:01","SH","NB",7207144171,5886401714,13093545885,1320742457
20200113,"11:20:01","SZ","NB",10144767070,7927316410,18072083480,2217450660
20200113,"11:21:01","SH","NB",7247962493,5915726350,13163688843,1332236143
20200113,"11:21:01","SZ","NB",10200430331,7961397053,18161827384,2239033278
20200113,"11:22:01","SH","NB",7272372858,5944622219,13216995077,1327750639
20200113,"11:22:01","SZ","NB",10272245382,7991098511,18263343893,2281146871
20200113,"11:23:01","SH","NB",7307682063,5965955657,13273637720,1341726406
20200113,"11:23:01","SZ","NB",10311522874,8012156320,18323679194,2299366554
20200113,"11:24:01","SH","NB",7348807763,5995227927,13344035690,1353579836
20200113,"11:24:01","SZ","NB",10369217089,8045963687,18415180776,2323253402
20200113,"11:25:01","SH","NB",7394100198,6025832787,13419932985,1368267411
20200113,"11:25:01","SZ","NB",10428730761,8074172749,18502903510,2354558012
20200113,"11:26:01","SH","NB",7446374409,6052792569,13499166978,1393581840
20200113,"11:26:01","SZ","NB",10498514471,8107977829,18606492300,2390536642
20200113,"11:27:01","SZ","NB",10566556180,8159683544,18726239724,2406872636
20200113,"11:27:01","SH","NB",7483881306,6087956076,13571837382,1395925230
20200113,"11:28:01","SH","NB",7509300568,6114271995,13623572563,1395028573
20200113,"11:28:01","SZ","NB",10620066916,8200352086,18820419002,2419714830
20200113,"11:29:01","SH","NB",7532508783,6140255167,13672763950,1392253616
20200113,"11:29:01","SZ","NB",10670446279,8220904280,18891350559,2449541999
20200113,"11:30:01","SH","NB",7558942481,6162378013,13721320494,1396564468
20200113,"11:30:01","SZ","NB",10739626516,8247467151,18987093667,2492159365
20200113,"11:31:01","SZ","NB",10741494250,8248335507,18989829757,2493158743
20200113,"11:31:01","SH","NB",7560828804,6163691517,13724520321,1397137287
20200113,"13:00:01","SZ","NB",10751097334,8252534689,19003632023,2498562645
20200113,"13:01:01","SH","NB",7675181283,6257446541,13932627824,1417734742
20200113,"13:01:01","SZ","NB",10950468074,8360170256,19310638330,2590297818
20200113,"13:02:01","SH","NB",7739155187,6322488835,14061644022,1416666352
20200113,"13:02:01","SZ","NB",11023926919,8445311018,19469237937,2578615901
20200113,"13:03:01","SH","NB",7781945966,6353469044,14135415010,1428476922
20200113,"13:03:01","SZ","NB",11087158840,8486373242,19573532082,2600785598
20200113,"13:04:01","SH","NB",7821644178,6373235571,14194879749,1448408607
20200113,"13:04:01","SZ","NB",11148382905,8531588415,19679971320,2616794490
20200113,"13:05:01","SH","NB",7861337983,6406929288,14268267271,1454408695
20200113,"13:05:01","SZ","NB",11211114012,8582506788,19793620800,2628607224
20200113,"13:06:01","SZ","NB",11276005942,8628073504,19904079446,2647932438
20200113,"13:06:01","SH","NB",7908092128,6433906317,14341998445,1474185811
20200113,"13:07:01","SH","NB",7942584815,6461730104,14404314919,1480854711
20200113,"13:07:01","SZ","NB",11353060408,8668626159,20021686567,2684434249
20200113,"13:08:01","SH","NB",7986316275,6496163004,14482479279,1490153271
20200113,"13:08:01","SZ","NB",11419966712,8722182611,20142149323,2697784101
20200113,"13:09:01","SZ","NB",11475981282,8760408330,20236389612,2715572952
20200113,"13:09:01","SH","NB",8018470875,6523174193,14541645068,1495296682
20200113,"13:10:01","SH","NB",8054468641,6545999366,14600468007,1508469275
20200113,"13:10:01","SZ","NB",11539103968,8798267820,20337371788,2740836148
20200113,"13:11:01","SH","NB",8143856155,6579505118,14723361273,1564351037
20200113,"13:11:01","SZ","NB",11675010911,8837831888,20512842799,2837179023
20200113,"13:12:01","SH","NB",8193370094,6609097033,14802467127,1584273061
20200113,"13:12:01","SZ","NB",11759652563,8881658269,20641310832,2877994294
20200113,"13:13:01","SH","NB",8240576246,6642417317,14882993563,1598158929
20200113,"13:13:01","SZ","NB",11836658391,8946851320,20783509711,2889807071
20200113,"13:14:01","SZ","NB",11923191972,8987128681,20910320653,2936063291
20200113,"13:14:01","SH","NB",8293488458,6666505935,14959994393,1626982523
20200113,"13:15:01","SH","NB",8445032784,6706411676,15151444460,1738621108
20200113,"13:15:01","SZ","NB",12133762498,9025347698,21159110196,3108414800
20200113,"13:16:01","SH","NB",8588122143,6745461729,15333583872,1842660414
20200113,"13:16:01","SZ","NB",12226458082,9083778233,21310236315,3142679849
20200113,"13:17:01","SH","NB",8639264934,6792605881,15431870815,1846659053
20200113,"13:17:01","SZ","NB",12300417434,9141648177,21442065611,3158769257
20200113,"13:18:01","SH","NB",8677167745,6834755568,15511923313,1842412177
20200113,"13:18:01","SZ","NB",12353749455,9200067459,21553816914,3153681996
20200113,"13:19:01","SH","NB",8720411661,6870346263,15590757924,1850065398
20200113,"13:19:01","SZ","NB",12403577320,9250518352,21654095672,3153058968
20200113,"13:20:01","SH","NB",8755403075,6900633287,15656036362,1854769788
20200113,"13:20:01","SZ","NB",12458701526,9296660918,21755362444,3162040608
20200113,"13:21:01","SH","NB",8795651675,6935832529,15731484204,1859819146
20200113,"13:21:01","SZ","NB",12531954692,9341364185,21873318877,3190590507
20200113,"13:22:01","SZ","NB",12580889754,9404840356,21985730110,3176049398
20200113,"13:22:01","SH","NB",8830005996,6986236715,15816242711,1843769281
20200113,"13:23:01","SH","NB",8878916831,7186948944,16065865775,1691967887
20200113,"13:23:01","SZ","NB",12650197857,9580930785,22231128642,3069267072
20200113,"13:24:01","SH","NB",8938909497,7308953114,16247862611,1629956383
20200113,"13:24:01","SZ","NB",12713808375,9690715603,22404523978,3023092772
20200113,"13:25:01","SH","NB",8979693425,7340834612,16320528037,1638858813
20200113,"13:25:01","SZ","NB",12768064863,9722246340,22490311203,3045818523
20200113,"13:26:01","SZ","NB",12817864440,9756969567,22574834007,3060894873
20200113,"13:26:01","SH","NB",9020681548,7366322301,16387003849,1654359247
20200113,"13:27:01","SH","NB",9066639512,7391890981,16458530493,1674748531
20200113,"13:27:01","SZ","NB",12866749329,9784307332,22651056661,3082441997
20200113,"13:28:01","SH","NB",9099659535,7413129039,16512788574,1686530496
20200113,"13:28:01","SZ","NB",12923672390,9821034778,22744707168,3102637612
20200113,"13:29:01","SH","NB",9137367655,7434179807,16571547462,1703187848
20200113,"13:29:01","SZ","NB",12970483194,9858147122,22828630316,3112336072
20200113,"13:30:01","SH","NB",9177097292,7454717043,16631814335,1722380249
20200113,"13:30:01","SZ","NB",13022747666,9894253747,22917001413,3128493919
20200113,"13:31:01","SH","NB",9222544788,7481425194,16703969982,1741119594
20200113,"13:31:01","SZ","NB",13089959473,9932483488,23022442961,3157475985
20200113,"13:32:01","SZ","NB",13148000016,9991622276,23139622292,3156377740
20200113,"13:32:01","SH","NB",9271646886,7525615767,16797262653,1746031119
20200113,"13:33:01","SH","NB",9303362283,7556284564,16859646847,1747077719
20200113,"13:33:01","SZ","NB",13192218582,10031354635,23223573217,3160863947
20200113,"13:34:01","SH","NB",9343319313,7586132566,16929451879,1757186747
20200113,"13:34:01","SZ","NB",13251599913,10069414296,23321014209,3182185617
20200113,"13:35:01","SH","NB",9385933683,7616663709,17002597392,1769269974
20200113,"13:35:01","SZ","NB",13313069685,10097231685,23410301370,3215838000
20200113,"13:36:01","SH","NB",9434121619,7640803743,17074925362,1793317876
20200113,"13:36:01","SZ","NB",13382610092,10125571602,23508181694,3257038490
20200113,"13:37:01","SH","NB",9479379937,7673523782,17152903719,1805856155
20200113,"13:37:01","SZ","NB",13436586208,10158703595,23595289803,3277882613
20200113,"13:38:01","SH","NB",9524468015,7705200664,17229668679,1819267351
20200113,"13:38:01","SZ","NB",13487554326,10188845203,23676399529,3298709123
20200113,"13:39:01","SH","NB",9559870369,7733940952,17293811321,1825929417
20200113,"13:39:01","SZ","NB",13548000824,10215363903,23763364727,3332636921
20200113,"13:40:01","SZ","NB",13625740150,10245110522,23870850672,3380629628
20200113,"13:40:01","SH","NB",9602849825,7762190653,17365040478,1840659172
20200113,"13:41:01","SH","NB",9667517102,7802224841,17469741943,1865292261
20200113,"13:41:01","SZ","NB",13730298721,10285198112,24015496833,3445100609
20200113,"13:42:01","SH","NB",9714596413,7845699352,17560295765,1868897061
20200113,"13:42:01","SZ","NB",13787107673,10315731799,24102839472,3471375874
20200113,"13:43:01","SZ","NB",13858476244,10344988505,24203464749,3513487739
20200113,"13:43:01","SH","NB",9761623464,7872457152,17634080616,1889166312
20200113,"13:44:01","SH","NB",9797137748,7909372176,17706509924,1887765572
20200113,"13:44:01","SZ","NB",13912504188,10386310781,24298814969,3526193407
20200113,"13:45:01","SH","NB",9839298301,7940761836,17780060137,1898536465
20200113,"13:45:01","SZ","NB",13971558903,10429402679,24400961582,3542156224
20200113,"13:46:01","SH","NB",9895809679,7969632487,17865442166,1926177192
20200113,"13:46:01","SZ","NB",14051113546,10458568311,24509681857,3592545235
20200113,"13:47:01","SH","NB",9949625494,7996838961,17946464455,1952786533
20200113,"13:47:01","SZ","NB",14109632325,10492916523,24602548848,3616715802
20200113,"13:48:01","SH","NB",10012624481,8027356115,18039980596,1985268366
20200113,"13:48:01","SZ","NB",14166340877,10519590511,24685931388,3646750366
20200113,"13:49:01","SH","NB",10054339780,8057632778,18111972558,1996707002
20200113,"13:49:01","SZ","NB",14223306574,10560063171,24783369745,3663243403
20200113,"13:50:01","SH","NB",10086413798,8091499430,18177913228,1994914368
20200113,"13:50:01","SZ","NB",14284817863,10587838958,24872656821,3696978905
20200113,"13:51:01","SH","NB",10128397437,8137106973,18265504410,1991290464
20200113,"13:51:01","SZ","NB",14350787949,10657717303,25008505252,3693070646
20200113,"13:52:01","SZ","NB",14395481454,10694565195,25090046649,3700916259
20200113,"13:52:01","SH","NB",10159456277,8171847901,18331304178,1987608376
20200113,"13:53:01","SH","NB",10194751842,8212375113,18407126955,1982376729
20200113,"13:53:01","SZ","NB",14449274338,10723236023,25172510361,3726038315
20200113,"13:54:01","SH","NB",10237003652,8233583332,18470586984,2003420320
20200113,"13:54:01","SZ","NB",14509595100,10756918745,25266513845,3752676355
20200113,"13:55:01","SH","NB",10270129684,8264045899,18534175583,2006083785
20200113,"13:55:01","SZ","NB",14555277727,10790880813,25346158540,3764396914
20200113,"13:56:01","SH","NB",10319978735,8300846427,18620825162,2019132308
20200113,"13:56:01","SZ","NB",14600943452,10826150521,25427093973,3774792931
20200113,"13:57:01","SH","NB",10361125413,8327187514,18688312927,2033937899
20200113,"13:57:01","SZ","NB",14700567768,10856205613,25556773381,3844362155
20200113,"13:58:01","SH","NB",10392728296,8356028383,18748756679,2036699913
20200113,"13:58:01","SZ","NB",14752253688,10903164512,25655418200,3849089176
20200113,"13:59:01","SH","NB",10424065054,8385572905,18809637959,2038492149
20200113,"13:59:01","SZ","NB",14798973885,10943312439,25742286324,3855661446
20200113,"14:00:01","SZ","NB",14842572871,10976051599,25818624470,3866521272
20200113,"14:00:01","SH","NB",10452409794,8414403962,18866813756,2038005832
20200113,"14:01:01","SH","NB",10491076167,8464020170,18955096337,2027055997
20200113,"14:01:01","SZ","NB",14902626969,11054910332,25957537301,3847716637
20200113,"14:02:01","SH","NB",10524519598,8499505086,19024024684,2025014512
20200113,"14:02:01","SZ","NB",14948593863,11100329173,26048923036,3848264690
20200113,"14:03:01","SH","NB",10579919430,8532256333,19112175763,2047663097
20200113,"14:03:01","SZ","NB",15023945908,11147340128,26171286036,3876605780
20200113,"14:04:01","SH","NB",10622479568,8560829141,19183308709,2061650427
20200113,"14:04:01","SZ","NB",15096993545,11184744623,26281738168,3912248922
20200113,"14:05:01","SH","NB",10658122701,8591552986,19249675687,2066569715
20200113,"14:05:01","SZ","NB",15147803996,11217112961,26364916957,3930691035
20200113,"14:06:01","SH","NB",10687514600,8621719061,19309233661,2065795539
20200113,"14:06:01","SZ","NB",15189777059,11239623152,26429400211,3950153907
20200113,"14:07:01","SH","NB",10732970040,8652834571,19385804611,2080135469
20200113,"14:07:01","SZ","NB",15261786172,11272819437,26534605609,3988966735
20200113,"14:08:01","SZ","NB",15308818422,11314124998,26622943420,3994693424
20200113,"14:08:01","SH","NB",10766636685,8678172894,19444809579,2088463791
20200113,"14:09:01","SH","NB",10804992226,8715363072,19520355298,2089629154
20200113,"14:09:01","SZ","NB",15355641814,11356293439,26711935253,3999348375
20200113,"14:10:01","SH","NB",10842695185,8774406611,19617101796,2068288574
20200113,"14:10:01","SZ","NB",15404885033,11427815077,26832700110,3977069956
20200113,"14:11:01","SH","NB",10889922232,8901346603,19791268835,1988575629
20200113,"14:11:01","SZ","NB",15477869756,11528843674,27006713430,3949026082
20200113,"14:12:01","SH","NB",10930933476,8944379024,19875312500,1986554452
20200113,"14:12:01","SZ","NB",15530905425,11578017854,27108923279,3952887571
20200113,"14:13:01","SH","NB",10982279854,8976660422,19958940276,2005619432
20200113,"14:13:01","SZ","NB",15606980017,11618827281,27225807298,3988152736
20200113,"14:14:01","SH","NB",11052692508,9000104795,20052797303,2052587713
20200113,"14:14:01","SZ","NB",15703991460,11665994228,27369985688,4037997232
20200113,"14:15:01","SH","NB",11096537197,9023490954,20120028151,2073046243
20200113,"14:15:01","SZ","NB",15757750553,11701870786,27459621339,4055879767
20200113,"14:16:01","SZ","NB",15800631019,11737626003,27538257022,4063005016
20200113,"14:16:01","SH","NB",11136354804,9052214743,20188569547,2084140061
20200113,"14:17:01","SH","NB",11168403834,9073403602,20241807436,2095000232
20200113,"14:17:01","SZ","NB",15848631726,11769396115,27618027841,4079235611
20200113,"14:18:01","SH","NB",11207122744,9095551003,20302673747,2111571741
20200113,"14:18:01","SZ","NB",15898884522,11795581878,27694466400,4103302644
20200113,"14:19:01","SH","NB",11241059109,9124374019,20365433128,2116685090
20200113,"14:19:01","SZ","NB",15957197832,11819046253,27776244085,4138151579
20200113,"14:20:01","SH","NB",11288815136,9152754073,20441569209,2136061063
20200113,"14:20:01","SZ","NB",16010765672,11847208770,27857974442,4163556902
20200113,"14:21:01","SH","NB",11361708337,9194385217,20556093554,2167323120
20200113,"14:21:01","SZ","NB",16104818325,11888256259,27993074584,4216562066
20200113,"14:22:01","SH","NB",11397741216,9228666956,20626408172,2169074260
20200113,"14:22:01","SZ","NB",16171359216,11922371575,28093730791,4248987641
20200113,"14:23:01","SH","NB",11438412810,9263881419,20702294229,2174531391
20200113,"14:23:01","SZ","NB",16229287936,11967088876,28196376812,4262199060
20200113,"14:24:01","SZ","NB",16270365030,12005590292,28275955322,4264774738
20200113,"14:24:01","SH","NB",11473373883,9302841697,20776215580,2170532186
20200113,"14:25:01","SH","NB",11504918691,9331923279,20836841970,2172995412
20200113,"14:25:01","SZ","NB",16327114319,12043573190,28370687509,4283541129
20200113,"14:26:01","SH","NB",11531589593,9365986617,20897576210,2165602976
20200113,"14:26:01","SZ","NB",16374527465,12082048369,28456575834,4292479096
20200113,"14:27:01","SH","NB",11554784503,9399443769,20954228272,2155340734
20200113,"14:27:01","SZ","NB",16410695574,12118745859,28529441433,4291949715
20200113,"14:28:01","SH","NB",11587610455,9435782397,21023392852,2151828058
20200113,"14:28:01","SZ","NB",16454748327,12157150979,28611899306,4297597348
20200113,"14:29:01","SH","NB",11613140508,9482156548,21095297056,2130983960
20200113,"14:29:01","SZ","NB",16505669798,12204533304,28710203102,4301136494
20200113,"14:30:01","SH","NB",11638757707,9510094512,21148852219,2128663195
20200113,"14:30:01","SZ","NB",16556174408,12247174720,28803349128,4308999688
20200113,"14:31:01","SZ","NB",16696947406,12291862317,28988809723,4405085089
20200113,"14:31:01","SH","NB",11715609926,9547782863,21263392789,2167827063
20200113,"14:32:01","SH","NB",11768823639,9578534748,21347358387,2190288891
20200113,"14:32:01","SZ","NB",16783350917,12350487477,29133838394,4432863440
20200113,"14:33:01","SH","NB",11820985911,9614903284,21435889195,2206082627
20200113,"14:33:01","SZ","NB",16856503367,12408533992,29265037359,4447969375
20200113,"14:34:01","SH","NB",11912649234,9653692699,21566341933,2258956535
20200113,"14:34:01","SZ","NB",16987612196,12460960969,29448573165,4526651227
20200113,"14:35:01","SH","NB",12007395501,9717777319,21725172820,2289618182
20200113,"14:35:01","SZ","NB",17140308752,12530991713,29671300465,4609317039
20200113,"14:36:01","SH","NB",12066410121,9773189723,21839599844,2293220398
20200113,"14:36:01","SZ","NB",17204273747,12590214861,29794488608,4614058886
20200113,"14:37:01","SH","NB",12122688643,9845368553,21968057196,2277320090
20200113,"14:37:01","SZ","NB",17276166461,12640296929,29916463390,4635869532
20200113,"14:38:01","SH","NB",12164948602,9925604109,22090552711,2239344493
20200113,"14:38:01","SZ","NB",17331594084,12713281140,30044875224,4618312944
20200113,"14:39:01","SH","NB",12251167957,9971226485,22222394442,2279941472
20200113,"14:39:01","SZ","NB",17423968144,12753604308,30177572452,4670363836
20200113,"14:40:01","SH","NB",12395997361,10027361732,22423359093,2368635629
20200113,"14:40:01","SZ","NB",17629482022,12808474256,30437956278,4821007766
20200113,"14:41:01","SZ","NB",17748356511,12913784281,30662140792,4834572230
20200113,"14:41:01","SH","NB",12476689421,10132352657,22609042078,2344336764
20200113,"14:42:01","SH","NB",12531979002,10212455262,22744434264,2319523740
20200113,"14:42:01","SZ","NB",17817384104,12988820524,30806204628,4828563580
20200113,"14:43:01","SH","NB",12600666846,10268920501,22869587347,2331746345
20200113,"14:43:01","SZ","NB",17889214726,13040680398,30929895124,4848534328
20200113,"14:44:01","SH","NB",12654578105,10317542243,22972120348,2337035862
20200113,"14:44:01","SZ","NB",17953138487,13083896669,31037035156,4869241818
20200113,"14:45:01","SH","NB",12715206574,10359895189,23075101763,2355311385
20200113,"14:45:01","SZ","NB",18022330657,13132285794,31154616451,4890044863
20200113,"14:46:01","SH","NB",12796299232,10431415971,23227715203,2364883261
20200113,"14:46:01","SZ","NB",18106855424,13209406391,31316261815,4897449033
20200113,"14:47:01","SH","NB",12852699616,10487827507,23340527123,2364872109
20200113,"14:47:01","SZ","NB",18173632783,13264468164,31438100947,4909164619
20200113,"14:48:01","SH","NB",12921221433,10536239444,23457460877,2384981989
20200113,"14:48:01","SZ","NB",18236973794,13322650684,31559624478,4914323110
20200113,"14:49:01","SH","NB",13013792543,10590857146,23604649689,2422935397
20200113,"14:49:01","SZ","NB",18342998880,13371346974,31714345854,4971651906
20200113,"14:50:01","SH","NB",13096746603,10658176640,23754923243,2438569963
20200113,"14:50:01","SZ","NB",18442615435,13430997316,31873612751,5011618119
20200113,"14:51:01","SZ","NB",18526277087,13497131491,32023408578,5029145596
20200113,"14:51:01","SH","NB",13167166557,10733727296,23900893853,2433439261
20200113,"14:52:01","SH","NB",13252576240,10792887756,24045463996,2459688484
20200113,"14:52:01","SZ","NB",18610358985,13560369567,32170728552,5049989418
20200113,"14:53:01","SH","NB",13387755742,10863812825,24251568567,2523942917
20200113,"14:53:01","SZ","NB",18731110401,13628978946,32360089347,5102131455
20200113,"14:54:01","SH","NB",13501374076,10974336255,24475710331,2527037821
20200113,"14:54:01","SZ","NB",18847194918,13726191406,32573386324,5121003512
20200113,"14:55:01","SH","NB",13597867879,11044819042,24642686921,2553048837
20200113,"14:55:01","SZ","NB",18935412032,13801712805,32737124837,5133699227
20200113,"14:56:01","SH","NB",13737929083,11141739835,24879668918,2596189248
20200113,"14:56:01","SZ","NB",19046964967,13884594297,32931559264,5162370670
20200113,"14:57:01","SH","NB",13800508852,11218390047,25018898899,2582118805
20200113,"14:57:01","SZ","NB",19104520539,13942437952,33046958491,5162082587
20200113,"14:58:01","SH","NB",13800819248,11218752364,25019571612,2582066884
20200113,"14:58:01","SZ","NB",19104557462,13942521592,33047079054,5162035870
20200113,"15:00:01","SZ","NB",19198864426,14027317110,33226181536,5171547316
20200113,"15:01:01","SH","NB",14061813502,11487139858,25548953360,2574673644
20200113,"15:01:01","SZ","NB",19297234265,14161427693,33458661958,5135806572
