dataDate,dataTime,connectMarket,tradeDirection,buyTurnover,sellTurnover,totalTurnover,netTurnover
20190430,"09:30:01","SH","NB",48204594,165580178,213784772,-117375584
20190430,"09:30:01","SZ","NB",31114755,77519643,108634398,-46404888
20190430,"09:31:00","SH","NB",193490492,335255682,528746174,-141765190
20190430,"09:31:00","SZ","NB",153053198,215684077,368737275,-62630879
20190430,"09:32:00","SH","NB",325093787,513828524,838922311,-188734737
20190430,"09:32:00","SZ","NB",273677766,346846374,620524140,-73168608
20190430,"09:33:00","SH","NB",495447186,701267966,1196715152,-205820780
20190430,"09:33:00","SZ","NB",421111831,473767200,894879031,-52655369
20190430,"09:34:00","SZ","NB",536118252,617937237,1154055489,-81818985
20190430,"09:34:00","SH","NB",642959295,856907509,1499866804,-213948214
20190430,"09:35:00","SH","NB",786262243,1092584328,1878846571,-306322085
20190430,"09:35:00","SZ","NB",638781497,806320629,1445102126,-167539132
20190430,"09:36:00","SH","NB",981882229,1247942202,2229824431,-266059973
20190430,"09:36:00","SZ","NB",826193875,933218907,1759412782,-107025032
20190430,"09:37:00","SH","NB",1109244083,1511568943,2620813026,-402324860
20190430,"09:37:00","SZ","NB",926110650,1110275103,2036385753,-184164453
20190430,"09:38:00","SH","NB",1241357337,1632186468,2873543805,-390829131
20190430,"09:38:00","SZ","NB",1045682828,1224317558,2270000386,-178634730
20190430,"09:39:00","SH","NB",1360212392,1898792466,3259004858,-538580074
20190430,"09:39:00","SZ","NB",1125741829,1445618999,2571360828,-319877170
20190430,"09:40:00","SZ","NB",1219946168,1584429079,2804375247,-364482911
20190430,"09:40:00","SH","NB",1458697756,2047990903,3506688659,-589293147
20190430,"09:41:00","SH","NB",1563445596,2137650702,3701096298,-574205106
20190430,"09:41:00","SZ","NB",1342120739,1681910129,3024030868,-339789390
20190430,"09:42:00","SH","NB",1771633495,2307023799,4078657294,-535390304
20190430,"09:42:00","SZ","NB",1612994005,1784255281,3397249286,-171261276
20190430,"09:43:00","SZ","NB",1708207636,1963358731,3671566367,-255151095
20190430,"09:43:00","SH","NB",1873455697,2537968718,4411424415,-664513021
20190430,"09:44:00","SH","NB",2007676103,2695810312,4703486415,-688134209
20190430,"09:44:00","SZ","NB",1810053973,2116210412,3926264385,-306156439
20190430,"09:45:00","SH","NB",2127892048,2815155033,4943047081,-687262985
20190430,"09:45:00","SZ","NB",1888509613,2185508665,4074018278,-296999052
20190430,"09:46:00","SH","NB",2222173248,2977869050,5200042298,-755695802
20190430,"09:46:00","SZ","NB",1958563477,2300003226,4258566703,-341439749
20190430,"09:47:00","SH","NB",2323140681,3140558843,5463699524,-817418162
20190430,"09:47:00","SZ","NB",2027090676,2435510778,4462601454,-408420102
20190430,"09:48:00","SH","NB",2501608179,3228096953,5729705132,-726488774
20190430,"09:48:00","SZ","NB",2227321249,2519886128,4747207377,-292564879
20190430,"09:49:00","SH","NB",2599234852,3331810627,5931045479,-732575775
20190430,"09:49:00","SZ","NB",2306988852,2611906535,4918895387,-304917683
20190430,"09:50:00","SH","NB",2688370364,3481992440,6170362804,-793622076
20190430,"09:50:00","SZ","NB",2370842312,2746989644,5117831956,-376147332
20190430,"09:51:00","SH","NB",2768626840,3742077330,6510704170,-973450490
20190430,"09:51:00","SZ","NB",2435223488,2872135304,5307358792,-436911816
20190430,"09:52:00","SZ","NB",2592730349,2972766938,5565497287,-380036589
20190430,"09:52:00","SH","NB",2914433866,3835705154,6750139020,-921271288
20190430,"09:53:00","SH","NB",3004548038,3971062704,6975610742,-966514666
20190430,"09:53:00","SZ","NB",2685419081,3106388543,5791807624,-420969462
20190430,"09:54:00","SH","NB",3071768079,4075047822,7146815901,-1003279743
20190430,"09:54:00","SZ","NB",2778412882,3201349525,5979762407,-422936643
20190430,"09:55:00","SH","NB",3201105137,4147219074,7348324211,-946113937
20190430,"09:55:00","SZ","NB",2963020472,3272129685,6235150157,-309109213
20190430,"09:56:00","SH","NB",3300363448,4218134796,7518498244,-917771348
20190430,"09:56:00","SZ","NB",3054852560,3330810753,6385663313,-275958193
20190430,"09:57:00","SH","NB",3392293717,4273324540,7665618257,-881030823
20190430,"09:57:00","SZ","NB",3136536623,3369886981,6506423604,-233350358
20190430,"09:58:00","SZ","NB",3267918981,3420207520,6688126501,-152288539
20190430,"09:58:00","SH","NB",3506173658,4340479624,7846653282,-834305966
20190430,"09:59:00","SH","NB",3603690649,4412680126,8016370775,-808989477
20190430,"09:59:00","SZ","NB",3401131191,3486693133,6887824324,-85561942
20190430,"10:00:00","SH","NB",3715139709,4493460209,8208599918,-778320500
20190430,"10:00:00","SZ","NB",3501301259,3547896394,7049197653,-46595135
20190430,"10:01:00","SZ","NB",3563043768,3672793916,7235837684,-109750148
20190430,"10:01:00","SH","NB",3788409684,4616968918,8405378602,-828559234
20190430,"10:02:00","SH","NB",3860512659,4780907096,8641419755,-920394437
20190430,"10:02:00","SZ","NB",3622445200,3760498203,7382943403,-138053003
20190430,"10:03:00","SH","NB",3963602100,4862246244,8825848344,-898644144
20190430,"10:03:00","SZ","NB",3706386634,3829424886,7535811520,-123038252
20190430,"10:04:00","SH","NB",4058089460,4912845996,8970935456,-854756536
20190430,"10:04:00","SZ","NB",3794019693,3871958254,7665977947,-77938561
20190430,"10:05:00","SH","NB",4114816567,4979415439,9094232006,-864598872
20190430,"10:05:00","SZ","NB",3859098366,3943801380,7802899746,-84703014
20190430,"10:06:00","SH","NB",4187410616,5091528558,9278939174,-904117942
20190430,"10:06:00","SZ","NB",3916435255,4055379585,7971814840,-138944330
20190430,"10:07:00","SH","NB",4341676846,5175216676,9516893522,-833539830
20190430,"10:07:00","SZ","NB",4073523726,4140021443,8213545169,-66497717
20190430,"10:08:00","SH","NB",4479845263,5266979406,9746824669,-787134143
20190430,"10:08:00","SZ","NB",4203328668,4224432598,8427761266,-21103930
20190430,"10:09:00","SH","NB",4577191368,5327338753,9904530121,-750147385
20190430,"10:09:00","SZ","NB",4290959265,4285643871,8576603136,5315394
20190430,"10:10:00","SZ","NB",4336399768,4379227606,8715627374,-42827838
20190430,"10:10:00","SH","NB",4636269629,5418731675,10055001304,-782462046
20190430,"10:11:00","SH","NB",4688836893,5520078712,10208915605,-831241819
20190430,"10:11:00","SZ","NB",4386850259,4494591478,8881441737,-107741219
20190430,"10:12:00","SH","NB",4815211558,5572187842,10387399400,-756976284
20190430,"10:12:00","SZ","NB",4484967706,4546214894,9031182600,-61247188
20190430,"10:13:00","SH","NB",4896311967,5626534388,10522846355,-730222421
20190430,"10:13:00","SZ","NB",4550892646,4600398517,9151291163,-49505871
20190430,"10:14:00","SH","NB",4946096440,5694886401,10640982841,-748789961
20190430,"10:14:00","SZ","NB",4594390720,4682365979,9276756699,-87975259
20190430,"10:15:00","SH","NB",4983856083,5786752122,10770608205,-802896039
20190430,"10:15:00","SZ","NB",4635976930,4766637610,9402614540,-130660680
20190430,"10:16:00","SZ","NB",4676755506,4858128750,9534884256,-181373244
20190430,"10:16:00","SH","NB",5018728990,5876585573,10895314563,-857856583
20190430,"10:17:00","SH","NB",5087640293,5928585961,11016226254,-840945668
20190430,"10:17:00","SZ","NB",4722407015,4927834932,9650241947,-205427917
20190430,"10:18:00","SH","NB",5135046322,5960505073,11095551395,-825458751
20190430,"10:18:00","SZ","NB",4764019061,4978359172,9742378233,-214340111
20190430,"10:19:00","SH","NB",5174407642,5997635587,11172043229,-823227945
20190430,"10:19:00","SZ","NB",4803129091,5021664131,9824793222,-218535040
20190430,"10:20:00","SH","NB",5209236598,6071696708,11280933306,-862460110
20190430,"10:20:00","SZ","NB",4838676350,5106386213,9945062563,-267709863
20190430,"10:21:00","SH","NB",5299363228,6116276915,11415640143,-816913687
20190430,"10:21:00","SZ","NB",4926531551,5155619784,10082151335,-229088233
20190430,"10:22:00","SH","NB",5340894681,6172602894,11513497575,-831708213
20190430,"10:22:00","SZ","NB",4969092066,5202681800,10171773866,-233589734
20190430,"10:23:00","SH","NB",5375400268,6229832986,11605233254,-854432718
20190430,"10:23:00","SZ","NB",5012489070,5260562710,10273051780,-248073640
20190430,"10:24:00","SZ","NB",5047097322,5375224204,10422321526,-328126882
20190430,"10:24:00","SH","NB",5413774038,6335452480,11749226518,-921678442
20190430,"10:25:00","SH","NB",5452827493,6400120496,11852947989,-947293003
20190430,"10:25:00","SZ","NB",5089066104,5440443858,10529509962,-351377754
20190430,"10:26:00","SZ","NB",5132399660,5493783725,10626183385,-361384065
20190430,"10:26:00","SH","NB",5498533547,6449891429,11948424976,-951357882
20190430,"10:27:00","SH","NB",5557247149,6500170889,12057418038,-942923740
20190430,"10:27:00","SZ","NB",5195727243,5534291774,10730019017,-338564531
20190430,"10:28:00","SH","NB",5622582468,6532403782,12154986250,-909821314
20190430,"10:28:00","SZ","NB",5259912628,5567079032,10826991660,-307166404
20190430,"10:29:00","SH","NB",5686931292,6560502941,12247434233,-873571649
20190430,"10:29:00","SZ","NB",5320227429,5593850685,10914078114,-273623256
20190430,"10:30:00","SH","NB",5727281620,6599601417,12326883037,-872319797
20190430,"10:30:00","SZ","NB",5353771106,5622862052,10976633158,-269090946
20190430,"10:31:00","SH","NB",5783105766,6642127209,12425232975,-859021443
20190430,"10:31:00","SZ","NB",5409351955,5652635225,11061987180,-243283270
20190430,"10:32:00","SH","NB",5841521106,6679650246,12521171352,-838129140
20190430,"10:32:00","SZ","NB",5481772722,5687651590,11169424312,-205878868
20190430,"10:33:00","SH","NB",5982263087,6726671013,12708934100,-744407926
20190430,"10:33:00","SZ","NB",5578626904,5727361161,11305988065,-148734257
20190430,"10:34:00","SH","NB",6038758474,6782441104,12821199578,-743682630
20190430,"10:34:00","SZ","NB",5653846503,5776764566,11430611069,-122918063
20190430,"10:35:00","SH","NB",6085404099,6836633234,12922037333,-751229135
20190430,"10:35:00","SZ","NB",5707705480,5831965037,11539670517,-124259557
20190430,"10:36:00","SZ","NB",5745642861,5903104013,11648746874,-157461152
20190430,"10:36:00","SH","NB",6118330531,6888926054,13007256585,-770595523
20190430,"10:37:00","SH","NB",6157130685,6947793325,13104924010,-790662640
20190430,"10:37:00","SZ","NB",5787727798,5984338684,11772066482,-196610886
20190430,"10:38:00","SH","NB",6207617826,7064439617,13272057443,-856821791
20190430,"10:38:00","SZ","NB",5820477927,6114220504,11934698431,-293742577
20190430,"10:39:00","SH","NB",6251197013,7104661352,13355858365,-853464339
20190430,"10:39:00","SZ","NB",5862931110,6140827122,12003758232,-277896012
20190430,"10:40:00","SH","NB",6308997079,7131458102,13440455181,-822461023
20190430,"10:40:00","SZ","NB",5944500661,6160845344,12105346005,-216344683
20190430,"10:41:00","SH","NB",6354913375,7159255664,13514169039,-804342289
20190430,"10:41:00","SZ","NB",6045027324,6188887174,12233914498,-143859850
20190430,"10:42:00","SH","NB",6418422597,7180519837,13598942434,-762097240
20190430,"10:42:00","SZ","NB",6132409100,6216490987,12348900087,-84081887
20190430,"10:43:00","SH","NB",6453878075,7253974420,13707852495,-800096345
20190430,"10:43:00","SZ","NB",6166140064,6258128985,12424269049,-91988921
20190430,"10:44:00","SH","NB",6586124898,7302222068,13888346966,-716097170
20190430,"10:44:00","SZ","NB",6336190652,6296127324,12632317976,40063328
20190430,"10:45:00","SH","NB",6653041161,7334405502,13987446663,-681364341
20190430,"10:45:00","SZ","NB",6394358398,6339144635,12733503033,55213763
20190430,"10:46:00","SZ","NB",6426071611,6373315601,12799387212,52756010
20190430,"10:46:00","SH","NB",6698131941,7373703643,14071835584,-675571702
20190430,"10:47:00","SH","NB",6728074361,7410248653,14138323014,-682174292
20190430,"10:47:00","SZ","NB",6452679909,6411138581,12863818490,41541328
20190430,"10:48:00","SZ","NB",6474495338,6439867321,12914362659,34628017
20190430,"10:48:00","SH","NB",6757469984,7438590883,14196060867,-681120899
20190430,"10:49:00","SH","NB",6803457221,7464443291,14267900512,-660986070
20190430,"10:49:00","SZ","NB",6519504875,6466059312,12985564187,53445563
20190430,"10:50:00","SH","NB",6911389717,7495178153,14406567870,-583788436
20190430,"10:50:00","SZ","NB",6620644971,6499334505,13119979476,121310466
20190430,"10:51:00","SH","NB",6950303211,7559840807,14510144018,-609537596
20190430,"10:51:00","SZ","NB",6664997612,6557907465,13222905077,107090147
20190430,"10:52:00","SH","NB",6988636405,7593584998,14582221403,-604948593
20190430,"10:52:00","SZ","NB",6699079544,6595386744,13294466288,103692800
20190430,"10:53:00","SH","NB",7018147136,7658661355,14676808491,-640514219
20190430,"10:53:00","SZ","NB",6731883166,6643548359,13375431525,88334807
20190430,"10:54:00","SH","NB",7047527634,7690961657,14738489291,-643434023
20190430,"10:54:00","SZ","NB",6784293899,6685960561,13470254460,98333338
20190430,"10:55:00","SH","NB",7094954825,7724905150,14819859975,-629950325
20190430,"10:55:00","SZ","NB",6814035170,6720874612,13534909782,93160558
20190430,"10:56:00","SH","NB",7125121804,7776249564,14901371368,-651127760
20190430,"10:56:00","SZ","NB",6855845923,6768571238,13624417161,87274685
20190430,"10:57:00","SH","NB",7148190700,7823689217,14971879917,-675498517
20190430,"10:57:00","SZ","NB",6891226709,6805177806,13696404515,86048903
20190430,"10:58:00","SZ","NB",6910615075,6833737169,13744352244,76877906
20190430,"10:58:00","SH","NB",7169785427,7855010830,15024796257,-685225403
20190430,"10:59:00","SH","NB",7187107148,7887104511,15074211659,-699997363
20190430,"10:59:00","SZ","NB",6934421886,6852871810,13787293696,81550076
20190430,"11:00:00","SH","NB",7208529699,7910447679,15118977378,-701917980
20190430,"11:00:00","SZ","NB",6954643231,6874605895,13829249126,80037336
20190430,"11:01:00","SH","NB",7235834601,7939372098,15175206699,-703537497
20190430,"11:01:00","SZ","NB",6976152039,6888683742,13864835781,87468297
20190430,"11:02:00","SH","NB",7277292029,7974743784,15252035813,-697451755
20190430,"11:02:00","SZ","NB",6997947408,6912225103,13910172511,85722305
20190430,"11:03:00","SH","NB",7301973322,8005342561,15307315883,-703369239
20190430,"11:03:00","SZ","NB",7018800710,6932566340,13951367050,86234370
20190430,"11:04:00","SZ","NB",7050364087,6949007843,13999371930,101356244
20190430,"11:04:00","SH","NB",7335864114,8028569005,15364433119,-692704891
20190430,"11:05:00","SH","NB",7362848776,8048463947,15411312723,-685615171
20190430,"11:05:00","SZ","NB",7080995941,6966138331,14047134272,114857610
20190430,"11:06:00","SH","NB",7389377183,8102335151,15491712334,-712957968
20190430,"11:06:00","SZ","NB",7107160833,7004122569,14111283402,103038264
20190430,"11:07:00","SH","NB",7412742048,8146586375,15559328423,-733844327
20190430,"11:07:00","SZ","NB",7129133328,7040868016,14170001344,88265312
20190430,"11:08:00","SH","NB",7437434157,8216342018,15653776175,-778907861
20190430,"11:08:00","SZ","NB",7153527466,7095894144,14249421610,57633322
20190430,"11:09:00","SH","NB",7474235184,8291352525,15765587709,-817117341
20190430,"11:09:00","SZ","NB",7181314818,7147837361,14329152179,33477457
20190430,"11:10:00","SH","NB",7509154647,8324261115,15833415762,-815106468
20190430,"11:10:00","SZ","NB",7211602502,7168370325,14379972827,43232177
20190430,"11:11:00","SH","NB",7544265329,8360396681,15904662010,-816131352
20190430,"11:11:00","SZ","NB",7238344039,7188027329,14426371368,50316710
20190430,"11:12:00","SZ","NB",7276089556,7203715052,14479804608,72374504
20190430,"11:12:00","SH","NB",7587050275,8384486159,15971536434,-797435884
20190430,"11:13:00","SH","NB",7622672967,8410207292,16032880259,-787534325
20190430,"11:13:00","SZ","NB",7321149051,7216562933,14537711984,104586118
20190430,"11:14:00","SH","NB",7648274553,8433215550,16081490103,-784940997
20190430,"11:14:00","SZ","NB",7342657093,7230885334,14573542427,111771759
20190430,"11:15:00","SH","NB",7668198102,8479351753,16147549855,-811153651
20190430,"11:15:00","SZ","NB",7364526653,7267392775,14631919428,97133878
20190430,"11:16:00","SH","NB",7700015497,8520842178,16220857675,-820826681
20190430,"11:16:00","SZ","NB",7383330253,7295852782,14679183035,87477471
20190430,"11:17:00","SH","NB",7737019109,8536931834,16273950943,-799912725
20190430,"11:17:00","SZ","NB",7415587219,7309364524,14724951743,106222695
20190430,"11:18:00","SZ","NB",7467868431,7325733169,14793601600,142135262
20190430,"11:18:00","SH","NB",7801065322,8553556454,16354621776,-752491132
20190430,"11:19:00","SH","NB",7831909658,8575769662,16407679320,-743860004
20190430,"11:19:00","SZ","NB",7515658167,7347843789,14863501956,167814378
20190430,"11:20:00","SH","NB",7847628459,8607036733,16454665192,-759408274
20190430,"11:20:00","SZ","NB",7536397139,7380334551,14916731690,156062588
20190430,"11:21:00","SH","NB",7868026163,8633647180,16501673343,-765621017
20190430,"11:21:00","SZ","NB",7561667580,7409056962,14970724542,152610618
20190430,"11:22:00","SH","NB",7884830273,8652646898,16537477171,-767816625
20190430,"11:22:00","SZ","NB",7577726133,7426214682,15003940815,151511451
20190430,"11:23:00","SH","NB",7903655531,8683471184,16587126715,-779815653
20190430,"11:23:00","SZ","NB",7601117463,7448818621,15049936084,152298842
20190430,"11:24:00","SH","NB",7928328556,8779301662,16707630218,-850973106
20190430,"11:24:00","SZ","NB",7618728064,7531960825,15150688889,86767239
20190430,"11:25:00","SH","NB",7972651923,8806692584,16779344507,-834040661
20190430,"11:25:00","SZ","NB",7652189277,7553837326,15206026603,98351951
20190430,"11:26:00","SZ","NB",7683400405,7573368395,15256768800,110032010
20190430,"11:26:00","SH","NB",8012206963,8827692595,16839899558,-815485632
20190430,"11:27:00","SH","NB",8034527472,8846740077,16881267549,-812212605
20190430,"11:27:00","SZ","NB",7702999044,7588317231,15291316275,114681813
20190430,"11:28:00","SH","NB",8055934865,8875438728,16931373593,-819503863
20190430,"11:28:00","SZ","NB",7727467399,7611980527,15339447926,115486872
20190430,"11:29:00","SH","NB",8070812115,8890864154,16961676269,-820052039
20190430,"11:29:00","SZ","NB",7743567759,7629484703,15373052462,114083056
20190430,"11:30:00","SH","NB",8088790102,8902821985,16991612087,-814031883
20190430,"11:30:00","SZ","NB",7764088445,7641656404,15405744849,122432041
20190430,"11:31:00","SH","NB",8088808192,8902828083,16991636275,-814019891
20190430,"13:01:00","SH","NB",8175375352,8948152326,17123527678,-772776974
20190430,"13:01:00","SZ","NB",7846493107,7679205896,15525699003,167287211
20190430,"13:02:00","SH","NB",8204834804,8991008773,17195843577,-786173969
20190430,"13:02:00","SZ","NB",7873137691,7727649199,15600786890,145488492
20190430,"13:03:00","SH","NB",8233795873,9030076935,17263872808,-796281062
20190430,"13:03:00","SZ","NB",7900915603,7761777022,15662692625,139138581
20190430,"13:04:00","SZ","NB",7925848606,7788099979,15713948585,137748627
20190430,"13:04:00","SH","NB",8258206328,9053095080,17311301408,-794888752
20190430,"13:05:00","SH","NB",8286271969,9079441417,17365713386,-793169448
20190430,"13:05:00","SZ","NB",7945527551,7812833182,15758360733,132694369
20190430,"13:06:00","SH","NB",8318976917,9114473974,17433450891,-795497057
20190430,"13:06:00","SZ","NB",7976205434,7834565872,15810771306,141639562
20190430,"13:07:00","SH","NB",8350006205,9139080060,17489086265,-789073855
20190430,"13:07:00","SZ","NB",8011412801,7866856591,15878269392,144556210
20190430,"13:08:00","SH","NB",8375948176,9164390942,17540339118,-788442766
20190430,"13:08:00","SZ","NB",8042778731,7896528254,15939306985,146250477
20190430,"13:09:00","SH","NB",8397555768,9195305609,17592861377,-797749841
20190430,"13:09:00","SZ","NB",8062285144,7926492982,15988778126,135792162
20190430,"13:10:00","SZ","NB",8093362527,8075736735,16169099262,17625792
20190430,"13:10:00","SH","NB",8434801130,9338232928,17773034058,-903431798
20190430,"13:11:00","SH","NB",8487171632,9380413802,17867585434,-893242170
20190430,"13:11:00","SZ","NB",8127312782,8111791296,16239104078,15521486
20190430,"13:12:00","SH","NB",8536812633,9407293937,17944106570,-870481304
20190430,"13:12:00","SZ","NB",8166786730,8137442294,16304229024,29344436
20190430,"13:13:00","SZ","NB",8196053953,8168366886,16364420839,27687067
20190430,"13:13:00","SH","NB",8572964071,9431916702,18004880773,-858952631
20190430,"13:14:00","SH","NB",8594159265,9453796387,18047955652,-859637122
20190430,"13:14:00","SZ","NB",8223316965,8193478368,16416795333,29838597
20190430,"13:15:00","SH","NB",8622239165,9489873663,18112112828,-867634498
20190430,"13:15:00","SZ","NB",8248519616,8214402259,16462921875,34117357
20190430,"13:16:00","SH","NB",8717219308,9516448743,18233668051,-799229435
20190430,"13:16:00","SZ","NB",8346587005,8245067692,16591654697,101519313
20190430,"13:17:00","SH","NB",8757757019,9548399544,18306156563,-790642525
20190430,"13:17:00","SZ","NB",8378434156,8268069829,16646503985,110364327
20190430,"13:18:00","SH","NB",8793122364,9572734545,18365856909,-779612181
20190430,"13:18:00","SZ","NB",8402520774,8289760514,16692281288,112760260
20190430,"13:19:00","SH","NB",8848790754,9598933473,18447724227,-750142719
20190430,"13:19:00","SZ","NB",8425822190,8309680792,16735502982,116141398
20190430,"13:20:00","SH","NB",8876456861,9621596625,18498053486,-745139764
20190430,"13:20:00","SZ","NB",8444995346,8339822382,16784817728,105172964
20190430,"13:21:00","SH","NB",8905882061,9651308495,18557190556,-745426434
20190430,"13:21:00","SZ","NB",8464491487,8371136981,16835628468,93354506
20190430,"13:22:00","SH","NB",8938752733,9668823030,18607575763,-730070297
20190430,"13:22:00","SZ","NB",8491506130,8394725452,16886231582,96780678
20190430,"13:23:00","SZ","NB",8517596621,8430495664,16948092285,87100957
20190430,"13:23:00","SH","NB",8996324199,9692373403,18688697602,-696049204
20190430,"13:24:00","SH","NB",9137437883,9718190770,18855628653,-580752887
20190430,"13:24:00","SZ","NB",8576454160,8455494462,17031948622,120959698
20190430,"13:25:00","SH","NB",9278365554,9752742362,19031107916,-474376808
20190430,"13:25:00","SZ","NB",8682848136,8479872542,17162720678,202975594
20190430,"13:26:00","SH","NB",9349589549,9814348627,19163938176,-464759078
20190430,"13:26:00","SZ","NB",8722639688,8537199637,17259839325,185440051
20190430,"13:27:00","SH","NB",9378608318,9869654164,19248262482,-491045846
20190430,"13:27:00","SZ","NB",8744332275,8599172318,17343504593,145159957
20190430,"13:28:00","SH","NB",9403291287,9915152899,19318444186,-511861612
20190430,"13:28:00","SZ","NB",8761650969,8642545388,17404196357,119105581
20190430,"13:29:00","SH","NB",9428935822,9963664856,19392600678,-534729034
20190430,"13:29:00","SZ","NB",8780351205,8685337645,17465688850,95013560
20190430,"13:30:00","SH","NB",9451798940,9986136610,19437935550,-534337670
20190430,"13:30:00","SZ","NB",8799269278,8714605589,17513874867,84663689
20190430,"13:31:00","SZ","NB",8820791076,8747075667,17567866743,73715409
20190430,"13:31:00","SH","NB",9475959783,10018517867,19494477650,-542558084
20190430,"13:32:00","SH","NB",9498136527,10038383720,19536520247,-540247193
20190430,"13:32:00","SZ","NB",8842986283,8765288613,17608274896,77697670
20190430,"13:33:00","SH","NB",9530930043,10072987497,19603917540,-542057454
20190430,"13:33:00","SZ","NB",8860546883,8798240373,17658787256,62306510
20190430,"13:34:00","SH","NB",9556258608,10099564632,19655823240,-543306024
20190430,"13:34:00","SZ","NB",8885376851,8830305138,17715681989,55071713
20190430,"13:35:00","SH","NB",9583416594,10131438653,19714855247,-548022059
20190430,"13:35:00","SZ","NB",8908742788,8856200583,17764943371,52542205
20190430,"13:36:00","SZ","NB",8946283196,8884416713,17830699909,61866483
20190430,"13:36:00","SH","NB",9607838462,10152379040,19760217502,-544540578
20190430,"13:37:00","SH","NB",9636238596,10194169638,19830408234,-557931042
20190430,"13:37:00","SZ","NB",8982258799,8925579007,17907837806,56679792
20190430,"13:38:00","SH","NB",9659389365,10216250107,19875639472,-556860742
20190430,"13:38:00","SZ","NB",9020043775,8961891667,17981935442,58152108
20190430,"13:39:00","SH","NB",9712602307,10240768657,19953370964,-528166350
20190430,"13:39:00","SZ","NB",9072690954,8987204296,18059895250,85486658
20190430,"13:40:00","SH","NB",9754064392,10264701240,20018765632,-510636848
20190430,"13:40:00","SZ","NB",9103104099,9006450319,18109554418,96653780
20190430,"13:41:00","SH","NB",9780668619,10296522169,20077190788,-515853550
20190430,"13:41:00","SZ","NB",9128015665,9046872824,18174888489,81142841
20190430,"13:42:00","SH","NB",9801012825,10318559037,20119571862,-517546212
20190430,"13:42:00","SZ","NB",9151342161,9070508059,18221850220,80834102
20190430,"13:43:00","SH","NB",9823578589,10335418902,20158997491,-511840313
20190430,"13:43:00","SZ","NB",9184717062,9088979354,18273696416,95737708
20190430,"13:44:00","SH","NB",9845287644,10354997998,20200285642,-509710354
20190430,"13:44:00","SZ","NB",9209034546,9111927237,18320961783,97107309
20190430,"13:45:00","SH","NB",9878548406,10391986849,20270535255,-513438443
20190430,"13:45:00","SZ","NB",9231465353,9155946296,18387411649,75519057
20190430,"13:46:00","SZ","NB",9252047507,9196025152,18448072659,56022355
20190430,"13:46:00","SH","NB",9906270846,10434280898,20340551744,-528010052
20190430,"13:47:00","SH","NB",9936862350,10503370530,20440232880,-566508180
20190430,"13:47:00","SZ","NB",9280437685,9287796690,18568234375,-7359005
20190430,"13:48:00","SH","NB",9974055478,10545173624,20519229102,-571118146
20190430,"13:48:00","SZ","NB",9316113038,9340774434,18656887472,-24661396
20190430,"13:49:00","SH","NB",10035177269,10577810858,20612988127,-542633589
20190430,"13:49:00","SZ","NB",9390024557,9381376877,18771401434,8647680
20190430,"13:50:00","SH","NB",10083389543,10605145046,20688534589,-521755503
20190430,"13:50:00","SZ","NB",9437013110,9413676736,18850689846,23336374
20190430,"13:51:00","SH","NB",10150916650,10636293737,20787210387,-485377087
20190430,"13:51:00","SZ","NB",9521926308,9438518045,18960444353,83408263
20190430,"13:52:00","SH","NB",10183835602,10686910965,20870746567,-503075363
20190430,"13:52:00","SZ","NB",9558696066,9490301325,19048997391,68394741
20190430,"13:53:00","SH","NB",10211859572,10724323168,20936182740,-512463596
20190430,"13:53:00","SZ","NB",9593996074,9529682275,19123678349,64313799
20190430,"13:54:00","SZ","NB",9626229139,9554119836,19180348975,72109303
20190430,"13:54:00","SH","NB",10248744047,10751861687,21000605734,-503117640
20190430,"13:55:00","SH","NB",10281851744,10778566328,21060418072,-496714584
20190430,"13:55:00","SZ","NB",9658993618,9580183602,19239177220,78810016
20190430,"13:56:00","SH","NB",10308935388,10815554354,21124489742,-506618966
20190430,"13:56:00","SZ","NB",9680143926,9626917203,19307061129,53226723
20190430,"13:57:00","SH","NB",10338924868,10857005130,21195929998,-518080262
20190430,"13:57:00","SZ","NB",9708770390,9670057210,19378827600,38713180
20190430,"13:58:00","SH","NB",10370784455,10917064617,21287849072,-546280162
20190430,"13:58:00","SZ","NB",9734167544,9751030432,19485197976,-16862888
20190430,"13:59:00","SH","NB",10437494936,10969178458,21406673394,-531683522
20190430,"13:59:00","SZ","NB",9783307803,9799839653,19583147456,-16531850
20190430,"14:00:00","SH","NB",10535429026,11005837522,21541266548,-470408496
20190430,"14:00:00","SZ","NB",9848045652,9828311637,19676357289,19734015
20190430,"14:01:00","SH","NB",10618291778,11044750811,21663042589,-426459033
20190430,"14:01:00","SZ","NB",9910306982,9854248311,19764555293,56058671
20190430,"14:02:00","SH","NB",10644477218,11072740736,21717217954,-428263518
20190430,"14:02:00","SZ","NB",9934139583,9881696483,19815836066,52443100
20190430,"14:03:00","SH","NB",10688800939,11172944010,21861744949,-484143071
20190430,"14:03:00","SZ","NB",9953976272,9957469665,19911445937,-3493393
20190430,"14:04:00","SZ","NB",9977438830,10006568634,19984007464,-29129804
20190430,"14:04:00","SH","NB",10711262841,11207092473,21918355314,-495829632
20190430,"14:05:00","SH","NB",10749577172,11240270432,21989847604,-490693260
20190430,"14:05:00","SZ","NB",10004854053,10044079389,20048933442,-39225336
20190430,"14:06:00","SH","NB",10785331460,11307427297,22092758757,-522095837
20190430,"14:06:00","SZ","NB",10045570405,10119368663,20164939068,-73798258
20190430,"14:07:00","SH","NB",10841003282,11397504338,22238507620,-556501056
20190430,"14:07:00","SZ","NB",10089760479,10208339538,20298100017,-118579059
20190430,"14:08:00","SZ","NB",10148167029,10286825243,20434992272,-138658214
20190430,"14:08:00","SH","NB",10905167332,11472679203,22377846535,-567511871
20190430,"14:09:00","SH","NB",10987765916,11512881064,22500646980,-525115148
20190430,"14:09:00","SZ","NB",10239505319,10335734153,20575239472,-96228834
20190430,"14:10:00","SH","NB",11061222763,11538606205,22599828968,-477383442
20190430,"14:10:00","SZ","NB",10309099050,10361392259,20670491309,-52293209
20190430,"14:11:00","SH","NB",11106227312,11560258259,22666485571,-454030947
20190430,"14:11:00","SZ","NB",10346997932,10387707541,20734705473,-40709609
20190430,"14:12:00","SH","NB",11132405011,11583246205,22715651216,-450841194
20190430,"14:12:00","SZ","NB",10377422357,10415916587,20793338944,-38494230
20190430,"14:13:00","SZ","NB",10448382289,10453371521,20901753810,-4989232
20190430,"14:13:00","SH","NB",11243770944,11618220829,22861991773,-374449885
20190430,"14:14:00","SH","NB",11396939104,11652601664,23049540768,-255662560
20190430,"14:14:00","SZ","NB",10562965165,10481929573,21044894738,81035592
20190430,"14:15:00","SH","NB",11498670460,11682321009,23180991469,-183650549
20190430,"14:15:00","SZ","NB",10615746404,10514984212,21130730616,100762192
20190430,"14:16:00","SH","NB",11540453456,11716565248,23257018704,-176111792
20190430,"14:16:00","SZ","NB",10644553600,10556734532,21201288132,87819068
20190430,"14:17:00","SZ","NB",10664494247,10598943229,21263437476,65551018
20190430,"14:17:00","SH","NB",11567356305,11749500320,23316856625,-182144015
20190430,"14:18:00","SH","NB",11592036342,11771687184,23363723526,-179650842
20190430,"14:18:00","SZ","NB",10682958802,10619830079,21302788881,63128723
20190430,"14:19:00","SH","NB",11618838292,11792208143,23411046435,-173369851
20190430,"14:19:00","SZ","NB",10705297554,10643897727,21349195281,61399827
20190430,"14:20:00","SH","NB",11637747566,11811319122,23449066688,-173571556
20190430,"14:20:00","SZ","NB",10723145692,10672925278,21396070970,50220414
20190430,"14:21:00","SH","NB",11672815503,11842802658,23515618161,-169987155
20190430,"14:21:00","SZ","NB",10740519394,10705774911,21446294305,34744483
20190430,"14:22:00","SH","NB",11700293188,11865107017,23565400205,-164813829
20190430,"14:22:00","SZ","NB",10765477312,10729344109,21494821421,36133203
20190430,"14:23:00","SH","NB",11732843127,11887612209,23620455336,-154769082
20190430,"14:23:00","SZ","NB",10797921199,10760352719,21558273918,37568480
20190430,"14:24:00","SZ","NB",10834330053,10787059948,21621390001,47270105
20190430,"14:24:00","SH","NB",11769230698,11915465635,23684696333,-146234937
20190430,"14:25:00","SH","NB",11804549911,11940228488,23744778399,-135678577
20190430,"14:25:00","SZ","NB",10855656993,10819866470,21675523463,35790523
20190430,"14:26:00","SH","NB",11845675712,11961141168,23806816880,-115465456
20190430,"14:26:00","SZ","NB",10880169286,10846684479,21726853765,33484807
20190430,"14:27:00","SH","NB",11892858701,11984033685,23876892386,-91174984
20190430,"14:27:00","SZ","NB",10920791568,10873968829,21794760397,46822739
20190430,"14:28:00","SH","NB",11927103524,12007378253,23934481777,-80274729
20190430,"14:28:00","SZ","NB",10944180659,10899685585,21843866244,44495074
20190430,"14:29:00","SH","NB",11966457489,12042291689,24008749178,-75834200
20190430,"14:29:00","SZ","NB",10973920614,10931995501,21905916115,41925113
20190430,"14:30:00","SZ","NB",11001251927,10974844487,21976096414,26407440
20190430,"14:30:00","SH","NB",11996091475,12100911968,24097003443,-104820493
20190430,"14:31:00","SH","NB",12034514451,12146093461,24180607912,-111579010
20190430,"14:31:00","SZ","NB",11029481998,11020337169,22049819167,9144829
20190430,"14:32:00","SH","NB",12080104552,12192809408,24272913960,-112704856
20190430,"14:32:00","SZ","NB",11055077518,11067528255,22122605773,-12450737
20190430,"14:33:00","SZ","NB",11084855207,11103913522,22188768729,-19058315
20190430,"14:33:00","SH","NB",12117753537,12237677007,24355430544,-119923470
20190430,"14:34:00","SH","NB",12149713243,12272608774,24422322017,-122895531
20190430,"14:34:00","SZ","NB",11119988902,11127351057,22247339959,-7362155
20190430,"14:35:00","SH","NB",12191501010,12305987603,24497488613,-114486593
20190430,"14:35:00","SZ","NB",11156896181,11159784799,22316680980,-2888618
20190430,"14:36:00","SZ","NB",11187539532,11231439525,22418979057,-43899993
20190430,"14:36:00","SH","NB",12237660435,12373634077,24611294512,-135973642
20190430,"14:37:00","SH","NB",12276311505,12422976629,24699288134,-146665124
20190430,"14:37:00","SZ","NB",11227564515,11287040191,22514604706,-59475676
20190430,"14:38:00","SH","NB",12319114956,12482521999,24801636955,-163407043
20190430,"14:38:00","SZ","NB",11272853337,11335993383,22608846720,-63140046
20190430,"14:39:00","SH","NB",12364405693,12524184617,24888590310,-159778924
20190430,"14:39:00","SZ","NB",11315223545,11375975969,22691199514,-60752424
20190430,"14:40:00","SH","NB",12404939943,12558640816,24963580759,-153700873
20190430,"14:40:00","SZ","NB",11361086515,11406887018,22767973533,-45800503
20190430,"14:41:00","SH","NB",12441222075,12593210256,25034432331,-151988181
20190430,"14:41:00","SZ","NB",11413149021,11439963121,22853112142,-26814100
20190430,"14:42:00","SH","NB",12474002035,12628436286,25102438321,-154434251
20190430,"14:42:00","SZ","NB",11445337102,11477314451,22922651553,-31977349
20190430,"14:43:00","SH","NB",12505514112,12670541189,25176055301,-165027077
20190430,"14:43:00","SZ","NB",11483648544,11509907902,22993556446,-26259358
20190430,"14:44:00","SZ","NB",11523452132,11548377118,23071829250,-24924986
20190430,"14:44:00","SH","NB",12538032963,12712021350,25250054313,-173988387
20190430,"14:45:00","SH","NB",12600204398,12750090307,25350294705,-149885909
20190430,"14:45:00","SZ","NB",11590068124,11589388646,23179456770,679478
20190430,"14:46:00","SH","NB",12676889175,12806036642,25482925817,-129147467
20190430,"14:46:00","SZ","NB",11635383615,11626440273,23261823888,8943342
20190430,"14:47:00","SH","NB",12754010750,12850804661,25604815411,-96793911
20190430,"14:47:00","SZ","NB",11716985651,11670400814,23387386465,46584837
20190430,"14:48:00","SH","NB",12824752326,12906675378,25731427704,-81923052
20190430,"14:48:00","SZ","NB",11787698398,11723075730,23510774128,64622668
20190430,"14:49:00","SH","NB",12870512393,12959031805,25829544198,-88519412
20190430,"14:49:00","SZ","NB",11829011220,11769252477,23598263697,59758743
20190430,"14:50:00","SH","NB",12922415442,13063708279,25986123721,-141292837
20190430,"14:50:00","SZ","NB",11883117869,11850363176,23733481045,32754693
20190430,"14:51:00","SH","NB",12966969613,13158155759,26125125372,-191186146
20190430,"14:51:00","SZ","NB",11934607323,11917469942,23852077265,17137381
20190430,"14:52:00","SZ","NB",11979806234,11986007991,23965814225,-6201757
20190430,"14:52:00","SH","NB",13011066489,13287555709,26298622198,-276489220
20190430,"14:53:00","SH","NB",13058481443,13345423675,26403905118,-286942232
20190430,"14:53:00","SZ","NB",12024488648,12050567564,24075056212,-26078916
20190430,"14:54:00","SH","NB",13106022905,13388024192,26494047097,-282001287
20190430,"14:54:00","SZ","NB",12070432292,12093138441,24163570733,-22706149
20190430,"14:55:00","SH","NB",13161057879,13444657380,26605715259,-283599501
20190430,"14:55:00","SZ","NB",12122511504,12149962416,24272473920,-27450912
20190430,"14:56:00","SH","NB",13216432716,13493144999,26709577715,-276712283
20190430,"14:56:00","SZ","NB",12168371633,12201735495,24370107128,-33363862
20190430,"14:57:00","SH","NB",13270594966,13553291943,26823886909,-282696977
20190430,"14:57:00","SZ","NB",12207334026,12244455453,24451789479,-37121427
20190430,"14:58:00","SH","NB",13270595994,13554054541,26824650535,-283458547
20190430,"15:01:00","SH","NB",13374809284,13838693516,27213502800,-463884232
20190430,"15:01:00","SZ","NB",12300806340,12383819019,24684625359,-83012679
