dataDate,dataTime,connectMarket,tradeDirection,buyTurnover,sellTurnover,totalTurnover,netTurnover
20200416,"09:30:01","SH","NB",74369348,163003891,237373239,-88634543
20200416,"09:30:01","SZ","NB",132065630,134508376,266574006,-2442746
20200416,"09:31:01","SH","NB",262709838,302853436,565563274,-40143598
20200416,"09:31:01","SZ","NB",484494683,377719289,862213972,106775394
20200416,"09:32:01","SH","NB",432947418,497766458,930713876,-64819040
20200416,"09:32:01","SZ","NB",829749449,651520509,1481269958,178228940
20200416,"09:33:01","SH","NB",575756230,681172818,1256929048,-105416588
20200416,"09:33:01","SZ","NB",1067547867,924640972,1992188839,142906895
20200416,"09:34:01","SH","NB",699382697,806179304,1505562001,-106796607
20200416,"09:34:01","SZ","NB",1300897645,1118909556,2419807201,181988089
20200416,"09:35:01","SH","NB",804546110,948624615,1753170725,-144078505
20200416,"09:35:01","SZ","NB",1499718471,1378511481,2878229952,121206990
20200416,"09:36:01","SH","NB",988564300,1060163690,2048727990,-71599390
20200416,"09:36:01","SZ","NB",1786221535,1612198987,3398420522,174022548
20200416,"09:37:01","SZ","NB",1960071825,1987911032,3947982857,-27839207
20200416,"09:37:01","SH","NB",1096256401,1251542958,2347799359,-155286557
20200416,"09:38:01","SH","NB",1181758564,1335736603,2517495167,-153978039
20200416,"09:38:01","SZ","NB",2118925291,2138615694,4257540985,-19690403
20200416,"09:39:01","SH","NB",1244432037,1416682830,2661114867,-172250793
20200416,"09:39:01","SZ","NB",2250712426,2272500856,4523213282,-21788430
20200416,"09:40:01","SH","NB",1304899648,1511494400,2816394048,-206594752
20200416,"09:40:01","SZ","NB",2339076990,2469812276,4808889266,-130735286
20200416,"09:41:01","SH","NB",1400705306,1649544510,3050249816,-248839204
20200416,"09:41:01","SZ","NB",2509757088,2669852200,5179609288,-160095112
20200416,"09:42:01","SH","NB",1574925630,1724385203,3299310833,-149459573
20200416,"09:42:01","SZ","NB",2877258623,2782675014,5659933637,94583609
20200416,"09:43:01","SH","NB",1678097887,1830115290,3508213177,-152017403
20200416,"09:43:01","SZ","NB",3055137632,2991121265,6046258897,64016367
20200416,"09:44:01","SH","NB",1762914319,1929186239,3692100558,-166271920
20200416,"09:44:01","SZ","NB",3231615089,3132890479,6364505568,98724610
20200416,"09:45:01","SH","NB",1830263724,2000486625,3830750349,-170222901
20200416,"09:45:01","SZ","NB",3365616330,3288113760,6653730090,77502570
20200416,"09:46:01","SH","NB",1929716268,2108648649,4038364917,-178932381
20200416,"09:46:01","SZ","NB",3607610935,3461837178,7069448113,145773757
20200416,"09:47:01","SZ","NB",3783956908,3605809771,7389766679,178147137
20200416,"09:47:01","SH","NB",2023417621,2199491356,4222908977,-176073735
20200416,"09:48:01","SH","NB",2105456881,2296157014,4401613895,-190700133
20200416,"09:48:01","SZ","NB",3926178249,3772694691,7698872940,153483558
20200416,"09:49:01","SH","NB",2202533024,2348935312,4551468336,-146402288
20200416,"09:49:01","SZ","NB",4094920310,3866171360,7961091670,228748950
20200416,"09:50:01","SH","NB",2357968594,2424262692,4782231286,-66294098
20200416,"09:50:01","SZ","NB",4404353259,3979040799,8383394058,425312460
20200416,"09:51:01","SH","NB",2456912532,2575415285,5032327817,-118502753
20200416,"09:51:01","SZ","NB",4572709203,4246636908,8819346111,326072295
20200416,"09:52:01","SZ","NB",4704971197,4359819915,9064791112,345151282
20200416,"09:52:01","SH","NB",2519888785,2655519462,5175408247,-135630677
20200416,"09:53:01","SH","NB",2589822639,2747455224,5337277863,-157632585
20200416,"09:53:01","SZ","NB",4810442510,4512640763,9323083273,297801747
20200416,"09:54:01","SH","NB",2642752071,2816984860,5459736931,-174232789
20200416,"09:54:01","SZ","NB",4897340665,4600881994,9498222659,296458671
20200416,"09:55:01","SH","NB",2694319322,2876540585,5570859907,-182221263
20200416,"09:55:01","SZ","NB",4978175628,4678094205,9656269833,300081423
20200416,"09:56:01","SH","NB",2764521116,2956050107,5720571223,-191528991
20200416,"09:56:01","SZ","NB",5123560308,4794554369,9918114677,329005939
20200416,"09:57:01","SH","NB",2820626447,3048735867,5869362314,-228109420
20200416,"09:57:01","SZ","NB",5203737067,4924963257,10128700324,278773810
20200416,"09:58:01","SH","NB",2956464519,3117741880,6074206399,-161277361
20200416,"09:58:01","SZ","NB",5383353640,4987755563,10371109203,395598077
20200416,"09:59:01","SH","NB",3014743872,3195269357,6210013229,-180525485
20200416,"09:59:01","SZ","NB",5450121373,5091111975,10541233348,359009398
20200416,"10:00:01","SZ","NB",5513313849,5136348570,10649662419,376965279
20200416,"10:00:01","SH","NB",3060214456,3238145300,6298359756,-177930844
20200416,"10:01:01","SH","NB",3119765399,3347353631,6467119030,-227588232
20200416,"10:01:01","SZ","NB",5605967973,5312435734,10918403707,293532239
20200416,"10:02:01","SH","NB",3239194323,3401702861,6640897184,-162508538
20200416,"10:02:01","SZ","NB",5764355660,5373290180,11137645840,391065480
20200416,"10:03:01","SH","NB",3310721857,3458703222,6769425079,-147981365
20200416,"10:03:01","SZ","NB",5878551047,5469609495,11348160542,408941552
20200416,"10:04:01","SH","NB",3434286755,3503763226,6938049981,-69476471
20200416,"10:04:01","SZ","NB",5962089638,5543231308,11505320946,418858330
20200416,"10:05:01","SH","NB",3507864029,3551079932,7058943961,-43215903
20200416,"10:05:01","SZ","NB",6051186142,5620948596,11672134738,430237546
20200416,"10:06:01","SH","NB",3578286667,3599791170,7178077837,-21504503
20200416,"10:06:01","SZ","NB",6151099155,5685346880,11836446035,465752275
20200416,"10:07:01","SH","NB",3644838514,3632534728,7277373242,12303786
20200416,"10:07:01","SZ","NB",6228977182,5755423310,11984400492,473553872
20200416,"10:08:01","SZ","NB",6287490337,5826242905,12113733242,461247432
20200416,"10:08:01","SH","NB",3720140058,3664945457,7385085515,55194601
20200416,"10:09:01","SH","NB",3779963148,3711302154,7491265302,68660994
20200416,"10:09:01","SZ","NB",6345282435,5882972090,12228254525,462310345
20200416,"10:10:01","SH","NB",3816973786,3753610060,7570583846,63363726
20200416,"10:10:01","SZ","NB",6399309418,5928904925,12328214343,470404493
20200416,"10:11:01","SH","NB",3897979743,3794042425,7692022168,103937318
20200416,"10:11:01","SZ","NB",6500177039,5996643261,12496820300,503533778
20200416,"10:12:01","SH","NB",3955103183,3833057720,7788160903,122045463
20200416,"10:12:01","SZ","NB",6580394157,6059627213,12640021370,520766944
20200416,"10:13:01","SH","NB",3996869500,3917083728,7913953228,79785772
20200416,"10:13:01","SZ","NB",6634790466,6194917830,12829708296,439872636
20200416,"10:14:01","SH","NB",4045178516,3971824380,8017002896,73354136
20200416,"10:14:01","SZ","NB",6677455279,6243630852,12921086131,433824427
20200416,"10:15:01","SH","NB",4108237238,4004873547,8113110785,103363691
20200416,"10:15:01","SZ","NB",6732303312,6288860285,13021163597,443443027
20200416,"10:16:01","SH","NB",4190720969,4042729941,8233450910,147991028
20200416,"10:16:01","SZ","NB",6802207568,6327743390,13129950958,474464178
20200416,"10:17:01","SH","NB",4250256155,4139342550,8389598705,110913605
20200416,"10:17:01","SZ","NB",6851082981,6421812277,13272895258,429270704
20200416,"10:18:01","SZ","NB",6883087395,6465081135,13348168530,418006260
20200416,"10:18:01","SH","NB",4293890904,4200345695,8494236599,93545209
20200416,"10:19:01","SH","NB",4334108326,4236639783,8570748109,97468543
20200416,"10:19:01","SZ","NB",6912215893,6515978802,13428194695,396237091
20200416,"10:20:01","SZ","NB",6960437835,6562719740,13523157575,397718095
20200416,"10:20:01","SH","NB",4382464383,4283588507,8666052890,98875876
20200416,"10:21:01","SH","NB",4450999626,4338552618,8789552244,112447008
20200416,"10:21:01","SZ","NB",7061574534,6647208694,13708783228,414365840
20200416,"10:22:01","SH","NB",4490824336,4381320947,8872145283,109503389
20200416,"10:22:01","SZ","NB",7106223425,6701863045,13808086470,404360380
20200416,"10:23:01","SH","NB",4556418485,4414332626,8970751111,142085859
20200416,"10:23:01","SZ","NB",7205302436,6741422877,13946725313,463879559
20200416,"10:24:01","SH","NB",4608749674,4445063423,9053813097,163686251
20200416,"10:24:01","SZ","NB",7275703079,6781773551,14057476630,493929528
20200416,"10:25:01","SH","NB",4655510055,4478659175,9134169230,176850880
20200416,"10:25:01","SZ","NB",7358211285,6825955060,14184166345,532256225
20200416,"10:26:01","SH","NB",4698651044,4516025856,9214676900,182625188
20200416,"10:26:01","SZ","NB",7420438150,6882800276,14303238426,537637874
20200416,"10:27:01","SH","NB",4741822721,4562139117,9303961838,179683604
20200416,"10:27:01","SZ","NB",7470736985,6938115843,14408852828,532621142
20200416,"10:28:01","SH","NB",4768264787,4604345852,9372610639,163918935
20200416,"10:28:01","SZ","NB",7518878232,6990831425,14509709657,528046807
20200416,"10:29:01","SH","NB",4796513274,4642569772,9439083046,153943502
20200416,"10:29:01","SZ","NB",7562167326,7056212678,14618380004,505954648
20200416,"10:30:01","SZ","NB",7614436286,7088834372,14703270658,525601914
20200416,"10:30:01","SH","NB",4837646419,4668694393,9506340812,168952026
20200416,"10:31:01","SH","NB",4924401557,4714056528,9638458085,210345029
20200416,"10:31:01","SZ","NB",7791526265,7140935997,14932462262,650590268
20200416,"10:32:01","SH","NB",5012087267,4751009139,9763096406,261078128
20200416,"10:32:01","SZ","NB",7949526903,7188921339,15138448242,760605564
20200416,"10:33:01","SH","NB",5057965293,4808413903,9866379196,249551390
20200416,"10:33:01","SZ","NB",8007447508,7267819522,15275267030,739627986
20200416,"10:34:01","SH","NB",5119559027,4841000028,9960559055,278558999
20200416,"10:34:01","SZ","NB",8062632154,7305862171,15368494325,756769983
20200416,"10:35:01","SH","NB",5183054386,4868716579,10051770965,314337807
20200416,"10:35:01","SZ","NB",8136316715,7344680455,15480997170,791636260
20200416,"10:36:01","SH","NB",5224898567,4900849318,10125747885,324049249
20200416,"10:36:01","SZ","NB",8185318109,7391588119,15576906228,793729990
20200416,"10:37:01","SH","NB",5257378071,4926939840,10184317911,330438231
20200416,"10:37:01","SZ","NB",8244508148,7422247736,15666755884,822260412
20200416,"10:38:01","SZ","NB",8381858578,7450294725,15832153303,931563853
20200416,"10:38:01","SH","NB",5333797248,4955486724,10289283972,378310524
20200416,"10:39:01","SH","NB",5373066614,4996626917,10369693531,376439697
20200416,"10:39:01","SZ","NB",8432801613,7549726235,15982527848,883075378
20200416,"10:40:01","SH","NB",5411314234,5029329577,10440643811,381984657
20200416,"10:40:01","SZ","NB",8481369339,7591236870,16072606209,890132469
20200416,"10:41:01","SH","NB",5504088031,5068694911,10572782942,435393120
20200416,"10:41:01","SZ","NB",8617199802,7638641848,16255841650,978557954
20200416,"10:42:01","SH","NB",5576691531,5123904558,10700596089,452786973
20200416,"10:42:01","SZ","NB",8727294992,7700548639,16427843631,1026746353
20200416,"10:43:01","SH","NB",5607440726,5181174675,10788615401,426266051
20200416,"10:43:01","SZ","NB",8764450862,7790895654,16555346516,973555208
20200416,"10:44:01","SH","NB",5633019043,5221145132,10854164175,411873911
20200416,"10:44:01","SZ","NB",8798869508,7860080465,16658949973,938789043
20200416,"10:45:01","SH","NB",5687531128,5251144876,10938676004,436386252
20200416,"10:45:01","SZ","NB",8861469811,7910149706,16771619517,951320105
20200416,"10:46:01","SH","NB",5721529258,5275764163,10997293421,445765095
20200416,"10:46:01","SZ","NB",8915763216,7945152722,16860915938,970610494
20200416,"10:47:01","SZ","NB",8942255227,7997972679,16940227906,944282548
20200416,"10:47:01","SH","NB",5752337192,5312018388,11064355580,440318804
20200416,"10:48:01","SH","NB",5796209484,5340378176,11136587660,455831308
20200416,"10:48:01","SZ","NB",8999916075,8036901513,17036817588,963014562
20200416,"10:49:01","SH","NB",5842709731,5367281939,11209991670,475427792
20200416,"10:49:01","SZ","NB",9074883907,8060106600,17134990507,1014777307
20200416,"10:50:01","SH","NB",5878750855,5387227528,11265978383,491523327
20200416,"10:50:01","SZ","NB",9124380379,8090673511,17215053890,1033706868
20200416,"10:51:01","SH","NB",5906695947,5442135586,11348831533,464560361
20200416,"10:51:01","SZ","NB",9173000962,8177277926,17350278888,995723036
20200416,"10:52:01","SH","NB",5955965085,5470529175,11426494260,485435910
20200416,"10:52:01","SZ","NB",9259106235,8212749834,17471856069,1046356401
20200416,"10:53:01","SH","NB",5985570517,5491294066,11476864583,494276451
20200416,"10:53:01","SZ","NB",9305847465,8242908137,17548755602,1062939328
20200416,"10:54:01","SH","NB",6047654532,5524640140,11572294672,523014392
20200416,"10:54:01","SZ","NB",9373262885,8278754501,17652017386,1094508384
20200416,"10:55:01","SH","NB",6081741001,5549049551,11630790552,532691450
20200416,"10:55:01","SZ","NB",9425607768,8323315696,17748923464,1102292072
20200416,"10:56:01","SZ","NB",9468170122,8360847139,17829017261,1107322983
20200416,"10:56:01","SH","NB",6116700720,5568336390,11685037110,548364330
20200416,"10:57:01","SH","NB",6143305734,5613378530,11756684264,529927204
20200416,"10:57:01","SZ","NB",9496755067,8443684033,17940439100,1053071034
20200416,"10:58:01","SH","NB",6183913485,5658564384,11842477869,525349101
20200416,"10:58:01","SZ","NB",9533237271,8496058971,18029296242,1037178300
20200416,"10:59:01","SH","NB",6220551449,5711109741,11931661190,509441708
20200416,"10:59:01","SZ","NB",9575814434,8546430924,18122245358,1029383510
20200416,"11:00:01","SH","NB",6252793904,5742002045,11994795949,510791859
20200416,"11:00:01","SZ","NB",9618031959,8593173812,18211205771,1024858147
20200416,"11:01:01","SH","NB",6295261382,5788365476,12083626858,506895906
20200416,"11:01:01","SZ","NB",9671724867,8663215518,18334940385,1008509349
20200416,"11:02:01","SZ","NB",9711311861,8737677614,18448989475,973634247
20200416,"11:02:01","SH","NB",6330678957,5853273197,12183952154,477405760
20200416,"11:03:01","SH","NB",6390238254,5895679003,12285917257,494559251
20200416,"11:03:01","SZ","NB",9764678027,8775434385,18540112412,989243642
20200416,"11:04:01","SH","NB",6449637366,5929168759,12378806125,520468607
20200416,"11:04:01","SZ","NB",9813751910,8810419431,18624171341,1003332479
20200416,"11:05:01","SH","NB",6497037388,5958273966,12455311354,538763422
20200416,"11:05:01","SZ","NB",9862468326,8844821610,18707289936,1017646716
20200416,"11:06:01","SH","NB",6543608387,5984936914,12528545301,558671473
20200416,"11:06:01","SZ","NB",9917508577,8872891592,18790400169,1044616985
20200416,"11:07:01","SZ","NB",9972634197,8893706646,18866340843,1078927551
20200416,"11:07:01","SH","NB",6579632369,6005473788,12585106157,574158581
20200416,"11:08:01","SH","NB",6619016293,6031575066,12650591359,587441227
20200416,"11:08:01","SZ","NB",9999006488,8926276554,18925283042,1072729934
20200416,"11:09:01","SH","NB",6647649443,6058432282,12706081725,589217161
20200416,"11:09:01","SZ","NB",10026719696,8957597603,18984317299,1069122093
20200416,"11:10:01","SH","NB",6674916523,6077799918,12752716441,597116605
20200416,"11:10:01","SZ","NB",10057471150,8979740770,19037211920,1077730380
20200416,"11:11:01","SH","NB",6731093434,6108699411,12839792845,622394023
20200416,"11:11:01","SZ","NB",10117160639,9019974504,19137135143,1097186135
20200416,"11:12:01","SH","NB",6756271142,6130673800,12886944942,625597342
20200416,"11:12:01","SZ","NB",10146291865,9052925347,19199217212,1093366518
20200416,"11:13:01","SH","NB",6818723966,6164193954,12982917920,654530012
20200416,"11:13:01","SZ","NB",10209265845,9089838950,19299104795,1119426895
20200416,"11:14:01","SH","NB",6861183034,6187207216,13048390250,673975818
20200416,"11:14:01","SZ","NB",10262081907,9129361138,19391443045,1132720769
20200416,"11:15:01","SZ","NB",10284091325,9174010420,19458101745,1110080905
20200416,"11:15:01","SH","NB",6888014145,6215247189,13103261334,672766956
20200416,"11:16:01","SH","NB",6914560932,6248598518,13163159450,665962414
20200416,"11:16:01","SZ","NB",10312716256,9227910482,19540626738,1084805774
20200416,"11:17:01","SH","NB",6943678227,6282938280,13226616507,660739947
20200416,"11:17:01","SZ","NB",10352460017,9259238595,19611698612,1093221422
20200416,"11:18:01","SH","NB",6972555095,6355128633,13327683728,617426462
20200416,"11:18:01","SZ","NB",10386453063,9354048749,19740501812,1032404314
20200416,"11:19:01","SH","NB",7008811498,6384823519,13393635017,623987979
20200416,"11:19:01","SZ","NB",10417135879,9387309632,19804445511,1029826247
20200416,"11:20:01","SZ","NB",10450117480,9410344821,19860462301,1039772659
20200416,"11:20:01","SH","NB",7042596390,6420905928,13463502318,621690462
20200416,"11:21:01","SH","NB",7084091112,6453690222,13537781334,630400890
20200416,"11:21:01","SZ","NB",10518129618,9460646815,19978776433,1057482803
20200416,"11:22:01","SZ","NB",10549615089,9491702817,20041317906,1057912272
20200416,"11:22:01","SH","NB",7120445447,6477368552,13597813999,643076895
20200416,"11:23:01","SH","NB",7148515311,6499453321,13647968632,649061990
20200416,"11:23:01","SZ","NB",10590972036,9513623983,20104596019,1077348053
20200416,"11:24:01","SH","NB",7179493773,6518769892,13698263665,660723881
20200416,"11:24:01","SZ","NB",10622501325,9548954477,20171455802,1073546848
20200416,"11:25:01","SH","NB",7209767085,6547190466,13756957551,662576619
20200416,"11:25:01","SZ","NB",10655280109,9579397784,20234677893,1075882325
20200416,"11:26:01","SH","NB",7233028871,6573030145,13806059016,659998726
20200416,"11:26:01","SZ","NB",10683133966,9609267637,20292401603,1073866329
20200416,"11:27:01","SH","NB",7261896849,6593595542,13855492391,668301307
20200416,"11:27:01","SZ","NB",10708337827,9661803702,20370141529,1046534125
20200416,"11:28:01","SH","NB",7284920711,6621710393,13906631104,663210318
20200416,"11:28:01","SZ","NB",10733960734,9701382447,20435343181,1032578287
20200416,"11:29:01","SH","NB",7318432507,6667363764,13985796271,651068743
20200416,"11:29:01","SZ","NB",10763682463,9795916681,20559599144,967765782
20200416,"11:30:01","SH","NB",7342944592,6685046788,14027991380,657897804
20200416,"11:30:01","SZ","NB",10789048782,9818809776,20607858558,970239006
20200416,"11:31:01","SZ","NB",10789075372,9818809776,20607885148,970265596
20200416,"11:31:01","SH","NB",7342947996,6685066539,14028014535,657881457
20200416,"13:00:01","SZ","NB",10796023152,9821459397,20617482549,974563755
20200416,"13:01:01","SH","NB",7456893654,6747847698,14204741352,709045956
20200416,"13:01:01","SZ","NB",10935531028,9902787159,20838318187,1032743869
20200416,"13:02:01","SZ","NB",10984760502,9956914373,20941674875,1027846129
20200416,"13:02:01","SH","NB",7501389750,6776042081,14277431831,725347669
20200416,"13:03:01","SH","NB",7540948392,6799074203,14340022595,741874189
20200416,"13:03:01","SZ","NB",11050042012,10004016300,21054058312,1046025712
20200416,"13:04:01","SH","NB",7573550890,6824848967,14398399857,748701923
20200416,"13:04:01","SZ","NB",11087045738,10052736731,21139782469,1034309007
20200416,"13:05:01","SH","NB",7636987953,6848817467,14485805420,788170486
20200416,"13:05:01","SZ","NB",11141423371,10092165479,21233588850,1049257892
20200416,"13:06:01","SH","NB",7694418168,6874361054,14568779222,820057114
20200416,"13:06:01","SZ","NB",11205768191,10126107719,21331875910,1079660472
20200416,"13:07:01","SH","NB",7738679859,6895961900,14634641759,842717959
20200416,"13:07:01","SZ","NB",11259344881,10162483352,21421828233,1096861529
20200416,"13:08:01","SH","NB",7788381066,6923627712,14712008778,864753354
20200416,"13:08:01","SZ","NB",11294045509,10206609874,21500655383,1087435635
20200416,"13:09:01","SH","NB",7829470165,6957611165,14787081330,871859000
20200416,"13:09:01","SZ","NB",11323948993,10242314715,21566263708,1081634278
20200416,"13:10:01","SZ","NB",11369251057,10273742885,21642993942,1095508172
20200416,"13:10:01","SH","NB",7870810458,6985346109,14856156567,885464349
20200416,"13:11:01","SH","NB",7955939565,7015186247,14971125812,940753318
20200416,"13:11:01","SZ","NB",11482344442,10321622782,21803967224,1160721660
20200416,"13:12:01","SH","NB",8003522741,7047813279,15051336020,955709462
20200416,"13:12:01","SZ","NB",11531870268,10370844651,21902714919,1161025617
20200416,"13:13:01","SH","NB",8042738465,7084307743,15127046208,958430722
20200416,"13:13:01","SZ","NB",11583768806,10426857425,22010626231,1156911381
20200416,"13:14:01","SH","NB",8097007554,7106304787,15203312341,990702767
20200416,"13:14:01","SZ","NB",11635361908,10454720557,22090082465,1180641351
20200416,"13:15:01","SH","NB",8144038465,7129173176,15273211641,1014865289
20200416,"13:15:01","SZ","NB",11673355520,10488754293,22162109813,1184601227
20200416,"13:16:01","SH","NB",8255937753,7157125514,15413063267,1098812239
20200416,"13:16:01","SZ","NB",11777655969,10529237694,22306893663,1248418275
20200416,"13:17:01","SZ","NB",11860256288,10571138074,22431394362,1289118214
20200416,"13:17:01","SH","NB",8317929741,7184631270,15502561011,1133298471
20200416,"13:18:01","SH","NB",8354965097,7220991968,15575957065,1133973129
20200416,"13:18:01","SZ","NB",11893684609,10626463659,22520148268,1267220950
20200416,"13:19:01","SH","NB",8383233105,7242046917,15625280022,1141186188
20200416,"13:19:01","SZ","NB",11914863712,10653310807,22568174519,1261552905
20200416,"13:20:01","SZ","NB",11943245631,10683064828,22626310459,1260180803
20200416,"13:20:01","SH","NB",8414865533,7272920821,15687786354,1141944712
20200416,"13:21:01","SH","NB",8452917936,7316693455,15769611391,1136224481
20200416,"13:21:01","SZ","NB",11993827713,10753633286,22747460999,1240194427
20200416,"13:22:01","SH","NB",8485951202,7350877109,15836828311,1135074093
20200416,"13:22:01","SZ","NB",12027870852,10812026756,22839897608,1215844096
20200416,"13:23:01","SH","NB",8520005506,7384192098,15904197604,1135813408
20200416,"13:23:01","SZ","NB",12074751514,10853838688,22928590202,1220912826
20200416,"13:24:01","SH","NB",8553766832,7407784936,15961551768,1145981896
20200416,"13:24:01","SZ","NB",12122298429,10891814434,23014112863,1230483995
20200416,"13:25:01","SH","NB",8597942505,7428867452,16026809957,1169075053
20200416,"13:25:01","SZ","NB",12175708418,10923996024,23099704442,1251712394
20200416,"13:26:01","SH","NB",8641945370,7453703900,16095649270,1188241470
20200416,"13:26:01","SZ","NB",12237764721,10960933685,23198698406,1276831036
20200416,"13:27:01","SH","NB",8721716211,7484201076,16205917287,1237515135
20200416,"13:27:01","SZ","NB",12316165503,10987243144,23303408647,1328922359
20200416,"13:28:01","SH","NB",8781310951,7514332465,16295643416,1266978486
20200416,"13:28:01","SZ","NB",12402741824,11037258319,23440000143,1365483505
20200416,"13:29:01","SZ","NB",12454684886,11094639277,23549324163,1360045609
20200416,"13:29:01","SH","NB",8823741261,7538159313,16361900574,1285581948
20200416,"13:30:01","SH","NB",8857625052,7571573611,16429198663,1286051441
20200416,"13:30:01","SZ","NB",12485200157,11139361413,23624561570,1345838744
20200416,"13:31:01","SH","NB",8903709731,7598311051,16502020782,1305398680
20200416,"13:31:01","SZ","NB",12571175543,11195634062,23766809605,1375541481
20200416,"13:32:01","SH","NB",8946853386,7624991390,16571844776,1321861996
20200416,"13:32:01","SZ","NB",12626677965,11242899708,23869577673,1383778257
20200416,"13:33:01","SH","NB",8985631885,7652422803,16638054688,1333209082
20200416,"13:33:01","SZ","NB",12666452745,11284255588,23950708333,1382197157
20200416,"13:34:01","SH","NB",9020224767,7686632826,16706857593,1333591941
20200416,"13:34:01","SZ","NB",12699456176,11328726192,24028182368,1370729984
20200416,"13:35:01","SZ","NB",12730117904,11413509484,24143627388,1316608420
20200416,"13:35:01","SH","NB",9056665365,7740627623,16797292988,1316037742
20200416,"13:36:01","SH","NB",9091131673,7763373459,16854505132,1327758214
20200416,"13:36:01","SZ","NB",12771344804,11446392835,24217737639,1324951969
20200416,"13:37:01","SH","NB",9116148497,7783822854,16899971351,1332325643
20200416,"13:37:01","SZ","NB",12802398437,11477126928,24279525365,1325271509
20200416,"13:38:01","SH","NB",9139584873,7811154510,16950739383,1328430363
20200416,"13:38:01","SZ","NB",12831515094,11518197070,24349712164,1313318024
20200416,"13:39:01","SH","NB",9167657781,7830625440,16998283221,1337032341
20200416,"13:39:01","SZ","NB",12865767132,11553948071,24419715203,1311819061
20200416,"13:40:01","SH","NB",9209123974,7860613423,17069737397,1348510551
20200416,"13:40:01","SZ","NB",12916848156,11576831463,24493679619,1340016693
20200416,"13:41:01","SH","NB",9261473357,7894619318,17156092675,1366854039
20200416,"13:41:01","SZ","NB",13000718705,11627284538,24628003243,1373434167
20200416,"13:42:01","SH","NB",9294294049,7923890412,17218184461,1370403637
20200416,"13:42:01","SZ","NB",13055093255,11679146782,24734240037,1375946473
20200416,"13:43:01","SZ","NB",13147857961,11719700603,24867558564,1428157358
20200416,"13:43:01","SH","NB",9350890840,7949022119,17299912959,1401868721
20200416,"13:44:01","SH","NB",9402543693,7973586672,17376130365,1428957021
20200416,"13:44:01","SZ","NB",13238806399,11768470327,25007276726,1470336072
20200416,"13:45:01","SH","NB",9442711976,8002516991,17445228967,1440194985
20200416,"13:45:01","SZ","NB",13279095480,11819061938,25098157418,1460033542
20200416,"13:46:01","SH","NB",9477232602,8040557438,17517790040,1436675164
20200416,"13:46:01","SZ","NB",13330327351,11881318738,25211646089,1449008613
20200416,"13:47:01","SH","NB",9511351652,8070046157,17581397809,1441305495
20200416,"13:47:01","SZ","NB",13358294181,11942136013,25300430194,1416158168
20200416,"13:48:01","SZ","NB",13402897175,11979890154,25382787329,1423007021
20200416,"13:48:01","SH","NB",9537656669,8090811622,17628468291,1446845047
20200416,"13:49:01","SH","NB",9564934646,8107760159,17672694805,1457174487
20200416,"13:49:01","SZ","NB",13444822718,12012909912,25457732630,1431912806
20200416,"13:50:01","SH","NB",9589985654,8132935281,17722920935,1457050373
20200416,"13:50:01","SZ","NB",13475869584,12057865280,25533734864,1418004304
20200416,"13:51:01","SH","NB",9649382061,8168019191,17817401252,1481362870
20200416,"13:51:01","SZ","NB",13594937808,12121729614,25716667422,1473208194
20200416,"13:52:01","SH","NB",9734661235,8198724480,17933385715,1535936755
20200416,"13:52:01","SZ","NB",13719340841,12166864490,25886205331,1552476351
20200416,"13:53:01","SH","NB",9950862047,8270063016,18220925063,1680799031
20200416,"13:53:01","SZ","NB",14023375946,12277688903,26301064849,1745687043
20200416,"13:54:01","SH","NB",10001697545,8327104306,18328801851,1674593239
20200416,"13:54:01","SZ","NB",14072159643,12376404728,26448564371,1695754915
20200416,"13:55:01","SH","NB",10035464598,8365908614,18401373212,1669555984
20200416,"13:55:01","SZ","NB",14109849250,12434377319,26544226569,1675471931
20200416,"13:56:01","SZ","NB",14154617513,12482008497,26636626010,1672609016
20200416,"13:56:01","SH","NB",10074491986,8402331319,18476823305,1672160667
20200416,"13:57:01","SH","NB",10105974333,8428219068,18534193401,1677755265
20200416,"13:57:01","SZ","NB",14191387549,12525882466,26717270015,1665505083
20200416,"13:58:01","SZ","NB",14225643569,12567071906,26792715475,1658571663
20200416,"13:58:01","SH","NB",10135177702,8451112258,18586289960,1684065444
20200416,"13:59:01","SH","NB",10166566252,8471970260,18638536512,1694595992
20200416,"13:59:01","SZ","NB",14270831310,12602522271,26873353581,1668309039
20200416,"14:00:01","SH","NB",10200434148,8492375559,18692809707,1708058589
20200416,"14:00:01","SZ","NB",14318419493,12628694684,26947114177,1689724809
20200416,"14:01:01","SH","NB",10257012561,8529323356,18786335917,1727689205
20200416,"14:01:01","SZ","NB",14455071176,12680944855,27136016031,1774126321
20200416,"14:02:01","SH","NB",10317011901,8664136128,18981148029,1652875773
20200416,"14:02:01","SZ","NB",14515115173,12867289702,27382404875,1647825471
20200416,"14:03:01","SH","NB",10359423074,8694446037,19053869111,1664977037
20200416,"14:03:01","SZ","NB",14582481075,12898755162,27481236237,1683725913
20200416,"14:04:01","SH","NB",10389231821,8715046710,19104278531,1674185111
20200416,"14:04:01","SZ","NB",14624234712,12946081215,27570315927,1678153497
20200416,"14:05:01","SH","NB",10420033888,8733900497,19153934385,1686133391
20200416,"14:05:01","SZ","NB",14661476528,12979799792,27641276320,1681676736
20200416,"14:06:01","SH","NB",10452959397,8759260203,19212219600,1693699194
20200416,"14:06:01","SZ","NB",14704323381,13009031715,27713355096,1695291666
20200416,"14:07:01","SZ","NB",14738036808,13062895402,27800932210,1675141406
20200416,"14:07:01","SH","NB",10485377178,8799151508,19284528686,1686225670
20200416,"14:08:01","SH","NB",10521404726,8828006467,19349411193,1693398259
20200416,"14:08:01","SZ","NB",14774119801,13094177626,27868297427,1679942175
20200416,"14:09:01","SH","NB",10551270719,8851418741,19402689460,1699851978
20200416,"14:09:01","SZ","NB",14810866913,13120528383,27931395296,1690338530
20200416,"14:10:01","SH","NB",10582219251,8876329979,19458549230,1705889272
20200416,"14:10:01","SZ","NB",14860399468,13149722317,28010121785,1710677151
20200416,"14:11:01","SH","NB",10634671958,8908943074,19543615032,1725728884
20200416,"14:11:01","SZ","NB",14957549124,13206047174,28163596298,1751501950
20200416,"14:12:01","SH","NB",10666985119,8947360222,19614345341,1719624897
20200416,"14:12:01","SZ","NB",14995696861,13245379402,28241076263,1750317459
20200416,"14:13:01","SH","NB",10703735271,8986096896,19689832167,1717638375
20200416,"14:13:01","SZ","NB",15039299417,13290299191,28329598608,1749000226
20200416,"14:14:01","SH","NB",10731564146,9011945492,19743509638,1719618654
20200416,"14:14:01","SZ","NB",15073718495,13331985722,28405704217,1741732773
20200416,"14:15:01","SZ","NB",15103380402,13373812280,28477192682,1729568122
20200416,"14:15:01","SH","NB",10756363964,9038173490,19794537454,1718190474
20200416,"14:16:01","SH","NB",10831154013,9073707479,19904861492,1757446534
20200416,"14:16:01","SZ","NB",15211053377,13409421526,28620474903,1801631851
20200416,"14:17:01","SH","NB",10876307069,9111499649,19987806718,1764807420
20200416,"14:17:01","SZ","NB",15272878527,13456202423,28729080950,1816676104
20200416,"14:18:01","SH","NB",10907088657,9148150554,20055239211,1758938103
20200416,"14:18:01","SZ","NB",15313977631,13493498541,28807476172,1820479090
20200416,"14:19:01","SH","NB",10936290713,9184156470,20120447183,1752134243
20200416,"14:19:01","SZ","NB",15359706015,13533784650,28893490665,1825921365
20200416,"14:20:01","SH","NB",10965473794,9213242669,20178716463,1752231125
20200416,"14:20:01","SZ","NB",15394873037,13589050319,28983923356,1805822718
20200416,"14:21:01","SH","NB",11008123331,9261326146,20269449477,1746797185
20200416,"14:21:01","SZ","NB",15460096725,13679627921,29139724646,1780468804
20200416,"14:22:01","SH","NB",11050693382,9299121334,20349814716,1751572048
20200416,"14:22:01","SZ","NB",15510248731,13716972321,29227221052,1793276410
20200416,"14:23:01","SH","NB",11088164720,9334032528,20422197248,1754132192
20200416,"14:23:01","SZ","NB",15568204150,13761512168,29329716318,1806691982
20200416,"14:24:01","SH","NB",11118156070,9358893884,20477049954,1759262186
20200416,"14:24:01","SZ","NB",15607581841,13795522146,29403103987,1812059695
20200416,"14:25:01","SZ","NB",15648221056,13835397157,29483618213,1812823899
20200416,"14:25:01","SH","NB",11161278098,9399440241,20560718339,1761837857
20200416,"14:26:01","SH","NB",11240724177,9433112228,20673836405,1807611949
20200416,"14:26:01","SZ","NB",15730244937,13870788915,29601033852,1859456022
20200416,"14:27:01","SH","NB",11327732438,9476834078,20804566516,1850898360
20200416,"14:27:01","SZ","NB",15867821068,13917600624,29785421692,1950220444
20200416,"14:28:01","SH","NB",11360727086,9507668622,20868395708,1853058464
20200416,"14:28:01","SZ","NB",15926232105,13977301820,29903533925,1948930285
20200416,"14:29:01","SH","NB",11390826488,9536820452,20927646940,1854006036
20200416,"14:29:01","SZ","NB",15966178426,14017761107,29983939533,1948417319
20200416,"14:30:01","SH","NB",11416383369,9564267688,20980651057,1852115681
20200416,"14:30:01","SZ","NB",15997840524,14053963885,30051804409,1943876639
20200416,"14:31:01","SH","NB",11467052354,9605586394,21072638748,1861465960
20200416,"14:31:01","SZ","NB",16089756257,14137759819,30227516076,1951996438
20200416,"14:32:01","SH","NB",11511852026,9666515359,21178367385,1845336667
20200416,"14:32:01","SZ","NB",16153699851,14220617029,30374316880,1933082822
20200416,"14:33:01","SZ","NB",16202677841,14312309511,30514987352,1890368330
20200416,"14:33:01","SH","NB",11564164184,9734136518,21298300702,1830027666
20200416,"14:34:01","SH","NB",11607050952,9775054290,21382105242,1831996662
20200416,"14:34:01","SZ","NB",16250133416,14356258180,30606391596,1893875236
20200416,"14:35:01","SH","NB",11653733392,9809268595,21463001987,1844464797
20200416,"14:35:01","SZ","NB",16320304833,14399058104,30719362937,1921246729
20200416,"14:36:01","SH","NB",11697877150,9850014069,21547891219,1847863081
20200416,"14:36:01","SZ","NB",16374138948,14445949797,30820088745,1928189151
20200416,"14:37:01","SH","NB",11736464789,9896080657,21632545446,1840384132
20200416,"14:37:01","SZ","NB",16422039571,14505185386,30927224957,1916854185
20200416,"14:38:01","SZ","NB",16457971224,14542557489,31000528713,1915413735
20200416,"14:38:01","SH","NB",11774049502,9934591581,21708641083,1839457921
20200416,"14:39:01","SH","NB",11824078251,9986198536,21810276787,1837879715
20200416,"14:39:01","SZ","NB",16513446073,14587056187,31100502260,1926389886
20200416,"14:40:01","SH","NB",11888857529,10023197310,21912054839,1865660219
20200416,"14:40:01","SZ","NB",16639416000,14630829993,31270245993,2008586007
20200416,"14:41:01","SH","NB",11984659265,10088800236,22073459501,1895859029
20200416,"14:41:01","SZ","NB",16782099684,14732317847,31514417531,2049781837
20200416,"14:42:01","SH","NB",12129946769,10153246113,22283192882,1976700656
20200416,"14:42:01","SZ","NB",16924259613,14804568081,31728827694,2119691532
20200416,"14:43:01","SH","NB",12205656294,10252327755,22457984049,1953328539
20200416,"14:43:01","SZ","NB",16989262962,14912535834,31901798796,2076727128
20200416,"14:44:01","SH","NB",12275434328,10341085630,22616519958,1934348698
20200416,"14:44:01","SZ","NB",17032122825,14990585766,32022708591,2041537059
20200416,"14:45:01","SH","NB",12342269317,10392768139,22735037456,1949501178
20200416,"14:45:01","SZ","NB",17119679685,15040830119,32160509804,2078849566
20200416,"14:46:01","SH","NB",12409586269,10459294371,22868880640,1950291898
20200416,"14:46:01","SZ","NB",17172960674,15149306746,32322267420,2023653928
20200416,"14:47:01","SH","NB",12461521327,10508583721,22970105048,1952937606
20200416,"14:47:01","SZ","NB",17220893623,15214013546,32434907169,2006880077
20200416,"14:48:01","SZ","NB",17270332666,15282562665,32552895331,1987770001
20200416,"14:48:01","SH","NB",12528604610,10576640474,23105245084,1951964136
20200416,"14:49:01","SH","NB",12584180848,10636899035,23221079883,1947281813
20200416,"14:49:01","SZ","NB",17316601480,15339847424,32656448904,1976754056
20200416,"14:50:01","SH","NB",12648243692,10693502000,23341745692,1954741692
20200416,"14:50:01","SZ","NB",17367824999,15391311669,32759136668,1976513330
20200416,"14:51:01","SH","NB",12733488238,10806364925,23539853163,1927123313
20200416,"14:51:01","SZ","NB",17446131622,15514330768,32960462390,1931800854
20200416,"14:52:01","SZ","NB",17511125061,15587266042,33098391103,1923859019
20200416,"14:52:01","SH","NB",12799850208,10887078590,23686928798,1912771618
20200416,"14:53:01","SH","NB",12870016979,10963256970,23833273949,1906760009
20200416,"14:53:01","SZ","NB",17575023467,15652857036,33227880503,1922166431
20200416,"14:54:01","SH","NB",12937984237,11046411140,23984395377,1891573097
20200416,"14:54:01","SZ","NB",17633950360,15742033390,33375983750,1891916970
20200416,"14:55:01","SH","NB",13016315557,11128661727,24144977284,1887653830
20200416,"14:55:01","SZ","NB",17712048177,15807566358,33519614535,1904481819
20200416,"14:56:01","SH","NB",13089028269,11230781899,24319810168,1858246370
20200416,"14:56:01","SZ","NB",17788954151,15912655991,33701610142,1876298160
20200416,"14:57:01","SH","NB",13156484247,11319594773,24476079020,1836889474
20200416,"14:57:01","SZ","NB",17849084263,15984973343,33834057606,1864110920
20200416,"15:00:01","SZ","NB",17858322704,15999313366,33857636070,1859009338
20200416,"15:01:01","SH","NB",13727504103,11777090364,25504594467,1950413739
20200416,"15:01:01","SZ","NB",18300873189,16436772082,34737645271,1864101107
