dataDate,dataTime,connectMarket,tradeDirection,buyTurnover,sellTurnover,totalTurnover,netTurnover
20200331,"09:30:01","SH","NB",121093386,76998292,198091678,44095094
20200331,"09:30:01","SZ","NB",168875407,89637645,258513052,79237762
20200331,"09:31:01","SH","NB",261158442,258006746,519165188,3151696
20200331,"09:31:01","SZ","NB",424505575,492264810,916770385,-67759235
20200331,"09:32:01","SH","NB",530176947,398421632,928598579,131755315
20200331,"09:32:01","SZ","NB",813737622,799986583,1613724205,13751039
20200331,"09:33:01","SH","NB",686011541,541778343,1227789884,144233198
20200331,"09:33:01","SZ","NB",1001899451,1040133393,2042032844,-38233942
20200331,"09:34:01","SH","NB",852319366,665306662,1517626028,187012704
20200331,"09:34:01","SZ","NB",1261718826,1218100667,2479819493,43618159
20200331,"09:35:01","SH","NB",1031747041,752800901,1784547942,278946140
20200331,"09:35:01","SZ","NB",1610370827,1338825062,2949195889,271545765
20200331,"09:36:01","SH","NB",1144175648,927596122,2071771770,216579526
20200331,"09:36:01","SZ","NB",1813142448,1591134668,3404277116,222007780
20200331,"09:37:01","SZ","NB",2030457768,1780791200,3811248968,249666568
20200331,"09:37:01","SH","NB",1271588540,1090959694,2362548234,180628846
20200331,"09:38:01","SH","NB",1373874526,1206904228,2580778754,166970298
20200331,"09:38:01","SZ","NB",2231059842,1923779837,4154839679,307280005
20200331,"09:39:01","SH","NB",1540505888,1306399638,2846905526,234106250
20200331,"09:39:01","SZ","NB",2565704882,2065836494,4631541376,499868388
20200331,"09:40:01","SH","NB",1645311037,1452685118,3097996155,192625919
20200331,"09:40:01","SZ","NB",2732465382,2288555331,5021020713,443910051
20200331,"09:41:01","SH","NB",1824181673,1586743102,3410924775,237438571
20200331,"09:41:01","SZ","NB",3089785651,2486314137,5576099788,603471514
20200331,"09:42:01","SZ","NB",3170667978,2617225940,5787893918,553442038
20200331,"09:42:01","SH","NB",1875360625,1682093089,3557453714,193267536
20200331,"09:43:01","SH","NB",1974186680,1740866750,3715053430,233319930
20200331,"09:43:01","SZ","NB",3392813006,2684874400,6077687406,707938606
20200331,"09:44:01","SH","NB",2037437137,1857311441,3894748578,180125696
20200331,"09:44:01","SZ","NB",3499755477,2844489773,6344245250,655265704
20200331,"09:45:01","SH","NB",2108613470,1912506269,4021119739,196107201
20200331,"09:45:01","SZ","NB",3676818172,2946619718,6623437890,730198454
20200331,"09:46:01","SH","NB",2204659147,2023228121,4227887268,181431026
20200331,"09:46:01","SZ","NB",3809806721,3136903599,6946710320,672903122
20200331,"09:47:01","SH","NB",2273380228,2085444499,4358824727,187935729
20200331,"09:47:01","SZ","NB",3955942689,3241122716,7197065405,714819973
20200331,"09:48:01","SH","NB",2354641333,2149662064,4504303397,204979269
20200331,"09:48:01","SZ","NB",4067776033,3333717940,7401493973,734058093
20200331,"09:49:01","SH","NB",2433075292,2231747196,4664822488,201328096
20200331,"09:49:01","SZ","NB",4185002799,3479537607,7664540406,705465192
20200331,"09:50:01","SZ","NB",4316109481,3656387379,7972496860,659722102
20200331,"09:50:01","SH","NB",2529113756,2298015439,4827129195,231098317
20200331,"09:51:01","SH","NB",2635306092,2407558574,5042864666,227747518
20200331,"09:51:01","SZ","NB",4477949998,3874518946,8352468944,603431052
20200331,"09:52:01","SH","NB",2818552004,2478093528,5296645532,340458476
20200331,"09:52:01","SZ","NB",4727356738,3975426914,8702783652,751929824
20200331,"09:53:01","SH","NB",2913790293,2561051539,5474841832,352738754
20200331,"09:53:01","SZ","NB",4860403848,4189244783,9049648631,671159065
20200331,"09:54:01","SH","NB",3011082873,2614507005,5625589878,396575868
20200331,"09:54:01","SZ","NB",5024898683,4266868826,9291767509,758029857
20200331,"09:55:01","SZ","NB",5097244499,4398842486,9496086985,698402013
20200331,"09:55:01","SH","NB",3088317327,2671456105,5759773432,416861222
20200331,"09:56:01","SH","NB",3178289442,2861359192,6039648634,316930250
20200331,"09:56:01","SZ","NB",5187743053,4720399516,9908142569,467343537
20200331,"09:57:01","SH","NB",3310720391,2924218989,6234939380,386501402
20200331,"09:57:01","SZ","NB",5317291071,4791531350,10108822421,525759721
20200331,"09:58:01","SH","NB",3379272803,2963935795,6343208598,415337008
20200331,"09:58:01","SZ","NB",5427574023,4879752245,10307326268,547821778
20200331,"09:59:01","SH","NB",3453436798,3049853523,6503290321,403583275
20200331,"09:59:01","SZ","NB",5522208133,5012769400,10534977533,509438733
20200331,"10:00:01","SH","NB",3504383624,3092669005,6597052629,411714619
20200331,"10:00:01","SZ","NB",5593944872,5077856322,10671801194,516088550
20200331,"10:01:01","SH","NB",3743416281,3165507665,6908923946,577908616
20200331,"10:01:01","SZ","NB",5885676598,5185938468,11071615066,699738130
20200331,"10:02:01","SH","NB",3830142504,3277976256,7108118760,552166248
20200331,"10:02:01","SZ","NB",5952787713,5414463234,11367250947,538324479
20200331,"10:03:01","SZ","NB",6020937561,5489339813,11510277374,531597748
20200331,"10:03:01","SH","NB",3891894479,3318767095,7210661574,573127384
20200331,"10:04:01","SH","NB",3946612031,3367631107,7314243138,578980924
20200331,"10:04:01","SZ","NB",6076285142,5563632848,11639917990,512652294
20200331,"10:05:01","SH","NB",3986697665,3446332743,7433030408,540364922
20200331,"10:05:01","SZ","NB",6134905807,5673118215,11808024022,461787592
20200331,"10:06:01","SH","NB",4028356451,3488577335,7516933786,539779116
20200331,"10:06:01","SZ","NB",6195973144,5726740242,11922713386,469232902
20200331,"10:07:01","SH","NB",4071074119,3522114879,7593188998,548959240
20200331,"10:07:01","SZ","NB",6286052269,5762539262,12048591531,523513007
20200331,"10:08:01","SZ","NB",6388239728,5811195288,12199435016,577044440
20200331,"10:08:01","SH","NB",4145171530,3555524716,7700696246,589646814
20200331,"10:09:01","SH","NB",4191078406,3590380293,7781458699,600698113
20200331,"10:09:01","SZ","NB",6459380686,5895627048,12355007734,563753638
20200331,"10:10:01","SH","NB",4229987388,3649641682,7879629070,580345706
20200331,"10:10:01","SZ","NB",6494676950,5965908501,12460585451,528768449
20200331,"10:11:01","SH","NB",4300501390,3805785027,8106286417,494716363
20200331,"10:11:01","SZ","NB",6570173969,6223167243,12793341212,347006726
20200331,"10:12:01","SH","NB",4399993021,3846655315,8246648336,553337706
20200331,"10:12:01","SZ","NB",6687141751,6268712533,12955854284,418429218
20200331,"10:13:01","SH","NB",4451018958,3890420901,8341439859,560598057
20200331,"10:13:01","SZ","NB",6742121026,6331098274,13073219300,411022752
20200331,"10:14:01","SH","NB",4495555752,3936316115,8431871867,559239637
20200331,"10:14:01","SZ","NB",6821309584,6379688976,13200998560,441620608
20200331,"10:15:01","SZ","NB",6880856999,6418149185,13299006184,462707814
20200331,"10:15:01","SH","NB",4539353215,3966125549,8505478764,573227666
20200331,"10:16:01","SH","NB",4575512107,4001345244,8576857351,574166863
20200331,"10:16:01","SZ","NB",6978724045,6476837754,13455561799,501886291
20200331,"10:17:01","SH","NB",4603211701,4046109412,8649321113,557102289
20200331,"10:17:01","SZ","NB",7024915758,6540818419,13565734177,484097339
20200331,"10:18:01","SZ","NB",7076746867,6597835186,13674582053,478911681
20200331,"10:18:01","SH","NB",4637255125,4088154741,8725409866,549100384
20200331,"10:19:01","SH","NB",4679228705,4110106616,8789335321,569122089
20200331,"10:19:01","SZ","NB",7146977123,6652606244,13799583367,494370879
20200331,"10:20:01","SH","NB",4711463391,4131973107,8843436498,579490284
20200331,"10:20:01","SZ","NB",7189896272,6693178399,13883074671,496717873
20200331,"10:21:01","SH","NB",4762857091,4221435136,8984292227,541421955
20200331,"10:21:01","SZ","NB",7249954768,6829471048,14079425816,420483720
20200331,"10:22:01","SH","NB",4921420308,4284602109,9206022417,636818199
20200331,"10:22:01","SZ","NB",7435405269,6884127843,14319533112,551277426
20200331,"10:23:01","SH","NB",4955295731,4317108740,9272404471,638186991
20200331,"10:23:01","SZ","NB",7491624982,6928132718,14419757700,563492264
20200331,"10:24:01","SZ","NB",7531661385,6958295207,14489956592,573366178
20200331,"10:24:01","SH","NB",4980814091,4342033778,9322847869,638780313
20200331,"10:25:01","SH","NB",5017502338,4369362078,9386864416,648140260
20200331,"10:25:01","SZ","NB",7586827727,6987778013,14574605740,599049714
20200331,"10:26:01","SH","NB",5070420810,4397675882,9468096692,672744928
20200331,"10:26:01","SZ","NB",7713021800,7021989562,14735011362,691032238
20200331,"10:27:01","SH","NB",5106200045,4425613780,9531813825,680586265
20200331,"10:27:01","SZ","NB",7777537658,7072882209,14850419867,704655449
20200331,"10:28:01","SH","NB",5147593407,4463226649,9610820056,684366758
20200331,"10:28:01","SZ","NB",7828574665,7106820587,14935395252,721754078
20200331,"10:29:01","SH","NB",5175898282,4496534985,9672433267,679363297
20200331,"10:29:01","SZ","NB",7859536874,7143962175,15003499049,715574699
20200331,"10:30:01","SH","NB",5239549799,4521662944,9761212743,717886855
20200331,"10:30:01","SZ","NB",7957588148,7180208838,15137796986,777379310
20200331,"10:31:01","SZ","NB",8115093986,7257247211,15372341197,857846775
20200331,"10:31:01","SH","NB",5319952858,4564655805,9884608663,755297053
20200331,"10:32:01","SH","NB",5366223057,4655120509,10021343566,711102548
20200331,"10:32:01","SZ","NB",8156953447,7397300822,15554254269,759652625
20200331,"10:33:01","SH","NB",5398231063,4686263749,10084494812,711967314
20200331,"10:33:01","SZ","NB",8199811884,7442800170,15642612054,757011714
20200331,"10:34:01","SH","NB",5436227281,4720697149,10156924430,715530132
20200331,"10:34:01","SZ","NB",8229948479,7488644428,15718592907,741304051
20200331,"10:35:01","SH","NB",5478861024,4750405797,10229266821,728455227
20200331,"10:35:01","SZ","NB",8296176747,7529539741,15825716488,766637006
20200331,"10:36:01","SH","NB",5501747605,4784340182,10286087787,717407423
20200331,"10:36:01","SZ","NB",8350083432,7562361309,15912444741,787722123
20200331,"10:37:01","SH","NB",5522831624,4804796579,10327628203,718035045
20200331,"10:37:01","SZ","NB",8383713870,7588268771,15971982641,795445099
20200331,"10:38:01","SZ","NB",8412259675,7623271921,16035531596,788987754
20200331,"10:38:01","SH","NB",5543092586,4842153162,10385245748,700939424
20200331,"10:39:01","SH","NB",5577533188,4892117294,10469650482,685415894
20200331,"10:39:01","SZ","NB",8454776277,7668334508,16123110785,786441769
20200331,"10:40:01","SH","NB",5600952373,4916081377,10517033750,684870996
20200331,"10:40:01","SZ","NB",8492353008,7695472147,16187825155,796880861
20200331,"10:41:01","SH","NB",5638542038,4954520514,10593062552,684021524
20200331,"10:41:01","SZ","NB",8553605010,7744434165,16298039175,809170845
20200331,"10:42:01","SH","NB",5668457225,4993741919,10662199144,674715306
20200331,"10:42:01","SZ","NB",8602870738,7782101089,16384971827,820769649
20200331,"10:43:02","SZ","NB",8638623640,7868846921,16507470561,769776719
20200331,"10:43:02","SH","NB",5689486447,5053346052,10742832499,636140395
20200331,"10:44:01","SH","NB",5718326551,5077841505,10796168056,640485046
20200331,"10:44:01","SZ","NB",8685187225,7891961746,16577148971,793225479
20200331,"10:45:01","SH","NB",5740182527,5105874617,10846057144,634307910
20200331,"10:45:01","SZ","NB",8718174535,7921277030,16639451565,796897505
20200331,"10:46:01","SH","NB",5765126997,5132887507,10898014504,632239490
20200331,"10:46:01","SZ","NB",8748427875,7975400982,16723828857,773026893
20200331,"10:47:01","SZ","NB",8781098878,7994660217,16775759095,786438661
20200331,"10:47:01","SH","NB",5792290955,5155868352,10948159307,636422603
20200331,"10:48:01","SH","NB",5820713441,5186462161,11007175602,634251280
20200331,"10:48:01","SZ","NB",8810381942,8024124766,16834506708,786257176
20200331,"10:49:01","SH","NB",5847468625,5210575429,11058044054,636893196
20200331,"10:49:01","SZ","NB",8838441850,8047201455,16885643305,791240395
20200331,"10:50:01","SZ","NB",8900511925,8071817275,16972329200,828694650
20200331,"10:50:01","SH","NB",5886490274,5239088450,11125578724,647401824
20200331,"10:51:01","SH","NB",5961977371,5274991293,11236968664,686986078
20200331,"10:51:01","SZ","NB",9030352690,8112677324,17143030014,917675366
20200331,"10:52:01","SH","NB",6008141363,5308843291,11316984654,699298072
20200331,"10:52:01","SZ","NB",9081876719,8153826980,17235703699,928049739
20200331,"10:53:01","SH","NB",6040883823,5347412959,11388296782,693470864
20200331,"10:53:01","SZ","NB",9126936737,8198478675,17325415412,928458062
20200331,"10:54:01","SH","NB",6064035176,5412009013,11476044189,652026163
20200331,"10:54:01","SZ","NB",9148813974,8269060275,17417874249,879753699
20200331,"10:55:01","SH","NB",6098069179,5439515142,11537584321,658554037
20200331,"10:55:01","SZ","NB",9190441066,8295257315,17485698381,895183751
20200331,"10:56:01","SH","NB",6245803648,5472476177,11718279825,773327471
20200331,"10:56:01","SZ","NB",9408610536,8337709192,17746319728,1070901344
20200331,"10:57:01","SH","NB",6293971184,5529954103,11823925287,764017081
20200331,"10:57:01","SZ","NB",9461072675,8416159537,17877232212,1044913138
20200331,"10:58:01","SH","NB",6332065689,5567530949,11899596638,764534740
20200331,"10:58:01","SZ","NB",9492548906,8468558051,17961106957,1023990855
20200331,"10:59:01","SH","NB",6394424995,5694895482,12089320477,699529513
20200331,"10:59:01","SZ","NB",9548530846,8599032074,18147562920,949498772
20200331,"11:00:01","SZ","NB",9600631872,8637217939,18237849811,963413933
20200331,"11:00:01","SH","NB",6434863449,5730667552,12165531001,704195897
20200331,"11:01:01","SH","NB",6502257896,5839359803,12341617699,662898093
20200331,"11:01:01","SZ","NB",9728463811,8775129282,18503593093,953334529
20200331,"11:02:01","SH","NB",6581206673,5952552571,12533759244,628654102
20200331,"11:02:01","SZ","NB",9810781617,8883029627,18693811244,927751990
20200331,"11:03:01","SH","NB",6631837823,5981586939,12613424762,650250884
20200331,"11:03:01","SZ","NB",9876512331,8920475083,18796987414,956037248
20200331,"11:04:01","SH","NB",6671369498,6051159202,12722528700,620210296
20200331,"11:04:01","SZ","NB",9915996151,8986267637,18902263788,929728514
20200331,"11:05:01","SZ","NB",9957365913,9018035833,18975401746,939330080
20200331,"11:05:01","SH","NB",6702615303,6100911288,12803526591,601704015
20200331,"11:06:01","SH","NB",6738134455,6166724689,12904859144,571409766
20200331,"11:06:01","SZ","NB",9997104550,9075136830,19072241380,921967720
20200331,"11:07:01","SH","NB",6770454291,6213298839,12983753130,557155452
20200331,"11:07:01","SZ","NB",10037713489,9119839901,19157553390,917873588
20200331,"11:08:01","SH","NB",6805905386,6264845863,13070751249,541059523
20200331,"11:08:01","SZ","NB",10072055477,9152477164,19224532641,919578313
20200331,"11:09:01","SH","NB",6834299057,6319223751,13153522808,515075306
20200331,"11:09:01","SZ","NB",10105129836,9200177024,19305306860,904952812
20200331,"11:10:01","SH","NB",6859631732,6363177836,13222809568,496453896
20200331,"11:10:01","SZ","NB",10138489343,9258081268,19396570611,880408075
20200331,"11:11:01","SH","NB",6901813366,6505355871,13407169237,396457495
20200331,"11:11:01","SZ","NB",10177064891,9371142857,19548207748,805922034
20200331,"11:12:01","SH","NB",6946394433,6546717711,13493112144,399676722
20200331,"11:12:01","SZ","NB",10231739491,9400475214,19632214705,831264277
20200331,"11:13:01","SZ","NB",10286716836,9431784229,19718501065,854932607
20200331,"11:13:01","SH","NB",6986159203,6573480514,13559639717,412678689
20200331,"11:14:01","SH","NB",7011601880,6609222479,13620824359,402379401
20200331,"11:14:01","SZ","NB",10326413567,9478632613,19805046180,847780954
20200331,"11:15:01","SH","NB",7038966576,6635363467,13674330043,403603109
20200331,"11:15:01","SZ","NB",10354092425,9507989507,19862081932,846102918
20200331,"11:16:01","SH","NB",7081895098,6787550824,13869445922,294344274
20200331,"11:16:01","SZ","NB",10389188606,9641460354,20030648960,747728252
20200331,"11:17:01","SH","NB",7123192931,6832081145,13955274076,291111786
20200331,"11:17:01","SZ","NB",10439546442,9691513656,20131060098,748032786
20200331,"11:18:01","SH","NB",7152112068,6865672112,14017784180,286439956
20200331,"11:18:01","SZ","NB",10473976530,9724263889,20198240419,749712641
20200331,"11:19:01","SH","NB",7182326964,6892927840,14075254804,289399124
20200331,"11:19:01","SZ","NB",10511885141,9747162547,20259047688,764722594
20200331,"11:20:01","SH","NB",7220854765,6960644909,14181499674,260209856
20200331,"11:20:01","SZ","NB",10543093932,9796589391,20339683323,746504541
20200331,"11:21:01","SZ","NB",10588107749,9855592033,20443699782,732515716
20200331,"11:21:01","SH","NB",7271845615,7012707132,14284552747,259138483
20200331,"11:22:01","SH","NB",7325552300,7033132531,14358684831,292419769
20200331,"11:22:01","SZ","NB",10629804071,9882245227,20512049298,747558844
20200331,"11:23:01","SH","NB",7371394087,7056712395,14428106482,314681692
20200331,"11:23:01","SZ","NB",10666900916,9901982866,20568883782,764918050
20200331,"11:24:01","SH","NB",7405662376,7082253611,14487915987,323408765
20200331,"11:24:01","SZ","NB",10718351642,9931456918,20649808560,786894724
20200331,"11:25:01","SH","NB",7441351047,7129757984,14571109031,311593063
20200331,"11:25:01","SZ","NB",10752205234,9981900304,20734105538,770304930
20200331,"11:26:01","SH","NB",7471012549,7154508225,14625520774,316504324
20200331,"11:26:01","SZ","NB",10782368275,10009379986,20791748261,772988289
20200331,"11:27:01","SH","NB",7499627299,7173561726,14673189025,326065573
20200331,"11:27:01","SZ","NB",10816529243,10029981947,20846511190,786547296
20200331,"11:28:01","SH","NB",7526277810,7195686878,14721964688,330590932
20200331,"11:28:01","SZ","NB",10841851255,10050746368,20892597623,791104887
20200331,"11:29:01","SH","NB",7550271042,7220548501,14770819543,329722541
20200331,"11:29:01","SZ","NB",10863322170,10076479973,20939802143,786842197
20200331,"11:30:01","SZ","NB",10887922433,10106463890,20994386323,781458543
20200331,"11:30:01","SH","NB",7565051768,7255807421,14820859189,309244347
20200331,"11:31:01","SH","NB",7565054112,7255855065,14820909177,309199047
20200331,"13:00:01","SH","NB",7566737112,7255869036,14822606148,310868076
20200331,"13:00:01","SZ","NB",10891705355,10110073018,21001778373,781632337
20200331,"13:01:01","SH","NB",7678732583,7458411835,15137144418,220320748
20200331,"13:01:01","SZ","NB",11034112585,10304105816,21338218401,730006769
20200331,"13:02:01","SH","NB",7784733103,7520187969,15304921072,264545134
20200331,"13:02:01","SZ","NB",11091700183,10367325151,21459025334,724375032
20200331,"13:03:01","SH","NB",7848218697,7654421131,15502639828,193797566
20200331,"13:03:01","SZ","NB",11132337869,10503702284,21636040153,628635585
20200331,"13:04:01","SH","NB",7891742536,7697707734,15589450270,194034802
20200331,"13:04:01","SZ","NB",11202587788,10540871215,21743459003,661716573
20200331,"13:05:01","SH","NB",7924909513,7760424850,15685334363,164484663
20200331,"13:05:01","SZ","NB",11249376182,10608026022,21857402204,641350160
20200331,"13:06:01","SZ","NB",11310146444,10634884965,21945031409,675261479
20200331,"13:06:01","SH","NB",7961787693,7793905150,15755692843,167882543
20200331,"13:07:01","SH","NB",8002258341,7824805014,15827063355,177453327
20200331,"13:07:01","SZ","NB",11342677030,10672380582,22015057612,670296448
20200331,"13:08:01","SH","NB",8040645227,7869989835,15910635062,170655392
20200331,"13:08:01","SZ","NB",11384335171,10728477567,22112812738,655857604
20200331,"13:09:01","SH","NB",8076518473,7898226774,15974745247,178291699
20200331,"13:09:01","SZ","NB",11437342752,10762001245,22199343997,675341507
20200331,"13:10:01","SH","NB",8108824899,7932981930,16041806829,175842969
20200331,"13:10:01","SZ","NB",11478323752,10794033829,22272357581,684289923
20200331,"13:11:01","SH","NB",8152093695,8019686675,16171780370,132407020
20200331,"13:11:01","SZ","NB",11539665384,10900417313,22440082697,639248071
20200331,"13:12:01","SH","NB",8199370922,8068606567,16267977489,130764355
20200331,"13:12:01","SZ","NB",11605681937,10968006690,22573688627,637675247
20200331,"13:13:01","SH","NB",8241479181,8091102183,16332581364,150376998
20200331,"13:13:01","SZ","NB",11653548312,10996397732,22649946044,657150580
20200331,"13:14:01","SZ","NB",11704782082,11020688018,22725470100,684094064
20200331,"13:14:01","SH","NB",8280843213,8117941800,16398785013,162901413
20200331,"13:15:01","SH","NB",8308426721,8140956444,16449383165,167470277
20200331,"13:15:01","SZ","NB",11737919086,11044905563,22782824649,693013523
20200331,"13:16:01","SZ","NB",11768216665,11070971558,22839188223,697245107
20200331,"13:16:01","SH","NB",8343479246,8171484172,16514963418,171995074
20200331,"13:17:01","SH","NB",8385255910,8275088591,16660344501,110167319
20200331,"13:17:01","SZ","NB",11823350441,11187612472,23010962913,635737969
20200331,"13:18:01","SH","NB",8427791902,8315311916,16743103818,112479986
20200331,"13:18:01","SZ","NB",11878931996,11233980457,23112912453,644951539
20200331,"13:19:01","SH","NB",8458127136,8350189730,16808316866,107937406
20200331,"13:19:01","SZ","NB",11929315960,11273032503,23202348463,656283457
20200331,"13:20:01","SH","NB",8576994251,8409430491,16986424742,167563760
20200331,"13:20:01","SZ","NB",12101417860,11324056548,23425474408,777361312
20200331,"13:21:01","SH","NB",8662821525,8447374385,17110195910,215447140
20200331,"13:21:01","SZ","NB",12176978143,11381862246,23558840389,795115897
20200331,"13:22:01","SH","NB",8692768077,8484696269,17177464346,208071808
20200331,"13:22:01","SZ","NB",12214005680,11425246650,23639252330,788759030
20200331,"13:23:01","SH","NB",8726614069,8520838960,17247453029,205775109
20200331,"13:23:01","SZ","NB",12250334630,11466861289,23717195919,783473341
20200331,"13:24:01","SH","NB",8779832664,8558408750,17338241414,221423914
20200331,"13:24:01","SZ","NB",12314895514,11499937399,23814832913,814958115
20200331,"13:25:01","SH","NB",8820367796,8583307368,17403675164,237060428
20200331,"13:25:01","SZ","NB",12351141083,11532511250,23883652333,818629833
20200331,"13:26:01","SZ","NB",12388545839,11568169693,23956715532,820376146
20200331,"13:26:01","SH","NB",8857101016,8617820944,17474921960,239280072
20200331,"13:27:01","SH","NB",8908406380,8646791957,17555198337,261614423
20200331,"13:27:01","SZ","NB",12438720287,11599694795,24038415082,839025492
20200331,"13:28:01","SH","NB",8944620644,8672637949,17617258593,271982695
20200331,"13:28:01","SZ","NB",12481408711,11628672096,24110080807,852736615
20200331,"13:29:01","SZ","NB",12524065240,11673531638,24197596878,850533602
20200331,"13:29:01","SH","NB",8984178309,8698190607,17682368916,285987702
20200331,"13:30:01","SH","NB",9037533419,8733386498,17770919917,304146921
20200331,"13:30:01","SZ","NB",12574769257,11707671163,24282440420,867098094
20200331,"13:31:01","SH","NB",9099282012,8834274140,17933556152,265007872
20200331,"13:31:01","SZ","NB",12630409832,11811501200,24441911032,818908632
20200331,"13:32:01","SH","NB",9137025033,8872057929,18009082962,264967104
20200331,"13:32:01","SZ","NB",12701116190,11841995416,24543111606,859120774
20200331,"13:33:01","SH","NB",9170047658,8900775138,18070822796,269272520
20200331,"13:33:01","SZ","NB",12746961420,11877400880,24624362300,869560540
20200331,"13:34:01","SZ","NB",12814057020,11905787592,24719844612,908269428
20200331,"13:34:01","SH","NB",9213928684,8932157472,18146086156,281771212
20200331,"13:35:01","SH","NB",9257399952,8963635188,18221035140,293764764
20200331,"13:35:01","SZ","NB",12864316572,11936325474,24800642046,927991098
20200331,"13:36:01","SH","NB",9295631044,9008294959,18303926003,287336085
20200331,"13:36:01","SZ","NB",12893431390,11975811000,24869242390,917620390
20200331,"13:37:01","SH","NB",9329180826,9035298764,18364479590,293882062
20200331,"13:37:01","SZ","NB",12924883667,12004450163,24929333830,920433504
20200331,"13:38:01","SH","NB",9364473448,9062370614,18426844062,302102834
20200331,"13:38:01","SZ","NB",12958891793,12036101630,24994993423,922790163
20200331,"13:39:01","SH","NB",9394014502,9096958935,18490973437,297055567
20200331,"13:39:01","SZ","NB",12993286584,12066442539,25059729123,926844045
20200331,"13:40:01","SH","NB",9436747426,9123055009,18559802435,313692417
20200331,"13:40:01","SZ","NB",13045671876,12101461688,25147133564,944210188
20200331,"13:41:01","SH","NB",9535794568,9165954551,18701749119,369840017
20200331,"13:41:01","SZ","NB",13189900638,12143504201,25333404839,1046396437
20200331,"13:42:01","SZ","NB",13245245663,12197856096,25443101759,1047389567
20200331,"13:42:01","SH","NB",9595085269,9214604192,18809689461,380481077
20200331,"13:43:01","SH","NB",9638062527,9267542657,18905605184,370519870
20200331,"13:43:01","SZ","NB",13295202269,12241864301,25537066570,1053337968
20200331,"13:44:01","SH","NB",9679724990,9302220562,18981945552,377504428
20200331,"13:44:01","SZ","NB",13339382348,12280720097,25620102445,1058662251
20200331,"13:45:01","SH","NB",9715014411,9380625351,19095639762,334389060
20200331,"13:45:01","SZ","NB",13368242007,12361282450,25729524457,1006959557
20200331,"13:46:01","SH","NB",9764767614,9415555821,19180323435,349211793
20200331,"13:46:01","SZ","NB",13412947909,12391942729,25804890638,1021005180
20200331,"13:47:01","SH","NB",9796516626,9443538420,19240055046,352978206
20200331,"13:47:01","SZ","NB",13447835007,12420203143,25868038150,1027631864
20200331,"13:48:01","SH","NB",9828663783,9459748510,19288412293,368915273
20200331,"13:48:01","SZ","NB",13480339698,12514913678,25995253376,965426020
20200331,"13:49:01","SH","NB",9866292440,9482358908,19348651348,383933532
20200331,"13:49:01","SZ","NB",13509800953,12547703127,26057504080,962097826
20200331,"13:50:01","SZ","NB",13539606656,12585877691,26125484347,953728965
20200331,"13:50:01","SH","NB",9906365675,9512909445,19419275120,393456230
20200331,"13:51:01","SH","NB",9951857688,9633441260,19585298948,318416428
20200331,"13:51:01","SZ","NB",13579274670,12667419483,26246694153,911855187
20200331,"13:52:01","SH","NB",9987515314,9689192330,19676707644,298322984
20200331,"13:52:01","SZ","NB",13617644985,12745397563,26363042548,872247422
20200331,"13:53:01","SZ","NB",13661162924,12799822262,26460985186,861340662
20200331,"13:53:01","SH","NB",10034040972,9776713171,19810754143,257327801
20200331,"13:54:01","SH","NB",10079619086,9802522094,19882141180,277096992
20200331,"13:54:01","SZ","NB",13708523859,12827176915,26535700774,881346944
20200331,"13:55:01","SH","NB",10121903639,9886821351,20008724990,235082288
20200331,"13:55:01","SZ","NB",13751200884,12894603250,26645804134,856597634
20200331,"13:56:01","SH","NB",10176586214,9918315996,20094902210,258270218
20200331,"13:56:01","SZ","NB",13791804978,12917931349,26709736327,873873629
20200331,"13:57:01","SH","NB",10242452951,9943491520,20185944471,298961431
20200331,"13:57:01","SZ","NB",13845064535,12936286116,26781350651,908778419
20200331,"13:58:01","SH","NB",10288990697,10009285403,20298276100,279705294
20200331,"13:58:01","SZ","NB",13880396195,12985958114,26866354309,894438081
20200331,"13:59:01","SH","NB",10327296103,10038097868,20365393971,289198235
20200331,"13:59:01","SZ","NB",13912198893,13008981919,26921180812,903216974
20200331,"14:00:01","SH","NB",10357387267,10066246746,20423634013,291140521
20200331,"14:00:01","SZ","NB",13941138627,13031914547,26973053174,909224080
20200331,"14:01:01","SZ","NB",13995622687,13157805807,27153428494,837816880
20200331,"14:01:01","SH","NB",10406558959,10198308568,20604867527,208250391
20200331,"14:02:01","SH","NB",10438519642,10235666330,20674185972,202853312
20200331,"14:02:01","SZ","NB",14039844221,13205812134,27245656355,834032087
20200331,"14:03:01","SH","NB",10474903027,10263104709,20738007736,211798318
20200331,"14:03:01","SZ","NB",14077991832,13231750790,27309742622,846241042
20200331,"14:04:01","SH","NB",10518882568,10289590166,20808472734,229292402
20200331,"14:04:01","SZ","NB",14137027831,13260833155,27397860986,876194676
20200331,"14:05:01","SH","NB",10563443375,10459746175,21023189550,103697200
20200331,"14:05:01","SZ","NB",14181607985,13362139681,27543747666,819468304
20200331,"14:06:01","SH","NB",10612593507,10538208890,21150802397,74384617
20200331,"14:06:01","SZ","NB",14238791958,13423236678,27662028636,815555280
20200331,"14:07:01","SH","NB",10682494044,10603286333,21285780377,79207711
20200331,"14:07:01","SZ","NB",14316939439,13479955620,27796895059,836983819
20200331,"14:08:01","SH","NB",10730272931,10637427323,21367700254,92845608
20200331,"14:08:01","SZ","NB",14376373895,13512304469,27888678364,864069426
20200331,"14:09:01","SZ","NB",14438343989,13542758059,27981102048,895585930
20200331,"14:09:01","SH","NB",10794703121,10684083181,21478786302,110619940
20200331,"14:10:01","SH","NB",10837418623,10761092374,21598510997,76326249
20200331,"14:10:01","SZ","NB",14471056815,13605091553,28076148368,865965262
20200331,"14:11:01","SH","NB",10887917101,10817356906,21705274007,70560195
20200331,"14:11:01","SZ","NB",14531200237,13669332230,28200532467,861868007
20200331,"14:12:01","SH","NB",10929753858,10848525249,21778279107,81228609
20200331,"14:12:01","SZ","NB",14564130693,13705724493,28269855186,858406200
20200331,"14:13:01","SH","NB",10974968368,10879198243,21854166611,95770125
20200331,"14:13:01","SZ","NB",14605616421,13739896668,28345513089,865719753
20200331,"14:14:01","SH","NB",11029983894,10909909364,21939893258,120074530
20200331,"14:14:01","SZ","NB",14653378987,13763006675,28416385662,890372312
20200331,"14:15:01","SZ","NB",14695224638,13834896831,28530121469,860327807
20200331,"14:15:01","SH","NB",11081866756,10999055570,22080922326,82811186
20200331,"14:16:01","SH","NB",11117968356,11040144782,22158113138,77823574
20200331,"14:16:01","SZ","NB",14734222191,13870288131,28604510322,863934060
20200331,"14:17:01","SH","NB",11160789068,11067904541,22228693609,92884527
20200331,"14:17:01","SZ","NB",14778503688,13902681914,28681185602,875821774
20200331,"14:18:01","SH","NB",11238142394,11107023263,22345165657,131119131
20200331,"14:18:01","SZ","NB",14859259432,13925113398,28784372830,934146034
20200331,"14:19:01","SH","NB",11282762370,11142015122,22424777492,140747248
20200331,"14:19:01","SZ","NB",14936847732,13958073529,28894921261,978774203
20200331,"14:20:01","SH","NB",11334399826,11190224103,22524623929,144175723
20200331,"14:20:01","SZ","NB",14978144858,13995553126,28973697984,982591732
20200331,"14:21:01","SH","NB",11384637059,11227904431,22612541490,156732628
20200331,"14:21:01","SZ","NB",15040137073,14052476562,29092613635,987660511
20200331,"14:22:01","SH","NB",11436493224,11263330739,22699823963,173162485
20200331,"14:22:01","SZ","NB",15092657319,14094368116,29187025435,998289203
20200331,"14:23:01","SZ","NB",15128760442,14147374455,29276134897,981385987
20200331,"14:23:01","SH","NB",11473832620,11307750919,22781583539,166081701
20200331,"14:24:01","SH","NB",11507079944,11355116088,22862196032,151963856
20200331,"14:24:01","SZ","NB",15160157649,14205226887,29365384536,954930762
20200331,"14:25:01","SH","NB",11539871307,11385319563,22925190870,154551744
20200331,"14:25:01","SZ","NB",15191872227,14234860265,29426732492,957011962
20200331,"14:26:01","SH","NB",11576959843,11422415159,22999375002,154544684
20200331,"14:26:01","SZ","NB",15227059104,14273216183,29500275287,953842921
20200331,"14:27:01","SH","NB",11610919597,11463026346,23073945943,147893251
20200331,"14:27:01","SZ","NB",15262419237,14309426116,29571845353,952993121
20200331,"14:28:01","SH","NB",11646773220,11501082393,23147855613,145690827
20200331,"14:28:01","SZ","NB",15300456613,14341290701,29641747314,959165912
20200331,"14:29:01","SH","NB",11707648371,11539006929,23246655300,168641442
20200331,"14:29:01","SZ","NB",15346266826,14372801076,29719067902,973465750
20200331,"14:30:01","SH","NB",11746374269,11576770118,23323144387,169604151
20200331,"14:30:01","SZ","NB",15382511808,14413157782,29795669590,969354026
20200331,"14:31:01","SH","NB",11931348157,11629536905,23560885062,301811252
20200331,"14:31:01","SZ","NB",15448299660,14471523062,29919822722,976776598
20200331,"14:32:01","SZ","NB",15507719432,14511116746,30018836178,996602686
20200331,"14:32:01","SH","NB",11994498446,11680411844,23674910290,314086602
20200331,"14:33:01","SH","NB",12038651457,11728516969,23767168426,310134488
20200331,"14:33:01","SZ","NB",15551010625,14562935085,30113945710,988075540
20200331,"14:34:01","SH","NB",12115128955,11776964191,23892093146,338164764
20200331,"14:34:01","SZ","NB",15619579439,14608118529,30227697968,1011460910
20200331,"14:35:01","SZ","NB",15752892980,14650851601,30403744581,1102041379
20200331,"14:35:01","SH","NB",12175573982,11817256524,23992830506,358317458
20200331,"14:36:01","SH","NB",12222406504,11871124860,24093531364,351281644
20200331,"14:36:01","SZ","NB",15807151760,14701078482,30508230242,1106073278
20200331,"14:37:01","SZ","NB",15858277070,14757253649,30615530719,1101023421
20200331,"14:37:01","SH","NB",12264479867,11926904952,24191384819,337574915
20200331,"14:38:01","SH","NB",12313057963,11989535569,24302593532,323522394
20200331,"14:38:01","SZ","NB",15892874882,14816796343,30709671225,1076078539
20200331,"14:39:01","SH","NB",12368468664,12033595757,24402064421,334872907
20200331,"14:39:01","SZ","NB",15944335291,14858835371,30803170662,1085499920
20200331,"14:40:01","SH","NB",12431261115,12132748426,24564009541,298512689
20200331,"14:40:01","SZ","NB",15989609291,14942900101,30932509392,1046709190
20200331,"14:41:01","SH","NB",12523542876,12280658169,24804201045,242884707
20200331,"14:41:01","SZ","NB",16069574824,15070192413,31139767237,999382411
20200331,"14:42:01","SH","NB",12596548887,12361360307,24957909194,235188580
20200331,"14:42:01","SZ","NB",16150693154,15142373564,31293066718,1008319590
20200331,"14:43:01","SH","NB",12665742733,12403218824,25068961557,262523909
20200331,"14:43:01","SZ","NB",16224083878,15184847450,31408931328,1039236428
20200331,"14:44:01","SH","NB",12722223875,12473910127,25196134002,248313748
20200331,"14:44:01","SZ","NB",16274714700,15242191446,31516906146,1032523254
20200331,"14:45:01","SH","NB",12787912318,12526254825,25314167143,261657493
20200331,"14:45:01","SZ","NB",16354785692,15281548946,31636334638,1073236746
20200331,"14:46:01","SH","NB",12873258163,12572812126,25446070289,300446037
20200331,"14:46:01","SZ","NB",16441186745,15319364258,31760551003,1121822487
20200331,"14:47:01","SZ","NB",16507765712,15355165613,31862931325,1152600099
20200331,"14:47:01","SH","NB",12943351506,12626599199,25569950705,316752307
20200331,"14:48:01","SH","NB",13004694287,12682860121,25687554408,321834166
20200331,"14:48:01","SZ","NB",16568943654,15395863717,31964807371,1173079937
20200331,"14:49:01","SH","NB",13060321909,12729808537,25790130446,330513372
20200331,"14:49:01","SZ","NB",16625327539,15444522798,32069850337,1180804741
20200331,"14:50:01","SH","NB",13131863790,12809625804,25941489594,322237986
20200331,"14:50:01","SZ","NB",16684830972,15523097457,32207928429,1161733515
20200331,"14:51:01","SH","NB",13220990638,12910923571,26131914209,310067067
20200331,"14:51:01","SZ","NB",16763572962,15609366762,32372939724,1154206200
20200331,"14:52:01","SH","NB",13328455468,12977797028,26306252496,350658440
20200331,"14:52:01","SZ","NB",16847928566,15663476602,32511405168,1184451964
20200331,"14:53:01","SZ","NB",16935058954,15741445476,32676504430,1193613478
20200331,"14:53:01","SH","NB",13421206443,13070926325,26492132768,350280118
20200331,"14:54:01","SH","NB",13524638346,13197568240,26722206586,327070106
20200331,"14:54:01","SZ","NB",17020614146,15831443210,32852057356,1189170936
20200331,"14:55:01","SH","NB",13605622520,13313570694,26919193214,292051826
20200331,"14:55:01","SZ","NB",17081701944,15941086108,33022788052,1140615836
20200331,"14:56:01","SH","NB",13685137649,13435361870,27120499519,249775779
20200331,"14:56:01","SZ","NB",17179031462,16059794821,33238826283,1119236641
20200331,"14:57:01","SH","NB",13741542078,13505243442,27246785520,236298636
20200331,"14:57:01","SZ","NB",17252195205,16126400431,33378595636,1125794774
20200331,"14:58:01","SH","NB",13741542078,13505250545,27246792623,236291533
20200331,"15:00:01","SZ","NB",17373188709,16246813499,33620002208,1126375210
20200331,"15:01:01","SH","NB",14453081479,14034082203,28487163682,418999276
20200331,"15:01:01","SZ","NB",17838118483,16607270492,34445388975,1230847991
