dataDate,dataTime,connectMarket,tradeDirection,buyTurnover,sellTurnover,totalTurnover,netTurnover
20190409,"09:30:02","SH","NB",84624403,65043924,149668327,19580479
20190409,"09:30:02","SZ","NB",43305255,75324359,118629614,-32019104
20190409,"09:31:00","SH","NB",276298093,260646463,536944556,15651630
20190409,"09:31:00","SZ","NB",163865525,276292036,440157561,-112426511
20190409,"09:32:00","SH","NB",500418582,490398951,990817533,10019631
20190409,"09:32:00","SZ","NB",323665153,477904645,801569798,-154239492
20190409,"09:33:01","SH","NB",713776213,767814418,1481590631,-54038205
20190409,"09:33:01","SZ","NB",462718542,719206827,1181925369,-256488285
20190409,"09:34:01","SH","NB",893086569,1051334483,1944421052,-158247914
20190409,"09:34:01","SZ","NB",597087618,950186288,1547273906,-353098670
20190409,"09:35:01","SH","NB",1161512846,1221396892,2382909738,-59884046
20190409,"09:35:01","SZ","NB",808924496,1140719774,1949644270,-331795278
20190409,"09:36:01","SZ","NB",1013205434,1296959917,2310165351,-283754483
20190409,"09:36:01","SH","NB",1406822730,1431234990,2838057720,-24412260
20190409,"09:37:00","SH","NB",1616096959,1689357040,3305453999,-73260081
20190409,"09:37:00","SZ","NB",1166013518,1483135328,2649148846,-317121810
20190409,"09:38:00","SH","NB",1810621212,1860781629,3671402841,-50160417
20190409,"09:38:00","SZ","NB",1360343527,1637334629,2997678156,-276991102
20190409,"09:39:00","SH","NB",1982883161,2053345662,4036228823,-70462501
20190409,"09:39:00","SZ","NB",1534925147,1803149666,3338074813,-268224519
20190409,"09:40:00","SH","NB",2172948028,2202834983,4375783011,-29886955
20190409,"09:40:00","SZ","NB",1713737269,1917971131,3631708400,-204233862
20190409,"09:41:00","SH","NB",2333270757,2457661843,4790932600,-124391086
20190409,"09:41:00","SZ","NB",1845009935,2207154284,4052164219,-362144349
20190409,"09:42:00","SH","NB",2510771015,2656471532,5167242547,-145700517
20190409,"09:42:00","SZ","NB",1987491613,2351064479,4338556092,-363572866
20190409,"09:43:00","SH","NB",2627259488,2830298344,5457557832,-203038856
20190409,"09:43:00","SZ","NB",2105234321,2483981337,4589215658,-378747016
20190409,"09:44:01","SZ","NB",2244076083,2642199689,4886275772,-398123606
20190409,"09:44:01","SH","NB",2776080538,2994154464,5770235002,-218073926
20190409,"09:45:01","SH","NB",2939069817,3137834604,6076904421,-198764787
20190409,"09:45:01","SZ","NB",2425510715,2771584079,5197094794,-346073364
20190409,"09:46:00","SH","NB",3145602988,3242589777,6388192765,-96986789
20190409,"09:46:00","SZ","NB",2672790195,2877680302,5550470497,-204890107
20190409,"09:47:01","SH","NB",3294124470,3385352027,6679476497,-91227557
20190409,"09:47:01","SZ","NB",2872276029,2980536211,5852812240,-108260182
20190409,"09:48:00","SH","NB",3418017649,3511108765,6929126414,-93091116
20190409,"09:48:00","SZ","NB",3034668085,3064687284,6099355369,-30019199
20190409,"09:49:00","SH","NB",3528505035,3741838769,7270343804,-213333734
20190409,"09:49:00","SZ","NB",3149109942,3273324668,6422434610,-124214726
20190409,"09:50:00","SH","NB",3696346635,3910875445,7607222080,-214528810
20190409,"09:50:00","SZ","NB",3459726280,3397795076,6857521356,61931204
20190409,"09:51:00","SH","NB",3803274511,4093245539,7896520050,-289971028
20190409,"09:51:00","SZ","NB",3621812132,3530319780,7152131912,91492352
20190409,"09:52:00","SZ","NB",3737793695,3641758643,7379552338,96035052
20190409,"09:52:00","SH","NB",3917860035,4244291923,8162151958,-326431888
20190409,"09:53:01","SH","NB",3997699755,4394894351,8392594106,-397194596
20190409,"09:53:01","SZ","NB",3825168044,3737621179,7562789223,87546865
20190409,"09:54:00","SH","NB",4107516495,4512053971,8619570466,-404537476
20190409,"09:54:00","SZ","NB",3921429888,3826020238,7747450126,95409650
20190409,"09:55:00","SH","NB",4261146581,4587599848,8848746429,-326453267
20190409,"09:55:00","SZ","NB",4095097255,3896410258,7991507513,198686997
20190409,"09:56:01","SH","NB",4353451016,4638759938,8992210954,-285308922
20190409,"09:56:01","SZ","NB",4211438531,3970526907,8181965438,240911624
20190409,"09:57:00","SH","NB",4449836831,4708394081,9158230912,-258557250
20190409,"09:57:00","SZ","NB",4310158929,4039337157,8349496086,270821772
20190409,"09:58:00","SZ","NB",4380164027,4190708706,8570872733,189455321
20190409,"09:58:00","SH","NB",4553681179,4858533831,9412215010,-304852652
20190409,"09:59:00","SH","NB",4647802733,4963400303,9611203036,-315597570
20190409,"09:59:00","SZ","NB",4470298116,4315074229,8785372345,155223887
20190409,"10:00:00","SH","NB",4758088542,5065679319,9823767861,-307590777
20190409,"10:00:00","SZ","NB",4558028759,4458161475,9016190234,99867284
20190409,"10:01:01","SH","NB",4860115302,5227572920,10087688222,-367457618
20190409,"10:01:01","SZ","NB",4673648557,4616564664,9290213221,57083893
20190409,"10:02:00","SH","NB",5085811640,5346709267,10432520907,-260897627
20190409,"10:02:00","SZ","NB",4825058054,4707671999,9532730053,117386055
20190409,"10:03:01","SH","NB",5191841338,5431310707,10623152045,-239469369
20190409,"10:03:01","SZ","NB",4909346523,4777959945,9687306468,131386578
20190409,"10:04:00","SH","NB",5296926519,5490752077,10787678596,-193825558
20190409,"10:04:00","SZ","NB",5001531364,4849816593,9851347957,151714771
20190409,"10:05:00","SH","NB",5363978086,5548563220,10912541306,-184585134
20190409,"10:05:00","SZ","NB",5056836997,4937383907,9994220904,119453090
20190409,"10:06:00","SH","NB",5426867135,5605000090,11031867225,-178132955
20190409,"10:06:00","SZ","NB",5121220838,5004836573,10126057411,116384265
20190409,"10:07:00","SH","NB",5484325358,5713745202,11198070560,-229419844
20190409,"10:07:00","SZ","NB",5193458943,5175499463,10368958406,17959480
20190409,"10:08:00","SZ","NB",5238547912,5300469019,10539016931,-61921107
20190409,"10:08:00","SH","NB",5542758272,5825050494,11367808766,-282292222
20190409,"10:09:01","SH","NB",5824234226,5938741361,11762975587,-114507135
20190409,"10:09:01","SZ","NB",5424570823,5413830696,10838401519,10740127
20190409,"10:10:00","SH","NB",5931868388,5997445445,11929313833,-65577057
20190409,"10:10:00","SZ","NB",5530503446,5491828454,11022331900,38674992
20190409,"10:11:00","SH","NB",5990572041,6062176916,12052748957,-71604875
20190409,"10:11:00","SZ","NB",5588800081,5574620608,11163420689,14179473
20190409,"10:12:00","SH","NB",6048097812,6128101204,12176199016,-80003392
20190409,"10:12:00","SZ","NB",5630516224,5664548713,11295064937,-34032489
20190409,"10:13:00","SH","NB",6105270291,6208501333,12313771624,-103231042
20190409,"10:13:00","SZ","NB",5687333076,5803898932,11491232008,-116565856
20190409,"10:14:00","SH","NB",6151321657,6270211380,12421533037,-118889723
20190409,"10:14:00","SZ","NB",5740234314,5906507241,11646741555,-166272927
20190409,"10:15:01","SH","NB",6211647847,6320989666,12532637513,-109341819
20190409,"10:15:01","SZ","NB",5795305905,5964290639,11759596544,-168984734
20190409,"10:16:00","SZ","NB",5833281468,6067545168,11900826636,-234263700
20190409,"10:16:00","SH","NB",6253776953,6369090305,12622867258,-115313352
20190409,"10:17:01","SH","NB",6309857720,6424819451,12734677171,-114961731
20190409,"10:17:01","SZ","NB",5869365761,6136110533,12005476294,-266744772
20190409,"10:18:00","SH","NB",6353138846,6463715975,12816854821,-110577129
20190409,"10:18:00","SZ","NB",5914138813,6178275988,12092414801,-264137175
20190409,"10:19:00","SH","NB",6385627774,6503915432,12889543206,-118287658
20190409,"10:19:00","SZ","NB",5971207159,6234583699,12205790858,-263376540
20190409,"10:20:00","SH","NB",6451626850,6538946966,12990573816,-87320116
20190409,"10:20:00","SZ","NB",6040930269,6283291743,12324222012,-242361474
20190409,"10:21:00","SH","NB",6516182550,6571599575,13087782125,-55417025
20190409,"10:21:00","SZ","NB",6092951418,6321303961,12414255379,-228352543
20190409,"10:22:00","SZ","NB",6137956827,6405046822,12543003649,-267089995
20190409,"10:22:00","SH","NB",6565592611,6630711652,13196304263,-65119041
20190409,"10:23:00","SH","NB",6601816831,6682209741,13284026572,-80392910
20190409,"10:23:00","SZ","NB",6179754209,6467878195,12647632404,-288123986
20190409,"10:24:00","SH","NB",6634308989,6738930786,13373239775,-104621797
20190409,"10:24:00","SZ","NB",6218236282,6542569561,12760805843,-324333279
20190409,"10:25:00","SH","NB",6697784804,6798290758,13496075562,-100505954
20190409,"10:25:00","SZ","NB",6262334672,6603135633,12865470305,-340800961
20190409,"10:26:00","SH","NB",6750184446,6854720638,13604905084,-104536192
20190409,"10:26:00","SZ","NB",6303074223,6662522881,12965597104,-359448658
20190409,"10:27:01","SH","NB",6823819249,6912373243,13736192492,-88553994
20190409,"10:27:01","SZ","NB",6354189007,6706735992,13060924999,-352546985
20190409,"10:28:00","SH","NB",6883254214,6965668012,13848922226,-82413798
20190409,"10:28:00","SZ","NB",6394359899,6745748462,13140108361,-351388563
20190409,"10:29:00","SZ","NB",6437773994,6787571122,13225345116,-349797128
20190409,"10:29:00","SH","NB",6930285633,7009563238,13939848871,-79277605
20190409,"10:30:01","SH","NB",7061540906,7046243669,14107784575,15297237
20190409,"10:30:01","SZ","NB",6513634175,6821143652,13334777827,-307509477
20190409,"10:31:00","SH","NB",7245295168,7087321536,14332616704,157973632
20190409,"10:31:00","SZ","NB",6618518970,6857079810,13475598780,-238560840
20190409,"10:32:00","SH","NB",7318525606,7141119794,14459645400,177405812
20190409,"10:32:00","SZ","NB",6680642386,6892396718,13573039104,-211754332
20190409,"10:33:00","SH","NB",7449654993,7205633045,14655288038,244021948
20190409,"10:33:00","SZ","NB",6722838623,6940434614,13663273237,-217595991
20190409,"10:34:00","SH","NB",7519013011,7278740808,14797753819,240272203
20190409,"10:34:00","SZ","NB",6759273319,6991107267,13750380586,-231833948
20190409,"10:35:00","SH","NB",7579932137,7327471946,14907404083,252460191
20190409,"10:35:00","SZ","NB",6793718660,7024615717,13818334377,-230897057
20190409,"10:36:00","SH","NB",7649987634,7385504222,15035491856,264483412
20190409,"10:36:00","SZ","NB",6823200523,7057880029,13881080552,-234679506
20190409,"10:37:00","SZ","NB",6907710023,7087611042,13995321065,-179901019
20190409,"10:37:00","SH","NB",7736354036,7424095915,15160449951,312258121
20190409,"10:38:00","SH","NB",7792048231,7480839877,15272888108,311208354
20190409,"10:38:00","SZ","NB",6962946168,7124790415,14087736583,-161844247
20190409,"10:39:01","SH","NB",7834029311,7546551885,15380581196,287477426
20190409,"10:39:01","SZ","NB",6999508710,7178433434,14177942144,-178924724
20190409,"10:40:00","SH","NB",7871655909,7597745261,15469401170,273910648
20190409,"10:40:00","SZ","NB",7023743530,7224374152,14248117682,-200630622
20190409,"10:41:00","SH","NB",7908635611,7645655547,15554291158,262980064
20190409,"10:41:00","SZ","NB",7050161743,7285621998,14335783741,-235460255
20190409,"10:42:00","SZ","NB",7074348000,7354379172,14428727172,-280031172
20190409,"10:42:00","SH","NB",7961383975,7717751005,15679134980,243632970
20190409,"10:43:00","SH","NB",7998910155,7755692599,15754602754,243217556
20190409,"10:43:00","SZ","NB",7103483755,7411824355,14515308110,-308340600
20190409,"10:44:01","SH","NB",8068738377,7790593964,15859332341,278144413
20190409,"10:44:01","SZ","NB",7144695989,7438748522,14583444511,-294052533
20190409,"10:45:00","SH","NB",8221602766,7826836696,16048439462,394766070
20190409,"10:45:00","SZ","NB",7264006674,7472358788,14736365462,-208352114
20190409,"10:46:00","SH","NB",8345912005,7861073390,16206985395,484838615
20190409,"10:46:00","SZ","NB",7369601075,7509155743,14878756818,-139554668
20190409,"10:47:00","SH","NB",8415192885,7933922751,16349115636,481270134
20190409,"10:47:00","SZ","NB",7423988479,7565044534,14989033013,-141056055
20190409,"10:48:00","SH","NB",8461582593,7980994334,16442576927,480588259
20190409,"10:48:00","SZ","NB",7455532056,7604594051,15060126107,-149061995
20190409,"10:49:00","SH","NB",8499912181,8053638198,16553550379,446273983
20190409,"10:49:00","SZ","NB",7481261592,7680580863,15161842455,-199319271
20190409,"10:50:01","SH","NB",8542284497,8087680253,16629964750,454604244
20190409,"10:50:01","SZ","NB",7514063811,7709524618,15223588429,-195460807
20190409,"10:51:00","SZ","NB",7546751436,7738515983,15285267419,-191764547
20190409,"10:51:00","SH","NB",8596914687,8116877915,16713792602,480036772
20190409,"10:52:01","SH","NB",8651494312,8149191855,16800686167,502302457
20190409,"10:52:01","SZ","NB",7576768787,7768716066,15345484853,-191947279
20190409,"10:53:00","SH","NB",8848170056,8195272539,17043442595,652897517
20190409,"10:53:00","SZ","NB",7660376111,7799583483,15459959594,-139207372
20190409,"10:54:00","SH","NB",8919530241,8247734361,17167264602,671795880
20190409,"10:54:00","SZ","NB",7707107577,7841236593,15548344170,-134129016
20190409,"10:55:00","SH","NB",8961186570,8287509367,17248695937,673677203
20190409,"10:55:00","SZ","NB",7737238879,7876756442,15613995321,-139517563
20190409,"10:56:00","SZ","NB",7816825402,7903614743,15720440145,-86789341
20190409,"10:56:00","SH","NB",9068254176,8324965726,17393219902,743288450
20190409,"10:57:00","SH","NB",9218258554,8373336087,17591594641,844922467
20190409,"10:57:00","SZ","NB",7895791056,7939288322,15835079378,-43497266
20190409,"10:58:01","SH","NB",9271441993,8451521853,17722963846,819920140
20190409,"10:58:01","SZ","NB",7946457664,7997987844,15944445508,-51530180
20190409,"10:59:00","SH","NB",9309163856,8521509787,17830673643,787654069
20190409,"10:59:00","SZ","NB",7974801015,8062421208,16037222223,-87620193
20190409,"11:00:01","SH","NB",9358673158,8591825921,17950499079,766847237
20190409,"11:00:01","SZ","NB",8011662484,8111547696,16123210180,-99885212
20190409,"11:01:01","SH","NB",9493077705,8655254419,18148332124,837823286
20190409,"11:01:01","SZ","NB",8096821025,8145899503,16242720528,-49078478
20190409,"11:02:01","SH","NB",9550804535,8715352327,18266156862,835452208
20190409,"11:02:01","SZ","NB",8135590753,8178105917,16313696670,-42515164
20190409,"11:03:00","SH","NB",9600019998,8840921456,18440941454,759098542
20190409,"11:03:00","SZ","NB",8172204768,8253304547,16425509315,-81099779
20190409,"11:04:00","SZ","NB",8201079669,8293597239,16494676908,-92517570
20190409,"11:04:00","SH","NB",9636945373,8930569474,18567514847,706375899
20190409,"11:05:00","SH","NB",9676117026,8994503700,18670620726,681613326
20190409,"11:05:00","SZ","NB",8232558667,8334048716,16566607383,-101490049
20190409,"11:06:00","SH","NB",9701599714,9031627148,18733226862,669972566
20190409,"11:06:00","SZ","NB",8262406134,8364984712,16627390846,-102578578
20190409,"11:07:00","SH","NB",9739290448,9064472737,18803763185,674817711
20190409,"11:07:00","SZ","NB",8298352495,8386767826,16685120321,-88415331
20190409,"11:08:00","SH","NB",9771540801,9096173755,18867714556,675367046
20190409,"11:08:00","SZ","NB",8328858081,8408972099,16737830180,-80114018
20190409,"11:09:00","SH","NB",9806146649,9152504729,18958651378,653641920
20190409,"11:09:00","SZ","NB",8349607284,8442147803,16791755087,-92540519
20190409,"11:10:00","SH","NB",9828668440,9180070771,19008739211,648597669
20190409,"11:10:00","SZ","NB",8371698863,8471673166,16843372029,-99974303
20190409,"11:11:00","SH","NB",9952655272,9221078445,19173733717,731576827
20190409,"11:11:00","SZ","NB",8466975561,8509548686,16976524247,-42573125
20190409,"11:12:00","SH","NB",10008649365,9250864971,19259514336,757784394
20190409,"11:12:00","SZ","NB",8504519396,8543617879,17048137275,-39098483
20190409,"11:13:00","SH","NB",10055955526,9377732829,19433688355,678222697
20190409,"11:13:00","SZ","NB",8536703518,8645428098,17182131616,-108724580
20190409,"11:14:00","SZ","NB",8570829694,8684398857,17255228551,-113569163
20190409,"11:14:00","SH","NB",10089092549,9414283293,19503375842,674809256
20190409,"11:15:00","SH","NB",10251568591,9462969303,19714537894,788599288
20190409,"11:15:00","SZ","NB",8713619534,8725672994,17439292528,-12053460
20190409,"11:16:00","SH","NB",10310940609,9507300697,19818241306,803639912
20190409,"11:16:00","SZ","NB",8772106149,8763757608,17535863757,8348541
20190409,"11:17:00","SH","NB",10374605290,9546066634,19920671924,828538656
20190409,"11:17:00","SZ","NB",8798429805,8795313213,17593743018,3116592
20190409,"11:18:00","SH","NB",10405367385,9582141628,19987509013,823225757
20190409,"11:18:00","SZ","NB",8828172736,8821255306,17649428042,6917430
20190409,"11:19:00","SH","NB",10442923372,9625371658,20068295030,817551714
20190409,"11:19:00","SZ","NB",8866954887,8849052160,17716007047,17902727
20190409,"11:20:01","SH","NB",10468963718,9673574826,20142538544,795388892
20190409,"11:20:01","SZ","NB",8889201384,8883771982,17772973366,5429402
20190409,"11:21:00","SH","NB",10505997118,9736499445,20242496563,769497673
20190409,"11:21:00","SZ","NB",8913988826,8921830557,17835819383,-7841731
20190409,"11:22:00","SZ","NB",8942178402,8944088349,17886266751,-1909947
20190409,"11:22:00","SH","NB",10540252904,9780783021,20321035925,759469883
20190409,"11:23:00","SH","NB",10593671842,9819061204,20412733046,774610638
20190409,"11:23:00","SZ","NB",8971530999,8966058136,17937589135,5472863
20190409,"11:24:00","SH","NB",10643929023,9862547664,20506476687,781381359
20190409,"11:24:00","SZ","NB",9012420609,8993273899,18005694508,19146710
20190409,"11:25:00","SH","NB",10738407989,9906516735,20644924724,831891254
20190409,"11:25:00","SZ","NB",9089142230,9016928640,18106070870,72213590
20190409,"11:26:00","SH","NB",10766587543,9958955175,20725542718,807632368
20190409,"11:26:00","SZ","NB",9120778387,9069095274,18189873661,51683113
20190409,"11:27:00","SH","NB",10791350123,9999335079,20790685202,792015044
20190409,"11:27:00","SZ","NB",9148912267,9097160201,18246072468,51752066
20190409,"11:28:00","SH","NB",10827539472,10073928489,20901467961,753610983
20190409,"11:28:00","SZ","NB",9183654294,9122559636,18306213930,61094658
20190409,"11:29:00","SH","NB",10854328450,10111878085,20966206535,742450365
20190409,"11:29:00","SZ","NB",9220725147,9142971200,18363696347,77753947
20190409,"11:30:00","SZ","NB",9264350208,9171034596,18435384804,93315612
20190409,"11:30:00","SH","NB",10885987785,10142096931,21028084716,743890854
20190409,"11:31:00","SH","NB",10886223245,10142117993,21028341238,744105252
20190409,"13:01:00","SH","NB",11008615206,10310720218,21319335424,697894988
20190409,"13:01:00","SZ","NB",9368793942,9303938287,18672732229,64855655
20190409,"13:02:00","SH","NB",11058682849,10373297679,21431980528,685385170
20190409,"13:02:00","SZ","NB",9411410393,9371100659,18782511052,40309734
20190409,"13:03:00","SH","NB",11095409924,10428763602,21524173526,666646322
20190409,"13:03:00","SZ","NB",9449968105,9437173139,18887141244,12794966
20190409,"13:04:00","SH","NB",11125573932,10478814177,21604388109,646759755
20190409,"13:04:00","SZ","NB",9475263821,9474245264,18949509085,1018557
20190409,"13:05:00","SZ","NB",9506276965,9524534757,19030811722,-18257792
20190409,"13:05:00","SH","NB",11156198525,10527153231,21683351756,629045294
20190409,"13:06:00","SH","NB",11183835273,10577173478,21761008751,606661795
20190409,"13:06:00","SZ","NB",9529000852,9577942021,19106942873,-48941169
20190409,"13:07:00","SH","NB",11220077745,10630378513,21850456258,589699232
20190409,"13:07:00","SZ","NB",9554648681,9626783540,19181432221,-72134859
20190409,"13:08:00","SH","NB",11254456091,10685910017,21940366108,568546074
20190409,"13:08:00","SZ","NB",9581042270,9665434793,19246477063,-84392523
20190409,"13:09:00","SH","NB",11276408804,10734375327,22010784131,542033477
20190409,"13:09:00","SZ","NB",9603154546,9700832718,19303987264,-97678172
20190409,"13:10:00","SZ","NB",9638795336,9734585539,19373380875,-95790203
20190409,"13:10:00","SH","NB",11308911825,10760342113,22069253938,548569712
20190409,"13:11:01","SH","NB",11338248333,10786633728,22124882061,551614605
20190409,"13:11:01","SZ","NB",9661888530,9767167192,19429055722,-105278662
20190409,"13:12:00","SH","NB",11371772650,10813558933,22185331583,558213717
20190409,"13:12:00","SZ","NB",9689356299,9796519812,19485876111,-107163513
20190409,"13:13:00","SH","NB",11395631310,10876918058,22272549368,518713252
20190409,"13:13:00","SZ","NB",9711533399,9840021498,19551554897,-128488099
20190409,"13:14:00","SH","NB",11436796310,10908300037,22345096347,528496273
20190409,"13:14:00","SZ","NB",9742562053,9874653037,19617215090,-132090984
20190409,"13:15:00","SH","NB",11470918963,10932558153,22403477116,538360810
20190409,"13:15:00","SZ","NB",9792338033,9905928604,19698266637,-113590571
20190409,"13:16:00","SH","NB",11503871504,10962443750,22466315254,541427754
20190409,"13:16:00","SZ","NB",9822667504,9939023299,19761690803,-116355795
20190409,"13:17:00","SZ","NB",9851789568,9980421732,19832211300,-128632164
20190409,"13:17:00","SH","NB",11542662767,10993184251,22535847018,549478516
20190409,"13:18:00","SH","NB",11587977641,11022391816,22610369457,565585825
20190409,"13:18:00","SZ","NB",9882407056,10015064586,19897471642,-132657530
20190409,"13:19:00","SH","NB",11613532205,11062607145,22676139350,550925060
20190409,"13:19:00","SZ","NB",9916029745,10067278115,19983307860,-151248370
20190409,"13:20:00","SZ","NB",9945223398,10120733743,20065957141,-175510345
20190409,"13:20:00","SH","NB",11642943769,11111961402,22754905171,530982367
20190409,"13:21:00","SH","NB",11672358229,11155215700,22827573929,517142529
20190409,"13:21:00","SZ","NB",9978297540,10177754050,20156051590,-199456510
20190409,"13:22:00","SH","NB",11706582033,11190775907,22897357940,515806126
20190409,"13:22:00","SZ","NB",10007391601,10221992188,20229383789,-214600587
20190409,"13:23:00","SH","NB",11748824269,11220158487,22968982756,528665782
20190409,"13:23:00","SZ","NB",10043363495,10252791056,20296154551,-209427561
20190409,"13:24:00","SH","NB",11790643899,11242586756,23033230655,548057143
20190409,"13:24:00","SZ","NB",10086510865,10282681031,20369191896,-196170166
20190409,"13:25:00","SH","NB",11824038074,11269352028,23093390102,554686046
20190409,"13:25:00","SZ","NB",10115178896,10315761449,20430940345,-200582553
20190409,"13:26:00","SH","NB",11853286669,11299126753,23152413422,554159916
20190409,"13:26:00","SZ","NB",10138766686,10352049705,20490816391,-213283019
20190409,"13:27:01","SH","NB",11879974251,11320322012,23200296263,559652239
20190409,"13:27:01","SZ","NB",10162903707,10385862283,20548765990,-222958576
20190409,"13:28:00","SH","NB",11916824388,11343208630,23260033018,573615758
20190409,"13:28:00","SZ","NB",10192967988,10417592444,20610560432,-224624456
20190409,"13:29:00","SH","NB",11956316600,11364865638,23321182238,591450962
20190409,"13:29:00","SZ","NB",10225946008,10447708711,20673654719,-221762703
20190409,"13:30:00","SZ","NB",10260460080,10516451611,20776911691,-255991531
20190409,"13:30:00","SH","NB",11995859827,11420433176,23416293003,575426651
20190409,"13:31:00","SH","NB",12040991923,11453165768,23494157691,587826155
20190409,"13:31:00","SZ","NB",10292679580,10549358700,20842038280,-256679120
20190409,"13:32:00","SH","NB",12069350125,11479657440,23549007565,589692685
20190409,"13:32:00","SZ","NB",10325197300,10584331717,20909529017,-259134417
20190409,"13:33:00","SH","NB",12100904918,11504031542,23604936460,596873376
20190409,"13:33:00","SZ","NB",10348721038,10610730559,20959451597,-262009521
20190409,"13:34:00","SH","NB",12132197924,11558353839,23690551763,573844085
20190409,"13:34:00","SZ","NB",10375610655,10663774144,21039384799,-288163489
20190409,"13:35:00","SH","NB",12173217602,11592656777,23765874379,580560825
20190409,"13:35:00","SZ","NB",10410370748,10697729664,21108100412,-287358916
20190409,"13:36:00","SH","NB",12242765284,11622921931,23865687215,619843353
20190409,"13:36:00","SZ","NB",10453706366,10731042266,21184748632,-277335900
20190409,"13:37:00","SH","NB",12299467614,11647024344,23946491958,652443270
20190409,"13:37:00","SZ","NB",10504601464,10768759774,21273361238,-264158310
20190409,"13:38:00","SH","NB",12336549528,11666619987,24003169515,669929541
20190409,"13:38:00","SZ","NB",10533035002,10798896918,21331931920,-265861916
20190409,"13:39:01","SH","NB",12363742378,11699542108,24063284486,664200270
20190409,"13:39:01","SZ","NB",10557589643,10833599788,21391189431,-276010145
20190409,"13:40:00","SZ","NB",10584741165,10859366034,21444107199,-274624869
20190409,"13:40:00","SH","NB",12400924382,11724983058,24125907440,675941324
20190409,"13:41:00","SH","NB",12431437172,11747830394,24179267566,683606778
20190409,"13:41:00","SZ","NB",10612455186,10892838248,21505293434,-280383062
20190409,"13:42:00","SH","NB",12458882833,11768770981,24227653814,690111852
20190409,"13:42:00","SZ","NB",10639434576,10953277113,21592711689,-313842537
20190409,"13:43:00","SH","NB",12504606373,11791827406,24296433779,712778967
20190409,"13:43:00","SZ","NB",10658969663,10991931747,21650901410,-332962084
20190409,"13:44:00","SH","NB",12531608958,11832559510,24364168468,699049448
20190409,"13:44:00","SZ","NB",10683146332,11063616588,21746762920,-380470256
20190409,"13:45:00","SH","NB",12659456116,11866708933,24526165049,792747183
20190409,"13:45:00","SZ","NB",10790636804,11121303078,21911939882,-330666274
20190409,"13:46:00","SH","NB",12706511492,11889080883,24595592375,817430609
20190409,"13:46:00","SZ","NB",10856692088,11161826180,22018518268,-305134092
20190409,"13:47:00","SH","NB",12743849682,11911675147,24655524829,832174535
20190409,"13:47:00","SZ","NB",10883927301,11203568174,22087495475,-319640873
20190409,"13:48:00","SH","NB",12773738388,11941082877,24714821265,832655511
20190409,"13:48:00","SZ","NB",10915017419,11242846806,22157864225,-327829387
20190409,"13:49:00","SH","NB",12803696903,11965375063,24769071966,838321840
20190409,"13:49:00","SZ","NB",10936985062,11271597016,22208582078,-334611954
20190409,"13:50:00","SZ","NB",10957213722,11318964650,22276178372,-361750928
20190409,"13:50:00","SH","NB",12832606396,11993908057,24826514453,838698339
20190409,"13:51:00","SH","NB",12876935923,12036776141,24913712064,840159782
20190409,"13:51:00","SZ","NB",10993056266,11366986336,22360042602,-373930070
20190409,"13:52:00","SH","NB",12917516347,12135123311,25052639658,782393036
20190409,"13:52:00","SZ","NB",11020140353,11455204310,22475344663,-435063957
20190409,"13:53:00","SH","NB",12951957724,12174510516,25126468240,777447208
20190409,"13:53:00","SZ","NB",11054140309,11506978480,22561118789,-452838171
20190409,"13:54:00","SH","NB",12980436198,12220144211,25200580409,760291987
20190409,"13:54:00","SZ","NB",11084235010,11536627925,22620862935,-452392915
20190409,"13:55:00","SH","NB",13012834631,12243821345,25256655976,769013286
20190409,"13:55:00","SZ","NB",11113189986,11563794183,22676984169,-450604197
20190409,"13:56:00","SH","NB",13044225974,12271759455,25315985429,772466519
20190409,"13:56:00","SZ","NB",11139228592,11593147150,22732375742,-453918558
20190409,"13:57:00","SH","NB",13088224047,12302993034,25391217081,785231013
20190409,"13:57:00","SZ","NB",11176780971,11631158235,22807939206,-454377264
20190409,"13:58:00","SH","NB",13164624659,12329748398,25494373057,834876261
20190409,"13:58:00","SZ","NB",11227612707,11664969373,22892582080,-437356666
20190409,"13:59:00","SH","NB",13221832718,12372853173,25594685891,848979545
20190409,"13:59:00","SZ","NB",11293225827,11697966403,22991192230,-404740576
20190409,"14:00:00","SZ","NB",11326800299,11737700227,23064500526,-410899928
20190409,"14:00:00","SH","NB",13259742835,12412427139,25672169974,847315696
20190409,"14:01:01","SH","NB",13291587505,12476876932,25768464437,814710573
20190409,"14:01:01","SZ","NB",11352681721,11774538257,23127219978,-421856536
20190409,"14:02:00","SH","NB",13319875736,12506999520,25826875256,812876216
20190409,"14:02:00","SZ","NB",11373139370,11808692925,23181832295,-435553555
20190409,"14:03:00","SH","NB",13352394598,12588502516,25940897114,763892082
20190409,"14:03:00","SZ","NB",11416973308,11882020008,23298993316,-465046700
20190409,"14:04:00","SH","NB",13378931193,12614066253,25992997446,764864940
20190409,"14:04:00","SZ","NB",11454874617,11912580912,23367455529,-457706295
20190409,"14:05:00","SH","NB",13406576628,12656289169,26062865797,750287459
20190409,"14:05:00","SZ","NB",11479473718,11952400423,23431874141,-472926705
20190409,"14:06:01","SH","NB",13436796359,12709689419,26146485778,727106940
20190409,"14:06:01","SZ","NB",11514513513,11992978313,23507491826,-478464800
20190409,"14:07:00","SZ","NB",11559998796,12138003878,23698002674,-578005082
20190409,"14:07:00","SH","NB",13480593052,12901012494,26381605546,579580558
20190409,"14:08:00","SH","NB",13532171283,13005606211,26537777494,526565072
20190409,"14:08:00","SZ","NB",11600370663,12220323676,23820694339,-619953013
20190409,"14:09:00","SH","NB",13603679322,13059171091,26662850413,544508231
20190409,"14:09:00","SZ","NB",11667386452,12286922024,23954308476,-619535572
20190409,"14:10:00","SH","NB",13663228464,13091956209,26755184673,571272255
20190409,"14:10:00","SZ","NB",11715997087,12337720287,24053717374,-621723200
20190409,"14:11:00","SZ","NB",11768906228,12381085244,24149991472,-612179016
20190409,"14:11:00","SH","NB",13707438289,13130973889,26838412178,576464400
20190409,"14:12:00","SH","NB",13746689184,13157088644,26903777828,589600540
20190409,"14:12:00","SZ","NB",11812059225,12418865115,24230924340,-606805890
20190409,"14:13:00","SH","NB",13783016098,13202802342,26985818440,580213756
20190409,"14:13:00","SZ","NB",11850304252,12458969251,24309273503,-608664999
20190409,"14:14:00","SH","NB",13813664675,13244994403,27058659078,568670272
20190409,"14:14:00","SZ","NB",11888740565,12485899169,24374639734,-597158604
20190409,"14:15:00","SH","NB",13842959422,13299005591,27141965013,543953831
20190409,"14:15:00","SZ","NB",11926734101,12523045302,24449779403,-596311201
20190409,"14:16:00","SZ","NB",11965731419,12616936590,24582668009,-651205171
20190409,"14:16:00","SH","NB",13887705504,13407913310,27295618814,479792194
20190409,"14:17:00","SH","NB",13940526440,13609874143,27550400583,330652297
20190409,"14:17:00","SZ","NB",12016245690,12750918716,24767164406,-734673026
20190409,"14:18:00","SH","NB",14042075057,13692614109,27734689166,349460948
20190409,"14:18:00","SZ","NB",12138475680,12825293147,24963768827,-686817467
20190409,"14:19:00","SH","NB",14137992695,13727837368,27865830063,410155327
20190409,"14:19:00","SZ","NB",12254807688,12865026989,25119834677,-610219301
20190409,"14:20:01","SH","NB",14197779020,13766797903,27964576923,430981117
20190409,"14:20:01","SZ","NB",12314523305,12910801512,25225324817,-596278207
20190409,"14:21:00","SH","NB",14237458189,13798759216,28036217405,438698973
20190409,"14:21:00","SZ","NB",12359885369,12947503374,25307388743,-587618005
20190409,"14:22:00","SH","NB",14270918181,13837971966,28108890147,432946215
20190409,"14:22:00","SZ","NB",12412172829,12985737203,25397910032,-573564374
20190409,"14:23:00","SH","NB",14307740190,13871671360,28179411550,436068830
20190409,"14:23:00","SZ","NB",12462317312,13019064963,25481382275,-556747651
20190409,"14:24:00","SH","NB",14384258032,13903795188,28288053220,480462844
20190409,"14:24:00","SZ","NB",12536984751,13060746889,25597731640,-523762138
20190409,"14:25:00","SZ","NB",12624717524,13104068312,25728785836,-479350788
20190409,"14:25:00","SH","NB",14504930185,13947763846,28452694031,557166339
20190409,"14:26:00","SH","NB",14598277336,13999294374,28597571710,598982962
20190409,"14:26:00","SZ","NB",12700010869,13173845880,25873856749,-473835011
20190409,"14:27:00","SH","NB",14663977571,14040556338,28704533909,623421233
20190409,"14:27:00","SZ","NB",12750698553,13225566329,25976264882,-474867776
20190409,"14:28:00","SH","NB",14704187814,14076373033,28780560847,627814781
20190409,"14:28:00","SZ","NB",12794631970,13312500859,26107132829,-517868889
20190409,"14:29:00","SH","NB",14739433391,14110352041,28849785432,629081350
20190409,"14:29:00","SZ","NB",12822975251,13367423521,26190398772,-544448270
20190409,"14:30:00","SZ","NB",12862733505,13412673730,26275407235,-549940225
20190409,"14:30:00","SH","NB",14789226683,14136440377,28925667060,652786306
20190409,"14:31:01","SH","NB",14837409817,14166754789,29004164606,670655028
20190409,"14:31:01","SZ","NB",12891017667,13462923439,26353941106,-571905772
20190409,"14:32:00","SH","NB",14876537050,14201054252,29077591302,675482798
20190409,"14:32:00","SZ","NB",12917333083,13501274179,26418607262,-583941096
20190409,"14:33:00","SH","NB",14918701069,14229706826,29148407895,688994243
20190409,"14:33:00","SZ","NB",12942743842,13553070351,26495814193,-610326509
20190409,"14:34:00","SH","NB",14962763441,14272189698,29234953139,690573743
20190409,"14:34:00","SZ","NB",12978272770,13614737038,26593009808,-636464268
20190409,"14:35:00","SH","NB",15000189728,14308278123,29308467851,691911605
20190409,"14:35:00","SZ","NB",13006624123,13666252953,26672877076,-659628830
20190409,"14:36:00","SH","NB",15049593477,14351669090,29401262567,697924387
20190409,"14:36:00","SZ","NB",13046099638,13711907179,26758006817,-665807541
20190409,"14:37:00","SZ","NB",13080660853,13754600719,26835261572,-673939866
20190409,"14:37:00","SH","NB",15093392997,14395599095,29488992092,697793902
20190409,"14:38:00","SH","NB",15141122457,14430697587,29571820044,710424870
20190409,"14:38:00","SZ","NB",13114322079,13786024130,26900346209,-671702051
20190409,"14:39:00","SH","NB",15209286331,14473147492,29682433823,736138839
20190409,"14:39:00","SZ","NB",13183186685,13822065398,27005252083,-638878713
20190409,"14:40:00","SH","NB",15298263659,14513634973,29811898632,784628686
20190409,"14:40:00","SZ","NB",13228975668,13868928519,27097904187,-639952851
20190409,"14:41:00","SH","NB",15361809532,14568463645,29930273177,793345887
20190409,"14:41:00","SZ","NB",13291810023,13925194591,27217004614,-633384568
20190409,"14:42:00","SH","NB",15404599716,14620936429,30025536145,783663287
20190409,"14:42:00","SZ","NB",13328722529,13985348525,27314071054,-656625996
20190409,"14:43:00","SH","NB",15448186959,14674666013,30122852972,773520946
20190409,"14:43:00","SZ","NB",13361909249,14033998561,27395907810,-672089312
20190409,"14:44:00","SH","NB",15493009089,14721482286,30214491375,771526803
20190409,"14:44:00","SZ","NB",13404044597,14075530477,27479575074,-671485880
20190409,"14:45:00","SZ","NB",13472443349,14116278232,27588721581,-643834883
20190409,"14:45:00","SH","NB",15589754340,14764674167,30354428507,825080173
20190409,"14:46:00","SH","NB",15645641750,14808201381,30453843131,837440369
20190409,"14:46:00","SZ","NB",13522671032,14172374549,27695045581,-649703517
20190409,"14:47:00","SH","NB",15724645664,14855021223,30579666887,869624441
20190409,"14:47:00","SZ","NB",13573866607,14218005956,27791872563,-644139349
20190409,"14:48:00","SZ","NB",13619470079,14273139864,27892609943,-653669785
20190409,"14:48:00","SH","NB",15788847907,14905166349,30694014256,883681558
20190409,"14:49:00","SH","NB",15859459427,14952281257,30811740684,907178170
20190409,"14:49:00","SZ","NB",13665585915,14336327364,28001913279,-670741449
20190409,"14:50:00","SH","NB",15922977538,14998057073,30921034611,924920465
20190409,"14:50:00","SZ","NB",13723373411,14407825978,28131199389,-684452567
20190409,"14:51:00","SH","NB",15980462556,15068547998,31049010554,911914558
20190409,"14:51:00","SZ","NB",13770203327,14470233761,28240437088,-700030434
20190409,"14:52:00","SH","NB",16046458007,15144543668,31191001675,901914339
20190409,"14:52:00","SZ","NB",13838833262,14549183552,28388016814,-710350290
20190409,"14:53:00","SZ","NB",13941476959,14630131943,28571608902,-688654984
20190409,"14:53:00","SH","NB",16095639030,15210688719,31306327749,884950311
20190409,"14:54:00","SH","NB",16159367668,15317889045,31477256713,841478623
20190409,"14:54:00","SZ","NB",13980869948,14709759714,28690629662,-728889766
20190409,"14:55:00","SH","NB",16218083200,15444605853,31662689053,773477347
20190409,"14:55:00","SZ","NB",14032882995,14773139158,28806022153,-740256163
20190409,"14:56:00","SH","NB",16277546676,15595393441,31872940117,682153235
20190409,"14:56:00","SZ","NB",14072297519,14844661733,28916959252,-772364214
20190409,"14:57:00","SH","NB",16346953548,15788358801,32135312349,558594747
20190409,"14:57:00","SZ","NB",14112998663,14918175230,29031173893,-805176567
20190409,"14:58:00","SH","NB",16346955232,15788399778,32135355010,558555454
20190409,"15:01:00","SH","NB",16557397780,16129096063,32686493843,428301717
20190409,"15:01:00","SZ","NB",14211485337,15041839692,29253325029,-830354355
