dataDate,dataTime,connectMarket,tradeDirection,buyTurnover,sellTurnover,totalTurnover,netTurnover
20200224,"09:30:01","SH","NB",118157668,173473426,291631094,-55315758
20200224,"09:30:01","SZ","NB",230005194,201948493,431953687,28056701
20200224,"09:31:01","SH","NB",503596733,416977706,920574439,86619027
20200224,"09:31:01","SZ","NB",787429630,584592817,1372022447,202836813
20200224,"09:32:01","SH","NB",968800855,625279529,1594080384,343521326
20200224,"09:32:01","SZ","NB",1397238176,1028990974,2426229150,368247202
20200224,"09:33:01","SH","NB",1224929681,817310803,2042240484,407618878
20200224,"09:33:01","SZ","NB",1690185945,1293660483,2983846428,396525462
20200224,"09:34:01","SH","NB",1458077151,1104232598,2562309749,353844553
20200224,"09:34:01","SZ","NB",1998142818,1806599843,3804742661,191542975
20200224,"09:35:01","SH","NB",1651888823,1329733593,2981622416,322155230
20200224,"09:35:01","SZ","NB",2252161034,2094638126,4346799160,157522908
20200224,"09:36:01","SH","NB",1867792472,1798335888,3666128360,69456584
20200224,"09:36:01","SZ","NB",2483590904,2571540853,5055131757,-87949949
20200224,"09:37:01","SZ","NB",2879131598,3154901324,6034032922,-275769726
20200224,"09:37:01","SH","NB",2117275777,2290163931,4407439708,-172888154
20200224,"09:38:01","SH","NB",2311511359,2500487543,4811998902,-188976184
20200224,"09:38:01","SZ","NB",3214330412,3454996288,6669326700,-240665876
20200224,"09:39:01","SH","NB",2450598242,2779351803,5229950045,-328753561
20200224,"09:39:01","SZ","NB",3453611935,3808108126,7261720061,-354496191
20200224,"09:40:01","SH","NB",2792661752,2996286922,5788948674,-203625170
20200224,"09:40:01","SZ","NB",3986587349,4031064765,8017652114,-44477416
20200224,"09:41:01","SH","NB",3029637397,3280777631,6310415028,-251140234
20200224,"09:41:01","SZ","NB",4327768588,4440361075,8768129663,-112592487
20200224,"09:42:01","SH","NB",3248483075,3406630666,6655113741,-158147591
20200224,"09:42:01","SZ","NB",4594713062,4658551259,9253264321,-63838197
20200224,"09:43:01","SH","NB",3388798849,3635184948,7023983797,-246386099
20200224,"09:43:01","SZ","NB",4784834531,5062673711,9847508242,-277839180
20200224,"09:44:01","SH","NB",3565981571,3777163651,7343145222,-211182080
20200224,"09:44:01","SZ","NB",5193004244,5224488241,10417492485,-31483997
20200224,"09:45:01","SZ","NB",5392611398,5424610108,10817221506,-31998710
20200224,"09:45:01","SH","NB",3664515982,3942954533,7607470515,-278438551
20200224,"09:46:01","SH","NB",3833352255,4241298992,8074651247,-407946737
20200224,"09:46:01","SZ","NB",5687929517,5793906562,11481836079,-105977045
20200224,"09:47:01","SH","NB",3947005428,4388986769,8335992197,-441981341
20200224,"09:47:01","SZ","NB",5910706163,5983331491,11894037654,-72625328
20200224,"09:48:01","SH","NB",4074912817,4504873409,8579786226,-429960592
20200224,"09:48:01","SZ","NB",6153599811,6122147947,12275747758,31451864
20200224,"09:49:01","SH","NB",4267410704,4602913627,8870324331,-335502923
20200224,"09:49:01","SZ","NB",6495925501,6280642130,12776567631,215283371
20200224,"09:50:01","SH","NB",4464020318,4728361645,9192381963,-264341327
20200224,"09:50:01","SZ","NB",6678206165,6473848045,13152054210,204358120
20200224,"09:51:01","SH","NB",4579879359,4984057767,9563937126,-404178408
20200224,"09:51:01","SZ","NB",6887907714,6893497159,13781404873,-5589445
20200224,"09:52:01","SZ","NB",7151113507,7063320110,14214433617,87793397
20200224,"09:52:01","SH","NB",4674177153,5085732289,9759909442,-411555136
20200224,"09:53:01","SH","NB",4738068253,5290130025,10028198278,-552061772
20200224,"09:53:01","SZ","NB",7290287210,7348542971,14638830181,-58255761
20200224,"09:54:01","SH","NB",4802858243,5470371901,10273230144,-667513658
20200224,"09:54:01","SZ","NB",7442501387,7539442560,14981943947,-96941173
20200224,"09:55:01","SH","NB",4932929831,5604598272,10537528103,-671668441
20200224,"09:55:01","SZ","NB",7672438901,7692414427,15364853328,-19975526
20200224,"09:56:01","SH","NB",5041811876,5732395570,10774207446,-690583694
20200224,"09:56:01","SZ","NB",7911692958,7869687403,15781380361,42005555
20200224,"09:57:01","SH","NB",5125136697,5854042425,10979179122,-728905728
20200224,"09:57:01","SZ","NB",8051086927,8072313288,16123400215,-21226361
20200224,"09:58:01","SH","NB",5177944396,5990342910,11168287306,-812398514
20200224,"09:58:01","SZ","NB",8159518323,8308445860,16467964183,-148927537
20200224,"09:59:01","SH","NB",5255432614,6088747708,11344180322,-833315094
20200224,"09:59:01","SZ","NB",8349733916,8455187761,16804921677,-105453845
20200224,"10:00:01","SZ","NB",8518594637,8576486533,17095081170,-57891896
20200224,"10:00:01","SH","NB",5323850629,6180579137,11504429766,-856728508
20200224,"10:01:01","SH","NB",5445469528,6275083614,11720553142,-829614086
20200224,"10:01:01","SZ","NB",8821878501,8772521364,17594399865,49357137
20200224,"10:02:01","SH","NB",5566403368,6364549414,11930952782,-798146046
20200224,"10:02:01","SZ","NB",9028633942,8981083801,18009717743,47550141
20200224,"10:03:01","SH","NB",5636656614,6459820255,12096476869,-823163641
20200224,"10:03:01","SZ","NB",9187413002,9162394977,18349807979,25018025
20200224,"10:04:01","SH","NB",5692050472,6618949761,12311000233,-926899289
20200224,"10:04:01","SZ","NB",9304438218,9433709292,18738147510,-129271074
20200224,"10:05:01","SH","NB",5743500346,6792493874,12535994220,-1048993528
20200224,"10:05:01","SZ","NB",9412863297,9680102297,19092965594,-267239000
20200224,"10:06:01","SH","NB",5834639773,6899483512,12734123285,-1064843739
20200224,"10:06:01","SZ","NB",9612951482,9826004822,19438956304,-213053340
20200224,"10:07:01","SZ","NB",9745560239,9973468684,19719028923,-227908445
20200224,"10:07:01","SH","NB",5907423318,6986600970,12894024288,-1079177652
20200224,"10:08:01","SH","NB",5971510289,7064548799,13036059088,-1093038510
20200224,"10:08:01","SZ","NB",9847827498,10120956830,19968784328,-273129332
20200224,"10:09:01","SH","NB",6027800414,7159859690,13187660104,-1132059276
20200224,"10:09:01","SZ","NB",9962166156,10282645642,20244811798,-320479486
20200224,"10:10:01","SH","NB",6121212623,7249876335,13371088958,-1128663712
20200224,"10:10:01","SZ","NB",10093324826,10389937134,20483261960,-296612308
20200224,"10:11:01","SH","NB",6228791803,7356059166,13584850969,-1127267363
20200224,"10:11:01","SZ","NB",10321112025,10604424387,20925536412,-283312362
20200224,"10:12:01","SH","NB",6352646693,7411811132,13764457825,-1059164439
20200224,"10:12:01","SZ","NB",10524349059,10751651321,21276000380,-227302262
20200224,"10:13:01","SH","NB",6421689499,7502640212,13924329711,-1080950713
20200224,"10:13:01","SZ","NB",10622215939,10927855350,21550071289,-305639411
20200224,"10:14:01","SH","NB",6477646883,7595967853,14073614736,-1118320970
20200224,"10:14:01","SZ","NB",10710621472,11128322607,21838944079,-417701135
20200224,"10:15:01","SZ","NB",10780753547,11416313445,22197066992,-635559898
20200224,"10:15:01","SH","NB",6515561541,7722527659,14238089200,-1206966118
20200224,"10:16:01","SH","NB",6557200589,7819978224,14377178813,-1262777635
20200224,"10:16:01","SZ","NB",10871732139,11560149744,22431881883,-688417605
20200224,"10:17:01","SH","NB",6594765146,7921728939,14516494085,-1326963793
20200224,"10:17:01","SZ","NB",10971108865,11710681079,22681789944,-739572214
20200224,"10:18:01","SH","NB",6637316435,8019450748,14656767183,-1382134313
20200224,"10:18:01","SZ","NB",11040639999,11835241663,22875881662,-794601664
20200224,"10:19:01","SH","NB",6678378960,8110528174,14788907134,-1432149214
20200224,"10:19:01","SZ","NB",11131760770,11965111694,23096872464,-833350924
20200224,"10:20:01","SZ","NB",11257607196,12171984798,23429591994,-914377602
20200224,"10:20:01","SH","NB",6741006427,8237263578,14978270005,-1496257151
20200224,"10:21:01","SH","NB",6807840506,8455389510,15263230016,-1647549004
20200224,"10:21:01","SZ","NB",11429087531,12509425555,23938513086,-1080338024
20200224,"10:22:01","SH","NB",6870079893,8697530737,15567610630,-1827450844
20200224,"10:22:01","SZ","NB",11568649335,12809657249,24378306584,-1241007914
20200224,"10:23:01","SH","NB",6945324247,8812957324,15758281571,-1867633077
20200224,"10:23:01","SZ","NB",11766807857,12951690509,24718498366,-1184882652
20200224,"10:24:01","SH","NB",7020392227,8958704176,15979096403,-1938311949
20200224,"10:24:01","SZ","NB",11950485870,13142584742,25093070612,-1192098872
20200224,"10:25:01","SH","NB",7093288753,9079711218,16172999971,-1986422465
20200224,"10:25:01","SZ","NB",12109288137,13316323248,25425611385,-1207035111
20200224,"10:26:01","SH","NB",7168562049,9179263769,16347825818,-2010701720
20200224,"10:26:01","SZ","NB",12270836790,13471945780,25742782570,-1201108990
20200224,"10:27:01","SH","NB",7319398550,9278117810,16597516360,-1958719260
20200224,"10:27:01","SZ","NB",12560995351,13555847552,26116842903,-994852201
20200224,"10:28:01","SH","NB",7406774091,9373624716,16780398807,-1966850625
20200224,"10:28:01","SZ","NB",12674929037,13633970277,26308899314,-959041240
20200224,"10:29:01","SH","NB",7471318862,9521169623,16992488485,-2049850761
20200224,"10:29:01","SZ","NB",12744231353,13758306459,26502537812,-1014075106
20200224,"10:30:01","SZ","NB",12806361947,13854360277,26660722224,-1047998330
20200224,"10:30:01","SH","NB",7509893917,9629880845,17139774762,-2119986928
20200224,"10:31:01","SH","NB",7581733893,9738115508,17319849401,-2156381615
20200224,"10:31:01","SZ","NB",13008375278,13994428943,27002804221,-986053665
20200224,"10:32:01","SH","NB",7620208127,9825971415,17446179542,-2205763288
20200224,"10:32:01","SZ","NB",13107208560,14102404257,27209612817,-995195697
20200224,"10:33:01","SH","NB",7654370403,9953696392,17608066795,-2299325989
20200224,"10:33:01","SZ","NB",13189813081,14220332117,27410145198,-1030519036
20200224,"10:34:01","SH","NB",7695794235,10025371820,17721166055,-2329577585
20200224,"10:34:01","SZ","NB",13255596316,14316165081,27571761397,-1060568765
20200224,"10:35:01","SH","NB",7734550465,10087459354,17822009819,-2352908889
20200224,"10:35:01","SZ","NB",13336709678,14409969648,27746679326,-1073259970
20200224,"10:36:01","SH","NB",7790922637,10155237671,17946160308,-2364315034
20200224,"10:36:01","SZ","NB",13417771885,14489610121,27907382006,-1071838236
20200224,"10:37:01","SH","NB",7829609765,10238950836,18068560601,-2409341071
20200224,"10:37:01","SZ","NB",13478593854,14617838638,28096432492,-1139244784
20200224,"10:38:01","SZ","NB",13522171544,14753840882,28276012426,-1231669338
20200224,"10:38:01","SH","NB",7860587112,10337063911,18197651023,-2476476799
20200224,"10:39:01","SH","NB",7881628051,10393484105,18275112156,-2511856054
20200224,"10:39:01","SZ","NB",13578486051,14847048636,28425534687,-1268562585
20200224,"10:40:01","SH","NB",7907974739,10442651636,18350626375,-2534676897
20200224,"10:40:01","SZ","NB",13625170732,14934857112,28560027844,-1309686380
20200224,"10:41:01","SH","NB",7959099936,10508195279,18467295215,-2549095343
20200224,"10:41:01","SZ","NB",13761188880,15045120373,28806309253,-1283931493
20200224,"10:42:01","SH","NB",8004821662,10607407259,18612228921,-2602585597
20200224,"10:42:01","SZ","NB",13869388761,15122945761,28992334522,-1253557000
20200224,"10:43:01","SZ","NB",13930571739,15224132619,29154704358,-1293560880
20200224,"10:43:01","SH","NB",8035235493,10697787122,18733022615,-2662551629
20200224,"10:44:01","SH","NB",8063512047,10783252423,18846764470,-2719740376
20200224,"10:44:01","SZ","NB",13982891707,15334241440,29317133147,-1351349733
20200224,"10:45:01","SH","NB",8101386373,10855797244,18957183617,-2754410871
20200224,"10:45:01","SZ","NB",14037958349,15436405358,29474363707,-1398447009
20200224,"10:46:01","SH","NB",8151126307,10905350514,19056476821,-2754224207
20200224,"10:46:01","SZ","NB",14110376189,15515790791,29626166980,-1405414602
20200224,"10:47:01","SH","NB",8201800022,10943916852,19145716874,-2742116830
20200224,"10:47:01","SZ","NB",14196048583,15571151353,29767199936,-1375102770
20200224,"10:48:01","SH","NB",8251467479,10995185009,19246652488,-2743717530
20200224,"10:48:01","SZ","NB",14283786897,15618820503,29902607400,-1335033606
20200224,"10:49:01","SH","NB",8295163060,11040728559,19335891619,-2745565499
20200224,"10:49:01","SZ","NB",14360965654,15670000671,30030966325,-1309035017
20200224,"10:50:01","SH","NB",8349495052,11097940341,19447435393,-2748445289
20200224,"10:50:01","SZ","NB",14467889006,15739603373,30207492379,-1271714367
20200224,"10:51:01","SH","NB",8452461856,11169747348,19622209204,-2717285492
20200224,"10:51:01","SZ","NB",14627311851,15848335696,30475647547,-1221023845
20200224,"10:52:01","SZ","NB",14689277144,15946758360,30636035504,-1257481216
20200224,"10:52:01","SH","NB",8500622917,11225750595,19726373512,-2725127678
20200224,"10:53:01","SH","NB",8540896113,11313394493,19854290606,-2772498380
20200224,"10:53:01","SZ","NB",14741178612,16080105108,30821283720,-1338926496
20200224,"10:54:01","SH","NB",8584274999,11399617236,19983892235,-2815342237
20200224,"10:54:01","SZ","NB",14789291616,16140444853,30929736469,-1351153237
20200224,"10:55:01","SH","NB",8615082748,11473463257,20088546005,-2858380509
20200224,"10:55:01","SZ","NB",14827917179,16232388479,31060305658,-1404471300
20200224,"10:56:01","SH","NB",8651485255,11534381089,20185866344,-2882895834
20200224,"10:56:01","SZ","NB",14889463534,16293352613,31182816147,-1403889079
20200224,"10:57:01","SH","NB",8680541393,11564562727,20245104120,-2884021334
20200224,"10:57:01","SZ","NB",14953537550,16347472576,31301010126,-1393935026
20200224,"10:58:01","SZ","NB",14993429228,16412987619,31406416847,-1419558391
20200224,"10:58:01","SH","NB",8713261548,11603022942,20316284490,-2889761394
20200224,"10:59:01","SH","NB",8746469640,11666400870,20412870510,-2919931230
20200224,"10:59:01","SZ","NB",15074253499,16490091085,31564344584,-1415837586
20200224,"11:00:01","SH","NB",8777361302,11707078173,20484439475,-2929716871
20200224,"11:00:01","SZ","NB",15117604620,16573523917,31691128537,-1455919297
20200224,"11:01:01","SH","NB",8822466344,11835194224,20657660568,-3012727880
20200224,"11:01:01","SZ","NB",15184180968,16796956686,31981137654,-1612775718
20200224,"11:02:01","SH","NB",8863480901,11880514969,20743995870,-3017034068
20200224,"11:02:01","SZ","NB",15258935686,16863462393,32122398079,-1604526707
20200224,"11:03:01","SH","NB",8910765534,11911290676,20822056210,-3000525142
20200224,"11:03:01","SZ","NB",15322216264,16934382432,32256598696,-1612166168
20200224,"11:04:01","SZ","NB",15386389001,16985871065,32372260066,-1599482064
20200224,"11:04:01","SH","NB",8957448876,11946619335,20904068211,-2989170459
20200224,"11:05:01","SH","NB",8985219022,11984110718,20969329740,-2998891696
20200224,"11:05:01","SZ","NB",15447955493,17055181098,32503136591,-1607225605
20200224,"11:06:01","SH","NB",9022433481,12057284801,21079718282,-3034851320
20200224,"11:06:01","SZ","NB",15500893151,17148099639,32648992790,-1647206488
20200224,"11:07:01","SH","NB",9053261178,12099708611,21152969789,-3046447433
20200224,"11:07:01","SZ","NB",15548753103,17209306455,32758059558,-1660553352
20200224,"11:08:01","SH","NB",9111227417,12141980481,21253207898,-3030753064
20200224,"11:08:01","SZ","NB",15640909622,17257713817,32898623439,-1616804195
20200224,"11:09:01","SH","NB",9162808435,12188578329,21351386764,-3025769894
20200224,"11:09:01","SZ","NB",15716736143,17306219242,33022955385,-1589483099
20200224,"11:10:01","SH","NB",9209721916,12217978852,21427700768,-3008256936
20200224,"11:10:01","SZ","NB",15789746842,17349346517,33139093359,-1559599675
20200224,"11:11:01","SH","NB",9302107888,12264142252,21566250140,-2962034364
20200224,"11:11:01","SZ","NB",15930392493,17436903705,33367296198,-1506511212
20200224,"11:12:01","SZ","NB",16009606410,17504484494,33514090904,-1494878084
20200224,"11:12:01","SH","NB",9335711640,12307606014,21643317654,-2971894374
20200224,"11:13:01","SH","NB",9373596055,12343145326,21716741381,-2969549271
20200224,"11:13:01","SZ","NB",16087115490,17557357264,33644472754,-1470241774
20200224,"11:14:01","SH","NB",9412549251,12384893316,21797442567,-2972344065
20200224,"11:14:01","SZ","NB",16155470200,17618221176,33773691376,-1462750976
20200224,"11:15:01","SH","NB",9459376798,12430214700,21889591498,-2970837902
20200224,"11:15:01","SZ","NB",16230361803,17680323269,33910685072,-1449961466
20200224,"11:16:01","SH","NB",9508105400,12465923951,21974029351,-2957818551
20200224,"11:16:01","SZ","NB",16294619315,17751969830,34046589145,-1457350515
20200224,"11:17:01","SH","NB",9548506845,12504932138,22053438983,-2956425293
20200224,"11:17:01","SZ","NB",16356389404,17831360639,34187750043,-1474971235
20200224,"11:18:01","SH","NB",9589502098,12538370629,22127872727,-2948868531
20200224,"11:18:01","SZ","NB",16395562217,17886443084,34282005301,-1490880867
20200224,"11:19:01","SH","NB",9681659938,12577308865,22258968803,-2895648927
20200224,"11:19:01","SZ","NB",16464013532,17928750613,34392764145,-1464737081
20200224,"11:20:01","SZ","NB",16553873959,18000275294,34554149253,-1446401335
20200224,"11:20:01","SH","NB",9735606788,12616967073,22352573861,-2881360285
20200224,"11:21:01","SH","NB",9863271144,12693518977,22556790121,-2830247833
20200224,"11:21:01","SZ","NB",16684095048,18127157339,34811252387,-1443062291
20200224,"11:22:01","SH","NB",9893525540,12761673387,22655198927,-2868147847
20200224,"11:22:01","SZ","NB",16726329152,18250241454,34976570606,-1523912302
20200224,"11:23:01","SH","NB",9927956852,12811468589,22739425441,-2883511737
20200224,"11:23:01","SZ","NB",16771542819,18313469379,35085012198,-1541926560
20200224,"11:24:01","SH","NB",9960962617,12845781457,22806744074,-2884818840
20200224,"11:24:01","SZ","NB",16830000977,18381008698,35211009675,-1551007721
20200224,"11:25:01","SH","NB",10000396266,12889700667,22890096933,-2889304401
20200224,"11:25:01","SZ","NB",16883053812,18458368307,35341422119,-1575314495
20200224,"11:26:01","SZ","NB",16929967204,18526723707,35456690911,-1596756503
20200224,"11:26:01","SH","NB",10033222848,12932161137,22965383985,-2898938289
20200224,"11:27:01","SH","NB",10052782992,12959166353,23011949345,-2906383361
20200224,"11:27:01","SZ","NB",17013487626,18561964010,35575451636,-1548476384
20200224,"11:28:01","SZ","NB",17078945524,18615161862,35694107386,-1536216338
20200224,"11:28:01","SH","NB",10088217029,12990412645,23078629674,-2902195616
20200224,"11:29:01","SH","NB",10118714711,13024223572,23142938283,-2905508861
20200224,"11:29:01","SZ","NB",17135910572,18671318263,35807228835,-1535407691
20200224,"11:30:01","SH","NB",10156156821,13062098155,23218254976,-2905941334
20200224,"11:30:01","SZ","NB",17217650773,18717876733,35935527506,-1500225960
20200224,"11:31:01","SH","NB",10156212021,13062426211,23218638232,-2906214190
20200224,"11:31:01","SZ","NB",17217887801,18717919869,35935807670,-1500032068
20200224,"13:00:01","SZ","NB",17224166864,18737125889,35961292753,-1512959025
20200224,"13:01:01","SH","NB",10348169721,13226003938,23574173659,-2877834217
20200224,"13:01:01","SZ","NB",17508990794,19014807165,36523797959,-1505816371
20200224,"13:02:01","SH","NB",10398008470,13373811038,23771819508,-2975802568
20200224,"13:02:01","SZ","NB",17609217821,19208022763,36817240584,-1598804942
20200224,"13:03:01","SH","NB",10458787550,13445685543,23904473093,-2986897993
20200224,"13:03:01","SZ","NB",17700762169,19324289698,37025051867,-1623527529
20200224,"13:04:01","SH","NB",10508651212,13494442810,24003094022,-2985791598
20200224,"13:04:01","SZ","NB",17794474623,19421386636,37215861259,-1626912013
20200224,"13:05:01","SZ","NB",17905025612,19533012787,37438038399,-1627987175
20200224,"13:05:01","SH","NB",10542296406,13554484184,24096780590,-3012187778
20200224,"13:06:01","SH","NB",10583753957,13610551693,24194305650,-3026797736
20200224,"13:06:01","SZ","NB",17997116912,19607009090,37604126002,-1609892178
20200224,"13:07:01","SH","NB",10639803521,13662081400,24301884921,-3022277879
20200224,"13:07:01","SZ","NB",18111311239,19717064049,37828375288,-1605752810
20200224,"13:08:01","SH","NB",10680607862,13722458369,24403066231,-3041850507
20200224,"13:08:01","SZ","NB",18202767587,19836780580,38039548167,-1634012993
20200224,"13:09:01","SH","NB",10727820693,13782920685,24510741378,-3055099992
20200224,"13:09:01","SZ","NB",18277782157,19968477906,38246260063,-1690695749
20200224,"13:10:01","SH","NB",10772185777,13869028347,24641214124,-3096842570
20200224,"13:10:01","SZ","NB",18344496070,20141558723,38486054793,-1797062653
20200224,"13:11:01","SH","NB",10843241020,13964357846,24807598866,-3121116826
20200224,"13:11:01","SZ","NB",18442432009,20351326629,38793758638,-1908894620
20200224,"13:12:01","SH","NB",10882663576,14020187209,24902850785,-3137523633
20200224,"13:12:01","SZ","NB",18519350362,20430885194,38950235556,-1911534832
20200224,"13:13:01","SH","NB",10929192310,14065773991,24994966301,-3136581681
20200224,"13:13:01","SZ","NB",18616019932,20504381327,39120401259,-1888361395
20200224,"13:14:01","SH","NB",11007374204,14103844782,25111218986,-3096470578
20200224,"13:14:01","SZ","NB",18753432758,20571803365,39325236123,-1818370607
20200224,"13:15:01","SZ","NB",18822469232,20648267693,39470736925,-1825798461
20200224,"13:15:01","SH","NB",11048647126,14144644936,25193292062,-3095997810
20200224,"13:16:01","SH","NB",11124418995,14190809974,25315228969,-3066390979
20200224,"13:16:01","SZ","NB",18932064524,20716815185,39648879709,-1784750661
20200224,"13:17:01","SH","NB",11174561656,14231007593,25405569249,-3056445937
20200224,"13:17:01","SZ","NB",19008975496,20793695453,39802670949,-1784719957
20200224,"13:18:01","SH","NB",11236593643,14289999062,25526592705,-3053405419
20200224,"13:18:01","SZ","NB",19102767197,20913865217,40016632414,-1811098020
20200224,"13:19:01","SH","NB",11282294485,14336455367,25618749852,-3054160882
20200224,"13:19:01","SZ","NB",19178656745,21010249856,40188906601,-1831593111
20200224,"13:20:01","SH","NB",11315306029,14373102392,25688408421,-3057796363
20200224,"13:20:01","SZ","NB",19250651755,21086026683,40336678438,-1835374928
20200224,"13:21:01","SH","NB",11437251831,14434776011,25872027842,-2997524180
20200224,"13:21:01","SZ","NB",19389811186,21222458414,40612269600,-1832647228
20200224,"13:22:01","SH","NB",11490440596,14483263535,25973704131,-2992822939
20200224,"13:22:01","SZ","NB",19523763758,21346970923,40870734681,-1823207165
20200224,"13:23:01","SZ","NB",19612443180,21550497684,41162940864,-1938054504
20200224,"13:23:01","SH","NB",11534099131,14586866348,26120965479,-3052767217
20200224,"13:24:01","SH","NB",11567635662,14646296577,26213932239,-3078660915
20200224,"13:24:01","SZ","NB",19675892134,21623000177,41298892311,-1947108043
20200224,"13:25:01","SH","NB",11622069170,14706858233,26328927403,-3084789063
20200224,"13:25:01","SZ","NB",19743874943,21687483499,41431358442,-1943608556
20200224,"13:26:01","SH","NB",11669050453,14777434695,26446485148,-3108384242
20200224,"13:26:01","SZ","NB",19805621311,21783380923,41589002234,-1977759612
20200224,"13:27:01","SH","NB",11713393534,14816776894,26530170428,-3103383360
20200224,"13:27:01","SZ","NB",19884273650,21861177319,41745450969,-1976903669
20200224,"13:28:01","SH","NB",11750609242,14850573739,26601182981,-3099964497
20200224,"13:28:01","SZ","NB",19941676765,21946304037,41887980802,-2004627272
20200224,"13:29:01","SZ","NB",19991883468,22105995013,42097878481,-2114111545
20200224,"13:29:01","SH","NB",11786094120,14917411024,26703505144,-3131316904
20200224,"13:30:01","SH","NB",11825400173,14964608361,26790008534,-3139208188
20200224,"13:30:01","SZ","NB",20037583474,22192913756,42230497230,-2155330282
20200224,"13:31:01","SH","NB",11883431500,15133164939,27016596439,-3249733439
20200224,"13:31:01","SZ","NB",20118371589,22513947949,42632319538,-2395576360
20200224,"13:32:01","SH","NB",11925271292,15229123636,27154394928,-3303852344
20200224,"13:32:01","SZ","NB",20174305535,22657280807,42831586342,-2482975272
20200224,"13:33:01","SH","NB",11985420992,15288615297,27274036289,-3303194305
20200224,"13:33:01","SZ","NB",20261778662,22777755359,43039534021,-2515976697
20200224,"13:34:01","SH","NB",12062985978,15322089526,27385075504,-3259103548
20200224,"13:34:01","SZ","NB",20368229323,22846274219,43214503542,-2478044896
20200224,"13:35:01","SH","NB",12116794810,15349952337,27466747147,-3233157527
20200224,"13:35:01","SZ","NB",20429461135,22895694435,43325155570,-2466233300
20200224,"13:36:01","SH","NB",12153206843,15383559510,27536766353,-3230352667
20200224,"13:36:01","SZ","NB",20470660667,22986245573,43456906240,-2515584906
20200224,"13:37:01","SH","NB",12186235631,15423038747,27609274378,-3236803116
20200224,"13:37:01","SZ","NB",20537051148,23050541573,43587592721,-2513490425
20200224,"13:38:01","SH","NB",12251214741,15460786485,27712001226,-3209571744
20200224,"13:38:01","SZ","NB",20618460479,23096912523,43715373002,-2478452044
20200224,"13:39:01","SZ","NB",20698195362,23171140902,43869336264,-2472945540
20200224,"13:39:01","SH","NB",12311662239,15508467163,27820129402,-3196804924
20200224,"13:40:01","SH","NB",12344906734,15565914291,27910821025,-3221007557
20200224,"13:40:01","SZ","NB",20740282842,23303546342,44043829184,-2563263500
20200224,"13:41:01","SH","NB",12409147842,15629629147,28038776989,-3220481305
20200224,"13:41:01","SZ","NB",20848860655,23440560818,44289421473,-2591700163
20200224,"13:42:01","SH","NB",12489364847,15670416497,28159781344,-3181051650
20200224,"13:42:01","SZ","NB",20952469230,23516991455,44469460685,-2564522225
20200224,"13:43:01","SH","NB",12536886892,15708276447,28245163339,-3171389555
20200224,"13:43:01","SZ","NB",21029835300,23588498201,44618333501,-2558662901
20200224,"13:44:01","SH","NB",12577142516,15780486156,28357628672,-3203343640
20200224,"13:44:01","SZ","NB",21082939759,23695864532,44778804291,-2612924773
20200224,"13:45:01","SH","NB",12663800698,15820724925,28484525623,-3156924227
20200224,"13:45:01","SZ","NB",21194601555,23754728416,44949329971,-2560126861
20200224,"13:46:01","SH","NB",12713449591,15862211341,28575660932,-3148761750
20200224,"13:46:01","SZ","NB",21266393682,23808784348,45075178030,-2542390666
20200224,"13:47:01","SZ","NB",21336439859,23884598719,45221038578,-2548158860
20200224,"13:47:01","SH","NB",12759287176,15906172782,28665459958,-3146885606
20200224,"13:48:01","SH","NB",12791919873,15946537241,28738457114,-3154617368
20200224,"13:48:01","SZ","NB",21377268198,23962989174,45340257372,-2585720976
20200224,"13:49:01","SH","NB",12820080744,15976421699,28796502443,-3156340955
20200224,"13:49:01","SZ","NB",21414871497,24032937371,45447808868,-2618065874
20200224,"13:50:01","SH","NB",12859927978,16006805545,28866733523,-3146877567
20200224,"13:50:01","SZ","NB",21473034883,24081855850,45554890733,-2608820967
20200224,"13:51:01","SZ","NB",21672240565,24172519306,45844759871,-2500278741
20200224,"13:51:01","SH","NB",12965052701,16061865422,29026918123,-3096812721
20200224,"13:52:01","SH","NB",13015529337,16128564236,29144093573,-3113034899
20200224,"13:52:01","SZ","NB",21741762821,24270380827,46012143648,-2528618006
20200224,"13:53:01","SH","NB",13051881048,16183933869,29235814917,-3132052821
20200224,"13:53:01","SZ","NB",21796608116,24348962964,46145571080,-2552354848
20200224,"13:54:01","SH","NB",13081685128,16257195265,29338880393,-3175510137
20200224,"13:54:01","SZ","NB",21839023228,24461470586,46300493814,-2622447358
20200224,"13:55:01","SH","NB",13107190473,16313753330,29420943803,-3206562857
20200224,"13:55:01","SZ","NB",21874020380,24525975865,46399996245,-2651955485
20200224,"13:56:01","SH","NB",13146869465,16365160794,29512030259,-3218291329
20200224,"13:56:01","SZ","NB",21944319249,24576511316,46520830565,-2632192067
20200224,"13:57:01","SH","NB",13197238850,16393961610,29591200460,-3196722760
20200224,"13:57:01","SZ","NB",21994756215,24610425801,46605182016,-2615669586
20200224,"13:58:01","SH","NB",13233808048,16424887779,29658695827,-3191079731
20200224,"13:58:01","SZ","NB",22043964828,24662090672,46706055500,-2618125844
20200224,"13:59:01","SZ","NB",22099795602,24701408070,46801203672,-2601612468
20200224,"13:59:01","SH","NB",13262856321,16449850032,29712706353,-3186993711
20200224,"14:00:01","SH","NB",13297720959,16497517616,29795238575,-3199796657
20200224,"14:00:01","SZ","NB",22148753010,24783675277,46932428287,-2634922267
20200224,"14:01:01","SH","NB",13334174505,16555683428,29889857933,-3221508923
20200224,"14:01:01","SZ","NB",22223735350,24929756218,47153491568,-2706020868
20200224,"14:02:01","SH","NB",13413929815,16588933431,30002863246,-3175003616
20200224,"14:02:01","SZ","NB",22343387164,24979252349,47322639513,-2635865185
20200224,"14:03:01","SH","NB",13446122684,16627994701,30074117385,-3181872017
20200224,"14:03:01","SZ","NB",22414677659,25036405594,47451083253,-2621727935
20200224,"14:04:01","SH","NB",13486547254,16670408356,30156955610,-3183861102
20200224,"14:04:01","SZ","NB",22475545407,25104413133,47579958540,-2628867726
20200224,"14:05:01","SZ","NB",22528319619,25166250166,47694569785,-2637930547
20200224,"14:05:01","SH","NB",13514251410,16701872295,30216123705,-3187620885
20200224,"14:06:01","SH","NB",13545497219,16732911688,30278408907,-3187414469
20200224,"14:06:01","SZ","NB",22574207809,25234800758,47809008567,-2660592949
20200224,"14:07:01","SH","NB",13572194407,16780790321,30352984728,-3208595914
20200224,"14:07:01","SZ","NB",22612658080,25323173860,47935831940,-2710515780
20200224,"14:08:01","SH","NB",13600041099,16828116812,30428157911,-3228075713
20200224,"14:08:01","SZ","NB",22640890684,25385882543,48026773227,-2744991859
20200224,"14:09:01","SH","NB",13632676360,16868396234,30501072594,-3235719874
20200224,"14:09:01","SZ","NB",22690293845,25440591531,48130885376,-2750297686
20200224,"14:10:01","SH","NB",13656508678,16920628345,30577137023,-3264119667
20200224,"14:10:01","SZ","NB",22723335833,25506039708,48229375541,-2782703875
20200224,"14:11:01","SH","NB",13706301528,16964437579,30670739107,-3258136051
20200224,"14:11:01","SZ","NB",22818009138,25601877359,48419886497,-2783868221
20200224,"14:12:01","SH","NB",13751412174,17007822292,30759234466,-3256410118
20200224,"14:12:01","SZ","NB",22881462198,25668756986,48550219184,-2787294788
20200224,"14:13:01","SZ","NB",22936200912,25717630398,48653831310,-2781429486
20200224,"14:13:01","SH","NB",13787491579,17052640221,30840131800,-3265148642
20200224,"14:14:01","SH","NB",13821717039,17121568566,30943285605,-3299851527
20200224,"14:14:01","SZ","NB",22977635150,25801907006,48779542156,-2824271856
20200224,"14:15:01","SH","NB",13849322242,17191813683,31041135925,-3342491441
20200224,"14:15:01","SZ","NB",23011569704,25865380277,48876949981,-2853810573
20200224,"14:16:01","SH","NB",13892344482,17233172759,31125517241,-3340828277
20200224,"14:16:01","SZ","NB",23071226470,25930306099,49001532569,-2859079629
20200224,"14:17:01","SH","NB",13945665470,17270546949,31216212419,-3324881479
20200224,"14:17:01","SZ","NB",23134849862,25982318652,49117168514,-2847468790
20200224,"14:18:01","SH","NB",13985053254,17300937775,31285991029,-3315884521
20200224,"14:18:01","SZ","NB",23213558101,26032846618,49246404719,-2819288517
20200224,"14:19:01","SH","NB",14020457939,17338128030,31358585969,-3317670091
20200224,"14:19:01","SZ","NB",23297980535,26098335711,49396316246,-2800355176
20200224,"14:20:01","SH","NB",14067278772,17380323222,31447601994,-3313044450
20200224,"14:20:01","SZ","NB",23360284505,26156768071,49517052576,-2796483566
20200224,"14:21:01","SH","NB",14106988407,17428634895,31535623302,-3321646488
20200224,"14:21:01","SZ","NB",23440455745,26273140749,49713596494,-2832685004
20200224,"14:22:01","SH","NB",14156373863,17470794566,31627168429,-3314420703
20200224,"14:22:01","SZ","NB",23515145211,26331975947,49847121158,-2816830736
20200224,"14:23:01","SZ","NB",23677779981,26408523137,50086303118,-2730743156
20200224,"14:23:01","SH","NB",14277723586,17538672175,31816395761,-3260948589
20200224,"14:24:01","SH","NB",14338960098,17601259438,31940219536,-3262299340
20200224,"14:24:01","SZ","NB",23781790313,26508083362,50289873675,-2726293049
20200224,"14:25:01","SH","NB",14385015389,17672833186,32057848575,-3287817797
20200224,"14:25:01","SZ","NB",23856990552,26584567411,50441557963,-2727576859
20200224,"14:26:01","SH","NB",14422092017,17727967049,32150059066,-3305875032
20200224,"14:26:01","SZ","NB",23924628241,26657448800,50582077041,-2732820559
20200224,"14:27:01","SZ","NB",23978296462,26735277561,50713574023,-2756981099
20200224,"14:27:01","SH","NB",14469757059,17784343184,32254100243,-3314586125
20200224,"14:28:01","SH","NB",14516444534,17841139080,32357583614,-3324694546
20200224,"14:28:01","SZ","NB",24021113079,26812811839,50833924918,-2791698760
20200224,"14:29:01","SH","NB",14558053369,17913701683,32471755052,-3355648314
20200224,"14:29:01","SZ","NB",24058526326,26897447180,50955973506,-2838920854
20200224,"14:30:01","SH","NB",14594565428,17981680715,32576246143,-3387115287
20200224,"14:30:01","SZ","NB",24096067853,26982544231,51078612084,-2886476378
20200224,"14:31:01","SH","NB",14643994381,18099979361,32743973742,-3455984980
20200224,"14:31:01","SZ","NB",24166212641,27176428974,51342641615,-3010216333
20200224,"14:32:01","SH","NB",14685732185,18178992792,32864724977,-3493260607
20200224,"14:32:01","SZ","NB",24226514550,27263240013,51489754563,-3036725463
20200224,"14:33:01","SH","NB",14723738123,18278101378,33001839501,-3554363255
20200224,"14:33:01","SZ","NB",24275241114,27383893032,51659134146,-3108651918
20200224,"14:34:01","SH","NB",14761960223,18356378797,33118339020,-3594418574
20200224,"14:34:01","SZ","NB",24329168172,27468587283,51797755455,-3139419111
20200224,"14:35:01","SZ","NB",24389990844,27560202087,51950192931,-3170211243
20200224,"14:35:01","SH","NB",14804587595,18447472599,33252060194,-3642885004
20200224,"14:36:01","SH","NB",14844853463,18541039889,33385893352,-3696186426
20200224,"14:36:01","SZ","NB",24453183806,27663610853,52116794659,-3210427047
20200224,"14:37:01","SH","NB",14893885083,18615713996,33509599079,-3721828913
20200224,"14:37:01","SZ","NB",24538733499,27736599083,52275332582,-3197865584
20200224,"14:38:01","SH","NB",14958297498,18692468293,33650765791,-3734170795
20200224,"14:38:01","SZ","NB",24630494590,27814725070,52445219660,-3184230480
20200224,"14:39:01","SH","NB",14999070889,18756056128,33755127017,-3756985239
20200224,"14:39:01","SZ","NB",24695546372,27876281315,52571827687,-3180734943
20200224,"14:40:01","SH","NB",15028507395,18825866987,33854374382,-3797359592
20200224,"14:40:01","SZ","NB",24746707330,27945755720,52692463050,-3199048390
20200224,"14:41:01","SH","NB",15074745049,18978006804,34052751853,-3903261755
20200224,"14:41:01","SZ","NB",24826442556,28172725139,52999167695,-3346282583
20200224,"14:42:01","SH","NB",15125407454,19113832036,34239239490,-3988424582
20200224,"14:42:01","SZ","NB",24901276650,28309297187,53210573837,-3408020537
20200224,"14:43:01","SZ","NB",24987692223,28424580091,53412272314,-3436887868
20200224,"14:43:01","SH","NB",15163067623,19232665887,34395733510,-4069598264
20200224,"14:44:01","SH","NB",15223506495,19328648398,34552154893,-4105141903
20200224,"14:44:01","SZ","NB",25102775212,28510911927,53613687139,-3408136715
20200224,"14:45:01","SH","NB",15293725960,19417347757,34711073717,-4123621797
20200224,"14:45:01","SZ","NB",25204424012,28581004726,53785428738,-3376580714
20200224,"14:46:01","SH","NB",15352137875,19510025242,34862163117,-4157887367
20200224,"14:46:01","SZ","NB",25276407798,28679433401,53955841199,-3403025603
20200224,"14:47:01","SH","NB",15410992587,19597222924,35008215511,-4186230337
20200224,"14:47:01","SZ","NB",25350674718,28758274468,54108949186,-3407599750
20200224,"14:48:01","SH","NB",15466779225,19676347776,35143127001,-4209568551
20200224,"14:48:01","SZ","NB",25422622960,28837033783,54259656743,-3414410823
20200224,"14:49:01","SH","NB",15517583819,19766933902,35284517721,-4249350083
20200224,"14:49:01","SZ","NB",25491018768,28922402417,54413421185,-3431383649
20200224,"14:50:01","SZ","NB",25549193959,29023308877,54572502836,-3474114918
20200224,"14:50:01","SH","NB",15561785742,19868371277,35430157019,-4306585535
20200224,"14:51:01","SH","NB",15645830027,19983272191,35629102218,-4337442164
20200224,"14:51:01","SZ","NB",25660056060,29177727881,54837783941,-3517671821
20200224,"14:52:01","SH","NB",15716106461,20083990546,35800097007,-4367884085
20200224,"14:52:01","SZ","NB",25749546862,29269660397,55019207259,-3520113535
20200224,"14:53:01","SH","NB",15775358451,20231691448,36007049899,-4456332997
20200224,"14:53:01","SZ","NB",25835294034,29377549496,55212843530,-3542255462
20200224,"14:54:01","SH","NB",15829324991,20382242928,36211567919,-4552917937
20200224,"14:54:01","SZ","NB",25910177815,29529582037,55439759852,-3619404222
20200224,"14:55:01","SH","NB",15883384448,20482520802,36365905250,-4599136354
20200224,"14:55:01","SZ","NB",25987460083,29629456512,55616916595,-3641996429
20200224,"14:56:01","SH","NB",15965774952,20626845985,36592620937,-4661071033
20200224,"14:56:01","SZ","NB",26092999261,29780899615,55873898876,-3687900354
20200224,"14:57:01","SH","NB",16058547681,20745562069,36804109750,-4687014388
20200224,"14:57:01","SZ","NB",26197215727,29890283885,56087499612,-3693068158
20200224,"14:58:01","SH","NB",16059065498,20745830453,36804895951,-4686764955
20200224,"14:58:01","SZ","NB",26197269703,29890758416,56088028119,-3693488713
20200224,"15:00:01","SZ","NB",26302304658,30096185528,56398490186,-3793880870
20200224,"15:01:01","SH","NB",16212059786,21042227454,37254287240,-4830167668
20200224,"15:01:01","SZ","NB",26405593181,30280564490,56686157671,-3874971309
