dataDate,dataTime,connectMarket,tradeDirection,buyTurnover,sellTurnover,totalTurnover,netTurnover
20201119,"09:30:01","SH","NB",143419035,129604951,273023986,13814084
20201119,"09:30:01","SZ","NB",170502661,178934260,349436921,-8431599
20201119,"09:31:01","SH","NB",413472596,447862401,861334997,-34389805
20201119,"09:31:01","SZ","NB",589217424,700079900,1289297324,-110862476
20201119,"09:32:01","SZ","NB",945946929,1116213868,2062160797,-170266939
20201119,"09:32:01","SH","NB",708073148,740627194,1448700342,-32554046
20201119,"09:33:01","SH","NB",935133833,952302717,1887436550,-17168884
20201119,"09:33:01","SZ","NB",1195342635,1459847041,2655189676,-264504406
20201119,"09:34:01","SH","NB",1262944114,1162660836,2425604950,100283278
20201119,"09:34:01","SZ","NB",1503063534,1824639342,3327702876,-321575808
20201119,"09:35:01","SH","NB",1464037832,1383409953,2847447785,80627879
20201119,"09:35:01","SZ","NB",1705161117,2233932031,3939093148,-528770914
20201119,"09:36:01","SH","NB",1664176448,1571763465,3235939913,92412983
20201119,"09:36:01","SZ","NB",1940726613,2546986303,4487712916,-606259690
20201119,"09:37:01","SH","NB",1934521860,1790682650,3725204510,143839210
20201119,"09:37:01","SZ","NB",2191629622,2851673018,5043302640,-660043396
20201119,"09:38:01","SH","NB",2099015065,1979961973,4078977038,119053092
20201119,"09:38:01","SZ","NB",2432762453,3126908866,5559671319,-694146413
20201119,"09:39:01","SH","NB",2305850522,2172579301,4478429823,133271221
20201119,"09:39:01","SZ","NB",2873294096,3357512521,6230806617,-484218425
20201119,"09:40:01","SZ","NB",3100634896,3675022130,6775657026,-574387234
20201119,"09:40:01","SH","NB",2450515496,2404102573,4854618069,46412923
20201119,"09:41:01","SH","NB",2790487785,2612636889,5403124674,177850896
20201119,"09:41:01","SZ","NB",3548701359,4000608731,7549310090,-451907372
20201119,"09:42:01","SH","NB",2951163045,2807334145,5758497190,143828900
20201119,"09:42:01","SZ","NB",3740669340,4280305658,8020974998,-539636318
20201119,"09:43:01","SH","NB",3123411594,2914958996,6038370590,208452598
20201119,"09:43:01","SZ","NB",3968264853,4495117072,8463381925,-526852219
20201119,"09:44:01","SZ","NB",4151817513,4772483498,8924301011,-620665985
20201119,"09:44:01","SH","NB",3227800189,3091671469,6319471658,136128720
20201119,"09:45:01","SH","NB",3329904124,3226417463,6556321587,103486661
20201119,"09:45:01","SZ","NB",4306178746,4946358522,9252537268,-640179776
20201119,"09:46:01","SH","NB",3503976803,3352700906,6856677709,151275897
20201119,"09:46:01","SZ","NB",4625359331,5153443712,9778803043,-528084381
20201119,"09:47:01","SH","NB",3626510212,3591116438,7217626650,35393774
20201119,"09:47:01","SZ","NB",4808856639,5440161767,10249018406,-631305128
20201119,"09:48:01","SH","NB",3829423645,3728551688,7557975333,100871957
20201119,"09:48:01","SZ","NB",5114545361,5608679971,10723225332,-494134610
20201119,"09:49:01","SH","NB",3958199643,3901413229,7859612872,56786414
20201119,"09:49:01","SZ","NB",5279821135,5845731417,11125552552,-565910282
20201119,"09:50:01","SH","NB",4045447902,4020627455,8066075357,24820447
20201119,"09:50:01","SZ","NB",5418163024,5992325930,11410488954,-574162906
20201119,"09:51:01","SH","NB",4262207228,4180110003,8442317231,82097225
20201119,"09:51:01","SZ","NB",5756476927,6176129116,11932606043,-419652189
20201119,"09:52:01","SZ","NB",6004139846,6415701859,12419841705,-411562013
20201119,"09:52:01","SH","NB",4433776797,4339899593,8773676390,93877204
20201119,"09:53:01","SH","NB",4604123511,4481100764,9085224275,123022747
20201119,"09:53:01","SZ","NB",6256004391,6621810247,12877814638,-365805856
20201119,"09:54:01","SH","NB",4747128166,4718574937,9465703103,28553229
20201119,"09:54:01","SZ","NB",6488812071,6876679045,13365491116,-387866974
20201119,"09:55:01","SH","NB",4859966131,4895852602,9755818733,-35886471
20201119,"09:55:01","SZ","NB",6680244945,7051900566,13732145511,-371655621
20201119,"09:56:01","SH","NB",5027006661,5043638720,10070645381,-16632059
20201119,"09:56:01","SZ","NB",6993795492,7227858126,14221653618,-234062634
20201119,"09:57:01","SH","NB",5136522248,5183215567,10319737815,-46693319
20201119,"09:57:01","SZ","NB",7161945559,7468567640,14630513199,-306622081
20201119,"09:58:01","SH","NB",5258328070,5356903185,10615231255,-98575115
20201119,"09:58:01","SZ","NB",7331275170,7659737437,14991012607,-328462267
20201119,"09:59:01","SH","NB",5374162584,5506202305,10880364889,-132039721
20201119,"09:59:01","SZ","NB",7491634629,7848153939,15339788568,-356519310
20201119,"10:00:01","SZ","NB",7653727554,8026322525,15680050079,-372594971
20201119,"10:00:01","SH","NB",5483895173,5631004160,11114899333,-147108987
20201119,"10:01:01","SH","NB",5698289130,5778525217,11476814347,-80236087
20201119,"10:01:01","SZ","NB",7961002555,8247677950,16208680505,-286675395
20201119,"10:02:01","SH","NB",5798039834,5949021526,11747061360,-150981692
20201119,"10:02:01","SZ","NB",8112114731,8475712105,16587826836,-363597374
20201119,"10:03:01","SH","NB",5905228459,6119142190,12024370649,-213913731
20201119,"10:03:01","SZ","NB",8296319842,8734923087,17031242929,-438603245
20201119,"10:04:01","SH","NB",5997726592,6198506293,12196232885,-200779701
20201119,"10:04:01","SZ","NB",8429964249,8884850169,17314814418,-454885920
20201119,"10:05:01","SH","NB",6092206371,6316250073,12408456444,-224043702
20201119,"10:05:01","SZ","NB",8549696131,9045418830,17595114961,-495722699
20201119,"10:06:01","SZ","NB",8794855158,9180749041,17975604199,-385893883
20201119,"10:06:01","SH","NB",6240693792,6389792223,12630486015,-149098431
20201119,"10:07:01","SH","NB",6341176697,6484915779,12826092476,-143739082
20201119,"10:07:01","SZ","NB",8915284085,9332437076,18247721161,-417152991
20201119,"10:08:01","SH","NB",6430810608,6619100577,13049911185,-188289969
20201119,"10:08:01","SZ","NB",9010621548,9495029261,18505650809,-484407713
20201119,"10:09:01","SH","NB",6516258860,6690905190,13207164050,-174646330
20201119,"10:09:01","SZ","NB",9100056695,9605409385,18705466080,-505352690
20201119,"10:10:01","SH","NB",6583352245,6747323029,13330675274,-163970784
20201119,"10:10:01","SZ","NB",9182678653,9707055152,18889733805,-524376499
20201119,"10:11:01","SH","NB",6717842424,6840201563,13558043987,-122359139
20201119,"10:11:01","SZ","NB",9374166619,9849908294,19224074913,-475741675
20201119,"10:12:01","SH","NB",6790944444,6963022967,13753967411,-172078523
20201119,"10:12:01","SZ","NB",9460574631,10079428525,19540003156,-618853894
20201119,"10:13:01","SH","NB",6854470223,7071685655,13926155878,-217215432
20201119,"10:13:01","SZ","NB",9549787734,10261470936,19811258670,-711683202
20201119,"10:14:01","SH","NB",6920860851,7123041402,14043902253,-202180551
20201119,"10:14:01","SZ","NB",9644299630,10372934523,20017234153,-728634893
20201119,"10:15:01","SZ","NB",9732887136,10490966333,20223853469,-758079197
20201119,"10:15:01","SH","NB",6986935104,7170453085,14157388189,-183517981
20201119,"10:16:01","SH","NB",7088507786,7225744693,14314252479,-137236907
20201119,"10:16:01","SZ","NB",9853136358,10589763763,20442900121,-736627405
20201119,"10:17:01","SH","NB",7149496534,7328820147,14478316681,-179323613
20201119,"10:17:01","SZ","NB",9937352325,10745327297,20682679622,-807974972
20201119,"10:18:01","SH","NB",7200259588,7388502639,14588762227,-188243051
20201119,"10:18:01","SZ","NB",10008921838,10823704601,20832626439,-814782763
20201119,"10:19:01","SH","NB",7257033319,7446186525,14703219844,-189153206
20201119,"10:19:01","SZ","NB",10097785275,10903240262,21001025537,-805454987
20201119,"10:20:01","SH","NB",7323249526,7497916691,14821166217,-174667165
20201119,"10:20:01","SZ","NB",10199886012,10985571981,21185457993,-785685969
20201119,"10:21:01","SH","NB",7459176518,7587197074,15046373592,-128020556
20201119,"10:21:01","SZ","NB",10356751045,11112064051,21468815096,-755313006
20201119,"10:22:01","SH","NB",7527965308,7664608022,15192573330,-136642714
20201119,"10:22:01","SZ","NB",10460228573,11223506694,21683735267,-763278121
20201119,"10:23:01","SZ","NB",10536223638,11326572278,21862795916,-790348640
20201119,"10:23:01","SH","NB",7570832725,7732084933,15302917658,-161252208
20201119,"10:24:01","SH","NB",7639889639,7777032176,15416921815,-137142537
20201119,"10:24:01","SZ","NB",10644118514,11415601431,22059719945,-771482917
20201119,"10:25:01","SH","NB",7698005625,7833128126,15531133751,-135122501
20201119,"10:25:01","SZ","NB",10722720994,11515271359,22237992353,-792550365
20201119,"10:26:01","SH","NB",7762778951,7895142170,15657921121,-132363219
20201119,"10:26:01","SZ","NB",10825550246,11592054743,22417604989,-766504497
20201119,"10:27:01","SH","NB",7818918734,7930443795,15749362529,-111525061
20201119,"10:27:01","SZ","NB",10928881304,11661455874,22590337178,-732574570
20201119,"10:28:01","SH","NB",7857307745,7984925808,15842233553,-127618063
20201119,"10:28:01","SZ","NB",11017090009,11760122789,22777212798,-743032780
20201119,"10:29:01","SH","NB",7907251149,8030112359,15937363508,-122861210
20201119,"10:29:01","SZ","NB",11115579390,11822800887,22938380277,-707221497
20201119,"10:30:01","SZ","NB",11195328845,11884773476,23080102321,-689444631
20201119,"10:30:01","SH","NB",7966195926,8071166409,16037362335,-104970483
20201119,"10:31:01","SH","NB",8059218568,8149992166,16209210734,-90773598
20201119,"10:31:01","SZ","NB",11348349767,12001722830,23350072597,-653373063
20201119,"10:32:01","SH","NB",8137849730,8219756896,16357606626,-81907166
20201119,"10:32:01","SZ","NB",11457328651,12090749702,23548078353,-633421051
20201119,"10:33:01","SH","NB",8209134882,8255137724,16464272606,-46002842
20201119,"10:33:01","SZ","NB",11565253588,12151377864,23716631452,-586124276
20201119,"10:34:01","SH","NB",8316274965,8304336212,16620611177,11938753
20201119,"10:34:01","SZ","NB",11685128555,12211360263,23896488818,-526231708
20201119,"10:35:01","SH","NB",8426779981,8349252947,16776032928,77527034
20201119,"10:35:01","SZ","NB",11812558882,12279410788,24091969670,-466851906
20201119,"10:36:01","SH","NB",8523564824,8396413678,16919978502,127151146
20201119,"10:36:01","SZ","NB",11929815846,12372684730,24302500576,-442868884
20201119,"10:37:01","SH","NB",8585517058,8447337723,17032854781,138179335
20201119,"10:37:01","SZ","NB",11998597504,12448881804,24447479308,-450284300
20201119,"10:38:01","SZ","NB",12091810585,12520851774,24612662359,-429041189
20201119,"10:38:01","SH","NB",8653601615,8491686329,17145287944,161915286
20201119,"10:39:01","SH","NB",8723905016,8532225933,17256130949,191679083
20201119,"10:39:01","SZ","NB",12173993400,12593181967,24767175367,-419188567
20201119,"10:40:01","SH","NB",8767724005,8579864590,17347588595,187859415
20201119,"10:40:01","SZ","NB",12232840417,12647165714,24880006131,-414325297
20201119,"10:41:01","SH","NB",8949745632,8638157214,17587902846,311588418
20201119,"10:41:01","SZ","NB",12506607841,12724693610,25231301451,-218085769
20201119,"10:42:01","SH","NB",9022521000,8730392083,17752913083,292128917
20201119,"10:42:01","SZ","NB",12593118020,12877142871,25470260891,-284024851
20201119,"10:43:01","SH","NB",9098771500,8779426731,17878198231,319344769
20201119,"10:43:01","SZ","NB",12711166587,12944178281,25655344868,-233011694
20201119,"10:44:01","SH","NB",9157172196,8861997686,18019169882,295174510
20201119,"10:44:01","SZ","NB",12802750045,13042933459,25845683504,-240183414
20201119,"10:45:01","SH","NB",9209929657,8896441954,18106371611,313487703
20201119,"10:45:01","SZ","NB",12876331902,13106893941,25983225843,-230562039
20201119,"10:46:01","SH","NB",9280601832,8935721270,18216323102,344880562
20201119,"10:46:01","SZ","NB",12989659487,13166083971,26155743458,-176424484
20201119,"10:47:01","SZ","NB",13117666051,13221645604,26339311655,-103979553
20201119,"10:47:01","SH","NB",9402809735,8976269261,18379078996,426540474
20201119,"10:48:01","SH","NB",9487770587,9026848318,18514618905,460922269
20201119,"10:48:01","SZ","NB",13229727597,13294622102,26524349699,-64894505
20201119,"10:49:01","SH","NB",9543497312,9066861352,18610358664,476635960
20201119,"10:49:01","SZ","NB",13293228769,13367155293,26660384062,-73926524
20201119,"10:50:01","SH","NB",9578078819,9122830877,18700909696,455247942
20201119,"10:50:01","SZ","NB",13340916112,13494725285,26835641397,-153809173
20201119,"10:51:01","SH","NB",9660572960,9184784980,18845357940,475787980
20201119,"10:51:01","SZ","NB",13471887350,13576212460,27048099810,-104325110
20201119,"10:52:01","SH","NB",9754144001,9230168335,18984312336,523975666
20201119,"10:52:01","SZ","NB",13545058982,13637112855,27182171837,-92053873
20201119,"10:53:01","SH","NB",9816652447,9275301386,19091953833,541351061
20201119,"10:53:01","SZ","NB",13630975144,13697235384,27328210528,-66260240
20201119,"10:54:01","SH","NB",9857019100,9319795229,19176814329,537223871
20201119,"10:54:01","SZ","NB",13692769436,13762176503,27454945939,-69407067
20201119,"10:55:01","SH","NB",9905163603,9359312257,19264475860,545851346
20201119,"10:55:01","SZ","NB",13754446415,13824316884,27578763299,-69870469
20201119,"10:56:01","SZ","NB",13815487088,13875633799,27691120887,-60146711
20201119,"10:56:01","SH","NB",9951753385,9389198054,19340951439,562555331
20201119,"10:57:01","SH","NB",9987851993,9487584268,19475436261,500267725
20201119,"10:57:01","SZ","NB",13864880542,14021165643,27886046185,-156285101
20201119,"10:58:01","SH","NB",10036423077,9560093732,19596516809,476329345
20201119,"10:58:01","SZ","NB",13931451364,14088074369,28019525733,-156623005
20201119,"10:59:01","SH","NB",10071280660,9660158360,19731439020,411122300
20201119,"10:59:01","SZ","NB",13985262616,14165741295,28151003911,-180478679
20201119,"11:00:01","SH","NB",10112361204,9697418317,19809779521,414942887
20201119,"11:00:01","SZ","NB",14049604111,14214557948,28264162059,-164953837
20201119,"11:01:01","SH","NB",10199757713,9751065788,19950823501,448691925
20201119,"11:01:01","SZ","NB",14185653117,14271383205,28457036322,-85730088
20201119,"11:02:01","SZ","NB",14270863439,14331845921,28602709360,-60982482
20201119,"11:02:01","SH","NB",10236648511,9788577650,20025226161,448070861
20201119,"11:03:01","SH","NB",10274217301,9845023220,20119240521,429194081
20201119,"11:03:01","SZ","NB",14333408792,14436274616,28769683408,-102865824
20201119,"11:04:01","SH","NB",10331213260,9875022001,20206235261,456191259
20201119,"11:04:01","SZ","NB",14430355184,14506187033,28936542217,-75831849
20201119,"11:05:01","SH","NB",10379664447,9899086645,20278751092,480577802
20201119,"11:05:01","SZ","NB",14518436118,14560818023,29079254141,-42381905
20201119,"11:06:01","SZ","NB",14560023360,14617762446,29177785806,-57739086
20201119,"11:06:01","SH","NB",10407768136,9938441933,20346210069,469326203
20201119,"11:07:01","SH","NB",10442221206,9979893273,20422114479,462327933
20201119,"11:07:01","SZ","NB",14596628907,14657908935,29254537842,-61280028
20201119,"11:08:01","SH","NB",10475419950,10029055610,20504475560,446364340
20201119,"11:08:01","SZ","NB",14633755851,14735650913,29369406764,-101895062
20201119,"11:09:01","SH","NB",10520875882,10070414913,20591290795,450460969
20201119,"11:09:01","SZ","NB",14685960685,14786041167,29472001852,-100080482
20201119,"11:10:01","SH","NB",10557666340,10093769164,20651435504,463897176
20201119,"11:10:01","SZ","NB",14737347580,14840311147,29577658727,-102963567
20201119,"11:11:01","SH","NB",10628066772,10148849757,20776916529,479217015
20201119,"11:11:01","SZ","NB",14867028236,14927424550,29794452786,-60396314
20201119,"11:12:01","SH","NB",10666483255,10237839566,20904322821,428643689
20201119,"11:12:01","SZ","NB",14916016584,15018957336,29934973920,-102940752
20201119,"11:13:01","SZ","NB",14975510313,15055584541,30031094854,-80074228
20201119,"11:13:01","SH","NB",10716172968,10280118819,20996291787,436054149
20201119,"11:14:01","SH","NB",10756836241,10318462813,21075299054,438373428
20201119,"11:14:01","SZ","NB",15025389090,15108372963,30133762053,-82983873
20201119,"11:15:01","SH","NB",10778384606,10353055878,21131440484,425328728
20201119,"11:15:01","SZ","NB",15060823205,15158032915,30218856120,-97209710
20201119,"11:16:01","SH","NB",10809340016,10403367193,21212707209,405972823
20201119,"11:16:01","SZ","NB",15110830503,15209688063,30320518566,-98857560
20201119,"11:17:01","SH","NB",10836508983,10432354001,21268862984,404154982
20201119,"11:17:01","SZ","NB",15146414864,15260536356,30406951220,-114121492
20201119,"11:18:01","SH","NB",10871258867,10458833456,21330092323,412425411
20201119,"11:18:01","SZ","NB",15213313695,15299608129,30512921824,-86294434
20201119,"11:19:01","SZ","NB",15266345057,15350816863,30617161920,-84471806
20201119,"11:19:01","SH","NB",10910735677,10496654260,21407389937,414081417
20201119,"11:20:01","SH","NB",10947896577,10522357931,21470254508,425538646
20201119,"11:20:01","SZ","NB",15313750959,15392137724,30705888683,-78386765
20201119,"11:21:01","SH","NB",11032062097,10551334004,21583396101,480728093
20201119,"11:21:01","SZ","NB",15395205619,15439822149,30835027768,-44616530
20201119,"11:22:01","SH","NB",11095360063,10609021003,21704381066,486339060
20201119,"11:22:01","SZ","NB",15447620881,15526562521,30974183402,-78941640
20201119,"11:23:01","SH","NB",11129278754,10631276441,21760555195,498002313
20201119,"11:23:01","SZ","NB",15486748303,15578392842,31065141145,-91644539
20201119,"11:24:01","SH","NB",11177244226,10657349076,21834593302,519895150
20201119,"11:24:01","SZ","NB",15537045739,15620414977,31157460716,-83369238
20201119,"11:25:01","SH","NB",11208974691,10675479602,21884454293,533495089
20201119,"11:25:01","SZ","NB",15575190757,15666484723,31241675480,-91293966
20201119,"11:26:01","SH","NB",11242726074,10712704699,21955430773,530021375
20201119,"11:26:01","SZ","NB",15613672091,15721670960,31335343051,-107998869
20201119,"11:27:01","SH","NB",11279471512,10740241221,22019712733,539230291
20201119,"11:27:01","SZ","NB",15660215753,15763271717,31423487470,-103055964
20201119,"11:28:01","SZ","NB",15700688554,15796368912,31497057466,-95680358
20201119,"11:28:01","SH","NB",11314919701,10759850236,22074769937,555069465
20201119,"11:29:01","SH","NB",11359288226,10783039220,22142327446,576249006
20201119,"11:29:01","SZ","NB",15741503299,15832504831,31574008130,-91001532
20201119,"11:30:01","SH","NB",11401919154,10803720956,22205640110,598198198
20201119,"11:30:01","SZ","NB",15797787206,15860750271,31658537477,-62963065
20201119,"11:31:01","SH","NB",11401955857,10803762811,22205718668,598193046
20201119,"13:00:01","SZ","NB",15807138717,15864398648,31671537365,-57259931
20201119,"13:01:01","SH","NB",11541402912,10909537278,22450940190,631865634
20201119,"13:01:01","SZ","NB",15985553545,16055719557,32041273102,-70166012
20201119,"13:02:01","SH","NB",11645205360,10963541499,22608746859,681663861
20201119,"13:02:01","SZ","NB",16084219614,16121079543,32205299157,-36859929
20201119,"13:03:01","SH","NB",11721081894,11002584240,22723666134,718497654
20201119,"13:03:01","SZ","NB",16183076489,16186441376,32369517865,-3364887
20201119,"13:04:01","SH","NB",11775634428,11050013329,22825647757,725621099
20201119,"13:04:01","SZ","NB",16263541100,16261127950,32524669050,2413150
20201119,"13:05:01","SH","NB",11880236465,11086894770,22967131235,793341695
20201119,"13:05:01","SZ","NB",16368318957,16306585182,32674904139,61733775
20201119,"13:06:01","SH","NB",11942893266,11129843336,23072736602,813049930
20201119,"13:06:01","SZ","NB",16460032236,16388794136,32848826372,71238100
20201119,"13:07:01","SH","NB",11994303400,11174850834,23169154234,819452566
20201119,"13:07:01","SZ","NB",16532916566,16466888840,32999805406,66027726
20201119,"13:08:01","SH","NB",12043316347,11209848089,23253164436,833468258
20201119,"13:08:01","SZ","NB",16600462200,16529119615,33129581815,71342585
20201119,"13:09:01","SZ","NB",16664254330,16618337085,33282591415,45917245
20201119,"13:09:01","SH","NB",12104437262,11253672061,23358109323,850765201
20201119,"13:10:01","SH","NB",12153608760,11285555338,23439164098,868053422
20201119,"13:10:01","SZ","NB",16706232603,16672810527,33379043130,33422076
20201119,"13:11:01","SH","NB",12274322069,11342673170,23616995239,931648899
20201119,"13:11:01","SZ","NB",16846192630,16745405189,33591597819,100787441
20201119,"13:12:01","SH","NB",12323293658,11389934425,23713228083,933359233
20201119,"13:12:01","SZ","NB",16905395921,16824915554,33730311475,80480367
20201119,"13:13:01","SH","NB",12397648656,11429616022,23827264678,968032634
20201119,"13:13:01","SZ","NB",16978348495,16898526886,33876875381,79821609
20201119,"13:14:01","SH","NB",12436509383,11485421572,23921930955,951087811
20201119,"13:14:01","SZ","NB",17029723713,16971311102,34001034815,58412611
20201119,"13:15:01","SH","NB",12482597199,11520138806,24002736005,962458393
20201119,"13:15:01","SZ","NB",17084382820,17041666849,34126049669,42715971
20201119,"13:16:01","SH","NB",12578621890,11558349163,24136971053,1020272727
20201119,"13:16:01","SZ","NB",17157485305,17099249352,34256734657,58235953
20201119,"13:17:01","SH","NB",12633041179,11589403779,24222444958,1043637400
20201119,"13:17:01","SZ","NB",17228655393,17166409818,34395065211,62245575
20201119,"13:18:01","SH","NB",12665795330,11624890023,24290685353,1040905307
20201119,"13:18:01","SZ","NB",17270244891,17224995400,34495240291,45249491
20201119,"13:19:01","SZ","NB",17362407198,17287821646,34650228844,74585552
20201119,"13:19:01","SH","NB",12717455190,11663022441,24380477631,1054432749
20201119,"13:20:01","SH","NB",12795007190,11698171469,24493178659,1096835721
20201119,"13:20:01","SZ","NB",17430075584,17346462677,34776538261,83612907
20201119,"13:21:01","SH","NB",12891029698,11754295809,24645325507,1136733889
20201119,"13:21:01","SZ","NB",17565282476,17452912863,35018195339,112369613
20201119,"13:22:01","SH","NB",12935888883,11802051781,24737940664,1133837102
20201119,"13:22:01","SZ","NB",17610654343,17527917579,35138571922,82736764
20201119,"13:23:01","SH","NB",12974597819,11864515415,24839113234,1110082404
20201119,"13:23:01","SZ","NB",17657086548,17599225236,35256311784,57861312
20201119,"13:24:01","SH","NB",13011069012,11908580219,24919649231,1102488793
20201119,"13:24:01","SZ","NB",17708179729,17655548565,35363728294,52631164
20201119,"13:25:01","SH","NB",13045222645,11938035706,24983258351,1107186939
20201119,"13:25:01","SZ","NB",17747439173,17718445267,35465884440,28993906
20201119,"13:26:01","SH","NB",13107168801,11969033898,25076202699,1138134903
20201119,"13:26:01","SZ","NB",17819148754,17772095855,35591244609,47052899
20201119,"13:27:01","SZ","NB",17869675870,17823063588,35692739458,46612282
20201119,"13:27:01","SH","NB",13148179011,12012513992,25160693003,1135665019
20201119,"13:28:01","SH","NB",13196690657,12056805754,25253496411,1139884903
20201119,"13:28:01","SZ","NB",17917151412,17887402257,35804553669,29749155
20201119,"13:29:01","SH","NB",13223297302,12121974175,25345271477,1101323127
20201119,"13:29:01","SZ","NB",17964169945,18018773759,35982943704,-54603814
20201119,"13:30:01","SH","NB",13256545227,12160977803,25417523030,1095567424
20201119,"13:30:01","SZ","NB",18020929856,18093941046,36114870902,-73011190
20201119,"13:31:01","SH","NB",13319877246,12229728315,25549605561,1090148931
20201119,"13:31:01","SZ","NB",18097311079,18183033698,36280344777,-85722619
20201119,"13:32:01","SH","NB",13378399896,12273543140,25651943036,1104856756
20201119,"13:32:01","SZ","NB",18180189084,18258177209,36438366293,-77988125
20201119,"13:33:01","SH","NB",13445494646,12308701334,25754195980,1136793312
20201119,"13:33:01","SZ","NB",18245620924,18314540180,36560161104,-68919256
20201119,"13:34:01","SH","NB",13480046632,12368039875,25848086507,1112006757
20201119,"13:34:01","SZ","NB",18301985880,18379910405,36681896285,-77924525
20201119,"13:35:01","SZ","NB",18368614089,18438646616,36807260705,-70032527
20201119,"13:35:01","SH","NB",13514269241,12418659473,25932928714,1095609768
20201119,"13:36:01","SH","NB",13565978117,12457094673,26023072790,1108883444
20201119,"13:36:01","SZ","NB",18449990443,18518741934,36968732377,-68751491
20201119,"13:37:01","SH","NB",13605790513,12485524840,26091315353,1120265673
20201119,"13:37:01","SZ","NB",18535731914,18585711321,37121443235,-49979407
20201119,"13:38:01","SH","NB",13641472008,12516590648,26158062656,1124881360
20201119,"13:38:01","SZ","NB",18583061705,18655801192,37238862897,-72739487
20201119,"13:39:01","SZ","NB",18624139819,18724237941,37348377760,-100098122
20201119,"13:39:01","SH","NB",13683075029,12555166766,26238241795,1127908263
20201119,"13:40:01","SH","NB",13733869572,12590360665,26324230237,1143508907
20201119,"13:40:01","SZ","NB",18673213244,18816797920,37490011164,-143584676
20201119,"13:41:01","SH","NB",13781129202,12646484303,26427613505,1134644899
20201119,"13:41:01","SZ","NB",18755470998,18909711306,37665182304,-154240308
20201119,"13:42:01","SH","NB",13844213048,12704163725,26548376773,1140049323
20201119,"13:42:01","SZ","NB",18832409742,18960178224,37792587966,-127768482
20201119,"13:43:01","SH","NB",13914065989,12752518794,26666584783,1161547195
20201119,"13:43:01","SZ","NB",18890116497,19028333633,37918450130,-138217136
20201119,"13:44:01","SH","NB",13961811836,12797626608,26759438444,1164185228
20201119,"13:44:01","SZ","NB",18938202640,19091329784,38029532424,-153127144
20201119,"13:45:01","SZ","NB",19096184091,19151116602,38247300693,-54932511
20201119,"13:45:01","SH","NB",14111646216,12836570059,26948216275,1275076157
20201119,"13:46:01","SH","NB",14175113898,12882961852,27058075750,1292152046
20201119,"13:46:01","SZ","NB",19169057103,19233287440,38402344543,-64230337
20201119,"13:47:01","SH","NB",14232901122,12924560578,27157461700,1308340544
20201119,"13:47:01","SZ","NB",19231096328,19325577336,38556673664,-94481008
20201119,"13:48:01","SH","NB",14275104813,12996990429,27272095242,1278114384
20201119,"13:48:01","SZ","NB",19273189266,19435945049,38709134315,-162755783
20201119,"13:49:01","SH","NB",14313056665,13047489708,27360546373,1265566957
20201119,"13:49:01","SZ","NB",19319113720,19493770489,38812884209,-174656769
20201119,"13:50:01","SH","NB",14353373933,13122408158,27475782091,1230965775
20201119,"13:50:01","SZ","NB",19360511001,19575085533,38935596534,-214574532
20201119,"13:51:01","SH","NB",14401884326,13174205817,27576090143,1227678509
20201119,"13:51:01","SZ","NB",19431741204,19656945828,39088687032,-225204624
20201119,"13:52:01","SZ","NB",19492635350,19735018071,39227653421,-242382721
20201119,"13:52:01","SH","NB",14442137704,13221259334,27663397038,1220878370
20201119,"13:53:01","SH","NB",14480400250,13301793419,27782193669,1178606831
20201119,"13:53:01","SZ","NB",19533350506,19829710474,39363060980,-296359968
20201119,"13:54:01","SZ","NB",19596848637,19889877680,39486726317,-293029043
20201119,"13:54:01","SH","NB",14519300137,13332626533,27851926670,1186673604
20201119,"13:55:01","SH","NB",14562770221,13373153988,27935924209,1189616233
20201119,"13:55:01","SZ","NB",19647843150,19989868012,39637711162,-342024862
20201119,"13:56:01","SH","NB",14600824794,13416020539,28016845333,1184804255
20201119,"13:56:01","SZ","NB",19707438912,20054134639,39761573551,-346695727
20201119,"13:57:01","SH","NB",14643389182,13461658919,28105048101,1181730263
20201119,"13:57:01","SZ","NB",19758831012,20162328793,39921159805,-403497781
20201119,"13:58:01","SH","NB",14685369998,13498818428,28184188426,1186551570
20201119,"13:58:01","SZ","NB",19798459843,20222393880,40020853723,-423934037
20201119,"13:59:01","SH","NB",14714353601,13529308733,28243662334,1185044868
20201119,"13:59:01","SZ","NB",19838439906,20268705784,40107145690,-430265878
20201119,"14:00:01","SH","NB",14768697346,13561830038,28330527384,1206867308
20201119,"14:00:01","SZ","NB",19906789802,20322555019,40229344821,-415765217
20201119,"14:01:01","SH","NB",14825493315,13610476343,28435969658,1215016972
20201119,"14:01:01","SZ","NB",19978648833,20399450747,40378099580,-420801914
20201119,"14:02:01","SH","NB",14875720768,13647997331,28523718099,1227723437
20201119,"14:02:01","SZ","NB",20018893243,20458038764,40476932007,-439145521
20201119,"14:03:01","SZ","NB",20062389795,20512147035,40574536830,-449757240
20201119,"14:03:01","SH","NB",14928277000,13693897553,28622174553,1234379447
20201119,"14:04:01","SH","NB",14969383448,13745949459,28715332907,1223433989
20201119,"14:04:01","SZ","NB",20112895829,20584001925,40696897754,-471106096
20201119,"14:05:01","SH","NB",15018419307,13844988965,28863408272,1173430342
20201119,"14:05:01","SZ","NB",20160902221,20707913253,40868815474,-547011032
20201119,"14:06:01","SH","NB",15044546836,13892847987,28937394823,1151698849
20201119,"14:06:01","SZ","NB",20206981956,20778346217,40985328173,-571364261
20201119,"14:07:01","SH","NB",15079329111,13927607782,29006936893,1151721329
20201119,"14:07:01","SZ","NB",20263333922,20835459107,41098793029,-572125185
20201119,"14:08:01","SZ","NB",20320068672,20908098146,41228166818,-588029474
20201119,"14:08:01","SH","NB",15118158142,13971889803,29090047945,1146268339
20201119,"14:09:01","SH","NB",15160923627,14003253014,29164176641,1157670613
20201119,"14:09:01","SZ","NB",20371483204,20966280492,41337763696,-594797288
20201119,"14:10:01","SH","NB",15199031006,14056760482,29255791488,1142270524
20201119,"14:10:01","SZ","NB",20417273550,21036917612,41454191162,-619644062
20201119,"14:11:01","SH","NB",15241338114,14189483939,29430822053,1051854175
20201119,"14:11:01","SZ","NB",20487045130,21201168728,41688213858,-714123598
20201119,"14:12:01","SH","NB",15306042245,14281886263,29587928508,1024155982
20201119,"14:12:01","SZ","NB",20589661313,21275382323,41865043636,-685721010
20201119,"14:13:01","SH","NB",15367424706,14321886390,29689311096,1045538316
20201119,"14:13:01","SZ","NB",20695927084,21323230692,42019157776,-627303608
20201119,"14:14:01","SZ","NB",20754650124,21373097994,42127748118,-618447870
20201119,"14:14:01","SH","NB",15406884308,14359914005,29766798313,1046970303
20201119,"14:15:01","SH","NB",15456198155,14391067582,29847265737,1065130573
20201119,"14:15:01","SZ","NB",20809973003,21423709765,42233682768,-613736762
20201119,"14:16:01","SH","NB",15500695272,14430454320,29931149592,1070240952
20201119,"14:16:01","SZ","NB",20857797154,21477061276,42334858430,-619264122
20201119,"14:17:01","SH","NB",15544419578,14464641062,30009060640,1079778516
20201119,"14:17:01","SZ","NB",20908653105,21534127589,42442780694,-625474484
20201119,"14:18:01","SH","NB",15585918621,14488192740,30074111361,1097725881
20201119,"14:18:01","SZ","NB",20963149941,21585947464,42549097405,-622797523
20201119,"14:19:01","SH","NB",15633243060,14515141512,30148384572,1118101548
20201119,"14:19:01","SZ","NB",21014873279,21638434116,42653307395,-623560837
20201119,"14:20:01","SH","NB",15681415825,14550930482,30232346307,1130485343
20201119,"14:20:01","SZ","NB",21065882327,21685246515,42751128842,-619364188
20201119,"14:21:01","SH","NB",15791131745,14609181178,30400312923,1181950567
20201119,"14:21:01","SZ","NB",21195974815,21750156905,42946131720,-554182090
20201119,"14:22:01","SH","NB",15856535130,14666808388,30523343518,1189726742
20201119,"14:22:01","SZ","NB",21262288204,21838350664,43100638868,-576062460
20201119,"14:23:01","SH","NB",15909623915,14714661646,30624285561,1194962269
20201119,"14:23:01","SZ","NB",21315931175,21906111568,43222042743,-590180393
20201119,"14:24:01","SZ","NB",21349226471,21971124067,43320350538,-621897596
20201119,"14:24:01","SH","NB",15942253331,14752862910,30695116241,1189390421
20201119,"14:25:01","SH","NB",15982195529,14808268355,30790463884,1173927174
20201119,"14:25:01","SZ","NB",21402168581,22034613077,43436781658,-632444496
20201119,"14:26:01","SH","NB",16024687550,14854767989,30879455539,1169919561
20201119,"14:26:01","SZ","NB",21459946022,22108184305,43568130327,-648238283
20201119,"14:27:01","SH","NB",16070134495,14891548297,30961682792,1178586198
20201119,"14:27:01","SZ","NB",21518589097,22164500229,43683089326,-645911132
20201119,"14:28:01","SH","NB",16135601362,14924253520,31059854882,1211347842
20201119,"14:28:01","SZ","NB",21595145622,22212215264,43807360886,-617069642
20201119,"14:29:01","SH","NB",16210433220,14969040660,31179473880,1241392560
20201119,"14:29:01","SZ","NB",21657792300,22278403907,43936196207,-620611607
20201119,"14:30:01","SH","NB",16293992751,15009781886,31303774637,1284210865
20201119,"14:30:01","SZ","NB",21745975787,22345926597,44091902384,-599950810
20201119,"14:31:01","SH","NB",16395016504,15081787827,31476804331,1313228677
20201119,"14:31:01","SZ","NB",21855850147,22450244960,44306095107,-594394813
20201119,"14:32:01","SH","NB",16459412008,15160944061,31620356069,1298467947
20201119,"14:32:01","SZ","NB",21931114164,22562611851,44493726015,-631497687
20201119,"14:33:01","SH","NB",16555931158,15251314196,31807245354,1304616962
20201119,"14:33:01","SZ","NB",22012002856,22681268665,44693271521,-669265809
20201119,"14:34:01","SZ","NB",22082197640,22807683131,44889880771,-725485491
20201119,"14:34:01","SH","NB",16608841934,15363555610,31972397544,1245286324
20201119,"14:35:01","SH","NB",16679105990,15403557567,32082663557,1275548423
20201119,"14:35:01","SZ","NB",22165599547,22884370675,45049970222,-718771128
20201119,"14:36:01","SH","NB",16774203998,15445389943,32219593941,1328814055
20201119,"14:36:01","SZ","NB",22273573407,22954885380,45228458787,-681311973
20201119,"14:37:01","SH","NB",16847057188,15493788345,32340845533,1353268843
20201119,"14:37:01","SZ","NB",22365385871,23060856879,45426242750,-695471008
20201119,"14:38:01","SH","NB",16899663889,15545985574,32445649463,1353678315
20201119,"14:38:01","SZ","NB",22425291214,23140431083,45565722297,-715139869
20201119,"14:39:01","SH","NB",16956218821,15599012736,32555231557,1357206085
20201119,"14:39:01","SZ","NB",22490059980,23209690336,45699750316,-719630356
20201119,"14:40:01","SH","NB",17062626845,15648132747,32710759592,1414494098
20201119,"14:40:01","SZ","NB",22576038960,23267256049,45843295009,-691217089
20201119,"14:41:01","SH","NB",17244588899,15735943552,32980532451,1508645347
20201119,"14:41:01","SZ","NB",22754187661,23381280137,46135467798,-627092476
20201119,"14:42:01","SH","NB",17319299611,15821869078,33141168689,1497430533
20201119,"14:42:01","SZ","NB",22827478490,23481005674,46308484164,-653527184
20201119,"14:43:01","SH","NB",17417070326,15912541133,33329611459,1504529193
20201119,"14:43:01","SZ","NB",22924612806,23563253651,46487866457,-638640845
20201119,"14:44:01","SZ","NB",23029897247,23650141796,46680039043,-620244549
20201119,"14:44:01","SH","NB",17504847377,15979820548,33484667925,1525026829
20201119,"14:45:01","SH","NB",17569836483,16074744005,33644580488,1495092478
20201119,"14:45:01","SZ","NB",23093496496,23757311486,46850807982,-663814990
20201119,"14:46:01","SH","NB",17632402087,16157883327,33790285414,1474518760
20201119,"14:46:01","SZ","NB",23162377595,23859261711,47021639306,-696884116
20201119,"14:47:01","SZ","NB",23227857066,23928604765,47156461831,-700747699
20201119,"14:47:01","SH","NB",17707132298,16216950108,33924082406,1490182190
20201119,"14:48:01","SH","NB",17763872818,16293346732,34057219550,1470526086
20201119,"14:48:01","SZ","NB",23297338286,23995888792,47293227078,-698550506
20201119,"14:49:01","SH","NB",17825174793,16376935237,34202110030,1448239556
20201119,"14:49:01","SZ","NB",23354432214,24060063633,47414495847,-705631419
20201119,"14:50:01","SZ","NB",23423175201,24141794620,47564969821,-718619419
20201119,"14:50:01","SH","NB",17877544993,16441803102,34319348095,1435741891
20201119,"14:51:01","SH","NB",17957213979,16583418088,34540632067,1373795891
20201119,"14:51:01","SZ","NB",23515493503,24267233574,47782727077,-751740071
20201119,"14:52:01","SH","NB",18067471777,16661130414,34728602191,1406341363
20201119,"14:52:01","SZ","NB",23650932544,24347596039,47998528583,-696663495
20201119,"14:53:01","SH","NB",18155485559,16743860338,34899345897,1411625221
20201119,"14:53:01","SZ","NB",23736282563,24441863912,48178146475,-705581349
20201119,"14:54:01","SH","NB",18236327974,16817562825,35053890799,1418765149
20201119,"14:54:01","SZ","NB",23812103653,24560280924,48372384577,-748177271
20201119,"14:55:01","SH","NB",18322869921,16877347021,35200216942,1445522900
20201119,"14:55:01","SZ","NB",23918046963,24658700896,48576747859,-740653933
20201119,"14:56:01","SH","NB",18421995297,17001894169,35423889466,1420101128
20201119,"14:56:01","SZ","NB",24033129851,24809864820,48842994671,-776734969
20201119,"14:57:01","SH","NB",18513146986,17091416322,35604563308,1421730664
20201119,"14:57:01","SZ","NB",24113282652,24933411296,49046693948,-820128644
20201119,"14:58:01","SH","NB",18513146986,17091434537,35604581523,1421712449
20201119,"15:00:01","SH","NB",18513301684,17092121685,35605423369,1421179999
20201119,"15:00:01","SZ","NB",24199678291,25068717041,49268395332,-869038750
20201119,"15:01:01","SH","NB",18767440998,17432558755,36199999753,1334882243
20201119,"15:01:01","SZ","NB",24421596397,25317997469,49739593866,-896401072
