dataDate,dataTime,connectMarket,tradeDirection,buyTurnover,sellTurnover,totalTurnover,netTurnover
20200709,"09:30:01","SH","NB",388468343,187901757,576370100,200566586
20200709,"09:30:01","SZ","NB",376876921,273321326,650198247,103555595
20200709,"09:31:01","SH","NB",1069455620,731136661,1800592281,338318959
20200709,"09:31:01","SZ","NB",1550902853,970129155,2521032008,580773698
20200709,"09:32:01","SH","NB",1827489974,1055812711,2883302685,771677263
20200709,"09:32:01","SZ","NB",2478751097,1469044754,3947795851,1009706343
20200709,"09:33:01","SZ","NB",2998283463,2070861314,5069144777,927422149
20200709,"09:33:01","SH","NB",2244098608,1405906586,3650005194,838192022
20200709,"09:34:01","SH","NB",2594312283,1847803408,4442115691,746508875
20200709,"09:34:01","SZ","NB",3543446379,2639403619,6182849998,904042760
20200709,"09:35:01","SH","NB",3075853992,2207909009,5283763001,867944983
20200709,"09:35:01","SZ","NB",4211751704,3190048711,7401800415,1021702993
20200709,"09:36:01","SH","NB",3465875779,2560319269,6026195048,905556510
20200709,"09:36:01","SZ","NB",4789902048,3696247246,8486149294,1093654802
20200709,"09:37:01","SH","NB",3797968227,2968924213,6766892440,829044014
20200709,"09:37:01","SZ","NB",5315602261,4221232626,9536834887,1094369635
20200709,"09:38:01","SH","NB",4207011277,3203967077,7410978354,1003044200
20200709,"09:38:01","SZ","NB",5770902830,4633561944,10404464774,1137340886
20200709,"09:39:01","SH","NB",4459421091,3716473134,8175894225,742947957
20200709,"09:39:01","SZ","NB",6117425385,5309127413,11426552798,808297972
20200709,"09:40:01","SH","NB",4813901792,3969098090,8782999882,844803702
20200709,"09:40:01","SZ","NB",6728223982,5642832695,12371056677,1085391287
20200709,"09:41:01","SH","NB",5143242049,4241195425,9384437474,902046624
20200709,"09:41:01","SZ","NB",7266834650,6058608282,13325442932,1208226368
20200709,"09:42:01","SZ","NB",7615568830,6533077489,14148646319,1082491341
20200709,"09:42:01","SH","NB",5412392509,4537881704,9950274213,874510805
20200709,"09:43:01","SH","NB",5643201307,4902236424,10545437731,740964883
20200709,"09:43:01","SZ","NB",7952375103,6970355864,14922730967,982019239
20200709,"09:44:01","SH","NB",6008050790,5117071949,11125122739,890978841
20200709,"09:44:01","SZ","NB",8403312507,7249191048,15652503555,1154121459
20200709,"09:45:01","SH","NB",6197501300,5338376897,11535878197,859124403
20200709,"09:45:01","SZ","NB",8696998717,7525106984,16222105701,1171891733
20200709,"09:46:01","SH","NB",6442723900,5595177501,12037901401,847546399
20200709,"09:46:01","SZ","NB",9175725700,7807590951,16983316651,1368134749
20200709,"09:47:01","SH","NB",6641874483,5937741362,12579615845,704133121
20200709,"09:47:01","SZ","NB",9453391991,8235818583,17689210574,1217573408
20200709,"09:48:01","SH","NB",6891153355,6205022105,13096175460,686131250
20200709,"09:48:01","SZ","NB",9804023455,8525173737,18329197192,1278849718
20200709,"09:49:01","SH","NB",7150032808,6441963586,13591996394,708069222
20200709,"09:49:01","SZ","NB",10148766483,8838861494,18987627977,1309904989
20200709,"09:50:01","SH","NB",7565065549,6647386325,14212451874,917679224
20200709,"09:50:01","SZ","NB",10784393057,9077410192,19861803249,1706982865
20200709,"09:51:01","SH","NB",7913075535,6843597551,14756673086,1069477984
20200709,"09:51:01","SZ","NB",11253402622,9343287759,20596690381,1910114863
20200709,"09:52:01","SZ","NB",11558991326,9657300563,21216291889,1901690763
20200709,"09:52:01","SH","NB",8128978878,7088581456,15217560334,1040397422
20200709,"09:53:01","SH","NB",8333613194,7299741477,15633354671,1033871717
20200709,"09:53:01","SZ","NB",11857334210,9972484057,21829818267,1884850153
20200709,"09:54:01","SH","NB",8499674458,7531863326,16031537784,967811132
20200709,"09:54:01","SZ","NB",12120708263,10279162739,22399871002,1841545524
20200709,"09:55:01","SH","NB",8718993082,7698558644,16417551726,1020434438
20200709,"09:55:01","SZ","NB",12430299852,10530734230,22961034082,1899565622
20200709,"09:56:01","SH","NB",8956367885,7861237893,16817605778,1095129992
20200709,"09:56:01","SZ","NB",12772077573,10829650367,23601727940,1942427206
20200709,"09:57:01","SH","NB",9139361006,8123415510,17262776516,1015945496
20200709,"09:57:01","SZ","NB",13002354881,11142076361,24144431242,1860278520
20200709,"09:58:01","SH","NB",9309408496,8357851876,17667260372,951556620
20200709,"09:58:01","SZ","NB",13208597523,11429434156,24638031679,1779163367
20200709,"09:59:01","SH","NB",9456170332,8618964223,18075134555,837206109
20200709,"09:59:01","SZ","NB",13432744689,11718344454,25151089143,1714400235
20200709,"10:00:01","SH","NB",9736826825,8811075235,18547902060,925751590
20200709,"10:00:01","SZ","NB",13759824737,11905740725,25665565462,1854084012
20200709,"10:01:01","SZ","NB",14320643373,12125689952,26446333325,2194953421
20200709,"10:01:01","SH","NB",9978723931,9003713700,18982437631,975010231
20200709,"10:02:01","SH","NB",10197070063,9213752296,19410822359,983317767
20200709,"10:02:01","SZ","NB",14765900089,12369343006,27135243095,2396557083
20200709,"10:03:01","SH","NB",10337944413,9474501962,19812446375,863442451
20200709,"10:03:01","SZ","NB",15006282788,12710445480,27716728268,2295837308
20200709,"10:04:01","SH","NB",10894821584,9650967859,20545789443,1243853725
20200709,"10:04:01","SZ","NB",15709854752,12891969354,28601824106,2817885398
20200709,"10:05:01","SH","NB",11189637805,9808591044,20998228849,1381046761
20200709,"10:05:01","SZ","NB",16284488467,13080629849,29365118316,3203858618
20200709,"10:06:01","SZ","NB",16566273129,13328125453,29894398582,3238147676
20200709,"10:06:01","SH","NB",11375909170,9964548732,21340457902,1411360438
20200709,"10:07:01","SH","NB",11542212785,10127730927,21669943712,1414481858
20200709,"10:07:01","SZ","NB",16841036322,13577525846,30418562168,3263510476
20200709,"10:08:01","SH","NB",11706192247,10319214705,22025406952,1386977542
20200709,"10:08:01","SZ","NB",17086330206,13796453074,30882783280,3289877132
20200709,"10:09:01","SH","NB",11825430018,10474786378,22300216396,1350643640
20200709,"10:09:01","SZ","NB",17308342929,14027824269,31336167198,3280518660
20200709,"10:10:01","SH","NB",12008843456,10539141885,22547985341,1469701571
20200709,"10:10:01","SZ","NB",17606053029,14164679905,31770732934,3441373124
20200709,"10:11:01","SH","NB",12268410993,10645284392,22913695385,1623126601
20200709,"10:11:01","SZ","NB",17980877390,14352142535,32333019925,3628734855
20200709,"10:12:01","SZ","NB",18180641051,14554026514,32734667565,3626614537
20200709,"10:12:01","SH","NB",12443022891,10796828991,23239851882,1646193900
20200709,"10:13:01","SH","NB",12601820375,11034573076,23636393451,1567247299
20200709,"10:13:01","SZ","NB",18385742068,15037229807,33422971875,3348512261
20200709,"10:14:01","SH","NB",12722270056,11207054688,23929324744,1515215368
20200709,"10:14:01","SZ","NB",18540305201,15254996206,33795301407,3285308995
20200709,"10:15:01","SH","NB",12837803950,11347847120,24185651070,1489956830
20200709,"10:15:01","SZ","NB",18736167689,15443181289,34179348978,3292986400
20200709,"10:16:01","SH","NB",12954349841,11528366370,24482716211,1425983471
20200709,"10:16:01","SZ","NB",18898713773,15565779913,34464493686,3332933860
20200709,"10:17:01","SH","NB",13113862225,11643126240,24756988465,1470735985
20200709,"10:17:01","SZ","NB",19157441026,15710412183,34867853209,3447028843
20200709,"10:18:01","SH","NB",13265728708,11864704074,25130432782,1401024634
20200709,"10:18:01","SZ","NB",19330763524,15999296255,35330059779,3331467269
20200709,"10:19:01","SH","NB",13415736448,12086746562,25502483010,1328989886
20200709,"10:19:01","SZ","NB",19531363664,16243657814,35775021478,3287705850
20200709,"10:20:01","SH","NB",13575321320,12328563999,25903885319,1246757321
20200709,"10:20:01","SZ","NB",19720446693,16611817342,36332264035,3108629351
20200709,"10:21:01","SH","NB",13822198478,12656635006,26478833484,1165563472
20200709,"10:21:01","SZ","NB",20081416445,16970344764,37051761209,3111071681
20200709,"10:22:01","SZ","NB",20325664160,17166127351,37491791511,3159536809
20200709,"10:22:01","SH","NB",13979983469,12811166375,26791149844,1168817094
20200709,"10:23:01","SH","NB",14244584493,12968434303,27213018796,1276150190
20200709,"10:23:01","SZ","NB",20620485975,17406813061,38027299036,3213672914
20200709,"10:24:01","SH","NB",14422386002,13185215945,27607601947,1237170057
20200709,"10:24:01","SZ","NB",20879649304,17684962920,38564612224,3194686384
20200709,"10:25:01","SH","NB",14898127196,13351698027,28249825223,1546429169
20200709,"10:25:01","SZ","NB",21307004035,17909242729,39216246764,3397761306
20200709,"10:26:01","SH","NB",15163859981,13458214176,28622074157,1705645805
20200709,"10:26:01","SZ","NB",21649918671,18046531775,39696450446,3603386896
20200709,"10:27:01","SH","NB",15307796945,13568020404,28875817349,1739776541
20200709,"10:27:01","SZ","NB",21843762949,18161020129,40004783078,3682742820
20200709,"10:28:01","SH","NB",15396539016,13690691686,29087230702,1705847330
20200709,"10:28:01","SZ","NB",21994733544,18299138073,40293871617,3695595471
20200709,"10:29:01","SH","NB",15492534876,13793162706,29285697582,1699372170
20200709,"10:29:01","SZ","NB",22134777381,18477491869,40612269250,3657285512
20200709,"10:30:01","SZ","NB",22259655858,18623324330,40882980188,3636331528
20200709,"10:30:01","SH","NB",15580571176,13879934534,29460505710,1700636642
20200709,"10:31:01","SH","NB",15788012739,13977102250,29765114989,1810910489
20200709,"10:31:01","SZ","NB",22507837932,18792076178,41299914110,3715761754
20200709,"10:32:01","SH","NB",15880179231,14077747421,29957926652,1802431810
20200709,"10:32:01","SZ","NB",22683773229,18913594822,41597368051,3770178407
20200709,"10:33:01","SH","NB",15955292546,14221983189,30177275735,1733309357
20200709,"10:33:01","SZ","NB",22822354344,19113676431,41936030775,3708677913
20200709,"10:34:01","SH","NB",16027186717,14346862498,30374049215,1680324219
20200709,"10:34:01","SZ","NB",22926887564,19271105260,42197992824,3655782304
20200709,"10:35:01","SH","NB",16113471389,14486556428,30600027817,1626914961
20200709,"10:35:01","SZ","NB",23063686170,19442934829,42506620999,3620751341
20200709,"10:36:01","SH","NB",16210339534,14708148453,30918487987,1502191081
20200709,"10:36:01","SZ","NB",23236308581,19658366869,42894675450,3577941712
20200709,"10:37:01","SH","NB",16311216390,14943481118,31254697508,1367735272
20200709,"10:37:01","SZ","NB",23386439319,19898400688,43284840007,3488038631
20200709,"10:38:01","SZ","NB",23672784940,20088737862,43761522802,3584047078
20200709,"10:38:01","SH","NB",16520941796,15076938979,31597880775,1444002817
20200709,"10:39:01","SH","NB",16669331981,15225418744,31894750725,1443913237
20200709,"10:39:01","SZ","NB",23850555157,20273269892,44123825049,3577285265
20200709,"10:40:01","SH","NB",16768378741,15337156598,32105535339,1431222143
20200709,"10:40:01","SZ","NB",24016198376,20449655234,44465853610,3566543142
20200709,"10:41:01","SH","NB",17145967163,15428193820,32574160983,1717773343
20200709,"10:41:01","SZ","NB",24498296958,20616278826,45114575784,3882018132
20200709,"10:42:01","SH","NB",17302174423,15511801155,32813975578,1790373268
20200709,"10:42:01","SZ","NB",24747158452,20784635943,45531794395,3962522509
20200709,"10:43:01","SH","NB",17446915880,15618863910,33065779790,1828051970
20200709,"10:43:01","SZ","NB",24984593027,20977042358,45961635385,4007550669
20200709,"10:44:01","SZ","NB",25148650048,21169855549,46318505597,3978794499
20200709,"10:44:01","SH","NB",17570327633,15716824799,33287152432,1853502834
20200709,"10:45:01","SH","NB",17650335134,15826015332,33476350466,1824319802
20200709,"10:45:01","SZ","NB",25253431655,21407381742,46660813397,3846049913
20200709,"10:46:01","SH","NB",17723047552,15948226669,33671274221,1774820883
20200709,"10:46:01","SZ","NB",25368137462,21574903897,46943041359,3793233565
20200709,"10:47:01","SH","NB",17777944637,16040566104,33818510741,1737378533
20200709,"10:47:01","SZ","NB",25460697637,21772100368,47232798005,3688597269
20200709,"10:48:01","SH","NB",17917200874,16101365233,34018566107,1815835641
20200709,"10:48:01","SZ","NB",25623406473,21867775385,47491181858,3755631088
20200709,"10:49:01","SH","NB",18054391656,16173510362,34227902018,1880881294
20200709,"10:49:01","SZ","NB",25781158168,21982584922,47763743090,3798573246
20200709,"10:50:01","SH","NB",18153738318,16246332793,34400071111,1907405525
20200709,"10:50:01","SZ","NB",25924237319,22163278298,48087515617,3760959021
20200709,"10:51:01","SH","NB",18314756727,16324040920,34638797647,1990715807
20200709,"10:51:01","SZ","NB",26174489630,22303987144,48478476774,3870502486
20200709,"10:52:01","SH","NB",18395237981,16413522732,34808760713,1981715249
20200709,"10:52:01","SZ","NB",26282525063,22472687240,48755212303,3809837823
20200709,"10:53:01","SZ","NB",26425466024,22670098154,49095564178,3755367870
20200709,"10:53:01","SH","NB",18467469823,16526987198,34994457021,1940482625
20200709,"10:54:01","SH","NB",18547829620,16581182147,35129011767,1966647473
20200709,"10:54:01","SZ","NB",26536486635,22784108478,49320595113,3752378157
20200709,"10:55:01","SH","NB",18607730239,16637795132,35245525371,1969935107
20200709,"10:55:01","SZ","NB",26647946212,22903512612,49551458824,3744433600
20200709,"10:56:01","SH","NB",18705843008,16683112891,35388955899,2022730117
20200709,"10:56:01","SZ","NB",26784237385,22977957569,49762194954,3806279816
20200709,"10:57:01","SH","NB",18793047314,16738540302,35531587616,2054507012
20200709,"10:57:01","SZ","NB",26918572203,23100816168,50019388371,3817756035
20200709,"10:58:01","SH","NB",18899675776,16797567289,35697243065,2102108487
20200709,"10:58:01","SZ","NB",27059837139,23230096479,50289933618,3829740660
20200709,"10:59:01","SH","NB",18957281786,16913161998,35870443784,2044119788
20200709,"10:59:01","SZ","NB",27149295739,23400778257,50550073996,3748517482
20200709,"11:00:01","SH","NB",19033265261,16973074774,36006340035,2060190487
20200709,"11:00:01","SZ","NB",27288381549,23500918473,50789300022,3787463076
20200709,"11:01:01","SZ","NB",27453056705,23637658228,51090714933,3815398477
20200709,"11:01:01","SH","NB",19105601223,17044884634,36150485857,2060716589
20200709,"11:02:01","SH","NB",19203159768,17101061700,36304221468,2102098068
20200709,"11:02:01","SZ","NB",27599809030,23724459575,51324268605,3875349455
20200709,"11:03:01","SH","NB",19326250412,17190950182,36517200594,2135300230
20200709,"11:03:01","SZ","NB",27781058006,23855367064,51636425070,3925690942
20200709,"11:04:01","SH","NB",19379727570,17279111682,36658839252,2100615888
20200709,"11:04:01","SZ","NB",27896910971,24010067552,51906978523,3886843419
20200709,"11:05:01","SH","NB",19434620363,17426067072,36860687435,2008553291
20200709,"11:05:01","SZ","NB",27968358090,24190329726,52158687816,3778028364
20200709,"11:06:03","SH","NB",19512588657,17509476098,37022064755,2003112559
20200709,"11:06:03","SZ","NB",28064944339,24332442564,52397386903,3732501775
20200709,"11:07:01","SH","NB",19573843561,17582336433,37156179994,1991507128
20200709,"11:07:01","SZ","NB",28145262915,24438784818,52584047733,3706478097
20200709,"11:08:01","SH","NB",19651785621,17629219861,37281005482,2022565760
20200709,"11:08:01","SZ","NB",28251890206,24513889454,52765779660,3738000752
20200709,"11:09:01","SH","NB",19793002365,17677945894,37470948259,2115056471
20200709,"11:09:01","SZ","NB",28427365452,24573549948,53000915400,3853815504
20200709,"11:10:01","SZ","NB",28572581541,24638736756,53211318297,3933844785
20200709,"11:10:01","SH","NB",19858841974,17725863357,37584705331,2132978617
20200709,"11:11:01","SH","NB",19938410025,17796026975,37734437000,2142383050
20200709,"11:11:01","SZ","NB",28711018301,24763767534,53474785835,3947250767
20200709,"11:12:01","SH","NB",20028676887,17844321082,37872997969,2184355805
20200709,"11:12:01","SZ","NB",28868779568,24834261614,53703041182,4034517954
20200709,"11:13:01","SH","NB",20090169638,17905012587,37995182225,2185157051
20200709,"11:13:01","SZ","NB",29000766833,24922540561,53923307394,4078226272
20200709,"11:14:01","SZ","NB",29101062828,25022600803,54123663631,4078462025
20200709,"11:14:01","SH","NB",20154120640,17970714081,38124834721,2183406559
20200709,"11:15:01","SH","NB",20210685115,18019111444,38229796559,2191573671
20200709,"11:15:01","SZ","NB",29202134667,25087301715,54289436382,4114832952
20200709,"11:16:01","SH","NB",20271238391,18084059215,38355297606,2187179176
20200709,"11:16:01","SZ","NB",29335274241,25199863698,54535137939,4135410543
20200709,"11:17:01","SH","NB",20324518119,18137644159,38462162278,2186873960
20200709,"11:17:01","SZ","NB",29420042834,25295274770,54715317604,4124768064
20200709,"11:18:01","SH","NB",20381034145,18223073939,38604108084,2157960206
20200709,"11:18:01","SZ","NB",29503176462,25410704787,54913881249,4092471675
20200709,"11:19:01","SH","NB",20450767348,18267261476,38718028824,2183505872
20200709,"11:19:01","SZ","NB",29572214291,25492277891,55064492182,4079936400
20200709,"11:20:01","SH","NB",20513169889,18303464906,38816634795,2209704983
20200709,"11:20:01","SZ","NB",29654133421,25554044915,55208178336,4100088506
20200709,"11:21:01","SH","NB",20686988245,18367571479,39054559724,2319416766
20200709,"11:21:01","SZ","NB",29824403954,25667749978,55492153932,4156653976
20200709,"11:22:01","SZ","NB",30059494944,25733373116,55792868060,4326121828
20200709,"11:22:01","SH","NB",20854753306,18409269165,39264022471,2445484141
20200709,"11:23:01","SH","NB",20992056782,18455178151,39447234933,2536878631
20200709,"11:23:01","SZ","NB",30269643677,25834828993,56104472670,4434814684
20200709,"11:24:01","SH","NB",21136101429,18529076585,39665178014,2607024844
20200709,"11:24:01","SZ","NB",30457648190,25946812141,56404460331,4510836049
20200709,"11:25:01","SH","NB",21246995938,18591170908,39838166846,2655825030
20200709,"11:25:01","SZ","NB",30617845507,26035391323,56653236830,4582454184
20200709,"11:26:01","SH","NB",21360980781,18668557615,40029538396,2692423166
20200709,"11:26:01","SZ","NB",30829362435,26152804527,56982166962,4676557908
20200709,"11:27:01","SH","NB",21445332503,18737329854,40182662357,2708002649
20200709,"11:27:01","SZ","NB",30952672183,26264603310,57217275493,4688068873
20200709,"11:28:01","SH","NB",21554689926,18797146064,40351835990,2757543862
20200709,"11:28:01","SZ","NB",31139242577,26344510396,57483752973,4794732181
20200709,"11:29:01","SH","NB",21734901166,18845546022,40580447188,2889355144
20200709,"11:29:01","SZ","NB",31433477536,26427128704,57860606240,5006348832
20200709,"11:30:01","SZ","NB",31586409997,26526799111,58113209108,5059610886
20200709,"11:30:01","SH","NB",21905758479,18890872472,40796630951,3014886007
20200709,"11:31:01","SH","NB",21905788188,18890889388,40796677576,3014898800
20200709,"13:00:01","SZ","NB",31605746920,26543706064,58149452984,5062040856
20200709,"13:01:01","SH","NB",22212859126,19111584617,41324443743,3101274509
20200709,"13:01:01","SZ","NB",32130285203,26870827182,59001112385,5259458021
20200709,"13:02:01","SH","NB",22421095020,19283160781,41704255801,3137934239
20200709,"13:02:01","SZ","NB",32371146180,27149215476,59520361656,5221930704
20200709,"13:03:01","SH","NB",22541011914,19417404576,41958416490,3123607338
20200709,"13:03:01","SZ","NB",32517391072,27304228243,59821619315,5213162829
20200709,"13:04:01","SH","NB",22638031763,19533140451,42171172214,3104891312
20200709,"13:04:01","SZ","NB",32629443257,27482887255,60112330512,5146556002
20200709,"13:05:01","SH","NB",22747707363,19632420264,42380127627,3115287099
20200709,"13:05:01","SZ","NB",32823735720,27615245296,60438981016,5208490424
20200709,"13:06:01","SH","NB",22832807267,19902930386,42735737653,2929876881
20200709,"13:06:01","SZ","NB",32974960671,27914850687,60889811358,5060109984
20200709,"13:07:01","SZ","NB",33089169473,28146882581,61236052054,4942286892
20200709,"13:07:01","SH","NB",22948324711,20083520304,43031845015,2864804407
20200709,"13:08:01","SH","NB",23047288778,20286229560,43333518338,2761059218
20200709,"13:08:01","SZ","NB",33226176056,28366362592,61592538648,4859813464
20200709,"13:09:01","SH","NB",23155943641,20353459285,43509402926,2802484356
20200709,"13:09:01","SZ","NB",33358701205,28464487297,61823188502,4894213908
20200709,"13:10:01","SH","NB",23256696701,20410557452,43667254153,2846139249
20200709,"13:10:01","SZ","NB",33499387920,28571865333,62071253253,4927522587
20200709,"13:11:01","SZ","NB",33737988171,28678810247,62416798418,5059177924
20200709,"13:11:01","SH","NB",23413105748,20477473621,43890579369,2935632127
20200709,"13:12:01","SH","NB",23515795444,20549730122,44065525566,2966065322
20200709,"13:12:01","SZ","NB",34061253920,28860427361,62921681281,5200826559
20200709,"13:13:01","SH","NB",23647849765,20643362337,44291212102,3004487428
20200709,"13:13:01","SZ","NB",34281510071,29038579816,63320089887,5242930255
20200709,"13:14:01","SZ","NB",34483376426,29214711404,63698087830,5268665022
20200709,"13:14:01","SH","NB",23753477338,20721534564,44475011902,3031942774
20200709,"13:15:01","SH","NB",23907711747,20798729708,44706441455,3108982039
20200709,"13:15:01","SZ","NB",34743737475,29405908237,64149645712,5337829238
20200709,"13:16:01","SH","NB",24025702251,20877515557,44903217808,3148186694
20200709,"13:16:01","SZ","NB",34904638680,29619550859,64524189539,5285087821
20200709,"13:17:01","SH","NB",24133829040,20972854646,45106683686,3160974394
20200709,"13:17:01","SZ","NB",35053432219,29764128038,64817560257,5289304181
20200709,"13:18:01","SH","NB",24255777922,21067576302,45323354224,3188201620
20200709,"13:18:01","SZ","NB",35189379834,29961808392,65151188226,5227571442
20200709,"13:19:01","SZ","NB",35329203135,30170116433,65499319568,5159086702
20200709,"13:19:01","SH","NB",24393860712,21198476351,45592337063,3195384361
20200709,"13:20:01","SH","NB",24468386522,21328298061,45796684583,3140088461
20200709,"13:20:01","SZ","NB",35420792716,30377594502,65798387218,5043198214
20200709,"13:21:01","SH","NB",24546670619,21500401368,46047071987,3046269251
20200709,"13:21:01","SZ","NB",35529776824,30702924651,66232701475,4826852173
20200709,"13:22:01","SH","NB",24612532804,21623872775,46236405579,2988660029
20200709,"13:22:01","SZ","NB",35631208001,30889555954,66520763955,4741652047
20200709,"13:23:01","SH","NB",24723803216,21691596047,46415399263,3032207169
20200709,"13:23:01","SZ","NB",35787343653,31015860143,66803203796,4771483510
20200709,"13:24:01","SH","NB",24818126890,21791904160,46610031050,3026222730
20200709,"13:24:01","SZ","NB",35905246994,31185055732,67090302726,4720191262
20200709,"13:25:01","SH","NB",24884971600,21876193820,46761165420,3008777780
20200709,"13:25:01","SZ","NB",36019878520,31321254864,67341133384,4698623656
20200709,"13:26:01","SH","NB",24974481494,21936139678,46910621172,3038341816
20200709,"13:26:01","SZ","NB",36132346465,31420812831,67553159296,4711533634
20200709,"13:27:01","SZ","NB",36243118474,31517752977,67760871451,4725365497
20200709,"13:27:01","SH","NB",25050959120,22023678591,47074637711,3027280529
20200709,"13:28:01","SH","NB",25214139401,22084119254,47298258655,3130020147
20200709,"13:28:01","SZ","NB",36377218253,31601291162,67978509415,4775927091
20200709,"13:29:01","SH","NB",25382575815,22166145259,47548721074,3216430556
20200709,"13:29:01","SZ","NB",36531057101,31744311481,68275368582,4786745620
20200709,"13:30:01","SH","NB",25484234538,22380426596,47864661134,3103807942
20200709,"13:30:01","SZ","NB",36633338586,32020109657,68653448243,4613228929
20200709,"13:31:01","SH","NB",25574299440,22597132539,48171431979,2977166901
20200709,"13:31:01","SZ","NB",36738370730,32362901123,69101271853,4375469607
20200709,"13:32:01","SZ","NB",36833636089,32572173785,69405809874,4261462304
20200709,"13:32:01","SH","NB",25641096993,22753046656,48394143649,2888050337
20200709,"13:33:01","SH","NB",25743425628,22850921719,48594347347,2892503909
20200709,"13:33:01","SZ","NB",36963723866,32688026978,69651750844,4275696888
20200709,"13:34:01","SH","NB",25815565824,22970147994,48785713818,2845417830
20200709,"13:34:01","SZ","NB",37058928306,32862150627,69921078933,4196777679
20200709,"13:35:01","SH","NB",25887435879,23128770013,49016205892,2758665866
20200709,"13:35:01","SZ","NB",37151977053,33035603795,70187580848,4116373258
20200709,"13:36:01","SH","NB",25972444186,23226340295,49198784481,2746103891
20200709,"13:36:01","SZ","NB",37287014149,33160414104,70447428253,4126600045
20200709,"13:37:01","SH","NB",26105204045,23298080193,49403284238,2807123852
20200709,"13:37:01","SZ","NB",37462262119,33247877810,70710139929,4214384309
20200709,"13:38:01","SH","NB",26222365873,23361017351,49583383224,2861348522
20200709,"13:38:01","SZ","NB",37597136680,33323374320,70920511000,4273762360
20200709,"13:39:01","SH","NB",26306391245,23411206098,49717597343,2895185147
20200709,"13:39:01","SZ","NB",37723202350,33416485641,71139687991,4306716709
20200709,"13:40:01","SH","NB",26367418291,23492457133,49859875424,2874961158
20200709,"13:40:01","SZ","NB",37817425679,33587569311,71404994990,4229856368
20200709,"13:41:01","SH","NB",26428970993,23584550860,50013521853,2844420133
20200709,"13:41:01","SZ","NB",37916934098,33776343743,71693277841,4140590355
20200709,"13:42:01","SZ","NB",38081181830,33865126318,71946308148,4216055512
20200709,"13:42:01","SH","NB",26611967907,23645729665,50257697572,2966238242
20200709,"13:43:01","SH","NB",26743271440,23767598042,50510869482,2975673398
20200709,"13:43:01","SZ","NB",38211062405,34041897318,72252959723,4169165087
20200709,"13:44:01","SH","NB",26810527341,23863405479,50673932820,2947121862
20200709,"13:44:01","SZ","NB",38314153283,34152847183,72467000466,4161306100
20200709,"13:45:01","SH","NB",26950307376,23976653581,50926960957,2973653795
20200709,"13:45:01","SZ","NB",38412836317,34275452495,72688288812,4137383822
20200709,"13:46:01","SH","NB",27025738199,24181412905,51207151104,2844325294
20200709,"13:46:01","SZ","NB",38504847799,34589764348,73094612147,3915083451
20200709,"13:47:01","SH","NB",27130889885,24306276045,51437165930,2824613840
20200709,"13:47:01","SZ","NB",38616561766,34723743076,73340304842,3892818690
20200709,"13:48:01","SH","NB",27228552112,24364174409,51592726521,2864377703
20200709,"13:48:01","SZ","NB",38723173559,34809737928,73532911487,3913435631
20200709,"13:49:01","SZ","NB",38833695988,34956061447,73789757435,3877634541
20200709,"13:49:01","SH","NB",27316302415,24458566308,51774868723,2857736107
20200709,"13:50:01","SH","NB",27400181030,24533357653,51933538683,2866823377
20200709,"13:50:01","SZ","NB",38965877689,35057746481,74023624170,3908131208
20200709,"13:51:01","SH","NB",27504993911,24682421317,52187415228,2822572594
20200709,"13:51:01","SZ","NB",39095592727,35285809521,74381402248,3809783206
20200709,"13:52:01","SH","NB",27598727148,24771811331,52370538479,2826915817
20200709,"13:52:01","SZ","NB",39222057438,35413752226,74635809664,3808305212
20200709,"13:53:01","SH","NB",27683986567,24918443128,52602429695,2765543439
20200709,"13:53:01","SZ","NB",39378301710,35559633520,74937935230,3818668190
20200709,"13:54:01","SH","NB",27880634300,24969176062,52849810362,2911458238
20200709,"13:54:01","SZ","NB",39607011589,35650513607,75257525196,3956497982
20200709,"13:55:01","SH","NB",27965977395,25018953473,52984930868,2947023922
20200709,"13:55:01","SZ","NB",39728477863,35736207658,75464685521,3992270205
20200709,"13:56:01","SH","NB",28049336795,25070163466,53119500261,2979173329
20200709,"13:56:01","SZ","NB",39842441883,35836569904,75679011787,4005871979
20200709,"13:57:01","SZ","NB",39920168843,35923189719,75843358562,3996979124
20200709,"13:57:01","SH","NB",28127468132,25126388150,53253856282,3001079982
20200709,"13:58:01","SH","NB",28192242586,25183072107,53375314693,3009170479
20200709,"13:58:01","SZ","NB",40007425650,36010002396,76017428046,3997423254
20200709,"13:59:01","SH","NB",28246882464,25232476297,53479358761,3014406167
20200709,"13:59:01","SZ","NB",40095167838,36093012335,76188180173,4002155503
20200709,"14:00:01","SH","NB",28298490653,25300439778,53598930431,2998050875
20200709,"14:00:01","SZ","NB",40173986409,36173377933,76347364342,4000608476
20200709,"14:01:01","SH","NB",28365026256,25448589468,53813615724,2916436788
20200709,"14:01:01","SZ","NB",40275278867,36358720200,76633999067,3916558667
20200709,"14:02:01","SH","NB",28420963676,25523936246,53944899922,2897027430
20200709,"14:02:01","SZ","NB",40347821374,36463520397,76811341771,3884300977
20200709,"14:03:01","SH","NB",28472681495,25621552182,54094233677,2851129313
20200709,"14:03:01","SZ","NB",40424990468,36593327594,77018318062,3831662874
20200709,"14:04:01","SH","NB",28597600846,25683702538,54281303384,2913898308
20200709,"14:04:01","SZ","NB",40552466002,36672280950,77224746952,3880185052
20200709,"14:05:01","SH","NB",28668050580,25726221241,54394271821,2941829339
20200709,"14:05:01","SZ","NB",40667203988,36737368780,77404572768,3929835208
20200709,"14:06:01","SZ","NB",40840907478,36813772132,77654679610,4027135346
20200709,"14:06:01","SH","NB",28832912811,25780071095,54612983906,3052841716
20200709,"14:07:01","SH","NB",28984512940,25843658686,54828171626,3140854254
20200709,"14:07:01","SZ","NB",40949592461,36905371079,77854963540,4044221382
20200709,"14:08:01","SH","NB",29099273729,25899848154,54999121883,3199425575
20200709,"14:08:01","SZ","NB",41062434077,36992049007,78054483084,4070385070
20200709,"14:09:01","SH","NB",29178543398,25957783915,55136327313,3220759483
20200709,"14:09:01","SZ","NB",41168606189,37084533536,78253139725,4084072653
20200709,"14:10:01","SH","NB",29251630466,26054762264,55306392730,3196868202
20200709,"14:10:01","SZ","NB",41275182338,37224964942,78500147280,4050217396
20200709,"14:11:01","SH","NB",29339450271,26135826068,55475276339,3203624203
20200709,"14:11:01","SZ","NB",41371964475,37328798725,78700763200,4043165750
20200709,"14:12:01","SH","NB",29391790918,26248398948,55640189866,3143391970
20200709,"14:12:01","SZ","NB",41447894702,37465611222,78913505924,3982283480
20200709,"14:13:01","SH","NB",29469216237,26373735058,55842951295,3095481179
20200709,"14:13:01","SZ","NB",41577831088,37631264249,79209095337,3946566839
20200709,"14:14:01","SZ","NB",41648335252,37752392488,79400727740,3895942764
20200709,"14:14:01","SH","NB",29530250413,26451095019,55981345432,3079155394
20200709,"14:15:01","SH","NB",29579289480,26590401755,56169691235,2988887725
20200709,"14:15:01","SZ","NB",41710133897,37872357485,79582491382,3837776412
20200709,"14:16:01","SH","NB",29632133848,26645457061,56277590909,2986676787
20200709,"14:16:01","SZ","NB",41788923954,37980675029,79769598983,3808248925
20200709,"14:17:01","SH","NB",29680275140,26704809197,56385084337,2975465943
20200709,"14:17:01","SZ","NB",41889287738,38063511158,79952798896,3825776580
20200709,"14:18:01","SZ","NB",41968081366,38173519221,80141600587,3794562145
20200709,"14:18:01","SH","NB",29719947288,26807660343,56527607631,2912286945
20200709,"14:19:01","SH","NB",29787768608,26932407756,56720176364,2855360852
20200709,"14:19:01","SZ","NB",42066347345,38274877203,80341224548,3791470142
20200709,"14:20:01","SH","NB",29860962469,27035290163,56896252632,2825672306
20200709,"14:20:01","SZ","NB",42181691064,38413063607,80594754671,3768627457
20200709,"14:21:01","SH","NB",29984736046,27091947106,57076683152,2892788940
20200709,"14:21:01","SZ","NB",42387723338,38504883481,80892606819,3882839857
20200709,"14:22:01","SH","NB",30056437467,27146818965,57203256432,2909618502
20200709,"14:22:01","SZ","NB",42507887061,38601570200,81109457261,3906316861
20200709,"14:23:01","SH","NB",30145139661,27186538908,57331678569,2958600753
20200709,"14:23:01","SZ","NB",42674147159,38700800220,81374947379,3973346939
20200709,"14:24:01","SH","NB",30214010138,27256111739,57470121877,2957898399
20200709,"14:24:01","SZ","NB",42820138441,38834344967,81654483408,3985793474
20200709,"14:25:01","SH","NB",30294939798,27306631851,57601571649,2988307947
20200709,"14:25:01","SZ","NB",42935715492,38919462649,81855178141,4016252843
20200709,"14:26:01","SZ","NB",43023712002,39004980125,82028692127,4018731877
20200709,"14:26:01","SH","NB",30346147325,27368484818,57714632143,2977662507
20200709,"14:27:01","SH","NB",30396029564,27436618810,57832648374,2959410754
20200709,"14:27:01","SZ","NB",43112204929,39113950790,82226155719,3998254139
20200709,"14:28:01","SH","NB",30477895538,27533923840,58011819378,2943971698
20200709,"14:28:01","SZ","NB",43218864053,39285844820,82504708873,3933019233
20200709,"14:29:01","SH","NB",30569929635,27652346683,58222276318,2917582952
20200709,"14:29:01","SZ","NB",43356302428,39467842088,82824144516,3888460340
20200709,"14:30:01","SH","NB",30660361221,27866312044,58526673265,2794049177
20200709,"14:30:01","SZ","NB",43480990774,39747770092,83228760866,3733220682
20200709,"14:31:01","SH","NB",30910072402,28024570182,58934642584,2885502220
20200709,"14:31:01","SZ","NB",43793424995,40014062355,83807487350,3779362640
20200709,"14:32:01","SH","NB",31099964776,28142205693,59242170469,2957759083
20200709,"14:32:01","SZ","NB",44080241355,40171711513,84251952868,3908529842
20200709,"14:33:01","SH","NB",31326006294,28243758416,59569764710,3082247878
20200709,"14:33:01","SZ","NB",44377601761,40306560607,84684162368,4071041154
20200709,"14:34:01","SZ","NB",44556231396,40563526814,85119758210,3992704582
20200709,"14:34:01","SH","NB",31455351166,28530465739,59985816905,2924885427
20200709,"14:35:01","SH","NB",31620412702,28623961834,60244374536,2996450868
20200709,"14:35:01","SZ","NB",44761420589,40701865431,85463286020,4059555158
20200709,"14:36:01","SH","NB",31781933348,28751982395,60533915743,3029950953
20200709,"14:36:01","SZ","NB",44958039236,40835911621,85793950857,4122127615
20200709,"14:37:01","SH","NB",31956993194,28836917343,60793910537,3120075851
20200709,"14:37:01","SZ","NB",45183590295,40935788123,86119378418,4247802172
20200709,"14:38:01","SH","NB",32130434134,28908326478,61038760612,3222107656
20200709,"14:38:01","SZ","NB",45385295324,41021591302,86406886626,4363704022
20200709,"14:39:01","SH","NB",32262082746,29002941456,61265024202,3259141290
20200709,"14:39:01","SZ","NB",45537446551,41112823204,86650269755,4424623347
20200709,"14:40:01","SH","NB",32342361277,29085209887,61427571164,3257151390
20200709,"14:40:01","SZ","NB",45664668775,41224644563,86889313338,4440024212
20200709,"14:41:01","SH","NB",32501779542,29185442902,61687222444,3316336640
20200709,"14:41:01","SZ","NB",45871527450,41329735044,87201262494,4541792406
20200709,"14:42:01","SH","NB",32698504056,29281722286,61980226342,3416781770
20200709,"14:42:01","SZ","NB",46063175323,41438111105,87501286428,4625064218
20200709,"14:43:01","SZ","NB",46221601308,41560641527,87782242835,4660959781
20200709,"14:43:01","SH","NB",32834396384,29366279024,62200675408,3468117360
20200709,"14:44:01","SH","NB",32964109732,29463016257,62427125989,3501093475
20200709,"14:44:01","SZ","NB",46360146527,41704012635,88064159162,4656133892
20200709,"14:45:01","SH","NB",33081241441,29563670345,62644911786,3517571096
20200709,"14:45:01","SZ","NB",46490293234,41847896640,88338189874,4642396594
20200709,"14:46:01","SH","NB",33201179553,29658565543,62859745096,3542614010
20200709,"14:46:01","SZ","NB",46642821541,42002767652,88645589193,4640053889
20200709,"14:47:01","SH","NB",33318151250,29745600027,63063751277,3572551223
20200709,"14:47:01","SZ","NB",46768257669,42125428175,88893685844,4642829494
20200709,"14:48:01","SH","NB",33465192572,29826996027,63292188599,3638196545
20200709,"14:48:01","SZ","NB",46923734063,42236292210,89160026273,4687441853
20200709,"14:49:01","SZ","NB",47089304863,42337063221,89426368084,4752241642
20200709,"14:49:01","SH","NB",33653128303,29906563142,63559691445,3746565161
20200709,"14:50:01","SH","NB",33812649984,30021635863,63834285847,3791014121
20200709,"14:50:01","SZ","NB",47276449728,42468363259,89744812987,4808086469
20200709,"14:51:01","SH","NB",33970730689,30204688348,64175419037,3766042341
20200709,"14:51:01","SZ","NB",47446974844,42644611611,90091586455,4802363233
20200709,"14:52:01","SH","NB",34105587233,30378951385,64484538618,3726635848
20200709,"14:52:01","SZ","NB",47607257649,42821332098,90428589747,4785925551
20200709,"14:53:01","SH","NB",34242250325,30524852348,64767102673,3717397977
20200709,"14:53:01","SZ","NB",47764453200,42983785467,90748238667,4780667733
20200709,"14:54:01","SZ","NB",47920370490,43144478779,91064849269,4775891711
20200709,"14:54:01","SH","NB",34370296087,30648271940,65018568027,3722024147
20200709,"14:55:01","SH","NB",34510057638,30793153809,65303211447,3716903829
20200709,"14:55:01","SZ","NB",48068479721,43325146872,91393626593,4743332849
20200709,"14:56:01","SH","NB",34664889917,31021486833,65686376750,3643403084
20200709,"14:56:01","SZ","NB",48298218568,43575647681,91873866249,4722570887
20200709,"14:57:01","SH","NB",34760728277,31191222394,65951950671,3569505883
20200709,"14:57:01","SZ","NB",48411377759,43739311458,92150689217,4672066301
20200709,"14:58:01","SH","NB",34763427931,31196795190,65960223121,3566632741
20200709,"14:58:01","SZ","NB",48413030284,43744086848,92157117132,4668943436
20200709,"15:00:01","SZ","NB",48466732442,43853001876,92319734318,4613730566
20200709,"15:01:01","SH","NB",35059874212,31731882936,66791757148,3327991276
20200709,"15:01:01","SZ","NB",48820931503,44197511479,93018442982,4623420024
