dataDate,dataTime,connectMarket,tradeDirection,buyTurnover,sellTurnover,totalTurnover,netTurnover
20190902,"09:30:01","SH","NB",67546085,18913657,86459742,48632428
20190902,"09:30:01","SZ","NB",34483764,40163938,74647702,-5680174
20190902,"09:31:01","SH","NB",162225447,121594060,283819507,40631387
20190902,"09:31:01","SZ","NB",163028395,209461389,372489784,-46432994
20190902,"09:32:01","SH","NB",354017846,187423526,541441372,166594320
20190902,"09:32:01","SZ","NB",372827658,334817799,707645457,38009859
20190902,"09:33:01","SH","NB",526509034,267964554,794473588,258544480
20190902,"09:33:01","SZ","NB",546710515,496223150,1042933665,50487365
20190902,"09:34:01","SH","NB",714338102,340946029,1055284131,373392073
20190902,"09:34:01","SZ","NB",743226062,632397576,1375623638,110828486
20190902,"09:35:01","SH","NB",863015392,423271604,1286286996,439743788
20190902,"09:35:01","SZ","NB",879608628,788280513,1667889141,91328115
20190902,"09:36:01","SH","NB",1057808280,510419244,1568227524,547389036
20190902,"09:36:01","SZ","NB",1086069751,917573457,2003643208,168496294
20190902,"09:37:01","SZ","NB",1178136393,1175578952,2353715345,2557441
20190902,"09:37:01","SH","NB",1196090301,616789412,1812879713,579300889
20190902,"09:38:01","SH","NB",1296400391,724655118,2021055509,571745273
20190902,"09:38:01","SZ","NB",1270479701,1397684597,2668164298,-127204896
20190902,"09:39:01","SH","NB",1435486688,788864856,2224351544,646621832
20190902,"09:39:01","SZ","NB",1411858775,1495934702,2907793477,-84075927
20190902,"09:40:01","SH","NB",1537646959,837913179,2375560138,699733780
20190902,"09:40:01","SZ","NB",1546402926,1580419954,3126822880,-34017028
20190902,"09:41:01","SH","NB",1659101984,889995417,2549097401,769106567
20190902,"09:41:01","SZ","NB",1678936020,1680899285,3359835305,-1963265
20190902,"09:42:01","SH","NB",1722311925,989049594,2711361519,733262331
20190902,"09:42:01","SZ","NB",1749367637,1850771999,3600139636,-101404362
20190902,"09:43:01","SH","NB",1816127441,1045525437,2861652878,770602004
20190902,"09:43:01","SZ","NB",1853383778,1931555068,3784938846,-78171290
20190902,"09:44:01","SH","NB",1882307340,1145341188,3027648528,736966152
20190902,"09:44:01","SZ","NB",1944447270,2099366761,4043814031,-154919491
20190902,"09:45:01","SZ","NB",2053823725,2197929519,4251753244,-144105794
20190902,"09:45:01","SH","NB",1953217283,1204950550,3158167833,748266733
20190902,"09:46:01","SH","NB",2154165511,1258491161,3412656672,895674350
20190902,"09:46:01","SZ","NB",2302147579,2264525969,4566673548,37621610
20190902,"09:47:01","SH","NB",2250534099,1327652838,3578186937,922881261
20190902,"09:47:01","SZ","NB",2412109585,2344528970,4756638555,67580615
20190902,"09:48:01","SH","NB",2318584427,1406487404,3725071831,912097023
20190902,"09:48:01","SZ","NB",2503750538,2433475326,4937225864,70275212
20190902,"09:49:01","SH","NB",2421144664,1468176316,3889320980,952968348
20190902,"09:49:01","SZ","NB",2612691143,2507721144,5120412287,104969999
20190902,"09:50:01","SH","NB",2508966124,1521042250,4030008374,987923874
20190902,"09:50:01","SZ","NB",2703066811,2566014137,5269080948,137052674
20190902,"09:51:01","SH","NB",2582758315,1608116464,4190874779,974641851
20190902,"09:51:01","SZ","NB",2789073386,2654444447,5443517833,134628939
20190902,"09:52:01","SZ","NB",2847786454,2772894861,5620681315,74891593
20190902,"09:52:01","SH","NB",2650987918,1694790252,4345778170,956197666
20190902,"09:53:01","SH","NB",2706505719,1736400204,4442905923,970105515
20190902,"09:53:01","SZ","NB",2914041902,2821287858,5735329760,92754044
20190902,"09:54:01","SH","NB",2800486292,1789195241,4589681533,1011291051
20190902,"09:54:01","SZ","NB",3007371476,2881953486,5889324962,125417990
20190902,"09:55:01","SZ","NB",3100351214,2950525523,6050876737,149825691
20190902,"09:55:01","SH","NB",2863602295,1844984346,4708586641,1018617949
20190902,"09:56:01","SH","NB",2936229997,1910467833,4846697830,1025762164
20190902,"09:56:01","SZ","NB",3181906993,3035736050,6217643043,146170943
20190902,"09:57:01","SH","NB",3013132209,1967759024,4980891233,1045373185
20190902,"09:57:01","SZ","NB",3239111230,3104310061,6343421291,134801169
20190902,"09:58:01","SH","NB",3127122988,2016643114,5143766102,1110479874
20190902,"09:58:01","SZ","NB",3354460715,3166674395,6521135110,187786320
20190902,"09:59:01","SH","NB",3196073287,2061610075,5257683362,1134463212
20190902,"09:59:01","SZ","NB",3449978338,3208997477,6658975815,240980861
20190902,"10:00:01","SH","NB",3267352515,2109923058,5377275573,1157429457
20190902,"10:00:01","SZ","NB",3524414462,3284061064,6808475526,240353398
20190902,"10:01:01","SH","NB",3373740124,2157355708,5531095832,1216384416
20190902,"10:01:01","SZ","NB",3628882993,3341771293,6970654286,287111700
20190902,"10:02:01","SH","NB",3495813857,2212413100,5708226957,1283400757
20190902,"10:02:01","SZ","NB",3705770345,3410608126,7116378471,295162219
20190902,"10:03:01","SH","NB",3629184777,2274985892,5904170669,1354198885
20190902,"10:03:01","SZ","NB",3830725120,3483944027,7314669147,346781093
20190902,"10:04:01","SH","NB",3708135997,2371520605,6079656602,1336615392
20190902,"10:04:01","SZ","NB",3894393906,3593592967,7487986873,300800939
20190902,"10:05:01","SZ","NB",3940270987,3645445038,7585716025,294825949
20190902,"10:05:01","SH","NB",3757986468,2422669737,6180656205,1335316731
20190902,"10:06:01","SH","NB",3848054267,2473707634,6321761901,1374346633
20190902,"10:06:01","SZ","NB",4029546589,3693483423,7723030012,336063166
20190902,"10:07:01","SH","NB",3903677708,2531862150,6435539858,1371815558
20190902,"10:07:01","SZ","NB",4086396334,3769159856,7855556190,317236478
20190902,"10:08:01","SH","NB",3953743309,2594134316,6547877625,1359608993
20190902,"10:08:01","SZ","NB",4123565049,3839667519,7963232568,283897530
20190902,"10:09:01","SH","NB",4008917425,2635127858,6644045283,1373789567
20190902,"10:09:01","SZ","NB",4165693701,3896889920,8062583621,268803781
20190902,"10:10:01","SH","NB",4055079961,2665118681,6720198642,1389961280
20190902,"10:10:01","SZ","NB",4216153935,3935625190,8151779125,280528745
20190902,"10:11:01","SH","NB",4104893406,2726648115,6831541521,1378245291
20190902,"10:11:01","SZ","NB",4266229535,4025804104,8292033639,240425431
20190902,"10:12:01","SH","NB",4147340671,2758902342,6906243013,1388438329
20190902,"10:12:01","SZ","NB",4351003230,4100121252,8451124482,250881978
20190902,"10:13:01","SH","NB",4185320906,2793826256,6979147162,1391494650
20190902,"10:13:01","SZ","NB",4396882528,4144397382,8541279910,252485146
20190902,"10:14:01","SZ","NB",4447270198,4171657868,8618928066,275612330
20190902,"10:14:01","SH","NB",4237230346,2836830896,7074061242,1400399450
20190902,"10:15:01","SH","NB",4278581424,2882217526,7160798950,1396363898
20190902,"10:15:01","SZ","NB",4477450099,4205892613,8683342712,271557486
20190902,"10:16:01","SH","NB",4327108122,2924510341,7251618463,1402597781
20190902,"10:16:01","SZ","NB",4524664971,4246496440,8771161411,278168531
20190902,"10:17:01","SH","NB",4370477449,2961908190,7332385639,1408569259
20190902,"10:17:01","SZ","NB",4592292285,4283419016,8875711301,308873269
20190902,"10:18:01","SH","NB",4427139605,2985519675,7412659280,1441619930
20190902,"10:18:01","SZ","NB",4642393038,4316947939,8959340977,325445099
20190902,"10:19:01","SZ","NB",4688340139,4344543510,9032883649,343796629
20190902,"10:19:01","SH","NB",4469386002,3018663473,7488049475,1450722529
20190902,"10:20:01","SH","NB",4507592354,3080677244,7588269598,1426915110
20190902,"10:20:01","SZ","NB",4720521999,4403563095,9124085094,316958904
20190902,"10:21:01","SH","NB",4546263919,3134047533,7680311452,1412216386
20190902,"10:21:01","SZ","NB",4761571821,4470322032,9231893853,291249789
20190902,"10:22:01","SH","NB",4597462832,3159767803,7757230635,1437695029
20190902,"10:22:01","SZ","NB",4852042839,4508126717,9360169556,343916122
20190902,"10:23:01","SH","NB",4646486230,3180798422,7827284652,1465687808
20190902,"10:23:01","SZ","NB",4911427494,4541015191,9452442685,370412303
20190902,"10:24:01","SH","NB",4708386581,3208426589,7916813170,1499959992
20190902,"10:24:01","SZ","NB",4981964815,4567060949,9549025764,414903866
20190902,"10:25:01","SZ","NB",5048607560,4588511716,9637119276,460095844
20190902,"10:25:01","SH","NB",4773520014,3230284933,8003804947,1543235081
20190902,"10:26:01","SH","NB",4966860022,3276175625,8243035647,1690684397
20190902,"10:26:01","SZ","NB",5238854220,4636525965,9875380185,602328255
20190902,"10:27:01","SH","NB",5021828015,3329138205,8350966220,1692689810
20190902,"10:27:01","SZ","NB",5294266569,4693595570,9987862139,600670999
20190902,"10:28:01","SZ","NB",5338604723,4731711716,10070316439,606893007
20190902,"10:28:01","SH","NB",5066019329,3360935547,8426954876,1705083782
20190902,"10:29:01","SH","NB",5093167772,3385571683,8478739455,1707596089
20190902,"10:29:01","SZ","NB",5379918869,4769057274,10148976143,610861595
20190902,"10:30:01","SH","NB",5124258333,3420162248,8544420581,1704096085
20190902,"10:30:01","SZ","NB",5409974066,4791723444,10201697510,618250622
20190902,"10:31:01","SH","NB",5182123496,3455209440,8637332936,1726914056
20190902,"10:31:01","SZ","NB",5514681726,4814266328,10328948054,700415398
20190902,"10:32:01","SH","NB",5222091675,3492921475,8715013150,1729170200
20190902,"10:32:01","SZ","NB",5573468455,4853436370,10426904825,720032085
20190902,"10:33:01","SH","NB",5244925626,3518295221,8763220847,1726630405
20190902,"10:33:01","SZ","NB",5605377788,4877596237,10482974025,727781551
20190902,"10:34:01","SH","NB",5281782590,3544418455,8826201045,1737364135
20190902,"10:34:01","SZ","NB",5647198081,4905952328,10553150409,741245753
20190902,"10:35:01","SH","NB",5313633899,3577486305,8891120204,1736147594
20190902,"10:35:01","SZ","NB",5731351407,4933009529,10664360936,798341878
20190902,"10:36:01","SZ","NB",5780715797,4960303889,10741019686,820411908
20190902,"10:36:01","SH","NB",5348563806,3609571497,8958135303,1738992309
20190902,"10:37:01","SH","NB",5378780921,3658127718,9036908639,1720653203
20190902,"10:37:01","SZ","NB",5813329283,5011808208,10825137491,801521075
20190902,"10:38:01","SH","NB",5405772689,3709317009,9115089698,1696455680
20190902,"10:38:01","SZ","NB",5848069786,5063074204,10911143990,784995582
20190902,"10:39:01","SH","NB",5428592594,3766477070,9195069664,1662115524
20190902,"10:39:01","SZ","NB",5877132254,5085914745,10963046999,791217509
20190902,"10:40:01","SH","NB",5458572583,3797581320,9256153903,1660991263
20190902,"10:40:01","SZ","NB",5912282694,5108480097,11020762791,803802597
20190902,"10:41:01","SZ","NB",5949288043,5144647479,11093935522,804640564
20190902,"10:41:01","SH","NB",5493170949,3827132628,9320303577,1666038321
20190902,"10:42:01","SH","NB",5519353662,3864757358,9384111020,1654596304
20190902,"10:42:01","SZ","NB",5985440005,5181484661,11166924666,803955344
20190902,"10:43:01","SH","NB",5553095534,3896701202,9449796736,1656394332
20190902,"10:43:01","SZ","NB",6024990126,5205664997,11230655123,819325129
20190902,"10:44:01","SH","NB",5583963132,3916811429,9500774561,1667151703
20190902,"10:44:01","SZ","NB",6069174924,5225376666,11294551590,843798258
20190902,"10:45:01","SZ","NB",6102760818,5247214274,11349975092,855546544
20190902,"10:45:01","SH","NB",5607408778,3937482554,9544891332,1669926224
20190902,"10:46:01","SH","NB",5650611942,3962930652,9613542594,1687681290
20190902,"10:46:01","SZ","NB",6166712528,5271116353,11437828881,895596175
20190902,"10:47:01","SH","NB",5690005369,3991220423,9681225792,1698784946
20190902,"10:47:01","SZ","NB",6225171910,5296448682,11521620592,928723228
20190902,"10:48:01","SZ","NB",6247365724,5346967608,11594333332,900398116
20190902,"10:48:01","SH","NB",5716751043,4041589016,9758340059,1675162027
20190902,"10:49:01","SH","NB",5740716170,4068429149,9809145319,1672287021
20190902,"10:49:01","SZ","NB",6270102328,5377762178,11647864506,892340150
20190902,"10:50:01","SH","NB",5762104693,4098504662,9860609355,1663600031
20190902,"10:50:01","SZ","NB",6295188124,5406882877,11702071001,888305247
20190902,"10:51:01","SH","NB",5787971484,4124710380,9912681864,1663261104
20190902,"10:51:01","SZ","NB",6333568736,5437268778,11770837514,896299958
20190902,"10:52:01","SH","NB",5816595762,4154050734,9970646496,1662545028
20190902,"10:52:01","SZ","NB",6366826866,5456245750,11823072616,910581116
20190902,"10:53:01","SZ","NB",6402576291,5478549120,11881125411,924027171
20190902,"10:53:01","SH","NB",5846428867,4178888078,10025316945,1667540789
20190902,"10:54:01","SH","NB",5884278292,4206995148,10091273440,1677283144
20190902,"10:54:01","SZ","NB",6448722217,5496939065,11945661282,951783152
20190902,"10:55:01","SH","NB",5923318274,4226953657,10150271931,1696364617
20190902,"10:55:01","SZ","NB",6488156253,5518647147,12006803400,969509106
20190902,"10:56:01","SH","NB",5954532974,4259364449,10213897423,1695168525
20190902,"10:56:01","SZ","NB",6524896619,5545324758,12070221377,979571861
20190902,"10:57:01","SH","NB",5984502358,4284254837,10268757195,1700247521
20190902,"10:57:01","SZ","NB",6551073366,5564317522,12115390888,986755844
20190902,"10:58:01","SH","NB",6007973402,4306965355,10314938757,1701008047
20190902,"10:58:01","SZ","NB",6581431447,5591891115,12173322562,989540332
20190902,"10:59:01","SH","NB",6038483616,4325592117,10364075733,1712891499
20190902,"10:59:01","SZ","NB",6618054351,5612848997,12230903348,1005205354
20190902,"11:00:01","SZ","NB",6716258132,5642208463,12358466595,1074049669
20190902,"11:00:01","SH","NB",6089279777,4350799674,10440079451,1738480103
20190902,"11:01:01","SH","NB",6126066849,4374974217,10501041066,1751092632
20190902,"11:01:01","SZ","NB",6772844485,5682152416,12454996901,1090692069
20190902,"11:02:01","SH","NB",6164392021,4396968869,10561360890,1767423152
20190902,"11:02:01","SZ","NB",6814062322,5714976812,12529039134,1099085510
20190902,"11:03:01","SH","NB",6200767231,4426908317,10627675548,1773858914
20190902,"11:03:01","SZ","NB",6851280536,5748010686,12599291222,1103269850
20190902,"11:04:01","SH","NB",6227037186,4446918062,10673955248,1780119124
20190902,"11:04:01","SZ","NB",6881860703,5776259940,12658120643,1105600763
20190902,"11:05:01","SH","NB",6250786700,4466535924,10717322624,1784250776
20190902,"11:05:01","SZ","NB",6909137905,5795179548,12704317453,1113958357
20190902,"11:06:01","SH","NB",6296879364,4488897555,10785776919,1807981809
20190902,"11:06:01","SZ","NB",6977820931,5822049109,12799870040,1155771822
20190902,"11:07:01","SH","NB",6334326919,4512207802,10846534721,1822119117
20190902,"11:07:01","SZ","NB",7024502664,5844516820,12869019484,1179985844
20190902,"11:08:01","SZ","NB",7050451549,5881554035,12932005584,1168897514
20190902,"11:08:01","SH","NB",6356351411,4539665740,10896017151,1816685671
20190902,"11:09:01","SH","NB",6379331695,4558700623,10938032318,1820631072
20190902,"11:09:01","SZ","NB",7070224379,5904170379,12974394758,1166054000
20190902,"11:10:01","SH","NB",6401873677,4576287131,10978160808,1825586546
20190902,"11:10:01","SZ","NB",7089443408,5926576608,13016020016,1162866800
20190902,"11:11:01","SH","NB",6431988755,4593694980,11025683735,1838293775
20190902,"11:11:01","SZ","NB",7126250884,5951785486,13078036370,1174465398
20190902,"11:12:01","SH","NB",6466483576,4612180842,11078664418,1854302734
20190902,"11:12:01","SZ","NB",7164708307,5979347945,13144056252,1185360362
20190902,"11:13:01","SZ","NB",7209336698,5995143425,13204480123,1214193273
20190902,"11:13:01","SH","NB",6502425714,4627899838,11130325552,1874525876
20190902,"11:14:01","SH","NB",6541225991,4642606976,11183832967,1898619015
20190902,"11:14:01","SZ","NB",7240422069,6016124987,13256547056,1224297082
20190902,"11:15:01","SH","NB",6567118732,4667787302,11234906034,1899331430
20190902,"11:15:01","SZ","NB",7266482174,6033020399,13299502573,1233461775
20190902,"11:16:01","SH","NB",6594791749,4703948876,11298740625,1890842873
20190902,"11:16:01","SZ","NB",7293157026,6081224178,13374381204,1211932848
20190902,"11:17:01","SH","NB",6618051705,4728710163,11346761868,1889341542
20190902,"11:17:01","SZ","NB",7316070128,6103347979,13419418107,1212722149
20190902,"11:18:01","SH","NB",6638704534,4753576501,11392281035,1885128033
20190902,"11:18:01","SZ","NB",7342743066,6116882959,13459626025,1225860107
20190902,"11:19:01","SZ","NB",7364343720,6132588919,13496932639,1231754801
20190902,"11:19:01","SH","NB",6660102152,4766910309,11427012461,1893191843
20190902,"11:20:01","SH","NB",6684442786,4782758320,11467201106,1901684466
20190902,"11:20:01","SZ","NB",7386922523,6152747543,13539670066,1234174980
20190902,"11:21:01","SH","NB",6706484421,4807441759,11513926180,1899042662
20190902,"11:21:01","SZ","NB",7411481646,6183832801,13595314447,1227648845
20190902,"11:22:01","SH","NB",6738501263,4824588200,11563089463,1913913063
20190902,"11:22:01","SZ","NB",7445151071,6203733144,13648884215,1241417927
20190902,"11:23:01","SH","NB",6771455181,4843414606,11614869787,1928040575
20190902,"11:23:01","SZ","NB",7484467001,6218065541,13702532542,1266401460
20190902,"11:24:01","SH","NB",6876710339,4866510105,11743220444,2010200234
20190902,"11:24:01","SZ","NB",7681846737,6239876741,13921723478,1441969996
20190902,"11:25:01","SH","NB",6942269826,4893766551,11836036377,2048503275
20190902,"11:25:01","SZ","NB",7738479407,6264491529,14002970936,1473987878
20190902,"11:26:01","SH","NB",6993463344,4921712514,11915175858,2071750830
20190902,"11:26:01","SZ","NB",7784629569,6293249048,14077878617,1491380521
20190902,"11:27:01","SH","NB",7083997671,4944734233,12028731904,2139263438
20190902,"11:27:01","SZ","NB",7870664308,6316997779,14187662087,1553666529
20190902,"11:28:01","SZ","NB",7931025195,6342079125,14273104320,1588946070
20190902,"11:28:01","SH","NB",7154783439,4976462651,12131246090,2178320788
20190902,"11:29:01","SH","NB",7185583908,5006582627,12192166535,2179001281
20190902,"11:29:01","SZ","NB",7959368984,6367990303,14327359287,1591378681
20190902,"11:30:01","SZ","NB",7983129614,6387150455,14370280069,1595979159
20190902,"11:30:01","SH","NB",7213526145,5023824841,12237350986,2189701304
20190902,"11:31:01","SH","NB",7214852524,5023858757,12238711281,2190993767
20190902,"11:31:01","SZ","NB",7984555865,6387167467,14371723332,1597388398
20190902,"13:01:01","SH","NB",7302118749,5110452705,12412571454,2191666044
20190902,"13:01:01","SZ","NB",8066591325,6491714589,14558305914,1574876736
20190902,"13:02:01","SH","NB",7338036053,5141374204,12479410257,2196661849
20190902,"13:02:01","SZ","NB",8101005467,6537356564,14638362031,1563648903
20190902,"13:03:01","SH","NB",7365527939,5179896439,12545424378,2185631500
20190902,"13:03:01","SZ","NB",8137216827,6575090969,14712307796,1562125858
20190902,"13:04:01","SH","NB",7407113312,5215209091,12622322403,2191904221
20190902,"13:04:01","SZ","NB",8195213851,6603257693,14798471544,1591956158
20190902,"13:05:01","SH","NB",7465153222,5264934958,12730088180,2200218264
20190902,"13:05:01","SZ","NB",8254971853,6633699346,14888671199,1621272507
20190902,"13:06:01","SH","NB",7510309598,5315411491,12825721089,2194898107
20190902,"13:06:01","SZ","NB",8328097792,6683840640,15011938432,1644257152
20190902,"13:07:01","SH","NB",7539343851,5347894977,12887238828,2191448874
20190902,"13:07:01","SZ","NB",8367709575,6724468207,15092177782,1643241368
20190902,"13:08:01","SH","NB",7578868409,5373577851,12952446260,2205290558
20190902,"13:08:01","SZ","NB",8418497361,6749975281,15168472642,1668522080
20190902,"13:09:01","SZ","NB",8470644940,6771228761,15241873701,1699416179
20190902,"13:09:01","SH","NB",7620436867,5390624971,13011061838,2229811896
20190902,"13:10:01","SH","NB",7662775151,5423977875,13086753026,2238797276
20190902,"13:10:01","SZ","NB",8520981658,6801570377,15322552035,1719411281
20190902,"13:11:01","SH","NB",7716039128,5457178168,13173217296,2258860960
20190902,"13:11:01","SZ","NB",8589682894,6834851630,15424534524,1754831264
20190902,"13:12:01","SH","NB",7756424713,5486321017,13242745730,2270103696
20190902,"13:12:01","SZ","NB",8625804283,6878585327,15504389610,1747218956
20190902,"13:13:01","SH","NB",7792477704,5517893991,13310371695,2274583713
20190902,"13:13:01","SZ","NB",8659593649,6920422625,15580016274,1739171024
20190902,"13:14:01","SH","NB",7844621651,5550068855,13394690506,2294552796
20190902,"13:14:01","SZ","NB",8695183929,6950680276,15645864205,1744503653
20190902,"13:15:01","SZ","NB",8732846333,6981215585,15714061918,1751630748
20190902,"13:15:01","SH","NB",7878600997,5580486387,13459087384,2298114610
20190902,"13:16:01","SH","NB",7918964025,5613764147,13532728172,2305199878
20190902,"13:16:01","SZ","NB",8790788557,7013838923,15804627480,1776949634
20190902,"13:17:01","SH","NB",7981625536,5649588112,13631213648,2332037424
20190902,"13:17:01","SZ","NB",8856475859,7046413680,15902889539,1810062179
20190902,"13:18:01","SH","NB",8029722378,5686323036,13716045414,2343399342
20190902,"13:18:01","SZ","NB",8924786977,7089372743,16014159720,1835414234
20190902,"13:19:01","SH","NB",8075995138,5711177630,13787172768,2364817508
20190902,"13:19:01","SZ","NB",8970840598,7126366721,16097207319,1844473877
20190902,"13:20:01","SH","NB",8161624654,5746529415,13908154069,2415095239
20190902,"13:20:01","SZ","NB",9124017584,7158420149,16282437733,1965597435
20190902,"13:21:01","SH","NB",8260183939,5781018595,14041202534,2479165344
20190902,"13:21:01","SZ","NB",9266144947,7211322330,16477467277,2054822617
20190902,"13:22:01","SH","NB",8311769232,5817520296,14129289528,2494248936
20190902,"13:22:01","SZ","NB",9361012475,7264296193,16625308668,2096716282
20190902,"13:23:01","SH","NB",8362284522,5851838110,14214122632,2510446412
20190902,"13:23:01","SZ","NB",9406725350,7313163193,16719888543,2093562157
20190902,"13:24:01","SH","NB",8398891383,5887134520,14286025903,2511756863
20190902,"13:24:01","SZ","NB",9464333886,7343941949,16808275835,2120391937
20190902,"13:25:01","SZ","NB",9502558785,7389312930,16891871715,2113245855
20190902,"13:25:01","SH","NB",8475004742,5925201672,14400206414,2549803070
20190902,"13:26:01","SH","NB",8594702461,5958683898,14553386359,2636018563
20190902,"13:26:01","SZ","NB",9633255565,7445749264,17079004829,2187506301
20190902,"13:27:01","SH","NB",8726551373,6007135427,14733686800,2719415946
20190902,"13:27:01","SZ","NB",9744894295,7502765828,17247660123,2242128467
20190902,"13:28:01","SH","NB",8772179115,6052264242,14824443357,2719914873
20190902,"13:28:01","SZ","NB",9787506831,7567807528,17355314359,2219699303
20190902,"13:29:01","SZ","NB",9829287963,7645215741,17474503704,2184072222
20190902,"13:29:01","SH","NB",8824658885,6104824703,14929483588,2719834182
20190902,"13:30:01","SH","NB",8863672554,6150060709,15013733263,2713611845
20190902,"13:30:01","SZ","NB",9857763092,7693784695,17551547787,2163978397
20190902,"13:31:01","SH","NB",8906712080,6177762843,15084474923,2728949237
20190902,"13:31:01","SZ","NB",9892659059,7739501404,17632160463,2153157655
20190902,"13:32:01","SH","NB",8937123965,6198828844,15135952809,2738295121
20190902,"13:32:01","SZ","NB",9921330897,7764431508,17685762405,2156899389
20190902,"13:33:01","SH","NB",8967189152,6227502780,15194691932,2739686372
20190902,"13:33:01","SZ","NB",9950888523,7790908812,17741797335,2159979711
20190902,"13:34:01","SH","NB",8988930358,6252249922,15241180280,2736680436
20190902,"13:34:01","SZ","NB",9992110478,7819716256,17811826734,2172394222
20190902,"13:35:01","SH","NB",9020801944,6273266314,15294068258,2747535630
20190902,"13:35:01","SZ","NB",10022729107,7849786269,17872515376,2172942838
20190902,"13:36:01","SH","NB",9051403686,6296617161,15348020847,2754786525
20190902,"13:36:01","SZ","NB",10060979059,7877522530,17938501589,2183456529
20190902,"13:37:01","SZ","NB",10103088356,7902190026,18005278382,2200898330
20190902,"13:37:01","SH","NB",9096672691,6318075722,15414748413,2778596969
20190902,"13:38:01","SH","NB",9120052223,6345013958,15465066181,2775038265
20190902,"13:38:01","SZ","NB",10130978353,7934211119,18065189472,2196767234
20190902,"13:39:01","SH","NB",9145476438,6367927406,15513403844,2777549032
20190902,"13:39:01","SZ","NB",10156125427,7967922301,18124047728,2188203126
20190902,"13:40:01","SH","NB",9173905841,6394077920,15567983761,2779827921
20190902,"13:40:01","SZ","NB",10189121403,7993674680,18182796083,2195446723
20190902,"13:41:01","SH","NB",9202350487,6423834690,15626185177,2778515797
20190902,"13:41:01","SZ","NB",10227819395,8027411999,18255231394,2200407396
20190902,"13:42:01","SZ","NB",10261380940,8055515550,18316896490,2205865390
20190902,"13:42:01","SH","NB",9230321000,6447823662,15678144662,2782497338
20190902,"13:43:01","SH","NB",9269945098,6471454231,15741399329,2798490867
20190902,"13:43:01","SZ","NB",10313925916,8089387576,18403313492,2224538340
20190902,"13:44:01","SH","NB",9307845092,6499604342,15807449434,2808240750
20190902,"13:44:01","SZ","NB",10354501633,8114477022,18468978655,2240024611
20190902,"13:45:01","SH","NB",9344626050,6522757572,15867383622,2821868478
20190902,"13:45:01","SZ","NB",10387683146,8141977180,18529660326,2245705966
20190902,"13:46:01","SH","NB",9368875386,6549148715,15918024101,2819726671
20190902,"13:46:01","SZ","NB",10416751319,8181622610,18598373929,2235128709
20190902,"13:47:01","SH","NB",9420341991,6569724854,15990066845,2850617137
20190902,"13:47:01","SZ","NB",10482057801,8208694779,18690752580,2273363022
20190902,"13:48:01","SH","NB",9476141380,6591967711,16068109091,2884173669
20190902,"13:48:01","SZ","NB",10566035310,8238847476,18804882786,2327187834
20190902,"13:49:01","SH","NB",9532370259,6613675841,16146046100,2918694418
20190902,"13:49:01","SZ","NB",10643174304,8268914758,18912089062,2374259546
20190902,"13:50:01","SZ","NB",10690851611,8306551530,18997403141,2384300081
20190902,"13:50:01","SH","NB",9569108290,6640505237,16209613527,2928603053
20190902,"13:51:01","SH","NB",9605928644,6667850973,16273779617,2938077671
20190902,"13:51:01","SZ","NB",10726059835,8342957797,19069017632,2383102038
20190902,"13:52:01","SH","NB",9633914129,6696491113,16330405242,2937423016
20190902,"13:52:01","SZ","NB",10752097441,8377054103,19129151544,2375043338
20190902,"13:53:01","SH","NB",9659525655,6715734451,16375260106,2943791204
20190902,"13:53:01","SZ","NB",10782615386,8414941659,19197557045,2367673727
20190902,"13:54:01","SH","NB",9687804149,6738588451,16426392600,2949215698
20190902,"13:54:01","SZ","NB",10809209984,8451362758,19260572742,2357847226
20190902,"13:55:01","SH","NB",9711739406,6772154754,16483894160,2939584652
20190902,"13:55:01","SZ","NB",10836219171,8488970466,19325189637,2347248705
20190902,"13:56:01","SH","NB",9740861040,6809935941,16550796981,2930925099
20190902,"13:56:01","SZ","NB",10862697569,8523247284,19385944853,2339450285
20190902,"13:57:01","SH","NB",9769507110,6846228553,16615735663,2923278557
20190902,"13:57:01","SZ","NB",10887651873,8564975479,19452627352,2322676394
20190902,"13:58:01","SH","NB",9804263127,6882455631,16686718758,2921807496
20190902,"13:58:01","SZ","NB",10909176390,8623012933,19532189323,2286163457
20190902,"13:59:01","SH","NB",9825851371,6914270349,16740121720,2911581022
20190902,"13:59:01","SZ","NB",10934556571,8652199960,19586756531,2282356611
20190902,"14:00:01","SZ","NB",10960009199,8675114090,19635123289,2284895109
20190902,"14:00:01","SH","NB",9854566444,6935415251,16789981695,2919151193
20190902,"14:01:01","SH","NB",9879233110,6956578456,16835811566,2922654654
20190902,"14:01:01","SZ","NB",10989749187,8697148838,19686898025,2292600349
20190902,"14:02:01","SH","NB",9902571151,6975787845,16878358996,2926783306
20190902,"14:02:01","SZ","NB",11017730186,8717864145,19735594331,2299866041
20190902,"14:03:01","SH","NB",9923574067,6995702504,16919276571,2927871563
20190902,"14:03:01","SZ","NB",11043639779,8738538912,19782178691,2305100867
20190902,"14:04:01","SH","NB",9950771549,7019601365,16970372914,2931170184
20190902,"14:04:01","SZ","NB",11065820001,8764992108,19830812109,2300827893
20190902,"14:05:01","SZ","NB",11087082408,8785139785,19872222193,2301942623
20190902,"14:05:01","SH","NB",9971673177,7035006196,17006679373,2936666981
20190902,"14:06:01","SH","NB",10001251054,7055282795,17056533849,2945968259
20190902,"14:06:01","SZ","NB",11115395572,8810990661,19926386233,2304404911
20190902,"14:07:01","SH","NB",10033728527,7077865921,17111594448,2955862606
20190902,"14:07:01","SZ","NB",11166208556,8835446283,20001654839,2330762273
20190902,"14:08:01","SH","NB",10081693636,7107982710,17189676346,2973710926
20190902,"14:08:01","SZ","NB",11246487233,8861806335,20108293568,2384680898
20190902,"14:09:01","SH","NB",10117960346,7143142021,17261102367,2974818325
20190902,"14:09:01","SZ","NB",11276859141,8887510208,20164369349,2389348933
20190902,"14:10:01","SH","NB",10158130369,7164637962,17322768331,2993492407
20190902,"14:10:01","SZ","NB",11314904305,8904251285,20219155590,2410653020
20190902,"14:11:01","SH","NB",10203400930,7193760286,17397161216,3009640644
20190902,"14:11:01","SZ","NB",11361133654,8941862287,20302995941,2419271367
20190902,"14:12:01","SH","NB",10236471994,7216444350,17452916344,3020027644
20190902,"14:12:01","SZ","NB",11384000440,8969300769,20353301209,2414699671
20190902,"14:13:01","SH","NB",10270141140,7235114764,17505255904,3035026376
20190902,"14:13:01","SZ","NB",11419008289,8994710390,20413718679,2424297899
20190902,"14:14:01","SZ","NB",11446129525,9017548549,20463678074,2428580976
20190902,"14:14:01","SH","NB",10302423485,7255610129,17558033614,3046813356
20190902,"14:15:01","SH","NB",10326418129,7286478379,17612896508,3039939750
20190902,"14:15:01","SZ","NB",11474028068,9046785988,20520814056,2427242080
20190902,"14:16:01","SH","NB",10374605421,7309257154,17683862575,3065348267
20190902,"14:16:01","SZ","NB",11523774534,9072746166,20596520700,2451028368
20190902,"14:17:01","SH","NB",10420547934,7336939444,17757487378,3083608490
20190902,"14:17:01","SZ","NB",11566434881,9103441752,20669876633,2462993129
20190902,"14:18:01","SH","NB",10471151724,7378143653,17849295377,3093008071
20190902,"14:18:01","SZ","NB",11600500339,9123245883,20723746222,2477254456
20190902,"14:19:01","SH","NB",10503279416,7407402654,17910682070,3095876762
20190902,"14:19:01","SZ","NB",11642864824,9150365027,20793229851,2492499797
20190902,"14:20:01","SH","NB",10560639908,7435969534,17996609442,3124670374
20190902,"14:20:01","SZ","NB",11718027542,9184457862,20902485404,2533569680
20190902,"14:21:01","SH","NB",10607424213,7483840831,18091265044,3123583382
20190902,"14:21:01","SZ","NB",11763715217,9233956382,20997671599,2529758835
20190902,"14:22:01","SZ","NB",11788679035,9277251623,21065930658,2511427412
20190902,"14:22:01","SH","NB",10631199443,7537480928,18168680371,3093718515
20190902,"14:23:01","SH","NB",10653966303,7564083642,18218049945,3089882661
20190902,"14:23:01","SZ","NB",11816397717,9312828191,21129225908,2503569526
20190902,"14:24:01","SH","NB",10674745214,7595149228,18269894442,3079595986
20190902,"14:24:01","SZ","NB",11841238194,9347716608,21188954802,2493521586
20190902,"14:25:01","SH","NB",10693202199,7623749427,18316951626,3069452772
20190902,"14:25:01","SZ","NB",11867171635,9372252053,21239423688,2494919582
20190902,"14:26:01","SH","NB",10722856107,7649400786,18372256893,3073455321
20190902,"14:26:01","SZ","NB",11896108915,9417706007,21313814922,2478402908
20190902,"14:27:01","SH","NB",10748418039,7676758060,18425176099,3071659979
20190902,"14:27:01","SZ","NB",11921255224,9444819930,21366075154,2476435294
20190902,"14:28:01","SZ","NB",11945275397,9466419552,21411694949,2478855845
20190902,"14:28:01","SH","NB",10769984191,7696963388,18466947579,3073020803
20190902,"14:29:01","SH","NB",10791801627,7717972810,18509774437,3073828817
20190902,"14:29:01","SZ","NB",11967263265,9487473825,21454737090,2479789440
20190902,"14:30:01","SH","NB",10811440592,7739722755,18551163347,3071717837
20190902,"14:30:01","SZ","NB",11991664774,9519625929,21511290703,2472038845
20190902,"14:31:01","SH","NB",10835531674,7764983422,18600515096,3070548252
20190902,"14:31:01","SZ","NB",12020375314,9548833140,21569208454,2471542174
20190902,"14:32:01","SH","NB",10865958228,7790011068,18655969296,3075947160
20190902,"14:32:01","SZ","NB",12055819879,9583577981,21639397860,2472241898
20190902,"14:33:01","SH","NB",10889762849,7824156337,18713919186,3065606512
20190902,"14:33:01","SZ","NB",12088411217,9615052776,21703463993,2473358441
20190902,"14:34:01","SH","NB",10913368021,7850560556,18763928577,3062807465
20190902,"14:34:01","SZ","NB",12126770639,9650629767,21777400406,2476140872
20190902,"14:35:01","SH","NB",10936114828,7886488612,18822603440,3049626216
20190902,"14:35:01","SZ","NB",12172145973,9680789764,21852935737,2491356209
20190902,"14:36:01","SZ","NB",12213456451,9727283987,21940740438,2486172464
20190902,"14:36:01","SH","NB",10969406545,7927752334,18897158879,3041654211
20190902,"14:37:01","SH","NB",10995163639,7957774456,18952938095,3037389183
20190902,"14:37:01","SZ","NB",12244043127,9759056932,22003100059,2484986195
20190902,"14:38:01","SH","NB",11023068271,7985656140,19008724411,3037412131
20190902,"14:38:01","SZ","NB",12274574450,9782599920,22057174370,2491974530
20190902,"14:39:01","SH","NB",11058623118,8013178766,19071801884,3045444352
20190902,"14:39:01","SZ","NB",12304836790,9812386434,22117223224,2492450356
20190902,"14:40:01","SH","NB",11091419754,8038131002,19129550756,3053288752
20190902,"14:40:01","SZ","NB",12334962772,9846197206,22181159978,2488765566
20190902,"14:41:01","SZ","NB",12372616605,9899158363,22271774968,2473458242
20190902,"14:41:01","SH","NB",11120493426,8071331293,19191824719,3049162133
20190902,"14:42:01","SH","NB",11156394263,8102500547,19258894810,3053893716
20190902,"14:42:01","SZ","NB",12410007618,9936587094,22346594712,2473420524
20190902,"14:43:01","SH","NB",11184795340,8146682638,19331477978,3038112702
20190902,"14:43:01","SZ","NB",12449288324,9975890490,22425178814,2473397834
20190902,"14:44:01","SH","NB",11219551817,8178499611,19398051428,3041052206
20190902,"14:44:01","SZ","NB",12476898314,10009537564,22486435878,2467360750
20190902,"14:45:01","SH","NB",11254016420,8208667549,19462683969,3045348871
20190902,"14:45:01","SZ","NB",12510499462,10041843778,22552343240,2468655684
20190902,"14:46:01","SH","NB",11295124432,8258331871,19553456303,3036792561
20190902,"14:46:01","SZ","NB",12550113120,10076734834,22626847954,2473378286
20190902,"14:47:01","SH","NB",11324146838,8285888593,19610035431,3038258245
20190902,"14:47:01","SZ","NB",12582658180,10108297473,22690955653,2474360707
20190902,"14:48:01","SH","NB",11366369947,8312922981,19679292928,3053446966
20190902,"14:48:01","SZ","NB",12629802260,10139412576,22769214836,2490389684
20190902,"14:49:01","SZ","NB",12667721256,10179112892,22846834148,2488608364
20190902,"14:49:01","SH","NB",11407457673,8345346586,19752804259,3062111087
20190902,"14:50:01","SH","NB",11441538253,8382123168,19823661421,3059415085
20190902,"14:50:01","SZ","NB",12716352793,10225600662,22941953455,2490752131
20190902,"14:51:01","SH","NB",11498349473,8478762046,19977111519,3019587427
20190902,"14:51:01","SZ","NB",12772785476,10300867217,23073652693,2471918259
20190902,"14:52:01","SH","NB",11531479141,8517180903,20048660044,3014298238
20190902,"14:52:01","SZ","NB",12818437640,10346065013,23164502653,2472372627
20190902,"14:53:01","SH","NB",11573044244,8561225155,20134269399,3011819089
20190902,"14:53:01","SZ","NB",12869933886,10393877869,23263811755,2476056017
20190902,"14:54:01","SZ","NB",12919665952,10447322733,23366988685,2472343219
20190902,"14:54:01","SH","NB",11611686965,8614162187,20225849152,2997524778
20190902,"14:55:01","SH","NB",11652318602,8677787355,20330105957,2974531247
20190902,"14:55:01","SZ","NB",12967586545,10501537351,23469123896,2466049194
20190902,"14:56:01","SH","NB",11687659864,8743635031,20431294895,2944024833
20190902,"14:56:01","SZ","NB",13017351302,10571823949,23589175251,2445527353
20190902,"14:57:01","SH","NB",11721932284,8838356519,20560288803,2883575765
20190902,"14:57:01","SZ","NB",13045385384,10622504878,23667890262,2422880506
20190902,"14:58:01","SH","NB",11722744912,8838615712,20561360624,2884129200
20190902,"14:58:01","SZ","NB",13045528517,10622537652,23668066169,2422990865
20190902,"15:01:01","SH","NB",11769796913,8896280326,20666077239,2873516587
20190902,"15:01:01","SZ","NB",13122957591,10686655397,23809612988,2436302194
