dataDate,dataTime,connectMarket,tradeDirection,buyTurnover,sellTurnover,totalTurnover,netTurnover
20201207,"09:30:01","SH","NB",197913021,179899298,377812319,18013723
20201207,"09:30:01","SZ","NB",186071762,210976427,397048189,-24904665
20201207,"09:31:01","SH","NB",530072216,550219867,1080292083,-20147651
20201207,"09:31:01","SZ","NB",736557190,828542791,1565099981,-91985601
20201207,"09:32:01","SH","NB",865934891,913020674,1778955565,-47085783
20201207,"09:32:01","SZ","NB",1163050591,1256981426,2420032017,-93930835
20201207,"09:33:01","SH","NB",1130412109,1161705098,2292117207,-31292989
20201207,"09:33:01","SZ","NB",1536814705,1668073705,3204888410,-131259000
20201207,"09:34:01","SZ","NB",1846546865,2021835358,3868382223,-175288493
20201207,"09:34:01","SH","NB",1365312698,1361621393,2726934091,3691305
20201207,"09:35:01","SH","NB",1564084013,1614666612,3178750625,-50582599
20201207,"09:35:01","SZ","NB",2101512639,2511464680,4612977319,-409952041
20201207,"09:36:01","SH","NB",1821691281,1824598304,3646289585,-2907023
20201207,"09:36:01","SZ","NB",2443008447,2857785933,5300794380,-414777486
20201207,"09:37:01","SZ","NB",2739304520,3217918248,5957222768,-478613728
20201207,"09:37:01","SH","NB",2044250750,2065687255,4109938005,-21436505
20201207,"09:38:01","SH","NB",2204100711,2368426994,4572527705,-164326283
20201207,"09:38:01","SZ","NB",3029061637,3483593186,6512654823,-454531549
20201207,"09:39:01","SH","NB",2417994848,2627659218,5045654066,-209664370
20201207,"09:39:01","SZ","NB",3295112597,3757772769,7052885366,-462660172
20201207,"09:40:01","SH","NB",2555164009,2909398982,5464562991,-354234973
20201207,"09:40:01","SZ","NB",3485927418,4029800140,7515727558,-543872722
20201207,"09:41:01","SH","NB",2838673218,3152070234,5990743452,-313397016
20201207,"09:41:01","SZ","NB",3854722268,4321747081,8176469349,-467024813
20201207,"09:42:01","SH","NB",3016308571,3289596759,6305905330,-273288188
20201207,"09:42:01","SZ","NB",4136977124,4550848160,8687825284,-413871036
20201207,"09:43:01","SH","NB",3140159417,3469128771,6609288188,-328969354
20201207,"09:43:01","SZ","NB",4302499209,4774357078,9076856287,-471857869
20201207,"09:44:01","SH","NB",3240418384,3653706917,6894125301,-413288533
20201207,"09:44:01","SZ","NB",4460131764,4966618132,9426749896,-506486368
20201207,"09:45:01","SZ","NB",4603698550,5080168684,9683867234,-476470134
20201207,"09:45:01","SH","NB",3330841165,3738959936,7069801101,-408118771
20201207,"09:46:01","SH","NB",3508319130,4011722450,7520041580,-503403320
20201207,"09:46:01","SZ","NB",4837208397,5337464995,10174673392,-500256598
20201207,"09:47:02","SH","NB",3674196255,4126988555,7801184810,-452792300
20201207,"09:47:02","SZ","NB",4986274348,5542778074,10529052422,-556503726
20201207,"09:48:01","SH","NB",3819571349,4262866324,8082437673,-443294975
20201207,"09:48:01","SZ","NB",5127071964,5737547177,10864619141,-610475213
20201207,"09:49:01","SH","NB",3920958804,4373085217,8294044021,-452126413
20201207,"09:49:01","SZ","NB",5243887230,5913892944,11157780174,-670005714
20201207,"09:50:01","SH","NB",4047521078,4467075831,8514596909,-419554753
20201207,"09:50:01","SZ","NB",5423625360,6064247790,11487873150,-640622430
20201207,"09:51:01","SZ","NB",5564934489,6306929152,11871863641,-741994663
20201207,"09:51:01","SH","NB",4173615055,4651853511,8825468566,-478238456
20201207,"09:52:01","SH","NB",4275627509,4747325822,9022953331,-471698313
20201207,"09:52:01","SZ","NB",5720034510,6456066286,12176100796,-736031776
20201207,"09:53:01","SH","NB",4410644718,4978243617,9388888335,-567598899
20201207,"09:53:01","SZ","NB",5876283801,6753081826,12629365627,-876798025
20201207,"09:54:02","SH","NB",4530793740,5086068371,9616862111,-555274631
20201207,"09:54:02","SZ","NB",6037876840,6928989164,12966866004,-891112324
20201207,"09:55:01","SZ","NB",6186796244,7156711910,13343508154,-969915666
20201207,"09:55:01","SH","NB",4663641296,5225044489,9888685785,-561403193
20201207,"09:56:01","SH","NB",4810250223,5394771155,10205021378,-584520932
20201207,"09:56:01","SZ","NB",6387636988,7325240068,13712877056,-937603080
20201207,"09:57:01","SH","NB",4917343402,5555788396,10473131798,-638444994
20201207,"09:57:01","SZ","NB",6531157088,7544051158,14075208246,-1012894070
20201207,"09:58:01","SH","NB",5015612332,5680570455,10696182787,-664958123
20201207,"09:58:01","SZ","NB",6676002141,7685019705,14361021846,-1009017564
20201207,"09:59:01","SH","NB",5101540223,5796667339,10898207562,-695127116
20201207,"09:59:01","SZ","NB",6788442140,7892029362,14680471502,-1103587222
20201207,"10:00:01","SH","NB",5212494215,5927635872,11140130087,-715141657
20201207,"10:00:01","SZ","NB",6915458641,8040117420,14955576061,-1124658779
20201207,"10:01:01","SH","NB",5371458564,6243006761,11614465325,-871548197
20201207,"10:01:01","SZ","NB",7167553196,8377642752,15545195948,-1210089556
20201207,"10:02:01","SZ","NB",7360012389,8550295911,15910308300,-1190283522
20201207,"10:02:01","SH","NB",5488376566,6357397519,11845774085,-869020953
20201207,"10:03:01","SH","NB",5652276847,6480542427,12132819274,-828265580
20201207,"10:03:01","SZ","NB",7562227068,8715144975,16277372043,-1152917907
20201207,"10:04:01","SH","NB",5730991939,6637298254,12368290193,-906306315
20201207,"10:04:01","SZ","NB",7661367907,8890606829,16551974736,-1229238922
20201207,"10:05:01","SH","NB",5834704805,6715357937,12550062742,-880653132
20201207,"10:05:01","SZ","NB",7790500209,9029310636,16819810845,-1238810427
20201207,"10:06:01","SH","NB",5958830731,6770584522,12729415253,-811753791
20201207,"10:06:01","SZ","NB",7931791126,9129597449,17061388575,-1197806323
20201207,"10:07:01","SH","NB",6117610744,6875226619,12992837363,-757615875
20201207,"10:07:01","SZ","NB",8057233780,9304957510,17362191290,-1247723730
20201207,"10:08:01","SH","NB",6197357008,7000543106,13197900114,-803186098
20201207,"10:08:01","SZ","NB",8133588399,9499763156,17633351555,-1366174757
20201207,"10:09:01","SH","NB",6272854953,7065168985,13338023938,-792314032
20201207,"10:09:01","SZ","NB",8230270681,9600328357,17830599038,-1370057676
20201207,"10:10:01","SZ","NB",8356912092,9711300989,18068213081,-1354388897
20201207,"10:10:01","SH","NB",6339380930,7139199889,13478580819,-799818959
20201207,"10:11:01","SH","NB",6437469405,7318686016,13756155421,-881216611
20201207,"10:11:01","SZ","NB",8488049173,9970274873,18458324046,-1482225700
20201207,"10:12:01","SH","NB",6534628472,7388119541,13922748013,-853491069
20201207,"10:12:01","SZ","NB",8584667587,10065528348,18650195935,-1480860761
20201207,"10:13:01","SH","NB",6656987819,7439067625,14096055444,-782079806
20201207,"10:13:01","SZ","NB",8703788687,10157896865,18861685552,-1454108178
20201207,"10:14:01","SH","NB",6739632771,7549477186,14289109957,-809844415
20201207,"10:14:01","SZ","NB",8868222610,10282731076,19150953686,-1414508466
20201207,"10:15:01","SH","NB",6821973006,7666499009,14488472015,-844526003
20201207,"10:15:01","SZ","NB",8967785523,10408765288,19376550811,-1440979765
20201207,"10:16:01","SH","NB",6912888678,7752259650,14665148328,-839370972
20201207,"10:16:01","SZ","NB",9065699029,10513770640,19579469669,-1448071611
20201207,"10:17:01","SZ","NB",9156566976,10638566572,19795133548,-1481999596
20201207,"10:17:01","SH","NB",6986936708,7864693084,14851629792,-877756376
20201207,"10:18:01","SH","NB",7059148184,7947421809,15006569993,-888273625
20201207,"10:18:01","SZ","NB",9233612331,10746101962,19979714293,-1512489631
20201207,"10:19:01","SH","NB",7178979843,8032103563,15211083406,-853123720
20201207,"10:19:01","SZ","NB",9336965067,10832875562,20169840629,-1495910495
20201207,"10:20:01","SZ","NB",9417703479,10928994955,20346698434,-1511291476
20201207,"10:20:01","SH","NB",7245679234,8103205979,15348885213,-857526745
20201207,"10:21:01","SH","NB",7369781129,8166797153,15536578282,-797016024
20201207,"10:21:01","SZ","NB",9529022367,11012502576,20541524943,-1483480209
20201207,"10:22:01","SH","NB",7509078131,8222708967,15731787098,-713630836
20201207,"10:22:01","SZ","NB",9657855436,11106514830,20764370266,-1448659394
20201207,"10:23:01","SH","NB",7662087565,8284906498,15946994063,-622818933
20201207,"10:23:01","SZ","NB",9845819914,11188364998,21034184912,-1342545084
20201207,"10:24:01","SH","NB",7769812393,8354689629,16124502022,-584877236
20201207,"10:24:01","SZ","NB",9945917988,11299442510,21245360498,-1353524522
20201207,"10:25:01","SH","NB",7848123418,8424039107,16272162525,-575915689
20201207,"10:25:01","SZ","NB",10053219041,11392964049,21446183090,-1339745008
20201207,"10:26:01","SH","NB",7912125144,8579566951,16491692095,-667441807
20201207,"10:26:01","SZ","NB",10134758329,11607250057,21742008386,-1472491728
20201207,"10:27:01","SH","NB",7990374462,8668079124,16658453586,-677704662
20201207,"10:27:01","SZ","NB",10227761610,11694312142,21922073752,-1466550532
20201207,"10:28:01","SH","NB",8058406484,8768929585,16827336069,-710523101
20201207,"10:28:01","SZ","NB",10297436937,11820808291,22118245228,-1523371354
20201207,"10:29:01","SH","NB",8151028333,8838877555,16989905888,-687849222
20201207,"10:29:01","SZ","NB",10362136273,11909855290,22271991563,-1547719017
20201207,"10:30:01","SZ","NB",10432694752,11993582508,22426277260,-1560887756
20201207,"10:30:01","SH","NB",8199993097,8914238593,17114231690,-714245496
20201207,"10:31:01","SH","NB",8285944912,9109421323,17395366235,-823476411
20201207,"10:31:01","SZ","NB",10528393074,12214383986,22742777060,-1685990912
20201207,"10:32:01","SH","NB",8375776378,9158848306,17534624684,-783071928
20201207,"10:32:01","SZ","NB",10636761549,12287079334,22923840883,-1650317785
20201207,"10:33:01","SH","NB",8425890036,9252234443,17678124479,-826344407
20201207,"10:33:01","SZ","NB",10683922115,12388322258,23072244373,-1704400143
20201207,"10:34:01","SH","NB",8528455189,9309923002,17838378191,-781467813
20201207,"10:34:01","SZ","NB",10777068321,12453685549,23230753870,-1676617228
20201207,"10:35:01","SH","NB",8581687627,9355613951,17937301578,-773926324
20201207,"10:35:01","SZ","NB",10838320030,12509961089,23348281119,-1671641059
20201207,"10:36:01","SH","NB",8650611530,9488489426,18139100956,-837877896
20201207,"10:36:01","SZ","NB",10900743140,12653981626,23554724766,-1753238486
20201207,"10:37:01","SH","NB",8725897550,9558326745,18284224295,-832429195
20201207,"10:37:01","SZ","NB",11001251166,12712001323,23713252489,-1710750157
20201207,"10:38:01","SZ","NB",11051359967,12779296935,23830656902,-1727936968
20201207,"10:38:01","SH","NB",8766933123,9620981868,18387914991,-854048745
20201207,"10:39:01","SH","NB",8830665237,9711989422,18542654659,-881324185
20201207,"10:39:01","SZ","NB",11145885636,12882788894,24028674530,-1736903258
20201207,"10:40:01","SH","NB",8895280172,9742885715,18638165887,-847605543
20201207,"10:40:01","SZ","NB",11201022492,12943145548,24144168040,-1742123056
20201207,"10:41:01","SH","NB",9023132168,9806382726,18829514894,-783250558
20201207,"10:41:01","SZ","NB",11305233931,13002739173,24307973104,-1697505242
20201207,"10:42:01","SH","NB",9092315813,9850228712,18942544525,-757912899
20201207,"10:42:01","SZ","NB",11371611507,13052581442,24424192949,-1680969935
20201207,"10:43:01","SH","NB",9142032015,9931733689,19073765704,-789701674
20201207,"10:43:01","SZ","NB",11422261995,13161356435,24583618430,-1739094440
20201207,"10:44:01","SH","NB",9189793291,9980835865,19170629156,-791042574
20201207,"10:44:01","SZ","NB",11482749388,13208271897,24691021285,-1725522509
20201207,"10:45:01","SH","NB",9251362825,10030806779,19282169604,-779443954
20201207,"10:45:01","SZ","NB",11555487294,13260118025,24815605319,-1704630731
20201207,"10:46:01","SH","NB",9301930572,10114434322,19416364894,-812503750
20201207,"10:46:01","SZ","NB",11611807561,13386564018,24998371579,-1774756457
20201207,"10:47:01","SZ","NB",11687653686,13430895449,25118549135,-1743241763
20201207,"10:47:01","SH","NB",9384143511,10147233487,19531376998,-763089976
20201207,"10:48:01","SH","NB",9446345231,10191316892,19637662123,-744971661
20201207,"10:48:01","SZ","NB",11741107321,13477478956,25218586277,-1736371635
20201207,"10:49:01","SH","NB",9498925604,10230994422,19729920026,-732068818
20201207,"10:49:01","SZ","NB",11827070900,13553416368,25380487268,-1726345468
20201207,"10:50:01","SH","NB",9542598885,10285359666,19827958551,-742760781
20201207,"10:50:01","SZ","NB",11886832678,13634073527,25520906205,-1747240849
20201207,"10:51:01","SH","NB",9656511659,10331083716,19987595375,-674572057
20201207,"10:51:01","SZ","NB",12000676470,13692179448,25692855918,-1691502978
20201207,"10:52:01","SH","NB",9718438841,10434409947,20152848788,-715971106
20201207,"10:52:01","SZ","NB",12059371150,13806886718,25866257868,-1747515568
20201207,"10:53:01","SZ","NB",12113127948,13913810171,26026938119,-1800682223
20201207,"10:53:01","SH","NB",9795261117,10513980979,20309242096,-718719862
20201207,"10:54:01","SH","NB",9836762481,10560688459,20397450940,-723925978
20201207,"10:54:01","SZ","NB",12161168850,13975153348,26136322198,-1813984498
20201207,"10:55:01","SH","NB",9881760763,10629100541,20510861304,-747339778
20201207,"10:55:01","SZ","NB",12211197625,14079988972,26291186597,-1868791347
20201207,"10:56:01","SH","NB",9928758306,10684441981,20613200287,-755683675
20201207,"10:56:01","SZ","NB",12260156972,14139973684,26400130656,-1879816712
20201207,"10:57:01","SH","NB",9982945459,10725254387,20708199846,-742308928
20201207,"10:57:01","SZ","NB",12320372545,14193306016,26513678561,-1872933471
20201207,"10:58:01","SH","NB",10024021106,10771675194,20795696300,-747654088
20201207,"10:58:01","SZ","NB",12367509354,14234827106,26602336460,-1867317752
20201207,"10:59:01","SH","NB",10062520924,10818967253,20881488177,-756446329
20201207,"10:59:01","SZ","NB",12404199514,14292751128,26696950642,-1888551614
20201207,"11:00:01","SH","NB",10116940766,10904559499,21021500265,-787618733
20201207,"11:00:01","SZ","NB",12444304916,14366134720,26810439636,-1921829804
20201207,"11:01:01","SH","NB",10191489048,11014708026,21206197074,-823218978
20201207,"11:01:01","SZ","NB",12532372069,14439135703,26971507772,-1906763634
20201207,"11:02:01","SH","NB",10249546632,11059561828,21309108460,-810015196
20201207,"11:02:01","SZ","NB",12585728231,14497026080,27082754311,-1911297849
20201207,"11:03:01","SZ","NB",12635032457,14558796165,27193828622,-1923763708
20201207,"11:03:01","SH","NB",10280952239,11099299059,21380251298,-818346820
20201207,"11:04:01","SH","NB",10348806879,11141374331,21490181210,-792567452
20201207,"11:04:01","SZ","NB",12698319580,14609474858,27307794438,-1911155278
20201207,"11:05:01","SH","NB",10396908959,11173332095,21570241054,-776423136
20201207,"11:05:01","SZ","NB",12765779751,14643333570,27409113321,-1877553819
20201207,"11:06:01","SH","NB",10469302334,11544386077,22013688411,-1075083743
20201207,"11:06:01","SZ","NB",12827350479,14941302574,27768653053,-2113952095
20201207,"11:07:01","SH","NB",10659561257,11908112148,22567673405,-1248550891
20201207,"11:07:01","SZ","NB",12952995373,15138241663,28091237036,-2185246290
20201207,"11:08:01","SZ","NB",13010236311,15198528352,28208764663,-2188292041
20201207,"11:08:01","SH","NB",10727128115,11966627296,22693755411,-1239499181
20201207,"11:09:01","SH","NB",10789385854,12050432260,22839818114,-1261046406
20201207,"11:09:01","SZ","NB",13067945574,15285518653,28353464227,-2217573079
20201207,"11:10:01","SH","NB",10884759264,12151433658,23036192922,-1266674394
20201207,"11:10:01","SZ","NB",13126014079,15381677907,28507691986,-2255663828
20201207,"11:11:01","SH","NB",10995985190,12209765600,23205750790,-1213780410
20201207,"11:11:01","SZ","NB",13271552771,15438610358,28710163129,-2167057587
20201207,"11:12:01","SH","NB",11067048599,12246389435,23313438034,-1179340836
20201207,"11:12:01","SZ","NB",13329561940,15487847152,28817409092,-2158285212
20201207,"11:13:01","SH","NB",11126278787,12340141196,23466419983,-1213862409
20201207,"11:13:01","SZ","NB",13381374020,15602151092,28983525112,-2220777072
20201207,"11:14:01","SH","NB",11194279585,12387517808,23581797393,-1193238223
20201207,"11:14:01","SZ","NB",13425508859,15635411315,29060920174,-2209902456
20201207,"11:15:01","SZ","NB",13451879842,15693678295,29145558137,-2241798453
20201207,"11:15:01","SH","NB",11235102044,12447588106,23682690150,-1212486062
20201207,"11:16:01","SH","NB",11281220725,12529970612,23811191337,-1248749887
20201207,"11:16:01","SZ","NB",13499949882,15775382141,29275332023,-2275432259
20201207,"11:17:01","SH","NB",11319110216,12563119764,23882229980,-1244009548
20201207,"11:17:01","SZ","NB",13541043862,15806650094,29347693956,-2265606232
20201207,"11:18:01","SH","NB",11411417316,12597170491,24008587807,-1185753175
20201207,"11:18:01","SZ","NB",13599855438,15836410580,29436266018,-2236555142
20201207,"11:19:01","SH","NB",11454940322,12634715937,24089656259,-1179775615
20201207,"11:19:01","SZ","NB",13634567892,15890654527,29525222419,-2256086635
20201207,"11:20:01","SH","NB",11492979768,12708949153,24201928921,-1215969385
20201207,"11:20:01","SZ","NB",13669951333,16005875690,29675827023,-2335924357
20201207,"11:21:01","SH","NB",11570136797,12761182156,24331318953,-1191045359
20201207,"11:21:01","SZ","NB",13747209393,16062847752,29810057145,-2315638359
20201207,"11:22:01","SZ","NB",13810447331,16118314129,29928761460,-2307866798
20201207,"11:22:01","SH","NB",11651772534,12791965101,24443737635,-1140192567
20201207,"11:23:01","SH","NB",11735210929,12816142354,24551353283,-1080931425
20201207,"11:23:01","SZ","NB",13848146580,16158272005,30006418585,-2310125425
20201207,"11:24:01","SH","NB",11787606218,12842649372,24630255590,-1055043154
20201207,"11:24:01","SZ","NB",13890212498,16191050417,30081262915,-2300837919
20201207,"11:25:01","SH","NB",11836228767,12884982704,24721211471,-1048753937
20201207,"11:25:01","SZ","NB",13926255072,16232954521,30159209593,-2306699449
20201207,"11:26:01","SH","NB",11871904644,12912798137,24784702781,-1040893493
20201207,"11:26:01","SZ","NB",13961657253,16269307502,30230964755,-2307650249
20201207,"11:27:01","SH","NB",11910226989,12944968202,24855195191,-1034741213
20201207,"11:27:01","SZ","NB",13999341685,16323737709,30323079394,-2324396024
20201207,"11:28:01","SH","NB",11950808369,12983167910,24933976279,-1032359541
20201207,"11:28:01","SZ","NB",14033475184,16372341733,30405816917,-2338866549
20201207,"11:29:01","SH","NB",11999057979,13009857900,25008915879,-1010799921
20201207,"11:29:01","SZ","NB",14070094700,16407988201,30478082901,-2337893501
20201207,"11:30:01","SH","NB",12039510847,13028878053,25068388900,-989367206
20201207,"11:30:01","SZ","NB",14105142193,16435959137,30541101330,-2330816944
20201207,"11:31:01","SH","NB",12039558795,13028878053,25068436848,-989319258
20201207,"13:00:01","SZ","NB",14108166308,16441710396,30549876704,-2333544088
20201207,"13:01:01","SZ","NB",14255622982,16555505828,30811128810,-2299882846
20201207,"13:01:01","SH","NB",12207101807,13133470988,25340572795,-926369181
20201207,"13:02:01","SH","NB",12291046752,13192430077,25483476829,-901383325
20201207,"13:02:01","SZ","NB",14324856498,16653322897,30978179395,-2328466399
20201207,"13:03:01","SH","NB",12349371609,13226149262,25575520871,-876777653
20201207,"13:03:01","SZ","NB",14390214226,16705204705,31095418931,-2314990479
20201207,"13:04:01","SH","NB",12422470467,13263403075,25685873542,-840932608
20201207,"13:04:01","SZ","NB",14473721766,16759541379,31233263145,-2285819613
20201207,"13:05:01","SH","NB",12484328306,13288277030,25772605336,-803948724
20201207,"13:05:01","SZ","NB",14543286108,16797390470,31340676578,-2254104362
20201207,"13:06:01","SH","NB",12539385448,13322811884,25862197332,-783426436
20201207,"13:06:01","SZ","NB",14606446242,16848919629,31455365871,-2242473387
20201207,"13:07:01","SZ","NB",14690568970,16890904305,31581473275,-2200335335
20201207,"13:07:01","SH","NB",12633913568,13355058481,25988972049,-721144913
20201207,"13:08:01","SH","NB",12725053512,13401298723,26126352235,-676245211
20201207,"13:08:01","SZ","NB",14747947799,16956696276,31704644075,-2208748477
20201207,"13:09:01","SH","NB",12779486795,13434859595,26214346390,-655372800
20201207,"13:09:01","SZ","NB",14789988095,17005961733,31795949828,-2215973638
20201207,"13:10:01","SH","NB",12851563544,13464061397,26315624941,-612497853
20201207,"13:10:01","SZ","NB",14859290188,17044345107,31903635295,-2185054919
20201207,"13:11:01","SH","NB",12988602361,13531448045,26520050406,-542845684
20201207,"13:11:01","SZ","NB",14976086694,17134057340,32110144034,-2157970646
20201207,"13:12:01","SH","NB",13037114855,13582704664,26619819519,-545589809
20201207,"13:12:01","SZ","NB",15015522860,17201220358,32216743218,-2185697498
20201207,"13:13:01","SH","NB",13091503546,13623230244,26714733790,-531726698
20201207,"13:13:01","SZ","NB",15067790988,17251478487,32319269475,-2183687499
20201207,"13:14:01","SZ","NB",15113398323,17311985360,32425383683,-2198587037
20201207,"13:14:01","SH","NB",13137135770,13669812765,26806948535,-532676995
20201207,"13:15:01","SH","NB",13193027236,13704091070,26897118306,-511063834
20201207,"13:15:01","SZ","NB",15164502870,17356512127,32521014997,-2192009257
20201207,"13:16:01","SH","NB",13249521019,13745956494,26995477513,-496435475
20201207,"13:16:01","SZ","NB",15215454354,17403187185,32618641539,-2187732831
20201207,"13:17:01","SH","NB",13309459027,13799982643,27109441670,-490523616
20201207,"13:17:01","SZ","NB",15261014958,17468485916,32729500874,-2207470958
20201207,"13:18:01","SH","NB",13381605135,13829905652,27211510787,-448300517
20201207,"13:18:01","SZ","NB",15340256818,17509595539,32849852357,-2169338721
20201207,"13:19:01","SH","NB",13435307137,13869850072,27305157209,-434542935
20201207,"13:19:01","SZ","NB",15403357703,17560437306,32963795009,-2157079603
20201207,"13:20:01","SH","NB",13488718735,13911652017,27400370752,-422933282
20201207,"13:20:01","SZ","NB",15467214122,17612744815,33079958937,-2145530693
20201207,"13:21:01","SH","NB",13591775252,13955477051,27547252303,-363701799
20201207,"13:21:01","SZ","NB",15590846595,17683494091,33274340686,-2092647496
20201207,"13:22:01","SH","NB",13650778804,13995673701,27646452505,-344894897
20201207,"13:22:01","SZ","NB",15656145526,17743651301,33399796827,-2087505775
20201207,"13:23:01","SH","NB",13690959642,14059614694,27750574336,-368655052
20201207,"13:23:01","SZ","NB",15707278442,17842159543,33549437985,-2134881101
20201207,"13:24:01","SZ","NB",15752406116,17893739374,33646145490,-2141333258
20201207,"13:24:01","SH","NB",13753643005,14095537839,27849180844,-341894834
20201207,"13:25:01","SH","NB",13808201133,14135623749,27943824882,-327422616
20201207,"13:25:01","SZ","NB",15806928973,17941713532,33748642505,-2134784559
20201207,"13:26:01","SH","NB",13881508522,14180020061,28061528583,-298511539
20201207,"13:26:01","SZ","NB",15867982286,17987969707,33855951993,-2119987421
20201207,"13:27:01","SH","NB",13921804466,14226602863,28148407329,-304798397
20201207,"13:27:01","SZ","NB",15909937320,18048673441,33958610761,-2138736121
20201207,"13:28:01","SH","NB",13988564254,14262154486,28250718740,-273590232
20201207,"13:28:01","SZ","NB",15993421584,18100529405,34093950989,-2107107821
20201207,"13:29:01","SH","NB",14047740233,14290976699,28338716932,-243236466
20201207,"13:29:01","SZ","NB",16064206382,18141975998,34206182380,-2077769616
20201207,"13:30:01","SH","NB",14119055530,14329063207,28448118737,-210007677
20201207,"13:30:01","SZ","NB",16123751413,18201610605,34325362018,-2077859192
20201207,"13:31:01","SH","NB",14242446974,14375018991,28617465965,-132572017
20201207,"13:31:01","SZ","NB",16236593674,18257114880,34493708554,-2020521206
20201207,"13:32:01","SH","NB",14294838059,14433547611,28728385670,-138709552
20201207,"13:32:01","SZ","NB",16284469629,18351006257,34635475886,-2066536628
20201207,"13:33:01","SH","NB",14349813553,14493775042,28843588595,-143961489
20201207,"13:33:01","SZ","NB",16333579417,18431198450,34764777867,-2097619033
20201207,"13:34:01","SZ","NB",16375493389,18491680457,34867173846,-2116187068
20201207,"13:34:01","SH","NB",14390745915,14531796195,28922542110,-141050280
20201207,"13:35:01","SH","NB",14439804553,14580186296,29019990849,-140381743
20201207,"13:35:01","SZ","NB",16420248375,18548398831,34968647206,-2128150456
20201207,"13:36:01","SH","NB",14476772101,14631689146,29108461247,-154917045
20201207,"13:36:01","SZ","NB",16452146036,18607584387,35059730423,-2155438351
20201207,"13:37:01","SH","NB",14517055931,14676148876,29193204807,-159092945
20201207,"13:37:01","SZ","NB",16516694873,18657793166,35174488039,-2141098293
20201207,"13:38:01","SH","NB",14573665440,14719806149,29293471589,-146140709
20201207,"13:38:01","SZ","NB",16565645696,18712649971,35278295667,-2147004275
20201207,"13:39:01","SZ","NB",16607876086,18777385772,35385261858,-2169509686
20201207,"13:39:01","SH","NB",14618168440,14766165539,29384333979,-147997099
20201207,"13:40:01","SH","NB",14656595094,14827450373,29484045467,-170855279
20201207,"13:40:01","SZ","NB",16659336440,18840485700,35499822140,-2181149260
20201207,"13:41:01","SH","NB",14699192019,14897705472,29596897491,-198513453
20201207,"13:41:01","SZ","NB",16704034898,18912542732,35616577630,-2208507834
20201207,"13:42:01","SZ","NB",16748557892,18987198829,35735756721,-2238640937
20201207,"13:42:01","SH","NB",14746524691,14953894378,29700419069,-207369687
20201207,"13:43:01","SH","NB",14796728865,14988749077,29785477942,-192020212
20201207,"13:43:01","SZ","NB",16813795974,19062585961,35876381935,-2248789987
20201207,"13:44:01","SH","NB",14847840309,15027513503,29875353812,-179673194
20201207,"13:44:01","SZ","NB",16875812910,19117688954,35993501864,-2241876044
20201207,"13:45:01","SZ","NB",16920032890,19198679621,36118712511,-2278646731
20201207,"13:45:01","SH","NB",14896021333,15090550265,29986571598,-194528932
20201207,"13:46:01","SH","NB",14931950202,15140714679,30072664881,-208764477
20201207,"13:46:01","SZ","NB",16962875808,19275429767,36238305575,-2312553959
20201207,"13:47:01","SH","NB",14984905061,15185372862,30170277923,-200467801
20201207,"13:47:01","SZ","NB",17025971637,19331811036,36357782673,-2305839399
20201207,"13:48:01","SH","NB",15022466922,15225563471,30248030393,-203096549
20201207,"13:48:01","SZ","NB",17061768337,19384154990,36445923327,-2322386653
20201207,"13:49:01","SH","NB",15061599731,15260876095,30322475826,-199276364
20201207,"13:49:01","SZ","NB",17111848625,19433856792,36545705417,-2322008167
20201207,"13:50:01","SH","NB",15112333526,15290762649,30403096175,-178429123
20201207,"13:50:01","SZ","NB",17158064791,19487459849,36645524640,-2329395058
20201207,"13:51:01","SH","NB",15183490441,15340307647,30523798088,-156817206
20201207,"13:51:01","SZ","NB",17215638732,19564482633,36780121365,-2348843901
20201207,"13:52:01","SH","NB",15231772053,15396974380,30628746433,-165202327
20201207,"13:52:01","SZ","NB",17264775540,19635620562,36900396102,-2370845022
20201207,"13:53:01","SH","NB",15275118572,15445951397,30721069969,-170832825
20201207,"13:53:01","SZ","NB",17299263875,19699441748,36998705623,-2400177873
20201207,"13:54:01","SH","NB",15351287954,15486114439,30837402393,-134826485
20201207,"13:54:01","SZ","NB",17344624086,19744660780,37089284866,-2400036694
20201207,"13:55:01","SZ","NB",17402555141,19796120171,37198675312,-2393565030
20201207,"13:55:01","SH","NB",15406692733,15511363260,30918055993,-104670527
20201207,"13:56:01","SH","NB",15456122012,15541433051,30997555063,-85311039
20201207,"13:56:01","SZ","NB",17446841363,19844879849,37291721212,-2398038486
20201207,"13:57:01","SH","NB",15497635710,15583360518,31080996228,-85724808
20201207,"13:57:01","SZ","NB",17501937254,19887650006,37389587260,-2385712752
20201207,"13:58:01","SH","NB",15559223222,15625474042,31184697264,-66250820
20201207,"13:58:01","SZ","NB",17548189933,19933538209,37481728142,-2385348276
20201207,"13:59:01","SH","NB",15618231703,15663859901,31282091604,-45628198
20201207,"13:59:01","SZ","NB",17586948535,19985535617,37572484152,-2398587082
20201207,"14:00:01","SZ","NB",17621280989,20050968807,37672249796,-2429687818
20201207,"14:00:01","SH","NB",15669362764,15714483963,31383846727,-45121199
20201207,"14:01:01","SH","NB",15749741725,15749532707,31499274432,209018
20201207,"14:01:01","SZ","NB",17689895345,20106994741,37796890086,-2417099396
20201207,"14:02:01","SH","NB",15814957725,15779386551,31594344276,35571174
20201207,"14:02:01","SZ","NB",17736655068,20143430489,37880085557,-2406775421
20201207,"14:03:01","SH","NB",15869051222,15825518564,31694569786,43532658
20201207,"14:03:01","SZ","NB",17777493734,20201147561,37978641295,-2423653827
20201207,"14:04:01","SH","NB",15923204584,15903958168,31827162752,19246416
20201207,"14:04:01","SZ","NB",17828327785,20312066612,38140394397,-2483738827
20201207,"14:05:01","SH","NB",15986858740,15936494653,31923353393,50364087
20201207,"14:05:01","SZ","NB",17870611719,20369934354,38240546073,-2499322635
20201207,"14:06:01","SZ","NB",17906484523,20421737434,38328221957,-2515252911
20201207,"14:06:01","SH","NB",16032755390,15978782676,32011538066,53972714
20201207,"14:07:01","SH","NB",16084414764,16041326524,32125741288,43088240
20201207,"14:07:01","SZ","NB",17939183044,20497932054,38437115098,-2558749010
20201207,"14:08:01","SH","NB",16123583298,16133836551,32257419849,-10253253
20201207,"14:08:01","SZ","NB",17986697137,20623534022,38610231159,-2636836885
20201207,"14:09:01","SZ","NB",18052062590,20686437594,38738500184,-2634375004
20201207,"14:09:01","SH","NB",16172971072,16182569881,32355540953,-9598809
20201207,"14:10:01","SH","NB",16225153270,16222061877,32447215147,3091393
20201207,"14:10:01","SZ","NB",18098177995,20734102743,38832280738,-2635924748
20201207,"14:11:01","SH","NB",16310593305,16268031731,32578625036,42561574
20201207,"14:11:01","SZ","NB",18167477953,20775456180,38942934133,-2607978227
20201207,"14:12:01","SH","NB",16500525693,16320572810,32821098503,179952883
20201207,"14:12:01","SZ","NB",18285079034,20831891130,39116970164,-2546812096
20201207,"14:13:01","SH","NB",16539967407,16369505686,32909473093,170461721
20201207,"14:13:01","SZ","NB",18324986600,20883342591,39208329191,-2558355991
20201207,"14:14:01","SH","NB",16587612872,16422948607,33010561479,164664265
20201207,"14:14:01","SZ","NB",18376596236,20940822448,39317418684,-2564226212
20201207,"14:15:01","SH","NB",16623853291,16457152316,33081005607,166700975
20201207,"14:15:01","SZ","NB",18410857127,20985012677,39395869804,-2574155550
20201207,"14:16:01","SH","NB",16676893630,16483383085,33160276715,193510545
20201207,"14:16:01","SZ","NB",18451223291,21023941819,39475165110,-2572718528
20201207,"14:17:01","SH","NB",16724419602,16522319154,33246738756,202100448
20201207,"14:17:01","SZ","NB",18485791366,21056364349,39542155715,-2570572983
20201207,"14:18:01","SH","NB",16779628439,16568527932,33348156371,211100507
20201207,"14:18:01","SZ","NB",18530352039,21100917606,39631269645,-2570565567
20201207,"14:19:01","SZ","NB",18566104782,21149953590,39716058372,-2583848808
20201207,"14:19:01","SH","NB",16825679680,16610478513,33436158193,215201167
20201207,"14:20:01","SH","NB",16871901945,16663248325,33535150270,208653620
20201207,"14:20:01","SZ","NB",18601528688,21215039516,39816568204,-2613510828
20201207,"14:21:01","SH","NB",16931162653,16730188255,33661350908,200974398
20201207,"14:21:01","SZ","NB",18662933484,21302484323,39965417807,-2639550839
20201207,"14:22:01","SH","NB",16973105102,16765541049,33738646151,207564053
20201207,"14:22:01","SZ","NB",18700376275,21354132874,40054509149,-2653756599
20201207,"14:23:01","SH","NB",17031128356,16820981163,33852109519,210147193
20201207,"14:23:01","SZ","NB",18757914161,21400563953,40158478114,-2642649792
20201207,"14:24:01","SH","NB",17078985233,16865236734,33944221967,213748499
20201207,"14:24:01","SZ","NB",18798177645,21441514666,40239692311,-2643337021
20201207,"14:25:01","SH","NB",17138911389,16898017841,34036929230,240893548
20201207,"14:25:01","SZ","NB",18848429268,21483427191,40331856459,-2634997923
20201207,"14:26:01","SH","NB",17205538102,16934694379,34140232481,270843723
20201207,"14:26:01","SZ","NB",18919978289,21537173888,40457152177,-2617195599
20201207,"14:27:01","SH","NB",17254121025,16968087201,34222208226,286033824
20201207,"14:27:01","SZ","NB",18970679363,21577574611,40548253974,-2606895248
20201207,"14:28:01","SH","NB",17322818549,17008101312,34330919861,314717237
20201207,"14:28:01","SZ","NB",19022452359,21626949745,40649402104,-2604497386
20201207,"14:29:01","SZ","NB",19063252251,21670231457,40733483708,-2606979206
20201207,"14:29:01","SH","NB",17398417048,17060670693,34459087741,337746355
20201207,"14:30:01","SH","NB",17445069504,17094857593,34539927097,350211911
20201207,"14:30:01","SZ","NB",19114770479,21716946724,40831717203,-2602176245
20201207,"14:31:01","SH","NB",17520315780,17258692130,34779007910,261623650
20201207,"14:31:01","SZ","NB",19191773087,21880115950,41071889037,-2688342863
20201207,"14:32:01","SH","NB",17598995170,17337766917,34936762087,261228253
20201207,"14:32:01","SZ","NB",19278412470,21964342981,41242755451,-2685930511
20201207,"14:33:01","SH","NB",17731903018,17410240549,35142143567,321662469
20201207,"14:33:01","SZ","NB",19441271575,22048544298,41489815873,-2607272723
20201207,"14:34:01","SZ","NB",19553634548,22116493011,41670127559,-2562858463
20201207,"14:34:01","SH","NB",17839010579,17470902806,35309913385,368107773
20201207,"14:35:01","SH","NB",17913666278,17511437463,35425103741,402228815
20201207,"14:35:01","SZ","NB",19632215567,22171831132,41804046699,-2539615565
20201207,"14:36:01","SH","NB",17994803013,17566704688,35561507701,428098325
20201207,"14:36:01","SZ","NB",19698292609,22248072085,41946364694,-2549779476
20201207,"14:37:01","SH","NB",18064496117,17618471181,35682967298,446024936
20201207,"14:37:01","SZ","NB",19765795559,22307891807,42073687366,-2542096248
20201207,"14:38:01","SH","NB",18140376874,17673983048,35814359922,466393826
20201207,"14:38:01","SZ","NB",19844342687,22391425805,42235768492,-2547083118
20201207,"14:39:01","SH","NB",18213343850,17718466495,35931810345,494877355
20201207,"14:39:01","SZ","NB",19921528727,22458785751,42380314478,-2537257024
20201207,"14:40:01","SH","NB",18292516118,17763120361,36055636479,529395757
20201207,"14:40:01","SZ","NB",19999645411,22515348381,42514993792,-2515702970
20201207,"14:41:01","SH","NB",18368792058,17841801460,36210593518,526990598
20201207,"14:41:01","SZ","NB",20091158438,22634848517,42726006955,-2543690079
20201207,"14:42:01","SH","NB",18435215934,17906216058,36341431992,528999876
20201207,"14:42:01","SZ","NB",20185498880,22701294989,42886793869,-2515796109
20201207,"14:43:01","SZ","NB",20273077626,22765905088,43038982714,-2492827462
20201207,"14:43:01","SH","NB",18495285784,17963619835,36458905619,531665949
20201207,"14:44:01","SH","NB",18577060046,18007812713,36584872759,569247333
20201207,"14:44:01","SZ","NB",20385896587,22834836574,43220733161,-2448939987
20201207,"14:45:01","SH","NB",18690605778,18065847835,36756453613,624757943
20201207,"14:45:01","SZ","NB",20504868418,22908822654,43413691072,-2403954236
20201207,"14:46:01","SH","NB",18757646650,18119544573,36877191223,638102077
20201207,"14:46:01","SZ","NB",20602941147,22983840625,43586781772,-2380899478
20201207,"14:47:01","SH","NB",18832610817,18170863286,37003474103,661747531
20201207,"14:47:01","SZ","NB",20666219544,23039286738,43705506282,-2373067194
20201207,"14:48:01","SH","NB",18893353153,18252175482,37145528635,641177671
20201207,"14:48:01","SZ","NB",20730919652,23124364162,43855283814,-2393444510
20201207,"14:49:01","SH","NB",18960811429,18313115867,37273927296,647695562
20201207,"14:49:01","SZ","NB",20796911761,23183893744,43980805505,-2386981983
20201207,"14:50:01","SH","NB",19014846918,18387245125,37402092043,627601793
20201207,"14:50:01","SZ","NB",20866662889,23261217305,44127880194,-2394554416
20201207,"14:51:01","SZ","NB",20968960706,23393069480,44362030186,-2424108774
20201207,"14:51:01","SH","NB",19097487147,18502728002,37600215149,594759145
20201207,"14:52:01","SH","NB",19172575401,18580732772,37753308173,591842629
20201207,"14:52:01","SZ","NB",21086016886,23474776249,44560793135,-2388759363
20201207,"14:53:01","SH","NB",19253805896,18670209991,37924015887,583595905
20201207,"14:53:01","SZ","NB",21195321688,23569693942,44765015630,-2374372254
20201207,"14:54:01","SH","NB",19369591841,18763531651,38133123492,606060190
20201207,"14:54:01","SZ","NB",21340373139,23695593277,45035966416,-2355220138
20201207,"14:55:01","SH","NB",19480708265,18833547589,38314255854,647160676
20201207,"14:55:01","SZ","NB",21500315519,23787608021,45287923540,-2287292502
20201207,"14:56:01","SH","NB",19627319530,18935450617,38562770147,691868913
20201207,"14:56:01","SZ","NB",21673407822,23915395409,45588803231,-2241987587
20201207,"14:57:01","SH","NB",19742077054,19058957502,38801034556,683119552
20201207,"14:57:01","SZ","NB",21799074422,24046493774,45845568196,-2247419352
20201207,"14:58:01","SH","NB",19742077054,19059013233,38801090287,683063821
20201207,"15:00:01","SZ","NB",21907181180,24147370030,46054551210,-2240188850
20201207,"15:01:01","SH","NB",20320247876,19455210573,39775458449,865037303
20201207,"15:01:01","SZ","NB",22399361992,24424520809,46823882801,-2025158817
