dataDate,dataTime,connectMarket,tradeDirection,buyTurnover,sellTurnover,totalTurnover,netTurnover
20200525,"09:30:01","SH","NB",171087458,69148064,240235522,101939394
20200525,"09:30:01","SZ","NB",146048255,91653223,237701478,54395032
20200525,"09:31:01","SH","NB",312795637,297023297,609818934,15772340
20200525,"09:31:01","SZ","NB",389948801,465983869,855932670,-76035068
20200525,"09:32:01","SH","NB",478366020,474272964,952638984,4093056
20200525,"09:32:01","SZ","NB",699634521,765369080,1465003601,-65734559
20200525,"09:33:01","SH","NB",626953230,681084964,1308038194,-54131734
20200525,"09:33:01","SZ","NB",996607063,1092014814,2088621877,-95407751
20200525,"09:34:01","SH","NB",774380017,816665212,1591045229,-42285195
20200525,"09:34:01","SZ","NB",1256906367,1331216738,2588123105,-74310371
20200525,"09:35:01","SZ","NB",1478875191,1517224590,2996099781,-38349399
20200525,"09:35:01","SH","NB",900418527,935699739,1836118266,-35281212
20200525,"09:36:01","SH","NB",1061431065,1125855719,2187286784,-64424654
20200525,"09:36:01","SZ","NB",1804734848,1776200160,3580935008,28534688
20200525,"09:37:01","SH","NB",1181678626,1258001015,2439679641,-76322389
20200525,"09:37:01","SZ","NB",2022151686,1956922526,3979074212,65229160
20200525,"09:38:01","SH","NB",1273607166,1379818296,2653425462,-106211130
20200525,"09:38:01","SZ","NB",2195520483,2178255417,4373775900,17265066
20200525,"09:39:01","SH","NB",1390481850,1463857089,2854338939,-73375239
20200525,"09:39:01","SZ","NB",2421435027,2338402596,4759837623,83032431
20200525,"09:40:01","SH","NB",1473079001,1553417730,3026496731,-80338729
20200525,"09:40:01","SZ","NB",2584330446,2507323546,5091653992,77006900
20200525,"09:41:01","SH","NB",1635940495,1639862916,3275803411,-3922421
20200525,"09:41:01","SZ","NB",2824248938,2690239244,5514488182,134009694
20200525,"09:42:01","SH","NB",1687538085,1740489126,3428027211,-52951041
20200525,"09:42:01","SZ","NB",2928667175,2856745095,5785412270,71922080
20200525,"09:43:01","SZ","NB",3090872410,3014332357,6105204767,76540053
20200525,"09:43:01","SH","NB",1824404227,1825613393,3650017620,-1209166
20200525,"09:44:01","SH","NB",1889294123,1909282910,3798577033,-19988787
20200525,"09:44:01","SZ","NB",3163526220,3204750188,6368276408,-41223968
20200525,"09:45:01","SH","NB",2005909025,2000919443,4006828468,4989582
20200525,"09:45:01","SZ","NB",3284955140,3400565741,6685520881,-115610601
20200525,"09:46:01","SH","NB",2093699981,2121799446,4215499427,-28099465
20200525,"09:46:01","SZ","NB",3408075901,3632182052,7040257953,-224106151
20200525,"09:47:01","SH","NB",2163940216,2188095424,4352035640,-24155208
20200525,"09:47:01","SZ","NB",3525144586,3789691718,7314836304,-264547132
20200525,"09:48:01","SH","NB",2226827297,2246843632,4473670929,-20016335
20200525,"09:48:01","SZ","NB",3633948832,3921188612,7555137444,-287239780
20200525,"09:49:01","SH","NB",2286050174,2330301567,4616351741,-44251393
20200525,"09:49:01","SZ","NB",3715552105,4051734055,7767286160,-336181950
20200525,"09:50:01","SH","NB",2410063484,2393153846,4803217330,16909638
20200525,"09:50:01","SZ","NB",3904517081,4126277479,8030794560,-221760398
20200525,"09:51:01","SH","NB",2541058839,2459284277,5000343116,81774562
20200525,"09:51:01","SZ","NB",4091160228,4254855035,8346015263,-163694807
20200525,"09:52:01","SZ","NB",4192363839,4366863147,8559226986,-174499308
20200525,"09:52:01","SH","NB",2613837947,2530509222,5144347169,83328725
20200525,"09:53:01","SH","NB",2680743850,2567405920,5248149770,113337930
20200525,"09:53:01","SZ","NB",4309250280,4426049237,8735299517,-116798957
20200525,"09:54:01","SH","NB",2737499459,2640294552,5377794011,97204907
20200525,"09:54:01","SZ","NB",4406124819,4510246092,8916370911,-104121273
20200525,"09:55:01","SH","NB",2788110018,2697688028,5485798046,90421990
20200525,"09:55:01","SZ","NB",4486067698,4595672245,9081739943,-109604547
20200525,"09:56:01","SH","NB",2854888415,2790900623,5645789038,63987792
20200525,"09:56:01","SZ","NB",4596045383,4749002207,9345047590,-152956824
20200525,"09:57:01","SZ","NB",4661697554,4829789239,9491486793,-168091685
20200525,"09:57:01","SH","NB",2901630874,2855620473,5757251347,46010401
20200525,"09:58:01","SH","NB",2950559840,2905651381,5856211221,44908459
20200525,"09:58:01","SZ","NB",4727133609,4917070027,9644203636,-189936418
20200525,"09:59:01","SH","NB",2998997540,2949279487,5948277027,49718053
20200525,"09:59:01","SZ","NB",4806794541,4970601711,9777396252,-163807170
20200525,"10:00:01","SH","NB",3043906119,2979049956,6022956075,64856163
20200525,"10:00:01","SZ","NB",4884290227,5014065692,9898355919,-129775465
20200525,"10:01:01","SH","NB",3162114796,3019088677,6181203473,143026119
20200525,"10:01:01","SZ","NB",5076858361,5086947964,10163806325,-10089603
20200525,"10:02:01","SH","NB",3226605604,3106622331,6333227935,119983273
20200525,"10:02:01","SZ","NB",5170283508,5265854790,10436138298,-95571282
20200525,"10:03:01","SH","NB",3264572997,3146748312,6411321309,117824685
20200525,"10:03:01","SZ","NB",5271266864,5351831948,10623098812,-80565084
20200525,"10:04:01","SH","NB",3300012132,3185272448,6485284580,114739684
20200525,"10:04:01","SZ","NB",5363633074,5442689785,10806322859,-79056711
20200525,"10:05:01","SZ","NB",5428043684,5565242303,10993285987,-137198619
20200525,"10:05:01","SH","NB",3346226835,3262093018,6608319853,84133817
20200525,"10:06:01","SH","NB",3377249200,3314394835,6691644035,62854365
20200525,"10:06:01","SZ","NB",5509881449,5657609219,11167490668,-147727770
20200525,"10:07:01","SH","NB",3428652738,3348746840,6777399578,79905898
20200525,"10:07:01","SZ","NB",5598542369,5712509307,11311051676,-113966938
20200525,"10:08:01","SH","NB",3496103135,3384628022,6880731157,111475113
20200525,"10:08:01","SZ","NB",5708198961,5775935013,11484133974,-67736052
20200525,"10:09:01","SH","NB",3545466697,3422292296,6967758993,123174401
20200525,"10:09:01","SZ","NB",5766630323,5855005812,11621636135,-88375489
20200525,"10:10:01","SH","NB",3587640617,3477436692,7065077309,110203925
20200525,"10:10:01","SZ","NB",5824893034,5948829591,11773722625,-123936557
20200525,"10:11:01","SH","NB",3618103820,3564788042,7182891862,53315778
20200525,"10:11:01","SZ","NB",5889326156,6072802042,11962128198,-183475886
20200525,"10:12:01","SH","NB",3655158388,3652706070,7307864458,2452318
20200525,"10:12:01","SZ","NB",5955756075,6207114849,12162870924,-251358774
20200525,"10:13:01","SH","NB",3712868440,3694291442,7407159882,18576998
20200525,"10:13:01","SZ","NB",6077994115,6288285958,12366280073,-210291843
20200525,"10:14:01","SH","NB",3745904629,3723814679,7469719308,22089950
20200525,"10:14:01","SZ","NB",6147069167,6330078060,12477147227,-183008893
20200525,"10:15:01","SZ","NB",6208506345,6402319133,12610825478,-193812788
20200525,"10:15:01","SH","NB",3777502250,3767381626,7544883876,10120624
20200525,"10:16:01","SH","NB",3810559566,3815491892,7626051458,-4932326
20200525,"10:16:01","SZ","NB",6274481885,6476873109,12751354994,-202391224
20200525,"10:17:01","SH","NB",3847264453,3848539904,7695804357,-1275451
20200525,"10:17:01","SZ","NB",6361555342,6532180135,12893735477,-170624793
20200525,"10:18:01","SH","NB",3876502565,3878362867,7754865432,-1860302
20200525,"10:18:01","SZ","NB",6432961671,6584926794,13017888465,-151965123
20200525,"10:19:01","SH","NB",3978659202,3910862928,7889522130,67796274
20200525,"10:19:01","SZ","NB",6613277181,6621989944,13235267125,-8712763
20200525,"10:20:01","SH","NB",4014492623,3937628892,7952121515,76863731
20200525,"10:20:01","SZ","NB",6678341710,6656863847,13335205557,21477863
20200525,"10:21:01","SZ","NB",6777622731,6713779020,13491401751,63843711
20200525,"10:21:01","SH","NB",4063472211,3970733680,8034205891,92738531
20200525,"10:22:01","SH","NB",4107123771,4004266386,8111390157,102857385
20200525,"10:22:01","SZ","NB",6839679354,6771660903,13611340257,68018451
20200525,"10:23:01","SH","NB",4137217634,4064293135,8201510769,72924499
20200525,"10:23:01","SZ","NB",6887815934,6876647651,13764463585,11168283
20200525,"10:24:01","SH","NB",4171790096,4110360717,8282150813,61429379
20200525,"10:24:01","SZ","NB",6944667678,6965666402,13910334080,-20998724
20200525,"10:25:01","SH","NB",4199267697,4146986776,8346254473,52280921
20200525,"10:25:01","SZ","NB",6996126888,7020476923,14016603811,-24350035
20200525,"10:26:01","SH","NB",4255882001,4176864144,8432746145,79017857
20200525,"10:26:01","SZ","NB",7082615759,7054571601,14137187360,28044158
20200525,"10:27:01","SH","NB",4298306796,4204809400,8503116196,93497396
20200525,"10:27:01","SZ","NB",7130602091,7103671372,14234273463,26930719
20200525,"10:28:01","SH","NB",4342143881,4243045685,8585189566,99098196
20200525,"10:28:01","SZ","NB",7172229646,7157382145,14329611791,14847501
20200525,"10:29:01","SZ","NB",7223107844,7202359275,14425467119,20748569
20200525,"10:29:01","SH","NB",4373607358,4266985703,8640593061,106621655
20200525,"10:30:01","SH","NB",4440031224,4300909614,8740940838,139121610
20200525,"10:30:01","SZ","NB",7339405787,7260353327,14599759114,79052460
20200525,"10:31:01","SH","NB",4470513040,4383041182,8853554222,87471858
20200525,"10:31:01","SZ","NB",7383659026,7371121331,14754780357,12537695
20200525,"10:32:01","SH","NB",4504961888,4420889280,8925851168,84072608
20200525,"10:32:01","SZ","NB",7448001450,7422147847,14870149297,25853603
20200525,"10:33:01","SH","NB",4525789937,4457999681,8983789618,67790256
20200525,"10:33:01","SZ","NB",7495802218,7479079517,14974881735,16722701
20200525,"10:34:01","SH","NB",4560244779,4490515192,9050759971,69729587
20200525,"10:34:01","SZ","NB",7563645193,7524067983,15087713176,39577210
20200525,"10:35:01","SH","NB",4591839798,4516829159,9108668957,75010639
20200525,"10:35:01","SZ","NB",7622941692,7557155975,15180097667,65785717
20200525,"10:36:01","SH","NB",4617130355,4557900976,9175031331,59229379
20200525,"10:36:01","SZ","NB",7662324279,7619696940,15282021219,42627339
20200525,"10:37:01","SZ","NB",7703580689,7678496857,15382077546,25083832
20200525,"10:37:01","SH","NB",4640345239,4600777919,9241123158,39567320
20200525,"10:38:01","SH","NB",4668757831,4650636764,9319394595,18121067
20200525,"10:38:01","SZ","NB",7752221312,7760193310,15512414622,-7971998
20200525,"10:39:01","SH","NB",4698884842,4689090703,9387975545,9794139
20200525,"10:39:01","SZ","NB",7816464488,7824674675,15641139163,-8210187
20200525,"10:40:01","SH","NB",4760213376,4729871392,9490084768,30341984
20200525,"10:40:01","SZ","NB",7908232789,7876966710,15785199499,31266079
20200525,"10:41:01","SH","NB",4832963796,4760332574,9593296370,72631222
20200525,"10:41:01","SZ","NB",8026088980,7945880243,15971969223,80208737
20200525,"10:42:01","SZ","NB",8070075644,8013595951,16083671595,56479693
20200525,"10:42:01","SH","NB",4861890260,4800548475,9662438735,61341785
20200525,"10:43:01","SH","NB",4888430819,4888683031,9777113850,-252212
20200525,"10:43:01","SZ","NB",8105043866,8125700127,16230743993,-20656261
20200525,"10:44:01","SH","NB",4961669414,4926797230,9888466644,34872184
20200525,"10:44:01","SZ","NB",8210556858,8173616830,16384173688,36940028
20200525,"10:45:01","SH","NB",4995624682,4954272341,9949897023,41352341
20200525,"10:45:01","SZ","NB",8252061610,8207799242,16459860852,44262368
20200525,"10:46:01","SH","NB",5075283708,4977497141,10052780849,97786567
20200525,"10:46:01","SZ","NB",8355118640,8250325705,16605444345,104792935
20200525,"10:47:01","SZ","NB",8419081428,8280223104,16699304532,138858324
20200525,"10:47:01","SH","NB",5120026180,4997312091,10117338271,122714089
20200525,"10:48:01","SH","NB",5142005913,5037442692,10179448605,104563221
20200525,"10:48:01","SZ","NB",8458538428,8331844595,16790383023,126693833
20200525,"10:49:01","SH","NB",5165286340,5076844711,10242131051,88441629
20200525,"10:49:01","SZ","NB",8480803272,8373680382,16854483654,107122890
20200525,"10:50:01","SH","NB",5196227786,5104107789,10300335575,92119997
20200525,"10:50:01","SZ","NB",8524724212,8411076229,16935800441,113647983
20200525,"10:51:01","SH","NB",5296432948,5132216829,10428649777,164216119
20200525,"10:51:01","SZ","NB",8633055809,8445055647,17078111456,188000162
20200525,"10:52:01","SH","NB",5364830665,5159554161,10524384826,205276504
20200525,"10:52:01","SZ","NB",8726486189,8484059502,17210545691,242426687
20200525,"10:53:01","SH","NB",5397715567,5183915110,10581630677,213800457
20200525,"10:53:01","SZ","NB",8792356187,8526607930,17318964117,265748257
20200525,"10:54:01","SH","NB",5434839101,5213481783,10648320884,221357318
20200525,"10:54:01","SZ","NB",8823857742,8564459710,17388317452,259398032
20200525,"10:55:01","SH","NB",5510724922,5235331204,10746056126,275393718
20200525,"10:55:01","SZ","NB",8905796028,8596691471,17502487499,309104557
20200525,"10:56:01","SH","NB",5545506789,5271994987,10817501776,273511802
20200525,"10:56:01","SZ","NB",8936669338,8642088799,17578758137,294580539
20200525,"10:57:01","SZ","NB",9022612326,8673144639,17695756965,349467687
20200525,"10:57:01","SH","NB",5596894189,5292509462,10889403651,304384727
20200525,"10:58:03","SH","NB",5621894490,5317010330,10938904820,304884160
20200525,"10:58:03","SZ","NB",9047798640,8729893774,17777692414,317904866
20200525,"10:59:01","SH","NB",5644275760,5338643894,10982919654,305631866
20200525,"10:59:01","SZ","NB",9076541761,8762089712,17838631473,314452049
20200525,"11:00:01","SH","NB",5665996295,5356760180,11022756475,309236115
20200525,"11:00:01","SZ","NB",9109852512,8796578437,17906430949,313274075
20200525,"11:01:01","SH","NB",5700493346,5391706094,11092199440,308787252
20200525,"11:01:01","SZ","NB",9158294153,8851442477,18009736630,306851676
20200525,"11:02:01","SH","NB",5776655578,5422227327,11198882905,354428251
20200525,"11:02:01","SZ","NB",9259364959,8888407868,18147772827,370957091
20200525,"11:03:01","SZ","NB",9333997138,8942859127,18276856265,391138011
20200525,"11:03:01","SH","NB",5841109814,5452522119,11293631933,388587695
20200525,"11:04:01","SH","NB",5874220970,5482516935,11356737905,391704035
20200525,"11:04:01","SZ","NB",9369534413,8986251551,18355785964,383282862
20200525,"11:05:01","SH","NB",5909336937,5508500907,11417837844,400836030
20200525,"11:05:01","SZ","NB",9412533687,9028547381,18441081068,383986306
20200525,"11:06:01","SH","NB",5940945313,5529264496,11470209809,411680817
20200525,"11:06:01","SZ","NB",9456962642,9066961897,18523924539,390000745
20200525,"11:07:01","SH","NB",5966249140,5556068583,11522317723,410180557
20200525,"11:07:01","SZ","NB",9494028816,9103105948,18597134764,390922868
20200525,"11:08:01","SH","NB",6022008661,5579970532,11601979193,442038129
20200525,"11:08:01","SZ","NB",9548130876,9129367039,18677497915,418763837
20200525,"11:09:01","SH","NB",6048232022,5598212237,11646444259,450019785
20200525,"11:09:01","SZ","NB",9581025070,9154994173,18736019243,426030897
20200525,"11:10:01","SZ","NB",9609666317,9192335848,18802002165,417330469
20200525,"11:10:01","SH","NB",6078528729,5627535239,11706063968,450993490
20200525,"11:11:01","SH","NB",6112609533,5666163117,11778772650,446446416
20200525,"11:11:01","SZ","NB",9641186789,9268850662,18910037451,372336127
20200525,"11:12:01","SH","NB",6142080925,5684839222,11826920147,457241703
20200525,"11:12:01","SZ","NB",9684651168,9294321016,18978972184,390330152
20200525,"11:13:01","SH","NB",6165710272,5712474477,11878184749,453235795
20200525,"11:13:01","SZ","NB",9709275872,9334051162,19043327034,375224710
20200525,"11:14:01","SH","NB",6207115494,5731792199,11938907693,475323295
20200525,"11:14:01","SZ","NB",9757147727,9367646251,19124793978,389501476
20200525,"11:15:01","SH","NB",6278408019,5749459442,12027867461,528948577
20200525,"11:15:01","SZ","NB",9847288652,9393610056,19240898708,453678596
20200525,"11:16:01","SH","NB",6304670583,5778533740,12083204323,526136843
20200525,"11:16:01","SZ","NB",9880797505,9428161584,19308959089,452635921
20200525,"11:17:01","SH","NB",6324761456,5801876560,12126638016,522884896
20200525,"11:17:01","SZ","NB",9910688745,9466790591,19377479336,443898154
20200525,"11:18:01","SH","NB",6344219907,5824047262,12168267169,520172645
20200525,"11:18:01","SZ","NB",9934164045,9497885115,19432049160,436278930
20200525,"11:19:01","SH","NB",6361347070,5865628983,12226976053,495718087
20200525,"11:19:01","SZ","NB",9954836828,9560778161,19515614989,394058667
20200525,"11:20:01","SZ","NB",9977800650,9609149993,19586950643,368650657
20200525,"11:20:01","SH","NB",6387447381,5904597663,12292045044,482849718
20200525,"11:21:01","SH","NB",6417755571,5935841510,12353597081,481914061
20200525,"11:21:01","SZ","NB",10013884684,9655866002,19669750686,358018682
20200525,"11:22:01","SH","NB",6442632182,5970933258,12413565440,471698924
20200525,"11:22:01","SZ","NB",10043111397,9706561301,19749672698,336550096
20200525,"11:23:01","SH","NB",6481688672,6005785796,12487474468,475902876
20200525,"11:23:01","SZ","NB",10079325767,9759086654,19838412421,320239113
20200525,"11:24:01","SH","NB",6511876944,6029382584,12541259528,482494360
20200525,"11:24:01","SZ","NB",10109133900,9785067614,19894201514,324066286
20200525,"11:25:01","SH","NB",6532628474,6051841644,12584470118,480786830
20200525,"11:25:01","SZ","NB",10138121508,9812956346,19951077854,325165162
20200525,"11:26:01","SH","NB",6563149552,6071711406,12634860958,491438146
20200525,"11:26:01","SZ","NB",10177526595,9833518124,20011044719,344008471
20200525,"11:27:01","SH","NB",6589246268,6088990177,12678236445,500256091
20200525,"11:27:01","SZ","NB",10204197048,9851982083,20056179131,352214965
20200525,"11:28:01","SH","NB",6611819038,6105283336,12717102374,506535702
20200525,"11:28:01","SZ","NB",10222042753,9877169900,20099212653,344872853
20200525,"11:29:01","SH","NB",6632415341,6132139405,12764554746,500275936
20200525,"11:29:01","SZ","NB",10241735242,9897002298,20138737540,344732944
20200525,"11:30:01","SZ","NB",10266372881,9917751930,20184124811,348620951
20200525,"11:30:01","SH","NB",6654473005,6149500663,12803973668,504972342
20200525,"11:31:01","SH","NB",6654547182,6149502570,12804049752,505044612
20200525,"13:00:01","SZ","NB",10274352105,9929064050,20203416155,345288055
20200525,"13:01:01","SH","NB",6716351003,6214605296,12930956299,501745707
20200525,"13:01:01","SZ","NB",10361666929,10023376560,20385043489,338290369
20200525,"13:02:01","SH","NB",6777359723,6257326295,13034686018,520033428
20200525,"13:02:01","SZ","NB",10454704501,10067373247,20522077748,387331254
20200525,"13:03:01","SH","NB",6867702568,6295830670,13163533238,571871898
20200525,"13:03:01","SZ","NB",10536343882,10111762373,20648106255,424581509
20200525,"13:04:01","SZ","NB",10594868356,10171720047,20766588403,423148309
20200525,"13:04:01","SH","NB",6903154684,6328177588,13231332272,574977096
20200525,"13:05:01","SH","NB",6933915409,6355150147,13289065556,578765262
20200525,"13:05:01","SZ","NB",10645437236,10216559468,20861996704,428877768
20200525,"13:06:01","SH","NB",6992228603,6383954686,13376183289,608273917
20200525,"13:06:01","SZ","NB",10692314823,10246611609,20938926432,445703214
20200525,"13:07:01","SH","NB",7038852864,6405177558,13444030422,633675306
20200525,"13:07:01","SZ","NB",10753761093,10281563730,21035324823,472197363
20200525,"13:08:01","SH","NB",7078132133,6428715686,13506847819,649416447
20200525,"13:08:01","SZ","NB",10809008534,10319309259,21128317793,489699275
20200525,"13:09:01","SH","NB",7111853979,6453772043,13565626022,658081936
20200525,"13:09:01","SZ","NB",10850799420,10354141615,21204941035,496657805
20200525,"13:10:01","SH","NB",7146757087,6489772432,13636529519,656984655
20200525,"13:10:01","SZ","NB",10896447807,10388628819,21285076626,507818988
20200525,"13:11:01","SH","NB",7194113045,6545117460,13739230505,648995585
20200525,"13:11:01","SZ","NB",10953963231,10462169620,21416132851,491793611
20200525,"13:12:01","SH","NB",7237023886,6574158445,13811182331,662865441
20200525,"13:12:01","SZ","NB",11015403327,10493854081,21509257408,521549246
20200525,"13:13:01","SH","NB",7276195046,6595358627,13871553673,680836419
20200525,"13:13:01","SZ","NB",11060640447,10523551619,21584192066,537088828
20200525,"13:14:01","SZ","NB",11138682388,10552553181,21691235569,586129207
20200525,"13:14:01","SH","NB",7332808645,6614533635,13947342280,718275010
20200525,"13:15:01","SH","NB",7366047950,6640658445,14006706395,725389505
20200525,"13:15:01","SZ","NB",11192866180,10590304747,21783170927,602561433
20200525,"13:16:01","SZ","NB",11229773543,10627116444,21856889987,602657099
20200525,"13:16:01","SH","NB",7397813715,6675765617,14073579332,722048098
20200525,"13:17:01","SH","NB",7425690260,6700190410,14125880670,725499850
20200525,"13:17:01","SZ","NB",11260438489,10658108680,21918547169,602329809
20200525,"13:18:01","SH","NB",7448342110,6720382348,14168724458,727959762
20200525,"13:18:01","SZ","NB",11291031965,10679725966,21970757931,611305999
20200525,"13:19:01","SH","NB",7493164795,6741506400,14234671195,751658395
20200525,"13:19:01","SZ","NB",11343401527,10701736844,22045138371,641664683
20200525,"13:20:01","SH","NB",7523302349,6771506683,14294809032,751795666
20200525,"13:20:01","SZ","NB",11376408948,10734705263,22111114211,641703685
20200525,"13:21:01","SH","NB",7553502053,6806654590,14360156643,746847463
20200525,"13:21:01","SZ","NB",11425293522,10785767581,22211061103,639525941
20200525,"13:22:01","SH","NB",7582569665,6858806514,14441376179,723763151
20200525,"13:22:01","SZ","NB",11458848209,10871646885,22330495094,587201324
20200525,"13:23:01","SH","NB",7618220660,6888220384,14506441044,730000276
20200525,"13:23:01","SZ","NB",11496247315,10902671416,22398918731,593575899
20200525,"13:24:01","SH","NB",7645413846,6914258866,14559672712,731154980
20200525,"13:24:01","SZ","NB",11536312832,10932999162,22469311994,603313670
20200525,"13:25:01","SH","NB",7666771646,6944664160,14611435806,722107486
20200525,"13:25:01","SZ","NB",11563679192,10958606758,22522285950,605072434
20200525,"13:26:01","SZ","NB",11589761048,10989286162,22579047210,600474886
20200525,"13:26:01","SH","NB",7690465078,6981543665,14672008743,708921413
20200525,"13:27:01","SH","NB",7711677702,7010845474,14722523176,700832228
20200525,"13:27:01","SZ","NB",11627452270,11028752814,22656205084,598699456
20200525,"13:28:01","SH","NB",7735948608,7040781976,14776730584,695166632
20200525,"13:28:01","SZ","NB",11655465603,11065239053,22720704656,590226550
20200525,"13:29:01","SH","NB",7763492761,7068784593,14832277354,694708168
20200525,"13:29:01","SZ","NB",11687479696,11104332507,22791812203,583147189
20200525,"13:30:01","SH","NB",7795061893,7096735941,14891797834,698325952
20200525,"13:30:01","SZ","NB",11717230810,11139670395,22856901205,577560415
20200525,"13:31:01","SZ","NB",11794926993,11179049349,22973976342,615877644
20200525,"13:31:01","SH","NB",7852655187,7126425526,14979080713,726229661
20200525,"13:32:01","SH","NB",7892444905,7154375576,15046820481,738069329
20200525,"13:32:01","SZ","NB",11833129026,11214383449,23047512475,618745577
20200525,"13:33:01","SH","NB",7929302212,7178592706,15107894918,750709506
20200525,"13:33:01","SZ","NB",11889835075,11242945712,23132780787,646889363
20200525,"13:34:01","SH","NB",7951754292,7202588561,15154342853,749165731
20200525,"13:34:01","SZ","NB",11923128016,11285216486,23208344502,637911530
20200525,"13:35:01","SH","NB",7975452508,7233251076,15208703584,742201432
20200525,"13:35:01","SZ","NB",11949861312,11319572394,23269433706,630288918
20200525,"13:36:01","SH","NB",7998085387,7285127922,15283213309,712957465
20200525,"13:36:01","SZ","NB",11984179352,11393990878,23378170230,590188474
20200525,"13:37:01","SZ","NB",12011706063,11428948174,23440654237,582757889
20200525,"13:37:01","SH","NB",8019201945,7320779947,15339981892,698421998
20200525,"13:38:01","SH","NB",8038547004,7343475814,15382022818,695071190
20200525,"13:38:01","SZ","NB",12037201708,11462004934,23499206642,575196774
20200525,"13:39:01","SH","NB",8067697878,7375019365,15442717243,692678513
20200525,"13:39:01","SZ","NB",12063953631,11494607526,23558561157,569346105
20200525,"13:40:01","SH","NB",8097154878,7414793379,15511948257,682361499
20200525,"13:40:01","SZ","NB",12095464079,11531278200,23626742279,564185879
20200525,"13:41:01","SZ","NB",12141838127,11625325791,23767163918,516512336
20200525,"13:41:01","SH","NB",8139538672,7506191855,15645730527,633346817
20200525,"13:42:01","SH","NB",8172512912,7533889795,15706402707,638623117
20200525,"13:42:01","SZ","NB",12184927242,11658142634,23843069876,526784608
20200525,"13:43:01","SH","NB",8212684148,7554727492,15767411640,657956656
20200525,"13:43:01","SZ","NB",12227154206,11683980832,23911135038,543173374
20200525,"13:44:01","SH","NB",8237234672,7570707665,15807942337,666527007
20200525,"13:44:01","SZ","NB",12260470678,11708565773,23969036451,551904905
20200525,"13:45:01","SH","NB",8269515975,7591380290,15860896265,678135685
20200525,"13:45:01","SZ","NB",12296981264,11733218551,24030199815,563762713
20200525,"13:46:01","SH","NB",8298949118,7615149642,15914098760,683799476
20200525,"13:46:01","SZ","NB",12323841566,11759681127,24083522693,564160439
20200525,"13:47:01","SH","NB",8323682982,7643147712,15966830694,680535270
20200525,"13:47:01","SZ","NB",12356279929,11794468333,24150748262,561811596
20200525,"13:48:01","SZ","NB",12391813027,11820191407,24212004434,571621620
20200525,"13:48:01","SH","NB",8349065838,7664227031,16013292869,684838807
20200525,"13:49:01","SH","NB",8370272282,7688263986,16058536268,682008296
20200525,"13:49:01","SZ","NB",12420052196,11843818570,24263870766,576233626
20200525,"13:50:01","SH","NB",8400274616,7709062789,16109337405,691211827
20200525,"13:50:01","SZ","NB",12454940890,11877948392,24332889282,576992498
20200525,"13:51:01","SH","NB",8433600855,7745088667,16178689522,688512188
20200525,"13:51:01","SZ","NB",12493834746,11936471101,24430305847,557363645
20200525,"13:52:01","SH","NB",8474134065,7775975844,16250109909,698158221
20200525,"13:52:01","SZ","NB",12558041868,11985628207,24543670075,572413661
20200525,"13:53:01","SH","NB",8504751843,7801372658,16306124501,703379185
20200525,"13:53:01","SZ","NB",12592836605,12016722526,24609559131,576114079
20200525,"13:54:01","SH","NB",8531768575,7820792004,16352560579,710976571
20200525,"13:54:01","SZ","NB",12626454200,12040443293,24666897493,586010907
20200525,"13:55:01","SH","NB",8559844241,7837696059,16397540300,722148182
20200525,"13:55:01","SZ","NB",12663750040,12062967352,24726717392,600782688
20200525,"13:56:01","SH","NB",8614180019,7860372658,16474552677,753807361
20200525,"13:56:01","SZ","NB",12734050633,12087277532,24821328165,646773101
20200525,"13:57:01","SZ","NB",12773200073,12114481761,24887681834,658718312
20200525,"13:57:01","SH","NB",8646908233,7879346029,16526254262,767562204
20200525,"13:58:01","SH","NB",8669392840,7903663374,16573056214,765729466
20200525,"13:58:01","SZ","NB",12802209838,12142115968,24944325806,660093870
20200525,"13:59:01","SH","NB",8689727974,7921501912,16611229886,768226062
20200525,"13:59:01","SZ","NB",12828798012,12168681565,24997479577,660116447
20200525,"14:00:01","SH","NB",8721248833,7938629400,16659878233,782619433
20200525,"14:00:01","SZ","NB",12856936350,12192978015,25049914365,663958335
20200525,"14:01:01","SH","NB",8773830338,7959416016,16733246354,814414322
20200525,"14:01:01","SZ","NB",12907464742,12231337636,25138802378,676127106
20200525,"14:02:01","SH","NB",8846571590,7990539831,16837111421,856031759
20200525,"14:02:01","SZ","NB",12977002659,12264636619,25241639278,712366040
20200525,"14:03:01","SH","NB",8869710435,8019912195,16889622630,849798240
20200525,"14:03:01","SZ","NB",13016259994,12295060898,25311320892,721199096
20200525,"14:04:01","SH","NB",8890479615,8043320308,16933799923,847159307
20200525,"14:04:01","SZ","NB",13045691512,12333749272,25379440784,711942240
20200525,"14:05:01","SH","NB",8912801010,8074184165,16986985175,838616845
20200525,"14:05:01","SZ","NB",13083163779,12382783455,25465947234,700380324
20200525,"14:06:01","SH","NB",8945118323,8097448190,17042566513,847670133
20200525,"14:06:01","SZ","NB",13132997664,12408565887,25541563551,724431777
20200525,"14:07:01","SZ","NB",13170439863,12435094213,25605534076,735345650
20200525,"14:07:01","SH","NB",8973804478,8119098167,17092902645,854706311
20200525,"14:08:01","SH","NB",9007129588,8138439094,17145568682,868690494
20200525,"14:08:01","SZ","NB",13208964432,12458314740,25667279172,750649692
20200525,"14:09:01","SH","NB",9027858819,8163699535,17191558354,864159284
20200525,"14:09:01","SZ","NB",13249377073,12500830414,25750207487,748546659
20200525,"14:10:01","SH","NB",9051153048,8191491896,17242644944,859661152
20200525,"14:10:01","SZ","NB",13273311563,12536704310,25810015873,736607253
20200525,"14:11:01","SH","NB",9083549629,8274786526,17358336155,808763103
20200525,"14:11:01","SZ","NB",13317196290,12672741388,25989937678,644454902
20200525,"14:12:01","SH","NB",9123573971,8309510857,17433084828,814063114
20200525,"14:12:01","SZ","NB",13357757475,12710611467,26068368942,647146008
20200525,"14:13:01","SH","NB",9181296135,8337768091,17519064226,843528044
20200525,"14:13:01","SZ","NB",13415297581,12741773279,26157070860,673524302
20200525,"14:14:01","SZ","NB",13502759900,12784220964,26286980864,718538936
20200525,"14:14:01","SH","NB",9259857362,8364840200,17624697562,895017162
20200525,"14:15:01","SH","NB",9288142637,8387569794,17675712431,900572843
20200525,"14:15:01","SZ","NB",13534671760,12821590392,26356262152,713081368
20200525,"14:16:01","SH","NB",9319900442,8408586986,17728487428,911313456
20200525,"14:16:01","SZ","NB",13576559461,12845317594,26421877055,731241867
20200525,"14:17:01","SH","NB",9339777537,8435126186,17774903723,904651351
20200525,"14:17:01","SZ","NB",13608753123,12879220845,26487973968,729532278
20200525,"14:18:01","SH","NB",9392864060,8459326353,17852190413,933537707
20200525,"14:18:01","SZ","NB",13666462652,12908211704,26574674356,758250948
20200525,"14:19:01","SH","NB",9422494972,8477067896,17899562868,945427076
20200525,"14:19:01","SZ","NB",13705593251,12941550472,26647143723,764042779
20200525,"14:20:01","SH","NB",9457522589,8503109713,17960632302,954412876
20200525,"14:20:01","SZ","NB",13743120524,12977538402,26720658926,765582122
20200525,"14:21:01","SH","NB",9517993219,8551643099,18069636318,966350120
20200525,"14:21:01","SZ","NB",13795380486,13043223569,26838604055,752156917
20200525,"14:22:01","SH","NB",9550402730,8578609909,18129012639,971792821
20200525,"14:22:01","SZ","NB",13828915612,13083717888,26912633500,745197724
20200525,"14:23:01","SH","NB",9588002946,8616068922,18204071868,971934024
20200525,"14:23:01","SZ","NB",13882730079,13132503071,27015233150,750227008
20200525,"14:24:01","SZ","NB",13971392978,13165095697,27136488675,806297281
20200525,"14:24:01","SH","NB",9677980438,8646694771,18324675209,1031285667
20200525,"14:25:01","SH","NB",9707584855,8669028145,18376613000,1038556710
20200525,"14:25:01","SZ","NB",14018122129,13196715727,27214837856,821406402
20200525,"14:26:01","SH","NB",9738609752,8695782670,18434392422,1042827082
20200525,"14:26:01","SZ","NB",14052703099,13234725899,27287428998,817977200
20200525,"14:27:01","SH","NB",9781995843,8717374788,18499370631,1064621055
20200525,"14:27:01","SZ","NB",14099359623,13264364817,27363724440,834994806
20200525,"14:28:01","SH","NB",9849037274,8746074925,18595112199,1102962349
20200525,"14:28:01","SZ","NB",14179236411,13299975941,27479212352,879260470
20200525,"14:29:01","SH","NB",9886195363,8780355030,18666550393,1105840333
20200525,"14:29:01","SZ","NB",14229151667,13342259817,27571411484,886891850
20200525,"14:30:01","SH","NB",9911501343,8811085014,18722586357,1100416329
20200525,"14:30:01","SZ","NB",14264263845,13390106282,27654370127,874157563
20200525,"14:31:01","SZ","NB",14337221956,13447041088,27784263044,890180868
20200525,"14:31:01","SH","NB",9960257964,8847369393,18807627357,1112888571
20200525,"14:32:01","SH","NB",10000532099,8880151517,18880683616,1120380582
20200525,"14:32:01","SZ","NB",14397015928,13500847868,27897863796,896168060
20200525,"14:33:01","SH","NB",10084796810,8915634805,19000431615,1169162005
20200525,"14:33:01","SZ","NB",14458577242,13538858945,27997436187,919718297
20200525,"14:34:01","SH","NB",10136261684,8946504757,19082766441,1189756927
20200525,"14:34:01","SZ","NB",14506651677,13581711955,28088363632,924939722
20200525,"14:35:01","SH","NB",10164207456,8974891660,19139099116,1189315796
20200525,"14:35:01","SZ","NB",14555112734,13629116177,28184228911,925996557
20200525,"14:36:01","SH","NB",10199890023,9040723874,19240613897,1159166149
20200525,"14:36:01","SZ","NB",14600871730,13702861901,28303733631,898009829
20200525,"14:37:01","SZ","NB",14656434479,13770646061,28427080540,885788418
20200525,"14:37:01","SH","NB",10239523316,9083896311,19323419627,1155627005
20200525,"14:38:01","SH","NB",10277515541,9109074770,19386590311,1168440771
20200525,"14:38:01","SZ","NB",14702312016,13800360306,28502672322,901951710
20200525,"14:39:01","SZ","NB",14768296254,13836731049,28605027303,931565205
20200525,"14:39:01","SH","NB",10341205272,9142083243,19483288515,1199122029
20200525,"14:40:01","SH","NB",10388471345,9178683066,19567154411,1209788279
20200525,"14:40:01","SZ","NB",14826674953,13874377922,28701052875,952297031
20200525,"14:41:01","SH","NB",10442268182,9241123021,19683391203,1201145161
20200525,"14:41:01","SZ","NB",14893597594,13981669750,28875267344,911927844
20200525,"14:42:01","SH","NB",10478064268,9289512662,19767576930,1188551606
20200525,"14:42:01","SZ","NB",14944357406,14031089662,28975447068,913267744
20200525,"14:43:01","SH","NB",10512224723,9341963571,19854188294,1170261152
20200525,"14:43:01","SZ","NB",14998208022,14098373369,29096581391,899834653
20200525,"14:44:01","SH","NB",10546086022,9380416588,19926502610,1165669434
20200525,"14:44:01","SZ","NB",15047975417,14141827988,29189803405,906147429
20200525,"14:45:01","SH","NB",10577261884,9419594526,19996856410,1157667358
20200525,"14:45:01","SZ","NB",15102870325,14187932651,29290802976,914937674
20200525,"14:46:01","SH","NB",10609374091,9456147358,20065521449,1153226733
20200525,"14:46:01","SZ","NB",15149977893,14227820397,29377798290,922157496
20200525,"14:47:01","SH","NB",10635089520,9503681366,20138770886,1131408154
20200525,"14:47:01","SZ","NB",15186956096,14285260373,29472216469,901695723
20200525,"14:48:01","SH","NB",10669834303,9543275395,20213109698,1126558908
20200525,"14:48:01","SZ","NB",15229841181,14331189313,29561030494,898651868
20200525,"14:49:01","SZ","NB",15280047432,14372918242,29652965674,907129190
20200525,"14:49:01","SH","NB",10708244711,9588876989,20297121700,1119367722
20200525,"14:50:01","SH","NB",10751669485,9623027581,20374697066,1128641904
20200525,"14:50:01","SZ","NB",15329054779,14411723144,29740777923,917331635
20200525,"14:51:01","SZ","NB",15421873027,14512963598,29934836625,908909429
20200525,"14:51:01","SH","NB",10813515903,9696005589,20509521492,1117510314
20200525,"14:52:01","SH","NB",10873360938,9734664930,20608025868,1138696008
20200525,"14:52:01","SZ","NB",15495104242,14572498890,30067603132,922605352
20200525,"14:53:01","SH","NB",10929144589,9772770965,20701915554,1156373624
20200525,"14:53:01","SZ","NB",15585660792,14632319383,30217980175,953341409
20200525,"14:54:01","SH","NB",10978311735,9829342073,20807653808,1148969662
20200525,"14:54:01","SZ","NB",15650222332,14714864650,30365086982,935357682
20200525,"14:55:01","SH","NB",11029407113,9879539952,20908947065,1149867161
20200525,"14:55:01","SZ","NB",15712820763,14788885458,30501706221,923935305
20200525,"14:56:01","SH","NB",11092581073,9958352066,21050933139,1134229007
20200525,"14:56:01","SZ","NB",15800112272,14899460564,30699572836,900651708
20200525,"14:57:01","SH","NB",11134726114,10007510818,21142236932,1127215296
20200525,"14:57:01","SZ","NB",15866823091,14980371442,30847194533,886451649
20200525,"14:58:01","SH","NB",11137915212,10008807297,21146722509,1129107915
20200525,"14:58:01","SZ","NB",15868311161,14983675816,30851986977,884635345
20200525,"15:00:01","SZ","NB",15961933386,15050804257,31012737643,911129129
20200525,"15:01:01","SH","NB",11356317159,10122474056,21478791215,1233843103
20200525,"15:01:01","SZ","NB",16070820491,15159363771,31230184262,911456720
