dataDate,dataTime,connectMarket,tradeDirection,buyTurnover,sellTurnover,totalTurnover,netTurnover
20200923,"09:30:01","SH","NB",86591334,192901877,279493211,-106310543
20200923,"09:30:01","SZ","NB",155770116,251244641,407014757,-95474525
20200923,"09:31:01","SH","NB",316216400,590858312,907074712,-274641912
20200923,"09:31:01","SZ","NB",485526497,1058919751,1544446248,-573393254
20200923,"09:32:01","SH","NB",499634403,796033611,1295668014,-296399208
20200923,"09:32:01","SZ","NB",851282890,1516924907,2368207797,-665642017
20200923,"09:33:01","SH","NB",662916969,958174652,1621091621,-295257683
20200923,"09:33:01","SZ","NB",1157906422,1822849710,2980756132,-664943288
20200923,"09:34:01","SH","NB",827571055,1147531539,1975102594,-319960484
20200923,"09:34:01","SZ","NB",1447389431,2134438403,3581827834,-687048972
20200923,"09:35:01","SH","NB",1022929091,1310413434,2333342525,-287484343
20200923,"09:35:01","SZ","NB",1709766366,2403643655,4113410021,-693877289
20200923,"09:36:01","SH","NB",1270184580,1473919014,2744103594,-203734434
20200923,"09:36:01","SZ","NB",2103033179,2722395444,4825428623,-619362265
20200923,"09:37:01","SZ","NB",2482659550,3083683357,5566342907,-601023807
20200923,"09:37:01","SH","NB",1501953821,1642494355,3144448176,-140540534
20200923,"09:38:01","SH","NB",1602336946,1802665034,3405001980,-200328088
20200923,"09:38:01","SZ","NB",2678551168,3412304993,6090856161,-733753825
20200923,"09:39:01","SH","NB",1700009001,1889098047,3589107048,-189089046
20200923,"09:39:01","SZ","NB",2864284014,3638315919,6502599933,-774031905
20200923,"09:40:01","SH","NB",1779773485,1987770223,3767543708,-207996738
20200923,"09:40:01","SZ","NB",3011315797,3891765197,6903080994,-880449400
20200923,"09:41:01","SH","NB",1881349566,2120698475,4002048041,-239348909
20200923,"09:41:01","SZ","NB",3229579386,4191417609,7420996995,-961838223
20200923,"09:42:01","SH","NB",1970419447,2256757540,4227176987,-286338093
20200923,"09:42:01","SZ","NB",3398657272,4507949387,7906606659,-1109292115
20200923,"09:43:01","SH","NB",2078381465,2327205331,4405586796,-248823866
20200923,"09:43:01","SZ","NB",3626942288,4682821542,8309763830,-1055879254
20200923,"09:44:01","SH","NB",2151467370,2441360701,4592828071,-289893331
20200923,"09:44:01","SZ","NB",3785219942,4939118327,8724338269,-1153898385
20200923,"09:45:01","SZ","NB",4000460178,5083983061,9084443239,-1083522883
20200923,"09:45:01","SH","NB",2256154359,2517929936,4774084295,-261775577
20200923,"09:46:01","SH","NB",2334419963,2672454123,5006874086,-338034160
20200923,"09:46:01","SZ","NB",4175571884,5307498344,9483070228,-1131926460
20200923,"09:47:01","SH","NB",2537072323,2777742378,5314814701,-240670055
20200923,"09:47:01","SZ","NB",4539987031,5474857267,10014844298,-934870236
20200923,"09:48:01","SH","NB",2615721251,2853536657,5469257908,-237815406
20200923,"09:48:01","SZ","NB",4688327904,5603998506,10292326410,-915670602
20200923,"09:49:01","SH","NB",2711993713,2915944682,5627938395,-203950969
20200923,"09:49:01","SZ","NB",4843474479,5704476023,10547950502,-861001544
20200923,"09:50:01","SZ","NB",5000701495,5815984527,10816686022,-815283032
20200923,"09:50:01","SH","NB",2808050997,2973520498,5781571495,-165469501
20200923,"09:51:01","SH","NB",2896594226,3100112400,5996706626,-203518174
20200923,"09:51:01","SZ","NB",5145178540,6064225736,11209404276,-919047196
20200923,"09:52:01","SH","NB",2970651289,3172916912,6143568201,-202265623
20200923,"09:52:01","SZ","NB",5351306820,6181530656,11532837476,-830223836
20200923,"09:53:01","SH","NB",3029520470,3242197345,6271717815,-212676875
20200923,"09:53:01","SZ","NB",5461289649,6329930702,11791220351,-868641053
20200923,"09:54:01","SH","NB",3092727567,3328968668,6421696235,-236241101
20200923,"09:54:01","SZ","NB",5592853443,6460583658,12053437101,-867730215
20200923,"09:55:01","SH","NB",3222578890,3397725947,6620304837,-175147057
20200923,"09:55:01","SZ","NB",5810084201,6557339599,12367423800,-747255398
20200923,"09:56:01","SH","NB",3296527879,3459796458,6756324337,-163268579
20200923,"09:56:01","SZ","NB",5935623778,6681279057,12616902835,-745655279
20200923,"09:57:01","SH","NB",3379164332,3689922006,7069086338,-310757674
20200923,"09:57:01","SZ","NB",6126494736,6946495555,13072990291,-820000819
20200923,"09:58:01","SH","NB",3473908290,3743740110,7217648400,-269831820
20200923,"09:58:01","SZ","NB",6282591226,7036032001,13318623227,-753440775
20200923,"09:59:01","SH","NB",3532209563,3796352598,7328562161,-264143035
20200923,"09:59:01","SZ","NB",6382253345,7127118818,13509372163,-744865473
20200923,"10:00:01","SZ","NB",6482959564,7224340304,13707299868,-741380740
20200923,"10:00:01","SH","NB",3588771374,3864842908,7453614282,-276071534
20200923,"10:01:01","SH","NB",3694584132,3924738280,7619322412,-230154148
20200923,"10:01:01","SZ","NB",6767364280,7341087423,14108451703,-573723143
20200923,"10:02:01","SH","NB",3784304008,3968938321,7753242329,-184634313
20200923,"10:02:01","SZ","NB",6957951509,7444501686,14402453195,-486550177
20200923,"10:03:01","SH","NB",3932177407,4029832525,7962009932,-97655118
20200923,"10:03:01","SZ","NB",7174139034,7542495690,14716634724,-368356656
20200923,"10:04:01","SH","NB",3990615121,4137247940,8127863061,-146632819
20200923,"10:04:01","SZ","NB",7261122358,7708250239,14969372597,-447127881
20200923,"10:05:01","SH","NB",4069777158,4204146612,8273923770,-134369454
20200923,"10:05:01","SZ","NB",7359943896,7802462668,15162406564,-442518772
20200923,"10:06:01","SH","NB",4157735176,4413765737,8571500913,-256030561
20200923,"10:06:01","SZ","NB",7507578047,8191885654,15699463701,-684307607
20200923,"10:07:01","SH","NB",4212764228,4488302537,8701066765,-275538309
20200923,"10:07:01","SZ","NB",7622844402,8285428001,15908272403,-662583599
20200923,"10:08:01","SZ","NB",7690717988,8400792592,16091510580,-710074604
20200923,"10:08:01","SH","NB",4250206130,4575213323,8825419453,-325007193
20200923,"10:09:01","SH","NB",4290002451,4615943536,8905945987,-325941085
20200923,"10:09:01","SZ","NB",7761158262,8474858996,16236017258,-713700734
20200923,"10:10:01","SH","NB",4343962721,4727201689,9071164410,-383238968
20200923,"10:10:01","SZ","NB",7860006857,8578725633,16438732490,-718718776
20200923,"10:11:01","SH","NB",4488307965,4832581060,9320889025,-344273095
20200923,"10:11:01","SZ","NB",8151968185,8673534646,16825502831,-521566461
20200923,"10:12:01","SH","NB",4543671538,4950904592,9494576130,-407233054
20200923,"10:12:01","SZ","NB",8284237833,8844022591,17128260424,-559784758
20200923,"10:13:01","SH","NB",4583033720,5019954915,9602988635,-436921195
20200923,"10:13:01","SZ","NB",8340687624,8945130667,17285818291,-604443043
20200923,"10:14:01","SH","NB",4652453364,5083086138,9735539502,-430632774
20200923,"10:14:01","SZ","NB",8479981404,9034227186,17514208590,-554245782
20200923,"10:15:01","SH","NB",4731549384,5162270969,9893820353,-430721585
20200923,"10:15:01","SZ","NB",8589625114,9131481118,17721106232,-541856004
20200923,"10:16:01","SH","NB",4785113439,5267801473,10052914912,-482688034
20200923,"10:16:01","SZ","NB",8656899093,9265028614,17921927707,-608129521
20200923,"10:17:01","SH","NB",4860567693,5318360098,10178927791,-457792405
20200923,"10:17:01","SZ","NB",8803457092,9340591365,18144048457,-537134273
20200923,"10:18:01","SZ","NB",8914878829,9405676205,18320555034,-490797376
20200923,"10:18:01","SH","NB",4942625078,5355223907,10297848985,-412598829
20200923,"10:19:01","SH","NB",4995234385,5420427032,10415661417,-425192647
20200923,"10:19:01","SZ","NB",8979488015,9518356400,18497844415,-538868385
20200923,"10:20:01","SH","NB",5066625523,5472217680,10538843203,-405592157
20200923,"10:20:01","SZ","NB",9103740986,9606415048,18710156034,-502674062
20200923,"10:21:01","SH","NB",5210925194,5525759862,10736685056,-314834668
20200923,"10:21:01","SZ","NB",9320034880,9694406346,19014441226,-374371466
20200923,"10:22:01","SZ","NB",9424782587,9819479574,19244262161,-394696987
20200923,"10:22:01","SH","NB",5266744964,5596941659,10863686623,-330196695
20200923,"10:23:01","SH","NB",5321294381,5655294404,10976588785,-334000023
20200923,"10:23:01","SZ","NB",9540075018,9966494719,19506569737,-426419701
20200923,"10:24:01","SH","NB",5367027106,5831676288,11198703394,-464649182
20200923,"10:24:01","SZ","NB",9630064216,10276222231,19906286447,-646158015
20200923,"10:25:01","SH","NB",5431952111,5961307539,11393259650,-529355428
20200923,"10:25:01","SZ","NB",9735746831,10486792988,20222539819,-751046157
20200923,"10:26:01","SH","NB",5496979679,6039306921,11536286600,-542327242
20200923,"10:26:01","SZ","NB",9810530396,10633495859,20444026255,-822965463
20200923,"10:27:01","SH","NB",5569577890,6085877444,11655455334,-516299554
20200923,"10:27:01","SZ","NB",9945602356,10694820869,20640423225,-749218513
20200923,"10:28:01","SH","NB",5607797631,6121777845,11729575476,-513980214
20200923,"10:28:01","SZ","NB",9997253171,10767998071,20765251242,-770744900
20200923,"10:29:01","SH","NB",5650039717,6188727062,11838766779,-538687345
20200923,"10:29:01","SZ","NB",10042756684,10893218580,20935975264,-850461896
20200923,"10:30:01","SZ","NB",10105175986,10959530173,21064706159,-854354187
20200923,"10:30:01","SH","NB",5691794771,6240712180,11932506951,-548917409
20200923,"10:31:01","SH","NB",5740377072,6316714974,12057092046,-576337902
20200923,"10:31:01","SZ","NB",10173958849,11067387442,21241346291,-893428593
20200923,"10:32:01","SH","NB",5785859542,6418271816,12204131358,-632412274
20200923,"10:32:01","SZ","NB",10258262211,11244414828,21502677039,-986152617
20200923,"10:33:01","SH","NB",5871770428,6475585358,12347355786,-603814930
20200923,"10:33:01","SZ","NB",10423513715,11314542990,21738056705,-891029275
20200923,"10:34:01","SH","NB",5909533748,6518030057,12427563805,-608496309
20200923,"10:34:01","SZ","NB",10495945442,11384402247,21880347689,-888456805
20200923,"10:35:01","SH","NB",5978913041,6555672508,12534585549,-576759467
20200923,"10:35:01","SZ","NB",10583026225,11432277810,22015304035,-849251585
20200923,"10:36:01","SH","NB",6024798343,6593136692,12617935035,-568338349
20200923,"10:36:01","SZ","NB",10647578836,11487522575,22135101411,-839943739
20200923,"10:37:01","SH","NB",6056923115,6638557714,12695480829,-581634599
20200923,"10:37:01","SZ","NB",10691156712,11560622747,22251779459,-869466035
20200923,"10:38:01","SH","NB",6085382436,6709891125,12795273561,-624508689
20200923,"10:38:01","SZ","NB",10728190889,11648346199,22376537088,-920155310
20200923,"10:39:01","SH","NB",6106899876,6778178984,12885078860,-671279108
20200923,"10:39:01","SZ","NB",10759971228,11728109108,22488080336,-968137880
20200923,"10:40:01","SZ","NB",10821113848,11770044711,22591158559,-948930863
20200923,"10:40:01","SH","NB",6142542287,6806503351,12949045638,-663961064
20200923,"10:41:01","SH","NB",6252333286,6847590442,13099923728,-595257156
20200923,"10:41:01","SZ","NB",10959093117,11827668619,22786761736,-868575502
20200923,"10:42:01","SH","NB",6294903050,6892793473,13187696523,-597890423
20200923,"10:42:01","SZ","NB",11020051352,11888083436,22908134788,-868032084
20200923,"10:43:01","SH","NB",6325873209,6935953532,13261826741,-610080323
20200923,"10:43:01","SZ","NB",11060304672,11959265446,23019570118,-898960774
20200923,"10:44:01","SH","NB",6357865682,6963297302,13321162984,-605431620
20200923,"10:44:01","SZ","NB",11109456640,12026152904,23135609544,-916696264
20200923,"10:45:01","SZ","NB",11155823444,12085634417,23241457861,-929810973
20200923,"10:45:01","SH","NB",6398088282,6996032282,13394120564,-597944000
20200923,"10:46:01","SH","NB",6432037224,7028079556,13460116780,-596042332
20200923,"10:46:01","SZ","NB",11227633952,12143593899,23371227851,-915959947
20200923,"10:47:01","SH","NB",6492007601,7061025483,13553033084,-569017882
20200923,"10:47:01","SZ","NB",11362428992,12201520639,23563949631,-839091647
20200923,"10:48:01","SH","NB",6546219059,7086620557,13632839616,-540401498
20200923,"10:48:01","SZ","NB",11428966127,12260976516,23689942643,-832010389
20200923,"10:49:01","SH","NB",6580961699,7132065704,13713027403,-551104005
20200923,"10:49:01","SZ","NB",11482943708,12330429880,23813373588,-847486172
20200923,"10:50:01","SH","NB",6627352541,7167849942,13795202483,-540497401
20200923,"10:50:01","SZ","NB",11550648720,12401317364,23951966084,-850668644
20200923,"10:51:01","SH","NB",6707035585,7236054018,13943089603,-529018433
20200923,"10:51:01","SZ","NB",11691526893,12545163835,24236690728,-853636942
20200923,"10:52:01","SZ","NB",11734902178,12655769555,24390671733,-920867377
20200923,"10:52:01","SH","NB",6731369128,7282502599,14013871727,-551133471
20200923,"10:53:01","SH","NB",6767817703,7327079451,14094897154,-559261748
20200923,"10:53:01","SZ","NB",11814318772,12730179600,24544498372,-915860828
20200923,"10:54:01","SH","NB",6813685282,7364805126,14178490408,-551119844
20200923,"10:54:01","SZ","NB",11874554265,12811196286,24685750551,-936642021
20200923,"10:55:01","SH","NB",6845150784,7397444295,14242595079,-552293511
20200923,"10:55:01","SZ","NB",11935661201,12876493144,24812154345,-940831943
20200923,"10:56:01","SH","NB",6876380522,7434642570,14311023092,-558262048
20200923,"10:56:01","SZ","NB",12011144648,12987374900,24998519548,-976230252
20200923,"10:57:01","SH","NB",6911414991,7492042927,14403457918,-580627936
20200923,"10:57:01","SZ","NB",12070204990,13104483600,25174688590,-1034278610
20200923,"10:58:01","SH","NB",6945550540,7529137908,14474688448,-583587368
20200923,"10:58:01","SZ","NB",12124954546,13175665324,25300619870,-1050710778
20200923,"10:59:01","SH","NB",6978221355,7567856248,14546077603,-589634893
20200923,"10:59:01","SZ","NB",12187434371,13268867218,25456301589,-1081432847
20200923,"11:00:01","SH","NB",7009915598,7615563445,14625479043,-605647847
20200923,"11:00:01","SZ","NB",12256250471,13381614393,25637864864,-1125363922
20200923,"11:01:01","SH","NB",7070540709,7979856169,15050396878,-909315460
20200923,"11:01:01","SZ","NB",12342318524,13836332512,26178651036,-1494013988
20200923,"11:02:01","SZ","NB",12446863862,13916333254,26363197116,-1469469392
20200923,"11:02:01","SH","NB",7131318083,8043462758,15174780841,-912144675
20200923,"11:03:01","SH","NB",7167112717,8119468623,15286581340,-952355906
20200923,"11:03:01","SZ","NB",12509442184,13994787084,26504229268,-1485344900
20200923,"11:04:01","SZ","NB",12604705414,14070540729,26675246143,-1465835315
20200923,"11:04:01","SH","NB",7220024161,8165248086,15385272247,-945223925
20200923,"11:05:01","SH","NB",7256194230,8215419080,15471613310,-959224850
20200923,"11:05:01","SZ","NB",12669356945,14126794685,26796151630,-1457437740
20200923,"11:06:01","SH","NB",7278700850,8275505434,15554206284,-996804584
20200923,"11:06:01","SZ","NB",12715286316,14203909738,26919196054,-1488623422
20200923,"11:07:01","SH","NB",7308508295,8323429550,15631937845,-1014921255
20200923,"11:07:01","SZ","NB",12796001993,14285792285,27081794278,-1489790292
20200923,"11:08:01","SH","NB",7392093678,8358110544,15750204222,-966016866
20200923,"11:08:01","SZ","NB",12949005896,14344892533,27293898429,-1395886637
20200923,"11:09:01","SH","NB",7428533320,8385494228,15814027548,-956960908
20200923,"11:09:01","SZ","NB",13006430741,14391186706,27397617447,-1384755965
20200923,"11:10:01","SH","NB",7471890185,8417579688,15889469873,-945689503
20200923,"11:10:01","SZ","NB",13048961078,14423884160,27472845238,-1374923082
20200923,"11:11:01","SH","NB",7578941249,8460063295,16039004544,-881122046
20200923,"11:11:01","SZ","NB",13196095173,14472456168,27668551341,-1276360995
20200923,"11:12:01","SH","NB",7657033647,8496479214,16153512861,-839445567
20200923,"11:12:01","SZ","NB",13319807587,14528788746,27848596333,-1208981159
20200923,"11:13:01","SH","NB",7700926597,8534655062,16235581659,-833728465
20200923,"11:13:01","SZ","NB",13383962477,14601410956,27985373433,-1217448479
20200923,"11:14:01","SZ","NB",13426883698,14665058668,28091942366,-1238174970
20200923,"11:14:01","SH","NB",7741930577,8564631784,16306562361,-822701207
20200923,"11:15:01","SH","NB",7776121883,8589046000,16365167883,-812924117
20200923,"11:15:01","SZ","NB",13470533646,14716048788,28186582434,-1245515142
20200923,"11:16:01","SH","NB",7821658682,8625218239,16446876921,-803559557
20200923,"11:16:01","SZ","NB",13533505237,14775964585,28309469822,-1242459348
20200923,"11:17:01","SH","NB",7943546108,8656951237,16600497345,-713405129
20200923,"11:17:01","SZ","NB",13664225303,14835627818,28499853121,-1171402515
20200923,"11:18:01","SZ","NB",13704237428,14890619854,28594857282,-1186382426
20200923,"11:18:01","SH","NB",7981836567,8698046609,16679883176,-716210042
20200923,"11:19:01","SH","NB",8021426853,8728430907,16749857760,-707004054
20200923,"11:19:01","SZ","NB",13759120268,14934901565,28694021833,-1175781297
20200923,"11:20:01","SH","NB",8111327575,8754761257,16866088832,-643433682
20200923,"11:20:01","SZ","NB",13858117794,14978793932,28836911726,-1120676138
20200923,"11:21:01","SH","NB",8185868939,8811282506,16997151445,-625413567
20200923,"11:21:01","SZ","NB",13954990452,15098156489,29053146941,-1143166037
20200923,"11:22:01","SH","NB",8213067633,8845307546,17058375179,-632239913
20200923,"11:22:01","SZ","NB",14002780635,15170872423,29173653058,-1168091788
20200923,"11:23:01","SH","NB",8247579386,8879779241,17127358627,-632199855
20200923,"11:23:01","SZ","NB",14051394228,15238035193,29289429421,-1186640965
20200923,"11:24:01","SH","NB",8281336345,8912134354,17193470699,-630798009
20200923,"11:24:01","SZ","NB",14094314471,15285556701,29379871172,-1191242230
20200923,"11:25:01","SH","NB",8307509213,8954955902,17262465115,-647446689
20200923,"11:25:01","SZ","NB",14139791448,15368384414,29508175862,-1228592966
20200923,"11:26:01","SZ","NB",14177753259,15432722603,29610475862,-1254969344
20200923,"11:26:01","SH","NB",8336914018,8984779545,17321693563,-647865527
20200923,"11:27:01","SH","NB",8364440297,9019553725,17383994022,-655113428
20200923,"11:27:01","SZ","NB",14233179186,15500338219,29733517405,-1267159033
20200923,"11:28:01","SH","NB",8391961938,9039132441,17431094379,-647170503
20200923,"11:28:01","SZ","NB",14286392849,15541367569,29827760418,-1254974720
20200923,"11:29:01","SH","NB",8416791139,9061756819,17478547958,-644965680
20200923,"11:29:01","SZ","NB",14330192240,15567119240,29897311480,-1236927000
20200923,"11:30:01","SH","NB",8448523260,9076067499,17524590759,-627544239
20200923,"11:30:01","SZ","NB",14364893838,15585097342,29949991180,-1220203504
20200923,"11:31:01","SH","NB",8448523260,9076072265,17524595525,-627549005
20200923,"13:00:01","SZ","NB",14369038309,15594020967,29963059276,-1224982658
20200923,"13:01:01","SZ","NB",14511174452,15717115156,30228289608,-1205940704
20200923,"13:01:01","SH","NB",8562632229,9146319636,17708951865,-583687407
20200923,"13:02:01","SH","NB",8624132830,9189804894,17813937724,-565672064
20200923,"13:02:01","SZ","NB",14582575206,15783543038,30366118244,-1200967832
20200923,"13:03:01","SH","NB",8715719473,9234250113,17949969586,-518530640
20200923,"13:03:01","SZ","NB",14707113735,15845966070,30553079805,-1138852335
20200923,"13:04:01","SH","NB",8771787420,9280628656,18052416076,-508841236
20200923,"13:04:01","SZ","NB",14785316251,15913928477,30699244728,-1128612226
20200923,"13:05:01","SH","NB",8827579434,9369578978,18197158412,-541999544
20200923,"13:05:01","SZ","NB",14867334531,16085213408,30952547939,-1217878877
20200923,"13:06:01","SH","NB",8881231366,9404409919,18285641285,-523178553
20200923,"13:06:01","SZ","NB",14958538242,16148376256,31106914498,-1189838014
20200923,"13:07:01","SZ","NB",15063921681,16208614175,31272535856,-1144692494
20200923,"13:07:01","SH","NB",8957473749,9440113425,18397587174,-482639676
20200923,"13:08:01","SH","NB",9015951444,9479606173,18495557617,-463654729
20200923,"13:08:01","SZ","NB",15149894806,16271391518,31421286324,-1121496712
20200923,"13:09:01","SH","NB",9063913233,9533523042,18597436275,-469609809
20200923,"13:09:01","SZ","NB",15190549417,16349257901,31539807318,-1158708484
20200923,"13:10:01","SH","NB",9101931623,9577899057,18679830680,-475967434
20200923,"13:10:01","SZ","NB",15233812103,16425689687,31659501790,-1191877584
20200923,"13:11:01","SH","NB",9139173713,9657182058,18796355771,-518008345
20200923,"13:11:01","SZ","NB",15290945099,16527827435,31818772534,-1236882336
20200923,"13:12:01","SH","NB",9210408562,9719871350,18930279912,-509462788
20200923,"13:12:01","SZ","NB",15424764646,16587406324,32012170970,-1162641678
20200923,"13:13:01","SH","NB",9259716004,9766391254,19026107258,-506675250
20200923,"13:13:01","SZ","NB",15484111575,16663891537,32148003112,-1179779962
20200923,"13:14:01","SZ","NB",15532760683,16734017532,32266778215,-1201256849
20200923,"13:14:01","SH","NB",9300880238,9815136329,19116016567,-514256091
20200923,"13:15:01","SH","NB",9353550782,9857447953,19210998735,-503897171
20200923,"13:15:01","SZ","NB",15620932486,16799284390,32420216876,-1178351904
20200923,"13:16:01","SH","NB",9401132595,9948770253,19349902848,-547637658
20200923,"13:16:01","SZ","NB",15696197464,16943964221,32640161685,-1247766757
20200923,"13:17:01","SH","NB",9442388155,9992884551,19435272706,-550496396
20200923,"13:17:01","SZ","NB",15754956490,17015221566,32770178056,-1260265076
20200923,"13:18:01","SH","NB",9487235475,10029744215,19516979690,-542508740
20200923,"13:18:01","SZ","NB",15813190609,17062707867,32875898476,-1249517258
20200923,"13:19:01","SH","NB",9511845979,10058458297,19570304276,-546612318
20200923,"13:19:01","SZ","NB",15855326145,17111406323,32966732468,-1256080178
20200923,"13:20:01","SH","NB",9556828103,10087744663,19644572766,-530916560
20200923,"13:20:01","SZ","NB",15913224246,17148141718,33061365964,-1234917472
20200923,"13:21:01","SH","NB",9692068531,10139581603,19831650134,-447513072
20200923,"13:21:01","SZ","NB",16122857575,17216821619,33339679194,-1093964044
20200923,"13:22:01","SH","NB",9735467563,10170504254,19905971817,-435036691
20200923,"13:22:01","SZ","NB",16175768476,17272035322,33447803798,-1096266846
20200923,"13:23:01","SZ","NB",16225656028,17349934515,33575590543,-1124278487
20200923,"13:23:01","SH","NB",9770440402,10199792821,19970233223,-429352419
20200923,"13:24:01","SH","NB",9796641646,10225137353,20021778999,-428495707
20200923,"13:24:01","SZ","NB",16256604004,17400694727,33657298731,-1144090723
20200923,"13:25:01","SH","NB",9838710288,10250765309,20089475597,-412055021
20200923,"13:25:01","SZ","NB",16315402651,17446175149,33761577800,-1130772498
20200923,"13:26:01","SH","NB",9871639206,10303554022,20175193228,-431914816
20200923,"13:26:01","SZ","NB",16360563232,17554824857,33915388089,-1194261625
20200923,"13:27:01","SH","NB",9894852331,10340215000,20235067331,-445362669
20200923,"13:27:01","SZ","NB",16405583516,17605806816,34011390332,-1200223300
20200923,"13:28:01","SZ","NB",16446657074,17640668333,34087325407,-1194011259
20200923,"13:28:01","SH","NB",9920493141,10374317884,20294811025,-453824743
20200923,"13:29:01","SH","NB",9950087734,10415261504,20365349238,-465173770
20200923,"13:29:01","SZ","NB",16484377410,17710741223,34195118633,-1226363813
20200923,"13:30:01","SH","NB",9984184472,10441611053,20425795525,-457426581
20200923,"13:30:01","SZ","NB",16538821552,17771593260,34310414812,-1232771708
20200923,"13:31:01","SH","NB",10038558264,10476657728,20515215992,-438099464
20200923,"13:31:01","SZ","NB",16626260970,17837084710,34463345680,-1210823740
20200923,"13:32:01","SH","NB",10065481681,10507056318,20572537999,-441574637
20200923,"13:32:01","SZ","NB",16671728094,17929978307,34601706401,-1258250213
20200923,"13:33:01","SH","NB",10097726941,10561118176,20658845117,-463391235
20200923,"13:33:01","SZ","NB",16726815577,18045831195,34772646772,-1319015618
20200923,"13:34:01","SH","NB",10184758621,10596607428,20781366049,-411848807
20200923,"13:34:01","SZ","NB",16790885462,18096231221,34887116683,-1305345759
20200923,"13:35:01","SZ","NB",16819598787,18144773088,34964371875,-1325174301
20200923,"13:35:01","SH","NB",10218119915,10630078090,20848198005,-411958175
20200923,"13:36:01","SH","NB",10252520468,10661245363,20913765831,-408724895
20200923,"13:36:01","SZ","NB",16870145364,18198071279,35068216643,-1327925915
20200923,"13:37:01","SH","NB",10306246341,10687816065,20994062406,-381569724
20200923,"13:37:01","SZ","NB",16944476042,18239341976,35183818018,-1294865934
20200923,"13:38:01","SH","NB",10337871239,10712933879,21050805118,-375062640
20200923,"13:38:01","SZ","NB",16987127685,18278704252,35265831937,-1291576567
20200923,"13:39:01","SH","NB",10371014367,10737160428,21108174795,-366146061
20200923,"13:39:01","SZ","NB",17039860892,18311687674,35351548566,-1271826782
20200923,"13:40:01","SH","NB",10414857257,10767609108,21182466365,-352751851
20200923,"13:40:01","SZ","NB",17118208139,18364045523,35482253662,-1245837384
20200923,"13:41:01","SZ","NB",17185359157,18467583947,35652943104,-1282224790
20200923,"13:41:01","SH","NB",10456796961,10835478761,21292275722,-378681800
20200923,"13:42:01","SH","NB",10501083908,10874283548,21375367456,-373199640
20200923,"13:42:01","SZ","NB",17243233335,18512927992,35756161327,-1269694657
20200923,"13:43:01","SH","NB",10540983258,10926098881,21467082139,-385115623
20200923,"13:43:01","SZ","NB",17309209153,18581216018,35890425171,-1272006865
20200923,"13:44:01","SH","NB",10580562401,10990273265,21570835666,-409710864
20200923,"13:44:01","SZ","NB",17348069331,18700877519,36048946850,-1352808188
20200923,"13:45:01","SH","NB",10613152055,11019857063,21633009118,-406705008
20200923,"13:45:01","SZ","NB",17387889800,18743132559,36131022359,-1355242759
20200923,"13:46:01","SH","NB",10657040203,11051788110,21708828313,-394747907
20200923,"13:46:01","SZ","NB",17462855277,18815496301,36278351578,-1352641024
20200923,"13:47:01","SH","NB",10713100353,11098843640,21811943993,-385743287
20200923,"13:47:01","SZ","NB",17498219822,18894380784,36392600606,-1396160962
20200923,"13:48:01","SH","NB",10736011192,11125743550,21861754742,-389732358
20200923,"13:48:01","SZ","NB",17544043623,18933540924,36477584547,-1389497301
20200923,"13:49:01","SZ","NB",17585799380,18965530580,36551329960,-1379731200
20200923,"13:49:01","SH","NB",10764298523,11147547769,21911846292,-383249246
20200923,"13:50:01","SH","NB",10796590850,11179021924,21975612774,-382431074
20200923,"13:50:01","SZ","NB",17626590366,18999355541,36625945907,-1372765175
20200923,"13:51:01","SH","NB",10863958987,11214932978,22078891965,-350973991
20200923,"13:51:01","SZ","NB",17738131374,19057555252,36795686626,-1319423878
20200923,"13:52:01","SH","NB",10899599332,11262223807,22161823139,-362624475
20200923,"13:52:01","SZ","NB",17800668018,19129772381,36930440399,-1329104363
20200923,"13:53:01","SH","NB",10945079983,11312805266,22257885249,-367725283
20200923,"13:53:01","SZ","NB",17849621118,19205857783,37055478901,-1356236665
20200923,"13:54:01","SH","NB",10975909957,11365098218,22341008175,-389188261
20200923,"13:54:01","SZ","NB",17882034585,19269254822,37151289407,-1387220237
20200923,"13:55:01","SH","NB",11010345890,11395391121,22405737011,-385045231
20200923,"13:55:01","SZ","NB",17916430372,19327389531,37243819903,-1410959159
20200923,"13:56:01","SH","NB",11048561005,11418789589,22467350594,-370228584
20200923,"13:56:01","SZ","NB",17963870693,19380932462,37344803155,-1417061769
20200923,"13:57:01","SZ","NB",18019539464,19426875209,37446414673,-1407335745
20200923,"13:57:01","SH","NB",11103398159,11444134448,22547532607,-340736289
20200923,"13:58:01","SH","NB",11137649054,11478162443,22615811497,-340513389
20200923,"13:58:01","SZ","NB",18051818417,19471351077,37523169494,-1419532660
20200923,"13:59:01","SH","NB",11251394791,11525364029,22776758820,-273969238
20200923,"13:59:01","SZ","NB",18203877330,19510894913,37714772243,-1307017583
20200923,"14:00:01","SH","NB",11315445034,11561177176,22876622210,-245732142
20200923,"14:00:01","SZ","NB",18275123988,19556989080,37832113068,-1281865092
20200923,"14:01:01","SH","NB",11396077766,11682862268,23078940034,-286784502
20200923,"14:01:01","SZ","NB",18353722196,19701803486,38055525682,-1348081290
20200923,"14:02:01","SZ","NB",18401159959,19751599077,38152759036,-1350439118
20200923,"14:02:01","SH","NB",11454071183,11718771392,23172842575,-264700209
20200923,"14:03:01","SH","NB",11484925038,11765056712,23249981750,-280131674
20200923,"14:03:01","SZ","NB",18445487632,19811349607,38256837239,-1365861975
20200923,"14:04:01","SH","NB",11519647158,11803187735,23322834893,-283540577
20200923,"14:04:01","SZ","NB",18480052539,19874211563,38354264102,-1394159024
20200923,"14:05:01","SH","NB",11570135474,11829420028,23399555502,-259284554
20200923,"14:05:01","SZ","NB",18528113653,19917104797,38445218450,-1388991144
20200923,"14:06:01","SH","NB",11601975968,11887314899,23489290867,-285338931
20200923,"14:06:01","SZ","NB",18564091161,20000682465,38564773626,-1436591304
20200923,"14:07:01","SH","NB",11635593697,11933529441,23569123138,-297935744
20200923,"14:07:01","SZ","NB",18610098352,20075096375,38685194727,-1464998023
20200923,"14:08:01","SH","NB",11683084904,11959222047,23642306951,-276137143
20200923,"14:08:01","SZ","NB",18668428675,20128310714,38796739389,-1459882039
20200923,"14:09:01","SH","NB",11713107982,11995623877,23708731859,-282515895
20200923,"14:09:01","SZ","NB",18706886465,20179900787,38886787252,-1473014322
20200923,"14:10:01","SH","NB",11737448194,12018323566,23755771760,-280875372
20200923,"14:10:01","SZ","NB",18740154863,20213695211,38953850074,-1473540348
20200923,"14:11:01","SH","NB",11801192065,12096065448,23897257513,-294873383
20200923,"14:11:01","SZ","NB",18803519646,20288953776,39092473422,-1485434130
20200923,"14:12:01","SZ","NB",18850369955,20438251181,39288621136,-1587881226
20200923,"14:12:01","SH","NB",11838678941,12226860800,24065539741,-388181859
20200923,"14:13:01","SH","NB",11891407082,12284504581,24175911663,-393097499
20200923,"14:13:01","SZ","NB",18912354392,20496240895,39408595287,-1583886503
20200923,"14:14:01","SZ","NB",18981246569,20538231527,39519478096,-1556984958
20200923,"14:14:01","SH","NB",11971838427,12316240528,24288078955,-344402101
20200923,"14:15:01","SH","NB",12007131252,12373505692,24380636944,-366374440
20200923,"14:15:01","SZ","NB",19015967065,20594260622,39610227687,-1578293557
20200923,"14:16:01","SH","NB",12046042384,12473989181,24520031565,-427946797
20200923,"14:16:01","SZ","NB",19056598099,20682854543,39739452642,-1626256444
20200923,"14:17:01","SH","NB",12107564867,12503779344,24611344211,-396214477
20200923,"14:17:01","SZ","NB",19110173895,20732404760,39842578655,-1622230865
20200923,"14:18:01","SH","NB",12153577453,12537811302,24691388755,-384233849
20200923,"14:18:01","SZ","NB",19147037673,20770120066,39917157739,-1623082393
20200923,"14:19:01","SH","NB",12180100965,12572691290,24752792255,-392590325
20200923,"14:19:01","SZ","NB",19184650136,20806337134,39990987270,-1621686998
20200923,"14:20:01","SH","NB",12222016813,12601853497,24823870310,-379836684
20200923,"14:20:01","SZ","NB",19237194951,20854028381,40091223332,-1616833430
20200923,"14:21:01","SH","NB",12275457563,12679581317,24955038880,-404123754
20200923,"14:21:01","SZ","NB",19287496183,20929143022,40216639205,-1641646839
20200923,"14:22:01","SH","NB",12307000563,12722686325,25029686888,-415685762
20200923,"14:22:01","SZ","NB",19322027495,20986372656,40308400151,-1664345161
20200923,"14:23:01","SZ","NB",19357796991,21077592417,40435389408,-1719795426
20200923,"14:23:01","SH","NB",12340875485,12820373210,25161248695,-479497725
20200923,"14:24:01","SH","NB",12376038404,12867314044,25243352448,-491275640
20200923,"14:24:01","SZ","NB",19397744092,21131148129,40528892221,-1733404037
20200923,"14:25:01","SH","NB",12419612878,12893965238,25313578116,-474352360
20200923,"14:25:01","SZ","NB",19462862139,21182248075,40645110214,-1719385936
20200923,"14:26:01","SH","NB",12447980970,13026257303,25474238273,-578276333
20200923,"14:26:01","SZ","NB",19502245661,21285113743,40787359404,-1782868082
20200923,"14:27:01","SZ","NB",19548499081,21352983935,40901483016,-1804484854
20200923,"14:27:01","SH","NB",12495317593,13084215855,25579533448,-588898262
20200923,"14:28:01","SH","NB",12543786819,13143073755,25686860574,-599286936
20200923,"14:28:01","SZ","NB",19610862085,21402364774,41013226859,-1791502689
20200923,"14:29:01","SH","NB",12590626401,13234706670,25825333071,-644080269
20200923,"14:29:01","SZ","NB",19645203475,21463592276,41108795751,-1818388801
20200923,"14:30:01","SH","NB",12639082046,13265465399,25904547445,-626383353
20200923,"14:30:01","SZ","NB",19694210552,21502995560,41197206112,-1808785008
20200923,"14:31:01","SH","NB",12743008170,13323296576,26066304746,-580288406
20200923,"14:31:01","SZ","NB",19797914753,21585148865,41383063618,-1787234112
20200923,"14:32:01","SZ","NB",19846181191,21650156265,41496337456,-1803975074
20200923,"14:32:01","SH","NB",12788191597,13378580807,26166772404,-590389210
20200923,"14:33:01","SH","NB",12851928796,13411269329,26263198125,-559340533
20200923,"14:33:01","SZ","NB",19910327592,21711530423,41621858015,-1801202831
20200923,"14:34:01","SZ","NB",19951036373,21784450352,41735486725,-1833413979
20200923,"14:34:01","SH","NB",12897955004,13464143038,26362098042,-566188034
20200923,"14:35:01","SH","NB",12954869985,13499308798,26454178783,-544438813
20200923,"14:35:01","SZ","NB",20009039709,21829365636,41838405345,-1820325927
20200923,"14:36:01","SH","NB",13005548048,13558926614,26564474662,-553378566
20200923,"14:36:01","SZ","NB",20069736428,21911373177,41981109605,-1841636749
20200923,"14:37:01","SH","NB",13047179429,13597116033,26644295462,-549936604
20200923,"14:37:01","SZ","NB",20121629840,21965053851,42086683691,-1843424011
20200923,"14:38:01","SH","NB",13092588451,13627145352,26719733803,-534556901
20200923,"14:38:01","SZ","NB",20188234447,22023817514,42212051961,-1835583067
20200923,"14:39:01","SH","NB",13130811177,13672339967,26803151144,-541528790
20200923,"14:39:01","SZ","NB",20252775243,22087003827,42339779070,-1834228584
20200923,"14:40:01","SH","NB",13156603459,13709788961,26866392420,-553185502
20200923,"14:40:01","SZ","NB",20294800509,22133513349,42428313858,-1838712840
20200923,"14:41:01","SH","NB",13273320879,13781235072,27054555951,-507914193
20200923,"14:41:01","SZ","NB",20471932818,22221728696,42693661514,-1749795878
20200923,"14:42:01","SH","NB",13328568941,13847994591,27176563532,-519425650
20200923,"14:42:01","SZ","NB",20530247423,22295245694,42825493117,-1764998271
20200923,"14:43:01","SZ","NB",20597970927,22353394875,42951365802,-1755423948
20200923,"14:43:01","SH","NB",13384231384,13897922682,27282154066,-513691298
20200923,"14:44:01","SH","NB",13435157263,13943283406,27378440669,-508126143
20200923,"14:44:01","SZ","NB",20656891857,22415189484,43072081341,-1758297627
20200923,"14:45:01","SH","NB",13502997770,14000807726,27503805496,-497809956
20200923,"14:45:01","SZ","NB",20721114310,22470141264,43191255574,-1749026954
20200923,"14:46:01","SH","NB",13562700721,14098772430,27661473151,-536071709
20200923,"14:46:01","SZ","NB",20811374290,22575271441,43386645731,-1763897151
20200923,"14:47:01","SH","NB",13595632934,14151298146,27746931080,-555665212
20200923,"14:47:01","SZ","NB",20862317991,22637264802,43499582793,-1774946811
20200923,"14:48:01","SZ","NB",20926375511,22707345518,43633721029,-1780970007
20200923,"14:48:01","SH","NB",13642778801,14195089999,27837868800,-552311198
20200923,"14:49:01","SH","NB",13687665780,14234171742,27921837522,-546505962
20200923,"14:49:01","SZ","NB",20986019659,22763057691,43749077350,-1777038032
20200923,"14:50:01","SH","NB",13764950316,14295071953,28060022269,-530121637
20200923,"14:50:01","SZ","NB",21079334811,22835414839,43914749650,-1756080028
20200923,"14:51:01","SZ","NB",21198245038,22928897556,44127142594,-1730652518
20200923,"14:51:01","SH","NB",13870763011,14381912884,28252675895,-511149873
20200923,"14:52:01","SH","NB",13926903691,14454608563,28381512254,-527704872
20200923,"14:52:01","SZ","NB",21301061780,23006079269,44307141049,-1705017489
20200923,"14:53:01","SH","NB",13985777567,14545280811,28531058378,-559503244
20200923,"14:53:01","SZ","NB",21382858023,23130572412,44513430435,-1747714389
20200923,"14:54:01","SH","NB",14033112287,14622705167,28655817454,-589592880
20200923,"14:54:01","SZ","NB",21441933292,23222952405,44664885697,-1781019113
20200923,"14:55:01","SH","NB",14096698322,14770350714,28867049036,-673652392
20200923,"14:55:01","SZ","NB",21518621826,23357836487,44876458313,-1839214661
20200923,"14:56:01","SH","NB",14177969284,14864024104,29041993388,-686054820
20200923,"14:56:01","SZ","NB",21614498700,23462385900,45076884600,-1847887200
20200923,"14:57:01","SH","NB",14238780240,14974291650,29213071890,-735511410
20200923,"14:57:01","SZ","NB",21691321981,23582187641,45273509622,-1890865660
20200923,"15:00:01","SZ","NB",21764852914,23661328733,45426181647,-1896475819
20200923,"15:01:01","SH","NB",14502042470,15336500915,29838543385,-834458445
20200923,"15:01:01","SZ","NB",21936305502,23854666225,45790971727,-1918360723
