dataDate,dataTime,connectMarket,tradeDirection,buyTurnover,sellTurnover,totalTurnover,netTurnover
20191015,"09:30:01","SH","NB",146421980,41838616,188260596,104583364
20191015,"09:30:01","SZ","NB",70741664,21220415,91962079,49521249
20191015,"09:31:01","SH","NB",296967052,169607825,466574877,127359227
20191015,"09:31:01","SZ","NB",262259534,201522924,463782458,60736610
20191015,"09:32:01","SH","NB",511155897,273132970,784288867,238022927
20191015,"09:32:01","SZ","NB",485479897,338872321,824352218,146607576
20191015,"09:33:01","SH","NB",635815426,364568369,1000383795,271247057
20191015,"09:33:01","SZ","NB",618139245,481898402,1100037647,136240843
20191015,"09:34:01","SH","NB",769575022,464439492,1234014514,305135530
20191015,"09:34:01","SZ","NB",784929023,654175900,1439104923,130753123
20191015,"09:35:01","SH","NB",889476771,579437141,1468913912,310039630
20191015,"09:35:01","SZ","NB",916808384,822252423,1739060807,94555961
20191015,"09:36:01","SZ","NB",1056467689,959931776,2016399465,96535913
20191015,"09:36:01","SH","NB",1009387976,691704049,1701092025,317683927
20191015,"09:37:01","SH","NB",1110004812,778247981,1888252793,331756831
20191015,"09:37:01","SZ","NB",1202345087,1128518024,2330863111,73827063
20191015,"09:38:01","SZ","NB",1376954085,1213724079,2590678164,163230006
20191015,"09:38:01","SH","NB",1237545419,829648165,2067193584,407897254
20191015,"09:39:01","SH","NB",1342821499,902197509,2245019008,440623990
20191015,"09:39:01","SZ","NB",1453486521,1307147603,2760634124,146338918
20191015,"09:40:01","SH","NB",1414654166,962979018,2377633184,451675148
20191015,"09:40:01","SZ","NB",1528624291,1433302609,2961926900,95321682
20191015,"09:41:01","SH","NB",1523762289,1030022409,2553784698,493739880
20191015,"09:41:01","SZ","NB",1622102326,1559886762,3181989088,62215564
20191015,"09:42:01","SH","NB",1604543856,1074363808,2678907664,530180048
20191015,"09:42:01","SZ","NB",1709428945,1653480904,3362909849,55948041
20191015,"09:43:01","SH","NB",1663548348,1150937362,2814485710,512610986
20191015,"09:43:01","SZ","NB",1766743023,1788372963,3555115986,-21629940
20191015,"09:44:01","SH","NB",1715277349,1209906095,2925183444,505371254
20191015,"09:44:01","SZ","NB",1829696423,1858137883,3687834306,-28441460
20191015,"09:45:01","SH","NB",1774298527,1258544929,3032843456,515753598
20191015,"09:45:01","SZ","NB",1892438282,1935333387,3827771669,-42895105
20191015,"09:46:01","SH","NB",1842824397,1325236437,3168060834,517587960
20191015,"09:46:01","SZ","NB",1976557485,2026472720,4003030205,-49915235
20191015,"09:47:01","SZ","NB",2116464798,2101051280,4217516078,15413518
20191015,"09:47:01","SH","NB",1953674621,1363584375,3317258996,590090246
20191015,"09:48:01","SH","NB",2012067221,1411222026,3423289247,600845195
20191015,"09:48:01","SZ","NB",2170359196,2180885060,4351244256,-10525864
20191015,"09:49:01","SH","NB",2067546424,1460528440,3528074864,607017984
20191015,"09:49:01","SZ","NB",2231727558,2249075616,4480803174,-17348058
20191015,"09:50:01","SH","NB",2112753259,1512044162,3624797421,600709097
20191015,"09:50:01","SZ","NB",2295050090,2324606240,4619656330,-29556150
20191015,"09:51:01","SH","NB",2171876633,1580022833,3751899466,591853800
20191015,"09:51:01","SZ","NB",2364514861,2421236505,4785751366,-56721644
20191015,"09:52:01","SZ","NB",2445026723,2516972839,4961999562,-71946116
20191015,"09:52:01","SH","NB",2245693403,1623495600,3869189003,622197803
20191015,"09:53:01","SH","NB",2317492751,1653015654,3970508405,664477097
20191015,"09:53:01","SZ","NB",2538625392,2578818019,5117443411,-40192627
20191015,"09:54:01","SH","NB",2382703443,1685544086,4068247529,697159357
20191015,"09:54:01","SZ","NB",2626821005,2638041868,5264862873,-11220863
20191015,"09:55:01","SH","NB",2438787043,1716869044,4155656087,721917999
20191015,"09:55:01","SZ","NB",2677390646,2695397341,5372787987,-18006695
20191015,"09:56:01","SH","NB",2541923828,1766416749,4308340577,775507079
20191015,"09:56:01","SZ","NB",2765629131,2785935856,5551564987,-20306725
20191015,"09:57:01","SH","NB",2626261153,1801527131,4427788284,824734022
20191015,"09:57:01","SZ","NB",2841238653,2849287549,5690526202,-8048896
20191015,"09:58:01","SH","NB",2690345133,1836165691,4526510824,854179442
20191015,"09:58:01","SZ","NB",2922608145,2904329015,5826937160,18279130
20191015,"09:59:01","SH","NB",2748239604,1875333911,4623573515,872905693
20191015,"09:59:01","SZ","NB",2979567659,2973603166,5953170825,5964493
20191015,"10:00:01","SZ","NB",3045762307,3044934568,6090696875,827739
20191015,"10:00:01","SH","NB",2823696460,1916829099,4740525559,906867361
20191015,"10:01:01","SH","NB",2887589178,1967336802,4854925980,920252376
20191015,"10:01:01","SZ","NB",3128953291,3140795781,6269749072,-11842490
20191015,"10:02:01","SH","NB",2943843898,2009809029,4953652927,934034869
20191015,"10:02:01","SZ","NB",3189350986,3220642631,6409993617,-31291645
20191015,"10:03:01","SH","NB",3022061463,2051732935,5073794398,970328528
20191015,"10:03:01","SZ","NB",3280645007,3283099083,6563744090,-2454076
20191015,"10:04:01","SH","NB",3073223915,2103261444,5176485359,969962471
20191015,"10:04:01","SZ","NB",3342142290,3348820012,6690962302,-6677722
20191015,"10:05:01","SH","NB",3133210112,2176899527,5310109639,956310585
20191015,"10:05:01","SZ","NB",3400648901,3412919004,6813567905,-12270103
20191015,"10:06:01","SH","NB",3204042639,2253175385,5457218024,950867254
20191015,"10:06:01","SZ","NB",3480920505,3511675305,6992595810,-30754800
20191015,"10:07:01","SH","NB",3338539989,2305928571,5644468560,1032611418
20191015,"10:07:01","SZ","NB",3666087450,3572389309,7238476759,93698141
20191015,"10:08:01","SZ","NB",3758923357,3616059304,7374982661,142864053
20191015,"10:08:01","SH","NB",3419514942,2337713477,5757228419,1081801465
20191015,"10:09:01","SH","NB",3470853237,2374364052,5845217289,1096489185
20191015,"10:09:01","SZ","NB",3802219617,3657388214,7459607831,144831403
20191015,"10:10:01","SH","NB",3512615407,2427573486,5940188893,1085041921
20191015,"10:10:01","SZ","NB",3849144886,3715493711,7564638597,133651175
20191015,"10:11:01","SH","NB",3560145756,2518094732,6078240488,1042051024
20191015,"10:11:01","SZ","NB",3901646024,3837713068,7739359092,63932956
20191015,"10:12:01","SH","NB",3628349393,2575957005,6204306398,1052392388
20191015,"10:12:01","SZ","NB",3987412531,3905353767,7892766298,82058764
20191015,"10:13:01","SH","NB",3688798831,2612415973,6301214804,1076382858
20191015,"10:13:01","SZ","NB",4065692689,3946459413,8012152102,119233276
20191015,"10:14:01","SZ","NB",4124776743,3982272750,8107049493,142503993
20191015,"10:14:01","SH","NB",3742953611,2647903315,6390856926,1095050296
20191015,"10:15:01","SH","NB",3796169263,2683418984,6479588247,1112750279
20191015,"10:15:01","SZ","NB",4174004035,4010600385,8184604420,163403650
20191015,"10:16:01","SH","NB",3857476014,2723048778,6580524792,1134427236
20191015,"10:16:01","SZ","NB",4258726095,4042465880,8301191975,216260215
20191015,"10:17:01","SH","NB",3911454100,2746391165,6657845265,1165062935
20191015,"10:17:01","SZ","NB",4328000908,4072161617,8400162525,255839291
20191015,"10:18:01","SZ","NB",4379964845,4107336912,8487301757,272627933
20191015,"10:18:01","SH","NB",3957910919,2774861667,6732772586,1183049252
20191015,"10:19:01","SH","NB",3996986901,2797141643,6794128544,1199845258
20191015,"10:19:01","SZ","NB",4425339905,4146640435,8571980340,278699470
20191015,"10:20:01","SH","NB",4037005723,2827115725,6864121448,1209889998
20191015,"10:20:01","SZ","NB",4472805197,4176044440,8648849637,296760757
20191015,"10:21:01","SZ","NB",4538673799,4219412255,8758086054,319261544
20191015,"10:21:01","SH","NB",4105529928,2859556168,6965086096,1245973760
20191015,"10:22:01","SH","NB",4142728971,2913138294,7055867265,1229590677
20191015,"10:22:01","SZ","NB",4578691242,4295938394,8874629636,282752848
20191015,"10:23:01","SH","NB",4171451732,2940677508,7112129240,1230774224
20191015,"10:23:01","SZ","NB",4615985048,4331826069,8947811117,284158979
20191015,"10:24:01","SZ","NB",4662894332,4361288770,9024183102,301605562
20191015,"10:24:01","SH","NB",4198953637,2964429980,7163383617,1234523657
20191015,"10:25:01","SH","NB",4243495620,2985884507,7229380127,1257611113
20191015,"10:25:01","SZ","NB",4703012305,4388824785,9091837090,314187520
20191015,"10:26:01","SH","NB",4272789011,3011013169,7283802180,1261775842
20191015,"10:26:01","SZ","NB",4741729310,4416929814,9158659124,324799496
20191015,"10:27:01","SH","NB",4305317926,3029266197,7334584123,1276051729
20191015,"10:27:01","SZ","NB",4785322760,4445538897,9230861657,339783863
20191015,"10:28:01","SH","NB",4342289488,3052289238,7394578726,1290000250
20191015,"10:28:01","SZ","NB",4844245908,4484921623,9329167531,359324285
20191015,"10:29:01","SH","NB",4385696140,3081473624,7467169764,1304222516
20191015,"10:29:01","SZ","NB",4889809485,4518711610,9408521095,371097875
20191015,"10:30:01","SH","NB",4418892789,3107653590,7526546379,1311239199
20191015,"10:30:01","SZ","NB",4923936014,4553069424,9477005438,370866590
20191015,"10:31:01","SH","NB",4468096106,3138698041,7606794147,1329398065
20191015,"10:31:01","SZ","NB",4973974328,4584484686,9558459014,389489642
20191015,"10:32:01","SH","NB",4519386111,3164554458,7683940569,1354831653
20191015,"10:32:01","SZ","NB",5013195241,4617041135,9630236376,396154106
20191015,"10:33:01","SZ","NB",5042426102,4645121561,9687547663,397304541
20191015,"10:33:01","SH","NB",4568047892,3190537329,7758585221,1377510563
20191015,"10:34:01","SH","NB",4611766250,3214366142,7826132392,1397400108
20191015,"10:34:01","SZ","NB",5074522114,4672247907,9746770021,402274207
20191015,"10:35:01","SH","NB",4640875603,3239035049,7879910652,1401840554
20191015,"10:35:01","SZ","NB",5099694864,4700211561,9799906425,399483303
20191015,"10:36:01","SH","NB",4673161726,3264535851,7937697577,1408625875
20191015,"10:36:01","SZ","NB",5122521550,4729408572,9851930122,393112978
20191015,"10:37:01","SH","NB",4704831075,3283300457,7988131532,1421530618
20191015,"10:37:01","SZ","NB",5154414288,4759750314,9914164602,394663974
20191015,"10:38:01","SH","NB",4729745226,3314536308,8044281534,1415208918
20191015,"10:38:01","SZ","NB",5178281375,4811746088,9990027463,366535287
20191015,"10:39:01","SH","NB",4760887569,3343020919,8103908488,1417866650
20191015,"10:39:01","SZ","NB",5203363904,4840202453,10043566357,363161451
20191015,"10:40:01","SH","NB",4790012329,3366677148,8156689477,1423335181
20191015,"10:40:01","SZ","NB",5234991641,4864143706,10099135347,370847935
20191015,"10:41:01","SZ","NB",5262296684,4899420124,10161716808,362876560
20191015,"10:41:01","SH","NB",4813079204,3395748819,8208828023,1417330385
20191015,"10:42:01","SH","NB",4837489231,3415842401,8253331632,1421646830
20191015,"10:42:01","SZ","NB",5291885499,4924360371,10216245870,367525128
20191015,"10:43:01","SH","NB",4860842593,3434329035,8295171628,1426513558
20191015,"10:43:01","SZ","NB",5323973176,4940941022,10264914198,383032154
20191015,"10:44:01","SH","NB",4898851941,3451666577,8350518518,1447185364
20191015,"10:44:01","SZ","NB",5361149677,4962027751,10323177428,399121926
20191015,"10:45:01","SH","NB",4918682576,3467736713,8386419289,1450945863
20191015,"10:45:01","SZ","NB",5384400112,4983369822,10367769934,401030290
20191015,"10:46:01","SH","NB",4950959904,3511423322,8462383226,1439536582
20191015,"10:46:01","SZ","NB",5411718167,5049178777,10460896944,362539390
20191015,"10:47:01","SH","NB",4986866388,3548645884,8535512272,1438220504
20191015,"10:47:01","SZ","NB",5442735992,5082302266,10525038258,360433726
20191015,"10:48:01","SH","NB",5028819110,3570433485,8599252595,1458385625
20191015,"10:48:01","SZ","NB",5485073251,5110790822,10595864073,374282429
20191015,"10:49:01","SZ","NB",5530758955,5138786291,10669545246,391972664
20191015,"10:49:01","SH","NB",5067118222,3591709622,8658827844,1475408600
20191015,"10:50:01","SH","NB",5098105385,3613916457,8712021842,1484188928
20191015,"10:50:01","SZ","NB",5562506586,5163488453,10725995039,399018133
20191015,"10:51:01","SH","NB",5131115898,3640537782,8771653680,1490578116
20191015,"10:51:01","SZ","NB",5592147511,5188769958,10780917469,403377553
20191015,"10:52:01","SH","NB",5169212317,3665999394,8835211711,1503212923
20191015,"10:52:01","SZ","NB",5624721314,5213783145,10838504459,410938169
20191015,"10:53:01","SH","NB",5211503708,3689382352,8900886060,1522121356
20191015,"10:53:01","SZ","NB",5661112996,5240382061,10901495057,420730935
20191015,"10:54:01","SZ","NB",5687309596,5260454365,10947763961,426855231
20191015,"10:54:01","SH","NB",5260025800,3706560671,8966586471,1553465129
20191015,"10:55:01","SH","NB",5281814395,3723821552,9005635947,1557992843
20191015,"10:55:01","SZ","NB",5707646860,5279236676,10986883536,428410184
20191015,"10:56:01","SH","NB",5311803193,3745166993,9056970186,1566636200
20191015,"10:56:01","SZ","NB",5727969812,5310429282,11038399094,417540530
20191015,"10:57:01","SH","NB",5346296503,3774442797,9120739300,1571853706
20191015,"10:57:01","SZ","NB",5748539842,5341475154,11090014996,407064688
20191015,"10:58:01","SH","NB",5402919767,3799060319,9201980086,1603859448
20191015,"10:58:01","SZ","NB",5790146140,5362314171,11152460311,427831969
20191015,"10:59:01","SZ","NB",5808645005,5387649197,11196294202,420995808
20191015,"10:59:01","SH","NB",5428592406,3817052589,9245644995,1611539817
20191015,"11:00:01","SH","NB",5456200100,3834306277,9290506377,1621893823
20191015,"11:00:01","SZ","NB",5829580000,5412535217,11242115217,417044783
20191015,"11:01:01","SH","NB",5506263964,3871693301,9377957265,1634570663
20191015,"11:01:01","SZ","NB",5859403902,5443758019,11303161921,415645883
20191015,"11:02:01","SH","NB",5555743821,3898629821,9454373642,1657114000
20191015,"11:02:01","SZ","NB",5896262181,5468075772,11364337953,428186409
20191015,"11:03:01","SH","NB",5583724851,3923354966,9507079817,1660369885
20191015,"11:03:01","SZ","NB",5922206274,5486924874,11409131148,435281400
20191015,"11:04:01","SH","NB",5612268030,3942836779,9555104809,1669431251
20191015,"11:04:01","SZ","NB",5942404903,5513456296,11455861199,428948607
20191015,"11:05:01","SH","NB",5644529964,3959334319,9603864283,1685195645
20191015,"11:05:01","SZ","NB",5963929968,5534986916,11498916884,428943052
20191015,"11:06:01","SZ","NB",5985771227,5557068248,11542839475,428702979
20191015,"11:06:01","SH","NB",5667047509,3977068404,9644115913,1689979105
20191015,"11:07:01","SH","NB",5699753229,3997397097,9697150326,1702356132
20191015,"11:07:01","SZ","NB",6005973260,5589015605,11594988865,416957655
20191015,"11:08:01","SH","NB",5724985961,4023147425,9748133386,1701838536
20191015,"11:08:01","SZ","NB",6027317763,5612478056,11639795819,414839707
20191015,"11:09:01","SH","NB",5769873885,4048475091,9818348976,1721398794
20191015,"11:09:01","SZ","NB",6062574954,5633524911,11696099865,429050043
20191015,"11:10:01","SH","NB",5807225770,4066964669,9874190439,1740261101
20191015,"11:10:01","SZ","NB",6095229723,5654675299,11749905022,440554424
20191015,"11:11:01","SZ","NB",6123843876,5681980229,11805824105,441863647
20191015,"11:11:01","SH","NB",5844903637,4086954343,9931857980,1757949294
20191015,"11:12:01","SH","NB",5919834390,4111334354,10031168744,1808500036
20191015,"11:12:01","SZ","NB",6177475517,5700833740,11878309257,476641777
20191015,"11:13:01","SH","NB",5958992384,4125375910,10084368294,1833616474
20191015,"11:13:01","SZ","NB",6206418587,5719514155,11925932742,486904432
20191015,"11:14:01","SH","NB",5987664665,4146726250,10134390915,1840938415
20191015,"11:14:01","SZ","NB",6229477475,5736677957,11966155432,492799518
20191015,"11:15:01","SH","NB",6019062143,4159109165,10178171308,1859952978
20191015,"11:15:01","SZ","NB",6255442947,5750559128,12006002075,504883819
20191015,"11:16:01","SH","NB",6050629297,4179704108,10230333405,1870925189
20191015,"11:16:01","SZ","NB",6280222777,5770940418,12051163195,509282359
20191015,"11:17:01","SH","NB",6097460640,4198372140,10295832780,1899088500
20191015,"11:17:01","SZ","NB",6301065237,5789597480,12090662717,511467757
20191015,"11:18:01","SH","NB",6126967886,4212749215,10339717101,1914218671
20191015,"11:18:01","SZ","NB",6327117411,5813456815,12140574226,513660596
20191015,"11:19:01","SH","NB",6154868825,4225724434,10380593259,1929144391
20191015,"11:19:01","SZ","NB",6344969426,5834335440,12179304866,510633986
20191015,"11:20:01","SH","NB",6177870065,4239414838,10417284903,1938455227
20191015,"11:20:01","SZ","NB",6363895136,5850096160,12213991296,513798976
20191015,"11:21:01","SZ","NB",6389928023,5880641064,12270569087,509286959
20191015,"11:21:01","SH","NB",6202011007,4266952400,10468963407,1935058607
20191015,"11:22:01","SH","NB",6230202558,4283621977,10513824535,1946580581
20191015,"11:22:01","SZ","NB",6414022707,5898362750,12312385457,515659957
20191015,"11:23:01","SH","NB",6256703717,4297842112,10554545829,1958861605
20191015,"11:23:01","SZ","NB",6446993969,5915004517,12361998486,531989452
20191015,"11:24:01","SH","NB",6272256857,4311194929,10583451786,1961061928
20191015,"11:24:01","SZ","NB",6508293889,5932461100,12440754989,575832789
20191015,"11:25:01","SH","NB",6288180003,4323206353,10611386356,1964973650
20191015,"11:25:01","SZ","NB",6528110431,5950322603,12478433034,577787828
20191015,"11:26:01","SH","NB",6307097967,4341115144,10648213111,1965982823
20191015,"11:26:01","SZ","NB",6547763465,5966719262,12514482727,581044203
20191015,"11:27:01","SH","NB",6323281024,4361627342,10684908366,1961653682
20191015,"11:27:01","SZ","NB",6616191053,6034954811,12651145864,581236242
20191015,"11:28:01","SH","NB",6343327935,4374957148,10718285083,1968370787
20191015,"11:28:01","SZ","NB",6629699881,6053574483,12683274364,576125398
20191015,"11:29:01","SH","NB",6362850630,4388536725,10751387355,1974313905
20191015,"11:29:01","SZ","NB",6649364606,6066991398,12716356004,582373208
20191015,"11:30:01","SZ","NB",6668403365,6076070960,12744474325,592332405
20191015,"11:30:01","SH","NB",6386062758,4401908645,10787971403,1984154113
20191015,"11:31:01","SH","NB",6386102699,4401909243,10788011942,1984193456
20191015,"11:31:01","SZ","NB",6668404885,6076074613,12744479498,592330272
20191015,"13:01:01","SH","NB",6475526591,4451426052,10926952643,2024100539
20191015,"13:01:01","SZ","NB",6733076036,6129641433,12862717469,603434603
20191015,"13:02:01","SH","NB",6514294265,4480181212,10994475477,2034113053
20191015,"13:02:01","SZ","NB",6753319424,6167048150,12920367574,586271274
20191015,"13:03:01","SH","NB",6540652481,4500847092,11041499573,2039805389
20191015,"13:03:01","SZ","NB",6782584032,6195902539,12978486571,586681493
20191015,"13:04:01","SH","NB",6569190399,4517954506,11087144905,2051235893
20191015,"13:04:01","SZ","NB",6802046232,6213699914,13015746146,588346318
20191015,"13:05:01","SZ","NB",6827693862,6247408689,13075102551,580285173
20191015,"13:05:01","SH","NB",6601268084,4540915417,11142183501,2060352667
20191015,"13:06:01","SH","NB",6629834899,4562031503,11191866402,2067803396
20191015,"13:06:01","SZ","NB",6851186578,6271151542,13122338120,580035036
20191015,"13:07:01","SH","NB",6658421674,4582334283,11240755957,2076087391
20191015,"13:07:01","SZ","NB",6890965647,6287508568,13178474215,603457079
20191015,"13:08:01","SH","NB",6686271669,4598278632,11284550301,2087993037
20191015,"13:08:01","SZ","NB",6911602944,6309176202,13220779146,602426742
20191015,"13:09:01","SH","NB",6713765702,4613084018,11326849720,2100681684
20191015,"13:09:01","SZ","NB",6928759506,6322898131,13251657637,605861375
20191015,"13:10:01","SZ","NB",6945856014,6340340777,13286196791,605515237
20191015,"13:10:01","SH","NB",6736299304,4625863621,11362162925,2110435683
20191015,"13:11:01","SH","NB",6764319587,4647876628,11412196215,2116442959
20191015,"13:11:01","SZ","NB",6972854354,6363750182,13336604536,609104172
20191015,"13:12:01","SH","NB",6789612743,4664404781,11454017524,2125207962
20191015,"13:12:01","SZ","NB",6989334197,6382345751,13371679948,606988446
20191015,"13:13:01","SH","NB",6811929955,4682660690,11494590645,2129269265
20191015,"13:13:01","SZ","NB",7009445605,6403309779,13412755384,606135826
20191015,"13:14:01","SZ","NB",7028590373,6433957484,13462547857,594632889
20191015,"13:14:01","SH","NB",6846509209,4709916494,11556425703,2136592715
20191015,"13:15:01","SH","NB",6869421045,4728309223,11597730268,2141111822
20191015,"13:15:01","SZ","NB",7050895946,6453210830,13504106776,597685116
20191015,"13:16:01","SH","NB",6913838756,4752672979,11666511735,2161165777
20191015,"13:16:01","SZ","NB",7078083987,6470747538,13548831525,607336449
20191015,"13:17:01","SH","NB",6938408919,4771088132,11709497051,2167320787
20191015,"13:17:01","SZ","NB",7098415005,6485948521,13584363526,612466484
20191015,"13:18:01","SH","NB",6963707360,4790693462,11754400822,2173013898
20191015,"13:18:01","SZ","NB",7118197352,6507175225,13625372577,611022127
20191015,"13:19:01","SZ","NB",7134681023,6528600666,13663281689,606080357
20191015,"13:19:01","SH","NB",6984998797,4810080479,11795079276,2174918318
20191015,"13:20:01","SH","NB",7011079354,4825037110,11836116464,2186042244
20191015,"13:20:01","SZ","NB",7152777154,6544764968,13697542122,608012186
20191015,"13:21:01","SH","NB",7042226825,4855934940,11898161765,2186291885
20191015,"13:21:01","SZ","NB",7178673056,6570505726,13749178782,608167330
20191015,"13:22:01","SH","NB",7076204205,4875527100,11951731305,2200677105
20191015,"13:22:01","SZ","NB",7198410715,6591068862,13789479577,607341853
20191015,"13:23:01","SH","NB",7101069981,4893559218,11994629199,2207510763
20191015,"13:23:01","SZ","NB",7218439209,6610256806,13828696015,608182403
20191015,"13:24:01","SH","NB",7126431236,4922356316,12048787552,2204074920
20191015,"13:24:01","SZ","NB",7236939057,6625796617,13862735674,611142440
20191015,"13:25:01","SH","NB",7156174384,4946211363,12102385747,2209963021
20191015,"13:25:01","SZ","NB",7261628782,6650184512,13911813294,611444270
20191015,"13:26:01","SH","NB",7182133894,4966592132,12148726026,2215541762
20191015,"13:26:01","SZ","NB",7295105215,6672662849,13967768064,622442366
20191015,"13:27:01","SZ","NB",7324797569,6692898693,14017696262,631898876
20191015,"13:27:01","SH","NB",7214240647,4982085107,12196325754,2232155540
20191015,"13:28:01","SH","NB",7302643212,5009776084,12312419296,2292867128
20191015,"13:28:01","SZ","NB",7389245844,6720011019,14109256863,669234825
20191015,"13:29:01","SH","NB",7333507552,5048300607,12381808159,2285206945
20191015,"13:29:01","SZ","NB",7413725380,6747527585,14161252965,666197795
20191015,"13:30:01","SH","NB",7356939688,5085527251,12442466939,2271412437
20191015,"13:30:01","SZ","NB",7436257891,6778691562,14214949453,657566329
20191015,"13:31:01","SH","NB",7380941935,5109097189,12490039124,2271844746
20191015,"13:31:01","SZ","NB",7461754805,6796937542,14258692347,664817263
20191015,"13:32:01","SZ","NB",7493932419,6813790671,14307723090,680141748
20191015,"13:32:01","SH","NB",7419561438,5129219987,12548781425,2290341451
20191015,"13:33:01","SH","NB",7452821413,5145821166,12598642579,2307000247
20191015,"13:33:01","SZ","NB",7512797205,6835153826,14347951031,677643379
20191015,"13:34:01","SH","NB",7473947910,5162575095,12636523005,2311372815
20191015,"13:34:01","SZ","NB",7532024097,6852469013,14384493110,679555084
20191015,"13:35:01","SH","NB",7497713639,5178686487,12676400126,2319027152
20191015,"13:35:01","SZ","NB",7551083487,6863962469,14415045956,687121018
20191015,"13:36:01","SH","NB",7528864476,5193025974,12721890450,2335838502
20191015,"13:36:01","SZ","NB",7570141268,6883537981,14453679249,686603287
20191015,"13:37:01","SH","NB",7551820373,5211663821,12763484194,2340156552
20191015,"13:37:01","SZ","NB",7590707350,6904516377,14495223727,686190973
20191015,"13:38:01","SZ","NB",7611500779,6925695334,14537196113,685805445
20191015,"13:38:01","SH","NB",7581781964,5229812583,12811594547,2351969381
20191015,"13:39:01","SH","NB",7608784922,5251125118,12859910040,2357659804
20191015,"13:39:01","SZ","NB",7636677421,6939510412,14576187833,697167009
20191015,"13:40:01","SH","NB",7627416627,5265808598,12893225225,2361608029
20191015,"13:40:01","SZ","NB",7653798765,6961123078,14614921843,692675687
20191015,"13:41:01","SH","NB",7693804969,5291541877,12985346846,2402263092
20191015,"13:41:01","SZ","NB",7716026619,6984307969,14700334588,731718650
20191015,"13:42:01","SH","NB",7719044681,5309317816,13028362497,2409726865
20191015,"13:42:01","SZ","NB",7744826487,7005010795,14749837282,739815692
20191015,"13:43:01","SH","NB",7736158438,5323630215,13059788653,2412528223
20191015,"13:43:01","SZ","NB",7764120271,7020302811,14784423082,743817460
20191015,"13:44:01","SH","NB",7753640950,5339272012,13092912962,2414368938
20191015,"13:44:01","SZ","NB",7782724106,7034883272,14817607378,747840834
20191015,"13:45:01","SH","NB",7774264386,5358549851,13132814237,2415714535
20191015,"13:45:01","SZ","NB",7802092315,7055430137,14857522452,746662178
20191015,"13:46:01","SH","NB",7793145757,5373413244,13166559001,2419732513
20191015,"13:46:01","SZ","NB",7829203905,7070924165,14900128070,758279740
20191015,"13:47:01","SH","NB",7817914105,5393939968,13211854073,2423974137
20191015,"13:47:01","SZ","NB",7853892545,7093936104,14947828649,759956441
20191015,"13:48:01","SZ","NB",7869907300,7115589309,14985496609,754317991
20191015,"13:48:01","SH","NB",7839927027,5410274427,13250201454,2429652600
20191015,"13:49:01","SH","NB",7856463057,5428132174,13284595231,2428330883
20191015,"13:49:01","SZ","NB",7887720345,7130477074,15018197419,757243271
20191015,"13:50:01","SH","NB",7872947872,5444956133,13317904005,2427991739
20191015,"13:50:01","SZ","NB",7911829203,7144894251,15056723454,766934952
20191015,"13:51:01","SZ","NB",7930159331,7168299814,15098459145,761859517
20191015,"13:51:01","SH","NB",7894664467,5465542892,13360207359,2429121575
20191015,"13:52:01","SH","NB",7916399006,5489123326,13405522332,2427275680
20191015,"13:52:01","SZ","NB",7954120427,7190051017,15144171444,764069410
20191015,"13:53:01","SH","NB",7975808394,5510206582,13486014976,2465601812
20191015,"13:53:01","SZ","NB",7984164039,7209022692,15193186731,775141347
20191015,"13:54:01","SH","NB",8005620398,5532818273,13538438671,2472802125
20191015,"13:54:01","SZ","NB",8003341453,7221463290,15224804743,781878163
20191015,"13:55:01","SH","NB",8024373570,5548497435,13572871005,2475876135
20191015,"13:55:01","SZ","NB",8021370805,7235507226,15256878031,785863579
20191015,"13:56:01","SH","NB",8049007917,5577728479,13626736396,2471279438
20191015,"13:56:01","SZ","NB",8037313253,7254758814,15292072067,782554439
20191015,"13:57:01","SH","NB",8080785697,5594047539,13674833236,2486738158
20191015,"13:57:01","SZ","NB",8066369357,7272199798,15338569155,794169559
20191015,"13:58:01","SH","NB",8109333997,5613501076,13722835073,2495832921
20191015,"13:58:01","SZ","NB",8100257416,7291953767,15392211183,808303649
20191015,"13:59:01","SZ","NB",8115536010,7306813635,15422349645,808722375
20191015,"13:59:01","SH","NB",8147600395,5633552300,13781152695,2514048095
20191015,"14:00:01","SH","NB",8177538770,5651612980,13829151750,2525925790
20191015,"14:00:01","SZ","NB",8139204512,7324041998,15463246510,815162514
20191015,"14:01:01","SH","NB",8273712787,5677659098,13951371885,2596053689
20191015,"14:01:01","SZ","NB",8215074634,7352655146,15567729780,862419488
20191015,"14:02:01","SH","NB",8314410384,5707461943,14021872327,2606948441
20191015,"14:02:01","SZ","NB",8263830209,7392209939,15656040148,871620270
20191015,"14:03:01","SH","NB",8337172402,5731307337,14068479739,2605865065
20191015,"14:03:01","SZ","NB",8286843152,7428934058,15715777210,857909094
20191015,"14:04:01","SH","NB",8361500544,5760386568,14121887112,2601113976
20191015,"14:04:01","SZ","NB",8309323497,7465228451,15774551948,844095046
20191015,"14:05:01","SH","NB",8379521758,5778779765,14158301523,2600741993
20191015,"14:05:01","SZ","NB",8333256813,7486874407,15820131220,846382406
20191015,"14:06:01","SH","NB",8407312510,5803214253,14210526763,2604098257
20191015,"14:06:01","SZ","NB",8357399761,7505100820,15862500581,852298941
20191015,"14:07:01","SH","NB",8431056502,5824617277,14255673779,2606439225
20191015,"14:07:01","SZ","NB",8375353686,7526381091,15901734777,848972595
20191015,"14:08:01","SH","NB",8459243760,5848990538,14308234298,2610253222
20191015,"14:08:01","SZ","NB",8393178531,7545199254,15938377785,847979277
20191015,"14:09:01","SZ","NB",8410536767,7562276270,15972813037,848260497
20191015,"14:09:01","SH","NB",8479268205,5868206309,14347474514,2611061896
20191015,"14:10:01","SH","NB",8500970091,5906002963,14406973054,2594967128
20191015,"14:10:01","SZ","NB",8426537687,7583251335,16009789022,843286352
20191015,"14:11:01","SH","NB",8524971592,5943760712,14468732304,2581210880
20191015,"14:11:01","SZ","NB",8454780326,7614692838,16069473164,840087488
20191015,"14:12:01","SZ","NB",8476597543,7633894559,16110492102,842702984
20191015,"14:12:01","SH","NB",8550028758,5966183038,14516211796,2583845720
20191015,"14:13:01","SH","NB",8583457322,5986283740,14569741062,2597173582
20191015,"14:13:01","SZ","NB",8498176005,7649109186,16147285191,849066819
20191015,"14:14:01","SH","NB",8603868616,6004983434,14608852050,2598885182
20191015,"14:14:01","SZ","NB",8519714947,7666982005,16186696952,852732942
20191015,"14:15:01","SH","NB",8629881164,6025929457,14655810621,2603951707
20191015,"14:15:01","SZ","NB",8542234831,7687612777,16229847608,854622054
20191015,"14:16:01","SH","NB",8650701341,6048320493,14699021834,2602380848
20191015,"14:16:01","SZ","NB",8567064111,7710832720,16277896831,856231391
20191015,"14:17:01","SH","NB",8675476837,6066974978,14742451815,2608501859
20191015,"14:17:01","SZ","NB",8588922486,7736411479,16325333965,852511007
20191015,"14:18:01","SH","NB",8700721224,6090177138,14790898362,2610544086
20191015,"14:18:01","SZ","NB",8608953769,7761250993,16370204762,847702776
20191015,"14:19:01","SH","NB",8736515592,6115204203,14851719795,2621311389
20191015,"14:19:01","SZ","NB",8646498561,7789318755,16435817316,857179806
20191015,"14:20:01","SH","NB",8758434790,6140930222,14899365012,2617504568
20191015,"14:20:01","SZ","NB",8669447502,7825796856,16495244358,843650646
20191015,"14:21:01","SH","NB",8784677872,6185713464,14970391336,2598964408
20191015,"14:21:01","SZ","NB",8697606932,7877753317,16575360249,819853615
20191015,"14:22:01","SZ","NB",8726020139,7933905026,16659925165,792115113
20191015,"14:22:01","SH","NB",8811211493,6224435095,15035646588,2586776398
20191015,"14:23:01","SH","NB",8841525858,6263188994,15104714852,2578336864
20191015,"14:23:01","SZ","NB",8761362762,7970061265,16731424027,791301497
20191015,"14:24:01","SH","NB",8872690708,6289592160,15162282868,2583098548
20191015,"14:24:01","SZ","NB",8801145865,7997126634,16798272499,804019231
20191015,"14:25:01","SH","NB",8908857182,6307900572,15216757754,2600956610
20191015,"14:25:01","SZ","NB",8830522331,8013770038,16844292369,816752293
20191015,"14:26:01","SH","NB",8942944410,6330891529,15273835939,2612052881
20191015,"14:26:01","SZ","NB",8861696064,8035089921,16896785985,826606143
20191015,"14:27:01","SH","NB",8970943666,6354535433,15325479099,2616408233
20191015,"14:27:01","SZ","NB",8888084492,8055508931,16943593423,832575561
20191015,"14:28:01","SZ","NB",8913697299,8079676780,16993374079,834020519
20191015,"14:28:01","SH","NB",9000922884,6377471039,15378393923,2623451845
20191015,"14:29:01","SH","NB",9035024948,6402814912,15437839860,2632210036
20191015,"14:29:01","SZ","NB",8943473830,8108795930,17052269760,834677900
20191015,"14:30:01","SH","NB",9075027332,6425080205,15500107537,2649947127
20191015,"14:30:01","SZ","NB",8971809127,8134480137,17106289264,837328990
20191015,"14:31:01","SH","NB",9108908247,6445148855,15554057102,2663759392
20191015,"14:31:01","SZ","NB",9010438669,8168586493,17179025162,841852176
20191015,"14:32:01","SH","NB",9147749935,6466602193,15614352128,2681147742
20191015,"14:32:01","SZ","NB",9050930651,8199976014,17250906665,850954637
20191015,"14:33:01","SH","NB",9189487972,6489157132,15678645104,2700330840
20191015,"14:33:01","SZ","NB",9094185213,8222232330,17316417543,871952883
20191015,"14:34:01","SH","NB",9217320483,6521397118,15738717601,2695923365
20191015,"14:34:01","SZ","NB",9126123049,8261628171,17387751220,864494878
20191015,"14:35:01","SZ","NB",9157587631,8298541807,17456129438,859045824
20191015,"14:35:01","SH","NB",9245554533,6552565122,15798119655,2692989411
20191015,"14:36:01","SH","NB",9289708798,6584075755,15873784553,2705633043
20191015,"14:36:01","SZ","NB",9193596155,8327416203,17521012358,866179952
20191015,"14:37:01","SH","NB",9327257049,6615501892,15942758941,2711755157
20191015,"14:37:01","SZ","NB",9226463324,8361569832,17588033156,864893492
20191015,"14:38:01","SH","NB",9391534228,6645996826,16037531054,2745537402
20191015,"14:38:01","SZ","NB",9268822461,8395786302,17664608763,873036159
20191015,"14:39:01","SH","NB",9441703214,6674661289,16116364503,2767041925
20191015,"14:39:01","SZ","NB",9301279244,8430409511,17731688755,870869733
20191015,"14:40:01","SH","NB",9471471999,6706641621,16178113620,2764830378
20191015,"14:40:01","SZ","NB",9333550328,8468795580,17802345908,864754748
20191015,"14:41:01","SH","NB",9548878788,6787043337,16335922125,2761835451
20191015,"14:41:01","SZ","NB",9371626363,8531278002,17902904365,840348361
20191015,"14:42:01","SH","NB",9589077220,6832626332,16421703552,2756450888
20191015,"14:42:01","SZ","NB",9408067456,8576316162,17984383618,831751294
20191015,"14:43:01","SH","NB",9621815541,6864815165,16486630706,2757000376
20191015,"14:43:01","SZ","NB",9439147464,8604987864,18044135328,834159600
20191015,"14:44:01","SH","NB",9663984645,6901470471,16565455116,2762514174
20191015,"14:44:01","SZ","NB",9475033822,8635981347,18111015169,839052475
20191015,"14:45:01","SZ","NB",9510815934,8662592743,18173408677,848223191
20191015,"14:45:01","SH","NB",9690202079,6934159180,16624361259,2756042899
20191015,"14:46:01","SH","NB",9771715352,6997620906,16769336258,2774094446
20191015,"14:46:01","SZ","NB",9566936661,8693543938,18260480599,873392723
20191015,"14:47:01","SH","NB",9814130191,7032977634,16847107825,2781152557
20191015,"14:47:01","SZ","NB",9607186407,8731224173,18338410580,875962234
20191015,"14:48:01","SH","NB",9859755834,7076849285,16936605119,2782906549
20191015,"14:48:01","SZ","NB",9651785193,8765547589,18417332782,886237604
20191015,"14:49:01","SH","NB",9894558954,7118823358,17013382312,2775735596
20191015,"14:49:01","SZ","NB",9692651044,8796896318,18489547362,895754726
20191015,"14:50:01","SH","NB",9934801342,7160191375,17094992717,2774609967
20191015,"14:50:01","SZ","NB",9736766752,8834848234,18571614986,901918518
20191015,"14:51:01","SH","NB",9985595508,7223522115,17209117623,2762073393
20191015,"14:51:01","SZ","NB",9808864876,8880231713,18689096589,928633163
20191015,"14:52:01","SH","NB",10026007697,7266728512,17292736209,2759279185
20191015,"14:52:01","SZ","NB",9853951001,8924944008,18778895009,929006993
20191015,"14:53:01","SZ","NB",9901075120,8958292488,18859367608,942782632
20191015,"14:53:01","SH","NB",10085816953,7341582512,17427399465,2744234441
20191015,"14:54:01","SH","NB",10136449040,7404459579,17540908619,2731989461
20191015,"14:54:01","SZ","NB",9969076241,9003590161,18972666402,965486080
20191015,"14:55:01","SH","NB",10174159223,7446409267,17620568490,2727749956
20191015,"14:55:01","SZ","NB",10012951371,9035729887,19048681258,977221484
20191015,"14:56:01","SH","NB",10220301609,7498113788,17718415397,2722187821
20191015,"14:56:01","SZ","NB",10065268447,9070895990,19136164437,994372457
20191015,"14:57:01","SH","NB",10256536360,7533784846,17790321206,2722751514
20191015,"14:57:01","SZ","NB",10100125022,9106802382,19206927404,993322640
20191015,"14:58:01","SH","NB",10256562455,7533923791,17790486246,2722638664
20191015,"14:58:01","SZ","NB",10100169885,9106812778,19206982663,993357107
20191015,"15:01:01","SH","NB",10375849588,7678923096,18054772684,2696926492
20191015,"15:01:01","SZ","NB",10190524741,9216197922,19406722663,974326819
