dataDate,dataTime,connectMarket,tradeDirection,buyTurnover,sellTurnover,totalTurnover,netTurnover
20200805,"09:30:01","SH","NB",224192764,222857113,447049877,1335651
20200805,"09:30:01","SZ","NB",226119524,243429315,469548839,-17309791
20200805,"09:31:01","SH","NB",688626006,730837032,1419463038,-42211026
20200805,"09:31:01","SZ","NB",908457393,1257170671,2165628064,-348713278
20200805,"09:32:01","SH","NB",1283105294,1283559514,2566664808,-454220
20200805,"09:32:01","SZ","NB",1744299940,1973360475,3717660415,-229060535
20200805,"09:33:01","SZ","NB",2213633287,2636659817,4850293104,-423026530
20200805,"09:33:01","SH","NB",1653706939,1711931118,3365638057,-58224179
20200805,"09:34:01","SH","NB",1994475345,2164733558,4159208903,-170258213
20200805,"09:34:01","SZ","NB",2742206145,3395245274,6137451419,-653039129
20200805,"09:35:01","SH","NB",2444053848,2600199531,5044253379,-156145683
20200805,"09:35:01","SZ","NB",3431891292,3946660757,7378552049,-514769465
20200805,"09:36:01","SH","NB",2717390350,3148440138,5865830488,-431049788
20200805,"09:36:01","SZ","NB",3882602786,4547377612,8429980398,-664774826
20200805,"09:37:01","SH","NB",2943266362,3798250014,6741516376,-854983652
20200805,"09:37:01","SZ","NB",4276176810,5393669130,9669845940,-1117492320
20200805,"09:38:01","SH","NB",3404378189,4189638599,7594016788,-785260410
20200805,"09:38:01","SZ","NB",5093351421,5779433779,10872785200,-686082358
20200805,"09:39:01","SH","NB",3657614002,4524403316,8182017318,-866789314
20200805,"09:39:01","SZ","NB",5512440206,6221796278,11734236484,-709356072
20200805,"09:40:01","SH","NB",3857746973,4740922012,8598668985,-883175039
20200805,"09:40:01","SZ","NB",5883833899,6516944166,12400778065,-633110267
20200805,"09:41:01","SH","NB",4261859877,4988325835,9250185712,-726465958
20200805,"09:41:01","SZ","NB",6583107494,6838425889,13421533383,-255318395
20200805,"09:42:01","SZ","NB",6943942835,7404006829,14347949664,-460063994
20200805,"09:42:01","SH","NB",4468261522,5428108655,9896370177,-959847133
20200805,"09:43:01","SH","NB",4650099763,5741056862,10391156625,-1090957099
20200805,"09:43:01","SZ","NB",7307936372,7821575977,15129512349,-513639605
20200805,"09:44:01","SH","NB",4865878110,5959508412,10825386522,-1093630302
20200805,"09:44:01","SZ","NB",7614075260,8114892176,15728967436,-500816916
20200805,"09:45:01","SZ","NB",7809458792,8408533127,16217991919,-599074335
20200805,"09:45:01","SH","NB",4992520007,6158255015,11150775022,-1165735008
20200805,"09:46:01","SH","NB",5104694150,6704197220,11808891370,-1599503070
20200805,"09:46:01","SZ","NB",7977526054,8984323759,16961849813,-1006797705
20200805,"09:47:01","SZ","NB",8307446625,9323737007,17631183632,-1016290382
20200805,"09:47:01","SH","NB",5273905797,7001934343,12275840140,-1728028546
20200805,"09:48:01","SH","NB",5537426496,7133272593,12670699089,-1595846097
20200805,"09:48:01","SZ","NB",8746654065,9479212168,18225866233,-732558103
20200805,"09:49:01","SH","NB",5669762307,7304598692,12974360999,-1634836385
20200805,"09:49:01","SZ","NB",8934421523,9732374789,18666796312,-797953266
20200805,"09:50:01","SH","NB",5795418665,7473237812,13268656477,-1677819147
20200805,"09:50:01","SZ","NB",9103583831,9973562299,19077146130,-869978468
20200805,"09:51:01","SH","NB",6036046712,7610655655,13646702367,-1574608943
20200805,"09:51:01","SZ","NB",9572303495,10202853411,19775156906,-630549916
20200805,"09:52:01","SH","NB",6155296588,7786200559,13941497147,-1630903971
20200805,"09:52:01","SZ","NB",9783712828,10538159120,20321871948,-754446292
20200805,"09:53:01","SH","NB",6292976506,8019076396,14312052902,-1726099890
20200805,"09:53:01","SZ","NB",9973844656,10869179393,20843024049,-895334737
20200805,"09:54:01","SH","NB",6401872311,8286078232,14687950543,-1884205921
20200805,"09:54:01","SZ","NB",10133228410,11255582837,21388811247,-1122354427
20200805,"09:55:01","SH","NB",6527559643,8613100883,15140660526,-2085541240
20200805,"09:55:01","SZ","NB",10290405150,11552640458,21843045608,-1262235308
20200805,"09:56:01","SH","NB",6708789128,8999936823,15708725951,-2291147695
20200805,"09:56:01","SZ","NB",10522311420,11976995247,22499306667,-1454683827
20200805,"09:57:01","SZ","NB",10969937057,12196487710,23166424767,-1226550653
20200805,"09:57:01","SH","NB",6966126680,9178117385,16144244065,-2211990705
20200805,"09:58:01","SH","NB",7079993245,9462983706,16542976951,-2382990461
20200805,"09:58:01","SZ","NB",11181062650,12458933695,23639996345,-1277871045
20200805,"09:59:01","SH","NB",7235706746,9640518634,16876225380,-2404811888
20200805,"09:59:01","SZ","NB",11425579866,12643822656,24069402522,-1218242790
20200805,"10:00:01","SH","NB",7383389404,9772768263,17156157667,-2389378859
20200805,"10:00:01","SZ","NB",11711656573,12769179226,24480835799,-1057522653
20200805,"10:01:01","SH","NB",7710009234,9902165055,17612174289,-2192155821
20200805,"10:01:01","SZ","NB",12319133415,12906034679,25225168094,-586901264
20200805,"10:02:01","SZ","NB",12499132078,13386018612,25885150690,-886886534
20200805,"10:02:01","SH","NB",7850456044,10363270987,18213727031,-2512814943
20200805,"10:03:01","SH","NB",7934953331,10663999694,18598953025,-2729046363
20200805,"10:03:01","SZ","NB",12615115021,13733193126,26348308147,-1118078105
20200805,"10:04:01","SH","NB",8079804975,10951245087,19031050062,-2871440112
20200805,"10:04:01","SZ","NB",12833003664,14036792296,26869795960,-1203788632
20200805,"10:05:01","SH","NB",8264349892,11113454163,19377804055,-2849104271
20200805,"10:05:01","SZ","NB",13078697144,14192161469,27270858613,-1113464325
20200805,"10:06:01","SH","NB",8398570898,11224567017,19623137915,-2825996119
20200805,"10:06:01","SZ","NB",13289876955,14289877961,27579754916,-1000001006
20200805,"10:07:01","SH","NB",8665302981,11336729696,20002032677,-2671426715
20200805,"10:07:01","SZ","NB",13622772508,14405039631,28027812139,-782267123
20200805,"10:08:01","SH","NB",8763819893,11598807935,20362627828,-2834988042
20200805,"10:08:01","SZ","NB",13766743426,14705618574,28472362000,-938875148
20200805,"10:09:01","SH","NB",8839425971,11672309170,20511735141,-2832883199
20200805,"10:09:01","SZ","NB",13892825742,14820641925,28713467667,-927816183
20200805,"10:10:01","SH","NB",8921929031,11760844764,20682773795,-2838915733
20200805,"10:10:01","SZ","NB",14020843083,14956615381,28977458464,-935772298
20200805,"10:11:01","SH","NB",9098998663,11859390494,20958389157,-2760391831
20200805,"10:11:01","SZ","NB",14333313027,15048573035,29381886062,-715260008
20200805,"10:12:01","SZ","NB",14521741589,15372148266,29893889855,-850406677
20200805,"10:12:01","SH","NB",9225490832,12115013044,21340503876,-2889522212
20200805,"10:13:01","SH","NB",9330639085,12204235645,21534874730,-2873596560
20200805,"10:13:01","SZ","NB",14667765183,15498077731,30165842914,-830312548
20200805,"10:14:01","SH","NB",9520198169,12281611047,21801809216,-2761412878
20200805,"10:14:01","SZ","NB",14945276593,15585415722,30530692315,-640139129
20200805,"10:15:01","SH","NB",9654567351,12441156062,22095723413,-2786588711
20200805,"10:15:01","SZ","NB",15100598250,15753615731,30854213981,-653017481
20200805,"10:16:01","SH","NB",9718439225,12521208857,22239648082,-2802769632
20200805,"10:16:01","SZ","NB",15222167082,15842704467,31064871549,-620537385
20200805,"10:17:01","SH","NB",9774080248,12642598654,22416678902,-2868518406
20200805,"10:17:01","SZ","NB",15315238561,15974924034,31290162595,-659685473
20200805,"10:18:01","SH","NB",9862480992,12691948771,22554429763,-2829467779
20200805,"10:18:01","SZ","NB",15440462930,16052720590,31493183520,-612257660
20200805,"10:19:01","SZ","NB",15520308117,16123682681,31643990798,-603374564
20200805,"10:19:01","SH","NB",9914057924,12766068515,22680126439,-2852010591
20200805,"10:20:01","SH","NB",10027814396,12855917429,22883731825,-2828103033
20200805,"10:20:01","SZ","NB",15668943728,16211444330,31880388058,-542500602
20200805,"10:21:01","SH","NB",10178165915,12937229770,23115395685,-2759063855
20200805,"10:21:01","SZ","NB",15915685225,16330242058,32245927283,-414556833
20200805,"10:22:01","SH","NB",10269221507,13037164556,23306386063,-2767943049
20200805,"10:22:01","SZ","NB",16055206843,16424767829,32479974672,-369560986
20200805,"10:23:01","SH","NB",10405991676,13111496324,23517488000,-2705504648
20200805,"10:23:01","SZ","NB",16253838726,16533239704,32787078430,-279400978
20200805,"10:24:01","SH","NB",10508828507,13195663404,23704491911,-2686834897
20200805,"10:24:01","SZ","NB",16396439712,16640115999,33036555711,-243676287
20200805,"10:25:01","SH","NB",10571043299,13308048210,23879091509,-2737004911
20200805,"10:25:01","SZ","NB",16480670494,16825468228,33306138722,-344797734
20200805,"10:26:01","SH","NB",10677462445,13404168627,24081631072,-2726706182
20200805,"10:26:01","SZ","NB",16618921348,16932949309,33551870657,-314027961
20200805,"10:27:01","SH","NB",10735358036,13478745814,24214103850,-2743387778
20200805,"10:27:01","SZ","NB",16701021250,17025866734,33726887984,-324845484
20200805,"10:28:01","SZ","NB",16816837926,17140515969,33957353895,-323678043
20200805,"10:28:01","SH","NB",10794249040,13608374163,24402623203,-2814125123
20200805,"10:29:01","SH","NB",10864166138,13666478678,24530644816,-2802312540
20200805,"10:29:01","SZ","NB",16965884281,17204215848,34170100129,-238331567
20200805,"10:30:01","SH","NB",10937670045,13764351168,24702021213,-2826681123
20200805,"10:30:01","SZ","NB",17090313656,17298058406,34388372062,-207744750
20200805,"10:31:01","SH","NB",11034721864,13865601928,24900323792,-2830880064
20200805,"10:31:01","SZ","NB",17276040430,17420340638,34696381068,-144300208
20200805,"10:32:01","SH","NB",11099078167,13997198614,25096276781,-2898120447
20200805,"10:32:01","SZ","NB",17388291657,17594010465,34982302122,-205718808
20200805,"10:33:01","SH","NB",11159349822,14082900556,25242250378,-2923550734
20200805,"10:33:01","SZ","NB",17488839704,17718932733,35207772437,-230093029
20200805,"10:34:01","SH","NB",11226033041,14321774781,25547807822,-3095741740
20200805,"10:34:01","SZ","NB",17592987843,17947083164,35540071007,-354095321
20200805,"10:35:01","SH","NB",11292545780,14454076180,25746621960,-3161530400
20200805,"10:35:01","SZ","NB",17690311456,18066428669,35756740125,-376117213
20200805,"10:36:01","SZ","NB",17823583384,18168495567,35992078951,-344912183
20200805,"10:36:01","SH","NB",11377688249,14593605619,25971293868,-3215917370
20200805,"10:37:01","SH","NB",11468332127,14645623032,26113955159,-3177290905
20200805,"10:37:01","SZ","NB",17949127119,18234438134,36183565253,-285311015
20200805,"10:38:01","SH","NB",11700509538,14704912691,26405422229,-3004403153
20200805,"10:38:01","SZ","NB",18298439191,18309899529,36608338720,-11460338
20200805,"10:39:01","SH","NB",11750477698,14785071428,26535549126,-3034593730
20200805,"10:39:01","SZ","NB",18381999778,18389242373,36771242151,-7242595
20200805,"10:40:01","SH","NB",11796804000,14840868459,26637672459,-3044064459
20200805,"10:40:01","SZ","NB",18459300641,18452398157,36911698798,6902484
20200805,"10:41:01","SH","NB",11876698906,14891015808,26767714714,-3014316902
20200805,"10:41:01","SZ","NB",18578493193,18527376033,37105869226,51117160
20200805,"10:42:01","SH","NB",11969340044,14968566956,26937907000,-2999226912
20200805,"10:42:01","SZ","NB",18680522995,18633374520,37313897515,47148475
20200805,"10:43:01","SH","NB",12043437480,15069346253,27112783733,-3025908773
20200805,"10:43:01","SZ","NB",18814690213,18744542544,37559232757,70147669
20200805,"10:44:01","SH","NB",12166736679,15120523606,27287260285,-2953786927
20200805,"10:44:01","SZ","NB",18943919677,18825804234,37769723911,118115443
20200805,"10:45:01","SZ","NB",19020730058,18893665862,37914395920,127064196
20200805,"10:45:01","SH","NB",12230835570,15164875726,27395711296,-2934040156
20200805,"10:46:01","SH","NB",12308755320,15233423593,27542178913,-2924668273
20200805,"10:46:01","SZ","NB",19119396682,19001406130,38120802812,117990552
20200805,"10:47:01","SH","NB",12389416819,15275271811,27664688630,-2885854992
20200805,"10:47:01","SZ","NB",19198592234,19059212239,38257804473,139379995
20200805,"10:48:01","SH","NB",12459218426,15322616080,27781834506,-2863397654
20200805,"10:48:01","SZ","NB",19290797874,19125862514,38416660388,164935360
20200805,"10:49:01","SH","NB",12516118630,15374481815,27890600445,-2858363185
20200805,"10:49:01","SZ","NB",19374913999,19207192341,38582106340,167721658
20200805,"10:50:01","SH","NB",12563601274,15503465742,28067067016,-2939864468
20200805,"10:50:01","SZ","NB",19434056370,19403386992,38837443362,30669378
20200805,"10:51:01","SZ","NB",19515124119,19564730476,39079854595,-49606357
20200805,"10:51:01","SH","NB",12623163787,15597223187,28220386974,-2974059400
20200805,"10:52:01","SH","NB",12695259305,15639540440,28334799745,-2944281135
20200805,"10:52:01","SZ","NB",19607385743,19609404607,39216790350,-2018864
20200805,"10:53:01","SH","NB",12824353842,15694905586,28519259428,-2870551744
20200805,"10:53:01","SZ","NB",19771861423,19683137317,39454998740,88724106
20200805,"10:54:01","SH","NB",12868946787,15751531830,28620478617,-2882585043
20200805,"10:54:01","SZ","NB",19834342356,19769157616,39603499972,65184740
20200805,"10:55:01","SH","NB",12913645334,15800885977,28714531311,-2887240643
20200805,"10:55:01","SZ","NB",19896611869,19841624053,39738235922,54987816
20200805,"10:56:01","SZ","NB",20001861712,19889104146,39890965858,112757566
20200805,"10:56:01","SH","NB",12964399249,15837609977,28802009226,-2873210728
20200805,"10:57:01","SH","NB",12992565253,15903915404,28896480657,-2911350151
20200805,"10:57:01","SZ","NB",20050860312,19983621134,40034481446,67239178
20200805,"10:58:01","SH","NB",13019811518,15981315691,29001127209,-2961504173
20200805,"10:58:01","SZ","NB",20090968511,20068563749,40159532260,22404762
20200805,"10:59:01","SH","NB",13059656169,16043951926,29103608095,-2984295757
20200805,"10:59:01","SZ","NB",20144164347,20148774410,40292938757,-4610063
20200805,"11:00:03","SH","NB",13180613092,16083945842,29264558934,-2903332750
20200805,"11:00:03","SZ","NB",20290734610,20191546296,40482280906,99188314
20200805,"11:01:01","SH","NB",13263438941,16131040019,29394478960,-2867601078
20200805,"11:01:01","SZ","NB",20413436599,20252443288,40665879887,160993311
20200805,"11:02:01","SH","NB",13308854571,16199164124,29508018695,-2890309553
20200805,"11:02:01","SZ","NB",20474845415,20370018471,40844863886,104826944
20200805,"11:03:01","SH","NB",13358244273,16309242475,29667486748,-2950998202
20200805,"11:03:01","SZ","NB",20535449276,20512413526,41047862802,23035750
20200805,"11:04:01","SZ","NB",20652612747,20568772529,41221385276,83840218
20200805,"11:04:01","SH","NB",13444518335,16361756120,29806274455,-2917237785
20200805,"11:05:01","SH","NB",13494456662,16410452118,29904908780,-2915995456
20200805,"11:05:01","SZ","NB",20740633935,20628021333,41368655268,112612602
20200805,"11:06:01","SH","NB",13560892698,16446982599,30007875297,-2886089901
20200805,"11:06:01","SZ","NB",20819782781,20676300500,41496083281,143482281
20200805,"11:07:01","SH","NB",13627554975,16511778703,30139333678,-2884223728
20200805,"11:07:01","SZ","NB",20875000384,20754609676,41629610060,120390708
20200805,"11:08:01","SH","NB",13670779086,16549928338,30220707424,-2879149252
20200805,"11:08:01","SZ","NB",20944833783,20814584244,41759418027,130249539
20200805,"11:09:01","SH","NB",13702001584,16584820770,30286822354,-2882819186
20200805,"11:09:01","SZ","NB",21020497731,20863154714,41883652445,157343017
20200805,"11:10:01","SH","NB",13786364135,16627447887,30413812022,-2841083752
20200805,"11:10:01","SZ","NB",21177487308,20916722983,42094210291,260764325
20200805,"11:11:01","SH","NB",13933317169,16679846227,30613163396,-2746529058
20200805,"11:11:01","SZ","NB",21383671131,20984859367,42368530498,398811764
20200805,"11:12:01","SH","NB",14002244487,16770102744,30772347231,-2767858257
20200805,"11:12:01","SZ","NB",21443293306,21116623362,42559916668,326669944
20200805,"11:13:01","SZ","NB",21509204963,21220873592,42730078555,288331371
20200805,"11:13:01","SH","NB",14054045978,16847862036,30901908014,-2793816058
20200805,"11:14:01","SH","NB",14101783530,16897140276,30998923806,-2795356746
20200805,"11:14:01","SZ","NB",21569032926,21292250818,42861283744,276782108
20200805,"11:15:01","SH","NB",14200724055,16939544048,31140268103,-2738819993
20200805,"11:15:01","SZ","NB",21686439893,21363809137,43050249030,322630756
20200805,"11:16:01","SH","NB",14260219818,16975755377,31235975195,-2715535559
20200805,"11:16:01","SZ","NB",21819162258,21416433115,43235595373,402729143
20200805,"11:17:01","SH","NB",14300655298,17025971540,31326626838,-2725316242
20200805,"11:17:01","SZ","NB",21885864899,21474844342,43360709241,411020557
20200805,"11:18:01","SH","NB",14342601662,17144799276,31487400938,-2802197614
20200805,"11:18:01","SZ","NB",21938481270,21592677304,43531158574,345803966
20200805,"11:19:01","SH","NB",14372758132,17206438044,31579196176,-2833679912
20200805,"11:19:01","SZ","NB",21983386325,21649249026,43632635351,334137299
20200805,"11:20:01","SH","NB",14421769278,17232790936,31654560214,-2811021658
20200805,"11:20:01","SZ","NB",22066231213,21688546327,43754777540,377684886
20200805,"11:21:01","SZ","NB",22202831226,21750598853,43953430079,452232373
20200805,"11:21:01","SH","NB",14515841722,17276807571,31792649293,-2760965849
20200805,"11:22:01","SH","NB",14747680845,17338844955,32086525800,-2591164110
20200805,"11:22:01","SZ","NB",22449879376,21811551272,44261430648,638328104
20200805,"11:23:01","SH","NB",14940812150,17405230321,32346042471,-2464418171
20200805,"11:23:01","SZ","NB",22680625607,21891446890,44572072497,789178717
20200805,"11:24:01","SH","NB",14994023416,17463355641,32457379057,-2469332225
20200805,"11:24:01","SZ","NB",22759748134,21989113425,44748861559,770634709
20200805,"11:25:01","SH","NB",15046886353,17518664961,32565551314,-2471778608
20200805,"11:25:01","SZ","NB",22826500330,22054790664,44881290994,771709666
20200805,"11:26:01","SH","NB",15116568143,17575955551,32692523694,-2459387408
20200805,"11:26:01","SZ","NB",22891533337,22105871254,44997404591,785662083
20200805,"11:27:01","SH","NB",15157245524,17621930103,32779175627,-2464684579
20200805,"11:27:01","SZ","NB",22964347385,22155408970,45119756355,808938415
20200805,"11:28:01","SH","NB",15232592987,17666193727,32898786714,-2433600740
20200805,"11:28:01","SZ","NB",23052304323,22206336626,45258640949,845967697
20200805,"11:29:01","SH","NB",15315619883,17696112975,33011732858,-2380493092
20200805,"11:29:01","SZ","NB",23198509672,22252131114,45450640786,946378558
20200805,"11:30:01","SZ","NB",23282182177,22310251844,45592434021,971930333
20200805,"11:30:01","SH","NB",15396863255,17739490205,33136353460,-2342626950
20200805,"11:31:01","SH","NB",15396863255,17739612345,33136475600,-2342749090
20200805,"11:31:01","SZ","NB",23282182177,22310270309,45592452486,971911868
20200805,"13:00:01","SZ","NB",23293329014,22317903028,45611232042,975425986
20200805,"13:01:01","SH","NB",15583464138,18101572623,33685036761,-2518108485
20200805,"13:01:01","SZ","NB",23527876367,22659596291,46187472658,868280076
20200805,"13:02:01","SH","NB",15682530808,18198375300,33880906108,-2515844492
20200805,"13:02:01","SZ","NB",23643165254,22796963576,46440128830,846201678
20200805,"13:03:01","SH","NB",15745207622,18286741767,34031949389,-2541534145
20200805,"13:03:01","SZ","NB",23740940171,22906673998,46647614169,834266173
20200805,"13:04:01","SH","NB",15801885009,18411122915,34213007924,-2609237906
20200805,"13:04:01","SZ","NB",23825668629,23042542013,46868210642,783126616
20200805,"13:05:01","SH","NB",15860730053,18482033860,34342763913,-2621303807
20200805,"13:05:01","SZ","NB",23922785270,23133128004,47055913274,789657266
20200805,"13:06:01","SZ","NB",23985829502,23335522717,47321352219,650306785
20200805,"13:06:01","SH","NB",15918046182,18730250118,34648296300,-2812203936
20200805,"13:07:01","SH","NB",15960446439,18798440864,34758887303,-2837994425
20200805,"13:07:01","SZ","NB",24085148233,23419236063,47504384296,665912170
20200805,"13:08:01","SH","NB",16070408916,18847021326,34917430242,-2776612410
20200805,"13:08:01","SZ","NB",24313002378,23482196684,47795199062,830805694
20200805,"13:09:01","SH","NB",16163464033,18901347283,35064811316,-2737883250
20200805,"13:09:01","SZ","NB",24436595159,23556474348,47993069507,880120811
20200805,"13:10:01","SH","NB",16242618370,18958167223,35200785593,-2715548853
20200805,"13:10:01","SZ","NB",24560941621,23612970783,48173912404,947970838
20200805,"13:11:01","SZ","NB",24698126981,23697617888,48395744869,1000509093
20200805,"13:11:01","SH","NB",16323788578,19013196434,35336985012,-2689407856
20200805,"13:12:01","SH","NB",16411516473,19068625811,35480142284,-2657109338
20200805,"13:12:01","SZ","NB",24807758842,23774911670,48582670512,1032847172
20200805,"13:13:01","SH","NB",16473897331,19176035763,35649933094,-2702138432
20200805,"13:13:01","SZ","NB",24902810016,23958413518,48861223534,944396498
20200805,"13:14:01","SH","NB",16516000238,19239801364,35755801602,-2723801126
20200805,"13:14:01","SZ","NB",24962196401,24042289268,49004485669,919907133
20200805,"13:15:01","SH","NB",16592361173,19293716748,35886077921,-2701355575
20200805,"13:15:01","SZ","NB",25065676170,24117767857,49183444027,947908313
20200805,"13:16:01","SH","NB",16673465071,19351340379,36024805450,-2677875308
20200805,"13:16:01","SZ","NB",25186398408,24197909787,49384308195,988488621
20200805,"13:17:01","SH","NB",16821026136,19388519117,36209545253,-2567492981
20200805,"13:17:01","SZ","NB",25374614645,24244079919,49618694564,1130534726
20200805,"13:18:01","SH","NB",16893512050,19472225530,36365737580,-2578713480
20200805,"13:18:01","SZ","NB",25486171119,24316066359,49802237478,1170104760
20200805,"13:19:01","SZ","NB",25568942146,24382411467,49951353613,1186530679
20200805,"13:19:01","SH","NB",16955255087,19510169046,36465424133,-2554913959
20200805,"13:20:01","SH","NB",17011260125,19555007066,36566267191,-2543746941
20200805,"13:20:01","SZ","NB",25639154637,24455594377,50094749014,1183560260
20200805,"13:21:01","SH","NB",17087823584,19657577647,36745401231,-2569754063
20200805,"13:21:01","SZ","NB",25703008108,24618785862,50321793970,1084222246
20200805,"13:22:01","SH","NB",17139665212,19801824485,36941489697,-2662159273
20200805,"13:22:01","SZ","NB",25776280414,24813593578,50589873992,962686836
20200805,"13:23:01","SH","NB",17182206178,19924959467,37107165645,-2742753289
20200805,"13:23:01","SZ","NB",25859170533,25022898362,50882068895,836272171
20200805,"13:24:01","SH","NB",17243493919,20009589104,37253083023,-2766095185
20200805,"13:24:01","SZ","NB",25953483630,25126464993,51079948623,827018637
20200805,"13:25:01","SH","NB",17296474130,20106701984,37403176114,-2810227854
20200805,"13:25:01","SZ","NB",26018377526,25243944642,51262322168,774432884
20200805,"13:26:01","SZ","NB",26167845183,25636864364,51804709547,530980819
20200805,"13:26:01","SH","NB",17394011873,20454424190,37848436063,-3060412317
20200805,"13:27:01","SH","NB",17504632602,20516392317,38021024919,-3011759715
20200805,"13:27:01","SZ","NB",26356089101,25700996286,52057085387,655092815
20200805,"13:28:01","SH","NB",17550816888,20572864411,38123681299,-3022047523
20200805,"13:28:01","SZ","NB",26424572144,25758417006,52182989150,666155138
20200805,"13:29:01","SH","NB",17603734370,20632838301,38236572671,-3029103931
20200805,"13:29:01","SZ","NB",26486102477,25816552821,52302655298,669549656
20200805,"13:30:01","SH","NB",17671573317,20703320576,38374893893,-3031747259
20200805,"13:30:01","SZ","NB",26588836986,25873524416,52462361402,715312570
20200805,"13:31:01","SH","NB",17781065134,20771014541,38552079675,-2989949407
20200805,"13:31:01","SZ","NB",26761909263,25941777886,52703687149,820131377
20200805,"13:32:01","SZ","NB",26826503220,26032698092,52859201312,793805128
20200805,"13:32:01","SH","NB",17850973644,20834742712,38685716356,-2983769068
20200805,"13:33:01","SH","NB",17907172375,21027316643,38934489018,-3120144268
20200805,"13:33:01","SZ","NB",26901424206,26272045422,53173469628,629378784
20200805,"13:34:01","SH","NB",17990769206,21133637182,39124406388,-3142867976
20200805,"13:34:01","SZ","NB",27054610752,26374292470,53428903222,680318282
20200805,"13:35:01","SH","NB",18067344610,21179292523,39246637133,-3111947913
20200805,"13:35:01","SZ","NB",27165151335,26430307038,53595458373,734844297
20200805,"13:36:01","SH","NB",18129827923,21237537373,39367365296,-3107709450
20200805,"13:36:01","SZ","NB",27281541654,26483915443,53765457097,797626211
20200805,"13:37:01","SH","NB",18172053117,21271665996,39443719113,-3099612879
20200805,"13:37:01","SZ","NB",27368926655,26529160515,53898087170,839766140
20200805,"13:38:01","SZ","NB",27451114791,26595277468,54046392259,855837323
20200805,"13:38:01","SH","NB",18240910858,21320678153,39561589011,-3079767295
20200805,"13:39:01","SH","NB",18326827884,21355808650,39682636534,-3028980766
20200805,"13:39:01","SZ","NB",27592528931,26636512742,54229041673,956016189
20200805,"13:40:01","SH","NB",18443140145,21397042719,39840182864,-2953902574
20200805,"13:40:01","SZ","NB",27766685221,26687314776,54453999997,1079370445
20200805,"13:41:01","SH","NB",18512874447,21481149549,39994023996,-2968275102
20200805,"13:41:01","SZ","NB",27874610127,26783335726,54657945853,1091274401
20200805,"13:42:01","SH","NB",18560181850,21527387133,40087568983,-2967205283
20200805,"13:42:01","SZ","NB",27934078548,26835299274,54769377822,1098779274
20200805,"13:43:01","SH","NB",18604430799,21605492986,40209923785,-3001062187
20200805,"13:43:01","SZ","NB",28002972332,26931472606,54934444938,1071499726
20200805,"13:44:01","SH","NB",18650129085,21658160515,40308289600,-3008031430
20200805,"13:44:01","SZ","NB",28063622066,27004846160,55068468226,1058775906
20200805,"13:45:01","SZ","NB",28122710242,27084604232,55207314474,1038106010
20200805,"13:45:01","SH","NB",18685853190,21709390595,40395243785,-3023537405
20200805,"13:46:01","SH","NB",18728948058,21744964924,40473912982,-3016016866
20200805,"13:46:01","SZ","NB",28191031811,27139612874,55330644685,1051418937
20200805,"13:47:01","SH","NB",18785983584,21774960280,40560943864,-2988976696
20200805,"13:47:01","SZ","NB",28281732423,27172420963,55454153386,1109311460
20200805,"13:48:01","SH","NB",18841052922,21809122788,40650175710,-2968069866
20200805,"13:48:01","SZ","NB",28370962802,27220200358,55591163160,1150762444
20200805,"13:49:01","SH","NB",18912573595,21848693588,40761267183,-2936119993
20200805,"13:49:01","SZ","NB",28532629648,27267318851,55799948499,1265310797
20200805,"13:50:01","SH","NB",18964562803,21900472756,40865035559,-2935909953
20200805,"13:50:01","SZ","NB",28622930666,27337659407,55960590073,1285271259
20200805,"13:51:01","SH","NB",19012619940,21962170231,40974790171,-2949550291
20200805,"13:51:01","SZ","NB",28711759745,27455368306,56167128051,1256391439
20200805,"13:52:01","SH","NB",19053847647,22018762920,41072610567,-2964915273
20200805,"13:52:01","SZ","NB",28778002156,27558703011,56336705167,1219299145
20200805,"13:53:01","SH","NB",19093807286,22098750570,41192557856,-3004943284
20200805,"13:53:01","SZ","NB",28847387496,27671145858,56518533354,1176241638
20200805,"13:54:01","SZ","NB",28915901964,27743915695,56659817659,1171986269
20200805,"13:54:01","SH","NB",19138045011,22139211363,41277256374,-3001166352
20200805,"13:55:01","SH","NB",19201842005,22184591778,41386433783,-2982749773
20200805,"13:55:01","SZ","NB",29026105870,27807307921,56833413791,1218797949
20200805,"13:56:01","SH","NB",19258240145,22227630194,41485870339,-2969390049
20200805,"13:56:01","SZ","NB",29140696433,27863535838,57004232271,1277160595
20200805,"13:57:01","SH","NB",19306431561,22271688739,41578120300,-2965257178
20200805,"13:57:01","SZ","NB",29212754464,27950754951,57163509415,1261999513
20200805,"13:58:01","SH","NB",19348024956,22318091607,41666116563,-2970066651
20200805,"13:58:01","SZ","NB",29272146782,27998034370,57270181152,1274112412
20200805,"13:59:01","SH","NB",19390524522,22391689344,41782213866,-3001164822
20200805,"13:59:01","SZ","NB",29324414625,28093460480,57417875105,1230954145
20200805,"14:00:01","SH","NB",19434023205,22457916229,41891939434,-3023893024
20200805,"14:00:01","SZ","NB",29377958630,28175619326,57553577956,1202339304
20200805,"14:01:01","SH","NB",19491710274,22704943514,42196653788,-3213233240
20200805,"14:01:01","SZ","NB",29452895994,28454235428,57907131422,998660566
20200805,"14:02:01","SZ","NB",29526248093,28547847247,58074095340,978400846
20200805,"14:02:01","SH","NB",19540330566,22832449437,42372780003,-3292118871
20200805,"14:03:01","SH","NB",19631267456,22880367812,42511635268,-3249100356
20200805,"14:03:01","SZ","NB",29692780028,28606894685,58299674713,1085885343
20200805,"14:04:01","SZ","NB",29765160381,28644149144,58409309525,1121011237
20200805,"14:04:01","SH","NB",19684669553,22914017661,42598687214,-3229348108
20200805,"14:05:01","SH","NB",19793641347,22946103442,42739744789,-3152462095
20200805,"14:05:01","SZ","NB",29909591135,28694555578,58604146713,1215035557
20200805,"14:06:01","SH","NB",19899480860,22991118201,42890599061,-3091637341
20200805,"14:06:01","SZ","NB",30081301458,28743947547,58825249005,1337353911
20200805,"14:07:01","SH","NB",19933128835,23058265373,42991394208,-3125136538
20200805,"14:07:01","SZ","NB",30127825025,28815283010,58943108035,1312542015
20200805,"14:08:01","SH","NB",19971833567,23107635152,43079468719,-3135801585
20200805,"14:08:01","SZ","NB",30171432142,28894068736,59065500878,1277363406
20200805,"14:09:01","SH","NB",20000002226,23143230866,43143233092,-3143228640
20200805,"14:09:01","SZ","NB",30217722709,28961399037,59179121746,1256323672
20200805,"14:10:01","SH","NB",20028216032,23188488148,43216704180,-3160272116
20200805,"14:10:01","SZ","NB",30276402155,29026560612,59302962767,1249841543
20200805,"14:11:01","SH","NB",20077737810,23235532147,43313269957,-3157794337
20200805,"14:11:01","SZ","NB",30359552148,29113085202,59472637350,1246466946
20200805,"14:12:01","SH","NB",20121938879,23479122679,43601061558,-3357183800
20200805,"14:12:01","SZ","NB",30425965105,29467370036,59893335141,958595069
20200805,"14:13:01","SH","NB",20174605648,23575266696,43749872344,-3400661048
20200805,"14:13:01","SZ","NB",30523872209,29590801424,60114673633,933070785
20200805,"14:14:01","SZ","NB",30677404660,29647089891,60324494551,1030314769
20200805,"14:14:01","SH","NB",20257764749,23620369286,43878134035,-3362604537
20200805,"14:15:01","SH","NB",20316284956,23649807840,43966092796,-3333522884
20200805,"14:15:01","SZ","NB",30761030447,29684616642,60445647089,1076413805
20200805,"14:16:01","SH","NB",20386395548,23678958685,44065354233,-3292563137
20200805,"14:16:01","SZ","NB",30953606658,29737297668,60690904326,1216308990
20200805,"14:17:01","SH","NB",20419650644,23710686431,44130337075,-3291035787
20200805,"14:17:01","SZ","NB",31017571109,29813338553,60830909662,1204232556
20200805,"14:18:01","SH","NB",20444300451,23744743592,44189044043,-3300443141
20200805,"14:18:01","SZ","NB",31052132716,29879731330,60931864046,1172401386
20200805,"14:19:01","SH","NB",20475467105,23832877069,44308344174,-3357409964
20200805,"14:19:01","SZ","NB",31086651697,29983715472,61070367169,1102936225
20200805,"14:20:01","SH","NB",20507688631,23875142880,44382831511,-3367454249
20200805,"14:20:01","SZ","NB",31134242011,30043231967,61177473978,1091010044
20200805,"14:21:01","SH","NB",20557337028,23916243394,44473580422,-3358906366
20200805,"14:21:01","SZ","NB",31215767652,30108824552,61324592204,1106943100
20200805,"14:22:01","SZ","NB",31386835918,30167358200,61554194118,1219477718
20200805,"14:22:01","SH","NB",20716030790,23957631273,44673662063,-3241600483
20200805,"14:23:01","SH","NB",20781440394,24008851235,44790291629,-3227410841
20200805,"14:23:01","SZ","NB",31502737226,30253925069,61756662295,1248812157
20200805,"14:24:01","SH","NB",20815666970,24057877672,44873544642,-3242210702
20200805,"14:24:01","SZ","NB",31556570450,30331339798,61887910248,1225230652
20200805,"14:25:01","SH","NB",20860523074,24093742863,44954265937,-3233219789
20200805,"14:25:01","SZ","NB",31608955240,30398816776,62007772016,1210138464
20200805,"14:26:01","SH","NB",20917583943,24136520688,45054104631,-3218936745
20200805,"14:26:01","SZ","NB",31690676948,30463561402,62154238350,1227115546
20200805,"14:27:01","SZ","NB",31740086370,30552709331,62292795701,1187377039
20200805,"14:27:01","SH","NB",20953167974,24189827080,45142995054,-3236659106
20200805,"14:28:01","SH","NB",20987733514,24254203588,45241937102,-3266470074
20200805,"14:28:01","SZ","NB",31786946322,30663039502,62449985824,1123906820
20200805,"14:29:01","SH","NB",21019842401,24299862017,45319704418,-3280019616
20200805,"14:29:01","SZ","NB",31830415845,30720047525,62550463370,1110368320
20200805,"14:30:01","SH","NB",21056449381,24330415909,45386865290,-3273966528
20200805,"14:30:01","SZ","NB",31879187719,30781593509,62660781228,1097594210
20200805,"14:31:01","SH","NB",21121252092,24374912132,45496164224,-3253660040
20200805,"14:31:01","SZ","NB",31985762998,30851582025,62837345023,1134180973
20200805,"14:32:01","SH","NB",21197135726,24419383032,45616518758,-3222247306
20200805,"14:32:01","SZ","NB",32128892844,30902339071,63031231915,1226553773
20200805,"14:33:01","SH","NB",21256201215,24500212326,45756413541,-3244011111
20200805,"14:33:01","SZ","NB",32218903779,31011533438,63230437217,1207370341
20200805,"14:34:01","SH","NB",21293730156,24542020398,45835750554,-3248290242
20200805,"14:34:01","SZ","NB",32279112431,31075140026,63354252457,1203972405
20200805,"14:35:01","SH","NB",21349619008,24595860744,45945479752,-3246241736
20200805,"14:35:01","SZ","NB",32358543816,31132015180,63490558996,1226528636
20200805,"14:36:01","SZ","NB",32442127532,31376958059,63819085591,1065169473
20200805,"14:36:01","SH","NB",21420482237,24831965644,46252447881,-3411483407
20200805,"14:37:01","SH","NB",21468070188,24900178306,46368248494,-3432108118
20200805,"14:37:01","SZ","NB",32513042244,31456305296,63969347540,1056736948
20200805,"14:38:01","SH","NB",21521484448,24955183368,46476667816,-3433698920
20200805,"14:38:01","SZ","NB",32588555629,31516919011,64105474640,1071636618
20200805,"14:39:01","SH","NB",21569394321,25006749972,46576144293,-3437355651
20200805,"14:39:01","SZ","NB",32648556021,31584466456,64233022477,1064089565
20200805,"14:40:01","SH","NB",21629642235,25042468540,46672110775,-3412826305
20200805,"14:40:01","SZ","NB",32733666151,31645693432,64379359583,1087972719
20200805,"14:41:01","SH","NB",21692690925,25102350551,46795041476,-3409659626
20200805,"14:41:01","SZ","NB",32826510927,31729008888,64555519815,1097502039
20200805,"14:42:01","SH","NB",21756261957,25150712430,46906974387,-3394450473
20200805,"14:42:01","SZ","NB",32903030391,31811148391,64714178782,1091882000
20200805,"14:43:01","SH","NB",21812385851,25201519074,47013904925,-3389133223
20200805,"14:43:01","SZ","NB",32998478430,31896835487,64895313917,1101642943
20200805,"14:44:01","SZ","NB",33109118966,31954944793,65064063759,1154174173
20200805,"14:44:01","SH","NB",21898113077,25257112524,47155225601,-3358999447
20200805,"14:45:01","SH","NB",21976987704,25300467849,47277455553,-3323480145
20200805,"14:45:01","SZ","NB",33207364902,32012893324,65220258226,1194471578
20200805,"14:46:01","SH","NB",22078490165,25359340405,47437830570,-3280850240
20200805,"14:46:01","SZ","NB",33313371934,32109477918,65422849852,1203894016
20200805,"14:47:01","SH","NB",22147086824,25412266733,47559353557,-3265179909
20200805,"14:47:01","SZ","NB",33398189673,32185796747,65583986420,1212392926
20200805,"14:48:01","SH","NB",22196844919,25452711546,47649556465,-3255866627
20200805,"14:48:01","SZ","NB",33465855715,32269184827,65735040542,1196670888
20200805,"14:49:01","SZ","NB",33557397029,32337062353,65894459382,1220334676
20200805,"14:49:01","SH","NB",22248616233,25486394019,47735010252,-3237777786
20200805,"14:50:01","SH","NB",22333380636,25541872113,47875252749,-3208491477
20200805,"14:50:01","SZ","NB",33647562682,32419467990,66067030672,1228094692
20200805,"14:51:01","SZ","NB",33759454383,32555819985,66315274368,1203634398
20200805,"14:51:01","SH","NB",22414340343,25620679880,48035020223,-3206339537
20200805,"14:52:01","SH","NB",22499654783,25696679149,48196333932,-3197024366
20200805,"14:52:01","SZ","NB",33869453501,32661092686,66530546187,1208360815
20200805,"14:53:01","SH","NB",22564658468,25755889662,48320548130,-3191231194
20200805,"14:53:01","SZ","NB",33979956526,32748754636,66728711162,1231201890
20200805,"14:54:01","SH","NB",22628894687,25841228656,48470123343,-3212333969
20200805,"14:54:01","SZ","NB",34084986847,32863277396,66948264243,1221709451
20200805,"14:55:01","SH","NB",22697388973,25920004089,48617393062,-3222615116
20200805,"14:55:01","SZ","NB",34175356550,32966794212,67142150762,1208562338
20200805,"14:56:01","SH","NB",22795480192,26018513983,48813994175,-3223033791
20200805,"14:56:01","SZ","NB",34309289139,33118998087,67428287226,1190291052
20200805,"14:57:01","SH","NB",22866301560,26143041771,49009343331,-3276740211
20200805,"14:57:01","SZ","NB",34397850367,33223288241,67621138608,1174562126
20200805,"14:58:01","SH","NB",22866323897,26143568006,49009891903,-3277244109
20200805,"15:00:01","SZ","NB",34490629605,33360253257,67850882862,1130376348
20200805,"15:01:01","SH","NB",23219521774,26466357155,49685878929,-3246835381
20200805,"15:01:01","SZ","NB",34855810491,33590044400,68445854891,1265766091
