dataDate,dataTime,connectMarket,tradeDirection,buyTurnover,sellTurnover,totalTurnover,netTurnover
20190822,"09:30:01","SH","NB",55541912,27350769,82892681,28191143
20190822,"09:30:01","SZ","NB",43702953,18920593,62623546,24782360
20190822,"09:31:01","SH","NB",141672501,118563498,260235999,23109003
20190822,"09:31:01","SZ","NB",158614421,131522075,290136496,27092346
20190822,"09:32:01","SH","NB",245588251,187467253,433055504,58120998
20190822,"09:32:01","SZ","NB",292616643,224055508,516672151,68561135
20190822,"09:33:01","SH","NB",362895571,282219659,645115230,80675912
20190822,"09:33:01","SZ","NB",438727754,340088206,778815960,98639548
20190822,"09:34:01","SH","NB",491862911,352975606,844838517,138887305
20190822,"09:34:01","SZ","NB",575105315,408683351,983788666,166421964
20190822,"09:35:01","SH","NB",594635136,457788791,1052423927,136846345
20190822,"09:35:01","SZ","NB",670156923,544661893,1214818816,125495030
20190822,"09:36:01","SH","NB",676259667,536019548,1212279215,140240119
20190822,"09:36:01","SZ","NB",757729969,647551933,1405281902,110178036
20190822,"09:37:01","SH","NB",742585151,599370091,1341955242,143215060
20190822,"09:37:01","SZ","NB",874041725,749967171,1624008896,124074554
20190822,"09:38:01","SH","NB",818509020,669255061,1487764081,149253959
20190822,"09:38:01","SZ","NB",980255174,837730657,1817985831,142524517
20190822,"09:39:01","SZ","NB",1097126150,899521256,1996647406,197604894
20190822,"09:39:01","SH","NB",897215073,708908210,1606123283,188306863
20190822,"09:40:01","SH","NB",960907349,768509662,1729417011,192397687
20190822,"09:40:01","SZ","NB",1170379616,1007981454,2178361070,162398162
20190822,"09:41:01","SH","NB",1025035720,843913234,1868948954,181122486
20190822,"09:41:01","SZ","NB",1253641874,1108880789,2362522663,144761085
20190822,"09:42:01","SH","NB",1116335524,881987791,1998323315,234347733
20190822,"09:42:01","SZ","NB",1411368096,1173442469,2584810565,237925627
20190822,"09:43:01","SH","NB",1172240409,941909221,2114149630,230331188
20190822,"09:43:01","SZ","NB",1490303420,1253843647,2744147067,236459773
20190822,"09:44:01","SH","NB",1236355419,1056858630,2293214049,179496789
20190822,"09:44:01","SZ","NB",1566340676,1406859374,2973200050,159481302
20190822,"09:45:01","SH","NB",1297779990,1095626225,2393406215,202153765
20190822,"09:45:01","SZ","NB",1633770836,1461707922,3095478758,172062914
20190822,"09:46:01","SH","NB",1352582913,1170126679,2522709592,182456234
20190822,"09:46:01","SZ","NB",1702113916,1591756236,3293870152,110357680
20190822,"09:47:01","SZ","NB",1803679597,1651455049,3455134646,152224548
20190822,"09:47:01","SH","NB",1420918030,1221315091,2642233121,199602939
20190822,"09:48:01","SH","NB",1476035825,1274528327,2750564152,201507498
20190822,"09:48:01","SZ","NB",1877741589,1719175849,3596917438,158565740
20190822,"09:49:01","SH","NB",1528303328,1344494685,2872798013,183808643
20190822,"09:49:01","SZ","NB",1942905499,1804905554,3747811053,137999945
20190822,"09:50:01","SH","NB",1581487372,1382035416,2963522788,199451956
20190822,"09:50:01","SZ","NB",2020878687,1846980880,3867859567,173897807
20190822,"09:51:01","SH","NB",1627671110,1436197591,3063868701,191473519
20190822,"09:51:01","SZ","NB",2092202625,1909483841,4001686466,182718784
20190822,"09:52:01","SH","NB",1713346537,1466150792,3179497329,247195745
20190822,"09:52:01","SZ","NB",2228038717,1949654023,4177692740,278384694
20190822,"09:53:01","SH","NB",1775639818,1507783510,3283423328,267856308
20190822,"09:53:01","SZ","NB",2335014067,2007095393,4342109460,327918674
20190822,"09:54:01","SH","NB",1826188063,1575956571,3402144634,250231492
20190822,"09:54:01","SZ","NB",2395188880,2089582863,4484771743,305606017
20190822,"09:55:01","SH","NB",1866572239,1614010421,3480582660,252561818
20190822,"09:55:01","SZ","NB",2441274367,2146707880,4587982247,294566487
20190822,"09:56:01","SZ","NB",2517631684,2231878014,4749509698,285753670
20190822,"09:56:01","SH","NB",1920347014,1685613103,3605960117,234733911
20190822,"09:57:01","SH","NB",1972119429,1749137861,3721257290,222981568
20190822,"09:57:01","SZ","NB",2588253299,2325966462,4914219761,262286837
20190822,"09:58:01","SH","NB",2024213482,1793860333,3818073815,230353149
20190822,"09:58:01","SZ","NB",2667434348,2387232576,5054666924,280201772
20190822,"09:59:01","SZ","NB",2756136642,2431100686,5187237328,325035956
20190822,"09:59:01","SH","NB",2076137572,1828453316,3904590888,247684256
20190822,"10:00:01","SH","NB",2126968987,1869408394,3996377381,257560593
20190822,"10:00:01","SZ","NB",2840002697,2491369485,5331372182,348633212
20190822,"10:01:01","SH","NB",2194905144,1914717442,4109622586,280187702
20190822,"10:01:01","SZ","NB",2919846972,2546024938,5465871910,373822034
20190822,"10:02:01","SH","NB",2238984168,1963571073,4202555241,275413095
20190822,"10:02:01","SZ","NB",2964100947,2629011517,5593112464,335089430
20190822,"10:03:01","SH","NB",2275263183,1999430521,4274693704,275832662
20190822,"10:03:01","SZ","NB",3003571577,2688016728,5691588305,315554849
20190822,"10:04:01","SH","NB",2311983317,2038727380,4350710697,273255937
20190822,"10:04:01","SZ","NB",3047334438,2749266405,5796600843,298068033
20190822,"10:05:01","SH","NB",2349216053,2076694161,4425910214,272521892
20190822,"10:05:01","SZ","NB",3088977925,2801800688,5890778613,287177237
20190822,"10:06:01","SH","NB",2394379265,2115517696,4509896961,278861569
20190822,"10:06:01","SZ","NB",3160835852,2843320764,6004156616,317515088
20190822,"10:07:01","SZ","NB",3211487911,2923122756,6134610667,288365155
20190822,"10:07:01","SH","NB",2441051110,2183591931,4624643041,257459179
20190822,"10:08:01","SH","NB",2475434497,2222630865,4698065362,252803632
20190822,"10:08:01","SZ","NB",3252381948,2971509575,6223891523,280872373
20190822,"10:09:01","SH","NB",2516430493,2263034086,4779464579,253396407
20190822,"10:09:01","SZ","NB",3297795994,2996355908,6294151902,301440086
20190822,"10:10:01","SH","NB",2555724537,2306905356,4862629893,248819181
20190822,"10:10:01","SZ","NB",3327881038,3029860405,6357741443,298020633
20190822,"10:11:01","SZ","NB",3386051385,3080235053,6466286438,305816332
20190822,"10:11:01","SH","NB",2599488299,2355758633,4955246932,243729666
20190822,"10:12:01","SH","NB",2644341477,2385885726,5030227203,258455751
20190822,"10:12:01","SZ","NB",3430667162,3117818740,6548485902,312848422
20190822,"10:13:01","SH","NB",2677226467,2426197180,5103423647,251029287
20190822,"10:13:01","SZ","NB",3466201915,3167388099,6633590014,298813816
20190822,"10:14:01","SH","NB",2707776011,2455335514,5163111525,252440497
20190822,"10:14:01","SZ","NB",3502126232,3197932020,6700058252,304194212
20190822,"10:15:01","SH","NB",2767503485,2485079376,5252582861,282424109
20190822,"10:15:01","SZ","NB",3590935372,3232678785,6823614157,358256587
20190822,"10:16:01","SZ","NB",3665227024,3271885635,6937112659,393341389
20190822,"10:16:01","SH","NB",2830107339,2522269900,5352377239,307837439
20190822,"10:17:01","SH","NB",2876511801,2560540366,5437052167,315971435
20190822,"10:17:01","SZ","NB",3708756695,3311609600,7020366295,397147095
20190822,"10:18:01","SH","NB",2917126116,2612051178,5529177294,305074938
20190822,"10:18:01","SZ","NB",3747201120,3407355204,7154556324,339845916
20190822,"10:19:01","SH","NB",2945061338,2640934293,5585995631,304127045
20190822,"10:19:01","SZ","NB",3770153840,3446796651,7216950491,323357189
20190822,"10:20:01","SH","NB",2977135367,2662712534,5639847901,314422833
20190822,"10:20:01","SZ","NB",3805563827,3483833897,7289397724,321729930
20190822,"10:21:01","SH","NB",3020459551,2693827378,5714286929,326632173
20190822,"10:21:01","SZ","NB",3856786548,3529563357,7386349905,327223191
20190822,"10:22:01","SH","NB",3065015170,2733594144,5798609314,331421026
20190822,"10:22:01","SZ","NB",3887128109,3575343518,7462471627,311784591
20190822,"10:23:01","SH","NB",3101895241,2752889438,5854784679,349005803
20190822,"10:23:01","SZ","NB",3921266280,3605552286,7526818566,315713994
20190822,"10:24:01","SH","NB",3136611669,2787297793,5923909462,349313876
20190822,"10:24:01","SZ","NB",3959415116,3647746150,7607161266,311668966
20190822,"10:25:01","SZ","NB",4019947650,3686827306,7706774956,333120344
20190822,"10:25:01","SH","NB",3169714381,2810349258,5980063639,359365123
20190822,"10:26:01","SH","NB",3214341438,2842349991,6056691429,371991447
20190822,"10:26:01","SZ","NB",4087888038,3725754606,7813642644,362133432
20190822,"10:27:01","SH","NB",3258349480,2890811290,6149160770,367538190
20190822,"10:27:01","SZ","NB",4120648997,3812580139,7933229136,308068858
20190822,"10:28:01","SZ","NB",4158293893,3847124180,8005418073,311169713
20190822,"10:28:01","SH","NB",3287950164,2909806715,6197756879,378143449
20190822,"10:29:01","SH","NB",3317732795,2938164746,6255897541,379568049
20190822,"10:29:01","SZ","NB",4192175479,3897423774,8089599253,294751705
20190822,"10:30:01","SH","NB",3346758709,2956383996,6303142705,390374713
20190822,"10:30:01","SZ","NB",4214909838,3932359934,8147269772,282549904
20190822,"10:31:01","SH","NB",3377627370,2983647346,6361274716,393980024
20190822,"10:31:01","SZ","NB",4237835796,3975778688,8213614484,262057108
20190822,"10:32:01","SH","NB",3406129766,3013730387,6419860153,392399379
20190822,"10:32:01","SZ","NB",4267842100,4018571158,8286413258,249270942
20190822,"10:33:01","SH","NB",3436076943,3035114709,6471191652,400962234
20190822,"10:33:01","SZ","NB",4311063650,4043944004,8355007654,267119646
20190822,"10:34:01","SH","NB",3465139320,3057855068,6522994388,407284252
20190822,"10:34:01","SZ","NB",4348912496,4078532748,8427445244,270379748
20190822,"10:35:01","SH","NB",3497059617,3092890676,6589950293,404168941
20190822,"10:35:01","SZ","NB",4382850178,4111364800,8494214978,271485378
20190822,"10:36:01","SH","NB",3530221394,3124558074,6654779468,405663320
20190822,"10:36:01","SZ","NB",4423021338,4161660179,8584681517,261361159
20190822,"10:37:01","SZ","NB",4471470219,4196003492,8667473711,275466727
20190822,"10:37:01","SH","NB",3555113703,3146230405,6701344108,408883298
20190822,"10:38:01","SH","NB",3588793241,3179083647,6767876888,409709594
20190822,"10:38:01","SZ","NB",4516313110,4222629724,8738942834,293683386
20190822,"10:39:01","SH","NB",3617268329,3224413205,6841681534,392855124
20190822,"10:39:01","SZ","NB",4574397653,4268506298,8842903951,305891355
20190822,"10:40:01","SH","NB",3650338202,3246253357,6896591559,404084845
20190822,"10:40:01","SZ","NB",4623988921,4289006486,8912995407,334982435
20190822,"10:41:01","SH","NB",3689299425,3270740777,6960040202,418558648
20190822,"10:41:01","SZ","NB",4680227972,4325059976,9005287948,355167996
20190822,"10:42:01","SH","NB",3718621446,3292301393,7010922839,426320053
20190822,"10:42:01","SZ","NB",4710394255,4355241808,9065636063,355152447
20190822,"10:43:01","SH","NB",3737575244,3313540686,7051115930,424034558
20190822,"10:43:01","SZ","NB",4747040411,4377648713,9124689124,369391698
20190822,"10:44:01","SH","NB",3762421371,3329110043,7091531414,433311328
20190822,"10:44:01","SZ","NB",4769434893,4396896395,9166331288,372538498
20190822,"10:45:01","SZ","NB",4806594015,4422406386,9229000401,384187629
20190822,"10:45:01","SH","NB",3782745444,3343926106,7126671550,438819338
20190822,"10:46:01","SH","NB",3809665093,3363448960,7173114053,446216133
20190822,"10:46:01","SZ","NB",4838673990,4448108162,9286782152,390565828
20190822,"10:47:01","SH","NB",3835799618,3414265365,7250064983,421534253
20190822,"10:47:01","SZ","NB",4874808111,4509715421,9384523532,365092690
20190822,"10:48:01","SZ","NB",4899410993,4565525751,9464936744,333885242
20190822,"10:48:01","SH","NB",3864067066,3461528140,7325595206,402538926
20190822,"10:49:01","SH","NB",3898442041,3490464473,7388906514,407977568
20190822,"10:49:01","SZ","NB",4938596005,4597010823,9535606828,341585182
20190822,"10:50:01","SH","NB",3938699011,3543235164,7481934175,395463847
20190822,"10:50:01","SZ","NB",4971402454,4628161891,9599564345,343240563
20190822,"10:51:01","SZ","NB",5010711483,4662015318,9672726801,348696165
20190822,"10:51:01","SH","NB",3975772446,3580186655,7555959101,395585791
20190822,"10:52:01","SH","NB",4004076581,3605807003,7609883584,398269578
20190822,"10:52:01","SZ","NB",5037730903,4679183083,9716913986,358547820
20190822,"10:53:01","SH","NB",4043073427,3684560694,7727634121,358512733
20190822,"10:53:01","SZ","NB",5067252586,4744344236,9811596822,322908350
20190822,"10:54:01","SH","NB",4072656434,3707456083,7780112517,365200351
20190822,"10:54:01","SZ","NB",5121657673,4768534693,9890192366,353122980
20190822,"10:55:01","SH","NB",4102111532,3727993728,7830105260,374117804
20190822,"10:55:01","SZ","NB",5159609809,4783327773,9942937582,376282036
20190822,"10:56:01","SH","NB",4131978055,3747879431,7879857486,384098624
20190822,"10:56:01","SZ","NB",5204358844,4802738635,10007097479,401620209
20190822,"10:57:01","SH","NB",4158058690,3766451924,7924510614,391606766
20190822,"10:57:01","SZ","NB",5233034569,4827344429,10060378998,405690140
20190822,"10:58:01","SH","NB",4182783100,3785189432,7967972532,397593668
20190822,"10:58:01","SZ","NB",5253850631,4847264391,10101115022,406586240
20190822,"10:59:01","SH","NB",4201767121,3798002956,7999770077,403764165
20190822,"10:59:01","SZ","NB",5285534843,4866216107,10151750950,419318736
20190822,"11:00:01","SZ","NB",5307755763,4888406984,10196162747,419348779
20190822,"11:00:01","SH","NB",4221674205,3818975184,8040649389,402699021
20190822,"11:01:01","SH","NB",4247735702,3841981950,8089717652,405753752
20190822,"11:01:01","SZ","NB",5343609359,4913409665,10257019024,430199694
20190822,"11:02:01","SH","NB",4273584760,3860081466,8133666226,413503294
20190822,"11:02:01","SZ","NB",5378442587,4933481169,10311923756,444961418
20190822,"11:03:01","SH","NB",4300624978,3874885316,8175510294,425739662
20190822,"11:03:01","SZ","NB",5401882028,4953639843,10355521871,448242185
20190822,"11:04:01","SH","NB",4319631618,3894126510,8213758128,425505108
20190822,"11:04:01","SZ","NB",5425936623,4971950193,10397886816,453986430
20190822,"11:05:01","SH","NB",4339310490,3917095274,8256405764,422215216
20190822,"11:05:01","SZ","NB",5453730805,4990683664,10444414469,463047141
20190822,"11:06:01","SZ","NB",5493011766,5016468937,10509480703,476542829
20190822,"11:06:01","SH","NB",4368928905,3938017753,8306946658,430911152
20190822,"11:07:01","SH","NB",4389548501,3956621853,8346170354,432926648
20190822,"11:07:01","SZ","NB",5522897313,5036442398,10559339711,486454915
20190822,"11:08:01","SH","NB",4409083407,3973988579,8383071986,435094828
20190822,"11:08:01","SZ","NB",5546841339,5054651030,10601492369,492190309
20190822,"11:09:01","SH","NB",4426338673,3991597464,8417936137,434741209
20190822,"11:09:01","SZ","NB",5567494731,5074350033,10641844764,493144698
20190822,"11:10:01","SH","NB",4447953083,4008427772,8456380855,439525311
20190822,"11:10:01","SZ","NB",5588627739,5098295083,10686922822,490332656
20190822,"11:11:01","SH","NB",4468297186,4034591517,8502888703,433705669
20190822,"11:11:01","SZ","NB",5613789267,5125886319,10739675586,487902948
20190822,"11:12:01","SH","NB",4487371776,4063206587,8550578363,424165189
20190822,"11:12:01","SZ","NB",5635104353,5145841073,10780945426,489263280
20190822,"11:13:01","SH","NB",4507581623,4094119945,8601701568,413461678
20190822,"11:13:01","SZ","NB",5653460853,5168332054,10821792907,485128799
20190822,"11:14:01","SZ","NB",5687405001,5181998874,10869403875,505406127
20190822,"11:14:01","SH","NB",4526847916,4119058683,8645906599,407789233
20190822,"11:15:01","SH","NB",4547598858,4153048448,8700647306,394550410
20190822,"11:15:01","SZ","NB",5708958076,5217716858,10926674934,491241218
20190822,"11:16:01","SH","NB",4574186386,4189679374,8763865760,384507012
20190822,"11:16:01","SZ","NB",5737079519,5255277981,10992357500,481801538
20190822,"11:17:01","SH","NB",4595271663,4210479420,8805751083,384792243
20190822,"11:17:01","SZ","NB",5762961794,5276138013,11039099807,486823781
20190822,"11:18:01","SH","NB",4614766496,4226799666,8841566162,387966830
20190822,"11:18:01","SZ","NB",5790903738,5290081992,11080985730,500821746
20190822,"11:19:01","SZ","NB",5817045437,5304119315,11121164752,512926122
20190822,"11:19:01","SH","NB",4632211204,4243459047,8875670251,388752157
20190822,"11:20:01","SH","NB",4647192473,4259393387,8906585860,387799086
20190822,"11:20:01","SZ","NB",5839214084,5321244128,11160458212,517969956
20190822,"11:21:01","SH","NB",4672050260,4283777090,8955827350,388273170
20190822,"11:21:01","SZ","NB",5856572595,5346641616,11203214211,509930979
20190822,"11:22:01","SH","NB",4691939549,4301827823,8993767372,390111726
20190822,"11:22:01","SZ","NB",5879935245,5362128215,11242063460,517807030
20190822,"11:23:01","SH","NB",4719775673,4316668232,9036443905,403107441
20190822,"11:23:01","SZ","NB",5903521364,5375009658,11278531022,528511706
20190822,"11:24:01","SH","NB",4745310175,4328436816,9073746991,416873359
20190822,"11:24:01","SZ","NB",5929612112,5389253917,11318866029,540358195
20190822,"11:25:01","SH","NB",4762297169,4342758238,9105055407,419538931
20190822,"11:25:01","SZ","NB",5948809354,5406282266,11355091620,542527088
20190822,"11:26:01","SH","NB",4784353968,4356308427,9140662395,428045541
20190822,"11:26:01","SZ","NB",5966870190,5424535215,11391405405,542334975
20190822,"11:27:01","SH","NB",4805506860,4366034080,9171540940,439472780
20190822,"11:27:01","SZ","NB",5989258275,5434766348,11424024623,554491927
20190822,"11:28:01","SZ","NB",6015480638,5447567344,11463047982,567913294
20190822,"11:28:01","SH","NB",4824017411,4394575538,9218592949,429441873
20190822,"11:29:01","SH","NB",4840020270,4407865689,9247885959,432154581
20190822,"11:29:01","SZ","NB",6037137732,5458088436,11495226168,579049296
20190822,"11:30:01","SH","NB",4852427970,4417592564,9270020534,434835406
20190822,"11:30:01","SZ","NB",6053965662,5472027888,11525993550,581937774
20190822,"11:31:01","SH","NB",4852486695,4417655176,9270141871,434831519
20190822,"11:31:01","SZ","NB",6054010880,5472033003,11526043883,581977877
20190822,"13:01:01","SH","NB",4890879932,4459806352,9350686284,431073580
20190822,"13:01:01","SZ","NB",6099245206,5510848669,11610093875,588396537
20190822,"13:02:01","SH","NB",4908226973,4477952423,9386179396,430274550
20190822,"13:02:01","SZ","NB",6126813754,5529228536,11656042290,597585218
20190822,"13:03:01","SH","NB",4934470796,4498652073,9433122869,435818723
20190822,"13:03:01","SZ","NB",6153055902,5553465064,11706520966,599590838
20190822,"13:04:01","SH","NB",4952779197,4517416069,9470195266,435363128
20190822,"13:04:01","SZ","NB",6176398122,5575950971,11752349093,600447151
20190822,"13:05:01","SZ","NB",6198771542,5594555113,11793326655,604216429
20190822,"13:05:01","SH","NB",4974648817,4533823411,9508472228,440825406
20190822,"13:06:01","SH","NB",5000725262,4552822670,9553547932,447902592
20190822,"13:06:01","SZ","NB",6229751816,5615227681,11844979497,614524135
20190822,"13:07:01","SH","NB",5020694557,4574170630,9594865187,446523927
20190822,"13:07:01","SZ","NB",6251415957,5637257318,11888673275,614158639
20190822,"13:08:01","SH","NB",5037010744,4593236187,9630246931,443774557
20190822,"13:08:01","SZ","NB",6273981089,5663090540,11937071629,610890549
20190822,"13:09:01","SH","NB",5056941002,4611483162,9668424164,445457840
20190822,"13:09:01","SZ","NB",6295306331,5690415854,11985722185,604890477
20190822,"13:10:01","SH","NB",5076295432,4634993789,9711289221,441301643
20190822,"13:10:01","SZ","NB",6316326986,5720685556,12037012542,595641430
20190822,"13:11:01","SH","NB",5098278697,4661987188,9760265885,436291509
20190822,"13:11:01","SZ","NB",6340894528,5746367391,12087261919,594527137
20190822,"13:12:01","SH","NB",5117952651,4679801097,9797753748,438151554
20190822,"13:12:01","SZ","NB",6371297465,5766052519,12137349984,605244946
20190822,"13:13:01","SH","NB",5140081053,4695443827,9835524880,444637226
20190822,"13:13:01","SZ","NB",6397015363,5780628812,12177644175,616386551
20190822,"13:14:01","SH","NB",5164529085,4707020174,9871549259,457508911
20190822,"13:14:01","SZ","NB",6421085821,5798473026,12219558847,622612795
20190822,"13:15:01","SZ","NB",6445202741,5817083642,12262286383,628119099
20190822,"13:15:01","SH","NB",5182533367,4726182498,9908715865,456350869
20190822,"13:16:01","SH","NB",5208235812,4746861582,9955097394,461374230
20190822,"13:16:01","SZ","NB",6473370214,5833096381,12306466595,640273833
20190822,"13:17:01","SH","NB",5230101968,4770647070,10000749038,459454898
20190822,"13:17:01","SZ","NB",6498102044,5856142495,12354244539,641959549
20190822,"13:18:01","SZ","NB",6515208630,5885756493,12400965123,629452137
20190822,"13:18:01","SH","NB",5251696885,4793327284,10045024169,458369601
20190822,"13:19:01","SH","NB",5272433413,4839179643,10111613056,433253770
20190822,"13:19:01","SZ","NB",6538668145,5926513913,12465182058,612154232
20190822,"13:20:01","SZ","NB",6558869956,5952189925,12511059881,606680031
20190822,"13:20:01","SH","NB",5298093915,4870203077,10168296992,427890838
20190822,"13:21:01","SH","NB",5327443723,4906140964,10233584687,421302759
20190822,"13:21:01","SZ","NB",6598653278,5992532794,12591186072,606120484
20190822,"13:22:01","SH","NB",5355362112,4931856593,10287218705,423505519
20190822,"13:22:01","SZ","NB",6641132331,6020402353,12661534684,620729978
20190822,"13:23:01","SH","NB",5379108846,4956821772,10335930618,422287074
20190822,"13:23:01","SZ","NB",6677279717,6037675687,12714955404,639604030
20190822,"13:24:01","SH","NB",5402344336,4974422257,10376766593,427922079
20190822,"13:24:01","SZ","NB",6703149627,6057748963,12760898590,645400664
20190822,"13:25:01","SH","NB",5425056552,4991844005,10416900557,433212547
20190822,"13:25:01","SZ","NB",6727056043,6075123294,12802179337,651932749
20190822,"13:26:01","SH","NB",5449932489,5026494018,10476426507,423438471
20190822,"13:26:01","SZ","NB",6750559471,6102021534,12852581005,648537937
20190822,"13:27:01","SH","NB",5469378540,5054080516,10523459056,415298024
20190822,"13:27:01","SZ","NB",6777711764,6131247240,12908959004,646464524
20190822,"13:28:01","SH","NB",5496402635,5076812578,10573215213,419590057
20190822,"13:28:01","SZ","NB",6802121703,6146657272,12948778975,655464431
20190822,"13:29:01","SZ","NB",6823934639,6164865046,12988799685,659069593
20190822,"13:29:01","SH","NB",5520789343,5097331192,10618120535,423458151
20190822,"13:30:01","SH","NB",5554392706,5117171003,10671563709,437221703
20190822,"13:30:01","SZ","NB",6864132535,6184352637,13048485172,679779898
20190822,"13:31:01","SH","NB",5594097672,5138855760,10732953432,455241912
20190822,"13:31:01","SZ","NB",6905775949,6203591898,13109367847,702184051
20190822,"13:32:01","SH","NB",5627178740,5157607379,10784786119,469571361
20190822,"13:32:01","SZ","NB",6945415696,6223341056,13168756752,722074640
20190822,"13:33:01","SH","NB",5652969028,5178110347,10831079375,474858681
20190822,"13:33:01","SZ","NB",6977829599,6241894135,13219723734,735935464
20190822,"13:34:01","SH","NB",5681411109,5195202966,10876614075,486208143
20190822,"13:34:01","SZ","NB",7003713715,6259007578,13262721293,744706137
20190822,"13:35:01","SH","NB",5700564481,5220450118,10921014599,480114363
20190822,"13:35:01","SZ","NB",7031495525,6290181222,13321676747,741314303
20190822,"13:36:01","SH","NB",5721989513,5234463539,10956453052,487525974
20190822,"13:36:01","SZ","NB",7071522181,6312291796,13383813977,759230385
20190822,"13:37:01","SZ","NB",7102986903,6336889282,13439876185,766097621
20190822,"13:37:01","SH","NB",5738630665,5250730928,10989361593,487899737
20190822,"13:38:01","SH","NB",5760054843,5271203762,11031258605,488851081
20190822,"13:38:01","SZ","NB",7120424345,6359348523,13479772868,761075822
20190822,"13:39:01","SZ","NB",7136837347,6378464826,13515302173,758372521
20190822,"13:39:01","SH","NB",5778667944,5290121478,11068789422,488546466
20190822,"13:40:01","SH","NB",5800137893,5306053499,11106191392,494084394
20190822,"13:40:01","SZ","NB",7160251194,6406022415,13566273609,754228779
20190822,"13:41:01","SH","NB",5819558255,5324755556,11144313811,494802699
20190822,"13:41:01","SZ","NB",7188486047,6428851646,13617337693,759634401
20190822,"13:42:01","SH","NB",5836524048,5340795804,11177319852,495728244
20190822,"13:42:01","SZ","NB",7212179933,6455349420,13667529353,756830513
20190822,"13:43:01","SH","NB",5850778154,5354111153,11204889307,496667001
20190822,"13:43:01","SZ","NB",7232712721,6475179173,13707891894,757533548
20190822,"13:44:01","SH","NB",5867333210,5365473626,11232806836,501859584
20190822,"13:44:01","SZ","NB",7262274777,6493606795,13755881572,768667982
20190822,"13:45:01","SH","NB",5893780525,5380707568,11274488093,513072957
20190822,"13:45:01","SZ","NB",7284998672,6512259951,13797258623,772738721
20190822,"13:46:01","SH","NB",5913015485,5403286582,11316302067,509728903
20190822,"13:46:01","SZ","NB",7319257911,6531811510,13851069421,787446401
20190822,"13:47:01","SH","NB",5930024208,5428875588,11358899796,501148620
20190822,"13:47:01","SZ","NB",7344714077,6555996623,13900710700,788717454
20190822,"13:48:01","SH","NB",5950259382,5444804484,11395063866,505454898
20190822,"13:48:01","SZ","NB",7365609268,6576116834,13941726102,789492434
20190822,"13:49:01","SZ","NB",7387807367,6594913829,13982721196,792893538
20190822,"13:49:01","SH","NB",5968368780,5464432255,11432801035,503936525
20190822,"13:50:01","SH","NB",5987894429,5498703126,11486597555,489191303
20190822,"13:50:01","SZ","NB",7411877293,6624171530,14036048823,787705763
20190822,"13:51:01","SH","NB",6012251584,5523881109,11536132693,488370475
20190822,"13:51:01","SZ","NB",7437747472,6652495251,14090242723,785252221
20190822,"13:52:01","SH","NB",6034897333,5541676479,11576573812,493220854
20190822,"13:52:01","SZ","NB",7463626439,6667581993,14131208432,796044446
20190822,"13:53:01","SH","NB",6055835535,5560969972,11616805507,494865563
20190822,"13:53:01","SZ","NB",7482051472,6688230219,14170281691,793821253
20190822,"13:54:01","SH","NB",6072627758,5579561327,11652189085,493066431
20190822,"13:54:01","SZ","NB",7499861644,6703723972,14203585616,796137672
20190822,"13:55:01","SH","NB",6085997896,5594171968,11680169864,491825928
20190822,"13:55:01","SZ","NB",7517570412,6721064731,14238635143,796505681
20190822,"13:56:01","SH","NB",6106870348,5617044383,11723914731,489825965
20190822,"13:56:01","SZ","NB",7539772873,6740064883,14279837756,799707990
20190822,"13:57:01","SZ","NB",7555428155,6759243036,14314671191,796185119
20190822,"13:57:01","SH","NB",6127019161,5637397759,11764416920,489621402
20190822,"13:58:01","SH","NB",6153638016,5656146769,11809784785,497491247
20190822,"13:58:01","SZ","NB",7584401995,6776931587,14361333582,807470408
20190822,"13:59:01","SH","NB",6176229837,5683554989,11859784826,492674848
20190822,"13:59:01","SZ","NB",7611814601,6791165925,14402980526,820648676
20190822,"14:00:01","SH","NB",6201210169,5707060952,11908271121,494149217
20190822,"14:00:01","SZ","NB",7642509031,6806826910,14449335941,835682121
20190822,"14:01:01","SH","NB",6227571916,5727187760,11954759676,500384156
20190822,"14:01:01","SZ","NB",7681840614,6828133740,14509974354,853706874
20190822,"14:02:01","SZ","NB",7715732677,6848987208,14564719885,866745469
20190822,"14:02:01","SH","NB",6252637951,5749451950,12002089901,503186001
20190822,"14:03:01","SH","NB",6274514296,5778883702,12053397998,495630594
20190822,"14:03:01","SZ","NB",7739008400,6872505824,14611514224,866502576
20190822,"14:04:01","SH","NB",6291550964,5798549453,12090100417,493001511
20190822,"14:04:01","SZ","NB",7757732772,6895508813,14653241585,862223959
20190822,"14:05:01","SH","NB",6310709714,5816045034,12126754748,494664680
20190822,"14:05:01","SZ","NB",7775846308,6918306347,14694152655,857539961
20190822,"14:06:01","SH","NB",6331350897,5832112938,12163463835,499237959
20190822,"14:06:01","SZ","NB",7797641869,6938537964,14736179833,859103905
20190822,"14:07:01","SH","NB",6348939426,5850109246,12199048672,498830180
20190822,"14:07:01","SZ","NB",7827526312,6956011736,14783538048,871514576
20190822,"14:08:01","SH","NB",6370416248,5866063628,12236479876,504352620
20190822,"14:08:01","SZ","NB",7844173653,6970102648,14814276301,874071005
20190822,"14:09:01","SH","NB",6393527025,5886582603,12280109628,506944422
20190822,"14:09:01","SZ","NB",7864386895,6984117316,14848504211,880269579
20190822,"14:10:01","SH","NB",6408016469,5903940629,12311957098,504075840
20190822,"14:10:01","SZ","NB",7886495929,6998035958,14884531887,888459971
20190822,"14:11:01","SH","NB",6458539343,5924159703,12382699046,534379640
20190822,"14:11:01","SZ","NB",7955008274,7022851815,14977860089,932156459
20190822,"14:12:01","SZ","NB",7996328782,7055025129,15051353911,941303653
20190822,"14:12:01","SH","NB",6490279146,5945551059,12435830205,544728087
20190822,"14:13:01","SH","NB",6518892332,5972506500,12491398832,546385832
20190822,"14:13:01","SZ","NB",8034118159,7084494672,15118612831,949623487
20190822,"14:14:01","SH","NB",6548484099,6002019243,12550503342,546464856
20190822,"14:14:01","SZ","NB",8061691363,7114022096,15175713459,947669267
20190822,"14:15:01","SH","NB",6573790234,6024337143,12598127377,549453091
20190822,"14:15:01","SZ","NB",8082079909,7151169123,15233249032,930910786
20190822,"14:16:01","SZ","NB",8106803854,7180548684,15287352538,926255170
20190822,"14:16:01","SH","NB",6593417454,6050758264,12644175718,542659190
20190822,"14:17:01","SH","NB",6622274596,6071357586,12693632182,550917010
20190822,"14:17:01","SZ","NB",8127594623,7208577939,15336172562,919016684
20190822,"14:18:01","SH","NB",6640792259,6090868638,12731660897,549923621
20190822,"14:18:01","SZ","NB",8151553900,7229833139,15381387039,921720761
20190822,"14:19:01","SH","NB",6661385902,6111078508,12772464410,550307394
20190822,"14:19:01","SZ","NB",8174788271,7250288226,15425076497,924500045
20190822,"14:20:01","SH","NB",6680549303,6131559354,12812108657,548989949
20190822,"14:20:01","SZ","NB",8209239566,7270385073,15479624639,938854493
20190822,"14:21:01","SH","NB",6705557999,6160792383,12866350382,544765616
20190822,"14:21:01","SZ","NB",8236500389,7294265449,15530765838,942234940
20190822,"14:22:01","SH","NB",6725341097,6204542980,12929884077,520798117
20190822,"14:22:01","SZ","NB",8262415855,7336068524,15598484379,926347331
20190822,"14:23:01","SH","NB",6745715066,6223166399,12968881465,522548667
20190822,"14:23:01","SZ","NB",8344340315,7360748208,15705088523,983592107
20190822,"14:24:01","SZ","NB",8366224029,7396604356,15762828385,969619673
20190822,"14:24:01","SH","NB",6765600947,6264113215,13029714162,501487732
20190822,"14:25:01","SH","NB",6783513046,6288569365,13072082411,494943681
20190822,"14:25:01","SZ","NB",8389300839,7424025427,15813326266,965275412
20190822,"14:26:01","SH","NB",6806320878,6317219244,13123540122,489101634
20190822,"14:26:01","SZ","NB",8413024770,7454170381,15867195151,958854389
20190822,"14:27:01","SH","NB",6826028638,6341390260,13167418898,484638378
20190822,"14:27:01","SZ","NB",8442747636,7473685535,15916433171,969062101
20190822,"14:28:01","SH","NB",6845723155,6361647690,13207370845,484075465
20190822,"14:28:01","SZ","NB",8462816976,7504578964,15967395940,958238012
20190822,"14:29:01","SH","NB",6862102852,6377708726,13239811578,484394126
20190822,"14:29:01","SZ","NB",8482185874,7527158494,16009344368,955027380
20190822,"14:30:01","SH","NB",6888105039,6400349495,13288454534,487755544
20190822,"14:30:01","SZ","NB",8512096867,7552748540,16064845407,959348327
20190822,"14:31:01","SH","NB",6913715607,6428940015,13342655622,484775592
20190822,"14:31:01","SZ","NB",8543961196,7581148924,16125110120,962812272
20190822,"14:32:01","SH","NB",6936444967,6450506330,13386951297,485938637
20190822,"14:32:01","SZ","NB",8574182984,7603730905,16177913889,970452079
20190822,"14:33:01","SH","NB",6965062843,6480886962,13445949805,484175881
20190822,"14:33:01","SZ","NB",8606063033,7626311480,16232374513,979751553
20190822,"14:34:01","SZ","NB",8639895907,7648538295,16288434202,991357612
20190822,"14:34:01","SH","NB",7000762465,6510676763,13511439228,490085702
20190822,"14:35:01","SH","NB",7034596331,6535546031,13570142362,499050300
20190822,"14:35:01","SZ","NB",8672177802,7674023505,16346201307,998154297
20190822,"14:36:01","SH","NB",7074627218,6567325202,13641952420,507302016
20190822,"14:36:01","SZ","NB",8713753758,7705776077,16419529835,1007977681
20190822,"14:37:01","SH","NB",7111345322,6592513170,13703858492,518832152
20190822,"14:37:01","SZ","NB",8746107723,7732723115,16478830838,1013384608
20190822,"14:38:01","SH","NB",7153060872,6624787965,13777848837,528272907
20190822,"14:38:01","SZ","NB",8796239155,7769666180,16565905335,1026572975
20190822,"14:39:01","SH","NB",7184769471,6659693046,13844462517,525076425
20190822,"14:39:01","SZ","NB",8830357531,7803111774,16633469305,1027245757
20190822,"14:40:01","SH","NB",7215595045,6693485890,13909080935,522109155
20190822,"14:40:01","SZ","NB",8858176797,7836130938,16694307735,1022045859
20190822,"14:41:01","SH","NB",7246257974,6735496986,13981754960,510760988
20190822,"14:41:01","SZ","NB",8890031798,7875270871,16765302669,1014760927
20190822,"14:42:01","SH","NB",7281753707,6780383600,14062137307,501370107
20190822,"14:42:01","SZ","NB",8927280169,7899178870,16826459039,1028101299
20190822,"14:43:01","SH","NB",7317295171,6802119215,14119414386,515175956
20190822,"14:43:01","SZ","NB",8974968400,7921732351,16896700751,1053236049
20190822,"14:44:01","SZ","NB",9014049600,7950941145,16964990745,1063108455
20190822,"14:44:01","SH","NB",7354610225,6841864078,14196474303,512746147
20190822,"14:45:01","SH","NB",7391331275,6872068286,14263399561,519262989
20190822,"14:45:01","SZ","NB",9051106691,7976575237,17027681928,1074531454
20190822,"14:46:01","SH","NB",7437822704,6918944852,14356767556,518877852
20190822,"14:46:01","SZ","NB",9099503001,8018073107,17117576108,1081429894
20190822,"14:47:01","SH","NB",7467881739,6954567836,14422449575,513313903
20190822,"14:47:01","SZ","NB",9131297179,8053569422,17184866601,1077727757
20190822,"14:48:01","SH","NB",7500413386,6984623313,14485036699,515790073
20190822,"14:48:01","SZ","NB",9165246650,8105221435,17270468085,1060025215
20190822,"14:49:01","SZ","NB",9210101759,8150186135,17360287894,1059915624
20190822,"14:49:01","SH","NB",7531847050,7015537316,14547384366,516309734
20190822,"14:50:01","SH","NB",7568016713,7051770933,14619787646,516245780
20190822,"14:50:01","SZ","NB",9248107556,8185404278,17433511834,1062703278
20190822,"14:51:01","SH","NB",7620631462,7122806142,14743437604,497825320
20190822,"14:51:01","SZ","NB",9309051816,8245159976,17554211792,1063891840
20190822,"14:52:01","SH","NB",7658367829,7196997257,14855365086,461370572
20190822,"14:52:01","SZ","NB",9350531955,8290470963,17641002918,1060060992
20190822,"14:53:01","SZ","NB",9391507081,8330749039,17722256120,1060758042
20190822,"14:53:01","SH","NB",7704526020,7246237730,14950763750,458288290
20190822,"14:54:01","SH","NB",7750433114,7303811597,15054244711,446621517
20190822,"14:54:01","SZ","NB",9440519895,8382416995,17822936890,1058102900
20190822,"14:55:01","SH","NB",7797921316,7349790198,15147711514,448131118
20190822,"14:55:01","SZ","NB",9489848844,8427041552,17916890396,1062807292
20190822,"14:56:01","SH","NB",7838999396,7407564000,15246563396,431435396
20190822,"14:56:01","SZ","NB",9547905458,8469054980,18016960438,1078850478
20190822,"14:57:01","SH","NB",7868937678,7447112460,15316050138,421825218
20190822,"14:57:01","SZ","NB",9591487214,8491565569,18083052783,1099921645
20190822,"14:58:01","SH","NB",7868947437,7448906356,15317853793,420041081
20190822,"14:58:01","SZ","NB",9591591034,8491615014,18083206048,1099976020
20190822,"15:01:01","SH","NB",7941471738,7525168361,15466640099,416303377
20190822,"15:01:01","SZ","NB",9654183956,8555177836,18209361792,1099006120
