dataDate,dataTime,connectMarket,tradeDirection,buyTurnover,sellTurnover,totalTurnover,netTurnover
20200903,"09:30:01","SH","NB",162116172,130219916,292336088,31896256
20200903,"09:30:01","SZ","NB",225308335,191409526,416717861,33898809
20200903,"09:31:01","SH","NB",426333924,434946235,861280159,-8612311
20200903,"09:31:01","SZ","NB",680910199,778877405,1459787604,-97967206
20200903,"09:32:03","SH","NB",613992577,725425978,1339418555,-111433401
20200903,"09:32:03","SZ","NB",1035400262,1222126426,2257526688,-186726164
20200903,"09:33:01","SH","NB",784975098,949838863,1734813961,-164863765
20200903,"09:33:01","SZ","NB",1343011555,1602574050,2945585605,-259562495
20200903,"09:34:01","SH","NB",982786966,1126348411,2109135377,-143561445
20200903,"09:34:01","SZ","NB",1658825376,1956910491,3615735867,-298085115
20200903,"09:35:01","SH","NB",1120665005,1307455024,2428120029,-186790019
20200903,"09:35:01","SZ","NB",1902458429,2304436873,4206895302,-401978444
20200903,"09:36:01","SZ","NB",2189408461,2826334252,5015742713,-636925791
20200903,"09:36:01","SH","NB",1292659538,1520325574,2812985112,-227666036
20200903,"09:37:01","SH","NB",1548087670,1698785989,3246873659,-150698319
20200903,"09:37:01","SZ","NB",2606527501,3258940656,5865468157,-652413155
20200903,"09:38:01","SH","NB",1695692746,1863260122,3558952868,-167567376
20200903,"09:38:01","SZ","NB",2927608101,3636429686,6564037787,-708821585
20200903,"09:39:01","SZ","NB",3426104779,3901101106,7327205885,-474996327
20200903,"09:39:01","SH","NB",2119728869,2021581803,4141310672,98147066
20200903,"09:40:01","SH","NB",2350705647,2163345308,4514050955,187360339
20200903,"09:40:01","SZ","NB",3680237966,4256330159,7936568125,-576092193
20200903,"09:41:01","SH","NB",2648455796,2357206408,5005662204,291249388
20200903,"09:41:01","SZ","NB",3991067110,4688122347,8679189457,-697055237
20200903,"09:42:01","SH","NB",2873523758,2520719641,5394243399,352804117
20200903,"09:42:01","SZ","NB",4216320321,5066641968,9282962289,-850321647
20200903,"09:43:01","SH","NB",3103793352,2670372834,5774166186,433420518
20200903,"09:43:01","SZ","NB",4474297409,5424919565,9899216974,-950622156
20200903,"09:44:01","SH","NB",3292751154,2812493782,6105244936,480257372
20200903,"09:44:01","SZ","NB",4717825607,5709384789,10427210396,-991559182
20200903,"09:45:01","SH","NB",3469485943,3011585907,6481071850,457900036
20200903,"09:45:01","SZ","NB",4967953002,6124069201,11092022203,-1156116199
20200903,"09:46:01","SH","NB",3765585415,3127350766,6892936181,638234649
20200903,"09:46:01","SZ","NB",5285572823,6368485866,11654058689,-1082913043
20200903,"09:47:01","SH","NB",3927227548,3309295554,7236523102,617931994
20200903,"09:47:01","SZ","NB",5489015928,6589500937,12078516865,-1100485009
20200903,"09:48:01","SH","NB",4144860418,3420172751,7565033169,724687667
20200903,"09:48:01","SZ","NB",5820667894,6799663795,12620331689,-978995901
20200903,"09:49:01","SZ","NB",5999767343,7061348480,13061115823,-1061581137
20200903,"09:49:01","SH","NB",4286581938,3565886434,7852468372,720695504
20200903,"09:50:01","SH","NB",4402459334,3744223023,8146682357,658236311
20200903,"09:50:01","SZ","NB",6195897107,7370916287,13566813394,-1175019180
20200903,"09:51:01","SH","NB",4647888181,3852428777,8500316958,795459404
20200903,"09:51:01","SZ","NB",6529441208,7582968847,14112410055,-1053527639
20200903,"09:52:01","SH","NB",4820026493,3969020545,8789047038,851005948
20200903,"09:52:01","SZ","NB",6761329466,7790715583,14552045049,-1029386117
20200903,"09:53:01","SH","NB",4959175129,4087317148,9046492277,871857981
20200903,"09:53:01","SZ","NB",6937702682,7982317048,14920019730,-1044614366
20200903,"09:54:01","SZ","NB",7105314404,8166588797,15271903201,-1061274393
20200903,"09:54:01","SH","NB",5080020243,4200396288,9280416531,879623955
20200903,"09:55:01","SH","NB",5219433628,4299843913,9519277541,919589715
20200903,"09:55:01","SZ","NB",7261725607,8317125636,15578851243,-1055400029
20200903,"09:56:01","SH","NB",5440114751,4419196129,9859310880,1020918622
20200903,"09:56:01","SZ","NB",7531289492,8490533112,16021822604,-959243620
20200903,"09:57:01","SH","NB",5538786194,4511961871,10050748065,1026824323
20200903,"09:57:01","SZ","NB",7634635308,8682170600,16316805908,-1047535292
20200903,"09:58:01","SH","NB",5677560007,4586995430,10264555437,1090564577
20200903,"09:58:01","SZ","NB",7778994305,8847009782,16626004087,-1068015477
20200903,"09:59:01","SH","NB",6072515879,4672421908,10744937787,1400093971
20200903,"09:59:01","SZ","NB",8082345307,9016782186,17099127493,-934436879
20200903,"10:00:01","SH","NB",6220776429,4835965652,11056742081,1384810777
20200903,"10:00:01","SZ","NB",8227868825,9336468136,17564336961,-1108599311
20200903,"10:01:01","SZ","NB",8513582826,9556455978,18070038804,-1042873152
20200903,"10:01:01","SH","NB",6563016785,4978213139,11541229924,1584803646
20200903,"10:02:01","SH","NB",6717327083,5312147455,12029474538,1405179628
20200903,"10:02:01","SZ","NB",8647924241,10053241309,18701165550,-1405317068
20200903,"10:03:01","SH","NB",6837576241,5618586097,12456162338,1218990144
20200903,"10:03:01","SZ","NB",8788810484,10609056430,19397866914,-1820245946
20200903,"10:04:01","SH","NB",6935067798,5827102354,12762170152,1107965444
20200903,"10:04:01","SZ","NB",8950365901,10855960526,19806326427,-1905594625
20200903,"10:05:01","SH","NB",7046848050,5914023628,12960871678,1132824422
20200903,"10:05:01","SZ","NB",9101520902,10982727780,20084248682,-1881206878
20200903,"10:06:01","SH","NB",7186444700,5990932252,13177376952,1195512448
20200903,"10:06:01","SZ","NB",9246565291,11104135929,20350701220,-1857570638
20200903,"10:07:01","SH","NB",7246401402,6113008295,13359409697,1133393107
20200903,"10:07:01","SZ","NB",9328148889,11295216486,20623365375,-1967067597
20200903,"10:08:01","SH","NB",7349434479,6177192525,13526627004,1172241954
20200903,"10:08:01","SZ","NB",9429613522,11403904763,20833518285,-1974291241
20200903,"10:09:01","SZ","NB",9543742783,11492338283,21036081066,-1948595500
20200903,"10:09:01","SH","NB",7458941003,6231195486,13690136489,1227745517
20200903,"10:10:01","SH","NB",7566954053,6288420343,13855374396,1278533710
20200903,"10:10:01","SZ","NB",9668715095,11575634510,21244349605,-1906919415
20200903,"10:11:01","SH","NB",7665448547,6449701996,14115150543,1215746551
20200903,"10:11:01","SZ","NB",9819804746,11769693405,21589498151,-1949888659
20200903,"10:12:01","SZ","NB",9905599751,11934955770,21840555521,-2029356019
20200903,"10:12:01","SH","NB",7737155565,6538645524,14275801089,1198510041
20200903,"10:13:01","SH","NB",7865931157,6617641357,14483572514,1248289800
20200903,"10:13:01","SZ","NB",10096825071,12076148629,22172973700,-1979323558
20200903,"10:14:01","SH","NB",7974454417,6694897203,14669351620,1279557214
20200903,"10:14:01","SZ","NB",10202366337,12198589495,22400955832,-1996223158
20200903,"10:15:01","SH","NB",8114563184,6767876722,14882439906,1346686462
20200903,"10:15:01","SZ","NB",10365359567,12305991466,22671351033,-1940631899
20200903,"10:16:01","SH","NB",8178806469,6886132541,15064939010,1292673928
20200903,"10:16:01","SZ","NB",10436796949,12465743842,22902540791,-2028946893
20200903,"10:17:01","SH","NB",8267723591,7082191758,15349915349,1185531833
20200903,"10:17:01","SZ","NB",10526008980,12684450689,23210459669,-2158441709
20200903,"10:18:01","SH","NB",8346009821,7178863636,15524873457,1167146185
20200903,"10:18:01","SZ","NB",10636076050,12848510365,23484586415,-2212434315
20200903,"10:19:01","SH","NB",8456259626,7246212305,15702471931,1210047321
20200903,"10:19:01","SZ","NB",10789793192,12960654739,23750447931,-2170861547
20200903,"10:20:01","SZ","NB",10949188159,13071151036,24020339195,-2121962877
20200903,"10:20:01","SH","NB",8542256879,7305238576,15847495455,1237018303
20200903,"10:21:01","SH","NB",8728553470,7373147105,16101700575,1355406365
20200903,"10:21:01","SZ","NB",11273724579,13196789848,24470514427,-1923065269
20200903,"10:22:01","SH","NB",8846378043,7445126141,16291504184,1401251902
20200903,"10:22:01","SZ","NB",11420965538,13295329498,24716295036,-1874363960
20200903,"10:23:01","SH","NB",8952371040,7520060951,16472431991,1432310089
20200903,"10:23:01","SZ","NB",11565099375,13412453488,24977552863,-1847354113
20200903,"10:24:01","SH","NB",9031015157,7609986406,16641001563,1421028751
20200903,"10:24:01","SZ","NB",11678140673,13530058504,25208199177,-1851917831
20200903,"10:25:01","SZ","NB",11865853854,13613917124,25479770978,-1748063270
20200903,"10:25:01","SH","NB",9160679648,7671460808,16832140456,1489218840
20200903,"10:26:01","SH","NB",9242948094,7745538194,16988486288,1497409900
20200903,"10:26:01","SZ","NB",11973077279,13739331141,25712408420,-1766253862
20200903,"10:27:01","SH","NB",9312836165,7814455717,17127291882,1498380448
20200903,"10:27:01","SZ","NB",12085713959,13844429047,25930143006,-1758715088
20200903,"10:28:01","SH","NB",9373029213,7883079876,17256109089,1489949337
20200903,"10:28:01","SZ","NB",12192110581,13939182936,26131293517,-1747072355
20200903,"10:29:01","SH","NB",9439275327,7948449192,17387724519,1490826135
20200903,"10:29:01","SZ","NB",12283260269,14015245463,26298505732,-1731985194
20200903,"10:30:01","SH","NB",9490902309,8002998651,17493900960,1487903658
20200903,"10:30:01","SZ","NB",12377811586,14105014012,26482825598,-1727202426
20200903,"10:31:01","SH","NB",9640129077,8074403536,17714532613,1565725541
20200903,"10:31:01","SZ","NB",12600974415,14212384870,26813359285,-1611410455
20200903,"10:32:01","SH","NB",9699047023,8195343701,17894390724,1503703322
20200903,"10:32:01","SZ","NB",12687089538,14414449443,27101538981,-1727359905
20200903,"10:33:01","SZ","NB",12785473684,14529592772,27315066456,-1744119088
20200903,"10:33:01","SH","NB",9755094128,8275761475,18030855603,1479332653
20200903,"10:34:01","SH","NB",9796526171,8325702722,18122228893,1470823449
20200903,"10:34:01","SZ","NB",12865828521,14629363822,27495192343,-1763535301
20200903,"10:35:01","SZ","NB",12949788210,14721278536,27671066746,-1771490326
20200903,"10:35:01","SH","NB",9863267450,8387645621,18250913071,1475621829
20200903,"10:36:01","SH","NB",9978362277,8440479116,18418841393,1537883161
20200903,"10:36:01","SZ","NB",13195970572,14805376882,28001347454,-1609406310
20200903,"10:37:01","SH","NB",10024052780,8498730916,18522783696,1525321864
20200903,"10:37:01","SZ","NB",13279702105,14881671926,28161374031,-1601969821
20200903,"10:38:01","SH","NB",10079358562,8555970280,18635328842,1523388282
20200903,"10:38:01","SZ","NB",13379789945,14962984349,28342774294,-1583194404
20200903,"10:39:01","SH","NB",10111743525,8641290142,18753033667,1470453383
20200903,"10:39:01","SZ","NB",13429976875,15068120145,28498097020,-1638143270
20200903,"10:40:01","SH","NB",10151833521,8707917023,18859750544,1443916498
20200903,"10:40:01","SZ","NB",13507263665,15148481950,28655745615,-1641218285
20200903,"10:41:01","SH","NB",10257767115,8772271546,19030038661,1485495569
20200903,"10:41:01","SZ","NB",13727473892,15237512564,28964986456,-1510038672
20200903,"10:42:01","SH","NB",10295057273,8856321573,19151378846,1438735700
20200903,"10:42:01","SZ","NB",13812214428,15366030012,29178244440,-1553815584
20200903,"10:43:01","SH","NB",10353396109,8915842496,19269238605,1437553613
20200903,"10:43:01","SZ","NB",13894706711,15471484651,29366191362,-1576777940
20200903,"10:44:01","SH","NB",10389632705,9010650297,19400283002,1378982408
20200903,"10:44:01","SZ","NB",13958538926,15608122440,29566661366,-1649583514
20200903,"10:45:01","SZ","NB",14041951750,15692388793,29734340543,-1650437043
20200903,"10:45:01","SH","NB",10436609699,9068384696,19504994395,1368225003
20200903,"10:46:01","SH","NB",10485854897,9134281867,19620136764,1351573030
20200903,"10:46:01","SZ","NB",14135323695,15771709061,29907032756,-1636385366
20200903,"10:47:01","SH","NB",10531468221,9187036089,19718504310,1344432132
20200903,"10:47:01","SZ","NB",14233857981,15848993500,30082851481,-1615135519
20200903,"10:48:01","SH","NB",10581086440,9226901729,19807988169,1354184711
20200903,"10:48:01","SZ","NB",14310664858,15906197984,30216862842,-1595533126
20200903,"10:49:01","SH","NB",10615492412,9342954107,19958446519,1272538305
20200903,"10:49:01","SZ","NB",14373720878,16057103277,30430824155,-1683382399
20200903,"10:50:01","SH","NB",10666283533,9391652031,20057935564,1274631502
20200903,"10:50:01","SZ","NB",14457214939,16128654797,30585869736,-1671439858
20200903,"10:51:01","SZ","NB",14663092758,16230530855,30893623613,-1567438097
20200903,"10:51:01","SH","NB",10770104148,9449874200,20219978348,1320229948
20200903,"10:52:01","SH","NB",10831095844,9494258454,20325354298,1336837390
20200903,"10:52:01","SZ","NB",14782444893,16313249018,31095693911,-1530804125
20200903,"10:53:01","SH","NB",10867226376,9561700782,20428927158,1305525594
20200903,"10:53:01","SZ","NB",14851250084,16408629839,31259879923,-1557379755
20200903,"10:54:01","SH","NB",10908661955,9620361237,20529023192,1288300718
20200903,"10:54:01","SZ","NB",14991287513,16504001802,31495289315,-1512714289
20200903,"10:55:01","SH","NB",10958975445,9690133451,20649108896,1268841994
20200903,"10:55:01","SZ","NB",15066393267,16571930107,31638323374,-1505536840
20200903,"10:56:01","SH","NB",10988731399,9789231126,20777962525,1199500273
20200903,"10:56:01","SZ","NB",15118816990,16651518201,31770335191,-1532701211
20200903,"10:57:01","SH","NB",11037569367,9829829590,20867398957,1207739777
20200903,"10:57:01","SZ","NB",15173981164,16714715072,31888696236,-1540733908
20200903,"10:58:01","SH","NB",11074819502,9897254506,20972074008,1177564996
20200903,"10:58:01","SZ","NB",15216356647,16809388551,32025745198,-1593031904
20200903,"10:59:01","SH","NB",11107574720,10047002035,21154576755,1060572685
20200903,"10:59:01","SZ","NB",15271570113,16956100659,32227670772,-1684530546
20200903,"11:00:01","SZ","NB",15340360440,17025461077,32365821517,-1685100637
20200903,"11:00:01","SH","NB",11148289149,10094669142,21242958291,1053620007
20200903,"11:01:01","SH","NB",11249217847,10144588586,21393806433,1104629261
20200903,"11:01:01","SZ","NB",15477953237,17084352517,32562305754,-1606399280
20200903,"11:02:01","SH","NB",11290194504,10187427544,21477622048,1102766960
20200903,"11:02:01","SZ","NB",15533697518,17163827805,32697525323,-1630130287
20200903,"11:03:01","SH","NB",11346113277,10253323719,21599436996,1092789558
20200903,"11:03:01","SZ","NB",15596643680,17250393335,32847037015,-1653749655
20200903,"11:04:01","SH","NB",11372513195,10312749224,21685262419,1059763971
20200903,"11:04:01","SZ","NB",15642782943,17310920921,32953703864,-1668137978
20200903,"11:05:01","SH","NB",11402097606,10357994917,21760092523,1044102689
20200903,"11:05:01","SZ","NB",15684394010,17393890870,33078284880,-1709496860
20200903,"11:06:01","SH","NB",11450246366,10425036813,21875283179,1025209553
20200903,"11:06:01","SZ","NB",15739931612,17467938465,33207870077,-1728006853
20200903,"11:07:01","SH","NB",11488828863,10479729581,21968558444,1009099282
20200903,"11:07:01","SZ","NB",15782154758,17546703148,33328857906,-1764548390
20200903,"11:08:01","SZ","NB",15831864947,17625086484,33456951431,-1793221537
20200903,"11:08:01","SH","NB",11518922805,10527947419,22046870224,990975386
20200903,"11:09:01","SH","NB",11555847427,10589430955,22145278382,966416472
20200903,"11:09:01","SZ","NB",15880640684,17703957111,33584597795,-1823316427
20200903,"11:10:01","SH","NB",11609535014,10628586061,22238121075,980948953
20200903,"11:10:01","SZ","NB",15964936813,17749905583,33714842396,-1784968770
20200903,"11:11:01","SH","NB",11665743650,10682989235,22348732885,982754415
20200903,"11:11:01","SZ","NB",16046924422,17809392027,33856316449,-1762467605
20200903,"11:12:01","SH","NB",11697610616,10804343120,22501953736,893267496
20200903,"11:12:01","SZ","NB",16099090928,18006904794,34105995722,-1907813866
20200903,"11:13:01","SH","NB",11748067503,11096172739,22844240242,651894764
20200903,"11:13:01","SZ","NB",16164539751,18331511328,34496051079,-2166971577
20200903,"11:14:01","SZ","NB",16268409784,18555308831,34823718615,-2286899047
20200903,"11:14:01","SH","NB",11825479626,11212086113,23037565739,613393513
20200903,"11:15:01","SH","NB",11907699086,11282291214,23189990300,625407872
20200903,"11:15:01","SZ","NB",16379099628,18670633885,35049733513,-2291534257
20200903,"11:16:01","SH","NB",11947941379,11394622602,23342563981,553318777
20200903,"11:16:01","SZ","NB",16435972272,18772734700,35208706972,-2336762428
20200903,"11:17:01","SH","NB",12004525772,11453686899,23458212671,550838873
20200903,"11:17:01","SZ","NB",16514981625,18835286549,35350268174,-2320304924
20200903,"11:18:01","SH","NB",12039423976,11555324948,23594748924,484099028
20200903,"11:18:01","SZ","NB",16564043480,18940044272,35504087752,-2376000792
20200903,"11:19:01","SH","NB",12080358639,11709856370,23790215009,370502269
20200903,"11:19:01","SZ","NB",16621850621,19146943018,35768793639,-2525092397
20200903,"11:20:01","SH","NB",12143767499,11804250178,23948017677,339517321
20200903,"11:20:01","SZ","NB",16703039016,19260665458,35963704474,-2557626442
20200903,"11:21:01","SH","NB",12213652676,11897259179,24110911855,316393497
20200903,"11:21:01","SZ","NB",16782283428,19387199826,36169483254,-2604916398
20200903,"11:22:01","SZ","NB",16951639529,19479032962,36430672491,-2527393433
20200903,"11:22:01","SH","NB",12345102866,11968435868,24313538734,376666998
20200903,"11:23:01","SH","NB",12427817684,12011564498,24439382182,416253186
20200903,"11:23:01","SZ","NB",17031507181,19548805900,36580313081,-2517298719
20200903,"11:24:01","SH","NB",12483760540,12063315140,24547075680,420445400
20200903,"11:24:01","SZ","NB",17102372368,19603229130,36705601498,-2500856762
20200903,"11:25:01","SZ","NB",17135189691,19683501979,36818691670,-2548312288
20200903,"11:25:01","SH","NB",12504888491,12133767728,24638656219,371120763
20200903,"11:26:01","SH","NB",12542615728,12193228948,24735844676,349386780
20200903,"11:26:01","SZ","NB",17191762854,19751027032,36942789886,-2559264178
20200903,"11:27:01","SH","NB",12581096832,12228691743,24809788575,352405089
20200903,"11:27:01","SZ","NB",17236366617,19795984176,37032350793,-2559617559
20200903,"11:28:01","SH","NB",12629424319,12272149554,24901573873,357274765
20200903,"11:28:01","SZ","NB",17278198002,19843037661,37121235663,-2564839659
20200903,"11:29:01","SH","NB",12853774856,12342867159,25196642015,510907697
20200903,"11:29:01","SZ","NB",17581428369,19916678320,37498106689,-2335249951
20200903,"11:30:01","SH","NB",12890110127,12394913758,25285023885,495196369
20200903,"11:30:01","SZ","NB",17653285404,19982828574,37636113978,-2329543170
20200903,"13:00:01","SH","NB",12890110127,12394930950,25285041077,495179177
20200903,"13:00:01","SZ","NB",17656779204,19990521114,37647300318,-2333741910
20200903,"13:01:01","SH","NB",13003315983,12617570626,25620886609,385745357
20200903,"13:01:01","SZ","NB",17788292533,20254207426,38042499959,-2465914893
20200903,"13:02:01","SH","NB",13081307576,12681887283,25763194859,399420293
20200903,"13:02:01","SZ","NB",17889871427,20347294058,38237165485,-2457422631
20200903,"13:03:01","SH","NB",13129151421,12745854970,25875006391,383296451
20200903,"13:03:01","SZ","NB",17952847614,20440359330,38393206944,-2487511716
20200903,"13:04:01","SZ","NB",18040382135,20510242573,38550624708,-2469860438
20200903,"13:04:01","SH","NB",13206137760,12796948977,26003086737,409188783
20200903,"13:05:01","SH","NB",13259800632,12851237494,26111038126,408563138
20200903,"13:05:01","SZ","NB",18117473140,20567748165,38685221305,-2450275025
20200903,"13:06:01","SZ","NB",18266850420,20636141545,38902991965,-2369291125
20200903,"13:06:01","SH","NB",13378138876,12913416838,26291555714,464722038
20200903,"13:07:01","SH","NB",13429252445,12979943658,26409196103,449308787
20200903,"13:07:01","SZ","NB",18341420269,20730553548,39071973817,-2389133279
20200903,"13:08:01","SH","NB",13499991114,13016472928,26516464042,483518186
20200903,"13:08:01","SZ","NB",18449516043,20786454485,39235970528,-2336938442
20200903,"13:09:01","SH","NB",13570371597,13051762712,26622134309,518608885
20200903,"13:09:01","SZ","NB",18536718631,20834337136,39371055767,-2297618505
20200903,"13:10:01","SH","NB",13622010253,13133753465,26755763718,488256788
20200903,"13:10:01","SZ","NB",18598856855,20913694968,39512551823,-2314838113
20200903,"13:11:01","SH","NB",13671986271,13187499219,26859485490,484487052
20200903,"13:11:01","SZ","NB",18668703717,20977270086,39645973803,-2308566369
20200903,"13:12:01","SH","NB",13721350689,13272308236,26993658925,449042453
20200903,"13:12:01","SZ","NB",18737498050,21056033238,39793531288,-2318535188
20200903,"13:13:01","SH","NB",13787461184,13318979562,27106440746,468481622
20200903,"13:13:01","SZ","NB",18837602200,21126126223,39963728423,-2288524023
20200903,"13:14:01","SH","NB",13827327158,13364772174,27192099332,462554984
20200903,"13:14:01","SZ","NB",18894747189,21182789848,40077537037,-2288042659
20200903,"13:15:01","SH","NB",13864709256,13407334100,27272043356,457375156
20200903,"13:15:01","SZ","NB",18968144362,21237969848,40206114210,-2269825486
20200903,"13:16:01","SZ","NB",19029132851,21306736288,40335869139,-2277603437
20200903,"13:16:01","SH","NB",13908923019,13475744784,27384667803,433178235
20200903,"13:17:01","SH","NB",13954818286,13533895741,27488714027,420922545
20200903,"13:17:01","SZ","NB",19107570311,21366500834,40474071145,-2258930523
20200903,"13:18:01","SH","NB",14037848807,13585068121,27622916928,452780686
20200903,"13:18:01","SZ","NB",19184964562,21420430801,40605395363,-2235466239
20200903,"13:19:01","SZ","NB",19250658280,21459794903,40710453183,-2209136623
20200903,"13:19:01","SH","NB",14090726437,13616379947,27707106384,474346490
20200903,"13:20:01","SH","NB",14147130764,13659953840,27807084604,487176924
20200903,"13:20:01","SZ","NB",19444886057,21515233905,40960119962,-2070347848
20200903,"13:21:01","SH","NB",14213233884,13705760917,27918994801,507472967
20200903,"13:21:01","SZ","NB",19576752050,21589531289,41166283339,-2012779239
20200903,"13:22:01","SH","NB",14296846171,13762973915,28059820086,533872256
20200903,"13:22:01","SZ","NB",19664124854,21645446592,41309571446,-1981321738
20200903,"13:23:01","SH","NB",14398860746,13821669882,28220530628,577190864
20200903,"13:23:01","SZ","NB",19775138642,21715660265,41490798907,-1940521623
20200903,"13:24:01","SH","NB",14501824509,13885737164,28387561673,616087345
20200903,"13:24:01","SZ","NB",19899628189,21807205843,41706834032,-1907577654
20200903,"13:25:01","SH","NB",14609464123,13948450794,28557914917,661013329
20200903,"13:25:01","SZ","NB",20040876500,21880546987,41921423487,-1839670487
20200903,"13:26:01","SH","NB",14718307990,14011159714,28729467704,707148276
20200903,"13:26:01","SZ","NB",20175317292,21939068374,42114385666,-1763751082
20200903,"13:27:01","SH","NB",14822323696,14063164639,28885488335,759159057
20200903,"13:27:01","SZ","NB",20287001295,22002644084,42289645379,-1715642789
20200903,"13:28:01","SH","NB",14887859076,14112638567,29000497643,775220509
20200903,"13:28:01","SZ","NB",20387675697,22066611899,42454287596,-1678936202
20200903,"13:29:01","SZ","NB",20433062283,22162571039,42595633322,-1729508756
20200903,"13:29:01","SH","NB",14925487569,14170314658,29095802227,755172911
20200903,"13:30:01","SH","NB",14960749761,14212785945,29173535706,747963816
20200903,"13:30:01","SZ","NB",20486780499,22221491684,42708272183,-1734711185
20200903,"13:31:01","SH","NB",15006839722,14280462026,29287301748,726377696
20200903,"13:31:01","SZ","NB",20545346042,22313340563,42858686605,-1767994521
20200903,"13:32:01","SH","NB",15042037460,14344948096,29386985556,697089364
20200903,"13:32:01","SZ","NB",20606567923,22396105352,43002673275,-1789537429
20200903,"13:33:01","SH","NB",15100727788,14428797563,29529525351,671930225
20200903,"13:33:01","SZ","NB",20671573500,22502917990,43174491490,-1831344490
20200903,"13:34:01","SH","NB",15166510365,14476427098,29642937463,690083267
20200903,"13:34:01","SZ","NB",20739775604,22555410268,43295185872,-1815634664
20200903,"13:35:01","SH","NB",15259104554,14537727148,29796831702,721377406
20200903,"13:35:01","SZ","NB",20843100931,22608536418,43451637349,-1765435487
20200903,"13:36:01","SH","NB",15293944498,14585165680,29879110178,708778818
20200903,"13:36:01","SZ","NB",20894203572,22678697275,43572900847,-1784493703
20200903,"13:37:01","SZ","NB",20933370563,22722660584,43656031147,-1789290021
20200903,"13:37:01","SH","NB",15330443040,14621871269,29952314309,708571771
20200903,"13:38:01","SH","NB",15368938625,14659129199,30028067824,709809426
20200903,"13:38:01","SZ","NB",20979410129,22762528503,43741938632,-1783118374
20200903,"13:39:01","SH","NB",15403238712,14707158265,30110396977,696080447
20200903,"13:39:01","SZ","NB",21033896825,22832548193,43866445018,-1798651368
20200903,"13:40:01","SH","NB",15435511711,14779000314,30214512025,656511397
20200903,"13:40:01","SZ","NB",21084091240,22917040057,44001131297,-1832948817
20200903,"13:41:01","SH","NB",15495362784,14826239026,30321601810,669123758
20200903,"13:41:01","SZ","NB",21156009356,22983390289,44139399645,-1827380933
20200903,"13:42:01","SH","NB",15566852275,14863153877,30430006152,703698398
20200903,"13:42:01","SZ","NB",21237589466,23035016606,44272606072,-1797427140
20200903,"13:43:01","SZ","NB",21287656838,23101927016,44389583854,-1814270178
20200903,"13:43:01","SH","NB",15615212272,14920655952,30535868224,694556320
20200903,"13:44:01","SH","NB",15657234945,14973900299,30631135244,683334646
20200903,"13:44:01","SZ","NB",21332106276,23182795459,44514901735,-1850689183
20200903,"13:45:01","SH","NB",15696506138,15014718812,30711224950,681787326
20200903,"13:45:01","SZ","NB",21383152272,23240773632,44623925904,-1857621360
20200903,"13:46:01","SH","NB",15744828744,15062109005,30806937749,682719739
20200903,"13:46:01","SZ","NB",21432637906,23312965113,44745603019,-1880327207
20200903,"13:47:01","SH","NB",15792199855,15112745401,30904945256,679454454
20200903,"13:47:01","SZ","NB",21492036228,23372407980,44864444208,-1880371752
20200903,"13:48:01","SH","NB",15844506579,15168899854,31013406433,675606725
20200903,"13:48:01","SZ","NB",21536699302,23433638980,44970338282,-1896939678
20200903,"13:49:01","SH","NB",15902976640,15253593500,31156570140,649383140
20200903,"13:49:01","SZ","NB",21599165128,23542633800,45141798928,-1943468672
20200903,"13:50:01","SH","NB",15998646638,15305773073,31304419711,692873565
20200903,"13:50:01","SZ","NB",21709034775,23617327395,45326362170,-1908292620
20200903,"13:51:01","SZ","NB",21849544624,23707757615,45557302239,-1858212991
20200903,"13:51:01","SH","NB",16147228059,15370489688,31517717747,776738371
20200903,"13:52:01","SH","NB",16204567702,15424672998,31629240700,779894704
20200903,"13:52:01","SZ","NB",21914386334,23786692872,45701079206,-1872306538
20200903,"13:53:01","SH","NB",16270214837,15495104602,31765319439,775110235
20200903,"13:53:01","SZ","NB",21969484532,23873625984,45843110516,-1904141452
20200903,"13:54:01","SH","NB",16336321434,15554505190,31890826624,781816244
20200903,"13:54:01","SZ","NB",22022697427,23928172746,45950870173,-1905475319
20200903,"13:55:01","SH","NB",16407564746,15644954536,32052519282,762610210
20200903,"13:55:01","SZ","NB",22091871915,24050476590,46142348505,-1958604675
20200903,"13:56:01","SZ","NB",22175220780,24207623727,46382844507,-2032402947
20200903,"13:56:01","SH","NB",16477112468,15777756116,32254868584,699356352
20200903,"13:57:01","SH","NB",16579173016,15830782157,32409955173,748390859
20200903,"13:57:01","SZ","NB",22284068714,24265573005,46549641719,-1981504291
20200903,"13:58:01","SH","NB",16633890797,15873950954,32507841751,759939843
20200903,"13:58:01","SZ","NB",22343362593,24329712579,46673075172,-1986349986
20200903,"13:59:01","SH","NB",16861163376,15931494563,32792657939,929668813
20200903,"13:59:01","SZ","NB",22535674005,24397100297,46932774302,-1861426292
20200903,"14:00:01","SH","NB",16986702229,16001798463,32988500692,984903766
20200903,"14:00:01","SZ","NB",22672637651,24474372183,47147009834,-1801734532
20200903,"14:01:01","SH","NB",17075642079,16097538562,33173180641,978103517
20200903,"14:01:01","SZ","NB",22760319485,24613327159,47373646644,-1853007674
20200903,"14:02:01","SZ","NB",22814557702,24659885199,47474442901,-1845327497
20200903,"14:02:01","SH","NB",17128686020,16129266343,33257952363,999419677
20200903,"14:03:01","SH","NB",17171626505,16193063002,33364689507,978563503
20200903,"14:03:01","SZ","NB",22864961605,24744820948,47609782553,-1879859343
20200903,"14:04:01","SH","NB",17216319728,16248306418,33464626146,968013310
20200903,"14:04:01","SZ","NB",22910001945,24801026503,47711028448,-1891024558
20200903,"14:05:01","SH","NB",17261135676,16298460850,33559596526,962674826
20200903,"14:05:01","SZ","NB",22963852808,24874611308,47838464116,-1910758500
20200903,"14:06:01","SH","NB",17317055542,16376657860,33693713402,940397682
20200903,"14:06:01","SZ","NB",23024858305,24994230605,48019088910,-1969372300
20200903,"14:07:01","SH","NB",17382544919,16425583389,33808128308,956961530
20200903,"14:07:01","SZ","NB",23097949622,25066147092,48164096714,-1968197470
20200903,"14:08:01","SH","NB",17480653656,16474196548,33954850204,1006457108
20200903,"14:08:01","SZ","NB",23204708592,25125942712,48330651304,-1921234120
20200903,"14:09:01","SH","NB",17532552894,16524171924,34056724818,1008380970
20200903,"14:09:01","SZ","NB",23257315058,25172996556,48430311614,-1915681498
20200903,"14:10:01","SH","NB",17580372815,16562621333,34142994148,1017751482
20200903,"14:10:01","SZ","NB",23315374558,25233760244,48549134802,-1918385686
20200903,"14:11:01","SZ","NB",23400560070,25331827188,48732387258,-1931267118
20200903,"14:11:01","SH","NB",17654339597,16626150373,34280489970,1028189224
20200903,"14:12:01","SH","NB",17706158369,16668846037,34375004406,1037312332
20200903,"14:12:01","SZ","NB",23460677868,25404032477,48864710345,-1943354609
20200903,"14:13:01","SH","NB",17764583128,16770592278,34535175406,993990850
20200903,"14:13:01","SZ","NB",23541670178,25579872881,49121543059,-2038202703
20200903,"14:14:01","SH","NB",17935550149,16841297095,34776847244,1094253054
20200903,"14:14:01","SZ","NB",23681263525,25685874129,49367137654,-2004610604
20200903,"14:15:01","SH","NB",17998091343,16899883620,34897974963,1098207723
20200903,"14:15:01","SZ","NB",23760019072,25747836888,49507855960,-1987817816
20200903,"14:16:01","SH","NB",18116143958,16947249155,35063393113,1168894803
20200903,"14:16:01","SZ","NB",23873448396,25821085371,49694533767,-1947636975
20200903,"14:17:01","SH","NB",18178727929,16997421084,35176149013,1181306845
20200903,"14:17:01","SZ","NB",23955931923,25889303737,49845235660,-1933371814
20200903,"14:18:01","SH","NB",18216194393,17034671848,35250866241,1181522545
20200903,"14:18:01","SZ","NB",24016170739,25952968595,49969139334,-1936797856
20200903,"14:19:01","SH","NB",18251479583,17077518642,35328998225,1173960941
20200903,"14:19:01","SZ","NB",24061171014,26030444865,50091615879,-1969273851
20200903,"14:20:01","SH","NB",18296129409,17150898870,35447028279,1145230539
20200903,"14:20:01","SZ","NB",24115402839,26137679510,50253082349,-2022276671
20200903,"14:21:01","SZ","NB",24179323047,26350255293,50529578340,-2170932246
20200903,"14:21:01","SH","NB",18360461984,17276987886,35637449870,1083474098
20200903,"14:22:01","SH","NB",18441949271,17327059233,35769008504,1114890038
20200903,"14:22:01","SZ","NB",24290428716,26424165347,50714594063,-2133736631
20200903,"14:23:01","SH","NB",18501846973,17378381608,35880228581,1123465365
20200903,"14:23:01","SZ","NB",24375389564,26490732517,50866122081,-2115342953
20200903,"14:24:01","SH","NB",18559507552,17435250564,35994758116,1124256988
20200903,"14:24:01","SZ","NB",24437890560,26585255956,51023146516,-2147365396
20200903,"14:25:01","SH","NB",18691933454,17500582783,36192516237,1191350671
20200903,"14:25:01","SZ","NB",24618215211,26657662074,51275877285,-2039446863
20200903,"14:26:01","SH","NB",18738254891,17557283841,36295538732,1180971050
20200903,"14:26:01","SZ","NB",24709862383,26742798671,51452661054,-2032936288
20200903,"14:27:01","SH","NB",18767509973,17610170286,36377680259,1157339687
20200903,"14:27:01","SZ","NB",24764626592,26808960154,51573586746,-2044333562
20200903,"14:28:01","SH","NB",18805783558,17661163705,36466947263,1144619853
20200903,"14:28:01","SZ","NB",24825233040,26874345727,51699578767,-2049112687
20200903,"14:29:01","SH","NB",18845452342,17714211663,36559664005,1131240679
20200903,"14:29:01","SZ","NB",24883548556,26965326537,51848875093,-2081777981
20200903,"14:30:01","SZ","NB",24952997305,27022831384,51975828689,-2069834079
20200903,"14:30:01","SH","NB",18883836869,17764030650,36647867519,1119806219
20200903,"14:31:01","SH","NB",18954792953,17835397419,36790190372,1119395534
20200903,"14:31:01","SZ","NB",25040153914,27119863496,52160017410,-2079709582
20200903,"14:32:01","SH","NB",19041412401,17914110564,36955522965,1127301837
20200903,"14:32:01","SZ","NB",25145121520,27205356490,52350478010,-2060234970
20200903,"14:33:01","SH","NB",19096346499,17987499122,37083845621,1108847377
20200903,"14:33:01","SZ","NB",25216991174,27312243081,52529234255,-2095251907
20200903,"14:34:01","SH","NB",19195887409,18092194846,37288082255,1103692563
20200903,"14:34:01","SZ","NB",25323406857,27416256676,52739663533,-2092849819
20200903,"14:35:01","SH","NB",19272112886,18150529206,37422642092,1121583680
20200903,"14:35:01","SZ","NB",25405865180,27499959773,52905824953,-2094094593
20200903,"14:36:01","SH","NB",19345077737,18260807760,37605885497,1084269977
20200903,"14:36:01","SZ","NB",25502407445,27655400603,53157808048,-2152993158
20200903,"14:37:01","SH","NB",19420550408,18378453547,37799003955,1042096861
20200903,"14:37:01","SZ","NB",25618652053,27785759738,53404411791,-2167107685
20200903,"14:38:01","SH","NB",19547078731,18455501110,38002579841,1091577621
20200903,"14:38:01","SZ","NB",25819933923,27894487881,53714421804,-2074553958
20200903,"14:39:01","SH","NB",19623585623,18528342683,38151928306,1095242940
20200903,"14:39:01","SZ","NB",25900053990,27985319385,53885373375,-2085265395
20200903,"14:40:01","SZ","NB",25957584480,28057554604,54015139084,-2099970124
20200903,"14:40:01","SH","NB",19671748918,18586787957,38258536875,1084960961
20200903,"14:41:01","SH","NB",19727047521,18695682109,38422729630,1031365412
20200903,"14:41:01","SZ","NB",26035655516,28218877432,54254532948,-2183221916
20200903,"14:42:01","SH","NB",19795473375,18813995433,38609468808,981477942
20200903,"14:42:01","SZ","NB",26177239485,28378259950,54555499435,-2201020465
20200903,"14:43:01","SH","NB",19870128058,18889297641,38759425699,980830417
20200903,"14:43:01","SZ","NB",26283806566,28480967683,54764774249,-2197161117
20200903,"14:44:01","SH","NB",19938532449,18978704504,38917236953,959827945
20200903,"14:44:01","SZ","NB",26386111294,28574431731,54960543025,-2188320437
20200903,"14:45:01","SH","NB",20046304204,19053886797,39100191001,992417407
20200903,"14:45:01","SZ","NB",26521035977,28670197254,55191233231,-2149161277
20200903,"14:46:01","SH","NB",20167009374,19114280343,39281289717,1052729031
20200903,"14:46:01","SZ","NB",26660544815,28748968963,55409513778,-2088424148
20200903,"14:47:01","SH","NB",20278911808,19194589666,39473501474,1084322142
20200903,"14:47:01","SZ","NB",26824664627,28843004658,55667669285,-2018340031
20200903,"14:48:01","SZ","NB",26946970157,28930621441,55877591598,-1983651284
20200903,"14:48:01","SH","NB",20372368141,19268265175,39640633316,1104102966
20200903,"14:49:01","SH","NB",20452540917,19349993142,39802534059,1102547775
20200903,"14:49:01","SZ","NB",27035755435,29011555788,56047311223,-1975800353
20200903,"14:50:01","SH","NB",20536934351,19442096464,39979030815,1094837887
20200903,"14:50:01","SZ","NB",27146707134,29102215849,56248922983,-1955508715
20200903,"14:51:01","SZ","NB",27281499016,29223946488,56505445504,-1942447472
20200903,"14:51:01","SH","NB",20629754396,19532586354,40162340750,1097168042
20200903,"14:52:01","SH","NB",20711990743,19655438018,40367428761,1056552725
20200903,"14:52:01","SZ","NB",27401903803,29368248849,56770152652,-1966345046
20200903,"14:53:01","SH","NB",20789807207,19746521209,40536328416,1043285998
20200903,"14:53:01","SZ","NB",27514596651,29484885054,56999481705,-1970288403
20200903,"14:54:01","SH","NB",20865909526,19847189055,40713098581,1018720471
20200903,"14:54:01","SZ","NB",27645802862,29605366799,57251169661,-1959563937
20200903,"14:55:01","SH","NB",20958712389,19943705709,40902418098,1015006680
20200903,"14:55:01","SZ","NB",27779500324,29722364525,57501864849,-1942864201
20200903,"14:56:01","SH","NB",21070972132,20056713567,41127685699,1014258565
20200903,"14:56:01","SZ","NB",27967469121,29852867883,57820337004,-1885398762
20200903,"14:57:01","SH","NB",21145870775,20166469667,41312340442,979401108
20200903,"14:57:01","SZ","NB",28082323469,29980990461,58063313930,-1898666992
20200903,"14:58:01","SH","NB",21145920269,20166521224,41312441493,979399045
20200903,"15:00:01","SZ","NB",28154859390,30069417370,58224276760,-1914557980
20200903,"15:01:01","SH","NB",21527441781,20610139014,42137580795,917302767
20200903,"15:01:01","SZ","NB",28398199362,30319322193,58717521555,-1921122831
