dataDate,dataTime,connectMarket,tradeDirection,buyTurnover,sellTurnover,totalTurnover,netTurnover
20191021,"09:30:01","SH","NB",35459440,24084924,59544364,11374516
20191021,"09:30:01","SZ","NB",22136345,19282009,41418354,2854336
20191021,"09:31:01","SH","NB",166878285,105088489,271966774,61789796
20191021,"09:31:01","SZ","NB",169939702,153417884,323357586,16521818
20191021,"09:32:01","SH","NB",303346097,183883599,487229696,119462498
20191021,"09:32:01","SZ","NB",308678965,267741293,576420258,40937672
20191021,"09:33:01","SH","NB",417882277,253986094,671868371,163896183
20191021,"09:33:01","SZ","NB",450814202,389226737,840040939,61587465
20191021,"09:34:01","SZ","NB",642566104,540083487,1182649591,102482617
20191021,"09:34:01","SH","NB",572386269,340916319,913302588,231469950
20191021,"09:35:01","SH","NB",671693184,455230955,1126924139,216462229
20191021,"09:35:01","SZ","NB",760174034,712249269,1472423303,47924765
20191021,"09:36:01","SH","NB",766093835,584673865,1350767700,181419970
20191021,"09:36:01","SZ","NB",864232502,905604272,1769836774,-41371770
20191021,"09:37:01","SH","NB",920349282,696356818,1616706100,223992464
20191021,"09:37:01","SZ","NB",1038461204,1055906623,2094367827,-17445419
20191021,"09:38:01","SH","NB",1005590763,736769219,1742359982,268821544
20191021,"09:38:01","SZ","NB",1182157621,1147831263,2329988884,34326358
20191021,"09:39:01","SH","NB",1067756966,786196393,1853953359,281560573
20191021,"09:39:01","SZ","NB",1272063573,1239700287,2511763860,32363286
20191021,"09:40:01","SH","NB",1116999721,836337990,1953337711,280661731
20191021,"09:40:01","SZ","NB",1363737952,1335453686,2699191638,28284266
20191021,"09:41:01","SH","NB",1218711499,885984704,2104696203,332726795
20191021,"09:41:01","SZ","NB",1556354662,1426717358,2983072020,129637304
20191021,"09:42:01","SZ","NB",1656875210,1540458991,3197334201,116416219
20191021,"09:42:01","SH","NB",1278956089,932816455,2211772544,346139634
20191021,"09:43:01","SH","NB",1331816546,983743742,2315560288,348072804
20191021,"09:43:01","SZ","NB",1724217556,1625519026,3349736582,98698530
20191021,"09:44:01","SH","NB",1426875411,1017851407,2444726818,409024004
20191021,"09:44:01","SZ","NB",1836549609,1673993329,3510542938,162556280
20191021,"09:45:01","SH","NB",1486959232,1057681635,2544640867,429277597
20191021,"09:45:01","SZ","NB",1923343142,1753302576,3676645718,170040566
20191021,"09:46:01","SH","NB",1594496962,1114289309,2708786271,480207653
20191021,"09:46:01","SZ","NB",2027487944,1832293109,3859781053,195194835
20191021,"09:47:01","SH","NB",1646874295,1157721404,2804595699,489152891
20191021,"09:47:01","SZ","NB",2095418899,1910204717,4005623616,185214182
20191021,"09:48:01","SZ","NB",2195574828,1971092502,4166667330,224482326
20191021,"09:48:01","SH","NB",1725073975,1195058102,2920132077,530015873
20191021,"09:49:01","SH","NB",1802163341,1231964752,3034128093,570198589
20191021,"09:49:01","SZ","NB",2272942286,2030288556,4303230842,242653730
20191021,"09:50:01","SH","NB",1852540886,1276090470,3128631356,576450416
20191021,"09:50:01","SZ","NB",2321746891,2105851921,4427598812,215894970
20191021,"09:51:01","SH","NB",1913466780,1344743055,3258209835,568723725
20191021,"09:51:01","SZ","NB",2385601491,2213092378,4598693869,172509113
20191021,"09:52:01","SZ","NB",2470866464,2284558849,4755425313,186307615
20191021,"09:52:01","SH","NB",1977966964,1400534569,3378501533,577432395
20191021,"09:53:01","SH","NB",2056789918,1443285901,3500075819,613504017
20191021,"09:53:01","SZ","NB",2574669960,2344802650,4919472610,229867310
20191021,"09:54:01","SH","NB",2106000687,1477402219,3583402906,628598468
20191021,"09:54:01","SZ","NB",2633896597,2404121398,5038017995,229775199
20191021,"09:55:01","SH","NB",2172634904,1512938265,3685573169,659696639
20191021,"09:55:01","SZ","NB",2706641521,2462756543,5169398064,243884978
20191021,"09:56:01","SH","NB",2230345649,1556276927,3786622576,674068722
20191021,"09:56:01","SZ","NB",2815932316,2513067969,5329000285,302864347
20191021,"09:57:01","SZ","NB",2895870901,2557151709,5453022610,338719192
20191021,"09:57:01","SH","NB",2279271598,1591150098,3870421696,688121500
20191021,"09:58:01","SH","NB",2324862338,1620512102,3945374440,704350236
20191021,"09:58:01","SZ","NB",2957434310,2600260584,5557694894,357173726
20191021,"09:59:01","SH","NB",2386137202,1645447474,4031584676,740689728
20191021,"09:59:01","SZ","NB",3047414885,2646293426,5693708311,401121459
20191021,"10:00:01","SH","NB",2445272493,1669841005,4115113498,775431488
20191021,"10:00:01","SZ","NB",3105630655,2690837015,5796467670,414793640
20191021,"10:01:01","SH","NB",2504713988,1703452228,4208166216,801261760
20191021,"10:01:01","SZ","NB",3168180640,2763797482,5931978122,404383158
20191021,"10:02:01","SH","NB",2545361193,1733901920,4279263113,811459273
20191021,"10:02:01","SZ","NB",3212953960,2828581518,6041535478,384372442
20191021,"10:03:01","SH","NB",2606137059,1767960350,4374097409,838176709
20191021,"10:03:01","SZ","NB",3273186989,2869550925,6142737914,403636064
20191021,"10:04:01","SH","NB",2664546294,1799763547,4464309841,864782747
20191021,"10:04:01","SZ","NB",3337969653,2916558887,6254528540,421410766
20191021,"10:05:01","SH","NB",2730950870,1830534793,4561485663,900416077
20191021,"10:05:01","SZ","NB",3386591626,2976669768,6363261394,409921858
20191021,"10:06:01","SH","NB",2786320873,1858871933,4645192806,927448940
20191021,"10:06:01","SZ","NB",3428907137,3021540402,6450447539,407366735
20191021,"10:07:01","SZ","NB",3469104998,3084291693,6553396691,384813305
20191021,"10:07:01","SH","NB",2831359922,1885042272,4716402194,946317650
20191021,"10:08:01","SH","NB",2861655728,1932576615,4794232343,929079113
20191021,"10:08:01","SZ","NB",3512211818,3168557766,6680769584,343654052
20191021,"10:09:01","SH","NB",2892521761,1969033134,4861554895,923488627
20191021,"10:09:01","SZ","NB",3561717565,3214232692,6775950257,347484873
20191021,"10:10:01","SH","NB",2937547753,2003608295,4941156048,933939458
20191021,"10:10:01","SZ","NB",3611551223,3255139829,6866691052,356411394
20191021,"10:11:01","SH","NB",2974912085,2037080310,5011992395,937831775
20191021,"10:11:01","SZ","NB",3665295809,3304319421,6969615230,360976388
20191021,"10:12:01","SH","NB",3008302381,2061118593,5069420974,947183788
20191021,"10:12:01","SZ","NB",3727737948,3344177850,7071915798,383560098
20191021,"10:13:01","SH","NB",3044749630,2085825684,5130575314,958923946
20191021,"10:13:01","SZ","NB",3779052525,3379440028,7158492553,399612497
20191021,"10:14:01","SH","NB",3137615725,2112430699,5250046424,1025185026
20191021,"10:14:01","SZ","NB",3894330108,3418736752,7313066860,475593356
20191021,"10:15:01","SZ","NB",3929695299,3460095260,7389790559,469600039
20191021,"10:15:01","SH","NB",3193964734,2140640913,5334605647,1053323821
20191021,"10:16:01","SH","NB",3222234891,2160532755,5382767646,1061702136
20191021,"10:16:01","SZ","NB",3963864735,3494947714,7458812449,468917021
20191021,"10:17:01","SH","NB",3265234181,2182653514,5447887695,1082580667
20191021,"10:17:01","SZ","NB",4013344429,3527798805,7541143234,485545624
20191021,"10:18:01","SH","NB",3305349240,2221990310,5527339550,1083358930
20191021,"10:18:01","SZ","NB",4075979104,3574996072,7650975176,500983032
20191021,"10:19:01","SH","NB",3333642075,2270685323,5604327398,1062956752
20191021,"10:19:01","SZ","NB",4107343651,3619405013,7726748664,487938638
20191021,"10:20:01","SH","NB",3377772287,2313213794,5690986081,1064558493
20191021,"10:20:01","SZ","NB",4154607776,3684092038,7838699814,470515738
20191021,"10:21:01","SH","NB",3420135058,2369691331,5789826389,1050443727
20191021,"10:21:01","SZ","NB",4199084515,3760045309,7959129824,439039206
20191021,"10:22:01","SH","NB",3488532055,2400091761,5888623816,1088440294
20191021,"10:22:01","SZ","NB",4273429872,3804266028,8077695900,469163844
20191021,"10:23:01","SH","NB",3578764008,2425816587,6004580595,1152947421
20191021,"10:23:01","SZ","NB",4392848883,3850570102,8243418985,542278781
20191021,"10:24:01","SZ","NB",4438209523,3893138067,8331347590,545071456
20191021,"10:24:01","SH","NB",3629229321,2466305478,6095534799,1162923843
20191021,"10:25:01","SH","NB",3666992815,2494645493,6161638308,1172347322
20191021,"10:25:01","SZ","NB",4474804536,3935963961,8410768497,538840575
20191021,"10:26:01","SH","NB",3699287200,2518476332,6217763532,1180810868
20191021,"10:26:01","SZ","NB",4505910802,3973923765,8479834567,531987037
20191021,"10:27:01","SH","NB",3724099604,2541240751,6265340355,1182858853
20191021,"10:27:01","SZ","NB",4550955519,4005687026,8556642545,545268493
20191021,"10:28:01","SH","NB",3760657630,2573243130,6333900760,1187414500
20191021,"10:28:01","SZ","NB",4602548752,4043573486,8646122238,558975266
20191021,"10:29:01","SH","NB",3792550319,2601785126,6394335445,1190765193
20191021,"10:29:01","SZ","NB",4659925965,4076703800,8736629765,583222165
20191021,"10:30:01","SH","NB",3820559932,2661371323,6481931255,1159188609
20191021,"10:30:01","SZ","NB",4697019943,4150141364,8847161307,546878579
20191021,"10:31:01","SH","NB",3845540996,2705873327,6551414323,1139667669
20191021,"10:31:01","SZ","NB",4737269248,4182934051,8920203299,554335197
20191021,"10:32:01","SZ","NB",4765708506,4206910282,8972618788,558798224
20191021,"10:32:01","SH","NB",3884312886,2727111694,6611424580,1157201192
20191021,"10:33:01","SH","NB",3913597498,2747363400,6660960898,1166234098
20191021,"10:33:01","SZ","NB",4800046737,4230629775,9030676512,569416962
20191021,"10:34:01","SH","NB",3945750357,2800979402,6746729759,1144770955
20191021,"10:34:01","SZ","NB",4835568618,4285541663,9121110281,550026955
20191021,"10:35:01","SH","NB",3984314041,2824326215,6808640256,1159987826
20191021,"10:35:01","SZ","NB",4880405734,4305099194,9185504928,575306540
20191021,"10:36:01","SH","NB",4024195560,2846776282,6870971842,1177419278
20191021,"10:36:01","SZ","NB",4920811361,4331739343,9252550704,589072018
20191021,"10:37:01","SZ","NB",4944982993,4350297028,9295280021,594685965
20191021,"10:37:01","SH","NB",4057614063,2864911071,6922525134,1192702992
20191021,"10:38:01","SH","NB",4089369287,2884390427,6973759714,1204978860
20191021,"10:38:01","SZ","NB",4993302223,4370702772,9364004995,622599451
20191021,"10:39:01","SH","NB",4127391923,2901803827,7029195750,1225588096
20191021,"10:39:01","SZ","NB",5030510512,4390793874,9421304386,639716638
20191021,"10:40:01","SH","NB",4153857277,2924380509,7078237786,1229476768
20191021,"10:40:01","SZ","NB",5057429593,4417013041,9474442634,640416552
20191021,"10:41:01","SH","NB",4203087220,2951134342,7154221562,1251952878
20191021,"10:41:01","SZ","NB",5095545346,4442437611,9537982957,653107735
20191021,"10:42:01","SH","NB",4239961156,3001544760,7241505916,1238416396
20191021,"10:42:01","SZ","NB",5133045781,4493260207,9626305988,639785574
20191021,"10:43:01","SH","NB",4262173115,3020656227,7282829342,1241516888
20191021,"10:43:01","SZ","NB",5157344432,4515397447,9672741879,641946985
20191021,"10:44:01","SZ","NB",5188029375,4533297573,9721326948,654731802
20191021,"10:44:01","SH","NB",4287502106,3041655625,7329157731,1245846481
20191021,"10:45:01","SH","NB",4312796447,3081951578,7394748025,1230844869
20191021,"10:45:01","SZ","NB",5211633912,4579156871,9790790783,632477041
20191021,"10:46:01","SH","NB",4331097071,3100858350,7431955421,1230238721
20191021,"10:46:01","SZ","NB",5241786617,4601223928,9843010545,640562689
20191021,"10:47:01","SH","NB",4352688857,3121102651,7473791508,1231586206
20191021,"10:47:01","SZ","NB",5265176229,4629348788,9894525017,635827441
20191021,"10:48:01","SH","NB",4372630828,3141575457,7514206285,1231055371
20191021,"10:48:01","SZ","NB",5288849212,4652514524,9941363736,636334688
20191021,"10:49:01","SH","NB",4398832596,3158050666,7556883262,1240781930
20191021,"10:49:01","SZ","NB",5318316985,4671761377,9990078362,646555608
20191021,"10:50:01","SZ","NB",5348220606,4690017859,10038238465,658202747
20191021,"10:50:01","SH","NB",4425208547,3179536106,7604744653,1245672441
20191021,"10:51:01","SH","NB",4444654339,3200005779,7644660118,1244648560
20191021,"10:51:01","SZ","NB",5383602815,4713318028,10096920843,670284787
20191021,"10:52:01","SH","NB",4471004611,3241936254,7712940865,1229068357
20191021,"10:52:01","SZ","NB",5407978517,4759014726,10166993243,648963791
20191021,"10:53:01","SH","NB",4495016033,3264035454,7759051487,1230980579
20191021,"10:53:01","SZ","NB",5436953723,4781542365,10218496088,655411358
20191021,"10:54:01","SH","NB",4516655504,3282728925,7799384429,1233926579
20191021,"10:54:01","SZ","NB",5461875201,4796792901,10258668102,665082300
20191021,"10:55:01","SH","NB",4537197711,3300715659,7837913370,1236482052
20191021,"10:55:01","SZ","NB",5480247225,4808603098,10288850323,671644127
20191021,"10:56:01","SH","NB",4556314127,3317305800,7873619927,1239008327
20191021,"10:56:01","SZ","NB",5503285182,4823457638,10326742820,679827544
20191021,"10:57:01","SH","NB",4574878621,3332596318,7907474939,1242282303
20191021,"10:57:01","SZ","NB",5525281061,4839629939,10364911000,685651122
20191021,"10:58:01","SH","NB",4592318135,3350580746,7942898881,1241737389
20191021,"10:58:01","SZ","NB",5543849341,4863794275,10407643616,680055066
20191021,"10:59:01","SH","NB",4614538713,3368994422,7983533135,1245544291
20191021,"10:59:01","SZ","NB",5559065257,4883132426,10442197683,675932831
20191021,"11:00:01","SZ","NB",5581426333,4903723864,10485150197,677702469
20191021,"11:00:01","SH","NB",4636805231,3387397861,8024203092,1249407370
20191021,"11:01:01","SH","NB",4660852828,3403887588,8064740416,1256965240
20191021,"11:01:01","SZ","NB",5615979664,4922540836,10538520500,693438828
20191021,"11:02:01","SH","NB",4676646085,3417780472,8094426557,1258865613
20191021,"11:02:01","SZ","NB",5635691191,4947725626,10583416817,687965565
20191021,"11:03:01","SH","NB",4697273807,3434658650,8131932457,1262615157
20191021,"11:03:01","SZ","NB",5660720059,4967999615,10628719674,692720444
20191021,"11:04:01","SZ","NB",5691590399,4988668249,10680258648,702922150
20191021,"11:04:01","SH","NB",4716721858,3446725694,8163447552,1269996164
20191021,"11:05:01","SH","NB",4738312092,3460331348,8198643440,1277980744
20191021,"11:05:01","SZ","NB",5717678379,5004090594,10721768973,713587785
20191021,"11:06:01","SH","NB",4760709844,3473561994,8234271838,1287147850
20191021,"11:06:01","SZ","NB",5747511426,5021035554,10768546980,726475872
20191021,"11:07:01","SZ","NB",5766192076,5039349124,10805541200,726842952
20191021,"11:07:01","SH","NB",4774100143,3485341777,8259441920,1288758366
20191021,"11:08:01","SH","NB",4789352982,3495400157,8284753139,1293952825
20191021,"11:08:01","SZ","NB",5789184929,5055138361,10844323290,734046568
20191021,"11:09:01","SH","NB",4814645594,3508491587,8323137181,1306154007
20191021,"11:09:01","SZ","NB",5811091427,5071593252,10882684679,739498175
20191021,"11:10:01","SH","NB",4830113785,3520361736,8350475521,1309752049
20191021,"11:10:01","SZ","NB",5826622495,5107946705,10934569200,718675790
20191021,"11:11:01","SH","NB",4849768247,3538706738,8388474985,1311061509
20191021,"11:11:01","SZ","NB",5856827112,5127603030,10984430142,729224082
20191021,"11:12:01","SH","NB",4901653165,3553153695,8454806860,1348499470
20191021,"11:12:01","SZ","NB",5884493778,5147067889,11031561667,737425889
20191021,"11:13:01","SH","NB",4917692621,3564185527,8481878148,1353507094
20191021,"11:13:01","SZ","NB",5909744064,5163373593,11073117657,746370471
20191021,"11:14:01","SH","NB",4934732785,3578939577,8513672362,1355793208
20191021,"11:14:01","SZ","NB",5922511597,5176702599,11099214196,745808998
20191021,"11:15:01","SH","NB",4950418413,3601042212,8551460625,1349376201
20191021,"11:15:01","SZ","NB",5934949072,5195102983,11130052055,739846089
20191021,"11:16:01","SH","NB",4969968622,3629469046,8599437668,1340499576
20191021,"11:16:01","SZ","NB",5953778244,5222520670,11176298914,731257574
20191021,"11:17:01","SZ","NB",5966901916,5234472172,11201374088,732429744
20191021,"11:17:01","SH","NB",4986271060,3643732850,8630003910,1342538210
20191021,"11:18:01","SH","NB",5001134069,3656508398,8657642467,1344625671
20191021,"11:18:01","SZ","NB",5979608855,5249271850,11228880705,730337005
20191021,"11:19:01","SH","NB",5018151143,3669788062,8687939205,1348363081
20191021,"11:19:01","SZ","NB",5998183507,5261252530,11259436037,736930977
20191021,"11:20:01","SH","NB",5038976713,3683396339,8722373052,1355580374
20191021,"11:20:01","SZ","NB",6019160527,5275643109,11294803636,743517418
20191021,"11:21:01","SZ","NB",6130165190,5300386332,11430551522,829778858
20191021,"11:21:01","SH","NB",5107079676,3703274737,8810354413,1403804939
20191021,"11:22:01","SH","NB",5130715484,3720588286,8851303770,1410127198
20191021,"11:22:01","SZ","NB",6163757887,5323961243,11487719130,839796644
20191021,"11:23:01","SH","NB",5148820416,3738028527,8886848943,1410791889
20191021,"11:23:01","SZ","NB",6175478032,5342861119,11518339151,832616913
20191021,"11:24:01","SH","NB",5165533094,3751492934,8917026028,1414040160
20191021,"11:24:01","SZ","NB",6186321768,5360248484,11546570252,826073284
20191021,"11:25:01","SH","NB",5191793266,3766824985,8958618251,1424968281
20191021,"11:25:01","SZ","NB",6217537419,5377339047,11594876466,840198372
20191021,"11:26:01","SH","NB",5206909053,3777508722,8984417775,1429400331
20191021,"11:26:01","SZ","NB",6236242707,5394941697,11631184404,841301010
20191021,"11:27:01","SH","NB",5222700860,3788332343,9011033203,1434368517
20191021,"11:27:01","SZ","NB",6250672703,5412539890,11663212593,838132813
20191021,"11:28:01","SH","NB",5237941781,3798688508,9036630289,1439253273
20191021,"11:28:01","SZ","NB",6267145608,5424077599,11691223207,843068009
20191021,"11:29:01","SZ","NB",6284056866,5437519838,11721576704,846537028
20191021,"11:29:01","SH","NB",5253747169,3807398271,9061145440,1446348898
20191021,"11:30:01","SH","NB",5271244453,3817838042,9089082495,1453406411
20191021,"11:30:01","SZ","NB",6298328293,5460197953,11758526246,838130340
20191021,"11:31:01","SH","NB",5271278788,3817871399,9089150187,1453407389
20191021,"11:31:01","SZ","NB",6298359279,5460407553,11758766832,837951726
20191021,"13:01:01","SH","NB",5349881262,3887196940,9237078202,1462684322
20191021,"13:01:01","SZ","NB",6362862307,5602876984,11965739291,759985323
20191021,"13:02:01","SH","NB",5366584440,3915893351,9282477791,1450691089
20191021,"13:02:01","SZ","NB",6387116091,5634215147,12021331238,752900944
20191021,"13:03:01","SH","NB",5383894958,3936139555,9320034513,1447755403
20191021,"13:03:01","SZ","NB",6413676562,5657002598,12070679160,756673964
20191021,"13:04:01","SH","NB",5403280631,3957010652,9360291283,1446269979
20191021,"13:04:01","SZ","NB",6440473756,5675297940,12115771696,765175816
20191021,"13:05:01","SH","NB",5425971869,3987350671,9413322540,1438621198
20191021,"13:05:01","SZ","NB",6462073953,5713199805,12175273758,748874148
20191021,"13:06:01","SZ","NB",6487336269,5737661970,12224998239,749674299
20191021,"13:06:01","SH","NB",5454726864,4019689716,9474416580,1435037148
20191021,"13:07:01","SH","NB",5474191924,4032370607,9506562531,1441821317
20191021,"13:07:01","SZ","NB",6509416217,5753347474,12262763691,756068743
20191021,"13:08:01","SH","NB",5497900002,4056953566,9554853568,1440946436
20191021,"13:08:01","SZ","NB",6529601650,5777626919,12307228569,751974731
20191021,"13:09:01","SH","NB",5515556768,4068901236,9584458004,1446655532
20191021,"13:09:01","SZ","NB",6552261175,5796253774,12348514949,756007401
20191021,"13:10:01","SH","NB",5532446543,4080708860,9613155403,1451737683
20191021,"13:10:01","SZ","NB",6573748220,5816270758,12390018978,757477462
20191021,"13:11:01","SZ","NB",6601500423,5837119087,12438619510,764381336
20191021,"13:11:01","SH","NB",5554896701,4099330557,9654227258,1455566144
20191021,"13:12:01","SH","NB",5576317020,4118559241,9694876261,1457757779
20191021,"13:12:01","SZ","NB",6618988129,5858492374,12477480503,760495755
20191021,"13:13:01","SH","NB",5599478906,4138345305,9737824211,1461133601
20191021,"13:13:01","SZ","NB",6635811592,5881450069,12517261661,754361523
20191021,"13:14:01","SH","NB",5623437123,4150471868,9773908991,1472965255
20191021,"13:14:01","SZ","NB",6653723252,5895557780,12549281032,758165472
20191021,"13:15:01","SZ","NB",6674289823,5907607310,12581897133,766682513
20191021,"13:15:01","SH","NB",5650366496,4162350233,9812716729,1488016263
20191021,"13:16:01","SH","NB",5666195042,4177624157,9843819199,1488570885
20191021,"13:16:01","SZ","NB",6693355144,5926763815,12620118959,766591329
20191021,"13:17:01","SH","NB",5688263206,4190568503,9878831709,1497694703
20191021,"13:17:01","SZ","NB",6713419488,5943244398,12656663886,770175090
20191021,"13:18:01","SH","NB",5710687760,4203183158,9913870918,1507504602
20191021,"13:18:01","SZ","NB",6730734704,5958215670,12688950374,772519034
20191021,"13:19:01","SH","NB",5728110341,4216075666,9944186007,1512034675
20191021,"13:19:01","SZ","NB",6746155294,5974219832,12720375126,771935462
20191021,"13:20:01","SH","NB",5754135242,4227142158,9981277400,1526993084
20191021,"13:20:01","SZ","NB",6766373400,5987485206,12753858606,778888194
20191021,"13:21:01","SH","NB",5779723205,4245546659,10025269864,1534176546
20191021,"13:21:01","SZ","NB",6786739341,6003504611,12790243952,783234730
20191021,"13:22:01","SH","NB",5806218986,4257945683,10064164669,1548273303
20191021,"13:22:01","SZ","NB",6806431383,6023413255,12829844638,783018128
20191021,"13:23:01","SZ","NB",6833086459,6040200332,12873286791,792886127
20191021,"13:23:01","SH","NB",5840532293,4276166155,10116698448,1564366138
20191021,"13:24:01","SH","NB",5868658128,4288767764,10157425892,1579890364
20191021,"13:24:01","SZ","NB",6853060827,6050243992,12903304819,802816835
20191021,"13:25:01","SH","NB",5893042632,4324782728,10217825360,1568259904
20191021,"13:25:01","SZ","NB",6874643854,6080799201,12955443055,793844653
20191021,"13:26:01","SH","NB",5913469703,4354334166,10267803869,1559135537
20191021,"13:26:01","SZ","NB",6894702073,6112887051,13007589124,781815022
20191021,"13:27:01","SH","NB",5934932943,4380905002,10315837945,1554027941
20191021,"13:27:01","SZ","NB",6908370238,6137450713,13045820951,770919525
20191021,"13:28:01","SH","NB",5957003627,4396450290,10353453917,1560553337
20191021,"13:28:01","SZ","NB",6928928683,6152074032,13081002715,776854651
20191021,"13:29:01","SZ","NB",6951195110,6166668117,13117863227,784526993
20191021,"13:29:01","SH","NB",5983956802,4410012886,10393969688,1573943916
20191021,"13:30:01","SH","NB",6008547343,4423761395,10432308738,1584785948
20191021,"13:30:01","SZ","NB",6967659871,6179776971,13147436842,787882900
20191021,"13:31:01","SH","NB",6048292798,4445690291,10493983089,1602602507
20191021,"13:31:01","SZ","NB",6992134840,6197991618,13190126458,794143222
20191021,"13:32:01","SH","NB",6074542263,4459771104,10534313367,1614771159
20191021,"13:32:01","SZ","NB",7016781131,6212119767,13228900898,804661364
20191021,"13:33:01","SH","NB",6101758246,4471159556,10572917802,1630598690
20191021,"13:33:01","SZ","NB",7041056110,6225122952,13266179062,815933158
20191021,"13:34:01","SH","NB",6122689999,4484343776,10607033775,1638346223
20191021,"13:34:01","SZ","NB",7065160027,6239714757,13304874784,825445270
20191021,"13:35:01","SH","NB",6143035384,4496690279,10639725663,1646345105
20191021,"13:35:01","SZ","NB",7081331686,6255336446,13336668132,825995240
20191021,"13:36:01","SH","NB",6160155942,4511292627,10671448569,1648863315
20191021,"13:36:01","SZ","NB",7092655993,6265330958,13357986951,827325035
20191021,"13:37:01","SZ","NB",7111697977,6279319845,13391017822,832378132
20191021,"13:37:01","SH","NB",6177753647,4524359500,10702113147,1653394147
20191021,"13:38:01","SH","NB",6198479931,4554092110,10752572041,1644387821
20191021,"13:38:01","SZ","NB",7129020558,6304668773,13433689331,824351785
20191021,"13:39:01","SH","NB",6224973346,4570965088,10795938434,1654008258
20191021,"13:39:01","SZ","NB",7154297117,6321272962,13475570079,833024155
20191021,"13:40:01","SH","NB",6247938561,4584533635,10832472196,1663404926
20191021,"13:40:01","SZ","NB",7175087515,6335015571,13510103086,840071944
20191021,"13:41:01","SH","NB",6269467893,4602476221,10871944114,1666991672
20191021,"13:41:01","SZ","NB",7193311178,6357231232,13550542410,836079946
20191021,"13:42:01","SZ","NB",7209560317,6373315263,13582875580,836245054
20191021,"13:42:01","SH","NB",6291008209,4617388604,10908396813,1673619605
20191021,"13:43:01","SH","NB",6315863368,4632606084,10948469452,1683257284
20191021,"13:43:01","SZ","NB",7226504755,6387503717,13614008472,839001038
20191021,"13:44:01","SH","NB",6336014188,4645639506,10981653694,1690374682
20191021,"13:44:01","SZ","NB",7243957427,6401068580,13645026007,842888847
20191021,"13:45:01","SH","NB",6358857411,4661390761,11020248172,1697466650
20191021,"13:45:01","SZ","NB",7258822232,6414999042,13673821274,843823190
20191021,"13:46:01","SH","NB",6383799492,4680989765,11064789257,1702809727
20191021,"13:46:01","SZ","NB",7280125827,6433624591,13713750418,846501236
20191021,"13:47:01","SH","NB",6408091903,4696146073,11104237976,1711945830
20191021,"13:47:01","SZ","NB",7303570706,6448765828,13752336534,854804878
20191021,"13:48:01","SH","NB",6436915233,4716128223,11153043456,1720787010
20191021,"13:48:01","SZ","NB",7327216606,6461474916,13788691522,865741690
20191021,"13:49:01","SH","NB",6457771283,4732950223,11190721506,1724821060
20191021,"13:49:01","SZ","NB",7344159048,6472947965,13817107013,871211083
20191021,"13:50:01","SH","NB",6480926975,4746571412,11227498387,1734355563
20191021,"13:50:01","SZ","NB",7364027691,6487465467,13851493158,876562224
20191021,"13:51:01","SZ","NB",7382995667,6514304783,13897300450,868690884
20191021,"13:51:01","SH","NB",6503313843,4769672541,11272986384,1733641302
20191021,"13:52:01","SH","NB",6527382648,4787242229,11314624877,1740140419
20191021,"13:52:01","SZ","NB",7405614371,6530605640,13936220011,875008731
20191021,"13:53:01","SH","NB",6546619342,4800320453,11346939795,1746298889
20191021,"13:53:01","SZ","NB",7423848130,6545624337,13969472467,878223793
20191021,"13:54:01","SZ","NB",7436992394,6558813547,13995805941,878178847
20191021,"13:54:01","SH","NB",6571304755,4816785700,11388090455,1754519055
20191021,"13:55:01","SH","NB",6591056226,4833740334,11424796560,1757315892
20191021,"13:55:01","SZ","NB",7454629116,6577251401,14031880517,877377715
20191021,"13:56:01","SH","NB",6615317935,4852143676,11467461611,1763174259
20191021,"13:56:01","SZ","NB",7473314436,6603634308,14076948744,869680128
20191021,"13:57:01","SH","NB",6640473381,4877178841,11517652222,1763294540
20191021,"13:57:01","SZ","NB",7490671166,6627636607,14118307773,863034559
20191021,"13:58:01","SH","NB",6660209397,4897682403,11557891800,1762526994
20191021,"13:58:01","SZ","NB",7509552261,6648269310,14157821571,861282951
20191021,"13:59:01","SZ","NB",7529008775,6662769731,14191778506,866239044
20191021,"13:59:01","SH","NB",6686030605,4913402276,11599432881,1772628329
20191021,"14:00:01","SH","NB",6709418423,4931165165,11640583588,1778253258
20191021,"14:00:01","SZ","NB",7548164340,6682745663,14230910003,865418677
20191021,"14:01:01","SH","NB",6742602912,4952021611,11694624523,1790581301
20191021,"14:01:01","SZ","NB",7569835313,6719962562,14289797875,849872751
20191021,"14:02:01","SH","NB",6772864382,4971869285,11744733667,1800995097
20191021,"14:02:01","SZ","NB",7590610085,6740571124,14331181209,850038961
20191021,"14:03:01","SH","NB",6829839991,4993041439,11822881430,1836798552
20191021,"14:03:01","SZ","NB",7643108586,6762917851,14406026437,880190735
20191021,"14:04:01","SH","NB",6864780596,5011346781,11876127377,1853433815
20191021,"14:04:01","SZ","NB",7666327381,6786366644,14452694025,879960737
20191021,"14:05:01","SH","NB",6892883573,5026060045,11918943618,1866823528
20191021,"14:05:01","SZ","NB",7683773057,6808650487,14492423544,875122570
20191021,"14:06:01","SZ","NB",7698010529,6826318372,14524328901,871692157
20191021,"14:06:01","SH","NB",6910406886,5037981740,11948388626,1872425146
20191021,"14:07:01","SH","NB",6940301027,5073699331,12014000358,1866601696
20191021,"14:07:01","SZ","NB",7720942833,6867928881,14588871714,853013952
20191021,"14:08:01","SH","NB",6972148496,5088969055,12061117551,1883179441
20191021,"14:08:01","SZ","NB",7735657450,6884933886,14620591336,850723564
20191021,"14:09:01","SH","NB",6998755126,5104053852,12102808978,1894701274
20191021,"14:09:01","SZ","NB",7752634370,6899228492,14651862862,853405878
20191021,"14:10:01","SH","NB",7021444798,5125721305,12147166103,1895723493
20191021,"14:10:01","SZ","NB",7768691117,6915964686,14684655803,852726431
20191021,"14:11:01","SH","NB",7048972925,5151417126,12200390051,1897555799
20191021,"14:11:01","SZ","NB",7793293890,6950176749,14743470639,843117141
20191021,"14:12:01","SH","NB",7079940373,5169446709,12249387082,1910493664
20191021,"14:12:01","SZ","NB",7817261431,6973249025,14790510456,844012406
20191021,"14:13:01","SH","NB",7109729814,5194972942,12304702756,1914756872
20191021,"14:13:01","SZ","NB",7842036395,7001309629,14843346024,840726766
20191021,"14:14:01","SH","NB",7142042069,5213837242,12355879311,1928204827
20191021,"14:14:01","SZ","NB",7872041813,7020937132,14892978945,851104681
20191021,"14:15:01","SH","NB",7165363495,5232421583,12397785078,1932941912
20191021,"14:15:01","SZ","NB",7897980133,7040344583,14938324716,857635550
20191021,"14:16:01","SZ","NB",7920006163,7066901843,14986908006,853104320
20191021,"14:16:01","SH","NB",7185622970,5252790874,12438413844,1932832096
20191021,"14:17:01","SH","NB",7205769871,5278179616,12483949487,1927590255
20191021,"14:17:01","SZ","NB",7946431380,7088598737,15035030117,857832643
20191021,"14:18:01","SH","NB",7239715594,5301629248,12541344842,1938086346
20191021,"14:18:01","SZ","NB",7976885024,7113168897,15090053921,863716127
20191021,"14:19:01","SH","NB",7259740310,5322186031,12581926341,1937554279
20191021,"14:19:01","SZ","NB",7994575622,7129135586,15123711208,865440036
20191021,"14:20:01","SH","NB",7279644643,5343961492,12623606135,1935683151
20191021,"14:20:01","SZ","NB",8016093986,7155713733,15171807719,860380253
20191021,"14:21:01","SH","NB",7319576077,5368314344,12687890421,1951261733
20191021,"14:21:01","SZ","NB",8058705178,7181107071,15239812249,877598107
20191021,"14:22:01","SH","NB",7342832739,5387790241,12730622980,1955042498
20191021,"14:22:01","SZ","NB",8083391143,7205936600,15289327743,877454543
20191021,"14:23:01","SH","NB",7365047779,5408550433,12773598212,1956497346
20191021,"14:23:01","SZ","NB",8101847007,7224051751,15325898758,877795256
20191021,"14:24:01","SH","NB",7391543461,5427154334,12818697795,1964389127
20191021,"14:24:01","SZ","NB",8119014024,7239834065,15358848089,879179959
20191021,"14:25:01","SH","NB",7414939506,5442639945,12857579451,1972299561
20191021,"14:25:01","SZ","NB",8136149436,7259256770,15395406206,876892666
20191021,"14:26:01","SZ","NB",8149903323,7287028538,15436931861,862874785
20191021,"14:26:01","SH","NB",7442107644,5461920293,12904027937,1980187351
20191021,"14:27:01","SH","NB",7473080541,5486980308,12960060849,1986100233
20191021,"14:27:01","SZ","NB",8164898636,7317943029,15482841665,846955607
20191021,"14:28:01","SH","NB",7503903191,5510777797,13014680988,1993125394
20191021,"14:28:01","SZ","NB",8183043525,7342320860,15525364385,840722665
20191021,"14:29:01","SH","NB",7530360060,5533765614,13064125674,1996594446
20191021,"14:29:01","SZ","NB",8200751792,7357655943,15558407735,843095849
20191021,"14:30:01","SH","NB",7554419022,5551766102,13106185124,2002652920
20191021,"14:30:01","SZ","NB",8218941296,7372854178,15591795474,846087118
20191021,"14:31:01","SH","NB",7577750368,5576226986,13153977354,2001523382
20191021,"14:31:01","SZ","NB",8236236801,7399019687,15635256488,837217114
20191021,"14:32:01","SH","NB",7630199852,5602219849,13232419701,2027980003
20191021,"14:32:01","SZ","NB",8289981646,7425160103,15715141749,864821543
20191021,"14:33:01","SH","NB",7656907268,5626731365,13283638633,2030175903
20191021,"14:33:01","SZ","NB",8318973671,7450515289,15769488960,868458382
20191021,"14:34:01","SZ","NB",8340829451,7475584068,15816413519,865245383
20191021,"14:34:01","SH","NB",7690533195,5650052534,13340585729,2040480661
20191021,"14:35:01","SH","NB",7722323178,5674271527,13396594705,2048051651
20191021,"14:35:01","SZ","NB",8366382810,7496231165,15862613975,870151645
20191021,"14:36:01","SH","NB",7786731621,5704576858,13491308479,2082154763
20191021,"14:36:01","SZ","NB",8422849498,7528055275,15950904773,894794223
20191021,"14:37:01","SH","NB",7825373404,5735227083,13560600487,2090146321
20191021,"14:37:01","SZ","NB",8459067202,7562065124,16021132326,897002078
20191021,"14:38:01","SH","NB",7857315798,5771174346,13628490144,2086141452
20191021,"14:38:01","SZ","NB",8484481691,7611248873,16095730564,873232818
20191021,"14:39:01","SZ","NB",8506809780,7639163607,16145973387,867646173
20191021,"14:39:01","SH","NB",7882602462,5793755753,13676358215,2088846709
20191021,"14:40:01","SH","NB",7906480390,5817925588,13724405978,2088554802
20191021,"14:40:01","SZ","NB",8523482672,7665921096,16189403768,857561576
20191021,"14:41:01","SH","NB",7943910308,5843278823,13787189131,2100631485
20191021,"14:41:01","SZ","NB",8567002154,7699729287,16266731441,867272867
20191021,"14:42:01","SH","NB",7974515639,5870323815,13844839454,2104191824
20191021,"14:42:01","SZ","NB",8593029586,7738217339,16331246925,854812247
20191021,"14:43:01","SH","NB",8017098348,5910974748,13928073096,2106123600
20191021,"14:43:01","SZ","NB",8623073000,7770030577,16393103577,853042423
20191021,"14:44:01","SH","NB",8053576596,5944379789,13997956385,2109196807
20191021,"14:44:01","SZ","NB",8647146100,7796695199,16443841299,850450901
20191021,"14:45:01","SH","NB",8096326346,5974495018,14070821364,2121831328
20191021,"14:45:01","SZ","NB",8680538562,7826969886,16507508448,853568676
20191021,"14:46:01","SZ","NB",8710876121,7868494979,16579371100,842381142
20191021,"14:46:01","SH","NB",8130281584,6004960393,14135241977,2125321191
20191021,"14:47:01","SH","NB",8170082814,6031105873,14201188687,2138976941
20191021,"14:47:01","SZ","NB",8745080879,7908485638,16653566517,836595241
20191021,"14:48:01","SH","NB",8207827193,6059010440,14266837633,2148816753
20191021,"14:48:01","SZ","NB",8780429744,7937680231,16718109975,842749513
20191021,"14:49:01","SH","NB",8234019502,6091596527,14325616029,2142422975
20191021,"14:49:01","SZ","NB",8807246556,7968881459,16776128015,838365097
20191021,"14:50:01","SH","NB",8267341684,6125529518,14392871202,2141812166
20191021,"14:50:01","SZ","NB",8844956586,8000069472,16845026058,844887114
20191021,"14:51:01","SH","NB",8325566560,6171981350,14497547910,2153585210
20191021,"14:51:01","SZ","NB",8899131623,8039542619,16938674242,859589004
20191021,"14:52:01","SZ","NB",8943094127,8074004863,17017098990,869089264
20191021,"14:52:01","SH","NB",8370100659,6215461220,14585561879,2154639439
20191021,"14:53:01","SH","NB",8407273375,6277943215,14685216590,2129330160
20191021,"14:53:01","SZ","NB",8987432320,8125300353,17112732673,862131967
20191021,"14:54:01","SH","NB",8459886346,6334378217,14794264563,2125508129
20191021,"14:54:01","SZ","NB",9031630893,8188925647,17220556540,842705246
20191021,"14:55:01","SH","NB",8506831078,6395057417,14901888495,2111773661
20191021,"14:55:01","SZ","NB",9073660141,8232762227,17306422368,840897914
20191021,"14:56:01","SH","NB",8556931333,6443885943,15000817276,2113045390
20191021,"14:56:01","SZ","NB",9116054623,8293565458,17409620081,822489165
20191021,"14:57:01","SH","NB",8615361303,6515217014,15130578317,2100144289
20191021,"14:57:01","SZ","NB",9154814429,8341336330,17496150759,813478099
20191021,"14:58:01","SH","NB",8615420931,6515341555,15130762486,2100079376
20191021,"14:58:01","SZ","NB",9154830429,8341366043,17496196472,813464386
20191021,"15:01:01","SH","NB",8781925311,6653908249,15435833560,2128017062
20191021,"15:01:01","SZ","NB",9244175923,8456861976,17701037899,787313947
