dataDate,dataTime,connectMarket,tradeDirection,buyTurnover,sellTurnover,totalTurnover,netTurnover
20200309,"09:30:01","SH","NB",129553580,257065977,386619557,-127512397
20200309,"09:30:01","SZ","NB",208390964,264796245,473187209,-56405281
20200309,"09:31:01","SH","NB",313605963,808824105,1122430068,-495218142
20200309,"09:31:01","SZ","NB",696423838,824580592,1521004430,-128156754
20200309,"09:32:01","SH","NB",575513729,1360112869,1935626598,-784599140
20200309,"09:32:01","SZ","NB",1248243455,1300267352,2548510807,-52023897
20200309,"09:33:01","SH","NB",704703183,1871469547,2576172730,-1166766364
20200309,"09:33:01","SZ","NB",1501620595,1734093658,3235714253,-232473063
20200309,"09:34:01","SZ","NB",1909114927,2037982631,3947097558,-128867704
20200309,"09:34:01","SH","NB",953738057,2185136654,3138874711,-1231398597
20200309,"09:35:01","SH","NB",1214231502,2542131366,3756362868,-1327899864
20200309,"09:35:01","SZ","NB",2273401865,2363144868,4636546733,-89743003
20200309,"09:36:01","SH","NB",1359726766,3073807442,4433534208,-1714080676
20200309,"09:36:01","SZ","NB",2479619576,2964844828,5444464404,-485225252
20200309,"09:37:01","SH","NB",1528029824,3445394137,4973423961,-1917364313
20200309,"09:37:01","SZ","NB",2783600235,3373628765,6157229000,-590028530
20200309,"09:38:01","SH","NB",1677510157,3838136179,5515646336,-2160626022
20200309,"09:38:01","SZ","NB",3002046131,3769097393,6771143524,-767051262
20200309,"09:39:01","SH","NB",1851594724,4052605898,5904200622,-2201011174
20200309,"09:39:01","SZ","NB",3196019852,4106273386,7302293238,-910253534
20200309,"09:40:01","SH","NB",2018912180,4252706630,6271618810,-2233794450
20200309,"09:40:01","SZ","NB",3382919870,4471056614,7853976484,-1088136744
20200309,"09:41:01","SH","NB",2184556356,4575709008,6760265364,-2391152652
20200309,"09:41:01","SZ","NB",3614170345,4903377771,8517548116,-1289207426
20200309,"09:42:01","SH","NB",2336092750,4803271865,7139364615,-2467179115
20200309,"09:42:01","SZ","NB",3887040001,5186972241,9074012242,-1299932240
20200309,"09:43:01","SZ","NB",4082468912,5487394008,9569862920,-1404925096
20200309,"09:43:01","SH","NB",2500472174,5160512582,7660984756,-2660040408
20200309,"09:44:01","SH","NB",2843774816,5363788534,8207563350,-2520013718
20200309,"09:44:01","SZ","NB",4572300522,5729480920,10301781442,-1157180398
20200309,"09:45:01","SH","NB",2960356807,5627019167,8587375974,-2666662360
20200309,"09:45:01","SZ","NB",4747782283,6146683733,10894466016,-1398901450
20200309,"09:46:01","SH","NB",3131885864,5948181849,9080067713,-2816295985
20200309,"09:46:01","SZ","NB",4995066441,6508245262,11503311703,-1513178821
20200309,"09:47:01","SH","NB",3414638638,6156421731,9571060369,-2741783093
20200309,"09:47:01","SZ","NB",5437085657,6721095503,12158181160,-1284009846
20200309,"09:48:01","SZ","NB",5604712998,7029043476,12633756474,-1424330478
20200309,"09:48:01","SH","NB",3520773482,6409372198,9930145680,-2888598716
20200309,"09:49:01","SH","NB",3682137786,6596761576,10278899362,-2914623790
20200309,"09:49:01","SZ","NB",5860637845,7213018853,13073656698,-1352381008
20200309,"09:50:01","SH","NB",3800540215,6773425121,10573965336,-2972884906
20200309,"09:50:01","SZ","NB",6037491963,7361722880,13399214843,-1324230917
20200309,"09:51:01","SH","NB",4034856718,6960925206,10995781924,-2926068488
20200309,"09:51:01","SZ","NB",6299130259,7601036323,13900166582,-1301906064
20200309,"09:52:01","SZ","NB",6417535771,7936319291,14353855062,-1518783520
20200309,"09:52:01","SH","NB",4117200959,7211446401,11328647360,-3094245442
20200309,"09:53:01","SH","NB",4202931374,7419593773,11622525147,-3216662399
20200309,"09:53:01","SZ","NB",6552133314,8088390918,14640524232,-1536257604
20200309,"09:54:01","SH","NB",4284879713,7703164217,11988043930,-3418284504
20200309,"09:54:01","SZ","NB",6671260236,8371322876,15042583112,-1700062640
20200309,"09:55:01","SH","NB",4370815639,7840257096,12211072735,-3469441457
20200309,"09:55:01","SZ","NB",6791856373,8506305262,15298161635,-1714448889
20200309,"09:56:01","SH","NB",4467503069,8044798009,12512301078,-3577294940
20200309,"09:56:01","SZ","NB",6934084077,8766508157,15700592234,-1832424080
20200309,"09:57:01","SH","NB",4632974721,8151830088,12784804809,-3518855367
20200309,"09:57:01","SZ","NB",7183014216,8889144920,16072159136,-1706130704
20200309,"09:58:01","SZ","NB",7302186950,9051460094,16353647044,-1749273144
20200309,"09:58:01","SH","NB",4725471790,8247249789,12972721579,-3521777999
20200309,"09:59:01","SH","NB",4804028882,8362903192,13166932074,-3558874310
20200309,"09:59:01","SZ","NB",7416564947,9193630793,16610195740,-1777065846
20200309,"10:00:01","SH","NB",4862299716,8575668041,13437967757,-3713368325
20200309,"10:00:01","SZ","NB",7484723772,9459876849,16944600621,-1975153077
20200309,"10:01:01","SH","NB",4927365723,8847093826,13774459549,-3919728103
20200309,"10:01:01","SZ","NB",7592650852,9683366944,17276017796,-2090716092
20200309,"10:02:01","SH","NB",5101119759,8928573186,14029692945,-3827453427
20200309,"10:02:01","SZ","NB",7876615643,9767777178,17644392821,-1891161535
20200309,"10:03:01","SH","NB",5153892900,9072181613,14226074513,-3918288713
20200309,"10:03:01","SZ","NB",7992989654,9996017529,17989007183,-2003027875
20200309,"10:04:01","SH","NB",5213149541,9207018128,14420167669,-3993868587
20200309,"10:04:01","SZ","NB",8130516904,10114376212,18244893116,-1983859308
20200309,"10:05:01","SH","NB",5261260697,9334815604,14596076301,-4073554907
20200309,"10:05:01","SZ","NB",8220320481,10243922103,18464242584,-2023601622
20200309,"10:06:01","SZ","NB",8282641621,10421119833,18703761454,-2138478212
20200309,"10:06:01","SH","NB",5307664172,9506265206,14813929378,-4198601034
20200309,"10:07:01","SH","NB",5355177739,9658208385,15013386124,-4303030646
20200309,"10:07:01","SZ","NB",8333560274,10552593223,18886153497,-2219032949
20200309,"10:08:01","SH","NB",5407262986,9799331484,15206594470,-4392068498
20200309,"10:08:01","SZ","NB",8410533865,10683122939,19093656804,-2272589074
20200309,"10:09:01","SH","NB",5511694247,9891640417,15403334664,-4379946170
20200309,"10:09:01","SZ","NB",8615076598,10762712063,19377788661,-2147635465
20200309,"10:10:01","SH","NB",5551899289,9976004099,15527903388,-4424104810
20200309,"10:10:01","SZ","NB",8706644432,10874184295,19580828727,-2167539863
20200309,"10:11:01","SZ","NB",8825502938,11013542959,19839045897,-2188040021
20200309,"10:11:01","SH","NB",5625655805,10083472198,15709128003,-4457816393
20200309,"10:12:01","SH","NB",5672335760,10319533402,15991869162,-4647197642
20200309,"10:12:01","SZ","NB",8885690961,11277020963,20162711924,-2391330002
20200309,"10:13:01","SH","NB",5735871194,10442651978,16178523172,-4706780784
20200309,"10:13:01","SZ","NB",8985295851,11381707047,20367002898,-2396411196
20200309,"10:14:01","SH","NB",5807451689,10549413164,16356864853,-4741961475
20200309,"10:14:01","SZ","NB",9093020788,11501688409,20594709197,-2408667621
20200309,"10:15:01","SZ","NB",9167414824,11701216341,20868631165,-2533801517
20200309,"10:15:01","SH","NB",5852973196,10688830894,16541804090,-4835857698
20200309,"10:16:01","SH","NB",5912814178,10839006561,16751820739,-4926192383
20200309,"10:16:01","SZ","NB",9266582207,11848884611,21115466818,-2582302404
20200309,"10:17:01","SH","NB",5975687124,10994554030,16970241154,-5018866906
20200309,"10:17:01","SZ","NB",9355116835,11970222856,21325339691,-2615106021
20200309,"10:18:01","SZ","NB",9498661760,12065698947,21564360707,-2567037187
20200309,"10:18:01","SH","NB",6067837868,11079375298,17147213166,-5011537430
20200309,"10:19:01","SH","NB",6192451209,11146752138,17339203347,-4954300929
20200309,"10:19:01","SZ","NB",9690527016,12123333393,21813860409,-2432806377
20200309,"10:20:01","SZ","NB",9774730948,12194641666,21969372614,-2419910718
20200309,"10:20:01","SH","NB",6245540834,11205861417,17451402251,-4960320583
20200309,"10:21:01","SH","NB",6371591942,11292940449,17664532391,-4921348507
20200309,"10:21:01","SZ","NB",9953447221,12301666892,22255114113,-2348219671
20200309,"10:22:01","SH","NB",6446281438,11376175789,17822457227,-4929894351
20200309,"10:22:01","SZ","NB",10046593677,12400303227,22446896904,-2353709550
20200309,"10:23:01","SH","NB",6489518639,11480891220,17970409859,-4991372581
20200309,"10:23:01","SZ","NB",10112236781,12595905773,22708142554,-2483668992
20200309,"10:24:01","SH","NB",6535621323,11570590882,18106212205,-5034969559
20200309,"10:24:01","SZ","NB",10162394525,12682818236,22845212761,-2520423711
20200309,"10:25:01","SH","NB",6581004857,11663602869,18244607726,-5082598012
20200309,"10:25:01","SZ","NB",10236218939,12768442178,23004661117,-2532223239
20200309,"10:26:01","SH","NB",6671787039,11744023180,18415810219,-5072236141
20200309,"10:26:01","SZ","NB",10394241527,12837678600,23231920127,-2443437073
20200309,"10:27:01","SH","NB",6720081787,11820375353,18540457140,-5100293566
20200309,"10:27:01","SZ","NB",10488138533,12921302196,23409440729,-2433163663
20200309,"10:28:01","SH","NB",6773419775,11931411666,18704831441,-5157991891
20200309,"10:28:01","SZ","NB",10547807349,13056586878,23604394227,-2508779529
20200309,"10:29:01","SZ","NB",10609151005,13125359441,23734510446,-2516208436
20200309,"10:29:01","SH","NB",6813645377,12016976906,18830622283,-5203331529
20200309,"10:30:01","SH","NB",6853749608,12096770829,18950520437,-5243021221
20200309,"10:30:01","SZ","NB",10656002840,13195096261,23851099101,-2539093421
20200309,"10:31:01","SH","NB",6909399206,12328925890,19238325096,-5419526684
20200309,"10:31:01","SZ","NB",10740599889,13546796913,24287396802,-2806197024
20200309,"10:32:01","SH","NB",6969914539,12423880946,19393795485,-5453966407
20200309,"10:32:01","SZ","NB",10841292222,13638864635,24480156857,-2797572413
20200309,"10:33:01","SH","NB",7038229387,12507095473,19545324860,-5468866086
20200309,"10:33:01","SZ","NB",10914556330,13720554140,24635110470,-2805997810
20200309,"10:34:01","SH","NB",7080699422,12575354385,19656053807,-5494654963
20200309,"10:34:01","SZ","NB",10972114623,13852610860,24824725483,-2880496237
20200309,"10:35:01","SH","NB",7127016097,12692250639,19819266736,-5565234542
20200309,"10:35:01","SZ","NB",11028114835,14018903807,25047018642,-2990788972
20200309,"10:36:01","SH","NB",7187090033,12832811528,20019901561,-5645721495
20200309,"10:36:01","SZ","NB",11124050653,14225781517,25349832170,-3101730864
20200309,"10:37:01","SZ","NB",11212305625,14339239319,25551544944,-3126933694
20200309,"10:37:01","SH","NB",7254556725,12902995884,20157552609,-5648439159
20200309,"10:38:01","SH","NB",7307397985,12999336897,20306734882,-5691938912
20200309,"10:38:01","SZ","NB",11291852832,14447026832,25738879664,-3155174000
20200309,"10:39:01","SH","NB",7381722023,13054718532,20436440555,-5672996509
20200309,"10:39:01","SZ","NB",11406637379,14528464308,25935101687,-3121826929
20200309,"10:40:01","SH","NB",7440133847,13184149354,20624283201,-5744015507
20200309,"10:40:01","SZ","NB",11500052824,14684508118,26184560942,-3184455294
20200309,"10:41:01","SH","NB",7490758570,13384433137,20875191707,-5893674567
20200309,"10:41:01","SZ","NB",11583717163,14928087297,26511804460,-3344370134
20200309,"10:42:01","SH","NB",7579481286,13525883438,21105364724,-5946402152
20200309,"10:42:01","SZ","NB",11722504194,15090185752,26812689946,-3367681558
20200309,"10:43:01","SH","NB",7651534165,13597146630,21248680795,-5945612465
20200309,"10:43:01","SZ","NB",11833427488,15206291640,27039719128,-3372864152
20200309,"10:44:01","SZ","NB",11925663024,15313670668,27239333692,-3388007644
20200309,"10:44:01","SH","NB",7707096646,13676160518,21383257164,-5969063872
20200309,"10:45:01","SH","NB",7769579380,13779856690,21549436070,-6010277310
20200309,"10:45:01","SZ","NB",12020676777,15448606398,27469283175,-3427929621
20200309,"10:46:01","SH","NB",7829686647,13857633061,21687319708,-6027946414
20200309,"10:46:01","SZ","NB",12118555180,15530135234,27648690414,-3411580054
20200309,"10:47:01","SH","NB",7909230239,13920382052,21829612291,-6011151813
20200309,"10:47:01","SZ","NB",12224081548,15584024167,27808105715,-3359942619
20200309,"10:48:01","SH","NB",8003390067,13974920519,21978310586,-5971530452
20200309,"10:48:01","SZ","NB",12368807304,15633005823,28001813127,-3264198519
20200309,"10:49:01","SH","NB",8052709138,14046856145,22099565283,-5994147007
20200309,"10:49:01","SZ","NB",12454710162,15739824656,28194534818,-3285114494
20200309,"10:50:01","SH","NB",8100350655,14143613773,22243964428,-6043263118
20200309,"10:50:01","SZ","NB",12518201074,15846600784,28364801858,-3328399710
20200309,"10:51:01","SH","NB",8157703476,14238203817,22395907293,-6080500341
20200309,"10:51:01","SZ","NB",12607994355,16034680410,28642674765,-3426686055
20200309,"10:52:01","SZ","NB",12674102718,16133236089,28807338807,-3459133371
20200309,"10:52:01","SH","NB",8203889712,14333122379,22537012091,-6129232667
20200309,"10:53:01","SH","NB",8281879879,14392734731,22674614610,-6110854852
20200309,"10:53:01","SZ","NB",12793057307,16188358032,28981415339,-3395300725
20200309,"10:54:01","SH","NB",8325792855,14463362729,22789155584,-6137569874
20200309,"10:54:01","SZ","NB",12875787358,16285824020,29161611378,-3410036662
20200309,"10:55:01","SH","NB",8363380240,14544600181,22907980421,-6181219941
20200309,"10:55:01","SZ","NB",12954053130,16373875487,29327928617,-3419822357
20200309,"10:56:01","SH","NB",8399988946,14666859142,23066848088,-6266870196
20200309,"10:56:01","SZ","NB",13045841830,16518122367,29563964197,-3472280537
20200309,"10:57:01","SH","NB",8451348505,14830333541,23281682046,-6378985036
20200309,"10:57:01","SZ","NB",13126232571,16734216030,29860448601,-3607983459
20200309,"10:58:01","SH","NB",8506132001,14994621133,23500753134,-6488489132
20200309,"10:58:01","SZ","NB",13226332466,16892010829,30118343295,-3665678363
20200309,"10:59:01","SH","NB",8616205202,15107940894,23724146096,-6491735692
20200309,"10:59:01","SZ","NB",13473946248,17034937832,30508884080,-3560991584
20200309,"11:00:01","SH","NB",8677188342,15184535470,23861723812,-6507347128
20200309,"11:00:01","SZ","NB",13589508759,17127359386,30716868145,-3537850627
20200309,"11:01:01","SH","NB",8747844438,15415137784,24162982222,-6667293346
20200309,"11:01:01","SZ","NB",13689149510,17397599811,31086749321,-3708450301
20200309,"11:02:01","SZ","NB",13837967180,17500271717,31338238897,-3662304537
20200309,"11:02:01","SH","NB",8833563346,15516304134,24349867480,-6682740788
20200309,"11:03:01","SH","NB",9006232176,15605002287,24611234463,-6598770111
20200309,"11:03:01","SZ","NB",14132276728,17585105883,31717382611,-3452829155
20200309,"11:04:01","SH","NB",9111330744,15695086929,24806417673,-6583756185
20200309,"11:04:01","SZ","NB",14248468957,17686967691,31935436648,-3438498734
20200309,"11:05:01","SH","NB",9154142187,15761466413,24915608600,-6607324226
20200309,"11:05:01","SZ","NB",14317918535,17765391473,32083310008,-3447472938
20200309,"11:06:01","SH","NB",9189785733,15843299302,25033085035,-6653513569
20200309,"11:06:01","SZ","NB",14386501929,17851487049,32237988978,-3464985120
20200309,"11:07:01","SH","NB",9219636874,15925215072,25144851946,-6705578198
20200309,"11:07:01","SZ","NB",14454795272,17907591446,32362386718,-3452796174
20200309,"11:08:01","SH","NB",9252719405,15985073417,25237792822,-6732354012
20200309,"11:08:01","SZ","NB",14491891603,17974085183,32465976786,-3482193580
20200309,"11:09:01","SH","NB",9293541518,16036953577,25330495095,-6743412059
20200309,"11:09:01","SZ","NB",14560223392,18030293753,32590517145,-3470070361
20200309,"11:10:01","SH","NB",9358400885,16080933992,25439334877,-6722533107
20200309,"11:10:01","SZ","NB",14634896726,18073915856,32708812582,-3439019130
20200309,"11:11:01","SZ","NB",14715632632,18210475927,32926108559,-3494843295
20200309,"11:11:01","SH","NB",9414924693,16179324483,25594249176,-6764399790
20200309,"11:12:01","SH","NB",9478971228,16224859255,25703830483,-6745888027
20200309,"11:12:01","SZ","NB",14822108515,18283655103,33105763618,-3461546588
20200309,"11:13:01","SH","NB",9536303819,16264579326,25800883145,-6728275507
20200309,"11:13:01","SZ","NB",14889746277,18329702782,33219449059,-3439956505
20200309,"11:14:01","SH","NB",9582610809,16321170472,25903781281,-6738559663
20200309,"11:14:01","SZ","NB",14952277827,18388881146,33341158973,-3436603319
20200309,"11:15:01","SH","NB",9627665495,16376120410,26003785905,-6748454915
20200309,"11:15:01","SZ","NB",15005849353,18444131391,33449980744,-3438282038
20200309,"11:16:01","SH","NB",9676923664,16425566390,26102490054,-6748642726
20200309,"11:16:01","SZ","NB",15066684303,18498517341,33565201644,-3431833038
20200309,"11:17:01","SH","NB",9710768838,16488091332,26198860170,-6777322494
20200309,"11:17:01","SZ","NB",15101410299,18555482214,33656892513,-3454071915
20200309,"11:18:01","SH","NB",9733783809,16542104412,26275888221,-6808320603
20200309,"11:18:01","SZ","NB",15136479945,18631777452,33768257397,-3495297507
20200309,"11:19:01","SH","NB",9767009921,16591307693,26358317614,-6824297772
20200309,"11:19:01","SZ","NB",15182558972,18680078894,33862637866,-3497519922
20200309,"11:20:01","SH","NB",9803173092,16632473590,26435646682,-6829300498
20200309,"11:20:01","SZ","NB",15226375599,18741950568,33968326167,-3515574969
20200309,"11:21:01","SZ","NB",15283032500,18871494183,34154526683,-3588461683
20200309,"11:21:01","SH","NB",9842819208,16713421868,26556241076,-6870602660
20200309,"11:22:01","SH","NB",9871038428,16760231335,26631269763,-6889192907
20200309,"11:22:01","SZ","NB",15328472491,18928779581,34257252072,-3600307090
20200309,"11:23:01","SH","NB",9900316349,16801914537,26702230886,-6901598188
20200309,"11:23:01","SZ","NB",15362255443,18985763628,34348019071,-3623508185
20200309,"11:24:01","SH","NB",9928368472,16855712594,26784081066,-6927344122
20200309,"11:24:01","SZ","NB",15398792971,19046480701,34445273672,-3647687730
20200309,"11:25:01","SH","NB",9962277761,16896070427,26858348188,-6933792666
20200309,"11:25:01","SZ","NB",15442035774,19098326619,34540362393,-3656290845
20200309,"11:26:01","SH","NB",9989237257,16947929414,26937166671,-6958692157
20200309,"11:26:01","SZ","NB",15470722775,19148423411,34619146186,-3677700636
20200309,"11:27:01","SH","NB",10017723150,16982345312,27000068462,-6964622162
20200309,"11:27:01","SZ","NB",15512500605,19196834946,34709335551,-3684334341
20200309,"11:28:01","SH","NB",10056361217,17024937540,27081298757,-6968576323
20200309,"11:28:01","SZ","NB",15557970435,19235128013,34793098448,-3677157578
20200309,"11:29:01","SH","NB",10082496503,17066417515,27148914018,-6983921012
20200309,"11:29:01","SZ","NB",15599104228,19295247608,34894351836,-3696143380
20200309,"11:30:01","SZ","NB",15631663726,19336014064,34967677790,-3704350338
20200309,"11:30:01","SH","NB",10112581795,17099781696,27212363491,-6987199901
20200309,"11:31:01","SH","NB",10112581795,17100267088,27212848883,-6987685293
20200309,"13:00:01","SZ","NB",15638945683,19347619877,34986565560,-3708674194
20200309,"13:01:01","SH","NB",10207081396,17263649895,27470731291,-7056568499
20200309,"13:01:01","SZ","NB",15751046317,19565133337,35316179654,-3814087020
20200309,"13:02:01","SH","NB",10304325531,17327836005,27632161536,-7023510474
20200309,"13:02:01","SZ","NB",15893013985,19671361818,35564375803,-3778347833
20200309,"13:03:01","SH","NB",10359734827,17396731705,27756466532,-7036996878
20200309,"13:03:01","SZ","NB",15979667983,19793911420,35773579403,-3814243437
20200309,"13:04:01","SH","NB",10409085699,17489697006,27898782705,-7080611307
20200309,"13:04:01","SZ","NB",16045118529,19951535270,35996653799,-3906416741
20200309,"13:05:01","SH","NB",10457140755,17572074080,28029214835,-7114933325
20200309,"13:05:01","SZ","NB",16122768815,20066247524,36189016339,-3943478709
20200309,"13:06:01","SZ","NB",16245627623,20137500768,36383128391,-3891873145
20200309,"13:06:01","SH","NB",10524385863,17643365695,28167751558,-7118979832
20200309,"13:07:01","SH","NB",10582257914,17712081411,28294339325,-7129823497
20200309,"13:07:01","SZ","NB",16331415956,20216164887,36547580843,-3884748931
20200309,"13:08:01","SH","NB",10621831730,17775989460,28397821190,-7154157730
20200309,"13:08:01","SZ","NB",16386214471,20328388767,36714603238,-3942174296
20200309,"13:09:01","SH","NB",10658011294,17844860485,28502871779,-7186849191
20200309,"13:09:01","SZ","NB",16460247940,20450884338,36911132278,-3990636398
20200309,"13:10:01","SH","NB",10701882979,17923383096,28625266075,-7221500117
20200309,"13:10:01","SZ","NB",16540194821,20553514986,37093709807,-4013320165
20200309,"13:11:01","SH","NB",10881253846,18036730855,28917984701,-7155477009
20200309,"13:11:01","SZ","NB",16882825541,20671024520,37553850061,-3788198979
20200309,"13:12:01","SZ","NB",16944590391,20801695010,37746285401,-3857104619
20200309,"13:12:01","SH","NB",10946108570,18114880872,29060989442,-7168772302
20200309,"13:13:01","SH","NB",10982353482,18161075861,29143429343,-7178722379
20200309,"13:13:01","SZ","NB",17012835458,20877474868,37890310326,-3864639410
20200309,"13:14:01","SH","NB",11012102755,18204823965,29216926720,-7192721210
20200309,"13:14:01","SZ","NB",17071285905,20931114038,38002399943,-3859828133
20200309,"13:15:01","SH","NB",11056633814,18291499635,29348133449,-7234865821
20200309,"13:15:01","SZ","NB",17123104410,21077021650,38200126060,-3953917240
20200309,"13:16:01","SH","NB",11101744122,18355752385,29457496507,-7254008263
20200309,"13:16:01","SZ","NB",17184685911,21186912748,38371598659,-4002226837
20200309,"13:17:01","SH","NB",11143559247,18434239071,29577798318,-7290679824
20200309,"13:17:01","SZ","NB",17257931775,21283508117,38541439892,-4025576342
20200309,"13:18:01","SH","NB",11208815910,18517683281,29726499191,-7308867371
20200309,"13:18:01","SZ","NB",17361792330,21384242817,38746035147,-4022450487
20200309,"13:19:01","SZ","NB",17466964010,21464619423,38931583433,-3997655413
20200309,"13:19:01","SH","NB",11261984685,18582167657,29844152342,-7320182972
20200309,"13:20:01","SH","NB",11324340904,18676504136,30000845040,-7352163232
20200309,"13:20:01","SZ","NB",17570895329,21575301404,39146196733,-4004406075
20200309,"13:21:01","SH","NB",11395380981,18815644250,30211025231,-7420263269
20200309,"13:21:01","SZ","NB",17701698467,21751087477,39452785944,-4049389010
20200309,"13:22:01","SH","NB",11536471420,18908864842,30445336262,-7372393422
20200309,"13:22:01","SZ","NB",18029146764,21859495679,39888642443,-3830348915
20200309,"13:23:01","SH","NB",11597273865,18958659635,30555933500,-7361385770
20200309,"13:23:01","SZ","NB",18152258051,21939334947,40091592998,-3787076896
20200309,"13:24:01","SH","NB",11649483951,19018649796,30668133747,-7369165845
20200309,"13:24:01","SZ","NB",18218676067,22034235642,40252911709,-3815559575
20200309,"13:25:01","SH","NB",11689336293,19068570644,30757906937,-7379234351
20200309,"13:25:01","SZ","NB",18300697883,22091043315,40391741198,-3790345432
20200309,"13:26:01","SH","NB",11731676912,19145418478,30877095390,-7413741566
20200309,"13:26:01","SZ","NB",18369085510,22165516924,40534602434,-3796431414
20200309,"13:27:01","SH","NB",11777564227,19190121077,30967685304,-7412556850
20200309,"13:27:01","SZ","NB",18428830066,22224598050,40653428116,-3795767984
20200309,"13:28:01","SH","NB",11824854545,19251307600,31076162145,-7426453055
20200309,"13:28:01","SZ","NB",18479222616,22312802929,40792025545,-3833580313
20200309,"13:29:01","SZ","NB",18517354670,22396512453,40913867123,-3879157783
20200309,"13:29:01","SH","NB",11856105078,19326860733,31182965811,-7470755655
20200309,"13:30:01","SH","NB",11888042123,19379894030,31267936153,-7491851907
20200309,"13:30:01","SZ","NB",18571707996,22479545612,41051253608,-3907837616
20200309,"13:31:01","SH","NB",11931919348,19496540922,31428460270,-7564621574
20200309,"13:31:01","SZ","NB",18629567054,22627390072,41256957126,-3997823018
20200309,"13:32:01","SH","NB",11984582214,19577222373,31561804587,-7592640159
20200309,"13:32:01","SZ","NB",18722980745,22724138887,41447119632,-4001158142
20200309,"13:33:01","SH","NB",12050138160,19657463396,31707601556,-7607325236
20200309,"13:33:01","SZ","NB",18831726844,22802081167,41633808011,-3970354323
20200309,"13:34:01","SZ","NB",19054524746,22873982720,41928507466,-3819457974
20200309,"13:34:01","SH","NB",12161830045,19736283259,31898113304,-7574453214
20200309,"13:35:01","SH","NB",12228229947,19787610012,32015839959,-7559380065
20200309,"13:35:01","SZ","NB",19151561120,22941020839,42092581959,-3789459719
20200309,"13:36:01","SH","NB",12267696068,19852612335,32120308403,-7584916267
20200309,"13:36:01","SZ","NB",19227374705,23010139973,42237514678,-3782765268
20200309,"13:37:01","SH","NB",12310944942,19909013608,32219958550,-7598068666
20200309,"13:37:01","SZ","NB",19294482973,23069770814,42364253787,-3775287841
20200309,"13:38:01","SH","NB",12348297280,19967292783,32315590063,-7618995503
20200309,"13:38:01","SZ","NB",19359727036,23126470958,42486197994,-3766743922
20200309,"13:39:01","SH","NB",12396853764,20010787535,32407641299,-7613933771
20200309,"13:39:01","SZ","NB",19426566176,23171310233,42597876409,-3744744057
20200309,"13:40:01","SH","NB",12451338694,20081472126,32532810820,-7630133432
20200309,"13:40:01","SZ","NB",19505804980,23232645298,42738450278,-3726840318
20200309,"13:41:01","SH","NB",12605431362,20162896147,32768327509,-7557464785
20200309,"13:41:01","SZ","NB",19683939356,23309603417,42993542773,-3625664061
20200309,"13:42:01","SZ","NB",19766988657,23408515292,43175503949,-3641526635
20200309,"13:42:01","SH","NB",12717314084,20234684517,32951998601,-7517370433
20200309,"13:43:01","SH","NB",12789986623,20338691983,33128678606,-7548705360
20200309,"13:43:01","SZ","NB",19827736287,23532873630,43360609917,-3705137343
20200309,"13:44:01","SH","NB",12825142595,20468854882,33293997477,-7643712287
20200309,"13:44:01","SZ","NB",19858638929,23718524112,43577163041,-3859885183
20200309,"13:45:01","SH","NB",12859290466,20523295694,33382586160,-7664005228
20200309,"13:45:01","SZ","NB",19894006173,23792091183,43686097356,-3898085010
20200309,"13:46:01","SH","NB",12891661907,20590536346,33482198253,-7698874439
20200309,"13:46:01","SZ","NB",19938613655,23855870405,43794484060,-3917256750
20200309,"13:47:01","SH","NB",12924074885,20653980609,33578055494,-7729905724
20200309,"13:47:01","SZ","NB",19982813340,23910977192,43893790532,-3928163852
20200309,"13:48:01","SH","NB",12950042393,20724078940,33674121333,-7774036547
20200309,"13:48:01","SZ","NB",20014147059,23976200792,43990347851,-3962053733
20200309,"13:49:01","SH","NB",12980070938,20782843509,33762914447,-7802772571
20200309,"13:49:01","SZ","NB",20046176584,24051047124,44097223708,-4004870540
20200309,"13:50:01","SH","NB",13009590336,20831275062,33840865398,-7821684726
20200309,"13:50:01","SZ","NB",20081399458,24121973750,44203373208,-4040574292
20200309,"13:51:01","SZ","NB",20135723537,24222387152,44358110689,-4086663615
20200309,"13:51:01","SH","NB",13055308046,20903318536,33958626582,-7848010490
20200309,"13:52:01","SH","NB",13087992902,20958895991,34046888893,-7870903089
20200309,"13:52:01","SZ","NB",20174125641,24309750450,44483876091,-4135624809
20200309,"13:53:01","SH","NB",13125929689,21004743106,34130672795,-7878813417
20200309,"13:53:01","SZ","NB",20217656039,24353002227,44570658266,-4135346188
20200309,"13:54:01","SH","NB",13181906654,21054604752,34236511406,-7872698098
20200309,"13:54:01","SZ","NB",20301977270,24397352810,44699330080,-4095375540
20200309,"13:55:01","SH","NB",13240285605,21105925500,34346211105,-7865639895
20200309,"13:55:01","SZ","NB",20356067212,24443281988,44799349200,-4087214776
20200309,"13:56:01","SH","NB",13285130353,21148328417,34433458770,-7863198064
20200309,"13:56:01","SZ","NB",20403931196,24492699487,44896630683,-4088768291
20200309,"13:57:01","SZ","NB",20433149015,24565644026,44998793041,-4132495011
20200309,"13:57:01","SH","NB",13318495787,21200118145,34518613932,-7881622358
20200309,"13:58:01","SH","NB",13356555730,21300627392,34657183122,-7944071662
20200309,"13:58:01","SZ","NB",20472741804,24666985946,45139727750,-4194244142
20200309,"13:59:01","SH","NB",13385769811,21356218296,34741988107,-7970448485
20200309,"13:59:01","SZ","NB",20505090703,24725461876,45230552579,-4220371173
20200309,"14:00:01","SH","NB",13436521169,21394554118,34831075287,-7958032949
20200309,"14:00:01","SZ","NB",20538490512,24768267377,45306757889,-4229776865
20200309,"14:01:01","SH","NB",13543544156,21456085834,34999629990,-7912541678
20200309,"14:01:01","SZ","NB",20675552046,24854618864,45530170910,-4179066818
20200309,"14:02:01","SH","NB",13593318242,21543268167,35136586409,-7949949925
20200309,"14:02:01","SZ","NB",20747016918,24972116077,45719132995,-4225099159
20200309,"14:03:01","SH","NB",13686412729,21597135344,35283548073,-7910722615
20200309,"14:03:01","SZ","NB",20826959661,25036792437,45863752098,-4209832776
20200309,"14:04:01","SH","NB",13735195104,21706873823,35442068927,-7971678719
20200309,"14:04:01","SZ","NB",20904769013,25200252512,46105021525,-4295483499
20200309,"14:05:01","SZ","NB",20955275016,25318849021,46274124037,-4363574005
20200309,"14:05:01","SH","NB",13771956680,21808420561,35580377241,-8036463881
20200309,"14:06:01","SH","NB",13830393291,21872955681,35703348972,-8042562390
20200309,"14:06:01","SZ","NB",20996941544,25401595078,46398536622,-4404653534
20200309,"14:07:01","SZ","NB",21053844055,25486944265,46540788320,-4433100210
20200309,"14:07:01","SH","NB",13856971812,21931586758,35788558570,-8074614946
20200309,"14:08:01","SH","NB",13900949703,22031835647,35932785350,-8130885944
20200309,"14:08:01","SZ","NB",21101848044,25628595044,46730443088,-4526747000
20200309,"14:09:01","SH","NB",13930637776,22075129077,36005766853,-8144491301
20200309,"14:09:01","SZ","NB",21143728389,25705394894,46849123283,-4561666505
20200309,"14:10:01","SH","NB",13964505933,22125901341,36090407274,-8161395408
20200309,"14:10:01","SZ","NB",21191843139,25760177144,46952020283,-4568334005
20200309,"14:11:01","SH","NB",14049193249,22174578879,36223772128,-8125385630
20200309,"14:11:01","SZ","NB",21319191609,25850486363,47169677972,-4531294754
20200309,"14:12:01","SH","NB",14085802723,22234363386,36320166109,-8148560663
20200309,"14:12:01","SZ","NB",21371740202,25922731453,47294471655,-4550991251
20200309,"14:13:01","SH","NB",14109781333,22308921783,36418703116,-8199140450
20200309,"14:13:01","SZ","NB",21410947572,26023279293,47434226865,-4612331721
20200309,"14:14:01","SH","NB",14133255828,22386846465,36520102293,-8253590637
20200309,"14:14:01","SZ","NB",21445627062,26085143590,47530770652,-4639516528
20200309,"14:15:01","SH","NB",14157759646,22456696811,36614456457,-8298937165
20200309,"14:15:01","SZ","NB",21490499067,26143411680,47633910747,-4652912613
20200309,"14:16:01","SH","NB",14180656663,22518629417,36699286080,-8337972754
20200309,"14:16:01","SZ","NB",21529692319,26208735805,47738428124,-4679043486
20200309,"14:17:01","SZ","NB",21570675809,26274006447,47844682256,-4703330638
20200309,"14:17:01","SH","NB",14214590355,22574545591,36789135946,-8359955236
20200309,"14:18:01","SH","NB",14243474091,22663170111,36906644202,-8419696020
20200309,"14:18:01","SZ","NB",21625249402,26324630237,47949879639,-4699380835
20200309,"14:19:01","SH","NB",14278597488,22722038233,37000635721,-8443440745
20200309,"14:19:01","SZ","NB",21680491495,26372186694,48052678189,-4691695199
20200309,"14:20:01","SH","NB",14309804349,22794477316,37104281665,-8484672967
20200309,"14:20:01","SZ","NB",21719240675,26436389838,48155630513,-4717149163
20200309,"14:21:01","SH","NB",14351046812,22878183551,37229230363,-8527136739
20200309,"14:21:01","SZ","NB",21774942865,26556136130,48331078995,-4781193265
20200309,"14:22:01","SH","NB",14391256914,22931527996,37322784910,-8540271082
20200309,"14:22:01","SZ","NB",21838022840,26623216209,48461239049,-4785193369
20200309,"14:23:01","SH","NB",14432769984,22980133137,37412903121,-8547363153
20200309,"14:23:01","SZ","NB",21917030894,26670652617,48587683511,-4753621723
20200309,"14:24:01","SH","NB",14465756167,23016496069,37482252236,-8550739902
20200309,"14:24:01","SZ","NB",21958692459,26721049089,48679741548,-4762356630
20200309,"14:25:01","SH","NB",14506639140,23090733869,37597373009,-8584094729
20200309,"14:25:01","SZ","NB",22010884239,26853782182,48864666421,-4842897943
20200309,"14:26:01","SH","NB",14542366663,23163663213,37706029876,-8621296550
20200309,"14:26:01","SZ","NB",22065772790,26958284126,49024056916,-4892511336
20200309,"14:27:01","SZ","NB",22144276933,27027661157,49171938090,-4883384224
20200309,"14:27:01","SH","NB",14596230167,23220505222,37816735389,-8624275055
20200309,"14:28:01","SH","NB",14638888077,23267021140,37905909217,-8628133063
20200309,"14:28:01","SZ","NB",22215984382,27075100148,49291084530,-4859115766
20200309,"14:29:01","SH","NB",14689628164,23318193817,38007821981,-8628565653
20200309,"14:29:01","SZ","NB",22285437676,27141844059,49427281735,-4856406383
20200309,"14:30:01","SH","NB",14730444030,23368718018,38099162048,-8638273988
20200309,"14:30:01","SZ","NB",22349751814,27192589886,49542341700,-4842838072
20200309,"14:31:01","SZ","NB",22454813806,27309423015,49764236821,-4854609209
20200309,"14:31:01","SH","NB",14793188643,23446601567,38239790210,-8653412924
20200309,"14:32:01","SH","NB",14871172761,23510003181,38381175942,-8638830420
20200309,"14:32:01","SZ","NB",22593039734,27384508663,49977548397,-4791468929
20200309,"14:33:01","SH","NB",14916559635,23572912329,38489471964,-8656352694
20200309,"14:33:01","SZ","NB",22679234575,27465829451,50145064026,-4786594876
20200309,"14:34:01","SH","NB",14954260094,23654545978,38608806072,-8700285884
20200309,"14:34:01","SZ","NB",22729880147,27551846694,50281726841,-4821966547
20200309,"14:35:01","SH","NB",14989023486,23762355037,38751378523,-8773331551
20200309,"14:35:01","SZ","NB",22779958116,27672348820,50452306936,-4892390704
20200309,"14:36:01","SH","NB",15026117240,23861251152,38887368392,-8835133912
20200309,"14:36:01","SZ","NB",22831775316,27778910381,50610685697,-4947135065
20200309,"14:37:01","SH","NB",15078499349,23968525749,39047025098,-8890026400
20200309,"14:37:01","SZ","NB",22904717409,27881285781,50786003190,-4976568372
20200309,"14:38:01","SH","NB",15138732263,24037926089,39176658352,-8899193826
20200309,"14:38:01","SZ","NB",23012164969,27957542183,50969707152,-4945377214
20200309,"14:39:01","SZ","NB",23098282116,28058120370,51156402486,-4959838254
20200309,"14:39:01","SH","NB",15187194297,24101104479,39288298776,-8913910182
20200309,"14:40:01","SH","NB",15237800725,24190898907,39428699632,-8953098182
20200309,"14:40:01","SZ","NB",23187211693,28129691580,51316903273,-4942479887
20200309,"14:41:01","SH","NB",15326843298,24329422045,39656265343,-9002578747
20200309,"14:41:01","SZ","NB",23338849929,28283979523,51622829452,-4945129594
20200309,"14:42:01","SZ","NB",23512136344,28357507780,51869644124,-4845371436
20200309,"14:42:01","SH","NB",15398846221,24406787180,39805633401,-9007940959
20200309,"14:43:01","SH","NB",15464181919,24491789266,39955971185,-9027607347
20200309,"14:43:01","SZ","NB",23669125084,28432175284,52101300368,-4763050200
20200309,"14:44:01","SH","NB",15539736115,24553000025,40092736140,-9013263910
20200309,"14:44:01","SZ","NB",23770423940,28495866610,52266290550,-4725442670
20200309,"14:45:01","SH","NB",15585663916,24620063342,40205727258,-9034399426
20200309,"14:45:01","SZ","NB",23872361320,28593657785,52466019105,-4721296465
20200309,"14:46:01","SH","NB",15637172927,24705871081,40343044008,-9068698154
20200309,"14:46:01","SZ","NB",23958749241,28682228225,52640977466,-4723478984
20200309,"14:47:01","SH","NB",15688781455,24801270003,40490051458,-9112488548
20200309,"14:47:01","SZ","NB",24021545918,28813165293,52834711211,-4791619375
20200309,"14:48:01","SH","NB",15730302356,24903477834,40633780190,-9173175478
20200309,"14:48:01","SZ","NB",24080115842,28904202618,52984318460,-4824086776
20200309,"14:49:01","SH","NB",15785494787,25005229360,40790724147,-9219734573
20200309,"14:49:01","SZ","NB",24160179874,29009598970,53169778844,-4849419096
20200309,"14:50:01","SH","NB",15842294612,25132287790,40974582402,-9289993178
20200309,"14:50:01","SZ","NB",24228739320,29130661762,53359401082,-4901922442
20200309,"14:51:01","SH","NB",15932231484,25289506179,41221737663,-9357274695
20200309,"14:51:01","SZ","NB",24399129442,29288011873,53687141315,-4888882431
20200309,"14:52:01","SZ","NB",24537508597,29379842931,53917351528,-4842334334
20200309,"14:52:01","SH","NB",16006993404,25409628589,41416621993,-9402635185
20200309,"14:53:01","SH","NB",16085342847,25528635838,41613978685,-9443292991
20200309,"14:53:01","SZ","NB",24642500592,29470910316,54113410908,-4828409724
20200309,"14:54:01","SH","NB",16191568771,25673852752,41865421523,-9482283981
20200309,"14:54:01","SZ","NB",24784437976,29580802809,54365240785,-4796364833
20200309,"14:55:01","SH","NB",16280044636,25787564693,42067609329,-9507520057
20200309,"14:55:01","SZ","NB",24897758066,29683804599,54581562665,-4786046533
20200309,"14:56:01","SH","NB",16389775691,25974845142,42364620833,-9585069451
20200309,"14:56:01","SZ","NB",25110610901,29852346913,54962957814,-4741736012
20200309,"14:57:01","SH","NB",16474016264,26086010592,42560026856,-9611994328
20200309,"14:57:01","SZ","NB",25218014069,29949054328,55167068397,-4731040259
20200309,"14:58:01","SH","NB",16474016264,26086026981,42560043245,-9612010717
20200309,"15:00:01","SZ","NB",25312527623,30045560515,55358088138,-4733032892
20200309,"15:01:01","SH","NB",16646774637,26317935846,42964710483,-9671161209
20200309,"15:01:01","SZ","NB",25523191777,30170908343,55694100120,-4647716566
