dataDate,dataTime,connectMarket,tradeDirection,buyTurnover,sellTurnover,totalTurnover,netTurnover
20191030,"09:30:01","SH","NB",64736978,87098765,151835743,-22361787
20191030,"09:30:01","SZ","NB",105590506,82263017,187853523,23327489
20191030,"09:31:01","SH","NB",202957896,196085562,399043458,6872334
20191030,"09:31:01","SZ","NB",309642789,219753794,529396583,89888995
20191030,"09:32:01","SH","NB",327901290,285891605,613792895,42009685
20191030,"09:32:01","SZ","NB",511303529,333860092,845163621,177443437
20191030,"09:33:01","SH","NB",435066622,393931182,828997804,41135440
20191030,"09:33:01","SZ","NB",724604851,492764961,1217369812,231839890
20191030,"09:34:01","SH","NB",567623189,494292010,1061915199,73331179
20191030,"09:34:01","SZ","NB",917143424,625970884,1543114308,291172540
20191030,"09:35:01","SH","NB",730128016,611947773,1342075789,118180243
20191030,"09:35:01","SZ","NB",1046595731,786320137,1832915868,260275594
20191030,"09:36:01","SH","NB",891456731,723536624,1614993355,167920107
20191030,"09:36:01","SZ","NB",1198056278,902363614,2100419892,295692664
20191030,"09:37:01","SH","NB",973296734,851768802,1825065536,121527932
20191030,"09:37:01","SZ","NB",1300406074,1113688943,2414095017,186717131
20191030,"09:38:01","SZ","NB",1421186525,1271691102,2692877627,149495423
20191030,"09:38:01","SH","NB",1059974518,943792233,2003766751,116182285
20191030,"09:39:01","SH","NB",1154432415,1119878751,2274311166,34553664
20191030,"09:39:01","SZ","NB",1532996345,1444768817,2977765162,88227528
20191030,"09:40:01","SH","NB",1261202778,1258509837,2519712615,2692941
20191030,"09:40:01","SZ","NB",1699182934,1550823530,3250006464,148359404
20191030,"09:41:01","SH","NB",1355195528,1356167543,2711363071,-972015
20191030,"09:41:01","SZ","NB",1881026141,1666276921,3547303062,214749220
20191030,"09:42:01","SH","NB",1438111475,1421627084,2859738559,16484391
20191030,"09:42:01","SZ","NB",2010800196,1743257376,3754057572,267542820
20191030,"09:43:01","SH","NB",1512496971,1489717164,3002214135,22779807
20191030,"09:43:01","SZ","NB",2143405796,1818862534,3962268330,324543262
20191030,"09:44:01","SH","NB",1571374570,1589804648,3161179218,-18430078
20191030,"09:44:01","SZ","NB",2243181246,1917134071,4160315317,326047175
20191030,"09:45:01","SH","NB",1629539014,1668611672,3298150686,-39072658
20191030,"09:45:01","SZ","NB",2329799626,2014358874,4344158500,315440752
20191030,"09:46:01","SH","NB",1730269634,1851366060,3581635694,-121096426
20191030,"09:46:01","SZ","NB",2476327818,2152652838,4628980656,323674980
20191030,"09:47:01","SZ","NB",2624904220,2229907195,4854811415,394997025
20191030,"09:47:01","SH","NB",1825059061,1937249759,3762308820,-112190698
20191030,"09:48:01","SH","NB",1909733814,2010036997,3919770811,-100303183
20191030,"09:48:01","SZ","NB",2744785963,2290846589,5035632552,453939374
20191030,"09:49:01","SH","NB",1973912942,2098582174,4072495116,-124669232
20191030,"09:49:01","SZ","NB",2833364698,2369231953,5202596651,464132745
20191030,"09:50:01","SZ","NB",2951779200,2420401846,5372181046,531377354
20191030,"09:50:01","SH","NB",2026225745,2183866516,4210092261,-157640771
20191030,"09:51:01","SH","NB",2097012897,2331312857,4428325754,-234299960
20191030,"09:51:01","SZ","NB",3045566983,2493459263,5539026246,552107720
20191030,"09:52:01","SH","NB",2161055138,2430254734,4591309872,-269199596
20191030,"09:52:01","SZ","NB",3125838174,2536960180,5662798354,588877994
20191030,"09:53:01","SH","NB",2215681007,2515348553,4731029560,-299667546
20191030,"09:53:01","SZ","NB",3200760605,2581407233,5782167838,619353372
20191030,"09:54:01","SH","NB",2277787954,2567035883,4844823837,-289247929
20191030,"09:54:01","SZ","NB",3278886130,2629513119,5908399249,649373011
20191030,"09:55:01","SH","NB",2332662596,2630096491,4962759087,-297433895
20191030,"09:55:01","SZ","NB",3336044404,2695084709,6031129113,640959695
20191030,"09:56:01","SH","NB",2396500993,2749231037,5145732030,-352730044
20191030,"09:56:01","SZ","NB",3397045474,2818004450,6215049924,579041024
20191030,"09:57:01","SH","NB",2444551579,2787219658,5231771237,-342668079
20191030,"09:57:01","SZ","NB",3465007149,2868760319,6333767468,596246830
20191030,"09:58:01","SH","NB",2493570559,2842586325,5336156884,-349015766
20191030,"09:58:01","SZ","NB",3521026539,2941832619,6462859158,579193920
20191030,"09:59:01","SH","NB",2542602687,2902002482,5444605169,-359399795
20191030,"09:59:01","SZ","NB",3573088739,3001400038,6574488777,571688701
20191030,"10:00:01","SZ","NB",3629626572,3056244714,6685871286,573381858
20191030,"10:00:01","SH","NB",2601065627,2949323928,5550389555,-348258301
20191030,"10:01:01","SH","NB",2686960619,3017393234,5704353853,-330432615
20191030,"10:01:01","SZ","NB",3737257759,3106558726,6843816485,630699033
20191030,"10:02:01","SH","NB",2758203838,3067570527,5825774365,-309366689
20191030,"10:02:01","SZ","NB",3853690384,3158883761,7012574145,694806623
20191030,"10:03:01","SH","NB",2815264234,3114507539,5929771773,-299243305
20191030,"10:03:01","SZ","NB",3933577995,3212231950,7145809945,721346045
20191030,"10:04:01","SH","NB",2867402196,3163715909,6031118105,-296313713
20191030,"10:04:01","SZ","NB",3992610188,3269681665,7262291853,722928523
20191030,"10:05:01","SZ","NB",4047372812,3354127837,7401500649,693244975
20191030,"10:05:01","SH","NB",2928530747,3227617575,6156148322,-299086828
20191030,"10:06:01","SH","NB",2972209121,3263134935,6235344056,-290925814
20191030,"10:06:01","SZ","NB",4100094418,3413119215,7513213633,686975203
20191030,"10:07:01","SH","NB",3015877400,3310440160,6326317560,-294562760
20191030,"10:07:01","SZ","NB",4150117795,3453648547,7603766342,696469248
20191030,"10:08:01","SH","NB",3059897688,3363178479,6423076167,-303280791
20191030,"10:08:01","SZ","NB",4203574341,3504743450,7708317791,698830891
20191030,"10:09:01","SH","NB",3106591497,3387704573,6494296070,-281113076
20191030,"10:09:01","SZ","NB",4262173987,3538659719,7800833706,723514268
20191030,"10:10:01","SH","NB",3151826036,3416246294,6568072330,-264420258
20191030,"10:10:01","SZ","NB",4301007560,3568196288,7869203848,732811272
20191030,"10:11:01","SH","NB",3207039834,3452165577,6659205411,-245125743
20191030,"10:11:01","SZ","NB",4348341666,3601470920,7949812586,746870746
20191030,"10:12:01","SZ","NB",4405204347,3639253444,8044457791,765950903
20191030,"10:12:01","SH","NB",3247901655,3481268804,6729170459,-233367149
20191030,"10:13:01","SH","NB",3289904190,3557384909,6847289099,-267480719
20191030,"10:13:01","SZ","NB",4455381587,3731898138,8187279725,723483449
20191030,"10:14:01","SH","NB",3329297185,3594709701,6924006886,-265412516
20191030,"10:14:01","SZ","NB",4491185122,3779929676,8271114798,711255446
20191030,"10:15:01","SZ","NB",4527496635,3823923894,8351420529,703572741
20191030,"10:15:01","SH","NB",3366663948,3630676231,6997340179,-264012283
20191030,"10:16:01","SH","NB",3413156398,3665072555,7078228953,-251916157
20191030,"10:16:01","SZ","NB",4560596934,3869199848,8429796782,691397086
20191030,"10:17:01","SZ","NB",4601284924,3894483219,8495768143,706801705
20191030,"10:17:01","SH","NB",3447704197,3698591059,7146295256,-250886862
20191030,"10:18:01","SH","NB",3501549364,3734193519,7235742883,-232644155
20191030,"10:18:01","SZ","NB",4662385830,3926201700,8588587530,736184130
20191030,"10:19:01","SH","NB",3539359250,3770439538,7309798788,-231080288
20191030,"10:19:01","SZ","NB",4709625928,3956680305,8666306233,752945623
20191030,"10:20:01","SH","NB",3579304041,3822828849,7402132890,-243524808
20191030,"10:20:01","SZ","NB",4753830789,3993241940,8747072729,760588849
20191030,"10:21:01","SH","NB",3627025585,3864445818,7491471403,-237420233
20191030,"10:21:01","SZ","NB",4818238368,4021748579,8839986947,796489789
20191030,"10:22:01","SH","NB",3666952327,3901519324,7568471651,-234566997
20191030,"10:22:01","SZ","NB",4863193404,4052617677,8915811081,810575727
20191030,"10:23:01","SH","NB",3710517691,3936986180,7647503871,-226468489
20191030,"10:23:01","SZ","NB",4910357821,4080713518,8991071339,829644303
20191030,"10:24:01","SH","NB",3748858428,3971450881,7720309309,-222592453
20191030,"10:24:01","SZ","NB",4958070565,4114108618,9072179183,843961947
20191030,"10:25:01","SH","NB",3791231696,4012542062,7803773758,-221310366
20191030,"10:25:01","SZ","NB",5001661256,4178884377,9180545633,822776879
20191030,"10:26:01","SZ","NB",5032317210,4206403990,9238721200,825913220
20191030,"10:26:01","SH","NB",3828986818,4038780304,7867767122,-209793486
20191030,"10:27:01","SH","NB",3864914289,4064145013,7929059302,-199230724
20191030,"10:27:01","SZ","NB",5062320868,4238802108,9301122976,823518760
20191030,"10:28:01","SH","NB",3901449903,4096822280,7998272183,-195372377
20191030,"10:28:01","SZ","NB",5094131633,4272192624,9366324257,821939009
20191030,"10:29:01","SZ","NB",5127539046,4295596632,9423135678,831942414
20191030,"10:29:01","SH","NB",3942263845,4126438445,8068702290,-184174600
20191030,"10:30:01","SH","NB",4078032666,4175590484,8253623150,-97557818
20191030,"10:30:01","SZ","NB",5232015074,4335451912,9567466986,896563162
20191030,"10:31:01","SH","NB",4145510769,4238722366,8384233135,-93211597
20191030,"10:31:01","SZ","NB",5276438954,4415824963,9692263917,860613991
20191030,"10:32:01","SH","NB",4184646966,4274142395,8458789361,-89495429
20191030,"10:32:01","SZ","NB",5314425419,4452193556,9766618975,862231863
20191030,"10:33:01","SH","NB",4221950972,4323182588,8545133560,-101231616
20191030,"10:33:01","SZ","NB",5345433954,4494192675,9839626629,851241279
20191030,"10:34:01","SH","NB",4260201913,4351593397,8611795310,-91391484
20191030,"10:34:01","SZ","NB",5375626273,4514118771,9889745044,861507502
20191030,"10:35:01","SH","NB",4295623471,4378153359,8673776830,-82529888
20191030,"10:35:01","SZ","NB",5407981168,4547839153,9955820321,860142015
20191030,"10:36:01","SH","NB",4330492102,4410459315,8740951417,-79967213
20191030,"10:36:01","SZ","NB",5463707012,4578412161,10042119173,885294851
20191030,"10:37:01","SZ","NB",5511944090,4641856871,10153800961,870087219
20191030,"10:37:01","SH","NB",4370487544,4460417109,8830904653,-89929565
20191030,"10:38:01","SH","NB",4409461849,4496277517,8905739366,-86815668
20191030,"10:38:01","SZ","NB",5542497069,4681430886,10223927955,861066183
20191030,"10:39:01","SH","NB",4445112292,4528988309,8974100601,-83876017
20191030,"10:39:01","SZ","NB",5586011867,4718584156,10304596023,867427711
20191030,"10:40:01","SH","NB",4475415188,4559949772,9035364960,-84534584
20191030,"10:40:01","SZ","NB",5615152979,4755713415,10370866394,859439564
20191030,"10:41:01","SZ","NB",5665050365,4780074582,10445124947,884975783
20191030,"10:41:01","SH","NB",4516948273,4600955309,9117903582,-84007036
20191030,"10:42:01","SH","NB",4551551189,4627704361,9179255550,-76153172
20191030,"10:42:01","SZ","NB",5696219254,4817092077,10513311331,879127177
20191030,"10:43:01","SH","NB",4585130328,4669099395,9254229723,-83969067
20191030,"10:43:01","SZ","NB",5725829704,4850774941,10576604645,875054763
20191030,"10:44:01","SH","NB",4622251140,4701739255,9323990395,-79488115
20191030,"10:44:01","SZ","NB",5756008883,4869882031,10625890914,886126852
20191030,"10:45:01","SH","NB",4666759162,4736182948,9402942110,-69423786
20191030,"10:45:01","SZ","NB",5785388551,4889683206,10675071757,895705345
20191030,"10:46:01","SH","NB",4706104948,4776969026,9483073974,-70864078
20191030,"10:46:01","SZ","NB",5817794729,4925160193,10742954922,892634536
20191030,"10:47:01","SZ","NB",5843301370,4958801736,10802103106,884499634
20191030,"10:47:01","SH","NB",4747984709,4805484437,9553469146,-57499728
20191030,"10:48:01","SH","NB",4792545554,4848530238,9641075792,-55984684
20191030,"10:48:01","SZ","NB",5878524222,5004568449,10883092671,873955773
20191030,"10:49:01","SH","NB",4827317663,4877332964,9704650627,-50015301
20191030,"10:49:01","SZ","NB",5924097639,5034019955,10958117594,890077684
20191030,"10:50:01","SH","NB",4869171582,4907056049,9776227631,-37884467
20191030,"10:50:01","SZ","NB",5953803625,5066035928,11019839553,887767697
20191030,"10:51:01","SH","NB",4904928080,4940832033,9845760113,-35903953
20191030,"10:51:01","SZ","NB",5989313324,5113041130,11102354454,876272194
20191030,"10:52:01","SH","NB",4935189506,4963457010,9898646516,-28267504
20191030,"10:52:01","SZ","NB",6024428828,5133925070,11158353898,890503758
20191030,"10:53:01","SH","NB",4970423133,4985821982,9956245115,-15398849
20191030,"10:53:01","SZ","NB",6069513594,5158646985,11228160579,910866609
20191030,"10:54:01","SH","NB",5001294452,5033297330,10034591782,-32002878
20191030,"10:54:01","SZ","NB",6106974153,5214064354,11321038507,892909799
20191030,"10:55:01","SZ","NB",6139722083,5239010962,11378733045,900711121
20191030,"10:55:01","SH","NB",5031671723,5062968520,10094640243,-31296797
20191030,"10:56:01","SH","NB",5054579186,5082364903,10136944089,-27785717
20191030,"10:56:01","SZ","NB",6172669129,5257706265,11430375394,914962864
20191030,"10:57:01","SH","NB",5078754987,5100226940,10178981927,-21471953
20191030,"10:57:01","SZ","NB",6194592541,5274656884,11469249425,919935657
20191030,"10:58:01","SH","NB",5114530620,5163691704,10278222324,-49161084
20191030,"10:58:01","SZ","NB",6226981003,5330407294,11557388297,896573709
20191030,"10:59:01","SH","NB",5146954454,5188735111,10335689565,-41780657
20191030,"10:59:01","SZ","NB",6255692427,5351453368,11607145795,904239059
20191030,"11:00:01","SZ","NB",6293458321,5370457981,11663916302,923000340
20191030,"11:00:01","SH","NB",5180781654,5213147189,10393928843,-32365535
20191030,"11:01:01","SH","NB",5220429125,5258847766,10479276891,-38418641
20191030,"11:01:01","SZ","NB",6331662895,5401321144,11732984039,930341751
20191030,"11:02:01","SZ","NB",6364389681,5416961326,11781351007,947428355
20191030,"11:02:01","SH","NB",5251042523,5279163981,10530206504,-28121458
20191030,"11:03:01","SH","NB",5274203058,5301990843,10576193901,-27787785
20191030,"11:03:01","SZ","NB",6386658013,5439163028,11825821041,947494985
20191030,"11:04:01","SH","NB",5303606690,5327575857,10631182547,-23969167
20191030,"11:04:01","SZ","NB",6418772635,5461145394,11879918029,957627241
20191030,"11:05:01","SH","NB",5330160840,5357494005,10687654845,-27333165
20191030,"11:05:01","SZ","NB",6442901760,5480395975,11923297735,962505785
20191030,"11:06:01","SH","NB",5355961815,5379792731,10735754546,-23830916
20191030,"11:06:01","SZ","NB",6476607155,5493501151,11970108306,983106004
20191030,"11:07:01","SH","NB",5386856587,5431351232,10818207819,-44494645
20191030,"11:07:01","SZ","NB",6500603838,5535686587,12036290425,964917251
20191030,"11:08:01","SH","NB",5422740210,5457856158,10880596368,-35115948
20191030,"11:08:01","SZ","NB",6524729230,5557996072,12082725302,966733158
20191030,"11:09:01","SH","NB",5457331821,5476932899,10934264720,-19601078
20191030,"11:09:01","SZ","NB",6555990467,5573633844,12129624311,982356623
20191030,"11:10:01","SH","NB",5498244789,5495128436,10993373225,3116353
20191030,"11:10:01","SZ","NB",6589222439,5593772709,12182995148,995449730
20191030,"11:11:01","SZ","NB",6621285414,5613944118,12235229532,1007341296
20191030,"11:11:01","SH","NB",5532916621,5516290487,11049207108,16626134
20191030,"11:12:01","SH","NB",5556156738,5537804547,11093961285,18352191
20191030,"11:12:01","SZ","NB",6649876746,5633569995,12283446741,1016306751
20191030,"11:13:01","SH","NB",5581387768,5559295311,11140683079,22092457
20191030,"11:13:01","SZ","NB",6677467124,5657137035,12334604159,1020330089
20191030,"11:14:01","SH","NB",5600323307,5595255884,11195579191,5067423
20191030,"11:14:01","SZ","NB",6702288171,5684529714,12386817885,1017758457
20191030,"11:15:01","SH","NB",5627566948,5616604924,11244171872,10962024
20191030,"11:15:01","SZ","NB",6723634807,5701619905,12425254712,1022014902
20191030,"11:16:01","SH","NB",5653115639,5635328746,11288444385,17786893
20191030,"11:16:01","SZ","NB",6745653496,5717610456,12463263952,1028043040
20191030,"11:17:01","SZ","NB",6773934878,5745489285,12519424163,1028445593
20191030,"11:17:01","SH","NB",5679456034,5673229919,11352685953,6226115
20191030,"11:18:01","SH","NB",5705790940,5702800686,11408591626,2990254
20191030,"11:18:01","SZ","NB",6803434724,5768445247,12571879971,1034989477
20191030,"11:19:01","SH","NB",5732238274,5726513530,11458751804,5724744
20191030,"11:19:01","SZ","NB",6830999051,5794964610,12625963661,1036034441
20191030,"11:20:01","SH","NB",5760425666,5759590578,11520016244,835088
20191030,"11:20:01","SZ","NB",6863129363,5833480781,12696610144,1029648582
20191030,"11:21:01","SH","NB",5792885697,5804107354,11596993051,-11221657
20191030,"11:21:01","SZ","NB",6892063476,5880415975,12772479451,1011647501
20191030,"11:22:01","SH","NB",5823649441,5828044174,11651693615,-4394733
20191030,"11:22:01","SZ","NB",6921928902,5904311707,12826240609,1017617195
20191030,"11:23:01","SZ","NB",6956843959,5916689470,12873533429,1040154489
20191030,"11:23:01","SH","NB",5846651114,5850549510,11697200624,-3898396
20191030,"11:24:01","SH","NB",5874205798,5872747891,11746953689,1457907
20191030,"11:24:01","SZ","NB",6984889470,5935225101,12920114571,1049664369
20191030,"11:25:01","SH","NB",5891748868,5892291353,11784040221,-542485
20191030,"11:25:01","SZ","NB",7019047271,5951312929,12970360200,1067734342
20191030,"11:26:01","SH","NB",5907986452,5910368772,11818355224,-2382320
20191030,"11:26:01","SZ","NB",7044633474,5966202072,13010835546,1078431402
20191030,"11:27:01","SH","NB",5938965670,5928447694,11867413364,10517976
20191030,"11:27:01","SZ","NB",7065726739,5980709683,13046436422,1085017056
20191030,"11:28:01","SH","NB",5969177980,5948936625,11918114605,20241355
20191030,"11:28:01","SZ","NB",7086578482,5994869029,13081447511,1091709453
20191030,"11:29:01","SH","NB",5988575779,5962974813,11951550592,25600966
20191030,"11:29:01","SZ","NB",7104862128,6005716316,13110578444,1099145812
20191030,"11:30:01","SZ","NB",7124452861,6015700259,13140153120,1108752602
20191030,"11:30:01","SH","NB",6006750131,5974777664,11981527795,31972467
20191030,"11:31:01","SH","NB",6006987794,5974809397,11981797191,32178397
20191030,"11:31:01","SZ","NB",7124484934,6015761067,13140246001,1108723867
20191030,"13:01:01","SH","NB",6068674708,6012527621,12081202329,56147087
20191030,"13:01:01","SZ","NB",7186825658,6049199093,13236024751,1137626565
20191030,"13:02:01","SZ","NB",7219594145,6069267666,13288861811,1150326479
20191030,"13:02:01","SH","NB",6098462299,6037873220,12136335519,60589079
20191030,"13:03:01","SH","NB",6126177651,6061126611,12187304262,65051040
20191030,"13:03:01","SZ","NB",7243263549,6089905651,13333169200,1153357898
20191030,"13:04:01","SH","NB",6153061995,6080247034,12233309029,72814961
20191030,"13:04:01","SZ","NB",7268308378,6111425341,13379733719,1156883037
20191030,"13:05:01","SZ","NB",7297345252,6135565112,13432910364,1161780140
20191030,"13:05:01","SH","NB",6186255041,6106347126,12292602167,79907915
20191030,"13:06:01","SH","NB",6220304555,6124670238,12344974793,95634317
20191030,"13:06:01","SZ","NB",7318832640,6152150202,13470982842,1166682438
20191030,"13:07:01","SH","NB",6257729084,6150452470,12408181554,107276614
20191030,"13:07:01","SZ","NB",7348008440,6168628122,13516636562,1179380318
20191030,"13:08:01","SH","NB",6283216678,6169730875,12452947553,113485803
20191030,"13:08:01","SZ","NB",7372309914,6184609212,13556919126,1187700702
20191030,"13:09:01","SH","NB",6311304121,6186723494,12498027615,124580627
20191030,"13:09:01","SZ","NB",7398266886,6198622414,13596889300,1199644472
20191030,"13:10:01","SH","NB",6364001421,6210309634,12574311055,153691787
20191030,"13:10:01","SZ","NB",7439355911,6214571616,13653927527,1224784295
20191030,"13:11:01","SH","NB",6408151578,6235669386,12643820964,172482192
20191030,"13:11:01","SZ","NB",7473163337,6232936189,13706099526,1240227148
20191030,"13:12:01","SH","NB",6444147522,6266145448,12710292970,178002074
20191030,"13:12:01","SZ","NB",7498419692,6261737224,13760156916,1236682468
20191030,"13:13:01","SZ","NB",7525738052,6278067200,13803805252,1247670852
20191030,"13:13:01","SH","NB",6474176577,6290762049,12764938626,183414528
20191030,"13:14:01","SH","NB",6499456540,6308961526,12808418066,190495014
20191030,"13:14:01","SZ","NB",7546580745,6290839344,13837420089,1255741401
20191030,"13:15:01","SH","NB",6533529585,6331473434,12865003019,202056151
20191030,"13:15:01","SZ","NB",7572484299,6308383048,13880867347,1264101251
20191030,"13:16:01","SH","NB",6552708815,6346863558,12899572373,205845257
20191030,"13:16:01","SZ","NB",7603382520,6326358665,13929741185,1277023855
20191030,"13:17:01","SH","NB",6580850746,6369971274,12950822020,210879472
20191030,"13:17:01","SZ","NB",7632374852,6342551469,13974926321,1289823383
20191030,"13:18:01","SH","NB",6605175886,6384397371,12989573257,220778515
20191030,"13:18:01","SZ","NB",7652963350,6358369818,14011333168,1294593532
20191030,"13:19:01","SZ","NB",7682411862,6385039331,14067451193,1297372531
20191030,"13:19:01","SH","NB",6632271329,6409325937,13041597266,222945392
20191030,"13:20:01","SH","NB",6661931465,6439091719,13101023184,222839746
20191030,"13:20:01","SZ","NB",7706198625,6411663658,14117862283,1294534967
20191030,"13:21:01","SH","NB",6692411126,6463895405,13156306531,228515721
20191030,"13:21:01","SZ","NB",7738511040,6427734768,14166245808,1310776272
20191030,"13:22:01","SH","NB",6721314809,6484143886,13205458695,237170923
20191030,"13:22:01","SZ","NB",7765189583,6445167345,14210356928,1320022238
20191030,"13:23:01","SH","NB",6745816101,6512933418,13258749519,232882683
20191030,"13:23:01","SZ","NB",7790974571,6466433355,14257407926,1324541216
20191030,"13:24:01","SH","NB",6777670410,6531587871,13309258281,246082539
20191030,"13:24:01","SZ","NB",7823126098,6487088746,14310214844,1336037352
20191030,"13:25:01","SH","NB",6805509085,6551145800,13356654885,254363285
20191030,"13:25:01","SZ","NB",7845981700,6511380185,14357361885,1334601515
20191030,"13:26:01","SH","NB",6834521009,6568634408,13403155417,265886601
20191030,"13:26:01","SZ","NB",7876020771,6537965021,14413985792,1338055750
20191030,"13:27:01","SH","NB",6863388332,6587747430,13451135762,275640902
20191030,"13:27:01","SZ","NB",7903203762,6552561412,14455765174,1350642350
20191030,"13:28:01","SH","NB",6903570353,6607979178,13511549531,295591175
20191030,"13:28:01","SZ","NB",7927882693,6566446661,14494329354,1361436032
20191030,"13:29:01","SZ","NB",7951725175,6585886344,14537611519,1365838831
20191030,"13:29:01","SH","NB",6928199558,6622791513,13550991071,305408045
20191030,"13:30:01","SH","NB",6956588663,6640792442,13597381105,315796221
20191030,"13:30:01","SZ","NB",7981536294,6610573633,14592109927,1370962661
20191030,"13:31:01","SH","NB",6988361897,6676677034,13665038931,311684863
20191030,"13:31:01","SZ","NB",8007794059,6643559428,14651353487,1364234631
20191030,"13:32:01","SZ","NB",8032137001,6680043428,14712180429,1352093573
20191030,"13:32:01","SH","NB",7019711388,6711478658,13731190046,308232730
20191030,"13:33:01","SH","NB",7047117524,6738489575,13785607099,308627949
20191030,"13:33:01","SZ","NB",8059509906,6700934266,14760444172,1358575640
20191030,"13:34:01","SH","NB",7071628729,6758107470,13829736199,313521259
20191030,"13:34:01","SZ","NB",8090384434,6716376887,14806761321,1374007547
20191030,"13:35:01","SZ","NB",8122145948,6732051623,14854197571,1390094325
20191030,"13:35:01","SH","NB",7109131569,6782805694,13891937263,326325875
20191030,"13:36:01","SH","NB",7140070839,6809192896,13949263735,330877943
20191030,"13:36:01","SZ","NB",8156955273,6754022650,14910977923,1402932623
20191030,"13:37:01","SH","NB",7172843898,6830992229,14003836127,341851669
20191030,"13:37:01","SZ","NB",8191341529,6772142888,14963484417,1419198641
20191030,"13:38:01","SH","NB",7205800865,6850570636,14056371501,355230229
20191030,"13:38:01","SZ","NB",8234148720,6790729687,15024878407,1443419033
20191030,"13:39:01","SH","NB",7229605293,6867391937,14096997230,362213356
20191030,"13:39:01","SZ","NB",8258542212,6812065494,15070607706,1446476718
20191030,"13:40:01","SH","NB",7253357458,6885759612,14139117070,367597846
20191030,"13:40:01","SZ","NB",8284412530,6828852169,15113264699,1455560361
20191030,"13:41:01","SH","NB",7285470409,6905745086,14191215495,379725323
20191030,"13:41:01","SZ","NB",8312364773,6851100449,15163465222,1461264324
20191030,"13:42:01","SH","NB",7309277098,6924958572,14234235670,384318526
20191030,"13:42:01","SZ","NB",8338928024,6869273324,15208201348,1469654700
20191030,"13:43:01","SH","NB",7338715660,6945496377,14284212037,393219283
20191030,"13:43:01","SZ","NB",8362813720,6891125761,15253939481,1471687959
20191030,"13:44:01","SZ","NB",8391357328,6909100522,15300457850,1482256806
20191030,"13:44:01","SH","NB",7366970227,6964541020,14331511247,402429207
20191030,"13:45:01","SH","NB",7409474557,6992777844,14402252401,416696713
20191030,"13:45:01","SZ","NB",8442418454,6930353178,15372771632,1512065276
20191030,"13:46:01","SH","NB",7459141924,7023383708,14482525632,435758216
20191030,"13:46:01","SZ","NB",8496522263,6957901296,15454423559,1538620967
20191030,"13:47:01","SH","NB",7494244685,7050513519,14544758204,443731166
20191030,"13:47:01","SZ","NB",8525056705,6989949357,15515006062,1535107348
20191030,"13:48:01","SH","NB",7520477475,7081577935,14602055410,438899540
20191030,"13:48:01","SZ","NB",8550177696,7020382630,15570560326,1529795066
20191030,"13:49:01","SH","NB",7545591398,7110096820,14655688218,435494578
20191030,"13:49:01","SZ","NB",8574363150,7045517648,15619880798,1528845502
20191030,"13:50:01","SH","NB",7569051684,7149450988,14718502672,419600696
20191030,"13:50:01","SZ","NB",8596241578,7064748660,15660990238,1531492918
20191030,"13:51:01","SH","NB",7592805002,7174494647,14767299649,418310355
20191030,"13:51:01","SZ","NB",8626969925,7089204250,15716174175,1537765675
20191030,"13:52:01","SH","NB",7617236728,7195128302,14812365030,422108426
20191030,"13:52:01","SZ","NB",8656400804,7111806744,15768207548,1544594060
20191030,"13:53:01","SH","NB",7642166298,7217406260,14859572558,424760038
20191030,"13:53:01","SZ","NB",8683805367,7128189943,15811995310,1555615424
20191030,"13:54:01","SZ","NB",8711306132,7155169919,15866476051,1556136213
20191030,"13:54:01","SH","NB",7670363330,7236369652,14906732982,433993678
20191030,"13:55:01","SH","NB",7699313668,7280791601,14980105269,418522067
20191030,"13:55:01","SZ","NB",8738415803,7187160434,15925576237,1551255369
20191030,"13:56:01","SH","NB",7726714736,7298299984,15025014720,428414752
20191030,"13:56:01","SZ","NB",8763055584,7204507730,15967563314,1558547854
20191030,"13:57:01","SH","NB",7752561000,7317715096,15070276096,434845904
20191030,"13:57:01","SZ","NB",8794076991,7223282977,16017359968,1570794014
20191030,"13:58:01","SH","NB",7779612740,7341499114,15121111854,438113626
20191030,"13:58:01","SZ","NB",8816300973,7242367655,16058668628,1573933318
20191030,"13:59:01","SH","NB",7808469580,7365117818,15173587398,443351762
20191030,"13:59:01","SZ","NB",8841421311,7258222550,16099643861,1583198761
20191030,"14:00:01","SH","NB",7835702338,7383612565,15219314903,452089773
20191030,"14:00:01","SZ","NB",8865104101,7274304097,16139408198,1590800004
20191030,"14:01:01","SH","NB",7861525462,7412897901,15274423363,448627561
20191030,"14:01:01","SZ","NB",8891291684,7297432114,16188723798,1593859570
20191030,"14:02:01","SH","NB",7888700782,7436550833,15325251615,452149949
20191030,"14:02:01","SZ","NB",8922714440,7312133078,16234847518,1610581362
20191030,"14:03:01","SH","NB",7914563049,7457750828,15372313877,456812221
20191030,"14:03:01","SZ","NB",8945428601,7328545224,16273973825,1616883377
20191030,"14:04:01","SZ","NB",8972873173,7352093916,16324967089,1620779257
20191030,"14:04:01","SH","NB",7941200877,7481101419,15422302296,460099458
20191030,"14:05:01","SH","NB",7966257710,7507091582,15473349292,459166128
20191030,"14:05:01","SZ","NB",9002440776,7376852807,16379293583,1625587969
20191030,"14:06:01","SH","NB",7994208748,7533169790,15527378538,461038958
20191030,"14:06:01","SZ","NB",9032214467,7398003187,16430217654,1634211280
20191030,"14:07:01","SH","NB",8020407817,7552671763,15573079580,467736054
20191030,"14:07:01","SZ","NB",9061436254,7414638461,16476074715,1646797793
20191030,"14:08:01","SH","NB",8046381895,7581156124,15627538019,465225771
20191030,"14:08:01","SZ","NB",9083303849,7432821135,16516124984,1650482714
20191030,"14:09:01","SH","NB",8078630698,7625180651,15703811349,453450047
20191030,"14:09:01","SZ","NB",9109047697,7467157822,16576205519,1641889875
20191030,"14:10:01","SH","NB",8114031735,7657132503,15771164238,456899232
20191030,"14:10:01","SZ","NB",9140147761,7494250609,16634398370,1645897152
20191030,"14:11:01","SH","NB",8147998640,7695624004,15843622644,452374636
20191030,"14:11:01","SZ","NB",9179377238,7528795331,16708172569,1650581907
20191030,"14:12:01","SH","NB",8182451651,7726217798,15908669449,456233853
20191030,"14:12:01","SZ","NB",9222683430,7553596873,16776280303,1669086557
20191030,"14:13:01","SZ","NB",9265877193,7574690841,16840568034,1691186352
20191030,"14:13:01","SH","NB",8225183120,7749062603,15974245723,476120517
20191030,"14:14:01","SH","NB",8272533019,7787201381,16059734400,485331638
20191030,"14:14:01","SZ","NB",9320730900,7600050593,16920781493,1720680307
20191030,"14:15:01","SH","NB",8306023401,7815968090,16121991491,490055311
20191030,"14:15:01","SZ","NB",9360942931,7621468039,16982410970,1739474892
20191030,"14:16:01","SH","NB",8341580784,7847225782,16188806566,494355002
20191030,"14:16:01","SZ","NB",9393776064,7644554138,17038330202,1749221926
20191030,"14:17:01","SH","NB",8372215968,7874088492,16246304460,498127476
20191030,"14:17:01","SZ","NB",9426216320,7663356886,17089573206,1762859434
20191030,"14:18:01","SZ","NB",9452842063,7688548800,17141390863,1764293263
20191030,"14:18:01","SH","NB",8400528732,7900343846,16300872578,500184886
20191030,"14:19:01","SH","NB",8441523909,7978406442,16419930351,463117467
20191030,"14:19:01","SZ","NB",9491909433,7735860741,17227770174,1756048692
20191030,"14:20:01","SH","NB",8489461892,8029620707,16519082599,459841185
20191030,"14:20:01","SZ","NB",9525288365,7762149413,17287437778,1763138952
20191030,"14:21:01","SH","NB",8531983098,8069496440,16601479538,462486658
20191030,"14:21:01","SZ","NB",9565175289,7790846408,17356021697,1774328881
20191030,"14:22:01","SH","NB",8565683062,8099504204,16665187266,466178858
20191030,"14:22:01","SZ","NB",9607347902,7814401935,17421749837,1792945967
20191030,"14:23:01","SH","NB",8604795683,8127145246,16731940929,477650437
20191030,"14:23:01","SZ","NB",9653319034,7833013064,17486332098,1820305970
20191030,"14:24:01","SH","NB",8638959758,8155705704,16794665462,483254054
20191030,"14:24:01","SZ","NB",9690579310,7857290020,17547869330,1833289290
20191030,"14:25:01","SH","NB",8670772215,8183842041,16854614256,486930174
20191030,"14:25:01","SZ","NB",9722886833,7877154392,17600041225,1845732441
20191030,"14:26:01","SH","NB",8700282085,8208121834,16908403919,492160251
20191030,"14:26:01","SZ","NB",9750148852,7897493873,17647642725,1852654979
20191030,"14:27:01","SH","NB",8727477185,8233429399,16960906584,494047786
20191030,"14:27:01","SZ","NB",9779264421,7922424716,17701689137,1856839705
20191030,"14:28:01","SZ","NB",9824410087,7985510116,17809920203,1838899971
20191030,"14:28:01","SH","NB",8765277336,8289958475,17055235811,475318861
20191030,"14:29:01","SH","NB",8807244824,8328467511,17135712335,478777313
20191030,"14:29:01","SZ","NB",9856619595,8020941468,17877561063,1835678127
20191030,"14:30:01","SH","NB",8842602089,8353086681,17195688770,489515408
20191030,"14:30:01","SZ","NB",9890641667,8047220314,17937861981,1843421353
20191030,"14:31:01","SH","NB",8892008034,8385671739,17277679773,506336295
20191030,"14:31:01","SZ","NB",9935240381,8081974610,18017214991,1853265771
20191030,"14:32:01","SH","NB",8959451225,8419736733,17379187958,539714492
20191030,"14:32:01","SZ","NB",9999032322,8119653754,18118686076,1879378568
20191030,"14:33:01","SH","NB",9012882274,8448085767,17460968041,564796507
20191030,"14:33:01","SZ","NB",10046502713,8155208623,18201711336,1891294090
20191030,"14:34:01","SH","NB",9068218097,8480905590,17549123687,587312507
20191030,"14:34:01","SZ","NB",10091662856,8186364259,18278027115,1905298597
20191030,"14:35:01","SZ","NB",10141383529,8229922765,18371306294,1911460764
20191030,"14:35:01","SH","NB",9109951573,8512925460,17622877033,597026113
20191030,"14:36:01","SH","NB",9147981778,8551418468,17699400246,596563310
20191030,"14:36:01","SZ","NB",10184983446,8256218504,18441201950,1928764942
20191030,"14:37:01","SH","NB",9202017042,8584539338,17786556380,617477704
20191030,"14:37:01","SZ","NB",10234136579,8288898975,18523035554,1945237604
20191030,"14:38:01","SH","NB",9249537832,8624125260,17873663092,625412572
20191030,"14:38:01","SZ","NB",10285260031,8319764430,18605024461,1965495601
20191030,"14:39:01","SH","NB",9295902327,8667757301,17963659628,628145026
20191030,"14:39:01","SZ","NB",10331592953,8358757885,18690350838,1972835068
20191030,"14:40:01","SH","NB",9333040775,8696847537,18029888312,636193238
20191030,"14:40:01","SZ","NB",10371593093,8390668593,18762261686,1980924500
20191030,"14:41:01","SZ","NB",10426729654,8433793278,18860522932,1992936376
20191030,"14:41:01","SH","NB",9398224475,8763971287,18162195762,634253188
20191030,"14:42:01","SH","NB",9452503871,8819633936,18272137807,632869935
20191030,"14:42:01","SZ","NB",10472858083,8468683076,18941541159,2004175007
20191030,"14:43:01","SH","NB",9500383513,8865616476,18365999989,634767037
20191030,"14:43:01","SZ","NB",10522261380,8498797470,19021058850,2023463910
20191030,"14:44:01","SH","NB",9559864652,8901412596,18461277248,658452056
20191030,"14:44:01","SZ","NB",10577380870,8528501398,19105882268,2048879472
20191030,"14:45:01","SH","NB",9616393473,8964995845,18581389318,651397628
20191030,"14:45:01","SZ","NB",10633990083,8577997107,19211987190,2055992976
20191030,"14:46:01","SH","NB",9675194492,9042998089,18718192581,632196403
20191030,"14:46:01","SZ","NB",10700857329,8625041346,19325898675,2075815983
20191030,"14:47:01","SH","NB",9744491547,9093753267,18838244814,650738280
20191030,"14:47:01","SZ","NB",10785977414,8669870096,19455847510,2116107318
20191030,"14:48:01","SH","NB",9795566181,9134507832,18930074013,661058349
20191030,"14:48:01","SZ","NB",10843121204,8706076371,19549197575,2137044833
20191030,"14:49:01","SZ","NB",10890338927,8744215539,19634554466,2146123388
20191030,"14:49:01","SH","NB",9833766895,9178971358,19012738253,654795537
20191030,"14:50:01","SH","NB",9868830477,9224461356,19093291833,644369121
20191030,"14:50:01","SZ","NB",10938593606,8786327333,19724920939,2152266273
20191030,"14:51:01","SH","NB",9928945581,9270797509,19199743090,658148072
20191030,"14:51:01","SZ","NB",11005775545,8834916036,19840691581,2170859509
20191030,"14:52:01","SH","NB",10023716927,9318899719,19342616646,704817208
20191030,"14:52:01","SZ","NB",11086534195,8872357327,19958891522,2214176868
20191030,"14:53:01","SZ","NB",11154767749,8932937402,20087705151,2221830347
20191030,"14:53:01","SH","NB",10079426991,9392407284,19471834275,687019707
20191030,"14:54:01","SH","NB",10121115782,9447836431,19568952213,673279351
20191030,"14:54:01","SZ","NB",11206222097,8976676554,20182898651,2229545543
20191030,"14:55:01","SH","NB",10157632454,9512058674,19669691128,645573780
20191030,"14:55:01","SZ","NB",11259663125,9018827956,20278491081,2240835169
20191030,"14:56:01","SH","NB",10199020323,9577487521,19776507844,621532802
20191030,"14:56:01","SZ","NB",11323948662,9088840590,20412789252,2235108072
20191030,"14:57:01","SH","NB",10239855486,9643126339,19882981825,596729147
20191030,"14:57:01","SZ","NB",11376834065,9144497477,20521331542,2232336588
20191030,"14:58:01","SH","NB",10240239415,9643558572,19883797987,596680843
20191030,"14:58:01","SZ","NB",11376834065,9144563842,20521397907,2232270223
20191030,"15:01:01","SH","NB",10369898264,9732158928,20102057192,637739336
20191030,"15:01:01","SZ","NB",11496517118,9234859022,20731376140,2261658096
