dataDate,dataTime,connectMarket,tradeDirection,buyTurnover,sellTurnover,totalTurnover,netTurnover
20200214,"09:30:01","SH","NB",77979683,54212404,132192087,23767279
20200214,"09:30:01","SZ","NB",110813679,90728425,201542104,20085254
20200214,"09:31:01","SH","NB",334562069,151476436,486038505,183085633
20200214,"09:31:01","SZ","NB",562594227,279885424,842479651,282708803
20200214,"09:32:01","SH","NB",560181080,289040457,849221537,271140623
20200214,"09:32:01","SZ","NB",890684368,465868721,1356553089,424815647
20200214,"09:33:01","SH","NB",694735570,408476810,1103212380,286258760
20200214,"09:33:01","SZ","NB",1095029066,631156594,1726185660,463872472
20200214,"09:34:01","SH","NB",864690134,537501366,1402191500,327188768
20200214,"09:34:01","SZ","NB",1306455033,848015597,2154470630,458439436
20200214,"09:35:01","SH","NB",1023011450,632447904,1655459354,390563546
20200214,"09:35:01","SZ","NB",1506202496,993394069,2499596565,512808427
20200214,"09:36:01","SZ","NB",1809623420,1161349993,2970973413,648273427
20200214,"09:36:01","SH","NB",1192615676,745498286,1938113962,447117390
20200214,"09:37:01","SH","NB",1384099394,853740357,2237839751,530359037
20200214,"09:37:01","SZ","NB",2093884847,1366126096,3460010943,727758751
20200214,"09:38:01","SH","NB",1499213374,1004615023,2503828397,494598351
20200214,"09:38:01","SZ","NB",2264048286,1673676192,3937724478,590372094
20200214,"09:39:01","SH","NB",1627014792,1089052399,2716067191,537962393
20200214,"09:39:01","SZ","NB",2476817202,1808951565,4285768767,667865637
20200214,"09:40:01","SH","NB",1719879521,1184342171,2904221692,535537350
20200214,"09:40:01","SZ","NB",2595041274,1964945427,4559986701,630095847
20200214,"09:41:01","SH","NB",1882605455,1272413746,3155019201,610191709
20200214,"09:41:01","SZ","NB",2861948541,2097937465,4959886006,764011076
20200214,"09:42:01","SH","NB",1972866703,1348219863,3321086566,624646840
20200214,"09:42:01","SZ","NB",2996286673,2232410102,5228696775,763876571
20200214,"09:43:01","SH","NB",2028007789,1440149954,3468157743,587857835
20200214,"09:43:01","SZ","NB",3094528780,2380611845,5475140625,713916935
20200214,"09:44:01","SH","NB",2129361076,1502314611,3631675687,627046465
20200214,"09:44:01","SZ","NB",3324311614,2476910282,5801221896,847401332
20200214,"09:45:01","SZ","NB",3510735822,2579942284,6090678106,930793538
20200214,"09:45:01","SH","NB",2219177623,1569836988,3789014611,649340635
20200214,"09:46:01","SH","NB",2358327442,1670881051,4029208493,687446391
20200214,"09:46:01","SZ","NB",3671756830,2755621237,6427378067,916135593
20200214,"09:47:01","SH","NB",2474374477,1747856974,4222231451,726517503
20200214,"09:47:01","SZ","NB",3862803223,2898871701,6761674924,963931522
20200214,"09:48:01","SZ","NB",3970439667,3006908453,6977348120,963531214
20200214,"09:48:01","SH","NB",2549104067,1828679587,4377783654,720424480
20200214,"09:49:01","SH","NB",2605139438,1954626277,4559765715,650513161
20200214,"09:49:01","SZ","NB",4082505917,3167425592,7249931509,915080325
20200214,"09:50:01","SH","NB",2675914294,2049038797,4724953091,626875497
20200214,"09:50:01","SZ","NB",4217131757,3300923901,7518055658,916207856
20200214,"09:51:01","SH","NB",2766708792,2192758719,4959467511,573950073
20200214,"09:51:01","SZ","NB",4391760889,3474532322,7866293211,917228567
20200214,"09:52:01","SH","NB",2923222643,2257547053,5180769696,665675590
20200214,"09:52:01","SZ","NB",4642793213,3550472245,8193265458,1092320968
20200214,"09:53:01","SH","NB",3083828085,2307437436,5391265521,776390649
20200214,"09:53:01","SZ","NB",4863818061,3615939176,8479757237,1247878885
20200214,"09:54:01","SH","NB",3160993816,2366903035,5527896851,794090781
20200214,"09:54:01","SZ","NB",4954046736,3694557845,8648604581,1259488891
20200214,"09:55:01","SH","NB",3213730883,2430124351,5643855234,783606532
20200214,"09:55:01","SZ","NB",5034691627,3795704039,8830395666,1238987588
20200214,"09:56:01","SZ","NB",5140143684,3938021368,9078165052,1202122316
20200214,"09:56:01","SH","NB",3274648928,2499467695,5774116623,775181233
20200214,"09:57:01","SH","NB",3319148775,2547538763,5866687538,771610012
20200214,"09:57:01","SZ","NB",5205160786,4018804210,9223964996,1186356576
20200214,"09:58:01","SH","NB",3367117802,2608360787,5975478589,758757015
20200214,"09:58:01","SZ","NB",5298146597,4100491270,9398637867,1197655327
20200214,"09:59:01","SH","NB",3422974894,2662171397,6085146291,760803497
20200214,"09:59:01","SZ","NB",5416330947,4169815606,9586146553,1246515341
20200214,"10:00:01","SH","NB",3472340856,2723041946,6195382802,749298910
20200214,"10:00:01","SZ","NB",5547764182,4259113011,9806877193,1288651171
20200214,"10:01:01","SH","NB",3542523712,2783372230,6325895942,759151482
20200214,"10:01:01","SZ","NB",5725301520,4380327089,10105628609,1344974431
20200214,"10:02:01","SH","NB",3596285525,2895583641,6491869166,700701884
20200214,"10:02:01","SZ","NB",5829352288,4551917454,10381269742,1277434834
20200214,"10:03:01","SH","NB",3642648976,2952539598,6595188574,690109378
20200214,"10:03:01","SZ","NB",5912122923,4647628636,10559751559,1264494287
20200214,"10:04:01","SH","NB",3680711568,2996383131,6677094699,684328437
20200214,"10:04:01","SZ","NB",6006784180,4726209415,10732993595,1280574765
20200214,"10:05:01","SH","NB",3723927627,3042056449,6765984076,681871178
20200214,"10:05:01","SZ","NB",6087400496,4801860281,10889260777,1285540215
20200214,"10:06:01","SZ","NB",6241385907,4870679798,11112065705,1370706109
20200214,"10:06:01","SH","NB",3771476646,3079321330,6850797976,692155316
20200214,"10:07:01","SH","NB",3832769324,3117789216,6950558540,714980108
20200214,"10:07:01","SZ","NB",6361274013,4942677685,11303951698,1418596328
20200214,"10:08:01","SH","NB",3870326242,3165085654,7035411896,705240588
20200214,"10:08:01","SZ","NB",6425437931,5036006347,11461444278,1389431584
20200214,"10:09:01","SH","NB",3908110259,3242162931,7150273190,665947328
20200214,"10:09:01","SZ","NB",6468800781,5132085787,11600886568,1336714994
20200214,"10:10:01","SH","NB",3953033578,3331163899,7284197477,621869679
20200214,"10:10:01","SZ","NB",6538309593,5255036269,11793345862,1283273324
20200214,"10:11:01","SH","NB",4007462206,3429373105,7436835311,578089101
20200214,"10:11:01","SZ","NB",6644067622,5430208978,12074276600,1213858644
20200214,"10:12:01","SH","NB",4115480660,3478552208,7594032868,636928452
20200214,"10:12:01","SZ","NB",6870916845,5512015647,12382932492,1358901198
20200214,"10:13:01","SH","NB",4169304035,3513472456,7682776491,655831579
20200214,"10:13:01","SZ","NB",6975972633,5594452210,12570424843,1381520423
20200214,"10:14:01","SZ","NB",7041617297,5654215378,12695832675,1387401919
20200214,"10:14:01","SH","NB",4230601050,3547106016,7777707066,683495034
20200214,"10:15:01","SH","NB",4267249939,3574815146,7842065085,692434793
20200214,"10:15:01","SZ","NB",7105257136,5723696087,12828953223,1381561049
20200214,"10:16:01","SH","NB",4328225783,3615515972,7943741755,712709811
20200214,"10:16:01","SZ","NB",7204895748,5781201218,12986096966,1423694530
20200214,"10:17:01","SH","NB",4385922819,3641251039,8027173858,744671780
20200214,"10:17:01","SZ","NB",7302334603,5836816945,13139151548,1465517658
20200214,"10:18:01","SZ","NB",7377869516,5906355181,13284224697,1471514335
20200214,"10:18:01","SH","NB",4432380459,3681275315,8113655774,751105144
20200214,"10:19:01","SH","NB",4479462453,3717273235,8196735688,762189218
20200214,"10:19:01","SZ","NB",7454563333,5959209632,13413772965,1495353701
20200214,"10:20:01","SH","NB",4513595514,3763768463,8277363977,749827051
20200214,"10:20:01","SZ","NB",7501610914,6021677407,13523288321,1479933507
20200214,"10:21:01","SH","NB",4556221594,3816879697,8373101291,739341897
20200214,"10:21:01","SZ","NB",7580177409,6143836821,13724014230,1436340588
20200214,"10:22:01","SH","NB",4654116287,3845584279,8499700566,808532008
20200214,"10:22:01","SZ","NB",7700076625,6187117872,13887194497,1512958753
20200214,"10:23:01","SH","NB",4703234024,3881895892,8585129916,821338132
20200214,"10:23:01","SZ","NB",7764885223,6247085426,14011970649,1517799797
20200214,"10:24:01","SH","NB",4738818139,3925654871,8664473010,813163268
20200214,"10:24:01","SZ","NB",7808893905,6337598444,14146492349,1471295461
20200214,"10:25:01","SZ","NB",7861034542,6400783156,14261817698,1460251386
20200214,"10:25:01","SH","NB",4772924463,3968472228,8741396691,804452235
20200214,"10:26:01","SH","NB",4807493379,4000435434,8807928813,807057945
20200214,"10:26:01","SZ","NB",7939957299,6441381990,14381339289,1498575309
20200214,"10:27:01","SH","NB",4837735979,4029710100,8867446079,808025879
20200214,"10:27:01","SZ","NB",7988817574,6487221470,14476039044,1501596104
20200214,"10:28:01","SH","NB",4872758645,4080875353,8953633998,791883292
20200214,"10:28:01","SZ","NB",8048575729,6589042818,14637618547,1459532911
20200214,"10:29:01","SZ","NB",8097611247,6650400440,14748011687,1447210807
20200214,"10:29:01","SH","NB",4898322192,4108913965,9007236157,789408227
20200214,"10:30:01","SH","NB",4927605667,4139984260,9067589927,787621407
20200214,"10:30:01","SZ","NB",8147275411,6713195912,14860471323,1434079499
20200214,"10:31:01","SH","NB",4964885011,4195035848,9159920859,769849163
20200214,"10:31:01","SZ","NB",8217649285,6805591914,15023241199,1412057371
20200214,"10:32:01","SH","NB",5116265569,4244590281,9360855850,871675288
20200214,"10:32:01","SZ","NB",8389320136,6849122955,15238443091,1540197181
20200214,"10:33:01","SH","NB",5196379474,4285210399,9481589873,911169075
20200214,"10:33:01","SZ","NB",8575095456,6907588894,15482684350,1667506562
20200214,"10:34:01","SH","NB",5243078100,4325255781,9568333881,917822319
20200214,"10:34:01","SZ","NB",8641188957,6986460558,15627649515,1654728399
20200214,"10:35:01","SH","NB",5285316382,4384673574,9669989956,900642808
20200214,"10:35:01","SZ","NB",8688687784,7076814861,15765502645,1611872923
20200214,"10:36:01","SH","NB",5336289229,4413161942,9749451171,923127287
20200214,"10:36:01","SZ","NB",8756267651,7128766496,15885034147,1627501155
20200214,"10:37:01","SZ","NB",8817410480,7193921434,16011331914,1623489046
20200214,"10:37:01","SH","NB",5375481736,4456488599,9831970335,918993137
20200214,"10:38:01","SH","NB",5401826101,4483941562,9885767663,917884539
20200214,"10:38:01","SZ","NB",8868854159,7252965211,16121819370,1615888948
20200214,"10:39:01","SH","NB",5437676291,4567238798,10004915089,870437493
20200214,"10:39:01","SZ","NB",8919261787,7377810320,16297072107,1541451467
20200214,"10:40:01","SH","NB",5466305056,4596648058,10062953114,869656998
20200214,"10:40:01","SZ","NB",8967074051,7419554789,16386628840,1547519262
20200214,"10:41:01","SH","NB",5541417156,4635078839,10176495995,906338317
20200214,"10:41:01","SZ","NB",9113972710,7489581977,16603554687,1624390733
20200214,"10:42:01","SH","NB",5589801458,4664927946,10254729404,924873512
20200214,"10:42:01","SZ","NB",9206262408,7535709086,16741971494,1670553322
20200214,"10:43:01","SH","NB",5631847769,4697730688,10329578457,934117081
20200214,"10:43:01","SZ","NB",9272661514,7591394821,16864056335,1681266693
20200214,"10:44:01","SH","NB",5665541201,4731540743,10397081944,934000458
20200214,"10:44:01","SZ","NB",9324629029,7648131094,16972760123,1676497935
20200214,"10:45:01","SZ","NB",9370402462,7707337790,17077740252,1663064672
20200214,"10:45:01","SH","NB",5714585629,4759945645,10474531274,954639984
20200214,"10:46:01","SH","NB",5753107771,4799183819,10552291590,953923952
20200214,"10:46:01","SZ","NB",9413583036,7759596464,17173179500,1653986572
20200214,"10:47:01","SH","NB",5813403425,4832775585,10646179010,980627840
20200214,"10:47:01","SZ","NB",9483160857,7805205112,17288365969,1677955745
20200214,"10:48:01","SH","NB",5895801306,4862466367,10758267673,1033334939
20200214,"10:48:01","SZ","NB",9566896521,7859324958,17426221479,1707571563
20200214,"10:49:01","SH","NB",5971649274,4906670775,10878320049,1064978499
20200214,"10:49:01","SZ","NB",9629001154,7906433173,17535434327,1722567981
20200214,"10:50:01","SH","NB",6058443164,4947178873,11005622037,1111264291
20200214,"10:50:01","SZ","NB",9761976450,7971766134,17733742584,1790210316
20200214,"10:51:01","SZ","NB",9900866207,8062745660,17963611867,1838120547
20200214,"10:51:01","SH","NB",6154900170,5013445173,11168345343,1141454997
20200214,"10:52:01","SH","NB",6204889872,5084859717,11289749589,1120030155
20200214,"10:52:01","SZ","NB",9958295740,8170714752,18129010492,1787580988
20200214,"10:53:01","SH","NB",6236735365,5133747608,11370482973,1102987757
20200214,"10:53:01","SZ","NB",10013693891,8250839850,18264533741,1762854041
20200214,"10:54:01","SH","NB",6269362288,5168727614,11438089902,1100634674
20200214,"10:54:01","SZ","NB",10057868267,8326081031,18383949298,1731787236
20200214,"10:55:01","SH","NB",6361981397,5197493808,11559475205,1164487589
20200214,"10:55:01","SZ","NB",10158057381,8372014717,18530072098,1786042664
20200214,"10:56:01","SH","NB",6521830593,5236242416,11758073009,1285588177
20200214,"10:56:01","SZ","NB",10299769023,8433102356,18732871379,1866666667
20200214,"10:57:01","SH","NB",6609621589,5292937410,11902558999,1316684179
20200214,"10:57:01","SZ","NB",10362767664,8515251788,18878019452,1847515876
20200214,"10:58:01","SH","NB",6667635347,5325313825,11992949172,1342321522
20200214,"10:58:01","SZ","NB",10407276046,8586000399,18993276445,1821275647
20200214,"10:59:01","SH","NB",6718063924,5367250480,12085314404,1350813444
20200214,"10:59:01","SZ","NB",10465688645,8641719151,19107407796,1823969494
20200214,"11:00:01","SZ","NB",10532033907,8694246043,19226279950,1837787864
20200214,"11:00:01","SH","NB",6851559062,5400862503,12252421565,1450696559
20200214,"11:01:01","SH","NB",7029132103,5445539054,12474671157,1583593049
20200214,"11:01:01","SZ","NB",10670741111,8775081624,19445822735,1895659487
20200214,"11:02:01","SH","NB",7112133404,5517076679,12629210083,1595056725
20200214,"11:02:01","SZ","NB",10728365125,8893115985,19621481110,1835249140
20200214,"11:03:01","SH","NB",7181479571,5574121493,12755601064,1607358078
20200214,"11:03:01","SZ","NB",10771409121,8988807943,19760217064,1782601178
20200214,"11:04:01","SH","NB",7250385156,5614269446,12864654602,1636115710
20200214,"11:04:01","SZ","NB",10822468355,9075270085,19897738440,1747198270
20200214,"11:05:01","SZ","NB",10878511469,9166743356,20045254825,1711768113
20200214,"11:05:01","SH","NB",7317885925,5672427295,12990313220,1645458630
20200214,"11:06:01","SH","NB",7397308788,5713369458,13110678246,1683939330
20200214,"11:06:01","SZ","NB",10938342436,9235225438,20173567874,1703116998
20200214,"11:07:01","SH","NB",7473541917,5745702479,13219244396,1727839438
20200214,"11:07:01","SZ","NB",11005745000,9274316976,20280061976,1731428024
20200214,"11:08:01","SH","NB",7532848791,5794644362,13327493153,1738204429
20200214,"11:08:01","SZ","NB",11056675358,9353660920,20410336278,1703014438
20200214,"11:09:01","SH","NB",7611241209,5820819092,13432060301,1790422117
20200214,"11:09:01","SZ","NB",11115782032,9396250892,20512032924,1719531140
20200214,"11:10:01","SH","NB",7644979122,5854294036,13499273158,1790685086
20200214,"11:10:01","SZ","NB",11162536576,9445999812,20608536388,1716536764
20200214,"11:11:01","SH","NB",7697713186,5924969425,13622682611,1772743761
20200214,"11:11:01","SZ","NB",11227041645,9560146479,20787188124,1666895166
20200214,"11:12:01","SH","NB",7749851202,5954199609,13704050811,1795651593
20200214,"11:12:01","SZ","NB",11304674790,9608135686,20912810476,1696539104
20200214,"11:13:01","SH","NB",7926338890,5984021780,13910360670,1942317110
20200214,"11:13:01","SZ","NB",11499209776,9673548821,21172758597,1825660955
20200214,"11:14:01","SZ","NB",11553690954,9719308632,21272999586,1834382322
20200214,"11:14:01","SH","NB",7970899094,6014630841,13985529935,1956268253
20200214,"11:15:01","SH","NB",8019197926,6039645792,14058843718,1979552134
20200214,"11:15:01","SZ","NB",11588191371,9772652982,21360844353,1815538389
20200214,"11:16:01","SH","NB",8081893021,6058375121,14140268142,2023517900
20200214,"11:16:01","SZ","NB",11632426372,9814219211,21446645583,1818207161
20200214,"11:17:01","SH","NB",8117451235,6085187768,14202639003,2032263467
20200214,"11:17:01","SZ","NB",11667498751,9866372709,21533871460,1801126042
20200214,"11:18:01","SZ","NB",11698501734,9913882816,21612384550,1784618918
20200214,"11:18:01","SH","NB",8148946426,6120746284,14269692710,2028200142
20200214,"11:19:01","SH","NB",8243696971,6144563503,14388260474,2099133468
20200214,"11:19:01","SZ","NB",11758652563,9946546899,21705199462,1812105664
20200214,"11:20:01","SH","NB",8290409803,6166616549,14457026352,2123793254
20200214,"11:20:01","SZ","NB",11812177307,9977604376,21789781683,1834572931
20200214,"11:21:01","SH","NB",8352650189,6212834119,14565484308,2139816070
20200214,"11:21:01","SZ","NB",11879748009,10039926020,21919674029,1839821989
20200214,"11:22:01","SH","NB",8473813156,6242245848,14716059004,2231567308
20200214,"11:22:01","SZ","NB",11993016154,10077687861,22070704015,1915328293
20200214,"11:23:01","SH","NB",8731046321,6288491362,15019537683,2442554959
20200214,"11:23:01","SZ","NB",12135066350,10136843550,22271909900,1998222800
20200214,"11:24:01","SH","NB",8779874524,6343791322,15123665846,2436083202
20200214,"11:24:01","SZ","NB",12164546877,10203094544,22367641421,1961452333
20200214,"11:25:01","SZ","NB",12201778647,10299983889,22501762536,1901794758
20200214,"11:25:01","SH","NB",8817006496,6410933023,15227939519,2406073473
20200214,"11:26:01","SH","NB",8853663947,6454912140,15308576087,2398751807
20200214,"11:26:01","SZ","NB",12241293548,10356656140,22597949688,1884637408
20200214,"11:27:01","SH","NB",8894945598,6503163137,15398108735,2391782461
20200214,"11:27:01","SZ","NB",12279947404,10425055492,22705002896,1854891912
20200214,"11:28:01","SH","NB",8932129134,6571333808,15503462942,2360795326
20200214,"11:28:01","SZ","NB",12318164941,10504808519,22822973460,1813356422
20200214,"11:29:01","SZ","NB",12360133361,10634367367,22994500728,1725765994
20200214,"11:29:01","SH","NB",8976253430,6711268085,15687521515,2264985345
20200214,"11:30:01","SH","NB",9009245845,6748619362,15757865207,2260626483
20200214,"11:30:01","SZ","NB",12392229965,10699158433,23091388398,1693071532
20200214,"11:31:01","SH","NB",9009323718,6749055339,15758379057,2260268379
20200214,"11:31:01","SZ","NB",12392249143,10699438925,23091688068,1692810218
20200214,"13:00:01","SZ","NB",12395838798,10707847976,23103686774,1687990822
20200214,"13:01:01","SH","NB",9100036626,6942139456,16042176082,2157897170
20200214,"13:01:01","SZ","NB",12525520624,10914596764,23440117388,1610923860
20200214,"13:02:01","SH","NB",9156472554,6986644595,16143117149,2169827959
20200214,"13:02:01","SZ","NB",12626100895,10959654527,23585755422,1666446368
20200214,"13:03:01","SH","NB",9207518141,7024120363,16231638504,2183397778
20200214,"13:03:01","SZ","NB",12691662295,11003975956,23695638251,1687686339
20200214,"13:04:01","SH","NB",9262303890,7064605343,16326909233,2197698547
20200214,"13:04:01","SZ","NB",12741002235,11045384404,23786386639,1695617831
20200214,"13:05:01","SZ","NB",12788824377,11097514910,23886339287,1691309467
20200214,"13:05:01","SH","NB",9306793658,7100673722,16407467380,2206119936
20200214,"13:06:01","SH","NB",9352849956,7133452392,16486302348,2219397564
20200214,"13:06:01","SZ","NB",12837686432,11164642044,24002328476,1673044388
20200214,"13:07:01","SH","NB",9394546027,7161940636,16556486663,2232605391
20200214,"13:07:01","SZ","NB",12898841134,11223073157,24121914291,1675767977
20200214,"13:08:01","SH","NB",9436819752,7190460949,16627280701,2246358803
20200214,"13:08:01","SZ","NB",12956329896,11261766511,24218096407,1694563385
20200214,"13:09:01","SH","NB",9490349310,7211728618,16702077928,2278620692
20200214,"13:09:01","SZ","NB",13029328543,11296006163,24325334706,1733322380
20200214,"13:10:01","SZ","NB",13101352059,11335935180,24437287239,1765416879
20200214,"13:10:01","SH","NB",9556117322,7241761187,16797878509,2314356135
20200214,"13:11:01","SH","NB",9612349616,7304937834,16917287450,2307411782
20200214,"13:11:01","SZ","NB",13177624348,11459217606,24636841954,1718406742
20200214,"13:12:01","SH","NB",9645327947,7351532203,16996860150,2293795744
20200214,"13:12:01","SZ","NB",13221177361,11531970335,24753147696,1689207026
20200214,"13:13:01","SH","NB",9684237252,7400120434,17084357686,2284116818
20200214,"13:13:01","SZ","NB",13254560974,11608102265,24862663239,1646458709
20200214,"13:14:01","SH","NB",9738394898,7462798980,17201193878,2275595918
20200214,"13:14:01","SZ","NB",13309039583,11708566822,25017606405,1600472761
20200214,"13:15:01","SH","NB",9776495182,7503028828,17279524010,2273466354
20200214,"13:15:01","SZ","NB",13368250036,11765227945,25133477981,1603022091
20200214,"13:16:01","SZ","NB",13427752651,11833424405,25261177056,1594328246
20200214,"13:16:01","SH","NB",9818990828,7549954529,17368945357,2269036299
20200214,"13:17:01","SH","NB",9856220697,7598084964,17454305661,2258135733
20200214,"13:17:01","SZ","NB",13504394587,11912593432,25416988019,1591801155
20200214,"13:18:01","SH","NB",9889801581,7629722785,17519524366,2260078796
20200214,"13:18:01","SZ","NB",13568493988,11962542020,25531036008,1605951968
20200214,"13:19:01","SH","NB",9926257642,7660958721,17587216363,2265298921
20200214,"13:19:01","SZ","NB",13618250776,12014715821,25632966597,1603534955
20200214,"13:20:01","SH","NB",10000110265,7688689752,17688800017,2311420513
20200214,"13:20:01","SZ","NB",13725931251,12065804762,25791736013,1660126489
20200214,"13:21:01","SZ","NB",13843870909,12111676996,25955547905,1732193913
20200214,"13:21:01","SH","NB",10073114938,7727119803,17800234741,2345995135
20200214,"13:22:01","SH","NB",10132294759,7761467300,17893762059,2370827459
20200214,"13:22:01","SZ","NB",13895633874,12153599413,26049233287,1742034461
20200214,"13:23:01","SH","NB",10182656637,7803111514,17985768151,2379545123
20200214,"13:23:01","SZ","NB",13947047917,12211632737,26158680654,1735415180
20200214,"13:24:01","SH","NB",10232083829,7855365563,18087449392,2376718266
20200214,"13:24:01","SZ","NB",13986008493,12307600888,26293609381,1678407605
20200214,"13:25:01","SH","NB",10274031969,7884342665,18158374634,2389689304
20200214,"13:25:01","SZ","NB",14034443489,12349709724,26384153213,1684733765
20200214,"13:26:01","SH","NB",10307996255,7912207080,18220203335,2395789175
20200214,"13:26:01","SZ","NB",14076125428,12390917436,26467042864,1685207992
20200214,"13:27:01","SH","NB",10338389217,7952895076,18291284293,2385494141
20200214,"13:27:01","SZ","NB",14110222801,12436166079,26546388880,1674056722
20200214,"13:28:01","SZ","NB",14144838518,12477257604,26622096122,1667580914
20200214,"13:28:01","SH","NB",10378857099,7977846823,18356703922,2401010276
20200214,"13:29:01","SH","NB",10412547826,8012345732,18424893558,2400202094
20200214,"13:29:01","SZ","NB",14181216115,12544973356,26726189471,1636242759
20200214,"13:30:01","SH","NB",10452534043,8051736436,18504270479,2400797607
20200214,"13:30:01","SZ","NB",14223017058,12592883707,26815900765,1630133351
20200214,"13:31:01","SH","NB",10507143936,8258104833,18765248769,2249039103
20200214,"13:31:01","SZ","NB",14300190670,12779933686,27080124356,1520256984
20200214,"13:32:01","SH","NB",10556481120,8347267547,18903748667,2209213573
20200214,"13:32:01","SZ","NB",14380497965,12856110893,27236608858,1524387072
20200214,"13:33:01","SH","NB",10616920130,8385380363,19002300493,2231539767
20200214,"13:33:01","SZ","NB",14483080805,12909357379,27392438184,1573723426
20200214,"13:34:01","SH","NB",10678478842,8424327803,19102806645,2254151039
20200214,"13:34:01","SZ","NB",14611649806,12948978942,27560628748,1662670864
20200214,"13:35:01","SH","NB",10716998459,8458837812,19175836271,2258160647
20200214,"13:35:01","SZ","NB",14704273500,12997620341,27701893841,1706653159
20200214,"13:36:01","SZ","NB",14762404142,13065377910,27827782052,1697026232
20200214,"13:36:01","SH","NB",10756636794,8522996591,19279633385,2233640203
20200214,"13:37:01","SH","NB",10792769802,8566682957,19359452759,2226086845
20200214,"13:37:01","SZ","NB",14821122047,13131024701,27952146748,1690097346
20200214,"13:38:01","SH","NB",10831926893,8606369131,19438296024,2225557762
20200214,"13:38:01","SZ","NB",14888824679,13178436097,28067260776,1710388582
20200214,"13:39:01","SH","NB",10930150104,8647611117,19577761221,2282538987
20200214,"13:39:01","SZ","NB",15032505184,13227839990,28260345174,1804665194
20200214,"13:40:01","SH","NB",10993836009,8678187845,19672023854,2315648164
20200214,"13:40:01","SZ","NB",15122551139,13274010797,28396561936,1848540342
20200214,"13:41:01","SH","NB",11052094795,8719230169,19771324964,2332864626
20200214,"13:41:01","SZ","NB",15234396918,13337237411,28571634329,1897159507
20200214,"13:42:01","SH","NB",11097928374,8753202004,19851130378,2344726370
20200214,"13:42:01","SZ","NB",15296739539,13391913160,28688652699,1904826379
20200214,"13:43:01","SH","NB",11128213329,8789412276,19917625605,2338801053
20200214,"13:43:01","SZ","NB",15334496670,13442912293,28777408963,1891584377
20200214,"13:44:01","SZ","NB",15374587061,13483267995,28857855056,1891319066
20200214,"13:44:01","SH","NB",11164621281,8817482730,19982104011,2347138551
20200214,"13:45:01","SH","NB",11194270038,8849556564,20043826602,2344713474
20200214,"13:45:01","SZ","NB",15412250915,13522941803,28935192718,1889309112
20200214,"13:46:01","SH","NB",11226745443,8878321283,20105066726,2348424160
20200214,"13:46:01","SZ","NB",15451541678,13564231297,29015772975,1887310381
20200214,"13:47:01","SH","NB",11268856906,8910600207,20179457113,2358256699
20200214,"13:47:01","SZ","NB",15487183803,13597845137,29085028940,1889338666
20200214,"13:48:01","SH","NB",11308127748,8936341933,20244469681,2371785815
20200214,"13:48:01","SZ","NB",15524167951,13628944225,29153112176,1895223726
20200214,"13:49:01","SH","NB",11357995212,8961669005,20319664217,2396326207
20200214,"13:49:01","SZ","NB",15596253899,13657447057,29253700956,1938806842
20200214,"13:50:01","SH","NB",11393801250,8989303118,20383104368,2404498132
20200214,"13:50:01","SZ","NB",15647555388,13704168505,29351723893,1943386883
20200214,"13:51:01","SH","NB",11450982512,9030499102,20481481614,2420483410
20200214,"13:51:01","SZ","NB",15712801590,13778651292,29491452882,1934150298
20200214,"13:52:01","SH","NB",11477031076,9065167298,20542198374,2411863778
20200214,"13:52:01","SZ","NB",15740085904,13838836419,29578922323,1901249485
20200214,"13:53:01","SH","NB",11517251759,9089553058,20606804817,2427698701
20200214,"13:53:01","SZ","NB",15794217266,13875759479,29669976745,1918457787
20200214,"13:54:01","SZ","NB",15829253457,13909823183,29739076640,1919430274
20200214,"13:54:01","SH","NB",11548500537,9111436210,20659936747,2437064327
20200214,"13:55:01","SH","NB",11583647002,9135620340,20719267342,2448026662
20200214,"13:55:01","SZ","NB",15859714086,13944350602,29804064688,1915363484
20200214,"13:56:01","SH","NB",11614257551,9176558958,20790816509,2437698593
20200214,"13:56:01","SZ","NB",15897193151,13997612749,29894805900,1899580402
20200214,"13:57:01","SH","NB",11647303637,9214445470,20861749107,2432858167
20200214,"13:57:01","SZ","NB",15936154548,14045893100,29982047648,1890261448
20200214,"13:58:01","SH","NB",11674832908,9265165787,20939998695,2409667121
20200214,"13:58:01","SZ","NB",15974199386,14096929898,30071129284,1877269488
20200214,"13:59:01","SH","NB",11702035551,9288828111,20990863662,2413207440
20200214,"13:59:01","SZ","NB",16015624881,14130051316,30145676197,1885573565
20200214,"14:00:01","SH","NB",11744267612,9311615298,21055882910,2432652314
20200214,"14:00:01","SZ","NB",16067523740,14162075609,30229599349,1905448131
20200214,"14:01:01","SZ","NB",16195913802,14222934300,30418848102,1972979502
20200214,"14:01:01","SH","NB",11844642612,9339822644,21184465256,2504819968
20200214,"14:02:01","SH","NB",11877011653,9370172154,21247183807,2506839499
20200214,"14:02:01","SZ","NB",16246398165,14269982577,30516380742,1976415588
20200214,"14:03:01","SH","NB",11904589357,9391169523,21295758880,2513419834
20200214,"14:03:01","SZ","NB",16285669860,14303904258,30589574118,1981765602
20200214,"14:04:01","SH","NB",11954723832,9511939951,21466663783,2442783881
20200214,"14:04:01","SZ","NB",16328926421,14461001791,30789928212,1867924630
20200214,"14:05:01","SH","NB",11990881474,9556466858,21547348332,2434414616
20200214,"14:05:01","SZ","NB",16375725412,14521839039,30897564451,1853886373
20200214,"14:06:01","SH","NB",12036730539,9590575687,21627306226,2446154852
20200214,"14:06:01","SZ","NB",16440872085,14575194569,31016066654,1865677516
20200214,"14:07:01","SZ","NB",16491306807,14613184207,31104491014,1878122600
20200214,"14:07:01","SH","NB",12066657639,9625692652,21692350291,2440964987
20200214,"14:08:01","SH","NB",12097124772,9651152707,21748277479,2445972065
20200214,"14:08:01","SZ","NB",16531522961,14688082403,31219605364,1843440558
20200214,"14:09:01","SH","NB",12130390938,9682592141,21812983079,2447798797
20200214,"14:09:01","SZ","NB",16588349527,14752780536,31341130063,1835568991
20200214,"14:10:01","SH","NB",12157988341,9718342977,21876331318,2439645364
20200214,"14:10:01","SZ","NB",16662618469,14808626497,31471244966,1853991972
20200214,"14:11:01","SH","NB",12198712401,9765384248,21964096649,2433328153
20200214,"14:11:01","SZ","NB",16755795594,14885515348,31641310942,1870280246
20200214,"14:12:01","SH","NB",12249609213,9801310087,22050919300,2448299126
20200214,"14:12:01","SZ","NB",16841426439,14930720667,31772147106,1910705772
20200214,"14:13:01","SH","NB",12288121502,9824774892,22112896394,2463346610
20200214,"14:13:01","SZ","NB",16913000593,14969359909,31882360502,1943640684
20200214,"14:14:01","SZ","NB",16954116270,15025935999,31980052269,1928180271
20200214,"14:14:01","SH","NB",12313494959,9848350149,22161845108,2465144810
20200214,"14:15:01","SH","NB",12340119888,9877939000,22218058888,2462180888
20200214,"14:15:01","SZ","NB",16991128886,15082736245,32073865131,1908392641
20200214,"14:16:01","SH","NB",12371028404,9908187123,22279215527,2462841281
20200214,"14:16:01","SZ","NB",17037164763,15123556769,32160721532,1913607994
20200214,"14:17:01","SH","NB",12401080277,9934329034,22335409311,2466751243
20200214,"14:17:01","SZ","NB",17076590525,15178726615,32255317140,1897863910
20200214,"14:18:01","SH","NB",12435015715,9977983298,22412999013,2457032417
20200214,"14:18:01","SZ","NB",17118699009,15261077590,32379776599,1857621419
20200214,"14:19:01","SH","NB",12471768752,10020843216,22492611968,2450925536
20200214,"14:19:01","SZ","NB",17174090250,15342449401,32516539651,1831640849
20200214,"14:20:01","SH","NB",12502517462,10059109106,22561626568,2443408356
20200214,"14:20:01","SZ","NB",17231759886,15426113814,32657873700,1805646072
20200214,"14:21:01","SH","NB",12545194657,10137515640,22682710297,2407679017
20200214,"14:21:01","SZ","NB",17328961787,15538197976,32867159763,1790763811
20200214,"14:22:01","SH","NB",12596166529,10193383210,22789549739,2402783319
20200214,"14:22:01","SZ","NB",17410316578,15626041249,33036357827,1784275329
20200214,"14:23:01","SZ","NB",17489293432,15727550759,33216844191,1761742673
20200214,"14:23:01","SH","NB",12653968430,10253882212,22907850642,2400086218
20200214,"14:24:01","SH","NB",12722274736,10331743196,23054017932,2390531540
20200214,"14:24:01","SZ","NB",17598275403,15799602822,33397878225,1798672581
20200214,"14:25:01","SH","NB",12789922264,10375443818,23165366082,2414478446
20200214,"14:25:01","SZ","NB",17685955286,15858844294,33544799580,1827110992
20200214,"14:26:01","SH","NB",12832235775,10414876060,23247111835,2417359715
20200214,"14:26:01","SZ","NB",17763994285,15924050950,33688045235,1839943335
20200214,"14:27:01","SH","NB",12897419383,10460129580,23357548963,2437289803
20200214,"14:27:01","SZ","NB",17875401102,15982283152,33857684254,1893117950
20200214,"14:28:01","SH","NB",12966759097,10498232069,23464991166,2468527028
20200214,"14:28:01","SZ","NB",17996723371,16038295918,34035019289,1958427453
20200214,"14:29:01","SH","NB",13012288872,10528636815,23540925687,2483652057
20200214,"14:29:01","SZ","NB",18070006765,16090669311,34160676076,1979337454
20200214,"14:30:01","SH","NB",13047063747,10566354623,23613418370,2480709124
20200214,"14:30:01","SZ","NB",18122403057,16138875367,34261278424,1983527690
20200214,"14:31:01","SH","NB",13105840411,10611781587,23717621998,2494058824
20200214,"14:31:01","SZ","NB",18241637886,16211669570,34453307456,2029968316
20200214,"14:32:01","SH","NB",13146776544,10651772730,23798549274,2495003814
20200214,"14:32:01","SZ","NB",18301937340,16272870114,34574807454,2029067226
20200214,"14:33:01","SZ","NB",18352588175,16329080651,34681668826,2023507524
20200214,"14:33:01","SH","NB",13182992198,10690279901,23873272099,2492712297
20200214,"14:34:01","SH","NB",13215845654,10724662914,23940508568,2491182740
20200214,"14:34:01","SZ","NB",18401775408,16395197176,34796972584,2006578232
20200214,"14:35:01","SH","NB",13251244225,10772067422,24023311647,2479176803
20200214,"14:35:01","SZ","NB",18448415414,16473173116,34921588530,1975242298
20200214,"14:36:01","SH","NB",13287476309,10812253351,24099729660,2475222958
20200214,"14:36:01","SZ","NB",18500150029,16529477371,35029627400,1970672658
20200214,"14:37:01","SH","NB",13334635616,10859175699,24193811315,2475459917
20200214,"14:37:01","SZ","NB",18575815404,16574043783,35149859187,2001771621
20200214,"14:38:01","SZ","NB",18632704401,16623869247,35256573648,2008835154
20200214,"14:38:01","SH","NB",13376673134,10899979098,24276652232,2476694036
20200214,"14:39:01","SH","NB",13407513485,10935004477,24342517962,2472509008
20200214,"14:39:01","SZ","NB",18680547088,16664977045,35345524133,2015570043
20200214,"14:40:01","SH","NB",13443124535,10984298155,24427422690,2458826380
20200214,"14:40:01","SZ","NB",18720220678,16733069656,35453290334,1987151022
20200214,"14:41:01","SH","NB",13495002560,11039173280,24534175840,2455829280
20200214,"14:41:01","SZ","NB",18782786260,16826490606,35609276866,1956295654
20200214,"14:42:01","SH","NB",13525592989,11081396159,24606989148,2444196830
20200214,"14:42:01","SZ","NB",18816030124,16898268982,35714299106,1917761142
20200214,"14:43:01","SH","NB",13560850899,11123657069,24684507968,2437193830
20200214,"14:43:01","SZ","NB",18859746017,16982206006,35841952023,1877540011
20200214,"14:44:01","SH","NB",13597654508,11162687164,24760341672,2434967344
20200214,"14:44:01","SZ","NB",18898409238,17048107046,35946516284,1850302192
20200214,"14:45:01","SH","NB",13644170862,11209499462,24853670324,2434671400
20200214,"14:45:01","SZ","NB",18957083663,17125228666,36082312329,1831854997
20200214,"14:46:01","SZ","NB",19052862198,17180522722,36233384920,1872339476
20200214,"14:46:01","SH","NB",13712426647,11259977868,24972404515,2452448779
20200214,"14:47:01","SH","NB",13778151757,11297866218,25076017975,2480285539
20200214,"14:47:01","SZ","NB",19122696173,17238744475,36361440648,1883951698
20200214,"14:48:01","SH","NB",13814038404,11333999767,25148038171,2480038637
20200214,"14:48:01","SZ","NB",19188919823,17292430804,36481350627,1896489019
20200214,"14:49:01","SH","NB",13848999429,11372138720,25221138149,2476860709
20200214,"14:49:01","SZ","NB",19241885879,17355608692,36597494571,1886277187
20200214,"14:50:01","SH","NB",13884742691,11408523622,25293266313,2476219069
20200214,"14:50:01","SZ","NB",19299468178,17419267303,36718735481,1880200875
20200214,"14:51:01","SH","NB",13954186183,11469185533,25423371716,2485000650
20200214,"14:51:01","SZ","NB",19392640896,17508968929,36901609825,1883671967
20200214,"14:52:01","SH","NB",14003464870,11532733058,25536197928,2470731812
20200214,"14:52:01","SZ","NB",19457186971,17579239421,37036426392,1877947550
20200214,"14:53:01","SH","NB",14052753953,11584631732,25637385685,2468122221
20200214,"14:53:01","SZ","NB",19522808334,17654751401,37177559735,1868056933
20200214,"14:54:01","SZ","NB",19592342476,17742046772,37334389248,1850295704
20200214,"14:54:01","SH","NB",14121484955,11658508264,25779993219,2462976691
20200214,"14:55:01","SH","NB",14177645559,11705977282,25883622841,2471668277
20200214,"14:55:01","SZ","NB",19653341166,17811162734,37464503900,1842178432
20200214,"14:56:01","SH","NB",14241220514,11759038860,26000259374,2482181654
20200214,"14:56:01","SZ","NB",19734978279,17912913612,37647891891,1822064667
20200214,"14:57:01","SH","NB",14306164607,11808439329,26114603936,2497725278
20200214,"14:57:01","SZ","NB",19805538462,17980566251,37786104713,1824972211
20200214,"14:58:01","SH","NB",14306190372,11808860537,26115050909,2497329835
20200214,"14:58:01","SZ","NB",19805938348,17980637625,37786575973,1825300723
20200214,"15:00:01","SZ","NB",19854638455,18047540283,37902178738,1807098172
20200214,"15:01:01","SH","NB",14481529963,11964968206,26446498169,2516561757
20200214,"15:01:01","SZ","NB",20010470609,18204283527,38214754136,1806187082
