dataDate,dataTime,connectMarket,tradeDirection,buyTurnover,sellTurnover,totalTurnover,netTurnover
20200914,"09:30:01","SH","NB",155619498,166062346,321681844,-10442848
20200914,"09:30:01","SZ","NB",179050640,214475915,393526555,-35425275
20200914,"09:31:01","SH","NB",438322174,683473468,1121795642,-245151294
20200914,"09:31:01","SZ","NB",544931467,989492022,1534423489,-444560555
20200914,"09:32:01","SH","NB",787439847,914700139,1702139986,-127260292
20200914,"09:32:01","SZ","NB",1091452889,1365633632,2457086521,-274180743
20200914,"09:33:01","SZ","NB",1500493091,1733610671,3234103762,-233117580
20200914,"09:33:01","SH","NB",973199578,1179260959,2152460537,-206061381
20200914,"09:34:01","SH","NB",1150457708,1431147876,2581605584,-280690168
20200914,"09:34:01","SZ","NB",1835628254,2125880405,3961508659,-290252151
20200914,"09:35:01","SH","NB",1359321436,1641348869,3000670305,-282027433
20200914,"09:35:01","SZ","NB",2317807324,2458596692,4776404016,-140789368
20200914,"09:36:01","SH","NB",1537598277,1866789640,3404387917,-329191363
20200914,"09:36:01","SZ","NB",2647352950,2961292086,5608645036,-313939136
20200914,"09:37:01","SZ","NB",3005064310,3274677749,6279742059,-269613439
20200914,"09:37:01","SH","NB",1716201993,2048640024,3764842017,-332438031
20200914,"09:38:01","SH","NB",1855930616,2231904681,4087835297,-375974065
20200914,"09:38:01","SZ","NB",3291207471,3548450540,6839658011,-257243069
20200914,"09:39:01","SH","NB",1989448174,2402069918,4391518092,-412621744
20200914,"09:39:01","SZ","NB",3554284460,3833869012,7388153472,-279584552
20200914,"09:40:01","SH","NB",2143047940,2535826751,4678874691,-392778811
20200914,"09:40:01","SZ","NB",3872036693,4027349108,7899385801,-155312415
20200914,"09:41:01","SH","NB",2291153191,2748228061,5039381252,-457074870
20200914,"09:41:01","SZ","NB",4273331829,4365374769,8638706598,-92042940
20200914,"09:42:01","SH","NB",2406314435,2932067951,5338382386,-525753516
20200914,"09:42:01","SZ","NB",4536505951,4698993042,9235498993,-162487091
20200914,"09:43:01","SH","NB",2562385431,3054252174,5616637605,-491866743
20200914,"09:43:01","SZ","NB",4822358010,4934540158,9756898168,-112182148
20200914,"09:44:01","SH","NB",2699579865,3179585279,5879165144,-480005414
20200914,"09:44:01","SZ","NB",5105278262,5135559367,10240837629,-30281105
20200914,"09:45:01","SZ","NB",5322549556,5413719685,10736269241,-91170129
20200914,"09:45:01","SH","NB",2824018190,3326658188,6150676378,-502639998
20200914,"09:46:01","SH","NB",3024706794,3466219307,6490926101,-441512513
20200914,"09:46:01","SZ","NB",5633577570,5616023090,11249600660,17554480
20200914,"09:47:01","SH","NB",3128308450,3619416903,6747725353,-491108453
20200914,"09:47:01","SZ","NB",5853171073,5905115624,11758286697,-51944551
20200914,"09:48:01","SZ","NB",6088153059,6056515791,12144668850,31637268
20200914,"09:48:01","SH","NB",3234147597,3718832942,6952980539,-484685345
20200914,"09:49:01","SH","NB",3352897571,3816688662,7169586233,-463791091
20200914,"09:49:01","SZ","NB",6314308078,6251355142,12565663220,62952936
20200914,"09:50:01","SH","NB",3426554990,3932759937,7359314927,-506204947
20200914,"09:50:01","SZ","NB",6467380927,6490860886,12958241813,-23479959
20200914,"09:51:01","SH","NB",3537087353,4089710390,7626797743,-552623037
20200914,"09:51:01","SZ","NB",6700004650,6752927495,13452932145,-52922845
20200914,"09:52:01","SH","NB",3634576635,4204211875,7838788510,-569635240
20200914,"09:52:01","SZ","NB",6894378055,6906318001,13800696056,-11939946
20200914,"09:53:01","SH","NB",3691069235,4341151340,8032220575,-650082105
20200914,"09:53:01","SZ","NB",7025562978,7151294048,14176857026,-125731070
20200914,"09:54:01","SH","NB",3786678953,4410521092,8197200045,-623842139
20200914,"09:54:01","SZ","NB",7239105103,7263437004,14502542107,-24331901
20200914,"09:55:01","SH","NB",3874576490,4490902138,8365478628,-616325648
20200914,"09:55:01","SZ","NB",7429235409,7367504634,14796740043,61730775
20200914,"09:56:01","SH","NB",4039076440,4595602960,8634679400,-556526520
20200914,"09:56:01","SZ","NB",7769764937,7502109040,15271873977,267655897
20200914,"09:57:01","SH","NB",4151319985,4763639404,8914959389,-612319419
20200914,"09:57:01","SZ","NB",7947126259,7743260300,15690386559,203865959
20200914,"09:58:01","SZ","NB",8094387894,7943374080,16037761974,151013814
20200914,"09:58:01","SH","NB",4244119901,4892974750,9137094651,-648854849
20200914,"09:59:01","SH","NB",4303378072,5065010097,9368388169,-761632025
20200914,"09:59:01","SZ","NB",8209278392,8180922002,16390200394,28356390
20200914,"10:00:01","SH","NB",4390643931,5148542454,9539186385,-757898523
20200914,"10:00:01","SZ","NB",8345998290,8288040147,16634038437,57958143
20200914,"10:01:01","SH","NB",4507571269,5292942996,9800514265,-785371727
20200914,"10:01:01","SZ","NB",8646022064,8506127101,17152149165,139894963
20200914,"10:02:01","SH","NB",4583123959,5410641316,9993765275,-827517357
20200914,"10:02:01","SZ","NB",8843026720,8666142967,17509169687,176883753
20200914,"10:03:01","SH","NB",4667294954,5550008586,10217303540,-882713632
20200914,"10:03:01","SZ","NB",9030820903,8929247657,17960068560,101573246
20200914,"10:04:01","SH","NB",4772810532,5630288877,10403099409,-857478345
20200914,"10:04:01","SZ","NB",9301414043,9030746008,18332160051,270668035
20200914,"10:05:01","SH","NB",4869539531,5706398058,10575937589,-836858527
20200914,"10:05:01","SZ","NB",9547683606,9149131766,18696815372,398551840
20200914,"10:06:01","SH","NB",4928163393,5781670079,10709833472,-853506686
20200914,"10:06:01","SZ","NB",9692650353,9292937371,18985587724,399712982
20200914,"10:07:01","SZ","NB",9797718050,9598551081,19396269131,199166969
20200914,"10:07:01","SH","NB",4980258455,5935994913,10916253368,-955736458
20200914,"10:08:01","SH","NB",5058658612,6007751690,11066410302,-949093078
20200914,"10:08:01","SZ","NB",9910156570,9698008287,19608164857,212148283
20200914,"10:09:01","SH","NB",5108704829,6084630792,11193335621,-975925963
20200914,"10:09:01","SZ","NB",9993203429,9859174925,19852378354,134028504
20200914,"10:10:01","SH","NB",5169270744,6167445727,11336716471,-998174983
20200914,"10:10:01","SZ","NB",10092681829,10011449156,20104130985,81232673
20200914,"10:11:01","SH","NB",5348716070,6277100344,11625816414,-928384274
20200914,"10:11:01","SZ","NB",10382514064,10194760131,20577274195,187753933
20200914,"10:12:01","SZ","NB",10479400664,10319439482,20798840146,159961182
20200914,"10:12:01","SH","NB",5421598984,6368199346,11789798330,-946600362
20200914,"10:13:01","SH","NB",5480696378,6460917964,11941614342,-980221586
20200914,"10:13:01","SZ","NB",10590300883,10478929365,21069230248,111371518
20200914,"10:14:01","SH","NB",5547301481,6598133727,12145435208,-1050832246
20200914,"10:14:01","SZ","NB",10695263036,10736249986,21431513022,-40986950
20200914,"10:15:01","SH","NB",5605471010,6731064996,12336536006,-1125593986
20200914,"10:15:01","SZ","NB",10792273897,10961758137,21754032034,-169484240
20200914,"10:16:01","SH","NB",5750651603,6839179839,12589831442,-1088528236
20200914,"10:16:01","SZ","NB",10922523762,11104112058,22026635820,-181588296
20200914,"10:17:01","SH","NB",5823180310,6920234019,12743414329,-1097053709
20200914,"10:17:01","SZ","NB",11034218916,11214940543,22249159459,-180721627
20200914,"10:18:01","SZ","NB",11146545167,11294958383,22441503550,-148413216
20200914,"10:18:01","SH","NB",5885095093,6978075552,12863170645,-1092980459
20200914,"10:19:01","SH","NB",5981391354,7066923944,13048315298,-1085532590
20200914,"10:19:01","SZ","NB",11246184191,11384213856,22630398047,-138029665
20200914,"10:20:01","SH","NB",6044068252,7136393324,13180461576,-1092325072
20200914,"10:20:01","SZ","NB",11332707446,11462829524,22795536970,-130122078
20200914,"10:21:01","SH","NB",6132197616,7195467353,13327664969,-1063269737
20200914,"10:21:01","SZ","NB",11504024692,11559426060,23063450752,-55401368
20200914,"10:22:01","SZ","NB",11656294296,11646541065,23302835361,9753231
20200914,"10:22:01","SH","NB",6192608105,7248951693,13441559798,-1056343588
20200914,"10:23:01","SH","NB",6287760186,7303320983,13591081169,-1015560797
20200914,"10:23:01","SZ","NB",11832281709,11726121164,23558402873,106160545
20200914,"10:24:01","SH","NB",6358852018,7362949181,13721801199,-1004097163
20200914,"10:24:01","SZ","NB",11930637244,11804489709,23735126953,126147535
20200914,"10:25:01","SH","NB",6450887157,7427694983,13878582140,-976807826
20200914,"10:25:01","SZ","NB",12028473007,11897043118,23925516125,131429889
20200914,"10:26:01","SH","NB",6528584030,7488504077,14017088107,-959920047
20200914,"10:26:01","SZ","NB",12143125569,11982447252,24125572821,160678317
20200914,"10:27:01","SH","NB",6599913935,7541767265,14141681200,-941853330
20200914,"10:27:01","SZ","NB",12242825515,12077616741,24320442256,165208774
20200914,"10:28:01","SH","NB",6671672006,7603177162,14274849168,-931505156
20200914,"10:28:01","SZ","NB",12349570595,12165769497,24515340092,183801098
20200914,"10:29:01","SH","NB",6742775224,7654513709,14397288933,-911738485
20200914,"10:29:01","SZ","NB",12466072314,12239839197,24705911511,226233117
20200914,"10:30:01","SZ","NB",12566785298,12412654080,24979439378,154131218
20200914,"10:30:01","SH","NB",6820416021,7764749234,14585165255,-944333213
20200914,"10:31:01","SH","NB",6886068441,7836877707,14722946148,-950809266
20200914,"10:31:01","SZ","NB",12702566979,12511477769,25214044748,191089210
20200914,"10:32:01","SH","NB",6929107720,7939026717,14868134437,-1009918997
20200914,"10:32:01","SZ","NB",12783365101,12683611911,25466977012,99753190
20200914,"10:33:01","SH","NB",6986270014,7997994268,14984264282,-1011724254
20200914,"10:33:01","SZ","NB",12911013138,12769888938,25680902076,141124200
20200914,"10:34:01","SH","NB",7035412970,8051036672,15086449642,-1015623702
20200914,"10:34:01","SZ","NB",13006266739,12857469433,25863736172,148797306
20200914,"10:35:01","SH","NB",7080577293,8104003993,15184581286,-1023426700
20200914,"10:35:01","SZ","NB",13117056615,12946009793,26063066408,171046822
20200914,"10:36:01","SZ","NB",13218394043,13020621217,26239015260,197772826
20200914,"10:36:01","SH","NB",7128962075,8150338800,15279300875,-1021376725
20200914,"10:37:01","SH","NB",7181045192,8256467397,15437512589,-1075422205
20200914,"10:37:01","SZ","NB",13293998399,13163859353,26457857752,130139046
20200914,"10:38:01","SH","NB",7227700565,8301703723,15529404288,-1074003158
20200914,"10:38:01","SZ","NB",13363133783,13248290002,26611423785,114843781
20200914,"10:39:01","SH","NB",7288009457,8347093743,15635103200,-1059084286
20200914,"10:39:01","SZ","NB",13441174713,13311233688,26752408401,129941025
20200914,"10:40:01","SH","NB",7335325939,8397542487,15732868426,-1062216548
20200914,"10:40:01","SZ","NB",13533473706,13371688515,26905162221,161785191
20200914,"10:41:01","SH","NB",7378322875,8517847232,15896170107,-1139524357
20200914,"10:41:01","SZ","NB",13617346710,13561891531,27179238241,55455179
20200914,"10:42:01","SH","NB",7421431694,8614055235,16035486929,-1192623541
20200914,"10:42:01","SZ","NB",13691256870,13712334622,27403591492,-21077752
20200914,"10:43:01","SH","NB",7501045326,8667891173,16168936499,-1166845847
20200914,"10:43:01","SZ","NB",13832069076,13795397881,27627466957,36671195
20200914,"10:44:01","SZ","NB",13918126382,13891861274,27809987656,26265108
20200914,"10:44:01","SH","NB",7550747925,8734119255,16284867180,-1183371330
20200914,"10:45:01","SH","NB",7603880009,8775563801,16379443810,-1171683792
20200914,"10:45:01","SZ","NB",14001852279,13976730826,27978583105,25121453
20200914,"10:46:01","SH","NB",7658712834,8855710077,16514422911,-1196997243
20200914,"10:46:01","SZ","NB",14089904096,14126764129,28216668225,-36860033
20200914,"10:47:01","SH","NB",7702465720,8942023027,16644488747,-1239557307
20200914,"10:47:01","SZ","NB",14146501997,14256627929,28403129926,-110125932
20200914,"10:48:01","SH","NB",7747817393,8984877921,16732695314,-1237060528
20200914,"10:48:01","SZ","NB",14226737859,14338176208,28564914067,-111438349
20200914,"10:49:01","SZ","NB",14304692070,14444886333,28749578403,-140194263
20200914,"10:49:01","SH","NB",7783033759,9036557592,16819591351,-1253523833
20200914,"10:50:01","SH","NB",7818034137,9107812848,16925846985,-1289778711
20200914,"10:50:01","SZ","NB",14364580162,14579649840,28944230002,-215069678
20200914,"10:51:01","SH","NB",7874407656,9265892335,17140299991,-1391484679
20200914,"10:51:01","SZ","NB",14464108696,14845995224,29310103920,-381886528
20200914,"10:52:01","SH","NB",7923427473,9333849581,17257277054,-1410422108
20200914,"10:52:01","SZ","NB",14559021483,14925173511,29484194994,-366152028
20200914,"10:53:01","SH","NB",8004613103,9374484182,17379097285,-1369871079
20200914,"10:53:01","SZ","NB",14760805164,14997214797,29758019961,-236409633
20200914,"10:54:01","SH","NB",8041228519,9434645908,17475874427,-1393417389
20200914,"10:54:01","SZ","NB",14823461202,15100372187,29923833389,-276910985
20200914,"10:55:01","SH","NB",8084793389,9479172273,17563965662,-1394378884
20200914,"10:55:01","SZ","NB",14908288190,15159380212,30067668402,-251092022
20200914,"10:56:01","SH","NB",8155449764,9539190230,17694639994,-1383740466
20200914,"10:56:01","SZ","NB",14987889885,15230199023,30218088908,-242309138
20200914,"10:57:01","SH","NB",8184371070,9587412190,17771783260,-1403041120
20200914,"10:57:01","SZ","NB",15031713290,15292854356,30324567646,-261141066
20200914,"10:58:01","SZ","NB",15105967374,15348071472,30454038846,-242104098
20200914,"10:58:01","SH","NB",8237136484,9639874307,17877010791,-1402737823
20200914,"10:59:01","SH","NB",8276761438,9706077917,17982839355,-1429316479
20200914,"10:59:01","SZ","NB",15160301395,15435994345,30596295740,-275692950
20200914,"11:00:01","SH","NB",8305181457,9818875473,18124056930,-1513694016
20200914,"11:00:01","SZ","NB",15215613835,15657194279,30872808114,-441580444
20200914,"11:01:01","SH","NB",8380431219,10090801408,18471232627,-1710370189
20200914,"11:01:01","SZ","NB",15381110645,16042704056,31423814701,-661593411
20200914,"11:02:01","SH","NB",8445459333,10141960706,18587420039,-1696501373
20200914,"11:02:01","SZ","NB",15511108923,16118360379,31629469302,-607251456
20200914,"11:03:01","SH","NB",8509295390,10197454888,18706750278,-1688159498
20200914,"11:03:01","SZ","NB",15638696865,16183914310,31822611175,-545217445
20200914,"11:04:01","SZ","NB",15718056047,16238712765,31956768812,-520656718
20200914,"11:04:01","SH","NB",8550385064,10243637551,18794022615,-1693252487
20200914,"11:05:01","SH","NB",8594986686,10289508560,18884495246,-1694521874
20200914,"11:05:01","SZ","NB",15801021816,16302517177,32103538993,-501495361
20200914,"11:06:01","SH","NB",8639588269,10338537354,18978125623,-1698949085
20200914,"11:06:01","SZ","NB",15883990311,16372542037,32256532348,-488551726
20200914,"11:07:01","SH","NB",8672914394,10372926595,19045840989,-1700012201
20200914,"11:07:01","SZ","NB",15944490199,16434233384,32378723583,-489743185
20200914,"11:08:01","SH","NB",8711855545,10406815603,19118671148,-1694960058
20200914,"11:08:01","SZ","NB",16029465860,16484900938,32514366798,-455435078
20200914,"11:09:01","SZ","NB",16150068195,16523600711,32673668906,-373532516
20200914,"11:09:01","SH","NB",8758662884,10439911471,19198574355,-1681248587
20200914,"11:10:01","SH","NB",8787738620,10483959974,19271698594,-1696221354
20200914,"11:10:01","SZ","NB",16216560301,16586210114,32802770415,-369649813
20200914,"11:11:01","SH","NB",8816229054,10557862146,19374091200,-1741633092
20200914,"11:11:01","SZ","NB",16287948036,16686369185,32974317221,-398421149
20200914,"11:12:01","SH","NB",8846620377,10589751651,19436372028,-1743131274
20200914,"11:12:01","SZ","NB",16348143548,16728279560,33076423108,-380136012
20200914,"11:13:01","SH","NB",8884563749,10630798523,19515362272,-1746234774
20200914,"11:13:01","SZ","NB",16433049472,16784013572,33217063044,-350964100
20200914,"11:14:01","SH","NB",8921476190,10682383281,19603859471,-1760907091
20200914,"11:14:01","SZ","NB",16492609075,16842878078,33335487153,-350269003
20200914,"11:15:01","SH","NB",8966958097,10720308261,19687266358,-1753350164
20200914,"11:15:01","SZ","NB",16562016081,16886983102,33448999183,-324967021
20200914,"11:16:01","SH","NB",8991994002,10790149729,19782143731,-1798155727
20200914,"11:16:01","SZ","NB",16628969112,16972462594,33601431706,-343493482
20200914,"11:17:01","SH","NB",9025375699,10826480888,19851856587,-1801105189
20200914,"11:17:01","SZ","NB",16710008449,17019971691,33729980140,-309963242
20200914,"11:18:01","SZ","NB",16767675109,17063212232,33830887341,-295537123
20200914,"11:18:01","SH","NB",9062175481,10865617918,19927793399,-1803442437
20200914,"11:19:01","SH","NB",9095309024,10901524289,19996833313,-1806215265
20200914,"11:19:01","SZ","NB",16823638586,17104734289,33928372875,-281095703
20200914,"11:20:01","SH","NB",9124226448,10937961514,20062187962,-1813735066
20200914,"11:20:01","SZ","NB",16868474894,17131163700,33999638594,-262688806
20200914,"11:21:01","SZ","NB",16954086234,17185202695,34139288929,-231116461
20200914,"11:21:01","SH","NB",9171856524,10988966008,20160822532,-1817109484
20200914,"11:22:01","SH","NB",9199878797,11035585375,20235464172,-1835706578
20200914,"11:22:01","SZ","NB",17010589490,17232298127,34242887617,-221708637
20200914,"11:23:01","SH","NB",9243465875,11078502830,20321968705,-1835036955
20200914,"11:23:01","SZ","NB",17082355598,17269047241,34351402839,-186691643
20200914,"11:24:01","SH","NB",9272809887,11125631750,20398441637,-1852821863
20200914,"11:24:01","SZ","NB",17148277188,17332264920,34480542108,-183987732
20200914,"11:25:01","SH","NB",9305452198,11164244738,20469696936,-1858792540
20200914,"11:25:01","SZ","NB",17189014164,17388092210,34577106374,-199078046
20200914,"11:26:01","SH","NB",9333564157,11221378925,20554943082,-1887814768
20200914,"11:26:01","SZ","NB",17242491322,17468568625,34711059947,-226077303
20200914,"11:27:01","SH","NB",9357239175,11293397986,20650637161,-1936158811
20200914,"11:27:01","SZ","NB",17289220465,17552724860,34841945325,-263504395
20200914,"11:28:01","SH","NB",9382186007,11326390257,20708576264,-1944204250
20200914,"11:28:01","SZ","NB",17347364553,17621449416,34968813969,-274084863
20200914,"11:29:01","SH","NB",9414712836,11352585217,20767298053,-1937872381
20200914,"11:29:01","SZ","NB",17396139326,17655965434,35052104760,-259826108
20200914,"11:30:01","SH","NB",9434091105,11376001008,20810092113,-1941909903
20200914,"11:30:01","SZ","NB",17433224440,17694908612,35128133052,-261684172
20200914,"11:31:01","SH","NB",9434091105,11376002141,20810093246,-1941911036
20200914,"13:00:01","SH","NB",9434104509,11376002141,20810106650,-1941897632
20200914,"13:00:01","SZ","NB",17442075585,17699445836,35141521421,-257370251
20200914,"13:01:01","SH","NB",9522491000,11581874512,21104365512,-2059383512
20200914,"13:01:01","SZ","NB",17576492943,17977183132,35553676075,-400690189
20200914,"13:02:01","SH","NB",9577717726,11627499976,21205217702,-2049782250
20200914,"13:02:01","SZ","NB",17641459682,18034364755,35675824437,-392905073
20200914,"13:03:01","SH","NB",9625196642,11705292044,21330488686,-2080095402
20200914,"13:03:01","SZ","NB",17710819117,18150709054,35861528171,-439889937
20200914,"13:04:01","SH","NB",9665963759,11771250246,21437214005,-2105286487
20200914,"13:04:01","SZ","NB",17778360898,18248992793,36027353691,-470631895
20200914,"13:05:01","SH","NB",9713405799,11844221391,21557627190,-2130815592
20200914,"13:05:01","SZ","NB",17850114053,18401933087,36252047140,-551819034
20200914,"13:06:01","SH","NB",9779569597,11900391464,21679961061,-2120821867
20200914,"13:06:01","SZ","NB",17953674226,18504879372,36458553598,-551205146
20200914,"13:07:01","SH","NB",9822807541,11937709556,21760517097,-2114902015
20200914,"13:07:01","SZ","NB",18016324963,18571242566,36587567529,-554917603
20200914,"13:08:01","SZ","NB",18080453834,18761880238,36842334072,-681426404
20200914,"13:08:01","SH","NB",9864520104,12041440180,21905960284,-2176920076
20200914,"13:09:01","SH","NB",9916088861,12088808154,22004897015,-2172719293
20200914,"13:09:01","SZ","NB",18164984303,18844231777,37009216080,-679247474
20200914,"13:10:01","SZ","NB",18212996046,18932931963,37145928009,-719935917
20200914,"13:10:01","SH","NB",9955657588,12157358311,22113015899,-2201700723
20200914,"13:11:01","SH","NB",10009772907,12250925656,22260698563,-2241152749
20200914,"13:11:01","SZ","NB",18299164972,19077896667,37377061639,-778731695
20200914,"13:12:01","SH","NB",10061425814,12286521551,22347947365,-2225095737
20200914,"13:12:01","SZ","NB",18384533760,19121281064,37505814824,-736747304
20200914,"13:13:01","SH","NB",10125740816,12366129569,22491870385,-2240388753
20200914,"13:13:01","SZ","NB",18494092462,19254944715,37749037177,-760852253
20200914,"13:14:01","SH","NB",10166932860,12431578590,22598511450,-2264645730
20200914,"13:14:01","SZ","NB",18552808295,19347154312,37899962607,-794346017
20200914,"13:15:01","SH","NB",10215332308,12491042453,22706374761,-2275710145
20200914,"13:15:01","SZ","NB",18617152755,19466305907,38083458662,-849153152
20200914,"13:16:01","SH","NB",10280959480,12551620223,22832579703,-2270660743
20200914,"13:16:01","SZ","NB",18698330984,19550423317,38248754301,-852092333
20200914,"13:17:01","SH","NB",10330919369,12615841153,22946760522,-2284921784
20200914,"13:17:01","SZ","NB",18766543849,19616981238,38383525087,-850437389
20200914,"13:18:01","SH","NB",10403572964,12655690253,23059263217,-2252117289
20200914,"13:18:01","SZ","NB",18890282212,19710683447,38600965659,-820401235
20200914,"13:19:01","SZ","NB",18971821598,19751036506,38722858104,-779214908
20200914,"13:19:01","SH","NB",10450472672,12691235530,23141708202,-2240762858
20200914,"13:20:01","SH","NB",10482333124,12730002246,23212335370,-2247669122
20200914,"13:20:01","SZ","NB",19009249948,19801646689,38810896637,-792396741
20200914,"13:21:01","SH","NB",10529157465,12794685790,23323843255,-2265528325
20200914,"13:21:01","SZ","NB",19083415849,19903520846,38986936695,-820104997
20200914,"13:22:01","SH","NB",10566369589,12851852046,23418221635,-2285482457
20200914,"13:22:01","SZ","NB",19130746913,20002323590,39133070503,-871576677
20200914,"13:23:01","SH","NB",10619981313,12897377247,23517358560,-2277395934
20200914,"13:23:01","SZ","NB",19228586410,20067698345,39296284755,-839111935
20200914,"13:24:01","SH","NB",10665593860,12929676521,23595270381,-2264082661
20200914,"13:24:01","SZ","NB",19301382017,20114155472,39415537489,-812773455
20200914,"13:25:01","SH","NB",10716310333,12958906742,23675217075,-2242596409
20200914,"13:25:01","SZ","NB",19401168308,20160069150,39561237458,-758900842
20200914,"13:26:01","SZ","NB",19472785039,20229990690,39702775729,-757205651
20200914,"13:26:01","SH","NB",10757862526,13015426361,23773288887,-2257563835
20200914,"13:27:01","SH","NB",10794024560,13062630640,23856655200,-2268606080
20200914,"13:27:01","SZ","NB",19541372844,20294560768,39835933612,-753187924
20200914,"13:28:01","SH","NB",10831193219,13095253835,23926447054,-2264060616
20200914,"13:28:01","SZ","NB",19589913777,20342153439,39932067216,-752239662
20200914,"13:29:01","SH","NB",10876054955,13192922322,24068977277,-2316867367
20200914,"13:29:01","SZ","NB",19636619119,20487226334,40123845453,-850607215
20200914,"13:30:01","SH","NB",10915150687,13225232444,24140383131,-2310081757
20200914,"13:30:01","SZ","NB",19685736432,20550756253,40236492685,-865019821
20200914,"13:31:01","SH","NB",10961804202,13322903758,24284707960,-2361099556
20200914,"13:31:01","SZ","NB",19777181528,20704779389,40481960917,-927597861
20200914,"13:32:01","SH","NB",11022574650,13381027115,24403601765,-2358452465
20200914,"13:32:01","SZ","NB",19894883044,20782345804,40677228848,-887462760
20200914,"13:33:01","SH","NB",11065030108,13436268764,24501298872,-2371238656
20200914,"13:33:01","SZ","NB",19993962653,20862307226,40856269879,-868344573
20200914,"13:34:01","SH","NB",11149887691,13491603905,24641491596,-2341716214
20200914,"13:34:01","SZ","NB",20160102893,20928511549,41088614442,-768408656
20200914,"13:35:01","SZ","NB",20228242332,20985472000,41213714332,-757229668
20200914,"13:35:01","SH","NB",11190470033,13531271466,24721741499,-2340801433
20200914,"13:36:01","SH","NB",11248667951,13574824753,24823492704,-2326156802
20200914,"13:36:01","SZ","NB",20327637597,21043269391,41370906988,-715631794
20200914,"13:37:01","SH","NB",11310629665,13608564759,24919194424,-2297935094
20200914,"13:37:01","SZ","NB",20411249361,21097167430,41508416791,-685918069
20200914,"13:38:01","SH","NB",11382872792,13650680943,25033553735,-2267808151
20200914,"13:38:01","SZ","NB",20498099674,21139132759,41637232433,-641033085
20200914,"13:39:01","SH","NB",11415749892,13693750513,25109500405,-2278000621
20200914,"13:39:01","SZ","NB",20570595180,21196121852,41766717032,-625526672
20200914,"13:40:01","SH","NB",11448243613,13742457576,25190701189,-2294213963
20200914,"13:40:01","SZ","NB",20621629014,21265220328,41886849342,-643591314
20200914,"13:41:01","SZ","NB",20741375648,21313271608,42054647256,-571895960
20200914,"13:41:01","SH","NB",11543819407,13785982186,25329801593,-2242162779
20200914,"13:42:01","SH","NB",11688376025,13845257525,25533633550,-2156881500
20200914,"13:42:01","SZ","NB",20892070022,21367823968,42259893990,-475753946
20200914,"13:43:01","SH","NB",11772584170,13895185314,25667769484,-2122601144
20200914,"13:43:01","SZ","NB",20984918047,21436458048,42421376095,-451540001
20200914,"13:44:01","SH","NB",11825089179,13970839414,25795928593,-2145750235
20200914,"13:44:01","SZ","NB",21049306883,21553241098,42602547981,-503934215
20200914,"13:45:01","SH","NB",11861706839,14018307735,25880014574,-2156600896
20200914,"13:45:01","SZ","NB",21096969843,21639519375,42736489218,-542549532
20200914,"13:46:01","SH","NB",11950012433,14072895689,26022908122,-2122883256
20200914,"13:46:01","SZ","NB",21200099885,21703683525,42903783410,-503583640
20200914,"13:47:01","SH","NB",12027791275,14157738871,26185530146,-2129947596
20200914,"13:47:01","SZ","NB",21268986060,21808683006,43077669066,-539696946
20200914,"13:48:01","SH","NB",12068415279,14196125943,26264541222,-2127710664
20200914,"13:48:01","SZ","NB",21306849228,21850104074,43156953302,-543254846
20200914,"13:49:01","SH","NB",12100185664,14291259959,26391445623,-2191074295
20200914,"13:49:01","SZ","NB",21362423851,22001546723,43363970574,-639122872
20200914,"13:50:01","SH","NB",12130641139,14317938599,26448579738,-2187297460
20200914,"13:50:01","SZ","NB",21418844918,22042642201,43461487119,-623797283
20200914,"13:51:01","SZ","NB",21498457793,22096450533,43594908326,-597992740
20200914,"13:51:01","SH","NB",12176108952,14355150474,26531259426,-2179041522
20200914,"13:52:01","SH","NB",12217718803,14406839559,26624558362,-2189120756
20200914,"13:52:01","SZ","NB",21554168327,22164845918,43719014245,-610677591
20200914,"13:53:01","SH","NB",12282528962,14435407457,26717936419,-2152878495
20200914,"13:53:01","SZ","NB",21658169933,22196270506,43854440439,-538100573
20200914,"13:54:01","SH","NB",12334033971,14476881676,26810915647,-2142847705
20200914,"13:54:01","SZ","NB",21713392525,22238007614,43951400139,-524615089
20200914,"13:55:01","SH","NB",12369927823,14506650017,26876577840,-2136722194
20200914,"13:55:01","SZ","NB",21784283788,22270735583,44055019371,-486451795
20200914,"13:56:01","SH","NB",12421668438,14546534041,26968202479,-2124865603
20200914,"13:56:01","SZ","NB",21838496343,22327606117,44166102460,-489109774
20200914,"13:57:01","SH","NB",12480303606,14571669825,27051973431,-2091366219
20200914,"13:57:01","SZ","NB",21892654406,22360298445,44252952851,-467644039
20200914,"13:58:01","SH","NB",12512842330,14613589364,27126431694,-2100747034
20200914,"13:58:01","SZ","NB",21940611336,22415702293,44356313629,-475090957
20200914,"13:59:01","SH","NB",12541471614,14671070618,27212542232,-2129599004
20200914,"13:59:01","SZ","NB",21975873745,22514269889,44490143634,-538396144
20200914,"14:00:01","SZ","NB",22014959550,22585680155,44600639705,-570720605
20200914,"14:00:01","SH","NB",12568055385,14737787761,27305843146,-2169732376
20200914,"14:01:01","SH","NB",12608863607,14828770820,27437634427,-2219907213
20200914,"14:01:01","SZ","NB",22080612339,22696665462,44777277801,-616053123
20200914,"14:02:01","SH","NB",12649932268,14869856183,27519788451,-2219923915
20200914,"14:02:01","SZ","NB",22144233521,22735849836,44880083357,-591616315
20200914,"14:03:01","SH","NB",12695204731,14938082754,27633287485,-2242878023
20200914,"14:03:01","SZ","NB",22222757191,22866322526,45089079717,-643565335
20200914,"14:04:01","SH","NB",12752550188,14967832200,27720382388,-2215282012
20200914,"14:04:01","SZ","NB",22312081682,22911935254,45224016936,-599853572
20200914,"14:05:01","SH","NB",12793072467,14994287697,27787360164,-2201215230
20200914,"14:05:01","SZ","NB",22371181424,22955382400,45326563824,-584200976
20200914,"14:06:01","SH","NB",12905630840,15037257566,27942888406,-2131626726
20200914,"14:06:01","SZ","NB",22565574301,23010010889,45575585190,-444436588
20200914,"14:07:01","SH","NB",12940201419,15088130771,28028332190,-2147929352
20200914,"14:07:01","SZ","NB",22625759590,23076899915,45702659505,-451140325
20200914,"14:08:01","SZ","NB",22670919193,23214526628,45885445821,-543607435
20200914,"14:08:01","SH","NB",12970974445,15165501178,28136475623,-2194526733
20200914,"14:09:01","SH","NB",12996292859,15204217867,28200510726,-2207925008
20200914,"14:09:01","SZ","NB",22712426324,23280154093,45992580417,-567727769
20200914,"14:10:01","SH","NB",13024690376,15244146632,28268837008,-2219456256
20200914,"14:10:01","SZ","NB",22755917999,23334264238,46090182237,-578346239
20200914,"14:11:01","SH","NB",13056875609,15311437748,28368313357,-2254562139
20200914,"14:11:01","SZ","NB",22812558784,23423533885,46236092669,-610975101
20200914,"14:12:01","SH","NB",13097292954,15360255715,28457548669,-2262962761
20200914,"14:12:01","SZ","NB",22876625127,23478295993,46354921120,-601670866
20200914,"14:13:01","SH","NB",13129015094,15400296859,28529311953,-2271281765
20200914,"14:13:01","SZ","NB",22942258620,23528314951,46470573571,-586056331
20200914,"14:14:01","SH","NB",13158210765,15431641619,28589852384,-2273430854
20200914,"14:14:01","SZ","NB",22996094658,23573698859,46569793517,-577604201
20200914,"14:15:01","SH","NB",13191969274,15458703354,28650672628,-2266734080
20200914,"14:15:01","SZ","NB",23064545901,23615076055,46679621956,-550530154
20200914,"14:16:01","SH","NB",13229415075,15494288574,28723703649,-2264873499
20200914,"14:16:01","SZ","NB",23133551794,23664090014,46797641808,-530538220
20200914,"14:17:01","SZ","NB",23181483020,23719732123,46901215143,-538249103
20200914,"14:17:01","SH","NB",13255767056,15533671477,28789438533,-2277904421
20200914,"14:18:01","SH","NB",13281138462,15571200940,28852339402,-2290062478
20200914,"14:18:01","SZ","NB",23223162733,23773909879,46997072612,-550747146
20200914,"14:19:01","SH","NB",13314331735,15614761125,28929092860,-2300429390
20200914,"14:19:01","SZ","NB",23278065839,23847236769,47125302608,-569170930
20200914,"14:20:01","SZ","NB",23322278044,23917733159,47240011203,-595455115
20200914,"14:20:01","SH","NB",13341151990,15661358481,29002510471,-2320206491
20200914,"14:21:01","SH","NB",13414819093,15694727791,29109546884,-2279908698
20200914,"14:21:01","SZ","NB",23432099093,23979552802,47411651895,-547453709
20200914,"14:22:01","SZ","NB",23493422912,24027816568,47521239480,-534393656
20200914,"14:22:01","SH","NB",13452556528,15733470140,29186026668,-2280913612
20200914,"14:23:01","SH","NB",13487642446,15767105207,29254747653,-2279462761
20200914,"14:23:01","SZ","NB",23564523263,24064434532,47628957795,-499911269
20200914,"14:24:01","SH","NB",13540807705,15801004173,29341811878,-2260196468
20200914,"14:24:01","SZ","NB",23668097926,24104318561,47772416487,-436220635
20200914,"14:25:01","SH","NB",13578630331,15837780713,29416411044,-2259150382
20200914,"14:25:01","SZ","NB",23716333797,24162882687,47879216484,-446548890
20200914,"14:26:01","SH","NB",13608402170,15899132158,29507534328,-2290729988
20200914,"14:26:01","SZ","NB",23756889749,24245635211,48002524960,-488745462
20200914,"14:27:01","SH","NB",13635218760,15958638530,29593857290,-2323419770
20200914,"14:27:01","SZ","NB",23802664228,24324326569,48126990797,-521662341
20200914,"14:28:01","SH","NB",13661879543,16002659817,29664539360,-2340780274
20200914,"14:28:01","SZ","NB",23843447228,24380567003,48224014231,-537119775
20200914,"14:29:01","SH","NB",13690724809,16047442231,29738167040,-2356717422
20200914,"14:29:01","SZ","NB",23880120724,24440766313,48320887037,-560645589
20200914,"14:30:01","SH","NB",13722108993,16087371820,29809480813,-2365262827
20200914,"14:30:01","SZ","NB",23917664472,24498416084,48416080556,-580751612
20200914,"14:31:01","SH","NB",13777103884,16127005036,29904108920,-2349901152
20200914,"14:31:01","SZ","NB",24022092162,24557246015,48579338177,-535153853
20200914,"14:32:01","SZ","NB",24099363913,24726097744,48825461657,-626733831
20200914,"14:32:01","SH","NB",13832084283,16238880647,30070964930,-2406796364
20200914,"14:33:01","SH","NB",13877493223,16373590960,30251084183,-2496097737
20200914,"14:33:01","SZ","NB",24171702487,24863128839,49034831326,-691426352
20200914,"14:34:01","SH","NB",13920338914,16422307014,30342645928,-2501968100
20200914,"14:34:01","SZ","NB",24261145095,24923396836,49184541931,-662251741
20200914,"14:35:01","SH","NB",13981458003,16476258347,30457716350,-2494800344
20200914,"14:35:01","SZ","NB",24378236209,24976426746,49354662955,-598190537
20200914,"14:36:01","SH","NB",14042313653,16541186204,30583499857,-2498872551
20200914,"14:36:01","SZ","NB",24467412713,25040676860,49508089573,-573264147
20200914,"14:37:01","SH","NB",14097174672,16592494472,30689669144,-2495319800
20200914,"14:37:01","SZ","NB",24572596299,25091099017,49663695316,-518502718
20200914,"14:38:01","SH","NB",14172492658,16641557867,30814050525,-2469065209
20200914,"14:38:01","SZ","NB",24693464020,25155479485,49848943505,-462015465
20200914,"14:39:01","SH","NB",14217610109,16700561330,30918171439,-2482951221
20200914,"14:39:01","SZ","NB",24756946574,25238120120,49995066694,-481173546
20200914,"14:40:01","SH","NB",14253910193,16770276512,31024186705,-2516366319
20200914,"14:40:01","SZ","NB",24811314225,25313990552,50125304777,-502676327
20200914,"14:41:01","SH","NB",14309354425,16820635560,31129989985,-2511281135
20200914,"14:41:01","SZ","NB",24898909823,25369457820,50268367643,-470547997
20200914,"14:42:01","SZ","NB",25024351613,25437012841,50461364454,-412661228
20200914,"14:42:01","SH","NB",14376850225,16877457547,31254307772,-2500607322
20200914,"14:43:01","SH","NB",14427754395,16933405379,31361159774,-2505650984
20200914,"14:43:01","SZ","NB",25116214492,25510666575,50626881067,-394452083
20200914,"14:44:01","SH","NB",14481153059,17008916172,31490069231,-2527763113
20200914,"14:44:01","SZ","NB",25178200402,25593963707,50772164109,-415763305
20200914,"14:45:01","SH","NB",14531195353,17058187319,31589382672,-2526991966
20200914,"14:45:01","SZ","NB",25243893069,25660548402,50904441471,-416655333
20200914,"14:46:01","SH","NB",14608738497,17115746385,31724484882,-2507007888
20200914,"14:46:01","SZ","NB",25341124010,25733134400,51074258410,-392010390
20200914,"14:47:01","SH","NB",14685589491,17183153425,31868742916,-2497563934
20200914,"14:47:01","SZ","NB",25437153750,25793523226,51230676976,-356369476
20200914,"14:48:01","SH","NB",14728303091,17242473034,31970776125,-2514169943
20200914,"14:48:01","SZ","NB",25492016773,25868744611,51360761384,-376727838
20200914,"14:49:01","SH","NB",14783346331,17310054145,32093400476,-2526707814
20200914,"14:49:01","SZ","NB",25550044845,25952928014,51502972859,-402883169
20200914,"14:50:01","SH","NB",14837351103,17381142488,32218493591,-2543791385
20200914,"14:50:01","SZ","NB",25608359958,26032566451,51640926409,-424206493
20200914,"14:51:01","SH","NB",14910079852,17473207821,32383287673,-2563127969
20200914,"14:51:01","SZ","NB",25700132592,26138153049,51838285641,-438020457
20200914,"14:52:01","SZ","NB",25797644837,26226535926,52024180763,-428891089
20200914,"14:52:01","SH","NB",14977899403,17547529609,32525429012,-2569630206
20200914,"14:53:01","SH","NB",15038403818,17641385750,32679789568,-2602981932
20200914,"14:53:01","SZ","NB",25885376105,26345736941,52231113046,-460360836
20200914,"14:54:01","SH","NB",15111860685,17731595502,32843456187,-2619734817
20200914,"14:54:01","SZ","NB",25969429477,26454161613,52423591090,-484732136
20200914,"14:55:01","SH","NB",15168994151,17799819339,32968813490,-2630825188
20200914,"14:55:01","SZ","NB",26044110118,26532902268,52577012386,-488792150
20200914,"14:56:01","SH","NB",15287022648,17902567091,33189589739,-2615544443
20200914,"14:56:01","SZ","NB",26205616553,26648948969,52854565522,-443332416
20200914,"14:57:01","SH","NB",15362134000,17983584941,33345718941,-2621450941
20200914,"14:57:01","SZ","NB",26287380119,26747959817,53035339936,-460579698
20200914,"14:58:01","SH","NB",15364079660,17985033785,33349113445,-2620954125
20200914,"14:58:01","SZ","NB",26287968482,26751651026,53039619508,-463682544
20200914,"15:00:01","SZ","NB",26352734232,26815833930,53168568162,-463099698
20200914,"15:01:01","SH","NB",15678113426,18361742824,34039856250,-2683629398
20200914,"15:01:01","SZ","NB",26519974110,26979669363,53499643473,-459695253
