dataDate,dataTime,connectMarket,tradeDirection,buyTurnover,sellTurnover,totalTurnover,netTurnover
20200402,"09:30:01","SH","NB",84583432,110920300,195503732,-26336868
20200402,"09:30:01","SZ","NB",148090479,114581339,262671818,33509140
20200402,"09:31:01","SH","NB",251031565,252197207,503228772,-1165642
20200402,"09:31:01","SZ","NB",475637184,366702834,842340018,108934350
20200402,"09:32:01","SH","NB",426731460,433819785,860551245,-7088325
20200402,"09:32:01","SZ","NB",816949503,623104666,1440054169,193844837
20200402,"09:33:01","SH","NB",550224899,506961763,1057186662,43263136
20200402,"09:33:01","SZ","NB",1019431890,793069146,1812501036,226362744
20200402,"09:34:01","SH","NB",637669328,642205571,1279874899,-4536243
20200402,"09:34:01","SZ","NB",1206658858,1052992123,2259650981,153666735
20200402,"09:35:01","SH","NB",790849838,739677489,1530527327,51172349
20200402,"09:35:01","SZ","NB",1511430960,1243943189,2755374149,267487771
20200402,"09:36:01","SH","NB",876899099,855485775,1732384874,21413324
20200402,"09:36:01","SZ","NB",1669486906,1455709560,3125196466,213777346
20200402,"09:37:01","SH","NB",973278647,979699062,1952977709,-6420415
20200402,"09:37:01","SZ","NB",1885156525,1703879534,3589036059,181276991
20200402,"09:38:01","SH","NB",1064405027,1075221895,2139626922,-10816868
20200402,"09:38:01","SZ","NB",2071231476,1859476474,3930707950,211755002
20200402,"09:39:01","SZ","NB",2209974508,2047875052,4257849560,162099456
20200402,"09:39:01","SH","NB",1129563569,1203432271,2332995840,-73868702
20200402,"09:40:01","SH","NB",1235610749,1278660719,2514271468,-43049970
20200402,"09:40:01","SZ","NB",2441467990,2186186286,4627654276,255281704
20200402,"09:41:01","SH","NB",1326317670,1492565189,2818882859,-166247519
20200402,"09:41:01","SZ","NB",2646597622,2517639024,5164236646,128958598
20200402,"09:42:01","SH","NB",1385035429,1626757537,3011792966,-241722108
20200402,"09:42:01","SZ","NB",2795970555,2647814533,5443785088,148156022
20200402,"09:43:01","SH","NB",1490411673,1730602316,3221013989,-240190643
20200402,"09:43:01","SZ","NB",3017275016,2738666140,5755941156,278608876
20200402,"09:44:01","SH","NB",1589442340,1785803535,3375245875,-196361195
20200402,"09:44:01","SZ","NB",3186196275,2828811249,6015007524,357385026
20200402,"09:45:01","SZ","NB",3285224646,2942916254,6228140900,342308392
20200402,"09:45:01","SH","NB",1641044194,1860325207,3501369401,-219281013
20200402,"09:46:01","SH","NB",1785323743,1963458820,3748782563,-178135077
20200402,"09:46:01","SZ","NB",3528888213,3074397133,6603285346,454491080
20200402,"09:47:01","SH","NB",1845350076,2034762201,3880112277,-189412125
20200402,"09:47:01","SZ","NB",3628832935,3205023470,6833856405,423809465
20200402,"09:48:01","SH","NB",1929470172,2082871124,4012341296,-153400952
20200402,"09:48:01","SZ","NB",3768899411,3293922736,7062822147,474976675
20200402,"09:49:01","SH","NB",2016819786,2145148980,4161968766,-128329194
20200402,"09:49:01","SZ","NB",3869293115,3421602007,7290895122,447691108
20200402,"09:50:01","SZ","NB",3930026930,3577387567,7507414497,352639363
20200402,"09:50:01","SH","NB",2062575580,2220861218,4283436798,-158285638
20200402,"09:51:01","SH","NB",2150386705,2333696772,4484083477,-183310067
20200402,"09:51:01","SZ","NB",4071475036,3827531477,7899006513,243943559
20200402,"09:52:01","SH","NB",2204800188,2380400084,4585200272,-175599896
20200402,"09:52:01","SZ","NB",4165200936,3923164873,8088365809,242036063
20200402,"09:53:01","SH","NB",2242850283,2414618115,4657468398,-171767832
20200402,"09:53:01","SZ","NB",4222157508,4025432661,8247590169,196724847
20200402,"09:54:01","SH","NB",2296306813,2466958930,4763265743,-170652117
20200402,"09:54:01","SZ","NB",4303326130,4142223052,8445549182,161103078
20200402,"09:55:01","SH","NB",2342858982,2540057056,4882916038,-197198074
20200402,"09:55:01","SZ","NB",4361706677,4275764654,8637471331,85942023
20200402,"09:56:01","SH","NB",2469775188,2622067970,5091843158,-152292782
20200402,"09:56:01","SZ","NB",4575126155,4425685969,9000812124,149440186
20200402,"09:57:01","SZ","NB",4641521320,4524566709,9166088029,116954611
20200402,"09:57:01","SH","NB",2527963218,2716224957,5244188175,-188261739
20200402,"09:58:01","SH","NB",2577776183,2760395467,5338171650,-182619284
20200402,"09:58:01","SZ","NB",4725731855,4575535412,9301267267,150196443
20200402,"09:59:01","SH","NB",2638294015,2824289282,5462583297,-185995267
20200402,"09:59:01","SZ","NB",4789192104,4649944254,9439136358,139247850
20200402,"10:00:01","SH","NB",2677830032,2867781559,5545611591,-189951527
20200402,"10:00:01","SZ","NB",4875389361,4738574296,9613963657,136815065
20200402,"10:01:01","SH","NB",2799608478,2912329845,5711938323,-112721367
20200402,"10:01:01","SZ","NB",5076519455,4810467586,9886987041,266051869
20200402,"10:02:01","SH","NB",2844903187,3020123844,5865027031,-175220657
20200402,"10:02:01","SZ","NB",5141349467,4941726724,10083076191,199622743
20200402,"10:03:01","SH","NB",2909631124,3054193656,5963824780,-144562532
20200402,"10:03:01","SZ","NB",5238630924,4983928870,10222559794,254702054
20200402,"10:04:01","SH","NB",2959589789,3086963701,6046553490,-127373912
20200402,"10:04:01","SZ","NB",5301920192,5035670042,10337590234,266250150
20200402,"10:05:01","SZ","NB",5396410065,5086612504,10483022569,309797561
20200402,"10:05:01","SH","NB",3036821150,3118102970,6154924120,-81281820
20200402,"10:06:01","SH","NB",3090116261,3155006032,6245122293,-64889771
20200402,"10:06:01","SZ","NB",5450852886,5171221901,10622074787,279630985
20200402,"10:07:01","SH","NB",3179598008,3188849573,6368447581,-9251565
20200402,"10:07:01","SZ","NB",5528949589,5235084515,10764034104,293865074
20200402,"10:08:01","SH","NB",3296293651,3229556356,6525850007,66737295
20200402,"10:08:01","SZ","NB",5646444491,5310116635,10956561126,336327856
20200402,"10:09:01","SH","NB",3368826371,3286332988,6655159359,82493383
20200402,"10:09:01","SZ","NB",5740460223,5435276463,11175736686,305183760
20200402,"10:10:01","SH","NB",3410850198,3341712690,6752562888,69137508
20200402,"10:10:01","SZ","NB",5799400095,5527758934,11327159029,271641161
20200402,"10:11:01","SH","NB",3460763920,3423477746,6884241666,37286174
20200402,"10:11:01","SZ","NB",5875056922,5687331974,11562388896,187724948
20200402,"10:12:01","SH","NB",3538246918,3470378022,7008624940,67868896
20200402,"10:12:01","SZ","NB",5995475410,5782497049,11777972459,212978361
20200402,"10:13:01","SH","NB",3670342027,3510997756,7181339783,159344271
20200402,"10:13:01","SZ","NB",6208270999,5855894782,12064165781,352376217
20200402,"10:14:01","SZ","NB",6290139291,5996361430,12286500721,293777861
20200402,"10:14:01","SH","NB",3715106934,3595439371,7310546305,119667563
20200402,"10:15:01","SH","NB",3752771566,3634293456,7387065022,118478110
20200402,"10:15:01","SZ","NB",6343536293,6043668220,12387204513,299868073
20200402,"10:16:01","SH","NB",3790722217,3671912175,7462634392,118810042
20200402,"10:16:01","SZ","NB",6408597065,6095251208,12503848273,313345857
20200402,"10:17:01","SH","NB",3825276157,3701327913,7526604070,123948244
20200402,"10:17:01","SZ","NB",6456235411,6149145747,12605381158,307089664
20200402,"10:18:01","SH","NB",3861123094,3744213516,7605336610,116909578
20200402,"10:18:01","SZ","NB",6496299764,6224915536,12721215300,271384228
20200402,"10:19:01","SZ","NB",6552580655,6289456940,12842037595,263123715
20200402,"10:19:01","SH","NB",3905079302,3790586061,7695665363,114493241
20200402,"10:20:01","SH","NB",3972049524,3817616663,7789666187,154432861
20200402,"10:20:01","SZ","NB",6679815998,6324786792,13004602790,355029206
20200402,"10:21:01","SH","NB",4055187729,3857621899,7912809628,197565830
20200402,"10:21:01","SZ","NB",6807365604,6399485654,13206851258,407879950
20200402,"10:22:01","SH","NB",4095522755,3961830860,8057353615,133691895
20200402,"10:22:01","SZ","NB",6871915983,6590917072,13462833055,280998911
20200402,"10:23:01","SH","NB",4135928386,3989952600,8125880986,145975786
20200402,"10:23:01","SZ","NB",6933419907,6625649061,13559068968,307770846
20200402,"10:24:01","SH","NB",4206468367,4022032707,8228501074,184435660
20200402,"10:24:01","SZ","NB",7030829488,6674315498,13705144986,356513990
20200402,"10:25:01","SZ","NB",7082173350,6736328163,13818501513,345845187
20200402,"10:25:01","SH","NB",4249550142,4070031080,8319581222,179519062
20200402,"10:26:01","SH","NB",4275978777,4133920858,8409899635,142057919
20200402,"10:26:01","SZ","NB",7129436231,6817575118,13947011349,311861113
20200402,"10:27:01","SH","NB",4302017924,4178715930,8480733854,123301994
20200402,"10:27:01","SZ","NB",7163677326,6858163086,14021840412,305514240
20200402,"10:28:01","SH","NB",4333201650,4254510771,8587712421,78690879
20200402,"10:28:01","SZ","NB",7202174323,6924832594,14127006917,277341729
20200402,"10:29:01","SH","NB",4368719708,4333137144,8701856852,35582564
20200402,"10:29:01","SZ","NB",7247938465,7017175089,14265113554,230763376
20200402,"10:30:01","SH","NB",4415958282,4369557419,8785515701,46400863
20200402,"10:30:01","SZ","NB",7313000498,7058771357,14371771855,254229141
20200402,"10:31:01","SH","NB",4460495107,4421222985,8881718092,39272122
20200402,"10:31:01","SZ","NB",7396734259,7147144067,14543878326,249590192
20200402,"10:32:01","SH","NB",4503467981,4472799632,8976267613,30668349
20200402,"10:32:01","SZ","NB",7447868504,7219001221,14666869725,228867283
20200402,"10:33:01","SH","NB",4540909932,4502511785,9043421717,38398147
20200402,"10:33:01","SZ","NB",7507178741,7263778022,14770956763,243400719
20200402,"10:34:01","SH","NB",4582411622,4534215842,9116627464,48195780
20200402,"10:34:01","SZ","NB",7565404794,7298301216,14863706010,267103578
20200402,"10:35:01","SZ","NB",7628864907,7332878818,14961743725,295986089
20200402,"10:35:01","SH","NB",4624891851,4559437169,9184329020,65454682
20200402,"10:36:01","SH","NB",4661961207,4626642332,9288603539,35318875
20200402,"10:36:01","SZ","NB",7676826187,7405965286,15082791473,270860901
20200402,"10:37:01","SH","NB",4690648644,4649372511,9340021155,41276133
20200402,"10:37:01","SZ","NB",7709764907,7443211050,15152975957,266553857
20200402,"10:38:01","SH","NB",4724896657,4673721447,9398618104,51175210
20200402,"10:38:01","SZ","NB",7756621543,7473200604,15229822147,283420939
20200402,"10:39:01","SH","NB",4750916943,4693097893,9444014836,57819050
20200402,"10:39:01","SZ","NB",7792484437,7495899098,15288383535,296585339
20200402,"10:40:01","SH","NB",4790570019,4714663147,9505233166,75906872
20200402,"10:40:01","SZ","NB",7875453027,7526457955,15401910982,348995072
20200402,"10:41:01","SH","NB",4879775525,4755360330,9635135855,124415195
20200402,"10:41:01","SZ","NB",8058641624,7591143461,15649785085,467498163
20200402,"10:42:01","SH","NB",4926161381,4859786131,9785947512,66375250
20200402,"10:42:01","SZ","NB",8094191938,7696906486,15791098424,397285452
20200402,"10:43:01","SH","NB",4980174650,4884982887,9865157537,95191763
20200402,"10:43:01","SZ","NB",8186544676,7728574041,15915118717,457970635
20200402,"10:44:01","SH","NB",5019011135,4911519337,9930530472,107491798
20200402,"10:44:01","SZ","NB",8229696088,7755121693,15984817781,474574395
20200402,"10:45:01","SZ","NB",8269716516,7794914576,16064631092,474801940
20200402,"10:45:01","SH","NB",5052915348,4946911407,9999826755,106003941
20200402,"10:46:01","SH","NB",5078509281,4972730264,10051239545,105779017
20200402,"10:46:01","SZ","NB",8301269188,7833966503,16135235691,467302685
20200402,"10:47:01","SH","NB",5128100536,4997627932,10125728468,130472604
20200402,"10:47:01","SZ","NB",8406114542,7861430088,16267544630,544684454
20200402,"10:48:01","SH","NB",5159946526,5027686472,10187632998,132260054
20200402,"10:48:01","SZ","NB",8440823405,7897017385,16337840790,543806020
20200402,"10:49:01","SH","NB",5203950261,5052968495,10256918756,150981766
20200402,"10:49:01","SZ","NB",8480741269,7930837589,16411578858,549903680
20200402,"10:50:01","SZ","NB",8520113921,7969465189,16489579110,550648732
20200402,"10:50:01","SH","NB",5235389431,5080691464,10316080895,154697967
20200402,"10:51:01","SH","NB",5282524542,5119725113,10402249655,162799429
20200402,"10:51:01","SZ","NB",8594019214,8029046297,16623065511,564972917
20200402,"10:52:01","SH","NB",5398229131,5150365193,10548594324,247863938
20200402,"10:52:01","SZ","NB",8751510188,8063023704,16814533892,688486484
20200402,"10:53:01","SH","NB",5483061194,5198534323,10681595517,284526871
20200402,"10:53:01","SZ","NB",8912619848,8110918701,17023538549,801701147
20200402,"10:54:01","SH","NB",5522172847,5270539307,10792712154,251633540
20200402,"10:54:01","SZ","NB",8952354267,8208050807,17160405074,744303460
20200402,"10:55:01","SH","NB",5565324867,5305909780,10871234647,259415087
20200402,"10:55:01","SZ","NB",8998413307,8254775506,17253188813,743637801
20200402,"10:56:01","SH","NB",5596797085,5330277644,10927074729,266519441
20200402,"10:56:01","SZ","NB",9044484310,8286154623,17330638933,758329687
20200402,"10:57:01","SH","NB",5622180096,5366873172,10989053268,255306924
20200402,"10:57:01","SZ","NB",9097761283,8337789964,17435551247,759971319
20200402,"10:58:01","SZ","NB",9145656642,8381354396,17527011038,764302246
20200402,"10:58:01","SH","NB",5654438039,5415573352,11070011391,238864687
20200402,"10:59:01","SH","NB",5694844259,5433440853,11128285112,261403406
20200402,"10:59:01","SZ","NB",9197324648,8407235820,17604560468,790088828
20200402,"11:00:01","SH","NB",5735869867,5456056935,11191926802,279812932
20200402,"11:00:01","SZ","NB",9235720597,8431460525,17667181122,804260072
20200402,"11:01:01","SH","NB",5810344939,5491302090,11301647029,319042849
20200402,"11:01:01","SZ","NB",9348218567,8489910340,17838128907,858308227
20200402,"11:02:01","SH","NB",5865622648,5525976950,11391599598,339645698
20200402,"11:02:01","SZ","NB",9409569830,8554381124,17963950954,855188706
20200402,"11:03:01","SH","NB",5897356761,5555813705,11453170466,341543056
20200402,"11:03:01","SZ","NB",9461307987,8594234264,18055542251,867073723
20200402,"11:04:01","SH","NB",5966085001,5580175819,11546260820,385909182
20200402,"11:04:01","SZ","NB",9564606788,8636201327,18200808115,928405461
20200402,"11:05:01","SH","NB",6003017976,5611091126,11614109102,391926850
20200402,"11:05:01","SZ","NB",9630712214,8675194316,18305906530,955517898
20200402,"11:06:01","SH","NB",6045369242,5725385475,11770754717,319983767
20200402,"11:06:01","SZ","NB",9679928532,8791251702,18471180234,888676830
20200402,"11:07:01","SZ","NB",9718466326,8838603905,18557070231,879862421
20200402,"11:07:01","SH","NB",6072361971,5761257109,11833619080,311104862
20200402,"11:08:01","SH","NB",6102375685,5783710975,11886086660,318664710
20200402,"11:08:01","SZ","NB",9759780946,8877499489,18637280435,882281457
20200402,"11:09:01","SH","NB",6122399239,5801930244,11924329483,320468995
20200402,"11:09:01","SZ","NB",9791402276,8920515236,18711917512,870887040
20200402,"11:10:01","SH","NB",6192042747,5822671049,12014713796,369371698
20200402,"11:10:01","SZ","NB",9826732082,8960566709,18787298791,866165373
20200402,"11:11:01","SH","NB",6291459262,5855878494,12147337756,435580768
20200402,"11:11:01","SZ","NB",9972927028,9008551299,18981478327,964375729
20200402,"11:12:01","SZ","NB",10029238466,9104130226,19133368692,925108240
20200402,"11:12:01","SH","NB",6349197541,5904979439,12254176980,444218102
20200402,"11:13:01","SH","NB",6368107602,5921787010,12289894612,446320592
20200402,"11:13:01","SZ","NB",10063956095,9125804629,19189760724,938151466
20200402,"11:14:01","SH","NB",6393581242,5935924185,12329505427,457657057
20200402,"11:14:01","SZ","NB",10095003528,9144915528,19239919056,950088000
20200402,"11:15:01","SH","NB",6417283642,5958533782,12375817424,458749860
20200402,"11:15:01","SZ","NB",10124353313,9176033222,19300386535,948320091
20200402,"11:16:01","SH","NB",6458808858,5979910365,12438719223,478898493
20200402,"11:16:01","SZ","NB",10212357839,9202502665,19414860504,1009855174
20200402,"11:17:01","SH","NB",6482032320,5996365973,12478398293,485666347
20200402,"11:17:01","SZ","NB",10252665677,9237664936,19490330613,1015000741
20200402,"11:18:01","SZ","NB",10281552885,9266456597,19548009482,1015096288
20200402,"11:18:01","SH","NB",6503108409,6016326503,12519434912,486781906
20200402,"11:19:01","SH","NB",6550555551,6035746723,12586302274,514808828
20200402,"11:19:01","SZ","NB",10354394552,9309469177,19663863729,1044925375
20200402,"11:20:01","SZ","NB",10450307715,9335807286,19786115001,1114500429
20200402,"11:20:01","SH","NB",6602525488,6055186017,12657711505,547339471
20200402,"11:21:01","SH","NB",6669907467,6094608611,12764516078,575298856
20200402,"11:21:01","SZ","NB",10540761585,9393169150,19933930735,1147592435
20200402,"11:22:01","SH","NB",6698575612,6130006716,12828582328,568568896
20200402,"11:22:01","SZ","NB",10591976302,9444904116,20036880418,1147072186
20200402,"11:23:01","SH","NB",6776330648,6151254386,12927585034,625076262
20200402,"11:23:01","SZ","NB",10736774571,9471590213,20208364784,1265184358
20200402,"11:24:01","SH","NB",6822021007,6181435175,13003456182,640585832
20200402,"11:24:01","SZ","NB",10809542431,9508533567,20318075998,1301008864
20200402,"11:25:01","SH","NB",6874872740,6207347888,13082220628,667524852
20200402,"11:25:01","SZ","NB",10885648350,9532517909,20418166259,1353130441
20200402,"11:26:01","SH","NB",6909721679,6255968415,13165690094,653753264
20200402,"11:26:01","SZ","NB",10924806335,9605723097,20530529432,1319083238
20200402,"11:27:01","SH","NB",6935801289,6286262192,13222063481,649539097
20200402,"11:27:01","SZ","NB",10955373038,9638741499,20594114537,1316631539
20200402,"11:28:01","SH","NB",6959459039,6321596708,13281055747,637862331
20200402,"11:28:01","SZ","NB",10984983920,9680270579,20665254499,1304713341
20200402,"11:29:01","SH","NB",6983387794,6349490829,13332878623,633896965
20200402,"11:29:01","SZ","NB",11008259427,9732301828,20740561255,1275957599
20200402,"11:30:01","SZ","NB",11028763411,9754197283,20782960694,1274566128
20200402,"11:30:01","SH","NB",7000266011,6365646851,13365912862,634619160
20200402,"11:31:01","SH","NB",7000285060,6365677382,13365962442,634607678
20200402,"11:31:01","SZ","NB",11028763411,9754334183,20783097594,1274429228
20200402,"13:00:01","SH","NB",7000285060,6365687178,13365972238,634597882
20200402,"13:00:01","SZ","NB",11034451956,9761932236,20796384192,1272519720
20200402,"13:01:01","SH","NB",7101780189,6464968915,13566749104,636811274
20200402,"13:01:01","SZ","NB",11126513568,9895547756,21022061324,1230965812
20200402,"13:02:01","SH","NB",7145437532,6495871415,13641308947,649566117
20200402,"13:02:01","SZ","NB",11182112095,9944607325,21126719420,1237504770
20200402,"13:03:01","SH","NB",7195392502,6539439799,13734832301,655952703
20200402,"13:03:01","SZ","NB",11218378944,9997280100,21215659044,1221098844
20200402,"13:04:01","SH","NB",7225409686,6578688544,13804098230,646721142
20200402,"13:04:01","SZ","NB",11254929686,10056858660,21311788346,1198071026
20200402,"13:05:01","SH","NB",7260948735,6647557790,13908506525,613390945
20200402,"13:05:01","SZ","NB",11295727522,10138859724,21434587246,1156867798
20200402,"13:06:01","SH","NB",7290662415,6695932543,13986594958,594729872
20200402,"13:06:01","SZ","NB",11333174620,10208631829,21541806449,1124542791
20200402,"13:07:01","SH","NB",7327671110,6730362673,14058033783,597308437
20200402,"13:07:01","SZ","NB",11390462525,10251253957,21641716482,1139208568
20200402,"13:08:01","SZ","NB",11438511313,10290849771,21729361084,1147661542
20200402,"13:08:01","SH","NB",7369569792,6758829907,14128399699,610739885
20200402,"13:09:01","SH","NB",7399128277,6787850866,14186979143,611277411
20200402,"13:09:01","SZ","NB",11472616621,10340806886,21813423507,1131809735
20200402,"13:10:01","SH","NB",7426548549,6821494892,14248043441,605053657
20200402,"13:10:01","SZ","NB",11503001654,10397849362,21900851016,1105152292
20200402,"13:11:01","SH","NB",7476189880,6897189734,14373379614,579000146
20200402,"13:11:01","SZ","NB",11563235001,10529248935,22092483936,1033986066
20200402,"13:12:01","SH","NB",7525839400,6941664234,14467503634,584175166
20200402,"13:12:01","SZ","NB",11614027002,10578701707,22192728709,1035325295
20200402,"13:13:01","SH","NB",7575474739,6971480769,14546955508,603993970
20200402,"13:13:01","SZ","NB",11702357709,10616793865,22319151574,1085563844
20200402,"13:14:01","SH","NB",7611446713,7000954866,14612401579,610491847
20200402,"13:14:01","SZ","NB",11747096660,10654025167,22401121827,1093071493
20200402,"13:15:01","SH","NB",7648496010,7045935732,14694431742,602560278
20200402,"13:15:01","SZ","NB",11784145849,10722068675,22506214524,1062077174
20200402,"13:16:01","SH","NB",7680245206,7070390971,14750636177,609854235
20200402,"13:16:01","SZ","NB",11832323489,10761329918,22593653407,1070993571
20200402,"13:17:01","SH","NB",7709691277,7089393098,14799084375,620298179
20200402,"13:17:01","SZ","NB",11882471980,10789140378,22671612358,1093331602
20200402,"13:18:01","SZ","NB",11923398661,10830937025,22754335686,1092461636
20200402,"13:18:01","SH","NB",7742374031,7111987018,14854361049,630387013
20200402,"13:19:01","SH","NB",7776411764,7133344904,14909756668,643066860
20200402,"13:19:01","SZ","NB",11959129756,10863472825,22822602581,1095656931
20200402,"13:20:01","SH","NB",7812504464,7156632854,14969137318,655871610
20200402,"13:20:01","SZ","NB",11995347207,10892161998,22887509205,1103185209
20200402,"13:21:01","SH","NB",7893408575,7187816474,15081225049,705592101
20200402,"13:21:01","SZ","NB",12094943470,10937625390,23032568860,1157318080
20200402,"13:22:01","SH","NB",7941364295,7225520147,15166884442,715844148
20200402,"13:22:01","SZ","NB",12169842965,10992685534,23162528499,1177157431
20200402,"13:23:01","SH","NB",7968034716,7279539849,15247574565,688494867
20200402,"13:23:01","SZ","NB",12212476053,11084225643,23296701696,1128250410
20200402,"13:24:01","SZ","NB",12253393244,11126516361,23379909605,1126876883
20200402,"13:24:01","SH","NB",7997047106,7308172233,15305219339,688874873
20200402,"13:25:01","SH","NB",8024499877,7330290655,15354790532,694209222
20200402,"13:25:01","SZ","NB",12290410150,11153840203,23444250353,1136569947
20200402,"13:26:01","SH","NB",8058577242,7388494464,15447071706,670082778
20200402,"13:26:01","SZ","NB",12319270263,11217616980,23536887243,1101653283
20200402,"13:27:01","SH","NB",8094780467,7429801993,15524582460,664978474
20200402,"13:27:01","SZ","NB",12351650467,11271786373,23623436840,1079864094
20200402,"13:28:01","SH","NB",8122085573,7462293100,15584378673,659792473
20200402,"13:28:01","SZ","NB",12380903592,11311525348,23692428940,1069378244
20200402,"13:29:01","SH","NB",8150891814,7522265193,15673157007,628626621
20200402,"13:29:01","SZ","NB",12406431085,11393178813,23799609898,1013252272
20200402,"13:30:01","SH","NB",8187362041,7557083099,15744445140,630278942
20200402,"13:30:01","SZ","NB",12439816501,11432131729,23871948230,1007684772
20200402,"13:31:01","SH","NB",8282312386,7610481712,15892794098,671830674
20200402,"13:31:01","SZ","NB",12527785522,11505734083,24033519605,1022051439
20200402,"13:32:01","SH","NB",8351600326,7640725652,15992325978,710874674
20200402,"13:32:01","SZ","NB",12627489831,11536919562,24164409393,1090570269
20200402,"13:33:01","SZ","NB",12678967649,11589212398,24268180047,1089755251
20200402,"13:33:01","SH","NB",8395513438,7677485392,16072998830,718028046
20200402,"13:34:01","SH","NB",8429283194,7710445318,16139728512,718837876
20200402,"13:34:01","SZ","NB",12715241834,11626165109,24341406943,1089076725
20200402,"13:35:01","SH","NB",8516922940,7740557273,16257480213,776365667
20200402,"13:35:01","SZ","NB",12791357939,11655848048,24447205987,1135509891
20200402,"13:36:01","SH","NB",8634469979,7781348788,16415818767,853121191
20200402,"13:36:01","SZ","NB",12902911089,11692342294,24595253383,1210568795
20200402,"13:37:01","SH","NB",8691211087,7837886791,16529097878,853324296
20200402,"13:37:01","SZ","NB",13006321893,11783346304,24789668197,1222975589
20200402,"13:38:01","SH","NB",8724259863,7871629484,16595889347,852630379
20200402,"13:38:01","SZ","NB",13045654614,11824423697,24870078311,1221230917
20200402,"13:39:01","SH","NB",8890592326,7939436557,16830028883,951155769
20200402,"13:39:01","SZ","NB",13221265032,11901014025,25122279057,1320251007
20200402,"13:40:01","SH","NB",8937028273,8055686075,16992714348,881342198
20200402,"13:40:01","SZ","NB",13269802471,12055908079,25325710550,1213894392
20200402,"13:41:01","SH","NB",8981693884,8118539445,17100233329,863154439
20200402,"13:41:01","SZ","NB",13336008480,12127379114,25463387594,1208629366
20200402,"13:42:01","SZ","NB",13401350918,12160852675,25562203593,1240498243
20200402,"13:42:01","SH","NB",9025609015,8150925541,17176534556,874683474
20200402,"13:43:01","SH","NB",9061931639,8194067028,17255998667,867864611
20200402,"13:43:01","SZ","NB",13445994974,12238858705,25684853679,1207136269
20200402,"13:44:01","SH","NB",9096051234,8227005672,17323056906,869045562
20200402,"13:44:01","SZ","NB",13485139339,12274802170,25759941509,1210337169
20200402,"13:45:01","SZ","NB",13559546505,12308025423,25867571928,1251521082
20200402,"13:45:01","SH","NB",9155395315,8254030391,17409425706,901364924
20200402,"13:46:01","SH","NB",9204014323,8296345566,17500359889,907668757
20200402,"13:46:01","SZ","NB",13598106535,12375418324,25973524859,1222688211
20200402,"13:47:01","SH","NB",9269576930,8320726244,17590303174,948850686
20200402,"13:47:01","SZ","NB",13630091445,12405218090,26035309535,1224873355
20200402,"13:48:01","SH","NB",9301609248,8357518250,17659127498,944090998
20200402,"13:48:01","SZ","NB",13667079702,12447160306,26114240008,1219919396
20200402,"13:49:01","SH","NB",9333274281,8405605079,17738879360,927669202
20200402,"13:49:01","SZ","NB",13698149857,12504769895,26202919752,1193379962
20200402,"13:50:01","SH","NB",9362707356,8436712402,17799419758,925994954
20200402,"13:50:01","SZ","NB",13739613288,12549382763,26288996051,1190230525
20200402,"13:51:01","SZ","NB",13859604211,12606673814,26466278025,1252930397
20200402,"13:51:01","SH","NB",9453770289,8476873856,17930644145,976896433
20200402,"13:52:01","SH","NB",9511809053,8508091297,18019900350,1003717756
20200402,"13:52:01","SZ","NB",13913737679,12651156336,26564894015,1262581343
20200402,"13:53:01","SH","NB",9562523489,8554583660,18117107149,1007939829
20200402,"13:53:01","SZ","NB",13950529121,12708851684,26659380805,1241677437
20200402,"13:54:01","SH","NB",9595439222,8574170668,18169609890,1021268554
20200402,"13:54:01","SZ","NB",14005482640,12745614267,26751096907,1259868373
20200402,"13:55:01","SH","NB",9627496368,8611976921,18239473289,1015519447
20200402,"13:55:01","SZ","NB",14058683588,12804774220,26863457808,1253909368
20200402,"13:56:01","SH","NB",9658216386,8647459283,18305675669,1010757103
20200402,"13:56:01","SZ","NB",14087863103,12846399541,26934262644,1241463562
20200402,"13:57:01","SH","NB",9686766970,8673799835,18360566805,1012967135
20200402,"13:57:01","SZ","NB",14125431097,12880432631,27005863728,1244998466
20200402,"13:58:01","SZ","NB",14183837732,12906406734,27090244466,1277430998
20200402,"13:58:01","SH","NB",9728211223,8693507780,18421719003,1034703443
20200402,"13:59:01","SH","NB",9776251407,8717569031,18493820438,1058682376
20200402,"13:59:01","SZ","NB",14268228884,12941062684,27209291568,1327166200
20200402,"14:00:01","SH","NB",9837386133,8749927165,18587313298,1087458968
20200402,"14:00:01","SZ","NB",14362725746,12983651378,27346377124,1379074368
20200402,"14:01:01","SH","NB",10013579155,8798236434,18811815589,1215342721
20200402,"14:01:01","SZ","NB",14660381768,13065334665,27725716433,1595047103
20200402,"14:02:01","SH","NB",10082594565,8886533871,18969128436,1196060694
20200402,"14:02:01","SZ","NB",14769718506,13210365852,27980084358,1559352654
20200402,"14:03:01","SH","NB",10135417214,8928722084,19064139298,1206695130
20200402,"14:03:01","SZ","NB",14886692964,13255561916,28142254880,1631131048
20200402,"14:04:01","SH","NB",10180605621,8961685145,19142290766,1218920476
20200402,"14:04:01","SZ","NB",14928546981,13318350661,28246897642,1610196320
20200402,"14:05:01","SZ","NB",14996196740,13363628691,28359825431,1632568049
20200402,"14:05:01","SH","NB",10281771800,8990993571,19272765371,1290778229
20200402,"14:06:01","SH","NB",10370727467,9040604968,19411332435,1330122499
20200402,"14:06:01","SZ","NB",15106639408,13420070300,28526709708,1686569108
20200402,"14:07:01","SH","NB",10415321338,9110505119,19525826457,1304816219
20200402,"14:07:01","SZ","NB",15172532382,13534130576,28706662958,1638401806
20200402,"14:08:01","SH","NB",10453645825,9156230803,19609876628,1297415022
20200402,"14:08:01","SZ","NB",15217362786,13583069131,28800431917,1634293655
20200402,"14:09:01","SH","NB",10501295886,9204819191,19706115077,1296476695
20200402,"14:09:01","SZ","NB",15257121360,13654249861,28911371221,1602871499
20200402,"14:10:01","SH","NB",10554937946,9244420981,19799358927,1310516965
20200402,"14:10:01","SZ","NB",15309283772,13732101078,29041384850,1577182694
20200402,"14:11:01","SH","NB",10669489130,9289152143,19958641273,1380336987
20200402,"14:11:01","SZ","NB",15475188215,13802875995,29278064210,1672312220
20200402,"14:12:01","SH","NB",10732370705,9337748323,20070119028,1394622382
20200402,"14:12:01","SZ","NB",15565053113,13859144011,29424197124,1705909102
20200402,"14:13:01","SH","NB",10771011513,9428193181,20199204694,1342818332
20200402,"14:13:01","SZ","NB",15630501749,13970076711,29600578460,1660425038
20200402,"14:14:01","SH","NB",10801591975,9474015576,20275607551,1327576399
20200402,"14:14:01","SZ","NB",15685486216,14034279792,29719766008,1651206424
20200402,"14:15:01","SZ","NB",15736698337,14084019800,29820718137,1652678537
20200402,"14:15:01","SH","NB",10844008543,9505988397,20349996940,1338020146
20200402,"14:16:01","SH","NB",10874066297,9553934167,20428000464,1320132130
20200402,"14:16:01","SZ","NB",15784757524,14143696808,29928454332,1641060716
20200402,"14:17:01","SH","NB",10905305313,9589886435,20495191748,1315418878
20200402,"14:17:01","SZ","NB",15842933579,14196314234,30039247813,1646619345
20200402,"14:18:01","SH","NB",10931278454,9620601821,20551880275,1310676633
20200402,"14:18:01","SZ","NB",15882631688,14246682723,30129314411,1635948965
20200402,"14:19:01","SH","NB",10989077158,9641777616,20630854774,1347299542
20200402,"14:19:01","SZ","NB",15966354269,14279522548,30245876817,1686831721
20200402,"14:20:01","SH","NB",11024909227,9664956946,20689866173,1359952281
20200402,"14:20:01","SZ","NB",16082203135,14316235190,30398438325,1765967945
20200402,"14:21:01","SZ","NB",16361785594,14399694505,30761480099,1962091089
20200402,"14:21:01","SH","NB",11137764150,9717990459,20855754609,1419773691
20200402,"14:22:01","SH","NB",11237682228,9774711345,21012393573,1462970883
20200402,"14:22:01","SZ","NB",16569924314,14480749172,31050673486,2089175142
20200402,"14:23:01","SH","NB",11288655372,9819675583,21108330955,1468979789
20200402,"14:23:01","SZ","NB",16641606449,14575290678,31216897127,2066315771
20200402,"14:24:01","SH","NB",11337796985,9872270209,21210067194,1465526776
20200402,"14:24:01","SZ","NB",16701268601,14631612759,31332881360,2069655842
20200402,"14:25:01","SH","NB",11376672011,9922264983,21298936994,1454407028
20200402,"14:25:01","SZ","NB",16762578306,14714117893,31476696199,2048460413
20200402,"14:26:01","SH","NB",11419248564,9988757193,21408005757,1430491371
20200402,"14:26:01","SZ","NB",16812514712,14786963217,31599477929,2025551495
20200402,"14:27:01","SH","NB",11463395816,10050853559,21514249375,1412542257
20200402,"14:27:01","SZ","NB",16865809276,14891655326,31757464602,1974153950
20200402,"14:28:01","SZ","NB",16981499880,14938064957,31919564837,2043434923
20200402,"14:28:01","SH","NB",11528093294,10082144321,21610237615,1445948973
20200402,"14:29:01","SH","NB",11586195796,10114160143,21700355939,1472035653
20200402,"14:29:01","SZ","NB",17095913268,14996195528,32092108796,2099717740
20200402,"14:30:01","SH","NB",11700591227,10156448524,21857039751,1544142703
20200402,"14:30:01","SZ","NB",17298358753,15079174448,32377533201,2219184305
20200402,"14:31:01","SH","NB",11791097585,10250480398,22041577983,1540617187
20200402,"14:31:01","SZ","NB",17430547440,15291220923,32721768363,2139326517
20200402,"14:32:01","SH","NB",11843202470,10315782116,22158984586,1527420354
20200402,"14:32:01","SZ","NB",17497114780,15376917560,32874032340,2120197220
20200402,"14:33:01","SH","NB",11911496392,10363410875,22274907267,1548085517
20200402,"14:33:01","SZ","NB",17549493115,15457683558,33007176673,2091809557
20200402,"14:34:01","SH","NB",11971794972,10416596373,22388391345,1555198599
20200402,"14:34:01","SZ","NB",17653810421,15522155911,33175966332,2131654510
20200402,"14:35:01","SH","NB",12045379718,10452271042,22497650760,1593108676
20200402,"14:35:01","SZ","NB",17781080663,15577618800,33358699463,2203461863
20200402,"14:36:01","SH","NB",12159998703,10513145070,22673143773,1646853633
20200402,"14:36:01","SZ","NB",18027372369,15647617987,33674990356,2379754382
20200402,"14:37:01","SH","NB",12224971110,10586676044,22811647154,1638295066
20200402,"14:37:01","SZ","NB",18092411794,15785535282,33877947076,2306876512
20200402,"14:38:01","SZ","NB",18141105603,15869244092,34010349695,2271861511
20200402,"14:38:01","SH","NB",12276039026,10653019427,22929058453,1623019599
20200402,"14:39:01","SH","NB",12325479870,10691065189,23016545059,1634414681
20200402,"14:39:01","SZ","NB",18196801254,15941819034,34138620288,2254982220
20200402,"14:40:01","SH","NB",12388953681,10732792387,23121746068,1656161294
20200402,"14:40:01","SZ","NB",18285207445,16009473116,34294680561,2275734329
20200402,"14:41:01","SH","NB",12525039385,10801178559,23326217944,1723860826
20200402,"14:41:01","SZ","NB",18444943724,16118050508,34562994232,2326893216
20200402,"14:42:01","SH","NB",12602476268,10884467261,23486943529,1718009007
20200402,"14:42:01","SZ","NB",18505253655,16245597427,34750851082,2259656228
20200402,"14:43:01","SH","NB",12662244072,10934938726,23597182798,1727305346
20200402,"14:43:01","SZ","NB",18569094387,16311949773,34881044160,2257144614
20200402,"14:44:01","SH","NB",12769291795,10983587001,23752878796,1785704794
20200402,"14:44:01","SZ","NB",18702182525,16370261887,35072444412,2331920638
20200402,"14:45:01","SH","NB",12842625042,11035521760,23878146802,1807103282
20200402,"14:45:01","SZ","NB",18857989081,16452323366,35310312447,2405665715
20200402,"14:46:01","SZ","NB",18924037161,16558338778,35482375939,2365698383
20200402,"14:46:01","SH","NB",12902958900,11092587274,23995546174,1810371626
20200402,"14:47:01","SH","NB",12982627171,11147570151,24130197322,1835057020
20200402,"14:47:01","SZ","NB",18986647736,16660833919,35647481655,2325813817
20200402,"14:48:01","SH","NB",13058516887,11215324729,24273841616,1843192158
20200402,"14:48:01","SZ","NB",19068338107,16753709088,35822047195,2314629019
20200402,"14:49:01","SH","NB",13146498411,11263966027,24410464438,1882532384
20200402,"14:49:01","SZ","NB",19146893395,16825265755,35972159150,2321627640
20200402,"14:50:01","SH","NB",13202947389,11317921590,24520868979,1885025799
20200402,"14:50:01","SZ","NB",19211093442,16913535818,36124629260,2297557624
20200402,"14:51:01","SZ","NB",19310853161,17111748378,36422601539,2199104783
20200402,"14:51:01","SH","NB",13286135056,11430469360,24716604416,1855665696
20200402,"14:52:01","SH","NB",13337675356,11495841570,24833516926,1841833786
20200402,"14:52:01","SZ","NB",19382473439,17207286742,36589760181,2175186697
20200402,"14:53:01","SH","NB",13429217180,11552280915,24981498095,1876936265
20200402,"14:53:01","SZ","NB",19467921706,17275596929,36743518635,2192324777
20200402,"14:54:01","SH","NB",13508076919,11640924622,25149001541,1867152297
20200402,"14:54:01","SZ","NB",19544469683,17358553171,36903022854,2185916512
20200402,"14:55:01","SH","NB",13600315083,11699748121,25300063204,1900566962
20200402,"14:55:01","SZ","NB",19626361517,17435097891,37061459408,2191263626
20200402,"14:56:01","SH","NB",13737434931,11792486839,25529921770,1944948092
20200402,"14:56:01","SZ","NB",19765823302,17595168212,37360991514,2170655090
20200402,"14:57:01","SH","NB",13813097606,11863205654,25676303260,1949891952
20200402,"14:57:01","SZ","NB",19834606358,17693876215,37528482573,2140730143
20200402,"15:00:01","SZ","NB",19924907931,17748386874,37673294805,2176521057
20200402,"15:01:01","SH","NB",14217916773,12058223135,26276139908,2159693638
20200402,"15:01:01","SZ","NB",20159968657,17987911768,38147880425,2172056889
