dataDate,dataTime,connectMarket,tradeDirection,buyTurnover,sellTurnover,totalTurnover,netTurnover
20200317,"09:30:01","SH","NB",124641945,308404533,433046478,-183762588
20200317,"09:30:01","SZ","NB",269748327,194621525,464369852,75126802
20200317,"09:31:01","SH","NB",320266854,733948159,1054215013,-413681305
20200317,"09:31:01","SZ","NB",732568570,905775522,1638344092,-173206952
20200317,"09:32:01","SH","NB",489529991,1008909263,1498439254,-519379272
20200317,"09:32:01","SZ","NB",1058401782,1405845465,2464247247,-347443683
20200317,"09:33:01","SZ","NB",1507008478,1788187536,3295196014,-281179058
20200317,"09:33:01","SH","NB",842202118,1214325335,2056527453,-372123217
20200317,"09:34:01","SH","NB",1078209306,1393948475,2472157781,-315739169
20200317,"09:34:01","SZ","NB",1756572859,2233914071,3990486930,-477341212
20200317,"09:35:01","SH","NB",1285743464,1552703886,2838447350,-266960422
20200317,"09:35:01","SZ","NB",1979928724,2513844158,4493772882,-533915434
20200317,"09:36:01","SH","NB",1585545265,1712468772,3298014037,-126923507
20200317,"09:36:01","SZ","NB",2341290059,2851385244,5192675303,-510095185
20200317,"09:37:01","SH","NB",1908440146,1914818110,3823258256,-6377964
20200317,"09:37:01","SZ","NB",2706511332,3295043538,6001554870,-588532206
20200317,"09:38:01","SH","NB",2202816006,2042100827,4244916833,160715179
20200317,"09:38:01","SZ","NB",3213451149,3505315430,6718766579,-291864281
20200317,"09:39:01","SH","NB",2387673145,2301593330,4689266475,86079815
20200317,"09:39:01","SZ","NB",3499428668,3911945901,7411374569,-412517233
20200317,"09:40:01","SH","NB",2621403180,2451512641,5072915821,169890539
20200317,"09:40:01","SZ","NB",3872925816,4192072710,8064998526,-319146894
20200317,"09:41:01","SH","NB",3015328886,2652098620,5667427506,363230266
20200317,"09:41:01","SZ","NB",4617251181,4536716146,9153967327,80535035
20200317,"09:42:01","SZ","NB",4925300787,4818444807,9743745594,106855980
20200317,"09:42:01","SH","NB",3186347324,2852703562,6039050886,333643762
20200317,"09:43:01","SH","NB",3323747034,2994896706,6318643740,328850328
20200317,"09:43:01","SZ","NB",5175832904,5016555855,10192388759,159277049
20200317,"09:44:01","SH","NB",3467812905,3153534925,6621347830,314277980
20200317,"09:44:01","SZ","NB",5422844518,5212813383,10635657901,210031135
20200317,"09:45:01","SH","NB",3523380335,3363049265,6886429600,160331070
20200317,"09:45:01","SZ","NB",5589405970,5446551444,11035957414,142854526
20200317,"09:46:01","SH","NB",3597225427,3561805263,7159030690,35420164
20200317,"09:46:01","SZ","NB",5751782709,5733849272,11485631981,17933437
20200317,"09:47:01","SH","NB",3658924939,3792105115,7451030054,-133180176
20200317,"09:47:01","SZ","NB",5883394742,6043992064,11927386806,-160597322
20200317,"09:48:01","SH","NB",3824346966,3912985882,7737332848,-88638916
20200317,"09:48:01","SZ","NB",6197312364,6188137895,12385450259,9174469
20200317,"09:49:01","SH","NB",3877496950,4032129556,7909626506,-154632606
20200317,"09:49:01","SZ","NB",6296497448,6358623502,12655120950,-62126054
20200317,"09:50:01","SH","NB",3924384191,4148747861,8073132052,-224363670
20200317,"09:50:01","SZ","NB",6393573230,6493079271,12886652501,-99506041
20200317,"09:51:01","SH","NB",3991767198,4316206774,8307973972,-324439576
20200317,"09:51:01","SZ","NB",6515933931,6713734531,13229668462,-197800600
20200317,"09:52:01","SZ","NB",6771498087,6838308272,13609806359,-66810185
20200317,"09:52:01","SH","NB",4127932031,4406741776,8534673807,-278809745
20200317,"09:53:01","SH","NB",4234149081,4492527322,8726676403,-258378241
20200317,"09:53:01","SZ","NB",6959850623,6953275439,13913126062,6575184
20200317,"09:54:01","SH","NB",4418013871,4567474711,8985488582,-149460840
20200317,"09:54:01","SZ","NB",7316070611,7059422937,14375493548,256647674
20200317,"09:55:01","SH","NB",4525485124,4732937905,9258423029,-207452781
20200317,"09:55:01","SZ","NB",7457852725,7277784905,14735637630,180067820
20200317,"09:56:01","SH","NB",4651270043,4824986067,9476256110,-173716024
20200317,"09:56:01","SZ","NB",7689735152,7445919164,15135654316,243815988
20200317,"09:57:01","SH","NB",4710837627,4959840992,9670678619,-249003365
20200317,"09:57:01","SZ","NB",7777498416,7666165262,15443663678,111333154
20200317,"09:58:01","SH","NB",4786805941,5082441571,9869247512,-295635630
20200317,"09:58:01","SZ","NB",7907645836,7829318261,15736964097,78327575
20200317,"09:59:01","SH","NB",4848182383,5241255721,10089438104,-393073338
20200317,"09:59:01","SZ","NB",8013297318,8036682480,16049979798,-23385162
20200317,"10:00:01","SH","NB",4973767389,5372600799,10346368188,-398833410
20200317,"10:00:01","SZ","NB",8230397272,8164690554,16395087826,65706718
20200317,"10:01:01","SH","NB",5177779137,5541221126,10719000263,-363441989
20200317,"10:01:01","SZ","NB",8639397695,8295513837,16934911532,343883858
20200317,"10:02:01","SZ","NB",8801593980,8444337681,17245931661,357256299
20200317,"10:02:01","SH","NB",5301823640,5680270366,10982094006,-378446726
20200317,"10:03:01","SH","NB",5484968157,5807044033,11292012190,-322075876
20200317,"10:03:01","SZ","NB",9004869136,8561093693,17565962829,443775443
20200317,"10:04:01","SH","NB",5545804394,5907181372,11452985766,-361376978
20200317,"10:04:01","SZ","NB",9122022788,8690203221,17812226009,431819567
20200317,"10:05:01","SH","NB",5588866270,6069071374,11657937644,-480205104
20200317,"10:05:01","SZ","NB",9184628051,8932724360,18117352411,251903691
20200317,"10:06:01","SH","NB",5642225177,6209670863,11851896040,-567445686
20200317,"10:06:01","SZ","NB",9269695413,9116212248,18385907661,153483165
20200317,"10:07:01","SH","NB",5702559227,6300318541,12002877768,-597759314
20200317,"10:07:01","SZ","NB",9381410012,9222352159,18603762171,159057853
20200317,"10:08:01","SH","NB",5775498535,6379404399,12154902934,-603905864
20200317,"10:08:01","SZ","NB",9519094612,9316911375,18836005987,202183237
20200317,"10:09:01","SH","NB",5838291670,6539412631,12377704301,-701120961
20200317,"10:09:01","SZ","NB",9602428932,9510143875,19112572807,92285057
20200317,"10:10:01","SZ","NB",9812026953,9668600002,19480626955,143426951
20200317,"10:10:01","SH","NB",5934079139,6670189370,12604268509,-736110231
20200317,"10:11:01","SH","NB",6051328811,6831416186,12882744997,-780087375
20200317,"10:11:01","SZ","NB",10090719625,9868030846,19958750471,222688779
20200317,"10:12:01","SH","NB",6159607422,6937459739,13097067161,-777852317
20200317,"10:12:01","SZ","NB",10305181148,9978262707,20283443855,326918441
20200317,"10:13:01","SH","NB",6382546135,7064954113,13447500248,-682407978
20200317,"10:13:01","SZ","NB",10701616103,10074673409,20776289512,626942694
20200317,"10:14:01","SZ","NB",10829504647,10215846675,21045351322,613657972
20200317,"10:14:01","SH","NB",6479026722,7175456543,13654483265,-696429821
20200317,"10:15:01","SH","NB",6524659570,7295820144,13820479714,-771160574
20200317,"10:15:01","SZ","NB",10910550023,10370812704,21281362727,539737319
20200317,"10:16:01","SH","NB",6586192423,7414628821,14000821244,-828436398
20200317,"10:16:01","SZ","NB",11025826149,10518451920,21544278069,507374229
20200317,"10:17:01","SH","NB",6635696357,7544900069,14180596426,-909203712
20200317,"10:17:01","SZ","NB",11129109308,10691635101,21820744409,437474207
20200317,"10:18:01","SH","NB",6707880414,7690157801,14398038215,-982277387
20200317,"10:18:01","SZ","NB",11249178074,10848436590,22097614664,400741484
20200317,"10:19:01","SZ","NB",11364585752,10995329051,22359914803,369256701
20200317,"10:19:01","SH","NB",6790253683,7842490814,14632744497,-1052237131
20200317,"10:20:01","SH","NB",7045037715,7974861146,15019898861,-929823431
20200317,"10:20:01","SZ","NB",11726514037,11111543749,22838057786,614970288
20200317,"10:21:01","SH","NB",7266777588,8091406089,15358183677,-824628501
20200317,"10:21:01","SZ","NB",12018701522,11238555362,23257256884,780146160
20200317,"10:22:01","SZ","NB",12134969046,11377901059,23512870105,757067987
20200317,"10:22:01","SH","NB",7346440300,8196429488,15542869788,-849989188
20200317,"10:23:01","SH","NB",7427557536,8277853534,15705411070,-850295998
20200317,"10:23:01","SZ","NB",12220685420,11493238618,23713924038,727446802
20200317,"10:24:01","SH","NB",7539181316,8363586200,15902767516,-824404884
20200317,"10:24:01","SZ","NB",12348076388,11599486195,23947562583,748590193
20200317,"10:25:01","SH","NB",7586411763,8457943645,16044355408,-871531882
20200317,"10:25:01","SZ","NB",12420865888,11709525109,24130390997,711340779
20200317,"10:26:01","SH","NB",7653440309,8545231817,16198672126,-891791508
20200317,"10:26:01","SZ","NB",12507646278,11802864036,24310510314,704782242
20200317,"10:27:01","SH","NB",7700156082,8690833900,16390989982,-990677818
20200317,"10:27:01","SZ","NB",12554809581,11985844229,24540653810,568965352
20200317,"10:28:01","SH","NB",7737524582,8775248300,16512772882,-1037723718
20200317,"10:28:01","SZ","NB",12638271794,12077337832,24715609626,560933962
20200317,"10:29:01","SH","NB",7771418149,8860078053,16631496202,-1088659904
20200317,"10:29:01","SZ","NB",12692825155,12147455623,24840280778,545369532
20200317,"10:30:01","SZ","NB",12877996850,12218274283,25096271133,659722567
20200317,"10:30:01","SH","NB",7883153031,8942952993,16826106024,-1059799962
20200317,"10:31:01","SH","NB",8017503577,9044218915,17061722492,-1026715338
20200317,"10:31:01","SZ","NB",13037806641,12360041743,25397848384,677764898
20200317,"10:32:01","SH","NB",8072873304,9162369351,17235242655,-1089496047
20200317,"10:32:01","SZ","NB",13121249978,12496553092,25617803070,624696886
20200317,"10:33:01","SH","NB",8115604180,9276057100,17391661280,-1160452920
20200317,"10:33:01","SZ","NB",13184015112,12621275041,25805290153,562740071
20200317,"10:34:01","SH","NB",8159009454,9344949349,17503958803,-1185939895
20200317,"10:34:01","SZ","NB",13299633432,12697095731,25996729163,602537701
20200317,"10:35:01","SH","NB",8214631605,9470435372,17685066977,-1255803767
20200317,"10:35:01","SZ","NB",13356951320,12836315208,26193266528,520636112
20200317,"10:36:01","SZ","NB",13404156897,12956137802,26360294699,448019095
20200317,"10:36:01","SH","NB",8257155534,9568199679,17825355213,-1311044145
20200317,"10:37:01","SH","NB",8286304220,9635982255,17922286475,-1349678035
20200317,"10:37:01","SZ","NB",13454320508,13023196833,26477517341,431123675
20200317,"10:38:01","SH","NB",8320204391,9701656578,18021860969,-1381452187
20200317,"10:38:01","SZ","NB",13512270417,13079256836,26591527253,433013581
20200317,"10:39:01","SH","NB",8368130418,9767829073,18135959491,-1399698655
20200317,"10:39:01","SZ","NB",13605354552,13138701274,26744055826,466653278
20200317,"10:40:01","SH","NB",8431417459,9855676124,18287093583,-1424258665
20200317,"10:40:01","SZ","NB",13713557012,13194105866,26907662878,519451146
20200317,"10:41:01","SZ","NB",13847631762,13285345295,27132977057,562286467
20200317,"10:41:01","SH","NB",8518784427,9945493615,18464278042,-1426709188
20200317,"10:42:01","SH","NB",8562537067,10031757622,18594294689,-1469220555
20200317,"10:42:01","SZ","NB",13910464147,13383585172,27294049319,526878975
20200317,"10:43:01","SH","NB",8591011648,10120330697,18711342345,-1529319049
20200317,"10:43:01","SZ","NB",13999355486,13465585172,27464940658,533770314
20200317,"10:44:01","SH","NB",8628840680,10195327157,18824167837,-1566486477
20200317,"10:44:01","SZ","NB",14043696411,13542050116,27585746527,501646295
20200317,"10:45:01","SZ","NB",14099171648,13623698067,27722869715,475473581
20200317,"10:45:01","SH","NB",8670427287,10259776630,18930203917,-1589349343
20200317,"10:46:01","SH","NB",8777479095,10327681524,19105160619,-1550202429
20200317,"10:46:01","SZ","NB",14206797908,13689353425,27896151333,517444483
20200317,"10:47:01","SH","NB",8863285654,10419082391,19282368045,-1555796737
20200317,"10:47:01","SZ","NB",14350305836,13815021663,28165327499,535284173
20200317,"10:48:01","SH","NB",8911195138,10498289495,19409484633,-1587094357
20200317,"10:48:01","SZ","NB",14444457430,13919915396,28364372826,524542034
20200317,"10:49:01","SH","NB",8936121308,10580035298,19516156606,-1643913990
20200317,"10:49:01","SZ","NB",14491590146,14025723203,28517313349,465866943
20200317,"10:50:01","SZ","NB",14540848153,14121256144,28662104297,419592009
20200317,"10:50:01","SH","NB",8967166546,10656932535,19624099081,-1689765989
20200317,"10:51:01","SH","NB",8996920867,10819788210,19816709077,-1822867343
20200317,"10:51:01","SZ","NB",14591991696,14319906899,28911898595,272084797
20200317,"10:52:01","SH","NB",9021429532,10898458279,19919887811,-1877028747
20200317,"10:52:01","SZ","NB",14639012635,14397850639,29036863274,241161996
20200317,"10:53:01","SH","NB",9053843719,10963745922,20017589641,-1909902203
20200317,"10:53:01","SZ","NB",14727984971,14452644233,29180629204,275340738
20200317,"10:54:01","SH","NB",9109077413,11009624863,20118702276,-1900547450
20200317,"10:54:01","SZ","NB",14837234971,14494724533,29331959504,342510438
20200317,"10:55:01","SH","NB",9143740145,11057281561,20201021706,-1913541416
20200317,"10:55:01","SZ","NB",14882067093,14544221929,29426289022,337845164
20200317,"10:56:01","SH","NB",9174309014,11105408892,20279717906,-1931099878
20200317,"10:56:01","SZ","NB",14939680274,14593821709,29533501983,345858565
20200317,"10:57:01","SH","NB",9208037472,11153029227,20361066699,-1944991755
20200317,"10:57:01","SZ","NB",14997497789,14642992541,29640490330,354505248
20200317,"10:58:01","SZ","NB",15050437770,14722432846,29772870616,328004924
20200317,"10:58:01","SH","NB",9236413308,11211593221,20448006529,-1975179913
20200317,"10:59:01","SH","NB",9257569696,11293748960,20551318656,-2036179264
20200317,"10:59:01","SZ","NB",15078441381,14817742511,29896183892,260698870
20200317,"11:00:01","SH","NB",9276187692,11359728177,20635915869,-2083540485
20200317,"11:00:01","SZ","NB",15100107191,14878865004,29978972195,221242187
20200317,"11:01:01","SH","NB",9310414693,11437789021,20748203714,-2127374328
20200317,"11:01:01","SZ","NB",15148859446,14975543958,30124403404,173315488
20200317,"11:02:01","SZ","NB",15253810407,15034632120,30288442527,219178287
20200317,"11:02:01","SH","NB",9369328704,11480374138,20849702842,-2111045434
20200317,"11:03:01","SH","NB",9415615324,11528082968,20943698292,-2112467644
20200317,"11:03:01","SZ","NB",15323320930,15102132438,30425453368,221188492
20200317,"11:04:01","SH","NB",9458449939,11571862876,21030312815,-2113412937
20200317,"11:04:01","SZ","NB",15395913342,15154227842,30550141184,241685500
20200317,"11:05:01","SZ","NB",15482147628,15207441035,30689588663,274706593
20200317,"11:05:01","SH","NB",9536440912,11618470286,21154911198,-2082029374
20200317,"11:06:01","SH","NB",9639894224,11686526162,21326420386,-2046631938
20200317,"11:06:01","SZ","NB",15618634662,15280229368,30898864030,338405294
20200317,"11:07:01","SH","NB",9687762680,11759618086,21447380766,-2071855406
20200317,"11:07:01","SZ","NB",15678039956,15366152318,31044192274,311887638
20200317,"11:08:01","SH","NB",9746488751,11821698336,21568187087,-2075209585
20200317,"11:08:01","SZ","NB",15735365154,15443456941,31178822095,291908213
20200317,"11:09:01","SH","NB",9785577728,11882593993,21668171721,-2097016265
20200317,"11:09:01","SZ","NB",15780242791,15516214565,31296457356,264028226
20200317,"11:10:01","SH","NB",9819788594,11942326924,21762115518,-2122538330
20200317,"11:10:01","SZ","NB",15813022397,15601993081,31415015478,211029316
20200317,"11:11:01","SH","NB",9857824990,12043062910,21900887900,-2185237920
20200317,"11:11:01","SZ","NB",15857449819,15748844535,31606294354,108605284
20200317,"11:12:01","SH","NB",9885872234,12095586944,21981459178,-2209714710
20200317,"11:12:01","SZ","NB",15897894458,15809726324,31707620782,88168134
20200317,"11:13:01","SH","NB",9924751181,12185640698,22110391879,-2260889517
20200317,"11:13:01","SZ","NB",15938812433,15940746711,31879559144,-1934278
20200317,"11:14:01","SH","NB",9963611974,12225742361,22189354335,-2262130387
20200317,"11:14:01","SZ","NB",15989682231,15983687713,31973369944,5994518
20200317,"11:15:01","SZ","NB",16029556125,16062109824,32091665949,-32553699
20200317,"11:15:01","SH","NB",10001786053,12302544532,22304330585,-2300758479
20200317,"11:16:01","SH","NB",10051943700,12341486198,22393429898,-2289542498
20200317,"11:16:01","SZ","NB",16096260133,16107297623,32203557756,-11037490
20200317,"11:17:01","SH","NB",10082926792,12385787478,22468714270,-2302860686
20200317,"11:17:01","SZ","NB",16138208498,16156653236,32294861734,-18444738
20200317,"11:18:01","SH","NB",10108642771,12429847797,22538490568,-2321205026
20200317,"11:18:01","SZ","NB",16179821876,16202165974,32381987850,-22344098
20200317,"11:19:01","SH","NB",10152144630,12466983334,22619127964,-2314838704
20200317,"11:19:01","SZ","NB",16290369336,16244475857,32534845193,45893479
20200317,"11:20:01","SH","NB",10196526043,12505198138,22701724181,-2308672095
20200317,"11:20:01","SZ","NB",16383118195,16299239692,32682357887,83878503
20200317,"11:21:01","SH","NB",10261999735,12560282756,22822282491,-2298283021
20200317,"11:21:01","SZ","NB",16464427902,16384471564,32848899466,79956338
20200317,"11:22:01","SZ","NB",16499103018,16471542112,32970645130,27560906
20200317,"11:22:01","SH","NB",10288447902,12619390855,22907838757,-2330942953
20200317,"11:23:01","SH","NB",10309454352,12667799558,22977253910,-2358345206
20200317,"11:23:01","SZ","NB",16521668527,16543909198,33065577725,-22240671
20200317,"11:24:01","SH","NB",10340682057,12704547880,23045229937,-2363865823
20200317,"11:24:01","SZ","NB",16564646412,16574524852,33139171264,-9878440
20200317,"11:25:01","SH","NB",10365765702,12735381913,23101147615,-2369616211
20200317,"11:25:01","SZ","NB",16600744117,16608826091,33209570208,-8081974
20200317,"11:26:01","SH","NB",10390771231,12767692286,23158463517,-2376921055
20200317,"11:26:01","SZ","NB",16660684085,16643407885,33304091970,17276200
20200317,"11:27:01","SZ","NB",16779195180,16682753361,33461948541,96441819
20200317,"11:27:01","SH","NB",10425190418,12800365001,23225555419,-2375174583
20200317,"11:28:01","SH","NB",10462119461,12842876325,23304995786,-2380756864
20200317,"11:28:01","SZ","NB",16853388299,16727158704,33580547003,126229595
20200317,"11:29:01","SH","NB",10504626130,12888804981,23393431111,-2384178851
20200317,"11:29:01","SZ","NB",16958900334,16774541488,33733441822,184358846
20200317,"11:30:01","SH","NB",10539776033,12927296430,23467072463,-2387520397
20200317,"11:30:01","SZ","NB",17025193001,16822735110,33847928111,202457891
20200317,"11:31:01","SZ","NB",17026636940,16827643957,33854280897,198992983
20200317,"11:31:01","SH","NB",10540781168,12931976221,23472757389,-2391195053
20200317,"13:00:01","SZ","NB",17037872180,16838211597,33876083777,199660583
20200317,"13:01:01","SH","NB",10686227951,13155862255,23842090206,-2469634304
20200317,"13:01:01","SZ","NB",17216318855,17078323703,34294642558,137995152
20200317,"13:02:01","SH","NB",10742085971,13280608100,24022694071,-2538522129
20200317,"13:02:01","SZ","NB",17302826179,17298829809,34601655988,3996370
20200317,"13:03:01","SH","NB",10799419607,13355463514,24154883121,-2556043907
20200317,"13:03:01","SZ","NB",17391833154,17410122994,34801956148,-18289840
20200317,"13:04:01","SH","NB",10844003358,13437570610,24281573968,-2593567252
20200317,"13:04:01","SZ","NB",17454316598,17510072670,34964389268,-55756072
20200317,"13:05:01","SH","NB",10892017045,13581453941,24473470986,-2689436896
20200317,"13:05:01","SZ","NB",17508571207,17680703637,35189274844,-172132430
20200317,"13:06:01","SH","NB",10929643274,13686722204,24616365478,-2757078930
20200317,"13:06:01","SZ","NB",17560527868,17779138989,35339666857,-218611121
20200317,"13:07:01","SZ","NB",17606030739,17857310213,35463340952,-251279474
20200317,"13:07:01","SH","NB",10970599981,13754838058,24725438039,-2784238077
20200317,"13:08:01","SH","NB",11014674948,13817625118,24832300066,-2802950170
20200317,"13:08:01","SZ","NB",17658565690,17910080541,35568646231,-251514851
20200317,"13:09:01","SH","NB",11061102596,13881121066,24942223662,-2820018470
20200317,"13:09:01","SZ","NB",17709259827,17975417327,35684677154,-266157500
20200317,"13:10:01","SH","NB",11098498814,13940128100,25038626914,-2841629286
20200317,"13:10:01","SZ","NB",17751783866,18044206972,35795990838,-292423106
20200317,"13:11:01","SH","NB",11142962982,14163074320,25306037302,-3020111338
20200317,"13:11:01","SZ","NB",17813892373,18277176343,36091068716,-463283970
20200317,"13:12:01","SH","NB",11192731019,14260316153,25453047172,-3067585134
20200317,"13:12:01","SZ","NB",17886237720,18380571196,36266808916,-494333476
20200317,"13:13:01","SH","NB",11233047799,14347577011,25580624810,-3114529212
20200317,"13:13:01","SZ","NB",17928554055,18464461536,36393015591,-535907481
20200317,"13:14:01","SZ","NB",17988031945,18524744675,36512776620,-536712730
20200317,"13:14:01","SH","NB",11270996333,14409249349,25680245682,-3138253016
20200317,"13:15:01","SH","NB",11306935278,14471091391,25778026669,-3164156113
20200317,"13:15:01","SZ","NB",18027959118,18592087321,36620046439,-564128203
20200317,"13:16:01","SZ","NB",18111991882,18652155606,36764147488,-540163724
20200317,"13:16:01","SH","NB",11366761078,14534187539,25900948617,-3167426461
20200317,"13:17:01","SH","NB",11412133507,14585091232,25997224739,-3172957725
20200317,"13:17:01","SZ","NB",18154267221,18701795411,36856062632,-547528190
20200317,"13:18:01","SH","NB",11444696407,14689236884,26133933291,-3244540477
20200317,"13:18:01","SZ","NB",18191678232,18817056060,37008734292,-625377828
20200317,"13:19:01","SH","NB",11482521030,14757296299,26239817329,-3274775269
20200317,"13:19:01","SZ","NB",18225580070,18884920064,37110500134,-659339994
20200317,"13:20:01","SH","NB",11520910686,14820391173,26341301859,-3299480487
20200317,"13:20:01","SZ","NB",18269701878,18958681624,37228383502,-688979746
20200317,"13:21:01","SH","NB",11601695899,14885076155,26486772054,-3283380256
20200317,"13:21:01","SZ","NB",18387801986,19039519979,37427321965,-651717993
20200317,"13:22:01","SH","NB",11637958032,14945257639,26583215671,-3307299607
20200317,"13:22:01","SZ","NB",18423274352,19124727410,37548001762,-701453058
20200317,"13:23:01","SH","NB",11664397520,14997212051,26661609571,-3332814531
20200317,"13:23:01","SZ","NB",18453997208,19200267059,37654264267,-746269851
20200317,"13:24:01","SH","NB",11698300180,15047405579,26745705759,-3349105399
20200317,"13:24:01","SZ","NB",18499102134,19254906193,37754008327,-755804059
20200317,"13:25:01","SH","NB",11725971421,15095175183,26821146604,-3369203762
20200317,"13:25:01","SZ","NB",18531086620,19318142116,37849228736,-787055496
20200317,"13:26:01","SZ","NB",18566278331,19400697224,37966975555,-834418893
20200317,"13:26:01","SH","NB",11760451691,15159630482,26920082173,-3399178791
20200317,"13:27:01","SH","NB",11785257011,15222236423,27007493434,-3436979412
20200317,"13:27:01","SZ","NB",18592666701,19483496151,38076162852,-890829450
20200317,"13:28:01","SH","NB",11811935584,15302705280,27114640864,-3490769696
20200317,"13:28:01","SZ","NB",18626052554,19556754502,38182807056,-930701948
20200317,"13:29:01","SH","NB",11844722993,15362038973,27206761966,-3517315980
20200317,"13:29:01","SZ","NB",18674117251,19616123209,38290240460,-942005958
20200317,"13:30:01","SH","NB",11885474608,15426145200,27311619808,-3540670592
20200317,"13:30:01","SZ","NB",18744078500,19693313323,38437391823,-949234823
20200317,"13:31:01","SH","NB",11926903042,15522710936,27449613978,-3595807894
20200317,"13:31:01","SZ","NB",18793283421,19808171341,38601454762,-1014887920
20200317,"13:32:01","SH","NB",11998242464,15592422102,27590664566,-3594179638
20200317,"13:32:01","SZ","NB",18897732518,19869426073,38767158591,-971693555
20200317,"13:33:01","SH","NB",12052474525,15654856052,27707330577,-3602381527
20200317,"13:33:01","SZ","NB",18981415992,19930011970,38911427962,-948595978
20200317,"13:34:01","SH","NB",12076283061,15712241048,27788524109,-3635957987
20200317,"13:34:01","SZ","NB",19020703976,20001329719,39022033695,-980625743
20200317,"13:35:01","SH","NB",12104606248,15798455670,27903061918,-3693849422
20200317,"13:35:01","SZ","NB",19047851546,20110904039,39158755585,-1063052493
20200317,"13:36:01","SZ","NB",19078580209,20183097199,39261677408,-1104516990
20200317,"13:36:01","SH","NB",12131004417,15853028178,27984032595,-3722023761
20200317,"13:37:01","SH","NB",12161169078,15914784341,28075953419,-3753615263
20200317,"13:37:01","SZ","NB",19123723514,20255109032,39378832546,-1131385518
20200317,"13:38:01","SH","NB",12218947705,15971027354,28189975059,-3752079649
20200317,"13:38:01","SZ","NB",19187838160,20306250995,39494089155,-1118412835
20200317,"13:39:01","SH","NB",12241763267,16025809450,28267572717,-3784046183
20200317,"13:39:01","SZ","NB",19220546591,20365495616,39586042207,-1144949025
20200317,"13:40:01","SH","NB",12277098481,16070324108,28347422589,-3793225627
20200317,"13:40:01","SZ","NB",19268691387,20413011239,39681702626,-1144319852
20200317,"13:41:01","SH","NB",12311215223,16136545589,28447760812,-3825330366
20200317,"13:41:01","SZ","NB",19312240368,20504730935,39816971303,-1192490567
20200317,"13:42:01","SH","NB",12352186017,16186650258,28538836275,-3834464241
20200317,"13:42:01","SZ","NB",19378726656,20569152949,39947879605,-1190426293
20200317,"13:43:01","SH","NB",12387398080,16225540355,28612938435,-3838142275
20200317,"13:43:01","SZ","NB",19426963986,20619886620,40046850606,-1192922634
20200317,"13:44:01","SZ","NB",19475053728,20680528616,40155582344,-1205474888
20200317,"13:44:01","SH","NB",12424906236,16271688176,28696594412,-3846781940
20200317,"13:45:01","SH","NB",12450137435,16329383431,28779520866,-3879245996
20200317,"13:45:01","SZ","NB",19511078501,20750629880,40261708381,-1239551379
20200317,"13:46:01","SH","NB",12478146179,16389716822,28867863001,-3911570643
20200317,"13:46:01","SZ","NB",19564386756,20818333762,40382720518,-1253947006
20200317,"13:47:01","SH","NB",12500003358,16455033683,28955037041,-3955030325
20200317,"13:47:01","SZ","NB",19595132092,20893565297,40488697389,-1298433205
20200317,"13:48:01","SH","NB",12528121897,16525425304,29053547201,-3997303407
20200317,"13:48:01","SZ","NB",19622509569,20998339712,40620849281,-1375830143
20200317,"13:49:01","SZ","NB",19664705179,21064812136,40729517315,-1400106957
20200317,"13:49:01","SH","NB",12555985946,16574050249,29130036195,-4018064303
20200317,"13:50:01","SH","NB",12593600902,16624864512,29218465414,-4031263610
20200317,"13:50:01","SZ","NB",19714797068,21139833865,40854630933,-1425036797
20200317,"13:51:01","SH","NB",12639913158,16678231735,29318144893,-4038318577
20200317,"13:51:01","SZ","NB",19782846797,21224329717,41007176514,-1441482920
20200317,"13:52:01","SH","NB",12687308875,16755937223,29443246098,-4068628348
20200317,"13:52:01","SZ","NB",19832619323,21308959984,41141579307,-1476340661
20200317,"13:53:01","SH","NB",12729334545,16809278258,29538612803,-4079943713
20200317,"13:53:01","SZ","NB",19886190436,21373397556,41259587992,-1487207120
20200317,"13:54:01","SH","NB",12794092562,16868366790,29662459352,-4074274228
20200317,"13:54:01","SZ","NB",19970967040,21426836382,41397803422,-1455869342
20200317,"13:55:01","SH","NB",12826360416,16922374627,29748735043,-4096014211
20200317,"13:55:01","SZ","NB",20012037675,21491184655,41503222330,-1479146980
20200317,"13:56:01","SH","NB",12844427431,16979642389,29824069820,-4135214958
20200317,"13:56:01","SZ","NB",20039223906,21565365510,41604589416,-1526141604
20200317,"13:57:01","SZ","NB",20069856158,21619876023,41689732181,-1550019865
20200317,"13:57:01","SH","NB",12876740826,17032771886,29909512712,-4156031060
20200317,"13:58:01","SH","NB",12908765382,17083892917,29992658299,-4175127535
20200317,"13:58:01","SZ","NB",20104692252,21666382580,41771074832,-1561690328
20200317,"13:59:01","SH","NB",12958691597,17143417884,30102109481,-4184726287
20200317,"13:59:01","SZ","NB",20157050414,21722332002,41879382416,-1565281588
20200317,"14:00:01","SH","NB",12999013671,17196163845,30195177516,-4197150174
20200317,"14:00:01","SZ","NB",20208307881,21774641093,41982948974,-1566333212
20200317,"14:01:01","SH","NB",13038992214,17295316415,30334308629,-4256324201
20200317,"14:01:01","SZ","NB",20257415798,21922215112,42179630910,-1664799314
20200317,"14:02:01","SH","NB",13070792455,17346235389,30417027844,-4275442934
20200317,"14:02:01","SZ","NB",20299350980,21984597086,42283948066,-1685246106
20200317,"14:03:01","SH","NB",13105093127,17394898595,30499991722,-4289805468
20200317,"14:03:01","SZ","NB",20344945701,22039722949,42384668650,-1694777248
20200317,"14:04:01","SH","NB",13138659709,17464314833,30602974542,-4325655124
20200317,"14:04:01","SZ","NB",20381779911,22128027720,42509807631,-1746247809
20200317,"14:05:01","SH","NB",13184929988,17529052780,30713982768,-4344122792
20200317,"14:05:01","SZ","NB",20439182168,22200609198,42639791366,-1761427030
20200317,"14:06:01","SZ","NB",20529975625,22265233070,42795208695,-1735257445
20200317,"14:06:01","SH","NB",13266595417,17587195516,30853790933,-4320600099
20200317,"14:07:01","SH","NB",13327621264,17646436354,30974057618,-4318815090
20200317,"14:07:01","SZ","NB",20591878531,22328240325,42920118856,-1736361794
20200317,"14:08:01","SH","NB",13373570071,17702433619,31076003690,-4328863548
20200317,"14:08:01","SZ","NB",20624802243,22379468626,43004270869,-1754666383
20200317,"14:09:01","SH","NB",13411798021,17753275541,31165073562,-4341477520
20200317,"14:09:01","SZ","NB",20666757396,22424958298,43091715694,-1758200902
20200317,"14:10:01","SH","NB",13523149438,17847280027,31370429465,-4324130589
20200317,"14:10:01","SZ","NB",20791926044,22503994075,43295920119,-1712068031
20200317,"14:11:01","SH","NB",13623459312,17926787883,31550247195,-4303328571
20200317,"14:11:01","SZ","NB",20890795189,22588451287,43479246476,-1697656098
20200317,"14:12:01","SH","NB",13671097995,17998442019,31669540014,-4327344024
20200317,"14:12:01","SZ","NB",20947077243,22683971555,43631048798,-1736894312
20200317,"14:13:01","SH","NB",13708170170,18068270339,31776440509,-4360100169
20200317,"14:13:01","SZ","NB",20983026388,22777144779,43760171167,-1794118391
20200317,"14:14:01","SH","NB",13737870302,18121962498,31859832800,-4384092196
20200317,"14:14:01","SZ","NB",21018736227,22848390882,43867127109,-1829654655
20200317,"14:15:01","SZ","NB",21055598532,22894236382,43949834914,-1838637850
20200317,"14:15:01","SH","NB",13762665944,18163757187,31926423131,-4401091243
20200317,"14:16:01","SH","NB",13796243535,18252953483,32049197018,-4456709948
20200317,"14:16:01","SZ","NB",21099353822,22993862822,44093216644,-1894509000
20200317,"14:17:01","SH","NB",13826820027,18308750095,32135570122,-4481930068
20200317,"14:17:01","SZ","NB",21140518186,23049644705,44190162891,-1909126519
20200317,"14:18:01","SH","NB",13855520943,18371569042,32227089985,-4516048099
20200317,"14:18:01","SZ","NB",21183841049,23104543333,44288384382,-1920702284
20200317,"14:19:01","SZ","NB",21224065675,23148112592,44372178267,-1924046917
20200317,"14:19:01","SH","NB",13889939285,18427898814,32317838099,-4537959529
20200317,"14:20:01","SH","NB",13946314712,18495547755,32441862467,-4549233043
20200317,"14:20:01","SZ","NB",21305007599,23207144649,44512152248,-1902137050
20200317,"14:21:01","SH","NB",14042762011,18575030736,32617792747,-4532268725
20200317,"14:21:01","SZ","NB",21436321646,23295251385,44731573031,-1858929739
20200317,"14:22:01","SZ","NB",21501249092,23401794984,44903044076,-1900545892
20200317,"14:22:01","SH","NB",14091270298,18664676469,32755946767,-4573406171
20200317,"14:23:01","SH","NB",14126218850,18756811994,32883030844,-4630593144
20200317,"14:23:01","SZ","NB",21548013118,23484457234,45032470352,-1936444116
20200317,"14:24:01","SH","NB",14156798929,18847205843,33004004772,-4690406914
20200317,"14:24:01","SZ","NB",21582715202,23580564530,45163279732,-1997849328
20200317,"14:25:01","SH","NB",14187567300,18927946513,33115513813,-4740379213
20200317,"14:25:01","SZ","NB",21618376577,23650812987,45269189564,-2032436410
20200317,"14:26:01","SH","NB",14220996595,19000568506,33221565101,-4779571911
20200317,"14:26:01","SZ","NB",21652612952,23721686401,45374299353,-2069073449
20200317,"14:27:01","SH","NB",14250334164,19062952579,33313286743,-4812618415
20200317,"14:27:01","SZ","NB",21686662007,23794986861,45481648868,-2108324854
20200317,"14:28:01","SH","NB",14282805247,19117436872,33400242119,-4834631625
20200317,"14:28:01","SZ","NB",21730492978,23851963354,45582456332,-2121470376
20200317,"14:29:01","SH","NB",14321984525,19172510180,33494494705,-4850525655
20200317,"14:29:01","SZ","NB",21784206917,23914218925,45698425842,-2130012008
20200317,"14:30:01","SH","NB",14356348126,19226914835,33583262961,-4870566709
20200317,"14:30:01","SZ","NB",21843913985,23960106395,45804020380,-2116192410
20200317,"14:31:01","SH","NB",14412040716,19312452336,33724493052,-4900411620
20200317,"14:31:01","SZ","NB",21916025166,24047830820,45963855986,-2131805654
20200317,"14:32:01","SZ","NB",21982344963,24121326434,46103671397,-2138981471
20200317,"14:32:01","SH","NB",14450257511,19386579621,33836837132,-4936322110
20200317,"14:33:01","SH","NB",14483706082,19478414614,33962120696,-4994708532
20200317,"14:33:01","SZ","NB",22028817450,24248760779,46277578229,-2219943329
20200317,"14:34:01","SH","NB",14523757574,19581219153,34104976727,-5057461579
20200317,"14:34:01","SZ","NB",22078796323,24347423605,46426219928,-2268627282
20200317,"14:35:01","SH","NB",14561571873,19688598822,34250170695,-5127026949
20200317,"14:35:01","SZ","NB",22121073021,24427849644,46548922665,-2306776623
20200317,"14:36:01","SH","NB",14610028767,19773104502,34383133269,-5163075735
20200317,"14:36:01","SZ","NB",22185034008,24499713588,46684747596,-2314679580
20200317,"14:37:01","SZ","NB",22249021808,24569375863,46818397671,-2320354055
20200317,"14:37:01","SH","NB",14663620787,19843745696,34507366483,-5180124909
20200317,"14:38:01","SH","NB",14702682854,19907521317,34610204171,-5204838463
20200317,"14:38:01","SZ","NB",22293459395,24623607396,46917066791,-2330148001
20200317,"14:39:01","SH","NB",14742304329,19972866051,34715170380,-5230561722
20200317,"14:39:01","SZ","NB",22348857923,24692820786,47041678709,-2343962863
20200317,"14:40:01","SH","NB",14780580458,20034375827,34814956285,-5253795369
20200317,"14:40:01","SZ","NB",22394274823,24758215120,47152489943,-2363940297
20200317,"14:41:01","SH","NB",14827579620,20149003992,34976583612,-5321424372
20200317,"14:41:01","SZ","NB",22453479869,24883227976,47336707845,-2429748107
20200317,"14:42:01","SH","NB",14874257131,20234457820,35108714951,-5360200689
20200317,"14:42:01","SZ","NB",22514490695,24982133043,47496623738,-2467642348
20200317,"14:43:01","SH","NB",14932860287,20314556451,35247416738,-5381696164
20200317,"14:43:01","SZ","NB",22582729148,25054944225,47637673373,-2472215077
20200317,"14:44:01","SZ","NB",22671909095,25119982067,47791891162,-2448072972
20200317,"14:44:01","SH","NB",15006694529,20377812325,35384506854,-5371117796
20200317,"14:45:01","SH","NB",15081500691,20450242798,35531743489,-5368742107
20200317,"14:45:01","SZ","NB",22742072127,25190059349,47932131476,-2447987222
20200317,"14:46:01","SH","NB",15138833422,20516812011,35655645433,-5377978589
20200317,"14:46:01","SZ","NB",22796843987,25241564271,48038408258,-2444720284
20200317,"14:47:01","SH","NB",15199948151,20586382957,35786331108,-5386434806
20200317,"14:47:01","SZ","NB",22860463202,25303547172,48164010374,-2443083970
20200317,"14:48:01","SH","NB",15248208801,20640624069,35888832870,-5392415268
20200317,"14:48:01","SZ","NB",22917331229,25364855157,48282186386,-2447523928
20200317,"14:49:01","SH","NB",15286296871,20697688765,35983985636,-5411391894
20200317,"14:49:01","SZ","NB",22969371902,25430024439,48399396341,-2460652537
20200317,"14:50:01","SH","NB",15341342478,20777146155,36118488633,-5435803677
20200317,"14:50:01","SZ","NB",23039304811,25494150778,48533455589,-2454845967
20200317,"14:51:01","SH","NB",15406670082,20867821747,36274491829,-5461151665
20200317,"14:51:01","SZ","NB",23104295564,25591213221,48695508785,-2486917657
20200317,"14:52:01","SZ","NB",23168603697,25666527327,48835131024,-2497923630
20200317,"14:52:01","SH","NB",15472328695,20958430864,36430759559,-5486102169
20200317,"14:53:01","SH","NB",15530797471,21040234629,36571032100,-5509437158
20200317,"14:53:01","SZ","NB",23231407042,25748144774,48979551816,-2516737732
20200317,"14:54:01","SH","NB",15596516600,21134589686,36731106286,-5538073086
20200317,"14:54:01","SZ","NB",23282551102,25851418165,49133969267,-2568867063
20200317,"14:55:01","SH","NB",15671903948,21250262644,36922166592,-5578358696
20200317,"14:55:01","SZ","NB",23335983812,25971821551,49307805363,-2635837739
20200317,"14:56:01","SH","NB",15778163870,21369824585,37147988455,-5591660715
20200317,"14:56:01","SZ","NB",23418608823,26086064786,49504673609,-2667455963
20200317,"14:57:01","SH","NB",15837303980,21459246193,37296550173,-5621942213
20200317,"14:57:01","SZ","NB",23472546862,26156390304,49628937166,-2683843442
20200317,"14:58:01","SH","NB",15837353066,21459263959,37296617025,-5621910893
20200317,"15:01:01","SH","NB",16284618794,21886431676,38171050470,-5601812882
20200317,"15:01:01","SZ","NB",23883474905,26519693163,50403168068,-2636218258
