dataDate,dataTime,connectMarket,tradeDirection,buyTurnover,sellTurnover,totalTurnover,netTurnover
20200207,"09:30:01","SH","NB",102113677,223895757,326009434,-121782080
20200207,"09:30:01","SZ","NB",127452383,171130500,298582883,-43678117
20200207,"09:31:01","SH","NB",351372688,527836019,879208707,-176463331
20200207,"09:31:01","SZ","NB",493580962,527359324,1020940286,-33778362
20200207,"09:32:01","SH","NB",581058955,726966542,1308025497,-145907587
20200207,"09:32:01","SZ","NB",795750610,791000167,1586750777,4750443
20200207,"09:33:01","SH","NB",751104267,892939913,1644044180,-141835646
20200207,"09:33:01","SZ","NB",1028305051,1019243752,2047548803,9061299
20200207,"09:34:01","SZ","NB",1229078473,1259456491,2488534964,-30378018
20200207,"09:34:01","SH","NB",897632741,1071500756,1969133497,-173868015
20200207,"09:35:01","SH","NB",1110166606,1225209779,2335376385,-115043173
20200207,"09:35:01","SZ","NB",1511267032,1414417009,2925684041,96850023
20200207,"09:36:01","SH","NB",1293134129,1329979695,2623113824,-36845566
20200207,"09:36:01","SZ","NB",1737774747,1626848307,3364623054,110926440
20200207,"09:37:01","SH","NB",1417381267,1490587515,2907968782,-73206248
20200207,"09:37:01","SZ","NB",1933497619,1957088261,3890585880,-23590642
20200207,"09:38:01","SH","NB",1546072637,1676961814,3223034451,-130889177
20200207,"09:38:01","SZ","NB",2114491107,2283168225,4397659332,-168677118
20200207,"09:39:01","SH","NB",1631282107,1859677560,3490959667,-228395453
20200207,"09:39:01","SZ","NB",2288374914,2581740603,4870115517,-293365689
20200207,"09:40:01","SH","NB",1721180571,1965838691,3687019262,-244658120
20200207,"09:40:01","SZ","NB",2467801587,2755128827,5222930414,-287327240
20200207,"09:41:01","SH","NB",1821550639,2064059622,3885610261,-242508983
20200207,"09:41:01","SZ","NB",2648676696,2975769933,5624446629,-327093237
20200207,"09:42:01","SZ","NB",2849851093,3103225932,5953077025,-253374839
20200207,"09:42:01","SH","NB",1943237618,2151620786,4094858404,-208383168
20200207,"09:43:01","SH","NB",2114687198,2212540695,4327227893,-97853497
20200207,"09:43:01","SZ","NB",3033434085,3229442381,6262876466,-196008296
20200207,"09:44:01","SH","NB",2214524277,2281972684,4496496961,-67448407
20200207,"09:44:01","SZ","NB",3170580462,3394088107,6564668569,-223507645
20200207,"09:45:01","SH","NB",2307395954,2434038531,4741434485,-126642577
20200207,"09:45:01","SZ","NB",3284542179,3639775504,6924317683,-355233325
20200207,"09:46:01","SH","NB",2391141791,2590908888,4982050679,-199767097
20200207,"09:46:01","SZ","NB",3438758878,3875751276,7314510154,-436992398
20200207,"09:47:01","SH","NB",2470261286,2676498584,5146759870,-206237298
20200207,"09:47:01","SZ","NB",3607345060,3999917204,7607262264,-392572144
20200207,"09:48:01","SH","NB",2549339131,2764790290,5314129421,-215451159
20200207,"09:48:01","SZ","NB",3725179452,4153293776,7878473228,-428114324
20200207,"09:49:01","SH","NB",2625847817,2847062407,5472910224,-221214590
20200207,"09:49:01","SZ","NB",3852317448,4292147666,8144465114,-439830218
20200207,"09:50:01","SH","NB",2704041131,2956892076,5660933207,-252850945
20200207,"09:50:01","SZ","NB",3969823505,4444751976,8414575481,-474928471
20200207,"09:51:01","SH","NB",2773761644,3163889807,5937651451,-390128163
20200207,"09:51:01","SZ","NB",4107459231,4694190370,8801649601,-586731139
20200207,"09:52:01","SZ","NB",4238049439,4924883639,9162933078,-686834200
20200207,"09:52:01","SH","NB",2872301722,3354587319,6226889041,-482285597
20200207,"09:53:01","SH","NB",2958773957,3543379461,6502153418,-584605504
20200207,"09:53:01","SZ","NB",4389550745,5146159223,9535709968,-756608478
20200207,"09:54:01","SH","NB",3064351786,3778156183,6842507969,-713804397
20200207,"09:54:01","SZ","NB",4585145647,5388886336,9974031983,-803740689
20200207,"09:55:01","SH","NB",3180585273,3901145981,7081731254,-720560708
20200207,"09:55:01","SZ","NB",4786216313,5500286078,10286502391,-714069765
20200207,"09:56:01","SH","NB",3305718291,3989702712,7295421003,-683984421
20200207,"09:56:01","SZ","NB",4929360414,5618152781,10547513195,-688792367
20200207,"09:57:01","SH","NB",3379091728,4100269670,7479361398,-721177942
20200207,"09:57:01","SZ","NB",5041443733,5821244410,10862688143,-779800677
20200207,"09:58:01","SH","NB",3440225953,4193189971,7633415924,-752964018
20200207,"09:58:01","SZ","NB",5146314040,5954222256,11100536296,-807908216
20200207,"09:59:01","SH","NB",3510204096,4268433263,7778637359,-758229167
20200207,"09:59:01","SZ","NB",5270845462,6081224657,11352070119,-810379195
20200207,"10:00:01","SH","NB",3565878910,4345595125,7911474035,-779716215
20200207,"10:00:01","SZ","NB",5368687493,6225433830,11594121323,-856746337
20200207,"10:01:01","SZ","NB",5503471817,6392973956,11896445773,-889502139
20200207,"10:01:01","SH","NB",3638510146,4449540540,8088050686,-811030394
20200207,"10:02:01","SH","NB",3757365478,4521631675,8278997153,-764266197
20200207,"10:02:01","SZ","NB",5675839278,6495826347,12171665625,-819987069
20200207,"10:03:01","SH","NB",3878777540,4592308793,8471086333,-713531253
20200207,"10:03:01","SZ","NB",5837333327,6615035832,12452369159,-777702505
20200207,"10:04:01","SH","NB",3960420588,4662384158,8622804746,-701963570
20200207,"10:04:01","SZ","NB",5947693842,6723778634,12671472476,-776084792
20200207,"10:05:01","SH","NB",4026069598,4721632084,8747701682,-695562486
20200207,"10:05:01","SZ","NB",6044104174,6833329594,12877433768,-789225420
20200207,"10:06:01","SZ","NB",6122905593,6991683083,13114588676,-868777490
20200207,"10:06:01","SH","NB",4072781059,4832426048,8905207107,-759644989
20200207,"10:07:01","SH","NB",4129299512,4895150905,9024450417,-765851393
20200207,"10:07:01","SZ","NB",6192812801,7071707633,13264520434,-878894832
20200207,"10:08:01","SH","NB",4199755872,4951041050,9150796922,-751285178
20200207,"10:08:01","SZ","NB",6267768288,7152189853,13419958141,-884421565
20200207,"10:09:01","SH","NB",4256088433,5007962343,9264050776,-751873910
20200207,"10:09:01","SZ","NB",6354234362,7224075612,13578309974,-869841250
20200207,"10:10:01","SH","NB",4296713605,5095090899,9391804504,-798377294
20200207,"10:10:01","SZ","NB",6419691245,7323043255,13742734500,-903352010
20200207,"10:11:01","SH","NB",4354184112,5167715206,9521899318,-813531094
20200207,"10:11:01","SZ","NB",6512750585,7423905393,13936655978,-911154808
20200207,"10:12:01","SH","NB",4423288846,5231896043,9655184889,-808607197
20200207,"10:12:01","SZ","NB",6601428420,7510538977,14111967397,-909110557
20200207,"10:13:01","SH","NB",4467847877,5308830082,9776677959,-840982205
20200207,"10:13:01","SZ","NB",6667453022,7593131315,14260584337,-925678293
20200207,"10:14:01","SH","NB",4518526662,5357623614,9876150276,-839096952
20200207,"10:14:01","SZ","NB",6768649390,7649347048,14417996438,-880697658
20200207,"10:15:01","SZ","NB",6857643049,7725217485,14582860534,-867574436
20200207,"10:15:01","SH","NB",4559274973,5427115277,9986390250,-867840304
20200207,"10:16:01","SH","NB",4608482320,5557469967,10165952287,-948987647
20200207,"10:16:01","SZ","NB",6926740701,7859597309,14786338010,-932856608
20200207,"10:17:01","SH","NB",4648554158,5605971389,10254525547,-957417231
20200207,"10:17:01","SZ","NB",7008151274,7933069980,14941221254,-924918706
20200207,"10:18:01","SZ","NB",7095700317,7986386208,15082086525,-890685891
20200207,"10:18:01","SH","NB",4696463576,5651246148,10347709724,-954782572
20200207,"10:19:01","SH","NB",4735329715,5711648552,10446978267,-976318837
20200207,"10:19:01","SZ","NB",7168992371,8045134893,15214127264,-876142522
20200207,"10:20:01","SZ","NB",7266891563,8107658444,15374550007,-840766881
20200207,"10:20:01","SH","NB",4788421012,5758574080,10546995092,-970153068
20200207,"10:21:01","SH","NB",4865580902,5844062860,10709643762,-978481958
20200207,"10:21:01","SZ","NB",7389605392,8222074284,15611679676,-832468892
20200207,"10:22:01","SH","NB",4926674885,5903621348,10830296233,-976946463
20200207,"10:22:01","SZ","NB",7481225034,8299341272,15780566306,-818116238
20200207,"10:23:01","SH","NB",5015150298,5959140119,10974290417,-943989821
20200207,"10:23:01","SZ","NB",7560878315,8389231637,15950109952,-828353322
20200207,"10:24:01","SH","NB",5065336590,6015734581,11081071171,-950397991
20200207,"10:24:01","SZ","NB",7622235137,8456973497,16079208634,-834738360
20200207,"10:25:01","SH","NB",5113575744,6076374527,11189950271,-962798783
20200207,"10:25:01","SZ","NB",7674572896,8547807727,16222380623,-873234831
20200207,"10:26:01","SH","NB",5150258519,6154316857,11304575376,-1004058338
20200207,"10:26:01","SZ","NB",7726856849,8630694315,16357551164,-903837466
20200207,"10:27:01","SH","NB",5184787648,6211088906,11395876554,-1026301258
20200207,"10:27:01","SZ","NB",7773798533,8712294547,16486093080,-938496014
20200207,"10:28:01","SH","NB",5217869664,6267290633,11485160297,-1049420969
20200207,"10:28:01","SZ","NB",7819630723,8794682996,16614313719,-975052273
20200207,"10:29:01","SH","NB",5246024074,6322066527,11568090601,-1076042453
20200207,"10:29:01","SZ","NB",7864251935,8872422832,16736674767,-1008170897
20200207,"10:30:01","SZ","NB",7912436921,8937457560,16849894481,-1025020639
20200207,"10:30:01","SH","NB",5281175587,6388699075,11669874662,-1107523488
20200207,"10:31:01","SH","NB",5335814774,6520926003,11856740777,-1185111229
20200207,"10:31:01","SZ","NB",7987781282,9077684645,17065465927,-1089903363
20200207,"10:32:01","SH","NB",5415961932,6579608457,11995570389,-1163646525
20200207,"10:32:01","SZ","NB",8094769712,9132712740,17227482452,-1037943028
20200207,"10:33:01","SH","NB",5461007047,6614939574,12075946621,-1153932527
20200207,"10:33:01","SZ","NB",8159965668,9175682267,17335647935,-1015716599
20200207,"10:34:01","SH","NB",5489922406,6691534502,12181456908,-1201612096
20200207,"10:34:01","SZ","NB",8192659757,9245078787,17437738544,-1052419030
20200207,"10:35:01","SZ","NB",8243622554,9289135159,17532757713,-1045512605
20200207,"10:35:01","SH","NB",5524028499,6723824023,12247852522,-1199795524
20200207,"10:36:01","SH","NB",5548275613,6758410867,12306686480,-1210135254
20200207,"10:36:01","SZ","NB",8286489169,9332145953,17618635122,-1045656784
20200207,"10:37:01","SH","NB",5581250369,6831355178,12412605547,-1250104809
20200207,"10:37:01","SZ","NB",8331642859,9405857796,17737500655,-1074214937
20200207,"10:38:01","SH","NB",5603488300,6882175010,12485663310,-1278686710
20200207,"10:38:01","SZ","NB",8370668086,9466218835,17836886921,-1095550749
20200207,"10:39:01","SH","NB",5664123759,6913266025,12577389784,-1249142266
20200207,"10:39:01","SZ","NB",8458001289,9514516147,17972517436,-1056514858
20200207,"10:40:01","SZ","NB",8565602723,9588462617,18154065340,-1022859894
20200207,"10:40:01","SH","NB",5700413391,6940161421,12640574812,-1239748030
20200207,"10:41:01","SH","NB",5745997396,6983797174,12729794570,-1237799778
20200207,"10:41:01","SZ","NB",8643604845,9686048092,18329652937,-1042443247
20200207,"10:42:01","SH","NB",5775505111,7053099882,12828604993,-1277594771
20200207,"10:42:01","SZ","NB",8705618619,9765608893,18471227512,-1059990274
20200207,"10:43:01","SH","NB",5808560941,7107340400,12915901341,-1298779459
20200207,"10:43:01","SZ","NB",8766287551,9830473002,18596760553,-1064185451
20200207,"10:44:01","SH","NB",5837844020,7184165358,13022009378,-1346321338
20200207,"10:44:01","SZ","NB",8820435153,9932574384,18753009537,-1112139231
20200207,"10:45:01","SH","NB",5870833190,7348291710,13219124900,-1477458520
20200207,"10:45:01","SZ","NB",8886003388,10123532545,19009535933,-1237529157
20200207,"10:46:01","SZ","NB",8940388202,10248981325,19189369527,-1308593123
20200207,"10:46:01","SH","NB",5919993520,7433299679,13353293199,-1513306159
20200207,"10:47:01","SH","NB",5954750980,7535861096,13490612076,-1581110116
20200207,"10:47:01","SZ","NB",8987209283,10401383676,19388592959,-1414174393
20200207,"10:48:01","SH","NB",6010911043,7657487860,13668398903,-1646576817
20200207,"10:48:01","SZ","NB",9067706878,10540115483,19607822361,-1472408605
20200207,"10:49:01","SH","NB",6057838733,7710618656,13768457389,-1652779923
20200207,"10:49:01","SZ","NB",9140822415,10635215869,19776038284,-1494393454
20200207,"10:50:01","SH","NB",6110923285,7750651952,13861575237,-1639728667
20200207,"10:50:01","SZ","NB",9218630466,10690265040,19908895506,-1471634574
20200207,"10:51:01","SZ","NB",9289629374,10849534110,20139163484,-1559904736
20200207,"10:51:01","SH","NB",6169623801,7852333612,14021957413,-1682709811
20200207,"10:52:01","SH","NB",6214827730,7921428497,14136256227,-1706600767
20200207,"10:52:01","SZ","NB",9339363896,10945877026,20285240922,-1606513130
20200207,"10:53:01","SH","NB",6257277863,7992095538,14249373401,-1734817675
20200207,"10:53:01","SZ","NB",9417950989,11069514324,20487465313,-1651563335
20200207,"10:54:01","SH","NB",6296958206,8092615635,14389573841,-1795657429
20200207,"10:54:01","SZ","NB",9504801840,11233155826,20737957666,-1728353986
20200207,"10:55:01","SH","NB",6350716642,8244002427,14594719069,-1893285785
20200207,"10:55:01","SZ","NB",9610858321,11389435143,21000293464,-1778576822
20200207,"10:56:01","SH","NB",6424326698,8363540977,14787867675,-1939214279
20200207,"10:56:01","SZ","NB",9717488497,11579542348,21297030845,-1862053851
20200207,"10:57:01","SH","NB",6496915193,8462634838,14959550031,-1965719645
20200207,"10:57:01","SZ","NB",9853483326,11727071990,21580555316,-1873588664
20200207,"10:58:01","SZ","NB",9994234603,11823755111,21817989714,-1829520508
20200207,"10:58:01","SH","NB",6572295868,8545296517,15117592385,-1973000649
20200207,"10:59:01","SH","NB",6704893588,8630376044,15335269632,-1925482456
20200207,"10:59:01","SZ","NB",10212211943,11949254101,22161466044,-1737042158
20200207,"11:00:01","SH","NB",6815522290,8681003553,15496525843,-1865481263
20200207,"11:00:01","SZ","NB",10368258908,12039507204,22407766112,-1671248296
20200207,"11:01:01","SH","NB",6945307915,8750082000,15695389915,-1804774085
20200207,"11:01:01","SZ","NB",10538212475,12135181719,22673394194,-1596969244
20200207,"11:02:01","SH","NB",7012357566,8798167528,15810525094,-1785809962
20200207,"11:02:01","SZ","NB",10616465547,12221303772,22837769319,-1604838225
20200207,"11:03:01","SH","NB",7065718067,8864132794,15929850861,-1798414727
20200207,"11:03:01","SZ","NB",10688241302,12328117927,23016359229,-1639876625
20200207,"11:04:01","SH","NB",7107539800,8916022444,16023562244,-1808482644
20200207,"11:04:01","SZ","NB",10740243556,12409062953,23149306509,-1668819397
20200207,"11:05:01","SH","NB",7153138091,8965746603,16118884694,-1812608512
20200207,"11:05:01","SZ","NB",10797870327,12473565262,23271435589,-1675694935
20200207,"11:06:01","SZ","NB",10846105280,12532596864,23378702144,-1686491584
20200207,"11:06:01","SH","NB",7199701278,9004587155,16204288433,-1804885877
20200207,"11:07:01","SH","NB",7278410693,9039476346,16317887039,-1761065653
20200207,"11:07:01","SZ","NB",10931771060,12579314611,23511085671,-1647543551
20200207,"11:08:01","SH","NB",7340103590,9075688400,16415791990,-1735584810
20200207,"11:08:01","SZ","NB",11003936186,12623562565,23627498751,-1619626379
20200207,"11:09:01","SH","NB",7368388550,9109971317,16478359867,-1741582767
20200207,"11:09:01","SZ","NB",11050452301,12674839886,23725292187,-1624387585
20200207,"11:10:01","SH","NB",7399274597,9138033633,16537308230,-1738759036
20200207,"11:10:01","SZ","NB",11094562431,12719590253,23814152684,-1625027822
20200207,"11:11:01","SH","NB",7461589602,9178641537,16640231139,-1717051935
20200207,"11:11:01","SZ","NB",11176177647,12780418796,23956596443,-1604241149
20200207,"11:12:01","SZ","NB",11223456198,12824289899,24047746097,-1600833701
20200207,"11:12:01","SH","NB",7507595074,9210690736,16718285810,-1703095662
20200207,"11:13:01","SH","NB",7541082787,9262354844,16803437631,-1721272057
20200207,"11:13:01","SZ","NB",11264282002,12907008538,24171290540,-1642726536
20200207,"11:14:01","SH","NB",7572203010,9292847224,16865050234,-1720644214
20200207,"11:14:01","SZ","NB",11312717811,12942455867,24255173678,-1629738056
20200207,"11:15:01","SH","NB",7597653939,9325128315,16922782254,-1727474376
20200207,"11:15:01","SZ","NB",11341751465,12993926091,24335677556,-1652174626
20200207,"11:16:01","SH","NB",7627862212,9364756535,16992618747,-1736894323
20200207,"11:16:01","SZ","NB",11380932952,13034503563,24415436515,-1653570611
20200207,"11:17:01","SH","NB",7656794814,9389312176,17046106990,-1732517362
20200207,"11:17:01","SZ","NB",11417588720,13075921650,24493510370,-1658332930
20200207,"11:18:01","SZ","NB",11528671390,13117343574,24646014964,-1588672184
20200207,"11:18:01","SH","NB",7746531002,9429141843,17175672845,-1682610841
20200207,"11:19:01","SH","NB",7812376305,9462460989,17274837294,-1650084684
20200207,"11:19:01","SZ","NB",11655644325,13156261933,24811906258,-1500617608
20200207,"11:20:01","SH","NB",7873159499,9503389532,17376549031,-1630230033
20200207,"11:20:01","SZ","NB",11712005058,13193345256,24905350314,-1481340198
20200207,"11:21:01","SH","NB",7938371906,9550903364,17489275270,-1612531458
20200207,"11:21:01","SZ","NB",11797247159,13254152036,25051399195,-1456904877
20200207,"11:22:01","SZ","NB",11840611332,13321755481,25162366813,-1481144149
20200207,"11:22:01","SH","NB",7971714097,9603733481,17575447578,-1632019384
20200207,"11:23:01","SH","NB",7998810865,9638549991,17637360856,-1639739126
20200207,"11:23:01","SZ","NB",11869469798,13368507279,25237977077,-1499037481
20200207,"11:24:01","SH","NB",8030567421,9664863483,17695430904,-1634296062
20200207,"11:24:01","SZ","NB",11915353288,13402822865,25318176153,-1487469577
20200207,"11:25:01","SZ","NB",11951648995,13437614662,25389263657,-1485965667
20200207,"11:25:01","SH","NB",8061928673,9687154906,17749083579,-1625226233
20200207,"11:26:01","SH","NB",8090397007,9724502149,17814899156,-1634105142
20200207,"11:26:01","SZ","NB",11993028629,13525242989,25518271618,-1532214360
20200207,"11:27:01","SH","NB",8115621556,9754617672,17870239228,-1638996116
20200207,"11:27:01","SZ","NB",12019184356,13567118248,25586302604,-1547933892
20200207,"11:28:01","SH","NB",8140096787,9785970139,17926066926,-1645873352
20200207,"11:28:01","SZ","NB",12048127835,13611437346,25659565181,-1563309511
20200207,"11:29:01","SH","NB",8161975150,9816225562,17978200712,-1654250412
20200207,"11:29:01","SZ","NB",12078486102,13669335929,25747822031,-1590849827
20200207,"11:30:01","SZ","NB",12113748532,13710411372,25824159904,-1596662840
20200207,"11:30:01","SH","NB",8195629448,9842908931,18038538379,-1647279483
20200207,"11:31:01","SH","NB",8195844333,9843030430,18038874763,-1647186097
20200207,"11:31:01","SZ","NB",12114218798,13710679616,25824898414,-1596460818
20200207,"13:00:01","SZ","NB",12120736637,13725939503,25846676140,-1605202866
20200207,"13:01:01","SH","NB",8287217758,9947436864,18234654622,-1660219106
20200207,"13:01:01","SZ","NB",12229397830,13890440331,26119838161,-1661042501
20200207,"13:02:01","SH","NB",8330349806,9986793215,18317143021,-1656443409
20200207,"13:02:01","SZ","NB",12288241060,13948910012,26237151072,-1660668952
20200207,"13:03:01","SH","NB",8363494817,10052313040,18415807857,-1688818223
20200207,"13:03:01","SZ","NB",12331853493,14012718102,26344571595,-1680864609
20200207,"13:04:01","SH","NB",8408864862,10081008428,18489873290,-1672143566
20200207,"13:04:01","SZ","NB",12387013262,14069229592,26456242854,-1682216330
20200207,"13:05:01","SH","NB",8444706877,10114723629,18559430506,-1670016752
20200207,"13:05:01","SZ","NB",12439077536,14133175598,26572253134,-1694098062
20200207,"13:06:01","SZ","NB",12490552759,14190384971,26680937730,-1699832212
20200207,"13:06:01","SH","NB",8485870177,10148863771,18634733948,-1662993594
20200207,"13:07:01","SH","NB",8531992416,10199626939,18731619355,-1667634523
20200207,"13:07:01","SZ","NB",12543621180,14259117030,26802738210,-1715495850
20200207,"13:08:01","SH","NB",8573933848,10233081327,18807015175,-1659147479
20200207,"13:08:01","SZ","NB",12602812737,14317690875,26920503612,-1714878138
20200207,"13:09:01","SH","NB",8642157690,10263782715,18905940405,-1621625025
20200207,"13:09:01","SZ","NB",12674010208,14367681481,27041691689,-1693671273
20200207,"13:10:01","SH","NB",8691715122,10288620283,18980335405,-1596905161
20200207,"13:10:01","SZ","NB",12738895836,14407972563,27146868399,-1669076727
20200207,"13:11:01","SH","NB",8735797639,10319709078,19055506717,-1583911439
20200207,"13:11:01","SZ","NB",12804036390,14475899786,27279936176,-1671863396
20200207,"13:12:01","SH","NB",8779915122,10366056993,19145972115,-1586141871
20200207,"13:12:01","SZ","NB",12849977698,14566205731,27416183429,-1716228033
20200207,"13:13:01","SH","NB",8806832649,10405290032,19212122681,-1598457383
20200207,"13:13:01","SZ","NB",12893037120,14644785674,27537822794,-1751748554
20200207,"13:14:01","SH","NB",8845045071,10434768365,19279813436,-1589723294
20200207,"13:14:01","SZ","NB",12949601598,14698745941,27648347539,-1749144343
20200207,"13:15:01","SZ","NB",13002306328,14735561747,27737868075,-1733255419
20200207,"13:15:01","SH","NB",8876761696,10465266706,19342028402,-1588505010
20200207,"13:16:01","SH","NB",8899543623,10487129133,19386672756,-1587585510
20200207,"13:16:01","SZ","NB",13034999262,14764524996,27799524258,-1729525734
20200207,"13:17:01","SH","NB",8936364920,10519033077,19455397997,-1582668157
20200207,"13:17:01","SZ","NB",13079392466,14813768988,27893161454,-1734376522
20200207,"13:18:01","SH","NB",8976284947,10572513709,19548798656,-1596228762
20200207,"13:18:01","SZ","NB",13120905452,14864861339,27985766791,-1743955887
20200207,"13:19:01","SH","NB",9012408122,10608649143,19621057265,-1596241021
20200207,"13:19:01","SZ","NB",13155378996,14902844397,28058223393,-1747465401
20200207,"13:20:01","SH","NB",9051229692,10647818377,19699048069,-1596588685
20200207,"13:20:01","SZ","NB",13212886187,14955875487,28168761674,-1742989300
20200207,"13:21:01","SH","NB",9097254905,10693935111,19791190016,-1596680206
20200207,"13:21:01","SZ","NB",13262402620,15023445320,28285847940,-1761042700
20200207,"13:22:01","SH","NB",9136689143,10739132951,19875822094,-1602443808
20200207,"13:22:01","SZ","NB",13312710905,15080537024,28393247929,-1767826119
20200207,"13:23:01","SH","NB",9184214934,10782566420,19966781354,-1598351486
20200207,"13:23:01","SZ","NB",13371581564,15143293701,28514875265,-1771712137
20200207,"13:24:01","SH","NB",9291112628,10826508312,20117620940,-1535395684
20200207,"13:24:01","SZ","NB",13496423902,15201916411,28698340313,-1705492509
20200207,"13:25:01","SZ","NB",13548963519,15279042898,28828006417,-1730079379
20200207,"13:25:01","SH","NB",9337155463,10864686074,20201841537,-1527530611
20200207,"13:26:01","SH","NB",9373649434,10900904339,20274553773,-1527254905
20200207,"13:26:01","SZ","NB",13589958673,15350454535,28940413208,-1760495862
20200207,"13:27:01","SH","NB",9405550750,10968293443,20373844193,-1562742693
20200207,"13:27:01","SZ","NB",13624329116,15426343882,29050672998,-1802014766
20200207,"13:28:01","SH","NB",9433650533,11000050974,20433701507,-1566400441
20200207,"13:28:01","SZ","NB",13669569099,15476661441,29146230540,-1807092342
20200207,"13:29:01","SH","NB",9495420405,11033076469,20528496874,-1537656064
20200207,"13:29:01","SZ","NB",13739959299,15528011255,29267970554,-1788051956
20200207,"13:30:01","SH","NB",9533070488,11065627346,20598697834,-1532556858
20200207,"13:30:01","SZ","NB",13787743037,15588051030,29375794067,-1800307993
20200207,"13:31:01","SH","NB",9574978050,11110810063,20685788113,-1535832013
20200207,"13:31:01","SZ","NB",13864290754,15672310347,29536601101,-1808019593
20200207,"13:32:01","SH","NB",9602989956,11150543059,20753533015,-1547553103
20200207,"13:32:01","SZ","NB",13908932481,15761711051,29670643532,-1852778570
20200207,"13:33:01","SH","NB",9638474991,11179498121,20817973112,-1541023130
20200207,"13:33:01","SZ","NB",13948827132,15825130128,29773957260,-1876302996
20200207,"13:34:01","SZ","NB",13985846879,15869806331,29855653210,-1883959452
20200207,"13:34:01","SH","NB",9663848244,11209050366,20872898610,-1545202122
20200207,"13:35:01","SH","NB",9690503493,11243138971,20933642464,-1552635478
20200207,"13:35:01","SZ","NB",14018761084,15937170542,29955931626,-1918409458
20200207,"13:36:01","SH","NB",9724520538,11300273099,21024793637,-1575752561
20200207,"13:36:01","SZ","NB",14048780252,16012986875,30061767127,-1964206623
20200207,"13:37:01","SH","NB",9749917740,11379924295,21129842035,-1630006555
20200207,"13:37:01","SZ","NB",14098504982,16097448539,30195953521,-1998943557
20200207,"13:38:01","SH","NB",9779389929,11437693634,21217083563,-1658303705
20200207,"13:38:01","SZ","NB",14137044785,16147168076,30284212861,-2010123291
20200207,"13:39:01","SH","NB",9823992781,11484232541,21308225322,-1660239760
20200207,"13:39:01","SZ","NB",14205428652,16194826768,30400255420,-1989398116
20200207,"13:40:01","SH","NB",9859839180,11514031632,21373870812,-1654192452
20200207,"13:40:01","SZ","NB",14261380698,16239179029,30500559727,-1977798331
20200207,"13:41:01","SH","NB",9903322797,11548933022,21452255819,-1645610225
20200207,"13:41:01","SZ","NB",14333163046,16294332751,30627495797,-1961169705
20200207,"13:42:01","SH","NB",9944014883,11579704135,21523719018,-1635689252
20200207,"13:42:01","SZ","NB",14397633135,16345439426,30743072561,-1947806291
20200207,"13:43:01","SH","NB",9984945942,11616461987,21601407929,-1631516045
20200207,"13:43:01","SZ","NB",14455470086,16405441889,30860911975,-1949971803
20200207,"13:44:01","SZ","NB",14506612565,16467346966,30973959531,-1960734401
20200207,"13:44:01","SH","NB",10013181492,11646590866,21659772358,-1633409374
20200207,"13:45:01","SH","NB",10058081965,11694932400,21753014365,-1636850435
20200207,"13:45:01","SZ","NB",14569667749,16559229932,31128897681,-1989562183
20200207,"13:46:01","SH","NB",10095693608,11729345010,21825038618,-1633651402
20200207,"13:46:01","SZ","NB",14628980634,16621834979,31250815613,-1992854345
20200207,"13:47:01","SH","NB",10136175058,11762168469,21898343527,-1625993411
20200207,"13:47:01","SZ","NB",14689373555,16686539082,31375912637,-1997165527
20200207,"13:48:01","SH","NB",10177774578,11803274012,21981048590,-1625499434
20200207,"13:48:01","SZ","NB",14743549957,16757283375,31500833332,-2013733418
20200207,"13:49:01","SH","NB",10221360726,11839536562,22060897288,-1618175836
20200207,"13:49:01","SZ","NB",14791047826,16826590034,31617637860,-2035542208
20200207,"13:50:01","SH","NB",10262276345,11882522506,22144798851,-1620246161
20200207,"13:50:01","SZ","NB",14829468435,16894748100,31724216535,-2065279665
20200207,"13:51:01","SZ","NB",14905059435,16962195450,31867254885,-2057136015
20200207,"13:51:01","SH","NB",10315620231,11933806392,22249426623,-1618186161
20200207,"13:52:01","SH","NB",10369110214,11967812312,22336922526,-1598702098
20200207,"13:52:01","SZ","NB",14983266419,17022780389,32006046808,-2039513970
20200207,"13:53:01","SH","NB",10418926285,12008395238,22427321523,-1589468953
20200207,"13:53:01","SZ","NB",15049041238,17106429551,32155470789,-2057388313
20200207,"13:54:01","SH","NB",10480925583,12048334640,22529260223,-1567409057
20200207,"13:54:01","SZ","NB",15122742564,17164737394,32287479958,-2041994830
20200207,"13:55:01","SH","NB",10526164071,12140149240,22666313311,-1613985169
20200207,"13:55:01","SZ","NB",15172611965,17266150370,32438762335,-2093538405
20200207,"13:56:01","SH","NB",10565535542,12194655543,22760191085,-1629120001
20200207,"13:56:01","SZ","NB",15209865117,17336484139,32546349256,-2126619022
20200207,"13:57:01","SH","NB",10603145127,12233115970,22836261097,-1629970843
20200207,"13:57:01","SZ","NB",15250185637,17393584179,32643769816,-2143398542
20200207,"13:58:01","SH","NB",10638467029,12300951011,22939418040,-1662483982
20200207,"13:58:01","SZ","NB",15288939065,17455973345,32744912410,-2167034280
20200207,"13:59:01","SZ","NB",15325407686,17550311337,32875719023,-2224903651
20200207,"13:59:01","SH","NB",10664954636,12389751942,23054706578,-1724797306
20200207,"14:00:01","SH","NB",10704482104,12445260424,23149742528,-1740778320
20200207,"14:00:01","SZ","NB",15366241476,17602092048,32968333524,-2235850572
20200207,"14:01:01","SH","NB",10757349046,12476259534,23233608580,-1718910488
20200207,"14:01:01","SZ","NB",15440479133,17657057008,33097536141,-2216577875
20200207,"14:02:01","SH","NB",10791776000,12518142332,23309918332,-1726366332
20200207,"14:02:01","SZ","NB",15477866882,17706058859,33183925741,-2228191977
20200207,"14:03:01","SH","NB",10827085969,12565098379,23392184348,-1738012410
20200207,"14:03:01","SZ","NB",15521998747,17773857604,33295856351,-2251858857
20200207,"14:04:01","SH","NB",10862039747,12641353533,23503393280,-1779313786
20200207,"14:04:01","SZ","NB",15560963271,17842400018,33403363289,-2281436747
20200207,"14:05:01","SH","NB",10888376508,12712962764,23601339272,-1824586256
20200207,"14:05:01","SZ","NB",15598934166,17906922650,33505856816,-2307988484
20200207,"14:06:01","SZ","NB",15646989648,17960902689,33607892337,-2313913041
20200207,"14:06:01","SH","NB",10925122113,12764224664,23689346777,-1839102551
20200207,"14:07:01","SH","NB",10961917665,12809318356,23771236021,-1847400691
20200207,"14:07:01","SZ","NB",15685459601,18007837181,33693296782,-2322377580
20200207,"14:08:01","SH","NB",10992894269,12838214591,23831108860,-1845320322
20200207,"14:08:01","SZ","NB",15722017665,18058366379,33780384044,-2336348714
20200207,"14:09:01","SH","NB",11075099074,12877105638,23952204712,-1802006564
20200207,"14:09:01","SZ","NB",15859014757,18117769823,33976784580,-2258755066
20200207,"14:10:01","SH","NB",11117133787,12912414916,24029548703,-1795281129
20200207,"14:10:01","SZ","NB",15954035684,18183239189,34137274873,-2229203505
20200207,"14:11:01","SH","NB",11198712259,12956036410,24154748669,-1757324151
20200207,"14:11:01","SZ","NB",16052395216,18255024678,34307419894,-2202629462
20200207,"14:12:01","SH","NB",11232415208,12995787155,24228202363,-1763371947
20200207,"14:12:01","SZ","NB",16091883097,18330058597,34421941694,-2238175500
20200207,"14:13:01","SH","NB",11268571377,13040102463,24308673840,-1771531086
20200207,"14:13:01","SZ","NB",16131731568,18415922088,34547653656,-2284190520
20200207,"14:14:01","SH","NB",11306048133,13072321284,24378369417,-1766273151
20200207,"14:14:01","SZ","NB",16174221437,18477816614,34652038051,-2303595177
20200207,"14:15:01","SH","NB",11351975199,13101997193,24453972392,-1750021994
20200207,"14:15:01","SZ","NB",16235754703,18535970218,34771724921,-2300215515
20200207,"14:16:01","SZ","NB",16299732728,18597925437,34897658165,-2298192709
20200207,"14:16:01","SH","NB",11413928550,13141824722,24555753272,-1727896172
20200207,"14:17:01","SH","NB",11447082362,13181967679,24629050041,-1734885317
20200207,"14:17:01","SZ","NB",16367818042,18668452491,35036270533,-2300634449
20200207,"14:18:01","SH","NB",11491892349,13217167077,24709059426,-1725274728
20200207,"14:18:01","SZ","NB",16419634676,18738446665,35158081341,-2318811989
20200207,"14:19:01","SZ","NB",16461314831,18801012308,35262327139,-2339697477
20200207,"14:19:01","SH","NB",11533454942,13248066025,24781520967,-1714611083
20200207,"14:20:01","SH","NB",11571715431,13284686231,24856401662,-1712970800
20200207,"14:20:01","SZ","NB",16512734180,18867823501,35380557681,-2355089321
20200207,"14:21:01","SH","NB",11608987674,13323153446,24932141120,-1714165772
20200207,"14:21:01","SZ","NB",16563329744,18950562672,35513892416,-2387232928
20200207,"14:22:01","SZ","NB",16644478452,19004795855,35649274307,-2360317403
20200207,"14:22:01","SH","NB",11667475546,13358014563,25025490109,-1690539017
20200207,"14:23:01","SH","NB",11754339290,13404161864,25158501154,-1649822574
20200207,"14:23:01","SZ","NB",16746157166,19071008966,35817166132,-2324851800
20200207,"14:24:01","SH","NB",11827549615,13443513220,25271062835,-1615963605
20200207,"14:24:01","SZ","NB",16840268631,19146692669,35986961300,-2306424038
20200207,"14:25:01","SH","NB",11897191078,13494555338,25391746416,-1597364260
20200207,"14:25:01","SZ","NB",16905785987,19239096197,36144882184,-2333310210
20200207,"14:26:01","SH","NB",11940692942,13535344693,25476037635,-1594651751
20200207,"14:26:01","SZ","NB",16958828411,19320814833,36279643244,-2361986422
20200207,"14:27:01","SH","NB",11998942091,13574933749,25573875840,-1575991658
20200207,"14:27:01","SZ","NB",17007400059,19388480914,36395880973,-2381080855
20200207,"14:28:01","SH","NB",12043171771,13658717448,25701889219,-1615545677
20200207,"14:28:01","SZ","NB",17066546295,19505112148,36571658443,-2438565853
20200207,"14:29:01","SH","NB",12081971302,13701252193,25783223495,-1619280891
20200207,"14:29:01","SZ","NB",17104246650,19568357690,36672604340,-2464111040
20200207,"14:30:01","SH","NB",12121137512,13731646211,25852783723,-1610508699
20200207,"14:30:01","SZ","NB",17149045984,19614408617,36763454601,-2465362633
20200207,"14:31:01","SZ","NB",17201014425,19706037635,36907052060,-2505023210
20200207,"14:31:01","SH","NB",12164629776,13791806456,25956436232,-1627176680
20200207,"14:32:01","SH","NB",12212649393,13828852813,26041502206,-1616203420
20200207,"14:32:01","SZ","NB",17272801556,19755144223,37027945779,-2482342667
20200207,"14:33:01","SH","NB",12253320905,13864914857,26118235762,-1611593952
20200207,"14:33:01","SZ","NB",17328585265,19813378247,37141963512,-2484792982
20200207,"14:34:01","SH","NB",12297943566,13911584359,26209527925,-1613640793
20200207,"14:34:01","SZ","NB",17393160558,19879760090,37272920648,-2486599532
20200207,"14:35:01","SH","NB",12339855142,13967026026,26306881168,-1627170884
20200207,"14:35:01","SZ","NB",17468439832,19970563467,37439003299,-2502123635
20200207,"14:36:01","SH","NB",12399163708,14021938085,26421101793,-1622774377
20200207,"14:36:01","SZ","NB",17521038731,20028351906,37549390637,-2507313175
20200207,"14:37:01","SH","NB",12443715373,14103734174,26547449547,-1660018801
20200207,"14:37:01","SZ","NB",17577225577,20128200463,37705426040,-2550974886
20200207,"14:38:01","SH","NB",12487246555,14182411657,26669658212,-1695165102
20200207,"14:38:01","SZ","NB",17628027226,20215500723,37843527949,-2587473497
20200207,"14:39:01","SH","NB",12553127611,14238061728,26791189339,-1684934117
20200207,"14:39:01","SZ","NB",17683985804,20278018915,37962004719,-2594033111
20200207,"14:40:01","SH","NB",12617581742,14294308198,26911889940,-1676726456
20200207,"14:40:01","SZ","NB",17744388887,20331894433,38076283320,-2587505546
20200207,"14:41:01","SZ","NB",17832941833,20400442484,38233384317,-2567500651
20200207,"14:41:01","SH","NB",12689796180,14346805884,27036602064,-1657009704
20200207,"14:42:01","SH","NB",12753826633,14393488817,27147315450,-1639662184
20200207,"14:42:01","SZ","NB",17934969204,20460613540,38395582744,-2525644336
20200207,"14:43:01","SH","NB",12816887752,14436632709,27253520461,-1619744957
20200207,"14:43:01","SZ","NB",18021495586,20513215112,38534710698,-2491719526
20200207,"14:44:01","SH","NB",12870856753,14472324253,27343181006,-1601467500
20200207,"14:44:01","SZ","NB",18080568696,20591754819,38672323515,-2511186123
20200207,"14:45:01","SH","NB",12931441894,14521301830,27452743724,-1589859936
20200207,"14:45:01","SZ","NB",18121770224,20668377587,38790147811,-2546607363
20200207,"14:46:01","SH","NB",13013360746,14590015814,27603376560,-1576655068
20200207,"14:46:01","SZ","NB",18181341610,20731625521,38912967131,-2550283911
20200207,"14:47:01","SH","NB",13134946566,14649353451,27784300017,-1514406885
20200207,"14:47:01","SZ","NB",18259562945,20790214420,39049777365,-2530651475
20200207,"14:48:01","SH","NB",13283092273,14720201073,28003293346,-1437108800
20200207,"14:48:01","SZ","NB",18347490954,20870413097,39217904051,-2522922143
20200207,"14:49:01","SH","NB",13393389415,14795317635,28188707050,-1401928220
20200207,"14:49:01","SZ","NB",18422698603,20948010573,39370709176,-2525311970
20200207,"14:50:01","SH","NB",13594312528,14882213060,28476525588,-1287900532
20200207,"14:50:01","SZ","NB",18486619235,21007790600,39494409835,-2521171365
20200207,"14:51:01","SZ","NB",18608188439,21107005057,39715193496,-2498816618
20200207,"14:51:01","SH","NB",13754114474,14971824682,28725939156,-1217710208
20200207,"14:52:01","SH","NB",13923840936,15056869451,28980710387,-1133028515
20200207,"14:52:01","SZ","NB",18747065075,21184315931,39931381006,-2437250856
20200207,"14:53:01","SH","NB",14118175462,15208082156,29326257618,-1089906694
20200207,"14:53:01","SZ","NB",18856258034,21299447181,40155705215,-2443189147
20200207,"14:54:01","SH","NB",14278929694,15338853700,29617783394,-1059924006
20200207,"14:54:01","SZ","NB",18927488491,21393510619,40320999110,-2466022128
20200207,"14:55:01","SH","NB",14439867276,15428885595,29868752871,-989018319
20200207,"14:55:01","SZ","NB",19008403957,21473596694,40482000651,-2465192737
20200207,"14:56:01","SH","NB",14602933957,15589140266,30192074223,-986206309
20200207,"14:56:01","SZ","NB",19104768284,21634393616,40739161900,-2529625332
20200207,"14:57:01","SH","NB",14741547281,15736036845,30477584126,-994489564
20200207,"14:57:01","SZ","NB",19176793637,21754697011,40931490648,-2577903374
20200207,"14:58:01","SH","NB",14745719680,15738458994,30484178674,-992739314
20200207,"14:58:01","SZ","NB",19178437440,21756651846,40935089286,-2578214406
20200207,"15:00:01","SZ","NB",19280105390,21818636420,41098741810,-2538531030
20200207,"15:01:01","SH","NB",15131707852,15958536595,31090244447,-826828743
20200207,"15:01:01","SZ","NB",19505065172,21977524007,41482589179,-2472458835
