dataDate,dataTime,connectMarket,tradeDirection,buyTurnover,sellTurnover,totalTurnover,netTurnover
20191205,"09:30:01","SH","NB",73573217,84671430,158244647,-11098213
20191205,"09:30:01","SZ","NB",65000013,31503470,96503483,33496543
20191205,"09:31:01","SH","NB",197442302,164827981,362270283,32614321
20191205,"09:31:01","SZ","NB",250479715,139696139,390175854,110783576
20191205,"09:32:01","SZ","NB",360022827,203231183,563254010,156791644
20191205,"09:32:01","SH","NB",311713219,214228208,525941427,97485011
20191205,"09:33:01","SH","NB",403013042,255051754,658064796,147961288
20191205,"09:33:01","SZ","NB",490295697,268552039,758847736,221743658
20191205,"09:34:01","SH","NB",514307231,301848253,816155484,212458978
20191205,"09:34:01","SZ","NB",603607058,337051752,940658810,266555306
20191205,"09:35:01","SH","NB",610363510,345657294,956020804,264706216
20191205,"09:35:01","SZ","NB",701528116,416808218,1118336334,284719898
20191205,"09:36:01","SH","NB",697161696,397915522,1095077218,299246174
20191205,"09:36:01","SZ","NB",775318164,506711460,1282029624,268606704
20191205,"09:37:01","SH","NB",781388562,447955503,1229344065,333433059
20191205,"09:37:01","SZ","NB",846155857,592925607,1439081464,253230250
20191205,"09:38:01","SH","NB",851825773,505752011,1357577784,346073762
20191205,"09:38:01","SZ","NB",928033360,666135090,1594168450,261898270
20191205,"09:39:01","SH","NB",939164016,539405984,1478570000,399758032
20191205,"09:39:01","SZ","NB",1042857169,714530215,1757387384,328326954
20191205,"09:40:01","SZ","NB",1115463167,773245100,1888708267,342218067
20191205,"09:40:01","SH","NB",1005892530,576692151,1582584681,429200379
20191205,"09:41:01","SH","NB",1113844642,625316102,1739160744,488528540
20191205,"09:41:01","SZ","NB",1252905609,826495934,2079401543,426409675
20191205,"09:42:01","SH","NB",1175318659,670828399,1846147058,504490260
20191205,"09:42:01","SZ","NB",1328534749,890383798,2218918547,438150951
20191205,"09:43:01","SZ","NB",1395364316,953643723,2349008039,441720593
20191205,"09:43:01","SH","NB",1215207426,709997124,1925204550,505210302
20191205,"09:44:01","SH","NB",1257034466,741319118,1998353584,515715348
20191205,"09:44:01","SZ","NB",1478415181,992713515,2471128696,485701666
20191205,"09:45:01","SH","NB",1313344968,822227241,2135572209,491117727
20191205,"09:45:01","SZ","NB",1554489806,1089665253,2644155059,464824553
20191205,"09:46:01","SH","NB",1409181597,864022797,2273204394,545158800
20191205,"09:46:01","SZ","NB",1733791774,1142857283,2876649057,590934491
20191205,"09:47:01","SH","NB",1502467202,912771385,2415238587,589695817
20191205,"09:47:01","SZ","NB",1848818079,1200684304,3049502383,648133775
20191205,"09:48:01","SH","NB",1651263004,954252940,2605515944,697010064
20191205,"09:48:01","SZ","NB",1967502175,1241871968,3209374143,725630207
20191205,"09:49:01","SH","NB",1718337837,1008882147,2727219984,709455690
20191205,"09:49:01","SZ","NB",2042983116,1306154365,3349137481,736828751
20191205,"09:50:01","SH","NB",1768465508,1049778947,2818244455,718686561
20191205,"09:50:01","SZ","NB",2102672263,1342639001,3445311264,760033262
20191205,"09:51:01","SH","NB",1826847797,1101434102,2928281899,725413695
20191205,"09:51:01","SZ","NB",2187115187,1396234125,3583349312,790881062
20191205,"09:52:01","SZ","NB",2255238701,1457243865,3712482566,797994836
20191205,"09:52:01","SH","NB",1876223240,1154133078,3030356318,722090162
20191205,"09:53:01","SH","NB",1932265317,1190115948,3122381265,742149369
20191205,"09:53:01","SZ","NB",2342149714,1499811609,3841961323,842338105
20191205,"09:54:01","SH","NB",1987898919,1219155876,3207054795,768743043
20191205,"09:54:01","SZ","NB",2453466125,1533032530,3986498655,920433595
20191205,"09:55:01","SH","NB",2039110345,1251322174,3290432519,787788171
20191205,"09:55:01","SZ","NB",2557005547,1571290935,4128296482,985714612
20191205,"09:56:01","SH","NB",2098858152,1301421729,3400279881,797436423
20191205,"09:56:01","SZ","NB",2674809001,1626169954,4300978955,1048639047
20191205,"09:57:01","SH","NB",2136056106,1331889991,3467946097,804166115
20191205,"09:57:01","SZ","NB",2757585090,1671815568,4429400658,1085769522
20191205,"09:58:01","SH","NB",2195382066,1360538232,3555920298,834843834
20191205,"09:58:01","SZ","NB",2873976617,1703495464,4577472081,1170481153
20191205,"09:59:01","SH","NB",2326698434,1394693042,3721391476,932005392
20191205,"09:59:01","SZ","NB",3059137489,1747366983,4806504472,1311770506
20191205,"10:00:01","SH","NB",2394647645,1430812765,3825460410,963834880
20191205,"10:00:01","SZ","NB",3186646529,1809200641,4995847170,1377445888
20191205,"10:01:01","SH","NB",2498704864,1474234446,3972939310,1024470418
20191205,"10:01:01","SZ","NB",3289635929,1865252016,5154887945,1424383913
20191205,"10:02:01","SZ","NB",3356485743,1962514461,5319000204,1393971282
20191205,"10:02:01","SH","NB",2549211075,1541677325,4090888400,1007533750
20191205,"10:03:01","SH","NB",2596624059,1587104459,4183728518,1009519600
20191205,"10:03:01","SZ","NB",3417752771,2008221172,5425973943,1409531599
20191205,"10:04:01","SH","NB",2662199557,1621703286,4283902843,1040496271
20191205,"10:04:01","SZ","NB",3485659496,2053839590,5539499086,1431819906
20191205,"10:05:01","SH","NB",2703844741,1652591796,4356436537,1051252945
20191205,"10:05:01","SZ","NB",3536587874,2090439280,5627027154,1446148594
20191205,"10:06:01","SH","NB",2746128243,1683809249,4429937492,1062318994
20191205,"10:06:01","SZ","NB",3585641724,2126738832,5712380556,1458902892
20191205,"10:07:01","SH","NB",2793922101,1708729264,4502651365,1085192837
20191205,"10:07:01","SZ","NB",3630917851,2158728407,5789646258,1472189444
20191205,"10:08:01","SH","NB",2828642103,1745000440,4573642543,1083641663
20191205,"10:08:01","SZ","NB",3680009325,2209192951,5889202276,1470816374
20191205,"10:09:01","SH","NB",2860559682,1774371026,4634930708,1086188656
20191205,"10:09:01","SZ","NB",3720923456,2244297795,5965221251,1476625661
20191205,"10:10:01","SZ","NB",3793159594,2267784933,6060944527,1525374661
20191205,"10:10:01","SH","NB",2912079581,1805142171,4717221752,1106937410
20191205,"10:11:01","SH","NB",3000808752,1839868782,4840677534,1160939970
20191205,"10:11:01","SZ","NB",3886042561,2301956973,6187999534,1584085588
20191205,"10:12:01","SH","NB",3040599229,1875011755,4915610984,1165587474
20191205,"10:12:01","SZ","NB",3933957268,2346526463,6280483731,1587430805
20191205,"10:13:01","SH","NB",3080067956,1911018098,4991086054,1169049858
20191205,"10:13:01","SZ","NB",3985202263,2384878028,6370080291,1600324235
20191205,"10:14:01","SH","NB",3120237727,1944206036,5064443763,1176031691
20191205,"10:14:01","SZ","NB",4038394678,2411993824,6450388502,1626400854
20191205,"10:15:01","SH","NB",3155833228,1963949642,5119782870,1191883586
20191205,"10:15:01","SZ","NB",4088697816,2440115324,6528813140,1648582492
20191205,"10:16:01","SH","NB",3219265547,1998281685,5217547232,1220983862
20191205,"10:16:01","SZ","NB",4176151285,2479014037,6655165322,1697137248
20191205,"10:17:01","SH","NB",3255465185,2026676954,5282142139,1228788231
20191205,"10:17:01","SZ","NB",4218020728,2518117355,6736138083,1699903373
20191205,"10:18:01","SH","NB",3291621376,2066863196,5358484572,1224758180
20191205,"10:18:01","SZ","NB",4259249655,2547270165,6806519820,1711979490
20191205,"10:19:01","SH","NB",3324554648,2089603998,5414158646,1234950650
20191205,"10:19:01","SZ","NB",4309724248,2576656199,6886380447,1733068049
20191205,"10:20:01","SZ","NB",4361869352,2616990138,6978859490,1744879214
20191205,"10:20:01","SH","NB",3352192046,2116597804,5468789850,1235594242
20191205,"10:21:01","SH","NB",3391039975,2180268190,5571308165,1210771785
20191205,"10:21:01","SZ","NB",4413115962,2679650045,7092766007,1733465917
20191205,"10:22:01","SH","NB",3426700416,2219833799,5646534215,1206866617
20191205,"10:22:01","SZ","NB",4495534553,2712004819,7207539372,1783529734
20191205,"10:23:01","SH","NB",3477584683,2245427411,5723012094,1232157272
20191205,"10:23:01","SZ","NB",4597532926,2739935639,7337468565,1857597287
20191205,"10:24:01","SH","NB",3513178578,2268266931,5781445509,1244911647
20191205,"10:24:01","SZ","NB",4652285831,2775871144,7428156975,1876414687
20191205,"10:25:01","SH","NB",3543661917,2287540321,5831202238,1256121596
20191205,"10:25:01","SZ","NB",4716239609,2810895264,7527134873,1905344345
20191205,"10:26:01","SH","NB",3608244403,2328507887,5936752290,1279736516
20191205,"10:26:01","SZ","NB",4815552903,2843722412,7659275315,1971830491
20191205,"10:27:01","SH","NB",3648135170,2356911134,6005046304,1291224036
20191205,"10:27:01","SZ","NB",4865801517,2876745658,7742547175,1989055859
20191205,"10:28:02","SH","NB",3678416490,2380759432,6059175922,1297657058
20191205,"10:28:02","SZ","NB",4907638121,2904428066,7812066187,2003210055
20191205,"10:29:01","SH","NB",3719662774,2405321350,6124984124,1314341424
20191205,"10:29:01","SZ","NB",4963761856,2930454363,7894216219,2033307493
20191205,"10:30:01","SZ","NB",5019712175,2961910116,7981622291,2057802059
20191205,"10:30:01","SH","NB",3772284714,2429466856,6201751570,1342817858
20191205,"10:31:01","SH","NB",3809206100,2464334857,6273540957,1344871243
20191205,"10:31:01","SZ","NB",5082287208,3007991891,8090279099,2074295317
20191205,"10:32:01","SH","NB",3837863957,2501819119,6339683076,1336044838
20191205,"10:32:01","SZ","NB",5122693310,3069246805,8191940115,2053446505
20191205,"10:33:01","SH","NB",3869257689,2526774397,6396032086,1342483292
20191205,"10:33:01","SZ","NB",5175066582,3089336380,8264402962,2085730202
20191205,"10:34:01","SH","NB",3894237461,2544924986,6439162447,1349312475
20191205,"10:34:01","SZ","NB",5217515673,3112212281,8329727954,2105303392
20191205,"10:35:01","SH","NB",3919243099,2570370468,6489613567,1348872631
20191205,"10:35:01","SZ","NB",5253363446,3150465135,8403828581,2102898311
20191205,"10:36:01","SH","NB",3945275197,2590543277,6535818474,1354731920
20191205,"10:36:01","SZ","NB",5292246448,3181340256,8473586704,2110906192
20191205,"10:37:01","SH","NB",3968740192,2615780144,6584520336,1352960048
20191205,"10:37:01","SZ","NB",5323026467,3204686435,8527712902,2118340032
20191205,"10:38:01","SZ","NB",5364150100,3250162051,8614312151,2113988049
20191205,"10:38:01","SH","NB",4005985248,2667647421,6673632669,1338337827
20191205,"10:39:01","SH","NB",4031931211,2704630090,6736561301,1327301121
20191205,"10:39:01","SZ","NB",5402633766,3284884993,8687518759,2117748773
20191205,"10:40:01","SH","NB",4057992245,2736793264,6794785509,1321198981
20191205,"10:40:01","SZ","NB",5449537046,3325768264,8775305310,2123768782
20191205,"10:41:01","SH","NB",4091586850,2772943892,6864530742,1318642958
20191205,"10:41:01","SZ","NB",5510661765,3356836262,8867498027,2153825503
20191205,"10:42:01","SH","NB",4117677091,2801239528,6918916619,1316437563
20191205,"10:42:01","SZ","NB",5546924493,3380649799,8927574292,2166274694
20191205,"10:43:01","SZ","NB",5585329898,3408589680,8993919578,2176740218
20191205,"10:43:01","SH","NB",4140718651,2824484202,6965202853,1316234449
20191205,"10:44:01","SH","NB",4162225126,2850633944,7012859070,1311591182
20191205,"10:44:01","SZ","NB",5615551658,3432593661,9048145319,2182957997
20191205,"10:45:01","SH","NB",4194015586,2878269994,7072285580,1315745592
20191205,"10:45:01","SZ","NB",5646630967,3456942667,9103573634,2189688300
20191205,"10:46:01","SH","NB",4225389490,2908880135,7134269625,1316509355
20191205,"10:46:01","SZ","NB",5681427321,3476831008,9158258329,2204596313
20191205,"10:47:01","SH","NB",4252864035,2928707524,7181571559,1324156511
20191205,"10:47:01","SZ","NB",5715173149,3496115921,9211289070,2219057228
20191205,"10:48:01","SH","NB",4275525810,2949363002,7224888812,1326162808
20191205,"10:48:01","SZ","NB",5844955058,3510551189,9355506247,2334403869
20191205,"10:49:01","SH","NB",4299081172,2970459912,7269541084,1328621260
20191205,"10:49:01","SZ","NB",5881931043,3537600139,9419531182,2344330904
20191205,"10:50:01","SH","NB",4319914226,2996180811,7316095037,1323733415
20191205,"10:50:01","SZ","NB",5910636451,3554237241,9464873692,2356399210
20191205,"10:51:01","SH","NB",4348467860,3052465007,7400932867,1296002853
20191205,"10:51:01","SZ","NB",5944074502,3610285416,9554359918,2333789086
20191205,"10:52:01","SH","NB",4370084884,3080379222,7450464106,1289705662
20191205,"10:52:01","SZ","NB",5980661771,3632180050,9612841821,2348481721
20191205,"10:53:01","SZ","NB",6015744743,3655404581,9671149324,2360340162
20191205,"10:53:01","SH","NB",4390264691,3096257828,7486522519,1294006863
20191205,"10:54:01","SH","NB",4412510819,3116345228,7528856047,1296165591
20191205,"10:54:01","SZ","NB",6050383385,3678641605,9729024990,2371741780
20191205,"10:55:01","SH","NB",4432598202,3131128646,7563726848,1301469556
20191205,"10:55:01","SZ","NB",6089916380,3694421620,9784338000,2395494760
20191205,"10:56:01","SH","NB",4466898135,3148227160,7615125295,1318670975
20191205,"10:56:01","SZ","NB",6132739241,3707242920,9839982161,2425496321
20191205,"10:57:01","SH","NB",4503720947,3166723280,7670444227,1336997667
20191205,"10:57:01","SZ","NB",6179757705,3720917018,9900674723,2458840687
20191205,"10:58:01","SH","NB",4521804146,3192888478,7714692624,1328915668
20191205,"10:58:01","SZ","NB",6217708378,3736401528,9954109906,2481306850
20191205,"10:59:01","SZ","NB",6251161406,3759880183,10011041589,2491281223
20191205,"10:59:01","SH","NB",4543347754,3218289229,7761636983,1325058525
20191205,"11:00:01","SH","NB",4565127463,3238206815,7803334278,1326920648
20191205,"11:00:01","SZ","NB",6278145090,3774934776,10053079866,2503210314
20191205,"11:01:01","SH","NB",4589837244,3263831263,7853668507,1326005981
20191205,"11:01:01","SZ","NB",6317427807,3805223026,10122650833,2512204781
20191205,"11:02:01","SH","NB",4610925157,3289072671,7899997828,1321852486
20191205,"11:02:01","SZ","NB",6347307631,3831695617,10179003248,2515612014
20191205,"11:03:01","SH","NB",4633100539,3307941931,7941042470,1325158608
20191205,"11:03:01","SZ","NB",6389426826,3849079880,10238506706,2540346946
20191205,"11:04:01","SZ","NB",6458657167,3875868140,10334525307,2582789027
20191205,"11:04:01","SH","NB",4670336719,3324386884,7994723603,1345949835
20191205,"11:05:01","SH","NB",4744960487,3346153657,8091114144,1398806830
20191205,"11:05:01","SZ","NB",6561914998,3904271397,10466186395,2657643601
20191205,"11:06:01","SH","NB",4771355589,3373102765,8144458354,1398252824
20191205,"11:06:01","SZ","NB",6609256882,3938438990,10547695872,2670817892
20191205,"11:07:01","SH","NB",4792620841,3393665262,8186286103,1398955579
20191205,"11:07:01","SZ","NB",6646209238,3965145244,10611354482,2681063994
20191205,"11:08:01","SH","NB",4817086915,3415049785,8232136700,1402037130
20191205,"11:08:01","SZ","NB",6680900354,3982380211,10663280565,2698520143
20191205,"11:09:01","SH","NB",4840839709,3428697395,8269537104,1412142314
20191205,"11:09:01","SZ","NB",6713416563,3999509762,10712926325,2713906801
20191205,"11:10:01","SH","NB",4864624314,3444699444,8309323758,1419924870
20191205,"11:10:01","SZ","NB",6748206034,4011673328,10759879362,2736532706
20191205,"11:11:01","SH","NB",4887820217,3465562182,8353382399,1422258035
20191205,"11:11:01","SZ","NB",6791388200,4025727197,10817115397,2765661003
20191205,"11:12:01","SH","NB",4913869527,3487946690,8401816217,1425922837
20191205,"11:12:01","SZ","NB",6822733129,4051723805,10874456934,2771009324
20191205,"11:13:01","SZ","NB",6845053663,4087798971,10932852634,2757254692
20191205,"11:13:01","SH","NB",4934303718,3511271196,8445574914,1423032522
20191205,"11:14:01","SH","NB",4952987453,3530344340,8483331793,1422643113
20191205,"11:14:01","SZ","NB",6866585005,4108619391,10975204396,2757965614
20191205,"11:15:01","SH","NB",4970087028,3548251697,8518338725,1421835331
20191205,"11:15:01","SZ","NB",6894115561,4127295683,11021411244,2766819878
20191205,"11:16:01","SH","NB",4997910210,3569887240,8567797450,1428022970
20191205,"11:16:01","SZ","NB",6914685871,4142376837,11057062708,2772309034
20191205,"11:17:01","SH","NB",5021728305,3583819754,8605548059,1437908551
20191205,"11:17:01","SZ","NB",6936217485,4165376104,11101593589,2770841381
20191205,"11:18:01","SZ","NB",6960649819,4183093577,11143743396,2777556242
20191205,"11:18:01","SH","NB",5038680395,3602330340,8641010735,1436350055
20191205,"11:19:01","SH","NB",5055544618,3623928145,8679472763,1431616473
20191205,"11:19:01","SZ","NB",6987863823,4199399959,11187263782,2788463864
20191205,"11:20:01","SH","NB",5072102976,3641722159,8713825135,1430380817
20191205,"11:20:01","SZ","NB",7008975287,4217207406,11226182693,2791767881
20191205,"11:21:01","SH","NB",5093270858,3673249787,8766520645,1420021071
20191205,"11:21:01","SZ","NB",7032627439,4247627655,11280255094,2784999784
20191205,"11:22:01","SH","NB",5124174860,3690333102,8814507962,1433841758
20191205,"11:22:01","SZ","NB",7058189420,4260696326,11318885746,2797493094
20191205,"11:23:01","SH","NB",5140206666,3705320805,8845527471,1434885861
20191205,"11:23:01","SZ","NB",7085843387,4275958154,11361801541,2809885233
20191205,"11:24:01","SH","NB",5163483716,3722122029,8885605745,1441361687
20191205,"11:24:01","SZ","NB",7117157706,4287782904,11404940610,2829374802
20191205,"11:25:01","SH","NB",5183557522,3737052709,8920610231,1446504813
20191205,"11:25:01","SZ","NB",7140644711,4300994427,11441639138,2839650284
20191205,"11:26:01","SZ","NB",7163907556,4320331575,11484239131,2843575981
20191205,"11:26:01","SH","NB",5204833840,3764885831,8969719671,1439948009
20191205,"11:27:01","SH","NB",5223030488,3782035634,9005066122,1440994854
20191205,"11:27:01","SZ","NB",7191050643,4332386038,11523436681,2858664605
20191205,"11:28:01","SH","NB",5243666675,3804973586,9048640261,1438693089
20191205,"11:28:01","SZ","NB",7215184043,4349442537,11564626580,2865741506
20191205,"11:29:01","SH","NB",5259256614,3821209014,9080465628,1438047600
20191205,"11:29:01","SZ","NB",7235190497,4360397797,11595588294,2874792700
20191205,"11:30:01","SH","NB",5273178918,3834347349,9107526267,1438831569
20191205,"11:30:01","SZ","NB",7251219878,4369216166,11620436044,2882003712
20191205,"11:31:01","SH","NB",5273280356,3834471061,9107751417,1438809295
20191205,"11:31:01","SZ","NB",7251229619,4369226889,11620456508,2882002730
20191205,"13:01:01","SZ","NB",7314509307,4403424621,11717933928,2911084686
20191205,"13:01:01","SH","NB",5316466769,3873642455,9190109224,1442824314
20191205,"13:02:01","SH","NB",5338577750,3894838252,9233416002,1443739498
20191205,"13:02:01","SZ","NB",7341877341,4427651108,11769528449,2914226233
20191205,"13:03:01","SH","NB",5359913226,3908855496,9268768722,1451057730
20191205,"13:03:01","SZ","NB",7364327639,4443334741,11807662380,2920992898
20191205,"13:04:01","SH","NB",5382227277,3929900800,9312128077,1452326477
20191205,"13:04:01","SZ","NB",7388942769,4459447447,11848390216,2929495322
20191205,"13:05:01","SH","NB",5401488292,3944159372,9345647664,1457328920
20191205,"13:05:01","SZ","NB",7414754599,4485510031,11900264630,2929244568
20191205,"13:06:01","SH","NB",5417961295,3964879134,9382840429,1453082161
20191205,"13:06:01","SZ","NB",7460221162,4504082116,11964303278,2956139046
20191205,"13:07:01","SH","NB",5439459572,3983813988,9423273560,1455645584
20191205,"13:07:01","SZ","NB",7483530824,4520297782,12003828606,2963233042
20191205,"13:08:01","SH","NB",5458259782,4002925166,9461184948,1455334616
20191205,"13:08:01","SZ","NB",7507559850,4539294171,12046854021,2968265679
20191205,"13:09:01","SZ","NB",7529729172,4554051328,12083780500,2975677844
20191205,"13:09:01","SH","NB",5480451048,4018081045,9498532093,1462370003
20191205,"13:10:01","SH","NB",5501883075,4033424544,9535307619,1468458531
20191205,"13:10:01","SZ","NB",7558241753,4571481654,12129723407,2986760099
20191205,"13:11:01","SH","NB",5528997848,4055062681,9584060529,1473935167
20191205,"13:11:01","SZ","NB",7593664934,4592032081,12185697015,3001632853
20191205,"13:12:01","SH","NB",5551785275,4073106463,9624891738,1478678812
20191205,"13:12:01","SZ","NB",7626989419,4614625859,12241615278,3012363560
20191205,"13:13:01","SH","NB",5587569013,4085937104,9673506117,1501631909
20191205,"13:13:01","SZ","NB",7655607229,4628607247,12284214476,3026999982
20191205,"13:14:01","SH","NB",5610777471,4110488497,9721265968,1500288974
20191205,"13:14:01","SZ","NB",7684905550,4647501055,12332406605,3037404495
20191205,"13:15:01","SZ","NB",7711579843,4662876433,12374456276,3048703410
20191205,"13:15:01","SH","NB",5634504910,4128223162,9762728072,1506281748
20191205,"13:16:01","SH","NB",5657878888,4145170790,9803049678,1512708098
20191205,"13:16:01","SZ","NB",7742506872,4683487585,12425994457,3059019287
20191205,"13:17:01","SH","NB",5679808924,4172110758,9851919682,1507698166
20191205,"13:17:01","SZ","NB",7767200178,4703826166,12471026344,3063374012
20191205,"13:18:01","SH","NB",5698486535,4186745171,9885231706,1511741364
20191205,"13:18:01","SZ","NB",7788105400,4721993453,12510098853,3066111947
20191205,"13:19:01","SH","NB",5720247142,4211115988,9931363130,1509131154
20191205,"13:19:01","SZ","NB",7815012999,4753866712,12568879711,3061146287
20191205,"13:20:01","SZ","NB",7842185880,4782388909,12624574789,3059796971
20191205,"13:20:01","SH","NB",5742914891,4236028063,9978942954,1506886828
20191205,"13:21:01","SH","NB",5764660325,4262366872,10027027197,1502293453
20191205,"13:21:01","SZ","NB",7871354979,4822643634,12693998613,3048711345
20191205,"13:22:01","SH","NB",5794539110,4290073862,10084612972,1504465248
20191205,"13:22:01","SZ","NB",7895880520,4843116100,12738996620,3052764420
20191205,"13:23:01","SH","NB",5815900436,4317742555,10133642991,1498157881
20191205,"13:23:01","SZ","NB",7927209172,4856450122,12783659294,3070759050
20191205,"13:24:01","SH","NB",5833393966,4331047430,10164441396,1502346536
20191205,"13:24:01","SZ","NB",7961058492,4876208372,12837266864,3084850120
20191205,"13:25:01","SH","NB",5855799502,4344744983,10200544485,1511054519
20191205,"13:25:01","SZ","NB",7983557271,4891005940,12874563211,3092551331
20191205,"13:26:01","SH","NB",5874916105,4364155541,10239071646,1510760564
20191205,"13:26:01","SZ","NB",8008669451,4906074682,12914744133,3102594769
20191205,"13:27:01","SH","NB",5900647215,4383020813,10283668028,1517626402
20191205,"13:27:01","SZ","NB",8029305598,4931115298,12960420896,3098190300
20191205,"13:28:01","SH","NB",5925350027,4409411355,10334761382,1515938672
20191205,"13:28:01","SZ","NB",8053582837,4945736149,12999318986,3107846688
20191205,"13:29:01","SZ","NB",8080418062,4963264772,13043682834,3117153290
20191205,"13:29:01","SH","NB",5946221957,4427997881,10374219838,1518224076
20191205,"13:30:01","SH","NB",5964802524,4448452755,10413255279,1516349769
20191205,"13:30:01","SZ","NB",8109170686,4982949383,13092120069,3126221303
20191205,"13:31:01","SH","NB",5993595614,4468954624,10462550238,1524640990
20191205,"13:31:01","SZ","NB",8155908383,5002828507,13158736890,3153079876
20191205,"13:32:01","SH","NB",6016972300,4489475155,10506447455,1527497145
20191205,"13:32:01","SZ","NB",8191565881,5026255790,13217821671,3165310091
20191205,"13:33:01","SH","NB",6039012014,4505415195,10544427209,1533596819
20191205,"13:33:01","SZ","NB",8216332258,5040393412,13256725670,3175938846
20191205,"13:34:01","SH","NB",6057754282,4522116418,10579870700,1535637864
20191205,"13:34:01","SZ","NB",8246961257,5057341155,13304302412,3189620102
20191205,"13:35:01","SH","NB",6078669520,4543098667,10621768187,1535570853
20191205,"13:35:01","SZ","NB",8275251745,5076464863,13351716608,3198786882
20191205,"13:36:01","SH","NB",6096313051,4568099414,10664412465,1528213637
20191205,"13:36:01","SZ","NB",8298684714,5097118838,13395803552,3201565876
20191205,"13:37:01","SH","NB",6119589418,4594357472,10713946890,1525231946
20191205,"13:37:01","SZ","NB",8344378321,5115972525,13460350846,3228405796
20191205,"13:38:01","SH","NB",6141799102,4610797909,10752597011,1531001193
20191205,"13:38:01","SZ","NB",8376376279,5137739597,13514115876,3238636682
20191205,"13:39:01","SZ","NB",8403155271,5162118239,13565273510,3241037032
20191205,"13:39:01","SH","NB",6162671094,4635415199,10798086293,1527255895
20191205,"13:40:01","SH","NB",6187806609,4656856785,10844663394,1530949824
20191205,"13:40:01","SZ","NB",8423176110,5180024438,13603200548,3243151672
20191205,"13:41:01","SH","NB",6209941210,4678456921,10888398131,1531484289
20191205,"13:41:01","SZ","NB",8450248706,5204501932,13654750638,3245746774
20191205,"13:42:01","SH","NB",6233379541,4700611517,10933991058,1532768024
20191205,"13:42:01","SZ","NB",8495665402,5221031964,13716697366,3274633438
20191205,"13:43:01","SH","NB",6268258430,4733340034,11001598464,1534918396
20191205,"13:43:01","SZ","NB",8543383508,5239429751,13782813259,3303953757
20191205,"13:44:01","SH","NB",6320645113,4764575150,11085220263,1556069963
20191205,"13:44:01","SZ","NB",8628861706,5266273440,13895135146,3362588266
20191205,"13:45:01","SZ","NB",8691552818,5291506152,13983058970,3400046666
20191205,"13:45:01","SH","NB",6364395823,4794422133,11158817956,1569973690
20191205,"13:46:01","SH","NB",6411404621,4820650216,11232054837,1590754405
20191205,"13:46:01","SZ","NB",8753471897,5325382077,14078853974,3428089820
20191205,"13:47:01","SH","NB",6488773204,4855123797,11343897001,1633649407
20191205,"13:47:01","SZ","NB",8813780167,5364982741,14178762908,3448797426
20191205,"13:48:01","SH","NB",6515825121,4889048132,11404873253,1626776989
20191205,"13:48:01","SZ","NB",8844575492,5404907129,14249482621,3439668363
20191205,"13:49:01","SH","NB",6539389175,4913361485,11452750660,1626027690
20191205,"13:49:01","SZ","NB",8871178620,5435061164,14306239784,3436117456
20191205,"13:50:01","SH","NB",6565151822,4938388738,11503540560,1626763084
20191205,"13:50:01","SZ","NB",8896893560,5460768134,14357661694,3436125426
20191205,"13:51:01","SH","NB",6595866083,4971394943,11567261026,1624471140
20191205,"13:51:01","SZ","NB",8929492367,5501147641,14430640008,3428344726
20191205,"13:52:01","SZ","NB",8960016657,5538446524,14498463181,3421570133
20191205,"13:52:01","SH","NB",6624782664,5001198831,11625981495,1623583833
20191205,"13:53:01","SH","NB",6652004938,5025753068,11677758006,1626251870
20191205,"13:53:01","SZ","NB",8997473922,5566407811,14563881733,3431066111
20191205,"13:54:01","SH","NB",6707193219,5056615075,11763808294,1650578144
20191205,"13:54:01","SZ","NB",9078729346,5594857535,14673586881,3483871811
20191205,"13:55:01","SZ","NB",9120277241,5628306608,14748583849,3491970633
20191205,"13:55:01","SH","NB",6740353970,5092955413,11833309383,1647398557
20191205,"13:56:01","SH","NB",6771830581,5118934239,11890764820,1652896342
20191205,"13:56:01","SZ","NB",9148760420,5662394261,14811154681,3486366159
20191205,"13:57:01","SH","NB",6794050983,5145423020,11939474003,1648627963
20191205,"13:57:01","SZ","NB",9176002421,5703360411,14879362832,3472642010
20191205,"13:58:01","SH","NB",6818129955,5172737255,11990867210,1645392700
20191205,"13:58:01","SZ","NB",9200603108,5741838486,14942441594,3458764622
20191205,"13:59:01","SZ","NB",9227114297,5761003039,14988117336,3466111258
20191205,"13:59:01","SH","NB",6842912273,5194216228,12037128501,1648696045
20191205,"14:00:01","SH","NB",6871301402,5211650418,12082951820,1659650984
20191205,"14:00:01","SZ","NB",9266071160,5775625085,15041696245,3490446075
20191205,"14:01:01","SH","NB",6894485030,5231779453,12126264483,1662705577
20191205,"14:01:01","SZ","NB",9301899315,5802786086,15104685401,3499113229
20191205,"14:02:01","SH","NB",6922263839,5251782027,12174045866,1670481812
20191205,"14:02:01","SZ","NB",9341708521,5825535106,15167243627,3516173415
20191205,"14:03:01","SH","NB",6943970991,5271425389,12215396380,1672545602
20191205,"14:03:01","SZ","NB",9373698387,5844194673,15217893060,3529503714
20191205,"14:04:01","SH","NB",6963183628,5290633344,12253816972,1672550284
20191205,"14:04:01","SZ","NB",9401044892,5861924486,15262969378,3539120406
20191205,"14:05:01","SH","NB",6982167859,5309570487,12291738346,1672597372
20191205,"14:05:01","SZ","NB",9427086216,5882302490,15309388706,3544783726
20191205,"14:06:01","SZ","NB",9472616467,5924892308,15397508775,3547724159
20191205,"14:06:01","SH","NB",7012400869,5338785752,12351186621,1673615117
20191205,"14:07:01","SH","NB",7051372329,5365550796,12416923125,1685821533
20191205,"14:07:01","SZ","NB",9518153457,5946914291,15465067748,3571239166
20191205,"14:08:01","SH","NB",7080461237,5387190591,12467651828,1693270646
20191205,"14:08:01","SZ","NB",9547054078,5977321070,15524375148,3569733008
20191205,"14:09:01","SH","NB",7110690855,5410170775,12520861630,1700520080
20191205,"14:09:01","SZ","NB",9582325686,6043391839,15625717525,3538933847
20191205,"14:10:01","SH","NB",7141652152,5439058356,12580710508,1702593796
20191205,"14:10:01","SZ","NB",9614131176,6080815078,15694946254,3533316098
20191205,"14:11:01","SH","NB",7169413137,5472672431,12642085568,1696740706
20191205,"14:11:01","SZ","NB",9652747229,6136566904,15789314133,3516180325
20191205,"14:12:01","SH","NB",7190529499,5503400321,12693929820,1687129178
20191205,"14:12:01","SZ","NB",9683260948,6169485026,15852745974,3513775922
20191205,"14:13:01","SH","NB",7212286930,5524953857,12737240787,1687333073
20191205,"14:13:01","SZ","NB",9714960305,6197279834,15912240139,3517680471
20191205,"14:14:01","SZ","NB",9746350090,6223154914,15969505004,3523195176
20191205,"14:14:01","SH","NB",7236228490,5554700921,12790929411,1681527569
20191205,"14:15:01","SH","NB",7262355222,5576118580,12838473802,1686236642
20191205,"14:15:01","SZ","NB",9778424964,6243564704,16021989668,3534860260
20191205,"14:16:01","SH","NB",7288661894,5597193345,12885855239,1691468549
20191205,"14:16:01","SZ","NB",9807236321,6268427542,16075663863,3538808779
20191205,"14:17:01","SH","NB",7445157633,5640287534,13085445167,1804870099
20191205,"14:17:01","SZ","NB",9911364421,6295685536,16207049957,3615678885
20191205,"14:18:01","SH","NB",7512421750,5678335831,13190757581,1834085919
20191205,"14:18:01","SZ","NB",9972295427,6326746031,16299041458,3645549396
20191205,"14:19:01","SH","NB",7551998251,5714100260,13266098511,1837897991
20191205,"14:19:01","SZ","NB",10008089372,6368031243,16376120615,3640058129
20191205,"14:20:01","SH","NB",7586282730,5743189094,13329471824,1843093636
20191205,"14:20:01","SZ","NB",10038744498,6394966004,16433710502,3643778494
20191205,"14:21:01","SZ","NB",10086226488,6445747280,16531973768,3640479208
20191205,"14:21:01","SH","NB",7645245921,5785681446,13430927367,1859564475
20191205,"14:22:01","SH","NB",7679091605,5818043126,13497134731,1861048479
20191205,"14:22:01","SZ","NB",10124947491,6479359362,16604306853,3645588129
20191205,"14:23:01","SH","NB",7716851036,5848132077,13564983113,1868718959
20191205,"14:23:01","SZ","NB",10164091285,6506140125,16670231410,3657951160
20191205,"14:24:01","SH","NB",7755798424,5875221357,13631019781,1880577067
20191205,"14:24:01","SZ","NB",10203548800,6546516056,16750064856,3657032744
20191205,"14:25:01","SH","NB",7785301736,5900792990,13686094726,1884508746
20191205,"14:25:01","SZ","NB",10241757542,6575585487,16817343029,3666172055
20191205,"14:26:01","SZ","NB",10275094344,6603754746,16878849090,3671339598
20191205,"14:26:01","SH","NB",7817817066,5922243317,13740060383,1895573749
20191205,"14:27:01","SH","NB",7852274019,5946330570,13798604589,1905943449
20191205,"14:27:01","SZ","NB",10314562970,6644053003,16958615973,3670509967
20191205,"14:28:01","SH","NB",7879032466,5986764636,13865797102,1892267830
20191205,"14:28:01","SZ","NB",10354645255,6679860782,17034506037,3674784473
20191205,"14:29:01","SH","NB",7906927974,6022588716,13929516690,1884339258
20191205,"14:29:01","SZ","NB",10394948590,6705772510,17100721100,3689176080
20191205,"14:30:01","SH","NB",7935567627,6050236662,13985804289,1885330965
20191205,"14:30:01","SZ","NB",10439456345,6729867318,17169323663,3709589027
20191205,"14:31:01","SH","NB",7981322431,6081802308,14063124739,1899520123
20191205,"14:31:01","SZ","NB",10493734105,6757211910,17250946015,3736522195
20191205,"14:32:01","SZ","NB",10534248158,6797640566,17331888724,3736607592
20191205,"14:32:01","SH","NB",8011711996,6108342525,14120054521,1903369471
20191205,"14:33:01","SH","NB",8044144425,6143886272,14188030697,1900258153
20191205,"14:33:01","SZ","NB",10574946333,6840322868,17415269201,3734623465
20191205,"14:34:01","SH","NB",8069404399,6167487942,14236892341,1901916457
20191205,"14:34:01","SZ","NB",10613065479,6875347930,17488413409,3737717549
20191205,"14:35:01","SH","NB",8103009013,6214903938,14317912951,1888105075
20191205,"14:35:01","SZ","NB",10653897589,6946456533,17600354122,3707441056
20191205,"14:36:01","SH","NB",8127133222,6239244373,14366377595,1887888849
20191205,"14:36:01","SZ","NB",10695041038,6973516248,17668557286,3721524790
20191205,"14:37:01","SH","NB",8155183010,6264387756,14419570766,1890795254
20191205,"14:37:01","SZ","NB",10732684591,7002028866,17734713457,3730655725
20191205,"14:38:01","SZ","NB",10763932593,7024446509,17788379102,3739486084
20191205,"14:38:01","SH","NB",8188350848,6290258675,14478609523,1898092173
20191205,"14:39:01","SH","NB",8215193135,6313537589,14528730724,1901655546
20191205,"14:39:01","SZ","NB",10802988794,7048967946,17851956740,3754020848
20191205,"14:40:01","SH","NB",8241934690,6342182999,14584117689,1899751691
20191205,"14:40:01","SZ","NB",10845902852,7067347117,17913249969,3778555735
20191205,"14:41:01","SH","NB",8272660472,6395652560,14668313032,1877007912
20191205,"14:41:01","SZ","NB",10881779722,7115965276,17997744998,3765814446
20191205,"14:42:01","SH","NB",8304723486,6432551665,14737275151,1872171821
20191205,"14:42:01","SZ","NB",10925406831,7148809359,18074216190,3776597472
20191205,"14:43:01","SH","NB",8335183282,6460319514,14795502796,1874863768
20191205,"14:43:01","SZ","NB",10966110043,7183005485,18149115528,3783104558
20191205,"14:44:01","SH","NB",8369668472,6492098073,14861766545,1877570399
20191205,"14:44:01","SZ","NB",11017868618,7225325376,18243193994,3792543242
20191205,"14:45:01","SH","NB",8404316237,6523913646,14928229883,1880402591
20191205,"14:45:01","SZ","NB",11061816863,7257936061,18319752924,3803880802
20191205,"14:46:01","SZ","NB",11112531968,7289053828,18401585796,3823478140
20191205,"14:46:01","SH","NB",8442325744,6560855387,15003181131,1881470357
20191205,"14:47:01","SH","NB",8479868554,6590977069,15070845623,1888891485
20191205,"14:47:01","SZ","NB",11163879171,7315782179,18479661350,3848096992
20191205,"14:48:01","SH","NB",8514374137,6620596348,15134970485,1893777789
20191205,"14:48:01","SZ","NB",11218162489,7345074732,18563237221,3873087757
20191205,"14:49:01","SH","NB",8554084030,6662456900,15216540930,1891627130
20191205,"14:49:01","SZ","NB",11271178308,7379384692,18650563000,3891793616
20191205,"14:50:01","SH","NB",8596921367,6702488461,15299409828,1894432906
20191205,"14:50:01","SZ","NB",11330299855,7413488298,18743788153,3916811557
20191205,"14:51:01","SZ","NB",11395750971,7471006096,18866757067,3924744875
20191205,"14:51:01","SH","NB",8640395021,6755257840,15395652861,1885137181
20191205,"14:52:01","SH","NB",8692770685,6795986845,15488757530,1896783840
20191205,"14:52:01","SZ","NB",11460352864,7510012669,18970365533,3950340195
20191205,"14:53:01","SH","NB",8746599361,6841091570,15587690931,1905507791
20191205,"14:53:01","SZ","NB",11535218686,7548364831,19083583517,3986853855
20191205,"14:54:01","SH","NB",8801826415,6892336968,15694163383,1909489447
20191205,"14:54:01","SZ","NB",11600004129,7602619746,19202623875,3997384383
20191205,"14:55:01","SH","NB",8858591961,6937283064,15795875025,1921308897
20191205,"14:55:01","SZ","NB",11667955395,7641466524,19309421919,4026488871
20191205,"14:56:01","SH","NB",8906795331,6991373684,15898169015,1915421647
20191205,"14:56:01","SZ","NB",11735933297,7687063330,19422996627,4048869967
20191205,"14:57:01","SH","NB",8956547633,7041528287,15998075920,1915019346
20191205,"14:57:01","SZ","NB",11797156907,7717746710,19514903617,4079410197
20191205,"14:58:01","SH","NB",8956605589,7041735123,15998340712,1914870466
20191205,"14:58:01","SZ","NB",11797180722,7717755467,19514936189,4079425255
20191205,"15:00:01","SZ","NB",11797392113,7717755467,19515147580,4079636646
20191205,"15:01:01","SH","NB",9074957218,7143563659,16218520877,1931393559
20191205,"15:01:01","SZ","NB",11951310603,7818064479,19769375082,4133246124
