dataDate,dataTime,connectMarket,tradeDirection,buyTurnover,sellTurnover,totalTurnover,netTurnover
20200414,"09:30:01","SH","NB",185950187,112013506,297963693,73936681
20200414,"09:30:01","SZ","NB",259734209,113556742,373290951,146177467
20200414,"09:31:01","SH","NB",478868418,523315475,1002183893,-44447057
20200414,"09:31:01","SZ","NB",797840640,556745931,1354586571,241094709
20200414,"09:32:01","SH","NB",762689108,819307871,1581996979,-56618763
20200414,"09:32:01","SZ","NB",1328137886,944523208,2272661094,383614678
20200414,"09:33:01","SH","NB",996516702,1065224416,2061741118,-68707714
20200414,"09:33:01","SZ","NB",1878794290,1288134564,3166928854,590659726
20200414,"09:34:01","SH","NB",1201185970,1343318743,2544504713,-142132773
20200414,"09:34:01","SZ","NB",2296369634,1729389416,4025759050,566980218
20200414,"09:35:01","SH","NB",1313820369,1532985132,2846805501,-219164763
20200414,"09:35:01","SZ","NB",2614180182,2002597016,4616777198,611583166
20200414,"09:36:01","SH","NB",1505717816,1801883632,3307601448,-296165816
20200414,"09:36:01","SZ","NB",3033239567,2318450157,5351689724,714789410
20200414,"09:37:01","SZ","NB",3488309040,2637340234,6125649274,850968806
20200414,"09:37:01","SH","NB",1750347464,2028025270,3778372734,-277677806
20200414,"09:38:01","SH","NB",1883822718,2221047018,4104869736,-337224300
20200414,"09:38:01","SZ","NB",3720463056,2980167024,6700630080,740296032
20200414,"09:39:01","SH","NB",2039143938,2350487981,4389631919,-311344043
20200414,"09:39:01","SZ","NB",4072190505,3148589565,7220780070,923600940
20200414,"09:40:01","SZ","NB",4257497109,3416875093,7674372202,840622016
20200414,"09:40:01","SH","NB",2149329371,2516869235,4666198606,-367539864
20200414,"09:41:01","SH","NB",2299937558,2660864552,4960802110,-360926994
20200414,"09:41:01","SZ","NB",4543826471,3643271501,8187097972,900554970
20200414,"09:42:01","SH","NB",2474173713,2788757914,5262931627,-314584201
20200414,"09:42:01","SZ","NB",4853802460,3823474058,8677276518,1030328402
20200414,"09:43:01","SH","NB",2607387972,2974618741,5582006713,-367230769
20200414,"09:43:01","SZ","NB",5042682250,4150552888,9193235138,892129362
20200414,"09:44:01","SH","NB",2734845367,3082544326,5817389693,-347698959
20200414,"09:44:01","SZ","NB",5271872578,4313526557,9585399135,958346021
20200414,"09:45:01","SH","NB",2862959231,3225394629,6088353860,-362435398
20200414,"09:45:01","SZ","NB",5472023587,4505356620,9977380207,966666967
20200414,"09:46:01","SH","NB",2964924261,3401422818,6366347079,-436498557
20200414,"09:46:01","SZ","NB",5677538910,4829185371,10506724281,848353539
20200414,"09:47:01","SH","NB",3184164145,3550832458,6734996603,-366668313
20200414,"09:47:01","SZ","NB",6037807223,5040584531,11078391754,997222692
20200414,"09:48:01","SH","NB",3287243853,3668762105,6956005958,-381518252
20200414,"09:48:01","SZ","NB",6229802117,5231604157,11461406274,998197960
20200414,"09:49:01","SH","NB",3394509192,3757152655,7151661847,-362643463
20200414,"09:49:01","SZ","NB",6404962639,5392042109,11797004748,1012920530
20200414,"09:50:01","SZ","NB",6607360683,5520647390,12128008073,1086713293
20200414,"09:50:01","SH","NB",3559812314,3826154405,7385966719,-266342091
20200414,"09:51:01","SH","NB",3699729565,3984644148,7684373713,-284914583
20200414,"09:51:01","SZ","NB",6828931373,5787254443,12616185816,1041676930
20200414,"09:52:01","SH","NB",3785445339,4085064976,7870510315,-299619637
20200414,"09:52:01","SZ","NB",6995525993,5901443330,12896969323,1094082663
20200414,"09:53:01","SH","NB",3889322030,4164044194,8053366224,-274722164
20200414,"09:53:01","SZ","NB",7139550056,5995558725,13135108781,1143991331
20200414,"09:54:01","SH","NB",3974983354,4246050296,8221033650,-271066942
20200414,"09:54:01","SZ","NB",7265277424,6106320105,13371597529,1158957319
20200414,"09:55:01","SH","NB",4069548429,4309923369,8379471798,-240374940
20200414,"09:55:01","SZ","NB",7409202170,6201471108,13610673278,1207731062
20200414,"09:56:01","SH","NB",4239113133,4385837434,8624950567,-146724301
20200414,"09:56:01","SZ","NB",7606942600,6333363819,13940306419,1273578781
20200414,"09:57:01","SH","NB",4379487548,4473693327,8853180875,-94205779
20200414,"09:57:01","SZ","NB",7781536913,6441338734,14222875647,1340198179
20200414,"09:58:01","SH","NB",4472830305,4532318001,9005148306,-59487696
20200414,"09:58:01","SZ","NB",7916231831,6530590975,14446822806,1385640856
20200414,"09:59:01","SH","NB",4555225485,4587082280,9142307765,-31856795
20200414,"09:59:01","SZ","NB",8021836683,6590961648,14612798331,1430875035
20200414,"10:00:01","SZ","NB",8128832858,6717170528,14846003386,1411662330
20200414,"10:00:01","SH","NB",4638797821,4673429462,9312227283,-34631641
20200414,"10:01:01","SH","NB",4732416311,4762546806,9494963117,-30130495
20200414,"10:01:01","SZ","NB",8283189068,6832558731,15115747799,1450630337
20200414,"10:02:01","SH","NB",4807316718,4885216506,9692533224,-77899788
20200414,"10:02:01","SZ","NB",8413494954,6987407561,15400902515,1426087393
20200414,"10:03:01","SH","NB",4915486416,4949011346,9864497762,-33524930
20200414,"10:03:01","SZ","NB",8600473656,7069376311,15669849967,1531097345
20200414,"10:04:01","SH","NB",4988708603,5005790347,9994498950,-17081744
20200414,"10:04:01","SZ","NB",8729828388,7142645669,15872474057,1587182719
20200414,"10:05:01","SH","NB",5044303391,5077456716,10121760107,-33153325
20200414,"10:05:01","SZ","NB",8840928759,7217030850,16057959609,1623897909
20200414,"10:06:01","SH","NB",5099125180,5129781241,10228906421,-30656061
20200414,"10:06:01","SZ","NB",8940344558,7289760379,16230104937,1650584179
20200414,"10:07:01","SH","NB",5157847736,5180587786,10338435522,-22740050
20200414,"10:07:01","SZ","NB",9094303333,7365072705,16459376038,1729230628
20200414,"10:08:01","SH","NB",5214522265,5232655069,10447177334,-18132804
20200414,"10:08:01","SZ","NB",9216738171,7437584957,16654323128,1779153214
20200414,"10:09:01","SH","NB",5307028080,5291300013,10598328093,15728067
20200414,"10:09:01","SZ","NB",9372630640,7510924172,16883554812,1861706468
20200414,"10:10:01","SZ","NB",9486965703,7585093919,17072059622,1901871784
20200414,"10:10:01","SH","NB",5387253599,5370767949,10758021548,16485650
20200414,"10:11:01","SH","NB",5467608157,5594478521,11062086678,-126870364
20200414,"10:11:01","SZ","NB",9617567682,7802248001,17419815683,1815319681
20200414,"10:12:01","SH","NB",5556856346,5664824522,11221680868,-107968176
20200414,"10:12:01","SZ","NB",9810000737,7868103333,17678104070,1941897404
20200414,"10:13:01","SH","NB",5618158003,5729517017,11347675020,-111359014
20200414,"10:13:01","SZ","NB",9947157205,7934391878,17881549083,2012765327
20200414,"10:14:01","SH","NB",5676372976,5775348782,11451721758,-98975806
20200414,"10:14:01","SZ","NB",10067532309,8006984194,18074516503,2060548115
20200414,"10:15:01","SZ","NB",10238128311,8070819795,18308948106,2167308516
20200414,"10:15:01","SH","NB",5764544671,5820935656,11585480327,-56390985
20200414,"10:16:01","SH","NB",5829795778,5869643383,11699439161,-39847605
20200414,"10:16:01","SZ","NB",10335484610,8125029901,18460514511,2210454709
20200414,"10:17:01","SH","NB",5877277401,5911000832,11788278233,-33723431
20200414,"10:17:01","SZ","NB",10418360641,8172601959,18590962600,2245758682
20200414,"10:18:01","SH","NB",5943121782,5971223120,11914344902,-28101338
20200414,"10:18:01","SZ","NB",10502227645,8231665160,18733892805,2270562485
20200414,"10:19:01","SH","NB",5992423587,6017920159,12010343746,-25496572
20200414,"10:19:01","SZ","NB",10586943684,8284583117,18871526801,2302360567
20200414,"10:20:01","SH","NB",6039476633,6072135282,12111611915,-32658649
20200414,"10:20:01","SZ","NB",10671713934,8367443689,19039157623,2304270245
20200414,"10:21:01","SH","NB",6105213717,6162823707,12268037424,-57609990
20200414,"10:21:01","SZ","NB",10792561322,8485589768,19278151090,2306971554
20200414,"10:22:01","SZ","NB",10882932824,8553016660,19435949484,2329916164
20200414,"10:22:01","SH","NB",6160882390,6222701622,12383584012,-61819232
20200414,"10:23:01","SH","NB",6220761380,6264732555,12485493935,-43971175
20200414,"10:23:01","SZ","NB",10993969977,8609597839,19603567816,2384372138
20200414,"10:24:01","SH","NB",6269986452,6302870055,12572856507,-32883603
20200414,"10:24:01","SZ","NB",11087280948,8663653313,19750934261,2423627635
20200414,"10:25:01","SH","NB",6315983570,6341757253,12657740823,-25773683
20200414,"10:25:01","SZ","NB",11187292683,8717496477,19904789160,2469796206
20200414,"10:26:01","SH","NB",6372785757,6382503292,12755289049,-9717535
20200414,"10:26:01","SZ","NB",11272884925,8767711738,20040596663,2505173187
20200414,"10:27:01","SH","NB",6456510720,6440463057,12896973777,16047663
20200414,"10:27:01","SZ","NB",11444460072,8824395691,20268855763,2620064381
20200414,"10:28:01","SH","NB",6525583624,6478288475,13003872099,47295149
20200414,"10:28:01","SZ","NB",11557686444,8872161414,20429847858,2685525030
20200414,"10:29:01","SH","NB",6575044401,6523616041,13098660442,51428360
20200414,"10:29:01","SZ","NB",11614978551,8932034337,20547012888,2682944214
20200414,"10:30:01","SZ","NB",11673295147,8984383611,20657678758,2688911536
20200414,"10:30:01","SH","NB",6619202037,6567640604,13186842641,51561433
20200414,"10:31:01","SH","NB",6712922119,6634833906,13347756025,78088213
20200414,"10:31:01","SZ","NB",11843990327,9062527807,20906518134,2781462520
20200414,"10:32:01","SH","NB",6784576037,6704085185,13488661222,80490852
20200414,"10:32:01","SZ","NB",11942050841,9127496129,21069546970,2814554712
20200414,"10:33:01","SZ","NB",12032720393,9195125489,21227845882,2837594904
20200414,"10:33:01","SH","NB",6843863039,6756292554,13600155593,87570485
20200414,"10:34:01","SH","NB",6912158087,6801077737,13713235824,111080350
20200414,"10:34:01","SZ","NB",12116677156,9239193176,21355870332,2877483980
20200414,"10:35:01","SH","NB",6966137366,6841405193,13807542559,124732173
20200414,"10:35:01","SZ","NB",12205886646,9287207936,21493094582,2918678710
20200414,"10:36:01","SZ","NB",12275391837,9350476389,21625868226,2924915448
20200414,"10:36:01","SH","NB",7020867558,6901777809,13922645367,119089749
20200414,"10:37:01","SH","NB",7070840750,6949232782,14020073532,121607968
20200414,"10:37:01","SZ","NB",12352749705,9415510698,21768260403,2937239007
20200414,"10:38:01","SH","NB",7117614630,6984198178,14101812808,133416452
20200414,"10:38:01","SZ","NB",12439444116,9446013447,21885457563,2993430669
20200414,"10:39:01","SH","NB",7189175795,7031656757,14220832552,157519038
20200414,"10:39:01","SZ","NB",12564755690,9489018165,22053773855,3075737525
20200414,"10:40:01","SH","NB",7239836850,7077881651,14317718501,161955199
20200414,"10:40:01","SZ","NB",12638441038,9535095922,22173536960,3103345116
20200414,"10:41:01","SH","NB",7335765691,7153608906,14489374597,182156785
20200414,"10:41:01","SZ","NB",12772011245,9611048401,22383059646,3160962844
20200414,"10:42:01","SH","NB",7442775129,7213954686,14656729815,228820443
20200414,"10:42:01","SZ","NB",12899219411,9661239092,22560458503,3237980319
20200414,"10:43:01","SH","NB",7497487718,7277528912,14775016630,219958806
20200414,"10:43:01","SZ","NB",12975971959,9730051703,22706023662,3245920256
20200414,"10:44:01","SZ","NB",13035967713,9787012528,22822980241,3248955185
20200414,"10:44:01","SH","NB",7538016528,7322246802,14860263330,215769726
20200414,"10:45:01","SH","NB",7593875908,7362075055,14955950963,231800853
20200414,"10:45:01","SZ","NB",13100572030,9835062132,22935634162,3265509898
20200414,"10:46:01","SH","NB",7659714838,7424975301,15084690139,234739537
20200414,"10:46:01","SZ","NB",13169068979,9893136976,23062205955,3275932003
20200414,"10:47:01","SH","NB",7695169783,7489558503,15184728286,205611280
20200414,"10:47:01","SZ","NB",13220307400,9945656973,23165964373,3274650427
20200414,"10:48:01","SH","NB",7737432633,7554273894,15291706527,183158739
20200414,"10:48:01","SZ","NB",13268282461,10010888449,23279170910,3257394012
20200414,"10:49:01","SZ","NB",13331998617,10068104563,23400103180,3263894054
20200414,"10:49:01","SH","NB",7781338286,7605942694,15387280980,175395592
20200414,"10:50:01","SH","NB",7821141900,7655932924,15477074824,165208976
20200414,"10:50:01","SZ","NB",13393963906,10123239951,23517203857,3270723955
20200414,"10:51:01","SH","NB",7872961730,7730671524,15603633254,142290206
20200414,"10:51:01","SZ","NB",13502535968,10195068006,23697603974,3307467962
20200414,"10:52:01","SH","NB",7913954160,7787669972,15701624132,126284188
20200414,"10:52:01","SZ","NB",13562516227,10243395398,23805911625,3319120829
20200414,"10:53:01","SH","NB",7971581823,7827416934,15798998757,144164889
20200414,"10:53:01","SZ","NB",13650151797,10276967305,23927119102,3373184492
20200414,"10:54:01","SH","NB",8020841800,7865648853,15886490653,155192947
20200414,"10:54:01","SZ","NB",13729106318,10312923387,24042029705,3416182931
20200414,"10:55:01","SZ","NB",13788503883,10349772554,24138276437,3438731329
20200414,"10:55:01","SH","NB",8061469925,7897680939,15959150864,163788986
20200414,"10:56:01","SH","NB",8109102237,7932990862,16042093099,176111375
20200414,"10:56:01","SZ","NB",13844466888,10393579389,24238046277,3450887499
20200414,"10:57:01","SH","NB",8140759790,7957595898,16098355688,183163892
20200414,"10:57:01","SZ","NB",13907915658,10429847682,24337763340,3478067976
20200414,"10:58:01","SH","NB",8233921649,8002367920,16236289569,231553729
20200414,"10:58:01","SZ","NB",14066724857,10471948119,24538672976,3594776738
20200414,"10:59:01","SH","NB",8279386708,8044362003,16323748711,235024705
20200414,"10:59:01","SZ","NB",14152904979,10522380019,24675284998,3630524960
20200414,"11:00:01","SH","NB",8318984280,8072165118,16391149398,246819162
20200414,"11:00:01","SZ","NB",14199426816,10577843089,24777269905,3621583727
20200414,"11:01:01","SH","NB",8371271944,8130398367,16501670311,240873577
20200414,"11:01:01","SZ","NB",14279416783,10650297076,24929713859,3629119707
20200414,"11:02:01","SH","NB",8419253293,8161522772,16580776065,257730521
20200414,"11:02:01","SZ","NB",14372004188,10699928606,25071932794,3672075582
20200414,"11:03:01","SZ","NB",14424306058,10782791338,25207097396,3641514720
20200414,"11:03:01","SH","NB",8459848606,8216704090,16676552696,243144516
20200414,"11:04:01","SH","NB",8510882784,8258799416,16769682200,252083368
20200414,"11:04:01","SZ","NB",14492100727,10825091664,25317192391,3667009063
20200414,"11:05:01","SH","NB",8551655711,8320939367,16872595078,230716344
20200414,"11:05:01","SZ","NB",14544300796,10878908489,25423209285,3665392307
20200414,"11:06:01","SH","NB",8586575907,8353706556,16940282463,232869351
20200414,"11:06:01","SZ","NB",14615187976,10918783173,25533971149,3696404803
20200414,"11:07:01","SH","NB",8620198209,8388783688,17008981897,231414521
20200414,"11:07:01","SZ","NB",14672461012,10955825039,25628286051,3716635973
20200414,"11:08:01","SH","NB",8658707986,8432251599,17090959585,226456387
20200414,"11:08:01","SZ","NB",14722134657,10990417381,25712552038,3731717276
20200414,"11:09:01","SZ","NB",14778945053,11020094535,25799039588,3758850518
20200414,"11:09:01","SH","NB",8692075418,8461973988,17154049406,230101430
20200414,"11:10:01","SH","NB",8730076915,8491137521,17221214436,238939394
20200414,"11:10:01","SZ","NB",14831729971,11052832125,25884562096,3778897846
20200414,"11:11:01","SH","NB",8786246102,8526789334,17313035436,259456768
20200414,"11:11:01","SZ","NB",14932489917,11113647990,26046137907,3818841927
20200414,"11:12:01","SH","NB",8835570238,8558803846,17394374084,276766392
20200414,"11:12:01","SZ","NB",15003107845,11153187923,26156295768,3849919922
20200414,"11:13:01","SH","NB",8872749194,8589927101,17462676295,282822093
20200414,"11:13:01","SZ","NB",15060280571,11194153280,26254433851,3866127291
20200414,"11:14:01","SH","NB",8912558003,8618814728,17531372731,293743275
20200414,"11:14:01","SZ","NB",15146995406,11229000842,26375996248,3917994564
20200414,"11:15:01","SH","NB",8948848057,8654405865,17603253922,294442192
20200414,"11:15:01","SZ","NB",15202970309,11274457482,26477427791,3928512827
20200414,"11:16:01","SH","NB",8977593346,8678870905,17656464251,298722441
20200414,"11:16:01","SZ","NB",15249499988,11313669470,26563169458,3935830518
20200414,"11:17:01","SZ","NB",15298480455,11344312037,26642792492,3954168418
20200414,"11:17:01","SH","NB",9013490393,8707740470,17721230863,305749923
20200414,"11:18:01","SH","NB",9044862742,8734670116,17779532858,310192626
20200414,"11:18:01","SZ","NB",15351463481,11378950558,26730414039,3972512923
20200414,"11:19:01","SH","NB",9088407058,8796273459,17884680517,292133599
20200414,"11:19:01","SZ","NB",15400201111,11468875272,26869076383,3931325839
20200414,"11:20:01","SH","NB",9121006530,8841663586,17962670116,279342944
20200414,"11:20:01","SZ","NB",15438476147,11526679026,26965155173,3911797121
20200414,"11:21:01","SH","NB",9195925212,8893329115,18089254327,302596097
20200414,"11:21:01","SZ","NB",15562021955,11586394861,27148416816,3975627094
20200414,"11:22:01","SZ","NB",15650884253,11624334011,27275218264,4026550242
20200414,"11:22:01","SH","NB",9273521012,8922276624,18195797636,351244388
20200414,"11:23:01","SH","NB",9313060372,8951887251,18264947623,361173121
20200414,"11:23:01","SZ","NB",15699551963,11671310871,27370862834,4028241092
20200414,"11:24:01","SH","NB",9372698924,9056841322,18429540246,315857602
20200414,"11:24:01","SZ","NB",15748533996,11763587061,27512121057,3984946935
20200414,"11:25:01","SH","NB",9404260972,9101203178,18505464150,303057794
20200414,"11:25:01","SZ","NB",15796402180,11796450832,27592853012,3999951348
20200414,"11:26:01","SH","NB",9430509609,9125959317,18556468926,304550292
20200414,"11:26:01","SZ","NB",15836521976,11823746985,27660268961,4012774991
20200414,"11:27:01","SH","NB",9471824217,9153042651,18624866868,318781566
20200414,"11:27:01","SZ","NB",15889514652,11852625187,27742139839,4036889465
20200414,"11:28:01","SH","NB",9494738020,9178415557,18673153577,316322463
20200414,"11:28:01","SZ","NB",15928229130,11885457015,27813686145,4042772115
20200414,"11:29:01","SH","NB",9522639654,9203148889,18725788543,319490765
20200414,"11:29:01","SZ","NB",15964046728,11910112546,27874159274,4053934182
20200414,"11:30:01","SZ","NB",15997835038,11929577571,27927412609,4068257467
20200414,"11:30:01","SH","NB",9550684909,9221958963,18772643872,328725946
20200414,"11:31:01","SH","NB",9550705175,9221980765,18772685940,328724410
20200414,"11:31:01","SZ","NB",15997835038,11929581253,27927416291,4068253785
20200414,"13:00:01","SZ","NB",16001657559,11934105955,27935763514,4067551604
20200414,"13:01:01","SH","NB",9745324037,9331426318,19076750355,413897719
20200414,"13:01:01","SZ","NB",16210745222,12067620693,28278365915,4143124529
20200414,"13:02:01","SH","NB",9811593970,9405570171,19217164141,406023799
20200414,"13:02:01","SZ","NB",16289825425,12150789643,28440615068,4139035782
20200414,"13:03:01","SH","NB",9853324504,9440810288,19294134792,412514216
20200414,"13:03:01","SZ","NB",16354752657,12193436212,28548188869,4161316445
20200414,"13:04:01","SH","NB",9902935677,9481654188,19384589865,421281489
20200414,"13:04:01","SZ","NB",16421031572,12240484832,28661516404,4180546740
20200414,"13:05:01","SH","NB",9948492660,9530560195,19479052855,417932465
20200414,"13:05:01","SZ","NB",16474493412,12299264207,28773757619,4175229205
20200414,"13:06:01","SZ","NB",16538381925,12401042752,28939424677,4137339173
20200414,"13:06:01","SH","NB",9997098044,9595632243,19592730287,401465801
20200414,"13:07:01","SH","NB",10047323968,9653706969,19701030937,393616999
20200414,"13:07:01","SZ","NB",16590712895,12473373031,29064085926,4117339864
20200414,"13:08:01","SH","NB",10086936854,9688577078,19775513932,398359776
20200414,"13:08:01","SZ","NB",16654947312,12539704300,29194651612,4115243012
20200414,"13:09:01","SH","NB",10140921974,9745367605,19886289579,395554369
20200414,"13:09:01","SZ","NB",16714579333,12638710801,29353290134,4075868532
20200414,"13:10:01","SH","NB",10188429434,9788987252,19977416686,399442182
20200414,"13:10:01","SZ","NB",16786777509,12697435021,29484212530,4089342488
20200414,"13:11:01","SZ","NB",16926781890,12767894454,29694676344,4158887436
20200414,"13:11:01","SH","NB",10259824503,9843425862,20103250365,416398641
20200414,"13:12:01","SH","NB",10326213747,9901188204,20227401951,425025543
20200414,"13:12:01","SZ","NB",17055069142,12834082804,29889151946,4220986338
20200414,"13:13:01","SH","NB",10389385229,9945975877,20335361106,443409352
20200414,"13:13:01","SZ","NB",17146419679,12883716592,30030136271,4262703087
20200414,"13:14:01","SH","NB",10454190204,9985565336,20439755540,468624868
20200414,"13:14:01","SZ","NB",17216300010,12932585115,30148885125,4283714895
20200414,"13:15:01","SH","NB",10528588734,10018108104,20546696838,510480630
20200414,"13:15:01","SZ","NB",17307216346,12978695955,30285912301,4328520391
20200414,"13:16:01","SH","NB",10587530634,10051887326,20639417960,535643308
20200414,"13:16:01","SZ","NB",17388772789,13026283439,30415056228,4362489350
20200414,"13:17:01","SH","NB",10679528067,10086103465,20765631532,593424602
20200414,"13:17:01","SZ","NB",17490770131,13070536440,30561306571,4420233691
20200414,"13:18:01","SH","NB",10725727501,10127353666,20853081167,598373835
20200414,"13:18:01","SZ","NB",17555086996,13113492537,30668579533,4441594459
20200414,"13:19:01","SH","NB",10789579298,10164019026,20953598324,625560272
20200414,"13:19:01","SZ","NB",17617141442,13150167066,30767308508,4466974376
20200414,"13:20:01","SH","NB",10857877405,10194488778,21052366183,663388627
20200414,"13:20:01","SZ","NB",17678702912,13201420651,30880123563,4477282261
20200414,"13:21:01","SZ","NB",17797547981,13287393389,31084941370,4510154592
20200414,"13:21:01","SH","NB",10920460030,10242415500,21162875530,678044530
20200414,"13:22:01","SH","NB",10986102728,10272299903,21258402631,713802825
20200414,"13:22:01","SZ","NB",17960020327,13346444165,31306464492,4613576162
20200414,"13:23:01","SH","NB",11032834517,10331824562,21364659079,701009955
20200414,"13:23:01","SZ","NB",18030025689,13405468194,31435493883,4624557495
20200414,"13:24:01","SZ","NB",18084382413,13482491860,31566874273,4601890553
20200414,"13:24:01","SH","NB",11076977305,10387430382,21464407687,689546923
20200414,"13:25:01","SH","NB",11119409376,10419660053,21539069429,699749323
20200414,"13:25:01","SZ","NB",18133019485,13525753657,31658773142,4607265828
20200414,"13:26:01","SZ","NB",18228071842,13565977114,31794048956,4662094728
20200414,"13:26:01","SH","NB",11163794987,10454447066,21618242053,709347921
20200414,"13:27:01","SH","NB",11207118525,10486579852,21693698377,720538673
20200414,"13:27:01","SZ","NB",18280306940,13608929551,31889236491,4671377389
20200414,"13:28:01","SH","NB",11288042922,10518850888,21806893810,769192034
20200414,"13:28:01","SZ","NB",18365591484,13645186574,32010778058,4720404910
20200414,"13:29:01","SH","NB",11342378088,10569780968,21912159056,772597120
20200414,"13:29:01","SZ","NB",18432672459,13701540826,32134213285,4731131633
20200414,"13:30:01","SH","NB",11386106571,10617774001,22003880572,768332570
20200414,"13:30:01","SZ","NB",18487692160,13756874641,32244566801,4730817519
20200414,"13:31:01","SH","NB",11445809706,10667573027,22113382733,778236679
20200414,"13:31:01","SZ","NB",18595071400,13834445631,32429517031,4760625769
20200414,"13:32:01","SH","NB",11574985914,10711120876,22286106790,863865038
20200414,"13:32:01","SZ","NB",18787977925,13896767570,32684745495,4891210355
20200414,"13:33:01","SH","NB",11657899778,10773197051,22431096829,884702727
20200414,"13:33:01","SZ","NB",18896352235,13959559887,32855912122,4936792348
20200414,"13:34:01","SH","NB",11704408287,10815731253,22520139540,888677034
20200414,"13:34:01","SZ","NB",18978693796,14019989591,32998683387,4958704205
20200414,"13:35:01","SH","NB",11786311471,10852407856,22638719327,933903615
20200414,"13:35:01","SZ","NB",19061262553,14059000053,33120262606,5002262500
20200414,"13:36:01","SZ","NB",19185433903,14120024903,33305458806,5065409000
20200414,"13:36:01","SH","NB",11859692019,10905636874,22765328893,954055145
20200414,"13:37:01","SH","NB",11933413320,11013951978,22947365298,919461342
20200414,"13:37:01","SZ","NB",19275348220,14249429187,33524777407,5025919033
20200414,"13:38:01","SH","NB",11981991923,11054658259,23036650182,927333664
20200414,"13:38:01","SZ","NB",19335932935,14293956744,33629889679,5041976191
20200414,"13:39:01","SH","NB",12048757775,11090154284,23138912059,958603491
20200414,"13:39:01","SZ","NB",19423504561,14328945421,33752449982,5094559140
20200414,"13:40:01","SH","NB",12131406150,11130189947,23261596097,1001216203
20200414,"13:40:01","SZ","NB",19544279972,14372923680,33917203652,5171356292
20200414,"13:41:01","SH","NB",12201812968,11211182187,23412995155,990630781
20200414,"13:41:01","SZ","NB",19646396892,14472572965,34118969857,5173823927
20200414,"13:42:01","SH","NB",12273332525,11260118070,23533450595,1013214455
20200414,"13:42:01","SZ","NB",19765470619,14526283896,34291754515,5239186723
20200414,"13:43:01","SH","NB",12343739898,11308534801,23652274699,1035205097
20200414,"13:43:01","SZ","NB",19837013086,14575016571,34412029657,5261996515
20200414,"13:44:01","SH","NB",12403155289,11359613951,23762769240,1043541338
20200414,"13:44:01","SZ","NB",19904587604,14628790156,34533377760,5275797448
20200414,"13:45:01","SH","NB",12462112404,11393460382,23855572786,1068652022
20200414,"13:45:01","SZ","NB",19965959622,14673702067,34639661689,5292257555
20200414,"13:46:01","SZ","NB",20041412243,14740395161,34781807404,5301017082
20200414,"13:46:01","SH","NB",12524040271,11441972178,23966012449,1082068093
20200414,"13:47:01","SH","NB",12574910260,11493715763,24068626023,1081194497
20200414,"13:47:01","SZ","NB",20103488441,14799608303,34903096744,5303880138
20200414,"13:48:01","SH","NB",12630003050,11528306561,24158309611,1101696489
20200414,"13:48:01","SZ","NB",20159621812,14834893024,34994514836,5324728788
20200414,"13:49:01","SH","NB",12680925064,11562053549,24242978613,1118871515
20200414,"13:49:01","SZ","NB",20233149041,14866792935,35099941976,5366356106
20200414,"13:50:01","SH","NB",12750784525,11599308910,24350093435,1151475615
20200414,"13:50:01","SZ","NB",20316687746,14902915807,35219603553,5413771939
20200414,"13:51:01","SZ","NB",20420107143,14975896029,35396003172,5444211114
20200414,"13:51:01","SH","NB",12855857252,11655371372,24511228624,1200485880
20200414,"13:52:01","SH","NB",12944568711,11742100892,24686669603,1202467819
20200414,"13:52:01","SZ","NB",20478084925,15053279546,35531364471,5424805379
20200414,"13:53:01","SH","NB",13019355885,11777553866,24796909751,1241802019
20200414,"13:53:01","SZ","NB",20548728964,15092327251,35641056215,5456401713
20200414,"13:54:01","SH","NB",13081873177,11809975387,24891848564,1271897790
20200414,"13:54:01","SZ","NB",20612526550,15128715527,35741242077,5483811023
20200414,"13:55:01","SH","NB",13135507926,11842898699,24978406625,1292609227
20200414,"13:55:01","SZ","NB",20675299274,15168352484,35843651758,5506946790
20200414,"13:56:01","SH","NB",13208323734,11918394107,25126717841,1289929627
20200414,"13:56:01","SZ","NB",20756923418,15212990870,35969914288,5543932548
20200414,"13:57:01","SH","NB",13264249377,11956615075,25220864452,1307634302
20200414,"13:57:01","SZ","NB",20824917177,15249416495,36074333672,5575500682
20200414,"13:58:01","SH","NB",13325814450,12023448970,25349263420,1302365480
20200414,"13:58:01","SZ","NB",20928695984,15319350929,36248046913,5609345055
20200414,"13:59:01","SZ","NB",21006600199,15365311653,36371911852,5641288546
20200414,"13:59:01","SH","NB",13365557592,12064160167,25429717759,1301397425
20200414,"14:00:01","SH","NB",13420525342,12105714857,25526240199,1314810485
20200414,"14:00:01","SZ","NB",21099830573,15395276618,36495107191,5704553955
20200414,"14:01:01","SH","NB",13489040053,12159036259,25648076312,1330003794
20200414,"14:01:01","SZ","NB",21222063648,15457247344,36679310992,5764816304
20200414,"14:02:01","SZ","NB",21343094076,15512278756,36855372832,5830815320
20200414,"14:02:01","SH","NB",13564199714,12213575236,25777774950,1350624478
20200414,"14:03:01","SH","NB",13641292926,12263875950,25905168876,1377416976
20200414,"14:03:01","SZ","NB",21455509962,15568811088,37024321050,5886698874
20200414,"14:04:01","SH","NB",13723731744,12303463144,26027194888,1420268600
20200414,"14:04:01","SZ","NB",21546793113,15633796035,37180589148,5912997078
20200414,"14:05:01","SH","NB",13849544814,12415753277,26265298091,1433791537
20200414,"14:05:01","SZ","NB",21648612091,15758858783,37407470874,5889753308
20200414,"14:06:01","SH","NB",13948383528,12468345313,26416728841,1480038215
20200414,"14:06:01","SZ","NB",21749007257,15805904257,37554911514,5943103000
20200414,"14:07:01","SZ","NB",21846593017,15844029148,37690622165,6002563869
20200414,"14:07:01","SH","NB",14041768323,12519819449,26561587772,1521948874
20200414,"14:08:01","SH","NB",14125830429,12558246254,26684076683,1567584175
20200414,"14:08:01","SZ","NB",21911235750,15888749493,37799985243,6022486257
20200414,"14:09:01","SH","NB",14277841877,12620536484,26898378361,1657305393
20200414,"14:09:01","SZ","NB",22092647562,15932856209,38025503771,6159791353
20200414,"14:10:01","SH","NB",14398109647,12759828733,27157938380,1638280914
20200414,"14:10:01","SZ","NB",22173872017,16048053937,38221925954,6125818080
20200414,"14:11:01","SH","NB",14614190829,12871465771,27485656600,1742725058
20200414,"14:11:01","SZ","NB",22334742877,16150563540,38485306417,6184179337
20200414,"14:12:01","SH","NB",14747806107,13023665711,27771471818,1724140396
20200414,"14:12:01","SZ","NB",22435944085,16333125313,38769069398,6102818772
20200414,"14:13:01","SZ","NB",22510287355,16405894425,38916181780,6104392930
20200414,"14:13:01","SH","NB",14823934604,13097727720,27921662324,1726206884
20200414,"14:14:01","SH","NB",14912449767,13158736055,28071185822,1753713712
20200414,"14:14:01","SZ","NB",22585174347,16452798072,39037972419,6132376275
20200414,"14:15:01","SH","NB",15003904118,13258549491,28262453609,1745354627
20200414,"14:15:01","SZ","NB",22651955172,16526018299,39177973471,6125936873
20200414,"14:16:01","SZ","NB",22721956470,16589251588,39311208058,6132704882
20200414,"14:16:01","SH","NB",15099058275,13333000881,28432059156,1766057394
20200414,"14:17:01","SH","NB",15187946107,13389264811,28577210918,1798681296
20200414,"14:17:01","SZ","NB",22815209953,16629980394,39445190347,6185229559
20200414,"14:18:01","SH","NB",15259459491,13435819493,28695278984,1823639998
20200414,"14:18:01","SZ","NB",22901556650,16669582229,39571138879,6231974421
20200414,"14:19:01","SH","NB",15324814349,13466194941,28791009290,1858619408
20200414,"14:19:01","SZ","NB",22944226083,16707058353,39651284436,6237167730
20200414,"14:20:01","SH","NB",15383913119,13495708154,28879621273,1888204965
20200414,"14:20:01","SZ","NB",22995176430,16747021463,39742197893,6248154967
20200414,"14:21:01","SH","NB",15494934371,13540045678,29034980049,1954888693
20200414,"14:21:01","SZ","NB",23155149074,16804280916,39959429990,6350868158
20200414,"14:22:01","SZ","NB",23283564083,16850905203,40134469286,6432658880
20200414,"14:22:01","SH","NB",15590038458,13586674362,29176712820,2003364096
20200414,"14:23:01","SH","NB",15654857608,13623907965,29278765573,2030949643
20200414,"14:23:01","SZ","NB",23363145595,16898202317,40261347912,6464943278
20200414,"14:24:01","SH","NB",15732936935,13703823371,29436760306,2029113564
20200414,"14:24:01","SZ","NB",23435424151,16959967722,40395391873,6475456429
20200414,"14:25:01","SH","NB",15795226525,13741971248,29537197773,2053255277
20200414,"14:25:01","SZ","NB",23481623103,16991431120,40473054223,6490191983
20200414,"14:26:01","SH","NB",15869922671,13779517415,29649440086,2090405256
20200414,"14:26:01","SZ","NB",23553902738,17024723455,40578626193,6529179283
20200414,"14:27:01","SH","NB",15943250861,13810437800,29753688661,2132813061
20200414,"14:27:01","SZ","NB",23633738945,17069229064,40702968009,6564509881
20200414,"14:28:01","SH","NB",16010596373,13843225865,29853822238,2167370508
20200414,"14:28:01","SZ","NB",23697248152,17110743326,40807991478,6586504826
20200414,"14:29:01","SZ","NB",23769944189,17149645420,40919589609,6620298769
20200414,"14:29:01","SH","NB",16091811440,13876611562,29968423002,2215199878
20200414,"14:30:01","SH","NB",16165542251,13911903455,30077445706,2253638796
20200414,"14:30:01","SZ","NB",23847364758,17190583186,41037947944,6656781572
20200414,"14:31:01","SH","NB",16284482717,13970228815,30254711532,2314253902
20200414,"14:31:01","SZ","NB",24014390872,17250804607,41265195479,6763586265
20200414,"14:32:01","SH","NB",16379253333,14025519097,30404772430,2353734236
20200414,"14:32:01","SZ","NB",24116392929,17325619252,41442012181,6790773677
20200414,"14:33:01","SH","NB",16452940576,14071045541,30523986117,2381895035
20200414,"14:33:01","SZ","NB",24211588796,17385425619,41597014415,6826163177
20200414,"14:34:01","SH","NB",16551132808,14131323164,30682455972,2419809644
20200414,"14:34:01","SZ","NB",24324000213,17433007071,41757007284,6890993142
20200414,"14:35:01","SH","NB",16643955374,14205362195,30849317569,2438593179
20200414,"14:35:01","SZ","NB",24421195748,17489716670,41910912418,6931479078
20200414,"14:36:01","SZ","NB",24502627975,17568351511,42070979486,6934276464
20200414,"14:36:01","SH","NB",16748001602,14276657523,31024659125,2471344079
20200414,"14:37:01","SH","NB",16831169058,14319301771,31150470829,2511867287
20200414,"14:37:01","SZ","NB",24598885444,17616795980,42215681424,6982089464
20200414,"14:38:01","SH","NB",16914461325,14355033458,31269494783,2559427867
20200414,"14:38:01","SZ","NB",24696274205,17657451259,42353725464,7038822946
20200414,"14:39:01","SH","NB",17022121843,14398716181,31420838024,2623405662
20200414,"14:39:01","SZ","NB",24828988864,17709270863,42538259727,7119718001
20200414,"14:40:01","SH","NB",17102607045,14437792685,31540399730,2664814360
20200414,"14:40:01","SZ","NB",24926687219,17754325729,42681012948,7172361490
20200414,"14:41:01","SH","NB",17265640603,14520521981,31786162584,2745118622
20200414,"14:41:01","SZ","NB",25152984705,17853821036,43006805741,7299163669
20200414,"14:42:01","SH","NB",17390385840,14573210472,31963596312,2817175368
20200414,"14:42:01","SZ","NB",25302180136,17924721616,43226901752,7377458520
20200414,"14:43:01","SH","NB",17541208932,14634603517,32175812449,2906605415
20200414,"14:43:01","SZ","NB",25573620729,18001933544,43575554273,7571687185
20200414,"14:44:01","SZ","NB",25726919705,18100183740,43827103445,7626735965
20200414,"14:44:01","SH","NB",17674840536,14717249699,32392090235,2957590837
20200414,"14:45:01","SH","NB",17817039549,14800179827,32617219376,3016859722
20200414,"14:45:01","SZ","NB",25854588700,18209898665,44064487365,7644690035
20200414,"14:46:01","SH","NB",17943810787,14858414384,32802225171,3085396403
20200414,"14:46:01","SZ","NB",26011098075,18296710280,44307808355,7714387795
20200414,"14:47:01","SH","NB",18052214616,14903653272,32955867888,3148561344
20200414,"14:47:01","SZ","NB",26163438705,18355196037,44518634742,7808242668
20200414,"14:48:01","SH","NB",18169621898,14955257714,33124879612,3214364184
20200414,"14:48:01","SZ","NB",26317729689,18412491471,44730221160,7905238218
20200414,"14:49:01","SZ","NB",26502748017,18493403271,44996151288,8009344746
20200414,"14:49:01","SH","NB",18316121915,15013507181,33329629096,3302614734
20200414,"14:50:01","SH","NB",18450687178,15073110979,33523798157,3377576199
20200414,"14:50:01","SZ","NB",26636570578,18550199929,45186770507,8086370649
20200414,"14:51:01","SH","NB",18617580397,15175616314,33793196711,3441964083
20200414,"14:51:01","SZ","NB",26854851950,18665234014,45520085964,8189617936
20200414,"14:52:01","SH","NB",18795718352,15250936937,34046655289,3544781415
20200414,"14:52:01","SZ","NB",27030990630,18726595186,45757585816,8304395444
20200414,"14:53:01","SH","NB",18961786177,15320565913,34282352090,3641220264
20200414,"14:53:01","SZ","NB",27232741311,18803153879,46035895190,8429587432
20200414,"14:54:01","SZ","NB",27430297616,18920384648,46350682264,8509912968
20200414,"14:54:01","SH","NB",19159592590,15412955944,34572548534,3746636646
20200414,"14:55:01","SH","NB",19468919724,15507438611,34976358335,3961481113
20200414,"14:55:01","SZ","NB",27588205473,18991384360,46579589833,8596821113
20200414,"14:56:01","SH","NB",19720867312,15623358224,35344225536,4097509088
20200414,"14:56:01","SZ","NB",27866961058,19088377779,46955338837,8778583279
20200414,"14:57:01","SH","NB",19915093926,15682076438,35597170364,4233017488
20200414,"14:57:01","SZ","NB",28060855204,19156753276,47217608480,8904101928
20200414,"14:58:01","SH","NB",19917823072,15683957791,35601780863,4233865281
20200414,"14:58:01","SZ","NB",28062438414,19158121963,47220560377,8904316451
20200414,"15:00:01","SZ","NB",28112576088,19174556103,47287132191,8938019985
20200414,"15:01:01","SH","NB",20662910800,15940917270,36603828070,4721993530
20200414,"15:01:01","SZ","NB",28997891545,19490898778,48488790323,9506992767
