dataDate,dataTime,connectMarket,tradeDirection,buyTurnover,sellTurnover,totalTurnover,netTurnover
20200714,"09:30:01","SH","NB",246107418,442900916,689008334,-196793498
20200714,"09:30:01","SZ","NB",376561617,529257793,905819410,-152696176
20200714,"09:31:01","SH","NB",594199713,1118420942,1712620655,-524221229
20200714,"09:31:01","SZ","NB",1345866006,1753466422,3099332428,-407600416
20200714,"09:32:01","SH","NB",1378800710,1540574929,2919375639,-161774219
20200714,"09:32:01","SZ","NB",2884124518,2702351437,5586475955,181773081
20200714,"09:33:01","SH","NB",1832636914,1991630798,3824267712,-158993884
20200714,"09:33:01","SZ","NB",3667326614,3611699422,7279026036,55627192
20200714,"09:34:01","SZ","NB",4412667938,4878998593,9291666531,-466330655
20200714,"09:34:01","SH","NB",2189426218,2588627491,4778053709,-399201273
20200714,"09:35:01","SH","NB",2864142775,2906020339,5770163114,-41877564
20200714,"09:35:01","SZ","NB",5478845403,5632744151,11111589554,-153898748
20200714,"09:36:01","SH","NB",3182477754,3334793824,6517271578,-152316070
20200714,"09:36:01","SZ","NB",6051916843,6493625242,12545542085,-441708399
20200714,"09:37:01","SH","NB",3504535939,3725304683,7229840622,-220768744
20200714,"09:37:01","SZ","NB",6664447963,7509591876,14174039839,-845143913
20200714,"09:38:01","SH","NB",3957439590,3987930542,7945370132,-30490952
20200714,"09:38:01","SZ","NB",7313305534,8006747124,15320052658,-693441590
20200714,"09:39:01","SH","NB",4211790342,4394299713,8606090055,-182509371
20200714,"09:39:01","SZ","NB",7706877997,8904194001,16611071998,-1197316004
20200714,"09:40:01","SH","NB",4497144759,4614676606,9111821365,-117531847
20200714,"09:40:01","SZ","NB",8226040281,9363104980,17589145261,-1137064699
20200714,"09:41:01","SH","NB",4888806985,4868334554,9757141539,20472431
20200714,"09:41:01","SZ","NB",8733975565,9971263261,18705238826,-1237287696
20200714,"09:42:01","SZ","NB",9240092632,10594847969,19834940601,-1354755337
20200714,"09:42:01","SH","NB",5253847464,5127109195,10380956659,126738269
20200714,"09:43:01","SH","NB",5713779053,5349721599,11063500652,364057454
20200714,"09:43:01","SZ","NB",9698742678,10932579018,20631321696,-1233836340
20200714,"09:44:01","SH","NB",5933086797,5785686073,11718772870,147400724
20200714,"09:44:01","SZ","NB",10033395850,11500694288,21534090138,-1467298438
20200714,"09:45:01","SH","NB",6108403394,6091968059,12200371453,16435335
20200714,"09:45:01","SZ","NB",10322007301,11955888103,22277895404,-1633880802
20200714,"09:46:01","SH","NB",6371686063,6354458119,12726144182,17227944
20200714,"09:46:01","SZ","NB",10660355420,12472484509,23132839929,-1812129089
20200714,"09:47:01","SH","NB",6593245874,6755582006,13348827880,-162336132
20200714,"09:47:01","SZ","NB",10947947212,13020432143,23968379355,-2072484931
20200714,"09:48:01","SZ","NB",11212030176,13886966356,25098996532,-2674936180
20200714,"09:48:01","SH","NB",6759646387,7198763200,13958409587,-439116813
20200714,"09:49:01","SH","NB",7132485687,7417465389,14549951076,-284979702
20200714,"09:49:01","SZ","NB",11682363212,14340821996,26023185208,-2658458784
20200714,"09:50:01","SH","NB",7429794120,7593005783,15022799903,-163211663
20200714,"09:50:01","SZ","NB",12104184365,14632327571,26736511936,-2528143206
20200714,"09:51:01","SH","NB",7612445091,7819535812,15431980903,-207090721
20200714,"09:51:01","SZ","NB",12435033677,15152802894,27587836571,-2717769217
20200714,"09:52:01","SH","NB",7789844379,8157181191,15947025570,-367336812
20200714,"09:52:01","SZ","NB",12708721780,15869699664,28578421444,-3160977884
20200714,"09:53:01","SH","NB",8122650097,8327829816,16450479913,-205179719
20200714,"09:53:01","SZ","NB",13329914809,16204002267,29533917076,-2874087458
20200714,"09:54:01","SH","NB",8376359416,8474470949,16850830365,-98111533
20200714,"09:54:01","SZ","NB",13655595108,16503424375,30159019483,-2847829267
20200714,"09:55:01","SH","NB",8589370023,8659014532,17248384555,-69644509
20200714,"09:55:01","SZ","NB",13951956783,16764097113,30716053896,-2812140330
20200714,"09:56:01","SZ","NB",14265632949,17042155769,31307788718,-2776522820
20200714,"09:56:01","SH","NB",8789517946,8802287432,17591805378,-12769486
20200714,"09:57:01","SH","NB",9024354228,8937823908,17962178136,86530320
20200714,"09:57:01","SZ","NB",14543596881,17287276743,31830873624,-2743679862
20200714,"09:58:01","SH","NB",9260446644,9088859499,18349306143,171587145
20200714,"09:58:01","SZ","NB",14792816856,17602291310,32395108166,-2809474454
20200714,"09:59:01","SH","NB",9465964397,9245853733,18711818130,220110664
20200714,"09:59:01","SZ","NB",14985433558,17829234895,32814668453,-2843801337
20200714,"10:00:01","SH","NB",9708637989,9478775953,19187413942,229862036
20200714,"10:00:01","SZ","NB",15163340517,18241511768,33404852285,-3078171251
20200714,"10:01:01","SZ","NB",15386146735,18536649874,33922796609,-3150503139
20200714,"10:01:01","SH","NB",9893404290,9668746363,19562150653,224657927
20200714,"10:02:01","SH","NB",9999127448,9877855430,19876982878,121272018
20200714,"10:02:01","SZ","NB",15535707851,18809785111,34345492962,-3274077260
20200714,"10:03:01","SH","NB",10197782218,10033056513,20230838731,164725705
20200714,"10:03:01","SZ","NB",15845843333,19044590035,34890433368,-3198746702
20200714,"10:04:01","SH","NB",10372578433,10199088595,20571667028,173489838
20200714,"10:04:01","SZ","NB",16099115587,19265805944,35364921531,-3166690357
20200714,"10:05:01","SH","NB",10469686180,10437027869,20906714049,32658311
20200714,"10:05:01","SZ","NB",16240432975,19588614823,35829047798,-3348181848
20200714,"10:06:01","SH","NB",10556732803,10740467701,21297200504,-183734898
20200714,"10:06:01","SZ","NB",16402999041,20153788442,36556787483,-3750789401
20200714,"10:07:01","SZ","NB",16571555698,20512136971,37083692669,-3940581273
20200714,"10:07:01","SH","NB",10671091703,10992707646,21663799349,-321615943
20200714,"10:08:01","SH","NB",10814654324,11171331926,21985986250,-356677602
20200714,"10:08:01","SZ","NB",16761763690,20781198206,37542961896,-4019434516
20200714,"10:09:01","SH","NB",10937582510,11339641148,22277223658,-402058638
20200714,"10:09:01","SZ","NB",16937357817,21199283246,38136641063,-4261925429
20200714,"10:10:01","SH","NB",11048790702,11662452633,22711243335,-613661931
20200714,"10:10:01","SZ","NB",17123611429,21624615260,38748226689,-4501003831
20200714,"10:11:01","SZ","NB",17582154423,22165118232,39747272655,-4582963809
20200714,"10:11:01","SH","NB",11340061394,11997924857,23337986251,-657863463
20200714,"10:12:01","SH","NB",11561334599,12141205419,23702540018,-579870820
20200714,"10:12:01","SZ","NB",17956918613,22381928936,40338847549,-4425010323
20200714,"10:13:01","SH","NB",11690968263,12486732199,24177700462,-795763936
20200714,"10:13:01","SZ","NB",18162813210,22894560025,41057373235,-4731746815
20200714,"10:14:01","SH","NB",11831450749,12869462082,24700912831,-1038011333
20200714,"10:14:01","SZ","NB",18358106497,23397107785,41755214282,-5039001288
20200714,"10:15:01","SH","NB",12025295700,13106604221,25131899921,-1081308521
20200714,"10:15:01","SZ","NB",18735527682,23669393529,42404921211,-4933865847
20200714,"10:16:01","SZ","NB",18994008797,24023867538,43017876335,-5029858741
20200714,"10:16:01","SH","NB",12165276600,13397935739,25563212339,-1232659139
20200714,"10:17:01","SH","NB",12509090055,13556988586,26066078641,-1047898531
20200714,"10:17:01","SZ","NB",19616724417,24243066503,43859790920,-4626342086
20200714,"10:18:01","SH","NB",12710288749,13679883460,26390172209,-969594711
20200714,"10:18:01","SZ","NB",19914113893,24410921839,44325035732,-4496807946
20200714,"10:19:01","SH","NB",12887964843,13813012889,26700977732,-925048046
20200714,"10:19:01","SZ","NB",20099541178,24614021366,44713562544,-4514480188
20200714,"10:20:01","SH","NB",13004452480,13955911277,26960363757,-951458797
20200714,"10:20:01","SZ","NB",20240831908,24795063897,45035895805,-4554231989
20200714,"10:21:01","SH","NB",13183017490,14140436783,27323454273,-957419293
20200714,"10:21:01","SZ","NB",20431623628,25089761234,45521384862,-4658137606
20200714,"10:22:01","SH","NB",13260473857,14317301114,27577774971,-1056827257
20200714,"10:22:01","SZ","NB",20538423543,25401710200,45940133743,-4863286657
20200714,"10:23:01","SH","NB",13336697020,14530997219,27867694239,-1194300199
20200714,"10:23:01","SZ","NB",20644995903,25793330836,46438326739,-5148334933
20200714,"10:24:01","SH","NB",13425331215,14712095005,28137426220,-1286763790
20200714,"10:24:01","SZ","NB",20760502140,26114718686,46875220826,-5354216546
20200714,"10:25:01","SH","NB",13559401141,14810494685,28369895826,-1251093544
20200714,"10:25:01","SZ","NB",20945085848,26303304475,47248390323,-5358218627
20200714,"10:26:01","SZ","NB",21208255051,26450517820,47658772871,-5242262769
20200714,"10:26:01","SH","NB",13744966911,14931047011,28676013922,-1186080100
20200714,"10:27:01","SH","NB",13848268825,15163041473,29011310298,-1314772648
20200714,"10:27:01","SZ","NB",21337583906,26730218169,48067802075,-5392634263
20200714,"10:28:01","SH","NB",13918620822,15284920802,29203541624,-1366299980
20200714,"10:28:01","SZ","NB",21423225919,26893770400,48316996319,-5470544481
20200714,"10:29:01","SH","NB",13975707772,15574604215,29550311987,-1598896443
20200714,"10:29:01","SZ","NB",21502906739,27359909793,48862816532,-5857003054
20200714,"10:30:01","SH","NB",14052480150,15877806545,29930286695,-1825326395
20200714,"10:30:01","SZ","NB",21629837613,27822310317,49452147930,-6192472704
20200714,"10:31:01","SH","NB",14146737166,16173220643,30319957809,-2026483477
20200714,"10:31:01","SZ","NB",21790444908,28206131664,49996576572,-6415686756
20200714,"10:32:01","SH","NB",14301808600,16371298621,30673107221,-2069490021
20200714,"10:32:01","SZ","NB",22058242141,28433975850,50492217991,-6375733709
20200714,"10:33:01","SH","NB",14394610759,16623849821,31018460580,-2229239062
20200714,"10:33:01","SZ","NB",22227638696,28767320674,50994959370,-6539681978
20200714,"10:34:01","SH","NB",14675650328,16801388253,31477038581,-2125737925
20200714,"10:34:01","SZ","NB",22563306126,28952292194,51515598320,-6388986068
20200714,"10:35:01","SH","NB",14814052985,16979714143,31793767128,-2165661158
20200714,"10:35:01","SZ","NB",22772881907,29120308992,51893190899,-6347427085
20200714,"10:36:01","SZ","NB",22936651913,29402150342,52338802255,-6465498429
20200714,"10:36:01","SH","NB",14921982033,17230486442,32152468475,-2308504409
20200714,"10:37:01","SH","NB",15063644312,17509025347,32572669659,-2445381035
20200714,"10:37:01","SZ","NB",23179900200,29669588637,52849488837,-6489688437
20200714,"10:38:01","SH","NB",15253374678,17764207655,33017582333,-2510832977
20200714,"10:38:01","SZ","NB",23496036466,29988577474,53484613940,-6492541008
20200714,"10:39:01","SH","NB",15616119957,17934110373,33550230330,-2317990416
20200714,"10:39:01","SZ","NB",23972653993,30214765410,54187419403,-6242111417
20200714,"10:40:01","SH","NB",15857382243,18090797207,33948179450,-2233414964
20200714,"10:40:01","SZ","NB",24233201834,30337156480,54570358314,-6103954646
20200714,"10:41:01","SH","NB",16147708017,18232969640,34380677657,-2085261623
20200714,"10:41:01","SZ","NB",24562091203,30446898021,55008989224,-5884806818
20200714,"10:42:01","SH","NB",16253219454,18366055087,34619274541,-2112835633
20200714,"10:42:01","SZ","NB",24715360499,30561369028,55276729527,-5846008529
20200714,"10:43:01","SH","NB",16384287162,18520281979,34904569141,-2135994817
20200714,"10:43:01","SZ","NB",24885245758,30703366812,55588612570,-5818121054
20200714,"10:44:01","SZ","NB",24989119404,30850761416,55839880820,-5861642012
20200714,"10:44:01","SH","NB",16456643557,18645693009,35102336566,-2189049452
20200714,"10:45:01","SH","NB",16530894481,18816572502,35347466983,-2285678021
20200714,"10:45:01","SZ","NB",25069488762,31040442134,56109930896,-5970953372
20200714,"10:46:01","SH","NB",16593953738,18991411519,35585365257,-2397457781
20200714,"10:46:01","SZ","NB",25160266753,31273624250,56433891003,-6113357497
20200714,"10:47:01","SH","NB",16670580717,19073052162,35743632879,-2402471445
20200714,"10:47:01","SZ","NB",25269929657,31390143731,56660073388,-6120214074
20200714,"10:48:01","SH","NB",16770678877,19161296341,35931975218,-2390617464
20200714,"10:48:01","SZ","NB",25393959585,31485621753,56879581338,-6091662168
20200714,"10:49:01","SZ","NB",25487206530,31590562440,57077768970,-6103355910
20200714,"10:49:01","SH","NB",16829547531,19242538422,36072085953,-2412990891
20200714,"10:50:01","SH","NB",16902825334,19318742096,36221567430,-2415916762
20200714,"10:50:01","SZ","NB",25584900979,31693908305,57278809284,-6109007326
20200714,"10:51:01","SH","NB",17066890593,19403413419,36470304012,-2336522826
20200714,"10:51:01","SZ","NB",25734326670,31801439574,57535766244,-6067112904
20200714,"10:52:01","SH","NB",17138670952,19578648700,36717319652,-2439977748
20200714,"10:52:01","SZ","NB",25818091644,31995665496,57813757140,-6177573852
20200714,"10:53:01","SH","NB",17190805402,19718751183,36909556585,-2527945781
20200714,"10:53:01","SZ","NB",25886486034,32213239400,58099725434,-6326753366
20200714,"10:54:01","SH","NB",17233577530,19830642352,37064219882,-2597064822
20200714,"10:54:01","SZ","NB",25959054376,32416815922,58375870298,-6457761546
20200714,"10:55:01","SZ","NB",26068705457,32515567062,58584272519,-6446861605
20200714,"10:55:01","SH","NB",17316864547,19893264397,37210128944,-2576399850
20200714,"10:56:01","SH","NB",17373626382,19992563035,37366189417,-2618936653
20200714,"10:56:01","SZ","NB",26154636439,32638652019,58793288458,-6484015580
20200714,"10:57:01","SH","NB",17415720421,20109246646,37524967067,-2693526225
20200714,"10:57:01","SZ","NB",26209864628,32767573861,58977438489,-6557709233
20200714,"10:58:01","SZ","NB",26279189426,32854441680,59133631106,-6575252254
20200714,"10:58:01","SH","NB",17463084015,20171665962,37634749977,-2708581947
20200714,"10:59:01","SH","NB",17513971624,20266318466,37780290090,-2752346842
20200714,"10:59:01","SZ","NB",26338420057,33006804352,59345224409,-6668384295
20200714,"11:00:01","SH","NB",17573628574,20309346436,37882975010,-2735717862
20200714,"11:00:01","SZ","NB",26397532053,33081517223,59479049276,-6683985170
20200714,"11:01:01","SH","NB",17754264623,20396987604,38151252227,-2642722981
20200714,"11:01:01","SZ","NB",26612932230,33185597330,59798529560,-6572665100
20200714,"11:02:01","SH","NB",17904174199,20468778579,38372952778,-2564604380
20200714,"11:02:01","SZ","NB",26721679858,33296419233,60018099091,-6574739375
20200714,"11:03:01","SH","NB",18008592391,20546191391,38554783782,-2537599000
20200714,"11:03:01","SZ","NB",26849813384,33417534247,60267347631,-6567720863
20200714,"11:04:01","SH","NB",18064273632,20673399513,38737673145,-2609125881
20200714,"11:04:01","SZ","NB",26929879901,33570224600,60500104501,-6640344699
20200714,"11:05:01","SH","NB",18116330340,20780330672,38896661012,-2664000332
20200714,"11:05:01","SZ","NB",27004487679,33724979818,60729467497,-6720492139
20200714,"11:06:01","SH","NB",18253274521,20897238679,39150513200,-2643964158
20200714,"11:06:01","SZ","NB",27108921951,33889601164,60998523115,-6780679213
20200714,"11:07:01","SZ","NB",27164945866,33996859950,61161805816,-6831914084
20200714,"11:07:01","SH","NB",18313484515,20970845180,39284329695,-2657360665
20200714,"11:08:01","SH","NB",18387681114,21038292317,39425973431,-2650611203
20200714,"11:08:01","SZ","NB",27230541687,34108183117,61338724804,-6877641430
20200714,"11:09:01","SH","NB",18447338905,21156651595,39603990500,-2709312690
20200714,"11:09:01","SZ","NB",27302246403,34264868429,61567114832,-6962622026
20200714,"11:10:01","SH","NB",18505306511,21327023725,39832330236,-2821717214
20200714,"11:10:01","SZ","NB",27354778251,34489759488,61844537739,-7134981237
20200714,"11:11:01","SH","NB",18574809004,21425485857,40000294861,-2850676853
20200714,"11:11:01","SZ","NB",27447807648,34616691250,62064498898,-7168883602
20200714,"11:12:01","SH","NB",18608140116,21511480893,40119621009,-2903340777
20200714,"11:12:01","SZ","NB",27500557287,34730645124,62231202411,-7230087837
20200714,"11:13:01","SH","NB",18718640377,21588165701,40306806078,-2869525324
20200714,"11:13:01","SZ","NB",27645960995,34834995566,62480956561,-7189034571
20200714,"11:14:01","SH","NB",18759324678,21647528400,40406853078,-2888203722
20200714,"11:14:01","SZ","NB",27718592699,34918370829,62636963528,-7199778130
20200714,"11:15:01","SH","NB",18794646189,21733935458,40528581647,-2939289269
20200714,"11:15:01","SZ","NB",27775876232,35013107852,62788984084,-7237231620
20200714,"11:16:01","SH","NB",18825202381,21932750224,40757952605,-3107547843
20200714,"11:16:01","SZ","NB",27833413062,35212432693,63045845755,-7379019631
20200714,"11:17:01","SZ","NB",27911520901,35352545438,63264066339,-7441024537
20200714,"11:17:01","SH","NB",18868309572,22032622892,40900932464,-3164313320
20200714,"11:18:01","SH","NB",18937140189,22082963984,41020104173,-3145823795
20200714,"11:18:01","SZ","NB",28006781751,35462936128,63469717879,-7456154377
20200714,"11:19:01","SH","NB",18971412228,22134446723,41105858951,-3163034495
20200714,"11:19:01","SZ","NB",28052264734,35534240702,63586505436,-7481975968
20200714,"11:20:01","SZ","NB",28123950891,35644978788,63768929679,-7521027897
20200714,"11:20:01","SH","NB",19018088368,22230304044,41248392412,-3212215676
20200714,"11:21:01","SH","NB",19084857213,22272719246,41357576459,-3187862033
20200714,"11:21:01","SZ","NB",28221340080,35712432567,63933772647,-7491092487
20200714,"11:22:01","SH","NB",19123583717,22463093953,41586677670,-3339510236
20200714,"11:22:01","SZ","NB",28270315545,35941680337,64211995882,-7671364792
20200714,"11:23:01","SH","NB",19157319904,22626219643,41783539547,-3468899739
20200714,"11:23:01","SZ","NB",28331249829,36185651814,64516901643,-7854401985
20200714,"11:24:01","SH","NB",19209359795,22696562635,41905922430,-3487202840
20200714,"11:24:01","SZ","NB",28408165271,36270138956,64678304227,-7861973685
20200714,"11:25:01","SH","NB",19254471285,22817680118,42072151403,-3563208833
20200714,"11:25:01","SZ","NB",28466954478,36430119115,64897073593,-7963164637
20200714,"11:26:01","SH","NB",19329182349,22865820111,42195002460,-3536637762
20200714,"11:26:01","SZ","NB",28571283014,36513858553,65085141567,-7942575539
20200714,"11:27:01","SH","NB",19374897015,22923124982,42298021997,-3548227967
20200714,"11:27:01","SZ","NB",28636051486,36605721236,65241772722,-7969669750
20200714,"11:28:01","SH","NB",19422535517,22980705828,42403241345,-3558170311
20200714,"11:28:01","SZ","NB",28699415293,36697951197,65397366490,-7998535904
20200714,"11:29:01","SZ","NB",28755961143,36754879351,65510840494,-7998918208
20200714,"11:29:01","SH","NB",19467229772,23014217746,42481447518,-3546987974
20200714,"11:30:01","SH","NB",19503996921,23049126736,42553123657,-3545129815
20200714,"11:30:01","SZ","NB",28795786374,36803948644,65599735018,-8008162270
20200714,"11:31:01","SH","NB",19505001241,23050805513,42555806754,-3545804272
20200714,"11:31:01","SZ","NB",28797093843,36806712845,65603806688,-8009619002
20200714,"13:00:01","SZ","NB",28805298614,36821880959,65627179573,-8016582345
20200714,"13:01:01","SH","NB",19679782399,23246695169,42926477568,-3566912770
20200714,"13:01:01","SZ","NB",29042377018,37107788381,66150165399,-8065411363
20200714,"13:02:01","SH","NB",19777381409,23327013557,43104394966,-3549632148
20200714,"13:02:01","SZ","NB",29177874668,37226642687,66404517355,-8048768019
20200714,"13:03:01","SH","NB",19920853601,23416663536,43337517137,-3495809935
20200714,"13:03:01","SZ","NB",29320367340,37308556262,66628923602,-7988188922
20200714,"13:04:01","SH","NB",20052307010,23489536653,43541843663,-3437229643
20200714,"13:04:01","SZ","NB",29489944783,37424104718,66914049501,-7934159935
20200714,"13:05:01","SZ","NB",29642543580,37515767999,67158311579,-7873224419
20200714,"13:05:01","SH","NB",20240805767,23562982157,43803787924,-3322176390
20200714,"13:06:01","SH","NB",20364545818,23617509648,43982055466,-3252963830
20200714,"13:06:01","SZ","NB",29764722677,37602328987,67367051664,-7837606310
20200714,"13:07:01","SH","NB",20426723244,23677394919,44104118163,-3250671675
20200714,"13:07:01","SZ","NB",29848034287,37711031233,67559065520,-7862996946
20200714,"13:08:01","SH","NB",20550562892,23738616474,44289179366,-3188053582
20200714,"13:08:01","SZ","NB",29985387034,37794216863,67779603897,-7808829829
20200714,"13:09:01","SH","NB",20645372702,23793126019,44438498721,-3147753317
20200714,"13:09:01","SZ","NB",30100642871,37893068018,67993710889,-7792425147
20200714,"13:10:01","SH","NB",20709168870,23980919394,44690088264,-3271750524
20200714,"13:10:01","SZ","NB",30187331547,38119096443,68306427990,-7931764896
20200714,"13:11:01","SH","NB",20773491975,24304949797,45078441772,-3531457822
20200714,"13:11:01","SZ","NB",30264389349,38561103681,68825493030,-8296714332
20200714,"13:12:01","SZ","NB",30347948499,38738424580,69086373079,-8390476081
20200714,"13:12:01","SH","NB",20852647960,24467214721,45319862681,-3614566761
20200714,"13:13:01","SH","NB",20949747056,24585128965,45534876021,-3635381909
20200714,"13:13:01","SZ","NB",30486189457,38880614708,69366804165,-8394425251
20200714,"13:14:01","SH","NB",21008498432,24668016323,45676514755,-3659517891
20200714,"13:14:01","SZ","NB",30590030279,39017266673,69607296952,-8427236394
20200714,"13:15:01","SH","NB",21079688281,24748382839,45828071120,-3668694558
20200714,"13:15:01","SZ","NB",30690991743,39191918510,69882910253,-8500926767
20200714,"13:16:01","SH","NB",21158144162,24826822801,45984966963,-3668678639
20200714,"13:16:01","SZ","NB",30793105114,39321885112,70114990226,-8528779998
20200714,"13:17:01","SH","NB",21244166227,24901481134,46145647361,-3657314907
20200714,"13:17:01","SZ","NB",30948885188,39434826337,70383711525,-8485941149
20200714,"13:18:01","SZ","NB",31239128225,39526506366,70765634591,-8287378141
20200714,"13:18:01","SH","NB",21453111037,24963581090,46416692127,-3510470053
20200714,"13:19:01","SH","NB",21560975984,25032531526,46593507510,-3471555542
20200714,"13:19:01","SZ","NB",31383444109,39614725814,70998169923,-8231281705
20200714,"13:20:01","SH","NB",21604106584,25144582535,46748689119,-3540475951
20200714,"13:20:01","SZ","NB",31443123188,39891047711,71334170899,-8447924523
20200714,"13:21:01","SH","NB",21658841793,25362321628,47021163421,-3703479835
20200714,"13:21:01","SZ","NB",31523777280,40253950447,71777727727,-8730173167
20200714,"13:22:01","SH","NB",21733491903,25513445005,47246936908,-3779953102
20200714,"13:22:01","SZ","NB",31660564157,40486790943,72147355100,-8826226786
20200714,"13:23:01","SH","NB",21916409910,25596359625,47512769535,-3679949715
20200714,"13:23:01","SZ","NB",31958007739,40604030636,72562038375,-8646022897
20200714,"13:24:01","SH","NB",21997153016,25711144133,47708297149,-3713991117
20200714,"13:24:01","SZ","NB",32081183618,40815385493,72896569111,-8734201875
20200714,"13:25:01","SH","NB",22074570452,25779105569,47853676021,-3704535117
20200714,"13:25:01","SZ","NB",32164654273,40926960076,73091614349,-8762305803
20200714,"13:26:01","SH","NB",22147196694,25934028426,48081225120,-3786831732
20200714,"13:26:01","SZ","NB",32263020082,41134347955,73397368037,-8871327873
20200714,"13:27:01","SH","NB",22333166257,26012606846,48345773103,-3679440589
20200714,"13:27:01","SZ","NB",32481168487,41246606426,73727774913,-8765437939
20200714,"13:28:01","SZ","NB",32623486075,41352273949,73975760024,-8728787874
20200714,"13:28:01","SH","NB",22435736526,26068296535,48504033061,-3632560009
20200714,"13:29:01","SH","NB",22508135682,26128915934,48637051616,-3620780252
20200714,"13:29:01","SZ","NB",32712284327,41447126822,74159411149,-8734842495
20200714,"13:30:01","SH","NB",22719882570,26185592300,48905474870,-3465709730
20200714,"13:30:01","SZ","NB",32944378909,41538284559,74482663468,-8593905650
20200714,"13:31:01","SH","NB",22863689987,26262178652,49125868639,-3398488665
20200714,"13:31:01","SZ","NB",33147457591,41645903826,74793361417,-8498446235
20200714,"13:32:01","SH","NB",22929039586,26373325914,49302365500,-3444286328
20200714,"13:32:01","SZ","NB",33216619864,41780969845,74997589709,-8564349981
20200714,"13:33:01","SH","NB",22996100907,26441281812,49437382719,-3445180905
20200714,"13:33:01","SZ","NB",33332163245,41885369514,75217532759,-8553206269
20200714,"13:34:01","SZ","NB",33395344838,42130769966,75526114804,-8735425128
20200714,"13:34:01","SH","NB",23040494561,26569872012,49610366573,-3529377451
20200714,"13:35:01","SH","NB",23081917622,26656781046,49738698668,-3574863424
20200714,"13:35:01","SZ","NB",33445166083,42302293956,75747460039,-8857127873
20200714,"13:36:01","SH","NB",23133454927,26788528650,49921983577,-3655073723
20200714,"13:36:01","SZ","NB",33514512488,42465320394,75979832882,-8950807906
20200714,"13:37:01","SH","NB",23206296043,26873701514,50079997557,-3667405471
20200714,"13:37:01","SZ","NB",33604685708,42593847285,76198532993,-8989161577
20200714,"13:38:01","SH","NB",23268419894,26960645400,50229065294,-3692225506
20200714,"13:38:01","SZ","NB",33709575543,42759746056,76469321599,-9050170513
20200714,"13:39:01","SH","NB",23391088186,27053240749,50444328935,-3662152563
20200714,"13:39:01","SZ","NB",33825987934,42853962220,76679950154,-9027974286
20200714,"13:40:01","SH","NB",23464403269,27147596904,50612000173,-3683193635
20200714,"13:40:01","SZ","NB",33906094627,42989385512,76895480139,-9083290885
20200714,"13:41:01","SH","NB",23531065846,27331416942,50862482788,-3800351096
20200714,"13:41:01","SZ","NB",33998485016,43258456488,77256941504,-9259971472
20200714,"13:42:01","SH","NB",23675306355,27419777729,51095084084,-3744471374
20200714,"13:42:01","SZ","NB",34170126128,43390845823,77560971951,-9220719695
20200714,"13:43:01","SZ","NB",34312060125,43584944697,77897004822,-9272884572
20200714,"13:43:01","SH","NB",23787059273,27542476076,51329535349,-3755416803
20200714,"13:44:01","SH","NB",23869858643,27706009325,51575867968,-3836150682
20200714,"13:44:01","SZ","NB",34436924881,43844752810,78281677691,-9407827929
20200714,"13:45:01","SZ","NB",34589676661,44052989990,78642666651,-9463313329
20200714,"13:45:01","SH","NB",23969213657,27840982285,51810195942,-3871768628
20200714,"13:46:01","SH","NB",24090342130,28031202432,52121544562,-3940860302
20200714,"13:46:01","SZ","NB",34761348749,44283458902,79044807651,-9522110153
20200714,"13:47:01","SH","NB",24251770790,28188399417,52440170207,-3936628627
20200714,"13:47:01","SZ","NB",35031760014,44439279501,79471039515,-9407519487
20200714,"13:48:01","SH","NB",24544560546,28293406784,52837967330,-3748846238
20200714,"13:48:01","SZ","NB",35423248391,44565541855,79988790246,-9142293464
20200714,"13:49:01","SH","NB",24640642230,28421731029,53062373259,-3781088799
20200714,"13:49:01","SZ","NB",35560841732,44710109257,80270950989,-9149267525
20200714,"13:50:01","SH","NB",24696124859,28644351836,53340476695,-3948226977
20200714,"13:50:01","SZ","NB",35649620863,44927097460,80576718323,-9277476597
20200714,"13:51:01","SH","NB",24771991365,28989356066,53761347431,-4217364701
20200714,"13:51:01","SZ","NB",35748789838,45295951060,81044740898,-9547161222
20200714,"13:52:01","SH","NB",24843744427,29132328951,53976073378,-4288584524
20200714,"13:52:01","SZ","NB",35910987472,45445223838,81356211310,-9534236366
20200714,"13:53:01","SH","NB",24924459194,29310398950,54234858144,-4385939756
20200714,"13:53:01","SZ","NB",36073437523,45674123009,81747560532,-9600685486
20200714,"13:54:01","SZ","NB",36382412180,45790243540,82172655720,-9407831360
20200714,"13:54:01","SH","NB",25135892291,29418642782,54554535073,-4282750491
20200714,"13:55:01","SH","NB",25239092679,29718051000,54957143679,-4478958321
20200714,"13:55:01","SZ","NB",36508750603,46002443237,82511193840,-9493692634
20200714,"13:56:01","SH","NB",25329787294,29804631752,55134419046,-4474844458
20200714,"13:56:01","SZ","NB",36657909432,46104897887,82762807319,-9446988455
20200714,"13:57:01","SH","NB",25454351311,29869505110,55323856421,-4415153799
20200714,"13:57:01","SZ","NB",36831022914,46196703166,83027726080,-9365680252
20200714,"13:58:01","SH","NB",25512763586,29986416293,55499179879,-4473652707
20200714,"13:58:01","SZ","NB",36905872139,46337204317,83243076456,-9431332178
20200714,"13:59:01","SH","NB",25578177875,30072258332,55650436207,-4494080457
20200714,"13:59:01","SZ","NB",37021299287,46426634861,83447934148,-9405335574
20200714,"14:00:01","SH","NB",25630835611,30152658216,55783493827,-4521822605
20200714,"14:00:01","SZ","NB",37102493228,46569793808,83672287036,-9467300580
20200714,"14:01:01","SZ","NB",37220239700,46921716333,84141956033,-9701476633
20200714,"14:01:01","SH","NB",25706363596,30384976566,56091340162,-4678612970
20200714,"14:02:01","SH","NB",25777687525,30449271976,56226959501,-4671584451
20200714,"14:02:01","SZ","NB",37329017894,47019873897,84348891791,-9690856003
20200714,"14:03:01","SH","NB",25836232757,30500446987,56336679744,-4664214230
20200714,"14:03:01","SZ","NB",37426155719,47106448916,84532604635,-9680293197
20200714,"14:04:01","SH","NB",25994193760,30555507251,56549701011,-4561313491
20200714,"14:04:01","SZ","NB",37656676785,47205560170,84862236955,-9548883385
20200714,"14:05:01","SH","NB",26081821308,30615790256,56697611564,-4533968948
20200714,"14:05:01","SZ","NB",37762906064,47316569325,85079475389,-9553663261
20200714,"14:06:01","SH","NB",26168704818,30693951322,56862656140,-4525246504
20200714,"14:06:01","SZ","NB",37870946198,47438614569,85309560767,-9567668371
20200714,"14:07:01","SH","NB",26232040237,30839628129,57071668366,-4607587892
20200714,"14:07:01","SZ","NB",37938397195,47622079024,85560476219,-9683681829
20200714,"14:08:01","SH","NB",26289712422,30934924100,57224636522,-4645211678
20200714,"14:08:01","SZ","NB",37991061397,47769891549,85760952946,-9778830152
20200714,"14:09:01","SZ","NB",38067446077,47878412867,85945858944,-9810966790
20200714,"14:09:01","SH","NB",26366344686,31006532791,57372877477,-4640188105
20200714,"14:10:01","SH","NB",26487605142,31062702364,57550307506,-4575097222
20200714,"14:10:01","SZ","NB",38154547509,47971733712,86126281221,-9817186203
20200714,"14:11:01","SH","NB",26579721012,31169901661,57749622673,-4590180649
20200714,"14:11:01","SZ","NB",38274272082,48153414915,86427686997,-9879142833
20200714,"14:12:01","SH","NB",26653771580,31257040896,57910812476,-4603269316
20200714,"14:12:01","SZ","NB",38326468280,48280270748,86606739028,-9953802468
20200714,"14:13:01","SH","NB",26794629855,31375300069,58169929924,-4580670214
20200714,"14:13:01","SZ","NB",38466667665,48415379549,86882047214,-9948711884
20200714,"14:14:01","SH","NB",26852033077,31460054139,58312087216,-4608021062
20200714,"14:14:01","SZ","NB",38532567661,48534146413,87066714074,-10001578752
20200714,"14:15:01","SZ","NB",38592332101,48647577747,87239909848,-10055245646
20200714,"14:15:01","SH","NB",26918804953,31527383942,58446188895,-4608578989
20200714,"14:16:01","SH","NB",27039751521,31599145084,58638896605,-4559393563
20200714,"14:16:01","SZ","NB",38711467224,48799282159,87510749383,-10087814935
20200714,"14:17:01","SH","NB",27135170105,31693090373,58828260478,-4557920268
20200714,"14:17:01","SZ","NB",38815903353,48959868471,87775771824,-10143965118
20200714,"14:18:01","SH","NB",27198525121,31831194239,59029719360,-4632669118
20200714,"14:18:01","SZ","NB",38877116750,49121275292,87998392042,-10244158542
20200714,"14:19:01","SH","NB",27267514998,32047875995,59315390993,-4780360997
20200714,"14:19:01","SZ","NB",38929552401,49432628887,88362181288,-10503076486
20200714,"14:20:01","SH","NB",27320560743,32157152192,59477712935,-4836591449
20200714,"14:20:01","SZ","NB",39000068666,49600749237,88600817903,-10600680571
20200714,"14:21:01","SH","NB",27413344699,32253758643,59667103342,-4840413944
20200714,"14:21:01","SZ","NB",39105299249,49766517358,88871816607,-10661218109
20200714,"14:22:01","SH","NB",27474898189,32319430044,59794328233,-4844531855
20200714,"14:22:01","SZ","NB",39166027903,49876850656,89042878559,-10710822753
20200714,"14:23:01","SZ","NB",39228079928,50020006724,89248086652,-10791926796
20200714,"14:23:01","SH","NB",27519622556,32409339223,59928961779,-4889716667
20200714,"14:24:01","SH","NB",27661280839,32484360597,60145641436,-4823079758
20200714,"14:24:01","SZ","NB",39361869039,50116818122,89478687161,-10754949083
20200714,"14:25:01","SH","NB",27924678763,32563931269,60488610032,-4639252506
20200714,"14:25:01","SZ","NB",39561753220,50210013945,89771767165,-10648260725
20200714,"14:26:01","SH","NB",28040380969,32664833370,60705214339,-4624452401
20200714,"14:26:01","SZ","NB",39661004297,50317955194,89978959491,-10656950897
20200714,"14:27:01","SH","NB",28138212398,32742165583,60880377981,-4603953185
20200714,"14:27:01","SZ","NB",39766289002,50434845524,90201134526,-10668556522
20200714,"14:28:01","SZ","NB",39857134957,50584723350,90441858307,-10727588393
20200714,"14:28:01","SH","NB",28234476445,32844679579,61079156024,-4610203134
20200714,"14:29:01","SH","NB",28331606473,32923729560,61255336033,-4592123087
20200714,"14:29:01","SZ","NB",39934766586,50717035661,90651802247,-10782269075
20200714,"14:30:01","SH","NB",28420627594,33006824457,61427452051,-4586196863
20200714,"14:30:01","SZ","NB",40016758432,50825805645,90842564077,-10809047213
20200714,"14:31:01","SH","NB",28608784199,33092945751,61701729950,-4484161552
20200714,"14:31:01","SZ","NB",40194784486,50919374382,91114158868,-10724589896
20200714,"14:32:01","SH","NB",28746230306,33215446501,61961676807,-4469216195
20200714,"14:32:01","SZ","NB",40280071952,51098645799,91378717751,-10818573847
20200714,"14:33:01","SH","NB",28855269047,33323911981,62179181028,-4468642934
20200714,"14:33:01","SZ","NB",40395501307,51260848343,91656349650,-10865347036
20200714,"14:34:01","SZ","NB",40532204234,51400345531,91932549765,-10868141297
20200714,"14:34:01","SH","NB",28968510579,33394388510,62362899089,-4425877931
20200714,"14:35:01","SH","NB",29050344058,33554698132,62605042190,-4504354074
20200714,"14:35:01","SZ","NB",40628899380,51630245191,92259144571,-11001345811
20200714,"14:36:01","SZ","NB",40696681089,51851530556,92548211645,-11154849467
20200714,"14:36:01","SH","NB",29124837771,33723095483,62847933254,-4598257712
20200714,"14:37:01","SH","NB",29197770519,33848544793,63046315312,-4650774274
20200714,"14:37:01","SZ","NB",40764867942,52036604823,92801472765,-11271736881
20200714,"14:38:01","SH","NB",29314880449,33911260766,63226141215,-4596380317
20200714,"14:38:01","SZ","NB",40871812938,52117659551,92989472489,-11245846613
20200714,"14:39:01","SH","NB",29436075455,33989209708,63425285163,-4553134253
20200714,"14:39:01","SZ","NB",40979390972,52237609025,93216999997,-11258218053
20200714,"14:40:01","SH","NB",29526709511,34065756682,63592466193,-4539047171
20200714,"14:40:01","SZ","NB",41074589411,52341560893,93416150304,-11266971482
20200714,"14:41:01","SH","NB",29635755575,34166739040,63802494615,-4530983465
20200714,"14:41:01","SZ","NB",41160832614,52487715097,93648547711,-11326882483
20200714,"14:42:01","SH","NB",29719733989,34248677273,63968411262,-4528943284
20200714,"14:42:01","SZ","NB",41258083038,52596481953,93854564991,-11338398915
20200714,"14:43:01","SH","NB",29855067503,34338315060,64193382563,-4483247557
20200714,"14:43:01","SZ","NB",41414465595,52706964002,94121429597,-11292498407
20200714,"14:44:01","SH","NB",29986355237,34441084018,64427439255,-4454728781
20200714,"14:44:01","SZ","NB",41533735877,52844531018,94378266895,-11310795141
20200714,"14:45:01","SH","NB",30082794707,34539462160,64622256867,-4456667453
20200714,"14:45:01","SZ","NB",41671163493,52987236502,94658399995,-11316073009
20200714,"14:46:01","SZ","NB",41802506220,53125143626,94927649846,-11322637406
20200714,"14:46:01","SH","NB",30200582671,34628822354,64829405025,-4428239683
20200714,"14:47:01","SH","NB",30308607341,34732276710,65040884051,-4423669369
20200714,"14:47:01","SZ","NB",41920616081,53307388668,95228004749,-11386772587
20200714,"14:48:01","SH","NB",30396065464,34914850516,65310915980,-4518785052
20200714,"14:48:01","SZ","NB",42008084345,53548351077,95556435422,-11540266732
20200714,"14:49:01","SH","NB",30477006464,35046387764,65523394228,-4569381300
20200714,"14:49:01","SZ","NB",42087202230,53748020590,95835222820,-11660818360
20200714,"14:50:01","SH","NB",30572720246,35150984601,65723704847,-4578264355
20200714,"14:50:01","SZ","NB",42177772991,53909222152,96086995143,-11731449161
20200714,"14:51:01","SH","NB",30687025592,35304027087,65991052679,-4617001495
20200714,"14:51:01","SZ","NB",42276054981,54102226365,96378281346,-11826171384
20200714,"14:52:01","SZ","NB",42395752812,54327913130,96723665942,-11932160318
20200714,"14:52:01","SH","NB",30833716880,35471769750,66305486630,-4638052870
20200714,"14:53:01","SH","NB",30950056200,35613268285,66563324485,-4663212085
20200714,"14:53:01","SZ","NB",42503951974,54525751043,97029703017,-12021799069
20200714,"14:54:01","SH","NB",31092137428,35737609122,66829746550,-4645471694
20200714,"14:54:01","SZ","NB",42641495385,54693652680,97335148065,-12052157295
20200714,"14:55:01","SH","NB",31215701535,35861838787,67077540322,-4646137252
20200714,"14:55:01","SZ","NB",42782482585,54873275765,97655758350,-12090793180
20200714,"14:56:01","SH","NB",31358989716,36020745222,67379734938,-4661755506
20200714,"14:56:01","SZ","NB",42954773031,55139477794,98094250825,-12184704763
20200714,"14:57:01","SH","NB",31471370094,36174372593,67645742687,-4703002499
20200714,"14:57:01","SZ","NB",43083916661,55297307575,98381224236,-12213390914
20200714,"14:58:01","SH","NB",31471466658,36174372593,67645839251,-4702905935
20200714,"15:00:01","SZ","NB",43185614321,55450079561,98635693882,-12264465240
20200714,"15:01:01","SH","NB",31946068839,36941127083,68887195922,-4995058244
20200714,"15:01:01","SZ","NB",43466209824,55855302030,99321511854,-12389092206
