dataDate,dataTime,connectMarket,tradeDirection,buyTurnover,sellTurnover,totalTurnover,netTurnover
20191209,"09:30:01","SH","NB",75939585,73621078,149560663,2318507
20191209,"09:30:01","SZ","NB",48042166,42550727,90592893,5491439
20191209,"09:31:01","SH","NB",191865995,158515748,350381743,33350247
20191209,"09:31:01","SZ","NB",206554710,186399829,392954539,20154881
20191209,"09:32:01","SH","NB",293233121,240381234,533614355,52851887
20191209,"09:32:01","SZ","NB",368680661,344017246,712697907,24663415
20191209,"09:33:01","SH","NB",437351756,309038143,746389899,128313613
20191209,"09:33:01","SZ","NB",560353524,462035504,1022389028,98318020
20191209,"09:34:01","SH","NB",541426097,399207041,940633138,142219056
20191209,"09:34:01","SZ","NB",737121955,612955178,1350077133,124166777
20191209,"09:35:01","SZ","NB",882680849,713452073,1596132922,169228776
20191209,"09:35:01","SH","NB",647300249,469683719,1116983968,177616530
20191209,"09:36:01","SH","NB",737066953,554004514,1291071467,183062439
20191209,"09:36:01","SZ","NB",1012140710,821902446,1834043156,190238264
20191209,"09:37:01","SH","NB",835186838,639204421,1474391259,195982417
20191209,"09:37:01","SZ","NB",1138129346,968870414,2106999760,169258932
20191209,"09:38:01","SH","NB",915444758,710852205,1626296963,204592553
20191209,"09:38:01","SZ","NB",1239435102,1055727586,2295162688,183707516
20191209,"09:39:01","SZ","NB",1345821281,1175840484,2521661765,169980797
20191209,"09:39:01","SH","NB",1004354487,780101391,1784455878,224253096
20191209,"09:40:01","SH","NB",1073983674,854010138,1927993812,219973536
20191209,"09:40:01","SZ","NB",1443834137,1293315813,2737149950,150518324
20191209,"09:41:01","SH","NB",1167583567,1005263089,2172846656,162320478
20191209,"09:41:01","SZ","NB",1585763185,1468902495,3054665680,116860690
20191209,"09:42:01","SH","NB",1271124304,1059519391,2330643695,211604913
20191209,"09:42:01","SZ","NB",1728260850,1532709690,3260970540,195551160
20191209,"09:43:01","SH","NB",1344545126,1115336467,2459881593,229208659
20191209,"09:43:01","SZ","NB",1810654783,1608308572,3418963355,202346211
20191209,"09:44:01","SZ","NB",1892178519,1681238070,3573416589,210940449
20191209,"09:44:01","SH","NB",1398373886,1176044864,2574418750,222329022
20191209,"09:45:01","SH","NB",1490145340,1233939348,2724084688,256205992
20191209,"09:45:01","SZ","NB",2013979931,1729318356,3743298287,284661575
20191209,"09:46:01","SH","NB",1569180102,1282015698,2851195800,287164404
20191209,"09:46:01","SZ","NB",2170932087,1815103697,3986035784,355828390
20191209,"09:47:01","SH","NB",1617480635,1372637558,2990118193,244843077
20191209,"09:47:01","SZ","NB",2262467841,1912833217,4175301058,349634624
20191209,"09:48:01","SH","NB",1667575117,1435207544,3102782661,232367573
20191209,"09:48:01","SZ","NB",2339310955,1997976049,4337287004,341334906
20191209,"09:49:01","SH","NB",1711571934,1507512897,3219084831,204059037
20191209,"09:49:01","SZ","NB",2421198343,2098762251,4519960594,322436092
20191209,"09:50:01","SH","NB",1763135850,1557507072,3320642922,205628778
20191209,"09:50:01","SZ","NB",2510950072,2167684607,4678634679,343265465
20191209,"09:51:01","SH","NB",1817370759,1616819837,3434190596,200550922
20191209,"09:51:01","SZ","NB",2586041574,2287947392,4873988966,298094182
20191209,"09:52:01","SZ","NB",2664088428,2369511739,5033600167,294576689
20191209,"09:52:01","SH","NB",1877604028,1670644342,3548248370,206959686
20191209,"09:53:01","SH","NB",1919427016,1729177228,3648604244,190249788
20191209,"09:53:01","SZ","NB",2719119386,2467762308,5186881694,251357078
20191209,"09:54:01","SH","NB",1987361852,1781302095,3768663947,206059757
20191209,"09:54:01","SZ","NB",2815315669,2544323321,5359638990,270992348
20191209,"09:55:01","SH","NB",2055567647,1817086749,3872654396,238480898
20191209,"09:55:01","SZ","NB",2895103772,2601739265,5496843037,293364507
20191209,"09:56:01","SH","NB",2114988706,1885100174,4000088880,229888532
20191209,"09:56:01","SZ","NB",2961069371,2698907507,5659976878,262161864
20191209,"09:57:01","SH","NB",2183753122,1931247204,4115000326,252505918
20191209,"09:57:01","SZ","NB",3012255206,2798035114,5810290320,214220092
20191209,"09:58:01","SH","NB",2244181045,1963061956,4207243001,281119089
20191209,"09:58:01","SZ","NB",3067930591,2853302927,5921233518,214627664
20191209,"09:59:01","SH","NB",2304642577,1996496118,4301138695,308146459
20191209,"09:59:01","SZ","NB",3117681095,2898340585,6016021680,219340510
20191209,"10:00:01","SZ","NB",3183687023,2947557007,6131244030,236130016
20191209,"10:00:01","SH","NB",2357975326,2039869125,4397844451,318106201
20191209,"10:01:01","SH","NB",2427816473,2087172746,4514989219,340643727
20191209,"10:01:01","SZ","NB",3250792457,3018373693,6269166150,232418764
20191209,"10:02:01","SH","NB",2521174586,2131696833,4652871419,389477753
20191209,"10:02:01","SZ","NB",3360897073,3084664380,6445561453,276232693
20191209,"10:03:01","SZ","NB",3420612248,3158391630,6579003878,262220618
20191209,"10:03:01","SH","NB",2578065132,2164882832,4742947964,413182300
20191209,"10:04:01","SH","NB",2631014002,2197464270,4828478272,433549732
20191209,"10:04:01","SZ","NB",3476638415,3222887160,6699525575,253751255
20191209,"10:05:01","SH","NB",2671627680,2229491822,4901119502,442135858
20191209,"10:05:01","SZ","NB",3519177586,3307552386,6826729972,211625200
20191209,"10:06:01","SH","NB",2713230262,2273983331,4987213593,439246931
20191209,"10:06:01","SZ","NB",3563888139,3415363466,6979251605,148524673
20191209,"10:07:01","SH","NB",2755003183,2312357911,5067361094,442645272
20191209,"10:07:01","SZ","NB",3599896708,3495011772,7094908480,104884936
20191209,"10:08:01","SZ","NB",3633484077,3565939727,7199423804,67544350
20191209,"10:08:01","SH","NB",2789371526,2348357083,5137728609,441014443
20191209,"10:09:01","SH","NB",2824655829,2376714533,5201370362,447941296
20191209,"10:09:01","SZ","NB",3674353448,3625083239,7299436687,49270209
20191209,"10:10:01","SH","NB",2862586632,2412829847,5275416479,449756785
20191209,"10:10:01","SZ","NB",3716221800,3670666774,7386888574,45555026
20191209,"10:11:01","SH","NB",2902054484,2456236112,5358290596,445818372
20191209,"10:11:01","SZ","NB",3772860344,3749392248,7522252592,23468096
20191209,"10:12:01","SH","NB",2942816796,2493156774,5435973570,449660022
20191209,"10:12:01","SZ","NB",3832355898,3795104011,7627459909,37251887
20191209,"10:13:01","SH","NB",3005754737,2531819546,5537574283,473935191
20191209,"10:13:01","SZ","NB",3900261552,3828620808,7728882360,71640744
20191209,"10:14:01","SH","NB",3075873662,2553890883,5629764545,521982779
20191209,"10:14:01","SZ","NB",3983840972,3869147524,7852988496,114693448
20191209,"10:15:01","SH","NB",3116286085,2579759833,5696045918,536526252
20191209,"10:15:01","SZ","NB",4041516293,3913573211,7955089504,127943082
20191209,"10:16:01","SZ","NB",4097617002,3951461250,8049078252,146155752
20191209,"10:16:01","SH","NB",3168558574,2613839909,5782398483,554718665
20191209,"10:17:01","SH","NB",3283910735,2646678221,5930588956,637232514
20191209,"10:17:01","SZ","NB",4150445578,3995595941,8146041519,154849637
20191209,"10:18:01","SH","NB",3329250939,2677748482,6006999421,651502457
20191209,"10:18:01","SZ","NB",4193878217,4039579213,8233457430,154299004
20191209,"10:19:01","SH","NB",3372440121,2701283619,6073723740,671156502
20191209,"10:19:01","SZ","NB",4227062106,4075184192,8302246298,151877914
20191209,"10:20:01","SH","NB",3423122331,2738004340,6161126671,685117991
20191209,"10:20:01","SZ","NB",4267739685,4107649723,8375389408,160089962
20191209,"10:21:01","SH","NB",3517539387,2772744201,6290283588,744795186
20191209,"10:21:01","SZ","NB",4334677175,4147164013,8481841188,187513162
20191209,"10:22:01","SH","NB",3603354490,2807204137,6410558627,796150353
20191209,"10:22:01","SZ","NB",4403596714,4186909053,8590505767,216687661
20191209,"10:23:01","SH","NB",3647551606,2838453526,6486005132,809098080
20191209,"10:23:01","SZ","NB",4457203021,4228699686,8685902707,228503335
20191209,"10:24:01","SH","NB",3706877935,2866625991,6573503926,840251944
20191209,"10:24:01","SZ","NB",4496842694,4264974064,8761816758,231868630
20191209,"10:25:01","SZ","NB",4579058969,4306787290,8885846259,272271679
20191209,"10:25:01","SH","NB",3814233649,2896044374,6710278023,918189275
20191209,"10:26:01","SH","NB",3862185182,2933789223,6795974405,928395959
20191209,"10:26:01","SZ","NB",4624995099,4363802574,8988797673,261192525
20191209,"10:27:01","SH","NB",3895201812,2962061139,6857262951,933140673
20191209,"10:27:01","SZ","NB",4664954668,4394478819,9059433487,270475849
20191209,"10:28:01","SH","NB",3934296736,2986946968,6921243704,947349768
20191209,"10:28:01","SZ","NB",4696780690,4427980603,9124761293,268800087
20191209,"10:29:01","SH","NB",3963518001,3008042575,6971560576,955475426
20191209,"10:29:01","SZ","NB",4725937618,4455163367,9181100985,270774251
20191209,"10:30:01","SH","NB",3993897988,3024574036,7018472024,969323952
20191209,"10:30:01","SZ","NB",4761886019,4474216485,9236102504,287669534
20191209,"10:31:01","SH","NB",4038184284,3048092172,7086276456,990092112
20191209,"10:31:01","SZ","NB",4805440216,4512005089,9317445305,293435127
20191209,"10:32:01","SH","NB",4098328442,3080484352,7178812794,1017844090
20191209,"10:32:01","SZ","NB",4848271637,4551115272,9399386909,297156365
20191209,"10:33:01","SZ","NB",4909395050,4587309067,9496704117,322085983
20191209,"10:33:01","SH","NB",4141087004,3100997520,7242084524,1040089484
20191209,"10:34:01","SH","NB",4214328609,3120870426,7335199035,1093458183
20191209,"10:34:01","SZ","NB",4980646434,4611623865,9592270299,369022569
20191209,"10:35:01","SH","NB",4297321529,3143347283,7440668812,1153974246
20191209,"10:35:01","SZ","NB",5047732683,4642150390,9689883073,405582293
20191209,"10:36:01","SH","NB",4347516777,3169436583,7516953360,1178080194
20191209,"10:36:01","SZ","NB",5089193864,4685977585,9775171449,403216279
20191209,"10:37:01","SZ","NB",5124308393,4723001285,9847309678,401307108
20191209,"10:37:01","SH","NB",4382754652,3189913797,7572668449,1192840855
20191209,"10:38:01","SH","NB",4431007407,3222744393,7653751800,1208263014
20191209,"10:38:01","SZ","NB",5165354815,4770097971,9935452786,395256844
20191209,"10:39:01","SH","NB",4469405135,3248136270,7717541405,1221268865
20191209,"10:39:01","SZ","NB",5193537097,4818856922,10012394019,374680175
20191209,"10:40:01","SH","NB",4504112835,3274097381,7778210216,1230015454
20191209,"10:40:01","SZ","NB",5222544708,4847963622,10070508330,374581086
20191209,"10:41:01","SH","NB",4554055402,3312469594,7866524996,1241585808
20191209,"10:41:01","SZ","NB",5262479962,4886579552,10149059514,375900410
20191209,"10:42:01","SH","NB",4612604195,3332068234,7944672429,1280535961
20191209,"10:42:01","SZ","NB",5333922430,4914744288,10248666718,419178142
20191209,"10:43:01","SH","NB",4645761700,3352371423,7998133123,1293390277
20191209,"10:43:01","SZ","NB",5376888400,4958067467,10334955867,418820933
20191209,"10:44:01","SZ","NB",5411371672,5021780418,10433152090,389591254
20191209,"10:44:01","SH","NB",4681665092,3380890330,8062555422,1300774762
20191209,"10:45:01","SH","NB",4707783991,3405526643,8113310634,1302257348
20191209,"10:45:01","SZ","NB",5441445697,5058392849,10499838546,383052848
20191209,"10:46:01","SH","NB",4733992217,3431994828,8165987045,1301997389
20191209,"10:46:01","SZ","NB",5475117906,5094292152,10569410058,380825754
20191209,"10:47:01","SH","NB",4759610729,3452105519,8211716248,1307505210
20191209,"10:47:01","SZ","NB",5499158389,5122857594,10622015983,376300795
20191209,"10:48:01","SH","NB",4785933981,3471450862,8257384843,1314483119
20191209,"10:48:01","SZ","NB",5523477866,5148047993,10671525859,375429873
20191209,"10:49:01","SH","NB",4814915705,3487809595,8302725300,1327106110
20191209,"10:49:01","SZ","NB",5558980672,5171764896,10730745568,387215776
20191209,"10:50:01","SH","NB",4856680800,3501838301,8358519101,1354842499
20191209,"10:50:01","SZ","NB",5599252513,5193261797,10792514310,405990716
20191209,"10:51:01","SH","NB",4902549580,3527773319,8430322899,1374776261
20191209,"10:51:01","SZ","NB",5666291130,5235394440,10901685570,430896690
20191209,"10:52:01","SH","NB",4929659177,3574465829,8504125006,1355193348
20191209,"10:52:01","SZ","NB",5703010765,5307617893,11010628658,395392872
20191209,"10:53:01","SH","NB",4955738750,3597635133,8553373883,1358103617
20191209,"10:53:01","SZ","NB",5734689021,5347132491,11081821512,387556530
20191209,"10:54:01","SZ","NB",5775293042,5373347648,11148640690,401945394
20191209,"10:54:01","SH","NB",4981904958,3617821988,8599726946,1364082970
20191209,"10:55:01","SH","NB",5017633145,3634810211,8652443356,1382822934
20191209,"10:55:01","SZ","NB",5809103735,5411494546,11220598281,397609189
20191209,"10:56:01","SH","NB",5045920326,3653109182,8699029508,1392811144
20191209,"10:56:01","SZ","NB",5838302729,5428941080,11267243809,409361649
20191209,"10:57:01","SH","NB",5097426235,3670381452,8767807687,1427044783
20191209,"10:57:01","SZ","NB",5865013718,5463883250,11328896968,401130468
20191209,"10:58:01","SH","NB",5130394745,3687652996,8818047741,1442741749
20191209,"10:58:01","SZ","NB",5890620931,5483099622,11373720553,407521309
20191209,"10:59:01","SH","NB",5153223660,3715353371,8868577031,1437870289
20191209,"10:59:01","SZ","NB",5918878469,5509872670,11428751139,409005799
20191209,"11:00:01","SH","NB",5171610597,3748787052,8920397649,1422823545
20191209,"11:00:01","SZ","NB",5944507924,5542840252,11487348176,401667672
20191209,"11:01:01","SH","NB",5238803590,3768149263,9006952853,1470654327
20191209,"11:01:01","SZ","NB",5997949666,5573680519,11571630185,424269147
20191209,"11:02:01","SZ","NB",6041585432,5600791196,11642376628,440794236
20191209,"11:02:01","SH","NB",5281627274,3784323021,9065950295,1497304253
20191209,"11:03:01","SH","NB",5305356135,3805396647,9110752782,1499959488
20191209,"11:03:01","SZ","NB",6070335963,5623128887,11693464850,447207076
20191209,"11:04:01","SH","NB",5344704716,3819036109,9163740825,1525668607
20191209,"11:04:01","SZ","NB",6097302437,5638018746,11735321183,459283691
20191209,"11:05:01","SH","NB",5376902505,3834017832,9210920337,1542884673
20191209,"11:05:01","SZ","NB",6128329750,5669142258,11797472008,459187492
20191209,"11:06:01","SH","NB",5403202893,3852591469,9255794362,1550611424
20191209,"11:06:01","SZ","NB",6162014255,5697562266,11859576521,464451989
20191209,"11:07:01","SH","NB",5433640366,3875428966,9309069332,1558211400
20191209,"11:07:01","SZ","NB",6184182871,5721801273,11905984144,462381598
20191209,"11:08:01","SH","NB",5470512140,3898820402,9369332542,1571691738
20191209,"11:08:01","SZ","NB",6214535632,5746985100,11961520732,467550532
20191209,"11:09:01","SH","NB",5504640583,3915120056,9419760639,1589520527
20191209,"11:09:01","SZ","NB",6245009271,5768033175,12013042446,476976096
20191209,"11:10:01","SZ","NB",6272719099,5808443703,12081162802,464275396
20191209,"11:10:01","SH","NB",5526695093,3945590907,9472286000,1581104186
20191209,"11:11:01","SH","NB",5556874749,3973832684,9530707433,1583042065
20191209,"11:11:01","SZ","NB",6320304507,5848030652,12168335159,472273855
20191209,"11:12:01","SH","NB",5576567199,3996534874,9573102073,1580032325
20191209,"11:12:01","SZ","NB",6353530143,5880452396,12233982539,473077747
20191209,"11:13:01","SH","NB",5598547570,4017497168,9616044738,1581050402
20191209,"11:13:01","SZ","NB",6377493625,5910337378,12287831003,467156247
20191209,"11:14:01","SH","NB",5644826908,4039763627,9684590535,1605063281
20191209,"11:14:01","SZ","NB",6414943533,5928940541,12343884074,486002992
20191209,"11:15:01","SH","NB",5669072818,4054493371,9723566189,1614579447
20191209,"11:15:01","SZ","NB",6441428833,5943362121,12384790954,498066712
20191209,"11:16:01","SZ","NB",6470265458,5962660077,12432925535,507605381
20191209,"11:16:01","SH","NB",5692197552,4068492585,9760690137,1623704967
20191209,"11:17:01","SH","NB",5713127930,4080692977,9793820907,1632434953
20191209,"11:17:01","SZ","NB",6495219497,5979870612,12475090109,515348885
20191209,"11:18:01","SH","NB",5743552023,4095142341,9838694364,1648409682
20191209,"11:18:01","SZ","NB",6531045761,5996902398,12527948159,534143363
20191209,"11:19:01","SH","NB",5774666217,4109946592,9884612809,1664719625
20191209,"11:19:01","SZ","NB",6565328008,6012333851,12577661859,552994157
20191209,"11:20:01","SH","NB",5797413920,4131161305,9928575225,1666252615
20191209,"11:20:01","SZ","NB",6592555592,6035284443,12627840035,557271149
20191209,"11:21:01","SZ","NB",6622484480,6060657523,12683142003,561826957
20191209,"11:21:01","SH","NB",5830874086,4148363387,9979237473,1682510699
20191209,"11:22:01","SH","NB",5855035955,4167241723,10022277678,1687794232
20191209,"11:22:01","SZ","NB",6643495321,6083528170,12727023491,559967151
20191209,"11:23:01","SH","NB",5873922267,4191705579,10065627846,1682216688
20191209,"11:23:01","SZ","NB",6667450715,6131782472,12799233187,535668243
20191209,"11:24:01","SZ","NB",6693764861,6159642350,12853407211,534122511
20191209,"11:24:01","SH","NB",5893684162,4205185341,10098869503,1688498821
20191209,"11:25:01","SH","NB",5915707756,4219133251,10134841007,1696574505
20191209,"11:25:01","SZ","NB",6716774571,6180886102,12897660673,535888469
20191209,"11:26:01","SH","NB",5947605807,4233424626,10181030433,1714181181
20191209,"11:26:01","SZ","NB",6738474128,6215976284,12954450412,522497844
20191209,"11:27:01","SH","NB",5973009558,4248125850,10221135408,1724883708
20191209,"11:27:01","SZ","NB",6766901024,6236970424,13003871448,529930600
20191209,"11:28:01","SH","NB",6007699302,4258217211,10265916513,1749482091
20191209,"11:28:01","SZ","NB",6786873469,6263114751,13049988220,523758718
20191209,"11:29:01","SH","NB",6029772071,4271386515,10301158586,1758385556
20191209,"11:29:01","SZ","NB",6805690785,6279003352,13084694137,526687433
20191209,"11:30:01","SH","NB",6043429077,4283715058,10327144135,1759714019
20191209,"11:30:01","SZ","NB",6820351802,6297886854,13118238656,522464948
20191209,"11:31:01","SH","NB",6043597194,4283788209,10327385403,1759808985
20191209,"11:31:01","SZ","NB",6820402396,6297928814,13118331210,522473582
20191209,"13:01:01","SZ","NB",6910346620,6374494636,13284841256,535851984
20191209,"13:01:01","SH","NB",6085769306,4331995426,10417764732,1753773880
20191209,"13:02:01","SH","NB",6107090097,4355167439,10462257536,1751922658
20191209,"13:02:01","SZ","NB",6941128387,6402152662,13343281049,538975725
20191209,"13:03:01","SH","NB",6126549042,4378627286,10505176328,1747921756
20191209,"13:03:01","SZ","NB",6966883582,6432569968,13399453550,534313614
20191209,"13:04:01","SH","NB",6151464227,4398502440,10549966667,1752961787
20191209,"13:04:01","SZ","NB",6996129839,6454830290,13450960129,541299549
20191209,"13:05:01","SH","NB",6174551145,4421981284,10596532429,1752569861
20191209,"13:05:01","SZ","NB",7021349218,6477874447,13499223665,543474771
20191209,"13:06:01","SZ","NB",7043160061,6504580581,13547740642,538579480
20191209,"13:06:01","SH","NB",6197489813,4445414538,10642904351,1752075275
20191209,"13:07:01","SH","NB",6217424832,4465768215,10683193047,1751656617
20191209,"13:07:01","SZ","NB",7069719747,6531101570,13600821317,538618177
20191209,"13:08:01","SH","NB",6235955773,4485992500,10721948273,1749963273
20191209,"13:08:01","SZ","NB",7097817344,6550852030,13648669374,546965314
20191209,"13:09:01","SH","NB",6259137769,4510674682,10769812451,1748463087
20191209,"13:09:01","SZ","NB",7127939539,6575518830,13703458369,552420709
20191209,"13:10:01","SH","NB",6276745651,4530719626,10807465277,1746026025
20191209,"13:10:01","SZ","NB",7149760962,6599263027,13749023989,550497935
20191209,"13:11:01","SH","NB",6308912893,4557995881,10866908774,1750917012
20191209,"13:11:01","SZ","NB",7175537645,6631506617,13807044262,544031028
20191209,"13:12:01","SH","NB",6338256835,4580115114,10918371949,1758141721
20191209,"13:12:01","SZ","NB",7208955870,6652904361,13861860231,556051509
20191209,"13:13:01","SH","NB",6358588374,4599036959,10957625333,1759551415
20191209,"13:13:01","SZ","NB",7234743415,6673673150,13908416565,561070265
20191209,"13:14:01","SZ","NB",7258522172,6697330960,13955853132,561191212
20191209,"13:14:01","SH","NB",6380579370,4622835478,11003414848,1757743892
20191209,"13:15:01","SH","NB",6399224593,4639887486,11039112079,1759337107
20191209,"13:15:01","SZ","NB",7282467829,6723885962,14006353791,558581867
20191209,"13:16:01","SH","NB",6419690209,4657489348,11077179557,1762200861
20191209,"13:16:01","SZ","NB",7304877780,6740874396,14045752176,564003384
20191209,"13:17:01","SH","NB",6438378085,4675837177,11114215262,1762540908
20191209,"13:17:01","SZ","NB",7332143321,6759951828,14092095149,572191493
20191209,"13:18:01","SH","NB",6458618564,4693143869,11151762433,1765474695
20191209,"13:18:01","SZ","NB",7355573428,6778027425,14133600853,577546003
20191209,"13:19:01","SH","NB",6490256683,4711555731,11201812414,1778700952
20191209,"13:19:01","SZ","NB",7378782734,6799718840,14178501574,579063894
20191209,"13:20:01","SZ","NB",7404463422,6822572788,14227036210,581890634
20191209,"13:20:01","SH","NB",6509587742,4729351202,11238938944,1780236540
20191209,"13:21:01","SH","NB",6530592180,4756029325,11286621505,1774562855
20191209,"13:21:01","SZ","NB",7428010060,6861536837,14289546897,566473223
20191209,"13:22:01","SH","NB",6554405144,4775191573,11329596717,1779213571
20191209,"13:22:01","SZ","NB",7457157110,6882958077,14340115187,574199033
20191209,"13:23:01","SH","NB",6581406242,4795335262,11376741504,1786070980
20191209,"13:23:01","SZ","NB",7490609883,6901288844,14391898727,589321039
20191209,"13:24:01","SH","NB",6602342042,4813071598,11415413640,1789270444
20191209,"13:24:01","SZ","NB",7512076892,6920257667,14432334559,591819225
20191209,"13:25:01","SH","NB",6620529378,4831515727,11452045105,1789013651
20191209,"13:25:01","SZ","NB",7536692040,6945204400,14481896440,591487640
20191209,"13:26:01","SH","NB",6642359047,4851566045,11493925092,1790793002
20191209,"13:26:01","SZ","NB",7567372265,6967455905,14534828170,599916360
20191209,"13:27:01","SH","NB",6666028343,4871971915,11538000258,1794056428
20191209,"13:27:01","SZ","NB",7591038215,6988177749,14579215964,602860466
20191209,"13:28:01","SH","NB",6692540503,4889420805,11581961308,1803119698
20191209,"13:28:01","SZ","NB",7614124362,7009131599,14623255961,604992763
20191209,"13:29:01","SZ","NB",7640701477,7028619567,14669321044,612081910
20191209,"13:29:01","SH","NB",6720928060,4908472507,11629400567,1812455553
20191209,"13:30:01","SH","NB",6756610338,4932282028,11688892366,1824328310
20191209,"13:30:01","SZ","NB",7676513827,7053322285,14729836112,623191542
20191209,"13:31:01","SH","NB",6824640778,4958584245,11783225023,1866056533
20191209,"13:31:01","SZ","NB",7715516032,7080576407,14796092439,634939625
20191209,"13:32:01","SH","NB",6872922904,4985849231,11858772135,1887073673
20191209,"13:32:01","SZ","NB",7753767341,7108430277,14862197618,645337064
20191209,"13:33:01","SH","NB",6899090908,5010573361,11909664269,1888517547
20191209,"13:33:01","SZ","NB",7779908967,7128274125,14908183092,651634842
20191209,"13:34:01","SH","NB",6918302986,5032937328,11951240314,1885365658
20191209,"13:34:01","SZ","NB",7806153686,7150484758,14956638444,655668928
20191209,"13:35:01","SH","NB",6940084818,5055769230,11995854048,1884315588
20191209,"13:35:01","SZ","NB",7829300380,7173017695,15002318075,656282685
20191209,"13:36:01","SH","NB",6957564206,5076359703,12033923909,1881204503
20191209,"13:36:01","SZ","NB",7848971995,7196501525,15045473520,652470470
20191209,"13:37:01","SH","NB",6977564102,5090893444,12068457546,1886670658
20191209,"13:37:01","SZ","NB",7869042692,7220950301,15089992993,648092391
20191209,"13:38:01","SH","NB",6998330546,5113958815,12112289361,1884371731
20191209,"13:38:01","SZ","NB",7897535339,7246015358,15143550697,651519981
20191209,"13:39:01","SZ","NB",7918337667,7260690829,15179028496,657646838
20191209,"13:39:01","SH","NB",7019451977,5129761790,12149213767,1889690187
20191209,"13:40:01","SH","NB",7041824380,5149290895,12191115275,1892533485
20191209,"13:40:01","SZ","NB",7940198162,7282048845,15222247007,658149317
20191209,"13:41:01","SH","NB",7065464237,5181362022,12246826259,1884102215
20191209,"13:41:01","SZ","NB",7966613899,7325642309,15292256208,640971590
20191209,"13:42:01","SH","NB",7086111093,5201751769,12287862862,1884359324
20191209,"13:42:01","SZ","NB",7990640275,7348650819,15339291094,641989456
20191209,"13:43:01","SH","NB",7111052488,5218413810,12329466298,1892638678
20191209,"13:43:01","SZ","NB",8019374530,7372100447,15391474977,647274083
20191209,"13:44:01","SZ","NB",8053081708,7398194996,15451276704,654886712
20191209,"13:44:01","SH","NB",7135677321,5236760987,12372438308,1898916334
20191209,"13:45:01","SH","NB",7167346397,5259654164,12427000561,1907692233
20191209,"13:45:01","SZ","NB",8080205701,7418982428,15499188129,661223273
20191209,"13:46:01","SH","NB",7192055687,5277603248,12469658935,1914452439
20191209,"13:46:01","SZ","NB",8106241530,7448152256,15554393786,658089274
20191209,"13:47:01","SH","NB",7215639691,5294784920,12510424611,1920854771
20191209,"13:47:01","SZ","NB",8133792595,7471175796,15604968391,662616799
20191209,"13:48:01","SH","NB",7241674398,5314061570,12555735968,1927612828
20191209,"13:48:01","SZ","NB",8154903694,7488429337,15643333031,666474357
20191209,"13:49:01","SH","NB",7262501153,5331844940,12594346093,1930656213
20191209,"13:49:01","SZ","NB",8177016312,7510848342,15687864654,666167970
20191209,"13:50:01","SH","NB",7281763947,5358779757,12640543704,1922984190
20191209,"13:50:01","SZ","NB",8198878462,7541813732,15740692194,657064730
20191209,"13:51:01","SZ","NB",8224141428,7579038434,15803179862,645102994
20191209,"13:51:01","SH","NB",7303778952,5386952320,12690731272,1916826632
20191209,"13:52:01","SH","NB",7323350257,5406052701,12729402958,1917297556
20191209,"13:52:01","SZ","NB",8252239627,7618987087,15871226714,633252540
20191209,"13:53:01","SH","NB",7353649886,5423267326,12776917212,1930382560
20191209,"13:53:01","SZ","NB",8280269130,7644981763,15925250893,635287367
20191209,"13:54:01","SH","NB",7376508371,5441729120,12818237491,1934779251
20191209,"13:54:01","SZ","NB",8308619957,7669640866,15978260823,638979091
20191209,"13:55:01","SH","NB",7397312115,5463747111,12861059226,1933565004
20191209,"13:55:01","SZ","NB",8333796749,7695325183,16029121932,638471566
20191209,"13:56:01","SZ","NB",8357257071,7714170024,16071427095,643087047
20191209,"13:56:01","SH","NB",7416383690,5482820420,12899204110,1933563270
20191209,"13:57:01","SH","NB",7441114184,5506932236,12948046420,1934181948
20191209,"13:57:01","SZ","NB",8378460457,7739781884,16118242341,638678573
20191209,"13:58:01","SH","NB",7461475703,5526166964,12987642667,1935308739
20191209,"13:58:01","SZ","NB",8412304297,7760828326,16173132623,651475971
20191209,"13:59:01","SH","NB",7485388924,5545516379,13030905303,1939872545
20191209,"13:59:01","SZ","NB",8442657952,7783577891,16226235843,659080061
20191209,"14:00:01","SH","NB",7508716654,5568907434,13077624088,1939809220
20191209,"14:00:01","SZ","NB",8469462704,7802357066,16271819770,667105638
20191209,"14:01:01","SH","NB",7542705702,5593180229,13135885931,1949525473
20191209,"14:01:01","SZ","NB",8505324088,7837235332,16342559420,668088756
20191209,"14:02:01","SH","NB",7564771046,5614527661,13179298707,1950243385
20191209,"14:02:01","SZ","NB",8533460344,7879514347,16412974691,653945997
20191209,"14:03:01","SH","NB",7591542080,5641309032,13232851112,1950233048
20191209,"14:03:01","SZ","NB",8557888511,7921912006,16479800517,635976505
20191209,"14:04:01","SZ","NB",8597076119,7960431165,16557507284,636644954
20191209,"14:04:01","SH","NB",7622814260,5679618187,13302432447,1943196073
20191209,"14:05:01","SH","NB",7646394614,5709996449,13356391063,1936398165
20191209,"14:05:01","SZ","NB",8629374823,7989918867,16619293690,639455956
20191209,"14:06:01","SH","NB",7666871736,5732607360,13399479096,1934264376
20191209,"14:06:01","SZ","NB",8655987322,8016362592,16672349914,639624730
20191209,"14:07:01","SH","NB",7694785343,5755350416,13450135759,1939434927
20191209,"14:07:01","SZ","NB",8687946172,8044168265,16732114437,643777907
20191209,"14:08:01","SH","NB",7726193165,5778861674,13505054839,1947331491
20191209,"14:08:01","SZ","NB",8716844214,8063430287,16780274501,653413927
20191209,"14:09:01","SH","NB",7753685192,5806886545,13560571737,1946798647
20191209,"14:09:01","SZ","NB",8740656481,8091738346,16832394827,648918135
20191209,"14:10:01","SH","NB",7798592907,5828464526,13627057433,1970128381
20191209,"14:10:01","SZ","NB",8762188598,8114643105,16876831703,647545493
20191209,"14:11:01","SH","NB",7835329081,5849873786,13685202867,1985455295
20191209,"14:11:01","SZ","NB",8805327487,8139742846,16945070333,665584641
20191209,"14:12:01","SH","NB",7870095406,5874220348,13744315754,1995875058
20191209,"14:12:01","SZ","NB",8840887936,8166017569,17006905505,674870367
20191209,"14:13:01","SZ","NB",8869215232,8193587456,17062802688,675627776
20191209,"14:13:01","SH","NB",7898464691,5898368998,13796833689,2000095693
20191209,"14:14:01","SH","NB",7923888739,5923517493,13847406232,2000371246
20191209,"14:14:01","SZ","NB",8902522087,8219622720,17122144807,682899367
20191209,"14:15:01","SH","NB",7949618043,5944074936,13893692979,2005543107
20191209,"14:15:01","SZ","NB",8925551032,8240103604,17165654636,685447428
20191209,"14:16:01","SH","NB",8006513602,5969528748,13976042350,2036984854
20191209,"14:16:01","SZ","NB",8972236150,8265925302,17238161452,706310848
20191209,"14:17:01","SH","NB",8056965895,5993520591,14050486486,2063445304
20191209,"14:17:01","SZ","NB",9014496236,8290683085,17305179321,723813151
20191209,"14:18:01","SH","NB",8096798684,6010896063,14107694747,2085902621
20191209,"14:18:01","SZ","NB",9049291494,8315374036,17364665530,733917458
20191209,"14:19:01","SH","NB",8127396607,6038388541,14165785148,2089008066
20191209,"14:19:01","SZ","NB",9078744189,8338057727,17416801916,740686462
20191209,"14:20:01","SH","NB",8159847218,6058772274,14218619492,2101074944
20191209,"14:20:01","SZ","NB",9105224178,8367557320,17472781498,737666858
20191209,"14:21:01","SH","NB",8203183900,6086319422,14289503322,2116864478
20191209,"14:21:01","SZ","NB",9138763715,8406621426,17545385141,732142289
20191209,"14:22:01","SZ","NB",9174345486,8435482023,17609827509,738863463
20191209,"14:22:01","SH","NB",8243876098,6111611984,14355488082,2132264114
20191209,"14:23:01","SH","NB",8306963205,6135078613,14442041818,2171884592
20191209,"14:23:01","SZ","NB",9222194816,8480641541,17702836357,741553275
20191209,"14:24:01","SH","NB",8341852053,6156692843,14498544896,2185159210
20191209,"14:24:01","SZ","NB",9252203854,8505252594,17757456448,746951260
20191209,"14:25:01","SH","NB",8377392685,6177400867,14554793552,2199991818
20191209,"14:25:01","SZ","NB",9283722981,8529173438,17812896419,754549543
20191209,"14:26:01","SH","NB",8406733617,6199029489,14605763106,2207704128
20191209,"14:26:01","SZ","NB",9315437884,8555598480,17871036364,759839404
20191209,"14:27:01","SH","NB",8436825366,6228882005,14665707371,2207943361
20191209,"14:27:01","SZ","NB",9347494519,8580641422,17928135941,766853097
20191209,"14:28:01","SH","NB",8472690270,6250498094,14723188364,2222192176
20191209,"14:28:01","SZ","NB",9384792741,8612965715,17997758456,771827026
20191209,"14:29:01","SH","NB",8506044166,6276768346,14782812512,2229275820
20191209,"14:29:01","SZ","NB",9417412023,8635655039,18053067062,781756984
20191209,"14:30:01","SZ","NB",9448319334,8661839539,18110158873,786479795
20191209,"14:30:01","SH","NB",8541609664,6301397295,14843006959,2240212369
20191209,"14:31:01","SH","NB",8687584763,6360766733,15048351496,2326818030
20191209,"14:31:01","SZ","NB",9534498302,8709934669,18244432971,824563633
20191209,"14:32:01","SH","NB",8726372332,6403108330,15129480662,2323264002
20191209,"14:32:01","SZ","NB",9576269655,8762035502,18338305157,814234153
20191209,"14:33:01","SH","NB",8769166903,6439497627,15208664530,2329669276
20191209,"14:33:01","SZ","NB",9616786296,8805117508,18421903804,811668788
20191209,"14:34:01","SH","NB",8803591959,6476929099,15280521058,2326662860
20191209,"14:34:01","SZ","NB",9658602279,8855790949,18514393228,802811330
20191209,"14:35:01","SZ","NB",9695398177,8899992421,18595390598,795405756
20191209,"14:35:01","SH","NB",8840498212,6515481597,15355979809,2325016615
20191209,"14:36:01","SH","NB",8873791724,6546421237,15420212961,2327370487
20191209,"14:36:01","SZ","NB",9737561362,8939385494,18676946856,798175868
20191209,"14:37:01","SH","NB",8911384877,6579510946,15490895823,2331873931
20191209,"14:37:01","SZ","NB",9774522969,8979830070,18754353039,794692899
20191209,"14:38:01","SH","NB",8951645014,6609602373,15561247387,2342042641
20191209,"14:38:01","SZ","NB",9809408428,9011565030,18820973458,797843398
20191209,"14:39:01","SH","NB",8988039239,6641863752,15629902991,2346175487
20191209,"14:39:01","SZ","NB",9846770746,9044933100,18891703846,801837646
20191209,"14:40:01","SH","NB",9026314440,6677129709,15703444149,2349184731
20191209,"14:40:01","SZ","NB",9880225719,9095076480,18975302199,785149239
20191209,"14:41:01","SZ","NB",9922812257,9141643936,19064456193,781168321
20191209,"14:41:01","SH","NB",9090532883,6722642162,15813175045,2367890721
20191209,"14:42:01","SH","NB",9126493283,6764246000,15890739283,2362247283
20191209,"14:42:01","SZ","NB",9955406106,9183458597,19138864703,771947509
20191209,"14:43:01","SH","NB",9165555151,6800168302,15965723453,2365386849
20191209,"14:43:01","SZ","NB",9990426075,9212983918,19203409993,777442157
20191209,"14:44:01","SH","NB",9207658090,6839033942,16046692032,2368624148
20191209,"14:44:01","SZ","NB",10034648105,9248644567,19283292672,786003538
20191209,"14:45:01","SH","NB",9272009607,6883149135,16155158742,2388860472
20191209,"14:45:01","SZ","NB",10084548075,9282842884,19367390959,801705191
20191209,"14:46:01","SH","NB",9332818929,6926864327,16259683256,2405954602
20191209,"14:46:01","SZ","NB",10139254990,9328271854,19467526844,810983136
20191209,"14:47:01","SH","NB",9380567957,6967219473,16347787430,2413348484
20191209,"14:47:01","SZ","NB",10181965039,9362543933,19544508972,819421106
20191209,"14:48:01","SH","NB",9423663335,7004867270,16428530605,2418796065
20191209,"14:48:01","SZ","NB",10216224046,9401253664,19617477710,814970382
20191209,"14:49:01","SH","NB",9463978041,7042146708,16506124749,2421831333
20191209,"14:49:01","SZ","NB",10261468141,9451079424,19712547565,810388717
20191209,"14:50:01","SH","NB",9530113863,7084532820,16614646683,2445581043
20191209,"14:50:01","SZ","NB",10313822271,9493059865,19806882136,820762406
20191209,"14:51:01","SZ","NB",10385290282,9546538056,19931828338,838752226
20191209,"14:51:01","SH","NB",9590659071,7141079624,16731738695,2449579447
20191209,"14:52:01","SH","NB",9633859001,7193725915,16827584916,2440133086
20191209,"14:52:01","SZ","NB",10436691203,9594126566,20030817769,842564637
20191209,"14:53:01","SH","NB",9751737773,7262286349,17014024122,2489451424
20191209,"14:53:01","SZ","NB",10498195837,9662265547,20160461384,835930290
20191209,"14:54:01","SH","NB",9810010443,7329986800,17139997243,2480023643
20191209,"14:54:01","SZ","NB",10552490993,9725108656,20277599649,827382337
20191209,"14:55:01","SH","NB",9862748858,7379783205,17242532063,2482965653
20191209,"14:55:01","SZ","NB",10598391145,9777842277,20376233422,820548868
20191209,"14:56:01","SH","NB",9974735691,7448675082,17423410773,2526060609
20191209,"14:56:01","SZ","NB",10660236191,9831352518,20491588709,828883673
20191209,"14:57:01","SH","NB",10035699609,7492213727,17527913336,2543485882
20191209,"14:57:01","SZ","NB",10714156862,9877811334,20591968196,836345528
20191209,"14:58:01","SH","NB",10035821219,7492291568,17528112787,2543529651
20191209,"14:58:01","SZ","NB",10715620107,9878291560,20593911667,837328547
20191209,"15:01:01","SH","NB",10200322339,7632743694,17833066033,2567578645
20191209,"15:01:01","SZ","NB",10866668163,10043466134,20910134297,823202029
