dataDate,dataTime,connectMarket,tradeDirection,buyTurnover,sellTurnover,totalTurnover,netTurnover
20191031,"09:30:01","SH","NB",43070139,96620149,139690288,-53550010
20191031,"09:30:01","SZ","NB",101175941,54740422,155916363,46435519
20191031,"09:31:01","SH","NB",185015925,297311409,482327334,-112295484
20191031,"09:31:01","SZ","NB",382671033,290583871,673254904,92087162
20191031,"09:32:01","SH","NB",306920967,441295569,748216536,-134374602
20191031,"09:32:01","SZ","NB",615096558,451740652,1066837210,163355906
20191031,"09:33:01","SH","NB",413112060,557452036,970564096,-144339976
20191031,"09:33:01","SZ","NB",802693787,586048093,1388741880,216645694
20191031,"09:34:01","SH","NB",519033142,638137775,1157170917,-119104633
20191031,"09:34:01","SZ","NB",994451851,688479282,1682931133,305972569
20191031,"09:35:01","SH","NB",627247182,783260386,1410507568,-156013204
20191031,"09:35:01","SZ","NB",1128861056,820330538,1949191594,308530518
20191031,"09:36:01","SH","NB",731328284,861127408,1592455692,-129799124
20191031,"09:36:01","SZ","NB",1304684631,918376766,2223061397,386307865
20191031,"09:37:01","SH","NB",847186989,942119908,1789306897,-94932919
20191031,"09:37:01","SZ","NB",1434390339,1041320158,2475710497,393070181
20191031,"09:38:01","SH","NB",931128296,1026853488,1957981784,-95725192
20191031,"09:38:01","SZ","NB",1544947168,1158615830,2703562998,386331338
20191031,"09:39:01","SZ","NB",1659086240,1242689855,2901776095,416396385
20191031,"09:39:01","SH","NB",1002462206,1101853201,2104315407,-99390995
20191031,"09:40:01","SH","NB",1090137404,1153448457,2243585861,-63311053
20191031,"09:40:01","SZ","NB",1768815389,1321467424,3090282813,447347965
20191031,"09:41:01","SH","NB",1189595966,1234338194,2423934160,-44742228
20191031,"09:41:01","SZ","NB",1896531663,1446128526,3342660189,450403137
20191031,"09:42:01","SH","NB",1275551881,1337968122,2613520003,-62416241
20191031,"09:42:01","SZ","NB",2013941793,1604859712,3618801505,409082081
20191031,"09:43:01","SH","NB",1352183415,1405076279,2757259694,-52892864
20191031,"09:43:01","SZ","NB",2103046256,1677675058,3780721314,425371198
20191031,"09:44:01","SH","NB",1407735626,1465333991,2873069617,-57598365
20191031,"09:44:01","SZ","NB",2179649730,1761294312,3940944042,418355418
20191031,"09:45:01","SH","NB",1484396977,1518006728,3002403705,-33609751
20191031,"09:45:01","SZ","NB",2275995849,1827414051,4103409900,448581798
20191031,"09:46:01","SH","NB",1636370561,1572892059,3209262620,63478502
20191031,"09:46:01","SZ","NB",2466684731,1910111025,4376795756,556573706
20191031,"09:47:01","SH","NB",1731474604,1638224935,3369699539,93249669
20191031,"09:47:01","SZ","NB",2573785072,1982137210,4555922282,591647862
20191031,"09:48:01","SZ","NB",2643064708,2076674712,4719739420,566389996
20191031,"09:48:01","SH","NB",1802565267,1710894502,3513459769,91670765
20191031,"09:49:01","SH","NB",1882239724,1767844815,3650084539,114394909
20191031,"09:49:01","SZ","NB",2735444490,2150463115,4885907605,584981375
20191031,"09:50:01","SH","NB",1942908433,1819985261,3762893694,122923172
20191031,"09:50:01","SZ","NB",2802878072,2216763833,5019641905,586114239
20191031,"09:51:01","SH","NB",2007535327,1878920399,3886455726,128614928
20191031,"09:51:01","SZ","NB",2897873749,2306123554,5203997303,591750195
20191031,"09:52:01","SH","NB",2090204711,1948080992,4038285703,142123719
20191031,"09:52:01","SZ","NB",2998130091,2392866717,5390996808,605263374
20191031,"09:53:01","SH","NB",2157138176,2032516813,4189654989,124621363
20191031,"09:53:01","SZ","NB",3067062376,2485855954,5552918330,581206422
20191031,"09:54:01","SZ","NB",3139108309,2531418161,5670526470,607690148
20191031,"09:54:01","SH","NB",2231735942,2084176842,4315912784,147559100
20191031,"09:55:01","SH","NB",2335578134,2121981192,4457559326,213596942
20191031,"09:55:01","SZ","NB",3232195446,2568678612,5800874058,663516834
20191031,"09:56:01","SH","NB",2420549608,2175400590,4595950198,245149018
20191031,"09:56:01","SZ","NB",3375157177,2638694987,6013852164,736462190
20191031,"09:57:01","SH","NB",2493556797,2222027092,4715583889,271529705
20191031,"09:57:01","SZ","NB",3440369362,2696906985,6137276347,743462377
20191031,"09:58:01","SH","NB",2549513996,2264011236,4813525232,285502760
20191031,"09:58:01","SZ","NB",3507990141,2747823184,6255813325,760166957
20191031,"09:59:01","SZ","NB",3568923935,2810074606,6378998541,758849329
20191031,"09:59:01","SH","NB",2612033003,2310436967,4922469970,301596036
20191031,"10:00:01","SH","NB",2673770286,2340578411,5014348697,333191875
20191031,"10:00:01","SZ","NB",3645220221,2849299470,6494519691,795920751
20191031,"10:01:01","SH","NB",2742723963,2381723121,5124447084,361000842
20191031,"10:01:01","SZ","NB",3734700627,2900134026,6634834653,834566601
20191031,"10:02:01","SH","NB",2804478910,2446537967,5251016877,357940943
20191031,"10:02:01","SZ","NB",3809144778,2979747724,6788892502,829397054
20191031,"10:03:01","SH","NB",2858148047,2491787090,5349935137,366360957
20191031,"10:03:01","SZ","NB",3882756147,3037735976,6920492123,845020171
20191031,"10:04:01","SH","NB",2920814309,2528605151,5449419460,392209158
20191031,"10:04:01","SZ","NB",3942569098,3083404266,7025973364,859164832
20191031,"10:05:01","SH","NB",2974977479,2566093109,5541070588,408884370
20191031,"10:05:01","SZ","NB",3999925095,3122250162,7122175257,877674933
20191031,"10:06:01","SH","NB",3034345676,2609628489,5643974165,424717187
20191031,"10:06:01","SZ","NB",4054744623,3169395499,7224140122,885349124
20191031,"10:07:01","SZ","NB",4111193250,3278133723,7389326973,833059527
20191031,"10:07:01","SH","NB",3085096774,2691242169,5776338943,393854605
20191031,"10:08:01","SH","NB",3147328112,2741009286,5888337398,406318826
20191031,"10:08:01","SZ","NB",4187110939,3340847100,7527958039,846263839
20191031,"10:09:01","SH","NB",3202452471,2779759674,5982212145,422692797
20191031,"10:09:01","SZ","NB",4262827453,3388873919,7651701372,873953534
20191031,"10:10:01","SH","NB",3257086878,2816124830,6073211708,440962048
20191031,"10:10:01","SZ","NB",4332199286,3441486127,7773685413,890713159
20191031,"10:11:01","SH","NB",3310569233,2877346692,6187915925,433222541
20191031,"10:11:01","SZ","NB",4403451177,3511247590,7914698767,892203587
20191031,"10:12:01","SH","NB",3371856153,2905611334,6277467487,466244819
20191031,"10:12:01","SZ","NB",4464215562,3577737644,8041953206,886477918
20191031,"10:13:01","SH","NB",3448878813,2937151112,6386029925,511727701
20191031,"10:13:01","SZ","NB",4525890994,3642837912,8168728906,883053082
20191031,"10:14:01","SH","NB",3498546070,2970120855,6468666925,528425215
20191031,"10:14:01","SZ","NB",4585577421,3678284450,8263861871,907292971
20191031,"10:15:01","SZ","NB",4629787374,3716645071,8346432445,913142303
20191031,"10:15:01","SH","NB",3544999834,3003284710,6548284544,541715124
20191031,"10:16:01","SH","NB",3585064434,3038804742,6623869176,546259692
20191031,"10:16:01","SZ","NB",4673309609,3744391508,8417701117,928918101
20191031,"10:17:01","SH","NB",3627476467,3066063547,6693540014,561412920
20191031,"10:17:01","SZ","NB",4717758557,3779930589,8497689146,937827968
20191031,"10:18:01","SH","NB",3684942825,3133715778,6818658603,551227047
20191031,"10:18:01","SZ","NB",4770389966,3839475720,8609865686,930914246
20191031,"10:19:01","SH","NB",3733687759,3173599799,6907287558,560087960
20191031,"10:19:01","SZ","NB",4810308556,3877992722,8688301278,932315834
20191031,"10:20:01","SH","NB",3798348454,3209117226,7007465680,589231228
20191031,"10:20:01","SZ","NB",4853574851,3918891125,8772465976,934683726
20191031,"10:21:01","SH","NB",3853162568,3262334271,7115496839,590828297
20191031,"10:21:01","SZ","NB",4919176743,4005752353,8924929096,913424390
20191031,"10:22:01","SH","NB",3906155895,3300273445,7206429340,605882450
20191031,"10:22:01","SZ","NB",5080443906,4045963676,9126407582,1034480230
20191031,"10:23:01","SZ","NB",5163490243,4086763645,9250253888,1076726598
20191031,"10:23:01","SH","NB",3977079630,3337664760,7314744390,639414870
20191031,"10:24:01","SH","NB",4024022613,3361108743,7385131356,662913870
20191031,"10:24:01","SZ","NB",5224762685,4116425202,9341187887,1108337483
20191031,"10:25:01","SH","NB",4079626957,3393993402,7473620359,685633555
20191031,"10:25:01","SZ","NB",5289153542,4144188633,9433342175,1144964909
20191031,"10:26:01","SH","NB",4126623206,3422877518,7549500724,703745688
20191031,"10:26:01","SZ","NB",5333039107,4181352258,9514391365,1151686849
20191031,"10:27:01","SH","NB",4166155629,3448772235,7614927864,717383394
20191031,"10:27:01","SZ","NB",5387871883,4207755371,9595627254,1180116512
20191031,"10:28:01","SH","NB",4201292881,3471725956,7673018837,729566925
20191031,"10:28:01","SZ","NB",5432456823,4235833114,9668289937,1196623709
20191031,"10:29:01","SH","NB",4258091709,3509044192,7767135901,749047517
20191031,"10:29:01","SZ","NB",5484358449,4270981054,9755339503,1213377395
20191031,"10:30:01","SZ","NB",5564087980,4311279900,9875367880,1252808080
20191031,"10:30:01","SH","NB",4308998208,3537755742,7846753950,771242466
20191031,"10:31:01","SH","NB",4365741672,3568384808,7934126480,797356864
20191031,"10:31:01","SZ","NB",5648894210,4346164307,9995058517,1302729903
20191031,"10:32:01","SH","NB",4411271485,3602682697,8013954182,808588788
20191031,"10:32:01","SZ","NB",5712308250,4374173144,10086481394,1338135106
20191031,"10:33:01","SH","NB",4466061943,3634214043,8100275986,831847900
20191031,"10:33:01","SZ","NB",5798483624,4400999267,10199482891,1397484357
20191031,"10:34:01","SH","NB",4528981967,3663314732,8192296699,865667235
20191031,"10:34:01","SZ","NB",5877045216,4429158614,10306203830,1447886602
20191031,"10:35:01","SH","NB",4591740759,3694132342,8285873101,897608417
20191031,"10:35:01","SZ","NB",5974313624,4452715303,10427028927,1521598321
20191031,"10:36:01","SH","NB",4656538338,3720324189,8376862527,936214149
20191031,"10:36:01","SZ","NB",6032439552,4479404736,10511844288,1553034816
20191031,"10:37:01","SH","NB",4705871196,3752792732,8458663928,953078464
20191031,"10:37:01","SZ","NB",6076010864,4515973734,10591984598,1560037130
20191031,"10:38:01","SH","NB",4735218611,3786905696,8522124307,948312915
20191031,"10:38:01","SZ","NB",6112036733,4541642583,10653679316,1570394150
20191031,"10:39:01","SZ","NB",6156858492,4591286519,10748145011,1565571973
20191031,"10:39:01","SH","NB",4777834523,3829589812,8607424335,948244711
20191031,"10:40:01","SH","NB",4820117442,3873312490,8693429932,946804952
20191031,"10:40:01","SZ","NB",6213629370,4627615202,10841244572,1586014168
20191031,"10:41:01","SH","NB",4880954709,3908321080,8789275789,972633629
20191031,"10:41:01","SZ","NB",6281377846,4669071968,10950449814,1612305878
20191031,"10:42:01","SH","NB",4927638027,3939896831,8867534858,987741196
20191031,"10:42:01","SZ","NB",6327188442,4710901673,11038090115,1616286769
20191031,"10:43:01","SZ","NB",6374737341,4735923342,11110660683,1638813999
20191031,"10:43:01","SH","NB",4961764391,3966288301,8928052692,995476090
20191031,"10:44:01","SH","NB",5011827883,3991863986,9003691869,1019963897
20191031,"10:44:01","SZ","NB",6434303337,4758691526,11192994863,1675611811
20191031,"10:45:01","SH","NB",5044345902,4023830925,9068176827,1020514977
20191031,"10:45:01","SZ","NB",6473448180,4790960416,11264408596,1682487764
20191031,"10:46:01","SH","NB",5086523639,4054237312,9140760951,1032286327
20191031,"10:46:01","SZ","NB",6518606923,4824392015,11342998938,1694214908
20191031,"10:47:01","SH","NB",5170152868,4088555636,9258708504,1081597232
20191031,"10:47:01","SZ","NB",6598772259,4849501701,11448273960,1749270558
20191031,"10:48:01","SH","NB",5216750979,4113313623,9330064602,1103437356
20191031,"10:48:01","SZ","NB",6641503953,4874325426,11515829379,1767178527
20191031,"10:49:01","SZ","NB",6678853857,4893623009,11572476866,1785230848
20191031,"10:49:01","SH","NB",5240227513,4139234164,9379461677,1100993349
20191031,"10:50:01","SH","NB",5268811268,4166463060,9435274328,1102348208
20191031,"10:50:01","SZ","NB",6707726984,4916538942,11624265926,1791188042
20191031,"10:51:01","SH","NB",5302053387,4186512176,9488565563,1115541211
20191031,"10:51:01","SZ","NB",6753085039,4952411411,11705496450,1800673628
20191031,"10:52:01","SH","NB",5340381012,4209968077,9550349089,1130412935
20191031,"10:52:01","SZ","NB",6802151902,4975125396,11777277298,1827026506
20191031,"10:53:01","SH","NB",5372363604,4235215801,9607579405,1137147803
20191031,"10:53:01","SZ","NB",6845905965,4995801345,11841707310,1850104620
20191031,"10:54:01","SH","NB",5410627769,4254142561,9664770330,1156485208
20191031,"10:54:01","SZ","NB",6882968539,5013043218,11896011757,1869925321
20191031,"10:55:01","SH","NB",5455065056,4271198118,9726263174,1183866938
20191031,"10:55:01","SZ","NB",6926824496,5031450236,11958274732,1895374260
20191031,"10:56:01","SH","NB",5501613236,4291581372,9793194608,1210031864
20191031,"10:56:01","SZ","NB",6978593402,5051329594,12029922996,1927263808
20191031,"10:57:01","SH","NB",5537583489,4320176085,9857759574,1217407404
20191031,"10:57:01","SZ","NB",7022344358,5072388260,12094732618,1949956098
20191031,"10:58:01","SZ","NB",7078994964,5091849159,12170844123,1987145805
20191031,"10:58:01","SH","NB",5575189981,4341866458,9917056439,1233323523
20191031,"10:59:01","SH","NB",5609648832,4365731355,9975380187,1243917477
20191031,"10:59:01","SZ","NB",7152873563,5111334234,12264207797,2041539329
20191031,"11:00:01","SH","NB",5638741288,4388755102,10027496390,1249986186
20191031,"11:00:01","SZ","NB",7221728835,5132842335,12354571170,2088886500
20191031,"11:01:01","SH","NB",5674681719,4421506469,10096188188,1253175250
20191031,"11:01:01","SZ","NB",7252615696,5160711136,12413326832,2091904560
20191031,"11:02:01","SH","NB",5701212062,4442396602,10143608664,1258815460
20191031,"11:02:01","SZ","NB",7285620259,5182646687,12468266946,2102973572
20191031,"11:03:01","SH","NB",5732372420,4467229350,10199601770,1265143070
20191031,"11:03:01","SZ","NB",7317021289,5212020205,12529041494,2105001084
20191031,"11:04:01","SH","NB",5762059950,4483463949,10245523899,1278596001
20191031,"11:04:01","SZ","NB",7354864467,5228362821,12583227288,2126501646
20191031,"11:05:01","SH","NB",5888865006,4513487855,10402352861,1375377151
20191031,"11:05:01","SZ","NB",7460305662,5252603911,12712909573,2207701751
20191031,"11:06:01","SZ","NB",7534986731,5278678204,12813664935,2256308527
20191031,"11:06:01","SH","NB",5946931661,4543428758,10490360419,1403502903
20191031,"11:07:01","SH","NB",5971829925,4568589786,10540419711,1403240139
20191031,"11:07:01","SZ","NB",7575904660,5305090619,12880995279,2270814041
20191031,"11:08:01","SH","NB",6000991629,4593123764,10594115393,1407867865
20191031,"11:08:01","SZ","NB",7613137361,5327991226,12941128587,2285146135
20191031,"11:09:01","SH","NB",6029428869,4617471128,10646899997,1411957741
20191031,"11:09:01","SZ","NB",7655014658,5356360942,13011375600,2298653716
20191031,"11:10:01","SH","NB",6052702754,4644124414,10696827168,1408578340
20191031,"11:10:01","SZ","NB",7698428750,5384214010,13082642760,2314214740
20191031,"11:11:01","SZ","NB",7741387313,5416618307,13158005620,2324769006
20191031,"11:11:01","SH","NB",6081248273,4677453206,10758701479,1403795067
20191031,"11:12:01","SH","NB",6119677166,4708386449,10828063615,1411290717
20191031,"11:12:01","SZ","NB",7778002084,5439841238,13217843322,2338160846
20191031,"11:13:01","SH","NB",6150592099,4735399905,10885992004,1415192194
20191031,"11:13:01","SZ","NB",7813861290,5458377239,13272238529,2355484051
20191031,"11:14:01","SH","NB",6180033720,4770859676,10950893396,1409174044
20191031,"11:14:01","SZ","NB",7843164506,5490995099,13334159605,2352169407
20191031,"11:15:01","SH","NB",6205906991,4799985181,11005892172,1405921810
20191031,"11:15:01","SZ","NB",7877726269,5510612814,13388339083,2367113455
20191031,"11:16:01","SH","NB",6237078920,4824519930,11061598850,1412558990
20191031,"11:16:01","SZ","NB",7906896683,5541710256,13448606939,2365186427
20191031,"11:17:01","SH","NB",6261637041,4846613248,11108250289,1415023793
20191031,"11:17:01","SZ","NB",7931567028,5566600158,13498167186,2364966870
20191031,"11:18:01","SH","NB",6289178803,4874219421,11163398224,1414959382
20191031,"11:18:01","SZ","NB",7958670977,5590508078,13549179055,2368162899
20191031,"11:19:01","SZ","NB",7985120232,5611644094,13596764326,2373476138
20191031,"11:19:01","SH","NB",6321725714,4900529594,11222255308,1421196120
20191031,"11:20:01","SH","NB",6352968448,4941760244,11294728692,1411208204
20191031,"11:20:01","SZ","NB",8009286012,5629137778,13638423790,2380148234
20191031,"11:21:01","SH","NB",6392324140,4977764949,11370089089,1414559191
20191031,"11:21:01","SZ","NB",8037971995,5658466431,13696438426,2379505564
20191031,"11:22:01","SH","NB",6429928013,5015101711,11445029724,1414826302
20191031,"11:22:01","SZ","NB",8069630290,5702252907,13771883197,2367377383
20191031,"11:23:01","SH","NB",6464474327,5048962778,11513437105,1415511549
20191031,"11:23:01","SZ","NB",8108106719,5735071092,13843177811,2373035627
20191031,"11:24:01","SZ","NB",8146938776,5756461027,13903399803,2390477749
20191031,"11:24:01","SH","NB",6499393914,5072173864,11571567778,1427220050
20191031,"11:25:01","SH","NB",6526166346,5107091150,11633257496,1419075196
20191031,"11:25:01","SZ","NB",8179546312,5779633566,13959179878,2399912746
20191031,"11:26:01","SH","NB",6550327003,5137782724,11688109727,1412544279
20191031,"11:26:01","SZ","NB",8215309548,5801414174,14016723722,2413895374
20191031,"11:27:01","SH","NB",6581555480,5159488546,11741044026,1422066934
20191031,"11:27:01","SZ","NB",8250825729,5820824540,14071650269,2430001189
20191031,"11:28:01","SH","NB",6606507499,5184397852,11790905351,1422109647
20191031,"11:28:01","SZ","NB",8281058289,5838035490,14119093779,2443022799
20191031,"11:29:01","SH","NB",6633481027,5204184347,11837665374,1429296680
20191031,"11:29:01","SZ","NB",8309196098,5862819338,14172015436,2446376760
20191031,"11:30:01","SH","NB",6655500185,5225947808,11881447993,1429552377
20191031,"11:30:01","SZ","NB",8332890240,5876443253,14209333493,2456446987
20191031,"11:31:01","SH","NB",6655723007,5226012600,11881735607,1429710407
20191031,"11:31:01","SZ","NB",8333007522,5876477978,14209485500,2456529544
20191031,"13:01:01","SH","NB",6727627626,5280221901,12007849527,1447405725
20191031,"13:01:01","SZ","NB",8448327028,5933807476,14382134504,2514519552
20191031,"13:02:01","SH","NB",6757694172,5303784453,12061478625,1453909719
20191031,"13:02:01","SZ","NB",8491661190,5963674362,14455335552,2527986828
20191031,"13:03:01","SZ","NB",8541556519,5989405905,14530962424,2552150614
20191031,"13:03:01","SH","NB",6782592481,5328236282,12110828763,1454356199
20191031,"13:04:01","SH","NB",6811054773,5352847081,12163901854,1458207692
20191031,"13:04:01","SZ","NB",8593881286,6021547298,14615428584,2572333988
20191031,"13:05:01","SH","NB",6851283803,5378242106,12229525909,1473041697
20191031,"13:05:01","SZ","NB",8631729479,6050838437,14682567916,2580891042
20191031,"13:06:01","SH","NB",6893228093,5400943411,12294171504,1492284682
20191031,"13:06:01","SZ","NB",8670812136,6088842170,14759654306,2581969966
20191031,"13:07:01","SH","NB",6933157528,5425805188,12358962716,1507352340
20191031,"13:07:01","SZ","NB",8728221702,6112593243,14840814945,2615628459
20191031,"13:08:01","SH","NB",6970450618,5448105446,12418556064,1522345172
20191031,"13:08:01","SZ","NB",8763083107,6134730572,14897813679,2628352535
20191031,"13:09:01","SH","NB",7001632726,5476575498,12478208224,1525057228
20191031,"13:09:01","SZ","NB",8796180001,6172364996,14968544997,2623815005
20191031,"13:10:01","SH","NB",7037557239,5510436132,12547993371,1527121107
20191031,"13:10:01","SZ","NB",8830092691,6201787849,15031880540,2628304842
20191031,"13:11:01","SH","NB",7077830927,5544723164,12622554091,1533107763
20191031,"13:11:01","SZ","NB",8874236908,6232371808,15106608716,2641865100
20191031,"13:12:01","SH","NB",7118330124,5568368669,12686698793,1549961455
20191031,"13:12:01","SZ","NB",8927035181,6251653954,15178689135,2675381227
20191031,"13:13:01","SZ","NB",8969142620,6271110534,15240253154,2698032086
20191031,"13:13:01","SH","NB",7168962132,5594924432,12763886564,1574037700
20191031,"13:14:01","SH","NB",7198893409,5616813839,12815707248,1582079570
20191031,"13:14:01","SZ","NB",9002784078,6291154327,15293938405,2711629751
20191031,"13:15:01","SH","NB",7221808659,5637026656,12858835315,1584782003
20191031,"13:15:01","SZ","NB",9030457063,6309525971,15339983034,2720931092
20191031,"13:16:01","SH","NB",7250479483,5656025804,12906505287,1594453679
20191031,"13:16:01","SZ","NB",9062038688,6328823030,15390861718,2733215658
20191031,"13:17:01","SH","NB",7280162399,5679691740,12959854139,1600470659
20191031,"13:17:01","SZ","NB",9091665047,6356855992,15448521039,2734809055
20191031,"13:18:01","SH","NB",7305915194,5700664341,13006579535,1605250853
20191031,"13:18:01","SZ","NB",9125980784,6383207663,15509188447,2742773121
20191031,"13:19:01","SH","NB",7331701694,5723914279,13055615973,1607787415
20191031,"13:19:01","SZ","NB",9155771192,6408411715,15564182907,2747359477
20191031,"13:20:01","SH","NB",7368847737,5750289456,13119137193,1618558281
20191031,"13:20:01","SZ","NB",9188133471,6431010782,15619144253,2757122689
20191031,"13:21:01","SZ","NB",9221643094,6463367280,15685010374,2758275814
20191031,"13:21:01","SH","NB",7404995785,5784346668,13189342453,1620649117
20191031,"13:22:01","SH","NB",7434340796,5809186308,13243527104,1625154488
20191031,"13:22:01","SZ","NB",9255636295,6494692836,15750329131,2760943459
20191031,"13:23:01","SH","NB",7465775732,5843813990,13309589722,1621961742
20191031,"13:23:01","SZ","NB",9292212643,6528849745,15821062388,2763362898
20191031,"13:24:01","SH","NB",7499548560,5876226375,13375774935,1623322185
20191031,"13:24:01","SZ","NB",9333429700,6561579527,15895009227,2771850173
20191031,"13:25:01","SH","NB",7561694749,5915870559,13477565308,1645824190
20191031,"13:25:01","SZ","NB",9375581519,6586320776,15961902295,2789260743
20191031,"13:26:01","SH","NB",7604395915,5944002745,13548398660,1660393170
20191031,"13:26:01","SZ","NB",9414424642,6611572416,16025997058,2802852226
20191031,"13:27:01","SZ","NB",9451944588,6635918731,16087863319,2816025857
20191031,"13:27:01","SH","NB",7640508068,5963811527,13604319595,1676696541
20191031,"13:28:01","SH","NB",7673602126,5984646032,13658248158,1688956094
20191031,"13:28:01","SZ","NB",9486216308,6661650354,16147866662,2824565954
20191031,"13:29:01","SH","NB",7704964084,6007355672,13712319756,1697608412
20191031,"13:29:01","SZ","NB",9518024219,6688215763,16206239982,2829808456
20191031,"13:30:01","SH","NB",7736252450,6031548764,13767801214,1704703686
20191031,"13:30:01","SZ","NB",9548712498,6711800748,16260513246,2836911750
20191031,"13:31:01","SH","NB",7785116382,6079364944,13864481326,1705751438
20191031,"13:31:01","SZ","NB",9593403309,6772604846,16366008155,2820798463
20191031,"13:32:01","SH","NB",7819256098,6116548890,13935804988,1702707208
20191031,"13:32:01","SZ","NB",9638555735,6804962024,16443517759,2833593711
20191031,"13:33:01","SZ","NB",9723717816,6839693638,16563411454,2884024178
20191031,"13:33:01","SH","NB",7892158190,6148454788,14040612978,1743703402
20191031,"13:34:01","SH","NB",7933752392,6181946373,14115698765,1751806019
20191031,"13:34:01","SZ","NB",9770570489,6869067332,16639637821,2901503157
20191031,"13:35:01","SH","NB",7960394582,6205623068,14166017650,1754771514
20191031,"13:35:01","SZ","NB",9802100407,6888950541,16691050948,2913149866
20191031,"13:36:01","SH","NB",7991466517,6224593709,14216060226,1766872808
20191031,"13:36:01","SZ","NB",9837582223,6911099460,16748681683,2926482763
20191031,"13:37:01","SZ","NB",9876649216,6932927557,16809576773,2943721659
20191031,"13:37:01","SH","NB",8019160322,6244149585,14263309907,1775010737
20191031,"13:38:01","SH","NB",8042222066,6265651047,14307873113,1776571019
20191031,"13:38:01","SZ","NB",9904462747,6953716397,16858179144,2950746350
20191031,"13:39:01","SH","NB",8071969027,6292160478,14364129505,1779808549
20191031,"13:39:01","SZ","NB",9931370595,6978569533,16909940128,2952801062
20191031,"13:40:01","SH","NB",8106834324,6311025723,14417860047,1795808601
20191031,"13:40:01","SZ","NB",9967933330,7002444214,16970377544,2965489116
20191031,"13:41:01","SH","NB",8144632145,6349682308,14494314453,1794949837
20191031,"13:41:01","SZ","NB",10009443221,7054593857,17064037078,2954849364
20191031,"13:42:01","SH","NB",8180428481,6383782115,14564210596,1796646366
20191031,"13:42:01","SZ","NB",10045793862,7092920389,17138714251,2952873473
20191031,"13:43:01","SZ","NB",10095648233,7126449963,17222098196,2969198270
20191031,"13:43:01","SH","NB",8219524831,6412855262,14632380093,1806669569
20191031,"13:44:01","SH","NB",8254183924,6432832162,14687016086,1821351762
20191031,"13:44:01","SZ","NB",10139087296,7152193342,17291280638,2986893954
20191031,"13:45:01","SH","NB",8291811346,6455465816,14747277162,1836345530
20191031,"13:45:01","SZ","NB",10182980081,7187806292,17370786373,2995173789
20191031,"13:46:01","SH","NB",8329384659,6474049879,14803434538,1855334780
20191031,"13:46:01","SZ","NB",10215828402,7209054330,17424882732,3006774072
20191031,"13:47:01","SH","NB",8358181662,6500049343,14858231005,1858132319
20191031,"13:47:01","SZ","NB",10252434962,7236084989,17488519951,3016349973
20191031,"13:48:01","SH","NB",8389063575,6517236127,14906299702,1871827448
20191031,"13:48:01","SZ","NB",10281956334,7258086299,17540042633,3023870035
20191031,"13:49:01","SH","NB",8421016604,6546658953,14967675557,1874357651
20191031,"13:49:01","SZ","NB",10314951964,7294639841,17609591805,3020312123
20191031,"13:50:01","SH","NB",8461338238,6580731406,15042069644,1880606832
20191031,"13:50:01","SZ","NB",10351895185,7342488986,17694384171,3009406199
20191031,"13:51:01","SH","NB",8515823254,6625541595,15141364849,1890281659
20191031,"13:51:01","SZ","NB",10406670758,7392622451,17799293209,3014048307
20191031,"13:52:01","SZ","NB",10458963002,7427596125,17886559127,3031366877
20191031,"13:52:01","SH","NB",8555711833,6654019605,15209731438,1901692228
20191031,"13:53:01","SH","NB",8602370668,6678436667,15280807335,1923934001
20191031,"13:53:01","SZ","NB",10510780809,7451684504,17962465313,3059096305
20191031,"13:54:01","SH","NB",8643449819,6705881300,15349331119,1937568519
20191031,"13:54:01","SZ","NB",10546018500,7471234497,18017252997,3074784003
20191031,"13:55:01","SH","NB",8676051399,6733885223,15409936622,1942166176
20191031,"13:55:01","SZ","NB",10578111305,7495417884,18073529189,3082693421
20191031,"13:56:01","SH","NB",8709811963,6757860978,15467672941,1951950985
20191031,"13:56:01","SZ","NB",10605843162,7513165825,18119008987,3092677337
20191031,"13:57:01","SH","NB",8747693866,6783266780,15530960646,1964427086
20191031,"13:57:01","SZ","NB",10634565512,7535028138,18169593650,3099537374
20191031,"13:58:01","SH","NB",8772224520,6805607518,15577832038,1966617002
20191031,"13:58:01","SZ","NB",10658704124,7554204839,18212908963,3104499285
20191031,"13:59:01","SH","NB",8796824223,6826118776,15622942999,1970705447
20191031,"13:59:01","SZ","NB",10688841435,7578657994,18267499429,3110183441
20191031,"14:00:01","SH","NB",8827208733,6844502024,15671710757,1982706709
20191031,"14:00:01","SZ","NB",10719449075,7605707099,18325156174,3113741976
20191031,"14:01:01","SZ","NB",10766052116,7655008949,18421061065,3111043167
20191031,"14:01:01","SH","NB",8862724817,6884294371,15747019188,1978430446
20191031,"14:02:01","SH","NB",8903773124,6910678830,15814451954,1993094294
20191031,"14:02:01","SZ","NB",10814808390,7683274449,18498082839,3131533941
20191031,"14:03:01","SH","NB",8945569535,6936046568,15881616103,2009522967
20191031,"14:03:01","SZ","NB",10858759954,7712490796,18571250750,3146269158
20191031,"14:04:01","SH","NB",9000031424,6976127884,15976159308,2023903540
20191031,"14:04:01","SZ","NB",10915205322,7741241152,18656446474,3173964170
20191031,"14:05:01","SH","NB",9040048539,7009803210,16049851749,2030245329
20191031,"14:05:01","SZ","NB",10962624625,7769714371,18732338996,3192910254
20191031,"14:06:01","SH","NB",9072611356,7043777774,16116389130,2028833582
20191031,"14:06:01","SZ","NB",11004380344,7796495292,18800875636,3207885052
20191031,"14:07:01","SH","NB",9103525097,7071632503,16175157600,2031892594
20191031,"14:07:01","SZ","NB",11035900460,7817282819,18853183279,3218617641
20191031,"14:08:01","SH","NB",9135406777,7099419109,16234825886,2035987668
20191031,"14:08:01","SZ","NB",11065501143,7839124125,18904625268,3226377018
20191031,"14:09:01","SZ","NB",11095508239,7861572920,18957081159,3233935319
20191031,"14:09:01","SH","NB",9181993865,7133792143,16315786008,2048201722
20191031,"14:10:01","SH","NB",9222431492,7157058094,16379489586,2065373398
20191031,"14:10:01","SZ","NB",11126785567,7884460376,19011245943,3242325191
20191031,"14:11:01","SH","NB",9253872715,7187562133,16441434848,2066310582
20191031,"14:11:01","SZ","NB",11166164914,7912116209,19078281123,3254048705
20191031,"14:12:01","SH","NB",9309905308,7215417397,16525322705,2094487911
20191031,"14:12:01","SZ","NB",11222259708,7943755409,19166015117,3278504299
20191031,"14:13:01","SH","NB",9375074876,7245962977,16621037853,2129111899
20191031,"14:13:01","SZ","NB",11275115276,7975026810,19250142086,3300088466
20191031,"14:14:01","SH","NB",9414252909,7276688961,16690941870,2137563948
20191031,"14:14:01","SZ","NB",11309934100,8012135274,19322069374,3297798826
20191031,"14:15:01","SZ","NB",11349636504,8048589382,19398225886,3301047122
20191031,"14:15:01","SH","NB",9454609592,7309905431,16764515023,2144704161
20191031,"14:16:01","SH","NB",9488744828,7334619901,16823364729,2154124927
20191031,"14:16:01","SZ","NB",11380885435,8076689963,19457575398,3304195472
20191031,"14:17:01","SH","NB",9519550570,7364317574,16883868144,2155232996
20191031,"14:17:01","SZ","NB",11419066581,8106867708,19525934289,3312198873
20191031,"14:18:01","SH","NB",9555187538,7388597640,16943785178,2166589898
20191031,"14:18:01","SZ","NB",11451133923,8128603703,19579737626,3322530220
20191031,"14:19:01","SZ","NB",11478156868,8156799140,19634956008,3321357728
20191031,"14:19:01","SH","NB",9594363710,7415847361,17010211071,2178516349
20191031,"14:20:01","SH","NB",9629358850,7447038838,17076397688,2182320012
20191031,"14:20:01","SZ","NB",11514031310,8190761861,19704793171,3323269449
20191031,"14:21:01","SH","NB",9670800344,7493208824,17164009168,2177591520
20191031,"14:21:01","SZ","NB",11544682371,8226317350,19770999721,3318365021
20191031,"14:22:01","SH","NB",9721921857,7520880674,17242802531,2201041183
20191031,"14:22:01","SZ","NB",11577712286,8249051786,19826764072,3328660500
20191031,"14:23:01","SH","NB",9761263108,7562925236,17324188344,2198337872
20191031,"14:23:01","SZ","NB",11614045138,8282608665,19896653803,3331436473
20191031,"14:24:01","SH","NB",9799694863,7590183656,17389878519,2209511207
20191031,"14:24:01","SZ","NB",11642153803,8311764856,19953918659,3330388947
20191031,"14:25:01","SZ","NB",11669489600,8334728090,20004217690,3334761510
20191031,"14:25:01","SH","NB",9839119131,7620096721,17459215852,2219022410
20191031,"14:26:01","SH","NB",9874101795,7647063746,17521165541,2227038049
20191031,"14:26:01","SZ","NB",11705467194,8364497571,20069964765,3340969623
20191031,"14:27:01","SH","NB",9915402820,7678057837,17593460657,2237344983
20191031,"14:27:01","SZ","NB",11732625782,8389405273,20122031055,3343220509
20191031,"14:28:01","SH","NB",9956793494,7713368320,17670161814,2243425174
20191031,"14:28:01","SZ","NB",11764027501,8419199358,20183226859,3344828143
20191031,"14:29:01","SH","NB",10004064884,7744987077,17749051961,2259077807
20191031,"14:29:01","SZ","NB",11800412987,8442242905,20242655892,3358170082
20191031,"14:30:01","SH","NB",10052257529,7777715335,17829972864,2274542194
20191031,"14:30:01","SZ","NB",11832165296,8471253108,20303418404,3360912188
20191031,"14:31:01","SH","NB",10094787897,7818509886,17913297783,2276278011
20191031,"14:31:01","SZ","NB",11873989264,8508251112,20382240376,3365738152
20191031,"14:32:01","SZ","NB",11910720967,8542866464,20453587431,3367854503
20191031,"14:32:01","SH","NB",10141137919,7851359920,17992497839,2289777999
20191031,"14:33:01","SH","NB",10186427722,7883893238,18070320960,2302534484
20191031,"14:33:01","SZ","NB",11950078111,8569996281,20520074392,3380081830
20191031,"14:34:01","SH","NB",10231463539,7912197281,18143660820,2319266258
20191031,"14:34:01","SZ","NB",11995896873,8600921835,20596818708,3394975038
20191031,"14:35:01","SH","NB",10278610128,7943448465,18222058593,2335161663
20191031,"14:35:01","SZ","NB",12042912510,8634548761,20677461271,3408363749
20191031,"14:36:01","SH","NB",10325075064,7978728847,18303803911,2346346217
20191031,"14:36:01","SZ","NB",12085458224,8669781075,20755239299,3415677149
20191031,"14:37:01","SH","NB",10369772682,8005622265,18375394947,2364150417
20191031,"14:37:01","SZ","NB",12127108433,8701780851,20828889284,3425327582
20191031,"14:38:01","SZ","NB",12170739887,8765125941,20935865828,3405613946
20191031,"14:38:01","SH","NB",10413777674,8050453938,18464231612,2363323736
20191031,"14:39:01","SH","NB",10474096433,8132801663,18606898096,2341294770
20191031,"14:39:01","SZ","NB",12230479433,8850758482,21081237915,3379720951
20191031,"14:40:01","SH","NB",10546871917,8188340328,18735212245,2358531589
20191031,"14:40:01","SZ","NB",12312737554,8893782516,21206520070,3418955038
20191031,"14:41:01","SH","NB",10613122098,8231777059,18844899157,2381345039
20191031,"14:41:01","SZ","NB",12362982822,8933886915,21296869737,3429095907
20191031,"14:42:01","SH","NB",10674785982,8267733596,18942519578,2407052386
20191031,"14:42:01","SZ","NB",12413805881,8968378821,21382184702,3445427060
20191031,"14:43:01","SH","NB",10737768920,8307129068,19044897988,2430639852
20191031,"14:43:01","SZ","NB",12460868626,9006409433,21467278059,3454459193
20191031,"14:44:01","SZ","NB",12518724583,9041090958,21559815541,3477633625
20191031,"14:44:01","SH","NB",10789528676,8340555824,19130084500,2448972852
20191031,"14:45:01","SH","NB",10844670374,8372675118,19217345492,2471995256
20191031,"14:45:01","SZ","NB",12570154186,9079215681,21649369867,3490938505
20191031,"14:46:01","SH","NB",10904342405,8411070809,19315413214,2493271596
20191031,"14:46:01","SZ","NB",12642220462,9122214886,21764435348,3520005576
20191031,"14:47:01","SH","NB",10955520558,8442022517,19397543075,2513498041
20191031,"14:47:01","SZ","NB",12717486718,9162090999,21879577717,3555395719
20191031,"14:48:01","SH","NB",11011378283,8474250389,19485628672,2537127894
20191031,"14:48:01","SZ","NB",12781740836,9204877540,21986618376,3576863296
20191031,"14:49:01","SH","NB",11063104887,8508572046,19571676933,2554532841
20191031,"14:49:01","SZ","NB",12837917721,9243227447,22081145168,3594690274
20191031,"14:50:01","SH","NB",11121757555,8550635887,19672393442,2571121668
20191031,"14:50:01","SZ","NB",12896509174,9284214720,22180723894,3612294454
20191031,"14:51:01","SZ","NB",12979917587,9336839856,22316757443,3643077731
20191031,"14:51:01","SH","NB",11203065305,8601516534,19804581839,2601548771
20191031,"14:52:01","SH","NB",11260772917,8639650067,19900422984,2621122850
20191031,"14:52:01","SZ","NB",13055868948,9380523401,22436392349,3675345547
20191031,"14:53:01","SH","NB",11327903385,8684077268,20011980653,2643826117
20191031,"14:53:01","SZ","NB",13147220347,9425976470,22573196817,3721243877
20191031,"14:54:01","SH","NB",11423249233,8759103815,20182353048,2664145418
20191031,"14:54:01","SZ","NB",13244109202,9485791537,22729900739,3758317665
20191031,"14:55:01","SH","NB",11507522150,8809232600,20316754750,2698289550
20191031,"14:55:01","SZ","NB",13339373445,9536924439,22876297884,3802449006
20191031,"14:56:01","SH","NB",11611521128,8864159689,20475680817,2747361439
20191031,"14:56:01","SZ","NB",13447558630,9591328000,23038886630,3856230630
20191031,"14:57:01","SH","NB",11703544816,8919300459,20622845275,2784244357
20191031,"14:57:01","SZ","NB",13526564924,9630089677,23156654601,3896475247
20191031,"14:58:01","SH","NB",11703574624,8920352115,20623926739,2783222509
20191031,"14:58:01","SZ","NB",13527120342,9630098473,23157218815,3897021869
20191031,"15:01:01","SH","NB",12309573475,9120171788,21429745263,3189401687
20191031,"15:01:01","SZ","NB",13979174102,9779251151,23758425253,4199922951
