dataDate,dataTime,connectMarket,tradeDirection,buyTurnover,sellTurnover,totalTurnover,netTurnover
20200507,"09:30:01","SH","NB",92554677,117209892,209764569,-24655215
20200507,"09:30:01","SZ","NB",142238457,122307884,264546341,19930573
20200507,"09:31:01","SH","NB",346816116,347415465,694231581,-599349
20200507,"09:31:01","SZ","NB",628723410,529983226,1158706636,98740184
20200507,"09:32:01","SH","NB",562081696,518013446,1080095142,44068250
20200507,"09:32:01","SZ","NB",986230246,913952759,1900183005,72277487
20200507,"09:33:01","SH","NB",804451611,672513419,1476965030,131938192
20200507,"09:33:01","SZ","NB",1281750213,1149206318,2430956531,132543895
20200507,"09:34:01","SH","NB",1006946977,914552937,1921499914,92394040
20200507,"09:34:01","SZ","NB",1611131267,1463700935,3074832202,147430332
20200507,"09:35:01","SH","NB",1170638327,1139417748,2310056075,31220579
20200507,"09:35:01","SZ","NB",1868195665,1766507501,3634703166,101688164
20200507,"09:36:01","SH","NB",1304930630,1364107742,2669038372,-59177112
20200507,"09:36:01","SZ","NB",2104363841,2080635473,4184999314,23728368
20200507,"09:37:01","SH","NB",1520628129,1563483247,3084111376,-42855118
20200507,"09:37:01","SZ","NB",2412868514,2395348418,4808216932,17520096
20200507,"09:38:01","SZ","NB",2658872007,2827244873,5486116880,-168372866
20200507,"09:38:01","SH","NB",1668675166,1772604854,3441280020,-103929688
20200507,"09:39:01","SH","NB",1825086986,1905790850,3730877836,-80703864
20200507,"09:39:01","SZ","NB",2909604986,3103145720,6012750706,-193540734
20200507,"09:40:01","SH","NB",1941944390,2127217843,4069162233,-185273453
20200507,"09:40:01","SZ","NB",3088319403,3541431561,6629750964,-453112158
20200507,"09:41:01","SH","NB",2135676060,2286744353,4422420413,-151068293
20200507,"09:41:01","SZ","NB",3402000145,3818267280,7220267425,-416267135
20200507,"09:42:01","SZ","NB",3661549349,4012602780,7674152129,-351053431
20200507,"09:42:01","SH","NB",2323050609,2399489074,4722539683,-76438465
20200507,"09:43:01","SH","NB",2432482605,2537047326,4969529931,-104564721
20200507,"09:43:01","SZ","NB",3813255821,4275388932,8088644753,-462133111
20200507,"09:44:01","SH","NB",2550928288,2628461779,5179390067,-77533491
20200507,"09:44:01","SZ","NB",3941856959,4458080301,8399937260,-516223342
20200507,"09:45:01","SH","NB",2640829321,2719537027,5360366348,-78707706
20200507,"09:45:01","SZ","NB",4083270891,4630031944,8713302835,-546761053
20200507,"09:46:01","SH","NB",2756028484,2960857929,5716886413,-204829445
20200507,"09:46:01","SZ","NB",4283949296,5070840363,9354789659,-786891067
20200507,"09:47:01","SH","NB",2881460363,3022564445,5904024808,-141104082
20200507,"09:47:01","SZ","NB",4516870473,5224257977,9741128450,-707387504
20200507,"09:48:01","SH","NB",2995410275,3093127853,6088538128,-97717578
20200507,"09:48:01","SZ","NB",4716975627,5324562830,10041538457,-607587203
20200507,"09:49:01","SH","NB",3112833842,3150499777,6263333619,-37665935
20200507,"09:49:01","SZ","NB",4892548823,5409741635,10302290458,-517192812
20200507,"09:50:01","SZ","NB",5022130820,5528240610,10550371430,-506109790
20200507,"09:50:01","SH","NB",3205639610,3242308748,6447948358,-36669138
20200507,"09:51:01","SH","NB",3291275614,3397805185,6689080799,-106529571
20200507,"09:51:01","SZ","NB",5166260987,5777251734,10943512721,-610990747
20200507,"09:52:01","SH","NB",3373213179,3467253558,6840466737,-94040379
20200507,"09:52:01","SZ","NB",5307394519,5873803881,11181198400,-566409362
20200507,"09:53:01","SH","NB",3444913048,3582320747,7027233795,-137407699
20200507,"09:53:01","SZ","NB",5404065347,6070029692,11474095039,-665964345
20200507,"09:54:01","SH","NB",3513811375,3634585918,7148397293,-120774543
20200507,"09:54:01","SZ","NB",5514950987,6148704200,11663655187,-633753213
20200507,"09:55:01","SH","NB",3599606617,3699683487,7299290104,-100076870
20200507,"09:55:01","SZ","NB",5700493713,6239774710,11940268423,-539280997
20200507,"09:56:01","SH","NB",3708609711,3814654868,7523264579,-106045157
20200507,"09:56:01","SZ","NB",5867327745,6397267343,12264595088,-529939598
20200507,"09:57:01","SH","NB",3788973428,3955591068,7744564496,-166617640
20200507,"09:57:01","SZ","NB",5977927266,6601485289,12579412555,-623558023
20200507,"09:58:01","SZ","NB",6081707514,6684934957,12766642471,-603227443
20200507,"09:58:01","SH","NB",3869901715,4021387183,7891288898,-151485468
20200507,"09:59:01","SH","NB",3931404134,4067474605,7998878739,-136070471
20200507,"09:59:01","SZ","NB",6176027058,6756348430,12932375488,-580321372
20200507,"10:00:01","SH","NB",4037792503,4110847212,8148639715,-73054709
20200507,"10:00:01","SZ","NB",6317228323,6845665049,13162893372,-528436726
20200507,"10:01:01","SH","NB",4167414934,4231117847,8398532781,-63702913
20200507,"10:01:01","SZ","NB",6436308157,7108507449,13544815606,-672199292
20200507,"10:02:01","SH","NB",4253502283,4306581768,8560084051,-53079485
20200507,"10:02:01","SZ","NB",6581249169,7221567928,13802817097,-640318759
20200507,"10:03:01","SZ","NB",6652294801,7427109626,14079404427,-774814825
20200507,"10:03:01","SH","NB",4336043398,4409376988,8745420386,-73333590
20200507,"10:04:01","SH","NB",4432726603,4480133915,8912860518,-47407312
20200507,"10:04:01","SZ","NB",6748877973,7536986614,14285864587,-788108641
20200507,"10:05:01","SH","NB",4513775645,4564029124,9077804769,-50253479
20200507,"10:05:01","SZ","NB",6849523499,7693922162,14543445661,-844398663
20200507,"10:06:01","SH","NB",4587482093,4638815149,9226297242,-51333056
20200507,"10:06:01","SZ","NB",6936051490,7844996805,14781048295,-908945315
20200507,"10:07:01","SH","NB",4637213021,4712268439,9349481460,-75055418
20200507,"10:07:01","SZ","NB",6991288251,7953761194,14945049445,-962472943
20200507,"10:08:01","SH","NB",4720433389,4769652842,9490086231,-49219453
20200507,"10:08:01","SZ","NB",7081903170,8054261934,15136165104,-972358764
20200507,"10:09:01","SH","NB",4779002623,4823911699,9602914322,-44909076
20200507,"10:09:01","SZ","NB",7149377245,8137122927,15286500172,-987745682
20200507,"10:10:01","SH","NB",4849672136,4868106484,9717778620,-18434348
20200507,"10:10:01","SZ","NB",7238304972,8230426264,15468731236,-992121292
20200507,"10:11:01","SZ","NB",7352912949,8424869451,15777782400,-1071956502
20200507,"10:11:01","SH","NB",4944821662,4964931696,9909753358,-20110034
20200507,"10:12:01","SH","NB",5009228484,5035707648,10044936132,-26479164
20200507,"10:12:01","SZ","NB",7446710781,8573702896,16020413677,-1126992115
20200507,"10:13:01","SH","NB",5089839230,5095996929,10185836159,-6157699
20200507,"10:13:01","SZ","NB",7590930779,8662580498,16253511277,-1071649719
20200507,"10:14:01","SH","NB",5178408544,5139077145,10317485689,39331399
20200507,"10:14:01","SZ","NB",7725509754,8722142172,16447651926,-996632418
20200507,"10:15:01","SH","NB",5228688779,5192827663,10421516442,35861116
20200507,"10:15:01","SZ","NB",7805170569,8810209766,16615380335,-1005039197
20200507,"10:16:01","SH","NB",5278731950,5238842175,10517574125,39889775
20200507,"10:16:01","SZ","NB",7885291746,8871950921,16757242667,-986659175
20200507,"10:17:01","SH","NB",5325464655,5281213952,10606678607,44250703
20200507,"10:17:01","SZ","NB",7954657085,8930257960,16884915045,-975600875
20200507,"10:18:01","SH","NB",5359199245,5331099924,10690299169,28099321
20200507,"10:18:01","SZ","NB",8032123297,9015794669,17047917966,-983671372
20200507,"10:19:01","SH","NB",5393320175,5378895170,10772215345,14425005
20200507,"10:19:01","SZ","NB",8088890866,9099574403,17188465269,-1010683537
20200507,"10:20:01","SZ","NB",8150335664,9241337805,17391673469,-1091002141
20200507,"10:20:01","SH","NB",5467390569,5464986104,10932376673,2404465
20200507,"10:21:01","SH","NB",5552784540,5541591618,11094376158,11192922
20200507,"10:21:01","SZ","NB",8249482810,9402241942,17651724752,-1152759132
20200507,"10:22:01","SH","NB",5673765933,5590403661,11264169594,83362272
20200507,"10:22:01","SZ","NB",8425753777,9467116864,17892870641,-1041363087
20200507,"10:23:01","SH","NB",5744875771,5628711768,11373587539,116164003
20200507,"10:23:01","SZ","NB",8532028286,9528481537,18060509823,-996453251
20200507,"10:24:01","SZ","NB",8612978570,9581965184,18194943754,-968986614
20200507,"10:24:01","SH","NB",5799183658,5664614777,11463798435,134568881
20200507,"10:25:01","SH","NB",5858267193,5710872231,11569139424,147394962
20200507,"10:25:01","SZ","NB",8682870440,9644101080,18326971520,-961230640
20200507,"10:26:01","SH","NB",5912728370,5755343501,11668071871,157384869
20200507,"10:26:01","SZ","NB",8742384580,9725227809,18467612389,-982843229
20200507,"10:27:01","SZ","NB",8803371772,9787321143,18590692915,-983949371
20200507,"10:27:01","SH","NB",5952624157,5799005685,11751629842,153618472
20200507,"10:28:01","SH","NB",5990416520,5857284766,11847701286,133131754
20200507,"10:28:01","SZ","NB",8865694503,9870367991,18736062494,-1004673488
20200507,"10:29:01","SZ","NB",8923612276,9919392208,18843004484,-995779932
20200507,"10:29:01","SH","NB",6027220881,5893169670,11920390551,134051211
20200507,"10:30:01","SH","NB",6081347151,5918953730,12000300881,162393421
20200507,"10:30:01","SZ","NB",8983499146,9957797257,18941296403,-974298111
20200507,"10:31:01","SH","NB",6138435878,6027515045,12165950923,110920833
20200507,"10:31:01","SZ","NB",9062625097,10163315626,19225940723,-1100690529
20200507,"10:32:01","SH","NB",6182558556,6064063911,12246622467,118494645
20200507,"10:32:01","SZ","NB",9133183197,10222310269,19355493466,-1089127072
20200507,"10:33:01","SH","NB",6233542321,6097404770,12330947091,136137551
20200507,"10:33:01","SZ","NB",9237044371,10264542654,19501587025,-1027498283
20200507,"10:34:01","SH","NB",6289620907,6126688264,12416309171,162932643
20200507,"10:34:01","SZ","NB",9311660058,10303115453,19614775511,-991455395
20200507,"10:35:01","SH","NB",6341343611,6161642430,12502986041,179701181
20200507,"10:35:01","SZ","NB",9383240916,10359882891,19743123807,-976641975
20200507,"10:36:01","SH","NB",6382702188,6203971349,12586673537,178730839
20200507,"10:36:01","SZ","NB",9446677036,10437901418,19884578454,-991224382
20200507,"10:37:01","SH","NB",6421034875,6242172770,12663207645,178862105
20200507,"10:37:01","SZ","NB",9533816382,10490916394,20024732776,-957100012
20200507,"10:38:01","SZ","NB",9622308863,10528341079,20150649942,-906032216
20200507,"10:38:01","SH","NB",6489988449,6272957566,12762946015,217030883
20200507,"10:39:01","SH","NB",6548998340,6309370367,12858368707,239627973
20200507,"10:39:01","SZ","NB",9713645149,10573789111,20287434260,-860143962
20200507,"10:40:01","SH","NB",6596561345,6350712863,12947274208,245848482
20200507,"10:40:01","SZ","NB",9775600539,10629189484,20404790023,-853588945
20200507,"10:41:01","SH","NB",6660787820,6420282221,13081070041,240505599
20200507,"10:41:01","SZ","NB",9850352941,10767296772,20617649713,-916943831
20200507,"10:42:01","SH","NB",6702791104,6454845754,13157636858,247945350
20200507,"10:42:01","SZ","NB",9923624303,10812040846,20735665149,-888416543
20200507,"10:43:01","SH","NB",6750436528,6497821289,13248257817,252615239
20200507,"10:43:01","SZ","NB",9986392745,10861106019,20847498764,-874713274
20200507,"10:44:01","SH","NB",6788375643,6531095227,13319470870,257280416
20200507,"10:44:01","SZ","NB",10050932836,10911280526,20962213362,-860347690
20200507,"10:45:01","SH","NB",6844711922,6562037974,13406749896,282673948
20200507,"10:45:01","SZ","NB",10125641446,10948372542,21074013988,-822731096
20200507,"10:46:01","SZ","NB",10176091218,10981974892,21158066110,-805883674
20200507,"10:46:01","SH","NB",6893052718,6588892165,13481944883,304160553
20200507,"10:47:01","SH","NB",6938517773,6621701978,13560219751,316815795
20200507,"10:47:01","SZ","NB",10214970627,11022572718,21237543345,-807602091
20200507,"10:48:01","SH","NB",6976210146,6662732910,13638943056,313477236
20200507,"10:48:01","SZ","NB",10258421796,11079402862,21337824658,-820981066
20200507,"10:49:01","SH","NB",7008629457,6694891191,13703520648,313738266
20200507,"10:49:01","SZ","NB",10296879903,11123535883,21420415786,-826655980
20200507,"10:50:01","SH","NB",7055424393,6728961940,13784386333,326462453
20200507,"10:50:01","SZ","NB",10330105346,11164195806,21494301152,-834090460
20200507,"10:51:01","SZ","NB",10417628317,11243070656,21660698973,-825442339
20200507,"10:51:01","SH","NB",7110130249,6775200775,13885331024,334929474
20200507,"10:52:01","SH","NB",7159503322,6850078440,14009581762,309424882
20200507,"10:52:01","SZ","NB",10479244074,11354649791,21833893865,-875405717
20200507,"10:53:01","SH","NB",7191671609,6887778060,14079449669,303893549
20200507,"10:53:01","SZ","NB",10529002841,11392555378,21921558219,-863552537
20200507,"10:54:01","SH","NB",7221279878,6917909312,14139189190,303370566
20200507,"10:54:01","SZ","NB",10570243127,11427001052,21997244179,-856757925
20200507,"10:55:01","SH","NB",7261177530,6952664358,14213841888,308513172
20200507,"10:55:01","SZ","NB",10612504239,11482617658,22095121897,-870113419
20200507,"10:56:01","SH","NB",7301058254,6986786874,14287845128,314271380
20200507,"10:56:01","SZ","NB",10665599693,11519072696,22184672389,-853473003
20200507,"10:57:01","SH","NB",7340234050,7022827352,14363061402,317406698
20200507,"10:57:01","SZ","NB",10730853262,11553390207,22284243469,-822536945
20200507,"10:58:01","SH","NB",7385037393,7064559891,14449597284,320477502
20200507,"10:58:01","SZ","NB",10763357524,11617433107,22380790631,-854075583
20200507,"10:59:01","SH","NB",7414453888,7121667383,14536121271,292786505
20200507,"10:59:01","SZ","NB",10804597209,11717201342,22521798551,-912604133
20200507,"11:00:01","SZ","NB",10841382608,11760183513,22601566121,-918800905
20200507,"11:00:01","SH","NB",7440793749,7154533809,14595327558,286259940
20200507,"11:01:01","SH","NB",7484461858,7237191911,14721653769,247269947
20200507,"11:01:01","SZ","NB",10889360917,11885133035,22774493952,-995772118
20200507,"11:02:01","SH","NB",7526360168,7272333249,14798693417,254026919
20200507,"11:02:01","SZ","NB",10945000771,11927278160,22872278931,-982277389
20200507,"11:03:01","SH","NB",7583865057,7298360731,14882225788,285504326
20200507,"11:03:01","SZ","NB",11007536732,11960793776,22968330508,-953257044
20200507,"11:04:01","SH","NB",7625642768,7328262748,14953905516,297380020
20200507,"11:04:01","SZ","NB",11050271622,12003326039,23053597661,-953054417
20200507,"11:05:01","SH","NB",7675479721,7357122561,15032602282,318357160
20200507,"11:05:01","SZ","NB",11111575576,12038811803,23150387379,-927236227
20200507,"11:06:01","SH","NB",7706900801,7383133942,15090034743,323766859
20200507,"11:06:01","SZ","NB",11145458259,12078319782,23223778041,-932861523
20200507,"11:07:01","SH","NB",7741481779,7420103945,15161585724,321377834
20200507,"11:07:01","SZ","NB",11176350634,12115348089,23291698723,-938997455
20200507,"11:08:01","SZ","NB",11214295575,12151921774,23366217349,-937626199
20200507,"11:08:01","SH","NB",7779737185,7453215172,15232952357,326522013
20200507,"11:09:01","SH","NB",7803384116,7483165463,15286549579,320218653
20200507,"11:09:01","SZ","NB",11244349679,12185047481,23429397160,-940697802
20200507,"11:10:01","SH","NB",7844017650,7506500133,15350517783,337517517
20200507,"11:10:01","SZ","NB",11359125990,12219483842,23578609832,-860357852
20200507,"11:11:01","SH","NB",7887990237,7578431208,15466421445,309559029
20200507,"11:11:01","SZ","NB",11407285931,12339993226,23747279157,-932707295
20200507,"11:12:01","SH","NB",7920082786,7609839875,15529922661,310242911
20200507,"11:12:01","SZ","NB",11444154469,12381279342,23825433811,-937124873
20200507,"11:13:01","SH","NB",7972823968,7642576773,15615400741,330247195
20200507,"11:13:01","SZ","NB",11508784456,12418714864,23927499320,-909930408
20200507,"11:14:01","SH","NB",8019450622,7682443425,15701894047,337007197
20200507,"11:14:01","SZ","NB",11594330687,12460732117,24055062804,-866401430
20200507,"11:15:01","SH","NB",8055488151,7725443928,15780932079,330044223
20200507,"11:15:01","SZ","NB",11649532655,12503796075,24153328730,-854263420
20200507,"11:16:01","SH","NB",8104286514,7756677891,15860964405,347608623
20200507,"11:16:01","SZ","NB",11726642519,12548849157,24275491676,-822206638
20200507,"11:17:01","SZ","NB",11795536462,12581578325,24377114787,-786041863
20200507,"11:17:01","SH","NB",8167221088,7793548338,15960769426,373672750
20200507,"11:18:01","SH","NB",8238237578,7856417654,16094655232,381819924
20200507,"11:18:01","SZ","NB",11867966536,12658118580,24526085116,-790152044
20200507,"11:19:01","SH","NB",8263516352,7893891888,16157408240,369624464
20200507,"11:19:01","SZ","NB",11898192402,12696849077,24595041479,-798656675
20200507,"11:20:01","SH","NB",8288863279,7929204825,16218068104,359658454
20200507,"11:20:01","SZ","NB",11940335386,12736667558,24677002944,-796332172
20200507,"11:21:01","SH","NB",8332277762,8044020474,16376298236,288257288
20200507,"11:21:01","SZ","NB",11981115540,12883607007,24864722547,-902491467
20200507,"11:22:01","SH","NB",8367330939,8075519596,16442850535,291811343
20200507,"11:22:01","SZ","NB",12023989525,12919102358,24943091883,-895112833
20200507,"11:23:01","SH","NB",8398193426,8117277925,16515471351,280915501
20200507,"11:23:01","SZ","NB",12052556240,12962192576,25014748816,-909636336
20200507,"11:24:01","SH","NB",8460943392,8153182994,16614126386,307760398
20200507,"11:24:01","SZ","NB",12093148706,12994781110,25087929816,-901632404
20200507,"11:25:01","SZ","NB",12128964890,13054208550,25183173440,-925243660
20200507,"11:25:01","SH","NB",8493853666,8224252125,16718105791,269601541
20200507,"11:26:01","SH","NB",8515785107,8270865059,16786650166,244920048
20200507,"11:26:01","SZ","NB",12155248050,13100577003,25255825053,-945328953
20200507,"11:27:01","SH","NB",8552448099,8301243612,16853691711,251204487
20200507,"11:27:01","SZ","NB",12187616009,13135958971,25323574980,-948342962
20200507,"11:28:01","SH","NB",8584042865,8326156307,16910199172,257886558
20200507,"11:28:01","SZ","NB",12213952464,13168061093,25382013557,-954108629
20200507,"11:29:01","SH","NB",8611709141,8346569479,16958278620,265139662
20200507,"11:29:01","SZ","NB",12234880034,13198176357,25433056391,-963296323
20200507,"11:30:01","SH","NB",8631028867,8395065058,17026093925,235963809
20200507,"11:30:01","SZ","NB",12257581999,13237596631,25495178630,-980014632
20200507,"11:31:01","SH","NB",8631146947,8395083799,17026230746,236063148
20200507,"13:00:01","SH","NB",8631253896,8395098825,17026352721,236155071
20200507,"13:00:01","SZ","NB",12274032841,13249790358,25523823199,-975757517
20200507,"13:01:01","SH","NB",8768727355,8644934937,17413662292,123792418
20200507,"13:01:01","SZ","NB",12364315038,13530117366,25894432404,-1165802328
20200507,"13:02:01","SH","NB",8808862823,8719855539,17528718362,89007284
20200507,"13:02:01","SZ","NB",12420457290,13616362849,26036820139,-1195905559
20200507,"13:03:01","SZ","NB",12463861421,13726386039,26190247460,-1262524618
20200507,"13:03:01","SH","NB",8844588502,8786326746,17630915248,58261756
20200507,"13:04:01","SH","NB",8882049545,8847820001,17729869546,34229544
20200507,"13:04:01","SZ","NB",12506369422,13804597547,26310966969,-1298228125
20200507,"13:05:01","SH","NB",8917891669,8937008189,17854899858,-19116520
20200507,"13:05:01","SZ","NB",12553508567,13923339165,26476847732,-1369830598
20200507,"13:06:01","SH","NB",8965952170,9060585839,18026538009,-94633669
20200507,"13:06:01","SZ","NB",12600791486,14085893673,26686685159,-1485102187
20200507,"13:07:01","SH","NB",9009720102,9130856726,18140576828,-121136624
20200507,"13:07:01","SZ","NB",12641084622,14164589377,26805673999,-1523504755
20200507,"13:08:01","SZ","NB",12688354566,14238429426,26926783992,-1550074860
20200507,"13:08:01","SH","NB",9042838523,9183244423,18226082946,-140405900
20200507,"13:09:01","SH","NB",9079375953,9259366547,18338742500,-179990594
20200507,"13:09:01","SZ","NB",12732976864,14313429360,27046406224,-1580452496
20200507,"13:10:01","SH","NB",9115121109,9350968660,18466089769,-235847551
20200507,"13:10:01","SZ","NB",12764039378,14447722024,27211761402,-1683682646
20200507,"13:11:01","SH","NB",9166632543,9474362926,18640995469,-307730383
20200507,"13:11:01","SZ","NB",12814447931,14600255564,27414703495,-1785807633
20200507,"13:12:01","SH","NB",9224976461,9538109866,18763086327,-313133405
20200507,"13:12:01","SZ","NB",12885539365,14672268378,27557807743,-1786729013
20200507,"13:13:01","SZ","NB",12919679718,14725305489,27644985207,-1805625771
20200507,"13:13:01","SH","NB",9262106331,9591396878,18853503209,-329290547
20200507,"13:14:01","SH","NB",9310186531,9644856224,18955042755,-334669693
20200507,"13:14:01","SZ","NB",12969840677,14778709168,27748549845,-1808868491
20200507,"13:15:01","SH","NB",9340851132,9687860149,19028711281,-347009017
20200507,"13:15:01","SZ","NB",13004058394,14824230857,27828289251,-1820172463
20200507,"13:16:01","SH","NB",9378974682,9748440537,19127415219,-369465855
20200507,"13:16:01","SZ","NB",13041723026,14869639958,27911362984,-1827916932
20200507,"13:17:01","SH","NB",9418962660,9798791171,19217753831,-379828511
20200507,"13:17:01","SZ","NB",13073951943,14928355456,28002307399,-1854403513
20200507,"13:18:01","SH","NB",9471043532,9873204224,19344247756,-402160692
20200507,"13:18:01","SZ","NB",13109219388,15047301249,28156520637,-1938081861
20200507,"13:19:01","SZ","NB",13167830264,15153832850,28321663114,-1986002586
20200507,"13:19:01","SH","NB",9526926755,9946235121,19473161876,-419308366
20200507,"13:20:01","SH","NB",9570206593,9995210424,19565417017,-425003831
20200507,"13:20:01","SZ","NB",13209826970,15227389114,28437216084,-2017562144
20200507,"13:21:01","SH","NB",9636633937,10076808086,19713442023,-440174149
20200507,"13:21:01","SZ","NB",13322271789,15331212103,28653483892,-2008940314
20200507,"13:22:01","SH","NB",9692112130,10126321827,19818433957,-434209697
20200507,"13:22:01","SZ","NB",13378900291,15389173815,28768074106,-2010273524
20200507,"13:23:01","SH","NB",9744064852,10188737394,19932802246,-444672542
20200507,"13:23:01","SZ","NB",13433255269,15438842111,28872097380,-2005586842
20200507,"13:24:01","SH","NB",9779987135,10244591969,20024579104,-464604834
20200507,"13:24:01","SZ","NB",13478970929,15500819606,28979790535,-2021848677
20200507,"13:25:01","SH","NB",9824315139,10325230886,20149546025,-500915747
20200507,"13:25:01","SZ","NB",13518031116,15573347938,29091379054,-2055316822
20200507,"13:26:01","SH","NB",9872190469,10415468404,20287658873,-543277935
20200507,"13:26:01","SZ","NB",13562854341,15724221835,29287076176,-2161367494
20200507,"13:27:01","SH","NB",9940981299,10478718688,20419699987,-537737389
20200507,"13:27:01","SZ","NB",13647362604,15778552477,29425915081,-2131189873
20200507,"13:28:01","SH","NB",9986511993,10528925798,20515437791,-542413805
20200507,"13:28:01","SZ","NB",13708963495,15818972020,29527935515,-2110008525
20200507,"13:29:01","SZ","NB",13756776421,15858171187,29614947608,-2101394766
20200507,"13:29:01","SH","NB",10025339795,10575446934,20600786729,-550107139
20200507,"13:30:01","SH","NB",10068676091,10621519461,20690195552,-552843370
20200507,"13:30:01","SZ","NB",13824294241,15901760595,29726054836,-2077466354
20200507,"13:31:01","SH","NB",10135332729,10693687543,20829020272,-558354814
20200507,"13:31:01","SZ","NB",13903339038,15973657017,29876996055,-2070317979
20200507,"13:32:01","SH","NB",10188082354,10751076481,20939158835,-562994127
20200507,"13:32:01","SZ","NB",13983666144,16020083857,30003750001,-2036417713
20200507,"13:33:01","SH","NB",10226370286,10810176579,21036546865,-583806293
20200507,"13:33:01","SZ","NB",14028661408,16079301718,30107963126,-2050640310
20200507,"13:34:01","SH","NB",10269888846,10873606601,21143495447,-603717755
20200507,"13:34:01","SZ","NB",14078731089,16124297506,30203028595,-2045566417
20200507,"13:35:01","SH","NB",10300362597,10922225878,21222588475,-621863281
20200507,"13:35:01","SZ","NB",14116494012,16176088881,30292582893,-2059594869
20200507,"13:36:01","SH","NB",10335095957,10971074868,21306170825,-635978911
20200507,"13:36:01","SZ","NB",14160412688,16218109030,30378521718,-2057696342
20200507,"13:37:01","SH","NB",10375586488,11013455686,21389042174,-637869198
20200507,"13:37:01","SZ","NB",14202424776,16258525127,30460949903,-2056100351
20200507,"13:38:01","SZ","NB",14234937667,16317400862,30552338529,-2082463195
20200507,"13:38:01","SH","NB",10404821750,11074587953,21479409703,-669766203
20200507,"13:39:01","SH","NB",10439346329,11118157265,21557503594,-678810936
20200507,"13:39:01","SZ","NB",14277592168,16355532898,30633125066,-2077940730
20200507,"13:40:01","SH","NB",10479844599,11155568280,21635412879,-675723681
20200507,"13:40:01","SZ","NB",14335268241,16388964443,30724232684,-2053696202
20200507,"13:41:01","SH","NB",10531830147,11213613548,21745443695,-681783401
20200507,"13:41:01","SZ","NB",14399297196,16442214648,30841511844,-2042917452
20200507,"13:42:01","SH","NB",10568475964,11261291465,21829767429,-692815501
20200507,"13:42:01","SZ","NB",14453441082,16480162634,30933603716,-2026721552
20200507,"13:43:01","SH","NB",10630432368,11307387614,21937819982,-676955246
20200507,"13:43:01","SZ","NB",14511578078,16522767515,31034345593,-2011189437
20200507,"13:44:01","SH","NB",10675720619,11362440217,22038160836,-686719598
20200507,"13:44:01","SZ","NB",14564993925,16564015724,31129009649,-1999021799
20200507,"13:45:01","SH","NB",10712837025,11416061643,22128898668,-703224618
20200507,"13:45:01","SZ","NB",14599782215,16618380007,31218162222,-2018597792
20200507,"13:46:01","SH","NB",10737334588,11457632281,22194966869,-720297693
20200507,"13:46:01","SZ","NB",14632859456,16662366910,31295226366,-2029507454
20200507,"13:47:01","SH","NB",10769254023,11497982481,22267236504,-728728458
20200507,"13:47:01","SZ","NB",14668147210,16693624838,31361772048,-2025477628
20200507,"13:48:01","SZ","NB",14704129293,16728608890,31432738183,-2024479597
20200507,"13:48:01","SH","NB",10808613162,11534274005,22342887167,-725660843
20200507,"13:49:01","SH","NB",10847141005,11574436957,22421577962,-727295952
20200507,"13:49:01","SZ","NB",14747097667,16762192598,31509290265,-2015094931
20200507,"13:50:01","SH","NB",10876554001,11622125546,22498679547,-745571545
20200507,"13:50:01","SZ","NB",14786176728,16805309976,31591486704,-2019133248
20200507,"13:51:01","SH","NB",10918040858,11695645433,22613686291,-777604575
20200507,"13:51:01","SZ","NB",14835164784,16870711098,31705875882,-2035546314
20200507,"13:52:01","SH","NB",10956206930,11736042097,22692249027,-779835167
20200507,"13:52:01","SZ","NB",14870954235,16908554129,31779508364,-2037599894
20200507,"13:53:01","SH","NB",10993908898,11771816880,22765725778,-777907982
20200507,"13:53:01","SZ","NB",14904248858,16941194144,31845443002,-2036945286
20200507,"13:54:01","SZ","NB",14933714038,16980065077,31913779115,-2046351039
20200507,"13:54:01","SH","NB",11033561910,11813713405,22847275315,-780151495
20200507,"13:55:01","SH","NB",11079258716,11859081530,22938340246,-779822814
20200507,"13:55:01","SZ","NB",14981598090,17014858120,31996456210,-2033260030
20200507,"13:56:01","SH","NB",11141738966,11903590640,23045329606,-761851674
20200507,"13:56:01","SZ","NB",15057190952,17043548449,32100739401,-1986357497
20200507,"13:57:01","SH","NB",11206108708,11947679297,23153788005,-741570589
20200507,"13:57:01","SZ","NB",15112687387,17087865770,32200553157,-1975178383
20200507,"13:58:01","SH","NB",11254143540,12000256954,23254400494,-746113414
20200507,"13:58:01","SZ","NB",15149986162,17135756723,32285742885,-1985770561
20200507,"13:59:01","SH","NB",11289913591,12036770659,23326684250,-746857068
20200507,"13:59:01","SZ","NB",15178047842,17186967969,32365015811,-2008920127
20200507,"14:00:01","SH","NB",11326022698,12079025143,23405047841,-753002445
20200507,"14:00:01","SZ","NB",15210235910,17240826210,32451062120,-2030590300
20200507,"14:01:01","SZ","NB",15256011361,17325410465,32581421826,-2069399104
20200507,"14:01:01","SH","NB",11372489369,12151143742,23523633111,-778654373
20200507,"14:02:01","SH","NB",11418307954,12200749564,23619057518,-782441610
20200507,"14:02:01","SZ","NB",15302262406,17362892173,32665154579,-2060629767
20200507,"14:03:01","SH","NB",11467618227,12239198634,23706816861,-771580407
20200507,"14:03:01","SZ","NB",15342262521,17398348452,32740610973,-2056085931
20200507,"14:04:01","SZ","NB",15398697322,17430169622,32828866944,-2031472300
20200507,"14:04:01","SH","NB",11543816823,12281696049,23825512872,-737879226
20200507,"14:05:01","SH","NB",11622322068,12328149918,23950471986,-705827850
20200507,"14:05:01","SZ","NB",15502761820,17472176873,32974938693,-1969415053
20200507,"14:06:01","SH","NB",11672741850,12372676138,24045417988,-699934288
20200507,"14:06:01","SZ","NB",15551200101,17520108974,33071309075,-1968908873
20200507,"14:07:01","SZ","NB",15586909633,17576892545,33163802178,-1989982912
20200507,"14:07:01","SH","NB",11715015456,12414877400,24129892856,-699861944
20200507,"14:08:01","SH","NB",11753338788,12462315694,24215654482,-708976906
20200507,"14:08:01","SZ","NB",15614902977,17619109193,33234012170,-2004206216
20200507,"14:09:01","SH","NB",11785988365,12498072846,24284061211,-712084481
20200507,"14:09:01","SZ","NB",15650332231,17665184233,33315516464,-2014852002
20200507,"14:10:01","SH","NB",11815719013,12536392277,24352111290,-720673264
20200507,"14:10:01","SZ","NB",15684390095,17710072662,33394462757,-2025682567
20200507,"14:11:01","SH","NB",11870483340,12583519043,24454002383,-713035703
20200507,"14:11:01","SZ","NB",15740446332,17760689030,33501135362,-2020242698
20200507,"14:12:01","SH","NB",11929577487,12637545551,24567123038,-707968064
20200507,"14:12:01","SZ","NB",15801615955,17801332818,33602948773,-1999716863
20200507,"14:13:01","SH","NB",11978594224,12683883965,24662478189,-705289741
20200507,"14:13:01","SZ","NB",15842757963,17848510401,33691268364,-2005752438
20200507,"14:14:01","SH","NB",12020311717,12724306381,24744618098,-703994664
20200507,"14:14:01","SZ","NB",15881203260,17893871464,33775074724,-2012668204
20200507,"14:15:01","SZ","NB",15920965471,17971746199,33892711670,-2050780728
20200507,"14:15:01","SH","NB",12058827565,12782873112,24841700677,-724045547
20200507,"14:16:01","SH","NB",12107874616,12831995084,24939869700,-724120468
20200507,"14:16:01","SZ","NB",15959266657,18028178665,33987445322,-2068912008
20200507,"14:17:01","SH","NB",12170151746,12866163977,25036315723,-696012231
20200507,"14:17:01","SZ","NB",15997769625,18061857896,34059627521,-2064088271
20200507,"14:18:01","SH","NB",12205503462,12901934268,25107437730,-696430806
20200507,"14:18:01","SZ","NB",16030681662,18095875069,34126556731,-2065193407
20200507,"14:19:01","SH","NB",12245047231,12943948163,25188995394,-698900932
20200507,"14:19:01","SZ","NB",16074006707,18136211661,34210218368,-2062204954
20200507,"14:20:01","SH","NB",12285795889,12975353666,25261149555,-689557777
20200507,"14:20:01","SZ","NB",16131100217,18178223053,34309323270,-2047122836
20200507,"14:21:01","SH","NB",12351443254,13033668666,25385111920,-682225412
20200507,"14:21:01","SZ","NB",16210831228,18234845671,34445676899,-2024014443
20200507,"14:22:01","SH","NB",12407281777,13080484984,25487766761,-673203207
20200507,"14:22:01","SZ","NB",16289850686,18285556346,34575407032,-1995705660
20200507,"14:23:01","SH","NB",12449483747,13135805059,25585288806,-686321312
20200507,"14:23:01","SZ","NB",16339594653,18338733342,34678327995,-1999138689
20200507,"14:24:01","SZ","NB",16390973541,18402062224,34793035765,-2011088683
20200507,"14:24:01","SH","NB",12482865668,13186463322,25669328990,-703597654
20200507,"14:25:01","SH","NB",12516659958,13228226234,25744886192,-711566276
20200507,"14:25:01","SZ","NB",16436686391,18454660183,34891346574,-2017973792
20200507,"14:26:01","SH","NB",12546712171,13275087685,25821799856,-728375514
20200507,"14:26:01","SZ","NB",16479390825,18497353026,34976743851,-2017962201
20200507,"14:27:01","SH","NB",12574334190,13316414004,25890748194,-742079814
20200507,"14:27:01","SZ","NB",16518202356,18553548602,35071750958,-2035346246
20200507,"14:28:01","SH","NB",12613136900,13362779034,25975915934,-749642134
20200507,"14:28:01","SZ","NB",16572367806,18599299984,35171667790,-2026932178
20200507,"14:29:01","SH","NB",12661904196,13399181576,26061085772,-737277380
20200507,"14:29:01","SZ","NB",16646484460,18642954050,35289438510,-1996469590
20200507,"14:30:01","SZ","NB",16704897116,18673207693,35378104809,-1968310577
20200507,"14:30:01","SH","NB",12706968000,13431704075,26138672075,-724736075
20200507,"14:31:01","SH","NB",12755877873,13542620228,26298498101,-786742355
20200507,"14:31:01","SZ","NB",16777551510,18798792483,35576343993,-2021240973
20200507,"14:32:01","SH","NB",12799096388,13610252556,26409348944,-811156168
20200507,"14:32:01","SZ","NB",16840063850,18865026816,35705090666,-2024962966
20200507,"14:33:01","SH","NB",12851651830,13685974197,26537626027,-834322367
20200507,"14:33:01","SZ","NB",16907033427,18925432377,35832465804,-2018398950
20200507,"14:34:01","SH","NB",12904557147,13750661007,26655218154,-846103860
20200507,"14:34:01","SZ","NB",16967196486,18992292229,35959488715,-2025095743
20200507,"14:35:01","SZ","NB",17033969201,19070471206,36104440407,-2036502005
20200507,"14:35:01","SH","NB",12958102944,13830111093,26788214037,-872008149
20200507,"14:36:01","SH","NB",13014964958,13903987864,26918952822,-889022906
20200507,"14:36:01","SZ","NB",17090855487,19152567858,36243423345,-2061712371
20200507,"14:37:01","SH","NB",13070203460,13975879726,27046083186,-905676266
20200507,"14:37:01","SZ","NB",17173465910,19222880360,36396346270,-2049414450
20200507,"14:38:01","SH","NB",13132920663,14042171566,27175092229,-909250903
20200507,"14:38:01","SZ","NB",17234864017,19288941335,36523805352,-2054077318
20200507,"14:39:01","SH","NB",13180835050,14112834876,27293669926,-931999826
20200507,"14:39:01","SZ","NB",17308340844,19353733473,36662074317,-2045392629
20200507,"14:40:01","SH","NB",13233119287,14176411052,27409530339,-943291765
20200507,"14:40:01","SZ","NB",17370100491,19400377579,36770478070,-2030277088
20200507,"14:41:01","SH","NB",13298267518,14287403933,27585671451,-989136415
20200507,"14:41:01","SZ","NB",17453057145,19535049380,36988106525,-2081992235
20200507,"14:42:01","SH","NB",13351103601,14358008809,27709112410,-1006905208
20200507,"14:42:01","SZ","NB",17524897201,19607142500,37132039701,-2082245299
20200507,"14:43:01","SZ","NB",17623761974,19675996106,37299758080,-2052234132
20200507,"14:43:01","SH","NB",13425746093,14449207114,27874953207,-1023461021
20200507,"14:44:01","SH","NB",13488857527,14517733821,28006591348,-1028876294
20200507,"14:44:01","SZ","NB",17726483854,19734152525,37460636379,-2007668671
20200507,"14:45:01","SH","NB",13540972332,14586375953,28127348285,-1045403621
20200507,"14:45:01","SZ","NB",17797537070,19791370410,37588907480,-1993833340
20200507,"14:46:01","SH","NB",13593006474,14661814900,28254821374,-1068808426
20200507,"14:46:01","SZ","NB",17867063996,19858681814,37725745810,-1991617818
20200507,"14:47:01","SZ","NB",17929601776,19915376241,37844978017,-1985774465
20200507,"14:47:01","SH","NB",13638661536,14745783175,28384444711,-1107121639
20200507,"14:48:01","SH","NB",13698861864,14840622214,28539484078,-1141760350
20200507,"14:48:01","SZ","NB",17990317346,20006289678,37996607024,-2015972332
20200507,"14:49:01","SH","NB",13779783175,14923748849,28703532024,-1143965674
20200507,"14:49:01","SZ","NB",18085665744,20078327889,38163993633,-1992662145
20200507,"14:50:01","SH","NB",13837017880,15003953784,28840971664,-1166935904
20200507,"14:50:01","SZ","NB",18164460224,20136642540,38301102764,-1972182316
20200507,"14:51:01","SH","NB",13937472539,15149612105,29087084644,-1212139566
20200507,"14:51:01","SZ","NB",18275919135,20251793961,38527713096,-1975874826
20200507,"14:52:01","SH","NB",14021982535,15260788877,29282771412,-1238806342
20200507,"14:52:01","SZ","NB",18365967912,20341713793,38707681705,-1975745881
20200507,"14:53:01","SZ","NB",18451087102,20420379912,38871467014,-1969292810
20200507,"14:53:01","SH","NB",14091025877,15371228984,29462254861,-1280203107
20200507,"14:54:01","SH","NB",14169720896,15482619877,29652340773,-1312898981
20200507,"14:54:01","SZ","NB",18554578972,20522835367,39077414339,-1968256395
20200507,"14:55:01","SH","NB",14247753179,15574027147,29821780326,-1326273968
20200507,"14:55:01","SZ","NB",18644352501,20602315999,39246668500,-1957963498
20200507,"14:56:01","SH","NB",14342219459,15688205163,30030424622,-1345985704
20200507,"14:56:01","SZ","NB",18764818806,20706100955,39470919761,-1941282149
20200507,"14:57:01","SH","NB",14404627865,15761978860,30166606725,-1357350995
20200507,"14:57:01","SZ","NB",18853262979,20762403174,39615666153,-1909140195
20200507,"14:58:01","SH","NB",14406809202,15763620193,30170429395,-1356810991
20200507,"14:58:01","SZ","NB",18855187576,20763844900,39619032476,-1908657324
20200507,"15:00:01","SZ","NB",18942256335,20836810573,39779066908,-1894554238
20200507,"15:01:01","SH","NB",14749687410,16060011988,30809699398,-1310324578
20200507,"15:01:01","SZ","NB",19238166420,21076274541,40314440961,-1838108121
