dataDate,dataTime,connectMarket,tradeDirection,buyTurnover,sellTurnover,totalTurnover,netTurnover
20200810,"09:30:01","SH","NB",256729641,170863398,427593039,85866243
20200810,"09:30:01","SZ","NB",193429772,234309449,427739221,-40879677
20200810,"09:31:01","SH","NB",812138842,613269895,1425408737,198868947
20200810,"09:31:01","SZ","NB",961485648,981857761,1943343409,-20372113
20200810,"09:32:01","SH","NB",1199763330,1113980291,2313743621,85783039
20200810,"09:32:01","SZ","NB",1541648576,1819068655,3360717231,-277420079
20200810,"09:33:01","SH","NB",1667610620,1524838847,3192449467,142771773
20200810,"09:33:01","SZ","NB",2440021645,2457140882,4897162527,-17119237
20200810,"09:34:01","SH","NB",2038364214,1924107219,3962471433,114256995
20200810,"09:34:01","SZ","NB",3159743794,3141565694,6301309488,18178100
20200810,"09:35:01","SH","NB",2364523876,2245672455,4610196331,118851421
20200810,"09:35:01","SZ","NB",3859671074,3740727894,7600398968,118943180
20200810,"09:36:01","SH","NB",2562879667,2740538188,5303417855,-177658521
20200810,"09:36:01","SZ","NB",4242158946,4443061458,8685220404,-200902512
20200810,"09:37:01","SH","NB",2917334552,3031449748,5948784300,-114115196
20200810,"09:37:01","SZ","NB",4954879254,4919395637,9874274891,35483617
20200810,"09:38:01","SH","NB",3147201066,3357490399,6504691465,-210289333
20200810,"09:38:01","SZ","NB",5363262792,5479744294,10843007086,-116481502
20200810,"09:39:01","SZ","NB",5774113806,5804985310,11579099116,-30871504
20200810,"09:39:01","SH","NB",3441601863,3591077749,7032679612,-149475886
20200810,"09:40:01","SH","NB",3618666702,3861416960,7480083662,-242750258
20200810,"09:40:01","SZ","NB",6085711584,6244312399,12330023983,-158600815
20200810,"09:41:01","SH","NB",3860940255,4077376408,7938316663,-216436153
20200810,"09:41:01","SZ","NB",6509459525,6671648622,13181108147,-162189097
20200810,"09:42:01","SH","NB",4199348463,4244413516,8443761979,-45065053
20200810,"09:42:01","SZ","NB",7169809689,6974571947,14144381636,195237742
20200810,"09:43:01","SH","NB",4373474117,4486716607,8860190724,-113242490
20200810,"09:43:01","SZ","NB",7421291329,7358784882,14780076211,62506447
20200810,"09:44:01","SH","NB",4540934469,4647803779,9188738248,-106869310
20200810,"09:44:01","SZ","NB",7731974997,7673784082,15405759079,58190915
20200810,"09:45:01","SH","NB",4707235938,4834185920,9541421858,-126949982
20200810,"09:45:01","SZ","NB",7973273549,8001267796,15974541345,-27994247
20200810,"09:46:01","SH","NB",4905399139,5224398194,10129797333,-318999055
20200810,"09:46:01","SZ","NB",8298486683,8634027502,16932514185,-335540819
20200810,"09:47:01","SH","NB",5095812178,5494534860,10590347038,-398722682
20200810,"09:47:01","SZ","NB",8694476924,8966043688,17660520612,-271566764
20200810,"09:48:01","SZ","NB",8988622246,9232555725,18221177971,-243933479
20200810,"09:48:01","SH","NB",5280495511,5723857658,11004353169,-443362147
20200810,"09:49:01","SH","NB",5514261623,5844835437,11359097060,-330573814
20200810,"09:49:01","SZ","NB",9345994712,9435069532,18781064244,-89074820
20200810,"09:50:01","SH","NB",5663644905,6136807826,11800452731,-473162921
20200810,"09:50:01","SZ","NB",9553509956,9930609424,19484119380,-377099468
20200810,"09:51:01","SH","NB",5826076201,6366051000,12192127201,-539974799
20200810,"09:51:01","SZ","NB",9842983476,10296283115,20139266591,-453299639
20200810,"09:52:01","SH","NB",6010828700,6708924830,12719753530,-698096130
20200810,"09:52:01","SZ","NB",10111197750,10790358909,20901556659,-679161159
20200810,"09:53:01","SH","NB",6336916208,6862291812,13199208020,-525375604
20200810,"09:53:01","SZ","NB",10676412288,10984048229,21660460517,-307635941
20200810,"09:54:01","SZ","NB",10861886532,11217150924,22079037456,-355264392
20200810,"09:54:01","SH","NB",6492355896,7032168675,13524524571,-539812779
20200810,"09:55:01","SH","NB",6619861368,7354288348,13974149716,-734426980
20200810,"09:55:01","SZ","NB",11067944388,11669611107,22737555495,-601666719
20200810,"09:56:01","SH","NB",7087214797,7507194872,14594409669,-419980075
20200810,"09:56:01","SZ","NB",11710049464,11891793184,23601842648,-181743720
20200810,"09:57:01","SZ","NB",11974956210,12205989045,24180945255,-231032835
20200810,"09:57:01","SH","NB",7282768944,7696156084,14978925028,-413387140
20200810,"09:58:01","SH","NB",7374272611,7983896845,15358169456,-609624234
20200810,"09:58:01","SZ","NB",12103855989,12676979409,24780835398,-573123420
20200810,"09:59:01","SH","NB",7600537324,8141952410,15742489734,-541415086
20200810,"09:59:01","SZ","NB",12385560705,12938318779,25323879484,-552758074
20200810,"10:00:01","SH","NB",7694725237,8388727955,16083453192,-694002718
20200810,"10:00:01","SZ","NB",12517912675,13353805594,25871718269,-835892919
20200810,"10:01:01","SH","NB",7805891149,8733072597,16538963746,-927181448
20200810,"10:01:01","SZ","NB",12675749858,13855836357,26531586215,-1180086499
20200810,"10:02:01","SH","NB",8113262328,8887479708,17000742036,-774217380
20200810,"10:02:01","SZ","NB",13109640478,14084930136,27194570614,-975289658
20200810,"10:03:01","SH","NB",8251650229,9056233015,17307883244,-804582786
20200810,"10:03:01","SZ","NB",13333372946,14297957876,27631330822,-964584930
20200810,"10:04:01","SH","NB",8458488016,9186189811,17644677827,-727701795
20200810,"10:04:01","SZ","NB",13552774639,14448482739,28001257378,-895708100
20200810,"10:05:01","SH","NB",8586625940,9389688479,17976314419,-803062539
20200810,"10:05:01","SZ","NB",13690996655,14785774001,28476770656,-1094777346
20200810,"10:06:01","SH","NB",8735674757,9519146548,18254821305,-783471791
20200810,"10:06:01","SZ","NB",13880433645,14990402528,28870836173,-1109968883
20200810,"10:07:01","SZ","NB",14090872300,15161972247,29252844547,-1071099947
20200810,"10:07:01","SH","NB",8891903541,9623304950,18515208491,-731401409
20200810,"10:08:01","SH","NB",9151398628,9745630745,18897029373,-594232117
20200810,"10:08:01","SZ","NB",14304257051,15301127097,29605384148,-996870046
20200810,"10:09:01","SH","NB",9471118013,9840786097,19311904110,-369668084
20200810,"10:09:01","SZ","NB",14557939019,15432765395,29990704414,-874826376
20200810,"10:10:01","SH","NB",9741553239,9973019413,19714572652,-231466174
20200810,"10:10:01","SZ","NB",14793941223,15610131551,30404072774,-816190328
20200810,"10:11:01","SH","NB",10157486954,10152554921,20310041875,4932033
20200810,"10:11:01","SZ","NB",15198517641,15829126818,31027644459,-630609177
20200810,"10:12:01","SH","NB",10316396176,10421566580,20737962756,-105170404
20200810,"10:12:01","SZ","NB",15398408047,16175840090,31574248137,-777432043
20200810,"10:13:01","SH","NB",10606968661,10565685817,21172654478,41282844
20200810,"10:13:01","SZ","NB",15598268335,16356689885,31954958220,-758421550
20200810,"10:14:01","SH","NB",10712669951,10790467451,21503137402,-77797500
20200810,"10:14:01","SZ","NB",15700706608,16591206054,32291912662,-890499446
20200810,"10:15:01","SH","NB",10854368543,10908369268,21762737811,-54000725
20200810,"10:15:01","SZ","NB",15832850747,16742537594,32575388341,-909686847
20200810,"10:16:01","SH","NB",11074353528,11074737450,22149090978,-383922
20200810,"10:16:01","SZ","NB",15998553874,16921455810,32920009684,-922901936
20200810,"10:17:01","SZ","NB",16098743309,17047356850,33146100159,-948613541
20200810,"10:17:01","SH","NB",11163160599,11191495102,22354655701,-28334503
20200810,"10:18:01","SH","NB",11261468642,11345081928,22606550570,-83613286
20200810,"10:18:01","SZ","NB",16210284191,17266655206,33476939397,-1056371015
20200810,"10:19:01","SH","NB",11358652065,11457445137,22816097202,-98793072
20200810,"10:19:01","SZ","NB",16336940933,17389801403,33726742336,-1052860470
20200810,"10:20:01","SH","NB",11578565396,11549724524,23128289920,28840872
20200810,"10:20:01","SZ","NB",16599089732,17508761659,34107851391,-909671927
20200810,"10:21:01","SH","NB",11724272488,11809950308,23534222796,-85677820
20200810,"10:21:01","SZ","NB",16811343951,17902584365,34713928316,-1091240414
20200810,"10:22:01","SH","NB",11790434229,11893113409,23683547638,-102679180
20200810,"10:22:01","SZ","NB",16924614226,18022951421,34947565647,-1098337195
20200810,"10:23:01","SH","NB",11889147339,11982001332,23871148671,-92853993
20200810,"10:23:01","SZ","NB",17068836926,18146984079,35215821005,-1078147153
20200810,"10:24:01","SH","NB",12176805981,12093825558,24270631539,82980423
20200810,"10:24:01","SZ","NB",17359925416,18262777727,35622703143,-902852311
20200810,"10:25:01","SZ","NB",17446112360,18384643340,35830755700,-938530980
20200810,"10:25:01","SH","NB",12258768544,12206074885,24464843429,52693659
20200810,"10:26:01","SH","NB",12426837376,12283909914,24710747290,142927462
20200810,"10:26:01","SZ","NB",17560132853,18508678910,36068811763,-948546057
20200810,"10:27:01","SH","NB",12514910778,12365533231,24880444009,149377547
20200810,"10:27:01","SZ","NB",17653412740,18633013188,36286425928,-979600448
20200810,"10:28:01","SH","NB",12579334164,12530502709,25109836873,48831455
20200810,"10:28:01","SZ","NB",17757526457,18911388560,36668915017,-1153862103
20200810,"10:29:01","SH","NB",12654469088,12601094033,25255563121,53375055
20200810,"10:29:01","SZ","NB",17880252609,18991210947,36871463556,-1110958338
20200810,"10:30:01","SZ","NB",17971389856,19058067767,37029457623,-1086677911
20200810,"10:30:01","SH","NB",12718421656,12659331984,25377753640,59089672
20200810,"10:31:01","SH","NB",13110581006,12726764529,25837345535,383816477
20200810,"10:31:01","SZ","NB",18330814898,19149994498,37480809396,-819179600
20200810,"10:32:01","SH","NB",13295678900,12848849871,26144528771,446829029
20200810,"10:32:01","SZ","NB",18484842649,19303629217,37788471866,-818786568
20200810,"10:33:01","SH","NB",13443240148,13126418597,26569658745,316821551
20200810,"10:33:01","SZ","NB",18593953578,19758678964,38352632542,-1164725386
20200810,"10:34:01","SH","NB",13505598948,13196094751,26701693699,309504197
20200810,"10:34:01","SZ","NB",18675817790,19852987775,38528805565,-1177169985
20200810,"10:35:01","SZ","NB",18778878231,19944314499,38723192730,-1165436268
20200810,"10:35:01","SH","NB",13613505964,13268392748,26881898712,345113216
20200810,"10:36:01","SH","NB",13680828759,13375419802,27056248561,305408957
20200810,"10:36:01","SZ","NB",18849609073,20129090593,38978699666,-1279481520
20200810,"10:37:01","SH","NB",13731296180,13472638295,27203934475,258657885
20200810,"10:37:01","SZ","NB",18905644647,20241756401,39147401048,-1336111754
20200810,"10:38:01","SH","NB",13796782439,13534070549,27330852988,262711890
20200810,"10:38:01","SZ","NB",18970443341,20320415192,39290858533,-1349971851
20200810,"10:39:01","SH","NB",13883772559,13600182699,27483955258,283589860
20200810,"10:39:01","SZ","NB",19060788763,20405478499,39466267262,-1344689736
20200810,"10:40:01","SH","NB",13945807464,13663901124,27609708588,281906340
20200810,"10:40:01","SZ","NB",19125858163,20488607448,39614465611,-1362749285
20200810,"10:41:01","SH","NB",14026118533,13781932717,27808051250,244185816
20200810,"10:41:01","SZ","NB",19215780059,20686119463,39901899522,-1470339404
20200810,"10:42:01","SH","NB",14074434055,13864175733,27938609788,210258322
20200810,"10:42:01","SZ","NB",19299920656,20789895839,40089816495,-1489975183
20200810,"10:43:01","SZ","NB",19428781172,20879085341,40307866513,-1450304169
20200810,"10:43:01","SH","NB",14214375937,13932421470,28146797407,281954467
20200810,"10:44:01","SH","NB",14272053752,14001488623,28273542375,270565129
20200810,"10:44:01","SZ","NB",19489244361,20990352704,40479597065,-1501108343
20200810,"10:45:01","SH","NB",14311138584,14043751366,28354889950,267387218
20200810,"10:45:01","SZ","NB",19549131755,21048158794,40597290549,-1499027039
20200810,"10:46:01","SH","NB",14359890940,14118553562,28478444502,241337378
20200810,"10:46:01","SZ","NB",19617661677,21138604684,40756266361,-1520943007
20200810,"10:47:01","SH","NB",14410696725,14243122731,28653819456,167573994
20200810,"10:47:01","SZ","NB",19681283817,21257182519,40938466336,-1575898702
20200810,"10:48:01","SH","NB",14450905674,14354822274,28805727948,96083400
20200810,"10:48:01","SZ","NB",19768872854,21405013621,41173886475,-1636140767
20200810,"10:49:01","SH","NB",14513197466,14491940881,29005138347,21256585
20200810,"10:49:01","SZ","NB",19866876176,21545355396,41412231572,-1678479220
20200810,"10:50:01","SH","NB",14627095763,14555158811,29182254574,71936952
20200810,"10:50:01","SZ","NB",20036689516,21613160839,41649850355,-1576471323
20200810,"10:51:01","SZ","NB",20156717986,21692745554,41849463540,-1536027568
20200810,"10:51:01","SH","NB",14740662271,14613269590,29353931861,127392681
20200810,"10:52:01","SH","NB",14796812953,14650319010,29447131963,146493943
20200810,"10:52:01","SZ","NB",20252210927,21763759318,42015970245,-1511548391
20200810,"10:53:01","SH","NB",14843463525,14725201392,29568664917,118262133
20200810,"10:53:01","SZ","NB",20323008651,21888261163,42211269814,-1565252512
20200810,"10:54:01","SH","NB",14893792375,14764229528,29658021903,129562847
20200810,"10:54:01","SZ","NB",20400892808,21962308896,42363201704,-1561416088
20200810,"10:55:01","SH","NB",14954349757,14839645672,29793995429,114704085
20200810,"10:55:01","SZ","NB",20489546994,22081287387,42570834381,-1591740393
20200810,"10:56:01","SH","NB",15102903972,14880616875,29983520847,222287097
20200810,"10:56:01","SZ","NB",20681785874,22148368878,42830154752,-1466583004
20200810,"10:57:01","SZ","NB",20863191269,22222847571,43086038840,-1359656302
20200810,"10:57:01","SH","NB",15263804817,14938887634,30202692451,324917183
20200810,"10:58:01","SH","NB",15303914743,14990858646,30294773389,313056097
20200810,"10:58:01","SZ","NB",20903471538,22290510447,43193981985,-1387038909
20200810,"10:59:01","SH","NB",15367589733,15029181067,30396770800,338408666
20200810,"10:59:01","SZ","NB",20966341439,22341815349,43308156788,-1375473910
20200810,"11:00:01","SH","NB",15407398619,15101959474,30509358093,305439145
20200810,"11:00:01","SZ","NB",21026744168,22473440424,43500184592,-1446696256
20200810,"11:01:01","SH","NB",15457418885,15155844882,30613263767,301574003
20200810,"11:01:01","SZ","NB",21086751423,22542703083,43629454506,-1455951660
20200810,"11:02:01","SH","NB",15587984790,15205174663,30793159453,382810127
20200810,"11:02:01","SZ","NB",21175957715,22592903883,43768861598,-1416946168
20200810,"11:03:01","SH","NB",15715317411,15247850977,30963168388,467466434
20200810,"11:03:01","SZ","NB",21279582648,22666152619,43945735267,-1386569971
20200810,"11:04:01","SH","NB",15819490910,15307081639,31126572549,512409271
20200810,"11:04:01","SZ","NB",21370958905,22761999300,44132958205,-1391040395
20200810,"11:05:01","SZ","NB",21448193731,22866686875,44314880606,-1418493144
20200810,"11:05:01","SH","NB",15876063065,15369408910,31245471975,506654155
20200810,"11:06:01","SH","NB",15907331564,15419963537,31327295101,487368027
20200810,"11:06:01","SZ","NB",21501723793,22943547688,44445271481,-1441823895
20200810,"11:07:01","SH","NB",16033461213,15463366773,31496827986,570094440
20200810,"11:07:01","SZ","NB",21623365125,22994671573,44618036698,-1371306448
20200810,"11:08:01","SH","NB",16124021026,15502447335,31626468361,621573691
20200810,"11:08:01","SZ","NB",21706658014,23058806291,44765464305,-1352148277
20200810,"11:09:01","SH","NB",16182780136,15560851051,31743631187,621929085
20200810,"11:09:01","SZ","NB",21758757179,23124814852,44883572031,-1366057673
20200810,"11:10:01","SZ","NB",21835509150,23172505283,45008014433,-1336996133
20200810,"11:10:01","SH","NB",16238116077,15595029612,31833145689,643086465
20200810,"11:11:01","SH","NB",16287458622,15716627482,32004086104,570831140
20200810,"11:11:01","SZ","NB",21905574813,23376188218,45281763031,-1470613405
20200810,"11:12:01","SH","NB",16318224610,15768602584,32086827194,549622026
20200810,"11:12:01","SZ","NB",21952999945,23448083812,45401083757,-1495083867
20200810,"11:13:01","SH","NB",16374224556,15806375706,32180600262,567848850
20200810,"11:13:01","SZ","NB",22027146528,23521746924,45548893452,-1494600396
20200810,"11:14:01","SH","NB",16426518250,15838754546,32265272796,587763704
20200810,"11:14:01","SZ","NB",22089095772,23572184613,45661280385,-1483088841
20200810,"11:15:01","SH","NB",16473685885,15867187497,32340873382,606498388
20200810,"11:15:01","SZ","NB",22143815131,23614938741,45758753872,-1471123610
20200810,"11:16:01","SH","NB",16530755159,15899092085,32429847244,631663074
20200810,"11:16:01","SZ","NB",22217022539,23658433010,45875455549,-1441410471
20200810,"11:17:01","SH","NB",16571056603,15949425653,32520482256,621630950
20200810,"11:17:01","SZ","NB",22269101183,23736537461,46005638644,-1467436278
20200810,"11:18:01","SH","NB",16604417272,15980254819,32584672091,624162453
20200810,"11:18:01","SZ","NB",22316861826,23791665455,46108527281,-1474803629
20200810,"11:19:01","SH","NB",16830742985,16024343495,32855086480,806399490
20200810,"11:19:01","SZ","NB",22519696774,23844490234,46364187008,-1324793460
20200810,"11:20:01","SZ","NB",22583135869,23998333844,46581469713,-1415197975
20200810,"11:20:01","SH","NB",16867477409,16126856275,32994333684,740621134
20200810,"11:21:01","SH","NB",16899137347,16200270739,33099408086,698866608
20200810,"11:21:01","SZ","NB",22633461269,24088685278,46722146547,-1455224009
20200810,"11:22:01","SH","NB",16934321128,16289055319,33223376447,645265809
20200810,"11:22:01","SZ","NB",22681664846,24171720375,46853385221,-1490055529
20200810,"11:23:01","SH","NB",16993662038,16339071380,33332733418,654590658
20200810,"11:23:01","SZ","NB",22756738524,24230041480,46986780004,-1473302956
20200810,"11:24:01","SH","NB",17042651629,16371050932,33413702561,671600697
20200810,"11:24:01","SZ","NB",22827886960,24289893828,47117780788,-1462006868
20200810,"11:25:01","SH","NB",17070833388,16407089250,33477922638,663744138
20200810,"11:25:01","SZ","NB",22867182112,24345828546,47213010658,-1478646434
20200810,"11:26:01","SH","NB",17111740973,16453260202,33565001175,658480771
20200810,"11:26:01","SZ","NB",22918337181,24396412163,47314749344,-1478074982
20200810,"11:27:01","SH","NB",17193342548,16488415675,33681758223,704926873
20200810,"11:27:01","SZ","NB",22983951930,24454448731,47438400661,-1470496801
20200810,"11:28:01","SH","NB",17255919486,16516453529,33772373015,739465957
20200810,"11:28:01","SZ","NB",23074913699,24496572295,47571485994,-1421658596
20200810,"11:29:01","SH","NB",17294666595,16556917937,33851584532,737748658
20200810,"11:29:01","SZ","NB",23152080715,24552494388,47704575103,-1400413673
20200810,"11:30:01","SZ","NB",23180878244,24590264692,47771142936,-1409386448
20200810,"11:30:01","SH","NB",17316653069,16597134809,33913787878,719518260
20200810,"11:31:01","SH","NB",17317375796,16599220887,33916596683,718154909
20200810,"11:31:01","SZ","NB",23181949801,24592878526,47774828327,-1410928725
20200810,"13:00:01","SZ","NB",23187882995,24600458368,47788341363,-1412575373
20200810,"13:01:01","SH","NB",17498400268,16734217405,34232617673,764182863
20200810,"13:01:01","SZ","NB",23409960080,24773221102,48183181182,-1363261022
20200810,"13:02:01","SH","NB",17576985239,16853614114,34430599353,723371125
20200810,"13:02:01","SZ","NB",23504864529,24891454574,48396319103,-1386590045
20200810,"13:03:01","SH","NB",17655443040,16928378816,34583821856,727064224
20200810,"13:03:01","SZ","NB",23604115605,24985242432,48589358037,-1381126827
20200810,"13:04:01","SH","NB",17744051014,16982726680,34726777694,761324334
20200810,"13:04:01","SZ","NB",23719819842,25063736960,48783556802,-1343917118
20200810,"13:05:01","SZ","NB",23796882334,25140278584,48937160918,-1343396250
20200810,"13:05:01","SH","NB",17811310661,17031377351,34842688012,779933310
20200810,"13:06:01","SH","NB",17922631610,17099546621,35022178231,823084989
20200810,"13:06:01","SZ","NB",23939527150,25234427604,49173954754,-1294900454
20200810,"13:07:01","SH","NB",18004044028,17152264806,35156308834,851779222
20200810,"13:07:01","SZ","NB",24025824577,25315587449,49341412026,-1289762872
20200810,"13:08:01","SH","NB",18060374554,17202226408,35262600962,858148146
20200810,"13:08:01","SZ","NB",24099705221,25393534083,49493239304,-1293828862
20200810,"13:09:01","SH","NB",18098483769,17297163560,35395647329,801320209
20200810,"13:09:01","SZ","NB",24156659608,25490744776,49647404384,-1334085168
20200810,"13:10:01","SH","NB",18139373964,17348831522,35488205486,790542442
20200810,"13:10:01","SZ","NB",24214241529,25559189874,49773431403,-1344948345
20200810,"13:11:01","SH","NB",18200424282,17404879147,35605303429,795545135
20200810,"13:11:01","SZ","NB",24383742995,25639191607,50022934602,-1255448612
20200810,"13:12:01","SH","NB",18283682634,17456570896,35740253530,827111738
20200810,"13:12:01","SZ","NB",24510532796,25701394401,50211927197,-1190861605
20200810,"13:13:01","SZ","NB",24613788570,25800542210,50414330780,-1186753640
20200810,"13:13:01","SH","NB",18352634752,17523022348,35875657100,829612404
20200810,"13:14:01","SH","NB",18401405705,17581713287,35983118992,819692418
20200810,"13:14:01","SZ","NB",24694485999,25888967389,50583453388,-1194481390
20200810,"13:15:01","SH","NB",18511568282,17629961957,36141530239,881606325
20200810,"13:15:01","SZ","NB",24796332994,25966925429,50763258423,-1170592435
20200810,"13:16:01","SZ","NB",24878807320,26044260032,50923067352,-1165452712
20200810,"13:16:01","SH","NB",18609345038,17696608972,36305954010,912736066
20200810,"13:17:01","SH","NB",18669399145,17786845240,36456244385,882553905
20200810,"13:17:01","SZ","NB",24947446716,26181066765,51128513481,-1233620049
20200810,"13:18:01","SH","NB",18724193476,17837595611,36561789087,886597865
20200810,"13:18:01","SZ","NB",24995903759,26246211580,51242115339,-1250307821
20200810,"13:19:01","SZ","NB",25074066262,26297173153,51371239415,-1223106891
20200810,"13:19:01","SH","NB",18766347872,17875691348,36642039220,890656524
20200810,"13:20:01","SH","NB",18928154891,17916641684,36844796575,1011513207
20200810,"13:20:01","SZ","NB",25287835692,26355173179,51643008871,-1067337487
20200810,"13:21:01","SH","NB",19066959407,17978351905,37045311312,1088607502
20200810,"13:21:01","SZ","NB",25492807158,26445944092,51938751250,-953136934
20200810,"13:22:01","SH","NB",19121687984,18037941619,37159629603,1083746365
20200810,"13:22:01","SZ","NB",25556242357,26535273008,52091515365,-979030651
20200810,"13:23:01","SH","NB",19185206626,18119008851,37304215477,1066197775
20200810,"13:23:01","SZ","NB",25632427579,26670802664,52303230243,-1038375085
20200810,"13:24:01","SH","NB",19243981797,18159951587,37403933384,1084030210
20200810,"13:24:01","SZ","NB",25740509082,26787076812,52527585894,-1046567730
20200810,"13:25:01","SH","NB",19310331842,18200936635,37511268477,1109395207
20200810,"13:25:01","SZ","NB",25867240729,26863998548,52731239277,-996757819
20200810,"13:26:01","SH","NB",19350810498,18274692370,37625502868,1076118128
20200810,"13:26:01","SZ","NB",25926647798,26980988174,52907635972,-1054340376
20200810,"13:27:01","SH","NB",19400350453,18324804220,37725154673,1075546233
20200810,"13:27:01","SZ","NB",25982912885,27064148218,53047061103,-1081235333
20200810,"13:28:01","SH","NB",19434840427,18368981678,37803822105,1065858749
20200810,"13:28:01","SZ","NB",26029985056,27133235353,53163220409,-1103250297
20200810,"13:29:01","SZ","NB",26151840868,27184546313,53336387181,-1032705445
20200810,"13:29:01","SH","NB",19505195017,18405361837,37910556854,1099833180
20200810,"13:30:01","SH","NB",19541773727,18427751589,37969525316,1114022138
20200810,"13:30:01","SZ","NB",26229196988,27240852358,53470049346,-1011655370
20200810,"13:31:01","SH","NB",19594258115,18502361048,38096619163,1091897067
20200810,"13:31:01","SZ","NB",26324732965,27359270653,53684003618,-1034537688
20200810,"13:32:01","SH","NB",19627827579,18542346479,38170174058,1085481100
20200810,"13:32:01","SZ","NB",26370156082,27423818311,53793974393,-1053662229
20200810,"13:33:01","SH","NB",19703137809,18577790699,38280928508,1125347110
20200810,"13:33:01","SZ","NB",26505467162,27501040972,54006508134,-995573810
20200810,"13:34:01","SH","NB",19783491814,18612291884,38395783698,1171199930
20200810,"13:34:01","SZ","NB",26595861589,27578204397,54174065986,-982342808
20200810,"13:35:01","SH","NB",19851382936,18651935910,38503318846,1199447026
20200810,"13:35:01","SZ","NB",26666773144,27654645769,54321418913,-987872625
20200810,"13:36:01","SH","NB",19891492110,18710040476,38601532586,1181451634
20200810,"13:36:01","SZ","NB",26715902839,27735292423,54451195262,-1019389584
20200810,"13:37:01","SZ","NB",26817208602,27800701127,54617909729,-983492525
20200810,"13:37:01","SH","NB",19943134251,18754195651,38697329902,1188938600
20200810,"13:38:01","SH","NB",19995641022,18794303855,38789944877,1201337167
20200810,"13:38:01","SZ","NB",26910614675,27885173640,54795788315,-974558965
20200810,"13:39:01","SH","NB",20045166028,18852343370,38897509398,1192822658
20200810,"13:39:01","SZ","NB",26976541335,27983892682,54960434017,-1007351347
20200810,"13:40:01","SZ","NB",27042048503,28120833514,55162882017,-1078785011
20200810,"13:40:01","SH","NB",20088538982,18921384690,39009923672,1167154292
20200810,"13:41:01","SH","NB",20141480718,19035695666,39177176384,1105785052
20200810,"13:41:01","SZ","NB",27112199433,28335574403,55447773836,-1223374970
20200810,"13:42:01","SH","NB",20189257292,19084416448,39273673740,1104840844
20200810,"13:42:01","SZ","NB",27171123303,28389383458,55560506761,-1218260155
20200810,"13:43:01","SH","NB",20234241998,19138322527,39372564525,1095919471
20200810,"13:43:01","SZ","NB",27227178806,28464274948,55691453754,-1237096142
20200810,"13:44:01","SZ","NB",27282418531,28504628967,55787047498,-1222210436
20200810,"13:44:01","SH","NB",20281280464,19161671435,39442951899,1119609029
20200810,"13:45:01","SH","NB",20330447330,19194508928,39524956258,1135938402
20200810,"13:45:01","SZ","NB",27351430395,28552718967,55904149362,-1201288572
20200810,"13:46:01","SH","NB",20368979990,19243976718,39612956708,1125003272
20200810,"13:46:01","SZ","NB",27402055749,28620148276,56022204025,-1218092527
20200810,"13:47:01","SH","NB",20406304345,19281187158,39687491503,1125117187
20200810,"13:47:01","SZ","NB",27453160552,28684505114,56137665666,-1231344562
20200810,"13:48:01","SH","NB",20445169278,19321491222,39766660500,1123678056
20200810,"13:48:01","SZ","NB",27519446481,28738082533,56257529014,-1218636052
20200810,"13:49:01","SH","NB",20490995343,19443301817,39934297160,1047693526
20200810,"13:49:01","SZ","NB",27572412040,28847227276,56419639316,-1274815236
20200810,"13:50:01","SH","NB",20539409206,19490333598,40029742804,1049075608
20200810,"13:50:01","SZ","NB",27643458303,28900685364,56544143667,-1257227061
20200810,"13:51:01","SZ","NB",27780112668,28952313575,56732426243,-1172200907
20200810,"13:51:01","SH","NB",20615557711,19528941291,40144499002,1086616420
20200810,"13:52:01","SH","NB",20682108118,19559465440,40241573558,1122642678
20200810,"13:52:01","SZ","NB",27867552152,29009036398,56876588550,-1141484246
20200810,"13:53:01","SH","NB",20747767510,19602974030,40350741540,1144793480
20200810,"13:53:01","SZ","NB",27949097485,29083003861,57032101346,-1133906376
20200810,"13:54:01","SH","NB",20794821224,19636588974,40431410198,1158232250
20200810,"13:54:01","SZ","NB",28045430791,29146244647,57191675438,-1100813856
20200810,"13:55:01","SH","NB",20843272425,19671442932,40514715357,1171829493
20200810,"13:55:01","SZ","NB",28122759766,29232022431,57354782197,-1109262665
20200810,"13:56:01","SH","NB",20888547359,19708914524,40597461883,1179632835
20200810,"13:56:01","SZ","NB",28186751099,29293515443,57480266542,-1106764344
20200810,"13:57:01","SH","NB",20938097513,19769617217,40707714730,1168480296
20200810,"13:57:01","SZ","NB",28252506348,29380085165,57632591513,-1127578817
20200810,"13:58:01","SH","NB",20980235494,19810066844,40790302338,1170168650
20200810,"13:58:01","SZ","NB",28308235531,29449769764,57758005295,-1141534233
20200810,"13:59:01","SH","NB",21020628539,19852221621,40872850160,1168406918
20200810,"13:59:01","SZ","NB",28358284838,29516546513,57874831351,-1158261675
20200810,"14:00:01","SZ","NB",28400930354,29568016014,57968946368,-1167085660
20200810,"14:00:01","SH","NB",21048066831,19891752998,40939819829,1156313833
20200810,"14:01:01","SH","NB",21222343736,19941973640,41164317376,1280370096
20200810,"14:01:01","SZ","NB",28657265040,29635014243,58292279283,-977749203
20200810,"14:02:01","SH","NB",21366448500,19990110114,41356558614,1376338386
20200810,"14:02:01","SZ","NB",28843350659,29724767460,58568118119,-881416801
20200810,"14:03:01","SH","NB",21595730296,20047157660,41642887956,1548572636
20200810,"14:03:01","SZ","NB",29083422228,29834792550,58918214778,-751370322
20200810,"14:04:01","SZ","NB",29174701649,30036171683,59210873332,-861470034
20200810,"14:04:01","SH","NB",21666790470,20143130914,41809921384,1523659556
20200810,"14:05:01","SH","NB",21711333221,20189410159,41900743380,1521923062
20200810,"14:05:01","SZ","NB",29226568644,30119885867,59346454511,-893317223
20200810,"14:06:01","SH","NB",21752400409,20254227847,42006628256,1498172562
20200810,"14:06:01","SZ","NB",29300585845,30219977083,59520562928,-919391238
20200810,"14:07:01","SZ","NB",29361054585,30292192434,59653247019,-931137849
20200810,"14:07:01","SH","NB",21791988549,20290271817,42082260366,1501716732
20200810,"14:08:01","SH","NB",21843529956,20352274374,42195804330,1491255582
20200810,"14:08:01","SZ","NB",29431508358,30381746193,59813254551,-950237835
20200810,"14:09:01","SH","NB",21897599223,20384494071,42282093294,1513105152
20200810,"14:09:01","SZ","NB",29499461112,30456544646,59956005758,-957083534
20200810,"14:10:01","SH","NB",22035000825,20430949868,42465950693,1604050957
20200810,"14:10:01","SZ","NB",29640519912,30518075075,60158594987,-877555163
20200810,"14:11:01","SH","NB",22090442267,20517051587,42607493854,1573390680
20200810,"14:11:01","SZ","NB",29716976317,30660016845,60376993162,-943040528
20200810,"14:12:01","SH","NB",22124537052,20557585281,42682122333,1566951771
20200810,"14:12:01","SZ","NB",29775125700,30728028636,60503154336,-952902936
20200810,"14:13:01","SH","NB",22160385388,20642689928,42803075316,1517695460
20200810,"14:13:01","SZ","NB",29833519240,30893276056,60726795296,-1059756816
20200810,"14:14:01","SH","NB",22197427063,20691074489,42888501552,1506352574
20200810,"14:14:01","SZ","NB",29893649656,30952961239,60846610895,-1059311583
20200810,"14:15:01","SH","NB",22244967523,20730421488,42975389011,1514546035
20200810,"14:15:01","SZ","NB",29955601931,31028384965,60983986896,-1072783034
20200810,"14:16:01","SH","NB",22289845851,20760439340,43050285191,1529406511
20200810,"14:16:01","SZ","NB",30008376991,31081032051,61089409042,-1072655060
20200810,"14:17:01","SZ","NB",30066025580,31118346665,61184372245,-1052321085
20200810,"14:17:01","SH","NB",22331129148,20787044110,43118173258,1544085038
20200810,"14:18:01","SH","NB",22374884530,20830582602,43205467132,1544301928
20200810,"14:18:01","SZ","NB",30126119156,31180164082,61306283238,-1054044926
20200810,"14:19:01","SH","NB",22409145873,20861924249,43271070122,1547221624
20200810,"14:19:01","SZ","NB",30188745523,31220695127,61409440650,-1031949604
20200810,"14:20:01","SH","NB",22443119691,20906088540,43349208231,1537031151
20200810,"14:20:01","SZ","NB",30234069009,31279702860,61513771869,-1045633851
20200810,"14:21:01","SH","NB",22480708779,20955140392,43435849171,1525568387
20200810,"14:21:01","SZ","NB",30295422319,31358666121,61654088440,-1063243802
20200810,"14:22:01","SH","NB",22526954344,20996977220,43523931564,1529977124
20200810,"14:22:01","SZ","NB",30354380392,31405363628,61759744020,-1050983236
20200810,"14:23:01","SH","NB",22681491104,21034905121,43716396225,1646585983
20200810,"14:23:01","SZ","NB",30547095787,31458834250,62005930037,-911738463
20200810,"14:24:01","SH","NB",22753490630,21080355323,43833845953,1673135307
20200810,"14:24:01","SZ","NB",30633684564,31542434119,62176118683,-908749555
20200810,"14:25:01","SH","NB",22797481227,21141563249,43939044476,1655917978
20200810,"14:25:01","SZ","NB",30686786583,31632502741,62319289324,-945716158
20200810,"14:26:01","SH","NB",22835645867,21239716721,44075362588,1595929146
20200810,"14:26:01","SZ","NB",30735254076,31762116436,62497370512,-1026862360
20200810,"14:27:01","SZ","NB",30799660104,31816681182,62616341286,-1017021078
20200810,"14:27:01","SH","NB",22884155245,21277293793,44161449038,1606861452
20200810,"14:28:01","SH","NB",22923269298,21316900468,44240169766,1606368830
20200810,"14:28:01","SZ","NB",30859695362,31869518255,62729213617,-1009822893
20200810,"14:29:01","SZ","NB",30903686686,31960137789,62863824475,-1056451103
20200810,"14:29:01","SH","NB",22955118285,21381131221,44336249506,1573987064
20200810,"14:30:01","SH","NB",22981152814,21432611927,44413764741,1548540887
20200810,"14:30:01","SZ","NB",30940323871,32025177580,62965501451,-1084853709
20200810,"14:31:01","SH","NB",23021520814,21524725760,44546246574,1496795054
20200810,"14:31:01","SZ","NB",31001092687,32179387655,63180480342,-1178294968
20200810,"14:32:01","SH","NB",23070116824,21599860098,44669976922,1470256726
20200810,"14:32:01","SZ","NB",31063588511,32308314162,63371902673,-1244725651
20200810,"14:33:01","SH","NB",23122153105,21678325434,44800478539,1443827671
20200810,"14:33:01","SZ","NB",31128029745,32419517795,63547547540,-1291488050
20200810,"14:34:01","SH","NB",23177391806,21835093238,45012485044,1342298568
20200810,"14:34:01","SZ","NB",31203559029,32554294135,63757853164,-1350735106
20200810,"14:35:01","SH","NB",23232858487,21951784953,45184643440,1281073534
20200810,"14:35:01","SZ","NB",31272212282,32709920527,63982132809,-1437708245
20200810,"14:36:01","SH","NB",23344947326,22016207324,45361154650,1328740002
20200810,"14:36:01","SZ","NB",31398734582,32800403641,64199138223,-1401669059
20200810,"14:37:01","SH","NB",23434251725,22055468691,45489720416,1378783034
20200810,"14:37:01","SZ","NB",31526876995,32860533953,64387410948,-1333656958
20200810,"14:38:01","SH","NB",23475149962,22145908137,45621058099,1329241825
20200810,"14:38:01","SZ","NB",31600559898,32970118677,64570678575,-1369558779
20200810,"14:39:01","SZ","NB",31680290868,33059879096,64740169964,-1379588228
20200810,"14:39:01","SH","NB",23530346649,22241186349,45771532998,1289160300
20200810,"14:40:01","SH","NB",23586251867,22271317739,45857569606,1314934128
20200810,"14:40:01","SZ","NB",31761258122,33102347579,64863605701,-1341089457
20200810,"14:41:01","SH","NB",23642024932,22350258032,45992282964,1291766900
20200810,"14:41:01","SZ","NB",31840599158,33242216520,65082815678,-1401617362
20200810,"14:42:01","SZ","NB",31914560874,33329716980,65244277854,-1415156106
20200810,"14:42:01","SH","NB",23685116861,22443806544,46128923405,1241310317
20200810,"14:43:01","SH","NB",23747771709,22543671554,46291443263,1204100155
20200810,"14:43:01","SZ","NB",32007632822,33466855585,65474488407,-1459222763
20200810,"14:44:01","SH","NB",23832558018,22588256710,46420814728,1244301308
20200810,"14:44:01","SZ","NB",32103206229,33532105980,65635312209,-1428899751
20200810,"14:45:01","SH","NB",23939637393,22638697346,46578334739,1300940047
20200810,"14:45:01","SZ","NB",32219945350,33595234574,65815179924,-1375289224
20200810,"14:46:01","SH","NB",24015858651,22678387044,46694245695,1337471607
20200810,"14:46:01","SZ","NB",32318837486,33652744840,65971582326,-1333907354
20200810,"14:47:01","SH","NB",24070595139,22738970691,46809565830,1331624448
20200810,"14:47:01","SZ","NB",32382005472,33740383286,66122388758,-1358377814
20200810,"14:48:01","SH","NB",24122367208,22799183146,46921550354,1323184062
20200810,"14:48:01","SZ","NB",32449212459,33821869746,66271082205,-1372657287
20200810,"14:49:01","SH","NB",24182283654,22850519068,47032802722,1331764586
20200810,"14:49:01","SZ","NB",32519365731,33901215613,66420581344,-1381849882
20200810,"14:50:01","SH","NB",24242143185,22911165033,47153308218,1330978152
20200810,"14:50:01","SZ","NB",32604514599,33980629125,66585143724,-1376114526
20200810,"14:51:01","SH","NB",24324357394,22973277918,47297635312,1351079476
20200810,"14:51:01","SZ","NB",32704006822,34082267181,66786274003,-1378260359
20200810,"14:52:01","SZ","NB",32781042277,34162654966,66943697243,-1381612689
20200810,"14:52:01","SH","NB",24397264178,23040897888,47438162066,1356366290
20200810,"14:53:01","SH","NB",24480975460,23151786557,47632762017,1329188903
20200810,"14:53:01","SZ","NB",32864862732,34280426202,67145288934,-1415563470
20200810,"14:54:01","SH","NB",24556902729,23248064174,47804966903,1308838555
20200810,"14:54:01","SZ","NB",32964143168,34373773893,67337917061,-1409630725
20200810,"14:55:01","SH","NB",24652990977,23327619367,47980610344,1325371610
20200810,"14:55:01","SZ","NB",33061013837,34467247484,67528261321,-1406233647
20200810,"14:56:01","SH","NB",24777872938,23438290189,48216163127,1339582749
20200810,"14:56:01","SZ","NB",33185425398,34596871429,67782296827,-1411446031
20200810,"14:57:01","SH","NB",24847750666,23518030670,48365781336,1329719996
20200810,"14:57:01","SZ","NB",33284672487,34675653402,67960325889,-1390980915
20200810,"14:58:01","SH","NB",24849996798,23522098060,48372094858,1327898738
20200810,"14:58:01","SZ","NB",33286929911,34677200783,67964130694,-1390270872
20200810,"15:00:01","SZ","NB",33369855731,34747117519,68116973250,-1377261788
20200810,"15:01:01","SH","NB",25141579380,23742194503,48883773883,1399384877
20200810,"15:01:01","SZ","NB",33529531860,34921548204,68451080064,-1392016344
