dataDate,dataTime,connectMarket,tradeDirection,buyTurnover,sellTurnover,totalTurnover,netTurnover
20200117,"09:30:01","SH","NB",67664222,40181859,107846081,27482363
20200117,"09:30:01","SZ","NB",50949325,48516071,99465396,2433254
20200117,"09:31:01","SH","NB",228898257,183298889,412197146,45599368
20200117,"09:31:01","SZ","NB",236095013,218870857,454965870,17224156
20200117,"09:32:01","SH","NB",405342559,312023520,717366079,93319039
20200117,"09:32:01","SZ","NB",460961827,392317415,853279242,68644412
20200117,"09:33:01","SH","NB",543220689,391246912,934467601,151973777
20200117,"09:33:01","SZ","NB",714433173,506231899,1220665072,208201274
20200117,"09:34:01","SH","NB",651653881,504477085,1156130966,147176796
20200117,"09:34:01","SZ","NB",890531329,691847442,1582378771,198683887
20200117,"09:35:01","SH","NB",804499811,582263406,1386763217,222236405
20200117,"09:35:01","SZ","NB",1082688169,845061025,1927749194,237627144
20200117,"09:36:01","SH","NB",904227581,694819227,1599046808,209408354
20200117,"09:36:01","SZ","NB",1210646300,1027508194,2238154494,183138106
20200117,"09:37:01","SZ","NB",1391201927,1154126429,2545328356,237075498
20200117,"09:37:01","SH","NB",1033296879,778400554,1811697433,254896325
20200117,"09:38:01","SH","NB",1138577363,883132386,2021709749,255444977
20200117,"09:38:01","SZ","NB",1516447426,1354985929,2871433355,161461497
20200117,"09:39:01","SH","NB",1227195264,959786113,2186981377,267409151
20200117,"09:39:01","SZ","NB",1658009005,1493333666,3151342671,164675339
20200117,"09:40:01","SH","NB",1345362423,1037070963,2382433386,308291460
20200117,"09:40:01","SZ","NB",1840890669,1605176645,3446067314,235714024
20200117,"09:41:01","SH","NB",1447130406,1116880601,2564011007,330249805
20200117,"09:41:01","SZ","NB",2034010545,1712520242,3746530787,321490303
20200117,"09:42:01","SH","NB",1527010808,1208235104,2735245912,318775704
20200117,"09:42:01","SZ","NB",2147988601,1871376943,4019365544,276611658
20200117,"09:43:01","SH","NB",1608537072,1262707134,2871244206,345829938
20200117,"09:43:01","SZ","NB",2264492408,1956449852,4220942260,308042556
20200117,"09:44:01","SH","NB",1657549774,1323883009,2981432783,333666765
20200117,"09:44:01","SZ","NB",2344771881,2067031488,4411803369,277740393
20200117,"09:45:01","SZ","NB",2443234843,2181382512,4624617355,261852331
20200117,"09:45:01","SH","NB",1719673024,1401936108,3121609132,317736916
20200117,"09:46:01","SH","NB",1795490542,1483510290,3279000832,311980252
20200117,"09:46:01","SZ","NB",2552341487,2330527916,4882869403,221813571
20200117,"09:47:01","SH","NB",1886697007,1527820841,3414517848,358876166
20200117,"09:47:01","SZ","NB",2710376951,2403627785,5114004736,306749166
20200117,"09:48:01","SH","NB",1953948508,1574043953,3527992461,379904555
20200117,"09:48:01","SZ","NB",2823578752,2477654178,5301232930,345924574
20200117,"09:49:01","SH","NB",1999026008,1629391711,3628417719,369634297
20200117,"09:49:01","SZ","NB",2921843015,2580124536,5501967551,341718479
20200117,"09:50:01","SZ","NB",3010035601,2643954067,5653989668,366081534
20200117,"09:50:01","SH","NB",2044529119,1665411658,3709940777,379117461
20200117,"09:51:01","SH","NB",2138474480,1726907881,3865382361,411566599
20200117,"09:51:01","SZ","NB",3160487700,2736976784,5897464484,423510916
20200117,"09:52:01","SH","NB",2191421467,1799694210,3991115677,391727257
20200117,"09:52:01","SZ","NB",3275997013,2830079351,6106076364,445917662
20200117,"09:53:01","SZ","NB",3378349877,2895068943,6273418820,483280934
20200117,"09:53:01","SH","NB",2250034483,1837848967,4087883450,412185516
20200117,"09:54:01","SH","NB",2298269952,1885922865,4184192817,412347087
20200117,"09:54:01","SZ","NB",3445973355,2957013454,6402986809,488959901
20200117,"09:55:01","SH","NB",2349282312,1945092287,4294374599,404190025
20200117,"09:55:01","SZ","NB",3529432295,3053570279,6583002574,475862016
20200117,"09:56:01","SH","NB",2433596888,1992775846,4426372734,440821042
20200117,"09:56:01","SZ","NB",3663434082,3126326835,6789760917,537107247
20200117,"09:57:01","SH","NB",2485788445,2032035637,4517824082,453752808
20200117,"09:57:01","SZ","NB",3733109479,3178351062,6911460541,554758417
20200117,"09:58:01","SH","NB",2558767318,2067681731,4626449049,491085587
20200117,"09:58:01","SZ","NB",3813242541,3233451266,7046693807,579791275
20200117,"09:59:01","SH","NB",2626733243,2111850588,4738583831,514882655
20200117,"09:59:01","SZ","NB",3884507537,3286052456,7170559993,598455081
20200117,"10:00:01","SH","NB",2671716735,2165283792,4837000527,506432943
20200117,"10:00:01","SZ","NB",3944042549,3359127558,7303170107,584914991
20200117,"10:01:01","SH","NB",2767184390,2230359176,4997543566,536825214
20200117,"10:01:01","SZ","NB",4031026088,3449577443,7480603531,581448645
20200117,"10:02:01","SZ","NB",4098326206,3520995206,7619321412,577331000
20200117,"10:02:01","SH","NB",2826640686,2285931269,5112571955,540709417
20200117,"10:03:01","SH","NB",2900021121,2322222411,5222243532,577798710
20200117,"10:03:01","SZ","NB",4193902767,3574676523,7768579290,619226244
20200117,"10:04:01","SH","NB",2956119588,2356589134,5312708722,599530454
20200117,"10:04:01","SZ","NB",4291747158,3634994383,7926741541,656752775
20200117,"10:05:01","SH","NB",3011313638,2401231822,5412545460,610081816
20200117,"10:05:01","SZ","NB",4365791253,3695668824,8061460077,670122429
20200117,"10:06:01","SH","NB",3091227939,2449675104,5540903043,641552835
20200117,"10:06:01","SZ","NB",4455660908,3765299310,8220960218,690361598
20200117,"10:07:01","SH","NB",3259886749,2512476218,5772362967,747410531
20200117,"10:07:01","SZ","NB",4563330596,3814864639,8378195235,748465957
20200117,"10:08:01","SH","NB",3324020279,2570773134,5894793413,753247145
20200117,"10:08:01","SZ","NB",4619997442,3888720587,8508718029,731276855
20200117,"10:09:01","SH","NB",3417470731,2630235177,6047705908,787235554
20200117,"10:09:01","SZ","NB",4691260721,3960222902,8651483623,731037819
20200117,"10:10:01","SH","NB",3631556504,2684924336,6316480840,946632168
20200117,"10:10:01","SZ","NB",4790501343,4032011141,8822512484,758490202
20200117,"10:11:01","SH","NB",3888187733,2802085179,6690272912,1086102554
20200117,"10:11:01","SZ","NB",4935395430,4180546639,9115942069,754848791
20200117,"10:12:01","SZ","NB",4992420339,4334808878,9327229217,657611461
20200117,"10:12:01","SH","NB",3963011558,2891684504,6854696062,1071327054
20200117,"10:13:01","SH","NB",4034095825,2945868310,6979964135,1088227515
20200117,"10:13:01","SZ","NB",5050861324,4394866443,9445727767,655994881
20200117,"10:14:01","SH","NB",4100228620,2995473660,7095702280,1104754960
20200117,"10:14:01","SZ","NB",5108509474,4458858153,9567367627,649651321
20200117,"10:15:01","SZ","NB",5155618705,4544294415,9699913120,611324290
20200117,"10:15:01","SH","NB",4174415128,3069845826,7244260954,1104569302
20200117,"10:16:01","SH","NB",4257594767,3119864562,7377459329,1137730205
20200117,"10:16:01","SZ","NB",5207246996,4605991606,9813238602,601255390
20200117,"10:17:01","SH","NB",4319761953,3162632565,7482394518,1157129388
20200117,"10:17:01","SZ","NB",5264070191,4658357454,9922427645,605712737
20200117,"10:18:01","SH","NB",4370586926,3209477572,7580064498,1161109354
20200117,"10:18:01","SZ","NB",5318123915,4710614416,10028738331,607509499
20200117,"10:19:01","SH","NB",4418904984,3243159087,7662064071,1175745897
20200117,"10:19:01","SZ","NB",5376618422,4779198133,10155816555,597420289
20200117,"10:20:01","SH","NB",4478583594,3276026158,7754609752,1202557436
20200117,"10:20:01","SZ","NB",5433386423,4826527482,10259913905,606858941
20200117,"10:21:01","SH","NB",4536509550,3318467331,7854976881,1218042219
20200117,"10:21:01","SZ","NB",5505366757,4894890614,10400257371,610476143
20200117,"10:22:01","SH","NB",4584663332,3359269628,7943932960,1225393704
20200117,"10:22:01","SZ","NB",5566470392,4950119480,10516589872,616350912
20200117,"10:23:01","SH","NB",4628861023,3390750021,8019611044,1238111002
20200117,"10:23:01","SZ","NB",5615238086,4990492382,10605730468,624745704
20200117,"10:24:01","SH","NB",4673282878,3424642599,8097925477,1248640279
20200117,"10:24:01","SZ","NB",5658955357,5038817435,10697772792,620137922
20200117,"10:25:01","SZ","NB",5724803141,5072756486,10797559627,652046655
20200117,"10:25:01","SH","NB",4715990434,3452981558,8168971992,1263008876
20200117,"10:26:01","SH","NB",4755083928,3482425689,8237509617,1272658239
20200117,"10:26:01","SZ","NB",5769089113,5107548102,10876637215,661541011
20200117,"10:27:01","SZ","NB",5817329535,5163012171,10980341706,654317364
20200117,"10:27:01","SH","NB",4790055714,3544761271,8334816985,1245294443
20200117,"10:28:01","SH","NB",4844734679,3615797679,8460532358,1228937000
20200117,"10:28:01","SZ","NB",5863262221,5238292388,11101554609,624969833
20200117,"10:29:01","SH","NB",4893987077,3652061005,8546048082,1241926072
20200117,"10:29:01","SZ","NB",5915746460,5283007541,11198754001,632738919
20200117,"10:30:01","SH","NB",4961004178,3677356649,8638360827,1283647529
20200117,"10:30:01","SZ","NB",5989404669,5315474577,11304879246,673930092
20200117,"10:31:01","SH","NB",5040649900,3710641472,8751291372,1330008428
20200117,"10:31:01","SZ","NB",6108154375,5351392862,11459547237,756761513
20200117,"10:32:01","SH","NB",5098035366,3739023454,8837058820,1359011912
20200117,"10:32:01","SZ","NB",6182707047,5390500466,11573207513,792206581
20200117,"10:33:01","SH","NB",5150977654,3776887955,8927865609,1374089699
20200117,"10:33:01","SZ","NB",6234282163,5441792135,11676074298,792490028
20200117,"10:34:01","SH","NB",5192687450,3814506608,9007194058,1378180842
20200117,"10:34:01","SZ","NB",6288712033,5484179926,11772891959,804532107
20200117,"10:35:01","SH","NB",5224577023,3854322770,9078899793,1370254253
20200117,"10:35:01","SZ","NB",6338147002,5526951254,11865098256,811195748
20200117,"10:36:01","SH","NB",5256982471,3903811691,9160794162,1353170780
20200117,"10:36:01","SZ","NB",6384699554,5572994537,11957694091,811705017
20200117,"10:37:01","SZ","NB",6440915522,5609252746,12050168268,831662776
20200117,"10:37:01","SH","NB",5302809251,3934272931,9237082182,1368536320
20200117,"10:38:01","SH","NB",5345675659,3972648366,9318324025,1373027293
20200117,"10:38:01","SZ","NB",6483325109,5650582118,12133907227,832742991
20200117,"10:39:01","SH","NB",5388325523,4022991096,9411316619,1365334427
20200117,"10:39:01","SZ","NB",6536746540,5690027353,12226773893,846719187
20200117,"10:40:01","SH","NB",5453295683,4055915498,9509211181,1397380185
20200117,"10:40:01","SZ","NB",6623404404,5743224514,12366628918,880179890
20200117,"10:41:01","SH","NB",5547207844,4106494477,9653702321,1440713367
20200117,"10:41:01","SZ","NB",6745883317,5822358169,12568241486,923525148
20200117,"10:42:01","SH","NB",5613221974,4150564835,9763786809,1462657139
20200117,"10:42:01","SZ","NB",6803594796,5859909897,12663504693,943684899
20200117,"10:43:01","SZ","NB",6866430944,5893649172,12760080116,972781772
20200117,"10:43:01","SH","NB",5652143233,4183039327,9835182560,1469103906
20200117,"10:44:01","SH","NB",5683112854,4233130738,9916243592,1449982116
20200117,"10:44:01","SZ","NB",6924298587,5944952407,12869250994,979346180
20200117,"10:45:01","SH","NB",5714817360,4290046990,10004864350,1424770370
20200117,"10:45:01","SZ","NB",6974458386,6008154649,12982613035,966303737
20200117,"10:46:01","SH","NB",5760737339,4437202118,10197939457,1323535221
20200117,"10:46:01","SZ","NB",7026093512,6129702655,13155796167,896390857
20200117,"10:47:01","SH","NB",5812523261,4494009734,10306532995,1318513527
20200117,"10:47:01","SZ","NB",7084180617,6198429343,13282609960,885751274
20200117,"10:48:01","SH","NB",5847700926,4529563097,10377264023,1318137829
20200117,"10:48:01","SZ","NB",7141219519,6240547966,13381767485,900671553
20200117,"10:49:01","SH","NB",5875234751,4566737240,10441971991,1308497511
20200117,"10:49:01","SZ","NB",7179402870,6275747379,13455150249,903655491
20200117,"10:50:01","SZ","NB",7231832042,6327908846,13559740888,903923196
20200117,"10:50:01","SH","NB",5904442009,4606712730,10511154739,1297729279
20200117,"10:51:01","SH","NB",5950167885,4677742676,10627910561,1272425209
20200117,"10:51:01","SZ","NB",7285748440,6391683087,13677431527,894065353
20200117,"10:52:01","SH","NB",5980192676,4709683848,10689876524,1270508828
20200117,"10:52:01","SZ","NB",7330260390,6430717336,13760977726,899543054
20200117,"10:53:01","SH","NB",6015500661,4737098436,10752599097,1278402225
20200117,"10:53:01","SZ","NB",7380390201,6463096264,13843486465,917293937
20200117,"10:54:01","SH","NB",6051334969,4767013066,10818348035,1284321903
20200117,"10:54:01","SZ","NB",7436006339,6494172647,13930178986,941833692
20200117,"10:55:01","SH","NB",6080135426,4801349260,10881484686,1278786166
20200117,"10:55:01","SZ","NB",7485261178,6527206654,14012467832,958054524
20200117,"10:56:01","SH","NB",6110142867,4833220173,10943363040,1276922694
20200117,"10:56:01","SZ","NB",7528790404,6561484927,14090275331,967305477
20200117,"10:57:01","SH","NB",6140997632,4858080378,10999078010,1282917254
20200117,"10:57:01","SZ","NB",7571312747,6590792164,14162104911,980520583
20200117,"10:58:01","SH","NB",6181663285,4887818718,11069482003,1293844567
20200117,"10:58:01","SZ","NB",7611650246,6623605149,14235255395,988045097
20200117,"10:59:01","SH","NB",6209988814,4928509308,11138498122,1281479506
20200117,"10:59:01","SZ","NB",7650475956,6663864971,14314340927,986610985
20200117,"11:00:01","SZ","NB",7707329374,6703179676,14410509050,1004149698
20200117,"11:00:01","SH","NB",6237561672,4956576488,11194138160,1280985184
20200117,"11:01:01","SH","NB",6281101659,4997981085,11279082744,1283120574
20200117,"11:01:01","SZ","NB",7780010601,6754450458,14534461059,1025560143
20200117,"11:02:01","SH","NB",6311993454,5021755498,11333748952,1290237956
20200117,"11:02:01","SZ","NB",7838134847,6790304789,14628439636,1047830058
20200117,"11:03:01","SH","NB",6344780105,5044583408,11389363513,1300196697
20200117,"11:03:01","SZ","NB",7900413421,6828308600,14728722021,1072104821
20200117,"11:04:01","SH","NB",6381502433,5071508980,11453011413,1309993453
20200117,"11:04:01","SZ","NB",7963546479,6857216767,14820763246,1106329712
20200117,"11:05:01","SH","NB",6423892384,5128117629,11552010013,1295774755
20200117,"11:05:01","SZ","NB",8015083808,6906524290,14921608098,1108559518
20200117,"11:06:01","SH","NB",6460848162,5164025848,11624874010,1296822314
20200117,"11:06:01","SZ","NB",8047756904,6954722093,15002478997,1093034811
20200117,"11:07:01","SH","NB",6501695536,5188735934,11690431470,1312959602
20200117,"11:07:01","SZ","NB",8090384549,6982768820,15073153369,1107615729
20200117,"11:08:01","SH","NB",6547413396,5210824225,11758237621,1336589171
20200117,"11:08:01","SZ","NB",8139614594,7017711561,15157326155,1121903033
20200117,"11:09:01","SH","NB",6598351889,5242289439,11840641328,1356062450
20200117,"11:09:01","SZ","NB",8181776232,7064026468,15245802700,1117749764
20200117,"11:10:01","SZ","NB",8215795047,7094545276,15310340323,1121249771
20200117,"11:10:01","SH","NB",6662132566,5268605826,11930738392,1393526740
20200117,"11:11:01","SH","NB",6712750097,5330159717,12042909814,1382590380
20200117,"11:11:01","SZ","NB",8265404599,7174254441,15439659040,1091150158
20200117,"11:12:01","SH","NB",6755360417,5360292317,12115652734,1395068100
20200117,"11:12:01","SZ","NB",8303124468,7212244913,15515369381,1090879555
20200117,"11:13:01","SH","NB",6794913745,5382932770,12177846515,1411980975
20200117,"11:13:01","SZ","NB",8350430233,7249100430,15599530663,1101329803
20200117,"11:14:01","SH","NB",6838308383,5405055832,12243364215,1433252551
20200117,"11:14:01","SZ","NB",8394782287,7287034440,15681816727,1107747847
20200117,"11:15:01","SH","NB",6868979247,5433855647,12302834894,1435123600
20200117,"11:15:01","SZ","NB",8434738835,7326992027,15761730862,1107746808
20200117,"11:16:01","SH","NB",6901648636,5466620518,12368269154,1435028118
20200117,"11:16:01","SZ","NB",8471056589,7363311124,15834367713,1107745465
20200117,"11:17:01","SH","NB",6936893850,5508998220,12445892070,1427895630
20200117,"11:17:01","SZ","NB",8515253245,7403771535,15919024780,1111481710
20200117,"11:18:01","SH","NB",6975182774,5528323727,12503506501,1446859047
20200117,"11:18:01","SZ","NB",8556818411,7432468639,15989287050,1124349772
20200117,"11:19:01","SH","NB",7002691643,5556837321,12559528964,1445854322
20200117,"11:19:01","SZ","NB",8597765600,7466595040,16064360640,1131170560
20200117,"11:20:01","SZ","NB",8637323405,7506752509,16144075914,1130570896
20200117,"11:20:01","SH","NB",7032499436,5608938906,12641438342,1423560530
20200117,"11:21:01","SH","NB",7067408677,5649781346,12717190023,1417627331
20200117,"11:21:01","SZ","NB",8680631069,7569233737,16249864806,1111397332
20200117,"11:22:01","SH","NB",7098804267,5677265912,12776070179,1421538355
20200117,"11:22:01","SZ","NB",8714509948,7611515016,16326024964,1102994932
20200117,"11:23:01","SH","NB",7138613556,5702345218,12840958774,1436268338
20200117,"11:23:01","SZ","NB",8752589373,7651656311,16404245684,1100933062
20200117,"11:24:01","SH","NB",7176513309,5743843087,12920356396,1432670222
20200117,"11:24:01","SZ","NB",8786294551,7706710856,16493005407,1079583695
20200117,"11:25:01","SH","NB",7220029103,5827160939,13047190042,1392868164
20200117,"11:25:01","SZ","NB",8823030424,7777614845,16600645269,1045415579
20200117,"11:26:01","SH","NB",7269812231,5860419956,13130232187,1409392275
20200117,"11:26:01","SZ","NB",8862419237,7821875689,16684294926,1040543548
20200117,"11:27:01","SH","NB",7300204971,5896219312,13196424283,1403985659
20200117,"11:27:01","SZ","NB",8901381530,7867053733,16768435263,1034327797
20200117,"11:28:01","SZ","NB",8935500606,7912843765,16848344371,1022656841
20200117,"11:28:01","SH","NB",7339905596,5924650111,13264555707,1415255485
20200117,"11:29:01","SH","NB",7387660518,5953286310,13340946828,1434374208
20200117,"11:29:01","SZ","NB",8981373061,7950579719,16931952780,1030793342
20200117,"11:30:01","SH","NB",7418921086,5972033652,13390954738,1446887434
20200117,"11:30:01","SZ","NB",9011104938,7976837672,16987942610,1034267266
20200117,"11:31:01","SH","NB",7418922802,5972052550,13390975352,1446870252
20200117,"11:31:01","SZ","NB",9011209551,7976982483,16988192034,1034227068
20200117,"13:00:01","SZ","NB",9018391826,7980684798,16999076624,1037707028
20200117,"13:01:01","SH","NB",7501067127,6066807588,13567874715,1434259539
20200117,"13:01:01","SZ","NB",9131903102,8127059322,17258962424,1004843780
20200117,"13:02:01","SH","NB",7561709453,6114543512,13676252965,1447165941
20200117,"13:02:01","SZ","NB",9191818167,8189342848,17381161015,1002475319
20200117,"13:03:01","SH","NB",7610553477,6146702535,13757256012,1463850942
20200117,"13:03:01","SZ","NB",9238339333,8240031174,17478370507,998308159
20200117,"13:04:01","SZ","NB",9283739051,8284132327,17567871378,999606724
20200117,"13:04:01","SH","NB",7664402718,6180877302,13845280020,1483525416
20200117,"13:05:01","SH","NB",7698614710,6209528140,13908142850,1489086570
20200117,"13:05:01","SZ","NB",9330686047,8334310105,17664996152,996375942
20200117,"13:06:01","SH","NB",7742737074,6237170884,13979907958,1505566190
20200117,"13:06:01","SZ","NB",9382719291,8389471672,17772190963,993247619
20200117,"13:07:01","SH","NB",7793670618,6269203684,14062874302,1524466934
20200117,"13:07:01","SZ","NB",9441215957,8448218210,17889434167,992997747
20200117,"13:08:01","SH","NB",7843965194,6307935277,14151900471,1536029917
20200117,"13:08:01","SZ","NB",9491493250,8509265791,18000759041,982227459
20200117,"13:09:01","SH","NB",7894499646,6337792592,14232292238,1556707054
20200117,"13:09:01","SZ","NB",9544681236,8566297855,18110979091,978383381
20200117,"13:10:01","SH","NB",7933262847,6366789461,14300052308,1566473386
20200117,"13:10:01","SZ","NB",9604488078,8607308238,18211796316,997179840
20200117,"13:11:01","SH","NB",7999392532,6404341966,14403734498,1595050566
20200117,"13:11:01","SZ","NB",9719745345,8661802703,18381548048,1057942642
20200117,"13:12:01","SH","NB",8031790905,6441253466,14473044371,1590537439
20200117,"13:12:01","SZ","NB",9766297087,8713187419,18479484506,1053109668
20200117,"13:13:01","SH","NB",8066294836,6466381540,14532676376,1599913296
20200117,"13:13:01","SZ","NB",9815317765,8759814650,18575132415,1055503115
20200117,"13:14:01","SZ","NB",9868301032,8806797918,18675098950,1061503114
20200117,"13:14:01","SH","NB",8093046456,6486387622,14579434078,1606658834
20200117,"13:15:01","SH","NB",8127741967,6510981964,14638723931,1616760003
20200117,"13:15:01","SZ","NB",9937057257,8852375373,18789432630,1084681884
20200117,"13:16:01","SH","NB",8162178645,6556856030,14719034675,1605322615
20200117,"13:16:01","SZ","NB",9988602708,8901731396,18890334104,1086871312
20200117,"13:17:01","SH","NB",8214896225,6592568228,14807464453,1622327997
20200117,"13:17:01","SZ","NB",10048518241,8953513535,19002031776,1095004706
20200117,"13:18:01","SH","NB",8260704041,6643734468,14904438509,1616969573
20200117,"13:18:01","SZ","NB",10093815701,9009431492,19103247193,1084384209
20200117,"13:19:01","SZ","NB",10137966640,9058856369,19196823009,1079110271
20200117,"13:19:01","SH","NB",8302586710,6675084199,14977670909,1627502511
20200117,"13:20:01","SH","NB",8341225198,6729729329,15070954527,1611495869
20200117,"13:20:01","SZ","NB",10172877823,9104929123,19277806946,1067948700
20200117,"13:21:01","SH","NB",8408927139,6777896085,15186823224,1631031054
20200117,"13:21:01","SZ","NB",10237608596,9176977014,19414585610,1060631582
20200117,"13:22:01","SH","NB",8454972552,6809678810,15264651362,1645293742
20200117,"13:22:01","SZ","NB",10296650625,9216602301,19513252926,1080048324
20200117,"13:23:01","SH","NB",8495046005,6867386917,15362432922,1627659088
20200117,"13:23:01","SZ","NB",10334383804,9267708120,19602091924,1066675684
20200117,"13:24:01","SH","NB",8523803925,6892815036,15416618961,1630988889
20200117,"13:24:01","SZ","NB",10370128289,9312079181,19682207470,1058049108
20200117,"13:25:01","SH","NB",8570170928,6947897324,15518068252,1622273604
20200117,"13:25:01","SZ","NB",10417529905,9359536281,19777066186,1057993624
20200117,"13:26:01","SZ","NB",10470158636,9410772676,19880931312,1059385960
20200117,"13:26:01","SH","NB",8618625215,7002591181,15621216396,1616034034
20200117,"13:27:01","SH","NB",8658155120,7038619375,15696774495,1619535745
20200117,"13:27:01","SZ","NB",10520815811,9459204681,19980020492,1061611130
20200117,"13:28:01","SH","NB",8698546581,7069167355,15767713936,1629379226
20200117,"13:28:01","SZ","NB",10582415008,9503684190,20086099198,1078730818
20200117,"13:29:01","SH","NB",8737748824,7100980310,15838729134,1636768514
20200117,"13:29:01","SZ","NB",10648089710,9548421732,20196511442,1099667978
20200117,"13:30:01","SH","NB",8767454508,7144135991,15911590499,1623318517
20200117,"13:30:01","SZ","NB",10691140407,9588333234,20279473641,1102807173
20200117,"13:31:01","SH","NB",8817543929,7206095456,16023639385,1611448473
20200117,"13:31:01","SZ","NB",10749940170,9662013600,20411953770,1087926570
20200117,"13:32:01","SZ","NB",10794661257,9736308268,20530969525,1058352989
20200117,"13:32:01","SH","NB",8861513771,7242915236,16104429007,1618598535
20200117,"13:33:01","SH","NB",8909187698,7297484379,16206672077,1611703319
20200117,"13:33:01","SZ","NB",10837831238,9790636690,20628467928,1047194548
20200117,"13:34:01","SH","NB",8962900950,7333284914,16296185864,1629616036
20200117,"13:34:01","SZ","NB",10924527156,9835196094,20759723250,1089331062
20200117,"13:35:01","SH","NB",9014129075,7371912294,16386041369,1642216781
20200117,"13:35:01","SZ","NB",10984147386,9878348210,20862495596,1105799176
20200117,"13:36:01","SH","NB",9049345252,7403300795,16452646047,1646044457
20200117,"13:36:01","SZ","NB",11035493219,9912539674,20948032893,1122953545
20200117,"13:37:01","SH","NB",9081369276,7430737290,16512106566,1650631986
20200117,"13:37:01","SZ","NB",11080904883,9953053536,21033958419,1127851347
20200117,"13:38:01","SH","NB",9125477418,7464433162,16589910580,1661044256
20200117,"13:38:01","SZ","NB",11128997058,9989395396,21118392454,1139601662
20200117,"13:39:01","SH","NB",9156636480,7494806530,16651443010,1661829950
20200117,"13:39:01","SZ","NB",11167161110,10021431113,21188592223,1145729997
20200117,"13:40:01","SH","NB",9190211842,7521940222,16712152064,1668271620
20200117,"13:40:01","SZ","NB",11218876217,10062946345,21281822562,1155929872
20200117,"13:41:01","SH","NB",9227532323,7550902138,16778434461,1676630185
20200117,"13:41:01","SZ","NB",11290195468,10106047722,21396243190,1184147746
20200117,"13:42:01","SZ","NB",11359367329,10137909825,21497277154,1221457504
20200117,"13:42:01","SH","NB",9263356901,7572821354,16836178255,1690535547
20200117,"13:43:01","SH","NB",9299921399,7598830697,16898752096,1701090702
20200117,"13:43:01","SZ","NB",11404812401,10179352589,21584164990,1225459812
20200117,"13:44:01","SH","NB",9337792482,7629534893,16967327375,1708257589
20200117,"13:44:01","SZ","NB",11435230142,10215827668,21651057810,1219402474
20200117,"13:45:01","SH","NB",9380387138,7656532364,17036919502,1723854774
20200117,"13:45:01","SZ","NB",11470061709,10257625925,21727687634,1212435784
20200117,"13:46:01","SH","NB",9409962870,7678717697,17088680567,1731245173
20200117,"13:46:01","SZ","NB",11502014428,10295114666,21797129094,1206899762
20200117,"13:47:01","SH","NB",9442527800,7705991610,17148519410,1736536190
20200117,"13:47:01","SZ","NB",11539118639,10333703578,21872822217,1205415061
20200117,"13:48:01","SH","NB",9476801511,7732188678,17208990189,1744612833
20200117,"13:48:01","SZ","NB",11573536738,10370079330,21943616068,1203457408
20200117,"13:49:01","SH","NB",9516928469,7758095280,17275023749,1758833189
20200117,"13:49:01","SZ","NB",11616580701,10402149444,22018730145,1214431257
20200117,"13:50:01","SH","NB",9560783494,7795620510,17356404004,1765162984
20200117,"13:50:01","SZ","NB",11658097675,10440290173,22098387848,1217807502
20200117,"13:51:01","SH","NB",9599663370,7825762643,17425426013,1773900727
20200117,"13:51:01","SZ","NB",11715758512,10485551078,22201309590,1230207434
20200117,"13:52:01","SZ","NB",11760789433,10528054213,22288843646,1232735220
20200117,"13:52:01","SH","NB",9638268042,7869642011,17507910053,1768626031
20200117,"13:53:01","SH","NB",9675777715,7915059516,17590837231,1760718199
20200117,"13:53:01","SZ","NB",11796639646,10575924042,22372563688,1220715604
20200117,"13:54:01","SH","NB",9703158559,7960380078,17663538637,1742778481
20200117,"13:54:01","SZ","NB",11837172738,10612867157,22450039895,1224305581
20200117,"13:55:01","SH","NB",9743374064,8005653674,17749027738,1737720390
20200117,"13:55:01","SZ","NB",11883666302,10668579173,22552245475,1215087129
20200117,"13:56:01","SH","NB",9777880868,8046707732,17824588600,1731173136
20200117,"13:56:01","SZ","NB",11924579547,10702013486,22626593033,1222566061
20200117,"13:57:01","SH","NB",9812301398,8081859704,17894161102,1730441694
20200117,"13:57:01","SZ","NB",11977281944,10740376021,22717657965,1236905923
20200117,"13:58:01","SH","NB",9846946239,8112383040,17959329279,1734563199
20200117,"13:58:01","SZ","NB",12021672625,10777072148,22798744773,1244600477
20200117,"13:59:01","SH","NB",9882298759,8150036178,18032334937,1732262581
20200117,"13:59:01","SZ","NB",12057852591,10807477502,22865330093,1250375089
20200117,"14:00:01","SH","NB",9910598657,8175042492,18085641149,1735556165
20200117,"14:00:01","SZ","NB",12103621952,10841039099,22944661051,1262582853
20200117,"14:01:01","SZ","NB",12157453108,10886303852,23043756960,1271149256
20200117,"14:01:01","SH","NB",9957180266,8201366201,18158546467,1755814065
20200117,"14:02:01","SH","NB",9991805660,8222698609,18214504269,1769107051
20200117,"14:02:01","SZ","NB",12204457116,10922142015,23126599131,1282315101
20200117,"14:03:01","SH","NB",10043943198,8249714798,18293657996,1794228400
20200117,"14:03:01","SZ","NB",12273372259,10967563730,23240935989,1305808529
20200117,"14:04:01","SH","NB",10075870929,8276691086,18352562015,1799179843
20200117,"14:04:01","SZ","NB",12323244391,11010372478,23333616869,1312871913
20200117,"14:05:01","SH","NB",10102376005,8303249400,18405625405,1799126605
20200117,"14:05:01","SZ","NB",12373864259,11052890464,23426754723,1320973795
20200117,"14:06:01","SH","NB",10146247187,8335327644,18481574831,1810919543
20200117,"14:06:01","SZ","NB",12427419266,11092480330,23519899596,1334938936
20200117,"14:07:01","SH","NB",10179868389,8398014974,18577883363,1781853415
20200117,"14:07:01","SZ","NB",12463092155,11158969643,23622061798,1304122512
20200117,"14:08:01","SH","NB",10199972573,8434257961,18634230534,1765714612
20200117,"14:08:01","SZ","NB",12501908792,11203506716,23705415508,1298402076
20200117,"14:09:01","SZ","NB",12542533586,11258269313,23800802899,1284264273
20200117,"14:09:01","SH","NB",10237112154,8500558061,18737670215,1736554093
20200117,"14:10:01","SH","NB",10274820108,8535767788,18810587896,1739052320
20200117,"14:10:01","SZ","NB",12588677038,11302826634,23891503672,1285850404
20200117,"14:11:01","SH","NB",10321076972,8574054704,18895131676,1747022268
20200117,"14:11:01","SZ","NB",12655516710,11345696458,24001213168,1309820252
20200117,"14:12:01","SH","NB",10361637049,8604404321,18966041370,1757232728
20200117,"14:12:01","SZ","NB",12733618986,11389380014,24122999000,1344238972
20200117,"14:13:01","SH","NB",10426176714,8639850343,19066027057,1786326371
20200117,"14:13:01","SZ","NB",12840654931,11429704163,24270359094,1410950768
20200117,"14:14:01","SH","NB",10504357669,8679977032,19184334701,1824380637
20200117,"14:14:01","SZ","NB",12959070031,11479621663,24438691694,1479448368
20200117,"14:15:01","SZ","NB",13016392945,11533702485,24550095430,1482690460
20200117,"14:15:01","SH","NB",10546311037,8732505654,19278816691,1813805383
20200117,"14:16:01","SH","NB",10586910413,8779069797,19365980210,1807840616
20200117,"14:16:01","SZ","NB",13061649030,11587103251,24648752281,1474545779
20200117,"14:17:01","SH","NB",10613985652,8816278726,19430264378,1797706926
20200117,"14:17:01","SZ","NB",13107462198,11644240781,24751702979,1463221417
20200117,"14:18:01","SH","NB",10637699840,8850893066,19488592906,1786806774
20200117,"14:18:01","SZ","NB",13150227936,11692393902,24842621838,1457834034
20200117,"14:19:01","SH","NB",10682771179,8919628296,19602399475,1763142883
20200117,"14:19:01","SZ","NB",13186627591,11761969704,24948597295,1424657887
20200117,"14:20:01","SH","NB",10715791269,8980762897,19696554166,1735028372
20200117,"14:20:01","SZ","NB",13227554928,11793839724,25021394652,1433715204
20200117,"14:21:01","SH","NB",10752799096,9088130195,19840929291,1664668901
20200117,"14:21:01","SZ","NB",13281506170,11865236617,25146742787,1416269553
20200117,"14:22:01","SZ","NB",13321871432,11921945908,25243817340,1399925524
20200117,"14:22:01","SH","NB",10781900878,9126922702,19908823580,1654978176
20200117,"14:23:01","SH","NB",10820504768,9156915576,19977420344,1663589192
20200117,"14:23:01","SZ","NB",13365892331,11951292980,25317185311,1414599351
20200117,"14:24:01","SH","NB",10872192253,9197350994,20069543247,1674841259
20200117,"14:24:01","SZ","NB",13446573918,11990197076,25436770994,1456376842
20200117,"14:25:01","SH","NB",10907728401,9230862277,20138590678,1676866124
20200117,"14:25:01","SZ","NB",13502122679,12028734578,25530857257,1473388101
20200117,"14:26:01","SH","NB",10941622079,9265598133,20207220212,1676023946
20200117,"14:26:01","SZ","NB",13546950419,12070737814,25617688233,1476212605
20200117,"14:27:01","SZ","NB",13588404010,12107875015,25696279025,1480528995
20200117,"14:27:01","SH","NB",10968375699,9300870954,20269246653,1667504745
20200117,"14:28:01","SH","NB",11009820891,9343010274,20352831165,1666810617
20200117,"14:28:01","SZ","NB",13638011439,12144493829,25782505268,1493517610
20200117,"14:29:01","SH","NB",11041333309,9382131677,20423464986,1659201632
20200117,"14:29:01","SZ","NB",13683443918,12188059709,25871503627,1495384209
20200117,"14:30:01","SH","NB",11084794013,9414305667,20499099680,1670488346
20200117,"14:30:01","SZ","NB",13737650798,12228231443,25965882241,1509419355
20200117,"14:31:01","SH","NB",11134738026,9457101015,20591839041,1677637011
20200117,"14:31:01","SZ","NB",13790943782,12289957299,26080901081,1500986483
20200117,"14:32:01","SH","NB",11176348236,9526831308,20703179544,1649516928
20200117,"14:32:01","SZ","NB",13834483208,12366374791,26200857999,1468108417
20200117,"14:33:01","SH","NB",11214511514,9573406137,20787917651,1641105377
20200117,"14:33:01","SZ","NB",13871996855,12414856205,26286853060,1457140650
20200117,"14:34:01","SH","NB",11255286087,9624198472,20879484559,1631087615
20200117,"14:34:01","SZ","NB",13918797211,12474821709,26393618920,1443975502
20200117,"14:35:01","SH","NB",11293885005,9676749333,20970634338,1617135672
20200117,"14:35:01","SZ","NB",13966266305,12542118985,26508385290,1424147320
20200117,"14:36:01","SH","NB",11334890392,9716111605,21051001997,1618778787
20200117,"14:36:01","SZ","NB",14011566758,12598056984,26609623742,1413509774
20200117,"14:37:01","SZ","NB",14061565075,12643480944,26705046019,1418084131
20200117,"14:37:01","SH","NB",11377960703,9759447670,21137408373,1618513033
20200117,"14:38:01","SH","NB",11418275464,9803283432,21221558896,1614992032
20200117,"14:38:01","SZ","NB",14103105152,12686758116,26789863268,1416347036
20200117,"14:39:01","SH","NB",11462346575,9841476707,21303823282,1620869868
20200117,"14:39:01","SZ","NB",14149091604,12734731676,26883823280,1414359928
20200117,"14:40:01","SH","NB",11507043116,9874847315,21381890431,1632195801
20200117,"14:40:01","SZ","NB",14194427878,12782408525,26976836403,1412019353
20200117,"14:41:01","SH","NB",11555565511,9924955878,21480521389,1630609633
20200117,"14:41:01","SZ","NB",14249788857,12847986696,27097775553,1401802161
20200117,"14:42:01","SH","NB",11596429479,9975844476,21572273955,1620585003
20200117,"14:42:01","SZ","NB",14296577613,12907882842,27204460455,1388694771
20200117,"14:43:01","SH","NB",11652709279,10051786425,21704495704,1600922854
20200117,"14:43:01","SZ","NB",14370529115,12972584793,27343113908,1397944322
20200117,"14:44:01","SH","NB",11695731088,10102977646,21798708734,1592753442
20200117,"14:44:01","SZ","NB",14429924463,13023373703,27453298166,1406550760
20200117,"14:45:01","SZ","NB",14496984246,13086144079,27583128325,1410840167
20200117,"14:45:01","SH","NB",11742812170,10158661356,21901473526,1584150814
20200117,"14:46:01","SH","NB",11805124330,10231254892,22036379222,1573869438
20200117,"14:46:01","SZ","NB",14569635102,13159182977,27728818079,1410452125
20200117,"14:47:01","SH","NB",11858233063,10302839144,22161072207,1555393919
20200117,"14:47:01","SZ","NB",14636123126,13220856925,27856980051,1415266201
20200117,"14:48:01","SH","NB",11919253740,10355334151,22274587891,1563919589
20200117,"14:48:01","SZ","NB",14725232591,13275265856,28000498447,1449966735
20200117,"14:49:01","SH","NB",11977368404,10412596292,22389964696,1564772112
20200117,"14:49:01","SZ","NB",14805584319,13344655394,28150239713,1460928925
20200117,"14:50:01","SZ","NB",14883187448,13432864363,28316051811,1450323085
20200117,"14:50:01","SH","NB",12049432638,10516647654,22566080292,1532784984
20200117,"14:51:01","SH","NB",12127389004,10599569148,22726958152,1527819856
20200117,"14:51:01","SZ","NB",14980320564,13522882770,28503203334,1457437794
20200117,"14:52:01","SH","NB",12207462779,10682651861,22890114640,1524810918
20200117,"14:52:01","SZ","NB",15063225106,13617484700,28680709806,1445740406
20200117,"14:53:01","SH","NB",12281791247,10744188467,23025979714,1537602780
20200117,"14:53:01","SZ","NB",15153721184,13688036438,28841757622,1465684746
20200117,"14:54:01","SH","NB",12379214835,10832727602,23211942437,1546487233
20200117,"14:54:01","SZ","NB",15285809436,13789443735,29075253171,1496365701
20200117,"14:55:01","SH","NB",12460765851,10898446009,23359211860,1562319842
20200117,"14:55:01","SZ","NB",15388355122,13873894933,29262250055,1514460189
20200117,"14:56:01","SH","NB",12586761041,10967947163,23554708204,1618813878
20200117,"14:56:01","SZ","NB",15514354900,13969198128,29483553028,1545156772
20200117,"14:57:01","SH","NB",12691478389,11046259262,23737737651,1645219127
20200117,"14:57:01","SZ","NB",15597750679,14052591581,29650342260,1545159098
20200117,"14:58:01","SH","NB",12691526517,11046403478,23737929995,1645123039
20200117,"14:58:01","SZ","NB",15597772631,14052730905,29650503536,1545041726
20200117,"15:00:01","SZ","NB",15605702328,14056700534,29662402862,1549001794
20200117,"15:01:01","SH","NB",13109331099,11271389309,24380720408,1837941790
20200117,"15:01:01","SZ","NB",15970207142,14286799860,30257007002,1683407282
