dataDate,dataTime,connectMarket,tradeDirection,buyTurnover,sellTurnover,totalTurnover,netTurnover
20190625,"09:30:59","SH","NB",190634549,130496350,321130899,60138199
20190625,"09:30:59","SZ","NB",105621937,129099154,234721091,-23477217
20190625,"09:31:59","SH","NB",372469879,213075907,585545786,159393972
20190625,"09:31:59","SZ","NB",197793773,197903236,395697009,-109463
20190625,"09:32:59","SH","NB",512956392,311017238,823973630,201939154
20190625,"09:32:59","SZ","NB",279988674,267505720,547494394,12482954
20190625,"09:33:59","SH","NB",585854033,458563153,1044417186,127290880
20190625,"09:33:59","SZ","NB",333282699,384628717,717911416,-51346018
20190625,"09:34:59","SH","NB",734025270,624281057,1358306327,109744213
20190625,"09:34:59","SZ","NB",418273929,583565858,1001839787,-165291929
20190625,"09:35:59","SZ","NB",504246598,669190077,1173436675,-164943479
20190625,"09:35:59","SH","NB",850338150,696052861,1546391011,154285289
20190625,"09:36:59","SH","NB",928195483,819141253,1747336736,109054230
20190625,"09:36:59","SZ","NB",563720719,855254068,1418974787,-291533349
20190625,"09:37:59","SH","NB",1044078963,881224964,1925303927,162853999
20190625,"09:37:59","SZ","NB",666269156,920995518,1587264674,-254726362
20190625,"09:38:59","SH","NB",1139012678,945625410,2084638088,193387268
20190625,"09:38:59","SZ","NB",772106020,984223854,1756329874,-212117834
20190625,"09:39:59","SH","NB",1187573964,1033395817,2220969781,154178147
20190625,"09:39:59","SZ","NB",839079177,1074473430,1913552607,-235394253
20190625,"09:40:59","SH","NB",1248452085,1115459152,2363911237,132992933
20190625,"09:40:59","SZ","NB",912279570,1151867022,2064146592,-239587452
20190625,"09:41:59","SH","NB",1308039764,1174367600,2482407364,133672164
20190625,"09:41:59","SZ","NB",963089519,1199077832,2162167351,-235988313
20190625,"09:42:59","SH","NB",1342406907,1251997947,2594404854,90408960
20190625,"09:42:59","SZ","NB",1007190634,1279686811,2286877445,-272496177
20190625,"09:43:59","SZ","NB",1047565850,1355248492,2402814342,-307682642
20190625,"09:43:59","SH","NB",1392127283,1331151152,2723278435,60976131
20190625,"09:44:59","SH","NB",1447465850,1436977234,2884443084,10488616
20190625,"09:44:59","SZ","NB",1102102920,1466508514,2568611434,-364405594
20190625,"09:45:59","SH","NB",1530688289,1495215280,3025903569,35473009
20190625,"09:45:59","SZ","NB",1163011112,1515719850,2678730962,-352708738
20190625,"09:46:59","SH","NB",1618151079,1548385117,3166536196,69765962
20190625,"09:46:59","SZ","NB",1240922819,1573295836,2814218655,-332373017
20190625,"09:47:59","SH","NB",1673417731,1616962764,3290380495,56454967
20190625,"09:47:59","SZ","NB",1298419292,1642972197,2941391489,-344552905
20190625,"09:48:59","SH","NB",1749669856,1662445305,3412115161,87224551
20190625,"09:48:59","SZ","NB",1359603103,1687281301,3046884404,-327678198
20190625,"09:49:59","SH","NB",1797006879,1790124813,3587131692,6882066
20190625,"09:49:59","SZ","NB",1398539626,1783760538,3182300164,-385220912
20190625,"09:50:59","SH","NB",1857115125,1892346546,3749461671,-35231421
20190625,"09:50:59","SZ","NB",1428876080,1877176290,3306052370,-448300210
20190625,"09:51:59","SH","NB",1932474408,1978207760,3910682168,-45733352
20190625,"09:51:59","SZ","NB",1486503551,1949058825,3435562376,-462555274
20190625,"09:52:59","SZ","NB",1555357142,1981212574,3536569716,-425855432
20190625,"09:52:59","SH","NB",1997547155,2014451119,4011998274,-16903964
20190625,"09:53:59","SH","NB",2032185286,2055952944,4088138230,-23767658
20190625,"09:53:59","SZ","NB",1596417170,2026871743,3623288913,-430454573
20190625,"09:54:59","SH","NB",2062033874,2109504723,4171538597,-47470849
20190625,"09:54:59","SZ","NB",1621445061,2064870037,3686315098,-443424976
20190625,"09:55:59","SH","NB",2094682189,2162365769,4257047958,-67683580
20190625,"09:55:59","SZ","NB",1643247365,2125004211,3768251576,-481756846
20190625,"09:56:59","SH","NB",2137734987,2210951584,4348686571,-73216597
20190625,"09:56:59","SZ","NB",1692718440,2159546603,3852265043,-466828163
20190625,"09:57:59","SH","NB",2160124500,2245047523,4405172023,-84923023
20190625,"09:57:59","SZ","NB",1726651315,2200996402,3927647717,-474345087
20190625,"09:58:59","SH","NB",2206536429,2282647520,4489183949,-76111091
20190625,"09:58:59","SZ","NB",1755135397,2230631636,3985767033,-475496239
20190625,"09:59:59","SH","NB",2247698447,2389578697,4637277144,-141880250
20190625,"09:59:59","SZ","NB",1782253241,2313839861,4096093102,-531586620
20190625,"10:00:59","SH","NB",2336998534,2433581709,4770580243,-96583175
20190625,"10:00:59","SZ","NB",1897334379,2358426848,4255761227,-461092469
20190625,"10:01:59","SZ","NB",1944276149,2395287731,4339563880,-451011582
20190625,"10:01:59","SH","NB",2372062958,2465618756,4837681714,-93555798
20190625,"10:02:59","SH","NB",2401832280,2497023012,4898855292,-95190732
20190625,"10:02:59","SZ","NB",1978101992,2430492105,4408594097,-452390113
20190625,"10:03:59","SH","NB",2445943796,2552239635,4998183431,-106295839
20190625,"10:03:59","SZ","NB",2012721320,2478416053,4491137373,-465694733
20190625,"10:04:59","SH","NB",2479242257,2595269056,5074511313,-116026799
20190625,"10:04:59","SZ","NB",2043176606,2510127946,4553304552,-466951340
20190625,"10:05:59","SH","NB",2533592232,2646136991,5179729223,-112544759
20190625,"10:05:59","SZ","NB",2081176816,2550181899,4631358715,-469005083
20190625,"10:06:59","SH","NB",2586618771,2694798663,5281417434,-108179892
20190625,"10:06:59","SZ","NB",2125314902,2587652377,4712967279,-462337475
20190625,"10:07:59","SH","NB",2639828565,2745462988,5385291553,-105634423
20190625,"10:07:59","SZ","NB",2165381358,2614695829,4780077187,-449314471
20190625,"10:08:59","SZ","NB",2195114261,2655311617,4850425878,-460197356
20190625,"10:08:59","SH","NB",2694025479,2811713555,5505739034,-117688076
20190625,"10:09:59","SH","NB",2780233302,2860783165,5641016467,-80549863
20190625,"10:09:59","SZ","NB",2274389351,2684087448,4958476799,-409698097
20190625,"10:10:59","SH","NB",2818879867,2887078896,5705958763,-68199029
20190625,"10:10:59","SZ","NB",2318793677,2717080913,5035874590,-398287236
20190625,"10:11:59","SH","NB",2858027384,2921510527,5779537911,-63483143
20190625,"10:11:59","SZ","NB",2367724972,2752886217,5120611189,-385161245
20190625,"10:12:59","SH","NB",2902948071,2950707870,5853655941,-47759799
20190625,"10:12:59","SZ","NB",2397585786,2779220156,5176805942,-381634370
20190625,"10:13:59","SZ","NB",2442719354,2795669734,5238389088,-352950380
20190625,"10:13:59","SH","NB",2949269257,2973871233,5923140490,-24601976
20190625,"10:14:59","SH","NB",2982080002,3015632420,5997712422,-33552418
20190625,"10:14:59","SZ","NB",2470902694,2844003959,5314906653,-373101265
20190625,"10:15:59","SH","NB",3080958677,3070474931,6151433608,10483746
20190625,"10:15:59","SZ","NB",2532994733,2906115226,5439109959,-373120493
20190625,"10:16:59","SH","NB",3164794933,3127240923,6292035856,37554010
20190625,"10:16:59","SZ","NB",2578433716,2955806518,5534240234,-377372802
20190625,"10:17:59","SH","NB",3360273184,3205342475,6565615659,154930709
20190625,"10:17:59","SZ","NB",2697096683,3014870324,5711967007,-317773641
20190625,"10:18:59","SH","NB",3388868098,3299449797,6688317895,89418301
20190625,"10:18:59","SZ","NB",2727446525,3099833910,5827280435,-372387385
20190625,"10:19:59","SH","NB",3409459807,3347858408,6757318215,61601399
20190625,"10:19:59","SZ","NB",2762589685,3138043039,5900632724,-375453354
20190625,"10:20:59","SH","NB",3435016706,3414166238,6849182944,20850468
20190625,"10:20:59","SZ","NB",2786430996,3206924443,5993355439,-420493447
20190625,"10:21:59","SZ","NB",2817698877,3254657115,6072355992,-436958238
20190625,"10:21:59","SH","NB",3475867758,3455581853,6931449611,20285905
20190625,"10:22:59","SH","NB",3505120429,3513602815,7018723244,-8482386
20190625,"10:22:59","SZ","NB",2855887131,3291445986,6147333117,-435558855
20190625,"10:23:59","SH","NB",3540106623,3592146950,7132253573,-52040327
20190625,"10:23:59","SZ","NB",2879533244,3343673859,6223207103,-464140615
20190625,"10:24:59","SH","NB",3583041017,3661494164,7244535181,-78453147
20190625,"10:24:59","SZ","NB",2926447499,3387228885,6313676384,-460781386
20190625,"10:25:59","SH","NB",3611274071,3704289775,7315563846,-93015704
20190625,"10:25:59","SZ","NB",2948250386,3413177663,6361428049,-464927277
20190625,"10:26:59","SZ","NB",2975372543,3444736167,6420108710,-469363624
20190625,"10:26:59","SH","NB",3659606173,3741905886,7401512059,-82299713
20190625,"10:27:59","SH","NB",3686350098,3818809200,7505159298,-132459102
20190625,"10:27:59","SZ","NB",3001045607,3487643791,6488689398,-486598184
20190625,"10:28:59","SH","NB",3714827680,3844616769,7559444449,-129789089
20190625,"10:28:59","SZ","NB",3029602441,3515879547,6545481988,-486277106
20190625,"10:29:59","SH","NB",3743781729,3876158293,7619940022,-132376564
20190625,"10:29:59","SZ","NB",3051808810,3531268566,6583077376,-479459756
20190625,"10:30:59","SH","NB",3763763662,3897036105,7660799767,-133272443
20190625,"10:30:59","SZ","NB",3082352079,3554527764,6636879843,-472175685
20190625,"10:31:59","SH","NB",3784714248,3927999686,7712713934,-143285438
20190625,"10:31:59","SZ","NB",3108371420,3586670416,6695041836,-478298996
20190625,"10:32:59","SZ","NB",3129936688,3654015315,6783952003,-524078627
20190625,"10:32:59","SH","NB",3806436101,3978673188,7785109289,-172237087
20190625,"10:33:59","SH","NB",3839500135,4071676469,7911176604,-232176334
20190625,"10:33:59","SZ","NB",3170145862,3803907433,6974053295,-633761571
20190625,"10:34:59","SH","NB",3891732381,4135603214,8027335595,-243870833
20190625,"10:34:59","SZ","NB",3205244833,3884262325,7089507158,-679017492
20190625,"10:35:59","SH","NB",3937147630,4182762406,8119910036,-245614776
20190625,"10:35:59","SZ","NB",3247454220,3927328424,7174782644,-679874204
20190625,"10:36:59","SH","NB",4028158145,4223146021,8251304166,-194987876
20190625,"10:36:59","SZ","NB",3292044298,3949295361,7241339659,-657251063
20190625,"10:37:59","SH","NB",4063680156,4253052401,8316732557,-189372245
20190625,"10:37:59","SZ","NB",3331141440,3970768782,7301910222,-639627342
20190625,"10:38:59","SH","NB",4089093817,4280366489,8369460306,-191272672
20190625,"10:38:59","SZ","NB",3357673381,3995966760,7353640141,-638293379
20190625,"10:39:59","SH","NB",4121540949,4332633280,8454174229,-211092331
20190625,"10:39:59","SZ","NB",3380370555,4031528329,7411898884,-651157774
20190625,"10:40:59","SH","NB",4151506205,4413164629,8564670834,-261658424
20190625,"10:40:59","SZ","NB",3401395306,4088902723,7490298029,-687507417
20190625,"10:41:59","SZ","NB",3437634924,4226155924,7663790848,-788521000
20190625,"10:41:59","SH","NB",4210404073,4537469114,8747873187,-327065041
20190625,"10:42:59","SH","NB",4340971473,4573477776,8914449249,-232506303
20190625,"10:42:59","SZ","NB",3515476494,4271008240,7786484734,-755531746
20190625,"10:43:59","SH","NB",4380083705,4605357328,8985441033,-225273623
20190625,"10:43:59","SZ","NB",3543163114,4303686508,7846849622,-760523394
20190625,"10:44:59","SH","NB",4403474625,4641008630,9044483255,-237534005
20190625,"10:44:59","SZ","NB",3572262611,4338210407,7910473018,-765947796
20190625,"10:45:59","SH","NB",4451414489,4687904541,9139319030,-236490052
20190625,"10:45:59","SZ","NB",3602837552,4363652213,7966489765,-760814661
20190625,"10:46:59","SH","NB",4483671632,4716532668,9200204300,-232861036
20190625,"10:46:59","SZ","NB",3626404280,4385320021,8011724301,-758915741
20190625,"10:47:59","SZ","NB",3646612631,4415625752,8062238383,-769013121
20190625,"10:47:59","SH","NB",4503605785,4780834943,9284440728,-277229158
20190625,"10:48:59","SH","NB",4531365036,4813211197,9344576233,-281846161
20190625,"10:48:59","SZ","NB",3687692888,4435423252,8123116140,-747730364
20190625,"10:49:59","SH","NB",4554934396,4865996896,9420931292,-311062500
20190625,"10:49:59","SZ","NB",3708689345,4457830598,8166519943,-749141253
20190625,"10:50:59","SH","NB",4573653512,4950222764,9523876276,-376569252
20190625,"10:50:59","SZ","NB",3728898576,4502187140,8231085716,-773288564
20190625,"10:51:59","SH","NB",4599763059,5040569713,9640332772,-440806654
20190625,"10:51:59","SZ","NB",3776614836,4610771298,8387386134,-834156462
20190625,"10:52:59","SH","NB",4660668606,5099526271,9760194877,-438857665
20190625,"10:52:59","SZ","NB",3847513977,4643303047,8490817024,-795789070
20190625,"10:53:59","SZ","NB",3944978890,4656555858,8601534748,-711576968
20190625,"10:53:59","SH","NB",4750488207,5148412533,9898900740,-397924326
20190625,"10:54:59","SH","NB",4781383172,5182249118,9963632290,-400865946
20190625,"10:54:59","SZ","NB",3981835094,4670852556,8652687650,-689017462
20190625,"10:55:59","SH","NB",4810719205,5215613509,10026332714,-404894304
20190625,"10:55:59","SZ","NB",4015840386,4682430409,8698270795,-666590023
20190625,"10:56:59","SH","NB",4834876096,5257247365,10092123461,-422371269
20190625,"10:56:59","SZ","NB",4033847193,4705695841,8739543034,-671848648
20190625,"10:57:59","SH","NB",4858585650,5396827762,10255413412,-538242112
20190625,"10:57:59","SZ","NB",4057418011,4803784403,8861202414,-746366392
20190625,"10:58:59","SH","NB",4892627283,5562357602,10454984885,-669730319
20190625,"10:58:59","SZ","NB",4091420418,4918363436,9009783854,-826943018
20190625,"10:59:59","SH","NB",4959950147,5677804091,10637754238,-717853944
20190625,"10:59:59","SZ","NB",4138897314,4969116026,9108013340,-830218712
20190625,"11:00:59","SZ","NB",4204549326,5017854725,9222404051,-813305399
20190625,"11:00:59","SH","NB",5020051952,5755486284,10775538236,-735434332
20190625,"11:01:59","SH","NB",5063533142,5800479705,10864012847,-736946563
20190625,"11:01:59","SZ","NB",4243909807,5043658852,9287568659,-799749045
20190625,"11:02:59","SH","NB",5096013390,5869272911,10965286301,-773259521
20190625,"11:02:59","SZ","NB",4267144594,5087042662,9354187256,-819898068
20190625,"11:03:59","SH","NB",5131567211,6016378003,11147945214,-884810792
20190625,"11:03:59","SZ","NB",4297319377,5185297804,9482617181,-887978427
20190625,"11:04:59","SH","NB",5177821807,6112748584,11290570391,-934926777
20190625,"11:04:59","SZ","NB",4333459919,5289911143,9623371062,-956451224
20190625,"11:05:59","SH","NB",5269470126,6180968452,11450438578,-911498326
20190625,"11:05:59","SZ","NB",4450994879,5334975558,9785970437,-883980679
20190625,"11:06:59","SH","NB",5313910837,6245442049,11559352886,-931531212
20190625,"11:06:59","SZ","NB",4491417842,5358304629,9849722471,-866886787
20190625,"11:07:59","SH","NB",5423302276,6299460131,11722762407,-876157855
20190625,"11:07:59","SZ","NB",4574192215,5389287047,9963479262,-815094832
20190625,"11:08:59","SZ","NB",4619507863,5414661162,10034169025,-795153299
20190625,"11:08:59","SH","NB",5473576531,6362382850,11835959381,-888806319
20190625,"11:09:59","SH","NB",5496906030,6395381637,11892287667,-898475607
20190625,"11:09:59","SZ","NB",4650244734,5430383246,10080627980,-780138512
20190625,"11:10:59","SH","NB",5519979968,6458099280,11978079248,-938119312
20190625,"11:10:59","SZ","NB",4671415535,5470361283,10141776818,-798945748
20190625,"11:11:59","SH","NB",5541542894,6501246515,12042789409,-959703621
20190625,"11:11:59","SZ","NB",4686071532,5501466371,10187537903,-815394839
20190625,"11:12:59","SH","NB",5561794196,6581675361,12143469557,-1019881165
20190625,"11:12:59","SZ","NB",4702038726,5559065227,10261103953,-857026501
20190625,"11:13:59","SH","NB",5596141233,6639921187,12236062420,-1043779954
20190625,"11:13:59","SZ","NB",4729140804,5587981258,10317122062,-858840454
20190625,"11:14:59","SZ","NB",4749499852,5623535513,10373035365,-874035661
20190625,"11:14:59","SH","NB",5621035475,6689472977,12310508452,-1068437502
20190625,"11:15:59","SH","NB",5641624043,6745173798,12386797841,-1103549755
20190625,"11:15:59","SZ","NB",4771717998,5673416334,10445134332,-901698336
20190625,"11:16:59","SH","NB",5673381348,6791786039,12465167387,-1118404691
20190625,"11:16:59","SZ","NB",4790487862,5705679204,10496167066,-915191342
20190625,"11:17:59","SH","NB",5691790012,6835231511,12527021523,-1143441499
20190625,"11:17:59","SZ","NB",4808216550,5737121194,10545337744,-928904644
20190625,"11:18:59","SH","NB",5717563375,6878680421,12596243796,-1161117046
20190625,"11:18:59","SZ","NB",4824816750,5769202112,10594018862,-944385362
20190625,"11:19:59","SH","NB",5737565181,6922000543,12659565724,-1184435362
20190625,"11:19:59","SZ","NB",4843104846,5813858835,10656963681,-970753989
20190625,"11:20:59","SH","NB",5766961659,7007225868,12774187527,-1240264209
20190625,"11:20:59","SZ","NB",4864599770,5882578168,10747177938,-1017978398
20190625,"11:21:59","SH","NB",5898694417,7075122700,12973817117,-1176428283
20190625,"11:21:59","SZ","NB",4948453276,5920267371,10868720647,-971814095
20190625,"11:22:59","SH","NB",5919936685,7107743882,13027680567,-1187807197
20190625,"11:22:59","SZ","NB",4971220872,5945323389,10916544261,-974102517
20190625,"11:23:59","SZ","NB",4987811865,5979451381,10967263246,-991639516
20190625,"11:23:59","SH","NB",5942620330,7182623654,13125243984,-1240003324
20190625,"11:24:59","SH","NB",5966331720,7223299430,13189631150,-1256967710
20190625,"11:24:59","SZ","NB",5009754746,5998325289,11008080035,-988570543
20190625,"11:25:59","SH","NB",6013847740,7263545617,13277393357,-1249697877
20190625,"11:25:59","SZ","NB",5022486542,6017188268,11039674810,-994701726
20190625,"11:26:59","SH","NB",6037239053,7300156568,13337395621,-1262917515
20190625,"11:26:59","SZ","NB",5043640370,6036808298,11080448668,-993167928
20190625,"11:27:59","SH","NB",6062364438,7347960192,13410324630,-1285595754
20190625,"11:27:59","SZ","NB",5063118653,6063091320,11126209973,-999972667
20190625,"11:28:59","SH","NB",6086950460,7377784506,13464734966,-1290834046
20190625,"11:28:59","SZ","NB",5084504990,6079115810,11163620800,-994610820
20190625,"11:29:59","SH","NB",6118427994,7405149676,13523577670,-1286721682
20190625,"11:29:59","SZ","NB",5104121934,6088714333,11192836267,-984592399
20190625,"11:30:59","SH","NB",6118447940,7405250986,13523698926,-1286803046
20190625,"13:00:59","SZ","NB",5142266605,6145106946,11287373551,-1002840341
20190625,"13:00:59","SH","NB",6192861826,7527532872,13720394698,-1334671046
20190625,"13:01:59","SH","NB",6223785738,7599724098,13823509836,-1375938360
20190625,"13:01:59","SZ","NB",5164657418,6171831716,11336489134,-1007174298
20190625,"13:02:59","SH","NB",6255602855,7646215463,13901818318,-1390612608
20190625,"13:02:59","SZ","NB",5181278558,6209019887,11390298445,-1027741329
20190625,"13:03:59","SH","NB",6347406289,7695846936,14043253225,-1348440647
20190625,"13:03:59","SZ","NB",5233339005,6230394550,11463733555,-997055545
20190625,"13:04:59","SH","NB",6390732111,7731289702,14122021813,-1340557591
20190625,"13:04:59","SZ","NB",5254859480,6248815878,11503675358,-993956398
20190625,"13:05:59","SZ","NB",5288839735,6264248948,11553088683,-975409213
20190625,"13:05:59","SH","NB",6451361407,7766076188,14217437595,-1314714781
20190625,"13:06:59","SH","NB",6510540376,7823161381,14333701757,-1312621005
20190625,"13:06:59","SZ","NB",5319860621,6276959128,11596819749,-957098507
20190625,"13:07:59","SH","NB",6526551564,7848893735,14375445299,-1322342171
20190625,"13:07:59","SZ","NB",5333482072,6292558377,11626040449,-959076305
20190625,"13:08:59","SH","NB",6591393079,7875642113,14467035192,-1284249034
20190625,"13:08:59","SZ","NB",5356829424,6305841498,11662670922,-949012074
20190625,"13:09:59","SH","NB",6670934447,7903536524,14574470971,-1232602077
20190625,"13:09:59","SZ","NB",5389820237,6325281791,11715102028,-935461554
20190625,"13:10:59","SZ","NB",5403491167,6346688473,11750179640,-943197306
20190625,"13:10:59","SH","NB",6692362209,7927623807,14619986016,-1235261598
20190625,"13:11:59","SH","NB",6713234314,7951180053,14664414367,-1237945739
20190625,"13:11:59","SZ","NB",5421962846,6374017062,11795979908,-952054216
20190625,"13:12:59","SH","NB",6732530937,7980971281,14713502218,-1248440344
20190625,"13:12:59","SZ","NB",5436450020,6399343879,11835793899,-962893859
20190625,"13:13:59","SH","NB",6769470068,8007587014,14777057082,-1238116946
20190625,"13:13:59","SZ","NB",5447310535,6409716715,11857027250,-962406180
20190625,"13:14:59","SH","NB",6796961948,8040432312,14837394260,-1243470364
20190625,"13:14:59","SZ","NB",5460756359,6427579041,11888335400,-966822682
20190625,"13:15:59","SH","NB",6817200640,8062284633,14879485273,-1245083993
20190625,"13:15:59","SZ","NB",5472332394,6441033388,11913365782,-968700994
20190625,"13:16:59","SH","NB",6842885356,8083436323,14926321679,-1240550967
20190625,"13:16:59","SZ","NB",5488320172,6452825661,11941145833,-964505489
20190625,"13:17:59","SH","NB",6859116741,8108031407,14967148148,-1248914666
20190625,"13:17:59","SZ","NB",5498555069,6480000168,11978555237,-981445099
20190625,"13:18:59","SZ","NB",5508240800,6499972962,12008213762,-991732162
20190625,"13:18:59","SH","NB",6875015598,8137524239,15012539837,-1262508641
20190625,"13:19:59","SH","NB",6920822819,8164032413,15084855232,-1243209594
20190625,"13:19:59","SZ","NB",5523673433,6518789799,12042463232,-995116366
20190625,"13:20:59","SH","NB",7025848772,8195068247,15220917019,-1169219475
20190625,"13:20:59","SZ","NB",5572432210,6533220716,12105652926,-960788506
20190625,"13:21:59","SH","NB",7058944949,8228609140,15287554089,-1169664191
20190625,"13:21:59","SZ","NB",5606017257,6545461257,12151478514,-939444000
20190625,"13:22:59","SH","NB",7076817118,8253023444,15329840562,-1176206326
20190625,"13:22:59","SZ","NB",5625774801,6561777368,12187552169,-936002567
20190625,"13:23:59","SH","NB",7097019854,8277872220,15374892074,-1180852366
20190625,"13:23:59","SZ","NB",5638665740,6575700492,12214366232,-937034752
20190625,"13:24:59","SH","NB",7125462399,8304957432,15430419831,-1179495033
20190625,"13:24:59","SZ","NB",5661066896,6584538549,12245605445,-923471653
20190625,"13:25:59","SH","NB",7139386014,8326664551,15466050565,-1187278537
20190625,"13:25:59","SZ","NB",5675184350,6600263423,12275447773,-925079073
20190625,"13:26:59","SH","NB",7155593216,8379729487,15535322703,-1224136271
20190625,"13:26:59","SZ","NB",5692881012,6643421293,12336302305,-950540281
20190625,"13:27:59","SZ","NB",5703961178,6660356495,12364317673,-956395317
20190625,"13:27:59","SH","NB",7176386588,8417508646,15593895234,-1241122058
20190625,"13:28:59","SH","NB",7187353175,8443472960,15630826135,-1256119785
20190625,"13:28:59","SZ","NB",5720117045,6671385724,12391502769,-951268679
20190625,"13:29:59","SH","NB",7197437105,8462382461,15659819566,-1264945356
20190625,"13:29:59","SZ","NB",5732671512,6680436271,12413107783,-947764759
20190625,"13:30:59","SH","NB",7208125482,8488547501,15696672983,-1280422019
20190625,"13:30:59","SZ","NB",5744477351,6694550610,12439027961,-950073259
20190625,"13:31:59","SH","NB",7222161902,8525370824,15747532726,-1303208922
20190625,"13:31:59","SZ","NB",5756873129,6708858303,12465731432,-951985174
20190625,"13:32:59","SH","NB",7236151459,8546575536,15782726995,-1310424077
20190625,"13:32:59","SZ","NB",5771129520,6718940632,12490070152,-947811112
20190625,"13:33:59","SZ","NB",5825961860,6733108731,12559070591,-907146871
20190625,"13:33:59","SH","NB",7292617895,8574708378,15867326273,-1282090483
20190625,"13:34:59","SH","NB",7311822652,8605265795,15917088447,-1293443143
20190625,"13:34:59","SZ","NB",5845105463,6744834026,12589939489,-899728563
20190625,"13:35:59","SH","NB",7337345537,8633765443,15971110980,-1296419906
20190625,"13:35:59","SZ","NB",5887660375,6763948453,12651608828,-876288078
20190625,"13:36:59","SZ","NB",5904015877,6810192782,12714208659,-906176905
20190625,"13:36:59","SH","NB",7352571442,8686451024,16039022466,-1333879582
20190625,"13:37:59","SH","NB",7369340375,8714691624,16084031999,-1345351249
20190625,"13:37:59","SZ","NB",5913465914,6827900009,12741365923,-914434095
20190625,"13:38:59","SH","NB",7385730419,8742879702,16128610121,-1357149283
20190625,"13:38:59","SZ","NB",5924751594,6836737281,12761488875,-911985687
20190625,"13:39:59","SH","NB",7396645674,8765621915,16162267589,-1368976241
20190625,"13:39:59","SZ","NB",5934307867,6844249026,12778556893,-909941159
20190625,"13:40:59","SH","NB",7410437448,8787475627,16197913075,-1377038179
20190625,"13:40:59","SZ","NB",5946294305,6855293393,12801587698,-908999088
20190625,"13:41:59","SZ","NB",5959345570,6873047302,12832392872,-913701732
20190625,"13:41:59","SH","NB",7422687858,8811839154,16234527012,-1389151296
20190625,"13:42:59","SH","NB",7436611069,8836596301,16273207370,-1399985232
20190625,"13:42:59","SZ","NB",5973049901,6887034146,12860084047,-913984245
20190625,"13:43:59","SH","NB",7451034724,8866953778,16317988502,-1415919054
20190625,"13:43:59","SZ","NB",5986550814,6906522784,12893073598,-919971970
20190625,"13:44:59","SH","NB",7471542964,8900988661,16372531625,-1429445697
20190625,"13:44:59","SZ","NB",6000894411,6924883618,12925778029,-923989207
20190625,"13:45:59","SH","NB",7497582842,8928770002,16426352844,-1431187160
20190625,"13:45:59","SZ","NB",6025128591,6935988415,12961117006,-910859824
20190625,"13:46:59","SH","NB",7595043004,9014467952,16609510956,-1419424948
20190625,"13:46:59","SZ","NB",6104057755,6959837929,13063895684,-855780174
20190625,"13:47:59","SZ","NB",6147889965,6981313544,13129203509,-833423579
20190625,"13:47:59","SH","NB",7663880166,9093425681,16757305847,-1429545515
20190625,"13:48:59","SH","NB",7755104331,9183341642,16938445973,-1428237311
20190625,"13:48:59","SZ","NB",6182704247,7008708338,13191412585,-826004091
20190625,"13:49:59","SH","NB",7776408132,9244514553,17020922685,-1468106421
20190625,"13:49:59","SZ","NB",6201256959,7038221756,13239478715,-836964797
20190625,"13:50:59","SH","NB",7794435347,9300733856,17095169203,-1506298509
20190625,"13:50:59","SZ","NB",6217007948,7106107691,13323115639,-889099743
20190625,"13:51:59","SH","NB",7815951135,9332230622,17148181757,-1516279487
20190625,"13:51:59","SZ","NB",6233102902,7129228491,13362331393,-896125589
20190625,"13:52:59","SH","NB",7865480551,9368888847,17234369398,-1503408296
20190625,"13:52:59","SZ","NB",6281392365,7144352966,13425745331,-862960601
20190625,"13:53:59","SH","NB",7905468922,9417919962,17323388884,-1512451040
20190625,"13:53:59","SZ","NB",6308724740,7162301234,13471025974,-853576494
20190625,"13:54:59","SH","NB",7926853746,9479670158,17406523904,-1552816412
20190625,"13:54:59","SZ","NB",6324703484,7196825388,13521528872,-872121904
20190625,"13:55:59","SZ","NB",6341255956,7216877610,13558133566,-875621654
20190625,"13:55:59","SH","NB",7949230369,9511521805,17460752174,-1562291436
20190625,"13:56:59","SH","NB",7973325827,9541733850,17515059677,-1568408023
20190625,"13:56:59","SZ","NB",6356880803,7237880840,13594761643,-881000037
20190625,"13:57:59","SH","NB",7993007725,9578624384,17571632109,-1585616659
20190625,"13:57:59","SZ","NB",6367271848,7256458328,13623730176,-889186480
20190625,"13:58:59","SH","NB",8011963715,9612831243,17624794958,-1600867528
20190625,"13:58:59","SZ","NB",6382077727,7282571098,13664648825,-900493371
20190625,"13:59:59","SH","NB",8034693859,9646804215,17681498074,-1612110356
20190625,"13:59:59","SZ","NB",6395659031,7306480388,13702139419,-910821357
20190625,"14:00:59","SH","NB",8057402893,9685511097,17742913990,-1628108204
20190625,"14:00:59","SZ","NB",6409353410,7325005100,13734358510,-915651690
20190625,"14:01:59","SH","NB",8074634302,9719024278,17793658580,-1644389976
20190625,"14:01:59","SZ","NB",6421499487,7346286478,13767785965,-924786991
20190625,"14:02:59","SH","NB",8107319391,9745183585,17852502976,-1637864194
20190625,"14:02:59","SZ","NB",6448953138,7364507082,13813460220,-915553944
20190625,"14:03:59","SZ","NB",6469468549,7382394571,13851863120,-912926022
20190625,"14:03:59","SH","NB",8130667918,9766299947,17896967865,-1635632029
20190625,"14:04:59","SH","NB",8149759158,9789923823,17939682981,-1640164665
20190625,"14:04:59","SZ","NB",6482525439,7398746974,13881272413,-916221535
20190625,"14:05:59","SH","NB",8166869417,9836820415,18003689832,-1669950998
20190625,"14:05:59","SZ","NB",6496862044,7431530758,13928392802,-934668714
20190625,"14:06:59","SH","NB",8180763486,9881348056,18062111542,-1700584570
20190625,"14:06:59","SZ","NB",6511422062,7456721587,13968143649,-945299525
20190625,"14:07:59","SH","NB",8211382097,9906192598,18117574695,-1694810501
20190625,"14:07:59","SZ","NB",6532089969,7468133922,14000223891,-936043953
20190625,"14:08:59","SH","NB",8231388456,9930138879,18161527335,-1698750423
20190625,"14:08:59","SZ","NB",6552512629,7481335624,14033848253,-928822995
20190625,"14:09:59","SH","NB",8245394977,9951553982,18196948959,-1706159005
20190625,"14:09:59","SZ","NB",6569791117,7493328027,14063119144,-923536910
20190625,"14:10:59","SH","NB",8259107103,9988271302,18247378405,-1729164199
20190625,"14:10:59","SZ","NB",6583153471,7512239609,14095393080,-929086138
20190625,"14:11:59","SZ","NB",6596491646,7526700309,14123191955,-930208663
20190625,"14:11:59","SH","NB",8274634474,10005817351,18280451825,-1731182877
20190625,"14:12:59","SH","NB",8284788761,10022218697,18307007458,-1737429936
20190625,"14:12:59","SZ","NB",6610012569,7543170875,14153183444,-933158306
20190625,"14:13:59","SH","NB",8305765358,10145993041,18451758399,-1840227683
20190625,"14:13:59","SZ","NB",6630546321,7640095591,14270641912,-1009549270
20190625,"14:14:59","SH","NB",8329843611,10192785544,18522629155,-1862941933
20190625,"14:14:59","SZ","NB",6652673789,7696222780,14348896569,-1043548991
20190625,"14:15:59","SZ","NB",6687670256,7714121601,14401791857,-1026451345
20190625,"14:15:59","SH","NB",8380474649,10224355666,18604830315,-1843881017
20190625,"14:16:59","SH","NB",8457324760,10258919970,18716244730,-1801595210
20190625,"14:16:59","SZ","NB",6760905322,7731398070,14492303392,-970492748
20190625,"14:17:59","SH","NB",8497654991,10283847772,18781502763,-1786192781
20190625,"14:17:59","SZ","NB",6793664753,7745739873,14539404626,-952075120
20190625,"14:18:59","SH","NB",8514886599,10310029107,18824915706,-1795142508
20190625,"14:18:59","SZ","NB",6806869758,7768408236,14575277994,-961538478
20190625,"14:19:59","SH","NB",8539295501,10410542566,18949838067,-1871247065
20190625,"14:19:59","SZ","NB",6822328985,7832367672,14654696657,-1010038687
20190625,"14:20:59","SZ","NB",6835847402,7861441993,14697289395,-1025594591
20190625,"14:20:59","SH","NB",8560382202,10464160593,19024542795,-1903778391
20190625,"14:21:59","SH","NB",8575980237,10510441953,19086422190,-1934461716
20190625,"14:21:59","SZ","NB",6848998137,7887034187,14736032324,-1038036050
20190625,"14:22:59","SH","NB",8594122300,10562106813,19156229113,-1967984513
20190625,"14:22:59","SZ","NB",6869009590,7917205632,14786215222,-1048196042
20190625,"14:23:59","SH","NB",8631260815,10599551303,19230812118,-1968290488
20190625,"14:23:59","SZ","NB",6891454464,7935852317,14827306781,-1044397853
20190625,"14:24:59","SH","NB",8651927902,10626404002,19278331904,-1974476100
20190625,"14:24:59","SZ","NB",6913452461,7950721013,14864173474,-1037268552
20190625,"14:25:59","SH","NB",8667984979,10653038634,19321023613,-1985053655
20190625,"14:25:59","SZ","NB",6928489647,7961468537,14889958184,-1032978890
20190625,"14:26:59","SH","NB",8685766400,10682431182,19368197582,-1996664782
20190625,"14:26:59","SZ","NB",6944019981,7975358987,14919378968,-1031339006
20190625,"14:27:59","SH","NB",8701820744,10736917309,19438738053,-2035096565
20190625,"14:27:59","SZ","NB",6962439644,7998353665,14960793309,-1035914021
20190625,"14:28:59","SZ","NB",6984922494,8017698588,15002621082,-1032776094
20190625,"14:28:59","SH","NB",8717688174,10766281608,19483969782,-2048593434
20190625,"14:29:59","SH","NB",8734057013,10812338346,19546395359,-2078281333
20190625,"14:29:59","SZ","NB",7003256911,8044078754,15047335665,-1040821843
20190625,"14:30:59","SH","NB",8754418536,10847008473,19601427009,-2092589937
20190625,"14:30:59","SZ","NB",7025275557,8069351838,15094627395,-1044076281
20190625,"14:31:59","SH","NB",8780228605,10900953395,19681182000,-2120724790
20190625,"14:31:59","SZ","NB",7044953052,8091510968,15136464020,-1046557916
20190625,"14:32:59","SH","NB",8804864618,10941879226,19746743844,-2137014608
20190625,"14:32:59","SZ","NB",7069925798,8104884234,15174810032,-1034958436
20190625,"14:33:59","SZ","NB",7095935361,8124056173,15219991534,-1028120812
20190625,"14:33:59","SH","NB",8831419787,10978176940,19809596727,-2146757153
20190625,"14:34:59","SH","NB",8861330521,11003867160,19865197681,-2142536639
20190625,"14:34:59","SZ","NB",7123687794,8140337217,15264025011,-1016649423
20190625,"14:35:59","SH","NB",8950367252,11048180925,19998548177,-2097813673
20190625,"14:35:59","SZ","NB",7194382231,8162228690,15356610921,-967846459
20190625,"14:36:59","SH","NB",8993302835,11080379700,20073682535,-2087076865
20190625,"14:36:59","SZ","NB",7229975752,8182050839,15412026591,-952075087
20190625,"14:37:59","SH","NB",9029145930,11117799153,20146945083,-2088653223
20190625,"14:37:59","SZ","NB",7254189369,8209382957,15463572326,-955193588
20190625,"14:38:59","SH","NB",9063284378,11148442904,20211727282,-2085158526
20190625,"14:38:59","SZ","NB",7284675781,8235888732,15520564513,-951212951
20190625,"14:39:59","SZ","NB",7326215000,8253752492,15579967492,-927537492
20190625,"14:39:59","SH","NB",9123532968,11187003691,20310536659,-2063470723
20190625,"14:40:59","SH","NB",9168188648,11239824825,20408013473,-2071636177
20190625,"14:40:59","SZ","NB",7359959398,8284318225,15644277623,-924358827
20190625,"14:41:59","SH","NB",9202738700,11296057278,20498795978,-2093318578
20190625,"14:41:59","SZ","NB",7406932343,8319081941,15726014284,-912149598
20190625,"14:42:59","SH","NB",9241220121,11341698469,20582918590,-2100478348
20190625,"14:42:59","SZ","NB",7428929656,8346360492,15775290148,-917430836
20190625,"14:43:59","SH","NB",9276394830,11380598547,20656993377,-2104203717
20190625,"14:43:59","SZ","NB",7451099285,8368409742,15819509027,-917310457
20190625,"14:44:59","SH","NB",9319770227,11411658106,20731428333,-2091887879
20190625,"14:44:59","SZ","NB",7488265906,8383962307,15872228213,-895696401
20190625,"14:45:59","SH","NB",9370525075,11453720637,20824245712,-2083195562
20190625,"14:45:59","SZ","NB",7537556984,8408100425,15945657409,-870543441
20190625,"14:46:59","SH","NB",9411415794,11548889296,20960305090,-2137473502
20190625,"14:46:59","SZ","NB",7572087818,8454704328,16026792146,-882616510
20190625,"14:47:59","SZ","NB",7615274301,8485492190,16100766491,-870217889
20190625,"14:47:59","SH","NB",9450834710,11598590499,21049425209,-2147755789
20190625,"14:48:59","SH","NB",9501741920,11633169677,21134911597,-2131427757
20190625,"14:48:59","SZ","NB",7650966973,8501792466,16152759439,-850825493
20190625,"14:49:59","SH","NB",9552343067,11681063110,21233406177,-2128720043
20190625,"14:49:59","SZ","NB",7688524010,8520935193,16209459203,-832411183
20190625,"14:50:59","SH","NB",9613835160,11782354928,21396190088,-2168519768
20190625,"14:50:59","SZ","NB",7734799486,8577605159,16312404645,-842805673
20190625,"14:51:59","SH","NB",9663709458,11842095485,21505804943,-2178386027
20190625,"14:51:59","SZ","NB",7771522149,8612938310,16384460459,-841416161
20190625,"14:52:59","SZ","NB",7812909605,8638407552,16451317157,-825497947
20190625,"14:52:59","SH","NB",9718308312,11894355433,21612663745,-2176047121
20190625,"14:53:59","SH","NB",9768621364,11976450758,21745072122,-2207829394
20190625,"14:53:59","SZ","NB",7848309386,8686984122,16535293508,-838674736
20190625,"14:54:59","SH","NB",9816691533,12033541361,21850232894,-2216849828
20190625,"14:54:59","SZ","NB",7880046901,8713744153,16593791054,-833697252
20190625,"14:55:59","SH","NB",9867970877,12083980144,21951951021,-2216009267
20190625,"14:55:59","SZ","NB",7913721397,8741452263,16655173660,-827730866
20190625,"14:56:59","SH","NB",9900055936,12126070043,22026125979,-2226014107
20190625,"14:56:59","SZ","NB",7940239424,8767410667,16707650091,-827171243
20190625,"14:57:59","SH","NB",9900058043,12126226692,22026284735,-2226168649
20190625,"15:00:59","SH","NB",9980689596,12374107184,22354796780,-2393417588
20190625,"15:00:59","SZ","NB",7994081006,8900201461,16894282467,-906120455
