dataDate,dataTime,connectMarket,tradeDirection,buyTurnover,sellTurnover,totalTurnover,netTurnover
20200514,"09:30:02","SH","NB",88752700,102227887,190980587,-13475187
20200514,"09:30:02","SZ","NB",137989459,95834855,233824314,42154604
20200514,"09:31:01","SH","NB",228539853,279948920,508488773,-51409067
20200514,"09:31:01","SZ","NB",484954282,372495437,857449719,112458845
20200514,"09:32:01","SH","NB",384417196,439438477,823855673,-55021281
20200514,"09:32:01","SZ","NB",905819050,666522439,1572341489,239296611
20200514,"09:33:01","SH","NB",480726066,537984367,1018710433,-57258301
20200514,"09:33:01","SZ","NB",1191313896,837802366,2029116262,353511530
20200514,"09:34:01","SH","NB",578203228,718743035,1296946263,-140539807
20200514,"09:34:01","SZ","NB",1461608226,1140071741,2601679967,321536485
20200514,"09:35:01","SH","NB",674737892,810758986,1485496878,-136021094
20200514,"09:35:01","SZ","NB",1703204456,1288092955,2991297411,415111501
20200514,"09:36:01","SH","NB",763906280,996155780,1760062060,-232249500
20200514,"09:36:01","SZ","NB",1923973175,1515758959,3439732134,408214216
20200514,"09:37:01","SZ","NB",2168564915,1729608237,3898173152,438956678
20200514,"09:37:01","SH","NB",840836649,1129544553,1970381202,-288707904
20200514,"09:38:01","SH","NB",900256203,1308048636,2208304839,-407792433
20200514,"09:38:01","SZ","NB",2314357710,1955822719,4270180429,358534991
20200514,"09:39:01","SH","NB",964549243,1445054407,2409603650,-480505164
20200514,"09:39:01","SZ","NB",2447031224,2115211474,4562242698,331819750
20200514,"09:40:01","SH","NB",1017520801,1536218992,2553739793,-518698191
20200514,"09:40:01","SZ","NB",2562489885,2284695607,4847185492,277794278
20200514,"09:41:01","SH","NB",1092991395,1658585298,2751576693,-565593903
20200514,"09:41:01","SZ","NB",2743980373,2483337125,5227317498,260643248
20200514,"09:42:01","SH","NB",1180256610,1741765320,2922021930,-561508710
20200514,"09:42:01","SZ","NB",2947957553,2595266198,5543223751,352691355
20200514,"09:43:01","SZ","NB",3083014679,2704262351,5787277030,378752328
20200514,"09:43:01","SH","NB",1238276490,1805151876,3043428366,-566875386
20200514,"09:44:01","SH","NB",1284177290,1916730812,3200908102,-632553522
20200514,"09:44:01","SZ","NB",3190382672,2860294983,6050677655,330087689
20200514,"09:45:01","SH","NB",1324071228,2028421186,3352492414,-704349958
20200514,"09:45:01","SZ","NB",3274666311,2993160779,6267827090,281505532
20200514,"09:46:01","SH","NB",1409302443,2283963471,3693265914,-874661028
20200514,"09:46:01","SZ","NB",3426492093,3288037344,6714529437,138454749
20200514,"09:47:01","SH","NB",1474094039,2351402826,3825496865,-877308787
20200514,"09:47:01","SZ","NB",3581811448,3387062686,6968874134,194748762
20200514,"09:48:01","SH","NB",1544657437,2428908686,3973566123,-884251249
20200514,"09:48:01","SZ","NB",3731289579,3473727450,7205017029,257562129
20200514,"09:49:01","SH","NB",1593448838,2542476630,4135925468,-949027792
20200514,"09:49:01","SZ","NB",3816281432,3603133634,7419415066,213147798
20200514,"09:50:01","SZ","NB",3995126178,3669870108,7664996286,325256070
20200514,"09:50:01","SH","NB",1685300923,2594448908,4279749831,-909147985
20200514,"09:51:01","SH","NB",1782622586,2666815245,4449437831,-884192659
20200514,"09:51:01","SZ","NB",4174046860,3806636405,7980683265,367410455
20200514,"09:52:01","SH","NB",1846069358,2751319257,4597388615,-905249899
20200514,"09:52:01","SZ","NB",4294135524,3935525575,8229661099,358609949
20200514,"09:53:01","SH","NB",1905513554,2808567197,4714080751,-903053643
20200514,"09:53:01","SZ","NB",4399267416,4039441707,8438709123,359825709
20200514,"09:54:01","SZ","NB",4520641620,4143999189,8664640809,376642431
20200514,"09:54:01","SH","NB",1963463627,2871572564,4835036191,-908108937
20200514,"09:55:01","SH","NB",2008038606,2957067630,4965106236,-949029024
20200514,"09:55:01","SZ","NB",4585610301,4282909080,8868519381,302701221
20200514,"09:56:01","SH","NB",2074917415,3029198353,5104115768,-954280938
20200514,"09:56:01","SZ","NB",4753441919,4399082067,9152523986,354359852
20200514,"09:57:01","SH","NB",2134808726,3129505134,5264313860,-994696408
20200514,"09:57:01","SZ","NB",4835125014,4549803182,9384928196,285321832
20200514,"09:58:01","SH","NB",2171267857,3188929842,5360197699,-1017661985
20200514,"09:58:01","SZ","NB",4905034311,4644422799,9549457110,260611512
20200514,"09:59:01","SH","NB",2206327556,3258087116,5464414672,-1051759560
20200514,"09:59:01","SZ","NB",4954095800,4756802892,9710898692,197292908
20200514,"10:00:01","SH","NB",2258878165,3298900564,5557778729,-1040022399
20200514,"10:00:01","SZ","NB",5036073149,4813496217,9849569366,222576932
20200514,"10:01:01","SH","NB",2305622172,3388979888,5694602060,-1083357716
20200514,"10:01:01","SZ","NB",5124242818,4967354661,10091597479,156888157
20200514,"10:02:01","SZ","NB",5220561890,5041686004,10262247894,178875886
20200514,"10:02:01","SH","NB",2362968587,3424912994,5787881581,-1061944407
20200514,"10:03:01","SH","NB",2393153744,3475452575,5868606319,-1082298831
20200514,"10:03:01","SZ","NB",5284360877,5118904733,10403265610,165456144
20200514,"10:04:01","SH","NB",2431252246,3545457720,5976709966,-1114205474
20200514,"10:04:01","SZ","NB",5358580661,5218905310,10577485971,139675351
20200514,"10:05:01","SH","NB",2479088598,3622322346,6101410944,-1143233748
20200514,"10:05:01","SZ","NB",5423495796,5293604543,10717100339,129891253
20200514,"10:06:01","SH","NB",2511516814,3712754587,6224271401,-1201237773
20200514,"10:06:01","SZ","NB",5467150321,5400903617,10868053938,66246704
20200514,"10:07:01","SZ","NB",5528713623,5463443216,10992156839,65270407
20200514,"10:07:01","SH","NB",2556305576,3763594847,6319900423,-1207289271
20200514,"10:08:01","SH","NB",2613936848,3811976706,6425913554,-1198039858
20200514,"10:08:01","SZ","NB",5620139117,5523798021,11143937138,96341096
20200514,"10:09:01","SH","NB",2653113767,3850806958,6503920725,-1197693191
20200514,"10:09:01","SZ","NB",5713399867,5582441184,11295841051,130958683
20200514,"10:10:01","SH","NB",2696940269,3982201835,6679142104,-1285261566
20200514,"10:10:01","SZ","NB",5771876896,5703022045,11474898941,68854851
20200514,"10:11:01","SH","NB",2735306682,4110826196,6846132878,-1375519514
20200514,"10:11:01","SZ","NB",5840941271,5883284607,11724225878,-42343336
20200514,"10:12:01","SH","NB",2773200857,4155922433,6929123290,-1382721576
20200514,"10:12:01","SZ","NB",5908627628,5961879413,11870507041,-53251785
20200514,"10:13:01","SZ","NB",6006904582,6032139345,12039043927,-25234763
20200514,"10:13:01","SH","NB",2833736108,4188319306,7022055414,-1354583198
20200514,"10:14:01","SH","NB",2867197012,4222940933,7090137945,-1355743921
20200514,"10:14:01","SZ","NB",6065578312,6079550422,12145128734,-13972110
20200514,"10:15:01","SZ","NB",6140726627,6134817413,12275544040,5909214
20200514,"10:15:01","SH","NB",2923204012,4262294228,7185498240,-1339090216
20200514,"10:16:01","SH","NB",2964187596,4300607307,7264794903,-1336419711
20200514,"10:16:01","SZ","NB",6216004124,6182317647,12398321771,33686477
20200514,"10:17:01","SH","NB",3001024058,4344883453,7345907511,-1343859395
20200514,"10:17:01","SZ","NB",6267348467,6245241418,12512589885,22107049
20200514,"10:18:01","SH","NB",3036786881,4400628544,7437415425,-1363841663
20200514,"10:18:01","SZ","NB",6311989473,6314368638,12626358111,-2379165
20200514,"10:19:01","SH","NB",3069454832,4467432486,7536887318,-1397977654
20200514,"10:19:01","SZ","NB",6370210796,6454560402,12824771198,-84349606
20200514,"10:20:01","SH","NB",3102014908,4505201041,7607215949,-1403186133
20200514,"10:20:01","SZ","NB",6431770615,6501779046,12933549661,-70008431
20200514,"10:21:01","SH","NB",3139387298,4558530998,7697918296,-1419143700
20200514,"10:21:01","SZ","NB",6490957368,6578076332,13069033700,-87118964
20200514,"10:22:01","SH","NB",3185572696,4596076415,7781649111,-1410503719
20200514,"10:22:01","SZ","NB",6574590729,6635477765,13210068494,-60887036
20200514,"10:23:01","SH","NB",3230589447,4625909408,7856498855,-1395319961
20200514,"10:23:01","SZ","NB",6649472445,6674260644,13323733089,-24788199
20200514,"10:24:01","SH","NB",3261530465,4669548822,7931079287,-1408018357
20200514,"10:24:01","SZ","NB",6695163357,6734409892,13429573249,-39246535
20200514,"10:25:01","SZ","NB",6730106749,6818660019,13548766768,-88553270
20200514,"10:25:01","SH","NB",3286074024,4713297512,7999371536,-1427223488
20200514,"10:26:01","SH","NB",3318170356,4739314535,8057484891,-1421144179
20200514,"10:26:01","SZ","NB",6771527631,6860633202,13632160833,-89105571
20200514,"10:27:01","SH","NB",3341272927,4775398252,8116671179,-1434125325
20200514,"10:27:01","SZ","NB",6809880171,6923259830,13733140001,-113379659
20200514,"10:28:01","SH","NB",3364145210,4809720789,8173865999,-1445575579
20200514,"10:28:01","SZ","NB",6847776404,6980680570,13828456974,-132904166
20200514,"10:29:01","SH","NB",3388048382,4845294847,8233343229,-1457246465
20200514,"10:29:01","SZ","NB",6887224641,7049706825,13936931466,-162482184
20200514,"10:30:01","SZ","NB",6935414297,7091067105,14026481402,-155652808
20200514,"10:30:01","SH","NB",3411244205,4875350097,8286594302,-1464105892
20200514,"10:31:01","SH","NB",3439441931,4967138137,8406580068,-1527696206
20200514,"10:31:01","SZ","NB",6979077678,7262396828,14241474506,-283319150
20200514,"10:32:01","SH","NB",3466170320,5017992634,8484162954,-1551822314
20200514,"10:32:01","SZ","NB",7053439781,7325528786,14378968567,-272089005
20200514,"10:33:01","SH","NB",3497623098,5044843219,8542466317,-1547220121
20200514,"10:33:01","SZ","NB",7127501487,7367136183,14494637670,-239634696
20200514,"10:34:01","SH","NB",3530227637,5076896869,8607124506,-1546669232
20200514,"10:34:01","SZ","NB",7181813414,7413176633,14594990047,-231363219
20200514,"10:35:01","SH","NB",3585058462,5110359061,8695417523,-1525300599
20200514,"10:35:01","SZ","NB",7260405699,7445124385,14705530084,-184718686
20200514,"10:36:01","SH","NB",3610148326,5132726864,8742875190,-1522578538
20200514,"10:36:01","SZ","NB",7305365389,7483454218,14788819607,-178088829
20200514,"10:37:01","SH","NB",3635038857,5163558848,8798597705,-1528519991
20200514,"10:37:01","SZ","NB",7339396066,7537205157,14876601223,-197809091
20200514,"10:38:01","SZ","NB",7379974359,7573782531,14953756890,-193808172
20200514,"10:38:01","SH","NB",3660445971,5182631273,8843077244,-1522185302
20200514,"10:39:01","SH","NB",3693526091,5204051785,8897577876,-1510525694
20200514,"10:39:01","SZ","NB",7436743366,7600294904,15037038270,-163551538
20200514,"10:40:01","SH","NB",3710940292,5231385291,8942325583,-1520444999
20200514,"10:40:01","SZ","NB",7479794503,7641631214,15121425717,-161836711
20200514,"10:41:01","SH","NB",3746321967,5263626124,9009948091,-1517304157
20200514,"10:41:01","SZ","NB",7539307539,7715587810,15254895349,-176280271
20200514,"10:42:01","SH","NB",3776487334,5295484392,9071971726,-1518997058
20200514,"10:42:01","SZ","NB",7611238756,7759610620,15370849376,-148371864
20200514,"10:43:01","SH","NB",3821536833,5317682261,9139219094,-1496145428
20200514,"10:43:01","SZ","NB",7693131125,7792054717,15485185842,-98923592
20200514,"10:44:01","SH","NB",3853250952,5342934138,9196185090,-1489683186
20200514,"10:44:01","SZ","NB",7747943834,7824862757,15572806591,-76918923
20200514,"10:45:01","SH","NB",3877082885,5368817418,9245900303,-1491734533
20200514,"10:45:01","SZ","NB",7802873552,7853582261,15656455813,-50708709
20200514,"10:46:01","SZ","NB",7850982345,7896866781,15747849126,-45884436
20200514,"10:46:01","SH","NB",3897324015,5399123494,9296447509,-1501799479
20200514,"10:47:03","SH","NB",3917356982,5421829081,9339186063,-1504472099
20200514,"10:47:03","SZ","NB",7887033459,7928323788,15815357247,-41290329
20200514,"10:48:01","SH","NB",3940022108,5454835323,9394857431,-1514813215
20200514,"10:48:01","SZ","NB",7925348847,7968340234,15893689081,-42991387
20200514,"10:49:01","SH","NB",3956139612,5485601532,9441741144,-1529461920
20200514,"10:49:01","SZ","NB",7953100594,8006524494,15959625088,-53423900
20200514,"10:50:01","SH","NB",3981349189,5523007686,9504356875,-1541658497
20200514,"10:50:01","SZ","NB",8003756048,8055735973,16059492021,-51979925
20200514,"10:51:01","SZ","NB",8046279961,8151461693,16197741654,-105181732
20200514,"10:51:01","SH","NB",4007497672,5590892603,9598390275,-1583394931
20200514,"10:52:01","SH","NB",4038067629,5624512456,9662580085,-1586444827
20200514,"10:52:01","SZ","NB",8111544492,8196700945,16308245437,-85156453
20200514,"10:53:01","SH","NB",4067799740,5650274862,9718074602,-1582475122
20200514,"10:53:01","SZ","NB",8178057082,8230584104,16408641186,-52527022
20200514,"10:54:01","SH","NB",4103309122,5682866283,9786175405,-1579557161
20200514,"10:54:01","SZ","NB",8223165308,8263287246,16486452554,-40121938
20200514,"10:55:01","SH","NB",4129910215,5726051676,9855961891,-1596141461
20200514,"10:55:01","SZ","NB",8256793401,8315888028,16572681429,-59094627
20200514,"10:56:01","SH","NB",4154508302,5755472364,9909980666,-1600964062
20200514,"10:56:01","SZ","NB",8310277606,8340502890,16650780496,-30225284
20200514,"10:57:01","SH","NB",4178374090,5773048032,9951422122,-1594673942
20200514,"10:57:01","SZ","NB",8342473210,8366176970,16708650180,-23703760
20200514,"10:58:01","SH","NB",4203031555,5818277972,10021309527,-1615246417
20200514,"10:58:01","SZ","NB",8377895548,8412102830,16789998378,-34207282
20200514,"10:59:01","SH","NB",4248632046,5844496918,10093128964,-1595864872
20200514,"10:59:01","SZ","NB",8439537892,8445084414,16884622306,-5546522
20200514,"11:00:01","SH","NB",4285864233,5866641293,10152505526,-1580777060
20200514,"11:00:01","SZ","NB",8493525814,8471780506,16965306320,21745308
20200514,"11:01:01","SZ","NB",8571550532,8519520231,17091070763,52030301
20200514,"11:01:01","SH","NB",4331069438,5888513694,10219583132,-1557444256
20200514,"11:02:01","SH","NB",4371717098,5917893421,10289610519,-1546176323
20200514,"11:02:01","SZ","NB",8625985213,8564879579,17190864792,61105634
20200514,"11:03:01","SH","NB",4394756293,5956675926,10351432219,-1561919633
20200514,"11:03:01","SZ","NB",8661624266,8642388407,17304012673,19235859
20200514,"11:04:01","SH","NB",4426119879,5981114651,10407234530,-1554994772
20200514,"11:04:01","SZ","NB",8720523870,8671986332,17392510202,48537538
20200514,"11:05:01","SH","NB",4457166906,6005305590,10462472496,-1548138684
20200514,"11:05:01","SZ","NB",8775031696,8713154970,17488186666,61876726
20200514,"11:06:01","SH","NB",4487618428,6030986635,10518605063,-1543368207
20200514,"11:06:01","SZ","NB",8813711620,8752394253,17566105873,61317367
20200514,"11:07:01","SH","NB",4512032228,6065395201,10577427429,-1553362973
20200514,"11:07:01","SZ","NB",8852232844,8807240271,17659473115,44992573
20200514,"11:08:01","SH","NB",4532032507,6093698061,10625730568,-1561665554
20200514,"11:08:01","SZ","NB",8884573977,8850074780,17734648757,34499197
20200514,"11:09:01","SZ","NB",8925838731,8879611795,17805450526,46226936
20200514,"11:09:01","SH","NB",4559255620,6114332883,10673588503,-1555077263
20200514,"11:10:01","SH","NB",4589117098,6134257308,10723374406,-1545140210
20200514,"11:10:01","SZ","NB",9000155091,8907038380,17907193471,93116711
20200514,"11:11:01","SH","NB",4759844499,6187041426,10946885925,-1427196927
20200514,"11:11:01","SZ","NB",9301429527,9001040654,18302470181,300388873
20200514,"11:12:01","SH","NB",4797815134,6224293349,11022108483,-1426478215
20200514,"11:12:01","SZ","NB",9356670052,9065238362,18421908414,291431690
20200514,"11:13:01","SH","NB",4830582584,6258569187,11089151771,-1427986603
20200514,"11:13:01","SZ","NB",9399301073,9120803925,18520104998,278497148
20200514,"11:14:01","SH","NB",4854131789,6284977489,11139109278,-1430845700
20200514,"11:14:01","SZ","NB",9437555281,9158888701,18596443982,278666580
20200514,"11:15:01","SH","NB",4875265718,6312678646,11187944364,-1437412928
20200514,"11:15:01","SZ","NB",9474022230,9200334546,18674356776,273687684
20200514,"11:16:01","SH","NB",4913213222,6329833676,11243046898,-1416620454
20200514,"11:16:01","SZ","NB",9521400826,9226035960,18747436786,295364866
20200514,"11:17:01","SZ","NB",9573503921,9278147937,18851651858,295355984
20200514,"11:17:01","SH","NB",4943406915,6360309873,11303716788,-1416902958
20200514,"11:18:01","SH","NB",4962655849,6383580270,11346236119,-1420924421
20200514,"11:18:01","SZ","NB",9603511830,9304238479,18907750309,299273351
20200514,"11:19:01","SH","NB",4980506420,6402564749,11383071169,-1422058329
20200514,"11:19:01","SZ","NB",9632870474,9330763913,18963634387,302106561
20200514,"11:20:01","SH","NB",4996060529,6421435978,11417496507,-1425375449
20200514,"11:20:01","SZ","NB",9661438784,9366494882,19027933666,294943902
20200514,"11:21:01","SH","NB",5027761627,6463695330,11491456957,-1435933703
20200514,"11:21:01","SZ","NB",9711429980,9444355103,19155785083,267074877
20200514,"11:22:01","SH","NB",5048596201,6491169325,11539765526,-1442573124
20200514,"11:22:01","SZ","NB",9749228270,9486076652,19235304922,263151618
20200514,"11:23:01","SZ","NB",9806295773,9518365444,19324661217,287930329
20200514,"11:23:01","SH","NB",5083453768,6511339496,11594793264,-1427885728
20200514,"11:24:01","SH","NB",5111552376,6534390634,11645943010,-1422838258
20200514,"11:24:01","SZ","NB",9862673916,9553099266,19415773182,309574650
20200514,"11:25:01","SH","NB",5145765008,6560400441,11706165449,-1414635433
20200514,"11:25:01","SZ","NB",9908431117,9591894136,19500325253,316536981
20200514,"11:26:01","SH","NB",5170485089,6579319473,11749804562,-1408834384
20200514,"11:26:01","SZ","NB",9950640344,9621069944,19571710288,329570400
20200514,"11:27:01","SH","NB",5192511082,6619505821,11812016903,-1426994739
20200514,"11:27:01","SZ","NB",9983620179,9663040099,19646660278,320580080
20200514,"11:28:01","SZ","NB",10022528684,9697567858,19720096542,324960826
20200514,"11:28:01","SH","NB",5220918403,6642104407,11863022810,-1421186004
20200514,"11:29:01","SH","NB",5249592993,6660675880,11910268873,-1411082887
20200514,"11:29:01","SZ","NB",10061976803,9720847533,19782824336,341129270
20200514,"11:30:01","SH","NB",5272991853,6679585808,11952577661,-1406593955
20200514,"11:30:01","SZ","NB",10093613738,9749166548,19842780286,344447190
20200514,"11:31:01","SH","NB",5273024248,6679593790,11952618038,-1406569542
20200514,"13:00:02","SH","NB",5273024248,6679612184,11952636432,-1406587936
20200514,"13:00:02","SZ","NB",10101784322,9758037377,19859821699,343746945
20200514,"13:01:01","SH","NB",5353814839,6889289240,12243104079,-1535474401
20200514,"13:01:01","SZ","NB",10187684518,9973384087,20161068605,214300431
20200514,"13:02:01","SH","NB",5395215189,6928895858,12324111047,-1533680669
20200514,"13:02:01","SZ","NB",10255065265,10036255493,20291320758,218809772
20200514,"13:03:01","SH","NB",5416011781,6954695709,12370707490,-1538683928
20200514,"13:03:01","SZ","NB",10301537346,10080301392,20381838738,221235954
20200514,"13:04:01","SZ","NB",10344864266,10137895896,20482760162,206968370
20200514,"13:04:01","SH","NB",5452699857,7000798297,12453498154,-1548098440
20200514,"13:05:01","SH","NB",5488661786,7096001857,12584663643,-1607340071
20200514,"13:05:01","SZ","NB",10400399062,10271958048,20672357110,128441014
20200514,"13:06:01","SH","NB",5524190191,7131765827,12655956018,-1607575636
20200514,"13:06:01","SZ","NB",10441671134,10314939509,20756610643,126731625
20200514,"13:07:01","SH","NB",5558016467,7165168346,12723184813,-1607151879
20200514,"13:07:01","SZ","NB",10483285178,10360757028,20844042206,122528150
20200514,"13:08:01","SH","NB",5584606966,7194330385,12778937351,-1609723419
20200514,"13:08:01","SZ","NB",10528678759,10402491624,20931170383,126187135
20200514,"13:09:01","SH","NB",5613493238,7257781001,12871274239,-1644287763
20200514,"13:09:01","SZ","NB",10571557822,10503246451,21074804273,68311371
20200514,"13:10:01","SH","NB",5639637922,7289028366,12928666288,-1649390444
20200514,"13:10:01","SZ","NB",10615985363,10548152932,21164138295,67832431
20200514,"13:11:01","SH","NB",5674928093,7331067342,13005995435,-1656139249
20200514,"13:11:01","SZ","NB",10672632381,10628294847,21300927228,44337534
20200514,"13:12:01","SH","NB",5713856603,7367509638,13081366241,-1653653035
20200514,"13:12:01","SZ","NB",10736948820,10674742373,21411691193,62206447
20200514,"13:13:01","SH","NB",5749809367,7421637682,13171447049,-1671828315
20200514,"13:13:01","SZ","NB",10782365392,10736558978,21518924370,45806414
20200514,"13:14:01","SZ","NB",10815096667,10781789864,21596886531,33306803
20200514,"13:14:01","SH","NB",5778463982,7465624375,13244088357,-1687160393
20200514,"13:15:01","SH","NB",5809138504,7494003487,13303141991,-1684864983
20200514,"13:15:01","SZ","NB",10847236025,10813089740,21660325765,34146285
20200514,"13:16:01","SH","NB",5850789860,7522697606,13373487466,-1671907746
20200514,"13:16:01","SZ","NB",10920318776,10854352436,21774671212,65966340
20200514,"13:17:01","SH","NB",5884885453,7552619061,13437504514,-1667733608
20200514,"13:17:01","SZ","NB",10956869598,10883266086,21840135684,73603512
20200514,"13:18:01","SH","NB",5919949587,7576294544,13496244131,-1656344957
20200514,"13:18:01","SZ","NB",10996190357,10924918312,21921108669,71272045
20200514,"13:19:01","SH","NB",5946834945,7607912280,13554747225,-1661077335
20200514,"13:19:01","SZ","NB",11029635139,10970698627,22000333766,58936512
20200514,"13:20:01","SZ","NB",11071403442,11013979761,22085383203,57423681
20200514,"13:20:01","SH","NB",5977496005,7646536689,13624032694,-1669040684
20200514,"13:21:01","SH","NB",6013080832,7702791789,13715872621,-1689710957
20200514,"13:21:01","SZ","NB",11116397224,11102673516,22219070740,13723708
20200514,"13:22:01","SH","NB",6075085255,7742499631,13817584886,-1667414376
20200514,"13:22:01","SZ","NB",11169410535,11148007575,22317418110,21402960
20200514,"13:23:01","SH","NB",6104423199,7768429279,13872852478,-1664006080
20200514,"13:23:01","SZ","NB",11208184155,11193718897,22401903052,14465258
20200514,"13:24:01","SH","NB",6138455874,7809712917,13948168791,-1671257043
20200514,"13:24:01","SZ","NB",11245783661,11231409009,22477192670,14374652
20200514,"13:25:01","SH","NB",6180553840,7844624086,14025177926,-1664070246
20200514,"13:25:01","SZ","NB",11305735502,11267939226,22573674728,37796276
20200514,"13:26:01","SH","NB",6212264577,7893989612,14106254189,-1681725035
20200514,"13:26:01","SZ","NB",11342405299,11316433954,22658839253,25971345
20200514,"13:27:01","SH","NB",6243202929,7928000620,14171203549,-1684797691
20200514,"13:27:01","SZ","NB",11376680266,11370426646,22747106912,6253620
20200514,"13:28:01","SZ","NB",11409945848,11426417424,22836363272,-16471576
20200514,"13:28:01","SH","NB",6273826849,7964267384,14238094233,-1690440535
20200514,"13:29:01","SH","NB",6305491203,7999522662,14305013865,-1694031459
20200514,"13:29:01","SZ","NB",11452311611,11464745103,22917056714,-12433492
20200514,"13:30:01","SH","NB",6336656400,8047224043,14383880443,-1710567643
20200514,"13:30:01","SZ","NB",11488233787,11509554784,22997788571,-21320997
20200514,"13:31:01","SH","NB",6402914252,8107559674,14510473926,-1704645422
20200514,"13:31:01","SZ","NB",11554153689,11616154754,23170308443,-62001065
20200514,"13:32:01","SH","NB",6439339880,8136840295,14576180175,-1697500415
20200514,"13:32:01","SZ","NB",11617194313,11665047390,23282241703,-47853077
20200514,"13:33:01","SZ","NB",11674996633,11727634366,23402630999,-52637733
20200514,"13:33:01","SH","NB",6476348003,8177579670,14653927673,-1701231667
20200514,"13:34:01","SH","NB",6530212848,8218509609,14748722457,-1688296761
20200514,"13:34:01","SZ","NB",11739746746,11765329097,23505075843,-25582351
20200514,"13:35:01","SH","NB",6576080912,8258548539,14834629451,-1682467627
20200514,"13:35:01","SZ","NB",11794114965,11804571352,23598686317,-10456387
20200514,"13:36:01","SH","NB",6601751327,8285056287,14886807614,-1683304960
20200514,"13:36:01","SZ","NB",11833523437,11844121016,23677644453,-10597579
20200514,"13:37:01","SH","NB",6639082440,8313783786,14952866226,-1674701346
20200514,"13:37:01","SZ","NB",11878321247,11882491423,23760812670,-4170176
20200514,"13:38:01","SH","NB",6674500516,8344561545,15019062061,-1670061029
20200514,"13:38:01","SZ","NB",11926632367,11917459694,23844092061,9172673
20200514,"13:39:01","SH","NB",6705662357,8373135277,15078797634,-1667472920
20200514,"13:39:01","SZ","NB",11969488441,11952755487,23922243928,16732954
20200514,"13:40:01","SH","NB",6745081138,8393081600,15138162738,-1648000462
20200514,"13:40:01","SZ","NB",12011735177,11985055228,23996790405,26679949
20200514,"13:41:01","SZ","NB",12056580295,12035830991,24092411286,20749304
20200514,"13:41:01","SH","NB",6793791847,8430303875,15224095722,-1636512028
20200514,"13:42:01","SH","NB",6840396480,8455427113,15295823593,-1615030633
20200514,"13:42:01","SZ","NB",12102108916,12064534237,24166643153,37574679
20200514,"13:43:01","SH","NB",6888748086,8483612308,15372360394,-1594864222
20200514,"13:43:01","SZ","NB",12154336682,12103661738,24257998420,50674944
20200514,"13:44:01","SH","NB",6924565680,8514881371,15439447051,-1590315691
20200514,"13:44:01","SZ","NB",12191418490,12143002794,24334421284,48415696
20200514,"13:45:01","SH","NB",6961923332,8549312940,15511236272,-1587389608
20200514,"13:45:01","SZ","NB",12226744400,12186612435,24413356835,40131965
20200514,"13:46:01","SH","NB",7000704490,8576071290,15576775780,-1575366800
20200514,"13:46:01","SZ","NB",12265305758,12226847024,24492152782,38458734
20200514,"13:47:01","SH","NB",7031572939,8601401305,15632974244,-1569828366
20200514,"13:47:01","SZ","NB",12293963798,12259092337,24553056135,34871461
20200514,"13:48:01","SH","NB",7061764644,8635238501,15697003145,-1573473857
20200514,"13:48:01","SZ","NB",12330535661,12319524357,24650060018,11011304
20200514,"13:49:01","SH","NB",7093130383,8669966945,15763097328,-1576836562
20200514,"13:49:01","SZ","NB",12374082907,12361592256,24735675163,12490651
20200514,"13:50:01","SZ","NB",12410132404,12412688350,24822820754,-2555946
20200514,"13:50:01","SH","NB",7122169785,8705301067,15827470852,-1583131282
20200514,"13:51:01","SH","NB",7166065980,8734743489,15900809469,-1568677509
20200514,"13:51:01","SZ","NB",12464832799,12465805458,24930638257,-972659
20200514,"13:52:01","SH","NB",7211395341,8770483283,15981878624,-1559087942
20200514,"13:52:01","SZ","NB",12509110702,12502477477,25011588179,6633225
20200514,"13:53:01","SH","NB",7256395389,8800855827,16057251216,-1544460438
20200514,"13:53:01","SZ","NB",12562305360,12543072134,25105377494,19233226
20200514,"13:54:01","SH","NB",7293979226,8829487658,16123466884,-1535508432
20200514,"13:54:01","SZ","NB",12623640817,12582785474,25206426291,40855343
20200514,"13:55:01","SH","NB",7328709502,8855229148,16183938650,-1526519646
20200514,"13:55:01","SZ","NB",12669135953,12620432520,25289568473,48703433
20200514,"13:56:01","SZ","NB",12729870858,12657918766,25387789624,71952092
20200514,"13:56:01","SH","NB",7356903754,8882474246,16239378000,-1525570492
20200514,"13:57:01","SH","NB",7389075023,8918993290,16308068313,-1529918267
20200514,"13:57:01","SZ","NB",12760249917,12707165178,25467415095,53084739
20200514,"13:58:01","SH","NB",7417918138,8948060097,16365978235,-1530141959
20200514,"13:58:01","SZ","NB",12797024747,12735408879,25532433626,61615868
20200514,"13:59:01","SH","NB",7448822347,8975331349,16424153696,-1526509002
20200514,"13:59:01","SZ","NB",12835381280,12762507347,25597888627,72873933
20200514,"14:00:01","SH","NB",7483433743,9009516011,16492949754,-1526082268
20200514,"14:00:01","SZ","NB",12868376416,12797694909,25666071325,70681507
20200514,"14:01:01","SH","NB",7524522480,9048138549,16572661029,-1523616069
20200514,"14:01:01","SZ","NB",12929381651,12845482585,25774864236,83899066
20200514,"14:02:01","SH","NB",7562886414,9117180840,16680067254,-1554294426
20200514,"14:02:01","SZ","NB",12978171942,12932473136,25910645078,45698806
20200514,"14:03:01","SH","NB",7599442329,9188426509,16787868838,-1588984180
20200514,"14:03:01","SZ","NB",13024284999,13024293427,26048578426,-8428
20200514,"14:04:01","SH","NB",7640934181,9236198858,16877133039,-1595264677
20200514,"14:04:01","SZ","NB",13073314646,13066277236,26139591882,7037410
20200514,"14:05:01","SZ","NB",13122162347,13100777697,26222940044,21384650
20200514,"14:05:01","SH","NB",7673509171,9286210937,16959720108,-1612701766
20200514,"14:06:01","SH","NB",7705877667,9317148064,17023025731,-1611270397
20200514,"14:06:01","SZ","NB",13159596774,13137490432,26297087206,22106342
20200514,"14:07:01","SH","NB",7740495983,9372532147,17113028130,-1632036164
20200514,"14:07:01","SZ","NB",13203708252,13205647917,26409356169,-1939665
20200514,"14:08:01","SH","NB",7777835971,9421275569,17199111540,-1643439598
20200514,"14:08:01","SZ","NB",13248521159,13259704039,26508225198,-11182880
20200514,"14:09:01","SH","NB",7816826454,9487225264,17304051718,-1670398810
20200514,"14:09:01","SZ","NB",13292433934,13339344051,26631777985,-46910117
20200514,"14:10:01","SH","NB",7852795617,9538489469,17391285086,-1685693852
20200514,"14:10:01","SZ","NB",13351745942,13394682868,26746428810,-42936926
20200514,"14:11:01","SH","NB",7932685308,9606096099,17538781407,-1673410791
20200514,"14:11:01","SZ","NB",13460257534,13473149491,26933407025,-12891957
20200514,"14:12:01","SH","NB",7993763058,9639254067,17633017125,-1645491009
20200514,"14:12:01","SZ","NB",13537651686,13521801038,27059452724,15850648
20200514,"14:13:01","SZ","NB",13612818952,13562172595,27174991547,50646357
20200514,"14:13:01","SH","NB",8047935496,9674538340,17722473836,-1626602844
20200514,"14:14:01","SH","NB",8084465052,9715292557,17799757609,-1630827505
20200514,"14:14:01","SZ","NB",13655107529,13614478139,27269585668,40629390
20200514,"14:15:01","SH","NB",8113684465,9754258017,17867942482,-1640573552
20200514,"14:15:01","SZ","NB",13698993923,13651409013,27350402936,47584910
20200514,"14:16:01","SH","NB",8146156063,9785680335,17931836398,-1639524272
20200514,"14:16:01","SZ","NB",13743678039,13689360250,27433038289,54317789
20200514,"14:17:01","SH","NB",8173634302,9824779488,17998413790,-1651145186
20200514,"14:17:01","SZ","NB",13782943108,13721455595,27504398703,61487513
20200514,"14:18:01","SH","NB",8204187032,9855521206,18059708238,-1651334174
20200514,"14:18:01","SZ","NB",13832881326,13752341841,27585223167,80539485
20200514,"14:19:01","SH","NB",8244838885,9892492126,18137331011,-1647653241
20200514,"14:19:01","SZ","NB",13876050066,13787598083,27663648149,88451983
20200514,"14:20:01","SZ","NB",13922144046,13825835279,27747979325,96308767
20200514,"14:20:01","SH","NB",8280059014,9919492773,18199551787,-1639433759
20200514,"14:21:01","SH","NB",8380805199,9961806316,18342611515,-1581001117
20200514,"14:21:01","SZ","NB",14060667020,13872790446,27933457466,187876574
20200514,"14:22:01","SH","NB",8433724097,10004652142,18438376239,-1570928045
20200514,"14:22:01","SZ","NB",14151294890,13916897669,28068192559,234397221
20200514,"14:23:01","SH","NB",8476835820,10050814267,18527650087,-1573978447
20200514,"14:23:01","SZ","NB",14205883612,14004557610,28210441222,201326002
20200514,"14:24:01","SH","NB",8503535845,10095750808,18599286653,-1592214963
20200514,"14:24:01","SZ","NB",14241998100,14059283860,28301281960,182714240
20200514,"14:25:01","SH","NB",8547375640,10131328897,18678704537,-1583953257
20200514,"14:25:01","SZ","NB",14293753200,14100086938,28393840138,193666262
20200514,"14:26:01","SZ","NB",14332288166,14153820349,28486108515,178467817
20200514,"14:26:01","SH","NB",8574610991,10162245091,18736856082,-1587634100
20200514,"14:27:01","SH","NB",8598629549,10194590283,18793219832,-1595960734
20200514,"14:27:01","SZ","NB",14372289576,14196212653,28568502229,176076923
20200514,"14:28:01","SH","NB",8624144617,10226278440,18850423057,-1602133823
20200514,"14:28:01","SZ","NB",14406500728,14237319591,28643820319,169181137
20200514,"14:29:01","SH","NB",8662110548,10263155237,18925265785,-1601044689
20200514,"14:29:01","SZ","NB",14452993365,14277992736,28730986101,175000629
20200514,"14:30:01","SH","NB",8690737314,10300682706,18991420020,-1609945392
20200514,"14:30:01","SZ","NB",14491100775,14334985273,28826086048,156115502
20200514,"14:31:01","SH","NB",8751940414,10344292584,19096232998,-1592352170
20200514,"14:31:01","SZ","NB",14576484065,14392786501,28969270566,183697564
20200514,"14:32:01","SH","NB",8817310263,10393726885,19211037148,-1576416622
20200514,"14:32:01","SZ","NB",14653006726,14446706727,29099713453,206299999
20200514,"14:33:01","SZ","NB",14719468561,14496067470,29215536031,223401091
20200514,"14:33:01","SH","NB",8857242975,10433648053,19290891028,-1576405078
20200514,"14:34:01","SH","NB",8897378509,10489268196,19386646705,-1591889687
20200514,"14:34:01","SZ","NB",14765535698,14548236362,29313772060,217299336
20200514,"14:35:01","SH","NB",8937932168,10539971118,19477903286,-1602038950
20200514,"14:35:01","SZ","NB",14817681412,14604574817,29422256229,213106595
20200514,"14:36:01","SH","NB",8996116377,10585997312,19582113689,-1589880935
20200514,"14:36:01","SZ","NB",14873041305,14656304634,29529345939,216736671
20200514,"14:37:01","SH","NB",9056592824,10647747593,19704340417,-1591154769
20200514,"14:37:01","SZ","NB",14945065166,14725939689,29671004855,219125477
20200514,"14:38:01","SH","NB",9105899646,10699469913,19805369559,-1593570267
20200514,"14:38:01","SZ","NB",15005577346,14782048162,29787625508,223529184
20200514,"14:39:01","SZ","NB",15051345789,14873387287,29924733076,177958502
20200514,"14:39:01","SH","NB",9139353505,10771131862,19910485367,-1631778357
20200514,"14:40:01","SH","NB",9177544241,10837305850,20014850091,-1659761609
20200514,"14:40:01","SZ","NB",15106075639,14961752290,30067827929,144323349
20200514,"14:41:01","SH","NB",9283383014,10922602892,20205985906,-1639219878
20200514,"14:41:01","SZ","NB",15237739482,15077667330,30315406812,160072152
20200514,"14:42:01","SH","NB",9336333478,10977334759,20313668237,-1641001281
20200514,"14:42:01","SZ","NB",15306929709,15141082656,30448012365,165847053
20200514,"14:43:01","SH","NB",9397072277,11029551139,20426623416,-1632478862
20200514,"14:43:01","SZ","NB",15387116758,15204455488,30591572246,182661270
20200514,"14:44:01","SZ","NB",15479809719,15259632395,30739442114,220177324
20200514,"14:44:01","SH","NB",9463666927,11083895662,20547562589,-1620228735
20200514,"14:45:01","SH","NB",9511835126,11156819275,20668654401,-1644984149
20200514,"14:45:01","SZ","NB",15540808305,15320927092,30861735397,219881213
20200514,"14:46:01","SH","NB",9567613083,11233627757,20801240840,-1666014674
20200514,"14:46:01","SZ","NB",15598448181,15395201195,30993649376,203246986
20200514,"14:47:01","SH","NB",9616179727,11301257294,20917437021,-1685077567
20200514,"14:47:01","SZ","NB",15651911746,15469709981,31121621727,182201765
20200514,"14:48:01","SH","NB",9673818143,11365000908,21038819051,-1691182765
20200514,"14:48:01","SZ","NB",15707822114,15547015538,31254837652,160806576
20200514,"14:49:01","SH","NB",9744586095,11449290807,21193876902,-1704704712
20200514,"14:49:01","SZ","NB",15793397997,15626999043,31420397040,166398954
20200514,"14:50:01","SZ","NB",15889751962,15685267495,31575019457,204484467
20200514,"14:50:01","SH","NB",9815072253,11508267968,21323340221,-1693195715
20200514,"14:51:01","SH","NB",9899046079,11586742485,21485788564,-1687696406
20200514,"14:51:01","SZ","NB",16020425589,15775868695,31796294284,244556894
20200514,"14:52:01","SH","NB",9975010396,11658131714,21633142110,-1683121318
20200514,"14:52:01","SZ","NB",16129186478,15851958377,31981144855,277228101
20200514,"14:53:01","SH","NB",10027514139,11735067513,21762581652,-1707553374
20200514,"14:53:01","SZ","NB",16195842280,15932244845,32128087125,263597435
20200514,"14:54:01","SH","NB",10089871995,11809656511,21899528506,-1719784516
20200514,"14:54:01","SZ","NB",16263972031,16020779309,32284751340,243192722
20200514,"14:55:01","SH","NB",10158437442,11889255458,22047692900,-1730818016
20200514,"14:55:01","SZ","NB",16351124649,16136994109,32488118758,214130540
20200514,"14:56:01","SH","NB",10225873516,11972633592,22198507108,-1746760076
20200514,"14:56:01","SZ","NB",16464267558,16251303709,32715571267,212963849
20200514,"14:57:01","SH","NB",10317372852,12035012553,22352385405,-1717639701
20200514,"14:57:01","SZ","NB",16575248672,16336252298,32911500970,238996374
20200514,"14:58:01","SH","NB",10317372852,12035056597,22352429449,-1717683745
20200514,"15:00:01","SZ","NB",16670436874,16404651019,33075087893,265785855
20200514,"15:01:01","SH","NB",10577876827,12228072401,22805949228,-1650195574
20200514,"15:01:01","SZ","NB",16908465061,16583086495,33491551556,325378566
