dataDate,dataTime,connectMarket,tradeDirection,buyTurnover,sellTurnover,totalTurnover,netTurnover
20191125,"09:30:01","SH","NB",117147951,31269186,148417137,85878765
20191125,"09:30:01","SZ","NB",49716657,34898272,84614929,14818385
20191125,"09:31:01","SH","NB",272194913,104798955,376993868,167395958
20191125,"09:31:01","SZ","NB",212570648,191563832,404134480,21006816
20191125,"09:32:01","SH","NB",407538715,188774246,596312961,218764469
20191125,"09:32:01","SZ","NB",365597368,314756689,680354057,50840679
20191125,"09:33:01","SH","NB",519781361,273046227,792827588,246735134
20191125,"09:33:01","SZ","NB",532265819,432903992,965169811,99361827
20191125,"09:34:01","SZ","NB",688760737,587600623,1276361360,101160114
20191125,"09:34:01","SH","NB",637069788,393218558,1030288346,243851230
20191125,"09:35:01","SH","NB",813011915,507465078,1320476993,305546837
20191125,"09:35:01","SZ","NB",874349392,739140956,1613490348,135208436
20191125,"09:36:01","SH","NB",1053185896,628721302,1681907198,424464594
20191125,"09:36:01","SZ","NB",1080816199,909868670,1990684869,170947529
20191125,"09:37:01","SH","NB",1415277999,734425846,2149703845,680852153
20191125,"09:37:01","SZ","NB",1324246321,1044091926,2368338247,280154395
20191125,"09:38:01","SH","NB",1649491088,830917654,2480408742,818573434
20191125,"09:38:01","SZ","NB",1474986479,1180489655,2655476134,294496824
20191125,"09:39:01","SH","NB",1773348788,920445691,2693794479,852903097
20191125,"09:39:01","SZ","NB",1586811588,1320176282,2906987870,266635306
20191125,"09:40:01","SH","NB",1909256126,1008347983,2917604109,900908143
20191125,"09:40:01","SZ","NB",1694872759,1431429664,3126302423,263443095
20191125,"09:41:01","SH","NB",2020065484,1102405169,3122470653,917660315
20191125,"09:41:01","SZ","NB",1828327844,1589458629,3417786473,238869215
20191125,"09:42:01","SH","NB",2111224775,1186841759,3298066534,924383016
20191125,"09:42:01","SZ","NB",1946342745,1707845941,3654188686,238496804
20191125,"09:43:01","SZ","NB",2110750449,1809958482,3920708931,300791967
20191125,"09:43:01","SH","NB",2224669327,1254482483,3479151810,970186844
20191125,"09:44:01","SH","NB",2325411719,1313629455,3639041174,1011782264
20191125,"09:44:01","SZ","NB",2245371157,1896131914,4141503071,349239243
20191125,"09:45:01","SH","NB",2413229639,1371026591,3784256230,1042203048
20191125,"09:45:01","SZ","NB",2328284533,1993189183,4321473716,335095350
20191125,"09:46:01","SH","NB",2515441562,1476911336,3992352898,1038530226
20191125,"09:46:01","SZ","NB",2432490945,2156726187,4589217132,275764758
20191125,"09:47:01","SH","NB",2600472812,1569745970,4170218782,1030726842
20191125,"09:47:01","SZ","NB",2526801561,2284023819,4810825380,242777742
20191125,"09:48:01","SH","NB",2731639051,1646653173,4378292224,1084985878
20191125,"09:48:01","SZ","NB",2749811411,2373282624,5123094035,376528787
20191125,"09:49:01","SH","NB",2847494619,1708561802,4556056421,1138932817
20191125,"09:49:01","SZ","NB",2909367897,2452056279,5361424176,457311618
20191125,"09:50:01","SH","NB",2975464705,1775110211,4750574916,1200354494
20191125,"09:50:01","SZ","NB",3034955340,2566771455,5601726795,468183885
20191125,"09:51:01","SZ","NB",3160724029,2685662140,5846386169,475061889
20191125,"09:51:01","SH","NB",3081168574,1857873687,4939042261,1223294887
20191125,"09:52:01","SH","NB",3210029964,1921634461,5131664425,1288395503
20191125,"09:52:01","SZ","NB",3344918482,2760683893,6105602375,584234589
20191125,"09:53:01","SH","NB",3285857953,1976969318,5262827271,1308888635
20191125,"09:53:01","SZ","NB",3443873259,2826334627,6270207886,617538632
20191125,"09:54:01","SH","NB",3362329451,2031316740,5393646191,1331012711
20191125,"09:54:01","SZ","NB",3528577207,2875485333,6404062540,653091874
20191125,"09:55:01","SH","NB",3453409495,2077952277,5531361772,1375457218
20191125,"09:55:01","SZ","NB",3611042684,2929233902,6540276586,681808782
20191125,"09:56:01","SZ","NB",3748176521,2991315893,6739492414,756860628
20191125,"09:56:01","SH","NB",3609155759,2131039545,5740195304,1478116214
20191125,"09:57:01","SH","NB",3802150776,2185331398,5987482174,1616819378
20191125,"09:57:01","SZ","NB",3903692532,3062062012,6965754544,841630520
20191125,"09:58:01","SH","NB",3919461282,2246060169,6165521451,1673401113
20191125,"09:58:01","SZ","NB",3990016411,3138438509,7128454920,851577902
20191125,"09:59:01","SH","NB",4033201847,2311566571,6344768418,1721635276
20191125,"09:59:01","SZ","NB",4068076142,3216518128,7284594270,851558014
20191125,"10:00:01","SZ","NB",4156602421,3294939368,7451541789,861663053
20191125,"10:00:01","SH","NB",4142195785,2373672729,6515868514,1768523056
20191125,"10:01:01","SH","NB",4224790561,2455366551,6680157112,1769424010
20191125,"10:01:01","SZ","NB",4241527226,3378101752,7619628978,863425474
20191125,"10:02:01","SH","NB",4276981105,2504249270,6781230375,1772731835
20191125,"10:02:01","SZ","NB",4308235499,3458258180,7766493679,849977319
20191125,"10:03:01","SH","NB",4328271548,2543836203,6872107751,1784435345
20191125,"10:03:01","SZ","NB",4371139560,3523662130,7894801690,847477430
20191125,"10:04:01","SH","NB",4386200541,2588730258,6974930799,1797470283
20191125,"10:04:01","SZ","NB",4429593518,3573389217,8002982735,856204301
20191125,"10:05:01","SH","NB",4444030174,2633893499,7077923673,1810136675
20191125,"10:05:01","SZ","NB",4499087375,3628508417,8127595792,870578958
20191125,"10:06:01","SH","NB",4540009773,2677703027,7217712800,1862306746
20191125,"10:06:01","SZ","NB",4615328995,3690173786,8305502781,925155209
20191125,"10:07:01","SZ","NB",4686735673,3752950625,8439686298,933785048
20191125,"10:07:01","SH","NB",4585484339,2724374733,7309859072,1861109606
20191125,"10:08:01","SH","NB",4654421032,2781445971,7435867003,1872975061
20191125,"10:08:01","SZ","NB",4763722264,3842382306,8606104570,921339958
20191125,"10:09:01","SH","NB",4698509472,2833419750,7531929222,1865089722
20191125,"10:09:01","SZ","NB",4824456075,3899381243,8723837318,925074832
20191125,"10:10:01","SH","NB",4731779101,2869454188,7601233289,1862324913
20191125,"10:10:01","SZ","NB",4881771718,3951361530,8833133248,930410188
20191125,"10:11:01","SH","NB",4763178575,2909839431,7673018006,1853339144
20191125,"10:11:01","SZ","NB",4937068230,3997770927,8934839157,939297303
20191125,"10:12:01","SH","NB",4804910003,2947614985,7752524988,1857295018
20191125,"10:12:01","SZ","NB",4996159600,4045357119,9041516719,950802481
20191125,"10:13:01","SH","NB",4856822140,2979644564,7836466704,1877177576
20191125,"10:13:01","SZ","NB",5047608456,4083254495,9130862951,964353961
20191125,"10:14:01","SH","NB",4898775146,3012131441,7910906587,1886643705
20191125,"10:14:01","SZ","NB",5108306275,4124937891,9233244166,983368384
20191125,"10:15:01","SZ","NB",5157093348,4166499858,9323593206,990593490
20191125,"10:15:01","SH","NB",4939671946,3045738869,7985410815,1893933077
20191125,"10:16:01","SH","NB",5024791786,3084056037,8108847823,1940735749
20191125,"10:16:01","SZ","NB",5250783469,4220645519,9471428988,1030137950
20191125,"10:17:01","SH","NB",5091865805,3138788379,8230654184,1953077426
20191125,"10:17:01","SZ","NB",5299695830,4289923259,9589619089,1009772571
20191125,"10:18:01","SH","NB",5126827310,3184506657,8311333967,1942320653
20191125,"10:18:01","SZ","NB",5356577910,4362793895,9719371805,993784015
20191125,"10:19:01","SH","NB",5159589311,3220566615,8380155926,1939022696
20191125,"10:19:01","SZ","NB",5398976491,4403958555,9802935046,995017936
20191125,"10:20:01","SZ","NB",5440092278,4454491468,9894583746,985600810
20191125,"10:20:01","SH","NB",5194450085,3258209326,8452659411,1936240759
20191125,"10:21:01","SH","NB",5243130335,3309854784,8552985119,1933275551
20191125,"10:21:01","SZ","NB",5503572494,4528790611,10032363105,974781883
20191125,"10:22:01","SH","NB",5272676576,3344669071,8617345647,1928007505
20191125,"10:22:01","SZ","NB",5539517890,4582333090,10121850980,957184800
20191125,"10:23:01","SH","NB",5324019776,3381138575,8705158351,1942881201
20191125,"10:23:01","SZ","NB",5596500046,4617219159,10213719205,979280887
20191125,"10:24:01","SH","NB",5375764730,3415299210,8791063940,1960465520
20191125,"10:24:01","SZ","NB",5655869392,4653875973,10309745365,1001993419
20191125,"10:25:01","SH","NB",5419637993,3445464777,8865102770,1974173216
20191125,"10:25:01","SZ","NB",5702715367,4690139954,10392855321,1012575413
20191125,"10:26:01","SH","NB",5478466106,3479596562,8958062668,1998869544
20191125,"10:26:01","SZ","NB",5770459118,4724550386,10495009504,1045908732
20191125,"10:27:01","SH","NB",5540938504,3516137746,9057076250,2024800758
20191125,"10:27:01","SZ","NB",5844467921,4759124180,10603592101,1085343741
20191125,"10:28:01","SH","NB",5630573453,3557710671,9188284124,2072862782
20191125,"10:28:01","SZ","NB",5925296252,4803480725,10728776977,1121815527
20191125,"10:29:01","SH","NB",5710503054,3599314154,9309817208,2111188900
20191125,"10:29:01","SZ","NB",5986643159,4859017146,10845660305,1127626013
20191125,"10:30:01","SZ","NB",6018734110,4909851330,10928585440,1108882780
20191125,"10:30:01","SH","NB",5754886839,3640005493,9394892332,2114881346
20191125,"10:31:01","SH","NB",5797436641,3690775783,9488212424,2106660858
20191125,"10:31:01","SZ","NB",6062401740,4976623399,11039025139,1085778341
20191125,"10:32:01","SH","NB",5842765072,3727599602,9570364674,2115165470
20191125,"10:32:01","SZ","NB",6098973163,5010833037,11109806200,1088140126
20191125,"10:33:01","SZ","NB",6154511501,5040270101,11194781602,1114241400
20191125,"10:33:01","SH","NB",5906477852,3764755713,9671233565,2141722139
20191125,"10:34:01","SH","NB",5959045041,3799749695,9758794736,2159295346
20191125,"10:34:01","SZ","NB",6199571612,5078136874,11277708486,1121434738
20191125,"10:35:01","SH","NB",6003985635,3834487637,9838473272,2169497998
20191125,"10:35:01","SZ","NB",6238763289,5108307038,11347070327,1130456251
20191125,"10:36:01","SH","NB",6043903293,3871950247,9915853540,2171953046
20191125,"10:36:01","SZ","NB",6279455914,5143522206,11422978120,1135933708
20191125,"10:37:01","SH","NB",6080400908,3903971583,9984372491,2176429325
20191125,"10:37:01","SZ","NB",6317419619,5167500152,11484919771,1149919467
20191125,"10:38:01","SH","NB",6114186956,3926998564,10041185520,2187188392
20191125,"10:38:01","SZ","NB",6357468567,5205802816,11563271383,1151665751
20191125,"10:39:01","SH","NB",6159421250,3957628586,10117049836,2201792664
20191125,"10:39:01","SZ","NB",6390335057,5236302331,11626637388,1154032726
20191125,"10:40:01","SH","NB",6198760517,4011441535,10210202052,2187318982
20191125,"10:40:01","SZ","NB",6431701023,5317743197,11749444220,1113957826
20191125,"10:41:01","SH","NB",6244606392,4066057511,10310663903,2178548881
20191125,"10:41:01","SZ","NB",6479765229,5388264857,11868030086,1091500372
20191125,"10:42:01","SH","NB",6286015376,4114922051,10400937427,2171093325
20191125,"10:42:01","SZ","NB",6522614489,5421817145,11944431634,1100797344
20191125,"10:43:01","SZ","NB",6578148595,5450988681,12029137276,1127159914
20191125,"10:43:01","SH","NB",6329385864,4141926029,10471311893,2187459835
20191125,"10:44:01","SH","NB",6379825849,4169449581,10549275430,2210376268
20191125,"10:44:01","SZ","NB",6623164669,5471669794,12094834463,1151494875
20191125,"10:45:01","SH","NB",6406487800,4188054764,10594542564,2218433036
20191125,"10:45:01","SZ","NB",6653219929,5494995409,12148215338,1158224520
20191125,"10:46:01","SH","NB",6439837004,4208237861,10648074865,2231599143
20191125,"10:46:01","SZ","NB",6686661243,5517313297,12203974540,1169347946
20191125,"10:47:01","SH","NB",6465828007,4227655510,10693483517,2238172497
20191125,"10:47:01","SZ","NB",6708549948,5540094358,12248644306,1168455590
20191125,"10:48:01","SH","NB",6534214961,4254623631,10788838592,2279591330
20191125,"10:48:01","SZ","NB",6740092831,5566989461,12307082292,1173103370
20191125,"10:49:01","SH","NB",6577675600,4275780814,10853456414,2301894786
20191125,"10:49:01","SZ","NB",6768674084,5596138544,12364812628,1172535540
20191125,"10:50:01","SH","NB",6608506577,4299225791,10907732368,2309280786
20191125,"10:50:01","SZ","NB",6791638374,5624326641,12415965015,1167311733
20191125,"10:51:01","SH","NB",6639718190,4333512445,10973230635,2306205745
20191125,"10:51:01","SZ","NB",6837160280,5684585906,12521746186,1152574374
20191125,"10:52:01","SH","NB",6667033260,4353294950,11020328210,2313738310
20191125,"10:52:01","SZ","NB",6871839640,5717450623,12589290263,1154389017
20191125,"10:53:01","SZ","NB",6902402588,5741195552,12643598140,1161207036
20191125,"10:53:01","SH","NB",6690100817,4378535673,11068636490,2311565144
20191125,"10:54:01","SH","NB",6718545593,4405133224,11123678817,2313412369
20191125,"10:54:01","SZ","NB",6925913832,5772363951,12698277783,1153549881
20191125,"10:55:01","SH","NB",6742329936,4429330388,11171660324,2312999548
20191125,"10:55:01","SZ","NB",6954290977,5802560540,12756851517,1151730437
20191125,"10:56:01","SH","NB",6772779355,4457605693,11230385048,2315173662
20191125,"10:56:01","SZ","NB",6987990125,5854387710,12842377835,1133602415
20191125,"10:57:01","SH","NB",6801956109,4479730935,11281687044,2322225174
20191125,"10:57:01","SZ","NB",7027660533,5886227669,12913888202,1141432864
20191125,"10:58:01","SH","NB",6834030206,4505412147,11339442353,2328618059
20191125,"10:58:01","SZ","NB",7074302464,5910140510,12984442974,1164161954
20191125,"10:59:01","SH","NB",6858078177,4527749435,11385827612,2330328742
20191125,"10:59:01","SZ","NB",7118400876,5937563820,13055964696,1180837056
20191125,"11:00:01","SH","NB",6902443136,4547496015,11449939151,2354947121
20191125,"11:00:01","SZ","NB",7175476263,5960762845,13136239108,1214713418
20191125,"11:01:01","SH","NB",6926560401,4563574793,11490135194,2362985608
20191125,"11:01:01","SZ","NB",7214791482,5991214334,13206005816,1223577148
20191125,"11:02:01","SH","NB",6951656254,4591044308,11542700562,2360611946
20191125,"11:02:01","SZ","NB",7247244426,6020456298,13267700724,1226788128
20191125,"11:03:01","SZ","NB",7278600919,6063481738,13342082657,1215119181
20191125,"11:03:01","SH","NB",6981999634,4613393410,11595393044,2368606224
20191125,"11:04:01","SH","NB",7009955293,4631134937,11641090230,2378820356
20191125,"11:04:01","SZ","NB",7320972345,6095360442,13416332787,1225611903
20191125,"11:05:01","SH","NB",7039042068,4649670444,11688712512,2389371624
20191125,"11:05:01","SZ","NB",7351722132,6124300286,13476022418,1227421846
20191125,"11:06:01","SH","NB",7071346413,4674068288,11745414701,2397278125
20191125,"11:06:01","SZ","NB",7379063104,6150498989,13529562093,1228564115
20191125,"11:07:01","SH","NB",7099298128,4698728585,11798026713,2400569543
20191125,"11:07:01","SZ","NB",7409472346,6184875656,13594348002,1224596690
20191125,"11:08:01","SH","NB",7136533832,4721259255,11857793087,2415274577
20191125,"11:08:01","SZ","NB",7443527957,6211761987,13655289944,1231765970
20191125,"11:09:01","SH","NB",7160210005,4739404191,11899614196,2420805814
20191125,"11:09:01","SZ","NB",7468100416,6233550361,13701650777,1234550055
20191125,"11:10:01","SH","NB",7202144614,4759784226,11961928840,2442360388
20191125,"11:10:01","SZ","NB",7508781090,6259379523,13768160613,1249401567
20191125,"11:11:01","SH","NB",7232152565,4786715883,12018868448,2445436682
20191125,"11:11:01","SZ","NB",7540354879,6326118104,13866472983,1214236775
20191125,"11:12:01","SH","NB",7258305788,4808402390,12066708178,2449903398
20191125,"11:12:01","SZ","NB",7570654084,6364828886,13935482970,1205825198
20191125,"11:13:01","SZ","NB",7598837884,6399698833,13998536717,1199139051
20191125,"11:13:01","SH","NB",7280876344,4825692228,12106568572,2455184116
20191125,"11:14:01","SH","NB",7307344953,4852628377,12159973330,2454716576
20191125,"11:14:01","SZ","NB",7631832693,6438383720,14070216413,1193448973
20191125,"11:15:01","SH","NB",7332676240,4879182970,12211859210,2453493270
20191125,"11:15:01","SZ","NB",7671470036,6473493157,14144963193,1197976879
20191125,"11:16:01","SH","NB",7355529931,4907784629,12263314560,2447745302
20191125,"11:16:01","SZ","NB",7706180527,6507834877,14214015404,1198345650
20191125,"11:17:01","SH","NB",7377403600,4933986459,12311390059,2443417141
20191125,"11:17:01","SZ","NB",7738120217,6540003238,14278123455,1198116979
20191125,"11:18:01","SZ","NB",7771383766,6561869845,14333253611,1209513921
20191125,"11:18:01","SH","NB",7399016372,4957321450,12356337822,2441694922
20191125,"11:19:01","SH","NB",7422023051,4974039272,12396062323,2447983779
20191125,"11:19:01","SZ","NB",7800767261,6586861994,14387629255,1213905267
20191125,"11:20:01","SH","NB",7457088965,4994311510,12451400475,2462777455
20191125,"11:20:01","SZ","NB",7830716271,6613193228,14443909499,1217523043
20191125,"11:21:01","SH","NB",7506165583,5035762908,12541928491,2470402675
20191125,"11:21:01","SZ","NB",7868892970,6678301242,14547194212,1190591728
20191125,"11:22:01","SH","NB",7535669176,5061677612,12597346788,2473991564
20191125,"11:22:01","SZ","NB",7929037257,6717670541,14646707798,1211366716
20191125,"11:23:01","SH","NB",7570191822,5082480176,12652671998,2487711646
20191125,"11:23:01","SZ","NB",7966885135,6745585323,14712470458,1221299812
20191125,"11:24:01","SH","NB",7603661196,5110426231,12714087427,2493234965
20191125,"11:24:01","SZ","NB",7993780462,6766802505,14760582967,1226977957
20191125,"11:25:01","SH","NB",7627393594,5133049372,12760442966,2494344222
20191125,"11:25:01","SZ","NB",8026663955,6793242144,14819906099,1233421811
20191125,"11:26:01","SZ","NB",8058584163,6823878467,14882462630,1234705696
20191125,"11:26:01","SH","NB",7647888724,5154520880,12802409604,2493367844
20191125,"11:27:01","SH","NB",7671615219,5174019091,12845634310,2497596128
20191125,"11:27:01","SZ","NB",8101150139,6841445850,14942595989,1259704289
20191125,"11:28:01","SH","NB",7694928134,5189888805,12884816939,2505039329
20191125,"11:28:01","SZ","NB",8137938998,6858830625,14996769623,1279108373
20191125,"11:29:01","SH","NB",7717050709,5213622706,12930673415,2503428003
20191125,"11:29:01","SZ","NB",8160874812,6873068027,15033942839,1287806785
20191125,"11:30:01","SH","NB",7748434718,5224307938,12972742656,2524126780
20191125,"11:30:01","SZ","NB",8200524809,6886354149,15086878958,1314170660
20191125,"11:31:01","SH","NB",7748622118,5224469039,12973091157,2524153079
20191125,"11:31:01","SZ","NB",8200594599,6886376896,15086971495,1314217703
20191125,"13:01:01","SZ","NB",8299084496,6945673322,15244757818,1353411174
20191125,"13:01:01","SH","NB",7847365001,5268381736,13115746737,2578983265
20191125,"13:02:01","SH","NB",7890303939,5298847139,13189151078,2591456800
20191125,"13:02:01","SZ","NB",8341199026,7002285651,15343484677,1338913375
20191125,"13:03:01","SH","NB",7927364685,5330555727,13257920412,2596808958
20191125,"13:03:01","SZ","NB",8378973647,7033699775,15412673422,1345273872
20191125,"13:04:01","SH","NB",7983852340,5362596760,13346449100,2621255580
20191125,"13:04:01","SZ","NB",8436228385,7066595481,15502823866,1369632904
20191125,"13:05:01","SH","NB",8037252701,5390954486,13428207187,2646298215
20191125,"13:05:01","SZ","NB",8474638629,7089074932,15563713561,1385563697
20191125,"13:06:01","SZ","NB",8508731241,7111153722,15619884963,1397577519
20191125,"13:06:01","SH","NB",8070810132,5414578400,13485388532,2656231732
20191125,"13:07:01","SH","NB",8106536591,5434265966,13540802557,2672270625
20191125,"13:07:01","SZ","NB",8544018342,7133917023,15677935365,1410101319
20191125,"13:08:01","SH","NB",8164668915,5455612921,13620281836,2709055994
20191125,"13:08:01","SZ","NB",8580503508,7159110809,15739614317,1421392699
20191125,"13:09:01","SH","NB",8194638066,5485128526,13679766592,2709509540
20191125,"13:09:01","SZ","NB",8606070553,7179449386,15785519939,1426621167
20191125,"13:10:01","SH","NB",8222633081,5505656551,13728289632,2716976530
20191125,"13:10:01","SZ","NB",8635724720,7205737526,15841462246,1429987194
20191125,"13:11:01","SH","NB",8250616078,5533282425,13783898503,2717333653
20191125,"13:11:01","SZ","NB",8667182358,7249429095,15916611453,1417753263
20191125,"13:12:01","SH","NB",8279485737,5563222665,13842708402,2716263072
20191125,"13:12:01","SZ","NB",8695474049,7274589212,15970063261,1420884837
20191125,"13:13:01","SH","NB",8305357789,5582142804,13887500593,2723214985
20191125,"13:13:01","SZ","NB",8723238724,7297465025,16020703749,1425773699
20191125,"13:14:01","SH","NB",8338316639,5623364724,13961681363,2714951915
20191125,"13:14:01","SZ","NB",8754770842,7328795893,16083566735,1425974949
20191125,"13:15:01","SZ","NB",8783882515,7357571249,16141453764,1426311266
20191125,"13:15:01","SH","NB",8367506903,5652134347,14019641250,2715372556
20191125,"13:16:01","SH","NB",8396155687,5681221856,14077377543,2714933831
20191125,"13:16:01","SZ","NB",8820107075,7390797427,16210904502,1429309648
20191125,"13:17:01","SH","NB",8425028919,5708952521,14133981440,2716076398
20191125,"13:17:01","SZ","NB",8849496757,7417236571,16266733328,1432260186
20191125,"13:18:01","SH","NB",8449075702,5728207851,14177283553,2720867851
20191125,"13:18:01","SZ","NB",8879803308,7437000124,16316803432,1442803184
20191125,"13:19:01","SH","NB",8471911221,5752520854,14224432075,2719390367
20191125,"13:19:01","SZ","NB",8909859352,7462863943,16372723295,1446995409
20191125,"13:20:01","SZ","NB",8941967605,7483657478,16425625083,1458310127
20191125,"13:20:01","SH","NB",8500491152,5774572600,14275063752,2725918552
20191125,"13:21:01","SH","NB",8530562649,5794795405,14325358054,2735767244
20191125,"13:21:01","SZ","NB",8976781106,7502307442,16479088548,1474473664
20191125,"13:22:01","SH","NB",8563413906,5819887788,14383301694,2743526118
20191125,"13:22:01","SZ","NB",9008628046,7526717995,16535346041,1481910051
20191125,"13:23:01","SH","NB",8588491264,5838493353,14426984617,2749997911
20191125,"13:23:01","SZ","NB",9040769054,7560915440,16601684494,1479853614
20191125,"13:24:01","SH","NB",8614964064,5860979232,14475943296,2753984832
20191125,"13:24:01","SZ","NB",9068239160,7585118960,16653358120,1483120200
20191125,"13:25:01","SH","NB",8716058271,5895873749,14611932020,2820184522
20191125,"13:25:01","SZ","NB",9159780391,7626906405,16786686796,1532873986
20191125,"13:26:01","SH","NB",8747021629,5919950707,14666972336,2827070922
20191125,"13:26:01","SZ","NB",9189146040,7656012039,16845158079,1533134001
20191125,"13:27:01","SH","NB",8775999322,5944230635,14720229957,2831768687
20191125,"13:27:01","SZ","NB",9216820406,7695307947,16912128353,1521512459
20191125,"13:28:01","SH","NB",8799494096,5962516722,14762010818,2836977374
20191125,"13:28:01","SZ","NB",9242988323,7719138357,16962126680,1523849966
20191125,"13:29:01","SH","NB",8824557906,5980771575,14805329481,2843786331
20191125,"13:29:01","SZ","NB",9272187082,7742490230,17014677312,1529696852
20191125,"13:30:01","SZ","NB",9299365289,7768154759,17067520048,1531210530
20191125,"13:30:01","SH","NB",8853588513,6002945070,14856533583,2850643443
20191125,"13:31:01","SH","NB",8891810011,6043984694,14935794705,2847825317
20191125,"13:31:01","SZ","NB",9338752110,7823763510,17162515620,1514988600
20191125,"13:32:01","SH","NB",8928003057,6068136513,14996139570,2859866544
20191125,"13:32:01","SZ","NB",9379580441,7851740422,17231320863,1527840019
20191125,"13:33:01","SH","NB",8958590736,6087215836,15045806572,2871374900
20191125,"13:33:01","SZ","NB",9411774788,7877191943,17288966731,1534582845
20191125,"13:34:01","SH","NB",8981123723,6109520710,15090644433,2871603013
20191125,"13:34:01","SZ","NB",9436071691,7896778983,17332850674,1539292708
20191125,"13:35:01","SZ","NB",9473408517,7915416787,17388825304,1557991730
20191125,"13:35:01","SH","NB",9010150309,6128721954,15138872263,2881428355
20191125,"13:36:01","SH","NB",9039417649,6155349150,15194766799,2884068499
20191125,"13:36:01","SZ","NB",9515836698,7940393821,17456230519,1575442877
20191125,"13:37:01","SH","NB",9072708792,6189691567,15262400359,2883017225
20191125,"13:37:01","SZ","NB",9548645607,7966762002,17515407609,1581883605
20191125,"13:38:01","SH","NB",9111063489,6215416969,15326480458,2895646520
20191125,"13:38:01","SZ","NB",9581159438,7993499331,17574658769,1587660107
20191125,"13:39:01","SH","NB",9147391114,6245167833,15392558947,2902223281
20191125,"13:39:01","SZ","NB",9614390955,8017191553,17631582508,1597199402
20191125,"13:40:01","SH","NB",9179414406,6277398610,15456813016,2902015796
20191125,"13:40:01","SZ","NB",9645558782,8045450730,17691009512,1600108052
20191125,"13:41:01","SH","NB",9214033710,6309629677,15523663387,2904404033
20191125,"13:41:01","SZ","NB",9676352126,8079358934,17755711060,1596993192
20191125,"13:42:01","SH","NB",9240499318,6327278599,15567777917,2913220719
20191125,"13:42:01","SZ","NB",9706278042,8104414336,17810692378,1601863706
20191125,"13:43:01","SZ","NB",9730778363,8137368794,17868147157,1593409569
20191125,"13:43:01","SH","NB",9270578489,6344648081,15615226570,2925930408
20191125,"13:44:01","SH","NB",9296285215,6364530028,15660815243,2931755187
20191125,"13:44:01","SZ","NB",9757127975,8155931429,17913059404,1601196546
20191125,"13:45:01","SH","NB",9322170728,6383841716,15706012444,2938329012
20191125,"13:45:01","SZ","NB",9786210995,8175620244,17961831239,1610590751
20191125,"13:46:01","SH","NB",9354154282,6405058312,15759212594,2949095970
20191125,"13:46:01","SZ","NB",9814714712,8194675019,18009389731,1620039693
20191125,"13:47:01","SH","NB",9379946373,6425768196,15805714569,2954178177
20191125,"13:47:01","SZ","NB",9840954475,8213587826,18054542301,1627366649
20191125,"13:48:01","SH","NB",9413482576,6449466472,15862949048,2964016104
20191125,"13:48:01","SZ","NB",9870635345,8237098281,18107733626,1633537064
20191125,"13:49:01","SH","NB",9442050745,6471354996,15913405741,2970695749
20191125,"13:49:01","SZ","NB",9899573299,8266171564,18165744863,1633401735
20191125,"13:50:01","SH","NB",9477292281,6490209114,15967501395,2987083167
20191125,"13:50:01","SZ","NB",9922054773,8287321179,18209375952,1634733594
20191125,"13:51:01","SH","NB",9514862469,6516647324,16031509793,2998215145
20191125,"13:51:01","SZ","NB",9956665462,8312742211,18269407673,1643923251
20191125,"13:52:01","SZ","NB",9988396986,8337733669,18326130655,1650663317
20191125,"13:52:01","SH","NB",9539624124,6537432425,16077056549,3002191699
20191125,"13:53:01","SH","NB",9570988334,6560288120,16131276454,3010700214
20191125,"13:53:01","SZ","NB",10013675464,8363756431,18377431895,1649919033
20191125,"13:54:01","SH","NB",9626274826,6579557846,16205832672,3046716980
20191125,"13:54:01","SZ","NB",10051931235,8383935799,18435867034,1667995436
20191125,"13:55:01","SH","NB",9658662080,6601777394,16260439474,3056884686
20191125,"13:55:01","SZ","NB",10082573597,8408211454,18490785051,1674362143
20191125,"13:56:01","SH","NB",9720950549,6625883997,16346834546,3095066552
20191125,"13:56:01","SZ","NB",10119510552,8433840002,18553350554,1685670550
20191125,"13:57:01","SH","NB",9750818749,6654594688,16405413437,3096224061
20191125,"13:57:01","SZ","NB",10146615735,8457918906,18604534641,1688696829
20191125,"13:58:01","SH","NB",9783858706,6683248639,16467107345,3100610067
20191125,"13:58:01","SZ","NB",10171114499,8487601605,18658716104,1683512894
20191125,"13:59:01","SH","NB",9811786734,6707525391,16519312125,3104261343
20191125,"13:59:01","SZ","NB",10196946544,8516946228,18713892772,1680000316
20191125,"14:00:01","SH","NB",9846298168,6725889943,16572188111,3120408225
20191125,"14:00:01","SZ","NB",10224036411,8539558226,18763594637,1684478185
20191125,"14:01:01","SZ","NB",10255389772,8580891164,18836280936,1674498608
20191125,"14:01:01","SH","NB",9886754990,6756243508,16642998498,3130511482
20191125,"14:02:01","SH","NB",9924681681,6798371066,16723052747,3126310615
20191125,"14:02:01","SZ","NB",10291905311,8617862228,18909767539,1674043083
20191125,"14:03:01","SZ","NB",10320605313,8645815371,18966420684,1674789942
20191125,"14:03:01","SH","NB",9954896767,6822625914,16777522681,3132270853
20191125,"14:04:01","SH","NB",9999545309,6848403010,16847948319,3151142299
20191125,"14:04:01","SZ","NB",10353964849,8667132376,19021097225,1686832473
20191125,"14:05:01","SH","NB",10034731707,6872816256,16907547963,3161915451
20191125,"14:05:01","SZ","NB",10378455474,8691118695,19069574169,1687336779
20191125,"14:06:01","SH","NB",10068314034,6902828083,16971142117,3165485951
20191125,"14:06:01","SZ","NB",10398922686,8713296556,19112219242,1685626130
20191125,"14:07:01","SH","NB",10095639898,6927106332,17022746230,3168533566
20191125,"14:07:01","SZ","NB",10423863373,8737381131,19161244504,1686482242
20191125,"14:08:01","SH","NB",10122075892,6948874477,17070950369,3173201415
20191125,"14:08:01","SZ","NB",10446955247,8756581452,19203536699,1690373795
20191125,"14:09:01","SH","NB",10154934551,6975271474,17130206025,3179663077
20191125,"14:09:01","SZ","NB",10472365546,8784019742,19256385288,1688345804
20191125,"14:10:01","SH","NB",10181639619,7001479876,17183119495,3180159743
20191125,"14:10:01","SZ","NB",10501128685,8816502606,19317631291,1684626079
20191125,"14:11:01","SH","NB",10219110806,7030934986,17250045792,3188175820
20191125,"14:11:01","SZ","NB",10537262960,8850420067,19387683027,1686842893
20191125,"14:12:01","SZ","NB",10576153797,8895970254,19472124051,1680183543
20191125,"14:12:01","SH","NB",10254837983,7062941960,17317779943,3191896023
20191125,"14:13:01","SH","NB",10294873022,7101325000,17396198022,3193548022
20191125,"14:13:01","SZ","NB",10622603157,8942120270,19564723427,1680482887
20191125,"14:14:01","SH","NB",10324139393,7130387107,17454526500,3193752286
20191125,"14:14:01","SZ","NB",10662530075,8970680009,19633210084,1691850066
20191125,"14:15:01","SH","NB",10353730286,7157712399,17511442685,3196017887
20191125,"14:15:01","SZ","NB",10700019891,8995557641,19695577532,1704462250
20191125,"14:16:01","SH","NB",10382513041,7180813876,17563326917,3201699165
20191125,"14:16:01","SZ","NB",10726159813,9021802096,19747961909,1704357717
20191125,"14:17:01","SH","NB",10412769213,7209909516,17622678729,3202859697
20191125,"14:17:01","SZ","NB",10754395972,9057973666,19812369638,1696422306
20191125,"14:18:01","SH","NB",10446556565,7235490499,17682047064,3211066066
20191125,"14:18:01","SZ","NB",10781673154,9093487738,19875160892,1688185416
20191125,"14:19:01","SH","NB",10480761271,7258328392,17739089663,3222432879
20191125,"14:19:01","SZ","NB",10809951813,9120050631,19930002444,1689901182
20191125,"14:20:01","SZ","NB",10845335663,9155541901,20000877564,1689793762
20191125,"14:20:01","SH","NB",10511568878,7282248767,17793817645,3229320111
20191125,"14:21:01","SH","NB",10545488409,7310830709,17856319118,3234657700
20191125,"14:21:01","SZ","NB",10891090866,9191215979,20082306845,1699874887
20191125,"14:22:01","SZ","NB",10918371855,9230813620,20149185475,1687558235
20191125,"14:22:01","SH","NB",10578586479,7337110725,17915697204,3241475754
20191125,"14:23:01","SH","NB",10613109401,7361904915,17975014316,3251204486
20191125,"14:23:01","SZ","NB",10950492305,9261087565,20211579870,1689404740
20191125,"14:24:01","SH","NB",10645264463,7387614240,18032878703,3257650223
20191125,"14:24:01","SZ","NB",10984831217,9291094026,20275925243,1693737191
20191125,"14:25:01","SH","NB",10677042056,7412770969,18089813025,3264271087
20191125,"14:25:01","SZ","NB",11014133012,9318879602,20333012614,1695253410
20191125,"14:26:01","SH","NB",10706571394,7436867592,18143438986,3269703802
20191125,"14:26:01","SZ","NB",11042214678,9343799945,20386014623,1698414733
20191125,"14:27:01","SH","NB",10734642000,7465938363,18200580363,3268703637
20191125,"14:27:01","SZ","NB",11075045116,9381545808,20456590924,1693499308
20191125,"14:28:01","SH","NB",10765615367,7492749208,18258364575,3272866159
20191125,"14:28:01","SZ","NB",11103631570,9416821454,20520453024,1686810116
20191125,"14:29:01","SH","NB",10808910080,7519173113,18328083193,3289736967
20191125,"14:29:01","SZ","NB",11143235921,9443349868,20586585789,1699886053
20191125,"14:30:01","SH","NB",10839927376,7547872282,18387799658,3292055094
20191125,"14:30:01","SZ","NB",11172453779,9466214176,20638667955,1706239603
20191125,"14:31:01","SH","NB",10890812203,7589091391,18479903594,3301720812
20191125,"14:31:01","SZ","NB",11210735490,9519128298,20729863788,1691607192
20191125,"14:32:01","SZ","NB",11249634858,9553272895,20802907753,1696361963
20191125,"14:32:01","SH","NB",10931659110,7621901432,18553560542,3309757678
20191125,"14:33:01","SH","NB",10987921924,7650215967,18638137891,3337705957
20191125,"14:33:01","SZ","NB",11293233181,9596863865,20890097046,1696369316
20191125,"14:34:01","SH","NB",11034468872,7680325689,18714794561,3354143183
20191125,"14:34:01","SZ","NB",11334072575,9628679844,20962752419,1705392731
20191125,"14:35:01","SZ","NB",11385426146,9667636338,21053062484,1717789808
20191125,"14:35:01","SH","NB",11074677607,7707034529,18781712136,3367643078
20191125,"14:36:01","SH","NB",11118574615,7737656622,18856231237,3380917993
20191125,"14:36:01","SZ","NB",11421103902,9705328433,21126432335,1715775469
20191125,"14:37:01","SH","NB",11181709110,7773784293,18955493403,3407924817
20191125,"14:37:01","SZ","NB",11484740059,9747243855,21231983914,1737496204
20191125,"14:38:01","SZ","NB",11528424656,9776003906,21304428562,1752420750
20191125,"14:38:01","SH","NB",11221005730,7807690998,19028696728,3413314732
20191125,"14:39:01","SH","NB",11265816501,7848689604,19114506105,3417126897
20191125,"14:39:01","SZ","NB",11569322778,9813549956,21382872734,1755772822
20191125,"14:40:01","SH","NB",11315911790,7888235434,19204147224,3427676356
20191125,"14:40:01","SZ","NB",11604949953,9858309751,21463259704,1746640202
20191125,"14:41:01","SH","NB",11360202862,7935002850,19295205712,3425200012
20191125,"14:41:01","SZ","NB",11652398112,9922981123,21575379235,1729416989
20191125,"14:42:01","SH","NB",11395127130,7973740224,19368867354,3421386906
20191125,"14:42:01","SZ","NB",11683629603,9955483247,21639112850,1728146356
20191125,"14:43:01","SH","NB",11439790573,8010596809,19450387382,3429193764
20191125,"14:43:01","SZ","NB",11727744269,9993720938,21721465207,1734023331
20191125,"14:44:01","SH","NB",11473948487,8044690040,19518638527,3429258447
20191125,"14:44:01","SZ","NB",11763184021,10025818297,21789002318,1737365724
20191125,"14:45:01","SH","NB",11519051061,8084761970,19603813031,3434289091
20191125,"14:45:01","SZ","NB",11805808156,10057178587,21862986743,1748629569
20191125,"14:46:01","SH","NB",11567109535,8129099125,19696208660,3438010410
20191125,"14:46:01","SZ","NB",11855289509,10097281405,21952570914,1758008104
20191125,"14:47:01","SZ","NB",11890090935,10129459078,22019550013,1760631857
20191125,"14:47:01","SH","NB",11609365231,8162496127,19771861358,3446869104
20191125,"14:48:01","SH","NB",11660396162,8202471208,19862867370,3457924954
20191125,"14:48:01","SZ","NB",11941492984,10164205790,22105698774,1777287194
20191125,"14:49:01","SH","NB",11717913007,8237487202,19955400209,3480425805
20191125,"14:49:01","SZ","NB",11994210179,10203385866,22197596045,1790824313
20191125,"14:50:01","SH","NB",11768150978,8276921961,20045072939,3491229017
20191125,"14:50:01","SZ","NB",12055976558,10242574421,22298550979,1813402137
20191125,"14:51:01","SH","NB",11843856272,8318894632,20162750904,3524961640
20191125,"14:51:01","SZ","NB",12138291841,10297682119,22435973960,1840609722
20191125,"14:52:01","SZ","NB",12189899277,10339931955,22529831232,1849967322
20191125,"14:52:01","SH","NB",11901475637,8359887680,20261363317,3541587957
20191125,"14:53:01","SH","NB",11963802308,8403070926,20366873234,3560731382
20191125,"14:53:01","SZ","NB",12252982054,10385815880,22638797934,1867166174
20191125,"14:54:01","SH","NB",12023820024,8456891906,20480711930,3566928118
20191125,"14:54:01","SZ","NB",12307998065,10433122483,22741120548,1874875582
20191125,"14:55:01","SH","NB",12093865622,8521000270,20614865892,3572865352
20191125,"14:55:01","SZ","NB",12359423776,10489638127,22849061903,1869785649
20191125,"14:56:01","SH","NB",12195275579,8647474529,20842750108,3547801050
20191125,"14:56:01","SZ","NB",12481113089,10598215164,23079328253,1882897925
20191125,"14:57:01","SH","NB",12252759628,8699943802,20952703430,3552815826
20191125,"14:57:01","SZ","NB",12538463477,10646809020,23185272497,1891654457
20191125,"14:58:01","SH","NB",12253035613,8700123703,20953159316,3552911910
20191125,"14:58:01","SZ","NB",12538530799,10646809689,23185340488,1891721110
20191125,"15:01:01","SH","NB",12464765802,8811389698,21276155500,3653376104
20191125,"15:01:01","SZ","NB",12746518277,10763435484,23509953761,1983082793
