dataDate,dataTime,connectMarket,tradeDirection,buyTurnover,sellTurnover,totalTurnover,netTurnover
20190604,"09:30:04","SH","NB",54546490,26772749,81319239,27773741
20190604,"09:30:04","SZ","NB",56740931,16756303,73497234,39984628
20190604,"09:30:59","SH","NB",124728745,153104711,277833456,-28375966
20190604,"09:30:59","SZ","NB",140463302,124578107,265041409,15885195
20190604,"09:31:59","SH","NB",239799227,223258212,463057439,16541015
20190604,"09:31:59","SZ","NB",278911041,205190019,484101060,73721022
20190604,"09:32:59","SH","NB",330306246,369188521,699494767,-38882275
20190604,"09:32:59","SZ","NB",380341105,380168391,760509496,172714
20190604,"09:33:59","SH","NB",417277741,547865223,965142964,-130587482
20190604,"09:33:59","SZ","NB",478770437,647374215,1126144652,-168603778
20190604,"09:35:00","SH","NB",589569470,619812343,1209381813,-30242873
20190604,"09:35:00","SZ","NB",741182445,728296266,1469478711,12886179
20190604,"09:35:59","SH","NB",764196987,706516806,1470713793,57680181
20190604,"09:35:59","SZ","NB",1010872110,816949419,1827821529,193922691
20190604,"09:36:59","SH","NB",825103390,842035954,1667139344,-16932564
20190604,"09:36:59","SZ","NB",1103458186,963998228,2067456414,139459958
20190604,"09:37:59","SZ","NB",1279251610,1039730259,2318981869,239521351
20190604,"09:37:59","SH","NB",946740055,957754282,1904494337,-11014227
20190604,"09:38:59","SH","NB",1028530237,1026962226,2055492463,1568011
20190604,"09:38:59","SZ","NB",1417629732,1113159192,2530788924,304470540
20190604,"09:39:59","SH","NB",1119496850,1303088858,2422585708,-183592008
20190604,"09:39:59","SZ","NB",1515743736,1336687788,2852431524,179055948
20190604,"09:40:59","SH","NB",1226070787,1364774982,2590845769,-138704195
20190604,"09:40:59","SZ","NB",1666772574,1403875508,3070648082,262897066
20190604,"09:41:59","SH","NB",1293945712,1412849097,2706794809,-118903385
20190604,"09:41:59","SZ","NB",1747083410,1457048833,3204132243,290034577
20190604,"09:42:59","SH","NB",1359185470,1461324071,2820509541,-102138601
20190604,"09:42:59","SZ","NB",1811229605,1512127311,3323356916,299102294
20190604,"09:43:59","SH","NB",1400607747,1515682335,2916290082,-115074588
20190604,"09:43:59","SZ","NB",1857275048,1589427055,3446702103,267847993
20190604,"09:45:00","SH","NB",1452410676,1589188377,3041599053,-136777701
20190604,"09:45:00","SZ","NB",1912672828,1680502979,3593175807,232169849
20190604,"09:46:00","SZ","NB",1981261608,1757115453,3738377061,224146155
20190604,"09:46:00","SH","NB",1505080470,1661497879,3166578349,-156417409
20190604,"09:46:59","SH","NB",1571859464,1710298313,3282157777,-138438849
20190604,"09:46:59","SZ","NB",2093799008,1833652547,3927451555,260146461
20190604,"09:47:59","SH","NB",1623492767,1753827260,3377320027,-130334493
20190604,"09:47:59","SZ","NB",2151432995,1898877504,4050310499,252555491
20190604,"09:48:59","SH","NB",1672456457,1796200100,3468656557,-123743643
20190604,"09:48:59","SZ","NB",2213677468,1945095602,4158773070,268581866
20190604,"09:49:59","SH","NB",1716427537,1846046867,3562474404,-129619330
20190604,"09:49:59","SZ","NB",2265934347,1989338008,4255272355,276596339
20190604,"09:50:59","SH","NB",1868936262,1892883138,3761819400,-23946876
20190604,"09:50:59","SZ","NB",2460489574,2034480883,4494970457,426008691
20190604,"09:51:59","SH","NB",1924361810,1953862803,3878224613,-29500993
20190604,"09:51:59","SZ","NB",2533421495,2109619025,4643040520,423802470
20190604,"09:52:59","SZ","NB",2569953393,2164102521,4734055914,405850872
20190604,"09:52:59","SH","NB",1952757148,2018387076,3971144224,-65629928
20190604,"09:53:59","SH","NB",1975212444,2059967543,4035179987,-84755099
20190604,"09:53:59","SZ","NB",2603592505,2201759168,4805351673,401833337
20190604,"09:54:59","SH","NB",2013579675,2096143118,4109722793,-82563443
20190604,"09:54:59","SZ","NB",2649620887,2241249059,4890869946,408371828
20190604,"09:55:59","SH","NB",2043377176,2130962378,4174339554,-87585202
20190604,"09:55:59","SZ","NB",2696846150,2300389916,4997236066,396456234
20190604,"09:56:59","SH","NB",2074943124,2193135404,4268078528,-118192280
20190604,"09:56:59","SZ","NB",2729012924,2364733158,5093746082,364279766
20190604,"09:57:59","SH","NB",2109136143,2259355429,4368491572,-150219286
20190604,"09:57:59","SZ","NB",2763415649,2419646856,5183062505,343768793
20190604,"09:58:59","SH","NB",2152898074,2299595251,4452493325,-146697177
20190604,"09:58:59","SZ","NB",2807253567,2454536730,5261790297,352716837
20190604,"09:59:59","SH","NB",2221239700,2329641673,4550881373,-108401973
20190604,"09:59:59","SZ","NB",2874272877,2485443815,5359716692,388829062
20190604,"10:00:59","SH","NB",2259432614,2351875125,4611307739,-92442511
20190604,"10:00:59","SZ","NB",2910521133,2510386152,5420907285,400134981
20190604,"10:01:59","SH","NB",2294766244,2417283812,4712050056,-122517568
20190604,"10:01:59","SZ","NB",2956178123,2575994008,5532172131,380184115
20190604,"10:02:59","SZ","NB",3013612611,2615571515,5629184126,398041096
20190604,"10:02:59","SH","NB",2341123972,2469043060,4810167032,-127919088
20190604,"10:03:59","SH","NB",2379757271,2522850323,4902607594,-143093052
20190604,"10:03:59","SZ","NB",3059078010,2662440315,5721518325,396637695
20190604,"10:04:59","SH","NB",2452349058,2565516766,5017865824,-113167708
20190604,"10:04:59","SZ","NB",3146630437,2697617861,5844248298,449012576
20190604,"10:05:59","SH","NB",2594564531,2606332005,5200896536,-11767474
20190604,"10:05:59","SZ","NB",3305065726,2735546241,6040611967,569519485
20190604,"10:06:59","SH","NB",2669836063,2638288568,5308124631,31547495
20190604,"10:06:59","SZ","NB",3414628862,2773688107,6188316969,640940755
20190604,"10:07:59","SH","NB",2703287889,2680248795,5383536684,23039094
20190604,"10:07:59","SZ","NB",3448402530,2843342049,6291744579,605060481
20190604,"10:08:59","SH","NB",2731478506,2734268848,5465747354,-2790342
20190604,"10:08:59","SZ","NB",3483292281,2909079010,6392371291,574213271
20190604,"10:09:59","SH","NB",2764235612,2776950707,5541186319,-12715095
20190604,"10:09:59","SZ","NB",3515805453,2959824386,6475629839,555981067
20190604,"10:10:59","SZ","NB",3538639755,3017659002,6556298757,520980753
20190604,"10:10:59","SH","NB",2793961269,2831669938,5625631207,-37708669
20190604,"10:11:59","SH","NB",2821491366,2865061715,5686553081,-43570349
20190604,"10:11:59","SZ","NB",3569173580,3066951972,6636125552,502221608
20190604,"10:12:59","SH","NB",2856466152,2924535987,5781002139,-68069835
20190604,"10:12:59","SZ","NB",3597034592,3146387639,6743422231,450646953
20190604,"10:13:59","SH","NB",2892853014,2988177128,5881030142,-95324114
20190604,"10:13:59","SZ","NB",3636530929,3202493330,6839024259,434037599
20190604,"10:14:59","SH","NB",2981278757,3026892220,6008170977,-45613463
20190604,"10:14:59","SZ","NB",3715547661,3256055853,6971603514,459491808
20190604,"10:16:00","SH","NB",3025010417,3056486811,6081497228,-31476394
20190604,"10:16:00","SZ","NB",3761572857,3294402009,7055974866,467170848
20190604,"10:16:59","SZ","NB",3793394998,3330657424,7124052422,462737574
20190604,"10:16:59","SH","NB",3058775422,3079825248,6138600670,-21049826
20190604,"10:17:59","SH","NB",3087897782,3121171823,6209069605,-33274041
20190604,"10:17:59","SZ","NB",3817489140,3385799232,7203288372,431689908
20190604,"10:18:59","SH","NB",3182842456,3154568732,6337411188,28273724
20190604,"10:18:59","SZ","NB",3894240974,3433734243,7327975217,460506731
20190604,"10:19:59","SH","NB",3240502105,3189516653,6430018758,50985452
20190604,"10:19:59","SZ","NB",3936925185,3480577847,7417503032,456347338
20190604,"10:20:59","SH","NB",3270370096,3244387673,6514757769,25982423
20190604,"10:20:59","SZ","NB",3965235195,3548215045,7513450240,417020150
20190604,"10:21:59","SZ","NB",3995658423,3586087132,7581745555,409571291
20190604,"10:21:59","SH","NB",3293999998,3272772604,6566772602,21227394
20190604,"10:22:59","SH","NB",3319293227,3296352599,6615645826,22940628
20190604,"10:22:59","SZ","NB",4019756585,3615895358,7635651943,403861227
20190604,"10:23:59","SH","NB",3339581697,3321427238,6661008935,18154459
20190604,"10:23:59","SZ","NB",4039045142,3653750732,7692795874,385294410
20190604,"10:24:59","SH","NB",3363085078,3359273836,6722358914,3811242
20190604,"10:24:59","SZ","NB",4061283645,3718676624,7779960269,342607021
20190604,"10:26:00","SH","NB",3393373730,3404121282,6797495012,-10747552
20190604,"10:26:00","SZ","NB",4085790300,3796986759,7882777059,288803541
20190604,"10:26:59","SH","NB",3506080099,3441804128,6947884227,64275971
20190604,"10:26:59","SZ","NB",4170265311,3854855331,8025120642,315409980
20190604,"10:27:59","SH","NB",3547620147,3465516687,7013136834,82103460
20190604,"10:27:59","SZ","NB",4202725630,3887015360,8089740990,315710270
20190604,"10:28:59","SH","NB",3601209712,3486153208,7087362920,115056504
20190604,"10:28:59","SZ","NB",4235190903,3912384164,8147575067,322806739
20190604,"10:29:59","SH","NB",3626023430,3510959216,7136982646,115064214
20190604,"10:29:59","SZ","NB",4257158536,3934526008,8191684544,322632528
20190604,"10:31:00","SH","NB",3644013829,3529404329,7173418158,114609500
20190604,"10:31:00","SZ","NB",4274873863,3958493588,8233367451,316380275
20190604,"10:31:59","SZ","NB",4292035992,3993982393,8286018385,298053599
20190604,"10:31:59","SH","NB",3663366787,3554177983,7217544770,109188804
20190604,"10:32:59","SH","NB",3685612637,3582941715,7268554352,102670922
20190604,"10:32:59","SZ","NB",4310565108,4029574158,8340139266,280990950
20190604,"10:33:59","SH","NB",3708582663,3607601413,7316184076,100981250
20190604,"10:33:59","SZ","NB",4329412529,4065809397,8395221926,263603132
20190604,"10:34:59","SZ","NB",4358398438,4100166642,8458565080,258231796
20190604,"10:34:59","SH","NB",3735147975,3627735047,7362883022,107412928
20190604,"10:35:59","SH","NB",3757277976,3667070903,7424348879,90207073
20190604,"10:35:59","SZ","NB",4382783162,4154233611,8537016773,228549551
20190604,"10:36:59","SH","NB",3785375912,3727785811,7513161723,57590101
20190604,"10:36:59","SZ","NB",4412532218,4287378861,8699911079,125153357
20190604,"10:37:59","SH","NB",3814688955,3772036623,7586725578,42652332
20190604,"10:37:59","SZ","NB",4445907345,4340055843,8785963188,105851502
20190604,"10:38:59","SH","NB",3859124576,3802072919,7661197495,57051657
20190604,"10:38:59","SZ","NB",4492703318,4370286775,8862990093,122416543
20190604,"10:39:59","SZ","NB",4528682388,4412959754,8941642142,115722634
20190604,"10:39:59","SH","NB",3889324420,3838653932,7727978352,50670488
20190604,"10:40:59","SH","NB",3958911002,3874286453,7833197455,84624549
20190604,"10:40:59","SZ","NB",4596878590,4451826573,9048705163,145052017
20190604,"10:41:59","SH","NB",4000655150,3901155851,7901811001,99499299
20190604,"10:41:59","SZ","NB",4654357359,4476619242,9130976601,177738117
20190604,"10:42:59","SH","NB",4043167010,3926783441,7969950451,116383569
20190604,"10:42:59","SZ","NB",4692699079,4505882708,9198581787,186816371
20190604,"10:43:59","SH","NB",4065867583,3941784799,8007652382,124082784
20190604,"10:43:59","SZ","NB",4717297779,4527598421,9244896200,189699358
20190604,"10:44:59","SH","NB",4088245535,3973112036,8061357571,115133499
20190604,"10:44:59","SZ","NB",4738225770,4565176449,9303402219,173049321
20190604,"10:46:00","SH","NB",4109396401,4036700302,8146096703,72696099
20190604,"10:46:00","SZ","NB",4754592577,4594405523,9348998100,160187054
20190604,"10:47:00","SZ","NB",4785767094,4612794987,9398562081,172972107
20190604,"10:47:00","SH","NB",4153744933,4059604160,8213349093,94140773
20190604,"10:47:59","SH","NB",4181827091,4082146583,8263973674,99680508
20190604,"10:47:59","SZ","NB",4812373454,4642649534,9455022988,169723920
20190604,"10:48:59","SH","NB",4203658002,4100674179,8304332181,102983823
20190604,"10:48:59","SZ","NB",4835586853,4664388591,9499975444,171198262
20190604,"10:50:00","SH","NB",4225412454,4129255353,8354667807,96157101
20190604,"10:50:00","SZ","NB",4858552762,4681428829,9539981591,177123933
20190604,"10:50:59","SH","NB",4245586919,4159243207,8404830126,86343712
20190604,"10:50:59","SZ","NB",4885029687,4709776972,9594806659,175252715
20190604,"10:51:59","SZ","NB",4909571176,4731166295,9640737471,178404881
20190604,"10:51:59","SH","NB",4270108424,4187266686,8457375110,82841738
20190604,"10:52:59","SH","NB",4290399472,4210016541,8500416013,80382931
20190604,"10:52:59","SZ","NB",4937421146,4753939982,9691361128,183481164
20190604,"10:53:59","SH","NB",4368580155,4238342459,8606922614,130237696
20190604,"10:53:59","SZ","NB",5011379969,4784044180,9795424149,227335789
20190604,"10:54:59","SH","NB",4390420778,4256285105,8646705883,134135673
20190604,"10:54:59","SZ","NB",5028322327,4810811971,9839134298,217510356
20190604,"10:56:00","SH","NB",4412771445,4294793974,8707565419,117977471
20190604,"10:56:00","SZ","NB",5043345229,4828420436,9871765665,214924793
20190604,"10:56:59","SH","NB",4436383907,4317200456,8753584363,119183451
20190604,"10:56:59","SZ","NB",5061362926,4845488812,9906851738,215874114
20190604,"10:57:59","SH","NB",4463876929,4334955394,8798832323,128921535
20190604,"10:57:59","SZ","NB",5085025208,4861084278,9946109486,223940930
20190604,"10:58:59","SH","NB",4495501019,4349405534,8844906553,146095485
20190604,"10:58:59","SZ","NB",5108488545,4879897867,9988386412,228590678
20190604,"10:59:59","SZ","NB",5126912673,4894680647,10021593320,232232026
20190604,"10:59:59","SH","NB",4525190110,4366336031,8891526141,158854079
20190604,"11:00:59","SH","NB",4558587835,4387601054,8946188889,170986781
20190604,"11:00:59","SZ","NB",5147119932,4908755708,10055875640,238364224
20190604,"11:01:59","SH","NB",4582400059,4404715601,8987115660,177684458
20190604,"11:01:59","SZ","NB",5167584890,4925766486,10093351376,241818404
20190604,"11:02:59","SH","NB",4605636099,4434039006,9039675105,171597093
20190604,"11:02:59","SZ","NB",5181699235,4942174215,10123873450,239525020
20190604,"11:03:59","SH","NB",4622515646,4451711777,9074227423,170803869
20190604,"11:03:59","SZ","NB",5193658607,4962762679,10156421286,230895928
20190604,"11:04:59","SH","NB",4638745723,4474220258,9112965981,164525465
20190604,"11:04:59","SZ","NB",5207154968,4984543640,10191698608,222611328
20190604,"11:05:59","SH","NB",4660707997,4510418204,9171126201,150289793
20190604,"11:05:59","SZ","NB",5224202026,5054542849,10278744875,169659177
20190604,"11:06:59","SH","NB",4680577697,4534078216,9214655913,146499481
20190604,"11:06:59","SZ","NB",5238141276,5082306290,10320447566,155834986
20190604,"11:07:59","SH","NB",4708002670,4549892463,9257895133,158110207
20190604,"11:07:59","SZ","NB",5253680096,5100156302,10353836398,153523794
20190604,"11:08:59","SH","NB",4736564569,4569753222,9306317791,166811347
20190604,"11:08:59","SZ","NB",5273682938,5124083011,10397765949,149599927
20190604,"11:09:59","SZ","NB",5294606911,5149186591,10443793502,145420320
20190604,"11:09:59","SH","NB",4766587721,4592025090,9358612811,174562631
20190604,"11:10:59","SH","NB",4788104678,4608365277,9396469955,179739401
20190604,"11:10:59","SZ","NB",5311155281,5165156738,10476312019,145998543
20190604,"11:11:59","SH","NB",4806705759,4625721325,9432427084,180984434
20190604,"11:11:59","SZ","NB",5325444158,5187162068,10512606226,138282090
20190604,"11:12:59","SH","NB",4822776660,4650643372,9473420032,172133288
20190604,"11:12:59","SZ","NB",5336988216,5203947474,10540935690,133040742
20190604,"11:13:59","SH","NB",4841407410,4670961632,9512369042,170445778
20190604,"11:13:59","SZ","NB",5350974799,5229390673,10580365472,121584126
20190604,"11:14:59","SH","NB",4859445563,4697232992,9556678555,162212571
20190604,"11:14:59","SZ","NB",5369198655,5275331257,10644529912,93867398
20190604,"11:15:59","SH","NB",4913635358,4718231339,9631866697,195404019
20190604,"11:15:59","SZ","NB",5415264311,5300890472,10716154783,114373839
20190604,"11:16:59","SH","NB",4932882045,4733907569,9666789614,198974476
20190604,"11:16:59","SZ","NB",5431868610,5314508552,10746377162,117360058
20190604,"11:17:59","SH","NB",4960961817,4759161198,9720123015,201800619
20190604,"11:17:59","SZ","NB",5446903932,5329390066,10776293998,117513866
20190604,"11:18:59","SH","NB",4990949265,4780489826,9771439091,210459439
20190604,"11:18:59","SZ","NB",5466355890,5343940681,10810296571,122415209
20190604,"11:19:59","SZ","NB",5540050364,5366375268,10906425632,173675096
20190604,"11:19:59","SH","NB",5072846515,4801421583,9874268098,271424932
20190604,"11:20:59","SH","NB",5132575497,4842135187,9974710684,290440310
20190604,"11:20:59","SZ","NB",5570859493,5380742327,10951601820,190117166
20190604,"11:22:00","SH","NB",5153379076,4862600805,10015979881,290778271
20190604,"11:22:00","SZ","NB",5597060554,5413404031,11010464585,183656523
20190604,"11:22:59","SH","NB",5162824866,4877030157,10039855023,285794709
20190604,"11:22:59","SZ","NB",5606614766,5430878362,11037493128,175736404
20190604,"11:23:59","SH","NB",5174564344,4887185454,10061749798,287378890
20190604,"11:23:59","SZ","NB",5616409681,5448072644,11064482325,168337037
20190604,"11:24:59","SH","NB",5185319320,4901338060,10086657380,283981260
20190604,"11:24:59","SZ","NB",5627066493,5463035630,11090102123,164030863
20190604,"11:25:59","SH","NB",5198613468,4913959375,10112572843,284654093
20190604,"11:25:59","SZ","NB",5637573160,5477514657,11115087817,160058503
20190604,"11:26:59","SH","NB",5213644068,4925460924,10139104992,288183144
20190604,"11:26:59","SZ","NB",5650228126,5488606670,11138834796,161621456
20190604,"11:27:59","SZ","NB",5675695308,5500958717,11176654025,174736591
20190604,"11:27:59","SH","NB",5242925742,4938150806,10181076548,304774936
20190604,"11:28:59","SH","NB",5273911291,4957614289,10231525580,316297002
20190604,"11:28:59","SZ","NB",5700778001,5514049297,11214827298,186728704
20190604,"11:29:59","SH","NB",5286557649,4973308687,10259866336,313248962
20190604,"11:29:59","SZ","NB",5710678423,5528951542,11239629965,181726881
20190604,"11:30:59","SH","NB",5286579153,4973365929,10259945082,313213224
20190604,"13:00:59","SH","NB",5330381848,5017960685,10348342533,312421163
20190604,"13:00:59","SZ","NB",5750084222,5582826993,11332911215,167257229
20190604,"13:01:59","SH","NB",5348629901,5040173370,10388803271,308456531
20190604,"13:01:59","SZ","NB",5767112660,5608335820,11375448480,158776840
20190604,"13:02:59","SH","NB",5368394667,5067632916,10436027583,300761751
20190604,"13:02:59","SZ","NB",5780646597,5625172575,11405819172,155474022
20190604,"13:03:59","SH","NB",5386923782,5086496268,10473420050,300427514
20190604,"13:03:59","SZ","NB",5794538026,5649836106,11444374132,144701920
20190604,"13:04:59","SH","NB",5405686616,5115103504,10520790120,290583112
20190604,"13:04:59","SZ","NB",5808945003,5664877125,11473822128,144067878
20190604,"13:05:59","SZ","NB",5823843302,5696026861,11519870163,127816441
20190604,"13:05:59","SH","NB",5427335762,5139237665,10566573427,288098097
20190604,"13:06:59","SH","NB",5445236944,5164179529,10609416473,281057415
20190604,"13:06:59","SZ","NB",5837000838,5720699387,11557700225,116301451
20190604,"13:07:59","SH","NB",5471977423,5183489544,10655466967,288487879
20190604,"13:07:59","SZ","NB",5862536393,5739870853,11602407246,122665540
20190604,"13:08:59","SH","NB",5513832214,5202860252,10716692466,310971962
20190604,"13:08:59","SZ","NB",5909264446,5763169418,11672433864,146095028
20190604,"13:09:59","SZ","NB",5928141911,5784401396,11712543307,143740515
20190604,"13:09:59","SH","NB",5530866417,5214899401,10745765818,315967016
20190604,"13:11:00","SH","NB",5544450185,5228791506,10773241691,315658679
20190604,"13:11:00","SZ","NB",5947199879,5804760740,11751960619,142439139
20190604,"13:11:59","SH","NB",5591296305,5252259502,10843555807,339036803
20190604,"13:11:59","SZ","NB",5977052403,5823305926,11800358329,153746477
20190604,"13:12:59","SH","NB",5612839793,5266537829,10879377622,346301964
20190604,"13:12:59","SZ","NB",5998317155,5844696526,11843013681,153620629
20190604,"13:13:59","SH","NB",5628868751,5279605764,10908474515,349262987
20190604,"13:13:59","SZ","NB",6008865645,5862189869,11871055514,146675776
20190604,"13:14:59","SH","NB",5654012299,5297313264,10951325563,356699035
20190604,"13:14:59","SZ","NB",6030686666,5900647790,11931334456,130038876
20190604,"13:15:59","SH","NB",5673193185,5311294029,10984487214,361899156
20190604,"13:15:59","SZ","NB",6054106835,5923144226,11977251061,130962609
20190604,"13:16:59","SH","NB",5690795452,5332313181,11023108633,358482271
20190604,"13:16:59","SZ","NB",6073317748,5941148320,12014466068,132169428
20190604,"13:17:59","SZ","NB",6086694991,5959380812,12046075803,127314179
20190604,"13:17:59","SH","NB",5717858859,5351600173,11069459032,366258686
20190604,"13:18:59","SH","NB",5740496649,5365581534,11106078183,374915115
20190604,"13:18:59","SZ","NB",6108829530,5974572687,12083402217,134256843
20190604,"13:19:59","SH","NB",5758253709,5385181094,11143434803,373072615
20190604,"13:19:59","SZ","NB",6123641494,6000621556,12124263050,123019938
20190604,"13:20:59","SH","NB",5786234974,5417360887,11203595861,368874087
20190604,"13:20:59","SZ","NB",6144731602,6048807108,12193538710,95924494
20190604,"13:21:59","SH","NB",5803605280,5446496011,11250101291,357109269
20190604,"13:21:59","SZ","NB",6160449352,6079095002,12239544354,81354350
20190604,"13:22:59","SH","NB",5823540558,5458694234,11282234792,364846324
20190604,"13:22:59","SZ","NB",6171349669,6100211230,12271560899,71138439
20190604,"13:23:59","SH","NB",5845545499,5473151115,11318696614,372394384
20190604,"13:23:59","SZ","NB",6188266753,6122686329,12310953082,65580424
20190604,"13:24:59","SZ","NB",6205939368,6137785429,12343724797,68153939
20190604,"13:24:59","SH","NB",5874520726,5487924895,11362445621,386595831
20190604,"13:25:59","SH","NB",5893280046,5521596638,11414876684,371683408
20190604,"13:25:59","SZ","NB",6220661717,6158173606,12378835323,62488111
20190604,"13:26:59","SH","NB",5910247129,5553766179,11464013308,356480950
20190604,"13:26:59","SZ","NB",6235140262,6184464092,12419604354,50676170
20190604,"13:27:59","SH","NB",5927833120,5576920720,11504753840,350912400
20190604,"13:27:59","SZ","NB",6249000937,6222704705,12471705642,26296232
20190604,"13:28:59","SH","NB",5940097111,5608732688,11548829799,331364423
20190604,"13:28:59","SZ","NB",6263053071,6254953505,12518006576,8099566
20190604,"13:29:59","SH","NB",5965565576,5643952352,11609517928,321613224
20190604,"13:29:59","SZ","NB",6282355907,6278112594,12560468501,4243313
20190604,"13:30:59","SH","NB",5989504637,5687786738,11677291375,301717899
20190604,"13:30:59","SZ","NB",6298340500,6305124864,12603465364,-6784364
20190604,"13:31:59","SH","NB",6012375984,5734303464,11746679448,278072520
20190604,"13:31:59","SZ","NB",6317902627,6339129933,12657032560,-21227306
20190604,"13:32:59","SH","NB",6034975983,5760571532,11795547515,274404451
20190604,"13:32:59","SZ","NB",6346897520,6365044884,12711942404,-18147364
20190604,"13:33:59","SH","NB",6059721262,5793328651,11853049913,266392611
20190604,"13:33:59","SZ","NB",6372051124,6393662886,12765714010,-21611762
20190604,"13:34:59","SZ","NB",6399182647,6419647795,12818830442,-20465148
20190604,"13:34:59","SH","NB",6087709715,5824784287,11912494002,262925428
20190604,"13:35:59","SH","NB",6139180137,5850755069,11989935206,288425068
20190604,"13:35:59","SZ","NB",6447894243,6446228376,12894122619,1665867
20190604,"13:36:59","SH","NB",6204861226,5879325171,12084186397,325536055
20190604,"13:36:59","SZ","NB",6487271541,6465393704,12952665245,21877837
20190604,"13:37:59","SH","NB",6223566239,5901063310,12124629549,322502929
20190604,"13:37:59","SZ","NB",6501895488,6489164475,12991059963,12731013
20190604,"13:38:59","SH","NB",6243936980,5926674257,12170611237,317262723
20190604,"13:38:59","SZ","NB",6518269114,6529268201,13047537315,-10999087
20190604,"13:39:59","SH","NB",6271202134,5956669630,12227871764,314532504
20190604,"13:39:59","SZ","NB",6534450761,6553968740,13088419501,-19517979
20190604,"13:40:59","SZ","NB",6555662839,6573962443,13129625282,-18299604
20190604,"13:40:59","SH","NB",6295662493,5975272240,12270934733,320390253
20190604,"13:41:59","SH","NB",6332749621,5997921846,12330671467,334827775
20190604,"13:41:59","SZ","NB",6591454759,6591982054,13183436813,-527295
20190604,"13:42:59","SH","NB",6360787200,6013859287,12374646487,346927913
20190604,"13:42:59","SZ","NB",6606862258,6607338945,13214201203,-476687
20190604,"13:43:59","SH","NB",6381182850,6031487555,12412670405,349695295
20190604,"13:43:59","SZ","NB",6624349267,6625177036,13249526303,-827769
20190604,"13:44:59","SH","NB",6429459660,6057625616,12487085276,371834044
20190604,"13:44:59","SZ","NB",6653337271,6646968841,13300306112,6368430
20190604,"13:45:59","SH","NB",6464509794,6081062624,12545572418,383447170
20190604,"13:45:59","SZ","NB",6669555155,6667834356,13337389511,1720799
20190604,"13:46:59","SH","NB",6486189218,6121252373,12607441591,364936845
20190604,"13:46:59","SZ","NB",6686072444,6713135094,13399207538,-27062650
20190604,"13:47:59","SZ","NB",6701709811,6734927091,13436636902,-33217280
20190604,"13:47:59","SH","NB",6506520523,6143371473,12649891996,363149050
20190604,"13:48:59","SH","NB",6527990674,6163886457,12691877131,364104217
20190604,"13:48:59","SZ","NB",6717817457,6754945569,13472763026,-37128112
20190604,"13:49:59","SH","NB",6547003610,6188427855,12735431465,358575755
20190604,"13:49:59","SZ","NB",6736250294,6768831546,13505081840,-32581252
20190604,"13:50:59","SH","NB",6569610785,6210777117,12780387902,358833668
20190604,"13:50:59","SZ","NB",6752773304,6783880348,13536653652,-31107044
20190604,"13:51:59","SH","NB",6593826473,6233719747,12827546220,360106726
20190604,"13:51:59","SZ","NB",6772095450,6810114485,13582209935,-38019035
20190604,"13:52:59","SH","NB",6617437421,6265189406,12882626827,352248015
20190604,"13:52:59","SZ","NB",6791553267,6832166744,13623720011,-40613477
20190604,"13:53:59","SH","NB",6714298587,6303284022,13017582609,411014565
20190604,"13:53:59","SZ","NB",6861117319,6867446095,13728563414,-6328776
20190604,"13:54:59","SH","NB",6741913878,6333289343,13075203221,408624535
20190604,"13:54:59","SZ","NB",6878003426,6895275666,13773279092,-17272240
20190604,"13:56:00","SH","NB",6773546928,6369219950,13142766878,404326978
20190604,"13:56:00","SZ","NB",6893639332,6914922714,13808562046,-21283382
20190604,"13:56:59","SZ","NB",6912056807,6940225259,13852282066,-28168452
20190604,"13:56:59","SH","NB",6797718495,6398677933,13196396428,399040562
20190604,"13:57:59","SH","NB",6817872110,6418689873,13236561983,399182237
20190604,"13:57:59","SZ","NB",6924828646,6958388986,13883217632,-33560340
20190604,"13:58:59","SH","NB",6842671578,6452033570,13294705148,390638008
20190604,"13:58:59","SZ","NB",6938970640,6972171787,13911142427,-33201147
20190604,"13:59:59","SH","NB",6861497676,6478954179,13340451855,382543497
20190604,"13:59:59","SZ","NB",6950778609,6987843675,13938622284,-37065066
20190604,"14:00:59","SH","NB",6885886814,6496584707,13382471521,389302107
20190604,"14:00:59","SZ","NB",6964032749,7005131346,13969164095,-41098597
20190604,"14:01:59","SZ","NB",6985085714,7037539114,14022624828,-52453400
20190604,"14:01:59","SH","NB",6911457645,6523008601,13434466246,388449044
20190604,"14:02:59","SH","NB",6931318899,6546894819,13478213718,384424080
20190604,"14:02:59","SZ","NB",7001591390,7080204695,14081796085,-78613305
20190604,"14:03:59","SH","NB",6954995979,6575269503,13530265482,379726476
20190604,"14:03:59","SZ","NB",7018418795,7122312511,14140731306,-103893716
20190604,"14:04:59","SH","NB",6996716222,6601046505,13597762727,395669717
20190604,"14:04:59","SZ","NB",7047232658,7154968812,14202201470,-107736154
20190604,"14:05:59","SZ","NB",7071561548,7190734052,14262295600,-119172504
20190604,"14:05:59","SH","NB",7028663881,6630482289,13659146170,398181592
20190604,"14:06:59","SH","NB",7054272913,6674392558,13728665471,379880355
20190604,"14:06:59","SZ","NB",7089414738,7237657424,14327072162,-148242686
20190604,"14:07:59","SH","NB",7090423594,6706243888,13796667482,384179706
20190604,"14:07:59","SZ","NB",7119887577,7270306608,14390194185,-150419031
20190604,"14:08:59","SH","NB",7119202220,6748301643,13867503863,370900577
20190604,"14:08:59","SZ","NB",7156250724,7298145408,14454396132,-141894684
20190604,"14:09:59","SH","NB",7192203225,6786368430,13978571655,405834795
20190604,"14:09:59","SZ","NB",7220900692,7327235126,14548135818,-106334434
20190604,"14:10:59","SH","NB",7214395249,6819815758,14034211007,394579491
20190604,"14:10:59","SZ","NB",7242219853,7350101471,14592321324,-107881618
20190604,"14:11:59","SH","NB",7262074261,6849263749,14111338010,412810512
20190604,"14:11:59","SZ","NB",7276961739,7369321827,14646283566,-92360088
20190604,"14:12:59","SZ","NB",7291624848,7389165244,14680790092,-97540396
20190604,"14:12:59","SH","NB",7288988746,6880781856,14169770602,408206890
20190604,"14:13:59","SH","NB",7307273693,6913152411,14220426104,394121282
20190604,"14:13:59","SZ","NB",7306393118,7412113413,14718506531,-105720295
20190604,"14:14:59","SH","NB",7327894615,6941101050,14268995665,386793565
20190604,"14:14:59","SZ","NB",7319595199,7437605762,14757200961,-118010563
20190604,"14:15:59","SH","NB",7356964517,6972870033,14329834550,384094484
20190604,"14:15:59","SZ","NB",7335261709,7458283410,14793545119,-123021701
20190604,"14:17:00","SH","NB",7432467779,7004109992,14436577771,428357787
20190604,"14:17:00","SZ","NB",7384425403,7483126064,14867551467,-98700661
20190604,"14:18:00","SH","NB",7490303973,7045090897,14535394870,445213076
20190604,"14:18:00","SZ","NB",7418026396,7506635416,14924661812,-88609020
20190604,"14:18:59","SZ","NB",7432510632,7526650394,14959161026,-94139762
20190604,"14:18:59","SH","NB",7517840845,7093833739,14611674584,424007106
20190604,"14:19:59","SH","NB",7544350138,7127861524,14672211662,416488614
20190604,"14:19:59","SZ","NB",7449015657,7550931620,14999947277,-101915963
20190604,"14:20:59","SH","NB",7573835915,7175533661,14749369576,398302254
20190604,"14:20:59","SZ","NB",7463908049,7587791470,15051699519,-123883421
20190604,"14:21:59","SH","NB",7604195398,7206613990,14810809388,397581408
20190604,"14:21:59","SZ","NB",7479897570,7614362985,15094260555,-134465415
20190604,"14:22:59","SZ","NB",7511811344,7642923319,15154734663,-131111975
20190604,"14:22:59","SH","NB",7663787060,7236015684,14899802744,427771376
20190604,"14:23:59","SH","NB",7698175945,7288448170,14986624115,409727775
20190604,"14:23:59","SZ","NB",7527552397,7662175041,15189727438,-134622644
20190604,"14:25:00","SH","NB",7734916337,7314413768,15049330105,420502569
20190604,"14:25:00","SZ","NB",7547146880,7685928177,15233075057,-138781297
20190604,"14:25:59","SH","NB",7793784406,7335560524,15129344930,458223882
20190604,"14:25:59","SZ","NB",7605658194,7708707527,15314365721,-103049333
20190604,"14:26:59","SH","NB",7827889863,7358380393,15186270256,469509470
20190604,"14:26:59","SZ","NB",7624198923,7730797187,15354996110,-106598264
20190604,"14:28:00","SH","NB",7850853979,7384316543,15235170522,466537436
20190604,"14:28:00","SZ","NB",7638794438,7758579459,15397373897,-119785021
20190604,"14:28:59","SH","NB",7890656279,7411263778,15301920057,479392501
20190604,"14:28:59","SZ","NB",7671486284,7780004543,15451490827,-108518259
20190604,"14:29:59","SH","NB",7918669981,7431742649,15350412630,486927332
20190604,"14:29:59","SZ","NB",7688796816,7799190316,15487987132,-110393500
20190604,"14:30:59","SZ","NB",7708533999,7836078158,15544612157,-127544159
20190604,"14:30:59","SH","NB",7945692862,7466663255,15412356117,479029607
20190604,"14:31:59","SH","NB",7971033299,7494015622,15465048921,477017677
20190604,"14:31:59","SZ","NB",7732726640,7864380780,15597107420,-131654140
20190604,"14:32:59","SH","NB",8005935367,7522437776,15528373143,483497591
20190604,"14:32:59","SZ","NB",7753779021,7901939831,15655718852,-148160810
20190604,"14:34:00","SH","NB",8046270029,7551408224,15597678253,494861805
20190604,"14:34:00","SZ","NB",7782110234,7939998804,15722109038,-157888570
20190604,"14:34:59","SH","NB",8108881923,7593400101,15702282024,515481822
20190604,"14:34:59","SZ","NB",7819068196,7969132249,15788200445,-150064053
20190604,"14:35:59","SH","NB",8162742678,7620699269,15783441947,542043409
20190604,"14:35:59","SZ","NB",7853441545,7999128054,15852569599,-145686509
20190604,"14:36:59","SH","NB",8214907868,7748512446,15963420314,466395422
20190604,"14:36:59","SZ","NB",7879482641,8153359024,16032841665,-273876383
20190604,"14:37:59","SZ","NB",7922601434,8339934021,16262535455,-417332587
20190604,"14:37:59","SH","NB",8280144710,7915746748,16195891458,364397962
20190604,"14:38:59","SH","NB",8434985723,7973896311,16408882034,461089412
20190604,"14:38:59","SZ","NB",8049669378,8400360922,16450030300,-350691544
20190604,"14:40:00","SH","NB",8496237890,8006867619,16503105509,489370271
20190604,"14:40:00","SZ","NB",8090461470,8428124101,16518585571,-337662631
20190604,"14:40:59","SH","NB",8590948092,8044681967,16635630059,546266125
20190604,"14:40:59","SZ","NB",8161477581,8462607202,16624084783,-301129621
20190604,"14:41:59","SH","NB",8654784817,8078342949,16733127766,576441868
20190604,"14:41:59","SZ","NB",8226125801,8498110488,16724236289,-271984687
20190604,"14:42:59","SH","NB",8700053880,8110878776,16810932656,589175104
20190604,"14:42:59","SZ","NB",8253957188,8536087498,16790044686,-282130310
20190604,"14:43:59","SH","NB",8765851142,8144389836,16910240978,621461306
20190604,"14:43:59","SZ","NB",8299044477,8570608320,16869652797,-271563843
20190604,"14:44:59","SH","NB",8826741457,8180412600,17007154057,646328857
20190604,"14:44:59","SZ","NB",8341284383,8597382318,16938666701,-256097935
20190604,"14:45:59","SH","NB",8956685756,8216107583,17172793339,740578173
20190604,"14:45:59","SZ","NB",8450714268,8640886711,17091600979,-190172443
20190604,"14:46:59","SH","NB",9065939280,8250358851,17316298131,815580429
20190604,"14:46:59","SZ","NB",8557542512,8672178879,17229721391,-114636367
20190604,"14:47:59","SZ","NB",8601599673,8723174954,17324774627,-121575281
20190604,"14:47:59","SH","NB",9137648929,8308392208,17446041137,829256721
20190604,"14:48:59","SH","NB",9181118452,8353299994,17534418446,827818458
20190604,"14:48:59","SZ","NB",8634863194,8770192300,17405055494,-135329106
20190604,"14:49:59","SZ","NB",8682765848,8808541353,17491307201,-125775505
20190604,"14:49:59","SH","NB",9227321926,8400219014,17627540940,827102912
20190604,"14:51:00","SH","NB",9302558816,8451774018,17754332834,850784798
20190604,"14:51:00","SZ","NB",8735210796,8865346385,17600557181,-130135589
20190604,"14:51:59","SH","NB",9354724124,8493117325,17847841449,861606799
20190604,"14:51:59","SZ","NB",8767404659,8902822456,17670227115,-135417797
20190604,"14:52:59","SH","NB",9450315597,8547013785,17997329382,903301812
20190604,"14:52:59","SZ","NB",8813045787,8947795529,17760841316,-134749742
20190604,"14:53:59","SH","NB",9546871508,8592617596,18139489104,954253912
20190604,"14:53:59","SZ","NB",8861235405,8985935600,17847171005,-124700195
20190604,"14:54:59","SH","NB",9687238272,8643221624,18330459896,1044016648
20190604,"14:54:59","SZ","NB",8927503308,9029618371,17957121679,-102115063
20190604,"14:55:59","SH","NB",9779015118,8688276838,18467291956,1090738280
20190604,"14:55:59","SZ","NB",8970658027,9064446266,18035104293,-93788239
20190604,"14:56:59","SH","NB",9849101230,8734150649,18583251879,1114950581
20190604,"14:56:59","SZ","NB",9001635020,9102155037,18103790057,-100520017
20190604,"14:57:59","SH","NB",9849159828,8734154887,18583314715,1115004941
20190604,"14:57:59","SZ","NB",9001642763,9102155037,18103797800,-100512274
20190604,"15:00:59","SH","NB",9962236227,8823565979,18785802206,1138670248
20190604,"15:00:59","SZ","NB",9073133497,9147534942,18220668439,-74401445
