dataDate,dataTime,connectMarket,tradeDirection,buyTurnover,sellTurnover,totalTurnover,netTurnover
20201110,"09:30:02","SH","NB",451184377,297844862,749029239,153339515
20201110,"09:30:02","SZ","NB",294628916,388617619,683246535,-93988703
20201110,"09:31:01","SH","NB",1038626013,1113497517,2152123530,-74871504
20201110,"09:31:01","SZ","NB",1007223804,1712284015,2719507819,-705060211
20201110,"09:32:01","SH","NB",1576421503,1539754592,3116176095,36666911
20201110,"09:32:01","SZ","NB",1651997945,2415175666,4067173611,-763177721
20201110,"09:33:01","SH","NB",1900446108,1847371928,3747818036,53074180
20201110,"09:33:01","SZ","NB",2052415876,2971426593,5023842469,-919010717
20201110,"09:34:01","SH","NB",2192712487,2142006845,4334719332,50705642
20201110,"09:34:01","SZ","NB",2455340685,3563668359,6019009044,-1108327674
20201110,"09:35:01","SZ","NB",2942295846,4054942748,6997238594,-1112646902
20201110,"09:35:01","SH","NB",2673860109,2382067263,5055927372,291792846
20201110,"09:36:01","SH","NB",3061918928,2639348062,5701266990,422570866
20201110,"09:36:01","SZ","NB",3342080689,4590652739,7932733428,-1248572050
20201110,"09:37:01","SH","NB",3468881207,3017926594,6486807801,450954613
20201110,"09:37:01","SZ","NB",3754388757,5394043861,9148432618,-1639655104
20201110,"09:38:01","SH","NB",3711677239,3303325436,7015002675,408351803
20201110,"09:38:01","SZ","NB",4115717291,5861179612,9976896903,-1745462321
20201110,"09:39:01","SH","NB",3997689413,3533869588,7531559001,463819825
20201110,"09:39:01","SZ","NB",4617004289,6187467769,10804472058,-1570463480
20201110,"09:40:01","SH","NB",4228570958,3787481397,8016052355,441089561
20201110,"09:40:01","SZ","NB",4930902045,6580223236,11511125281,-1649321191
20201110,"09:41:01","SH","NB",4585444140,4035257260,8620701400,550186880
20201110,"09:41:01","SZ","NB",5386413309,6998033765,12384447074,-1611620456
20201110,"09:42:01","SH","NB",4822320800,4287029400,9109350200,535291400
20201110,"09:42:01","SZ","NB",5736808701,7364166178,13100974879,-1627357477
20201110,"09:43:01","SZ","NB",5992905876,7697982569,13690888445,-1705076693
20201110,"09:43:01","SH","NB",4986663638,4534910985,9521574623,451752653
20201110,"09:44:01","SH","NB",5146334355,4740695654,9887030009,405638701
20201110,"09:44:01","SZ","NB",6172679119,8075154382,14247833501,-1902475263
20201110,"09:45:01","SH","NB",5285957847,4916828257,10202786104,369129590
20201110,"09:45:01","SZ","NB",6353141967,8442200398,14795342365,-2089058431
20201110,"09:46:01","SH","NB",5536541911,5205671507,10742213418,330870404
20201110,"09:46:01","SZ","NB",6627809331,9046941714,15674751045,-2419132383
20201110,"09:47:01","SH","NB",5811533035,5383780176,11195313211,427752859
20201110,"09:47:01","SZ","NB",6934785303,9402598846,16337384149,-2467813543
20201110,"09:48:01","SH","NB",6019308692,5496423257,11515731949,522885435
20201110,"09:48:01","SZ","NB",7179697073,9648266783,16827963856,-2468569710
20201110,"09:49:01","SH","NB",6279443928,5667400263,11946844191,612043665
20201110,"09:49:01","SZ","NB",7460579911,9966584062,17427163973,-2506004151
20201110,"09:50:01","SH","NB",6507387022,5842788787,12350175809,664598235
20201110,"09:50:01","SZ","NB",7613940321,10335988146,17949928467,-2722047825
20201110,"09:51:01","SH","NB",6756289618,5999454001,12755743619,756835617
20201110,"09:51:01","SZ","NB",7931443122,10618770360,18550213482,-2687327238
20201110,"09:52:01","SZ","NB",8126547672,10870835878,18997383550,-2744288206
20201110,"09:52:01","SH","NB",6938333168,6136953376,13075286544,801379792
20201110,"09:53:01","SH","NB",7087665519,6250738856,13338404375,836926663
20201110,"09:53:01","SZ","NB",8357218208,11039499822,19396718030,-2682281614
20201110,"09:54:01","SH","NB",7240046825,6471098359,13711145184,768948466
20201110,"09:54:01","SZ","NB",8514894186,11416128943,19931023129,-2901234757
20201110,"09:55:01","SH","NB",7344526130,6620069985,13964596115,724456145
20201110,"09:55:01","SZ","NB",8660658207,11672937633,20333595840,-3012279426
20201110,"09:56:01","SH","NB",7543506108,6820956206,14364462314,722549902
20201110,"09:56:01","SZ","NB",8958877384,11962745521,20921622905,-3003868137
20201110,"09:57:01","SH","NB",7680605406,6983709202,14664314608,696896204
20201110,"09:57:01","SZ","NB",9118468842,12277465345,21395934187,-3158996503
20201110,"09:58:01","SH","NB",7844294719,7143436740,14987731459,700857979
20201110,"09:58:01","SZ","NB",9372565399,12490778393,21863343792,-3118212994
20201110,"09:59:01","SH","NB",7963967430,7331103653,15295071083,632863777
20201110,"09:59:01","SZ","NB",9562256922,12749805608,22312062530,-3187548686
20201110,"10:00:01","SZ","NB",9816360768,12953997307,22770358075,-3137636539
20201110,"10:00:01","SH","NB",8140081116,7522088682,15662169798,617992434
20201110,"10:01:01","SH","NB",8479904024,7817901326,16297805350,662002698
20201110,"10:01:01","SZ","NB",10397635712,13323559270,23721194982,-2925923558
20201110,"10:02:01","SH","NB",8657054064,7982539713,16639593777,674514351
20201110,"10:02:01","SZ","NB",10650679914,13571075363,24221755277,-2920395449
20201110,"10:03:01","SH","NB",8852160688,8067381866,16919542554,784778822
20201110,"10:03:01","SZ","NB",10930952556,13714791447,24645744003,-2783838891
20201110,"10:04:01","SH","NB",9049554261,8187036516,17236590777,862517745
20201110,"10:04:01","SZ","NB",11126648499,13934872729,25061521228,-2808224230
20201110,"10:05:01","SH","NB",9180309832,8309334282,17489644114,870975550
20201110,"10:05:01","SZ","NB",11270762149,14124782507,25395544656,-2854020358
20201110,"10:06:01","SZ","NB",11472827395,14261013462,25733840857,-2788186067
20201110,"10:06:01","SH","NB",9331270145,8429418623,17760688768,901851522
20201110,"10:07:01","SH","NB",9489302100,8615351979,18104654079,873950121
20201110,"10:07:01","SZ","NB",11652499509,14528243576,26180743085,-2875744067
20201110,"10:08:01","SH","NB",9611728904,8759017729,18370746633,852711175
20201110,"10:08:01","SZ","NB",11803368760,14755056197,26558424957,-2951687437
20201110,"10:09:01","SH","NB",9727605351,8934458448,18662063799,793146903
20201110,"10:09:01","SZ","NB",11932994946,15027547001,26960541947,-3094552055
20201110,"10:10:01","SH","NB",9845439732,9012355272,18857795004,833084460
20201110,"10:10:01","SZ","NB",12147969733,15167610139,27315579872,-3019640406
20201110,"10:11:01","SH","NB",10073647741,9125856393,19199504134,947791348
20201110,"10:11:01","SZ","NB",12467906714,15385951274,27853857988,-2918044560
20201110,"10:12:01","SH","NB",10204467221,9386935672,19591402893,817531549
20201110,"10:12:01","SZ","NB",12637064208,15770074832,28407139040,-3133010624
20201110,"10:13:01","SH","NB",10307861072,9453061454,19760922526,854799618
20201110,"10:13:01","SZ","NB",12804416231,15913437837,28717854068,-3109021606
20201110,"10:14:01","SZ","NB",12964565557,16050883582,29015449139,-3086318025
20201110,"10:14:01","SH","NB",10403577250,9546674556,19950251806,856902694
20201110,"10:15:01","SH","NB",10483299503,9672901376,20156200879,810398127
20201110,"10:15:01","SZ","NB",13077186598,16244171563,29321358161,-3166984965
20201110,"10:16:01","SH","NB",10566579659,9796306979,20362886638,770272680
20201110,"10:16:01","SZ","NB",13189872367,16425894707,29615767074,-3236022340
20201110,"10:17:01","SH","NB",10646883531,9885868909,20532752440,761014622
20201110,"10:17:01","SZ","NB",13278045025,16592678504,29870723529,-3314633479
20201110,"10:18:01","SH","NB",10711687673,9974892682,20686580355,736794991
20201110,"10:18:01","SZ","NB",13372390561,16779386181,30151776742,-3406995620
20201110,"10:19:01","SH","NB",10793886327,10058841084,20852727411,735045243
20201110,"10:19:01","SZ","NB",13477467938,16925366757,30402834695,-3447898819
20201110,"10:20:01","SZ","NB",13561667656,17035401477,30597069133,-3473733821
20201110,"10:20:01","SH","NB",10877106008,10123646713,21000752721,753459295
20201110,"10:21:01","SH","NB",11056112394,10291877682,21347990076,764234712
20201110,"10:21:01","SZ","NB",13832065984,17289984200,31122050184,-3457918216
20201110,"10:22:01","SH","NB",11242874166,10378687138,21621561304,864187028
20201110,"10:22:01","SZ","NB",14051157226,17407060626,31458217852,-3355903400
20201110,"10:23:01","SH","NB",11339611860,10464885616,21804497476,874726244
20201110,"10:23:01","SZ","NB",14151813322,17525597503,31677410825,-3373784181
20201110,"10:24:01","SZ","NB",14246336859,17710730377,31957067236,-3464393518
20201110,"10:24:01","SH","NB",11407085620,10567102654,21974188274,839982966
20201110,"10:25:01","SH","NB",11479749031,10660714405,22140463436,819034626
20201110,"10:25:01","SZ","NB",14316833315,17904950411,32221783726,-3588117096
20201110,"10:26:01","SH","NB",11560489284,10739976478,22300465762,820512806
20201110,"10:26:01","SZ","NB",14444877461,18024633591,32469511052,-3579756130
20201110,"10:27:01","SH","NB",11624969365,10808383091,22433352456,816586274
20201110,"10:27:01","SZ","NB",14520266721,18168377322,32688644043,-3648110601
20201110,"10:28:01","SH","NB",11703822062,10958413633,22662235695,745408429
20201110,"10:28:01","SZ","NB",14598243942,18371224417,32969468359,-3772980475
20201110,"10:29:01","SH","NB",11805024925,11014150612,22819175537,790874313
20201110,"10:29:01","SZ","NB",14722388562,18462784104,33185172666,-3740395542
20201110,"10:30:01","SZ","NB",14818071170,18568232550,33386303720,-3750161380
20201110,"10:30:01","SH","NB",11888555882,11098540594,22987096476,790015288
20201110,"10:31:01","SH","NB",12123596240,11171910238,23295506478,951686002
20201110,"10:31:01","SZ","NB",15086141342,18703571776,33789713118,-3617430434
20201110,"10:32:01","SH","NB",12208138674,11277624897,23485763571,930513777
20201110,"10:32:01","SZ","NB",15197062467,18909383684,34106446151,-3712321217
20201110,"10:33:01","SH","NB",12308560662,11336264057,23644824719,972296605
20201110,"10:33:01","SZ","NB",15325998077,19012188187,34338186264,-3686190110
20201110,"10:34:01","SH","NB",12388909169,11388032397,23776941566,1000876772
20201110,"10:34:01","SZ","NB",15425368860,19094518049,34519886909,-3669149189
20201110,"10:35:01","SH","NB",12463835387,11450524089,23914359476,1013311298
20201110,"10:35:01","SZ","NB",15524573986,19200899493,34725473479,-3676325507
20201110,"10:36:01","SH","NB",12526340055,11528435521,24054775576,997904534
20201110,"10:36:01","SZ","NB",15614672957,19327553881,34942226838,-3712880924
20201110,"10:37:01","SH","NB",12593372149,11743109372,24336481521,850262777
20201110,"10:37:01","SZ","NB",15687226130,19540885506,35228111636,-3853659376
20201110,"10:38:01","SH","NB",12658096840,11798341595,24456438435,859755245
20201110,"10:38:01","SZ","NB",15765812902,19626255424,35392068326,-3860442522
20201110,"10:39:01","SZ","NB",15880417635,19737938465,35618356100,-3857520830
20201110,"10:39:01","SH","NB",12749089295,11853027552,24602116847,896061743
20201110,"10:40:01","SH","NB",12810785193,11917553544,24728338737,893231649
20201110,"10:40:01","SZ","NB",15986360979,19832497547,35818858526,-3846136568
20201110,"10:41:01","SH","NB",13031701068,12158883938,25190585006,872817130
20201110,"10:41:01","SZ","NB",16425370473,20072014342,36497384815,-3646643869
20201110,"10:42:01","SH","NB",13103380131,12302105160,25405485291,801274971
20201110,"10:42:01","SZ","NB",16531027851,20243416484,36774444335,-3712388633
20201110,"10:43:01","SH","NB",13164337657,12422873726,25587211383,741463931
20201110,"10:43:01","SZ","NB",16606345241,20439710227,37046055468,-3833364986
20201110,"10:44:01","SH","NB",13220617056,12534139836,25754756892,686477220
20201110,"10:44:01","SZ","NB",16666325418,20608224619,37274550037,-3941899201
20201110,"10:45:01","SH","NB",13275908060,12584012800,25859920860,691895260
20201110,"10:45:01","SZ","NB",16743507569,20682272724,37425780293,-3938765155
20201110,"10:46:01","SH","NB",13343790087,12627057401,25970847488,716732686
20201110,"10:46:01","SZ","NB",16801968914,20750092072,37552060986,-3948123158
20201110,"10:47:01","SZ","NB",16879058374,20852598856,37731657230,-3973540482
20201110,"10:47:01","SH","NB",13395207617,12698725362,26093932979,696482255
20201110,"10:48:01","SH","NB",13444347108,12751826242,26196173350,692520866
20201110,"10:48:01","SZ","NB",16952402808,20920577077,37872979885,-3968174269
20201110,"10:49:01","SZ","NB",17017978954,21122335048,38140314002,-4104356094
20201110,"10:49:01","SH","NB",13495616159,12890360266,26385976425,605255893
20201110,"10:50:01","SH","NB",13548480156,12936042642,26484522798,612437514
20201110,"10:50:01","SZ","NB",17092210053,21202632839,38294842892,-4110422786
20201110,"10:51:03","SH","NB",13730026867,12990497629,26720524496,739529238
20201110,"10:51:03","SZ","NB",17334546626,21306430135,38640976761,-3971883509
20201110,"10:52:01","SH","NB",13809729387,13059123933,26868853320,750605454
20201110,"10:52:01","SZ","NB",17419297399,21468553616,38887851015,-4049256217
20201110,"10:53:01","SH","NB",13866419276,13142326286,27008745562,724092990
20201110,"10:53:01","SZ","NB",17488947157,21621913657,39110860814,-4132966500
20201110,"10:54:01","SH","NB",13916381675,13184348532,27100730207,732033143
20201110,"10:54:01","SZ","NB",17537442729,21726983369,39264426098,-4189540640
20201110,"10:55:01","SH","NB",13958134298,13257827406,27215961704,700306892
20201110,"10:55:01","SZ","NB",17594468118,21866050062,39460518180,-4271581944
20201110,"10:56:01","SH","NB",14006441660,13367750480,27374192140,638691180
20201110,"10:56:01","SZ","NB",17661422882,22033501459,39694924341,-4372078577
20201110,"10:57:01","SH","NB",14063750140,13493971105,27557721245,569779035
20201110,"10:57:01","SZ","NB",17715975250,22226751716,39942726966,-4510776466
20201110,"10:58:01","SZ","NB",17785275006,22286762186,40072037192,-4501487180
20201110,"10:58:01","SH","NB",14127324011,13545873333,27673197344,581450678
20201110,"10:59:01","SH","NB",14176094669,13600241531,27776336200,575853138
20201110,"10:59:01","SZ","NB",17853212572,22384128508,40237341080,-4530915936
20201110,"11:00:01","SH","NB",14234276269,13650159954,27884436223,584116315
20201110,"11:00:01","SZ","NB",17933436638,22444276822,40377713460,-4510840184
20201110,"11:01:01","SH","NB",14359277411,13734990367,28094267778,624287044
20201110,"11:01:01","SZ","NB",18083265142,22574319257,40657584399,-4491054115
20201110,"11:02:01","SH","NB",14424268337,13810244226,28234512563,614024111
20201110,"11:02:01","SZ","NB",18159481100,22679162190,40838643290,-4519681090
20201110,"11:03:01","SZ","NB",18232349596,22783354604,41015704200,-4551005008
20201110,"11:03:01","SH","NB",14469482918,13858300478,28327783396,611182440
20201110,"11:04:01","SH","NB",14546361979,13907336467,28453698446,639025512
20201110,"11:04:01","SZ","NB",18321212922,22858325551,41179538473,-4537112629
20201110,"11:05:01","SH","NB",14617349766,13945952613,28563302379,671397153
20201110,"11:05:01","SZ","NB",18390385845,22930792685,41321178530,-4540406840
20201110,"11:06:01","SH","NB",14676392961,14037119342,28713512303,639273619
20201110,"11:06:01","SZ","NB",18442366247,23041078972,41483445219,-4598712725
20201110,"11:07:01","SH","NB",14724420262,14107080025,28831500287,617340237
20201110,"11:07:01","SZ","NB",18496748574,23108327880,41605076454,-4611579306
20201110,"11:08:01","SH","NB",14773241409,14181683582,28954924991,591557827
20201110,"11:08:01","SZ","NB",18557024000,23184282510,41741306510,-4627258510
20201110,"11:09:01","SH","NB",14823771450,14234520568,29058292018,589250882
20201110,"11:09:01","SZ","NB",18623822493,23265647796,41889470289,-4641825303
20201110,"11:10:01","SH","NB",14869804316,14275402724,29145207040,594401592
20201110,"11:10:01","SZ","NB",18678563555,23313606797,41992170352,-4635043242
20201110,"11:11:01","SH","NB",15040631599,14349851314,29390482913,690780285
20201110,"11:11:01","SZ","NB",18882183251,23426164427,42308347678,-4543981176
20201110,"11:12:01","SZ","NB",18945109109,23537909135,42483018244,-4592800026
20201110,"11:12:01","SH","NB",15107830527,14438541136,29546371663,669289391
20201110,"11:13:01","SH","NB",15175151066,14475238803,29650389869,699912263
20201110,"11:13:01","SZ","NB",19001087843,23595595282,42596683125,-4594507439
20201110,"11:14:01","SH","NB",15233507515,14511553579,29745061094,721953936
20201110,"11:14:01","SZ","NB",19092762907,23648900314,42741663221,-4556137407
20201110,"11:15:01","SH","NB",15280771244,14542072700,29822843944,738698544
20201110,"11:15:01","SZ","NB",19153854933,23702207697,42856062630,-4548352764
20201110,"11:16:01","SH","NB",15353364200,14582564930,29935929130,770799270
20201110,"11:16:01","SZ","NB",19230237153,23756047611,42986284764,-4525810458
20201110,"11:17:01","SH","NB",15410202886,14632533625,30042736511,777669261
20201110,"11:17:01","SZ","NB",19287742925,23816704896,43104447821,-4528961971
20201110,"11:18:01","SH","NB",15456658468,14684883935,30141542403,771774533
20201110,"11:18:01","SZ","NB",19346314194,23877456890,43223771084,-4531142696
20201110,"11:19:01","SH","NB",15508097583,14788928445,30297026028,719169138
20201110,"11:19:01","SZ","NB",19409149715,24007103695,43416253410,-4597953980
20201110,"11:20:01","SZ","NB",19450258999,24075396158,43525655157,-4625137159
20201110,"11:20:01","SH","NB",15537430572,14838018380,30375448952,699412192
20201110,"11:21:01","SH","NB",15668522159,14897777179,30566299338,770744980
20201110,"11:21:01","SZ","NB",19631098012,24170999561,43802097573,-4539901549
20201110,"11:22:01","SH","NB",15730243792,14948803098,30679046890,781440694
20201110,"11:22:01","SZ","NB",19691564700,24235473762,43927038462,-4543909062
20201110,"11:23:01","SH","NB",15785256298,14983865313,30769121611,801390985
20201110,"11:23:01","SZ","NB",19758322816,24281999073,44040321889,-4523676257
20201110,"11:24:01","SH","NB",15828557362,15022868541,30851425903,805688821
20201110,"11:24:01","SZ","NB",19797840667,24336033616,44133874283,-4538192949
20201110,"11:25:01","SZ","NB",19871950341,24383058052,44255008393,-4511107711
20201110,"11:25:01","SH","NB",15876058784,15055831188,30931889972,820227596
20201110,"11:26:01","SH","NB",15913260921,15091253046,31004513967,822007875
20201110,"11:26:01","SZ","NB",19934218295,24431046473,44365264768,-4496828178
20201110,"11:27:01","SH","NB",15969869116,15116944939,31086814055,852924177
20201110,"11:27:01","SZ","NB",20000483482,24474951270,44475434752,-4474467788
20201110,"11:28:01","SZ","NB",20054170334,24523672753,44577843087,-4469502419
20201110,"11:28:01","SH","NB",16011136317,15151074685,31162211002,860061632
20201110,"11:29:01","SH","NB",16045616257,15183636800,31229253057,861979457
20201110,"11:29:01","SZ","NB",20093064445,24562032891,44655097336,-4468968446
20201110,"11:30:01","SH","NB",16078012076,15220756761,31298768837,857255315
20201110,"11:30:01","SZ","NB",20129136746,24606254902,44735391648,-4477118156
20201110,"13:00:01","SZ","NB",20134073868,24618394184,44752468052,-4484320316
20201110,"13:01:01","SH","NB",16207836612,15398794526,31606631138,809042086
20201110,"13:01:01","SZ","NB",20271972225,24900897065,45172869290,-4628924840
20201110,"13:02:01","SH","NB",16319702485,15483767523,31803470008,835934962
20201110,"13:02:01","SZ","NB",20360763612,25027484630,45388248242,-4666721018
20201110,"13:03:01","SH","NB",16394302506,15533335597,31927638103,860966909
20201110,"13:03:01","SZ","NB",20435694031,25113883148,45549577179,-4678189117
20201110,"13:04:01","SH","NB",16455339156,15608557087,32063896243,846782069
20201110,"13:04:01","SZ","NB",20484878665,25231839262,45716717927,-4746960597
20201110,"13:05:01","SZ","NB",20562781465,25311604524,45874385989,-4748823059
20201110,"13:05:01","SH","NB",16537794591,15674467886,32212262477,863326705
20201110,"13:06:01","SH","NB",16589844007,15718957497,32308801504,870886510
20201110,"13:06:01","SZ","NB",20615539741,25372746852,45988286593,-4757207111
20201110,"13:07:01","SH","NB",16671879260,15760453008,32432332268,911426252
20201110,"13:07:01","SZ","NB",20677439186,25444846132,46122285318,-4767406946
20201110,"13:08:01","SH","NB",16733930152,15812484617,32546414769,921445535
20201110,"13:08:01","SZ","NB",20748218768,25505811415,46254030183,-4757592647
20201110,"13:09:01","SH","NB",16789667921,15857639269,32647307190,932028652
20201110,"13:09:01","SZ","NB",20812740520,25566828301,46379568821,-4754087781
20201110,"13:10:01","SH","NB",16828970534,15896048420,32725018954,932922114
20201110,"13:10:01","SZ","NB",20894847187,25630055477,46524902664,-4735208290
20201110,"13:11:01","SH","NB",16935084838,15952598484,32887683322,982486354
20201110,"13:11:01","SZ","NB",21056640842,25717691476,46774332318,-4661050634
20201110,"13:12:01","SH","NB",16988478766,16022017312,33010496078,966461454
20201110,"13:12:01","SZ","NB",21106421711,25819969957,46926391668,-4713548246
20201110,"13:13:01","SZ","NB",21178062208,25894369283,47072431491,-4716307075
20201110,"13:13:01","SH","NB",17043679118,16065773809,33109452927,977905309
20201110,"13:14:01","SH","NB",17103136322,16142756349,33245892671,960379973
20201110,"13:14:01","SZ","NB",21248923671,26038974109,47287897780,-4790050438
20201110,"13:15:01","SH","NB",17173351088,16197994270,33371345358,975356818
20201110,"13:15:01","SZ","NB",21328839805,26116263548,47445103353,-4787423743
20201110,"13:16:01","SH","NB",17267201100,16234696121,33501897221,1032504979
20201110,"13:16:01","SZ","NB",21416596567,26160676943,47577273510,-4744080376
20201110,"13:17:01","SH","NB",17325571622,16272250646,33597822268,1053320976
20201110,"13:17:01","SZ","NB",21484838641,26220442380,47705281021,-4735603739
20201110,"13:18:01","SZ","NB",21554247624,26287919392,47842167016,-4733671768
20201110,"13:18:01","SH","NB",17402236825,16317121758,33719358583,1085115067
20201110,"13:19:01","SH","NB",17471592293,16365977206,33837569499,1105615087
20201110,"13:19:01","SZ","NB",21595410652,26339878701,47935289353,-4744468049
20201110,"13:20:01","SH","NB",17521728493,16424170247,33945898740,1097558246
20201110,"13:20:01","SZ","NB",21648581447,26422949732,48071531179,-4774368285
20201110,"13:21:01","SH","NB",17621558393,16497012535,34118570928,1124545858
20201110,"13:21:01","SZ","NB",21785985937,26535782527,48321768464,-4749796590
20201110,"13:22:01","SH","NB",17685748983,16544699547,34230448530,1141049436
20201110,"13:22:01","SZ","NB",21872447576,26606068264,48478515840,-4733620688
20201110,"13:23:01","SH","NB",17735102063,16593164236,34328266299,1141937827
20201110,"13:23:01","SZ","NB",21935096115,26674514510,48609610625,-4739418395
20201110,"13:24:01","SH","NB",17794759785,16649255501,34444015286,1145504284
20201110,"13:24:01","SZ","NB",22017386526,26745460295,48762846821,-4728073769
20201110,"13:25:01","SZ","NB",22065077843,26856258170,48921336013,-4791180327
20201110,"13:25:01","SH","NB",17848905302,16725900542,34574805844,1123004760
20201110,"13:26:01","SH","NB",17891472201,16775358925,34666831126,1116113276
20201110,"13:26:01","SZ","NB",22127918457,26938125554,49066044011,-4810207097
20201110,"13:27:01","SH","NB",17944565010,16837500984,34782065994,1107064026
20201110,"13:27:01","SZ","NB",22174716648,27032837645,49207554293,-4858120997
20201110,"13:28:01","SZ","NB",22211922790,27117998034,49329920824,-4906075244
20201110,"13:28:01","SH","NB",17994601646,16910315002,34904916648,1084286644
20201110,"13:29:01","SH","NB",18052293619,16960103160,35012396779,1092190459
20201110,"13:29:01","SZ","NB",22258148977,27190889570,49449038547,-4932740593
20201110,"13:30:01","SH","NB",18102946635,17007791885,35110738520,1095154750
20201110,"13:30:01","SZ","NB",22305523318,27272946401,49578469719,-4967423083
20201110,"13:31:01","SZ","NB",22383450421,27506433195,49889883616,-5122982774
20201110,"13:31:01","SH","NB",18179452664,17114211353,35293664017,1065241311
20201110,"13:32:01","SH","NB",18247270280,17186020031,35433290311,1061250249
20201110,"13:32:01","SZ","NB",22450358806,27615928969,50066287775,-5165570163
20201110,"13:33:01","SH","NB",18324409113,17252008880,35576417993,1072400233
20201110,"13:33:01","SZ","NB",22534630568,27729859352,50264489920,-5195228784
20201110,"13:34:01","SH","NB",18393904332,17320220019,35714124351,1073684313
20201110,"13:34:01","SZ","NB",22598299770,27826810107,50425109877,-5228510337
20201110,"13:35:01","SH","NB",18448626982,17374037841,35822664823,1074589141
20201110,"13:35:01","SZ","NB",22658389917,27904859722,50563249639,-5246469805
20201110,"13:36:01","SH","NB",18508913066,17434681529,35943594595,1074231537
20201110,"13:36:01","SZ","NB",22709108289,28007043902,50716152191,-5297935613
20201110,"13:37:01","SH","NB",18573706335,17514699404,36088405739,1059006931
20201110,"13:37:01","SZ","NB",22760236105,28106802824,50867038929,-5346566719
20201110,"13:38:01","SH","NB",18637827297,17564503369,36202330666,1073323928
20201110,"13:38:01","SZ","NB",22847552874,28181179136,51028732010,-5333626262
20201110,"13:39:01","SZ","NB",22921574794,28269196024,51190770818,-5347621230
20201110,"13:39:01","SH","NB",18693424317,17609112701,36302537018,1084311616
20201110,"13:40:01","SH","NB",18751261755,17684429593,36435691348,1066832162
20201110,"13:40:01","SZ","NB",22972032823,28389792837,51361825660,-5417760014
20201110,"13:41:01","SH","NB",18890984315,17759078611,36650062926,1131905704
20201110,"13:41:01","SZ","NB",23103828474,28507148680,51610977154,-5403320206
20201110,"13:42:01","SZ","NB",23154147852,28595082820,51749230672,-5440934968
20201110,"13:42:01","SH","NB",18940971361,17823912143,36764883504,1117059218
20201110,"13:43:01","SH","NB",19009730374,17897438209,36907168583,1112292165
20201110,"13:43:01","SZ","NB",23224631840,28700848690,51925480530,-5476216850
20201110,"13:44:01","SH","NB",19058567273,17946813535,37005380808,1111753738
20201110,"13:44:01","SZ","NB",23278553593,28771152425,52049706018,-5492598832
20201110,"13:45:01","SH","NB",19109075656,18017528806,37126604462,1091546850
20201110,"13:45:01","SZ","NB",23323227417,28843920378,52167147795,-5520692961
20201110,"13:46:01","SH","NB",19175761073,18076866274,37252627347,1098894799
20201110,"13:46:01","SZ","NB",23410965032,28907577384,52318542416,-5496612352
20201110,"13:47:01","SH","NB",19242821548,18109432998,37352254546,1133388550
20201110,"13:47:01","SZ","NB",23464335837,28956984396,52421320233,-5492648559
20201110,"13:48:01","SH","NB",19305012559,18149927758,37454940317,1155084801
20201110,"13:48:01","SZ","NB",23505606851,29013302884,52518909735,-5507696033
20201110,"13:49:01","SH","NB",19355032391,18198447547,37553479938,1156584844
20201110,"13:49:01","SZ","NB",23546080818,29076120436,52622201254,-5530039618
20201110,"13:50:01","SZ","NB",23594940560,29162555727,52757496287,-5567615167
20201110,"13:50:01","SH","NB",19404467532,18274784201,37679251733,1129683331
20201110,"13:51:01","SH","NB",19479321080,18447582061,37926903141,1031739019
20201110,"13:51:01","SZ","NB",23691378229,29396645262,53088023491,-5705267033
20201110,"13:52:01","SH","NB",19551187609,18514145517,38065333126,1037042092
20201110,"13:52:01","SZ","NB",23791450460,29475092630,53266543090,-5683642170
20201110,"13:53:01","SH","NB",19639688977,18570780932,38210469909,1068908045
20201110,"13:53:01","SZ","NB",23881693737,29537916218,53419609955,-5656222481
20201110,"13:54:01","SH","NB",19699074955,18621141754,38320216709,1077933201
20201110,"13:54:01","SZ","NB",23970732614,29580904176,53551636790,-5610171562
20201110,"13:55:01","SZ","NB",24025641469,29677332374,53702973843,-5651690905
20201110,"13:55:01","SH","NB",19763181130,18713630784,38476811914,1049550346
20201110,"13:56:01","SH","NB",19817280837,18771495113,38588775950,1045785724
20201110,"13:56:01","SZ","NB",24073706030,29729295167,53803001197,-5655589137
20201110,"13:57:01","SH","NB",19865243307,18808729757,38673973064,1056513550
20201110,"13:57:01","SZ","NB",24127112057,29777050988,53904163045,-5649938931
20201110,"13:58:01","SH","NB",19917697851,18858898928,38776596779,1058798923
20201110,"13:58:01","SZ","NB",24176815191,29841998132,54018813323,-5665182941
20201110,"13:59:01","SH","NB",19970147303,18997550069,38967697372,972597234
20201110,"13:59:01","SZ","NB",24228488045,30015366290,54243854335,-5786878245
20201110,"14:00:01","SH","NB",20032088971,19087222528,39119311499,944866443
20201110,"14:00:01","SZ","NB",24287088335,30170027406,54457115741,-5882939071
20201110,"14:01:01","SH","NB",20219864949,19193146021,39413010970,1026718928
20201110,"14:01:01","SZ","NB",24501494045,30315781510,54817275555,-5814287465
20201110,"14:02:01","SH","NB",20305673177,19227999334,39533672511,1077673843
20201110,"14:02:01","SZ","NB",24575246716,30373670503,54948917219,-5798423787
20201110,"14:03:01","SH","NB",20387623330,19281621779,39669245109,1106001551
20201110,"14:03:01","SZ","NB",24634756224,30448935120,55083691344,-5814178896
20201110,"14:04:01","SH","NB",20430991273,19319775378,39750766651,1111215895
20201110,"14:04:01","SZ","NB",24677210821,30507940195,55185151016,-5830729374
20201110,"14:05:01","SZ","NB",24721088898,30599539625,55320628523,-5878450727
20201110,"14:05:01","SH","NB",20482269798,19371797269,39854067067,1110472529
20201110,"14:06:01","SH","NB",20529359891,19428073842,39957433733,1101286049
20201110,"14:06:01","SZ","NB",24761018594,30670152073,55431170667,-5909133479
20201110,"14:07:01","SH","NB",20589095677,19467457410,40056553087,1121638267
20201110,"14:07:01","SZ","NB",24815561290,30724998245,55540559535,-5909436955
20201110,"14:08:01","SH","NB",20659280543,19503534575,40162815118,1155745968
20201110,"14:08:01","SZ","NB",24901476067,30777148275,55678624342,-5875672208
20201110,"14:09:01","SH","NB",20729648005,19570852792,40300500797,1158795213
20201110,"14:09:01","SZ","NB",24946197676,30892906784,55839104460,-5946709108
20201110,"14:10:01","SH","NB",20775903930,19621558398,40397462328,1154345532
20201110,"14:10:01","SZ","NB",24987802140,30951070762,55938872902,-5963268622
20201110,"14:11:01","SH","NB",20862782542,19722310775,40585093317,1140471767
20201110,"14:11:01","SZ","NB",25095238834,31103331316,56198570150,-6008092482
20201110,"14:12:01","SH","NB",20920643664,19782059896,40702703560,1138583768
20201110,"14:12:01","SZ","NB",25152372706,31176013182,56328385888,-6023640476
20201110,"14:13:01","SH","NB",20984714598,19826695382,40811409980,1158019216
20201110,"14:13:01","SZ","NB",25206680289,31234111932,56440792221,-6027431643
20201110,"14:14:01","SH","NB",21032113173,19864430263,40896543436,1167682910
20201110,"14:14:01","SZ","NB",25255486128,31293052032,56548538160,-6037565904
20201110,"14:15:01","SZ","NB",25309463879,31383927700,56693391579,-6074463821
20201110,"14:15:01","SH","NB",21072694095,19903655853,40976349948,1169038242
20201110,"14:16:01","SH","NB",21138311419,19943691999,41082003418,1194619420
20201110,"14:16:01","SZ","NB",25374773044,31450532545,56825305589,-6075759501
20201110,"14:17:01","SH","NB",21204237129,19993244175,41197481304,1210992954
20201110,"14:17:01","SZ","NB",25423367183,31526119549,56949486732,-6102752366
20201110,"14:18:01","SZ","NB",25466546933,31588304976,57054851909,-6121758043
20201110,"14:18:01","SH","NB",21253612056,20035224760,41288836816,1218387296
20201110,"14:19:01","SH","NB",21315893934,20084468014,41400361948,1231425920
20201110,"14:19:01","SZ","NB",25525586333,31663165082,57188751415,-6137578749
20201110,"14:20:01","SH","NB",21371557176,20127988517,41499545693,1243568659
20201110,"14:20:01","SZ","NB",25585980531,31753080352,57339060883,-6167099821
20201110,"14:21:01","SZ","NB",25705732013,31997832893,57703564906,-6292100880
20201110,"14:21:01","SH","NB",21490185592,20307379931,41797565523,1182805661
20201110,"14:22:01","SH","NB",21585324527,20367127182,41952451709,1218197345
20201110,"14:22:01","SZ","NB",25822286489,32100840352,57923126841,-6278553863
20201110,"14:23:01","SH","NB",21655514127,20409305748,42064819875,1246208379
20201110,"14:23:01","SZ","NB",25895866158,32168848032,58064714190,-6272981874
20201110,"14:24:01","SH","NB",21722437108,20488531290,42210968398,1233905818
20201110,"14:24:01","SZ","NB",25957334714,32287482224,58244816938,-6330147510
20201110,"14:25:01","SH","NB",21785340273,20661236428,42446576701,1124103845
20201110,"14:25:01","SZ","NB",26031506494,32464199012,58495705506,-6432692518
20201110,"14:26:01","SH","NB",21902856047,20711701721,42614557768,1191154326
20201110,"14:26:01","SZ","NB",26197456360,32528335733,58725792093,-6330879373
20201110,"14:27:01","SH","NB",21966824995,20758627713,42725452708,1208197282
20201110,"14:27:01","SZ","NB",26271241319,32600749535,58871990854,-6329508216
20201110,"14:28:01","SH","NB",22031919907,20798501319,42830421226,1233418588
20201110,"14:28:01","SZ","NB",26329456131,32651134185,58980590316,-6321678054
20201110,"14:29:01","SH","NB",22090376496,20842874661,42933251157,1247501835
20201110,"14:29:01","SZ","NB",26374116475,32708531545,59082648020,-6334415070
20201110,"14:30:01","SZ","NB",26433694457,32796120528,59229814985,-6362426071
20201110,"14:30:01","SH","NB",22135164926,20902860346,43038025272,1232304580
20201110,"14:31:01","SH","NB",22333539634,20978094813,43311634447,1355444821
20201110,"14:31:01","SZ","NB",26689630055,32914081687,59603711742,-6224451632
20201110,"14:32:01","SH","NB",22469220802,21047126189,43516346991,1422094613
20201110,"14:32:01","SZ","NB",26863507586,33002786332,59866293918,-6139278746
20201110,"14:33:01","SH","NB",22542600042,21106712195,43649312237,1435887847
20201110,"14:33:01","SZ","NB",26941368224,33099852837,60041221061,-6158484613
20201110,"14:34:01","SH","NB",22607324149,21168718147,43776042296,1438606002
20201110,"14:34:01","SZ","NB",27019537161,33203911074,60223448235,-6184373913
20201110,"14:35:01","SZ","NB",27075161283,33323744979,60398906262,-6248583696
20201110,"14:35:01","SH","NB",22672719503,21237155661,43909875164,1435563842
20201110,"14:36:01","SH","NB",22735967351,21284936488,44020903839,1451030863
20201110,"14:36:01","SZ","NB",27132445338,33402972320,60535417658,-6270526982
20201110,"14:37:01","SH","NB",22812135680,21326294468,44138430148,1485841212
20201110,"14:37:01","SZ","NB",27219871970,33454616038,60674488008,-6234744068
20201110,"14:38:01","SH","NB",22873501384,21371685530,44245186914,1501815854
20201110,"14:38:01","SZ","NB",27281611095,33514558122,60796169217,-6232947027
20201110,"14:39:01","SH","NB",22959046607,21415815025,44374861632,1543231582
20201110,"14:39:01","SZ","NB",27352417239,33575597627,60928014866,-6223180388
20201110,"14:40:01","SH","NB",23061215733,21454843854,44516059587,1606371879
20201110,"14:40:01","SZ","NB",27440442599,33626930244,61067372843,-6186487645
20201110,"14:41:01","SZ","NB",27620387826,33741444225,61361832051,-6121056399
20201110,"14:41:01","SH","NB",23229932775,21539777996,44769710771,1690154779
20201110,"14:42:01","SH","NB",23316944521,21601840384,44918784905,1715104137
20201110,"14:42:01","SZ","NB",27697551369,33817822542,61515373911,-6120271173
20201110,"14:43:01","SH","NB",23393050112,21656287574,45049337686,1736762538
20201110,"14:43:01","SZ","NB",27762414604,33917015219,61679429823,-6154600615
20201110,"14:44:01","SH","NB",23479396182,21711916363,45191312545,1767479819
20201110,"14:44:01","SZ","NB",27847382075,33995027007,61842409082,-6147644932
20201110,"14:45:01","SZ","NB",27952691286,34063651313,62016342599,-6110960027
20201110,"14:45:01","SH","NB",23562415289,21751798022,45314213311,1810617267
20201110,"14:46:01","SH","NB",23681966457,21792557363,45474523820,1889409094
20201110,"14:46:01","SZ","NB",28072155731,34150864437,62223020168,-6078708706
20201110,"14:47:01","SH","NB",23758635090,21842525935,45601161025,1916109155
20201110,"14:47:01","SZ","NB",28151946086,34231028391,62382974477,-6079082305
20201110,"14:48:01","SH","NB",23844026468,21889401561,45733428029,1954624907
20201110,"14:48:01","SZ","NB",28231451007,34331693933,62563144940,-6100242926
20201110,"14:49:01","SH","NB",23934178928,21936138314,45870317242,1998040614
20201110,"14:49:01","SZ","NB",28324981675,34423392425,62748374100,-6098410750
20201110,"14:50:01","SH","NB",24007360577,21987465541,45994826118,2019895036
20201110,"14:50:01","SZ","NB",28409946699,34508880473,62918827172,-6098933774
20201110,"14:51:01","SZ","NB",28558005110,34694006025,63252011135,-6136000915
20201110,"14:51:01","SH","NB",24139693665,22074397535,46214091200,2065296130
20201110,"14:52:01","SH","NB",24213745694,22154353468,46368099162,2059392226
20201110,"14:52:01","SZ","NB",28649264055,34824540324,63473804379,-6175276269
20201110,"14:53:01","SH","NB",24320004248,22244005859,46564010107,2075998389
20201110,"14:53:01","SZ","NB",28767516803,34956285855,63723802658,-6188769052
20201110,"14:54:01","SH","NB",24428048475,22319491108,46747539583,2108557367
20201110,"14:54:01","SZ","NB",28889732751,35085343282,63975076033,-6195610531
20201110,"14:55:01","SH","NB",24520541392,22387272592,46907813984,2133268800
20201110,"14:55:01","SZ","NB",29001464421,35215373758,64216838179,-6213909337
20201110,"14:56:01","SH","NB",24650817658,22484026659,47134844317,2166790999
20201110,"14:56:01","SZ","NB",29162313293,35376251162,64538564455,-6213937869
20201110,"14:57:01","SH","NB",24722480753,22577887737,47300368490,2144593016
20201110,"14:57:01","SZ","NB",29249615806,35476500102,64726115908,-6226884296
20201110,"15:00:01","SZ","NB",29312991129,35576535688,64889526817,-6263544559
20201110,"15:01:01","SH","NB",25017725347,22874288374,47892013721,2143436973
20201110,"15:01:01","SZ","NB",29668573095,35921801722,65590374817,-6253228627
