dataDate,dataTime,connectMarket,tradeDirection,buyTurnover,sellTurnover,totalTurnover,netTurnover
20191211,"09:30:01","SH","NB",51579663,70117126,121696789,-18537463
20191211,"09:30:01","SZ","NB",48099071,48001738,96100809,97333
20191211,"09:31:01","SH","NB",138029280,174466069,312495349,-36436789
20191211,"09:31:01","SZ","NB",190004757,194914420,384919177,-4909663
20191211,"09:32:01","SH","NB",211156787,255907587,467064374,-44750800
20191211,"09:32:01","SZ","NB",377594491,299203229,676797720,78391262
20191211,"09:33:01","SH","NB",272523301,316970981,589494282,-44447680
20191211,"09:33:01","SZ","NB",539316040,383116590,922432630,156199450
20191211,"09:34:01","SH","NB",334758452,390155368,724913820,-55396916
20191211,"09:34:01","SZ","NB",680680144,485299631,1165979775,195380513
20191211,"09:35:01","SH","NB",407314048,445874763,853188811,-38560715
20191211,"09:35:01","SZ","NB",804380836,569663236,1374044072,234717600
20191211,"09:36:01","SH","NB",467403434,493907807,961311241,-26504373
20191211,"09:36:01","SZ","NB",924804481,637690967,1562495448,287113514
20191211,"09:37:01","SZ","NB",1035933084,745571454,1781504538,290361630
20191211,"09:37:01","SH","NB",529390233,557195179,1086585412,-27804946
20191211,"09:38:01","SH","NB",582201207,605912383,1188113590,-23711176
20191211,"09:38:01","SZ","NB",1155341757,826636507,1981978264,328705250
20191211,"09:39:01","SH","NB",633806817,653060374,1286867191,-19253557
20191211,"09:39:01","SZ","NB",1262774690,899386358,2162161048,363388332
20191211,"09:40:01","SH","NB",693150089,704668522,1397818611,-11518433
20191211,"09:40:01","SZ","NB",1349778775,1004877838,2354656613,344900937
20191211,"09:41:01","SH","NB",747436915,790172639,1537609554,-42735724
20191211,"09:41:01","SZ","NB",1448999637,1172483194,2621482831,276516443
20191211,"09:42:01","SZ","NB",1555031415,1269564871,2824596286,285466544
20191211,"09:42:01","SH","NB",798493037,839093858,1637586895,-40600821
20191211,"09:43:01","SH","NB",849771624,887451200,1737222824,-37679576
20191211,"09:43:01","SZ","NB",1640208085,1360592881,3000800966,279615204
20191211,"09:44:01","SH","NB",915981117,930292150,1846273267,-14311033
20191211,"09:44:01","SZ","NB",1743187651,1433859727,3177047378,309327924
20191211,"09:45:01","SH","NB",985809890,966285146,1952095036,19524744
20191211,"09:45:01","SZ","NB",1830459411,1519672431,3350131842,310786980
20191211,"09:46:01","SH","NB",1036410978,1012271721,2048682699,24139257
20191211,"09:46:01","SZ","NB",1931437928,1605059744,3536497672,326378184
20191211,"09:47:01","SH","NB",1088691230,1064775448,2153466678,23915782
20191211,"09:47:01","SZ","NB",2014089797,1695614624,3709704421,318475173
20191211,"09:48:01","SH","NB",1132901323,1119879633,2252780956,13021690
20191211,"09:48:01","SZ","NB",2081244913,1782798960,3864043873,298445953
20191211,"09:49:01","SH","NB",1169516898,1168460197,2337977095,1056701
20191211,"09:49:01","SZ","NB",2142940161,1870998009,4013938170,271942152
20191211,"09:50:01","SH","NB",1228781373,1212127466,2440908839,16653907
20191211,"09:50:01","SZ","NB",2215676128,1953906642,4169582770,261769486
20191211,"09:51:01","SH","NB",1270331044,1280220635,2550551679,-9889591
20191211,"09:51:01","SZ","NB",2282374516,2121804786,4404179302,160569730
20191211,"09:52:01","SZ","NB",2371935581,2222471402,4594406983,149464179
20191211,"09:52:01","SH","NB",1328763710,1357264803,2686028513,-28501093
20191211,"09:53:01","SH","NB",1390050133,1394461993,2784512126,-4411860
20191211,"09:53:01","SZ","NB",2456517797,2292510197,4749027994,164007600
20191211,"09:54:01","SH","NB",1448799986,1428204562,2877004548,20595424
20191211,"09:54:01","SZ","NB",2525416443,2344265179,4869681622,181151264
20191211,"09:55:01","SH","NB",1491211994,1464682345,2955894339,26529649
20191211,"09:55:01","SZ","NB",2606326419,2395375056,5001701475,210951363
20191211,"09:56:01","SH","NB",1537181730,1523715205,3060896935,13466525
20191211,"09:56:01","SZ","NB",2669671770,2480074543,5149746313,189597227
20191211,"09:57:01","SH","NB",1575298498,1578381461,3153679959,-3082963
20191211,"09:57:01","SZ","NB",2730082935,2550750645,5280833580,179332290
20191211,"09:58:01","SH","NB",1620081092,1648551663,3268632755,-28470571
20191211,"09:58:01","SZ","NB",2806927103,2619873110,5426800213,187053993
20191211,"09:59:01","SH","NB",1669857357,1682707215,3352564572,-12849858
20191211,"09:59:01","SZ","NB",2903703998,2669255396,5572959394,234448602
20191211,"10:00:01","SH","NB",1725161530,1723156087,3448317617,2005443
20191211,"10:00:01","SZ","NB",2998697889,2719284466,5717982355,279413423
20191211,"10:01:01","SZ","NB",3087186633,2810870574,5898057207,276316059
20191211,"10:01:01","SH","NB",1777226665,1800021511,3577248176,-22794846
20191211,"10:02:01","SH","NB",1820406593,1830281808,3650688401,-9875215
20191211,"10:02:01","SZ","NB",3191940120,2861010911,6052951031,330929209
20191211,"10:03:01","SH","NB",1864697052,1864998881,3729695933,-301829
20191211,"10:03:01","SZ","NB",3266931551,2925164542,6192096093,341767009
20191211,"10:04:01","SH","NB",1907740579,1888043590,3795784169,19696989
20191211,"10:04:01","SZ","NB",3341634191,2969604155,6311238346,372030036
20191211,"10:05:01","SH","NB",1946506665,1918171218,3864677883,28335447
20191211,"10:05:01","SZ","NB",3408378446,3017587176,6425965622,390791270
20191211,"10:06:01","SH","NB",1989297730,1958990380,3948288110,30307350
20191211,"10:06:01","SZ","NB",3469220317,3097280909,6566501226,371939408
20191211,"10:07:01","SZ","NB",3524810881,3192855322,6717666203,331955559
20191211,"10:07:01","SH","NB",2023247266,1996292573,4019539839,26954693
20191211,"10:08:01","SH","NB",2049017024,2037874390,4086891414,11142634
20191211,"10:08:01","SZ","NB",3569783200,3269937076,6839720276,299846124
20191211,"10:09:01","SH","NB",2074196695,2072414407,4146611102,1782288
20191211,"10:09:01","SZ","NB",3635232481,3341369448,6976601929,293863033
20191211,"10:10:01","SH","NB",2104969451,2100635702,4205605153,4333749
20191211,"10:10:01","SZ","NB",3685012923,3389484390,7074497313,295528533
20191211,"10:11:01","SH","NB",2133127456,2165463205,4298590661,-32335749
20191211,"10:11:01","SZ","NB",3737183676,3495250307,7232433983,241933369
20191211,"10:12:01","SH","NB",2161714712,2195733253,4357447965,-34018541
20191211,"10:12:01","SZ","NB",3810974058,3556271018,7367245076,254703040
20191211,"10:13:01","SH","NB",2203453289,2236025887,4439479176,-32572598
20191211,"10:13:01","SZ","NB",3865203876,3651458449,7516662325,213745427
20191211,"10:14:01","SH","NB",2232653252,2262085979,4494739231,-29432727
20191211,"10:14:01","SZ","NB",3916748075,3697067559,7613815634,219680516
20191211,"10:15:01","SZ","NB",3977115907,3765316833,7742432740,211799074
20191211,"10:15:01","SH","NB",2271799391,2304154558,4575953949,-32355167
20191211,"10:16:01","SH","NB",2312951978,2337599479,4650551457,-24647501
20191211,"10:16:01","SZ","NB",4022997431,3809790043,7832787474,213207388
20191211,"10:17:01","SH","NB",2355148514,2359513231,4714661745,-4364717
20191211,"10:17:01","SZ","NB",4079813848,3853265151,7933078999,226548697
20191211,"10:18:01","SH","NB",2381743382,2381029311,4762772693,714071
20191211,"10:18:01","SZ","NB",4116971930,3889718245,8006690175,227253685
20191211,"10:19:01","SH","NB",2416252476,2420858425,4837110901,-4605949
20191211,"10:19:01","SZ","NB",4157344960,3972967356,8130312316,184377604
20191211,"10:20:01","SH","NB",2449443897,2464344210,4913788107,-14900313
20191211,"10:20:01","SZ","NB",4202284803,4036045173,8238329976,166239630
20191211,"10:21:01","SZ","NB",4268200200,4073827185,8342027385,194373015
20191211,"10:21:01","SH","NB",2504510872,2501565189,5006076061,2945683
20191211,"10:22:01","SH","NB",2543351741,2537464868,5080816609,5886873
20191211,"10:22:01","SZ","NB",4310731513,4113751911,8424483424,196979602
20191211,"10:23:01","SH","NB",2575373580,2569036857,5144410437,6336723
20191211,"10:23:01","SZ","NB",4348634141,4168449532,8517083673,180184609
20191211,"10:24:01","SH","NB",2596647573,2596316889,5192964462,330684
20191211,"10:24:01","SZ","NB",4380153429,4198383259,8578536688,181770170
20191211,"10:25:01","SH","NB",2632576943,2633205808,5265782751,-628865
20191211,"10:25:01","SZ","NB",4413637490,4235638705,8649276195,177998785
20191211,"10:26:01","SH","NB",2665122771,2663724176,5328846947,1398595
20191211,"10:26:01","SZ","NB",4449448882,4274016580,8723465462,175432302
20191211,"10:27:01","SH","NB",2685241917,2696028990,5381270907,-10787073
20191211,"10:27:01","SZ","NB",4480154300,4311771273,8791925573,168383027
20191211,"10:28:01","SH","NB",2714040478,2718361804,5432402282,-4321326
20191211,"10:28:01","SZ","NB",4509873630,4339076150,8848949780,170797480
20191211,"10:29:01","SH","NB",2736603981,2744826116,5481430097,-8222135
20191211,"10:29:01","SZ","NB",4544206998,4372423501,8916630499,171783497
20191211,"10:30:01","SZ","NB",4576608943,4405733115,8982342058,170875828
20191211,"10:30:01","SH","NB",2762298324,2768248349,5530546673,-5950025
20191211,"10:31:01","SH","NB",2826070393,2795543354,5621613747,30527039
20191211,"10:31:01","SZ","NB",4650568194,4443269863,9093838057,207298331
20191211,"10:32:01","SH","NB",2875594568,2836421783,5712016351,39172785
20191211,"10:32:01","SZ","NB",4700057717,4496203724,9196261441,203853993
20191211,"10:33:01","SH","NB",2925015453,2890537290,5815552743,34478163
20191211,"10:33:01","SZ","NB",4745314212,4578399498,9323713710,166914714
20191211,"10:34:01","SH","NB",2956153240,2926759421,5882912661,29393819
20191211,"10:34:01","SZ","NB",4784038526,4631057656,9415096182,152980870
20191211,"10:35:01","SH","NB",2992996689,2960949244,5953945933,32047445
20191211,"10:35:01","SZ","NB",4822112879,4698891745,9521004624,123221134
20191211,"10:36:01","SH","NB",3098016150,3000578742,6098594892,97437408
20191211,"10:36:01","SZ","NB",4891989517,4776863023,9668852540,115126494
20191211,"10:37:01","SH","NB",3158818399,3081424730,6240243129,77393669
20191211,"10:37:01","SZ","NB",4943221809,4860602679,9803824488,82619130
20191211,"10:38:01","SH","NB",3196660345,3170262745,6366923090,26397600
20191211,"10:38:01","SZ","NB",4986198403,4976545305,9962743708,9653098
20191211,"10:39:01","SH","NB",3230249658,3215581226,6445830884,14668432
20191211,"10:39:01","SZ","NB",5023338214,5028944109,10052282323,-5605895
20191211,"10:40:01","SZ","NB",5057821122,5081197488,10139018610,-23376366
20191211,"10:40:01","SH","NB",3264526165,3240316146,6504842311,24210019
20191211,"10:41:01","SH","NB",3290794457,3273089603,6563884060,17704854
20191211,"10:41:01","SZ","NB",5096490699,5130565535,10227056234,-34074836
20191211,"10:42:01","SH","NB",3318624697,3311627661,6630252358,6997036
20191211,"10:42:01","SZ","NB",5128071828,5175704000,10303775828,-47632172
20191211,"10:43:01","SH","NB",3341779297,3358948882,6700728179,-17169585
20191211,"10:43:01","SZ","NB",5172328279,5226934866,10399263145,-54606587
20191211,"10:44:01","SH","NB",3370669994,3415739211,6786409205,-45069217
20191211,"10:44:01","SZ","NB",5213829008,5293532303,10507361311,-79703295
20191211,"10:45:01","SH","NB",3405367532,3447253632,6852621164,-41886100
20191211,"10:45:01","SZ","NB",5259151015,5353759860,10612910875,-94608845
20191211,"10:46:01","SH","NB",3425859218,3472935874,6898795092,-47076656
20191211,"10:46:01","SZ","NB",5301311796,5390376508,10691688304,-89064712
20191211,"10:47:01","SH","NB",3452001649,3492735823,6944737472,-40734174
20191211,"10:47:01","SZ","NB",5342080513,5419821484,10761901997,-77740971
20191211,"10:48:01","SZ","NB",5380458051,5445599023,10826057074,-65140972
20191211,"10:48:01","SH","NB",3485263353,3507629727,6992893080,-22366374
20191211,"10:49:01","SH","NB",3519319282,3533103557,7052422839,-13784275
20191211,"10:49:01","SZ","NB",5423656991,5470841906,10894498897,-47184915
20191211,"10:50:01","SH","NB",3546177855,3548596210,7094774065,-2418355
20191211,"10:50:01","SZ","NB",5467826501,5503305070,10971131571,-35478569
20191211,"10:51:01","SH","NB",3575201739,3574902467,7150104206,299272
20191211,"10:51:01","SZ","NB",5499512442,5547050414,11046562856,-47537972
20191211,"10:52:01","SH","NB",3601188823,3599338389,7200527212,1850434
20191211,"10:52:01","SZ","NB",5539172346,5599631312,11138803658,-60458966
20191211,"10:53:01","SH","NB",3625903875,3620178874,7246082749,5725001
20191211,"10:53:01","SZ","NB",5587169307,5627147269,11214316576,-39977962
20191211,"10:54:01","SH","NB",3653458309,3638811257,7292269566,14647052
20191211,"10:54:01","SZ","NB",5632211508,5652715027,11284926535,-20503519
20191211,"10:55:01","SH","NB",3681126764,3662113762,7343240526,19013002
20191211,"10:55:01","SZ","NB",5668886590,5688706028,11357592618,-19819438
20191211,"10:56:01","SH","NB",3707591136,3679371127,7386962263,28220009
20191211,"10:56:01","SZ","NB",5698843714,5712280296,11411124010,-13436582
20191211,"10:57:01","SH","NB",3738808620,3694230007,7433038627,44578613
20191211,"10:57:01","SZ","NB",5727628606,5735049291,11462677897,-7420685
20191211,"10:58:01","SZ","NB",5751470438,5755847140,11507317578,-4376702
20191211,"10:58:01","SH","NB",3757337271,3709406546,7466743817,47930725
20191211,"10:59:01","SH","NB",3788192076,3734464274,7522656350,53727802
20191211,"10:59:01","SZ","NB",5778870638,5796061672,11574932310,-17191034
20191211,"11:00:01","SH","NB",3809480499,3753319921,7562800420,56160578
20191211,"11:00:01","SZ","NB",5806635451,5825509213,11632144664,-18873762
20191211,"11:01:01","SH","NB",3831285734,3775760296,7607046030,55525438
20191211,"11:01:01","SZ","NB",5837447492,5869686374,11707133866,-32238882
20191211,"11:02:01","SZ","NB",5867328973,5896209834,11763538807,-28880861
20191211,"11:02:01","SH","NB",3854922645,3795831199,7650753844,59091446
20191211,"11:03:01","SH","NB",3883169202,3815786575,7698955777,67382627
20191211,"11:03:01","SZ","NB",5903369183,5927508435,11830877618,-24139252
20191211,"11:04:01","SH","NB",3912470460,3836972742,7749443202,75497718
20191211,"11:04:01","SZ","NB",5945342837,5961421853,11906764690,-16079016
20191211,"11:05:01","SH","NB",3937892058,3857723815,7795615873,80168243
20191211,"11:05:01","SZ","NB",5977989857,6002672228,11980662085,-24682371
20191211,"11:06:01","SH","NB",3966648136,3881429980,7848078116,85218156
20191211,"11:06:01","SZ","NB",6036380004,6049538982,12085918986,-13158978
20191211,"11:07:01","SH","NB",3994687082,3900778320,7895465402,93908762
20191211,"11:07:01","SZ","NB",6068169511,6080352076,12148521587,-12182565
20191211,"11:08:01","SH","NB",4017457191,3919751128,7937208319,97706063
20191211,"11:08:01","SZ","NB",6096098002,6107094438,12203192440,-10996436
20191211,"11:09:01","SH","NB",4038146293,3938819210,7976965503,99327083
20191211,"11:09:01","SZ","NB",6129646839,6129813924,12259460763,-167085
20191211,"11:10:01","SZ","NB",6166768628,6156544853,12323313481,10223775
20191211,"11:10:01","SH","NB",4062841817,3955074870,8017916687,107766947
20191211,"11:11:01","SH","NB",4097770433,3976198928,8073969361,121571505
20191211,"11:11:01","SZ","NB",6231070197,6189868845,12420939042,41201352
20191211,"11:12:01","SH","NB",4124757515,3993891879,8118649394,130865636
20191211,"11:12:01","SZ","NB",6282749056,6215376453,12498125509,67372603
20191211,"11:13:01","SZ","NB",6316344477,6239023877,12555368354,77320600
20191211,"11:13:01","SH","NB",4149735236,4013405749,8163140985,136329487
20191211,"11:14:01","SH","NB",4179998165,4031235476,8211233641,148762689
20191211,"11:14:01","SZ","NB",6346509128,6259307469,12605816597,87201659
20191211,"11:15:01","SH","NB",4208798099,4047883689,8256681788,160914410
20191211,"11:15:01","SZ","NB",6379757206,6279707206,12659464412,100050000
20191211,"11:16:01","SH","NB",4225801892,4068307642,8294109534,157494250
20191211,"11:16:01","SZ","NB",6411096198,6302878262,12713974460,108217936
20191211,"11:17:01","SH","NB",4248183609,4086994059,8335177668,161189550
20191211,"11:17:01","SZ","NB",6439253828,6321294243,12760548071,117959585
20191211,"11:18:01","SZ","NB",6461089686,6346251197,12807340883,114838489
20191211,"11:18:01","SH","NB",4266903312,4102299166,8369202478,164604146
20191211,"11:19:01","SH","NB",4281667035,4118491379,8400158414,163175656
20191211,"11:19:01","SZ","NB",6484984780,6367210741,12852195521,117774039
20191211,"11:20:01","SH","NB",4300959557,4135131657,8436091214,165827900
20191211,"11:20:01","SZ","NB",6508276707,6391522422,12899799129,116754285
20191211,"11:21:01","SH","NB",4329171242,4168743180,8497914422,160428062
20191211,"11:21:01","SZ","NB",6551000913,6417578111,12968579024,133422802
20191211,"11:22:01","SH","NB",4347458493,4184901416,8532359909,162557077
20191211,"11:22:01","SZ","NB",6578033818,6444182923,13022216741,133850895
20191211,"11:23:01","SH","NB",4363819725,4197872754,8561692479,165946971
20191211,"11:23:01","SZ","NB",6598519957,6484035322,13082555279,114484635
20191211,"11:24:01","SH","NB",4379319905,4213175543,8592495448,166144362
20191211,"11:24:01","SZ","NB",6616139617,6509099448,13125239065,107040169
20191211,"11:25:01","SZ","NB",6639723504,6529954942,13169678446,109768562
20191211,"11:25:01","SH","NB",4392897817,4228920748,8621818565,163977069
20191211,"11:26:01","SH","NB",4408232116,4243645897,8651878013,164586219
20191211,"11:26:01","SZ","NB",6660040745,6554743328,13214784073,105297417
20191211,"11:27:01","SH","NB",4424611384,4258418585,8683029969,166192799
20191211,"11:27:01","SZ","NB",6685561790,6569381209,13254942999,116180581
20191211,"11:28:01","SH","NB",4449368629,4272459092,8721827721,176909537
20191211,"11:28:01","SZ","NB",6703211081,6590269461,13293480542,112941620
20191211,"11:29:01","SH","NB",4470155889,4285896943,8756052832,184258946
20191211,"11:29:01","SZ","NB",6719853989,6615454397,13335308386,104399592
20191211,"11:30:01","SZ","NB",6738883701,6633942806,13372826507,104940895
20191211,"11:30:01","SH","NB",4483298369,4296330458,8779628827,186967911
20191211,"11:31:01","SH","NB",4483485789,4296431842,8779917631,187053947
20191211,"11:31:01","SZ","NB",6738884203,6633955549,13372839752,104928654
20191211,"13:01:01","SH","NB",4534866934,4338279530,8873146464,196587404
20191211,"13:01:01","SZ","NB",6800536461,6678345724,13478882185,122190737
20191211,"13:02:01","SH","NB",4554721966,4355081366,8909803332,199640600
20191211,"13:02:01","SZ","NB",6833815191,6710505006,13544320197,123310185
20191211,"13:03:01","SH","NB",4572980632,4376769078,8949749710,196211554
20191211,"13:03:01","SZ","NB",6859457445,6734690242,13594147687,124767203
20191211,"13:04:01","SH","NB",4591648844,4391602995,8983251839,200045849
20191211,"13:04:01","SZ","NB",6881580277,6758093339,13639673616,123486938
20191211,"13:05:01","SH","NB",4611688930,4412567135,9024256065,199121795
20191211,"13:05:01","SZ","NB",6918692144,6781741662,13700433806,136950482
20191211,"13:06:01","SH","NB",4634369693,4432299457,9066669150,202070236
20191211,"13:06:01","SZ","NB",6952967912,6807594774,13760562686,145373138
20191211,"13:07:01","SZ","NB",6988054100,6830404978,13818459078,157649122
20191211,"13:07:01","SH","NB",4658919698,4453793072,9112712770,205126626
20191211,"13:08:01","SH","NB",4678448277,4470452757,9148901034,207995520
20191211,"13:08:01","SZ","NB",7018941543,6849306903,13868248446,169634640
20191211,"13:09:01","SH","NB",4701667543,4492163262,9193830805,209504281
20191211,"13:09:01","SZ","NB",7047637027,6873360138,13920997165,174276889
20191211,"13:10:01","SH","NB",4722561854,4512008749,9234570603,210553105
20191211,"13:10:01","SZ","NB",7079311892,6893219380,13972531272,186092512
20191211,"13:11:01","SH","NB",4747916523,4537475988,9285392511,210440535
20191211,"13:11:01","SZ","NB",7114640151,6933349581,14047989732,181290570
20191211,"13:12:01","SH","NB",4778437361,4560868193,9339305554,217569168
20191211,"13:12:01","SZ","NB",7145784530,6959526914,14105311444,186257616
20191211,"13:13:01","SZ","NB",7174126569,6981532206,14155658775,192594363
20191211,"13:13:01","SH","NB",4809577806,4581466088,9391043894,228111718
20191211,"13:14:01","SH","NB",4831948940,4603873526,9435822466,228075414
20191211,"13:14:01","SZ","NB",7201526909,7005593981,14207120890,195932928
20191211,"13:15:01","SH","NB",4855743248,4627622645,9483365893,228120603
20191211,"13:15:01","SZ","NB",7225617435,7027220182,14252837617,198397253
20191211,"13:16:01","SH","NB",4882444804,4647636563,9530081367,234808241
20191211,"13:16:01","SZ","NB",7248560634,7052000373,14300561007,196560261
20191211,"13:17:01","SH","NB",4903574104,4669016198,9572590302,234557906
20191211,"13:17:01","SZ","NB",7272144498,7072590499,14344734997,199553999
20191211,"13:18:01","SZ","NB",7295812763,7092242958,14388055721,203569805
20191211,"13:18:01","SH","NB",4923524687,4690170543,9613695230,233354144
20191211,"13:19:01","SH","NB",4945467743,4704866756,9650334499,240600987
20191211,"13:19:01","SZ","NB",7327125089,7115770885,14442895974,211354204
20191211,"13:20:01","SH","NB",4977634883,4722923682,9700558565,254711201
20191211,"13:20:01","SZ","NB",7352074616,7136500480,14488575096,215574136
20191211,"13:21:01","SH","NB",5009643490,4764375614,9774019104,245267876
20191211,"13:21:01","SZ","NB",7379927980,7174387970,14554315950,205540010
20191211,"13:22:01","SH","NB",5034436320,4788838926,9823275246,245597394
20191211,"13:22:01","SZ","NB",7404586338,7197196587,14601782925,207389751
20191211,"13:23:01","SH","NB",5053659958,4813306916,9866966874,240353042
20191211,"13:23:01","SZ","NB",7421941972,7220457837,14642399809,201484135
20191211,"13:24:01","SZ","NB",7444562344,7244102472,14688664816,200459872
20191211,"13:24:01","SH","NB",5072051310,4837259946,9909311256,234791364
20191211,"13:25:01","SH","NB",5090031857,4855469466,9945501323,234562391
20191211,"13:25:01","SZ","NB",7464620196,7266471523,14731091719,198148673
20191211,"13:26:01","SH","NB",5119842724,4877162744,9997005468,242679980
20191211,"13:26:01","SZ","NB",7483159689,7294233225,14777392914,188926464
20191211,"13:27:01","SH","NB",5143017037,4896829337,10039846374,246187700
20191211,"13:27:01","SZ","NB",7503938810,7320946214,14824885024,182992596
20191211,"13:28:01","SZ","NB",7523192276,7341209252,14864401528,181983024
20191211,"13:28:01","SH","NB",5161461221,4914461838,10075923059,246999383
20191211,"13:29:01","SH","NB",5181711107,4935608012,10117319119,246103095
20191211,"13:29:01","SZ","NB",7546212688,7364253603,14910466291,181959085
20191211,"13:30:01","SH","NB",5202225107,4954745084,10156970191,247480023
20191211,"13:30:01","SZ","NB",7577128584,7383867520,14960996104,193261064
20191211,"13:31:01","SH","NB",5226738885,4976109211,10202848096,250629674
20191211,"13:31:01","SZ","NB",7610580054,7417075272,15027655326,193504782
20191211,"13:32:01","SH","NB",5247334296,4997895448,10245229744,249438848
20191211,"13:32:01","SZ","NB",7631374964,7441739136,15073114100,189635828
20191211,"13:33:01","SH","NB",5265604620,5018881423,10284486043,246723197
20191211,"13:33:01","SZ","NB",7665063450,7473882984,15138946434,191180466
20191211,"13:34:01","SH","NB",5289299719,5034851942,10324151661,254447777
20191211,"13:34:01","SZ","NB",7691492772,7493939745,15185432517,197553027
20191211,"13:35:01","SZ","NB",7722066942,7512978389,15235045331,209088553
20191211,"13:35:01","SH","NB",5304902257,5053198959,10358101216,251703298
20191211,"13:36:01","SH","NB",5332291418,5069194846,10401486264,263096572
20191211,"13:36:01","SZ","NB",7746199598,7533778831,15279978429,212420767
20191211,"13:37:01","SH","NB",5355632581,5087577881,10443210462,268054700
20191211,"13:37:01","SZ","NB",7781608330,7560652209,15342260539,220956121
20191211,"13:38:01","SH","NB",5374632492,5104059472,10478691964,270573020
20191211,"13:38:01","SZ","NB",7810381377,7586513602,15396894979,223867775
20191211,"13:39:01","SH","NB",5391826247,5120997451,10512823698,270828796
20191211,"13:39:01","SZ","NB",7836599431,7608711762,15445311193,227887669
20191211,"13:40:01","SH","NB",5408466162,5138967010,10547433172,269499152
20191211,"13:40:01","SZ","NB",7859244251,7629621751,15488866002,229622500
20191211,"13:41:01","SH","NB",5431037657,5157299520,10588337177,273738137
20191211,"13:41:01","SZ","NB",7884197551,7655047599,15539245150,229149952
20191211,"13:42:01","SH","NB",5456452927,5176908402,10633361329,279544525
20191211,"13:42:01","SZ","NB",7911133296,7680364695,15591497991,230768601
20191211,"13:43:01","SZ","NB",7954039088,7702976563,15657015651,251062525
20191211,"13:43:01","SH","NB",5493040312,5208436249,10701476561,284604063
20191211,"13:44:01","SH","NB",5575181607,5241102593,10816284200,334079014
20191211,"13:44:01","SZ","NB",8017781328,7734740525,15752521853,283040803
20191211,"13:45:01","SH","NB",5600105748,5261624347,10861730095,338481401
20191211,"13:45:01","SZ","NB",8050973016,7766037945,15817010961,284935071
20191211,"13:46:01","SH","NB",5628459354,5282836165,10911295519,345623189
20191211,"13:46:01","SZ","NB",8081406250,7791020693,15872426943,290385557
20191211,"13:47:01","SH","NB",5658964694,5304710376,10963675070,354254318
20191211,"13:47:01","SZ","NB",8103283758,7823799190,15927082948,279484568
20191211,"13:48:01","SH","NB",5691098900,5341370505,11032469405,349728395
20191211,"13:48:01","SZ","NB",8130571768,7862080072,15992651840,268491696
20191211,"13:49:01","SH","NB",5711478580,5363840070,11075318650,347638510
20191211,"13:49:01","SZ","NB",8155743011,7890781325,16046524336,264961686
20191211,"13:50:01","SZ","NB",8180435162,7909891268,16090326430,270543894
20191211,"13:50:01","SH","NB",5726562025,5381363787,11107925812,345198238
20191211,"13:51:01","SH","NB",5753732973,5398142364,11151875337,355590609
20191211,"13:51:01","SZ","NB",8216928518,7933164884,16150093402,283763634
20191211,"13:52:01","SH","NB",5771546240,5414958965,11186505205,356587275
20191211,"13:52:01","SZ","NB",8240149217,7956580052,16196729269,283569165
20191211,"13:53:01","SH","NB",5799012944,5432227271,11231240215,366785673
20191211,"13:53:01","SZ","NB",8272940875,7978027617,16250968492,294913258
20191211,"13:54:01","SH","NB",5830582233,5446488778,11277071011,384093455
20191211,"13:54:01","SZ","NB",8297185729,7996761181,16293946910,300424548
20191211,"13:55:01","SZ","NB",8333981513,8025125836,16359107349,308855677
20191211,"13:55:01","SH","NB",5859757869,5466456980,11326214849,393300889
20191211,"13:56:01","SH","NB",5891274676,5484638884,11375913560,406635792
20191211,"13:56:01","SZ","NB",8367801058,8050401290,16418202348,317399768
20191211,"13:57:01","SH","NB",5917691299,5500344290,11418035589,417347009
20191211,"13:57:01","SZ","NB",8391157473,8075480565,16466638038,315676908
20191211,"13:58:01","SH","NB",5944316853,5521678668,11465995521,422638185
20191211,"13:58:01","SZ","NB",8418735366,8105365611,16524100977,313369755
20191211,"13:59:01","SH","NB",5984186181,5539390524,11523576705,444795657
20191211,"13:59:01","SZ","NB",8450916989,8125729066,16576646055,325187923
20191211,"14:00:01","SH","NB",6032323369,5554410484,11586733853,477912885
20191211,"14:00:01","SZ","NB",8481618198,8150475908,16632094106,331142290
20191211,"14:01:01","SH","NB",6091973977,5578302765,11670276742,513671212
20191211,"14:01:01","SZ","NB",8540757557,8173561767,16714319324,367195790
20191211,"14:02:01","SH","NB",6129089296,5597588067,11726677363,531501229
20191211,"14:02:01","SZ","NB",8581780497,8196200992,16777981489,385579505
20191211,"14:03:01","SH","NB",6163397519,5621345322,11784742841,542052197
20191211,"14:03:01","SZ","NB",8612304501,8220393235,16832697736,391911266
20191211,"14:04:01","SH","NB",6192369456,5640584280,11832953736,551785176
20191211,"14:04:01","SZ","NB",8638390511,8243498142,16881888653,394892369
20191211,"14:05:01","SZ","NB",8658445791,8269275926,16927721717,389169865
20191211,"14:05:01","SH","NB",6219002492,5664025664,11883028156,554976828
20191211,"14:06:01","SH","NB",6249534862,5687690802,11937225664,561844060
20191211,"14:06:01","SZ","NB",8682873060,8293359957,16976233017,389513103
20191211,"14:07:01","SH","NB",6270407859,5711890753,11982298612,558517106
20191211,"14:07:01","SZ","NB",8711765709,8322480675,17034246384,389285034
20191211,"14:08:01","SH","NB",6297224630,5734827964,12032052594,562396666
20191211,"14:08:01","SZ","NB",8737231502,8348445073,17085676575,388786429
20191211,"14:09:01","SH","NB",6316969476,5752142042,12069111518,564827434
20191211,"14:09:01","SZ","NB",8759828650,8369386791,17129215441,390441859
20191211,"14:10:01","SZ","NB",8791124322,8385584977,17176709299,405539345
20191211,"14:10:01","SH","NB",6344764510,5767917946,12112682456,576846564
20191211,"14:11:01","SH","NB",6380322623,5787419489,12167742112,592903134
20191211,"14:11:01","SZ","NB",8819050351,8408470653,17227521004,410579698
20191211,"14:12:01","SH","NB",6400472968,5803831996,12204304964,596640972
20191211,"14:12:01","SZ","NB",8840763862,8430408414,17271172276,410355448
20191211,"14:13:01","SH","NB",6427273908,5823163956,12250437864,604109952
20191211,"14:13:01","SZ","NB",8866007282,8451172386,17317179668,414834896
20191211,"14:14:01","SH","NB",6448565993,5844440599,12293006592,604125394
20191211,"14:14:01","SZ","NB",8887629155,8479167359,17366796514,408461796
20191211,"14:15:01","SH","NB",6472708039,5865851707,12338559746,606856332
20191211,"14:15:01","SZ","NB",8918350510,8524180538,17442531048,394169972
20191211,"14:16:01","SH","NB",6505384506,5895277229,12400661735,610107277
20191211,"14:16:01","SZ","NB",8942987142,8559821769,17502808911,383165373
20191211,"14:17:01","SZ","NB",8973211884,8594861283,17568073167,378350601
20191211,"14:17:01","SH","NB",6542095577,5921665444,12463761021,620430133
20191211,"14:18:01","SH","NB",6570576541,5942109414,12512685955,628467127
20191211,"14:18:01","SZ","NB",9000988740,8619189736,17620178476,381799004
20191211,"14:19:01","SH","NB",6612954091,5963876607,12576830698,649077484
20191211,"14:19:01","SZ","NB",9034369575,8642259865,17676629440,392109710
20191211,"14:20:01","SH","NB",6641599942,5981322168,12622922110,660277774
20191211,"14:20:01","SZ","NB",9057056060,8658902661,17715958721,398153399
20191211,"14:21:01","SH","NB",6673138858,6004313364,12677452222,668825494
20191211,"14:21:01","SZ","NB",9081493392,8699820334,17781313726,381673058
20191211,"14:22:01","SH","NB",6701725555,6022492343,12724217898,679233212
20191211,"14:22:01","SZ","NB",9108683893,8723821120,17832505013,384862773
20191211,"14:23:01","SZ","NB",9140474607,8746010449,17886485056,394464158
20191211,"14:23:01","SH","NB",6726037494,6044170832,12770208326,681866662
20191211,"14:24:01","SH","NB",6756598923,6061302604,12817901527,695296319
20191211,"14:24:01","SZ","NB",9172105522,8766388690,17938494212,405716832
20191211,"14:25:01","SH","NB",6804125207,6087041091,12891166298,717084116
20191211,"14:25:01","SZ","NB",9214266500,8787819155,18002085655,426447345
20191211,"14:26:01","SH","NB",6830506580,6108357588,12938864168,722148992
20191211,"14:26:01","SZ","NB",9239049365,8808990520,18048039885,430058845
20191211,"14:27:01","SH","NB",6888754005,6128422166,13017176171,760331839
20191211,"14:27:01","SZ","NB",9276848547,8831972211,18108820758,444876336
20191211,"14:28:01","SH","NB",6911671578,6149696418,13061367996,761975160
20191211,"14:28:01","SZ","NB",9298822629,8852500252,18151322881,446322377
20191211,"14:29:01","SH","NB",6937500720,6174357753,13111858473,763142967
20191211,"14:29:01","SZ","NB",9324667897,8881849646,18206517543,442818251
20191211,"14:30:01","SH","NB",6968097498,6192917140,13161014638,775180358
20191211,"14:30:01","SZ","NB",9350202572,8907704704,18257907276,442497868
20191211,"14:31:01","SH","NB",7003139432,6225762093,13228901525,777377339
20191211,"14:31:01","SZ","NB",9382161670,8951071482,18333233152,431090188
20191211,"14:32:01","SZ","NB",9420847170,8997161871,18418009041,423685299
20191211,"14:32:01","SH","NB",7030879495,6261583722,13292463217,769295773
20191211,"14:33:01","SH","NB",7063178352,6293912633,13357090985,769265719
20191211,"14:33:01","SZ","NB",9466459378,9042248694,18508708072,424210684
20191211,"14:34:01","SZ","NB",9506786353,9082925499,18589711852,423860854
20191211,"14:34:01","SH","NB",7100926670,6315699402,13416626072,785227268
20191211,"14:35:01","SH","NB",7134417529,6341218363,13475635892,793199166
20191211,"14:35:01","SZ","NB",9549511828,9118270754,18667782582,431241074
20191211,"14:36:01","SH","NB",7177209652,6368398246,13545607898,808811406
20191211,"14:36:01","SZ","NB",9587919309,9151504275,18739423584,436415034
20191211,"14:37:01","SH","NB",7214303994,6393470950,13607774944,820833044
20191211,"14:37:01","SZ","NB",9626573549,9182707715,18809281264,443865834
20191211,"14:38:01","SH","NB",7260256011,6420737417,13680993428,839518594
20191211,"14:38:01","SZ","NB",9672465779,9213496163,18885961942,458969616
20191211,"14:39:01","SH","NB",7297924188,6445514794,13743438982,852409394
20191211,"14:39:01","SZ","NB",9707277704,9245877155,18953154859,461400549
20191211,"14:40:01","SH","NB",7332954221,6466728140,13799682361,866226081
20191211,"14:40:01","SZ","NB",9741166394,9275401848,19016568242,465764546
20191211,"14:41:01","SH","NB",7378043901,6499510494,13877554395,878533407
20191211,"14:41:01","SZ","NB",9787129736,9317687899,19104817635,469441837
20191211,"14:42:01","SH","NB",7447201995,6530282623,13977484618,916919372
20191211,"14:42:01","SZ","NB",9825312438,9348415043,19173727481,476897395
20191211,"14:43:01","SH","NB",7482983785,6563878376,14046862161,919105409
20191211,"14:43:01","SZ","NB",9864200925,9382810780,19247011705,481390145
20191211,"14:44:01","SZ","NB",9903914474,9417580683,19321495157,486333791
20191211,"14:44:01","SH","NB",7522333607,6589981397,14112315004,932352210
20191211,"14:45:01","SH","NB",7571969455,6618728767,14190698222,953240688
20191211,"14:45:01","SZ","NB",9959308304,9451982687,19411290991,507325617
20191211,"14:46:01","SH","NB",7627884801,6649673809,14277558610,978210992
20191211,"14:46:01","SZ","NB",10011131018,9486900355,19498031373,524230663
20191211,"14:47:01","SH","NB",7669195343,6677999866,14347195209,991195477
20191211,"14:47:01","SZ","NB",10057872694,9523494767,19581367461,534377927
20191211,"14:48:01","SH","NB",7706910009,6705273719,14412183728,1001636290
20191211,"14:48:01","SZ","NB",10103276146,9554436603,19657712749,548839543
20191211,"14:49:01","SH","NB",7754773103,6738425384,14493198487,1016347719
20191211,"14:49:01","SZ","NB",10156438718,9600657569,19757096287,555781149
20191211,"14:50:01","SH","NB",7801547197,6767932833,14569480030,1033614364
20191211,"14:50:01","SZ","NB",10217269457,9634788466,19852057923,582480991
20191211,"14:51:01","SH","NB",7862944856,6817206176,14680151032,1045738680
20191211,"14:51:01","SZ","NB",10281659776,9686834922,19968494698,594824854
20191211,"14:52:01","SZ","NB",10344815712,9730332590,20075148302,614483122
20191211,"14:52:01","SH","NB",7913369513,6858652925,14772022438,1054716588
20191211,"14:53:01","SH","NB",7969657791,6897979639,14867637430,1071678152
20191211,"14:53:01","SZ","NB",10412078379,9774472294,20186550673,637606085
20191211,"14:54:01","SH","NB",8030622785,6944082950,14974705735,1086539835
20191211,"14:54:01","SZ","NB",10499609440,9811822535,20311431975,687786905
20191211,"14:55:01","SH","NB",8089800890,6986811711,15076612601,1102989179
20191211,"14:55:01","SZ","NB",10582955320,9848215046,20431170366,734740274
20191211,"14:56:01","SH","NB",8189734983,7049547357,15239282340,1140187626
20191211,"14:56:01","SZ","NB",10685182709,9896551222,20581733931,788631487
20191211,"14:57:01","SH","NB",8253990439,7089002263,15342992702,1164988176
20191211,"14:57:01","SZ","NB",10763650037,9934798255,20698448292,828851782
20191211,"14:58:01","SH","NB",8254175136,7089050865,15343226001,1165124271
20191211,"14:58:01","SZ","NB",10763655574,9934798255,20698453829,828857319
20191211,"15:01:01","SH","NB",8674722864,7320724484,15995447348,1353998380
20191211,"15:01:01","SZ","NB",11110782874,10096914433,21207697307,1013868441
