dataDate,dataTime,connectMarket,tradeDirection,buyTurnover,sellTurnover,totalTurnover,netTurnover
20191023,"09:30:01","SH","NB",24953742,74396516,99350258,-49442774
20191023,"09:30:01","SZ","NB",26668511,31009886,57678397,-4341375
20191023,"09:31:01","SH","NB",92060894,202338576,294399470,-110277682
20191023,"09:31:01","SZ","NB",128539926,196986310,325526236,-68446384
20191023,"09:32:01","SH","NB",174895312,278453325,453348637,-103558013
20191023,"09:32:01","SZ","NB",260664013,307840611,568504624,-47176598
20191023,"09:33:01","SZ","NB",379141369,387466968,766608337,-8325599
20191023,"09:33:01","SH","NB",246212024,340017063,586229087,-93805039
20191023,"09:34:01","SH","NB",310710870,409286397,719997267,-98575527
20191023,"09:34:01","SZ","NB",479249818,513903465,993153283,-34653647
20191023,"09:35:01","SH","NB",360125364,490132810,850258174,-130007446
20191023,"09:35:01","SZ","NB",550591385,661047648,1211639033,-110456263
20191023,"09:36:01","SH","NB",428692933,547032184,975725117,-118339251
20191023,"09:36:01","SZ","NB",653450034,774159448,1427609482,-120709414
20191023,"09:37:01","SH","NB",489877051,650587951,1140465002,-160710900
20191023,"09:37:01","SZ","NB",728944737,977885254,1706829991,-248940517
20191023,"09:38:01","SH","NB",567430545,714320103,1281750648,-146889558
20191023,"09:38:01","SZ","NB",861374726,1085977390,1947352116,-224602664
20191023,"09:39:01","SH","NB",614423968,753721337,1368145305,-139297369
20191023,"09:39:01","SZ","NB",925707617,1147517137,2073224754,-221809520
20191023,"09:40:01","SH","NB",650378036,792426728,1442804764,-142048692
20191023,"09:40:01","SZ","NB",985187472,1207095492,2192282964,-221908020
20191023,"09:41:01","SH","NB",695989065,859604623,1555593688,-163615558
20191023,"09:41:01","SZ","NB",1051013476,1324853410,2375866886,-273839934
20191023,"09:42:01","SZ","NB",1194077141,1382344768,2576421909,-188267627
20191023,"09:42:01","SH","NB",757363044,899346564,1656709608,-141983520
20191023,"09:43:01","SH","NB",801373844,937984434,1739358278,-136610590
20191023,"09:43:01","SZ","NB",1252584642,1435745371,2688330013,-183160729
20191023,"09:44:01","SH","NB",848000408,971498078,1819498486,-123497670
20191023,"09:44:01","SZ","NB",1324198569,1488175552,2812374121,-163976983
20191023,"09:45:01","SH","NB",888004706,1059154753,1947159459,-171150047
20191023,"09:45:01","SZ","NB",1376776992,1601966387,2978743379,-225189395
20191023,"09:46:01","SH","NB",936763606,1098582956,2035346562,-161819350
20191023,"09:46:01","SZ","NB",1473566322,1665549578,3139115900,-191983256
20191023,"09:47:01","SH","NB",974534527,1152575787,2127110314,-178041260
20191023,"09:47:01","SZ","NB",1536736952,1743012135,3279749087,-206275183
20191023,"09:48:01","SH","NB",1011387961,1217401959,2228789920,-206013998
20191023,"09:48:01","SZ","NB",1598176996,1820776465,3418953461,-222599469
20191023,"09:49:01","SH","NB",1043329774,1253007868,2296337642,-209678094
20191023,"09:49:01","SZ","NB",1658467658,1871480540,3529948198,-213012882
20191023,"09:50:01","SH","NB",1083225172,1302238888,2385464060,-219013716
20191023,"09:50:01","SZ","NB",1701877958,1956968294,3658846252,-255090336
20191023,"09:51:01","SH","NB",1138279166,1359681412,2497960578,-221402246
20191023,"09:51:01","SZ","NB",1789224765,2036692096,3825916861,-247467331
20191023,"09:52:01","SZ","NB",1931916208,2088463876,4020380084,-156547668
20191023,"09:52:01","SH","NB",1218640177,1406068576,2624708753,-187428399
20191023,"09:53:01","SH","NB",1264724287,1472912354,2737636641,-208188067
20191023,"09:53:01","SZ","NB",1990368365,2215004992,4205373357,-224636627
20191023,"09:54:01","SH","NB",1295855156,1521175529,2817030685,-225320373
20191023,"09:54:01","SZ","NB",2055421091,2261105952,4316527043,-205684861
20191023,"09:55:01","SH","NB",1327448649,1568208011,2895656660,-240759362
20191023,"09:55:01","SZ","NB",2099156232,2304754656,4403910888,-205598424
20191023,"09:56:01","SZ","NB",2139189112,2371253283,4510442395,-232064171
20191023,"09:56:01","SH","NB",1362403058,1615022800,2977425858,-252619742
20191023,"09:57:01","SH","NB",1398786467,1645008255,3043794722,-246221788
20191023,"09:57:01","SZ","NB",2218994981,2405872334,4624867315,-186877353
20191023,"09:58:01","SH","NB",1421176697,1668904367,3090081064,-247727670
20191023,"09:58:01","SZ","NB",2252760878,2435552692,4688313570,-182791814
20191023,"09:59:01","SH","NB",1451041236,1704932869,3155974105,-253891633
20191023,"09:59:01","SZ","NB",2292075311,2470393163,4762468474,-178317852
20191023,"10:00:01","SH","NB",1479429364,1750404075,3229833439,-270974711
20191023,"10:00:01","SZ","NB",2329499303,2513682023,4843181326,-184182720
20191023,"10:01:01","SH","NB",1514781866,1796683921,3311465787,-281902055
20191023,"10:01:01","SZ","NB",2363565074,2562956904,4926521978,-199391830
20191023,"10:02:01","SH","NB",1543336359,1849343674,3392680033,-306007315
20191023,"10:02:01","SZ","NB",2394776878,2623816516,5018593394,-229039638
20191023,"10:03:01","SH","NB",1566125589,1880091743,3446217332,-313966154
20191023,"10:03:01","SZ","NB",2427907914,2670164595,5098072509,-242256681
20191023,"10:04:01","SZ","NB",2467691472,2704601755,5172293227,-236910283
20191023,"10:04:01","SH","NB",1586199852,1906806655,3493006507,-320606803
20191023,"10:05:01","SH","NB",1621118440,1931997362,3553115802,-310878922
20191023,"10:05:01","SZ","NB",2505906215,2730951822,5236858037,-225045607
20191023,"10:06:01","SH","NB",1650203126,1974075963,3624279089,-323872837
20191023,"10:06:01","SZ","NB",2532412140,2764488156,5296900296,-232076016
20191023,"10:07:01","SH","NB",1677635966,2086885847,3764521813,-409249881
20191023,"10:07:01","SZ","NB",2562543046,2883120622,5445663668,-320577576
20191023,"10:08:01","SH","NB",1704411512,2122959120,3827370632,-418547608
20191023,"10:08:01","SZ","NB",2606324027,2922815082,5529139109,-316491055
20191023,"10:09:01","SH","NB",1734373086,2160558783,3894931869,-426185697
20191023,"10:09:01","SZ","NB",2640221643,2963999354,5604220997,-323777711
20191023,"10:10:01","SZ","NB",2665371417,3005376118,5670747535,-340004701
20191023,"10:10:01","SH","NB",1752679077,2205272256,3957951333,-452593179
20191023,"10:11:01","SH","NB",1784466108,2235181511,4019647619,-450715403
20191023,"10:11:01","SZ","NB",2716175619,3029939295,5746114914,-313763676
20191023,"10:12:01","SH","NB",1808598155,2274917605,4083515760,-466319450
20191023,"10:12:01","SZ","NB",2746114097,3059443656,5805557753,-313329559
20191023,"10:13:01","SH","NB",1829934552,2299764068,4129698620,-469829516
20191023,"10:13:01","SZ","NB",2775119292,3084134573,5859253865,-309015281
20191023,"10:14:01","SH","NB",1851050803,2332552005,4183602808,-481501202
20191023,"10:14:01","SZ","NB",2799664836,3111749444,5911414280,-312084608
20191023,"10:15:01","SH","NB",1866642414,2356205663,4222848077,-489563249
20191023,"10:15:01","SZ","NB",2814843341,3132980194,5947823535,-318136853
20191023,"10:16:01","SH","NB",1892476087,2416388725,4308864812,-523912638
20191023,"10:16:01","SZ","NB",2836836318,3185823227,6022659545,-348986909
20191023,"10:17:01","SH","NB",1915411160,2489151711,4404562871,-573740551
20191023,"10:17:01","SZ","NB",2857133379,3246713011,6103846390,-389579632
20191023,"10:18:01","SH","NB",1938619309,2520226637,4458845946,-581607328
20191023,"10:18:01","SZ","NB",2890677090,3275124575,6165801665,-384447485
20191023,"10:19:01","SH","NB",1960984449,2540536202,4501520651,-579551753
20191023,"10:19:01","SZ","NB",2929692830,3298418649,6228111479,-368725819
20191023,"10:20:01","SZ","NB",2957670038,3326090074,6283760112,-368420036
20191023,"10:20:01","SH","NB",1980559537,2563788389,4544347926,-583228852
20191023,"10:21:01","SH","NB",2011137324,2592224409,4603361733,-581087085
20191023,"10:21:01","SZ","NB",2988576965,3350101597,6338678562,-361524632
20191023,"10:22:01","SH","NB",2037373941,2632286166,4669660107,-594912225
20191023,"10:22:01","SZ","NB",3013271049,3378517340,6391788389,-365246291
20191023,"10:23:01","SH","NB",2061062819,2665966574,4727029393,-604903755
20191023,"10:23:01","SZ","NB",3044802035,3403721869,6448523904,-358919834
20191023,"10:24:01","SZ","NB",3084789078,3424629577,6509418655,-339840499
20191023,"10:24:01","SH","NB",2087367766,2689177885,4776545651,-601810119
20191023,"10:25:01","SH","NB",2111616919,2716873032,4828489951,-605256113
20191023,"10:25:01","SZ","NB",3115590857,3458302114,6573892971,-342711257
20191023,"10:26:01","SH","NB",2133604298,2776409074,4910013372,-642804776
20191023,"10:26:01","SZ","NB",3141878131,3509719436,6651597567,-367841305
20191023,"10:27:01","SH","NB",2160395690,2811658110,4972053800,-651262420
20191023,"10:27:01","SZ","NB",3175321880,3539335177,6714657057,-364013297
20191023,"10:28:01","SH","NB",2182648961,2830270102,5012919063,-647621141
20191023,"10:28:01","SZ","NB",3207894013,3557658254,6765552267,-349764241
20191023,"10:29:01","SH","NB",2200821546,2853878116,5054699662,-653056570
20191023,"10:29:01","SZ","NB",3232820515,3589200252,6822020767,-356379737
20191023,"10:30:01","SH","NB",2217760345,2879611637,5097371982,-661851292
20191023,"10:30:01","SZ","NB",3255660964,3604540055,6860201019,-348879091
20191023,"10:31:01","SH","NB",2236555656,2939027533,5175583189,-702471877
20191023,"10:31:01","SZ","NB",3279777583,3656452544,6936230127,-376674961
20191023,"10:32:01","SZ","NB",3308126803,3680878279,6989005082,-372751476
20191023,"10:32:01","SH","NB",2257192012,2966476438,5223668450,-709284426
20191023,"10:33:01","SH","NB",2274590565,2988844891,5263435456,-714254326
20191023,"10:33:01","SZ","NB",3333568927,3696893556,7030462483,-363324629
20191023,"10:34:01","SZ","NB",3357418149,3718539188,7075957337,-361121039
20191023,"10:34:01","SH","NB",2294070638,3008313424,5302384062,-714242786
20191023,"10:35:01","SH","NB",2338865268,3028860796,5367726064,-689995528
20191023,"10:35:01","SZ","NB",3402314738,3745539109,7147853847,-343224371
20191023,"10:36:01","SH","NB",2379751774,3049945463,5429697237,-670193689
20191023,"10:36:01","SZ","NB",3444855567,3768367507,7213223074,-323511940
20191023,"10:37:01","SH","NB",2407733381,3072065265,5479798646,-664331884
20191023,"10:37:01","SZ","NB",3472377584,3788269403,7260646987,-315891819
20191023,"10:38:01","SH","NB",2426700883,3097294049,5523994932,-670593166
20191023,"10:38:01","SZ","NB",3499440268,3814539327,7313979595,-315099059
20191023,"10:39:01","SH","NB",2441176297,3116417498,5557593795,-675241201
20191023,"10:39:01","SZ","NB",3514770837,3832678708,7347449545,-317907871
20191023,"10:40:01","SH","NB",2457518757,3136494363,5594013120,-678975606
20191023,"10:40:01","SZ","NB",3547538039,3848208310,7395746349,-300670271
20191023,"10:41:01","SH","NB",2484081450,3165388001,5649469451,-681306551
20191023,"10:41:01","SZ","NB",3582702399,3871483115,7454185514,-288780716
20191023,"10:42:01","SH","NB",2501072718,3182848044,5683920762,-681775326
20191023,"10:42:01","SZ","NB",3607604261,3897358137,7504962398,-289753876
20191023,"10:43:01","SH","NB",2518785675,3198936359,5717722034,-680150684
20191023,"10:43:01","SZ","NB",3623282449,3922050568,7545333017,-298768119
20191023,"10:44:01","SZ","NB",3640624391,3944521879,7585146270,-303897488
20191023,"10:44:01","SH","NB",2532880381,3216638668,5749519049,-683758287
20191023,"10:45:01","SH","NB",2552460042,3275408827,5827868869,-722948785
20191023,"10:45:01","SZ","NB",3659274936,4004156297,7663431233,-344881361
20191023,"10:46:01","SH","NB",2571460737,3298991853,5870452590,-727531116
20191023,"10:46:01","SZ","NB",3679129528,4031272814,7710402342,-352143286
20191023,"10:47:01","SH","NB",2587002771,3316209634,5903212405,-729206863
20191023,"10:47:01","SZ","NB",3702062661,4052108684,7754171345,-350046023
20191023,"10:48:01","SH","NB",2600140803,3336107744,5936248547,-735966941
20191023,"10:48:01","SZ","NB",3725350380,4069843162,7795193542,-344492782
20191023,"10:49:01","SH","NB",2616400466,3356350008,5972750474,-739949542
20191023,"10:49:01","SZ","NB",3742049241,4093353767,7835403008,-351304526
20191023,"10:50:01","SZ","NB",3761987375,4130276753,7892264128,-368289378
20191023,"10:50:01","SH","NB",2633266213,3387626541,6020892754,-754360328
20191023,"10:51:01","SH","NB",2651709344,3415844006,6067553350,-764134662
20191023,"10:51:01","SZ","NB",3786346144,4171971755,7958317899,-385625611
20191023,"10:52:01","SH","NB",2663962482,3434503696,6098466178,-770541214
20191023,"10:52:01","SZ","NB",3808389532,4194605002,8002994534,-386215470
20191023,"10:53:01","SH","NB",2681162818,3454494560,6135657378,-773331742
20191023,"10:53:01","SZ","NB",3835049863,4213044145,8048094008,-377994282
20191023,"10:54:01","SH","NB",2697792420,3468282577,6166074997,-770490157
20191023,"10:54:01","SZ","NB",3860675424,4231564137,8092239561,-370888713
20191023,"10:55:01","SH","NB",2717164397,3484742850,6201907247,-767578453
20191023,"10:55:01","SZ","NB",3878361469,4246671758,8125033227,-368310289
20191023,"10:56:01","SH","NB",2741974975,3504472466,6246447441,-762497491
20191023,"10:56:01","SZ","NB",3892329823,4266299125,8158628948,-373969302
20191023,"10:57:01","SH","NB",2765161657,3575571578,6340733235,-810409921
20191023,"10:57:01","SZ","NB",3908448719,4337761294,8246210013,-429312575
20191023,"10:58:01","SH","NB",2788268967,3685113096,6473382063,-896844129
20191023,"10:58:01","SZ","NB",3938078322,4454790543,8392868865,-516712221
20191023,"10:59:01","SH","NB",2811793400,3731151537,6542944937,-919358137
20191023,"10:59:01","SZ","NB",3970875867,4507320381,8478196248,-536444514
20191023,"11:00:01","SZ","NB",3992868984,4533558840,8526427824,-540689856
20191023,"11:00:01","SH","NB",2827035308,3750199191,6577234499,-923163883
20191023,"11:01:01","SH","NB",2858058090,3776461496,6634519586,-918403406
20191023,"11:01:01","SZ","NB",4033294311,4564493520,8597787831,-531199209
20191023,"11:02:01","SH","NB",2878648532,3808198851,6686847383,-929550319
20191023,"11:02:01","SZ","NB",4053875909,4602368418,8656244327,-548492509
20191023,"11:03:01","SH","NB",2895095958,3828482368,6723578326,-933386410
20191023,"11:03:01","SZ","NB",4077082668,4630879047,8707961715,-553796379
20191023,"11:04:01","SH","NB",2917361760,3849451207,6766812967,-932089447
20191023,"11:04:01","SZ","NB",4094870073,4654357924,8749227997,-559487851
20191023,"11:05:01","SH","NB",2931373673,3874363597,6805737270,-942989924
20191023,"11:05:01","SZ","NB",4114887466,4671004012,8785891478,-556116546
20191023,"11:06:01","SZ","NB",4131952465,4730051700,8862004165,-598099235
20191023,"11:06:01","SH","NB",2952822908,3935038708,6887861616,-982215800
20191023,"11:07:01","SH","NB",2967191221,3958570014,6925761235,-991378793
20191023,"11:07:01","SZ","NB",4148506132,4757851676,8906357808,-609345544
20191023,"11:08:01","SH","NB",2981264831,3976013174,6957278005,-994748343
20191023,"11:08:01","SZ","NB",4173555190,4782636465,8956191655,-609081275
20191023,"11:09:01","SH","NB",3006502035,3995395624,7001897659,-988893589
20191023,"11:09:01","SZ","NB",4197541349,4799516987,8997058336,-601975638
20191023,"11:10:01","SH","NB",3023566742,4012761312,7036328054,-989194570
20191023,"11:10:01","SZ","NB",4214700954,4812889444,9027590398,-598188490
20191023,"11:11:01","SH","NB",3046732614,4028620192,7075352806,-981887578
20191023,"11:11:01","SZ","NB",4239572352,4826307351,9065879703,-586734999
20191023,"11:12:01","SH","NB",3063227206,4047678662,7110905868,-984451456
20191023,"11:12:01","SZ","NB",4261665735,4841196519,9102862254,-579530784
20191023,"11:13:01","SH","NB",3080606739,4064894940,7145501679,-984288201
20191023,"11:13:01","SZ","NB",4279728069,4853934417,9133662486,-574206348
20191023,"11:14:01","SH","NB",3104291676,4127897344,7232189020,-1023605668
20191023,"11:14:01","SZ","NB",4302329591,4891619778,9193949369,-589290187
20191023,"11:15:01","SH","NB",3124680356,4154138361,7278818717,-1029458005
20191023,"11:15:01","SZ","NB",4322973457,4909785904,9232759361,-586812447
20191023,"11:16:01","SZ","NB",4350839746,4938487343,9289327089,-587647597
20191023,"11:16:01","SH","NB",3148290183,4177768248,7326058431,-1029478065
20191023,"11:17:01","SH","NB",3168437542,4204582937,7373020479,-1036145395
20191023,"11:17:01","SZ","NB",4375381582,4956969944,9332351526,-581588362
20191023,"11:18:01","SZ","NB",4399612150,4969858415,9369470565,-570246265
20191023,"11:18:01","SH","NB",3184862824,4223916204,7408779028,-1039053380
20191023,"11:19:01","SH","NB",3207795871,4238573166,7446369037,-1030777295
20191023,"11:19:01","SZ","NB",4427935403,5009701639,9437637042,-581766236
20191023,"11:20:01","SH","NB",3233538687,4255362531,7488901218,-1021823844
20191023,"11:20:01","SZ","NB",4467263744,5031733893,9498997637,-564470149
20191023,"11:21:01","SH","NB",3271659958,4278478691,7550138649,-1006818733
20191023,"11:21:01","SZ","NB",4524214083,5049896380,9574110463,-525682297
20191023,"11:22:01","SH","NB",3295138344,4294835710,7589974054,-999697366
20191023,"11:22:01","SZ","NB",4549569248,5067760754,9617330002,-518191506
20191023,"11:23:01","SH","NB",3317584784,4325898503,7643483287,-1008313719
20191023,"11:23:01","SZ","NB",4574018755,5097444770,9671463525,-523426015
20191023,"11:24:01","SH","NB",3334137397,4338395537,7672532934,-1004258140
20191023,"11:24:01","SZ","NB",4589882690,5109887191,9699769881,-520004501
20191023,"11:25:01","SH","NB",3348786105,4350276212,7699062317,-1001490107
20191023,"11:25:01","SZ","NB",4603310481,5121565613,9724876094,-518255132
20191023,"11:26:01","SH","NB",3364767883,4368128435,7732896318,-1003360552
20191023,"11:26:01","SZ","NB",4623796473,5137144526,9760940999,-513348053
20191023,"11:27:01","SZ","NB",4642785341,5148123227,9790908568,-505337886
20191023,"11:27:01","SH","NB",3383888080,4381155643,7765043723,-997267563
20191023,"11:28:01","SH","NB",3406871495,4397259996,7804131491,-990388501
20191023,"11:28:01","SZ","NB",4660037837,5159320069,9819357906,-499282232
20191023,"11:29:01","SH","NB",3424961894,4423075768,7848037662,-998113874
20191023,"11:29:01","SZ","NB",4675493269,5174315374,9849808643,-498822105
20191023,"11:30:01","SH","NB",3438637460,4442532542,7881170002,-1003895082
20191023,"11:30:01","SZ","NB",4690399924,5190390796,9880790720,-499990872
20191023,"11:31:01","SH","NB",3438696794,4442918323,7881615117,-1004221529
20191023,"11:31:01","SZ","NB",4690407216,5190390796,9880798012,-499983580
20191023,"13:01:01","SH","NB",3490714327,4484827867,7975542194,-994113540
20191023,"13:01:01","SZ","NB",4774599521,5250044139,10024643660,-475444618
20191023,"13:02:01","SZ","NB",4800506388,5276317397,10076823785,-475811009
20191023,"13:02:01","SH","NB",3520094144,4514249668,8034343812,-994155524
20191023,"13:03:01","SH","NB",3537847638,4532252478,8070100116,-994404840
20191023,"13:03:01","SZ","NB",4821641340,5298546537,10120187877,-476905197
20191023,"13:04:01","SH","NB",3557408994,4549167843,8106576837,-991758849
20191023,"13:04:01","SZ","NB",4843294133,5319608519,10162902652,-476314386
20191023,"13:05:01","SZ","NB",4867059754,5342246408,10209306162,-475186654
20191023,"13:05:01","SH","NB",3580426191,4569170177,8149596368,-988743986
20191023,"13:06:01","SH","NB",3614788949,4597315537,8212104486,-982526588
20191023,"13:06:01","SZ","NB",4893467592,5373301138,10266768730,-479833546
20191023,"13:07:01","SH","NB",3637823568,4618686500,8256510068,-980862932
20191023,"13:07:01","SZ","NB",4915873445,5409822263,10325695708,-493948818
20191023,"13:08:01","SH","NB",3657560556,4641619508,8299180064,-984058952
20191023,"13:08:01","SZ","NB",4933715008,5444469812,10378184820,-510754804
20191023,"13:09:01","SH","NB",3685990924,4660379344,8346370268,-974388420
20191023,"13:09:01","SZ","NB",4952057308,5461283385,10413340693,-509226077
20191023,"13:10:01","SH","NB",3707556578,4678193642,8385750220,-970637064
20191023,"13:10:01","SZ","NB",4968965476,5484033496,10452998972,-515068020
20191023,"13:11:01","SH","NB",3743622803,4715434858,8459057661,-971812055
20191023,"13:11:01","SZ","NB",4995507306,5525526875,10521034181,-530019569
20191023,"13:12:01","SH","NB",3765882699,4745363730,8511246429,-979481031
20191023,"13:12:01","SZ","NB",5016507176,5556198609,10572705785,-539691433
20191023,"13:13:01","SH","NB",3797239081,4764121091,8561360172,-966882010
20191023,"13:13:01","SZ","NB",5038557661,5575056039,10613613700,-536498378
20191023,"13:14:01","SH","NB",3824258134,4782484575,8606742709,-958226441
20191023,"13:14:01","SZ","NB",5054359312,5593398584,10647757896,-539039272
20191023,"13:15:01","SZ","NB",5077212241,5612563896,10689776137,-535351655
20191023,"13:15:01","SH","NB",3853192288,4799217688,8652409976,-946025400
20191023,"13:16:01","SH","NB",3910463060,4822317520,8732780580,-911854460
20191023,"13:16:01","SZ","NB",5127308691,5636985789,10764294480,-509677098
20191023,"13:17:01","SH","NB",3937042299,4840973728,8778016027,-903931429
20191023,"13:17:01","SZ","NB",5146446014,5663301094,10809747108,-516855080
20191023,"13:18:01","SH","NB",3957898805,4858013182,8815911987,-900114377
20191023,"13:18:01","SZ","NB",5159994544,5681455413,10841449957,-521460869
20191023,"13:19:01","SH","NB",3984829058,4886323387,8871152445,-901494329
20191023,"13:19:01","SZ","NB",5179552101,5712299965,10891852066,-532747864
20191023,"13:20:01","SH","NB",4005727694,4912287559,8918015253,-906559865
20191023,"13:20:01","SZ","NB",5193792989,5745785468,10939578457,-551992479
20191023,"13:21:01","SH","NB",4029395407,4943006653,8972402060,-913611246
20191023,"13:21:01","SZ","NB",5214951163,5779938022,10994889185,-564986859
20191023,"13:22:01","SH","NB",4050238781,4959450164,9009688945,-909211383
20191023,"13:22:01","SZ","NB",5238066900,5798347527,11036414427,-560280627
20191023,"13:23:01","SH","NB",4073948297,4976550556,9050498853,-902602259
20191023,"13:23:01","SZ","NB",5254669660,5813769497,11068439157,-559099837
20191023,"13:24:01","SZ","NB",5274234383,5856742862,11130977245,-582508479
20191023,"13:24:01","SH","NB",4099474967,5008773843,9108248810,-909298876
20191023,"13:25:01","SH","NB",4122735245,5027028547,9149763792,-904293302
20191023,"13:25:01","SZ","NB",5289143490,5875670475,11164813965,-586526985
20191023,"13:26:01","SH","NB",4157761776,5046957983,9204719759,-889196207
20191023,"13:26:01","SZ","NB",5304339760,5893785499,11198125259,-589445739
20191023,"13:27:01","SH","NB",4210608291,5065117898,9275726189,-854509607
20191023,"13:27:01","SZ","NB",5319974563,5908766990,11228741553,-588792427
20191023,"13:28:01","SH","NB",4237856297,5082999326,9320855623,-845143029
20191023,"13:28:01","SZ","NB",5332939151,5929145939,11262085090,-596206788
20191023,"13:29:01","SH","NB",4264657134,5106365877,9371023011,-841708743
20191023,"13:29:01","SZ","NB",5351154803,5947868549,11299023352,-596713746
20191023,"13:30:01","SH","NB",4291216742,5130115606,9421332348,-838898864
20191023,"13:30:01","SZ","NB",5367464057,5967671018,11335135075,-600206961
20191023,"13:31:01","SH","NB",4324500486,5187061983,9511562469,-862561497
20191023,"13:31:01","SZ","NB",5390565325,6021444237,11412009562,-630878912
20191023,"13:32:01","SZ","NB",5410453614,6043277984,11453731598,-632824370
20191023,"13:32:01","SH","NB",4345724762,5211736244,9557461006,-866011482
20191023,"13:33:01","SH","NB",4376764042,5230877869,9607641911,-854113827
20191023,"13:33:01","SZ","NB",5431712263,6060646578,11492358841,-628934315
20191023,"13:34:01","SH","NB",4407992861,5249007795,9657000656,-841014934
20191023,"13:34:01","SZ","NB",5450924814,6072096057,11523020871,-621171243
20191023,"13:35:01","SH","NB",4422250403,5268698250,9690948653,-846447847
20191023,"13:35:01","SZ","NB",5466236228,6088312095,11554548323,-622075867
20191023,"13:36:01","SH","NB",4438907822,5292433962,9731341784,-853526140
20191023,"13:36:01","SZ","NB",5483057743,6106579168,11589636911,-623521425
20191023,"13:37:01","SZ","NB",5500029466,6123720138,11623749604,-623690672
20191023,"13:37:01","SH","NB",4457241923,5311744120,9768986043,-854502197
20191023,"13:38:01","SH","NB",4478974245,5331706399,9810680644,-852732154
20191023,"13:38:01","SZ","NB",5518117693,6139766601,11657884294,-621648908
20191023,"13:39:01","SH","NB",4504057544,5349061651,9853119195,-845004107
20191023,"13:39:01","SZ","NB",5535694120,6162689626,11698383746,-626995506
20191023,"13:40:01","SH","NB",4522415922,5362476278,9884892200,-840060356
20191023,"13:40:01","SZ","NB",5549877651,6178131389,11728009040,-628253738
20191023,"13:41:01","SH","NB",4544207971,5400838099,9945046070,-856630128
20191023,"13:41:01","SZ","NB",5569830334,6220145475,11789975809,-650315141
20191023,"13:42:01","SH","NB",4568835598,5432133015,10000968613,-863297417
20191023,"13:42:01","SZ","NB",5593833413,6252087572,11845920985,-658254159
20191023,"13:43:01","SZ","NB",5620874102,6268656375,11889530477,-647782273
20191023,"13:43:01","SH","NB",4588308509,5451062441,10039370950,-862753932
20191023,"13:44:01","SH","NB",4608287302,5478321533,10086608835,-870034231
20191023,"13:44:01","SZ","NB",5645242977,6281756326,11926999303,-636513349
20191023,"13:45:01","SH","NB",4642738261,5495799434,10138537695,-853061173
20191023,"13:45:01","SZ","NB",5667085734,6297349088,11964434822,-630263354
20191023,"13:46:01","SZ","NB",5688157875,6318360281,12006518156,-630202406
20191023,"13:46:01","SH","NB",4660805925,5516099783,10176905708,-855293858
20191023,"13:47:01","SH","NB",4683806017,5534514879,10218320896,-850708862
20191023,"13:47:01","SZ","NB",5705615276,6330940635,12036555911,-625325359
20191023,"13:48:01","SH","NB",4697725725,5548631392,10246357117,-850905667
20191023,"13:48:01","SZ","NB",5724285059,6346235588,12070520647,-621950529
20191023,"13:49:01","SH","NB",4711986844,5564568450,10276555294,-852581606
20191023,"13:49:01","SZ","NB",5738800676,6363259721,12102060397,-624459045
20191023,"13:50:01","SH","NB",4734856224,5579341858,10314198082,-844485634
20191023,"13:50:01","SZ","NB",5758599458,6378510118,12137109576,-619910660
20191023,"13:51:01","SH","NB",4757060856,5596620407,10353681263,-839559551
20191023,"13:51:01","SZ","NB",5786672222,6396438478,12183110700,-609766256
20191023,"13:52:01","SH","NB",4778231616,5616790598,10395022214,-838558982
20191023,"13:52:01","SZ","NB",5805482953,6407936092,12213419045,-602453139
20191023,"13:53:01","SH","NB",4802738618,5631905197,10434643815,-829166579
20191023,"13:53:01","SZ","NB",5820493037,6425973535,12246466572,-605480498
20191023,"13:54:01","SH","NB",4841124319,5717080889,10558205208,-875956570
20191023,"13:54:01","SZ","NB",5848190432,6502516595,12350707027,-654326163
20191023,"13:55:01","SH","NB",4868917527,5750374184,10619291711,-881456657
20191023,"13:55:01","SZ","NB",5877085786,6533275842,12410361628,-656190056
20191023,"13:56:01","SZ","NB",5903284637,6550102988,12453387625,-646818351
20191023,"13:56:01","SH","NB",4888800263,5769475893,10658276156,-880675630
20191023,"13:57:01","SH","NB",4912050707,5791655931,10703706638,-879605224
20191023,"13:57:01","SZ","NB",5927138895,6564906373,12492045268,-637767478
20191023,"13:58:01","SH","NB",4928165003,5810862662,10739027665,-882697659
20191023,"13:58:01","SZ","NB",5945223524,6579025393,12524248917,-633801869
20191023,"13:59:01","SH","NB",4950255773,5833473684,10783729457,-883217911
20191023,"13:59:01","SZ","NB",5968678424,6601235267,12569913691,-632556843
20191023,"14:00:01","SH","NB",4972091791,5856507804,10828599595,-884416013
20191023,"14:00:01","SZ","NB",5993780714,6617045229,12610825943,-623264515
20191023,"14:01:01","SH","NB",4992834052,5884477020,10877311072,-891642968
20191023,"14:01:01","SZ","NB",6016765091,6637641883,12654406974,-620876792
20191023,"14:02:01","SH","NB",5012363039,5902768316,10915131355,-890405277
20191023,"14:02:01","SZ","NB",6045622476,6650181822,12695804298,-604559346
20191023,"14:03:01","SH","NB",5029108422,5920854460,10949962882,-891746038
20191023,"14:03:01","SZ","NB",6062167160,6663546138,12725713298,-601378978
20191023,"14:04:01","SH","NB",5047435929,5937102404,10984538333,-889666475
20191023,"14:04:01","SZ","NB",6078853631,6687993528,12766847159,-609139897
20191023,"14:05:01","SZ","NB",6133007662,6716508738,12849516400,-583501076
20191023,"14:05:01","SH","NB",5085207248,5957764983,11042972231,-872557735
20191023,"14:06:01","SH","NB",5110423816,5977481045,11087904861,-867057229
20191023,"14:06:01","SZ","NB",6172056713,6740972732,12913029445,-568916019
20191023,"14:07:01","SH","NB",5126134403,5992962197,11119096600,-866827794
20191023,"14:07:01","SZ","NB",6198147689,6770588952,12968736641,-572441263
20191023,"14:08:01","SH","NB",5139230467,6006926000,11146156467,-867695533
20191023,"14:08:01","SZ","NB",6218669941,6800128913,13018798854,-581458972
20191023,"14:09:01","SH","NB",5154086568,6032296110,11186382678,-878209542
20191023,"14:09:01","SZ","NB",6233847278,6831488690,13065335968,-597641412
20191023,"14:10:01","SH","NB",5169151927,6049161562,11218313489,-880009635
20191023,"14:10:01","SZ","NB",6247674361,6855100370,13102774731,-607426009
20191023,"14:11:01","SZ","NB",6261627428,6875585712,13137213140,-613958284
20191023,"14:11:01","SH","NB",5186139594,6066760756,11252900350,-880621162
20191023,"14:12:01","SH","NB",5205563263,6088195858,11293759121,-882632595
20191023,"14:12:01","SZ","NB",6289964075,6898416835,13188380910,-608452760
20191023,"14:13:01","SH","NB",5223194270,6104475986,11327670256,-881281716
20191023,"14:13:01","SZ","NB",6307017221,6917569370,13224586591,-610552149
20191023,"14:14:01","SH","NB",5239039614,6122770815,11361810429,-883731201
20191023,"14:14:01","SZ","NB",6325009981,6935282730,13260292711,-610272749
20191023,"14:15:01","SH","NB",5263135797,6192095106,11455230903,-928959309
20191023,"14:15:01","SZ","NB",6359989467,7027561820,13387551287,-667572353
20191023,"14:16:01","SH","NB",5290317217,6253455278,11543772495,-963138061
20191023,"14:16:01","SZ","NB",6399470543,7074965319,13474435862,-675494776
20191023,"14:17:01","SH","NB",5318071893,6290610411,11608682304,-972538518
20191023,"14:17:01","SZ","NB",6429765343,7107736312,13537501655,-677970969
20191023,"14:18:01","SH","NB",5336425967,6315348196,11651774163,-978922229
20191023,"14:18:01","SZ","NB",6452733913,7136880577,13589614490,-684146664
20191023,"14:19:01","SZ","NB",6474726750,7157829016,13632555766,-683102266
20191023,"14:19:01","SH","NB",5360718928,6340576980,11701295908,-979858052
20191023,"14:20:01","SH","NB",5385465300,6377470933,11762936233,-992005633
20191023,"14:20:01","SZ","NB",6502221554,7179771660,13681993214,-677550106
20191023,"14:21:01","SZ","NB",6526873266,7204650598,13731523864,-677777332
20191023,"14:21:01","SH","NB",5405241288,6405823401,11811064689,-1000582113
20191023,"14:22:01","SH","NB",5434771867,6429778570,11864550437,-995006703
20191023,"14:22:01","SZ","NB",6551355010,7219422128,13770777138,-668067118
20191023,"14:23:01","SH","NB",5453866389,6452405863,11906272252,-998539474
20191023,"14:23:01","SZ","NB",6570636957,7240643016,13811279973,-670006059
20191023,"14:24:01","SH","NB",5479000216,6483188888,11962189104,-1004188672
20191023,"14:24:01","SZ","NB",6594461935,7271636406,13866098341,-677174471
20191023,"14:25:01","SH","NB",5499190902,6510823321,12010014223,-1011632419
20191023,"14:25:01","SZ","NB",6623713191,7301761493,13925474684,-678048302
20191023,"14:26:01","SH","NB",5524904595,6553205613,12078110208,-1028301018
20191023,"14:26:01","SZ","NB",6649705429,7349936753,13999642182,-700231324
20191023,"14:27:01","SH","NB",5551936705,6579271248,12131207953,-1027334543
20191023,"14:27:01","SZ","NB",6683864017,7377499706,14061363723,-693635689
20191023,"14:28:01","SH","NB",5583808983,6600207645,12184016628,-1016398662
20191023,"14:28:01","SZ","NB",6723826421,7399083715,14122910136,-675257294
20191023,"14:29:01","SH","NB",5611306772,6626115124,12237421896,-1014808352
20191023,"14:29:01","SZ","NB",6749427536,7423140572,14172568108,-673713036
20191023,"14:30:01","SH","NB",5633919187,6648750949,12282670136,-1014831762
20191023,"14:30:01","SZ","NB",6773388827,7442932050,14216320877,-669543223
20191023,"14:31:01","SZ","NB",6821952283,7468844853,14290797136,-646892570
20191023,"14:31:01","SH","NB",5670247774,6683453397,12353701171,-1013205623
20191023,"14:32:01","SH","NB",5705342533,6717558794,12422901327,-1012216261
20191023,"14:32:01","SZ","NB",6850980787,7494263877,14345244664,-643283090
20191023,"14:33:01","SH","NB",5723846733,6751492254,12475338987,-1027645521
20191023,"14:33:01","SZ","NB",6874378077,7521257770,14395635847,-646879693
20191023,"14:34:01","SH","NB",5745857498,6774102883,12519960381,-1028245385
20191023,"14:34:01","SZ","NB",6893496273,7542060978,14435557251,-648564705
20191023,"14:35:01","SH","NB",5761986088,6795957293,12557943381,-1033971205
20191023,"14:35:01","SZ","NB",6912477489,7562943065,14475420554,-650465576
20191023,"14:36:01","SH","NB",5783940932,6823534586,12607475518,-1039593654
20191023,"14:36:01","SZ","NB",6935332058,7588469940,14523801998,-653137882
20191023,"14:37:01","SH","NB",5803802163,6853775333,12657577496,-1049973170
20191023,"14:37:01","SZ","NB",6954112111,7613157143,14567269254,-659045032
20191023,"14:38:01","SZ","NB",6984396767,7636319866,14620716633,-651923099
20191023,"14:38:01","SH","NB",5822729664,6876813787,12699543451,-1054084123
20191023,"14:39:01","SH","NB",5842141229,6901229638,12743370867,-1059088409
20191023,"14:39:01","SZ","NB",7012071038,7664955956,14677026994,-652884918
20191023,"14:40:01","SH","NB",5862660439,6936917945,12799578384,-1074257506
20191023,"14:40:01","SZ","NB",7065299236,7711479461,14776778697,-646180225
20191023,"14:41:01","SH","NB",5912156196,7099874272,13012030468,-1187718076
20191023,"14:41:01","SZ","NB",7121496951,7841042210,14962539161,-719545259
20191023,"14:42:01","SH","NB",5943989244,7144583548,13088572792,-1200594304
20191023,"14:42:01","SZ","NB",7179528515,7888401885,15067930400,-708873370
20191023,"14:43:01","SZ","NB",7233198039,7937579922,15170777961,-704381883
20191023,"14:43:01","SH","NB",5978701914,7208802743,13187504657,-1230100829
20191023,"14:44:01","SH","NB",6008451332,7262214026,13270665358,-1253762694
20191023,"14:44:01","SZ","NB",7266659355,7964481346,15231140701,-697821991
20191023,"14:45:01","SH","NB",6038355166,7318586033,13356941199,-1280230867
20191023,"14:45:01","SZ","NB",7297631193,7996614597,15294245790,-698983404
20191023,"14:46:01","SH","NB",6082200618,7361635626,13443836244,-1279435008
20191023,"14:46:01","SZ","NB",7366695617,8031809612,15398505229,-665113995
20191023,"14:47:01","SH","NB",6117898475,7393936228,13511834703,-1276037753
20191023,"14:47:01","SZ","NB",7409847140,8065439953,15475287093,-655592813
20191023,"14:48:01","SH","NB",6146236444,7422429268,13568665712,-1276192824
20191023,"14:48:01","SZ","NB",7445238107,8092915901,15538154008,-647677794
20191023,"14:49:01","SZ","NB",7479764895,8122317701,15602082596,-642552806
20191023,"14:49:01","SH","NB",6176952201,7455240322,13632192523,-1278288121
20191023,"14:50:01","SH","NB",6202075698,7483545240,13685620938,-1281469542
20191023,"14:50:01","SZ","NB",7508170526,8152305249,15660475775,-644134723
20191023,"14:51:01","SZ","NB",7565074073,8186727080,15751801153,-621653007
20191023,"14:51:01","SH","NB",6251838305,7524327342,13776165647,-1272489037
20191023,"14:52:01","SH","NB",6282286711,7554272440,13836559151,-1271985729
20191023,"14:52:01","SZ","NB",7603939621,8222398987,15826338608,-618459366
20191023,"14:53:01","SH","NB",6312570354,7589393393,13901963747,-1276823039
20191023,"14:53:01","SZ","NB",7661647772,8256307611,15917955383,-594659839
20191023,"14:54:01","SH","NB",6352667234,7640971622,13993638856,-1288304388
20191023,"14:54:01","SZ","NB",7713681180,8296489765,16010170945,-582808585
20191023,"14:55:01","SH","NB",6392397532,7679845563,14072243095,-1287448031
20191023,"14:55:01","SZ","NB",7757958441,8330171494,16088129935,-572213053
20191023,"14:56:01","SH","NB",6424381326,7719164008,14143545334,-1294782682
20191023,"14:56:01","SZ","NB",7809035137,8367091117,16176126254,-558055980
20191023,"14:57:01","SH","NB",6457519054,7786133556,14243652610,-1328614502
20191023,"14:57:01","SZ","NB",7839421272,8398722042,16238143314,-559300770
20191023,"14:58:01","SH","NB",6457645871,7786350186,14243996057,-1328704315
20191023,"14:58:01","SZ","NB",7839522440,8398817601,16238340041,-559295161
20191023,"15:01:01","SH","NB",6601110331,7869317862,14470428193,-1268207531
20191023,"15:01:01","SZ","NB",7949864946,8485886583,16435751529,-536021637
