dataDate,dataTime,connectMarket,tradeDirection,buyTurnover,sellTurnover,totalTurnover,netTurnover
20200921,"09:30:01","SH","NB",217520964,151264444,368785408,66256520
20200921,"09:30:01","SZ","NB",289495712,191877040,481372752,97618672
20200921,"09:31:01","SH","NB",618069005,452836343,1070905348,165232662
20200921,"09:31:01","SZ","NB",837928037,869368299,1707296336,-31440262
20200921,"09:32:01","SH","NB",1010677145,780130625,1790807770,230546520
20200921,"09:32:01","SZ","NB",1339941954,1294579058,2634521012,45362896
20200921,"09:33:01","SH","NB",1256396124,1005271922,2261668046,251124202
20200921,"09:33:01","SZ","NB",1751070796,1658816939,3409887735,92253857
20200921,"09:34:01","SH","NB",1524382682,1235491561,2759874243,288891121
20200921,"09:34:01","SZ","NB",2129243250,2002850571,4132093821,126392679
20200921,"09:35:01","SH","NB",1722331533,1563519665,3285851198,158811868
20200921,"09:35:01","SZ","NB",2513951223,2425077414,4939028637,88873809
20200921,"09:36:01","SH","NB",2103576564,1806055030,3909631594,297521534
20200921,"09:36:01","SZ","NB",3153057086,2731450573,5884507659,421606513
20200921,"09:37:01","SH","NB",2292137633,2118979081,4411116714,173158552
20200921,"09:37:01","SZ","NB",3547683170,3224061430,6771744600,323621740
20200921,"09:38:01","SZ","NB",3958836141,3562439097,7521275238,396397044
20200921,"09:38:01","SH","NB",2530886443,2330197187,4861083630,200689256
20200921,"09:39:01","SH","NB",2778615214,2453631614,5232246828,324983600
20200921,"09:39:01","SZ","NB",4363876395,3868109715,8231986110,495766680
20200921,"09:40:01","SH","NB",2924073332,2616406825,5540480157,307666507
20200921,"09:40:01","SZ","NB",4594913413,4254973513,8849886926,339939900
20200921,"09:41:01","SH","NB",3147526972,2802657358,5950184330,344869614
20200921,"09:41:01","SZ","NB",4914467786,4668783015,9583250801,245684771
20200921,"09:42:01","SH","NB",3433403708,3030617658,6464021366,402786050
20200921,"09:42:01","SZ","NB",5285600062,5027066424,10312666486,258533638
20200921,"09:43:01","SH","NB",3709880434,3147154747,6857035181,562725687
20200921,"09:43:01","SZ","NB",5648378131,5265429981,10913808112,382948150
20200921,"09:44:01","SH","NB",3849550088,3311629257,7161179345,537920831
20200921,"09:44:01","SZ","NB",5840103252,5640083467,11480186719,200019785
20200921,"09:45:01","SH","NB",3967912412,3497481152,7465393564,470431260
20200921,"09:45:01","SZ","NB",6017201505,5971740417,11988941922,45461088
20200921,"09:46:01","SZ","NB",6333132541,6255092042,12588224583,78040499
20200921,"09:46:01","SH","NB",4194119682,3640956892,7835076574,553162790
20200921,"09:47:01","SH","NB",4450149224,3796831224,8246980448,653318000
20200921,"09:47:01","SZ","NB",6651331435,6540628862,13191960297,110702573
20200921,"09:48:01","SH","NB",4589743575,3994502059,8584245634,595241516
20200921,"09:48:01","SZ","NB",6824656720,6878472879,13703129599,-53816159
20200921,"09:49:01","SH","NB",4686804727,4153417515,8840222242,533387212
20200921,"09:49:01","SZ","NB",6938157802,7131888626,14070046428,-193730824
20200921,"09:50:01","SH","NB",4822160149,4308576098,9130736247,513584051
20200921,"09:50:01","SZ","NB",7115635450,7342929338,14458564788,-227293888
20200921,"09:51:01","SH","NB",4919663926,4670944407,9590608333,248719519
20200921,"09:51:01","SZ","NB",7263705019,7863197118,15126902137,-599492099
20200921,"09:52:01","SZ","NB",7587128717,8023178040,15610306757,-436049323
20200921,"09:52:01","SH","NB",5126082556,4775085764,9901168320,350996792
20200921,"09:53:01","SH","NB",5249008344,4871879694,10120888038,377128650
20200921,"09:53:01","SZ","NB",7759247930,8147978387,15907226317,-388730457
20200921,"09:54:01","SH","NB",5339403291,5062195070,10401598361,277208221
20200921,"09:54:01","SZ","NB",7943226375,8366313823,16309540198,-423087448
20200921,"09:55:01","SH","NB",5433007420,5164616941,10597624361,268390479
20200921,"09:55:01","SZ","NB",8149512604,8465962746,16615475350,-316450142
20200921,"09:56:01","SH","NB",5677308357,5272811315,10950119672,404497042
20200921,"09:56:01","SZ","NB",8596445503,8613850428,17210295931,-17404925
20200921,"09:57:01","SH","NB",5758898151,5534258591,11293156742,224639560
20200921,"09:57:01","SZ","NB",8704798608,8958987009,17663785617,-254188401
20200921,"09:58:01","SH","NB",5838238642,5701132479,11539371121,137106163
20200921,"09:58:01","SZ","NB",8830576471,9154009954,17984586425,-323433483
20200921,"09:59:01","SH","NB",5911794317,5841658166,11753452483,70136151
20200921,"09:59:01","SZ","NB",8972633500,9320016357,18292649857,-347382857
20200921,"10:00:01","SH","NB",5965835541,5973275522,11939111063,-7439981
20200921,"10:00:01","SZ","NB",9069680169,9507206613,18576886782,-437526444
20200921,"10:01:01","SH","NB",6134725707,6123101426,12257827133,11624281
20200921,"10:01:01","SZ","NB",9378061952,9721433585,19099495537,-343371633
20200921,"10:02:01","SZ","NB",9671136123,9841634839,19512770962,-170498716
20200921,"10:02:01","SH","NB",6237344246,6203086043,12440430289,34258203
20200921,"10:03:01","SH","NB",6325906285,6292145009,12618051294,33761276
20200921,"10:03:01","SZ","NB",9818711547,9981108256,19799819803,-162396709
20200921,"10:04:01","SH","NB",6411179467,6360455908,12771635375,50723559
20200921,"10:04:01","SZ","NB",9961187032,10097185821,20058372853,-135998789
20200921,"10:05:01","SZ","NB",10089346125,10235883194,20325229319,-146537069
20200921,"10:05:01","SH","NB",6487131203,6449492839,12936624042,37638364
20200921,"10:06:01","SH","NB",6579808712,6553326171,13133134883,26482541
20200921,"10:06:01","SZ","NB",10210699732,10386544838,20597244570,-175845106
20200921,"10:07:01","SH","NB",6656363252,6697136276,13353499528,-40773024
20200921,"10:07:01","SZ","NB",10338368691,10556598385,20894967076,-218229694
20200921,"10:08:01","SH","NB",6699279470,6923862355,13623141825,-224582885
20200921,"10:08:01","SZ","NB",10423123387,10864605181,21287728568,-441481794
20200921,"10:09:01","SH","NB",6775015503,6995444711,13770460214,-220429208
20200921,"10:09:01","SZ","NB",10554756094,10987553414,21542309508,-432797320
20200921,"10:10:01","SH","NB",6852166730,7066455555,13918622285,-214288825
20200921,"10:10:01","SZ","NB",10675839467,11060650678,21736490145,-384811211
20200921,"10:11:01","SH","NB",7002818029,7172146825,14174964854,-169328796
20200921,"10:11:01","SZ","NB",10918761106,11233812209,22152573315,-315051103
20200921,"10:12:01","SH","NB",7046451785,7300465264,14346917049,-254013479
20200921,"10:12:01","SZ","NB",10982988808,11396041160,22379029968,-413052352
20200921,"10:13:01","SH","NB",7109709778,7377972999,14487682777,-268263221
20200921,"10:13:01","SZ","NB",11090400366,11484638454,22575038820,-394238088
20200921,"10:14:01","SH","NB",7169308585,7447244281,14616552866,-277935696
20200921,"10:14:01","SZ","NB",11166841223,11602152654,22768993877,-435311431
20200921,"10:15:01","SZ","NB",11242763518,11752607354,22995370872,-509843836
20200921,"10:15:01","SH","NB",7220949906,7538215571,14759165477,-317265665
20200921,"10:16:01","SH","NB",7297256120,7626688036,14923944156,-329431916
20200921,"10:16:01","SZ","NB",11329219929,11902535519,23231755448,-573315590
20200921,"10:17:01","SH","NB",7373971346,7683236547,15057207893,-309265201
20200921,"10:17:01","SZ","NB",11424775294,11990139706,23414915000,-565364412
20200921,"10:18:01","SH","NB",7426250374,7793474264,15219724638,-367223890
20200921,"10:18:01","SZ","NB",11485471120,12189136968,23674608088,-703665848
20200921,"10:19:01","SH","NB",7482380944,7857354097,15339735041,-374973153
20200921,"10:19:01","SZ","NB",11559927178,12286834339,23846761517,-726907161
20200921,"10:20:01","SH","NB",7525514835,7917278617,15442793452,-391763782
20200921,"10:20:01","SZ","NB",11623733896,12381521414,24005255310,-757787518
20200921,"10:21:01","SH","NB",7666611885,8003506986,15670118871,-336895101
20200921,"10:21:01","SZ","NB",11824840792,12490906163,24315746955,-666065371
20200921,"10:22:01","SH","NB",7726900225,8150676731,15877576956,-423776506
20200921,"10:22:01","SZ","NB",11881380944,12667917447,24549298391,-786536503
20200921,"10:23:01","SH","NB",7795488718,8224552042,16020040760,-429063324
20200921,"10:23:01","SZ","NB",11950854854,12779903715,24730758569,-829048861
20200921,"10:24:01","SH","NB",7829032201,8313060436,16142092637,-484028235
20200921,"10:24:01","SZ","NB",12008475857,12905915370,24914391227,-897439513
20200921,"10:25:01","SZ","NB",12064853370,13030038022,25094891392,-965184652
20200921,"10:25:01","SH","NB",7861550397,8396670781,16258221178,-535120384
20200921,"10:26:01","SH","NB",7917545525,8572270170,16489815695,-654724645
20200921,"10:26:01","SZ","NB",12147825636,13228375028,25376200664,-1080549392
20200921,"10:27:01","SH","NB",7983978165,8693146770,16677124935,-709168605
20200921,"10:27:01","SZ","NB",12236257819,13310879403,25547137222,-1074621584
20200921,"10:28:01","SH","NB",8057825304,8739464014,16797289318,-681638710
20200921,"10:28:01","SZ","NB",12390737402,13386100926,25776838328,-995363524
20200921,"10:29:01","SH","NB",8103304294,8836134144,16939438438,-732829850
20200921,"10:29:01","SZ","NB",12446320042,13467989343,25914309385,-1021669301
20200921,"10:30:01","SH","NB",8176603484,8889043569,17065647053,-712440085
20200921,"10:30:01","SZ","NB",12555075325,13523938026,26079013351,-968862701
20200921,"10:31:01","SH","NB",8295934576,8937523882,17233458458,-641589306
20200921,"10:31:01","SZ","NB",12701864098,13584382111,26286246209,-882518013
20200921,"10:32:01","SH","NB",8327907555,8991119854,17319027409,-663212299
20200921,"10:32:01","SZ","NB",12761217798,13667873781,26429091579,-906655983
20200921,"10:33:01","SH","NB",8367925209,9127004848,17494930057,-759079639
20200921,"10:33:01","SZ","NB",12819014660,13856894207,26675908867,-1037879547
20200921,"10:34:01","SH","NB",8406130372,9187039087,17593169459,-780908715
20200921,"10:34:01","SZ","NB",12900582565,13916628530,26817211095,-1016045965
20200921,"10:35:01","SZ","NB",12954706373,13977883963,26932590336,-1023177590
20200921,"10:35:01","SH","NB",8448559722,9245290501,17693850223,-796730779
20200921,"10:36:01","SH","NB",8496915200,9303909742,17800824942,-806994542
20200921,"10:36:01","SZ","NB",13029159611,14037043792,27066203403,-1007884181
20200921,"10:37:01","SH","NB",8571025681,9340686075,17911711756,-769660394
20200921,"10:37:01","SZ","NB",13146641328,14082869246,27229510574,-936227918
20200921,"10:38:01","SZ","NB",13204017060,14179676184,27383693244,-975659124
20200921,"10:38:01","SH","NB",8611247538,9429612752,18040860290,-818365214
20200921,"10:39:01","SH","NB",8647997752,9486324705,18134322457,-838326953
20200921,"10:39:01","SZ","NB",13248122392,14247963793,27496086185,-999841401
20200921,"10:40:01","SH","NB",8687837200,9662283248,18350120448,-974446048
20200921,"10:40:01","SZ","NB",13303549945,14449855789,27753405734,-1146305844
20200921,"10:41:01","SH","NB",8747727043,9747261563,18494988606,-999534520
20200921,"10:41:01","SZ","NB",13393734524,14552949630,27946684154,-1159215106
20200921,"10:42:01","SH","NB",8792019864,9792507975,18584527839,-1000488111
20200921,"10:42:01","SZ","NB",13452445966,14651428700,28103874666,-1198982734
20200921,"10:43:01","SH","NB",8854516420,9823979324,18678495744,-969462904
20200921,"10:43:01","SZ","NB",13521746510,14715027670,28236774180,-1193281160
20200921,"10:44:01","SH","NB",8902715848,9868282999,18770998847,-965567151
20200921,"10:44:01","SZ","NB",13572973937,14776121712,28349095649,-1203147775
20200921,"10:45:01","SH","NB",8956697071,9895552631,18852249702,-938855560
20200921,"10:45:01","SZ","NB",13640008633,14832602056,28472610689,-1192593423
20200921,"10:46:01","SH","NB",8990375706,9930587932,18920963638,-940212226
20200921,"10:46:01","SZ","NB",13685269597,14888598277,28573867874,-1203328680
20200921,"10:47:01","SH","NB",9023339280,10003767001,19027106281,-980427721
20200921,"10:47:01","SZ","NB",13725587777,15037518975,28763106752,-1311931198
20200921,"10:48:01","SZ","NB",13763609739,15127717676,28891327415,-1364107937
20200921,"10:48:01","SH","NB",9057000489,10051508020,19108508509,-994507531
20200921,"10:49:01","SH","NB",9100838717,10130751877,19231590594,-1029913160
20200921,"10:49:01","SZ","NB",13804827648,15258548384,29063376032,-1453720736
20200921,"10:50:01","SH","NB",9139043694,10220907851,19359951545,-1081864157
20200921,"10:50:01","SZ","NB",13867548313,15406092358,29273640671,-1538544045
20200921,"10:51:01","SH","NB",9238165083,10294828890,19532993973,-1056663807
20200921,"10:51:01","SZ","NB",13990480842,15508025119,29498505961,-1517544277
20200921,"10:52:01","SH","NB",9359873078,10320796945,19680670023,-960923867
20200921,"10:52:01","SZ","NB",14121885557,15555822568,29677708125,-1433937011
20200921,"10:53:01","SH","NB",9401164009,10370577139,19771741148,-969413130
20200921,"10:53:01","SZ","NB",14166996250,15632779944,29799776194,-1465783694
20200921,"10:54:01","SZ","NB",14216949423,15686834733,29903784156,-1469885310
20200921,"10:54:01","SH","NB",9434789080,10398841967,19833631047,-964052887
20200921,"10:55:01","SH","NB",9494012953,10427690505,19921703458,-933677552
20200921,"10:55:01","SZ","NB",14293676547,15742143144,30035819691,-1448466597
20200921,"10:56:01","SH","NB",9562254872,10451351975,20013606847,-889097103
20200921,"10:56:01","SZ","NB",14356824575,15789887003,30146711578,-1433062428
20200921,"10:57:01","SH","NB",9598611220,10478755645,20077366865,-880144425
20200921,"10:57:01","SZ","NB",14413271730,15837237164,30250508894,-1423965434
20200921,"10:58:01","SZ","NB",14455009674,15911949052,30366958726,-1456939378
20200921,"10:58:01","SH","NB",9631473099,10530730746,20162203845,-899257647
20200921,"10:59:01","SH","NB",9659749668,10568175599,20227925267,-908425931
20200921,"10:59:01","SZ","NB",14495159131,15957908958,30453068089,-1462749827
20200921,"11:00:01","SH","NB",9679468542,10612706778,20292175320,-933238236
20200921,"11:00:01","SZ","NB",14531333348,16066730729,30598064077,-1535397381
20200921,"11:01:01","SH","NB",9725717808,10832034127,20557751935,-1106316319
20200921,"11:01:01","SZ","NB",14593924953,16387369417,30981294370,-1793444464
20200921,"11:02:01","SH","NB",9764828904,10868032018,20632860922,-1103203114
20200921,"11:02:01","SZ","NB",14649576231,16454087424,31103663655,-1804511193
20200921,"11:03:01","SH","NB",9809529223,10903136395,20712665618,-1093607172
20200921,"11:03:01","SZ","NB",14707039738,16517579777,31224619515,-1810540039
20200921,"11:04:01","SZ","NB",14758433850,16619076148,31377509998,-1860642298
20200921,"11:04:01","SH","NB",9838030211,10971869574,20809899785,-1133839363
20200921,"11:05:01","SH","NB",9893443746,11012601768,20906045514,-1119158022
20200921,"11:05:01","SZ","NB",14840545339,16670052313,31510597652,-1829506974
20200921,"11:06:01","SH","NB",9920734797,11052719951,20973454748,-1131985154
20200921,"11:06:01","SZ","NB",14900213974,16741096651,31641310625,-1840882677
20200921,"11:07:01","SH","NB",9982975608,11087996401,21070972009,-1105020793
20200921,"11:07:01","SZ","NB",14973104235,16779149868,31752254103,-1806045633
20200921,"11:08:01","SH","NB",10016534783,11126121654,21142656437,-1109586871
20200921,"11:08:01","SZ","NB",15020952892,16826962458,31847915350,-1806009566
20200921,"11:09:01","SH","NB",10041162664,11203746942,21244909606,-1162584278
20200921,"11:09:01","SZ","NB",15065713343,16964012464,32029725807,-1898299121
20200921,"11:10:01","SH","NB",10064253638,11246272859,21310526497,-1182019221
20200921,"11:10:01","SZ","NB",15093405378,17016332678,32109738056,-1922927300
20200921,"11:11:01","SH","NB",10147560928,11298894332,21446455260,-1151333404
20200921,"11:11:01","SZ","NB",15180706877,17130074616,32310781493,-1949367739
20200921,"11:12:01","SH","NB",10236505459,11328651779,21565157238,-1092146320
20200921,"11:12:01","SZ","NB",15266414960,17169078770,32435493730,-1902663810
20200921,"11:13:01","SH","NB",10271140329,11374952986,21646093315,-1103812657
20200921,"11:13:01","SZ","NB",15318550607,17237870066,32556420673,-1919319459
20200921,"11:14:01","SZ","NB",15363119746,17311992216,32675111962,-1948872470
20200921,"11:14:01","SH","NB",10299470992,11423525093,21722996085,-1124054101
20200921,"11:15:01","SH","NB",10336880845,11477451163,21814332008,-1140570318
20200921,"11:15:01","SZ","NB",15413927580,17365024842,32778952422,-1951097262
20200921,"11:16:01","SH","NB",10364969265,11540153002,21905122267,-1175183737
20200921,"11:16:01","SZ","NB",15442815983,17452694073,32895510056,-2009878090
20200921,"11:17:01","SH","NB",10397778445,11665469194,22063247639,-1267690749
20200921,"11:17:01","SZ","NB",15484764365,17597081779,33081846144,-2112317414
20200921,"11:18:01","SH","NB",10438183351,11712184671,22150368022,-1274001320
20200921,"11:18:01","SZ","NB",15535086448,17667175963,33202262411,-2132089515
20200921,"11:19:01","SZ","NB",15579675517,17718866344,33298541861,-2139190827
20200921,"11:19:01","SH","NB",10480435413,11746510350,22226945763,-1266074937
20200921,"11:20:01","SH","NB",10513318380,11767746241,22281064621,-1254427861
20200921,"11:20:01","SZ","NB",15644247444,17752828972,33397076416,-2108581528
20200921,"11:21:01","SH","NB",10576641857,11800301948,22376943805,-1223660091
20200921,"11:21:01","SZ","NB",15734995878,17795056030,33530051908,-2060060152
20200921,"11:22:01","SH","NB",10603193820,11825097807,22428291627,-1221903987
20200921,"11:22:01","SZ","NB",15768567278,17839900236,33608467514,-2071332958
20200921,"11:23:01","SH","NB",10629405169,11885920801,22515325970,-1256515632
20200921,"11:23:01","SZ","NB",15807939141,17924009449,33731948590,-2116070308
20200921,"11:24:01","SH","NB",10658689271,11909800208,22568489479,-1251110937
20200921,"11:24:01","SZ","NB",15844756951,17954888245,33799645196,-2110131294
20200921,"11:25:01","SH","NB",10698373318,11928648165,22627021483,-1230274847
20200921,"11:25:01","SZ","NB",15884595922,17981163320,33865759242,-2096567398
20200921,"11:26:01","SH","NB",10722915800,11975336555,22698252355,-1252420755
20200921,"11:26:01","SZ","NB",15922703941,18033653447,33956357388,-2110949506
20200921,"11:27:01","SZ","NB",15962257109,18068568799,34030825908,-2106311690
20200921,"11:27:01","SH","NB",10748463302,11997048493,22745511795,-1248585191
20200921,"11:28:01","SH","NB",10770028713,12021241620,22791270333,-1251212907
20200921,"11:28:01","SZ","NB",15994471509,18103912170,34098383679,-2109440661
20200921,"11:29:01","SH","NB",10804252679,12040961356,22845214035,-1236708677
20200921,"11:29:01","SZ","NB",16024140263,18133773491,34157913754,-2109633228
20200921,"11:30:01","SH","NB",10824250798,12078932527,22903183325,-1254681729
20200921,"11:30:01","SZ","NB",16046493422,18169730770,34216224192,-2123237348
20200921,"11:31:01","SH","NB",10824299933,12078932527,22903232460,-1254632594
20200921,"13:00:01","SZ","NB",16049360358,18173056285,34222416643,-2123695927
20200921,"13:01:01","SH","NB",10902954433,12209534858,23112489291,-1306580425
20200921,"13:01:01","SZ","NB",16137874643,18346238891,34484113534,-2208364248
20200921,"13:02:01","SH","NB",10954985689,12276690914,23231676603,-1321705225
20200921,"13:02:01","SZ","NB",16198295954,18399934592,34598230546,-2201638638
20200921,"13:03:01","SH","NB",10995675971,12321503220,23317179191,-1325827249
20200921,"13:03:01","SZ","NB",16265202507,18446588263,34711790770,-2181385756
20200921,"13:04:01","SH","NB",11046222397,12360872169,23407094566,-1314649772
20200921,"13:04:01","SZ","NB",16333547852,18500171628,34833719480,-2166623776
20200921,"13:05:01","SZ","NB",16381244549,18573687489,34954932038,-2192442940
20200921,"13:05:01","SH","NB",11090498095,12436769749,23527267844,-1346271654
20200921,"13:06:01","SH","NB",11139388802,12475960727,23615349529,-1336571925
20200921,"13:06:01","SZ","NB",16453715833,18616209221,35069925054,-2162493388
20200921,"13:07:01","SH","NB",11169858457,12516352813,23686211270,-1346494356
20200921,"13:07:01","SZ","NB",16496484157,18659244070,35155728227,-2162759913
20200921,"13:08:01","SH","NB",11238271857,12553803574,23792075431,-1315531717
20200921,"13:08:01","SZ","NB",16578913543,18703898161,35282811704,-2124984618
20200921,"13:09:01","SH","NB",11295372412,12599394036,23894766448,-1304021624
20200921,"13:09:01","SZ","NB",16649145019,18749081187,35398226206,-2099936168
20200921,"13:10:01","SH","NB",11327729039,12681567356,24009296395,-1353838317
20200921,"13:10:01","SZ","NB",16703283245,18841457072,35544740317,-2138173827
20200921,"13:11:01","SH","NB",11364280961,12736486860,24100767821,-1372205899
20200921,"13:11:01","SZ","NB",16751818691,18904707999,35656526690,-2152889308
20200921,"13:12:01","SH","NB",11406947526,12811488397,24218435923,-1404540871
20200921,"13:12:01","SZ","NB",16792763207,18985656986,35778420193,-2192893779
20200921,"13:13:01","SH","NB",11449708102,12902664342,24352372444,-1452956240
20200921,"13:13:01","SZ","NB",16838065170,19063188545,35901253715,-2225123375
20200921,"13:14:01","SH","NB",11490440583,12945399341,24435839924,-1454958758
20200921,"13:14:01","SZ","NB",16891088161,19109409750,36000497911,-2218321589
20200921,"13:15:01","SZ","NB",16930303592,19188430778,36118734370,-2258127186
20200921,"13:15:01","SH","NB",11528300939,13014825096,24543126035,-1486524157
20200921,"13:16:01","SH","NB",11559735073,13079525638,24639260711,-1519790565
20200921,"13:16:01","SZ","NB",16983828830,19278121709,36261950539,-2294292879
20200921,"13:17:01","SH","NB",11583287365,13147055770,24730343135,-1563768405
20200921,"13:17:01","SZ","NB",17034783487,19371197126,36405980613,-2336413639
20200921,"13:18:01","SZ","NB",17099301683,19414910487,36514212170,-2315608804
20200921,"13:18:01","SH","NB",11623897568,13193105224,24817002792,-1569207656
20200921,"13:19:01","SH","NB",11648421503,13229704836,24878126339,-1581283333
20200921,"13:19:01","SZ","NB",17137523054,19463367808,36600890862,-2325844754
20200921,"13:20:01","SH","NB",11676383536,13262851566,24939235102,-1586468030
20200921,"13:20:01","SZ","NB",17189652306,19508771819,36698424125,-2319119513
20200921,"13:21:01","SH","NB",11733543240,13303773179,25037316419,-1570229939
20200921,"13:21:01","SZ","NB",17248502382,19567033368,36815535750,-2318530986
20200921,"13:22:01","SZ","NB",17310362567,19720587048,37030949615,-2410224481
20200921,"13:22:01","SH","NB",11777150600,13407093637,25184244237,-1629943037
20200921,"13:23:01","SH","NB",11808848696,13449454458,25258303154,-1640605762
20200921,"13:23:01","SZ","NB",17351189028,19780026967,37131215995,-2428837939
20200921,"13:24:01","SH","NB",11835756851,13520691456,25356448307,-1684934605
20200921,"13:24:01","SZ","NB",17396966058,19838898282,37235864340,-2441932224
20200921,"13:25:01","SH","NB",11862698877,13613065152,25475764029,-1750366275
20200921,"13:25:01","SZ","NB",17433975396,19929707206,37363682602,-2495731810
20200921,"13:26:01","SH","NB",11893290248,13672963380,25566253628,-1779673132
20200921,"13:26:01","SZ","NB",17478067844,19988004946,37466072790,-2509937102
20200921,"13:27:01","SH","NB",11929906883,13767805030,25697711913,-1837898147
20200921,"13:27:01","SZ","NB",17537201485,20070855388,37608056873,-2533653903
20200921,"13:28:01","SH","NB",11988903654,13821112227,25810015881,-1832208573
20200921,"13:28:01","SZ","NB",17621005064,20123621681,37744626745,-2502616617
20200921,"13:29:01","SZ","NB",17677316434,20166931188,37844247622,-2489614754
20200921,"13:29:01","SH","NB",12017533465,13870351119,25887884584,-1852817654
20200921,"13:30:01","SH","NB",12049146020,13918878491,25968024511,-1869732471
20200921,"13:30:01","SZ","NB",17715819972,20215119643,37930939615,-2499299671
20200921,"13:31:01","SH","NB",12081046001,14047362795,26128408796,-1966316794
20200921,"13:31:01","SZ","NB",17761539757,20340576572,38102116329,-2579036815
20200921,"13:32:01","SH","NB",12116070030,14215136245,26331206275,-2099066215
20200921,"13:32:01","SZ","NB",17820639445,20474650485,38295289930,-2654011040
20200921,"13:33:01","SH","NB",12164613054,14263873604,26428486658,-2099260550
20200921,"13:33:01","SZ","NB",17897524044,20533110709,38430634753,-2635586665
20200921,"13:34:01","SH","NB",12192636415,14339079833,26531716248,-2146443418
20200921,"13:34:01","SZ","NB",17946587345,20588379989,38534967334,-2641792644
20200921,"13:35:01","SH","NB",12225755359,14441030774,26666786133,-2215275415
20200921,"13:35:01","SZ","NB",17992269214,20665718164,38657987378,-2673448950
20200921,"13:36:01","SH","NB",12265370121,14490380955,26755751076,-2225010834
20200921,"13:36:01","SZ","NB",18045995442,20719915548,38765910990,-2673920106
20200921,"13:37:01","SZ","NB",18089270196,20792337786,38881607982,-2703067590
20200921,"13:37:01","SH","NB",12303593230,14555043967,26858637197,-2251450737
20200921,"13:38:01","SH","NB",12340934581,14647278552,26988213133,-2306343971
20200921,"13:38:01","SZ","NB",18131827032,20881611336,39013438368,-2749784304
20200921,"13:39:01","SH","NB",12417829633,14706447197,27124276830,-2288617564
20200921,"13:39:01","SZ","NB",18255706879,20940124362,39195831241,-2684417483
20200921,"13:40:01","SH","NB",12449544355,14789101729,27238646084,-2339557374
20200921,"13:40:01","SZ","NB",18299386275,21020887214,39320273489,-2721500939
20200921,"13:41:01","SH","NB",12488056514,14862617736,27350674250,-2374561222
20200921,"13:41:01","SZ","NB",18360679459,21089062067,39449741526,-2728382608
20200921,"13:42:01","SH","NB",12515644295,14910288920,27425933215,-2394644625
20200921,"13:42:01","SZ","NB",18393808827,21162384659,39556193486,-2768575832
20200921,"13:43:01","SZ","NB",18460063206,21202515994,39662579200,-2742452788
20200921,"13:43:01","SH","NB",12560150733,14943222300,27503373033,-2383071567
20200921,"13:44:01","SH","NB",12595388979,14983139950,27578528929,-2387750971
20200921,"13:44:01","SZ","NB",18519315701,21243403073,39762718774,-2724087372
20200921,"13:45:01","SH","NB",12622528070,15031309982,27653838052,-2408781912
20200921,"13:45:01","SZ","NB",18561098197,21302567412,39863665609,-2741469215
20200921,"13:46:01","SH","NB",12651234206,15135398552,27786632758,-2484164346
20200921,"13:46:01","SZ","NB",18599639492,21426523393,40026162885,-2826883901
20200921,"13:47:01","SH","NB",12674379584,15164067615,27838447199,-2489688031
20200921,"13:47:01","SZ","NB",18636594742,21459954738,40096549480,-2823359996
20200921,"13:48:01","SH","NB",12693607947,15197838791,27891446738,-2504230844
20200921,"13:48:01","SZ","NB",18666293835,21498985642,40165279477,-2832691807
20200921,"13:49:01","SH","NB",12719721334,15259054820,27978776154,-2539333486
20200921,"13:49:01","SZ","NB",18697282436,21570532301,40267814737,-2873249865
20200921,"13:50:01","SH","NB",12762819385,15289619187,28052438572,-2526799802
20200921,"13:50:01","SZ","NB",18770998640,21604801114,40375799754,-2833802474
20200921,"13:51:01","SH","NB",12812613318,15332865601,28145478919,-2520252283
20200921,"13:51:01","SZ","NB",18842743848,21659353282,40502097130,-2816609434
20200921,"13:52:01","SZ","NB",18883076532,21755862284,40638938816,-2872785752
20200921,"13:52:01","SH","NB",12840676219,15391465431,28232141650,-2550789212
20200921,"13:53:01","SH","NB",12868234023,15434289302,28302523325,-2566055279
20200921,"13:53:01","SZ","NB",18916960985,21819007852,40735968837,-2902046867
20200921,"13:54:01","SH","NB",12921584064,15473811555,28395395619,-2552227491
20200921,"13:54:01","SZ","NB",19001995769,21861221293,40863217062,-2859225524
20200921,"13:55:01","SH","NB",12954025714,15502153855,28456179569,-2548128141
20200921,"13:55:01","SZ","NB",19048224890,21895496904,40943721794,-2847272014
20200921,"13:56:01","SH","NB",12990098786,15556887477,28546986263,-2566788691
20200921,"13:56:01","SZ","NB",19104541283,21946325395,41050866678,-2841784112
20200921,"13:57:01","SH","NB",13021332697,15655698401,28677031098,-2634365704
20200921,"13:57:01","SZ","NB",19141208169,22044066654,41185274823,-2902858485
20200921,"13:58:01","SH","NB",13045694340,15685234082,28730928422,-2639539742
20200921,"13:58:01","SZ","NB",19177090447,22086717192,41263807639,-2909626745
20200921,"13:59:01","SH","NB",13069321335,15740032374,28809353709,-2670711039
20200921,"13:59:01","SZ","NB",19214311655,22145172902,41359484557,-2930861247
20200921,"14:00:01","SH","NB",13088137908,15788074374,28876212282,-2699936466
20200921,"14:00:01","SZ","NB",19244766566,22197252187,41442018753,-2952485621
20200921,"14:01:01","SH","NB",13125937412,15857246539,28983183951,-2731309127
20200921,"14:01:01","SZ","NB",19303382413,22284667071,41588049484,-2981284658
20200921,"14:02:01","SZ","NB",19352968475,22330744550,41683713025,-2977776075
20200921,"14:02:01","SH","NB",13158757325,15899251375,29058008700,-2740494050
20200921,"14:03:01","SH","NB",13197081138,16016254135,29213335273,-2819172997
20200921,"14:03:01","SZ","NB",19408076817,22468665163,41876741980,-3060588346
20200921,"14:04:01","SH","NB",13239062890,16057355767,29296418657,-2818292877
20200921,"14:04:01","SZ","NB",19466298911,22516502777,41982801688,-3050203866
20200921,"14:05:01","SH","NB",13275926882,16083305337,29359232219,-2807378455
20200921,"14:05:01","SZ","NB",19514061562,22545418276,42059479838,-3031356714
20200921,"14:06:01","SH","NB",13303047769,16118990513,29422038282,-2815942744
20200921,"14:06:01","SZ","NB",19565218449,22597059370,42162277819,-3031840921
20200921,"14:07:01","SH","NB",13328300533,16184570062,29512870595,-2856269529
20200921,"14:07:01","SZ","NB",19607560722,22683799844,42291360566,-3076239122
20200921,"14:08:01","SZ","NB",19665385470,22744913585,42410299055,-3079528115
20200921,"14:08:01","SH","NB",13368240699,16232943810,29601184509,-2864703111
20200921,"14:09:01","SH","NB",13405513140,16269079644,29674592784,-2863566504
20200921,"14:09:01","SZ","NB",19702508367,22785586965,42488095332,-3083078598
20200921,"14:10:01","SH","NB",13531844745,16330968147,29862812892,-2799123402
20200921,"14:10:01","SZ","NB",19891286287,22856802027,42748088314,-2965515740
20200921,"14:11:01","SH","NB",13587451272,16372546349,29959997621,-2785095077
20200921,"14:11:01","SZ","NB",19981744578,22913162276,42894906854,-2931417698
20200921,"14:12:01","SH","NB",13629493689,16418072674,30047566363,-2788578985
20200921,"14:12:01","SZ","NB",20046073496,22962939646,43009013142,-2916866150
20200921,"14:13:01","SH","NB",13684946955,16472092644,30157039599,-2787145689
20200921,"14:13:01","SZ","NB",20105548828,23036358003,43141906831,-2930809175
20200921,"14:14:01","SH","NB",13711667610,16538540253,30250207863,-2826872643
20200921,"14:14:01","SZ","NB",20142032978,23125520635,43267553613,-2983487657
20200921,"14:15:01","SH","NB",13742257045,16571670396,30313927441,-2829413351
20200921,"14:15:01","SZ","NB",20171130616,23166499944,43337630560,-2995369328
20200921,"14:16:01","SZ","NB",20218635430,23213543128,43432178558,-2994907698
20200921,"14:16:01","SH","NB",13786630351,16606770792,30393401143,-2820140441
20200921,"14:17:01","SH","NB",13811975250,16690119351,30502094601,-2878144101
20200921,"14:17:01","SZ","NB",20252741695,23306728502,43559470197,-3053986807
20200921,"14:18:01","SH","NB",13837112864,16721826639,30558939503,-2884713775
20200921,"14:18:01","SZ","NB",20288429351,23349711612,43638140963,-3061282261
20200921,"14:19:01","SH","NB",13861127543,16799160494,30660288037,-2938032951
20200921,"14:19:01","SZ","NB",20321064865,23447066018,43768130883,-3126001153
20200921,"14:20:01","SH","NB",13892574120,16862419321,30754993441,-2969845201
20200921,"14:20:01","SZ","NB",20363619908,23503757921,43867377829,-3140138013
20200921,"14:21:01","SH","NB",13945469240,16911981863,30857451103,-2966512623
20200921,"14:21:01","SZ","NB",20435199557,23575513425,44010712982,-3140313868
20200921,"14:22:01","SH","NB",13974076670,16957424171,30931500841,-2983347501
20200921,"14:22:01","SZ","NB",20472729050,23636936570,44109665620,-3164207520
20200921,"14:23:01","SH","NB",14000424404,17015934607,31016359011,-3015510203
20200921,"14:23:01","SZ","NB",20513895858,23695422174,44209318032,-3181526316
20200921,"14:24:01","SZ","NB",20587385667,23737492546,44324878213,-3150106879
20200921,"14:24:01","SH","NB",14044294942,17058735095,31103030037,-3014440153
20200921,"14:25:01","SH","NB",14067347902,17097676020,31165023922,-3030328118
20200921,"14:25:01","SZ","NB",20624422558,23791011263,44415433821,-3166588705
20200921,"14:26:01","SH","NB",14139369503,17183191931,31322561434,-3043822428
20200921,"14:26:01","SZ","NB",20703402192,23883392760,44586794952,-3179990568
20200921,"14:27:01","SH","NB",14179538623,17215117500,31394656123,-3035578877
20200921,"14:27:01","SZ","NB",20761619343,23927305779,44688925122,-3165686436
20200921,"14:28:01","SH","NB",14220355937,17281802362,31502158299,-3061446425
20200921,"14:28:01","SZ","NB",20815367173,23995246783,44810613956,-3179879610
20200921,"14:29:01","SH","NB",14261147877,17486308158,31747456035,-3225160281
20200921,"14:29:01","SZ","NB",20873558481,24168281305,45041839786,-3294722824
20200921,"14:30:01","SH","NB",14317911751,17557388995,31875300746,-3239477244
20200921,"14:30:01","SZ","NB",20949487578,24255387176,45204874754,-3305899598
20200921,"14:31:01","SH","NB",14404599509,17606544388,32011143897,-3201944879
20200921,"14:31:01","SZ","NB",21096021408,24328548644,45424570052,-3232527236
20200921,"14:32:01","SZ","NB",21151641048,24394992786,45546633834,-3243351738
20200921,"14:32:01","SH","NB",14449865815,17658091692,32107957507,-3208225877
20200921,"14:33:01","SH","NB",14490385087,17762995461,32253380548,-3272610374
20200921,"14:33:01","SZ","NB",21205901549,24542523847,45748425396,-3336622298
20200921,"14:34:01","SH","NB",14550015248,17805825602,32355840850,-3255810354
20200921,"14:34:01","SZ","NB",21296885432,24602361716,45899247148,-3305476284
20200921,"14:35:01","SH","NB",14591115519,17889618789,32480734308,-3298503270
20200921,"14:35:01","SZ","NB",21358780752,24671753475,46030534227,-3312972723
20200921,"14:36:01","SH","NB",14635929435,17949799345,32585728780,-3313869910
20200921,"14:36:01","SZ","NB",21416081049,24745344940,46161425989,-3329263891
20200921,"14:37:01","SH","NB",14681656535,17989726304,32671382839,-3308069769
20200921,"14:37:01","SZ","NB",21483529708,24803931145,46287460853,-3320401437
20200921,"14:38:01","SZ","NB",21569533344,24855088744,46424622088,-3285555400
20200921,"14:38:01","SH","NB",14749806973,18025122924,32774929897,-3275315951
20200921,"14:39:01","SH","NB",14812248712,18071975854,32884224566,-3259727142
20200921,"14:39:01","SZ","NB",21643525782,24903869657,46547395439,-3260343875
20200921,"14:40:01","SH","NB",14848061548,18128507278,32976568826,-3280445730
20200921,"14:40:01","SZ","NB",21698305705,24959309959,46657615664,-3261004254
20200921,"14:41:01","SH","NB",14955936962,18191715797,33147652759,-3235778835
20200921,"14:41:01","SZ","NB",21889344586,25039737316,46929081902,-3150392730
20200921,"14:42:01","SH","NB",14998332126,18251213260,33249545386,-3252881134
20200921,"14:42:01","SZ","NB",21958115521,25125973703,47084089224,-3167858182
20200921,"14:43:01","SH","NB",15052652648,18308794444,33361447092,-3256141796
20200921,"14:43:01","SZ","NB",22017050769,25211765092,47228815861,-3194714323
20200921,"14:44:01","SH","NB",15097050482,18387842523,33484893005,-3290792041
20200921,"14:44:01","SZ","NB",22070645900,25306860251,47377506151,-3236214351
20200921,"14:45:01","SH","NB",15148790951,18424772948,33573563899,-3275981997
20200921,"14:45:01","SZ","NB",22142517806,25351863362,47494381168,-3209345556
20200921,"14:46:01","SZ","NB",22236038608,25406310197,47642348805,-3170271589
20200921,"14:46:01","SH","NB",15218312755,18478722286,33697035041,-3260409531
20200921,"14:47:01","SH","NB",15270736930,18517629382,33788366312,-3246892452
20200921,"14:47:01","SZ","NB",22301392056,25467380327,47768772383,-3165988271
20200921,"14:48:01","SH","NB",15324473376,18593442812,33917916188,-3268969436
20200921,"14:48:01","SZ","NB",22354871245,25561670436,47916541681,-3206799191
20200921,"14:49:01","SH","NB",15377107391,18651403887,34028511278,-3274296496
20200921,"14:49:01","SZ","NB",22428911491,25623726412,48052637903,-3194814921
20200921,"14:50:01","SH","NB",15434757153,18698078338,34132835491,-3263321185
20200921,"14:50:01","SZ","NB",22490471235,25689320777,48179792012,-3198849542
20200921,"14:51:01","SZ","NB",22578404256,25785788259,48364192515,-3207384003
20200921,"14:51:01","SH","NB",15512477703,18787346941,34299824644,-3274869238
20200921,"14:52:01","SH","NB",15575727126,18855417022,34431144148,-3279689896
20200921,"14:52:01","SZ","NB",22643785203,25872009239,48515794442,-3228224036
20200921,"14:53:01","SH","NB",15642166513,18938204872,34580371385,-3296038359
20200921,"14:53:01","SZ","NB",22751862624,25986777732,48738640356,-3234915108
20200921,"14:54:01","SH","NB",15718774325,19010223592,34728997917,-3291449267
20200921,"14:54:01","SZ","NB",22855889399,26076579957,48932469356,-3220690558
20200921,"14:55:01","SH","NB",15780431164,19070586002,34851017166,-3290154838
20200921,"14:55:01","SZ","NB",22929893971,26153720341,49083614312,-3223826370
20200921,"14:56:01","SH","NB",15864322539,19154867714,35019190253,-3290545175
20200921,"14:56:01","SZ","NB",23025706461,26261592723,49287299184,-3235886262
20200921,"14:57:01","SH","NB",15921388934,19255001038,35176389972,-3333612104
20200921,"14:57:01","SZ","NB",23080038710,26360593342,49440632052,-3280554632
20200921,"14:58:01","SH","NB",15922184191,19261573369,35183757560,-3339389178
20200921,"14:58:01","SZ","NB",23080259363,26362069066,49442328429,-3281809703
20200921,"15:00:01","SH","NB",15922186052,19261573369,35183759421,-3339387317
20200921,"15:00:01","SZ","NB",23090985001,26387304624,49478289625,-3296319623
20200921,"15:01:01","SH","NB",16421096401,19662918007,36084014408,-3241821606
20200921,"15:01:01","SZ","NB",23375051760,26629001835,50004053595,-3253950075
