dataDate,dataTime,connectMarket,tradeDirection,buyTurnover,sellTurnover,totalTurnover,netTurnover
20201202,"09:30:01","SH","NB",187056703,207868820,394925523,-20812117
20201202,"09:30:01","SZ","NB",207558393,216321740,423880133,-8763347
20201202,"09:31:01","SH","NB",484767425,526955220,1011722645,-42187795
20201202,"09:31:01","SZ","NB",772743420,875130253,1647873673,-102386833
20201202,"09:32:01","SH","NB",774891198,800168348,1575059546,-25277150
20201202,"09:32:01","SZ","NB",1306506571,1334067827,2640574398,-27561256
20201202,"09:33:01","SH","NB",1010870931,1002346024,2013216955,8524907
20201202,"09:33:01","SZ","NB",1679089703,1758421808,3437511511,-79332105
20201202,"09:34:01","SZ","NB",1986385531,2187330041,4173715572,-200944510
20201202,"09:34:01","SH","NB",1258172651,1257422365,2515595016,750286
20201202,"09:35:01","SH","NB",1480931410,1487910057,2968841467,-6978647
20201202,"09:35:01","SZ","NB",2275418727,2567932157,4843350884,-292513430
20201202,"09:36:01","SH","NB",1690657935,1753966695,3444624630,-63308760
20201202,"09:36:01","SZ","NB",2570084459,3025192400,5595276859,-455107941
20201202,"09:37:01","SH","NB",2021300697,2487440650,4508741347,-466139953
20201202,"09:37:01","SZ","NB",3062638615,3564248511,6626887126,-501609896
20201202,"09:38:01","SH","NB",2261845684,2780594971,5042440655,-518749287
20201202,"09:38:01","SZ","NB",3469567249,3874251390,7343818639,-404684141
20201202,"09:39:01","SH","NB",2471684993,3127459849,5599144842,-655774856
20201202,"09:39:01","SZ","NB",3754644841,4254183264,8008828105,-499538423
20201202,"09:40:01","SH","NB",2674303200,3440196530,6114499730,-765893330
20201202,"09:40:01","SZ","NB",4053176812,4635058768,8688235580,-581881956
20201202,"09:41:01","SH","NB",2938522816,3719495755,6658018571,-780972939
20201202,"09:41:01","SZ","NB",4531582354,5085931982,9617514336,-554349628
20201202,"09:42:01","SH","NB",3107582132,3941615338,7049197470,-834033206
20201202,"09:42:01","SZ","NB",4833464095,5403109271,10236573366,-569645176
20201202,"09:43:01","SH","NB",3281238595,4224337677,7505576272,-943099082
20201202,"09:43:01","SZ","NB",5078167797,5761108765,10839276562,-682940968
20201202,"09:44:01","SZ","NB",5273398444,6010496002,11283894446,-737097558
20201202,"09:44:01","SH","NB",3430333408,4412965061,7843298469,-982631653
20201202,"09:45:01","SH","NB",3573391031,4647369779,8220760810,-1073978748
20201202,"09:45:01","SZ","NB",5501103622,6370887851,11871991473,-869784229
20201202,"09:46:01","SH","NB",3743689445,4960277619,8703967064,-1216588174
20201202,"09:46:01","SZ","NB",5824369032,6730257631,12554626663,-905888599
20201202,"09:47:01","SH","NB",3924769413,5180507497,9105276910,-1255738084
20201202,"09:47:01","SZ","NB",6121799936,6975599636,13097399572,-853799700
20201202,"09:48:01","SH","NB",4103345828,5452608544,9555954372,-1349262716
20201202,"09:48:01","SZ","NB",6341960090,7416290646,13758250736,-1074330556
20201202,"09:49:01","SZ","NB",6554495493,7719550886,14274046379,-1165055393
20201202,"09:49:01","SH","NB",4299738062,5630921216,9930659278,-1331183154
20201202,"09:50:01","SH","NB",4508741822,5780265248,10289007070,-1271523426
20201202,"09:50:01","SZ","NB",6753990993,7952697108,14706688101,-1198706115
20201202,"09:51:01","SZ","NB",6956559635,8608245132,15564804767,-1651685497
20201202,"09:51:01","SH","NB",4719440076,6137619056,10857059132,-1418178980
20201202,"09:52:01","SH","NB",4931298783,6421935828,11353234611,-1490637045
20201202,"09:52:01","SZ","NB",7223827662,8907456522,16131284184,-1683628860
20201202,"09:53:01","SH","NB",5109786621,6547018619,11656805240,-1437231998
20201202,"09:53:01","SZ","NB",7394050991,9131383024,16525434015,-1737332033
20201202,"09:54:01","SH","NB",5261948131,6817403365,12079351496,-1555455234
20201202,"09:54:01","SZ","NB",7582769404,9484622923,17067392327,-1901853519
20201202,"09:55:01","SH","NB",5414001721,6972105843,12386107564,-1558104122
20201202,"09:55:01","SZ","NB",7781232598,9630875919,17412108517,-1849643321
20201202,"09:56:01","SH","NB",5552585529,7146618265,12699203794,-1594032736
20201202,"09:56:01","SZ","NB",7963269646,9924483014,17887752660,-1961213368
20201202,"09:57:01","SH","NB",5701462006,7329434992,13030896998,-1627972986
20201202,"09:57:01","SZ","NB",8121440535,10157093600,18278534135,-2035653065
20201202,"09:58:01","SH","NB",5826298358,7427842782,13254141140,-1601544424
20201202,"09:58:01","SZ","NB",8334753875,10306751436,18641505311,-1971997561
20201202,"09:59:01","SH","NB",5950242904,7578477607,13528720511,-1628234703
20201202,"09:59:01","SZ","NB",8469820007,10514474265,18984294272,-2044654258
20201202,"10:00:01","SZ","NB",8602170640,10620969320,19223139960,-2018798680
20201202,"10:00:01","SH","NB",6071728724,7671923298,13743652022,-1600194574
20201202,"10:01:01","SH","NB",6267937990,7828261360,14096199350,-1560323370
20201202,"10:01:01","SZ","NB",8790823834,10811029211,19601853045,-2020205377
20201202,"10:02:01","SH","NB",6384942633,8105972195,14490914828,-1721029562
20201202,"10:02:01","SZ","NB",8921402206,11159494385,20080896591,-2238092179
20201202,"10:03:01","SH","NB",6549069470,8221227582,14770297052,-1672158112
20201202,"10:03:01","SZ","NB",9095941130,11287926285,20383867415,-2191985155
20201202,"10:04:01","SH","NB",6669017813,8352210150,15021227963,-1683192337
20201202,"10:04:01","SZ","NB",9212902867,11515707708,20728610575,-2302804841
20201202,"10:05:01","SH","NB",6872457974,8508490369,15380948343,-1636032395
20201202,"10:05:01","SZ","NB",9420214276,11656221255,21076435531,-2236006979
20201202,"10:06:01","SZ","NB",9537009856,11933690154,21470700010,-2396680298
20201202,"10:06:01","SH","NB",6965571623,8689706615,15655278238,-1724134992
20201202,"10:07:01","SH","NB",7064796622,8799887724,15864684346,-1735091102
20201202,"10:07:01","SZ","NB",9685995113,12073963853,21759958966,-2387968740
20201202,"10:08:01","SH","NB",7142450557,8874037595,16016488152,-1731587038
20201202,"10:08:01","SZ","NB",9823262420,12168353445,21991615865,-2345091025
20201202,"10:09:01","SH","NB",7225976250,8941548751,16167525001,-1715572501
20201202,"10:09:01","SZ","NB",9941202059,12232466923,22173668982,-2291264864
20201202,"10:10:01","SH","NB",7295303398,9036081708,16331385106,-1740778310
20201202,"10:10:01","SZ","NB",10043602842,12347364020,22390966862,-2303761178
20201202,"10:11:01","SH","NB",7403720663,9274165880,16677886543,-1870445217
20201202,"10:11:01","SZ","NB",10185320094,12592796047,22778116141,-2407475953
20201202,"10:12:01","SH","NB",7510875136,9349025730,16859900866,-1838150594
20201202,"10:12:01","SZ","NB",10361961606,12698774058,23060735664,-2336812452
20201202,"10:13:01","SZ","NB",10457226390,12861723153,23318949543,-2404496763
20201202,"10:13:01","SH","NB",7574257718,9440691399,17014949117,-1866433681
20201202,"10:14:01","SH","NB",7702399538,9517962290,17220361828,-1815562752
20201202,"10:14:01","SZ","NB",10663057308,12958046820,23621104128,-2294989512
20201202,"10:15:01","SZ","NB",10749795119,13083962632,23833757751,-2334167513
20201202,"10:15:01","SH","NB",7776834376,9648208503,17425042879,-1871374127
20201202,"10:16:01","SH","NB",7865550359,9761097338,17626647697,-1895546979
20201202,"10:16:01","SZ","NB",10861849567,13230453930,24092303497,-2368604363
20201202,"10:17:01","SH","NB",7965458463,9851499410,17816957873,-1886040947
20201202,"10:17:01","SZ","NB",11012344431,13320689379,24333033810,-2308344948
20201202,"10:18:01","SH","NB",8060606492,9935441507,17996047999,-1874835015
20201202,"10:18:01","SZ","NB",11133797461,13425770157,24559567618,-2291972696
20201202,"10:19:01","SH","NB",8146834698,10021544916,18168379614,-1874710218
20201202,"10:19:01","SZ","NB",11211640833,13539003789,24750644622,-2327362956
20201202,"10:20:01","SH","NB",8239539116,10094512054,18334051170,-1854972938
20201202,"10:20:01","SZ","NB",11297943599,13637861830,24935805429,-2339918231
20201202,"10:21:01","SH","NB",8366047257,10252024817,18618072074,-1885977560
20201202,"10:21:01","SZ","NB",11421273774,13853572346,25274846120,-2432298572
20201202,"10:22:01","SH","NB",8508875327,10316119798,18824995125,-1807244471
20201202,"10:22:01","SZ","NB",11534088341,13948580075,25482668416,-2414491734
20201202,"10:23:01","SH","NB",8588928935,10433998944,19022927879,-1845070009
20201202,"10:23:01","SZ","NB",11586384021,14116716493,25703100514,-2530332472
20201202,"10:24:01","SH","NB",8655624495,10541657357,19197281852,-1886032862
20201202,"10:24:01","SZ","NB",11644809094,14256594296,25901403390,-2611785202
20201202,"10:25:01","SZ","NB",11747725495,14353742219,26101467714,-2606016724
20201202,"10:25:01","SH","NB",8722703909,10618516489,19341220398,-1895812580
20201202,"10:26:01","SH","NB",8815407523,10743605095,19559012618,-1928197572
20201202,"10:26:01","SZ","NB",11833986207,14529721200,26363707407,-2695734993
20201202,"10:27:01","SH","NB",8918375330,10797741138,19716116468,-1879365808
20201202,"10:27:01","SZ","NB",11950060836,14603779004,26553839840,-2653718168
20201202,"10:28:01","SH","NB",9038965007,10864985187,19903950194,-1826020180
20201202,"10:28:01","SZ","NB",12080229468,14720382198,26800611666,-2640152730
20201202,"10:29:01","SH","NB",9130971883,10979021971,20109993854,-1848050088
20201202,"10:29:01","SZ","NB",12168383835,14902559153,27070942988,-2734175318
20201202,"10:30:01","SZ","NB",12235173474,15039975165,27275148639,-2804801691
20201202,"10:30:01","SH","NB",9199443514,11081877910,20281321424,-1882434396
20201202,"10:31:01","SH","NB",9340105593,11208236819,20548342412,-1868131226
20201202,"10:31:01","SZ","NB",12367217749,15230162915,27597380664,-2862945166
20201202,"10:32:01","SH","NB",9412356948,11410738161,20823095109,-1998381213
20201202,"10:32:01","SZ","NB",12419247748,15492430703,27911678451,-3073182955
20201202,"10:33:01","SH","NB",9486292844,11510123204,20996416048,-2023830360
20201202,"10:33:01","SZ","NB",12509156894,15616990718,28126147612,-3107833824
20201202,"10:34:01","SH","NB",9549070591,11561016802,21110087393,-2011946211
20201202,"10:34:01","SZ","NB",12597718217,15689671035,28287389252,-3091952818
20201202,"10:35:01","SH","NB",9608336371,11618768948,21227105319,-2010432577
20201202,"10:35:01","SZ","NB",12658522748,15767487482,28426010230,-3108964734
20201202,"10:36:01","SH","NB",9690738731,11679455758,21370194489,-1988717027
20201202,"10:36:01","SZ","NB",12794652071,15828097435,28622749506,-3033445364
20201202,"10:37:01","SH","NB",9805631238,11720294843,21525926081,-1914663605
20201202,"10:37:01","SZ","NB",12948896526,15889822064,28838718590,-2940925538
20201202,"10:38:01","SZ","NB",13004505275,15994072388,28998577663,-2989567113
20201202,"10:38:01","SH","NB",9872527617,11785209081,21657736698,-1912681464
20201202,"10:39:01","SH","NB",9926536266,11819252456,21745788722,-1892716190
20201202,"10:39:01","SZ","NB",13079117001,16070945679,29150062680,-2991828678
20201202,"10:40:01","SH","NB",9991732993,11877044191,21868777184,-1885311198
20201202,"10:40:01","SZ","NB",13164883798,16177022296,29341906094,-3012138498
20201202,"10:41:01","SH","NB",10198749029,11949685864,22148434893,-1750936835
20201202,"10:41:01","SZ","NB",13333220111,16292490511,29625710622,-2959270400
20201202,"10:42:01","SH","NB",10307037348,12005871258,22312908606,-1698833910
20201202,"10:42:01","SZ","NB",13425864417,16409165326,29835029743,-2983300909
20201202,"10:43:01","SH","NB",10367819894,12080746950,22448566844,-1712927056
20201202,"10:43:01","SZ","NB",13491456589,16548997849,30040454438,-3057541260
20201202,"10:44:01","SZ","NB",13586145047,16631327281,30217472328,-3045182234
20201202,"10:44:01","SH","NB",10457101710,12126094781,22583196491,-1668993071
20201202,"10:45:01","SH","NB",10636082000,12193830968,22829912968,-1557748968
20201202,"10:45:01","SZ","NB",13703713210,16738713033,30442426243,-3034999823
20201202,"10:46:01","SH","NB",10726437467,12325562245,23051999712,-1599124778
20201202,"10:46:01","SZ","NB",13773325923,16898248738,30671574661,-3124922815
20201202,"10:47:01","SZ","NB",13831325681,17032136850,30863462531,-3200811169
20201202,"10:47:01","SH","NB",10783060690,12401848456,23184909146,-1618787766
20201202,"10:48:01","SH","NB",10852522060,12463301595,23315823655,-1610779535
20201202,"10:48:01","SZ","NB",13931460712,17115898180,31047358892,-3184437468
20201202,"10:49:01","SH","NB",10925199613,12518444624,23443644237,-1593245011
20201202,"10:49:01","SZ","NB",13992646779,17232352027,31224998806,-3239705248
20201202,"10:50:01","SH","NB",11019104510,12558614146,23577718656,-1539509636
20201202,"10:50:01","SZ","NB",14032538427,17300138512,31332676939,-3267600085
20201202,"10:51:01","SH","NB",11169751474,12599371286,23769122760,-1429619812
20201202,"10:51:01","SZ","NB",14176835384,17410510839,31587346223,-3233675455
20201202,"10:52:01","SH","NB",11450917508,12652425981,24103343489,-1201508473
20201202,"10:52:01","SZ","NB",14302018175,17486867981,31788886156,-3184849806
20201202,"10:53:01","SH","NB",11554793581,12743277056,24298070637,-1188483475
20201202,"10:53:01","SZ","NB",14451840741,17661317610,32113158351,-3209476869
20201202,"10:54:01","SH","NB",11619783757,12901925397,24521709154,-1282141640
20201202,"10:54:01","SZ","NB",14520074543,17832497665,32352572208,-3312423122
20201202,"10:55:01","SZ","NB",14575363505,17926073867,32501437372,-3350710362
20201202,"10:55:01","SH","NB",11676990314,13015959596,24692949910,-1338969282
20201202,"10:56:01","SH","NB",11730514666,13101709933,24832224599,-1371195267
20201202,"10:56:01","SZ","NB",14642902980,18036961494,32679864474,-3394058514
20201202,"10:57:01","SH","NB",11785196593,13198908593,24984105186,-1413712000
20201202,"10:57:01","SZ","NB",14705716164,18131340356,32837056520,-3425624192
20201202,"10:58:01","SH","NB",11847378228,13354672931,25202051159,-1507294703
20201202,"10:58:01","SZ","NB",14771973758,18287550085,33059523843,-3515576327
20201202,"10:59:01","SZ","NB",14855342184,18392153462,33247495646,-3536811278
20201202,"10:59:01","SH","NB",11920831204,13458829547,25379660751,-1537998343
20201202,"11:00:01","SH","NB",11989000066,13537820959,25526821025,-1548820893
20201202,"11:00:01","SZ","NB",14939740233,18500724077,33440464310,-3560983844
20201202,"11:01:01","SH","NB",12067861885,13593665202,25661527087,-1525803317
20201202,"11:01:01","SZ","NB",15069473132,18567877320,33637350452,-3498404188
20201202,"11:02:01","SH","NB",12128779210,13691502893,25820282103,-1562723683
20201202,"11:02:01","SZ","NB",15132945099,18683651862,33816596961,-3550706763
20201202,"11:03:01","SH","NB",12203867421,13750063190,25953930611,-1546195769
20201202,"11:03:01","SZ","NB",15222650489,18755801895,33978452384,-3533151406
20201202,"11:04:01","SH","NB",12255575431,13793395993,26048971424,-1537820562
20201202,"11:04:01","SZ","NB",15302182196,18797108173,34099290369,-3494925977
20201202,"11:05:01","SZ","NB",15392670874,18865800086,34258470960,-3473129212
20201202,"11:05:01","SH","NB",12309817018,13843442977,26153259995,-1533625959
20201202,"11:06:01","SH","NB",12344718885,13912331159,26257050044,-1567612274
20201202,"11:06:01","SZ","NB",15460073568,18990516362,34450589930,-3530442794
20201202,"11:07:01","SH","NB",12397192775,13965189617,26362382392,-1567996842
20201202,"11:07:01","SZ","NB",15520156228,19028924340,34549080568,-3508768112
20201202,"11:08:01","SH","NB",12445208310,14002339228,26447547538,-1557130918
20201202,"11:08:01","SZ","NB",15566590922,19069663496,34636254418,-3503072574
20201202,"11:09:01","SH","NB",12486007511,14029928658,26515936169,-1543921147
20201202,"11:09:01","SZ","NB",15630818579,19101716370,34732534949,-3470897791
20201202,"11:10:01","SH","NB",12549391613,14073641999,26623033612,-1524250386
20201202,"11:10:01","SZ","NB",15693279991,19147192349,34840472340,-3453912358
20201202,"11:11:01","SH","NB",12605969387,14117762692,26723732079,-1511793305
20201202,"11:11:01","SZ","NB",15762040198,19208186762,34970226960,-3446146564
20201202,"11:12:01","SH","NB",12701264613,14152206395,26853471008,-1450941782
20201202,"11:12:01","SZ","NB",15908988315,19255627174,35164615489,-3346638859
20201202,"11:13:01","SH","NB",12753553356,14211344360,26964897716,-1457791004
20201202,"11:13:01","SZ","NB",15962116278,19340216126,35302332404,-3378099848
20201202,"11:14:01","SH","NB",12804984573,14248578321,27053562894,-1443593748
20201202,"11:14:01","SZ","NB",16044778012,19385893485,35430671497,-3341115473
20201202,"11:15:01","SZ","NB",16108538521,19451708018,35560246539,-3343169497
20201202,"11:15:01","SH","NB",12864246567,14295842422,27160088989,-1431595855
20201202,"11:16:01","SH","NB",12928957849,14332913457,27261871306,-1403955608
20201202,"11:16:01","SZ","NB",16191637344,19489458193,35681095537,-3297820849
20201202,"11:17:01","SH","NB",12972591725,14379867200,27352458925,-1407275475
20201202,"11:17:01","SZ","NB",16247643558,19554889959,35802533517,-3307246401
20201202,"11:18:01","SH","NB",13033313888,14412131411,27445445299,-1378817523
20201202,"11:18:01","SZ","NB",16330099304,19600781642,35930880946,-3270682338
20201202,"11:19:01","SH","NB",13120194379,14448935533,27569129912,-1328741154
20201202,"11:19:01","SZ","NB",16442078352,19648145516,36090223868,-3206067164
20201202,"11:20:01","SH","NB",13163250369,14487074756,27650325125,-1323824387
20201202,"11:20:01","SZ","NB",16578007740,19713276482,36291284222,-3135268742
20201202,"11:21:01","SZ","NB",16813656384,19799211410,36612867794,-2985555026
20201202,"11:21:01","SH","NB",13275958597,14533952839,27809911436,-1257994242
20201202,"11:22:01","SH","NB",13316482335,14609968435,27926450770,-1293486100
20201202,"11:22:01","SZ","NB",16875371281,19894867469,36770238750,-3019496188
20201202,"11:23:01","SH","NB",13369445808,14672588374,28042034182,-1303142566
20201202,"11:23:01","SZ","NB",16948817910,19945761131,36894579041,-2996943221
20201202,"11:24:01","SH","NB",13426748327,14733816084,28160564411,-1307067757
20201202,"11:24:01","SZ","NB",17040728712,20022274318,37063003030,-2981545606
20201202,"11:25:01","SH","NB",13489100616,14769089233,28258189849,-1279988617
20201202,"11:25:01","SZ","NB",17157255493,20071615943,37228871436,-2914360450
20201202,"11:26:01","SH","NB",13548430784,14804401705,28352832489,-1255970921
20201202,"11:26:01","SZ","NB",17267657955,20128578320,37396236275,-2860920365
20201202,"11:27:01","SH","NB",13589866348,14835257518,28425123866,-1245391170
20201202,"11:27:01","SZ","NB",17336848847,20177717541,37514566388,-2840868694
20201202,"11:28:01","SH","NB",13635299420,14873958038,28509257458,-1238658618
20201202,"11:28:01","SZ","NB",17400315264,20222722158,37623037422,-2822406894
20201202,"11:29:01","SH","NB",13683202819,14909318244,28592521063,-1226115425
20201202,"11:29:01","SZ","NB",17468633434,20270977948,37739611382,-2802344514
20201202,"11:30:01","SZ","NB",17517531298,20336622103,37854153401,-2819090805
20201202,"11:30:01","SH","NB",13724638589,14960259693,28684898282,-1235621104
20201202,"11:31:01","SH","NB",13724647678,14960268078,28684915756,-1235620400
20201202,"13:00:01","SZ","NB",17520416415,20341961595,37862378010,-2821545180
20201202,"13:01:01","SH","NB",13862486256,15159917147,29022403403,-1297430891
20201202,"13:01:01","SZ","NB",17717443629,20592212627,38309656256,-2874768998
20201202,"13:02:01","SH","NB",13931028331,15246649687,29177678018,-1315621356
20201202,"13:02:01","SZ","NB",17791856546,20695993875,38487850421,-2904137329
20201202,"13:03:01","SZ","NB",17864509845,20827584507,38692094352,-2963074662
20201202,"13:03:01","SH","NB",13992447501,15322330621,29314778122,-1329883120
20201202,"13:04:01","SH","NB",14076313952,15404877477,29481191429,-1328563525
20201202,"13:04:01","SZ","NB",17953522638,20937261419,38890784057,-2983738781
20201202,"13:05:01","SH","NB",14157894088,15563262581,29721156669,-1405368493
20201202,"13:05:01","SZ","NB",18050876514,21167579658,39218456172,-3116703144
20201202,"13:06:01","SH","NB",14243982447,15617026899,29861009346,-1373044452
20201202,"13:06:01","SZ","NB",18139703205,21222804540,39362507745,-3083101335
20201202,"13:07:01","SH","NB",14306183161,15670047665,29976230826,-1363864504
20201202,"13:07:01","SZ","NB",18207482395,21291092170,39498574565,-3083609775
20201202,"13:08:01","SH","NB",14361910477,15713465106,30075375583,-1351554629
20201202,"13:08:01","SZ","NB",18268165653,21326087845,39594253498,-3057922192
20201202,"13:09:01","SZ","NB",18325313880,21383046606,39708360486,-3057732726
20201202,"13:09:01","SH","NB",14413634272,15770591357,30184225629,-1356957085
20201202,"13:10:01","SH","NB",14457902860,15810607352,30268510212,-1352704492
20201202,"13:10:01","SZ","NB",18371695117,21435289703,39806984820,-3063594586
20201202,"13:11:01","SH","NB",14545560254,15854713308,30400273562,-1309153054
20201202,"13:11:01","SZ","NB",18502590154,21474706338,39977296492,-2972116184
20201202,"13:12:01","SH","NB",14637014901,15894218674,30531233575,-1257203773
20201202,"13:12:01","SZ","NB",18590652731,21525257507,40115910238,-2934604776
20201202,"13:13:01","SH","NB",14684479572,15961318942,30645798514,-1276839370
20201202,"13:13:01","SZ","NB",18639951065,21600702830,40240653895,-2960751765
20201202,"13:14:01","SH","NB",14738095009,15993417885,30731512894,-1255322876
20201202,"13:14:01","SZ","NB",18711164276,21637012455,40348176731,-2925848179
20201202,"13:15:01","SH","NB",14783137802,16031508394,30814646196,-1248370592
20201202,"13:15:01","SZ","NB",18780902334,21686057843,40466960177,-2905155509
20201202,"13:16:01","SZ","NB",18832522530,21769637406,40602159936,-2937114876
20201202,"13:16:01","SH","NB",14826692170,16091746076,30918438246,-1265053906
20201202,"13:17:01","SH","NB",14874296525,16133460461,31007756986,-1259163936
20201202,"13:17:01","SZ","NB",18908162013,21807102927,40715264940,-2898940914
20201202,"13:18:01","SH","NB",14921692294,16177298778,31098991072,-1255606484
20201202,"13:18:01","SZ","NB",18963456928,21857156363,40820613291,-2893699435
20201202,"13:19:01","SH","NB",14984615828,16243436893,31228052721,-1258821065
20201202,"13:19:01","SZ","NB",19017518905,21928383712,40945902617,-2910864807
20201202,"13:20:01","SH","NB",15045618002,16288092904,31333710906,-1242474902
20201202,"13:20:01","SZ","NB",19082640103,21968211682,41050851785,-2885571579
20201202,"13:21:01","SH","NB",15114919375,16338436776,31453356151,-1223517401
20201202,"13:21:01","SZ","NB",19188986228,22021944716,41210930944,-2832958488
20201202,"13:22:01","SZ","NB",19252709043,22117628446,41370337489,-2864919403
20201202,"13:22:01","SH","NB",15170075414,16436321182,31606396596,-1266245768
20201202,"13:23:01","SH","NB",15217651614,16489303351,31706954965,-1271651737
20201202,"13:23:01","SZ","NB",19311906622,22171392392,41483299014,-2859485770
20201202,"13:24:01","SH","NB",15278975331,16527075156,31806050487,-1248099825
20201202,"13:24:01","SZ","NB",19393904799,22212854900,41606759699,-2818950101
20201202,"13:25:01","SH","NB",15372889669,16576699679,31949589348,-1203810010
20201202,"13:25:01","SZ","NB",19525445835,22266692464,41792138299,-2741246629
20201202,"13:26:01","SH","NB",15448222412,16629695832,32077918244,-1181473420
20201202,"13:26:01","SZ","NB",19591765624,22327784324,41919549948,-2736018700
20201202,"13:27:01","SH","NB",15493686850,16718536895,32212223745,-1224850045
20201202,"13:27:01","SZ","NB",19634727650,22417077896,42051805546,-2782350246
20201202,"13:28:01","SH","NB",15542519099,16800971979,32343491078,-1258452880
20201202,"13:28:01","SZ","NB",19684846598,22517030446,42201877044,-2832183848
20201202,"13:29:01","SH","NB",15595155821,16868262478,32463418299,-1273106657
20201202,"13:29:01","SZ","NB",19743498448,22588244338,42331742786,-2844745890
20201202,"13:30:01","SH","NB",15639699021,16959452107,32599151128,-1319753086
20201202,"13:30:01","SZ","NB",19785905914,22696983128,42482889042,-2911077214
20201202,"13:31:01","SZ","NB",19890724453,22827527662,42718252115,-2936803209
20201202,"13:31:01","SH","NB",15724757563,17074254025,32799011588,-1349496462
20201202,"13:32:01","SH","NB",15782276301,17144648876,32926925177,-1362372575
20201202,"13:32:01","SZ","NB",19985624751,22910709579,42896334330,-2925084828
20201202,"13:33:01","SH","NB",15839766832,17213762610,33053529442,-1373995778
20201202,"13:33:01","SZ","NB",20040310589,22981904256,43022214845,-2941593667
20201202,"13:34:01","SH","NB",15932917976,17274931858,33207849834,-1342013882
20201202,"13:34:01","SZ","NB",20163471001,23031809095,43195280096,-2868338094
20201202,"13:35:01","SH","NB",16017011185,17324080852,33341092037,-1307069667
20201202,"13:35:01","SZ","NB",20255206093,23092124308,43347330401,-2836918215
20201202,"13:36:01","SH","NB",16084530486,17411888453,33496418939,-1327357967
20201202,"13:36:01","SZ","NB",20381701502,23184231643,43565933145,-2802530141
20201202,"13:37:01","SH","NB",16140699520,17473256020,33613955540,-1332556500
20201202,"13:37:01","SZ","NB",20456923433,23256384754,43713308187,-2799461321
20201202,"13:38:01","SH","NB",16210476955,17510063965,33720540920,-1299587010
20201202,"13:38:01","SZ","NB",20537656936,23319939870,43857596806,-2782282934
20201202,"13:39:01","SZ","NB",20602787879,23367567747,43970355626,-2764779868
20201202,"13:39:01","SH","NB",16268196900,17549408483,33817605383,-1281211583
20201202,"13:40:01","SH","NB",16325575021,17612513104,33938088125,-1286938083
20201202,"13:40:01","SZ","NB",20656530790,23423808580,44080339370,-2767277790
20201202,"13:41:01","SH","NB",16386953109,17681700617,34068653726,-1294747508
20201202,"13:41:01","SZ","NB",20727696898,23484998746,44212695644,-2757301848
20201202,"13:42:01","SH","NB",16459375315,17724870540,34184245855,-1265495225
20201202,"13:42:01","SZ","NB",20796928816,23543230577,44340159393,-2746301761
20201202,"13:43:01","SH","NB",16521352550,17794070857,34315423407,-1272718307
20201202,"13:43:01","SZ","NB",20865767724,23633515262,44499282986,-2767747538
20201202,"13:44:01","SZ","NB",20934700007,23719013889,44653713896,-2784313882
20201202,"13:44:01","SH","NB",16587913463,17879693670,34467607133,-1291780207
20201202,"13:45:01","SH","NB",16655566291,17986930989,34642497280,-1331364698
20201202,"13:45:01","SZ","NB",20985843435,23824173196,44810016631,-2838329761
20201202,"13:46:01","SH","NB",16739464317,18067176740,34806641057,-1327712423
20201202,"13:46:01","SZ","NB",21066164106,23917919189,44984083295,-2851755083
20201202,"13:47:01","SH","NB",16821937422,18136113019,34958050441,-1314175597
20201202,"13:47:01","SZ","NB",21136931687,23998266248,45135197935,-2861334561
20201202,"13:48:01","SH","NB",16885305835,18201168825,35086474660,-1315862990
20201202,"13:48:01","SZ","NB",21203874873,24098069217,45301944090,-2894194344
20201202,"13:49:01","SH","NB",16973071500,18292472256,35265543756,-1319400756
20201202,"13:49:01","SZ","NB",21283856167,24169102440,45452958607,-2885246273
20201202,"13:50:01","SH","NB",17039400822,18336456203,35375857025,-1297055381
20201202,"13:50:01","SZ","NB",21372237668,24231053750,45603291418,-2858816082
20201202,"13:51:01","SH","NB",17121627049,18395164636,35516791685,-1273537587
20201202,"13:51:01","SZ","NB",21450648029,24308685250,45759333279,-2858037221
20201202,"13:52:01","SH","NB",17192240869,18491944542,35684185411,-1299703673
20201202,"13:52:01","SZ","NB",21501008820,24429773247,45930782067,-2928764427
20201202,"13:53:01","SH","NB",17261974759,18620762125,35882736884,-1358787366
20201202,"13:53:01","SZ","NB",21566364078,24571255254,46137619332,-3004891176
20201202,"13:54:01","SZ","NB",21681387385,24655623351,46337010736,-2974235966
20201202,"13:54:01","SH","NB",17329559873,18686416376,36015976249,-1356856503
20201202,"13:55:01","SH","NB",17410197507,18731922110,36142119617,-1321724603
20201202,"13:55:01","SZ","NB",21768066920,24734427912,46502494832,-2966360992
20201202,"13:56:01","SH","NB",17471881301,18785303330,36257184631,-1313422029
20201202,"13:56:01","SZ","NB",21856321030,24798225781,46654546811,-2941904751
20201202,"13:57:01","SH","NB",17530958979,18833127216,36364086195,-1302168237
20201202,"13:57:01","SZ","NB",21912041661,24838980847,46751022508,-2926939186
20201202,"13:58:01","SH","NB",17593455048,18872363788,36465818836,-1278908740
20201202,"13:58:01","SZ","NB",22000387290,24875877940,46876265230,-2875490650
20201202,"13:59:01","SZ","NB",22059292031,24930148193,46989440224,-2870856162
20201202,"13:59:01","SH","NB",17640446553,18915789727,36556236280,-1275343174
20201202,"14:00:01","SH","NB",17673700742,18958095483,36631796225,-1284394741
20201202,"14:00:01","SZ","NB",22116513437,24983805083,47100318520,-2867291646
20201202,"14:01:01","SH","NB",17774746630,19005187682,36779934312,-1230441052
20201202,"14:01:01","SZ","NB",22239176806,25033009210,47272186016,-2793832404
20201202,"14:02:01","SH","NB",17870272321,19061327911,36931600232,-1191055590
20201202,"14:02:01","SZ","NB",22337415919,25091995727,47429411646,-2754579808
20201202,"14:03:01","SH","NB",17952422181,19119088370,37071510551,-1166666189
20201202,"14:03:01","SZ","NB",22402878511,25152071887,47554950398,-2749193376
20201202,"14:04:01","SH","NB",18008913634,19188195868,37197109502,-1179282234
20201202,"14:04:01","SZ","NB",22477639813,25243723606,47721363419,-2766083793
20201202,"14:05:01","SH","NB",18059791475,19230790202,37290581677,-1170998727
20201202,"14:05:01","SZ","NB",22531388075,25300257688,47831645763,-2768869613
20201202,"14:06:01","SZ","NB",22583756372,25355256760,47939013132,-2771500388
20201202,"14:06:01","SH","NB",18121466308,19273885077,37395351385,-1152418769
20201202,"14:07:01","SH","NB",18204143929,19318196546,37522340475,-1114052617
20201202,"14:07:01","SZ","NB",22647298765,25403755229,48051053994,-2756456464
20201202,"14:08:01","SH","NB",18284643901,19382547097,37667190998,-1097903196
20201202,"14:08:01","SZ","NB",22703343021,25485289022,48188632043,-2781946001
20201202,"14:09:01","SH","NB",18330721506,19427033865,37757755371,-1096312359
20201202,"14:09:01","SZ","NB",22746009697,25539097617,48285107314,-2793087920
20201202,"14:10:01","SH","NB",18388379433,19465484041,37853863474,-1077104608
20201202,"14:10:01","SZ","NB",22809112568,25596719586,48405832154,-2787607018
20201202,"14:11:01","SH","NB",18461129338,19543781513,38004910851,-1082652175
20201202,"14:11:01","SZ","NB",22877571322,25723851449,48601422771,-2846280127
20201202,"14:12:01","SH","NB",18513708600,19592549855,38106258455,-1078841255
20201202,"14:12:01","SZ","NB",22918638066,25783462309,48702100375,-2864824243
20201202,"14:13:01","SH","NB",18555790433,19636810117,38192600550,-1081019684
20201202,"14:13:01","SZ","NB",22966359804,25840633741,48806993545,-2874273937
20201202,"14:14:01","SH","NB",18608610204,19669414997,38278025201,-1060804793
20201202,"14:14:01","SZ","NB",23015929953,25900875030,48916804983,-2884945077
20201202,"14:15:01","SH","NB",18656822205,19717874312,38374696517,-1061052107
20201202,"14:15:01","SZ","NB",23070729329,25970698429,49041427758,-2899969100
20201202,"14:16:01","SZ","NB",23172323486,26038396043,49210719529,-2866072557
20201202,"14:16:01","SH","NB",18750914639,19762321033,38513235672,-1011406394
20201202,"14:17:01","SH","NB",18803664330,19804144572,38607808902,-1000480242
20201202,"14:17:01","SZ","NB",23237960895,26097965286,49335926181,-2860004391
20201202,"14:18:01","SH","NB",18905706374,19853794232,38759500606,-948087858
20201202,"14:18:01","SZ","NB",23330218997,26151367144,49481586141,-2821148147
20201202,"14:19:01","SH","NB",18967779795,19910017488,38877797283,-942237693
20201202,"14:19:01","SZ","NB",23383530725,26223306677,49606837402,-2839775952
20201202,"14:20:01","SH","NB",19018176367,19962272588,38980448955,-944096221
20201202,"14:20:01","SZ","NB",23431262616,26299571843,49730834459,-2868309227
20201202,"14:21:01","SH","NB",19075356633,20018705195,39094061828,-943348562
20201202,"14:21:01","SZ","NB",23492122129,26440428399,49932550528,-2948306270
20201202,"14:22:01","SH","NB",19118121611,20065097212,39183218823,-946975601
20201202,"14:22:01","SZ","NB",23544467734,26513163469,50057631203,-2968695735
20201202,"14:23:01","SH","NB",19186338403,20102665081,39289003484,-916326678
20201202,"14:23:01","SZ","NB",23607222206,26569543843,50176766049,-2962321637
20201202,"14:24:01","SZ","NB",23657354746,26632471448,50289826194,-2975116702
20201202,"14:24:01","SH","NB",19234347341,20144548425,39378895766,-910201084
20201202,"14:25:01","SH","NB",19303841162,20179511512,39483352674,-875670350
20201202,"14:25:01","SZ","NB",23718684015,26681337597,50400021612,-2962653582
20201202,"14:26:01","SH","NB",19359345441,20215678846,39575024287,-856333405
20201202,"14:26:01","SZ","NB",23785963854,26738991012,50524954866,-2953027158
20201202,"14:27:01","SH","NB",19414430207,20266925279,39681355486,-852495072
20201202,"14:27:01","SZ","NB",23850120953,26808065370,50658186323,-2957944417
20201202,"14:28:01","SH","NB",19469968838,20337846034,39807814872,-867877196
20201202,"14:28:01","SZ","NB",23894609092,26893546512,50788155604,-2998937420
20201202,"14:29:01","SZ","NB",23967092976,26946517442,50913610418,-2979424466
20201202,"14:29:01","SH","NB",19549155211,20379547098,39928702309,-830391887
20201202,"14:30:01","SH","NB",19627183675,20419730006,40046913681,-792546331
20201202,"14:30:01","SZ","NB",24041793557,27010051203,51051844760,-2968257646
20201202,"14:31:01","SH","NB",19693312736,20490331890,40183644626,-797019154
20201202,"14:31:01","SZ","NB",24118000855,27089661740,51207662595,-2971660885
20201202,"14:32:01","SH","NB",19785344244,20580182049,40365526293,-794837805
20201202,"14:32:01","SZ","NB",24240406769,27209188386,51449595155,-2968781617
20201202,"14:33:01","SH","NB",19857403671,20687178712,40544582383,-829775041
20201202,"14:33:01","SZ","NB",24312431956,27345641809,51658073765,-3033209853
20201202,"14:34:01","SH","NB",19911833131,20754559381,40666392512,-842726250
20201202,"14:34:01","SZ","NB",24395632932,27420052758,51815685690,-3024419826
20201202,"14:35:01","SZ","NB",24469697985,27501004899,51970702884,-3031306914
20201202,"14:35:01","SH","NB",19967404286,20809525444,40776929730,-842121158
20201202,"14:36:01","SH","NB",20047496047,20853394618,40900890665,-805898571
20201202,"14:36:01","SZ","NB",24570793757,27569436847,52140230604,-2998643090
20201202,"14:37:01","SH","NB",20120539723,20910731311,41031271034,-790191588
20201202,"14:37:01","SZ","NB",24636702280,27648745925,52285448205,-3012043645
20201202,"14:38:01","SH","NB",20191480437,20959841711,41151322148,-768361274
20201202,"14:38:01","SZ","NB",24714975376,27711852358,52426827734,-2996876982
20201202,"14:39:01","SZ","NB",24790980231,27772246375,52563226606,-2981266144
20201202,"14:39:01","SH","NB",20255012748,21005316961,41260329709,-750304213
20201202,"14:40:01","SH","NB",20313653225,21063475579,41377128804,-749822354
20201202,"14:40:01","SZ","NB",24858139732,27858202333,52716342065,-3000062601
20201202,"14:41:01","SH","NB",20377668302,21136425532,41514093834,-758757230
20201202,"14:41:01","SZ","NB",24936979614,27948052745,52885032359,-3011073131
20201202,"14:42:01","SH","NB",20441031970,21226542908,41667574878,-785510938
20201202,"14:42:01","SZ","NB",25000492600,28034096371,53034588971,-3033603771
20201202,"14:43:01","SH","NB",20506644753,21285699116,41792343869,-779054363
20201202,"14:43:01","SZ","NB",25095548717,28107811511,53203360228,-3012262794
20201202,"14:44:01","SH","NB",20595869471,21335569962,41931439433,-739700491
20201202,"14:44:01","SZ","NB",25191944647,28169100273,53361044920,-2977155626
20201202,"14:45:01","SH","NB",20673666409,21384687944,42058354353,-711021535
20201202,"14:45:01","SZ","NB",25277235302,28236877688,53514112990,-2959642386
20201202,"14:46:01","SH","NB",20751902125,21444352703,42196254828,-692450578
20201202,"14:46:01","SZ","NB",25349043885,28312298528,53661342413,-2963254643
20201202,"14:47:01","SZ","NB",25407476486,28384169478,53791645964,-2976692992
20201202,"14:47:01","SH","NB",20820057997,21515979159,42336037156,-695921162
20201202,"14:48:01","SH","NB",20894264576,21589499950,42483764526,-695235374
20201202,"14:48:01","SZ","NB",25477761289,28463339829,53941101118,-2985578540
20201202,"14:49:01","SH","NB",20957323932,21649896605,42607220537,-692572673
20201202,"14:49:01","SZ","NB",25542221910,28556107935,54098329845,-3013886025
20201202,"14:50:01","SH","NB",21043028181,21710838078,42753866259,-667809897
20201202,"14:50:01","SZ","NB",25620472451,28641672809,54262145260,-3021200358
20201202,"14:51:01","SH","NB",21133667595,21799411469,42933079064,-665743874
20201202,"14:51:01","SZ","NB",25707211168,28757098159,54464309327,-3049886991
20201202,"14:52:01","SZ","NB",25807641006,28861180912,54668821918,-3053539906
20201202,"14:52:01","SH","NB",21217900559,21895131507,43113032066,-677230948
20201202,"14:53:01","SH","NB",21301731872,21963112340,43264844212,-661380468
20201202,"14:53:01","SZ","NB",25893287807,28944214194,54837502001,-3050926387
20201202,"14:54:01","SH","NB",21401405258,22070707187,43472112445,-669301929
20201202,"14:54:01","SZ","NB",26007139380,29045612540,55052751920,-3038473160
20201202,"14:55:01","SH","NB",21509537922,22157428687,43666966609,-647890765
20201202,"14:55:01","SZ","NB",26117878468,29153478250,55271356718,-3035599782
20201202,"14:56:01","SH","NB",21630357862,22239176802,43869534664,-608818940
20201202,"14:56:01","SZ","NB",26242180519,29262359409,55504539928,-3020178890
20201202,"14:57:01","SH","NB",21732721198,22327825402,44060546600,-595104204
20201202,"14:57:01","SZ","NB",26320784699,29373954509,55694739208,-3053169810
20201202,"14:58:01","SH","NB",21733388579,22332450693,44065839272,-599062114
20201202,"14:58:01","SZ","NB",26321630523,29374659169,55696289692,-3053028646
20201202,"15:00:01","SZ","NB",26378212928,29507788959,55886001887,-3129576031
20201202,"15:01:01","SH","NB",22076882208,22924944900,45001827108,-848062692
20201202,"15:01:01","SZ","NB",26681839322,29858617581,56540456903,-3176778259
