dataDate,dataTime,connectMarket,tradeDirection,buyTurnover,sellTurnover,totalTurnover,netTurnover
20200123,"09:30:01","SH","NB",90250015,90886718,181136733,-636703
20200123,"09:30:01","SZ","NB",91104980,95886634,186991614,-4781654
20200123,"09:31:01","SH","NB",326143428,366737797,692881225,-40594369
20200123,"09:31:01","SZ","NB",478934188,338832735,817766923,140101453
20200123,"09:32:01","SH","NB",611971138,610763662,1222734800,1207476
20200123,"09:32:01","SZ","NB",842768969,506793643,1349562612,335975326
20200123,"09:33:01","SH","NB",752885621,871187752,1624073373,-118302131
20200123,"09:33:01","SZ","NB",1037158334,688391530,1725549864,348766804
20200123,"09:34:01","SH","NB",889875851,1080510760,1970386611,-190634909
20200123,"09:34:01","SZ","NB",1243505314,836747942,2080253256,406757372
20200123,"09:35:01","SH","NB",1046521849,1188672546,2235194395,-142150697
20200123,"09:35:01","SZ","NB",1394991161,968514724,2363505885,426476437
20200123,"09:36:01","SH","NB",1179683407,1355977248,2535660655,-176293841
20200123,"09:36:01","SZ","NB",1571464679,1230443162,2801907841,341021517
20200123,"09:37:01","SZ","NB",1743798343,1450264155,3194062498,293534188
20200123,"09:37:01","SH","NB",1295052554,1485635273,2780687827,-190582719
20200123,"09:38:01","SH","NB",1446257024,1583230443,3029487467,-136973419
20200123,"09:38:01","SZ","NB",1934921598,1617294188,3552215786,317627410
20200123,"09:39:01","SH","NB",1535559679,1732877016,3268436695,-197317337
20200123,"09:39:01","SZ","NB",2048885204,1868726571,3917611775,180158633
20200123,"09:40:01","SH","NB",1630430580,1842152594,3472583174,-211722014
20200123,"09:40:01","SZ","NB",2187557133,2090237250,4277794383,97319883
20200123,"09:41:01","SH","NB",1715157893,1991529898,3706687791,-276372005
20200123,"09:41:01","SZ","NB",2323519933,2412871192,4736391125,-89351259
20200123,"09:42:01","SZ","NB",2486271010,2545500305,5031771315,-59229295
20200123,"09:42:01","SH","NB",1803971084,2105442534,3909413618,-301471450
20200123,"09:43:01","SH","NB",1898132057,2250770754,4148902811,-352638697
20200123,"09:43:01","SZ","NB",2642643567,2701861895,5344505462,-59218328
20200123,"09:44:01","SZ","NB",2902479631,2852867151,5755346782,49612480
20200123,"09:44:01","SH","NB",2049395152,2389983328,4439378480,-340588176
20200123,"09:45:01","SH","NB",2140266314,2529969822,4670236136,-389703508
20200123,"09:45:01","SZ","NB",3050609204,3021914591,6072523795,28694613
20200123,"09:46:01","SH","NB",2234148365,2742406232,4976554597,-508257867
20200123,"09:46:01","SZ","NB",3207566894,3241902669,6449469563,-34335775
20200123,"09:47:01","SH","NB",2330613839,2817380636,5147994475,-486766797
20200123,"09:47:01","SZ","NB",3353307916,3335544551,6688852467,17763365
20200123,"09:48:01","SH","NB",2428890608,2955545687,5384436295,-526655079
20200123,"09:48:01","SZ","NB",3483863204,3517401413,7001264617,-33538209
20200123,"09:49:01","SH","NB",2516453576,3042632049,5559085625,-526178473
20200123,"09:49:01","SZ","NB",3590900420,3632945332,7223845752,-42044912
20200123,"09:50:01","SH","NB",2634236567,3111691426,5745927993,-477454859
20200123,"09:50:01","SZ","NB",3736005562,3712031295,7448036857,23974267
20200123,"09:51:01","SH","NB",2742835365,3230376880,5973212245,-487541515
20200123,"09:51:01","SZ","NB",3872393267,3933869948,7806263215,-61476681
20200123,"09:52:01","SH","NB",2824111124,3306829477,6130940601,-482718353
20200123,"09:52:01","SZ","NB",3967748828,4060864609,8028613437,-93115781
20200123,"09:53:01","SZ","NB",4035989733,4186830150,8222819883,-150840417
20200123,"09:53:01","SH","NB",2889779957,3381540214,6271320171,-491760257
20200123,"09:54:01","SH","NB",2951619621,3488613241,6440232862,-536993620
20200123,"09:54:01","SZ","NB",4122734031,4391626302,8514360333,-268892271
20200123,"09:55:01","SH","NB",3015313951,3583440339,6598754290,-568126388
20200123,"09:55:01","SZ","NB",4214340787,4537341389,8751682176,-323000602
20200123,"09:56:01","SH","NB",3109464524,3778448559,6887913083,-668984035
20200123,"09:56:01","SZ","NB",4337478283,4740837071,9078315354,-403358788
20200123,"09:57:01","SH","NB",3193991015,3841443757,7035434772,-647452742
20200123,"09:57:01","SZ","NB",4466642792,4825757602,9292400394,-359114810
20200123,"09:58:01","SH","NB",3264454366,3921245136,7185699502,-656790770
20200123,"09:58:01","SZ","NB",4558883807,4933606812,9492490619,-374723005
20200123,"09:59:01","SH","NB",3322535156,4020463825,7342998981,-697928669
20200123,"09:59:01","SZ","NB",4661085224,5048790104,9709875328,-387704880
20200123,"10:00:01","SH","NB",3389086099,4090386182,7479472281,-701300083
20200123,"10:00:01","SZ","NB",4758914832,5127872971,9886787803,-368958139
20200123,"10:01:01","SZ","NB",4870598987,5261986563,10132585550,-391387576
20200123,"10:01:01","SH","NB",3461771092,4229966642,7691737734,-768195550
20200123,"10:02:01","SH","NB",3539919259,4302325149,7842244408,-762405890
20200123,"10:02:01","SZ","NB",4962132340,5371074644,10333206984,-408942304
20200123,"10:03:01","SH","NB",3623022133,4362266443,7985288576,-739244310
20200123,"10:03:01","SZ","NB",5067399849,5449395254,10516795103,-381995405
20200123,"10:04:01","SH","NB",3704366436,4425711897,8130078333,-721345461
20200123,"10:04:01","SZ","NB",5166094464,5538917742,10705012206,-372823278
20200123,"10:05:01","SH","NB",3757185337,4514930136,8272115473,-757744799
20200123,"10:05:01","SZ","NB",5248282730,5707521467,10955804197,-459238737
20200123,"10:06:01","SH","NB",3817020879,4603933703,8420954582,-786912824
20200123,"10:06:01","SZ","NB",5321245986,5857662998,11178908984,-536417012
20200123,"10:07:01","SH","NB",3884857505,4658641413,8543498918,-773783908
20200123,"10:07:01","SZ","NB",5388429204,5948565557,11336994761,-560136353
20200123,"10:08:01","SH","NB",3954500065,4730633447,8685133512,-776133382
20200123,"10:08:01","SZ","NB",5462091483,6054907277,11516998760,-592815794
20200123,"10:09:01","SH","NB",4010793264,4847788231,8858581495,-836994967
20200123,"10:09:01","SZ","NB",5528132096,6193223233,11721355329,-665091137
20200123,"10:10:01","SZ","NB",5581169036,6315928517,11897097553,-734759481
20200123,"10:10:01","SH","NB",4067703772,4949437030,9017140802,-881733258
20200123,"10:11:01","SH","NB",4128134345,5066768169,9194902514,-938633824
20200123,"10:11:01","SZ","NB",5664416003,6459768889,12124184892,-795352886
20200123,"10:12:01","SH","NB",4185087579,5151347942,9336435521,-966260363
20200123,"10:12:01","SZ","NB",5733771022,6597197257,12330968279,-863426235
20200123,"10:13:01","SH","NB",4247696158,5206117962,9453814120,-958421804
20200123,"10:13:01","SZ","NB",5821888237,6684479274,12506367511,-862591037
20200123,"10:14:01","SH","NB",4294635672,5308526922,9603162594,-1013891250
20200123,"10:14:01","SZ","NB",5882181191,6795947722,12678128913,-913766531
20200123,"10:15:01","SH","NB",4342915373,5412017629,9754933002,-1069102256
20200123,"10:15:01","SZ","NB",5939512091,6947885518,12887397609,-1008373427
20200123,"10:16:01","SZ","NB",6030946122,7072345766,13103291888,-1041399644
20200123,"10:16:01","SH","NB",4396051599,5481030722,9877082321,-1084979123
20200123,"10:17:01","SH","NB",4444392781,5579923867,10024316648,-1135531086
20200123,"10:17:01","SZ","NB",6096790437,7167977139,13264767576,-1071186702
20200123,"10:18:01","SH","NB",4497751606,5679238298,10176989904,-1181486692
20200123,"10:18:01","SZ","NB",6180363689,7248399703,13428763392,-1068036014
20200123,"10:19:01","SH","NB",4552855905,5715268405,10268124310,-1162412500
20200123,"10:19:01","SZ","NB",6284389154,7294771518,13579160672,-1010382364
20200123,"10:20:01","SH","NB",4624349768,5792176686,10416526454,-1167826918
20200123,"10:20:01","SZ","NB",6355789956,7363499183,13719289139,-1007709227
20200123,"10:21:01","SZ","NB",6431937672,7467080413,13899018085,-1035142741
20200123,"10:21:01","SH","NB",4683275505,5864188096,10547463601,-1180912591
20200123,"10:22:01","SH","NB",4732615436,6019460349,10752075785,-1286844913
20200123,"10:22:01","SZ","NB",6493572600,7627228849,14120801449,-1133656249
20200123,"10:23:01","SH","NB",4796744549,6092792014,10889536563,-1296047465
20200123,"10:23:01","SZ","NB",6563238641,7702887312,14266125953,-1139648671
20200123,"10:24:01","SH","NB",4852137790,6131556689,10983694479,-1279418899
20200123,"10:24:01","SZ","NB",6629015179,7749319342,14378334521,-1120304163
20200123,"10:25:01","SH","NB",4903681991,6164644085,11068326076,-1260962094
20200123,"10:25:01","SZ","NB",6684871224,7785807514,14470678738,-1100936290
20200123,"10:26:01","SH","NB",4941617770,6207553587,11149171357,-1265935817
20200123,"10:26:01","SZ","NB",6743527580,7838734995,14582262575,-1095207415
20200123,"10:27:01","SZ","NB",6795768042,7907926904,14703694946,-1112158862
20200123,"10:27:01","SH","NB",4979297671,6262920058,11242217729,-1283622387
20200123,"10:28:01","SH","NB",5026966458,6297008684,11323975142,-1270042226
20200123,"10:28:01","SZ","NB",6839746321,7963856230,14803602551,-1124109909
20200123,"10:29:01","SH","NB",5063993428,6385890673,11449884101,-1321897245
20200123,"10:29:01","SZ","NB",6887909440,8054144816,14942054256,-1166235376
20200123,"10:30:01","SZ","NB",6941708547,8118616600,15060325147,-1176908053
20200123,"10:30:01","SH","NB",5123357204,6421930668,11545287872,-1298573464
20200123,"10:31:01","SH","NB",5193850763,6647631832,11841482595,-1453781069
20200123,"10:31:01","SZ","NB",7009685015,8374139316,15383824331,-1364454301
20200123,"10:32:01","SH","NB",5249574273,6713047390,11962621663,-1463473117
20200123,"10:32:01","SZ","NB",7077738367,8448128711,15525867078,-1370390344
20200123,"10:33:01","SH","NB",5300728260,6789289907,12090018167,-1488561647
20200123,"10:33:01","SZ","NB",7143026114,8548478843,15691504957,-1405452729
20200123,"10:34:01","SH","NB",5351340612,6825099599,12176440211,-1473758987
20200123,"10:34:01","SZ","NB",7206735677,8593788782,15800524459,-1387053105
20200123,"10:35:01","SH","NB",5401034361,6877761539,12278795900,-1476727178
20200123,"10:35:01","SZ","NB",7267485758,8644637516,15912123274,-1377151758
20200123,"10:36:01","SH","NB",5438654995,6911273658,12349928653,-1472618663
20200123,"10:36:01","SZ","NB",7308080297,8691790127,15999870424,-1383709830
20200123,"10:37:01","SH","NB",5464921851,6950040498,12414962349,-1485118647
20200123,"10:37:01","SZ","NB",7343105788,8743644571,16086750359,-1400538783
20200123,"10:38:01","SH","NB",5509570864,7030377674,12539948538,-1520806810
20200123,"10:38:01","SZ","NB",7383959765,8852252253,16236212018,-1468292488
20200123,"10:39:01","SZ","NB",7432516452,8963690035,16396206487,-1531173583
20200123,"10:39:01","SH","NB",5551095902,7108750346,12659846248,-1557654444
20200123,"10:40:01","SH","NB",5599140502,7342640541,12941781043,-1743500039
20200123,"10:40:01","SZ","NB",7488649099,9149966902,16638616001,-1661317803
20200123,"10:41:01","SH","NB",5682026066,7465862432,13147888498,-1783836366
20200123,"10:41:01","SZ","NB",7572429488,9337604708,16910034196,-1765175220
20200123,"10:42:01","SH","NB",5733941516,7589163598,13323105114,-1855222082
20200123,"10:42:01","SZ","NB",7624907818,9463768339,17088676157,-1838860521
20200123,"10:43:01","SH","NB",5813751705,7780875973,13594627678,-1967124268
20200123,"10:43:01","SZ","NB",7690387840,9628646163,17319034003,-1938258323
20200123,"10:44:01","SH","NB",5896665860,7930846718,13827512578,-2034180858
20200123,"10:44:01","SZ","NB",7760664529,9749594174,17510258703,-1988929645
20200123,"10:45:01","SH","NB",5965345623,7992646225,13957991848,-2027300602
20200123,"10:45:01","SZ","NB",7842215537,9820045738,17662261275,-1977830201
20200123,"10:46:01","SH","NB",6022705129,8079029140,14101734269,-2056324011
20200123,"10:46:01","SZ","NB",7889038010,9893072148,17782110158,-2004034138
20200123,"10:47:01","SZ","NB",7933597431,10016561808,17950159239,-2082964377
20200123,"10:47:01","SH","NB",6067658217,8202747532,14270405749,-2135089315
20200123,"10:48:01","SH","NB",6119816137,8324763517,14444579654,-2204947380
20200123,"10:48:01","SZ","NB",7987536044,10126801950,18114337994,-2139265906
20200123,"10:49:01","SH","NB",6182460256,8496181467,14678641723,-2313721211
20200123,"10:49:01","SZ","NB",8056730672,10313286366,18370017038,-2256555694
20200123,"10:50:01","SH","NB",6238543398,8669979431,14908522829,-2431436033
20200123,"10:50:01","SZ","NB",8140518324,10527008119,18667526443,-2386489795
20200123,"10:51:01","SH","NB",6391590829,8795407213,15186998042,-2403816384
20200123,"10:51:01","SZ","NB",8315986976,10631688143,18947675119,-2315701167
20200123,"10:52:01","SH","NB",6486699103,8870183302,15356882405,-2383484199
20200123,"10:52:01","SZ","NB",8394604639,10718800055,19113404694,-2324195416
20200123,"10:53:01","SH","NB",6557218895,8926094653,15483313548,-2368875758
20200123,"10:53:01","SZ","NB",8463464178,10777625226,19241089404,-2314161048
20200123,"10:54:01","SH","NB",6590376248,9006829335,15597205583,-2416453087
20200123,"10:54:01","SZ","NB",8505624674,10863874412,19369499086,-2358249738
20200123,"10:55:01","SZ","NB",8557447273,10913197635,19470644908,-2355750362
20200123,"10:55:01","SH","NB",6652062667,9054613690,15706676357,-2402551023
20200123,"10:56:01","SH","NB",6694296572,9092668931,15786965503,-2398372359
20200123,"10:56:01","SZ","NB",8611029685,10964116318,19575146003,-2353086633
20200123,"10:57:01","SH","NB",6726699085,9193409768,15920108853,-2466710683
20200123,"10:57:01","SZ","NB",8654025042,11053190681,19707215723,-2399165639
20200123,"10:58:01","SH","NB",6762511337,9245516620,16008027957,-2483005283
20200123,"10:58:01","SZ","NB",8690421800,11103243112,19793664912,-2412821312
20200123,"10:59:01","SH","NB",6795087136,9347242301,16142329437,-2552155165
20200123,"10:59:01","SZ","NB",8734267156,11176816579,19911083735,-2442549423
20200123,"11:00:01","SH","NB",6841730889,9419959362,16261690251,-2578228473
20200123,"11:00:01","SZ","NB",8763945418,11253144450,20017089868,-2489199032
20200123,"11:01:01","SH","NB",6882720024,9508592397,16391312421,-2625872373
20200123,"11:01:01","SZ","NB",8816167792,11351950942,20168118734,-2535783150
20200123,"11:02:01","SZ","NB",8893330975,11407312038,20300643013,-2513981063
20200123,"11:02:01","SH","NB",6939899070,9572305725,16512204795,-2632406655
20200123,"11:03:01","SH","NB",6975132625,9603850629,16578983254,-2628718004
20200123,"11:03:01","SZ","NB",8937549889,11441448576,20378998465,-2503898687
20200123,"11:04:01","SH","NB",7029854900,9634811337,16664666237,-2604956437
20200123,"11:04:01","SZ","NB",8988483372,11480247893,20468731265,-2491764521
20200123,"11:05:01","SH","NB",7107207711,9678863649,16786071360,-2571655938
20200123,"11:05:01","SZ","NB",9055223390,11517036875,20572260265,-2461813485
20200123,"11:06:01","SH","NB",7208806277,9722923932,16931730209,-2514117655
20200123,"11:06:01","SZ","NB",9120726579,11560022797,20680749376,-2439296218
20200123,"11:07:01","SH","NB",7247109630,9793189408,17040299038,-2546079778
20200123,"11:07:01","SZ","NB",9149920712,11633854967,20783775679,-2483934255
20200123,"11:08:01","SH","NB",7275721912,9821212688,17096934600,-2545490776
20200123,"11:08:01","SZ","NB",9176655761,11669230272,20845886033,-2492574511
20200123,"11:09:01","SH","NB",7313349486,9884589576,17197939062,-2571240090
20200123,"11:09:01","SZ","NB",9207341175,11719315124,20926656299,-2511973949
20200123,"11:10:01","SZ","NB",9237755469,11769853805,21007609274,-2532098336
20200123,"11:10:01","SH","NB",7342378378,9916510603,17258888981,-2574132225
20200123,"11:11:01","SH","NB",7377453168,10010600221,17388053389,-2633147053
20200123,"11:11:01","SZ","NB",9282422865,11878623633,21161046498,-2596200768
20200123,"11:12:01","SH","NB",7411882026,10058985579,17470867605,-2647103553
20200123,"11:12:01","SZ","NB",9332059219,11927555876,21259615095,-2595496657
20200123,"11:13:01","SH","NB",7442065750,10125031661,17567097411,-2682965911
20200123,"11:13:01","SZ","NB",9370957100,11968860754,21339817854,-2597903654
20200123,"11:14:01","SH","NB",7476992375,10240969702,17717962077,-2763977327
20200123,"11:14:01","SZ","NB",9406611094,12040850321,21447461415,-2634239227
20200123,"11:15:01","SH","NB",7516451819,10389591673,17906043492,-2873139854
20200123,"11:15:01","SZ","NB",9450506547,12134996272,21585502819,-2684489725
20200123,"11:16:01","SH","NB",7567776763,10495191929,18062968692,-2927415166
20200123,"11:16:01","SZ","NB",9495156574,12215560208,21710716782,-2720403634
20200123,"11:17:01","SZ","NB",9531226165,12281130054,21812356219,-2749903889
20200123,"11:17:01","SH","NB",7605839582,10564965620,18170805202,-2959126038
20200123,"11:18:01","SH","NB",7659912128,10640952193,18300864321,-2981040065
20200123,"11:18:01","SZ","NB",9579156927,12348377712,21927534639,-2769220785
20200123,"11:19:01","SH","NB",7709398765,10875824922,18585223687,-3166426157
20200123,"11:19:01","SZ","NB",9629704576,12494941211,22124645787,-2865236635
20200123,"11:20:01","SZ","NB",9679528588,12662318551,22341847139,-2982789963
20200123,"11:20:01","SH","NB",7755871087,11040348025,18796219112,-3284476938
20200123,"11:21:01","SH","NB",7843716578,11166637976,19010354554,-3322921398
20200123,"11:21:01","SZ","NB",9763035513,12772989361,22536024874,-3009953848
20200123,"11:22:01","SH","NB",7896318778,11234085762,19130404540,-3337766984
20200123,"11:22:01","SZ","NB",9824410292,12848604969,22673015261,-3024194677
20200123,"11:23:01","SH","NB",7938953471,11324555537,19263509008,-3385602066
20200123,"11:23:01","SZ","NB",9874080956,12945345354,22819426310,-3071264398
20200123,"11:24:01","SH","NB",7990095759,11403449670,19393545429,-3413353911
20200123,"11:24:01","SZ","NB",9934434874,13022896640,22957331514,-3088461766
20200123,"11:25:01","SH","NB",8063306371,11470045979,19533352350,-3406739608
20200123,"11:25:01","SZ","NB",10017586238,13078055863,23095642101,-3060469625
20200123,"11:26:01","SH","NB",8109013609,11527510954,19636524563,-3418497345
20200123,"11:26:01","SZ","NB",10072574044,13126146763,23198720807,-3053572719
20200123,"11:27:01","SH","NB",8209459925,11569820379,19779280304,-3360360454
20200123,"11:27:01","SZ","NB",10141825071,13176839497,23318664568,-3035014426
20200123,"11:28:01","SH","NB",8266904135,11621161723,19888065858,-3354257588
20200123,"11:28:01","SZ","NB",10191138537,13224200034,23415338571,-3033061497
20200123,"11:29:01","SH","NB",8291235148,11665789697,19957024845,-3374554549
20200123,"11:29:01","SZ","NB",10214183395,13271358466,23485541861,-3057175071
20200123,"11:30:01","SZ","NB",10241466689,13320519331,23561986020,-3079052642
20200123,"11:30:01","SH","NB",8318736619,11722460356,20041196975,-3403723737
20200123,"11:31:01","SH","NB",8318898145,11723211122,20042109267,-3404312977
20200123,"11:31:01","SZ","NB",10241603842,13320934561,23562538403,-3079330719
20200123,"13:00:01","SZ","NB",10248298511,13326344535,23574643046,-3078046024
20200123,"13:01:01","SH","NB",8432068326,11985215714,20417284040,-3553147388
20200123,"13:01:01","SZ","NB",10374102556,13535884533,23909987089,-3161781977
20200123,"13:02:01","SH","NB",8496193503,12197260934,20693454437,-3701067431
20200123,"13:02:01","SZ","NB",10462793864,13659986254,24122780118,-3197192390
20200123,"13:03:01","SZ","NB",10518272443,13741809806,24260082249,-3223537363
20200123,"13:03:01","SH","NB",8546733861,12314738281,20861472142,-3768004420
20200123,"13:04:01","SH","NB",8601735290,12530796223,21132531513,-3929060933
20200123,"13:04:01","SZ","NB",10571676152,13928627075,24500303227,-3356950923
20200123,"13:05:01","SH","NB",8669341705,12642007579,21311349284,-3972665874
20200123,"13:05:01","SZ","NB",10640590403,14031406696,24671997099,-3390816293
20200123,"13:06:01","SH","NB",8740627075,12740122333,21480749408,-3999495258
20200123,"13:06:01","SZ","NB",10727502523,14115951405,24843453928,-3388448882
20200123,"13:07:01","SH","NB",8810313118,12932932314,21743245432,-4122619196
20200123,"13:07:01","SZ","NB",10794451215,14269338920,25063790135,-3474887705
20200123,"13:08:01","SH","NB",8884560583,13029855501,21914416084,-4145294918
20200123,"13:08:01","SZ","NB",10889855347,14410952957,25300808304,-3521097610
20200123,"13:09:01","SH","NB",8954794430,13136912973,22091707403,-4182118543
20200123,"13:09:01","SZ","NB",10975956162,14526252068,25502208230,-3550295906
20200123,"13:10:01","SH","NB",9023601461,13277127010,22300728471,-4253525549
20200123,"13:10:01","SZ","NB",11077768216,14660343757,25738111973,-3582575541
20200123,"13:11:01","SH","NB",9187409279,13393171502,22580580781,-4205762223
20200123,"13:11:01","SZ","NB",11300417631,14754174414,26054592045,-3453756783
20200123,"13:12:01","SH","NB",9257675972,13513583887,22771259859,-4255907915
20200123,"13:12:01","SZ","NB",11374757354,14869345602,26244102956,-3494588248
20200123,"13:13:01","SZ","NB",11444405128,15017935839,26462340967,-3573530711
20200123,"13:13:01","SH","NB",9316730564,13671816358,22988546922,-4355085794
20200123,"13:14:01","SH","NB",9374060996,13784369445,23158430441,-4410308449
20200123,"13:14:01","SZ","NB",11546788383,15146096390,26692884773,-3599308007
20200123,"13:15:01","SH","NB",9493087093,13860839570,23353926663,-4367752477
20200123,"13:15:01","SZ","NB",11703606293,15243004435,26946610728,-3539398142
20200123,"13:16:01","SZ","NB",11816169084,15356998424,27173167508,-3540829340
20200123,"13:16:01","SH","NB",9565963199,13979166750,23545129949,-4413203551
20200123,"13:17:01","SH","NB",9690585254,14043493403,23734078657,-4352908149
20200123,"13:17:01","SZ","NB",11961629586,15428034475,27389664061,-3466404889
20200123,"13:18:01","SZ","NB",12042228721,15484219309,27526448030,-3441990588
20200123,"13:18:01","SH","NB",9756320244,14093771694,23850091938,-4337451450
20200123,"13:19:01","SH","NB",9809931528,14208733398,24018664926,-4398801870
20200123,"13:19:01","SZ","NB",12101519139,15570489762,27672008901,-3468970623
20200123,"13:20:01","SH","NB",9856353297,14259545767,24115899064,-4403192470
20200123,"13:20:01","SZ","NB",12156508787,15637585495,27794094282,-3481076708
20200123,"13:21:01","SH","NB",9935630070,14311233921,24246863991,-4375603851
20200123,"13:21:01","SZ","NB",12242513371,15701286437,27943799808,-3458773066
20200123,"13:22:01","SH","NB",9997520337,14398671187,24396191524,-4401150850
20200123,"13:22:01","SZ","NB",12302527918,15785019501,28087547419,-3482491583
20200123,"13:23:01","SH","NB",10047058922,14483562153,24530621075,-4436503231
20200123,"13:23:01","SZ","NB",12349263878,15865786983,28215050861,-3516523105
20200123,"13:24:01","SH","NB",10110619579,14658290137,24768909716,-4547670558
20200123,"13:24:01","SZ","NB",12413538368,15998819917,28412358285,-3585281549
20200123,"13:25:01","SH","NB",10218852510,14834424976,25053277486,-4615572466
20200123,"13:25:01","SZ","NB",12516626129,16145039293,28661665422,-3628413164
20200123,"13:26:01","SH","NB",10378170867,14929221857,25307392724,-4551050990
20200123,"13:26:01","SZ","NB",12657431227,16236080962,28893512189,-3578649735
20200123,"13:27:01","SH","NB",10443604681,15029014107,25472618788,-4585409426
20200123,"13:27:01","SZ","NB",12724374427,16333802864,29058177291,-3609428437
20200123,"13:28:01","SZ","NB",12795204855,16429160177,29224365032,-3633955322
20200123,"13:28:01","SH","NB",10525787875,15089691759,25615479634,-4563903884
20200123,"13:29:01","SH","NB",10615771303,15170520879,25786292182,-4554749576
20200123,"13:29:01","SZ","NB",12871992022,16538871235,29410863257,-3666879213
20200123,"13:30:01","SH","NB",10732881278,15267571077,26000452355,-4534689799
20200123,"13:30:01","SZ","NB",13019639239,16650448367,29670087606,-3630809128
20200123,"13:31:01","SH","NB",10828115216,15456662624,26284777840,-4628547408
20200123,"13:31:01","SZ","NB",13155016025,16873438261,30028454286,-3718422236
20200123,"13:32:01","SH","NB",10921579820,15612623907,26534203727,-4691044087
20200123,"13:32:01","SZ","NB",13260095380,17034593433,30294688813,-3774498053
20200123,"13:33:01","SH","NB",11018759960,15730978588,26749738548,-4712218628
20200123,"13:33:01","SZ","NB",13402419983,17150673637,30553093620,-3748253654
20200123,"13:34:01","SZ","NB",13592040343,17236944636,30828984979,-3644904293
20200123,"13:34:01","SH","NB",11181788437,15821067433,27002855870,-4639278996
20200123,"13:35:01","SH","NB",11312882740,15880827932,27193710672,-4567945192
20200123,"13:35:01","SZ","NB",13738893799,17305827789,31044721588,-3566933990
20200123,"13:36:01","SH","NB",11433407466,15939771799,27373179265,-4506364333
20200123,"13:36:01","SZ","NB",13860538943,17364764429,31225303372,-3504225486
20200123,"13:37:01","SH","NB",11530321519,15999519662,27529841181,-4469198143
20200123,"13:37:01","SZ","NB",13967242276,17435333171,31402575447,-3468090895
20200123,"13:38:01","SH","NB",11574990099,16110223789,27685213888,-4535233690
20200123,"13:38:01","SZ","NB",14018912927,17536787859,31555700786,-3517874932
20200123,"13:39:01","SH","NB",11625595735,16188666233,27814261968,-4563070498
20200123,"13:39:01","SZ","NB",14065671345,17611302718,31676974063,-3545631373
20200123,"13:40:01","SH","NB",11705308214,16250722987,27956031201,-4545414773
20200123,"13:40:01","SZ","NB",14145267254,17681707238,31826974492,-3536439984
20200123,"13:41:01","SZ","NB",14249349682,17783209917,32032559599,-3533860235
20200123,"13:41:01","SH","NB",11771689366,16346038922,28117728288,-4574349556
20200123,"13:42:01","SH","NB",11813494895,16420231457,28233726352,-4606736562
20200123,"13:42:01","SZ","NB",14303281814,17871153855,32174435669,-3567872041
20200123,"13:43:01","SH","NB",11884985801,16489336021,28374321822,-4604350220
20200123,"13:43:01","SZ","NB",14368830135,17940773759,32309603894,-3571943624
20200123,"13:44:01","SH","NB",11923743603,16542018067,28465761670,-4618274464
20200123,"13:44:01","SZ","NB",14425615891,17991264536,32416880427,-3565648645
20200123,"13:45:01","SH","NB",11980602315,16592483258,28573085573,-4611880943
20200123,"13:45:01","SZ","NB",14489649229,18039595128,32529244357,-3549945899
20200123,"13:46:01","SH","NB",12028396804,16652071715,28680468519,-4623674911
20200123,"13:46:01","SZ","NB",14530700191,18103403150,32634103341,-3572702959
20200123,"13:47:01","SH","NB",12077876804,16710959831,28788836635,-4633083027
20200123,"13:47:01","SZ","NB",14580497421,18159127937,32739625358,-3578630516
20200123,"13:48:01","SH","NB",12116788422,16782541828,28899330250,-4665753406
20200123,"13:48:01","SZ","NB",14629119578,18222991997,32852111575,-3593872419
20200123,"13:49:01","SZ","NB",14674523354,18274444999,32948968353,-3599921645
20200123,"13:49:01","SH","NB",12149934565,16839466810,28989401375,-4689532245
20200123,"13:50:01","SH","NB",12191234851,16904199478,29095434329,-4712964627
20200123,"13:50:01","SZ","NB",14707467521,18335118839,33042586360,-3627651318
20200123,"13:51:01","SH","NB",12239297395,16972451173,29211748568,-4733153778
20200123,"13:51:01","SZ","NB",14759369143,18401554976,33160924119,-3642185833
20200123,"13:52:01","SH","NB",12302673873,17021480226,29324154099,-4718806353
20200123,"13:52:01","SZ","NB",14830318635,18458650506,33288969141,-3628331871
20200123,"13:53:01","SH","NB",12335392258,17062668636,29398060894,-4727276378
20200123,"13:53:01","SZ","NB",14869434351,18510739600,33380173951,-3641305249
20200123,"13:54:01","SH","NB",12374143735,17099350820,29473494555,-4725207085
20200123,"13:54:01","SZ","NB",14915143623,18557856163,33472999786,-3642712540
20200123,"13:55:01","SH","NB",12409087192,17152254236,29561341428,-4743167044
20200123,"13:55:01","SZ","NB",14946640475,18610367417,33557007892,-3663726942
20200123,"13:56:01","SZ","NB",14982772727,18662037923,33644810650,-3679265196
20200123,"13:56:01","SH","NB",12446808797,17214816545,29661625342,-4768007748
20200123,"13:57:01","SH","NB",12483880775,17254984847,29738865622,-4771104072
20200123,"13:57:01","SZ","NB",15025928995,18707624131,33733553126,-3681695136
20200123,"13:58:01","SH","NB",12528910487,17338267465,29867177952,-4809356978
20200123,"13:58:01","SZ","NB",15065562382,18781398067,33846960449,-3715835685
20200123,"13:59:01","SH","NB",12573349699,17441654949,30015004648,-4868305250
20200123,"13:59:01","SZ","NB",15106789780,18858370217,33965159997,-3751580437
20200123,"14:00:01","SH","NB",12641203214,17504386915,30145590129,-4863183701
20200123,"14:00:01","SZ","NB",15163301046,18926185306,34089486352,-3762884260
20200123,"14:01:01","SH","NB",12707608045,17553847255,30261455300,-4846239210
20200123,"14:01:01","SZ","NB",15230795366,18993942091,34224737457,-3763146725
20200123,"14:02:01","SZ","NB",15311642931,19053612718,34365255649,-3741969787
20200123,"14:02:01","SH","NB",12787294006,17606068341,30393362347,-4818774335
20200123,"14:03:01","SH","NB",12829705300,17644025361,30473730661,-4814320061
20200123,"14:03:01","SZ","NB",15346841309,19102989766,34449831075,-3756148457
20200123,"14:04:01","SH","NB",12870418218,17697490728,30567908946,-4827072510
20200123,"14:04:01","SZ","NB",15391186333,19166396858,34557583191,-3775210525
20200123,"14:05:01","SH","NB",12907075131,17741985062,30649060193,-4834909931
20200123,"14:05:01","SZ","NB",15421303778,19225399974,34646703752,-3804096196
20200123,"14:06:01","SH","NB",12957513473,17789495283,30747008756,-4831981810
20200123,"14:06:01","SZ","NB",15482263531,19283751177,34766014708,-3801487646
20200123,"14:07:01","SZ","NB",15524314146,19350337859,34874652005,-3826023713
20200123,"14:07:01","SH","NB",12995227655,17890703856,30885931511,-4895476201
20200123,"14:08:01","SH","NB",13029907079,17940873471,30970780550,-4910966392
20200123,"14:08:01","SZ","NB",15567491259,19410598959,34978090218,-3843107700
20200123,"14:09:01","SH","NB",13101341730,18079600028,31180941758,-4978258298
20200123,"14:09:01","SZ","NB",15625236713,19518261343,35143498056,-3893024630
20200123,"14:10:01","SH","NB",13147227106,18137758310,31284985416,-4990531204
20200123,"14:10:01","SZ","NB",15670547700,19585815597,35256363297,-3915267897
20200123,"14:11:01","SH","NB",13197993627,18201261112,31399254739,-5003267485
20200123,"14:11:01","SZ","NB",15715697298,19648788981,35364486279,-3933091683
20200123,"14:12:01","SZ","NB",15752662423,19698472412,35451134835,-3945809989
20200123,"14:12:01","SH","NB",13243163458,18250553513,31493716971,-5007390055
20200123,"14:13:01","SH","NB",13282082876,18315526579,31597609455,-5033443703
20200123,"14:13:01","SZ","NB",15789731500,19775914261,35565645761,-3986182761
20200123,"14:14:01","SH","NB",13316105387,18380569544,31696674931,-5064464157
20200123,"14:14:01","SZ","NB",15833244107,19837806205,35671050312,-4004562098
20200123,"14:15:01","SH","NB",13367155010,18498181998,31865337008,-5131026988
20200123,"14:15:01","SZ","NB",15878631154,19961175349,35839806503,-4082544195
20200123,"14:16:01","SH","NB",13445873302,18606894645,32052767947,-5161021343
20200123,"14:16:01","SZ","NB",15949133967,20081754078,36030888045,-4132620111
20200123,"14:17:01","SZ","NB",15998033832,20220643657,36218677489,-4222609825
20200123,"14:17:01","SH","NB",13517002725,18737908557,32254911282,-5220905832
20200123,"14:18:01","SH","NB",13599627127,18826552676,32426179803,-5226925549
20200123,"14:18:01","SZ","NB",16078321006,20331951023,36410272029,-4253630017
20200123,"14:19:01","SH","NB",13650384690,18895056565,32545441255,-5244671875
20200123,"14:19:01","SZ","NB",16157057611,20414582713,36571640324,-4257525102
20200123,"14:20:01","SH","NB",13700505008,19004694647,32705199655,-5304189639
20200123,"14:20:01","SZ","NB",16197288814,20483859730,36681148544,-4286570916
20200123,"14:21:01","SH","NB",13769103366,19072144450,32841247816,-5303041084
20200123,"14:21:01","SZ","NB",16271409034,20571527638,36842936672,-4300118604
20200123,"14:22:01","SH","NB",13824629947,19127193959,32951823906,-5302564012
20200123,"14:22:01","SZ","NB",16326655152,20652637464,36979292616,-4325982312
20200123,"14:23:01","SZ","NB",16376513377,20740010096,37116523473,-4363496719
20200123,"14:23:01","SH","NB",13865088267,19207931041,33073019308,-5342842774
20200123,"14:24:01","SH","NB",13912594725,19277723841,33190318566,-5365129116
20200123,"14:24:01","SZ","NB",16419545719,20820540935,37240086654,-4400995216
20200123,"14:25:01","SH","NB",13970035027,19328440196,33298475223,-5358405169
20200123,"14:25:01","SZ","NB",16467344296,20879618041,37346962337,-4412273745
20200123,"14:26:01","SH","NB",14024529392,19375098096,33399627488,-5350568704
20200123,"14:26:01","SZ","NB",16511448036,20928153463,37439601499,-4416705427
20200123,"14:27:01","SH","NB",14080736451,19460963510,33541699961,-5380227059
20200123,"14:27:01","SZ","NB",16551156596,20992243496,37543400092,-4441086900
20200123,"14:28:01","SH","NB",14137946852,19552901550,33690848402,-5414954698
20200123,"14:28:01","SZ","NB",16594878902,21078259996,37673138898,-4483381094
20200123,"14:29:01","SZ","NB",16640571983,21269705478,37910277461,-4629133495
20200123,"14:29:01","SH","NB",14214693946,19806335409,34021029355,-5591641463
20200123,"14:30:01","SH","NB",14320701241,19885743379,34206444620,-5565042138
20200123,"14:30:01","SZ","NB",16722257086,21391768019,38114025105,-4669510933
20200123,"14:31:01","SZ","NB",16799862783,21482512217,38282375000,-4682649434
20200123,"14:31:01","SH","NB",14402600108,19961987115,34364587223,-5559387007
20200123,"14:32:01","SH","NB",14458595215,20051595340,34510190555,-5593000125
20200123,"14:32:01","SZ","NB",16872710704,21574033992,38446744696,-4701323288
20200123,"14:33:01","SH","NB",14514011825,20213595984,34727607809,-5699584159
20200123,"14:33:01","SZ","NB",16939531671,21709541326,38649072997,-4770009655
20200123,"14:34:01","SH","NB",14670327204,20329633824,34999961028,-5659306620
20200123,"14:34:01","SZ","NB",17107719752,21795400029,38903119781,-4687680277
20200123,"14:35:01","SH","NB",14729009568,20394711181,35123720749,-5665701613
20200123,"14:35:01","SZ","NB",17181595773,21862508905,39044104678,-4680913132
20200123,"14:36:01","SH","NB",14779636666,20443721349,35223358015,-5664084683
20200123,"14:36:01","SZ","NB",17234389794,21929408537,39163798331,-4695018743
20200123,"14:37:01","SH","NB",14848155401,20546145087,35394300488,-5697989686
20200123,"14:37:01","SZ","NB",17308357449,22044301970,39352659419,-4735944521
20200123,"14:38:01","SH","NB",14959761816,20612250519,35572012335,-5652488703
20200123,"14:38:01","SZ","NB",17384539006,22123088042,39507627048,-4738549036
20200123,"14:39:01","SH","NB",15031644499,20711564305,35743208804,-5679919806
20200123,"14:39:01","SZ","NB",17450024859,22224837064,39674861923,-4774812205
20200123,"14:40:01","SH","NB",15125241603,20774886702,35900128305,-5649645099
20200123,"14:40:01","SZ","NB",17532368442,22308797390,39841165832,-4776428948
20200123,"14:41:01","SZ","NB",17648914834,22386750165,40035664999,-4737835331
20200123,"14:41:01","SH","NB",15245672354,20868503992,36114176346,-5622831638
20200123,"14:42:01","SH","NB",15356587791,20947783265,36304371056,-5591195474
20200123,"14:42:01","SZ","NB",17774876788,22465029549,40239906337,-4690152761
20200123,"14:43:01","SH","NB",15465817782,21027728701,36493546483,-5561910919
20200123,"14:43:01","SZ","NB",17868386670,22533695623,40402082293,-4665308953
20200123,"14:44:01","SH","NB",15552128903,21096706088,36648834991,-5544577185
20200123,"14:44:01","SZ","NB",17939847289,22624693081,40564540370,-4684845792
20200123,"14:45:01","SH","NB",15626156593,21179840091,36805996684,-5553683498
20200123,"14:45:01","SZ","NB",18002393479,22711453749,40713847228,-4709060270
20200123,"14:46:01","SH","NB",15696859248,21272917197,36969776445,-5576057949
20200123,"14:46:01","SZ","NB",18066143153,22832728167,40898871320,-4766585014
20200123,"14:47:01","SH","NB",15761304176,21376344512,37137648688,-5615040336
20200123,"14:47:01","SZ","NB",18129876562,22953315526,41083192088,-4823438964
20200123,"14:48:01","SH","NB",15823139354,21461891122,37285030476,-5638751768
20200123,"14:48:01","SZ","NB",18187405081,23038733750,41226138831,-4851328669
20200123,"14:49:01","SZ","NB",18249331667,23113586441,41362918108,-4864254774
20200123,"14:49:01","SH","NB",15879783937,21538862852,37418646789,-5659078915
20200123,"14:50:01","SH","NB",15957257858,21627254898,37584512756,-5669997040
20200123,"14:50:01","SZ","NB",18308507846,23206669749,41515177595,-4898161903
20200123,"14:51:01","SH","NB",16043640199,21766989859,37810630058,-5723349660
20200123,"14:51:01","SZ","NB",18388601756,23325153250,41713755006,-4936551494
20200123,"14:52:01","SH","NB",16116401805,21920289025,38036690830,-5803887220
20200123,"14:52:01","SZ","NB",18456128386,23448656688,41904785074,-4992528302
20200123,"14:53:01","SZ","NB",18517391993,23572050569,42089442562,-5054658576
20200123,"14:53:01","SH","NB",16187164147,22064487661,38251651808,-5877323514
20200123,"14:54:01","SH","NB",16266071625,22247445400,38513517025,-5981373775
20200123,"14:54:01","SZ","NB",18588852615,23709432639,42298285254,-5120580024
20200123,"14:55:01","SH","NB",16347861712,22393921742,38741783454,-6046060030
20200123,"14:55:01","SZ","NB",18664145513,23859808701,42523954214,-5195663188
20200123,"14:56:01","SH","NB",16436313286,22546005353,38982318639,-6109692067
20200123,"14:56:01","SZ","NB",18758648019,24053134301,42811782320,-5294486282
20200123,"14:57:01","SH","NB",16511698236,22659170742,39170868978,-6147472506
20200123,"14:57:01","SZ","NB",18839647324,24204114120,43043761444,-5364466796
20200123,"14:58:01","SH","NB",16511805456,22659658399,39171463855,-6147852943
20200123,"14:58:01","SZ","NB",18839678476,24204163335,43043841811,-5364484859
20200123,"15:00:01","SZ","NB",18857472255,24406079994,43263552249,-5548607739
20200123,"15:01:01","SH","NB",16970774083,23113233484,40084007567,-6142459401
20200123,"15:01:01","SZ","NB",19129725346,24749070738,43878796084,-5619345392
