dataDate,dataTime,connectMarket,tradeDirection,buyTurnover,sellTurnover,totalTurnover,netTurnover
20190319,"09:30:04","SH","NB",72130431,69002357,141132788,3128074
20190319,"09:30:04","SZ","NB",76492992,189202360,265695352,-112709368
20190319,"09:31:01","SH","NB",214658487,273888153,488546640,-59229666
20190319,"09:31:01","SZ","NB",273123931,503771279,776895210,-230647348
20190319,"09:32:01","SH","NB",478927933,406701098,885629031,72226835
20190319,"09:32:01","SZ","NB",421541551,659913459,1081455010,-238371908
20190319,"09:33:01","SH","NB",655649840,569697866,1225347706,85951974
20190319,"09:33:01","SZ","NB",552034153,839141596,1391175749,-287107443
20190319,"09:34:01","SH","NB",782571545,762349505,1544921050,20222040
20190319,"09:34:01","SZ","NB",655167682,1087617815,1742785497,-432450133
20190319,"09:35:01","SH","NB",910485252,1066495724,1976980976,-156010472
20190319,"09:35:01","SZ","NB",767448341,1405677673,2173126014,-638229332
20190319,"09:36:01","SZ","NB",887532963,1577104417,2464637380,-689571454
20190319,"09:36:01","SH","NB",1060080080,1223671839,2283751919,-163591759
20190319,"09:37:01","SH","NB",1293840929,1321384350,2615225279,-27543421
20190319,"09:37:01","SZ","NB",1059981314,1717371685,2777352999,-657390371
20190319,"09:38:01","SH","NB",1425376291,1473037055,2898413346,-47660764
20190319,"09:38:01","SZ","NB",1154267349,1864118732,3018386081,-709851383
20190319,"09:39:01","SH","NB",1588352807,1628390453,3216743260,-40037646
20190319,"09:39:01","SZ","NB",1262130446,1975533031,3237663477,-713402585
20190319,"09:40:01","SH","NB",1718749523,1783376548,3502126071,-64627025
20190319,"09:40:01","SZ","NB",1350964849,2123269807,3474234656,-772304958
20190319,"09:41:01","SH","NB",1835092026,1995986499,3831078525,-160894473
20190319,"09:41:01","SZ","NB",1436464491,2320679729,3757144220,-884215238
20190319,"09:42:01","SH","NB",1944370983,2116871726,4061242709,-172500743
20190319,"09:42:01","SZ","NB",1536579591,2431960569,3968540160,-895380978
20190319,"09:43:01","SH","NB",2098386993,2197602572,4295989565,-99215579
20190319,"09:43:01","SZ","NB",1695807960,2510400386,4206208346,-814592426
20190319,"09:44:01","SH","NB",2220564646,2280603111,4501167757,-60038465
20190319,"09:44:01","SZ","NB",1839079987,2582212698,4421292685,-743132711
20190319,"09:45:01","SZ","NB",1929948938,2706088791,4636037729,-776139853
20190319,"09:45:01","SH","NB",2322113088,2429824699,4751937787,-107711611
20190319,"09:46:01","SH","NB",2452234212,2528027539,4980261751,-75793327
20190319,"09:46:01","SZ","NB",2060557724,2808448101,4869005825,-747890377
20190319,"09:47:01","SZ","NB",2260605580,2905230652,5165836232,-644625072
20190319,"09:47:01","SH","NB",2621831448,2626551875,5248383323,-4720427
20190319,"09:48:01","SH","NB",2802141849,2772842174,5574984023,29299675
20190319,"09:48:01","SZ","NB",2431304228,3016948241,5448252469,-585644013
20190319,"09:49:01","SH","NB",2901413100,3017911077,5919324177,-116497977
20190319,"09:49:01","SZ","NB",2524923462,3176144928,5701068390,-651221466
20190319,"09:50:01","SH","NB",3001522880,3177219159,6178742039,-175696279
20190319,"09:50:01","SZ","NB",2619650022,3267856032,5887506054,-648206010
20190319,"09:51:01","SH","NB",3112658972,3289077292,6401736264,-176418320
20190319,"09:51:01","SZ","NB",2801319701,3358159068,6159478769,-556839367
20190319,"09:52:01","SH","NB",3246644530,3397547694,6644192224,-150903164
20190319,"09:52:01","SZ","NB",2993227628,3429712754,6422940382,-436485126
20190319,"09:53:01","SH","NB",3349395641,3451605532,6801001173,-102209891
20190319,"09:53:01","SZ","NB",3124900465,3508855744,6633756209,-383955279
20190319,"09:54:01","SH","NB",3440136077,3748890211,7189026288,-308754134
20190319,"09:54:01","SZ","NB",3222527645,3690995879,6913523524,-468468234
20190319,"09:55:01","SH","NB",3536419725,3960432459,7496852184,-424012734
20190319,"09:55:01","SZ","NB",3312031556,3825395332,7137426888,-513363776
20190319,"09:56:01","SH","NB",3659115757,4100304027,7759419784,-441188270
20190319,"09:56:01","SZ","NB",3414011814,3919876388,7333888202,-505864574
20190319,"09:57:01","SZ","NB",3519371912,3987277709,7506649621,-467905797
20190319,"09:57:01","SH","NB",3758755842,4165942760,7924698602,-407186918
20190319,"09:58:01","SH","NB",3870641077,4229526240,8100167317,-358885163
20190319,"09:58:01","SZ","NB",3584013755,4051956565,7635970320,-467942810
20190319,"09:59:01","SH","NB",3943976508,4293145576,8237122084,-349169068
20190319,"09:59:01","SZ","NB",3674439863,4133620850,7808060713,-459180987
20190319,"10:00:01","SH","NB",4033118494,4364208327,8397326821,-331089833
20190319,"10:00:01","SZ","NB",3744332961,4232228879,7976561840,-487895918
20190319,"10:01:01","SZ","NB",3818960765,4313594813,8132555578,-494634048
20190319,"10:01:01","SH","NB",4112918213,4418467221,8531385434,-305549008
20190319,"10:02:01","SH","NB",4298956211,4479127873,8778084084,-180171662
20190319,"10:02:01","SZ","NB",4003504608,4380498372,8384002980,-376993764
20190319,"10:03:01","SH","NB",4408690625,4520078232,8928768857,-111387607
20190319,"10:03:01","SZ","NB",4116406632,4419311401,8535718033,-302904769
20190319,"10:04:01","SZ","NB",4179028900,4467806834,8646835734,-288777934
20190319,"10:04:01","SH","NB",4476313139,4571048929,9047362068,-94735790
20190319,"10:05:01","SH","NB",4525649666,4641496966,9167146632,-115847300
20190319,"10:05:01","SZ","NB",4223066398,4523488080,8746554478,-300421682
20190319,"10:06:01","SZ","NB",4282012966,4573245607,8855258573,-291232641
20190319,"10:06:01","SH","NB",4575248426,4692982655,9268231081,-117734229
20190319,"10:07:01","SH","NB",4634875363,4807161670,9442037033,-172286307
20190319,"10:07:01","SZ","NB",4352337241,4646084082,8998421323,-293746841
20190319,"10:08:01","SH","NB",4686304986,4858935845,9545240831,-172630859
20190319,"10:08:01","SZ","NB",4403793988,4700985372,9104779360,-297191384
20190319,"10:09:01","SH","NB",4745972259,4912796128,9658768387,-166823869
20190319,"10:09:01","SZ","NB",4474634719,4753499799,9228134518,-278865080
20190319,"10:10:01","SH","NB",4798907921,4963998968,9762906889,-165091047
20190319,"10:10:01","SZ","NB",4552136009,4804159074,9356295083,-252023065
20190319,"10:11:01","SH","NB",4858960323,5011931196,9870891519,-152970873
20190319,"10:11:01","SZ","NB",4613348198,4852229563,9465577761,-238881365
20190319,"10:12:01","SH","NB",4930602595,5075949583,10006552178,-145346988
20190319,"10:12:01","SZ","NB",4697459419,4918282164,9615741583,-220822745
20190319,"10:13:01","SH","NB",4990229464,5226283788,10216513252,-236054324
20190319,"10:13:01","SZ","NB",4785322579,5070191342,9855513921,-284868763
20190319,"10:14:01","SH","NB",5054610465,5313885410,10368495875,-259274945
20190319,"10:14:01","SZ","NB",4848175441,5143305593,9991481034,-295130152
20190319,"10:15:01","SZ","NB",4916057264,5199932138,10115989402,-283874874
20190319,"10:15:01","SH","NB",5110659715,5372396742,10483056457,-261737027
20190319,"10:16:01","SH","NB",5161164076,5417159166,10578323242,-255995090
20190319,"10:16:01","SZ","NB",4959635818,5276201265,10235837083,-316565447
20190319,"10:17:01","SH","NB",5215477252,5492534204,10708011456,-277056952
20190319,"10:17:01","SZ","NB",5019469143,5340263118,10359732261,-320793975
20190319,"10:18:01","SH","NB",5282862320,5532518035,10815380355,-249655715
20190319,"10:18:01","SZ","NB",5086700164,5388183962,10474884126,-301483798
20190319,"10:19:01","SH","NB",5358362322,5575292950,10933655272,-216930628
20190319,"10:19:01","SZ","NB",5184735556,5418682714,10603418270,-233947158
20190319,"10:20:01","SZ","NB",5277199900,5462969592,10740169492,-185769692
20190319,"10:20:01","SH","NB",5463604758,5619503096,11083107854,-155898338
20190319,"10:21:01","SH","NB",5546012100,5669779512,11215791612,-123767412
20190319,"10:21:01","SZ","NB",5357067097,5510235905,10867303002,-153168808
20190319,"10:22:01","SH","NB",5586060137,5711684588,11297744725,-125624451
20190319,"10:22:01","SZ","NB",5403520290,5572836132,10976356422,-169315842
20190319,"10:23:01","SH","NB",5618358220,5762049091,11380407311,-143690871
20190319,"10:23:01","SZ","NB",5444220156,5619799038,11064019194,-175578882
20190319,"10:24:01","SH","NB",5660099589,5801498491,11461598080,-141398902
20190319,"10:24:01","SZ","NB",5488980029,5670398121,11159378150,-181418092
20190319,"10:25:01","SH","NB",5713436929,5838565096,11552002025,-125128167
20190319,"10:25:01","SZ","NB",5535704714,5714230904,11249935618,-178526190
20190319,"10:26:01","SH","NB",5774299695,5879733962,11654033657,-105434267
20190319,"10:26:01","SZ","NB",5612446122,5761553013,11373999135,-149106891
20190319,"10:27:01","SZ","NB",5667231822,5814360955,11481592777,-147129133
20190319,"10:27:01","SH","NB",5825490622,5932094186,11757584808,-106603564
20190319,"10:28:01","SH","NB",5880749287,5978980093,11859729380,-98230806
20190319,"10:28:01","SZ","NB",5737843627,5857235371,11595078998,-119391744
20190319,"10:29:01","SH","NB",5925260443,6024700172,11949960615,-99439729
20190319,"10:29:01","SZ","NB",5795088929,5904000720,11699089649,-108911791
20190319,"10:30:01","SZ","NB",5916078335,5948427508,11864505843,-32349173
20190319,"10:30:01","SH","NB",6050364618,6069299198,12119663816,-18934580
20190319,"10:31:01","SH","NB",6125634353,6119677348,12245311701,5957005
20190319,"10:31:01","SZ","NB",6008309913,6000414071,12008723984,7895842
20190319,"10:32:01","SH","NB",6188159897,6237536915,12425696812,-49377018
20190319,"10:32:01","SZ","NB",6065318764,6153314986,12218633750,-87996222
20190319,"10:33:01","SH","NB",6221374301,6325227288,12546601589,-103852987
20190319,"10:33:01","SZ","NB",6095645189,6278101398,12373746587,-182456209
20190319,"10:34:01","SH","NB",6250839799,6383211370,12634051169,-132371571
20190319,"10:34:01","SZ","NB",6120480227,6332428745,12452908972,-211948518
20190319,"10:35:01","SH","NB",6276801981,6434189589,12710991570,-157387608
20190319,"10:35:01","SZ","NB",6155213623,6394140856,12549354479,-238927233
20190319,"10:36:01","SH","NB",6314388088,6464939152,12779327240,-150551064
20190319,"10:36:01","SZ","NB",6192531138,6434276053,12626807191,-241744915
20190319,"10:37:01","SH","NB",6346754652,6497933294,12844687946,-151178642
20190319,"10:37:01","SZ","NB",6225631222,6466927733,12692558955,-241296511
20190319,"10:38:01","SH","NB",6381536721,6585224645,12966761366,-203687924
20190319,"10:38:01","SZ","NB",6253394828,6549187698,12802582526,-295792870
20190319,"10:39:01","SH","NB",6434357497,6713257144,13147614641,-278899647
20190319,"10:39:01","SZ","NB",6291791250,6700484261,12992275511,-408693011
20190319,"10:40:01","SZ","NB",6330278436,6755618631,13085897067,-425340195
20190319,"10:40:01","SH","NB",6473688691,6783211722,13256900413,-309523031
20190319,"10:41:01","SH","NB",6521418476,6819426633,13340845109,-298008157
20190319,"10:41:01","SZ","NB",6372847516,6794173817,13167021333,-421326301
20190319,"10:42:01","SH","NB",6565217630,6854890115,13420107745,-289672485
20190319,"10:42:01","SZ","NB",6403683078,6819492990,13223176068,-415809912
20190319,"10:43:01","SZ","NB",6439806980,6864427112,13304234092,-424620132
20190319,"10:43:01","SH","NB",6602991182,6888557043,13491548225,-285565861
20190319,"10:44:01","SH","NB",6638304786,6919471896,13557776682,-281167110
20190319,"10:44:01","SZ","NB",6472283157,6898427039,13370710196,-426143882
20190319,"10:45:01","SH","NB",6694522097,6960515827,13655037924,-265993730
20190319,"10:45:01","SZ","NB",6499843253,6950558630,13450401883,-450715377
20190319,"10:46:01","SH","NB",6731816332,7068922507,13800738839,-337106175
20190319,"10:46:01","SZ","NB",6524908098,7092648189,13617556287,-567740091
20190319,"10:47:01","SH","NB",6766681812,7162544645,13929226457,-395862833
20190319,"10:47:01","SZ","NB",6553745441,7220539054,13774284495,-666793613
20190319,"10:48:01","SH","NB",6834531555,7211100087,14045631642,-376568532
20190319,"10:48:01","SZ","NB",6606314684,7276410870,13882725554,-670096186
20190319,"10:49:01","SH","NB",6953455037,7255213095,14208668132,-301758058
20190319,"10:49:01","SZ","NB",6741461986,7315463449,14056925435,-574001463
20190319,"10:50:01","SH","NB",7055219868,7280456228,14335676096,-225236360
20190319,"10:50:01","SZ","NB",6822734260,7362115293,14184849553,-539381033
20190319,"10:51:01","SZ","NB",6852981840,7399644824,14252626664,-546662984
20190319,"10:51:01","SH","NB",7103062099,7315931584,14418993683,-212869485
20190319,"10:52:01","SH","NB",7151935033,7347384535,14499319568,-195449502
20190319,"10:52:01","SZ","NB",6877083362,7438541585,14315624947,-561458223
20190319,"10:53:01","SH","NB",7199116523,7386551229,14585667752,-187434706
20190319,"10:53:01","SZ","NB",6897193253,7480111058,14377304311,-582917805
20190319,"10:54:01","SH","NB",7251664222,7412680173,14664344395,-161015951
20190319,"10:54:01","SZ","NB",6920064232,7512261125,14432325357,-592196893
20190319,"10:55:01","SH","NB",7288710544,7443406844,14732117388,-154696300
20190319,"10:55:01","SZ","NB",6946528661,7540750566,14487279227,-594221905
20190319,"10:56:01","SH","NB",7326518563,7471047517,14797566080,-144528954
20190319,"10:56:01","SZ","NB",6988196854,7595894955,14584091809,-607698101
20190319,"10:57:01","SH","NB",7377043010,7507691394,14884734404,-130648384
20190319,"10:57:01","SZ","NB",7018327281,7631397004,14649724285,-613069723
20190319,"10:58:01","SH","NB",7431755886,7536843565,14968599451,-105087679
20190319,"10:58:01","SZ","NB",7048068131,7668602165,14716670296,-620534034
20190319,"10:59:01","SH","NB",7533181511,7569841271,15103022782,-36659760
20190319,"10:59:01","SZ","NB",7111213809,7704026451,14815240260,-592812642
20190319,"11:00:01","SH","NB",7605406010,7627187990,15232594000,-21781980
20190319,"11:00:01","SZ","NB",7165562088,7753896113,14919458201,-588334025
20190319,"11:01:01","SZ","NB",7211176178,7848668995,15059845173,-637492817
20190319,"11:01:01","SH","NB",7655542657,7720096809,15375639466,-64554152
20190319,"11:02:01","SH","NB",7696209476,7764856162,15461065638,-68646686
20190319,"11:02:01","SZ","NB",7238787616,7909185243,15147972859,-670397627
20190319,"11:03:01","SH","NB",7720580244,7787443313,15508023557,-66863069
20190319,"11:03:01","SZ","NB",7257850680,7939797509,15197648189,-681946829
20190319,"11:04:01","SH","NB",7757146542,7811201775,15568348317,-54055233
20190319,"11:04:01","SZ","NB",7288164302,7966325482,15254489784,-678161180
20190319,"11:05:01","SH","NB",7906767148,7848114170,15754881318,58652978
20190319,"11:05:01","SZ","NB",7401384594,7996650039,15398034633,-595265445
20190319,"11:06:01","SH","NB",7986699776,7893436630,15880136406,93263146
20190319,"11:06:01","SZ","NB",7481872613,8031798061,15513670674,-549925448
20190319,"11:07:01","SZ","NB",7514407794,8069599384,15584007178,-555191590
20190319,"11:07:01","SH","NB",8038745572,7931061565,15969807137,107684007
20190319,"11:08:01","SH","NB",8071731482,7968496350,16040227832,103235132
20190319,"11:08:01","SZ","NB",7544274660,8123289951,15667564611,-579015291
20190319,"11:09:01","SH","NB",8100790827,8002635782,16103426609,98155045
20190319,"11:09:01","SZ","NB",7572410438,8165150346,15737560784,-592739908
20190319,"11:10:01","SH","NB",8130184502,8080056264,16210240766,50128238
20190319,"11:10:01","SZ","NB",7592001812,8225376240,15817378052,-633374428
20190319,"11:11:01","SH","NB",8163717452,8107903140,16271620592,55814312
20190319,"11:11:01","SZ","NB",7613154127,8261962272,15875116399,-648808145
20190319,"11:12:01","SH","NB",8184143048,8127300053,16311443101,56842995
20190319,"11:12:01","SZ","NB",7635238994,8289760678,15924999672,-654521684
20190319,"11:13:01","SH","NB",8210923529,8147635572,16358559101,63287957
20190319,"11:13:01","SZ","NB",7656164534,8308924066,15965088600,-652759532
20190319,"11:14:01","SZ","NB",7684398484,8396654255,16081052739,-712255771
20190319,"11:14:01","SH","NB",8250065657,8240882264,16490947921,9183393
20190319,"11:15:01","SH","NB",8287335673,8349705563,16637041236,-62369890
20190319,"11:15:01","SZ","NB",7709685655,8503052192,16212737847,-793366537
20190319,"11:16:01","SH","NB",8325336627,8374008477,16699345104,-48671850
20190319,"11:16:01","SZ","NB",7739999204,8528745049,16268744253,-788745845
20190319,"11:17:01","SH","NB",8348973790,8394706359,16743680149,-45732569
20190319,"11:17:01","SZ","NB",7758828821,8550014088,16308842909,-791185267
20190319,"11:18:01","SH","NB",8403477246,8418214969,16821692215,-14737723
20190319,"11:18:01","SZ","NB",7796069826,8565746869,16361816695,-769677043
20190319,"11:19:01","SZ","NB",7812740309,8583067389,16395807698,-770327080
20190319,"11:19:01","SH","NB",8430336722,8435887098,16866223820,-5550376
20190319,"11:20:01","SH","NB",8470098878,8454879302,16924978180,15219576
20190319,"11:20:01","SZ","NB",7831226451,8600272201,16431498652,-769045750
20190319,"11:21:01","SH","NB",8511446318,8474609145,16986055463,36837173
20190319,"11:21:01","SZ","NB",7859495650,8621541801,16481037451,-762046151
20190319,"11:22:01","SZ","NB",7891361832,8639595859,16530957691,-748234027
20190319,"11:22:01","SH","NB",8541822500,8489170622,17030993122,52651878
20190319,"11:23:01","SH","NB",8561636549,8513127441,17074763990,48509108
20190319,"11:23:01","SZ","NB",7909670521,8656799519,16566470040,-747128998
20190319,"11:24:01","SH","NB",8587907226,8532094040,17120001266,55813186
20190319,"11:24:01","SZ","NB",7930280554,8681105027,16611385581,-750824473
20190319,"11:25:01","SH","NB",8607116375,8550831856,17157948231,56284519
20190319,"11:25:01","SZ","NB",7947108107,8697474532,16644582639,-750366425
20190319,"11:26:01","SH","NB",8624269353,8571806051,17196075404,52463302
20190319,"11:26:01","SZ","NB",7966436952,8714348528,16680785480,-747911576
20190319,"11:27:01","SH","NB",8646140791,8588490231,17234631022,57650560
20190319,"11:27:01","SZ","NB",7985767882,8734624565,16720392447,-748856683
20190319,"11:28:01","SH","NB",8669207869,8608002154,17277210023,61205715
20190319,"11:28:01","SZ","NB",8000523747,8760050602,16760574349,-759526855
20190319,"11:29:01","SH","NB",8689801992,8624075596,17313877588,65726396
20190319,"11:29:01","SZ","NB",8012547728,8788002063,16800549791,-775454335
20190319,"11:30:01","SZ","NB",8030515271,8799624074,16830139345,-769108803
20190319,"11:30:01","SH","NB",8711021144,8643031993,17354053137,67989151
20190319,"11:31:01","SH","NB",8711055635,8643090088,17354145723,67965547
20190319,"11:31:01","SZ","NB",8030515271,8799628694,16830143965,-769113423
20190319,"13:01:01","SH","NB",8775977854,8694541457,17470519311,81436397
20190319,"13:01:01","SZ","NB",8080366857,8860872149,16941239006,-780505292
20190319,"13:02:01","SH","NB",8805953899,8711213140,17517167039,94740759
20190319,"13:02:01","SZ","NB",8095534917,8881036063,16976570980,-785501146
20190319,"13:03:01","SH","NB",8839666383,8730976287,17570642670,108690096
20190319,"13:03:01","SZ","NB",8116027754,8904794632,17020822386,-788766878
20190319,"13:04:01","SH","NB",8879634800,8753350701,17632985501,126284099
20190319,"13:04:01","SZ","NB",8136413658,8932079125,17068492783,-795665467
20190319,"13:05:01","SH","NB",8906055336,8784173648,17690228984,121881688
20190319,"13:05:01","SZ","NB",8156926953,8970397077,17127324030,-813470124
20190319,"13:06:01","SH","NB",8934611259,8816454834,17751066093,118156425
20190319,"13:06:01","SZ","NB",8170039399,8999207423,17169246822,-829168024
20190319,"13:07:01","SH","NB",8960439389,8839872739,17800312128,120566650
20190319,"13:07:01","SZ","NB",8187099184,9036740306,17223839490,-849641122
20190319,"13:08:01","SH","NB",8991954186,8857822312,17849776498,134131874
20190319,"13:08:01","SZ","NB",8202362552,9062490858,17264853410,-860128306
20190319,"13:09:01","SZ","NB",8218300217,9092563396,17310863613,-874263179
20190319,"13:09:01","SH","NB",9017962583,8885514980,17903477563,132447603
20190319,"13:10:01","SH","NB",9055903743,8904989706,17960893449,150914037
20190319,"13:10:01","SZ","NB",8248083787,9123050146,17371133933,-874966359
20190319,"13:11:01","SZ","NB",8307541283,9148272265,17455813548,-840730982
20190319,"13:11:01","SH","NB",9105050772,8925522329,18030573101,179528443
20190319,"13:12:01","SH","NB",9156070482,8946957085,18103027567,209113397
20190319,"13:12:01","SZ","NB",8364228194,9183484426,17547712620,-819256232
20190319,"13:13:01","SH","NB",9200537113,8971477080,18172014193,229060033
20190319,"13:13:01","SZ","NB",8391806162,9208838089,17600644251,-817031927
20190319,"13:14:01","SH","NB",9233091831,8990007680,18223099511,243084151
20190319,"13:14:01","SZ","NB",8411608016,9240848567,17652456583,-829240551
20190319,"13:15:01","SH","NB",9278193507,9013952382,18292145889,264241125
20190319,"13:15:01","SZ","NB",8442227889,9266991633,17709219522,-824763744
20190319,"13:16:01","SH","NB",9311335894,9034876226,18346212120,276459668
20190319,"13:16:01","SZ","NB",8481817021,9290985595,17772802616,-809168574
20190319,"13:17:01","SH","NB",9338186344,9050003106,18388189450,288183238
20190319,"13:17:01","SZ","NB",8505110124,9322176770,17827286894,-817066646
20190319,"13:18:01","SH","NB",9362132955,9066799117,18428932072,295333838
20190319,"13:18:01","SZ","NB",8527134731,9346065407,17873200138,-818930676
20190319,"13:19:01","SH","NB",9387509359,9087432876,18474942235,300076483
20190319,"13:19:01","SZ","NB",8547082223,9367363121,17914445344,-820280898
20190319,"13:20:01","SZ","NB",8575927036,9394432813,17970359849,-818505777
20190319,"13:20:01","SH","NB",9411050821,9104141474,18515192295,306909347
20190319,"13:21:01","SH","NB",9435858805,9125119705,18560978510,310739100
20190319,"13:21:01","SZ","NB",8597821927,9417151951,18014973878,-819330024
20190319,"13:22:01","SH","NB",9455175376,9142188011,18597363387,312987365
20190319,"13:22:01","SZ","NB",8619038559,9442388724,18061427283,-823350165
20190319,"13:23:01","SH","NB",9491847371,9157258681,18649106052,334588690
20190319,"13:23:01","SZ","NB",8650331512,9465900257,18116231769,-815568745
20190319,"13:24:01","SH","NB",9525939404,9175015664,18700955068,350923740
20190319,"13:24:01","SZ","NB",8672507510,9484913985,18157421495,-812406475
20190319,"13:25:01","SH","NB",9583649652,9197397585,18781047237,386252067
20190319,"13:25:01","SZ","NB",8691929265,9515513091,18207442356,-823583826
20190319,"13:26:01","SZ","NB",8711728329,9537092030,18248820359,-825363701
20190319,"13:26:01","SH","NB",9620247942,9218239481,18838487423,402008461
20190319,"13:27:01","SH","NB",9664703193,9241599946,18906303139,423103247
20190319,"13:27:01","SZ","NB",8734350716,9560634681,18294985397,-826283965
20190319,"13:28:01","SH","NB",9713033543,9267298674,18980332217,445734869
20190319,"13:28:01","SZ","NB",8767935893,9589168661,18357104554,-821232768
20190319,"13:29:01","SH","NB",9752661340,9295973922,19048635262,456687418
20190319,"13:29:01","SZ","NB",8806179479,9617877981,18424057460,-811698502
20190319,"13:30:01","SH","NB",9785475403,9315514647,19100990050,469960756
20190319,"13:30:01","SZ","NB",8831133288,9651999170,18483132458,-820865882
20190319,"13:31:01","SZ","NB",8853010623,9703477610,18556488233,-850466987
20190319,"13:31:01","SH","NB",9822091277,9355024336,19177115613,467066941
20190319,"13:32:01","SH","NB",9855619768,9418586987,19274206755,437032781
20190319,"13:32:01","SZ","NB",8873214315,9765654613,18638868928,-892440298
20190319,"13:33:01","SH","NB",9876918421,9438163018,19315081439,438755403
20190319,"13:33:01","SZ","NB",8890893895,9788243754,18679137649,-897349859
20190319,"13:34:01","SH","NB",9915079251,9460585293,19375664544,454493958
20190319,"13:34:01","SZ","NB",8917734730,9818624994,18736359724,-900890264
20190319,"13:35:01","SH","NB",9940292320,9493930043,19434222363,446362277
20190319,"13:35:01","SZ","NB",8937785435,9850310874,18788096309,-912525439
20190319,"13:36:01","SH","NB",9968523806,9518231839,19486755645,450291967
20190319,"13:36:01","SZ","NB",8954512902,9874934634,18829447536,-920421732
20190319,"13:37:01","SH","NB",10003076615,9535848433,19538925048,467228182
20190319,"13:37:01","SZ","NB",8979290629,9900387044,18879677673,-921096415
20190319,"13:38:01","SZ","NB",9000549492,9927397009,18927946501,-926847517
20190319,"13:38:01","SH","NB",10037483031,9550100119,19587583150,487382912
20190319,"13:39:01","SH","NB",10064772841,9570803532,19635576373,493969309
20190319,"13:39:01","SZ","NB",9017162195,9961439319,18978601514,-944277124
20190319,"13:40:01","SH","NB",10095670622,9641490623,19737161245,454179999
20190319,"13:40:01","SZ","NB",9050252525,10050495761,19100748286,-1000243236
20190319,"13:41:01","SH","NB",10133053708,9742887114,19875940822,390166594
20190319,"13:41:01","SZ","NB",9079460011,10212671667,19292131678,-1133211656
20190319,"13:42:01","SH","NB",10171653545,9818765584,19990419129,352887961
20190319,"13:42:01","SZ","NB",9109562858,10299369075,19408931933,-1189806217
20190319,"13:43:01","SH","NB",10201565924,9853552940,20055118864,348012984
20190319,"13:43:01","SZ","NB",9139803664,10343907158,19483710822,-1204103494
20190319,"13:44:01","SH","NB",10233378484,9968363664,20201742148,265014820
20190319,"13:44:01","SZ","NB",9162114570,10420431639,19582546209,-1258317069
20190319,"13:45:01","SH","NB",10274681073,10012087931,20286769004,262593142
20190319,"13:45:01","SZ","NB",9199921278,10459694732,19659616010,-1259773454
20190319,"13:46:01","SZ","NB",9231418714,10488154982,19719573696,-1256736268
20190319,"13:46:01","SH","NB",10318217752,10044112827,20362330579,274104925
20190319,"13:47:01","SH","NB",10359667370,10140095793,20499763163,219571577
20190319,"13:47:01","SZ","NB",9263389769,10564127665,19827517434,-1300737896
20190319,"13:48:01","SH","NB",10400951262,10206710302,20607661564,194240960
20190319,"13:48:01","SZ","NB",9286626944,10624853619,19911480563,-1338226675
20190319,"13:49:01","SH","NB",10447606153,10243693596,20691299749,203912557
20190319,"13:49:01","SZ","NB",9320211907,10682307885,20002519792,-1362095978
20190319,"13:50:01","SZ","NB",9347260625,10713671572,20060932197,-1366410947
20190319,"13:50:01","SH","NB",10483032818,10273758851,20756791669,209273967
20190319,"13:51:01","SH","NB",10535113615,10305831385,20840945000,229282230
20190319,"13:51:01","SZ","NB",9400768199,10741739769,20142507968,-1340971570
20190319,"13:52:01","SH","NB",10587218274,10326551137,20913769411,260667137
20190319,"13:52:01","SZ","NB",9454226236,10768747053,20222973289,-1314520817
20190319,"13:53:01","SH","NB",10611949872,10347863574,20959813446,264086298
20190319,"13:53:01","SZ","NB",9473450483,10796613130,20270063613,-1323162647
20190319,"13:54:01","SH","NB",10637165491,10426032374,21063197865,211133117
20190319,"13:54:01","SZ","NB",9494988576,10838853488,20333842064,-1343864912
20190319,"13:55:01","SH","NB",10658618550,10449226742,21107845292,209391808
20190319,"13:55:01","SZ","NB",9522082090,10873006095,20395088185,-1350924005
20190319,"13:56:01","SH","NB",10680794297,10466553135,21147347432,214241162
20190319,"13:56:01","SZ","NB",9536719574,10888688757,20425408331,-1351969183
20190319,"13:57:01","SZ","NB",9554364660,10913297704,20467662364,-1358933044
20190319,"13:57:01","SH","NB",10701873196,10488407445,21190280641,213465751
20190319,"13:58:01","SH","NB",10730318357,10509826389,21240144746,220491968
20190319,"13:58:01","SZ","NB",9581224179,10934216333,20515440512,-1352992154
20190319,"13:59:01","SH","NB",10751863402,10527439588,21279302990,224423814
20190319,"13:59:01","SZ","NB",9606152633,10955557872,20561710505,-1349405239
20190319,"14:00:01","SH","NB",10788691416,10614798154,21403489570,173893262
20190319,"14:00:01","SZ","NB",9629539369,11027706949,20657246318,-1398167580
20190319,"14:01:01","SH","NB",10927444879,10682191231,21609636110,245253648
20190319,"14:01:01","SZ","NB",9733755072,11085389319,20819144391,-1351634247
20190319,"14:02:01","SH","NB",10986743286,10706403090,21693146376,280340196
20190319,"14:02:01","SZ","NB",9792026235,11110853650,20902879885,-1318827415
20190319,"14:03:01","SH","NB",11038172003,10732235574,21770407577,305936429
20190319,"14:03:01","SZ","NB",9832057628,11142951736,20975009364,-1310894108
20190319,"14:04:01","SZ","NB",9856106447,11164184567,21020291014,-1308078120
20190319,"14:04:01","SH","NB",11060074388,10761643324,21821717712,298431064
20190319,"14:05:01","SH","NB",11079490813,10795510355,21875001168,283980458
20190319,"14:05:01","SZ","NB",9875970369,11197116734,21073087103,-1321146365
20190319,"14:06:01","SH","NB",11099272724,10826525699,21925798423,272747025
20190319,"14:06:01","SZ","NB",9892727799,11227546921,21120274720,-1334819122
20190319,"14:07:01","SH","NB",11116932814,10843485356,21960418170,273447458
20190319,"14:07:01","SZ","NB",9906210076,11254153684,21160363760,-1347943608
20190319,"14:08:01","SH","NB",11134462515,10868024663,22002487178,266437852
20190319,"14:08:01","SZ","NB",9920873299,11280252032,21201125331,-1359378733
20190319,"14:09:01","SH","NB",11157531171,10894061338,22051592509,263469833
20190319,"14:09:01","SZ","NB",9937131925,11309392443,21246524368,-1372260518
20190319,"14:10:01","SH","NB",11175616222,10937709051,22113325273,237907171
20190319,"14:10:01","SZ","NB",9957072446,11364438117,21321510563,-1407365671
20190319,"14:11:01","SH","NB",11197472646,10998669850,22196142496,198802796
20190319,"14:11:01","SZ","NB",9976794138,11405551020,21382345158,-1428756882
20190319,"14:12:01","SZ","NB",9995414020,11441390760,21436804780,-1445976740
20190319,"14:12:01","SH","NB",11223364013,11038322198,22261686211,185041815
20190319,"14:13:01","SH","NB",11246169617,11064174488,22310344105,181995129
20190319,"14:13:01","SZ","NB",10018057685,11470672639,21488730324,-1452614954
20190319,"14:14:01","SH","NB",11280199129,11089302933,22369502062,190896196
20190319,"14:14:01","SZ","NB",10041546925,11491850427,21533397352,-1450303502
20190319,"14:15:01","SH","NB",11304180551,11111094595,22415275146,193085956
20190319,"14:15:01","SZ","NB",10062426263,11515052203,21577478466,-1452625940
20190319,"14:16:01","SH","NB",11326014312,11132071256,22458085568,193943056
20190319,"14:16:01","SZ","NB",10083649855,11531752435,21615402290,-1448102580
20190319,"14:17:01","SH","NB",11357265568,11151419910,22508685478,205845658
20190319,"14:17:01","SZ","NB",10119126181,11553084224,21672210405,-1433958043
20190319,"14:18:01","SH","NB",11376843211,11193588697,22570431908,183254514
20190319,"14:18:01","SZ","NB",10138383443,11598382810,21736766253,-1459999367
20190319,"14:19:01","SH","NB",11399295902,11277994479,22677290381,121301423
20190319,"14:19:01","SZ","NB",10156715400,11664883383,21821598783,-1508167983
20190319,"14:20:01","SZ","NB",10180340237,11734375471,21914715708,-1554035234
20190319,"14:20:01","SH","NB",11433908416,11376709672,22810618088,57198744
20190319,"14:21:01","SH","NB",11464835359,11457992598,22922827957,6842761
20190319,"14:21:01","SZ","NB",10201789818,11817964461,22019754279,-1616174643
20190319,"14:22:01","SH","NB",11501801568,11510755120,23012556688,-8953552
20190319,"14:22:01","SZ","NB",10243200741,11887564102,22130764843,-1644363361
20190319,"14:23:01","SH","NB",11564950785,11545251528,23110202313,19699257
20190319,"14:23:01","SZ","NB",10297189815,11921513439,22218703254,-1624323624
20190319,"14:24:01","SH","NB",11604820026,11577437064,23182257090,27382962
20190319,"14:24:01","SZ","NB",10338789448,11956731083,22295520531,-1617941635
20190319,"14:25:01","SH","NB",11656820687,11606641828,23263462515,50178859
20190319,"14:25:01","SZ","NB",10382748791,12016537363,22399286154,-1633788572
20190319,"14:26:01","SH","NB",11688907971,11640832742,23329740713,48075229
20190319,"14:26:01","SZ","NB",10416011816,12053895678,22469907494,-1637883862
20190319,"14:27:01","SZ","NB",10443873359,12094458637,22538331996,-1650585278
20190319,"14:27:01","SH","NB",11714111718,11669296652,23383408370,44815066
20190319,"14:28:01","SH","NB",11739860245,11696485558,23436345803,43374687
20190319,"14:28:01","SZ","NB",10467033550,12123058582,22590092132,-1656025032
20190319,"14:29:01","SH","NB",11765923460,11725834310,23491757770,40089150
20190319,"14:29:01","SZ","NB",10490031235,12156738253,22646769488,-1666707018
20190319,"14:30:01","SH","NB",11793356972,11758361762,23551718734,34995210
20190319,"14:30:01","SZ","NB",10517525984,12189533305,22707059289,-1672007321
20190319,"14:31:01","SH","NB",11851887946,11788627292,23640515238,63260654
20190319,"14:31:01","SZ","NB",10566170571,12220970133,22787140704,-1654799562
20190319,"14:32:01","SZ","NB",10632240338,12255583445,22887823783,-1623343107
20190319,"14:32:01","SH","NB",11942046854,11823543981,23765590835,118502873
20190319,"14:33:01","SH","NB",12025855610,11860681302,23886536912,165174308
20190319,"14:33:01","SZ","NB",10694581269,12295551120,22990132389,-1600969851
20190319,"14:34:01","SH","NB",12091618563,11912310122,24003928685,179308441
20190319,"14:34:01","SZ","NB",10737880123,12336530440,23074410563,-1598650317
20190319,"14:35:01","SH","NB",12130660742,11952161858,24082822600,178498884
20190319,"14:35:01","SZ","NB",10771244890,12384194507,23155439397,-1612949617
20190319,"14:36:01","SH","NB",12164932006,11987803203,24152735209,177128803
20190319,"14:36:01","SZ","NB",10797638293,12426763435,23224401728,-1629125142
20190319,"14:37:01","SH","NB",12211935593,12013277018,24225212611,198658575
20190319,"14:37:01","SZ","NB",10827669634,12461527229,23289196863,-1633857595
20190319,"14:38:01","SZ","NB",10861220348,12506352949,23367573297,-1645132601
20190319,"14:38:01","SH","NB",12247378604,12042310313,24289688917,205068291
20190319,"14:39:01","SH","NB",12288392948,12068201553,24356594501,220191395
20190319,"14:39:01","SZ","NB",10902431724,12536381022,23438812746,-1633949298
20190319,"14:40:01","SH","NB",12383157385,12097578373,24480735758,285579012
20190319,"14:40:01","SZ","NB",10970531066,12563750145,23534281211,-1593219079
20190319,"14:41:01","SZ","NB",11016028781,12604097742,23620126523,-1588068961
20190319,"14:41:01","SH","NB",12455746973,12131726241,24587473214,324020732
20190319,"14:42:01","SH","NB",12509772514,12176314797,24686087311,333457717
20190319,"14:42:01","SZ","NB",11082503451,12666395968,23748899419,-1583892517
20190319,"14:43:01","SH","NB",12564924224,12253626364,24818550588,311297860
20190319,"14:43:01","SZ","NB",11119334578,12738485376,23857819954,-1619150798
20190319,"14:44:01","SH","NB",12613119933,12343071858,24956191791,270048075
20190319,"14:44:01","SZ","NB",11148679573,12787910927,23936590500,-1639231354
20190319,"14:45:01","SH","NB",12668496390,12445491845,25113988235,223004545
20190319,"14:45:01","SZ","NB",11179140667,12841649479,24020790146,-1662508812
20190319,"14:46:01","SH","NB",12715998022,12560299418,25276297440,155698604
20190319,"14:46:01","SZ","NB",11215680514,12904774491,24120455005,-1689093977
20190319,"14:47:01","SH","NB",12765540153,12679199318,25444739471,86340835
20190319,"14:47:01","SZ","NB",11252555390,12955804393,24208359783,-1703249003
20190319,"14:48:01","SH","NB",12806630151,12746740054,25553370205,59890097
20190319,"14:48:01","SZ","NB",11283982472,13009343084,24293325556,-1725360612
20190319,"14:49:01","SH","NB",12853238004,12803088236,25656326240,50149768
20190319,"14:49:01","SZ","NB",11328064473,13056158531,24384223004,-1728094058
20190319,"14:50:01","SH","NB",12892003590,12849325063,25741328653,42678527
20190319,"14:50:01","SZ","NB",11367194059,13098817033,24466011092,-1731622974
20190319,"14:51:01","SZ","NB",11436502359,13153657488,24590159847,-1717155129
20190319,"14:51:01","SH","NB",12948719460,12916486386,25865205846,32233074
20190319,"14:52:01","SH","NB",13009796762,12994628177,26004424939,15168585
20190319,"14:52:01","SZ","NB",11498577810,13189098406,24687676216,-1690520596
20190319,"14:53:01","SH","NB",13086098402,13093670946,26179769348,-7572544
20190319,"14:53:01","SZ","NB",11550615133,13234172451,24784787584,-1683557318
20190319,"14:54:01","SH","NB",13153222817,13210516750,26363739567,-57293933
20190319,"14:54:01","SZ","NB",11598948909,13287476406,24886425315,-1688527497
20190319,"14:55:01","SH","NB",13210922286,13294627657,26505549943,-83705371
20190319,"14:55:01","SZ","NB",11668510854,13343697045,25012207899,-1675186191
20190319,"14:56:01","SH","NB",13281556667,13400282778,26681839445,-118726111
20190319,"14:56:01","SZ","NB",11721816155,13392046351,25113862506,-1670230196
20190319,"14:57:01","SH","NB",13332801861,13454593341,26787395202,-121791480
20190319,"14:57:01","SZ","NB",11766372020,13435407125,25201779145,-1669035105
20190319,"14:58:01","SH","NB",13332873167,13454702566,26787575733,-121829399
20190319,"15:01:01","SH","NB",13578747700,13601087929,27179835629,-22340229
20190319,"15:01:01","SZ","NB",11942858660,13519382891,25462241551,-1576524231
