dataDate,dataTime,connectMarket,tradeDirection,buyTurnover,sellTurnover,totalTurnover,netTurnover
20200109,"09:30:01","SH","NB",116251479,54913194,171164673,61338285
20200109,"09:30:01","SZ","NB",117725316,52208861,169934177,65516455
20200109,"09:31:01","SH","NB",412947954,182246845,595194799,230701109
20200109,"09:31:01","SZ","NB",507536944,292301201,799838145,215235743
20200109,"09:32:01","SH","NB",714198640,305764421,1019963061,408434219
20200109,"09:32:01","SZ","NB",814821792,486591958,1301413750,328229834
20200109,"09:33:01","SH","NB",1010877853,461513945,1472391798,549363908
20200109,"09:33:01","SZ","NB",1145400165,680436044,1825836209,464964121
20200109,"09:34:01","SH","NB",1205009273,627447245,1832456518,577562028
20200109,"09:34:01","SZ","NB",1439095193,895982667,2335077860,543112526
20200109,"09:35:01","SH","NB",1373324889,751841109,2125165998,621483780
20200109,"09:35:01","SZ","NB",1725206387,1063835396,2789041783,661370991
20200109,"09:36:01","SH","NB",1631793259,920107091,2551900350,711686168
20200109,"09:36:01","SZ","NB",2156435450,1219177379,3375612829,937258071
20200109,"09:37:01","SZ","NB",2478176277,1492164442,3970340719,986011835
20200109,"09:37:01","SH","NB",1890641545,1051633662,2942275207,839007883
20200109,"09:38:01","SH","NB",2040003460,1205563630,3245567090,834439830
20200109,"09:38:01","SZ","NB",2672706001,1677169103,4349875104,995536898
20200109,"09:39:01","SH","NB",2152652253,1302772302,3455424555,849879951
20200109,"09:39:01","SZ","NB",2824476627,1839281337,4663757964,985195290
20200109,"09:40:01","SH","NB",2294831763,1387201377,3682033140,907630386
20200109,"09:40:01","SZ","NB",3043460852,1980221977,5023682829,1063238875
20200109,"09:41:01","SH","NB",2435702283,1471364988,3907067271,964337295
20200109,"09:41:01","SZ","NB",3265151151,2126806230,5391957381,1138344921
20200109,"09:42:01","SZ","NB",3482440315,2257586027,5740026342,1224854288
20200109,"09:42:01","SH","NB",2582709305,1556572807,4139282112,1026136498
20200109,"09:43:01","SH","NB",2666375993,1677799009,4344175002,988576984
20200109,"09:43:01","SZ","NB",3628392356,2440045242,6068437598,1188347114
20200109,"09:44:01","SH","NB",2798188771,1735122370,4533311141,1063066401
20200109,"09:44:01","SZ","NB",3811276284,2541952605,6353228889,1269323679
20200109,"09:45:01","SH","NB",3039698141,1800474207,4840172348,1239223934
20200109,"09:45:01","SZ","NB",4073382995,2642553911,6715936906,1430829084
20200109,"09:46:01","SH","NB",3197307668,1878165734,5075473402,1319141934
20200109,"09:46:01","SZ","NB",4310777665,2836938386,7147716051,1473839279
20200109,"09:47:01","SZ","NB",4455690551,2948738421,7404428972,1506952130
20200109,"09:47:01","SH","NB",3350562269,1954310067,5304872336,1396252202
20200109,"09:48:01","SH","NB",3443479270,2018689839,5462169109,1424789431
20200109,"09:48:01","SZ","NB",4565821857,3063183591,7629005448,1502638266
20200109,"09:49:01","SH","NB",3516711510,2086381924,5603093434,1430329586
20200109,"09:49:01","SZ","NB",4662414376,3192566043,7854980419,1469848333
20200109,"09:50:01","SH","NB",3614086420,2184921541,5799007961,1429164879
20200109,"09:50:01","SZ","NB",4775857482,3303308155,8079165637,1472549327
20200109,"09:51:01","SH","NB",3698367882,2299016735,5997384617,1399351147
20200109,"09:51:01","SZ","NB",4934375534,3452597781,8386973315,1481777753
20200109,"09:52:01","SH","NB",3815850519,2365295155,6181145674,1450555364
20200109,"09:52:01","SZ","NB",5176359552,3545941565,8722301117,1630417987
20200109,"09:53:01","SH","NB",3968652238,2420455372,6389107610,1548196866
20200109,"09:53:01","SZ","NB",5414212163,3624898536,9039110699,1789313627
20200109,"09:54:01","SH","NB",4059933959,2479412952,6539346911,1580521007
20200109,"09:54:01","SZ","NB",5541686972,3694564433,9236251405,1847122539
20200109,"09:55:01","SH","NB",4131763411,2531436843,6663200254,1600326568
20200109,"09:55:01","SZ","NB",5638401276,3760659578,9399060854,1877741698
20200109,"09:56:01","SH","NB",4232129504,2602593096,6834722600,1629536408
20200109,"09:56:01","SZ","NB",5766140057,3868133920,9634273977,1898006137
20200109,"09:57:01","SZ","NB",5883117377,3943804821,9826922198,1939312556
20200109,"09:57:01","SH","NB",4323305756,2657585903,6980891659,1665719853
20200109,"09:58:01","SH","NB",4413227180,2723420845,7136648025,1689806335
20200109,"09:58:01","SZ","NB",5989541074,4017314583,10006855657,1972226491
20200109,"09:59:01","SH","NB",4592441763,2770385733,7362827496,1822056030
20200109,"09:59:01","SZ","NB",6239357127,4080122435,10319479562,2159234692
20200109,"10:00:01","SH","NB",4683458772,2821549053,7505007825,1861909719
20200109,"10:00:01","SZ","NB",6353396976,4163221956,10516618932,2190175020
20200109,"10:01:01","SH","NB",4797847216,2924508178,7722355394,1873339038
20200109,"10:01:01","SZ","NB",6476394855,4307397204,10783792059,2168997651
20200109,"10:02:01","SH","NB",4855354213,3006602254,7861956467,1848751959
20200109,"10:02:01","SZ","NB",6565179190,4424175825,10989355015,2141003365
20200109,"10:03:01","SH","NB",4928386308,3059226495,7987612803,1869159813
20200109,"10:03:01","SZ","NB",6686443781,4506457008,11192900789,2179986773
20200109,"10:04:01","SZ","NB",6791373226,4568864274,11360237500,2222508952
20200109,"10:04:01","SH","NB",5005484158,3100231752,8105715910,1905252406
20200109,"10:05:01","SH","NB",5135358623,3149997654,8285356277,1985360969
20200109,"10:05:01","SZ","NB",6910427984,4631454166,11541882150,2278973818
20200109,"10:06:01","SH","NB",5213319049,3197902548,8411221597,2015416501
20200109,"10:06:01","SZ","NB",7056452828,4697485261,11753938089,2358967567
20200109,"10:07:01","SH","NB",5287448916,3242798973,8530247889,2044649943
20200109,"10:07:01","SZ","NB",7157976849,4770974732,11928951581,2387002117
20200109,"10:08:01","SH","NB",5349100631,3335497881,8684598512,2013602750
20200109,"10:08:01","SZ","NB",7248879381,4865350164,12114229545,2383529217
20200109,"10:09:01","SH","NB",5419079236,3410202781,8829282017,2008876455
20200109,"10:09:01","SZ","NB",7327867930,4940197642,12268065572,2387670288
20200109,"10:10:01","SH","NB",5460254151,3464004426,8924258577,1996249725
20200109,"10:10:01","SZ","NB",7407127246,5015095887,12422223133,2392031359
20200109,"10:11:01","SH","NB",5528364362,3563294430,9091658792,1965069932
20200109,"10:11:01","SZ","NB",7523639782,5131494534,12655134316,2392145248
20200109,"10:12:01","SZ","NB",7613913669,5218070759,12831984428,2395842910
20200109,"10:12:01","SH","NB",5585467359,3635617155,9221084514,1949850204
20200109,"10:13:01","SH","NB",5655706464,3694504847,9350211311,1961201617
20200109,"10:13:01","SZ","NB",7716222015,5274505835,12990727850,2441716180
20200109,"10:14:01","SH","NB",5719544949,3745253730,9464798679,1974291219
20200109,"10:14:01","SZ","NB",7809546755,5324234526,13133781281,2485312229
20200109,"10:15:01","SH","NB",5767474085,3793047952,9560522037,1974426133
20200109,"10:15:01","SZ","NB",7920022358,5384664195,13304686553,2535358163
20200109,"10:16:01","SH","NB",5829250119,3862768882,9692019001,1966481237
20200109,"10:16:01","SZ","NB",8005366564,5450503890,13455870454,2554862674
20200109,"10:17:01","SH","NB",5879916480,3975710215,9855626695,1904206265
20200109,"10:17:01","SZ","NB",8067869552,5540311182,13608180734,2527558370
20200109,"10:18:01","SH","NB",5963066793,4027206987,9990273780,1935859806
20200109,"10:18:01","SZ","NB",8165908275,5583873156,13749781431,2582035119
20200109,"10:19:01","SH","NB",6039824960,4067165726,10106990686,1972659234
20200109,"10:19:01","SZ","NB",8265717256,5627921723,13893638979,2637795533
20200109,"10:20:01","SZ","NB",8350137690,5680629854,14030767544,2669507836
20200109,"10:20:01","SH","NB",6103306068,4099034701,10202340769,2004271367
20200109,"10:21:01","SH","NB",6157769274,4147071927,10304841201,2010697347
20200109,"10:21:01","SZ","NB",8469429851,5753338922,14222768773,2716090929
20200109,"10:22:01","SH","NB",6203236067,4196533931,10399769998,2006702136
20200109,"10:22:01","SZ","NB",8542919999,5815022640,14357942639,2727897359
20200109,"10:23:01","SH","NB",6286420672,4231229526,10517650198,2055191146
20200109,"10:23:01","SZ","NB",8643026642,5848272233,14491298875,2794754409
20200109,"10:24:01","SH","NB",6325874964,4264334395,10590209359,2061540569
20200109,"10:24:01","SZ","NB",8719856534,5898587516,14618444050,2821269018
20200109,"10:25:01","SH","NB",6360503319,4298821932,10659325251,2061681387
20200109,"10:25:01","SZ","NB",8782745182,5941199550,14723944732,2841545632
20200109,"10:26:01","SZ","NB",8863689944,5986613290,14850303234,2877076654
20200109,"10:26:01","SH","NB",6434731640,4338247512,10772979152,2096484128
20200109,"10:27:01","SH","NB",6495770371,4373516729,10869287100,2122253642
20200109,"10:27:01","SZ","NB",8944018644,6023376848,14967395492,2920641796
20200109,"10:28:01","SH","NB",6653291353,4414182461,11067473814,2239108892
20200109,"10:28:01","SZ","NB",9083593537,6063776949,15147370486,3019816588
20200109,"10:29:01","SH","NB",6731736967,4454728391,11186465358,2277008576
20200109,"10:29:01","SZ","NB",9178899591,6109427127,15288326718,3069472464
20200109,"10:30:01","SH","NB",6781600135,4498229716,11279829851,2283370419
20200109,"10:30:01","SZ","NB",9234510645,6149496245,15384006890,3085014400
20200109,"10:31:01","SH","NB",6830779845,4574510098,11405289943,2256269747
20200109,"10:31:01","SZ","NB",9295256884,6232672570,15527929454,3062584314
20200109,"10:32:01","SZ","NB",9342338293,6315829042,15658167335,3026509251
20200109,"10:32:01","SH","NB",6862160997,4642613443,11504774440,2219547554
20200109,"10:33:01","SH","NB",6890631208,4684948801,11575580009,2205682407
20200109,"10:33:01","SZ","NB",9388525938,6366505276,15755031214,3022020662
20200109,"10:34:01","SH","NB",6941041143,4718172031,11659213174,2222869112
20200109,"10:34:01","SZ","NB",9445883667,6404562703,15850446370,3041320964
20200109,"10:35:01","SH","NB",6973823961,4752690963,11726514924,2221132998
20200109,"10:35:01","SZ","NB",9496561833,6445996027,15942557860,3050565806
20200109,"10:36:01","SH","NB",7004816002,4792530133,11797346135,2212285869
20200109,"10:36:01","SZ","NB",9545998529,6494034632,16040033161,3051963897
20200109,"10:37:01","SH","NB",7046578735,4872385388,11918964123,2174193347
20200109,"10:37:01","SZ","NB",9598953985,6572612793,16171566778,3026341192
20200109,"10:38:01","SH","NB",7097540371,4928262810,12025803181,2169277561
20200109,"10:38:01","SZ","NB",9649889943,6638314596,16288204539,3011575347
20200109,"10:39:01","SZ","NB",9695245215,6690589557,16385834772,3004655658
20200109,"10:39:01","SH","NB",7131930127,4970601872,12102531999,2161328255
20200109,"10:40:01","SH","NB",7164105876,5002199923,12166305799,2161905953
20200109,"10:40:01","SZ","NB",9758476391,6732365978,16490842369,3026110413
20200109,"10:41:01","SH","NB",7218366546,5053084803,12271451349,2165281743
20200109,"10:41:01","SZ","NB",9860978652,6780031200,16641009852,3080947452
20200109,"10:42:01","SH","NB",7248137016,5088045499,12336182515,2160091517
20200109,"10:42:01","SZ","NB",9910883707,6816622013,16727505720,3094261694
20200109,"10:43:01","SH","NB",7277111914,5138156889,12415268803,2138955025
20200109,"10:43:01","SZ","NB",9953576119,6867287145,16820863264,3086288974
20200109,"10:44:01","SH","NB",7311132350,5167494107,12478626457,2143638243
20200109,"10:44:01","SZ","NB",10017610391,6899602476,16917212867,3118007915
20200109,"10:45:01","SH","NB",7341020470,5194955689,12535976159,2146064781
20200109,"10:45:01","SZ","NB",10061138331,6954402037,17015540368,3106736294
20200109,"10:46:01","SH","NB",7365509553,5231911527,12597421080,2133598026
20200109,"10:46:01","SZ","NB",10110232535,6998394737,17108627272,3111837798
20200109,"10:47:01","SZ","NB",10157042918,7043235239,17200278157,3113807679
20200109,"10:47:01","SH","NB",7389650844,5276272520,12665923364,2113378324
20200109,"10:48:01","SH","NB",7428860186,5299084025,12727944211,2129776161
20200109,"10:48:01","SZ","NB",10216788652,7074890015,17291678667,3141898637
20200109,"10:49:01","SH","NB",7465879450,5331401190,12797280640,2134478260
20200109,"10:49:01","SZ","NB",10282700995,7108485687,17391186682,3174215308
20200109,"10:50:01","SH","NB",7514092167,5358928724,12873020891,2155163443
20200109,"10:50:01","SZ","NB",10386257533,7141090190,17527347723,3245167343
20200109,"10:51:01","SH","NB",7566301734,5391404702,12957706436,2174897032
20200109,"10:51:01","SZ","NB",10456391179,7185840007,17642231186,3270551172
20200109,"10:52:01","SH","NB",7597323836,5420376153,13017699989,2176947683
20200109,"10:52:01","SZ","NB",10507770135,7226082428,17733852563,3281687707
20200109,"10:53:01","SH","NB",7636778010,5448691246,13085469256,2188086764
20200109,"10:53:01","SZ","NB",10566335529,7266973396,17833308925,3299362133
20200109,"10:54:01","SH","NB",7713559957,5475014688,13188574645,2238545269
20200109,"10:54:01","SZ","NB",10647892048,7302359701,17950251749,3345532347
20200109,"10:55:01","SZ","NB",10689379280,7348082316,18037461596,3341296964
20200109,"10:55:01","SH","NB",7740496088,5507364839,13247860927,2233131249
20200109,"10:56:01","SH","NB",7762563654,5536482326,13299045980,2226081328
20200109,"10:56:01","SZ","NB",10719413908,7396373639,18115787547,3323040269
20200109,"10:57:01","SH","NB",7787547141,5566278304,13353825445,2221268837
20200109,"10:57:01","SZ","NB",10756683031,7435651554,18192334585,3321031477
20200109,"10:58:01","SH","NB",7812816814,5593352035,13406168849,2219464779
20200109,"10:58:01","SZ","NB",10794349656,7480352731,18274702387,3313996925
20200109,"10:59:01","SH","NB",7829503784,5617556637,13447060421,2211947147
20200109,"10:59:01","SZ","NB",10836577408,7517162402,18353739810,3319415006
20200109,"11:00:01","SH","NB",7850674225,5647963647,13498637872,2202710578
20200109,"11:00:01","SZ","NB",10873483920,7545101620,18418585540,3328382300
20200109,"11:01:01","SH","NB",7900787852,5685004354,13585792206,2215783498
20200109,"11:01:01","SZ","NB",10936987760,7585819569,18522807329,3351168191
20200109,"11:02:01","SZ","NB",10986443785,7616064882,18602508667,3370378903
20200109,"11:02:01","SH","NB",7929135764,5709858737,13638994501,2219277027
20200109,"11:03:01","SH","NB",7953179500,5734539375,13687718875,2218640125
20200109,"11:03:01","SZ","NB",11031276155,7645171749,18676447904,3386104406
20200109,"11:04:01","SZ","NB",11079976189,7677247954,18757224143,3402728235
20200109,"11:04:01","SH","NB",7986661327,5767392645,13754053972,2219268682
20200109,"11:05:01","SH","NB",8015407032,5821692150,13837099182,2193714882
20200109,"11:05:01","SZ","NB",11123671229,7750091202,18873762431,3373580027
20200109,"11:06:01","SH","NB",8062604438,5853584456,13916188894,2209019982
20200109,"11:06:01","SZ","NB",11195014098,7782235797,18977249895,3412778301
20200109,"11:07:01","SH","NB",8124721754,5878051301,14002773055,2246670453
20200109,"11:07:01","SZ","NB",11258313494,7808978314,19067291808,3449335180
20200109,"11:08:01","SH","NB",8143918129,5908419741,14052337870,2235498388
20200109,"11:08:01","SZ","NB",11301439677,7843316604,19144756281,3458123073
20200109,"11:09:01","SH","NB",8173113005,5934111338,14107224343,2239001667
20200109,"11:09:01","SZ","NB",11338987791,7879404404,19218392195,3459583387
20200109,"11:10:01","SH","NB",8201448397,5959366458,14160814855,2242081939
20200109,"11:10:01","SZ","NB",11379937126,7907811139,19287748265,3472125987
20200109,"11:11:01","SH","NB",8239767711,6009920016,14249687727,2229847695
20200109,"11:11:01","SZ","NB",11440024975,7965535857,19405560832,3474489118
20200109,"11:12:01","SH","NB",8289317788,6040135159,14329452947,2249182629
20200109,"11:12:01","SZ","NB",11498222921,7996507175,19494730096,3501715746
20200109,"11:13:01","SH","NB",8328608390,6063354328,14391962718,2265254062
20200109,"11:13:01","SZ","NB",11543317918,8023760192,19567078110,3519557726
20200109,"11:14:01","SZ","NB",11601047598,8054171129,19655218727,3546876469
20200109,"11:14:01","SH","NB",8379308286,6087832625,14467140911,2291475661
20200109,"11:15:01","SH","NB",8407951250,6115247677,14523198927,2292703573
20200109,"11:15:01","SZ","NB",11650223553,8090808952,19741032505,3559414601
20200109,"11:16:01","SH","NB",8453200828,6141492707,14594693535,2311708121
20200109,"11:16:01","SZ","NB",11691529614,8131639498,19823169112,3559890116
20200109,"11:17:01","SH","NB",8480539187,6165946775,14646485962,2314592412
20200109,"11:17:01","SZ","NB",11724681077,8162819586,19887500663,3561861491
20200109,"11:18:01","SH","NB",8524938268,6280868210,14805806478,2244070058
20200109,"11:18:01","SZ","NB",11769394675,8221695972,19991090647,3547698703
20200109,"11:19:01","SH","NB",8555887371,6380433662,14936321033,2175453709
20200109,"11:19:01","SZ","NB",11811565370,8282789477,20094354847,3528775893
20200109,"11:20:01","SH","NB",8586773471,6418020651,15004794122,2168752820
20200109,"11:20:01","SZ","NB",11852755801,8324174957,20176930758,3528580844
20200109,"11:21:01","SH","NB",8622106798,6471276649,15093383447,2150830149
20200109,"11:21:01","SZ","NB",11909502862,8396768738,20306271600,3512734124
20200109,"11:22:01","SZ","NB",11945633793,8427729484,20373363277,3517904309
20200109,"11:22:01","SH","NB",8652872413,6499618440,15152490853,2153253973
20200109,"11:23:01","SH","NB",8680503732,6532347831,15212851563,2148155901
20200109,"11:23:01","SZ","NB",11985110506,8463053583,20448164089,3522056923
20200109,"11:24:01","SH","NB",8710642508,6558967511,15269610019,2151674997
20200109,"11:24:01","SZ","NB",12039741378,8499489310,20539230688,3540252068
20200109,"11:25:01","SH","NB",8743812373,6593138635,15336951008,2150673738
20200109,"11:25:01","SZ","NB",12080450310,8528557098,20609007408,3551893212
20200109,"11:26:01","SH","NB",8770774773,6618257688,15389032461,2152517085
20200109,"11:26:01","SZ","NB",12114146367,8562685032,20676831399,3551461335
20200109,"11:27:01","SH","NB",8794374194,6639425703,15433799897,2154948491
20200109,"11:27:01","SZ","NB",12155906299,8590207259,20746113558,3565699040
20200109,"11:28:01","SH","NB",8827672130,6663661445,15491333575,2164010685
20200109,"11:28:01","SZ","NB",12188314056,8623615164,20811929220,3564698892
20200109,"11:29:01","SH","NB",8859788636,6689215194,15549003830,2170573442
20200109,"11:29:01","SZ","NB",12224823912,8649205922,20874029834,3575617990
20200109,"11:30:01","SZ","NB",12251480940,8672845562,20924326502,3578635378
20200109,"11:30:01","SH","NB",8882449534,6709731892,15592181426,2172717642
20200109,"11:31:01","SH","NB",8883382689,6710769544,15594152233,2172613145
20200109,"11:31:01","SZ","NB",12253469241,8673889228,20927358469,3579580013
20200109,"13:00:01","SZ","NB",12258332344,8678668809,20937001153,3579663535
20200109,"13:01:01","SH","NB",9019997584,6781669616,15801667200,2238327968
20200109,"13:01:01","SZ","NB",12366151978,8741679532,21107831510,3624472446
20200109,"13:02:01","SH","NB",9072825615,6818283118,15891108733,2254542497
20200109,"13:02:01","SZ","NB",12406781627,8775626813,21182408440,3631154814
20200109,"13:03:01","SH","NB",9126949761,6852748096,15979697857,2274201665
20200109,"13:03:01","SZ","NB",12456416809,8805550184,21261966993,3650866625
20200109,"13:04:01","SH","NB",9173898124,6882567753,16056465877,2291330371
20200109,"13:04:01","SZ","NB",12507282634,8837440849,21344723483,3669841785
20200109,"13:05:01","SH","NB",9214189023,6918273465,16132462488,2295915558
20200109,"13:05:01","SZ","NB",12552868402,8877269183,21430137585,3675599219
20200109,"13:06:01","SZ","NB",12618514763,8914737706,21533252469,3703777057
20200109,"13:06:01","SH","NB",9297450080,6962295596,16259745676,2335154484
20200109,"13:07:01","SH","NB",9378188439,6995305707,16373494146,2382882732
20200109,"13:07:01","SZ","NB",12692444728,8949778766,21642223494,3742665962
20200109,"13:08:01","SH","NB",9450168036,7047866092,16498034128,2402301944
20200109,"13:08:01","SZ","NB",12743503683,8997780103,21741283786,3745723580
20200109,"13:09:01","SH","NB",9487635913,7098100756,16585736669,2389535157
20200109,"13:09:01","SZ","NB",12785676757,9036726263,21822403020,3748950494
20200109,"13:10:01","SH","NB",9528876113,7124068832,16652944945,2404807281
20200109,"13:10:01","SZ","NB",12826816621,9068806249,21895622870,3758010372
20200109,"13:11:01","SH","NB",9598361915,7176347535,16774709450,2422014380
20200109,"13:11:01","SZ","NB",12906224936,9116441666,22022666602,3789783270
20200109,"13:12:01","SH","NB",9647727440,7228014101,16875741541,2419713339
20200109,"13:12:01","SZ","NB",12948560167,9152153993,22100714160,3796406174
20200109,"13:13:01","SZ","NB",13003318148,9200342128,22203660276,3802976020
20200109,"13:13:01","SH","NB",9684941578,7266012777,16950954355,2418928801
20200109,"13:14:01","SH","NB",9717244057,7296531164,17013775221,2420712893
20200109,"13:14:01","SZ","NB",13034658114,9227135808,22261793922,3807522306
20200109,"13:15:01","SH","NB",9758417555,7326209494,17084627049,2432208061
20200109,"13:15:01","SZ","NB",13072490238,9256452904,22328943142,3816037334
20200109,"13:16:01","SZ","NB",13125776892,9287780808,22413557700,3837996084
20200109,"13:16:01","SH","NB",9791805445,7360215763,17152021208,2431589682
20200109,"13:17:01","SH","NB",9822538044,7389331038,17211869082,2433207006
20200109,"13:17:01","SZ","NB",13161937247,9318793896,22480731143,3843143351
20200109,"13:18:01","SH","NB",9867935334,7419802270,17287737604,2448133064
20200109,"13:18:01","SZ","NB",13200549275,9350236920,22550786195,3850312355
20200109,"13:19:01","SH","NB",9903500119,7445730762,17349230881,2457769357
20200109,"13:19:01","SZ","NB",13249701037,9383328230,22633029267,3866372807
20200109,"13:20:01","SZ","NB",13313111488,9409718342,22722829830,3903393146
20200109,"13:20:01","SH","NB",9986390948,7476474979,17462865927,2509915969
20200109,"13:21:01","SH","NB",10050289753,7512561289,17562851042,2537728464
20200109,"13:21:01","SZ","NB",13391461707,9458484230,22849945937,3932977477
20200109,"13:22:01","SH","NB",10092962448,7557045888,17650008336,2535916560
20200109,"13:22:01","SZ","NB",13436052235,9525259657,22961311892,3910792578
20200109,"13:23:01","SH","NB",10119734431,7599401455,17719135886,2520332976
20200109,"13:23:01","SZ","NB",13467007905,9586359385,23053367290,3880648520
20200109,"13:24:01","SH","NB",10144571033,7635555395,17780126428,2509015638
20200109,"13:24:01","SZ","NB",13501101174,9631771541,23132872715,3869329633
20200109,"13:25:01","SH","NB",10175741921,7661711952,17837453873,2514029969
20200109,"13:25:01","SZ","NB",13538839048,9668475544,23207314592,3870363504
20200109,"13:26:01","SH","NB",10202271291,7690290383,17892561674,2511980908
20200109,"13:26:01","SZ","NB",13575723009,9701699776,23277422785,3874023233
20200109,"13:27:01","SH","NB",10228776106,7715248981,17944025087,2513527125
20200109,"13:27:01","SZ","NB",13619301626,9724310669,23343612295,3894990957
20200109,"13:28:01","SZ","NB",13657151048,9770113391,23427264439,3887037657
20200109,"13:28:01","SH","NB",10261761322,7746038254,18007799576,2515723068
20200109,"13:29:01","SH","NB",10293575908,7775492828,18069068736,2518083080
20200109,"13:29:01","SZ","NB",13693389539,9808496211,23501885750,3884893328
20200109,"13:30:01","SH","NB",10339458741,7802804099,18142262840,2536654642
20200109,"13:30:01","SZ","NB",13728758600,9842256026,23571014626,3886502574
20200109,"13:31:01","SH","NB",10379070789,7866875752,18245946541,2512195037
20200109,"13:31:01","SZ","NB",13774251344,9937511370,23711762714,3836739974
20200109,"13:32:01","SH","NB",10415493270,7901993710,18317486980,2513499560
20200109,"13:32:01","SZ","NB",13806530741,9978348465,23784879206,3828182276
20200109,"13:33:01","SH","NB",10451912684,7936054924,18387967608,2515857760
20200109,"13:33:01","SZ","NB",13845367864,10015942039,23861309903,3829425825
20200109,"13:34:01","SZ","NB",13885061154,10045083832,23930144986,3839977322
20200109,"13:34:01","SH","NB",10485042698,7977785579,18462828277,2507257119
20200109,"13:35:01","SH","NB",10536983668,8015008210,18551991878,2521975458
20200109,"13:35:01","SZ","NB",13930231665,10072953420,24003185085,3857278245
20200109,"13:36:01","SH","NB",10586734511,8042167126,18628901637,2544567385
20200109,"13:36:01","SZ","NB",13987220659,10101667921,24088888580,3885552738
20200109,"13:37:01","SH","NB",10631811358,8070886802,18702698160,2560924556
20200109,"13:37:01","SZ","NB",14051496503,10126245370,24177741873,3925251133
20200109,"13:38:01","SH","NB",10673222158,8098948762,18772170920,2574273396
20200109,"13:38:01","SZ","NB",14091243796,10161123699,24252367495,3930120097
20200109,"13:39:01","SH","NB",10706619306,8128134640,18834753946,2578484666
20200109,"13:39:01","SZ","NB",14131432749,10194844962,24326277711,3936587787
20200109,"13:40:01","SZ","NB",14176624978,10225137847,24401762825,3951487131
20200109,"13:40:01","SH","NB",10737718399,8162646091,18900364490,2575072308
20200109,"13:41:01","SH","NB",10792362849,8204934075,18997296924,2587428774
20200109,"13:41:01","SZ","NB",14235805052,10267256606,24503061658,3968548446
20200109,"13:42:01","SH","NB",10830340876,8237728615,19068069491,2592612261
20200109,"13:42:01","SZ","NB",14275636850,10302273596,24577910446,3973363254
20200109,"13:43:01","SH","NB",10868548111,8271512261,19140060372,2597035850
20200109,"13:43:01","SZ","NB",14319777372,10346053347,24665830719,3973724025
20200109,"13:44:01","SH","NB",10911366784,8299246646,19210613430,2612120138
20200109,"13:44:01","SZ","NB",14362073095,10381398803,24743471898,3980674292
20200109,"13:45:01","SH","NB",10945134700,8355724884,19300859584,2589409816
20200109,"13:45:01","SZ","NB",14406441363,10437099724,24843541087,3969341639
20200109,"13:46:01","SH","NB",10972888384,8385658283,19358546667,2587230101
20200109,"13:46:01","SZ","NB",14449528638,10468709815,24918238453,3980818823
20200109,"13:47:01","SH","NB",11000910722,8410395676,19411306398,2590515046
20200109,"13:47:01","SZ","NB",14488917934,10507016669,24995934603,3981901265
20200109,"13:48:01","SZ","NB",14532157764,10540335565,25072493329,3991822199
20200109,"13:48:01","SH","NB",11039153399,8440973172,19480126571,2598180227
20200109,"13:49:01","SH","NB",11079153016,8481435965,19560588981,2597717051
20200109,"13:49:01","SZ","NB",14593394675,10581834581,25175229256,4011560094
20200109,"13:50:01","SH","NB",11116893442,8537480698,19654374140,2579412744
20200109,"13:50:01","SZ","NB",14635734791,10645066976,25280801767,3990667815
20200109,"13:51:01","SZ","NB",14694068184,10692452843,25386521027,4001615341
20200109,"13:51:01","SH","NB",11156894807,8582323780,19739218587,2574571027
20200109,"13:52:01","SH","NB",11201453585,8616817049,19818270634,2584636536
20200109,"13:52:01","SZ","NB",14748097843,10739851363,25487949206,4008246480
20200109,"13:53:01","SH","NB",11231013636,8644998265,19876011901,2586015371
20200109,"13:53:01","SZ","NB",14791569468,10784679328,25576248796,4006890140
20200109,"13:54:01","SH","NB",11273115119,8680215952,19953331071,2592899167
20200109,"13:54:01","SZ","NB",14834293977,10823056472,25657350449,4011237505
20200109,"13:55:01","SH","NB",11308458982,8723018046,20031477028,2585440936
20200109,"13:55:01","SZ","NB",14875260132,10881900188,25757160320,3993359944
20200109,"13:56:01","SH","NB",11338679094,8763180549,20101859643,2575498545
20200109,"13:56:01","SZ","NB",14914764839,10920557062,25835321901,3994207777
20200109,"13:57:01","SH","NB",11383689995,8817220301,20200910296,2566469694
20200109,"13:57:01","SZ","NB",14968086126,10967792137,25935878263,4000293989
20200109,"13:58:01","SH","NB",11411590907,8862800281,20274391188,2548790626
20200109,"13:58:01","SZ","NB",15007054223,11005454808,26012509031,4001599415
20200109,"13:59:01","SH","NB",11439628064,8894359119,20333987183,2545268945
20200109,"13:59:01","SZ","NB",15055278831,11037307392,26092586223,4017971439
20200109,"14:00:01","SH","NB",11475289783,8925150531,20400440314,2550139252
20200109,"14:00:01","SZ","NB",15100109536,11059840393,26159949929,4040269143
20200109,"14:01:01","SZ","NB",15155107439,11099878648,26254986087,4055228791
20200109,"14:01:01","SH","NB",11521696629,8966875485,20488572114,2554821144
20200109,"14:02:01","SH","NB",11560045303,9003846327,20563891630,2556198976
20200109,"14:02:01","SZ","NB",15194011897,11133961942,26327973839,4060049955
20200109,"14:03:01","SH","NB",11603256388,9053492677,20656749065,2549763711
20200109,"14:03:01","SZ","NB",15230265630,11189564278,26419829908,4040701352
20200109,"14:04:01","SZ","NB",15315496653,11232642146,26548138799,4082854507
20200109,"14:04:01","SH","NB",11657255903,9088299719,20745555622,2568956184
20200109,"14:05:01","SH","NB",11699306010,9127438102,20826744112,2571867908
20200109,"14:05:01","SZ","NB",15378981169,11269155286,26648136455,4109825883
20200109,"14:06:01","SH","NB",11729486849,9159472272,20888959121,2570014577
20200109,"14:06:01","SZ","NB",15426718374,11300457649,26727176023,4126260725
20200109,"14:07:01","SH","NB",11766513703,9194129296,20960642999,2572384407
20200109,"14:07:01","SZ","NB",15472863101,11340992087,26813855188,4131871014
20200109,"14:08:01","SH","NB",11794048884,9227458140,21021507024,2566590744
20200109,"14:08:01","SZ","NB",15516447684,11382746067,26899193751,4133701617
20200109,"14:09:01","SZ","NB",15558810425,11418438425,26977248850,4140372000
20200109,"14:09:01","SH","NB",11818657026,9256583223,21075240249,2562073803
20200109,"14:10:01","SH","NB",11856357273,9298146717,21154503990,2558210556
20200109,"14:10:01","SZ","NB",15602330068,11455973389,27058303457,4146356679
20200109,"14:11:01","SH","NB",11920908304,9342382037,21263290341,2578526267
20200109,"14:11:01","SZ","NB",15667683234,11502115898,27169799132,4165567336
20200109,"14:12:01","SH","NB",11953441937,9400089424,21353531361,2553352513
20200109,"14:12:01","SZ","NB",15708199966,11556678367,27264878333,4151521599
20200109,"14:13:01","SH","NB",11983512817,9448934582,21432447399,2534578235
20200109,"14:13:01","SZ","NB",15748452423,11604905313,27353357736,4143547110
20200109,"14:14:01","SH","NB",12016992775,9474478668,21491471443,2542514107
20200109,"14:14:01","SZ","NB",15784756590,11634680681,27419437271,4150075909
20200109,"14:15:01","SZ","NB",15831798667,11710082259,27541880926,4121716408
20200109,"14:15:01","SH","NB",12064529911,9551709537,21616239448,2512820374
20200109,"14:16:01","SH","NB",12103649541,9594715936,21698365477,2508933605
20200109,"14:16:01","SZ","NB",15871644692,11764196885,27635841577,4107447807
20200109,"14:17:01","SZ","NB",15925770200,11829261519,27755031719,4096508681
20200109,"14:17:01","SH","NB",12151186697,9648829356,21800016053,2502357341
20200109,"14:18:01","SH","NB",12192360357,9714172962,21906533319,2478187395
20200109,"14:18:01","SZ","NB",15969095435,11913045052,27882140487,4056050383
20200109,"14:19:01","SH","NB",12229867412,9755567543,21985434955,2474299869
20200109,"14:19:01","SZ","NB",16019243576,11958170357,27977413933,4061073219
20200109,"14:20:01","SH","NB",12272908132,9788411231,22061319363,2484496901
20200109,"14:20:01","SZ","NB",16074991350,11993819945,28068811295,4081171405
20200109,"14:21:01","SH","NB",12335103473,9823635234,22158738707,2511468239
20200109,"14:21:01","SZ","NB",16148414069,12040180049,28188594118,4108234020
20200109,"14:22:01","SH","NB",12368221115,9857279133,22225500248,2510941982
20200109,"14:22:01","SZ","NB",16189287630,12079650286,28268937916,4109637344
20200109,"14:23:01","SH","NB",12402392223,9889588032,22291980255,2512804191
20200109,"14:23:01","SZ","NB",16217493078,12117459523,28334952601,4100033555
20200109,"14:24:01","SH","NB",12430384478,9928846391,22359230869,2501538087
20200109,"14:24:01","SZ","NB",16260426792,12145600121,28406026913,4114826671
20200109,"14:25:01","SH","NB",12494225985,9957040698,22451266683,2537185287
20200109,"14:25:01","SZ","NB",16296684983,12193029893,28489714876,4103655090
20200109,"14:26:01","SH","NB",12538973923,9995389250,22534363173,2543584673
20200109,"14:26:01","SZ","NB",16333979692,12241287898,28575267590,4092691794
20200109,"14:27:01","SZ","NB",16379395515,12286140139,28665535654,4093255376
20200109,"14:27:01","SH","NB",12580002822,10023024672,22603027494,2556978150
20200109,"14:28:01","SH","NB",12628898110,10053842771,22682740881,2575055339
20200109,"14:28:01","SZ","NB",16431886829,12318682073,28750568902,4113204756
20200109,"14:29:01","SH","NB",12669211195,10092327168,22761538363,2576884027
20200109,"14:29:01","SZ","NB",16475036388,12375436839,28850473227,4099599549
20200109,"14:30:01","SZ","NB",16515875061,12417398189,28933273250,4098476872
20200109,"14:30:01","SH","NB",12710766946,10132728753,22843495699,2578038193
20200109,"14:31:01","SH","NB",12812491638,10184403689,22996895327,2628087949
20200109,"14:31:01","SZ","NB",16600911486,12475488307,29076399793,4125423179
20200109,"14:32:01","SH","NB",12884471850,10237380461,23121852311,2647091389
20200109,"14:32:01","SZ","NB",16683019589,12540644797,29223664386,4142374792
20200109,"14:33:01","SH","NB",12966511171,10295013126,23261524297,2671498045
20200109,"14:33:01","SZ","NB",16751091656,12605877686,29356969342,4145213970
20200109,"14:34:01","SH","NB",13021311199,10350938055,23372249254,2670373144
20200109,"14:34:01","SZ","NB",16809420141,12660485933,29469906074,4148934208
20200109,"14:35:01","SH","NB",13095217993,10400428309,23495646302,2694789684
20200109,"14:35:01","SZ","NB",16884104180,12716542492,29600646672,4167561688
20200109,"14:36:01","SH","NB",13172999213,10447853541,23620852754,2725145672
20200109,"14:36:01","SZ","NB",16968555309,12768086107,29736641416,4200469202
20200109,"14:37:01","SH","NB",13244554116,10489586344,23734140460,2754967772
20200109,"14:37:01","SZ","NB",17045834607,12831333482,29877168089,4214501125
20200109,"14:38:01","SZ","NB",17115585641,12912144854,30027730495,4203440787
20200109,"14:38:01","SH","NB",13317365897,10538537570,23855903467,2778828327
20200109,"14:39:01","SH","NB",13380594727,10596883663,23977478390,2783711064
20200109,"14:39:01","SZ","NB",17169485351,12987196662,30156682013,4182288689
20200109,"14:40:01","SH","NB",13452214139,10645978605,24098192744,2806235534
20200109,"14:40:01","SZ","NB",17235672806,13061023491,30296696297,4174649315
20200109,"14:41:01","SH","NB",13546199572,10709928185,24256127757,2836271387
20200109,"14:41:01","SZ","NB",17304073831,13146065096,30450138927,4158008735
20200109,"14:42:01","SH","NB",13616106968,10766192491,24382299459,2849914477
20200109,"14:42:01","SZ","NB",17392251982,13217870428,30610122410,4174381554
20200109,"14:43:01","SZ","NB",17471994161,13276189768,30748183929,4195804393
20200109,"14:43:01","SH","NB",13689938927,10814997090,24504936017,2874941837
20200109,"14:44:01","SH","NB",13767009957,10868752469,24635762426,2898257488
20200109,"14:44:01","SZ","NB",17551204970,13351637470,30902842440,4199567500
20200109,"14:45:01","SH","NB",13842093450,10935223877,24777317327,2906869573
20200109,"14:45:01","SZ","NB",17616425127,13418465423,31034890550,4197959704
20200109,"14:46:01","SH","NB",13951101894,11045820819,24996922713,2905281075
20200109,"14:46:01","SZ","NB",17708822823,13535164284,31243987107,4173658539
20200109,"14:47:01","SH","NB",14037566161,11106523813,25144089974,2931042348
20200109,"14:47:01","SZ","NB",17775739472,13596966597,31372706069,4178772875
20200109,"14:48:01","SH","NB",14107194135,11156734221,25263928356,2950459914
20200109,"14:48:01","SZ","NB",17844307867,13661234786,31505542653,4183073081
20200109,"14:49:01","SZ","NB",17925102575,13714194492,31639297067,4210908083
20200109,"14:49:01","SH","NB",14194665573,11219512976,25414178549,2975152597
20200109,"14:50:01","SH","NB",14275781960,11271184724,25546966684,3004597236
20200109,"14:50:01","SZ","NB",17993560256,13765928684,31759488940,4227631572
20200109,"14:51:01","SH","NB",14388047527,11367545917,25755593444,3020501610
20200109,"14:51:01","SZ","NB",18089075762,13851529090,31940604852,4237546672
20200109,"14:52:01","SH","NB",14486022234,11432786660,25918808894,3053235574
20200109,"14:52:01","SZ","NB",18184014308,13916093432,32100107740,4267920876
20200109,"14:53:01","SH","NB",14589974744,11505925453,26095900197,3084049291
20200109,"14:53:01","SZ","NB",18281970394,13999738908,32281709302,4282231486
20200109,"14:54:01","SZ","NB",18372284699,14079336867,32451621566,4292947832
20200109,"14:54:01","SH","NB",14694606252,11583693395,26278299647,3110912857
20200109,"14:55:01","SH","NB",14799551258,11647034020,26446585278,3152517238
20200109,"14:55:01","SZ","NB",18463997589,14152888576,32616886165,4311109013
20200109,"14:56:01","SH","NB",14901780706,11731864952,26633645658,3169915754
20200109,"14:56:01","SZ","NB",18539631211,14246617991,32786249202,4293013220
20200109,"14:57:01","SH","NB",14975831730,11821188907,26797020637,3154642823
20200109,"14:57:01","SZ","NB",18598324163,14328387687,32926711850,4269936476
20200109,"14:58:01","SH","NB",14976135310,11821437913,26797573223,3154697397
20200109,"14:58:01","SZ","NB",18598348895,14328763590,32927112485,4269585305
20200109,"15:00:01","SZ","NB",18708675087,14425941569,33134616656,4282733518
20200109,"15:01:01","SH","NB",15267644195,12007124164,27274768359,3260520031
20200109,"15:01:01","SZ","NB",18871266258,14581206389,33452472647,4290059869
