dataDate,dataTime,connectMarket,tradeDirection,buyTurnover,sellTurnover,totalTurnover,netTurnover
20200203,"09:30:01","SH","NB",921904895,413673435,1335578330,508231460
20200203,"09:30:01","SZ","NB",538367845,276481888,814849733,261885957
20200203,"09:31:01","SH","NB",1749291035,905190988,2654482023,844100047
20200203,"09:31:01","SZ","NB",1290772408,668351072,1959123480,622421336
20200203,"09:32:01","SH","NB",2034934335,1059206623,3094140958,975727712
20200203,"09:32:01","SZ","NB",1518718705,819519997,2338238702,699198708
20200203,"09:33:01","SH","NB",2408405861,1261993444,3670399305,1146412417
20200203,"09:33:01","SZ","NB",1799484703,976739046,2776223749,822745657
20200203,"09:34:01","SH","NB",2721037674,1459068107,4180105781,1261969567
20200203,"09:34:01","SZ","NB",1978092093,1163584261,3141676354,814507832
20200203,"09:35:01","SH","NB",2952163715,1597624114,4549787829,1354539601
20200203,"09:35:01","SZ","NB",2153243969,1321342556,3474586525,831901413
20200203,"09:36:01","SH","NB",3265079706,1727636787,4992716493,1537442919
20200203,"09:36:01","SZ","NB",2274517486,1412890709,3687408195,861626777
20200203,"09:37:01","SZ","NB",2447566731,1507393518,3954960249,940173213
20200203,"09:37:01","SH","NB",3516078790,1878436315,5394515105,1637642475
20200203,"09:38:01","SH","NB",3670381156,1997692307,5668073463,1672688849
20200203,"09:38:01","SZ","NB",2598464691,1582755380,4181220071,1015709311
20200203,"09:39:01","SH","NB",3887669682,2100379461,5988049143,1787290221
20200203,"09:39:01","SZ","NB",2720903099,1665956781,4386859880,1054946318
20200203,"09:40:01","SH","NB",4033813357,2193947605,6227760962,1839865752
20200203,"09:40:01","SZ","NB",2816235290,1736317602,4552552892,1079917688
20200203,"09:41:01","SH","NB",4222591743,2288685767,6511277510,1933905976
20200203,"09:41:01","SZ","NB",3009599928,1803907707,4813507635,1205692221
20200203,"09:42:01","SZ","NB",3097096915,1860975805,4958072720,1236121110
20200203,"09:42:01","SH","NB",4406613604,2363469955,6770083559,2043143649
20200203,"09:43:01","SH","NB",4545595853,2474483340,7020079193,2071112513
20200203,"09:43:01","SZ","NB",3200870608,1920038118,5120908726,1280832490
20200203,"09:44:01","SH","NB",4705993251,2578907789,7284901040,2127085462
20200203,"09:44:01","SZ","NB",3293425758,1994327828,5287753586,1299097930
20200203,"09:45:01","SH","NB",4920202245,2721324057,7641526302,2198878188
20200203,"09:45:01","SZ","NB",3403811499,2076051125,5479862624,1327760374
20200203,"09:46:01","SH","NB",5214757785,2857119864,8071877649,2357637921
20200203,"09:46:01","SZ","NB",3515173783,2168045033,5683218816,1347128750
20200203,"09:47:01","SH","NB",5351891774,3149301080,8501192854,2202590694
20200203,"09:47:01","SZ","NB",3601804545,2335454596,5937259141,1266349949
20200203,"09:48:01","SH","NB",5524621105,3386193145,8910814250,2138427960
20200203,"09:48:01","SZ","NB",3748051718,2437797323,6185849041,1310254395
20200203,"09:49:01","SH","NB",5645425894,3545517675,9190943569,2099908219
20200203,"09:49:01","SZ","NB",3874578879,2531610249,6406189128,1342968630
20200203,"09:50:01","SH","NB",5801705320,3700337133,9502042453,2101368187
20200203,"09:50:01","SZ","NB",4004600021,2648179395,6652779416,1356420626
20200203,"09:51:01","SH","NB",5897621084,3873745662,9771366746,2023875422
20200203,"09:51:01","SZ","NB",4123728875,2764051038,6887779913,1359677837
20200203,"09:52:01","SZ","NB",4223748261,2849623238,7073371499,1374125023
20200203,"09:52:01","SH","NB",6045246046,3986834616,10032080662,2058411430
20200203,"09:53:01","SH","NB",6149972110,4113806555,10263778665,2036165555
20200203,"09:53:01","SZ","NB",4439311702,2945831184,7385142886,1493480518
20200203,"09:54:01","SH","NB",6277476732,4211425249,10488901981,2066051483
20200203,"09:54:01","SZ","NB",4597644462,3025256285,7622900747,1572388177
20200203,"09:55:01","SH","NB",6377359137,4296359274,10673718411,2080999863
20200203,"09:55:01","SZ","NB",4672440983,3073461626,7745902609,1598979357
20200203,"09:56:01","SH","NB",6503371119,4396454592,10899825711,2106916527
20200203,"09:56:01","SZ","NB",4806291061,3168752804,7975043865,1637538257
20200203,"09:57:01","SH","NB",6646952352,4493406300,11140358652,2153546052
20200203,"09:57:01","SZ","NB",4929631783,3268760571,8198392354,1660871212
20200203,"09:58:01","SZ","NB",5040175902,3357763062,8397938964,1682412840
20200203,"09:58:01","SH","NB",6777421450,4617470119,11394891569,2159951331
20200203,"09:59:01","SH","NB",6913953940,4739065319,11653019259,2174888621
20200203,"09:59:01","SZ","NB",5146677837,3450705153,8597382990,1695972684
20200203,"10:00:01","SH","NB",7033151514,4856137846,11889289360,2177013668
20200203,"10:00:01","SZ","NB",5248659729,3517572182,8766231911,1731087547
20200203,"10:01:01","SH","NB",7209012233,4990265921,12199278154,2218746312
20200203,"10:01:01","SZ","NB",5390298289,3618738689,9009036978,1771559600
20200203,"10:02:01","SH","NB",7365644731,5124928005,12490572736,2240716726
20200203,"10:02:01","SZ","NB",5502071062,3704146108,9206217170,1797924954
20200203,"10:03:01","SH","NB",7599961891,5205125426,12805087317,2394836465
20200203,"10:03:01","SZ","NB",5634325712,3776567895,9410893607,1857757817
20200203,"10:04:01","SH","NB",7720425004,5312516896,13032941900,2407908108
20200203,"10:04:01","SZ","NB",5714163559,3869196126,9583359685,1844967433
20200203,"10:05:01","SZ","NB",5872393943,4010683026,9883076969,1861710917
20200203,"10:05:01","SH","NB",7833954495,5408073245,13242027740,2425881250
20200203,"10:06:01","SH","NB",7932975660,5502368885,13435344545,2430606775
20200203,"10:06:01","SZ","NB",5966725198,4117762959,10084488157,1848962239
20200203,"10:07:01","SH","NB",8045276717,5588976471,13634253188,2456300246
20200203,"10:07:01","SZ","NB",6041366895,4198403004,10239769899,1842963891
20200203,"10:08:01","SH","NB",8141611586,5675654515,13817266101,2465957071
20200203,"10:08:01","SZ","NB",6098503850,4261030214,10359534064,1837473636
20200203,"10:09:01","SH","NB",8235777334,5804236127,14040013461,2431541207
20200203,"10:09:01","SZ","NB",6184162758,4355366211,10539528969,1828796547
20200203,"10:10:01","SH","NB",8397761988,5908719231,14306481219,2489042757
20200203,"10:10:01","SZ","NB",6346531684,4445224252,10791755936,1901307432
20200203,"10:11:01","SH","NB",8490287315,6033406199,14523693514,2456881116
20200203,"10:11:01","SZ","NB",6430675994,4538645230,10969321224,1892030764
20200203,"10:12:01","SH","NB",8613881284,6116919460,14730800744,2496961824
20200203,"10:12:01","SZ","NB",6551925273,4622537020,11174462293,1929388253
20200203,"10:13:01","SH","NB",8811753414,6201449465,15013202879,2610303949
20200203,"10:13:01","SZ","NB",6673410525,4683434517,11356845042,1989976008
20200203,"10:14:01","SZ","NB",6744668705,4745713416,11490382121,1998955289
20200203,"10:14:01","SH","NB",8930047572,6261497795,15191545367,2668549777
20200203,"10:15:01","SH","NB",9033078050,6329255921,15362333971,2703822129
20200203,"10:15:01","SZ","NB",6823667992,4811860235,11635528227,2011807757
20200203,"10:16:01","SZ","NB",6911185352,4879448574,11790633926,2031736778
20200203,"10:16:01","SH","NB",9182298921,6382414131,15564713052,2799884790
20200203,"10:17:01","SH","NB",9282066083,6437789376,15719855459,2844276707
20200203,"10:17:01","SZ","NB",6988099373,4945802118,11933901491,2042297255
20200203,"10:18:01","SH","NB",9448137937,6522533667,15970671604,2925604270
20200203,"10:18:01","SZ","NB",7084009681,5011099822,12095109503,2072909859
20200203,"10:19:01","SH","NB",9528902242,6581460713,16110362955,2947441529
20200203,"10:19:01","SZ","NB",7194664318,5065429652,12260093970,2129234666
20200203,"10:20:01","SH","NB",9600908572,6637686033,16238594605,2963222539
20200203,"10:20:01","SZ","NB",7287783918,5135429202,12423213120,2152354716
20200203,"10:21:01","SH","NB",9689468654,6701855961,16391324615,2987612693
20200203,"10:21:01","SZ","NB",7365091510,5222352255,12587443765,2142739255
20200203,"10:22:01","SH","NB",9763344859,6759410599,16522755458,3003934260
20200203,"10:22:01","SZ","NB",7422109659,5291141386,12713251045,2130968273
20200203,"10:23:01","SH","NB",9833289833,6818885041,16652174874,3014404792
20200203,"10:23:01","SZ","NB",7505678141,5366874102,12872552243,2138804039
20200203,"10:24:01","SH","NB",9918111627,6871970348,16790081975,3046141279
20200203,"10:24:01","SZ","NB",7578607363,5427717591,13006324954,2150889772
20200203,"10:25:01","SZ","NB",7632356048,5501832624,13134188672,2130523424
20200203,"10:25:01","SH","NB",9982145460,6957234156,16939379616,3024911304
20200203,"10:26:01","SH","NB",10049950689,7035868323,17085819012,3014082366
20200203,"10:26:01","SZ","NB",7713790717,5567883763,13281674480,2145906954
20200203,"10:27:01","SH","NB",10113417893,7087554671,17200972564,3025863222
20200203,"10:27:01","SZ","NB",7776839909,5616775687,13393615596,2160064222
20200203,"10:28:01","SH","NB",10161941496,7136814731,17298756227,3025126765
20200203,"10:28:01","SZ","NB",7840787690,5666717957,13507505647,2174069733
20200203,"10:29:01","SH","NB",10238399623,7178032817,17416432440,3060366806
20200203,"10:29:01","SZ","NB",7903452681,5716597959,13620050640,2186854722
20200203,"10:30:01","SH","NB",10352388210,7245709961,17598098171,3106678249
20200203,"10:30:01","SZ","NB",7967954607,5781376739,13749331346,2186577868
20200203,"10:31:01","SH","NB",10555322360,7310925499,17866247859,3244396861
20200203,"10:31:01","SZ","NB",8035562151,5829500949,13865063100,2206061202
20200203,"10:32:01","SH","NB",10693222708,7361708422,18054931130,3331514286
20200203,"10:32:01","SZ","NB",8089742936,5875536492,13965279428,2214206444
20200203,"10:33:01","SZ","NB",8132591254,5908366767,14040958021,2224224487
20200203,"10:33:01","SH","NB",10760240658,7397713042,18157953700,3362527616
20200203,"10:34:01","SH","NB",10847279324,7487415156,18334694480,3359864168
20200203,"10:34:01","SZ","NB",8189099765,5967785665,14156885430,2221314100
20200203,"10:35:01","SZ","NB",8243852348,6010562586,14254414934,2233289762
20200203,"10:35:01","SH","NB",10914052682,7534981392,18449034074,3379071290
20200203,"10:36:01","SH","NB",11005972529,7588907027,18594879556,3417065502
20200203,"10:36:01","SZ","NB",8310386027,6040702392,14351088419,2269683635
20200203,"10:37:01","SH","NB",11097011035,7631935083,18728946118,3465075952
20200203,"10:37:01","SZ","NB",8358152067,6077461991,14435614058,2280690076
20200203,"10:38:01","SH","NB",11171615224,7681513966,18853129190,3490101258
20200203,"10:38:01","SZ","NB",8393313795,6118990078,14512303873,2274323717
20200203,"10:39:01","SH","NB",11243435087,7736913866,18980348953,3506521221
20200203,"10:39:01","SZ","NB",8424458740,6149780273,14574239013,2274678467
20200203,"10:40:01","SH","NB",11299424162,7771773700,19071197862,3527650462
20200203,"10:40:01","SZ","NB",8461293837,6194008044,14655301881,2267285793
20200203,"10:41:01","SH","NB",11380144176,7820762889,19200907065,3559381287
20200203,"10:41:01","SZ","NB",8517436380,6230930203,14748366583,2286506177
20200203,"10:42:01","SH","NB",11475112214,7872434790,19347547004,3602677424
20200203,"10:42:01","SZ","NB",8575921559,6258472365,14834393924,2317449194
20200203,"10:43:01","SH","NB",11538264157,7919321862,19457586019,3618942295
20200203,"10:43:01","SZ","NB",8625718817,6290777954,14916496771,2334940863
20200203,"10:44:01","SH","NB",11613653222,7959132569,19572785791,3654520653
20200203,"10:44:01","SZ","NB",8674094715,6317605296,14991700011,2356489419
20200203,"10:45:01","SZ","NB",8705227703,6354836658,15060064361,2350391045
20200203,"10:45:01","SH","NB",11678614674,7998123701,19676738375,3680490973
20200203,"10:46:01","SH","NB",11771193699,8064505151,19835698850,3706688548
20200203,"10:46:01","SZ","NB",8735620371,6400455185,15136075556,2335165186
20200203,"10:47:01","SH","NB",11823229202,8110737038,19933966240,3712492164
20200203,"10:47:01","SZ","NB",8777167828,6435531756,15212699584,2341636072
20200203,"10:48:01","SH","NB",11906594013,8249196399,20155790412,3657397614
20200203,"10:48:01","SZ","NB",8817385320,6512879595,15330264915,2304505725
20200203,"10:49:01","SH","NB",12009616371,8288919122,20298535493,3720697249
20200203,"10:49:01","SZ","NB",8865957003,6545546412,15411503415,2320410591
20200203,"10:50:01","SZ","NB",8912053684,6581989738,15494043422,2330063946
20200203,"10:50:01","SH","NB",12079124221,8338719949,20417844170,3740404272
20200203,"10:51:01","SH","NB",12159697922,8396668823,20556366745,3763029099
20200203,"10:51:01","SZ","NB",8962633576,6625019587,15587653163,2337613989
20200203,"10:52:01","SH","NB",12230369605,8434102332,20664471937,3796267273
20200203,"10:52:01","SZ","NB",9020669912,6652650953,15673320865,2368018959
20200203,"10:53:01","SH","NB",12310817104,8480992883,20791809987,3829824221
20200203,"10:53:01","SZ","NB",9069315509,6688479477,15757794986,2380836032
20200203,"10:54:01","SH","NB",12382181751,8537216431,20919398182,3844965320
20200203,"10:54:01","SZ","NB",9143176923,6733616833,15876793756,2409560090
20200203,"10:55:01","SH","NB",12459247762,8582112207,21041359969,3877135555
20200203,"10:55:01","SZ","NB",9184915560,6767464733,15952380293,2417450827
20200203,"10:56:01","SH","NB",12530186515,8644051990,21174238505,3886134525
20200203,"10:56:01","SZ","NB",9227782116,6809418733,16037200849,2418363383
20200203,"10:57:01","SH","NB",12584199315,8693391684,21277590999,3890807631
20200203,"10:57:01","SZ","NB",9261988881,6836820093,16098808974,2425168788
20200203,"10:58:01","SH","NB",12633180028,8732083811,21365263839,3901096217
20200203,"10:58:01","SZ","NB",9297985805,6875811609,16173797414,2422174196
20200203,"10:59:01","SH","NB",12690617717,8774628668,21465246385,3915989049
20200203,"10:59:01","SZ","NB",9340908025,6903735742,16244643767,2437172283
20200203,"11:00:01","SZ","NB",9389008876,6938585750,16327594626,2450423126
20200203,"11:00:01","SH","NB",12744270714,8817999896,21562270610,3926270818
20200203,"11:01:01","SH","NB",12808184661,8852728386,21660913047,3955456275
20200203,"11:01:01","SZ","NB",9420903810,6978514950,16399418760,2442388860
20200203,"11:02:01","SH","NB",12846899451,8885477707,21732377158,3961421744
20200203,"11:02:01","SZ","NB",9497764803,7014273532,16512038335,2483491271
20200203,"11:03:01","SZ","NB",9526098584,7044550387,16570648971,2481548197
20200203,"11:03:01","SH","NB",12895735765,8923137382,21818873147,3972598383
20200203,"11:04:01","SH","NB",12955059997,8949698558,21904758555,4005361439
20200203,"11:04:01","SZ","NB",9580151891,7083414147,16663566038,2496737744
20200203,"11:05:01","SH","NB",13023764052,8987789120,22011553172,4035974932
20200203,"11:05:01","SZ","NB",9608913465,7114856949,16723770414,2494056516
20200203,"11:06:01","SH","NB",13077023550,9012487129,22089510679,4064536421
20200203,"11:06:01","SZ","NB",9652101411,7153531775,16805633186,2498569636
20200203,"11:07:01","SH","NB",13143226181,9040336287,22183562468,4102889894
20200203,"11:07:01","SZ","NB",9701373516,7183569894,16884943410,2517803622
20200203,"11:08:01","SH","NB",13201269893,9076424842,22277694735,4124845051
20200203,"11:08:01","SZ","NB",9739590405,7210644350,16950234755,2528946055
20200203,"11:09:01","SH","NB",13255135609,9110801541,22365937150,4144334068
20200203,"11:09:01","SZ","NB",9774567260,7247590458,17022157718,2526976802
20200203,"11:10:01","SH","NB",13304295204,9138420128,22442715332,4165875076
20200203,"11:10:01","SZ","NB",9812407660,7273428688,17085836348,2538978972
20200203,"11:11:01","SH","NB",13371666284,9169227062,22540893346,4202439222
20200203,"11:11:01","SZ","NB",9856650807,7306457218,17163108025,2550193589
20200203,"11:12:01","SH","NB",13421847948,9192798187,22614646135,4229049761
20200203,"11:12:01","SZ","NB",9890313988,7349868639,17240182627,2540445349
20200203,"11:13:01","SZ","NB",9925490444,7378779828,17304270272,2546710616
20200203,"11:13:01","SH","NB",13487791002,9220822871,22708613873,4266968131
20200203,"11:14:01","SH","NB",13573052593,9252119194,22825171787,4320933399
20200203,"11:14:01","SZ","NB",9967237536,7412997066,17380234602,2554240470
20200203,"11:15:01","SH","NB",13704928539,9294980112,22999908651,4409948427
20200203,"11:15:01","SZ","NB",10005258920,7439099936,17444358856,2566158984
20200203,"11:16:01","SH","NB",13873013376,9335480913,23208494289,4537532463
20200203,"11:16:01","SZ","NB",10039368159,7467696920,17507065079,2571671239
20200203,"11:17:01","SH","NB",14132214278,9377749570,23509963848,4754464708
20200203,"11:17:01","SZ","NB",10074167415,7490919463,17565086878,2583247952
20200203,"11:18:01","SH","NB",14274219528,9416103534,23690323062,4858115994
20200203,"11:18:01","SZ","NB",10113119898,7515677341,17628797239,2597442557
20200203,"11:19:01","SH","NB",14414049298,9461690060,23875739358,4952359238
20200203,"11:19:01","SZ","NB",10161298597,7558545815,17719844412,2602752782
20200203,"11:20:01","SH","NB",14576285695,9498785253,24075070948,5077500442
20200203,"11:20:01","SZ","NB",10200522521,7583216154,17783738675,2617306367
20200203,"11:21:01","SH","NB",14691059503,9536159333,24227218836,5154900170
20200203,"11:21:01","SZ","NB",10235262347,7604324726,17839587073,2630937621
20200203,"11:22:01","SH","NB",14770741975,9574689712,24345431687,5196052263
20200203,"11:22:01","SZ","NB",10265988724,7636208751,17902197475,2629779973
20200203,"11:23:01","SZ","NB",10291952327,7665835623,17957787950,2626116704
20200203,"11:23:01","SH","NB",14827332296,9609686227,24437018523,5217646069
20200203,"11:24:01","SH","NB",14859325906,9640136605,24499462511,5219189301
20200203,"11:24:01","SZ","NB",10321369396,7694168670,18015538066,2627200726
20200203,"11:25:01","SH","NB",14923214208,9669845482,24593059690,5253368726
20200203,"11:25:01","SZ","NB",10338866292,7718747621,18057613913,2620118671
20200203,"11:26:01","SH","NB",15026238799,9701684340,24727923139,5324554459
20200203,"11:26:01","SZ","NB",10367836587,7748138831,18115975418,2619697756
20200203,"11:27:01","SH","NB",15143454024,9733023673,24876477697,5410430351
20200203,"11:27:01","SZ","NB",10396097733,7770249623,18166347356,2625848110
20200203,"11:28:01","SH","NB",15250529950,9767875054,25018405004,5482654896
20200203,"11:28:01","SZ","NB",10440164850,7796990834,18237155684,2643174016
20200203,"11:29:01","SZ","NB",10465972624,7818174970,18284147594,2647797654
20200203,"11:29:01","SH","NB",15353292875,9794473869,25147766744,5558819006
20200203,"11:30:01","SH","NB",15423540701,9813591138,25237131839,5609949563
20200203,"11:30:01","SZ","NB",10493170384,7834978389,18328148773,2658191995
20200203,"11:31:01","SH","NB",15423557187,9813606682,25237163869,5609950505
20200203,"11:31:01","SZ","NB",10493391020,7835001238,18328392258,2658389782
20200203,"13:00:01","SZ","NB",10502749874,7844230876,18346980750,2658518998
20200203,"13:01:01","SH","NB",15578372727,9865454263,25443826990,5712918464
20200203,"13:01:01","SZ","NB",10684904474,7929165947,18614070421,2755738527
20200203,"13:02:01","SZ","NB",10750667639,7972741028,18723408667,2777926611
20200203,"13:02:01","SH","NB",15623545820,9914760075,25538305895,5708785745
20200203,"13:03:01","SH","NB",15686837911,9947434064,25634271975,5739403847
20200203,"13:03:01","SZ","NB",10809701933,8011153894,18820855827,2798548039
20200203,"13:04:01","SH","NB",15976528101,9982955830,25959483931,5993572271
20200203,"13:04:01","SZ","NB",10896221719,8050486896,18946708615,2845734823
20200203,"13:05:01","SH","NB",16047754284,10016416213,26064170497,6031338071
20200203,"13:05:01","SZ","NB",10959641251,8085295966,19044937217,2874345285
20200203,"13:06:01","SH","NB",16123324074,10061206699,26184530773,6062117375
20200203,"13:06:01","SZ","NB",11010854511,8121732839,19132587350,2889121672
20200203,"13:07:01","SH","NB",16178241063,10088648082,26266889145,6089592981
20200203,"13:07:01","SZ","NB",11057793950,8150231875,19208025825,2907562075
20200203,"13:08:01","SZ","NB",11105596645,8176153540,19281750185,2929443105
20200203,"13:08:01","SH","NB",16246026647,10126759138,26372785785,6119267509
20200203,"13:09:01","SH","NB",16310431437,10154678517,26465109954,6155752920
20200203,"13:09:01","SZ","NB",11179557627,8204270434,19383828061,2975287193
20200203,"13:10:01","SH","NB",16399417701,10181799657,26581217358,6217618044
20200203,"13:10:01","SZ","NB",11224595367,8239285711,19463881078,2985309656
20200203,"13:11:01","SH","NB",16455966631,10216866058,26672832689,6239100573
20200203,"13:11:01","SZ","NB",11284365401,8281107860,19565473261,3003257541
20200203,"13:12:01","SH","NB",16511848390,10269477432,26781325822,6242370958
20200203,"13:12:01","SZ","NB",11338146299,8325925786,19664072085,3012220513
20200203,"13:13:01","SH","NB",16645875344,10308845280,26954720624,6337030064
20200203,"13:13:01","SZ","NB",11383285103,8370245624,19753530727,3013039479
20200203,"13:14:01","SH","NB",16780432984,10360456228,27140889212,6419976756
20200203,"13:14:01","SZ","NB",11460697389,8404690908,19865388297,3056006481
20200203,"13:15:01","SH","NB",16918708804,10394636739,27313345543,6524072065
20200203,"13:15:01","SZ","NB",11504519781,8436297440,19940817221,3068222341
20200203,"13:16:01","SH","NB",17059767965,10451030412,27510798377,6608737553
20200203,"13:16:01","SZ","NB",11554638629,8472675127,20027313756,3081963502
20200203,"13:17:01","SZ","NB",11618215811,8505181300,20123397111,3113034511
20200203,"13:17:01","SH","NB",17212768328,10486230572,27698998900,6726537756
20200203,"13:18:01","SH","NB",17341744408,10517292230,27859036638,6824452178
20200203,"13:18:01","SZ","NB",11666490511,8554852469,20221342980,3111638042
20200203,"13:19:01","SH","NB",17495534646,10566701880,28062236526,6928832766
20200203,"13:19:01","SZ","NB",11731424835,8611132876,20342557711,3120291959
20200203,"13:20:01","SZ","NB",11774240257,8659668536,20433908793,3114571721
20200203,"13:20:01","SH","NB",17629567361,10603602410,28233169771,7025964951
20200203,"13:21:01","SH","NB",17788140609,10646713063,28434853672,7141427546
20200203,"13:21:01","SZ","NB",11829203521,8702620497,20531824018,3126583024
20200203,"13:22:01","SH","NB",17947783540,10683026553,28630810093,7264756987
20200203,"13:22:01","SZ","NB",11872553529,8728086831,20600640360,3144466698
20200203,"13:23:01","SH","NB",18110931924,10730694048,28841625972,7380237876
20200203,"13:23:01","SZ","NB",11928300702,8760646435,20688947137,3167654267
20200203,"13:24:01","SZ","NB",11972054042,8783367859,20755421901,3188686183
20200203,"13:24:01","SH","NB",18224910303,10766495863,28991406166,7458414440
20200203,"13:25:01","SH","NB",18339429939,10799067189,29138497128,7540362750
20200203,"13:25:01","SZ","NB",12019817091,8811335449,20831152540,3208481642
20200203,"13:26:01","SH","NB",18431319475,10840657392,29271976867,7590662083
20200203,"13:26:01","SZ","NB",12064040741,8834439019,20898479760,3229601722
20200203,"13:27:01","SH","NB",18510821109,10874211328,29385032437,7636609781
20200203,"13:27:01","SZ","NB",12106052224,8864027089,20970079313,3242025135
20200203,"13:28:01","SH","NB",18580060338,10928546657,29508606995,7651513681
20200203,"13:28:01","SZ","NB",12144106608,8886065928,21030172536,3258040680
20200203,"13:29:01","SH","NB",18642805567,10994328557,29637134124,7648477010
20200203,"13:29:01","SZ","NB",12180506888,8922835936,21103342824,3257670952
20200203,"13:30:01","SH","NB",18727334024,11037383817,29764717841,7689950207
20200203,"13:30:01","SZ","NB",12230499828,8944780199,21175280027,3285719629
20200203,"13:31:01","SH","NB",18789473587,11073850909,29863324496,7715622678
20200203,"13:31:01","SZ","NB",12278037236,8974122707,21252159943,3303914529
20200203,"13:32:01","SZ","NB",12321921919,9001360311,21323282230,3320561608
20200203,"13:32:01","SH","NB",18846282534,11111807968,29958090502,7734474566
20200203,"13:33:01","SH","NB",18896131041,11146428293,30042559334,7749702748
20200203,"13:33:01","SZ","NB",12389156539,9027872115,21417028654,3361284424
20200203,"13:34:01","SH","NB",18941290827,11185460745,30126751572,7755830082
20200203,"13:34:01","SZ","NB",12444978001,9054120851,21499098852,3390857150
20200203,"13:35:01","SH","NB",19009069144,11215256934,30224326078,7793812210
20200203,"13:35:01","SZ","NB",12499640131,9076553204,21576193335,3423086927
20200203,"13:36:01","SH","NB",19054920327,11238554052,30293474379,7816366275
20200203,"13:36:01","SZ","NB",12572676281,9097044000,21669720281,3475632281
20200203,"13:37:01","SH","NB",19103512956,11280176350,30383689306,7823336606
20200203,"13:37:01","SZ","NB",12601674774,9114793127,21716467901,3486881647
20200203,"13:38:01","SH","NB",19149852561,11314204605,30464057166,7835647956
20200203,"13:38:01","SZ","NB",12640924823,9135440453,21776365276,3505484370
20200203,"13:39:01","SZ","NB",12676456880,9159987481,21836444361,3516469399
20200203,"13:39:01","SH","NB",19190541956,11343409798,30533951754,7847132158
20200203,"13:40:01","SH","NB",19231992957,11379370817,30611363774,7852622140
20200203,"13:40:01","SZ","NB",12715892550,9178999951,21894892501,3536892599
20200203,"13:41:01","SH","NB",19265444230,11408664877,30674109107,7856779353
20200203,"13:41:01","SZ","NB",12771572872,9211837344,21983410216,3559735528
20200203,"13:42:01","SH","NB",19295263036,11436249707,30731512743,7859013329
20200203,"13:42:01","SZ","NB",12805132138,9229817267,22034949405,3575314871
20200203,"13:43:01","SH","NB",19331165289,11470201201,30801366490,7860964088
20200203,"13:43:01","SZ","NB",12839096351,9251324395,22090420746,3587771956
20200203,"13:44:01","SZ","NB",12866535103,9271145771,22137680874,3595389332
20200203,"13:44:01","SH","NB",19362327376,11491682231,30854009607,7870645145
20200203,"13:45:01","SH","NB",19396687184,11526849649,30923536833,7869837535
20200203,"13:45:01","SZ","NB",12895848730,9289640930,22185489660,3606207800
20200203,"13:46:01","SH","NB",19430951376,11570693275,31001644651,7860258101
20200203,"13:46:01","SZ","NB",12926236754,9317671067,22243907821,3608565687
20200203,"13:47:01","SH","NB",19474760355,11608644750,31083405105,7866115605
20200203,"13:47:01","SZ","NB",12968109935,9345632551,22313742486,3622477384
20200203,"13:48:01","SH","NB",19509235247,11645107711,31154342958,7864127536
20200203,"13:48:01","SZ","NB",13015689669,9363591771,22379281440,3652097898
20200203,"13:49:01","SH","NB",19547300411,11677940325,31225240736,7869360086
20200203,"13:49:01","SZ","NB",13054497575,9418942365,22473439940,3635555210
20200203,"13:50:01","SH","NB",19576676419,11712848239,31289524658,7863828180
20200203,"13:50:01","SZ","NB",13080788110,9437395651,22518183761,3643392459
20200203,"13:51:01","SH","NB",19608496169,11748135780,31356631949,7860360389
20200203,"13:51:01","SZ","NB",13112824773,9456675173,22569499946,3656149600
20200203,"13:52:01","SZ","NB",13153643165,9481450673,22635093838,3672192492
20200203,"13:52:01","SH","NB",19650360240,11776543331,31426903571,7873816909
20200203,"13:53:01","SH","NB",19694099875,11809310406,31503410281,7884789469
20200203,"13:53:01","SZ","NB",13191335582,9510629001,22701964583,3680706581
20200203,"13:54:01","SH","NB",19751118791,11845789541,31596908332,7905329250
20200203,"13:54:01","SZ","NB",13230440893,9539311971,22769752864,3691128922
20200203,"13:55:01","SH","NB",19815478101,11866913563,31682391664,7948564538
20200203,"13:55:01","SZ","NB",13256713610,9555643298,22812356908,3701070312
20200203,"13:56:01","SH","NB",19850625288,11898060901,31748686189,7952564387
20200203,"13:56:01","SZ","NB",13292425508,9577286472,22869711980,3715139036
20200203,"13:57:01","SH","NB",19884821165,11925383232,31810204397,7959437933
20200203,"13:57:01","SZ","NB",13333690970,9597932439,22931623409,3735758531
20200203,"13:58:01","SH","NB",19919562654,11945486612,31865049266,7974076042
20200203,"13:58:01","SZ","NB",13373714113,9632384726,23006098839,3741329387
20200203,"13:59:01","SH","NB",19951606155,11970182124,31921788279,7981424031
20200203,"13:59:01","SZ","NB",13404772719,9658094320,23062867039,3746678399
20200203,"14:00:01","SH","NB",19990524173,11999096558,31989620731,7991427615
20200203,"14:00:01","SZ","NB",13439368270,9678178292,23117546562,3761189978
20200203,"14:01:01","SZ","NB",13500036884,9724728033,23224764917,3775308851
20200203,"14:01:01","SH","NB",20033384018,12033740853,32067124871,7999643165
20200203,"14:02:01","SH","NB",20071212449,12069882397,32141094846,8001330052
20200203,"14:02:01","SZ","NB",13532900507,9763908755,23296809262,3768991752
20200203,"14:03:01","SH","NB",20104586576,12101352077,32205938653,8003234499
20200203,"14:03:01","SZ","NB",13560031650,9809324082,23369355732,3750707568
20200203,"14:04:01","SH","NB",20140033480,12133301677,32273335157,8006731803
20200203,"14:04:01","SZ","NB",13600689773,9851448979,23452138752,3749240794
20200203,"14:05:01","SH","NB",20177248733,12169512766,32346761499,8007735967
20200203,"14:05:01","SZ","NB",13634773487,9879902651,23514676138,3754870836
20200203,"14:06:01","SH","NB",20228691139,12218734192,32447425331,8009956947
20200203,"14:06:01","SZ","NB",13679182235,9918126394,23597308629,3761055841
20200203,"14:07:01","SH","NB",20272946853,12254731572,32527678425,8018215281
20200203,"14:07:01","SZ","NB",13712185970,9949588746,23661774716,3762597224
20200203,"14:08:01","SH","NB",20325227710,12280004775,32605232485,8045222935
20200203,"14:08:01","SZ","NB",13741794890,9984513118,23726308008,3757281772
20200203,"14:09:01","SH","NB",20376603361,12319751282,32696354643,8056852079
20200203,"14:09:01","SZ","NB",13776716539,10017690474,23794407013,3759026065
20200203,"14:10:01","SZ","NB",13803286776,10040631947,23843918723,3762654829
20200203,"14:10:01","SH","NB",20451400090,12357325272,32808725362,8094074818
20200203,"14:11:01","SH","NB",20532868543,12400987936,32933856479,8131880607
20200203,"14:11:01","SZ","NB",13841681128,10068871409,23910552537,3772809719
20200203,"14:12:01","SH","NB",20626888116,12440492933,33067381049,8186395183
20200203,"14:12:01","SZ","NB",13876365854,10094427524,23970793378,3781938330
20200203,"14:13:01","SH","NB",20717074192,12470154286,33187228478,8246919906
20200203,"14:13:01","SZ","NB",13908203414,10125416504,24033619918,3782786910
20200203,"14:14:01","SH","NB",20798304091,12511153803,33309457894,8287150288
20200203,"14:14:01","SZ","NB",13950268130,10154797021,24105065151,3795471109
20200203,"14:15:01","SH","NB",20902246735,12544478681,33446725416,8357768054
20200203,"14:15:01","SZ","NB",13986011948,10193023844,24179035792,3792988104
20200203,"14:16:01","SZ","NB",14018206766,10225574376,24243781142,3792632390
20200203,"14:16:01","SH","NB",21020710466,12583385231,33604095697,8437325235
20200203,"14:17:01","SH","NB",21120997505,12621490979,33742488484,8499506526
20200203,"14:17:01","SZ","NB",14059290027,10255854452,24315144479,3803435575
20200203,"14:18:01","SH","NB",21190846991,12653590028,33844437019,8537256963
20200203,"14:18:01","SZ","NB",14092901691,10292707771,24385609462,3800193920
20200203,"14:19:01","SH","NB",21300548347,12702921400,34003469747,8597626947
20200203,"14:19:01","SZ","NB",14119895182,10327147477,24447042659,3792747705
20200203,"14:20:01","SH","NB",21367469326,12732434306,34099903632,8635035020
20200203,"14:20:01","SZ","NB",14139889855,10358375470,24498265325,3781514385
20200203,"14:21:01","SH","NB",21463132948,12773550620,34236683568,8689582328
20200203,"14:21:01","SZ","NB",14175879274,10391213578,24567092852,3784665696
20200203,"14:22:01","SH","NB",21529992175,12804666216,34334658391,8725325959
20200203,"14:22:01","SZ","NB",14206042078,10417055973,24623098051,3788986105
20200203,"14:23:01","SH","NB",21595893752,12844909904,34440803656,8750983848
20200203,"14:23:01","SZ","NB",14237917330,10462157951,24700075281,3775759379
20200203,"14:24:01","SZ","NB",14260852331,10481012503,24741864834,3779839828
20200203,"14:24:01","SH","NB",21665648021,12870073942,34535721963,8795574079
20200203,"14:25:01","SH","NB",21779039560,12915814351,34694853911,8863225209
20200203,"14:25:01","SZ","NB",14301802907,10528400568,24830203475,3773402339
20200203,"14:26:01","SH","NB",21860634661,12951669315,34812303976,8908965346
20200203,"14:26:01","SZ","NB",14414008274,10559614733,24973623007,3854393541
20200203,"14:27:01","SH","NB",21978122040,12977249653,34955371693,9000872387
20200203,"14:27:01","SZ","NB",14463259614,10595875203,25059134817,3867384411
20200203,"14:28:01","SH","NB",22121849859,13001743754,35123593613,9120106105
20200203,"14:28:01","SZ","NB",14513997281,10623341733,25137339014,3890655548
20200203,"14:29:01","SZ","NB",14591226714,10666608016,25257834730,3924618698
20200203,"14:29:01","SH","NB",22202027790,13040682548,35242710338,9161345242
20200203,"14:30:01","SH","NB",22272789308,13078440468,35351229776,9194348840
20200203,"14:30:01","SZ","NB",14681438618,10697172870,25378611488,3984265748
20200203,"14:31:01","SH","NB",22333087402,13113313443,35446400845,9219773959
20200203,"14:31:01","SZ","NB",14720184651,10741035625,25461220276,3979149026
20200203,"14:32:01","SH","NB",22395580118,13159812454,35555392572,9235767664
20200203,"14:32:01","SZ","NB",14763417666,10801033605,25564451271,3962384061
20200203,"14:33:01","SH","NB",22464404778,13205242537,35669647315,9259162241
20200203,"14:33:01","SZ","NB",14812140192,10845811913,25657952105,3966328279
20200203,"14:34:01","SH","NB",22529027332,13240054329,35769081661,9288973003
20200203,"14:34:01","SZ","NB",14847562413,10905638636,25753201049,3941923777
20200203,"14:35:01","SZ","NB",14891079623,10941216596,25832296219,3949863027
20200203,"14:35:01","SH","NB",22599484821,13278285170,35877769991,9321199651
20200203,"14:36:01","SH","NB",22688158226,13326765761,36014923987,9361392465
20200203,"14:36:01","SZ","NB",14946078615,10978858458,25924937073,3967220157
20200203,"14:37:01","SH","NB",22931900364,13380770465,36312670829,9551129899
20200203,"14:37:01","SZ","NB",15010609323,11024621624,26035230947,3985987699
20200203,"14:38:01","SH","NB",23052981043,13418882993,36471864036,9634098050
20200203,"14:38:01","SZ","NB",15058686306,11050457764,26109144070,4008228542
20200203,"14:39:01","SH","NB",23207267373,13492515935,36699783308,9714751438
20200203,"14:39:01","SZ","NB",15108713363,11084761952,26193475315,4023951411
20200203,"14:40:01","SH","NB",23364678762,13552461996,36917140758,9812216766
20200203,"14:40:01","SZ","NB",15165219744,11130176820,26295396564,4035042924
20200203,"14:41:01","SH","NB",23526405624,13604729875,37131135499,9921675749
20200203,"14:41:01","SZ","NB",15225477942,11190910020,26416387962,4034567922
20200203,"14:42:01","SH","NB",23669343650,13647952030,37317295680,10021391620
20200203,"14:42:01","SZ","NB",15287799762,11226599241,26514399003,4061200521
20200203,"14:43:01","SZ","NB",15349060440,11261915023,26610975463,4087145417
20200203,"14:43:01","SH","NB",23788990731,13696634023,37485624754,10092356708
20200203,"14:44:01","SH","NB",23908922699,13761280338,37670203037,10147642361
20200203,"14:44:01","SZ","NB",15443918971,11322130706,26766049677,4121788265
20200203,"14:45:01","SH","NB",24055857967,13812748234,37868606201,10243109733
20200203,"14:45:01","SZ","NB",15522821031,11368429743,26891250774,4154391288
20200203,"14:46:01","SH","NB",24200193811,13896436072,38096629883,10303757739
20200203,"14:46:01","SZ","NB",15585906746,11431056275,27016963021,4154850471
20200203,"14:47:01","SH","NB",24366855087,14023354926,38390210013,10343500161
20200203,"14:47:01","SZ","NB",15672382139,11509443349,27181825488,4162938790
20200203,"14:48:01","SH","NB",24443234426,14120234676,38563469102,10322999750
20200203,"14:48:01","SZ","NB",15761328333,11576245868,27337574201,4185082465
20200203,"14:49:01","SH","NB",24563894759,14268133590,38832028349,10295761169
20200203,"14:49:01","SZ","NB",15854123502,11672302537,27526426039,4181820965
20200203,"14:50:01","SH","NB",24746149009,14394031370,39140180379,10352117639
20200203,"14:50:01","SZ","NB",15930024908,11748577549,27678602457,4181447359
20200203,"14:51:01","SZ","NB",16045339872,11813297599,27858637471,4232042273
20200203,"14:51:01","SH","NB",24912125565,14510301991,39422427556,10401823574
20200203,"14:52:01","SH","NB",25231041097,14635055025,39866096122,10595986072
20200203,"14:52:01","SZ","NB",16135432583,11876849732,28012282315,4258582851
20200203,"14:53:01","SH","NB",25602112577,14768037930,40370150507,10834074647
20200203,"14:53:01","SZ","NB",16207318754,11945646709,28152965463,4261672045
20200203,"14:54:01","SH","NB",25887317148,14933793321,40821110469,10953523827
20200203,"14:54:01","SZ","NB",16302900353,12014822022,28317722375,4288078331
20200203,"14:55:01","SH","NB",26122677844,15058092558,41180770402,11064585286
20200203,"14:55:01","SZ","NB",16387682120,12070833423,28458515543,4316848697
20200203,"14:56:01","SH","NB",26346966290,15168930247,41515896537,11178036043
20200203,"14:56:01","SZ","NB",16493866493,12162071022,28655937515,4331795471
20200203,"14:57:01","SH","NB",27290520602,15365930085,42656450687,11924590517
20200203,"14:57:01","SZ","NB",16624425232,12240418985,28864844217,4384006247
20200203,"14:58:01","SH","NB",27290764338,15366187498,42656951836,11924576840
20200203,"14:58:01","SZ","NB",16624435452,12240418985,28864854437,4384016467
20200203,"15:00:01","SZ","NB",16671656157,12257985052,28929641209,4413671105
20200203,"15:01:01","SH","NB",29181589035,15590419812,44772008847,13591169223
20200203,"15:01:01","SZ","NB",16925639750,12327416682,29253056432,4598223068
