dataDate,dataTime,connectMarket,tradeDirection,buyTurnover,sellTurnover,totalTurnover,netTurnover
20191223,"09:30:01","SH","NB",92993634,35067563,128061197,57926071
20191223,"09:30:01","SZ","NB",87057826,39714647,126772473,47343179
20191223,"09:31:01","SH","NB",248548727,108783157,357331884,139765570
20191223,"09:31:01","SZ","NB",280229634,157426101,437655735,122803533
20191223,"09:32:01","SH","NB",373633253,173792643,547425896,199840610
20191223,"09:32:01","SZ","NB",469775580,266696914,736472494,203078666
20191223,"09:33:01","SH","NB",465555216,227597016,693152232,237958200
20191223,"09:33:01","SZ","NB",624118609,415498111,1039616720,208620498
20191223,"09:34:01","SZ","NB",788444299,600802516,1389246815,187641783
20191223,"09:34:01","SH","NB",570019926,314590981,884610907,255428945
20191223,"09:35:01","SH","NB",679739409,481325892,1161065301,198413517
20191223,"09:35:01","SZ","NB",953512303,889427142,1842939445,64085161
20191223,"09:36:01","SH","NB",894080574,571636384,1465716958,322444190
20191223,"09:36:01","SZ","NB",1227581229,1051403431,2278984660,176177798
20191223,"09:37:01","SH","NB",1028180287,714650581,1742830868,313529706
20191223,"09:37:01","SZ","NB",1416545470,1220124899,2636670369,196420571
20191223,"09:38:01","SH","NB",1187025551,833135962,2020161513,353889589
20191223,"09:38:01","SZ","NB",1638564760,1332763417,2971328177,305801343
20191223,"09:39:01","SH","NB",1253704208,938746052,2192450260,314958156
20191223,"09:39:01","SZ","NB",1793784277,1467384351,3261168628,326399926
20191223,"09:40:01","SH","NB",1359403218,1025359229,2384762447,334043989
20191223,"09:40:01","SZ","NB",1991063787,1546622563,3537686350,444441224
20191223,"09:41:01","SH","NB",1469177348,1111020103,2580197451,358157245
20191223,"09:41:01","SZ","NB",2130298603,1636509044,3766807647,493789559
20191223,"09:42:01","SZ","NB",2229870171,1727222373,3957092544,502647798
20191223,"09:42:01","SH","NB",1543277652,1176511827,2719789479,366765825
20191223,"09:43:01","SH","NB",1626989125,1222642362,2849631487,404346763
20191223,"09:43:01","SZ","NB",2298298276,1819869968,4118168244,478428308
20191223,"09:44:01","SH","NB",1709482465,1278044049,2987526514,431438416
20191223,"09:44:01","SZ","NB",2377583162,1906070273,4283653435,471512889
20191223,"09:45:01","SZ","NB",2465976743,1989805648,4455782391,476171095
20191223,"09:45:01","SH","NB",1800678912,1325621945,3126300857,475056967
20191223,"09:46:01","SH","NB",1868445324,1403556839,3272002163,464888485
20191223,"09:46:01","SZ","NB",2550897669,2144151527,4695049196,406746142
20191223,"09:47:01","SH","NB",1912220701,1481070460,3393291161,431150241
20191223,"09:47:01","SZ","NB",2601197373,2278234170,4879431543,322963203
20191223,"09:48:01","SH","NB",1976631732,1534820646,3511452378,441811086
20191223,"09:48:01","SZ","NB",2670586725,2366027692,5036614417,304559033
20191223,"09:49:01","SH","NB",2030106553,1579913415,3610019968,450193138
20191223,"09:49:01","SZ","NB",2748275292,2433342515,5181617807,314932777
20191223,"09:50:01","SH","NB",2083964529,1631891794,3715856323,452072735
20191223,"09:50:01","SZ","NB",2811714689,2524224590,5335939279,287490099
20191223,"09:51:01","SH","NB",2137189046,1685656394,3822845440,451532652
20191223,"09:51:01","SZ","NB",2854285041,2617687209,5471972250,236597832
20191223,"09:52:01","SH","NB",2195162920,1768830238,3963993158,426332682
20191223,"09:52:01","SZ","NB",2909693643,2710066891,5619760534,199626752
20191223,"09:53:01","SH","NB",2294972437,1813995864,4108968301,480976573
20191223,"09:53:01","SZ","NB",3023701075,2779366086,5803067161,244334989
20191223,"09:54:01","SH","NB",2360392394,1860076421,4220468815,500315973
20191223,"09:54:01","SZ","NB",3108754105,2870247731,5979001836,238506374
20191223,"09:55:01","SZ","NB",3180709018,2981511632,6162220650,199197386
20191223,"09:55:01","SH","NB",2432836508,1900757671,4333594179,532078837
20191223,"09:56:01","SH","NB",2556466973,1960390206,4516857179,596076767
20191223,"09:56:01","SZ","NB",3330846796,3081630925,6412477721,249215871
20191223,"09:57:01","SH","NB",2630588364,2026307671,4656896035,604280693
20191223,"09:57:01","SZ","NB",3432906852,3179054283,6611961135,253852569
20191223,"09:58:01","SH","NB",2742595830,2070774955,4813370785,671820875
20191223,"09:58:01","SZ","NB",3553936609,3254483611,6808420220,299452998
20191223,"09:59:01","SH","NB",2803880525,2123674462,4927554987,680206063
20191223,"09:59:01","SZ","NB",3632842852,3324625198,6957468050,308217654
20191223,"10:00:01","SH","NB",2855920701,2180443202,5036363903,675477499
20191223,"10:00:01","SZ","NB",3693540879,3403728308,7097269187,289812571
20191223,"10:01:01","SH","NB",2940685966,2220676405,5161362371,720009561
20191223,"10:01:01","SZ","NB",3781389563,3466112291,7247501854,315277272
20191223,"10:02:01","SH","NB",2985623455,2284446326,5270069781,701177129
20191223,"10:02:01","SZ","NB",3857820643,3556603948,7414424591,301216695
20191223,"10:03:01","SZ","NB",3912731841,3613126027,7525857868,299605814
20191223,"10:03:01","SH","NB",3029742645,2323435898,5353178543,706306747
20191223,"10:04:01","SH","NB",3077940215,2362958628,5440898843,714981587
20191223,"10:04:01","SZ","NB",3976061281,3658828461,7634889742,317232820
20191223,"10:05:01","SH","NB",3123036026,2408559346,5531595372,714476680
20191223,"10:05:01","SZ","NB",4035804400,3724340954,7760145354,311463446
20191223,"10:06:01","SH","NB",3155812442,2452609113,5608421555,703203329
20191223,"10:06:01","SZ","NB",4076843053,3798065239,7874908292,278777814
20191223,"10:07:01","SH","NB",3192570864,2501676570,5694247434,690894294
20191223,"10:07:01","SZ","NB",4124408112,3856367656,7980775768,268040456
20191223,"10:08:01","SH","NB",3227385987,2532554605,5759940592,694831382
20191223,"10:08:01","SZ","NB",4178370369,3894996056,8073366425,283374313
20191223,"10:09:01","SZ","NB",4244583949,3935998899,8180582848,308585050
20191223,"10:09:01","SH","NB",3272679033,2557179667,5829858700,715499366
20191223,"10:10:01","SH","NB",3303283644,2582413140,5885696784,720870504
20191223,"10:10:01","SZ","NB",4293993414,3971538822,8265532236,322454592
20191223,"10:11:01","SH","NB",3356042114,2617294620,5973336734,738747494
20191223,"10:11:01","SZ","NB",4372844934,4018009837,8390854771,354835097
20191223,"10:12:01","SH","NB",3388252009,2662244771,6050496780,726007238
20191223,"10:12:01","SZ","NB",4421012820,4095547900,8516560720,325464920
20191223,"10:13:01","SH","NB",3416992075,2693785128,6110777203,723206947
20191223,"10:13:01","SZ","NB",4458025427,4172241974,8630267401,285783453
20191223,"10:14:01","SH","NB",3445587026,2728240177,6173827203,717346849
20191223,"10:14:01","SZ","NB",4493326996,4237750612,8731077608,255576384
20191223,"10:15:01","SH","NB",3475265797,2751702269,6226968066,723563528
20191223,"10:15:01","SZ","NB",4544512272,4276882042,8821394314,267630230
20191223,"10:16:01","SH","NB",3512757365,2773281426,6286038791,739475939
20191223,"10:16:01","SZ","NB",4597625113,4319862523,8917487636,277762590
20191223,"10:17:01","SH","NB",3543199872,2818310299,6361510171,724889573
20191223,"10:17:01","SZ","NB",4640319145,4388203729,9028522874,252115416
20191223,"10:18:01","SZ","NB",4672211636,4436482263,9108693899,235729373
20191223,"10:18:01","SH","NB",3569503497,2857444489,6426947986,712059008
20191223,"10:19:01","SH","NB",3599598795,2892621297,6492220092,706977498
20191223,"10:19:01","SZ","NB",4721869331,4481434459,9203303790,240434872
20191223,"10:20:01","SH","NB",3647471516,2948667710,6596139226,698803806
20191223,"10:20:01","SZ","NB",4775019923,4536680572,9311700495,238339351
20191223,"10:21:01","SH","NB",3716142600,2992739427,6708882027,723403173
20191223,"10:21:01","SZ","NB",4843225746,4581869356,9425095102,261356390
20191223,"10:22:01","SH","NB",3753933206,3026381458,6780314664,727551748
20191223,"10:22:01","SZ","NB",4884080382,4639905917,9523986299,244174465
20191223,"10:23:01","SZ","NB",4936865117,4702729271,9639594388,234135846
20191223,"10:23:01","SH","NB",3789455582,3055572866,6845028448,733882716
20191223,"10:24:01","SH","NB",3829395887,3081425894,6910821781,747969993
20191223,"10:24:01","SZ","NB",4985796019,4754547800,9740343819,231248219
20191223,"10:25:01","SH","NB",3873707494,3121921600,6995629094,751785894
20191223,"10:25:01","SZ","NB",5025436808,4816986738,9842423546,208450070
20191223,"10:26:01","SH","NB",3911697736,3150167284,7061865020,761530452
20191223,"10:26:01","SZ","NB",5074183764,4875441069,9949624833,198742695
20191223,"10:27:01","SH","NB",3943158159,3176273665,7119431824,766884494
20191223,"10:27:01","SZ","NB",5108546366,4914385477,10022931843,194160889
20191223,"10:28:01","SH","NB",3966712404,3201249687,7167962091,765462717
20191223,"10:28:01","SZ","NB",5144854001,4951261926,10096115927,193592075
20191223,"10:29:01","SH","NB",4003412670,3227057877,7230470547,776354793
20191223,"10:29:01","SZ","NB",5190533942,4993784110,10184318052,196749832
20191223,"10:30:01","SH","NB",4030294242,3247621127,7277915369,782673115
20191223,"10:30:01","SZ","NB",5224979431,5018726423,10243705854,206253008
20191223,"10:31:01","SZ","NB",5276669642,5072077036,10348746678,204592606
20191223,"10:31:01","SH","NB",4064442408,3279951717,7344394125,784490691
20191223,"10:32:01","SH","NB",4092588055,3309340734,7401928789,783247321
20191223,"10:32:01","SZ","NB",5315686989,5121042613,10436729602,194644376
20191223,"10:33:01","SH","NB",4130755075,3335488767,7466243842,795266308
20191223,"10:33:01","SZ","NB",5360488092,5149120209,10509608301,211367883
20191223,"10:34:01","SZ","NB",5413702376,5177261467,10590963843,236440909
20191223,"10:34:01","SH","NB",4162244592,3362403264,7524647856,799841328
20191223,"10:35:01","SH","NB",4195316741,3396216752,7591533493,799099989
20191223,"10:35:01","SZ","NB",5450525857,5230033525,10680559382,220492332
20191223,"10:36:01","SH","NB",4233067557,3437126524,7670194081,795941033
20191223,"10:36:01","SZ","NB",5495162028,5283417741,10778579769,211744287
20191223,"10:37:01","SH","NB",4268363563,3477075846,7745439409,791287717
20191223,"10:37:01","SZ","NB",5538135886,5333616748,10871752634,204519138
20191223,"10:38:01","SH","NB",4321360408,3522375431,7843735839,798984977
20191223,"10:38:01","SZ","NB",5591485355,5371586104,10963071459,219899251
20191223,"10:39:01","SH","NB",4378882222,3557356610,7936238832,821525612
20191223,"10:39:01","SZ","NB",5659061948,5401174481,11060236429,257887467
20191223,"10:40:01","SH","NB",4408963481,3597586823,8006550304,811376658
20191223,"10:40:01","SZ","NB",5694237631,5440841152,11135078783,253396479
20191223,"10:41:01","SH","NB",4446301829,3632555770,8078857599,813746059
20191223,"10:41:01","SZ","NB",5733013572,5482869720,11215883292,250143852
20191223,"10:42:01","SZ","NB",5770991778,5527521018,11298512796,243470760
20191223,"10:42:01","SH","NB",4477225529,3657376681,8134602210,819848848
20191223,"10:43:01","SH","NB",4514817195,3705962859,8220780054,808854336
20191223,"10:43:01","SZ","NB",5805484496,5578783555,11384268051,226700941
20191223,"10:44:01","SH","NB",4543145716,3757602769,8300748485,785542947
20191223,"10:44:01","SZ","NB",5842465826,5639661455,11482127281,202804371
20191223,"10:45:01","SH","NB",4584337834,3802341183,8386679017,781996651
20191223,"10:45:01","SZ","NB",5903510543,5684492401,11588002944,219018142
20191223,"10:46:01","SH","NB",4617437769,3870587939,8488025708,746849830
20191223,"10:46:01","SZ","NB",5940880100,5738827738,11679707838,202052362
20191223,"10:47:01","SH","NB",4652778368,3956276222,8609054590,696502146
20191223,"10:47:01","SZ","NB",5993745187,5811381725,11805126912,182363462
20191223,"10:48:01","SZ","NB",6049528015,5840185967,11889713982,209342048
20191223,"10:48:01","SH","NB",4698243279,3990706804,8688950083,707536475
20191223,"10:49:01","SH","NB",4725117687,4015540690,8740658377,709576997
20191223,"10:49:01","SZ","NB",6092582881,5868181199,11960764080,224401682
20191223,"10:50:01","SZ","NB",6126966283,5947794199,12074760482,179172084
20191223,"10:50:01","SH","NB",4760964529,4084696830,8845661359,676267699
20191223,"10:51:01","SH","NB",4800068264,4121354612,8921422876,678713652
20191223,"10:51:01","SZ","NB",6177744885,5993323853,12171068738,184421032
20191223,"10:52:01","SH","NB",4835908043,4153256428,8989164471,682651615
20191223,"10:52:01","SZ","NB",6224003312,6038275152,12262278464,185728160
20191223,"10:53:01","SH","NB",4873351819,4179796281,9053148100,693555538
20191223,"10:53:01","SZ","NB",6269473430,6079090205,12348563635,190383225
20191223,"10:54:01","SH","NB",4894683251,4204978810,9099662061,689704441
20191223,"10:54:01","SZ","NB",6305966826,6115430323,12421397149,190536503
20191223,"10:55:01","SH","NB",4919155460,4225508348,9144663808,693647112
20191223,"10:55:01","SZ","NB",6337048663,6141547520,12478596183,195501143
20191223,"10:56:01","SH","NB",4946768549,4259976986,9206745535,686791563
20191223,"10:56:01","SZ","NB",6372818362,6183332039,12556150401,189486323
20191223,"10:57:01","SH","NB",4974104582,4294435886,9268540468,679668696
20191223,"10:57:01","SZ","NB",6397612132,6225823252,12623435384,171788880
20191223,"10:58:01","SH","NB",4993305091,4323515884,9316820975,669789207
20191223,"10:58:01","SZ","NB",6419055597,6268048106,12687103703,151007491
20191223,"10:59:01","SH","NB",5014079844,4353779408,9367859252,660300436
20191223,"10:59:01","SZ","NB",6448194944,6295346028,12743540972,152848916
20191223,"11:00:01","SZ","NB",6471802996,6356387296,12828190292,115415700
20191223,"11:00:01","SH","NB",5036713917,4411176562,9447890479,625537355
20191223,"11:01:01","SH","NB",5074750632,4490275313,9565025945,584475319
20191223,"11:01:01","SZ","NB",6522630543,6443280314,12965910857,79350229
20191223,"11:02:01","SH","NB",5120921723,4690113203,9811034926,430808520
20191223,"11:02:01","SZ","NB",6567773116,6547847486,13115620602,19925630
20191223,"11:03:01","SH","NB",5173086857,4870702310,10043789167,302384547
20191223,"11:03:01","SZ","NB",6632325485,6607578242,13239903727,24747243
20191223,"11:04:01","SZ","NB",6711005567,6643405522,13354411089,67600045
20191223,"11:04:01","SH","NB",5226141454,4917941786,10144083240,308199668
20191223,"11:05:01","SH","NB",5281680056,4956520583,10238200639,325159473
20191223,"11:05:01","SZ","NB",6800388847,6666125499,13466514346,134263348
20191223,"11:06:01","SH","NB",5317309816,4983627868,10300937684,333681948
20191223,"11:06:01","SZ","NB",6844640998,6687150019,13531791017,157490979
20191223,"11:07:01","SH","NB",5351319391,5015825882,10367145273,335493509
20191223,"11:07:01","SZ","NB",6890155620,6719177771,13609333391,170977849
20191223,"11:08:01","SH","NB",5385547085,5042912764,10428459849,342634321
20191223,"11:08:01","SZ","NB",6916545429,6744509729,13661055158,172035700
20191223,"11:09:01","SH","NB",5439783173,5082498185,10522281358,357284988
20191223,"11:09:01","SZ","NB",6960713772,6776166110,13736879882,184547662
20191223,"11:10:01","SH","NB",5462011480,5116432052,10578443532,345579428
20191223,"11:10:01","SZ","NB",6990295273,6811189512,13801484785,179105761
20191223,"11:11:01","SH","NB",5485529225,5155672005,10641201230,329857220
20191223,"11:11:01","SZ","NB",7014549388,6852056105,13866605493,162493283
20191223,"11:12:01","SZ","NB",7044790559,6874043985,13918834544,170746574
20191223,"11:12:01","SH","NB",5504530577,5170996995,10675527572,333533582
20191223,"11:13:01","SH","NB",5532328829,5192579569,10724908398,339749260
20191223,"11:13:01","SZ","NB",7073441537,6899662686,13973104223,173778851
20191223,"11:14:01","SH","NB",5551171632,5208064082,10759235714,343107550
20191223,"11:14:01","SZ","NB",7091990515,6926388047,14018378562,165602468
20191223,"11:15:01","SH","NB",5571780084,5227112159,10798892243,344667925
20191223,"11:15:01","SZ","NB",7108854167,6953247166,14062101333,155607001
20191223,"11:16:01","SH","NB",5596445366,5246590867,10843036233,349854499
20191223,"11:16:01","SZ","NB",7131360243,6975533783,14106894026,155826460
20191223,"11:17:01","SH","NB",5612062076,5267333542,10879395618,344728534
20191223,"11:17:01","SZ","NB",7151791958,7007439526,14159231484,144352432
20191223,"11:18:01","SH","NB",5630328474,5282975775,10913304249,347352699
20191223,"11:18:01","SZ","NB",7174352935,7032547045,14206899980,141805890
20191223,"11:19:01","SH","NB",5645131837,5303687725,10948819562,341444112
20191223,"11:19:01","SZ","NB",7189805112,7054083677,14243888789,135721435
20191223,"11:20:01","SZ","NB",7209123840,7076110115,14285233955,133013725
20191223,"11:20:01","SH","NB",5665145528,5321036700,10986182228,344108828
20191223,"11:21:01","SH","NB",5686755707,5336772148,11023527855,349983559
20191223,"11:21:01","SZ","NB",7233852743,7101668851,14335521594,132183892
20191223,"11:22:01","SH","NB",5708256686,5354952992,11063209678,353303694
20191223,"11:22:01","SZ","NB",7258035269,7126110848,14384146117,131924421
20191223,"11:23:01","SH","NB",5726071346,5377747146,11103818492,348324200
20191223,"11:23:01","SZ","NB",7273663333,7154077958,14427741291,119585375
20191223,"11:24:01","SH","NB",5742209842,5395566373,11137776215,346643469
20191223,"11:24:01","SZ","NB",7290926540,7171057589,14461984129,119868951
20191223,"11:25:01","SH","NB",5765880403,5408972909,11174853312,356907494
20191223,"11:25:01","SZ","NB",7313290283,7192309058,14505599341,120981225
20191223,"11:26:01","SZ","NB",7338077339,7208294794,14546372133,129782545
20191223,"11:26:01","SH","NB",5789841256,5421725616,11211566872,368115640
20191223,"11:27:01","SH","NB",5812571699,5438904174,11251475873,373667525
20191223,"11:27:01","SZ","NB",7364123283,7227278643,14591401926,136844640
20191223,"11:28:01","SH","NB",5830245549,5452271349,11282516898,377974200
20191223,"11:28:01","SZ","NB",7384424739,7242218248,14626642987,142206491
20191223,"11:29:01","SH","NB",5877604805,5474269310,11351874115,403335495
20191223,"11:29:01","SZ","NB",7419509459,7260560295,14680069754,158949164
20191223,"11:30:01","SH","NB",5893133809,5487688348,11380822157,405445461
20191223,"11:30:01","SZ","NB",7435772550,7274990426,14710762976,160782124
20191223,"11:31:01","SH","NB",5893273432,5487848274,11381121706,405425158
20191223,"11:31:01","SZ","NB",7435868627,7275100033,14710968660,160768594
20191223,"13:00:01","SZ","NB",7441121489,7279126739,14720248228,161994750
20191223,"13:01:01","SZ","NB",7491882100,7328864281,14820746381,163017819
20191223,"13:01:01","SH","NB",5935116438,5522069887,11457186325,413046551
20191223,"13:02:01","SH","NB",5950948027,5542128508,11493076535,408819519
20191223,"13:02:01","SZ","NB",7526018432,7355620476,14881638908,170397956
20191223,"13:03:01","SH","NB",5969672462,5563070359,11532742821,406602103
20191223,"13:03:01","SZ","NB",7549972012,7376113921,14926085933,173858091
20191223,"13:04:01","SH","NB",5994203104,5581231998,11575435102,412971106
20191223,"13:04:01","SZ","NB",7582717677,7401287855,14984005532,181429822
20191223,"13:05:01","SH","NB",6010313508,5596462103,11606775611,413851405
20191223,"13:05:01","SZ","NB",7610400115,7430553435,15040953550,179846680
20191223,"13:06:01","SH","NB",6038315556,5616127411,11654442967,422188145
20191223,"13:06:01","SZ","NB",7637687301,7454222674,15091909975,183464627
20191223,"13:07:01","SH","NB",6062757021,5633006569,11695763590,429750452
20191223,"13:07:01","SZ","NB",7675175921,7474050847,15149226768,201125074
20191223,"13:08:01","SH","NB",6080151893,5650674599,11730826492,429477294
20191223,"13:08:01","SZ","NB",7706869224,7497007997,15203877221,209861227
20191223,"13:09:01","SZ","NB",7737227876,7533774913,15271002789,203452963
20191223,"13:09:01","SH","NB",6096949783,5669631785,11766581568,427317998
20191223,"13:10:01","SH","NB",6111292982,5693250001,11804542983,418042981
20191223,"13:10:01","SZ","NB",7771198033,7577032538,15348230571,194165495
20191223,"13:11:01","SH","NB",6129636099,5714132036,11843768135,415504063
20191223,"13:11:01","SZ","NB",7802960047,7604077265,15407037312,198882782
20191223,"13:12:01","SH","NB",6146436039,5748022338,11894458377,398413701
20191223,"13:12:01","SZ","NB",7832731454,7629187829,15461919283,203543625
20191223,"13:13:01","SH","NB",6165200637,5803716656,11968917293,361483981
20191223,"13:13:01","SZ","NB",7855800234,7665646431,15521446665,190153803
20191223,"13:14:01","SH","NB",6185702683,5827821622,12013524305,357881061
20191223,"13:14:01","SZ","NB",7878331970,7692429121,15570761091,185902849
20191223,"13:15:01","SH","NB",6202193662,5866713332,12068906994,335480330
20191223,"13:15:01","SZ","NB",7898508156,7715501251,15614009407,183006905
20191223,"13:16:01","SH","NB",6227525450,5890479973,12118005423,337045477
20191223,"13:16:01","SZ","NB",7940479885,7734732939,15675212824,205746946
20191223,"13:17:01","SZ","NB",7972078812,7753776740,15725855552,218302072
20191223,"13:17:01","SH","NB",6248391035,5909892495,12158283530,338498540
20191223,"13:18:01","SH","NB",6263212074,5924383746,12187595820,338828328
20191223,"13:18:01","SZ","NB",7994531606,7772009197,15766540803,222522409
20191223,"13:19:01","SH","NB",6282873838,5947297855,12230171693,335575983
20191223,"13:19:01","SZ","NB",8040246907,7795370163,15835617070,244876744
20191223,"13:20:01","SH","NB",6315179834,5963790938,12278970772,351388896
20191223,"13:20:01","SZ","NB",8075161268,7815657703,15890818971,259503565
20191223,"13:21:01","SH","NB",6344481329,5984632657,12329113986,359848672
20191223,"13:21:01","SZ","NB",8101696166,7838030616,15939726782,263665550
20191223,"13:22:01","SH","NB",6366210340,6007163597,12373373937,359046743
20191223,"13:22:01","SZ","NB",8116256031,7867482313,15983738344,248773718
20191223,"13:23:01","SH","NB",6386133842,6045826182,12431960024,340307660
20191223,"13:23:01","SZ","NB",8134404906,7900851374,16035256280,233553532
20191223,"13:24:01","SZ","NB",8156650327,7940185688,16096836015,216464639
20191223,"13:24:01","SH","NB",6403910811,6070202602,12474113413,333708209
20191223,"13:25:01","SH","NB",6424099378,6097697990,12521797368,326401388
20191223,"13:25:01","SZ","NB",8182400343,7967159623,16149559966,215240720
20191223,"13:26:01","SH","NB",6454495928,6118311870,12572807798,336184058
20191223,"13:26:01","SZ","NB",8210246900,7986925280,16197172180,223321620
20191223,"13:27:01","SH","NB",6480884364,6141403888,12622288252,339480476
20191223,"13:27:01","SZ","NB",8236520607,8006386520,16242907127,230134087
20191223,"13:28:01","SH","NB",6501880451,6155276315,12657156766,346604136
20191223,"13:28:01","SZ","NB",8256632648,8026465904,16283098552,230166744
20191223,"13:29:01","SH","NB",6521639012,6177647722,12699286734,343991290
20191223,"13:29:01","SZ","NB",8278661114,8049214104,16327875218,229447010
20191223,"13:30:01","SH","NB",6544110750,6209551243,12753661993,334559507
20191223,"13:30:01","SZ","NB",8306017141,8075438960,16381456101,230578181
20191223,"13:31:01","SH","NB",6578037457,6245632423,12823669880,332405034
20191223,"13:31:01","SZ","NB",8363107997,8120132424,16483240421,242975573
20191223,"13:32:01","SZ","NB",8444843599,8142420645,16587264244,302422954
20191223,"13:32:01","SH","NB",6623951357,6266023657,12889975014,357927700
20191223,"13:33:01","SH","NB",6640233660,6286011566,12926245226,354222094
20191223,"13:33:01","SZ","NB",8484454868,8171223662,16655678530,313231206
20191223,"13:34:01","SH","NB",6658210871,6301989391,12960200262,356221480
20191223,"13:34:01","SZ","NB",8524260106,8194952728,16719212834,329307378
20191223,"13:35:01","SH","NB",6678839681,6320105052,12998944733,358734629
20191223,"13:35:01","SZ","NB",8549138599,8221991925,16771130524,327146674
20191223,"13:36:01","SH","NB",6694659311,6338514605,13033173916,356144706
20191223,"13:36:01","SZ","NB",8570045608,8245083712,16815129320,324961896
20191223,"13:37:01","SZ","NB",8589718135,8266052765,16855770900,323665370
20191223,"13:37:01","SH","NB",6712199030,6368581647,13080780677,343617383
20191223,"13:38:01","SH","NB",6730541515,6389001053,13119542568,341540462
20191223,"13:38:01","SZ","NB",8619770852,8292017233,16911788085,327753619
20191223,"13:39:01","SH","NB",6749182596,6416956553,13166139149,332226043
20191223,"13:39:01","SZ","NB",8645397526,8314495041,16959892567,330902485
20191223,"13:40:01","SH","NB",6769714045,6437238473,13206952518,332475572
20191223,"13:40:01","SZ","NB",8676528037,8334980589,17011508626,341547448
20191223,"13:41:01","SH","NB",6792547032,6471275252,13263822284,321271780
20191223,"13:41:01","SZ","NB",8698251867,8367641701,17065893568,330610166
20191223,"13:42:01","SH","NB",6824259421,6499727288,13323986709,324532133
20191223,"13:42:01","SZ","NB",8726774694,8391570388,17118345082,335204306
20191223,"13:43:01","SH","NB",6851800159,6528995868,13380796027,322804291
20191223,"13:43:01","SZ","NB",8750345570,8422452390,17172797960,327893180
20191223,"13:44:01","SH","NB",6877961847,6548678493,13426640340,329283354
20191223,"13:44:01","SZ","NB",8771213342,8445586899,17216800241,325626443
20191223,"13:45:01","SH","NB",6919721764,6580104364,13499826128,339617400
20191223,"13:45:01","SZ","NB",8803840649,8465576653,17269417302,338263996
20191223,"13:46:01","SH","NB",6961685749,6612470460,13574156209,349215289
20191223,"13:46:01","SZ","NB",8861533248,8488639168,17350172416,372894080
20191223,"13:47:01","SZ","NB",8879398424,8503709462,17383107886,375688962
20191223,"13:47:01","SH","NB",6977586321,6638012826,13615599147,339573495
20191223,"13:48:01","SH","NB",7007168628,6666237184,13673405812,340931444
20191223,"13:48:01","SZ","NB",8900086605,8521821377,17421907982,378265228
20191223,"13:49:01","SH","NB",7029016851,6686209098,13715225949,342807753
20191223,"13:49:01","SZ","NB",8920890507,8542947978,17463838485,377942529
20191223,"13:50:01","SH","NB",7049778393,6710499691,13760278084,339278702
20191223,"13:50:01","SZ","NB",8937356938,8561725350,17499082288,375631588
20191223,"13:51:01","SZ","NB",8959155782,8582175159,17541330941,376980623
20191223,"13:51:01","SH","NB",7076659407,6734996901,13811656308,341662506
20191223,"13:52:01","SH","NB",7107784932,6754929427,13862714359,352855505
20191223,"13:52:01","SZ","NB",8983729442,8603756646,17587486088,379972796
20191223,"13:53:01","SH","NB",7129294929,6779348833,13908643762,349946096
20191223,"13:53:01","SZ","NB",9001698909,8630804316,17632503225,370894593
20191223,"13:54:01","SH","NB",7153460369,6818181629,13971641998,335278740
20191223,"13:54:01","SZ","NB",9028756344,8676167228,17704923572,352589116
20191223,"13:55:01","SH","NB",7179840078,6861197145,14041037223,318642933
20191223,"13:55:01","SZ","NB",9050630518,8710191412,17760821930,340439106
20191223,"13:56:01","SH","NB",7205155634,6893248698,14098404332,311906936
20191223,"13:56:01","SZ","NB",9081796278,8733350161,17815146439,348446117
20191223,"13:57:01","SH","NB",7227772450,6916375679,14144148129,311396771
20191223,"13:57:01","SZ","NB",9110010717,8759361900,17869372617,350648817
20191223,"13:58:01","SH","NB",7251795340,6934946827,14186742167,316848513
20191223,"13:58:01","SZ","NB",9136034105,8776483018,17912517123,359551087
20191223,"13:59:01","SZ","NB",9160016051,8798411152,17958427203,361604899
20191223,"13:59:01","SH","NB",7270553328,6968468119,14239021447,302085209
20191223,"14:00:01","SH","NB",7291965058,6993569942,14285535000,298395116
20191223,"14:00:01","SZ","NB",9177028358,8819022702,17996051060,358005656
20191223,"14:01:01","SH","NB",7318689365,7027186918,14345876283,291502447
20191223,"14:01:01","SZ","NB",9199666321,8855655961,18055322282,344010360
20191223,"14:02:01","SH","NB",7342959566,7095202004,14438161570,247757562
20191223,"14:02:01","SZ","NB",9230467153,8905003651,18135470804,325463502
20191223,"14:03:01","SH","NB",7399702107,7139807036,14539509143,259895071
20191223,"14:03:01","SZ","NB",9274241221,8940460684,18214701905,333780537
20191223,"14:04:01","SH","NB",7461375396,7163647194,14625022590,297728202
20191223,"14:04:01","SZ","NB",9322325208,8971811781,18294136989,350513427
20191223,"14:05:01","SZ","NB",9350644482,9007365365,18358009847,343279117
20191223,"14:05:01","SH","NB",7479806425,7189382404,14669188829,290424021
20191223,"14:06:01","SH","NB",7500559281,7217264668,14717823949,283294613
20191223,"14:06:01","SZ","NB",9372448599,9041224687,18413673286,331223912
20191223,"14:07:01","SH","NB",7522119943,7250685074,14772805017,271434869
20191223,"14:07:01","SZ","NB",9398500803,9065764843,18464265646,332735960
20191223,"14:08:01","SH","NB",7544571938,7277551031,14822122969,267020907
20191223,"14:08:01","SZ","NB",9425819745,9090436995,18516256740,335382750
20191223,"14:09:01","SH","NB",7563390406,7309598039,14872988445,253792367
20191223,"14:09:01","SZ","NB",9454544049,9121498395,18576042444,333045654
20191223,"14:10:01","SH","NB",7581680329,7339693025,14921373354,241987304
20191223,"14:10:01","SZ","NB",9477849464,9149091841,18626941305,328757623
20191223,"14:11:01","SZ","NB",9515925763,9196799335,18712725098,319126428
20191223,"14:11:01","SH","NB",7620074308,7381722547,15001796855,238351761
20191223,"14:12:01","SH","NB",7648251025,7410776565,15059027590,237474460
20191223,"14:12:01","SZ","NB",9547067425,9229699999,18776767424,317367426
20191223,"14:13:01","SH","NB",7695702801,7448127583,15143830384,247575218
20191223,"14:13:01","SZ","NB",9578798373,9274437334,18853235707,304361039
20191223,"14:14:01","SH","NB",7720819068,7495202051,15216021119,225617017
20191223,"14:14:01","SZ","NB",9618076522,9312174778,18930251300,305901744
20191223,"14:15:01","SH","NB",7761714958,7573991011,15335705969,187723947
20191223,"14:15:01","SZ","NB",9655181903,9363042340,19018224243,292139563
20191223,"14:16:01","SH","NB",7794898143,7663906331,15458804474,130991812
20191223,"14:16:01","SZ","NB",9691812874,9448298893,19140111767,243513981
20191223,"14:17:01","SH","NB",7832728305,7720546515,15553274820,112181790
20191223,"14:17:01","SZ","NB",9739604532,9501157422,19240761954,238447110
20191223,"14:18:01","SZ","NB",9796041668,9553704583,19349746251,242337085
20191223,"14:18:01","SH","NB",7876005666,7765113331,15641118997,110892335
20191223,"14:19:01","SH","NB",7919239320,7804002277,15723241597,115237043
20191223,"14:19:01","SZ","NB",9865333872,9583580627,19448914499,281753245
20191223,"14:20:01","SH","NB",7957865623,7836485430,15794351053,121380193
20191223,"14:20:01","SZ","NB",9913554299,9625738743,19539293042,287815556
20191223,"14:21:01","SH","NB",7988570224,7869827054,15858397278,118743170
20191223,"14:21:01","SZ","NB",9954222938,9665008422,19619231360,289214516
20191223,"14:22:01","SH","NB",8011835545,7908464785,15920300330,103370760
20191223,"14:22:01","SZ","NB",9990873708,9704315602,19695189310,286558106
20191223,"14:23:01","SZ","NB",10024383753,9739918083,19764301836,284465670
20191223,"14:23:01","SH","NB",8039349587,7951868718,15991218305,87480869
20191223,"14:24:01","SH","NB",8067054417,8008002480,16075056897,59051937
20191223,"14:24:01","SZ","NB",10071409126,9795925473,19867334599,275483653
20191223,"14:25:01","SH","NB",8111552203,8058439770,16169991973,53112433
20191223,"14:25:01","SZ","NB",10130196476,9841332804,19971529280,288863672
20191223,"14:26:01","SH","NB",8156235828,8115719370,16271955198,40516458
20191223,"14:26:01","SZ","NB",10179175545,9885267430,20064442975,293908115
20191223,"14:27:01","SH","NB",8187943555,8167435603,16355379158,20507952
20191223,"14:27:01","SZ","NB",10232267352,9944690801,20176958153,287576551
20191223,"14:28:01","SH","NB",8255850978,8216888616,16472739594,38962362
20191223,"14:28:01","SZ","NB",10323068918,10002494505,20325563423,320574413
20191223,"14:29:01","SH","NB",8289514901,8273578166,16563093067,15936735
20191223,"14:29:01","SZ","NB",10377146579,10040342299,20417488878,336804280
20191223,"14:30:01","SH","NB",8319255163,8299441897,16618697060,19813266
20191223,"14:30:01","SZ","NB",10414251950,10076499163,20490751113,337752787
20191223,"14:31:01","SH","NB",8409440518,8336809782,16746250300,72630736
20191223,"14:31:01","SZ","NB",10487212328,10121406350,20608618678,365805978
20191223,"14:32:01","SH","NB",8473555910,8372571445,16846127355,100984465
20191223,"14:32:01","SZ","NB",10557436099,10158021691,20715457790,399414408
20191223,"14:33:01","SZ","NB",10627483202,10205451823,20832935025,422031379
20191223,"14:33:01","SH","NB",8557419081,8414802765,16972221846,142616316
20191223,"14:34:01","SH","NB",8615752623,8464150824,17079903447,151601799
20191223,"14:34:01","SZ","NB",10684515918,10255898678,20940414596,428617240
20191223,"14:35:01","SH","NB",8671089909,8512179738,17183269647,158910171
20191223,"14:35:01","SZ","NB",10734884545,10307161796,21042046341,427722749
20191223,"14:36:01","SH","NB",8722949497,8548499312,17271448809,174450185
20191223,"14:36:01","SZ","NB",10801209763,10346520012,21147729775,454689751
20191223,"14:37:01","SH","NB",8773616769,8594292259,17367909028,179324510
20191223,"14:37:01","SZ","NB",10847274390,10396707731,21243982121,450566659
20191223,"14:38:01","SH","NB",8826566716,8624395296,17450962012,202171420
20191223,"14:38:01","SZ","NB",10896730876,10437587687,21334318563,459143189
20191223,"14:39:01","SZ","NB",10943367608,10470911321,21414278929,472456287
20191223,"14:39:01","SH","NB",8883710766,8655698688,17539409454,228012078
20191223,"14:40:01","SH","NB",8946955966,8691040046,17637996012,255915920
20191223,"14:40:01","SZ","NB",10985583217,10509893074,21495476291,475690143
20191223,"14:41:01","SH","NB",9021580191,8782667577,17804247768,238912614
20191223,"14:41:01","SZ","NB",11040837810,10601871253,21642709063,438966557
20191223,"14:42:01","SH","NB",9097964989,8843845600,17941810589,254119389
20191223,"14:42:01","SZ","NB",11100428746,10660252492,21760681238,440176254
20191223,"14:43:01","SH","NB",9189683991,8912613064,18102297055,277070927
20191223,"14:43:01","SZ","NB",11173798938,10724885923,21898684861,448913015
20191223,"14:44:01","SH","NB",9271749548,8968938123,18240687671,302811425
20191223,"14:44:01","SZ","NB",11241685876,10789524544,22031210420,452161332
20191223,"14:45:01","SH","NB",9374959170,9011721782,18386680952,363237388
20191223,"14:45:01","SZ","NB",11333650996,10855341517,22188992513,478309479
20191223,"14:46:01","SH","NB",9496945436,9061448337,18558393773,435497099
20191223,"14:46:01","SZ","NB",11423487951,10905313174,22328801125,518174777
20191223,"14:47:01","SH","NB",9569557163,9100778831,18670335994,468778332
20191223,"14:47:01","SZ","NB",11491875254,10942055543,22433930797,549819711
20191223,"14:48:01","SZ","NB",11551525298,10991716737,22543242035,559808561
20191223,"14:48:01","SH","NB",9642578310,9150189816,18792768126,492388494
20191223,"14:49:01","SH","NB",9741336391,9230316535,18971652926,511019856
20191223,"14:49:01","SZ","NB",11629616281,11083994573,22713610854,545621708
20191223,"14:50:01","SH","NB",9840481811,9299777265,19140259076,540704546
20191223,"14:50:01","SZ","NB",11717074383,11148596100,22865670483,568478283
20191223,"14:51:01","SH","NB",9974561591,9421766798,19396328389,552794793
20191223,"14:51:01","SZ","NB",11847394922,11255252241,23102647163,592142681
20191223,"14:52:01","SZ","NB",11982728351,11339355317,23322083668,643373034
20191223,"14:52:01","SH","NB",10083428210,9522031969,19605460179,561396241
20191223,"14:53:01","SH","NB",10206959573,9582367574,19789327147,624591999
20191223,"14:53:01","SZ","NB",12097112239,11410943254,23508055493,686168985
20191223,"14:54:01","SH","NB",10306057293,9652029536,19958086829,654027757
20191223,"14:54:01","SZ","NB",12209903447,11493544365,23703447812,716359082
20191223,"14:55:01","SH","NB",10401503089,9718345961,20119849050,683157128
20191223,"14:55:01","SZ","NB",12313330328,11580840286,23894170614,732490042
20191223,"14:56:01","SH","NB",10496328530,9781463575,20277792105,714864955
20191223,"14:56:01","SZ","NB",12415982957,11655552026,24071534983,760430931
20191223,"14:57:01","SH","NB",10567281015,9840775947,20408056962,726505068
20191223,"14:57:01","SZ","NB",12477292792,11730357624,24207650416,746935168
20191223,"14:58:01","SH","NB",10567317393,9840883251,20408200644,726434142
20191223,"14:58:01","SZ","NB",12477324209,11730399763,24207723972,746924446
20191223,"15:00:01","SZ","NB",12509607338,11748413823,24258021161,761193515
20191223,"15:01:01","SH","NB",10877319536,9964241973,20841561509,913077563
20191223,"15:01:01","SZ","NB",12716928877,11880855895,24597784772,836072982
