dataDate,dataTime,connectMarket,tradeDirection,buyTurnover,sellTurnover,totalTurnover,netTurnover
20200424,"09:30:01","SH","NB",103376433,76080189,179456622,27296244
20200424,"09:30:01","SZ","NB",95608894,75280280,170889174,20328614
20200424,"09:31:01","SH","NB",303726440,224502174,528228614,79224266
20200424,"09:31:01","SZ","NB",508926829,345580052,854506881,163346777
20200424,"09:32:01","SH","NB",489171024,455333689,944504713,33837335
20200424,"09:32:01","SZ","NB",862321403,648939445,1511260848,213381958
20200424,"09:33:01","SH","NB",657210098,637645282,1294855380,19564816
20200424,"09:33:01","SZ","NB",1121734203,876730267,1998464470,245003936
20200424,"09:34:01","SH","NB",819666812,785688583,1605355395,33978229
20200424,"09:34:01","SZ","NB",1391724387,1129829522,2521553909,261894865
20200424,"09:35:01","SZ","NB",1646599111,1327998963,2974598074,318600148
20200424,"09:35:01","SH","NB",970040324,920822479,1890862803,49217845
20200424,"09:36:01","SH","NB",1116551657,1069106686,2185658343,47444971
20200424,"09:36:01","SZ","NB",1935240202,1502468686,3437708888,432771516
20200424,"09:37:01","SH","NB",1259997351,1227910657,2487908008,32086694
20200424,"09:37:01","SZ","NB",2176685628,1782938780,3959624408,393746848
20200424,"09:38:01","SH","NB",1366147666,1371452554,2737600220,-5304888
20200424,"09:38:01","SZ","NB",2342405617,1976442004,4318847621,365963613
20200424,"09:39:01","SH","NB",1480095597,1531832860,3011928457,-51737263
20200424,"09:39:01","SZ","NB",2526748338,2268937033,4795685371,257811305
20200424,"09:40:01","SH","NB",1626785082,1652749258,3279534340,-25964176
20200424,"09:40:01","SZ","NB",2779231287,2448803529,5228034816,330427758
20200424,"09:41:01","SH","NB",1709774309,1774972063,3484746372,-65197754
20200424,"09:41:01","SZ","NB",2926717080,2656945796,5583662876,269771284
20200424,"09:42:01","SH","NB",1797456102,1904263629,3701719731,-106807527
20200424,"09:42:01","SZ","NB",3073414075,2832327926,5905742001,241086149
20200424,"09:43:01","SZ","NB",3239498702,2970310605,6209809307,269188097
20200424,"09:43:01","SH","NB",1887942112,1994499459,3882441571,-106557347
20200424,"09:44:01","SH","NB",1968841991,2070903943,4039745934,-102061952
20200424,"09:44:01","SZ","NB",3358815979,3075289899,6434105878,283526080
20200424,"09:45:01","SH","NB",2084656490,2137702441,4222358931,-53045951
20200424,"09:45:01","SZ","NB",3521614450,3176852241,6698466691,344762209
20200424,"09:46:01","SH","NB",2179729060,2288661509,4468390569,-108932449
20200424,"09:46:01","SZ","NB",3704891080,3399112474,7104003554,305778606
20200424,"09:47:01","SH","NB",2276806848,2337521676,4614328524,-60714828
20200424,"09:47:01","SZ","NB",3841357915,3463148170,7304506085,378209745
20200424,"09:48:01","SH","NB",2356550295,2389504346,4746054641,-32954051
20200424,"09:48:01","SZ","NB",3955668831,3541163586,7496832417,414505245
20200424,"09:49:01","SH","NB",2416400374,2460410589,4876810963,-44010215
20200424,"09:49:01","SZ","NB",4013074099,3664127327,7677201426,348946772
20200424,"09:50:01","SH","NB",2484491672,2516101542,5000593214,-31609870
20200424,"09:50:01","SZ","NB",4104446065,3740962800,7845408865,363483265
20200424,"09:51:01","SH","NB",2628585445,2615042750,5243628195,13542695
20200424,"09:51:01","SZ","NB",4279683146,3872667685,8152350831,407015461
20200424,"09:52:01","SZ","NB",4357819240,3949883543,8307702783,407935697
20200424,"09:52:01","SH","NB",2688477517,2668622634,5357100151,19854883
20200424,"09:53:01","SH","NB",2725529101,2734154843,5459683944,-8625742
20200424,"09:53:01","SZ","NB",4406559124,4048654291,8455213415,357904833
20200424,"09:54:01","SH","NB",2760299918,2822811194,5583111112,-62511276
20200424,"09:54:01","SZ","NB",4455925327,4193902045,8649827372,262023282
20200424,"09:55:01","SZ","NB",4522952391,4262043502,8784995893,260908889
20200424,"09:55:01","SH","NB",2799095439,2875363858,5674459297,-76268419
20200424,"09:56:01","SH","NB",2858582849,2956456107,5815038956,-97873258
20200424,"09:56:01","SZ","NB",4596342113,4396151634,8992493747,200190479
20200424,"09:57:01","SH","NB",2910827464,2995674271,5906501735,-84846807
20200424,"09:57:01","SZ","NB",4696708277,4461588088,9158296365,235120189
20200424,"09:58:01","SH","NB",2977761591,3037912662,6015674253,-60151071
20200424,"09:58:01","SZ","NB",4787674138,4523313935,9310988073,264360203
20200424,"09:59:01","SH","NB",3015179862,3099042193,6114222055,-83862331
20200424,"09:59:01","SZ","NB",4843944189,4621050103,9464994292,222894086
20200424,"10:00:01","SH","NB",3051719888,3181359118,6233079006,-129639230
20200424,"10:00:01","SZ","NB",4909629654,4707426048,9617055702,202203606
20200424,"10:01:01","SH","NB",3111418055,3254973769,6366391824,-143555714
20200424,"10:01:01","SZ","NB",5012708099,4833554488,9846262587,179153611
20200424,"10:02:01","SH","NB",3179506074,3294257585,6473763659,-114751511
20200424,"10:02:01","SZ","NB",5147465031,4905443902,10052908933,242021129
20200424,"10:03:01","SH","NB",3245456704,3349653137,6595109841,-104196433
20200424,"10:03:01","SZ","NB",5277123463,4986416765,10263540228,290706698
20200424,"10:04:01","SH","NB",3297585151,3391848559,6689433710,-94263408
20200424,"10:04:01","SZ","NB",5351310358,5061724686,10413035044,289585672
20200424,"10:05:01","SZ","NB",5438191338,5120449503,10558640841,317741835
20200424,"10:05:01","SH","NB",3357293169,3448714867,6806008036,-91421698
20200424,"10:06:01","SH","NB",3399212768,3486159779,6885372547,-86947011
20200424,"10:06:01","SZ","NB",5514426550,5171162100,10685588650,343264450
20200424,"10:07:01","SH","NB",3473336502,3523762991,6997099493,-50426489
20200424,"10:07:01","SZ","NB",5616923978,5225815596,10842739574,391108382
20200424,"10:08:01","SH","NB",3512098398,3570703421,7082801819,-58605023
20200424,"10:08:01","SZ","NB",5674054667,5274771612,10948826279,399283055
20200424,"10:09:01","SH","NB",3556231912,3606168719,7162400631,-49936807
20200424,"10:09:01","SZ","NB",5739784001,5328359081,11068143082,411424920
20200424,"10:10:01","SH","NB",3597257133,3647674871,7244932004,-50417738
20200424,"10:10:01","SZ","NB",5791510196,5371946594,11163456790,419563602
20200424,"10:11:01","SH","NB",3643981500,3698862008,7342843508,-54880508
20200424,"10:11:01","SZ","NB",5869964284,5464196202,11334160486,405768082
20200424,"10:12:01","SH","NB",3680437768,3739242547,7419680315,-58804779
20200424,"10:12:01","SZ","NB",5925680675,5526519049,11452199724,399161626
20200424,"10:13:01","SH","NB",3721279305,3776119247,7497398552,-54839942
20200424,"10:13:01","SZ","NB",5986198175,5577371313,11563569488,408826862
20200424,"10:14:01","SH","NB",3789209165,3823011460,7612220625,-33802295
20200424,"10:14:01","SZ","NB",6058652137,5632649691,11691301828,426002446
20200424,"10:15:01","SZ","NB",6144273914,5665803760,11810077674,478470154
20200424,"10:15:01","SH","NB",3888045971,3853206117,7741252088,34839854
20200424,"10:16:01","SH","NB",3930228255,3889026411,7819254666,41201844
20200424,"10:16:01","SZ","NB",6194108918,5705791677,11899900595,488317241
20200424,"10:17:01","SH","NB",3989532560,3922883031,7912415591,66649529
20200424,"10:17:01","SZ","NB",6260009198,5745725067,12005734265,514284131
20200424,"10:18:01","SH","NB",4039166999,3957648565,7996815564,81518434
20200424,"10:18:01","SZ","NB",6317284608,5790786559,12108071167,526498049
20200424,"10:19:01","SH","NB",4067101274,4000449983,8067551257,66651291
20200424,"10:19:01","SZ","NB",6351783232,5831717354,12183500586,520065878
20200424,"10:20:01","SH","NB",4099543573,4063479206,8163022779,36064367
20200424,"10:20:01","SZ","NB",6387993479,5930728749,12318722228,457264730
20200424,"10:21:01","SH","NB",4140159760,4144605987,8284765747,-4446227
20200424,"10:21:01","SZ","NB",6443131538,6030104635,12473236173,413026903
20200424,"10:22:01","SH","NB",4189118690,4206405062,8395523752,-17286372
20200424,"10:22:01","SZ","NB",6509632968,6125275364,12634908332,384357604
20200424,"10:23:01","SH","NB",4240955019,4259702033,8500657052,-18747014
20200424,"10:23:01","SZ","NB",6585715393,6203159087,12788874480,382556306
20200424,"10:24:01","SZ","NB",6649913785,6258139986,12908053771,391773799
20200424,"10:24:01","SH","NB",4287309717,4314386764,8601696481,-27077047
20200424,"10:25:01","SH","NB",4332670003,4360954987,8693624990,-28284984
20200424,"10:25:01","SZ","NB",6704603434,6315870485,13020473919,388732949
20200424,"10:26:01","SH","NB",4377502172,4419168308,8796670480,-41666136
20200424,"10:26:01","SZ","NB",6749260803,6405835926,13155096729,343424877
20200424,"10:27:01","SH","NB",4433638446,4484066207,8917704653,-50427761
20200424,"10:27:01","SZ","NB",6825846699,6462292662,13288139361,363554037
20200424,"10:28:01","SH","NB",4491865530,4530818337,9022683867,-38952807
20200424,"10:28:01","SZ","NB",6905189467,6504771428,13409960895,400418039
20200424,"10:29:01","SH","NB",4535835371,4586767319,9122602690,-50931948
20200424,"10:29:01","SZ","NB",6969449245,6557073363,13526522608,412375882
20200424,"10:30:01","SH","NB",4587215983,4625898728,9213114711,-38682745
20200424,"10:30:01","SZ","NB",7044045155,6591396211,13635441366,452648944
20200424,"10:31:01","SH","NB",4667502846,4673076199,9340579045,-5573353
20200424,"10:31:01","SZ","NB",7151274061,6645168330,13796442391,506105731
20200424,"10:32:01","SZ","NB",7235370567,6684816186,13920186753,550554381
20200424,"10:32:01","SH","NB",4723328919,4720283851,9443612770,3045068
20200424,"10:33:01","SH","NB",4762568810,4767156250,9529725060,-4587440
20200424,"10:33:01","SZ","NB",7289987738,6760328626,14050316364,529659112
20200424,"10:34:01","SH","NB",4807241771,4794953171,9602194942,12288600
20200424,"10:34:01","SZ","NB",7352918689,6794451953,14147370642,558466736
20200424,"10:35:01","SH","NB",4863241018,4824016098,9687257116,39224920
20200424,"10:35:01","SZ","NB",7408865138,6826987649,14235852787,581877489
20200424,"10:36:01","SH","NB",4917227468,4853119292,9770346760,64108176
20200424,"10:36:01","SZ","NB",7456188099,6850567817,14306755916,605620282
20200424,"10:37:01","SH","NB",4970980624,4883142543,9854123167,87838081
20200424,"10:37:01","SZ","NB",7525478160,6869530591,14395008751,655947569
20200424,"10:38:01","SH","NB",5063772720,4920225926,9983998646,143546794
20200424,"10:38:01","SZ","NB",7613515741,6895056509,14508572250,718459232
20200424,"10:39:01","SH","NB",5147289814,4948257880,10095547694,199031934
20200424,"10:39:01","SZ","NB",7677987158,6933446617,14611433775,744540541
20200424,"10:40:01","SH","NB",5181044660,4990725017,10171769677,190319643
20200424,"10:40:01","SZ","NB",7706483301,6986595051,14693078352,719888250
20200424,"10:41:01","SH","NB",5231531728,5038835176,10270366904,192696552
20200424,"10:41:01","SZ","NB",7771451374,7045898711,14817350085,725552663
20200424,"10:42:01","SZ","NB",7838327485,7078836159,14917163644,759491326
20200424,"10:42:01","SH","NB",5286713316,5069752922,10356466238,216960394
20200424,"10:43:01","SH","NB",5317625891,5114177003,10431802894,203448888
20200424,"10:43:01","SZ","NB",7869238745,7141633544,15010872289,727605201
20200424,"10:44:01","SH","NB",5355880538,5153918047,10509798585,201962491
20200424,"10:44:01","SZ","NB",7925546352,7183505265,15109051617,742041087
20200424,"10:45:01","SH","NB",5403400461,5190213858,10593614319,213186603
20200424,"10:45:01","SZ","NB",7968160422,7215300309,15183460731,752860113
20200424,"10:46:01","SH","NB",5532491939,5252253329,10784745268,280238610
20200424,"10:46:01","SZ","NB",8085401396,7272174535,15357575931,813226861
20200424,"10:47:01","SH","NB",5557347582,5303987349,10861334931,253360233
20200424,"10:47:01","SZ","NB",8117758266,7335344878,15453103144,782413388
20200424,"10:48:01","SH","NB",5584020155,5329843408,10913863563,254176747
20200424,"10:48:01","SZ","NB",8142494428,7370931265,15513425693,771563163
20200424,"10:49:01","SH","NB",5616790563,5364594756,10981385319,252195807
20200424,"10:49:01","SZ","NB",8172584429,7404206019,15576790448,768378410
20200424,"10:50:01","SZ","NB",8201284057,7443362668,15644646725,757921389
20200424,"10:50:01","SH","NB",5641779100,5395021610,11036800710,246757490
20200424,"10:51:01","SH","NB",5677139106,5440309413,11117448519,236829693
20200424,"10:51:01","SZ","NB",8245151022,7498228449,15743379471,746922573
20200424,"10:52:01","SH","NB",5714062149,5468943866,11183006015,245118283
20200424,"10:52:01","SZ","NB",8293410011,7529311866,15822721877,764098145
20200424,"10:53:01","SH","NB",5757416765,5493598671,11251015436,263818094
20200424,"10:53:01","SZ","NB",8332098991,7556242232,15888341223,775856759
20200424,"10:54:01","SH","NB",5783980274,5516395742,11300376016,267584532
20200424,"10:54:01","SZ","NB",8377132571,7582882278,15960014849,794250293
20200424,"10:55:01","SH","NB",5807816214,5549009618,11356825832,258806596
20200424,"10:55:01","SZ","NB",8410606178,7613118466,16023724644,797487712
20200424,"10:56:01","SH","NB",5857597543,5575661960,11433259503,281935583
20200424,"10:56:01","SZ","NB",8453005739,7648238615,16101244354,804767124
20200424,"10:57:01","SH","NB",5906326421,5600698757,11507025178,305627664
20200424,"10:57:01","SZ","NB",8511456617,7671883485,16183340102,839573132
20200424,"10:58:01","SH","NB",5938285233,5630832917,11569118150,307452316
20200424,"10:58:01","SZ","NB",8554620218,7704574858,16259195076,850045360
20200424,"10:59:01","SZ","NB",8588295879,7728994539,16317290418,859301340
20200424,"10:59:01","SH","NB",5962159566,5659843381,11622002947,302316185
20200424,"11:00:01","SH","NB",5984068207,5700157018,11684225225,283911189
20200424,"11:00:01","SZ","NB",8614239383,7793342508,16407581891,820896875
20200424,"11:01:01","SH","NB",6016335136,5748059736,11764394872,268275400
20200424,"11:01:01","SZ","NB",8665085149,7867715662,16532800811,797369487
20200424,"11:02:01","SH","NB",6044873709,5789305284,11834178993,255568425
20200424,"11:02:01","SZ","NB",8700012049,7916938469,16616950518,783073580
20200424,"11:03:01","SZ","NB",8739668259,7955230218,16694898477,784438041
20200424,"11:03:01","SH","NB",6073431373,5822493781,11895925154,250937592
20200424,"11:04:01","SH","NB",6100222698,5848379505,11948602203,251843193
20200424,"11:04:01","SZ","NB",8781696430,7996919691,16778616121,784776739
20200424,"11:05:01","SH","NB",6132434965,5880036258,12012471223,252398707
20200424,"11:05:01","SZ","NB",8823790884,8038529603,16862320487,785261281
20200424,"11:06:01","SH","NB",6160501122,5909329339,12069830461,251171783
20200424,"11:06:01","SZ","NB",8852961886,8070916977,16923878863,782044909
20200424,"11:07:01","SH","NB",6191681036,5939564779,12131245815,252116257
20200424,"11:07:01","SZ","NB",8888062588,8110610725,16998673313,777451863
20200424,"11:08:01","SZ","NB",8921518792,8135476253,17056995045,786042539
20200424,"11:08:01","SH","NB",6245562866,5974379051,12219941917,271183815
20200424,"11:09:01","SH","NB",6304147411,6004222224,12308369635,299925187
20200424,"11:09:01","SZ","NB",8978304152,8159423929,17137728081,818880223
20200424,"11:10:01","SH","NB",6371211072,6035547147,12406758219,335663925
20200424,"11:10:01","SZ","NB",9026208727,8180395598,17206604325,845813129
20200424,"11:11:01","SH","NB",6444355518,6093058208,12537413726,351297310
20200424,"11:11:01","SZ","NB",9101272508,8219607870,17320880378,881664638
20200424,"11:12:01","SH","NB",6481210749,6130267647,12611478396,350943102
20200424,"11:12:01","SZ","NB",9143341618,8252656341,17395997959,890685277
20200424,"11:13:01","SH","NB",6512319669,6169521006,12681840675,342798663
20200424,"11:13:01","SZ","NB",9165261805,8286168336,17451430141,879093469
20200424,"11:14:01","SH","NB",6542729285,6204739446,12747468731,337989839
20200424,"11:14:01","SZ","NB",9189559278,8320910377,17510469655,868648901
20200424,"11:15:01","SH","NB",6562888203,6235301654,12798189857,327586549
20200424,"11:15:01","SZ","NB",9213901069,8347028762,17560929831,866872307
20200424,"11:16:01","SH","NB",6583788903,6263155545,12846944448,320633358
20200424,"11:16:01","SZ","NB",9237652119,8377067013,17614719132,860585106
20200424,"11:17:01","SZ","NB",9267470068,8399068409,17666538477,868401659
20200424,"11:17:01","SH","NB",6603680121,6286036008,12889716129,317644113
20200424,"11:18:01","SH","NB",6620577436,6314617634,12935195070,305959802
20200424,"11:18:01","SZ","NB",9290791750,8428852136,17719643886,861939614
20200424,"11:19:01","SH","NB",6649797560,6334207506,12984005066,315590054
20200424,"11:19:01","SZ","NB",9326727330,8450522947,17777250277,876204383
20200424,"11:20:01","SH","NB",6680824827,6367415507,13048240334,313409320
20200424,"11:20:01","SZ","NB",9361113826,8485655603,17846769429,875458223
20200424,"11:21:01","SH","NB",6715479663,6407368026,13122847689,308111637
20200424,"11:21:01","SZ","NB",9432185737,8536482413,17968668150,895703324
20200424,"11:22:01","SH","NB",6739235603,6443560892,13182796495,295674711
20200424,"11:22:01","SZ","NB",9460753249,8584512928,18045266177,876240321
20200424,"11:23:01","SH","NB",6765851255,6495378499,13261229754,270472756
20200424,"11:23:01","SZ","NB",9487177050,8647385906,18134562956,839791144
20200424,"11:24:01","SH","NB",6798229323,6525782523,13324011846,272446800
20200424,"11:24:01","SZ","NB",9529031100,8685326883,18214357983,843704217
20200424,"11:25:01","SZ","NB",9558293418,8733105977,18291399395,825187441
20200424,"11:25:01","SH","NB",6828783573,6571181480,13399965053,257602093
20200424,"11:26:01","SH","NB",6850800363,6603329583,13454129946,247470780
20200424,"11:26:01","SZ","NB",9591320230,8771513443,18362833673,819806787
20200424,"11:27:01","SH","NB",6874915898,6628889685,13503805583,246026213
20200424,"11:27:01","SZ","NB",9622883793,8800298196,18423181989,822585597
20200424,"11:28:01","SH","NB",6904243800,6650826645,13555070445,253417155
20200424,"11:28:01","SZ","NB",9655378147,8832293541,18487671688,823084606
20200424,"11:29:01","SH","NB",6931263620,6671725571,13602989191,259538049
20200424,"11:29:01","SZ","NB",9695998147,8858653820,18554651967,837344327
20200424,"11:30:01","SZ","NB",9727171683,8875225970,18602397653,851945713
20200424,"11:30:01","SH","NB",6955001837,6684211270,13639213107,270790567
20200424,"11:31:01","SH","NB",6955007893,6684225396,13639233289,270782497
20200424,"13:00:01","SH","NB",6955017859,6684225396,13639243255,270792463
20200424,"13:00:01","SZ","NB",9731459270,8878771525,18610230795,852687745
20200424,"13:01:01","SH","NB",7055454968,6769169372,13824624340,286285596
20200424,"13:01:01","SZ","NB",9815536699,8963991251,18779527950,851545448
20200424,"13:02:01","SH","NB",7090228501,6804689063,13894917564,285539438
20200424,"13:02:01","SZ","NB",9856386525,9013169106,18869555631,843217419
20200424,"13:03:01","SZ","NB",9902936345,9045293103,18948229448,857643242
20200424,"13:03:01","SH","NB",7120179466,6830424886,13950604352,289754580
20200424,"13:04:01","SH","NB",7160728108,6881370597,14042098705,279357511
20200424,"13:04:01","SZ","NB",9943674560,9114432181,19058106741,829242379
20200424,"13:05:01","SH","NB",7205179783,6935405759,14140585542,269774024
20200424,"13:05:01","SZ","NB",9984581358,9176911092,19161492450,807670266
20200424,"13:06:01","SH","NB",7240404837,6972624124,14213028961,267780713
20200424,"13:06:01","SZ","NB",10027754783,9226761638,19254516421,800993145
20200424,"13:07:01","SH","NB",7274827911,7029452390,14304280301,245375521
20200424,"13:07:01","SZ","NB",10073196010,9278200458,19351396468,794995552
20200424,"13:08:01","SH","NB",7307386049,7056396076,14363782125,250989973
20200424,"13:08:01","SZ","NB",10111492784,9310832105,19422324889,800660679
20200424,"13:09:01","SH","NB",7341937220,7094851482,14436788702,247085738
20200424,"13:09:01","SZ","NB",10149854580,9352162017,19502016597,797692563
20200424,"13:10:01","SH","NB",7378012341,7125476744,14503489085,252535597
20200424,"13:10:01","SZ","NB",10189550595,9378785849,19568336444,810764746
20200424,"13:11:01","SH","NB",7421055463,7195347510,14616402973,225707953
20200424,"13:11:01","SZ","NB",10242427743,9457346495,19699774238,785081248
20200424,"13:12:01","SH","NB",7456356314,7224348745,14680705059,232007569
20200424,"13:12:01","SZ","NB",10300577814,9507798105,19808375919,792779709
20200424,"13:13:01","SZ","NB",10348177928,9535127399,19883305327,813050529
20200424,"13:13:01","SH","NB",7506760816,7256305867,14763066683,250454949
20200424,"13:14:01","SH","NB",7540992341,7283365256,14824357597,257627085
20200424,"13:14:01","SZ","NB",10375247170,9564388214,19939635384,810858956
20200424,"13:15:01","SH","NB",7574612469,7302419709,14877032178,272192760
20200424,"13:15:01","SZ","NB",10416211430,9589410813,20005622243,826800617
20200424,"13:16:01","SZ","NB",10456924440,9617686053,20074610493,839238387
20200424,"13:16:01","SH","NB",7622068321,7327338048,14949406369,294730273
20200424,"13:17:01","SH","NB",7660163611,7347170777,15007334388,312992834
20200424,"13:17:01","SZ","NB",10495413371,9639543015,20134956386,855870356
20200424,"13:18:01","SH","NB",7707857408,7367589602,15075447010,340267806
20200424,"13:18:01","SZ","NB",10562471670,9664953190,20227424860,897518480
20200424,"13:19:01","SH","NB",7762113101,7392698559,15154811660,369414542
20200424,"13:19:01","SZ","NB",10624850918,9687511414,20312362332,937339504
20200424,"13:20:01","SH","NB",7787163050,7423640653,15210803703,363522397
20200424,"13:20:01","SZ","NB",10668172008,9724996356,20393168364,943175652
20200424,"13:21:01","SH","NB",7832736461,7457805850,15290542311,374930611
20200424,"13:21:01","SZ","NB",10736268931,9767115820,20503384751,969153111
20200424,"13:22:01","SH","NB",7882540455,7484562915,15367103370,397977540
20200424,"13:22:01","SZ","NB",10787693302,9794863146,20582556448,992830156
20200424,"13:23:01","SH","NB",7911848404,7506677142,15418525546,405171262
20200424,"13:23:01","SZ","NB",10817624138,9826758631,20644382769,990865507
20200424,"13:24:01","SZ","NB",10854219215,9896103013,20750322228,958116202
20200424,"13:24:01","SH","NB",7941312468,7552308808,15493621276,389003660
20200424,"13:25:01","SH","NB",7971084956,7585463900,15556548856,385621056
20200424,"13:25:01","SZ","NB",10896851204,9953944140,20850795344,942907064
20200424,"13:26:01","SH","NB",8005905873,7624009156,15629915029,381896717
20200424,"13:26:01","SZ","NB",10941254755,10011824634,20953079389,929430121
20200424,"13:27:01","SH","NB",8046379399,7666591862,15712971261,379787537
20200424,"13:27:01","SZ","NB",10982720939,10076317433,21059038372,906403506
20200424,"13:28:01","SH","NB",8103708223,7695466022,15799174245,408242201
20200424,"13:28:01","SZ","NB",11041255300,10110351022,21151606322,930904278
20200424,"13:29:01","SZ","NB",11080772512,10158046007,21238818519,922726505
20200424,"13:29:01","SH","NB",8147316688,7726820795,15874137483,420495893
20200424,"13:30:01","SH","NB",8236989277,7757442715,15994431992,479546562
20200424,"13:30:01","SZ","NB",11173548213,10197650398,21371198611,975897815
20200424,"13:31:01","SH","NB",8292017344,7793907260,16085924604,498110084
20200424,"13:31:01","SZ","NB",11241169986,10251982475,21493152461,989187511
20200424,"13:32:01","SH","NB",8326595213,7832740818,16159336031,493854395
20200424,"13:32:01","SZ","NB",11284734680,10305252860,21589987540,979481820
20200424,"13:33:01","SH","NB",8360052602,7873569985,16233622587,486482617
20200424,"13:33:01","SZ","NB",11325218735,10350384638,21675603373,974834097
20200424,"13:34:01","SH","NB",8395300157,7918247321,16313547478,477052836
20200424,"13:34:01","SZ","NB",11369955705,10406361978,21776317683,963593727
20200424,"13:35:01","SH","NB",8446020859,7958077919,16404098778,487942940
20200424,"13:35:01","SZ","NB",11425160910,10467027804,21892188714,958133106
20200424,"13:36:01","SH","NB",8510466076,8002280005,16512746081,508186071
20200424,"13:36:01","SZ","NB",11494881344,10509334539,22004215883,985546805
20200424,"13:37:01","SZ","NB",11561407044,10533753715,22095160759,1027653329
20200424,"13:37:01","SH","NB",8583996094,8031942497,16615938591,552053597
20200424,"13:38:01","SH","NB",8621383132,8054217119,16675600251,567166013
20200424,"13:38:01","SZ","NB",11614730843,10554276483,22169007326,1060454360
20200424,"13:39:01","SH","NB",8661567271,8073125857,16734693128,588441414
20200424,"13:39:01","SZ","NB",11652043628,10580364403,22232408031,1071679225
20200424,"13:40:01","SH","NB",8694564486,8102066855,16796631341,592497631
20200424,"13:40:01","SZ","NB",11681836268,10616407131,22298243399,1065429137
20200424,"13:41:01","SH","NB",8729955974,8145884759,16875840733,584071215
20200424,"13:41:01","SZ","NB",11727630301,10670982674,22398612975,1056647627
20200424,"13:42:01","SH","NB",8771800777,8185813157,16957613934,585987620
20200424,"13:42:01","SZ","NB",11771718631,10728201841,22499920472,1043516790
20200424,"13:43:01","SH","NB",8803141576,8221466831,17024608407,581674745
20200424,"13:43:01","SZ","NB",11820885688,10773056599,22593942287,1047829089
20200424,"13:44:01","SH","NB",8856611819,8266734050,17123345869,589877769
20200424,"13:44:01","SZ","NB",11875289525,10859905266,22735194791,1015384259
20200424,"13:45:01","SH","NB",8944492133,8302905900,17247398033,641586233
20200424,"13:45:01","SZ","NB",11983865387,10900135861,22884001248,1083729526
20200424,"13:46:01","SH","NB",8983904033,8336626575,17320530608,647277458
20200424,"13:46:01","SZ","NB",12025385361,10936333682,22961719043,1089051679
20200424,"13:47:01","SZ","NB",12066702755,10972733210,23039435965,1093969545
20200424,"13:47:01","SH","NB",9014364089,8367616531,17381980620,646747558
20200424,"13:48:01","SH","NB",9061690045,8441744786,17503434831,619945259
20200424,"13:48:01","SZ","NB",12115261956,11068154442,23183416398,1047107514
20200424,"13:49:01","SH","NB",9109765697,8505214115,17614979812,604551582
20200424,"13:49:01","SZ","NB",12192204775,11128169574,23320374349,1064035201
20200424,"13:50:01","SH","NB",9226170089,8544330234,17770500323,681839855
20200424,"13:50:01","SZ","NB",12311651207,11172142539,23483793746,1139508668
20200424,"13:51:01","SH","NB",9260842578,8603729893,17864572471,657112685
20200424,"13:51:01","SZ","NB",12371977620,11244198971,23616176591,1127778649
20200424,"13:52:01","SZ","NB",12456523176,11278889377,23735412553,1177633799
20200424,"13:52:01","SH","NB",9339701642,8630940663,17970642305,708760979
20200424,"13:53:01","SH","NB",9391615887,8661606344,18053222231,730009543
20200424,"13:53:01","SZ","NB",12508708179,11320000891,23828709070,1188707288
20200424,"13:54:01","SH","NB",9498812585,8694010080,18192822665,804802505
20200424,"13:54:01","SZ","NB",12620913964,11354494239,23975408203,1266419725
20200424,"13:55:01","SH","NB",9546432702,8722841095,18269273797,823591607
20200424,"13:55:01","SZ","NB",12678638546,11388470774,24067109320,1290167772
20200424,"13:56:01","SH","NB",9585647207,8759486857,18345134064,826160350
20200424,"13:56:01","SZ","NB",12712987624,11442269029,24155256653,1270718595
20200424,"13:57:01","SH","NB",9622820347,8782235716,18405056063,840584631
20200424,"13:57:01","SZ","NB",12746685540,11474091426,24220776966,1272594114
20200424,"13:58:01","SH","NB",9648556873,8805896019,18454452892,842660854
20200424,"13:58:01","SZ","NB",12775677890,11506969010,24282646900,1268708880
20200424,"13:59:01","SZ","NB",12808681565,11540524244,24349205809,1268157321
20200424,"13:59:01","SH","NB",9676394431,8831425366,18507819797,844969065
20200424,"14:00:01","SH","NB",9706058286,8851981603,18558039889,854076683
20200424,"14:00:01","SZ","NB",12841729340,11562874014,24404603354,1278855326
20200424,"14:01:01","SH","NB",9747916437,8891408979,18639325416,856507458
20200424,"14:01:01","SZ","NB",12885831486,11622183507,24508014993,1263647979
20200424,"14:02:01","SH","NB",9786745949,8932106790,18718852739,854639159
20200424,"14:02:01","SZ","NB",12931778522,11665771442,24597549964,1266007080
20200424,"14:03:01","SH","NB",9855677045,8957030660,18812707705,898646385
20200424,"14:03:01","SZ","NB",13018283226,11703474137,24721757363,1314809089
20200424,"14:04:01","SZ","NB",13071585660,11730934912,24802520572,1340650748
20200424,"14:04:01","SH","NB",9890160325,8984662392,18874822717,905497933
20200424,"14:05:01","SH","NB",9921025029,9014494585,18935519614,906530444
20200424,"14:05:01","SZ","NB",13110440809,11766883675,24877324484,1343557134
20200424,"14:06:01","SH","NB",9948386990,9046479049,18994866039,901907941
20200424,"14:06:01","SZ","NB",13145425933,11826341471,24971767404,1319084462
20200424,"14:07:01","SH","NB",9981295945,9076801339,19058097284,904494606
20200424,"14:07:01","SZ","NB",13174416300,11861227803,25035644103,1313188497
20200424,"14:08:01","SH","NB",10010779667,9158273106,19169052773,852506561
20200424,"14:08:01","SZ","NB",13202315909,11923716213,25126032122,1278599696
20200424,"14:09:01","SH","NB",10044622433,9195874413,19240496846,848748020
20200424,"14:09:01","SZ","NB",13237978650,11959715619,25197694269,1278263031
20200424,"14:10:01","SH","NB",10107102147,9226575885,19333678032,880526262
20200424,"14:10:01","SZ","NB",13298763625,12008869556,25307633181,1289894069
20200424,"14:11:01","SH","NB",10152779524,9261335241,19414114765,891444283
20200424,"14:11:01","SZ","NB",13369227538,12051668868,25420896406,1317558670
20200424,"14:12:01","SZ","NB",13404098422,12082338469,25486436891,1321759953
20200424,"14:12:01","SH","NB",10181496153,9292918495,19474414648,888577658
20200424,"14:13:01","SH","NB",10214118472,9325789074,19539907546,888329398
20200424,"14:13:01","SZ","NB",13439186266,12113350829,25552537095,1325835437
20200424,"14:14:01","SH","NB",10249756409,9350679067,19600435476,899077342
20200424,"14:14:01","SZ","NB",13480000014,12151556143,25631556157,1328443871
20200424,"14:15:01","SH","NB",10311582866,9384168216,19695751082,927414650
20200424,"14:15:01","SZ","NB",13537798125,12180913622,25718711747,1356884503
20200424,"14:16:01","SH","NB",10405865130,9410910458,19816775588,994954672
20200424,"14:16:01","SZ","NB",13633235486,12210221973,25843457459,1423013513
20200424,"14:17:01","SH","NB",10438000097,9437866240,19875866337,1000133857
20200424,"14:17:01","SZ","NB",13679602114,12244410255,25924012369,1435191859
20200424,"14:18:01","SH","NB",10476716889,9467395232,19944112121,1009321657
20200424,"14:18:01","SZ","NB",13715860641,12272460763,25988321404,1443399878
20200424,"14:19:01","SH","NB",10515588763,9508425393,20024014156,1007163370
20200424,"14:19:01","SZ","NB",13750979718,12311086034,26062065752,1439893684
20200424,"14:20:01","SH","NB",10540426865,9533936313,20074363178,1006490552
20200424,"14:20:01","SZ","NB",13780798557,12350558078,26131356635,1430240479
20200424,"14:21:01","SH","NB",10612238067,9561469456,20173707523,1050768611
20200424,"14:21:01","SZ","NB",13860197010,12388073325,26248270335,1472123685
20200424,"14:22:01","SZ","NB",13904025899,12428818400,26332844299,1475207499
20200424,"14:22:01","SH","NB",10644390643,9586355464,20230746107,1058035179
20200424,"14:23:01","SH","NB",10673533231,9622802125,20296335356,1050731106
20200424,"14:23:01","SZ","NB",13940747926,12481913941,26422661867,1458833985
20200424,"14:24:01","SH","NB",10702720390,9657610895,20360331285,1045109495
20200424,"14:24:01","SZ","NB",13970534630,12521961815,26492496445,1448572815
20200424,"14:25:01","SH","NB",10738518259,9685714257,20424232516,1052804002
20200424,"14:25:01","SZ","NB",13995582420,12554529455,26550111875,1441052965
20200424,"14:26:01","SH","NB",10771889222,9711603926,20483493148,1060285296
20200424,"14:26:01","SZ","NB",14021726986,12587918227,26609645213,1433808759
20200424,"14:27:01","SH","NB",10814342632,9772330317,20586672949,1042012315
20200424,"14:27:01","SZ","NB",14053369973,12647187933,26700557906,1406182040
20200424,"14:28:01","SH","NB",10854903822,9801673622,20656577444,1053230200
20200424,"14:28:01","SZ","NB",14087575301,12687348614,26774923915,1400226687
20200424,"14:29:01","SH","NB",10900085652,9833330917,20733416569,1066754735
20200424,"14:29:01","SZ","NB",14136323133,12725013761,26861336894,1411309372
20200424,"14:30:01","SZ","NB",14169329758,12763492757,26932822515,1405837001
20200424,"14:30:01","SH","NB",10937749566,9874311663,20812061229,1063437903
20200424,"14:31:01","SH","NB",11002550049,9927549573,20930099622,1075000476
20200424,"14:31:01","SZ","NB",14231789414,12826939798,27058729212,1404849616
20200424,"14:32:01","SH","NB",11050109273,9967704783,21017814056,1082404490
20200424,"14:32:01","SZ","NB",14280294982,12891089231,27171384213,1389205751
20200424,"14:33:01","SH","NB",11120460020,10009645333,21130105353,1110814687
20200424,"14:33:01","SZ","NB",14337792487,12938488858,27276281345,1399303629
20200424,"14:34:01","SH","NB",11169942553,10076953949,21246896502,1092988604
20200424,"14:34:01","SZ","NB",14405085559,13002989102,27408074661,1402096457
20200424,"14:35:01","SH","NB",11229355763,10125471767,21354827530,1103883996
20200424,"14:35:01","SZ","NB",14457507951,13084696302,27542204253,1372811649
20200424,"14:36:01","SH","NB",11291182340,10190062378,21481244718,1101119962
20200424,"14:36:01","SZ","NB",14507464163,13150680802,27658144965,1356783361
20200424,"14:37:01","SH","NB",11344572246,10257608611,21602180857,1086963635
20200424,"14:37:01","SZ","NB",14562930256,13224309634,27787239890,1338620622
20200424,"14:38:01","SH","NB",11403542416,10319187929,21722730345,1084354487
20200424,"14:38:01","SZ","NB",14627827048,13277624990,27905452038,1350202058
20200424,"14:39:01","SH","NB",11484002982,10359143991,21843146973,1124858991
20200424,"14:39:01","SZ","NB",14705422822,13317279665,28022702487,1388143157
20200424,"14:40:01","SZ","NB",14760676303,13363512698,28124189001,1397163605
20200424,"14:40:01","SH","NB",11538819652,10402407974,21941227626,1136411678
20200424,"14:41:01","SH","NB",11614622199,10473378081,22088000280,1141244118
20200424,"14:41:01","SZ","NB",14848826062,13443580292,28292406354,1405245770
20200424,"14:42:01","SH","NB",11697824472,10525341721,22223166193,1172482751
20200424,"14:42:01","SZ","NB",14922464487,13500353227,28422817714,1422111260
20200424,"14:43:01","SH","NB",11776631535,10568509231,22345140766,1208122304
20200424,"14:43:01","SZ","NB",15003166666,13548524520,28551691186,1454642146
20200424,"14:44:01","SZ","NB",15113434823,13596509306,28709944129,1516925517
20200424,"14:44:01","SH","NB",11859864964,10615505380,22475370344,1244359584
20200424,"14:45:01","SH","NB",11905043238,10652544849,22557588087,1252498389
20200424,"14:45:01","SZ","NB",15174321971,13640590924,28814912895,1533731047
20200424,"14:46:01","SH","NB",11955168175,10699139406,22654307581,1256028769
20200424,"14:46:01","SZ","NB",15223544512,13682024444,28905568956,1541520068
20200424,"14:47:01","SH","NB",12011651600,10740456080,22752107680,1271195520
20200424,"14:47:01","SZ","NB",15270021485,13728623914,28998645399,1541397571
20200424,"14:48:01","SH","NB",12064272044,10787129999,22851402043,1277142045
20200424,"14:48:01","SZ","NB",15315286036,13772559278,29087845314,1542726758
20200424,"14:49:01","SZ","NB",15380449419,13821009330,29201458749,1559440089
20200424,"14:49:01","SH","NB",12136307762,10838383937,22974691699,1297923825
20200424,"14:50:01","SH","NB",12207956203,10885862267,23093818470,1322093936
20200424,"14:50:01","SZ","NB",15443069402,13866359912,29309429314,1576709490
20200424,"14:51:01","SZ","NB",15542464455,13933698061,29476162516,1608766394
20200424,"14:51:01","SH","NB",12313130221,10961335790,23274466011,1351794431
20200424,"14:52:01","SH","NB",12384476282,11014757163,23399233445,1369719119
20200424,"14:52:01","SZ","NB",15615988505,13995588452,29611576957,1620400053
20200424,"14:53:01","SH","NB",12449644142,11079232355,23528876497,1370411787
20200424,"14:53:01","SZ","NB",15677177987,14060307637,29737485624,1616870350
20200424,"14:54:01","SH","NB",12541448938,11142082689,23683531627,1399366249
20200424,"14:54:01","SZ","NB",15751155375,14138111247,29889266622,1613044128
20200424,"14:55:01","SH","NB",12624818967,11198640549,23823459516,1426178418
20200424,"14:55:01","SZ","NB",15819717841,14212715664,30032433505,1607002177
20200424,"14:56:01","SH","NB",12728311373,11279755136,24008066509,1448556237
20200424,"14:56:01","SZ","NB",15929267041,14319343969,30248611010,1609923072
20200424,"14:57:01","SH","NB",12814605736,11337567010,24152172746,1477038726
20200424,"14:57:01","SZ","NB",16002607883,14386298910,30388906793,1616308973
20200424,"14:58:01","SH","NB",12814605736,11337572230,24152177966,1477033506
20200424,"15:00:01","SH","NB",12814644450,11337572230,24152216680,1477072220
20200424,"15:00:01","SZ","NB",16102964130,14454368649,30557332779,1648595481
20200424,"15:01:01","SH","NB",13074213663,11511765217,24585978880,1562448446
20200424,"15:01:01","SZ","NB",16285039576,14597731669,30882771245,1687307907
