dataDate,dataTime,connectMarket,tradeDirection,buyTurnover,sellTurnover,totalTurnover,netTurnover
20200318,"09:30:01","SH","NB",91993431,230221471,322214902,-138228040
20200318,"09:30:01","SZ","NB",244116180,252191389,496307569,-8075209
20200318,"09:31:01","SH","NB",259014658,500044092,759058750,-241029434
20200318,"09:31:01","SZ","NB",610908109,821674654,1432582763,-210766545
20200318,"09:32:01","SH","NB",432270686,706427566,1138698252,-274156880
20200318,"09:32:01","SZ","NB",1027735966,1103960301,2131696267,-76224335
20200318,"09:33:01","SH","NB",613912511,863333837,1477246348,-249421326
20200318,"09:33:01","SZ","NB",1332651895,1300923075,2633574970,31728820
20200318,"09:34:01","SH","NB",825051325,1134484061,1959535386,-309432736
20200318,"09:34:01","SZ","NB",1636777200,1802029854,3438807054,-165252654
20200318,"09:35:01","SH","NB",1059600213,1263784927,2323385140,-204184714
20200318,"09:35:01","SZ","NB",1962929214,2020601717,3983530931,-57672503
20200318,"09:36:01","SZ","NB",2315367363,2330588625,4645955988,-15221262
20200318,"09:36:01","SH","NB",1258267362,1446816289,2705083651,-188548927
20200318,"09:37:01","SH","NB",1399837020,1691410563,3091247583,-291573543
20200318,"09:37:01","SZ","NB",2536753707,2783041840,5319795547,-246288133
20200318,"09:38:01","SH","NB",1517528930,1834361264,3351890194,-316832334
20200318,"09:38:01","SZ","NB",2763100643,2997886666,5760987309,-234786023
20200318,"09:39:01","SH","NB",1635965317,1974472161,3610437478,-338506844
20200318,"09:39:01","SZ","NB",2968341606,3308789016,6277130622,-340447410
20200318,"09:40:01","SH","NB",1734393779,2046689532,3781083311,-312295753
20200318,"09:40:01","SZ","NB",3147253535,3452022876,6599276411,-304769341
20200318,"09:41:01","SZ","NB",3356592066,3962196989,7318789055,-605604923
20200318,"09:41:01","SH","NB",1847111553,2306902075,4154013628,-459790522
20200318,"09:42:01","SH","NB",2042785729,2386686083,4429471812,-343900354
20200318,"09:42:01","SZ","NB",3688228886,4102812024,7791040910,-414583138
20200318,"09:43:01","SH","NB",2200482662,2465948820,4666431482,-265466158
20200318,"09:43:01","SZ","NB",4016597560,4255559246,8272156806,-238961686
20200318,"09:44:01","SZ","NB",4156749110,4425327006,8582076116,-268577896
20200318,"09:44:01","SH","NB",2289019020,2563672845,4852691865,-274653825
20200318,"09:45:01","SH","NB",2366334432,2703139604,5069474036,-336805172
20200318,"09:45:01","SZ","NB",4254132719,4601684065,8855816784,-347551346
20200318,"09:46:01","SH","NB",2512256413,2798111329,5310367742,-285854916
20200318,"09:46:01","SZ","NB",4575061075,4772363323,9347424398,-197302248
20200318,"09:47:01","SH","NB",2658055948,2909487719,5567543667,-251431771
20200318,"09:47:01","SZ","NB",4802468012,4979273796,9781741808,-176805784
20200318,"09:48:01","SH","NB",2748429812,3056905008,5805334820,-308475196
20200318,"09:48:01","SZ","NB",4906416471,5225334042,10131750513,-318917571
20200318,"09:49:01","SH","NB",2905768876,3136164028,6041932904,-230395152
20200318,"09:49:01","SZ","NB",5163161273,5350066799,10513228072,-186905526
20200318,"09:50:01","SZ","NB",5316068828,5512882508,10828951336,-196813680
20200318,"09:50:01","SH","NB",2986987610,3220831382,6207818992,-233843772
20200318,"09:51:01","SH","NB",3080144731,3365932439,6446077170,-285787708
20200318,"09:51:01","SZ","NB",5457007135,5769186528,11226193663,-312179393
20200318,"09:52:01","SH","NB",3194862992,3474190435,6669053427,-279327443
20200318,"09:52:01","SZ","NB",5599753429,5915218141,11514971570,-315464712
20200318,"09:53:01","SH","NB",3307653479,3531377610,6839031089,-223724131
20200318,"09:53:01","SZ","NB",5838854015,6001838482,11840692497,-162984467
20200318,"09:54:01","SH","NB",3419005438,3613996162,7033001600,-194990724
20200318,"09:54:01","SZ","NB",6050062988,6122920407,12172983395,-72857419
20200318,"09:55:01","SH","NB",3484688301,3786101120,7270789421,-301412819
20200318,"09:55:01","SZ","NB",6165738011,6332110686,12497848697,-166372675
20200318,"09:56:01","SH","NB",3554301360,3979634636,7533935996,-425333276
20200318,"09:56:01","SZ","NB",6305717137,6554126252,12859843389,-248409115
20200318,"09:57:01","SZ","NB",6517874696,6639077089,13156951785,-121202393
20200318,"09:57:01","SH","NB",3625226244,4065702611,7690928855,-440476367
20200318,"09:58:01","SH","NB",3785318340,4134594491,7919912831,-349276151
20200318,"09:58:01","SZ","NB",6944829560,6720393992,13665223552,224435568
20200318,"09:59:01","SH","NB",3841577055,4274649656,8116226711,-433072601
20200318,"09:59:01","SZ","NB",7065027295,6897249440,13962276735,167777855
20200318,"10:00:01","SH","NB",3892029769,4347096253,8239126022,-455066484
20200318,"10:00:01","SZ","NB",7142060719,7002149618,14144210337,139911101
20200318,"10:01:01","SH","NB",3958923653,4511178468,8470102121,-552254815
20200318,"10:01:01","SZ","NB",7272812092,7289356570,14562168662,-16544478
20200318,"10:02:01","SH","NB",4061232485,4599718920,8660951405,-538486435
20200318,"10:02:01","SZ","NB",7504453994,7384669389,14889123383,119784605
20200318,"10:03:01","SH","NB",4108644734,4677409189,8786053923,-568764455
20200318,"10:03:01","SZ","NB",7609154483,7504597890,15113752373,104556593
20200318,"10:04:01","SH","NB",4149688662,4870850913,9020539575,-721162251
20200318,"10:04:01","SZ","NB",7680177940,7702975401,15383153341,-22797461
20200318,"10:05:01","SH","NB",4207252561,4973373551,9180626112,-766120990
20200318,"10:05:01","SZ","NB",7765218092,7834491334,15599709426,-69273242
20200318,"10:06:01","SH","NB",4272109893,5056524687,9328634580,-784414794
20200318,"10:06:01","SZ","NB",7878207292,7929940387,15808147679,-51733095
20200318,"10:07:01","SZ","NB",8109097322,8000824553,16109921875,108272769
20200318,"10:07:01","SH","NB",4348829498,5125636063,9474465561,-776806565
20200318,"10:08:01","SH","NB",4404317587,5241882932,9646200519,-837565345
20200318,"10:08:01","SZ","NB",8217529013,8140844313,16358373326,76684700
20200318,"10:09:01","SZ","NB",8308219944,8218314367,16526534311,89905577
20200318,"10:09:01","SH","NB",4444697246,5304055984,9748753230,-859358738
20200318,"10:10:01","SH","NB",4486187881,5371977277,9858165158,-885789396
20200318,"10:10:01","SZ","NB",8395262027,8327225801,16722487828,68036226
20200318,"10:11:01","SH","NB",4529042876,5536785384,10065828260,-1007742508
20200318,"10:11:01","SZ","NB",8479259741,8567291050,17046550791,-88031309
20200318,"10:12:01","SH","NB",4578982673,5692517890,10271500563,-1113535217
20200318,"10:12:01","SZ","NB",8546761626,8785305640,17332067266,-238544014
20200318,"10:13:01","SH","NB",4640349757,5757643287,10397993044,-1117293530
20200318,"10:13:01","SZ","NB",8685187480,8872481176,17557668656,-187293696
20200318,"10:14:01","SH","NB",4709635786,5811657248,10521293034,-1102021462
20200318,"10:14:01","SZ","NB",8819609297,8948306085,17767915382,-128696788
20200318,"10:15:01","SH","NB",4759215446,5851396263,10610611709,-1092180817
20200318,"10:15:01","SZ","NB",8886093693,9005932246,17892025939,-119838553
20200318,"10:16:01","SH","NB",4799662392,5947760535,10747422927,-1148098143
20200318,"10:16:01","SZ","NB",8936847211,9151451504,18088298715,-214604293
20200318,"10:17:01","SH","NB",4828703315,6012379657,10841082972,-1183676342
20200318,"10:17:01","SZ","NB",9000852212,9240978197,18241830409,-240125985
20200318,"10:18:01","SH","NB",4863879350,6087746020,10951625370,-1223866670
20200318,"10:18:01","SZ","NB",9058650703,9315207220,18373857923,-256556517
20200318,"10:19:01","SZ","NB",9110681452,9428605607,18539287059,-317924155
20200318,"10:19:01","SH","NB",4898928356,6167601896,11066530252,-1268673540
20200318,"10:20:01","SH","NB",4971053431,6233601578,11204655009,-1262548147
20200318,"10:20:01","SZ","NB",9240604620,9510485375,18751089995,-269880755
20200318,"10:21:01","SZ","NB",9486657408,9607191042,19093848450,-120533634
20200318,"10:21:01","SH","NB",5124879921,6306604742,11431484663,-1181724821
20200318,"10:22:01","SH","NB",5168268909,6378035571,11546304480,-1209766662
20200318,"10:22:01","SZ","NB",9538263912,9720712235,19258976147,-182448323
20200318,"10:23:01","SH","NB",5205140537,6473656144,11678796681,-1268515607
20200318,"10:23:01","SZ","NB",9585676484,9921555772,19507232256,-335879288
20200318,"10:24:01","SH","NB",5242541329,6588390781,11830932110,-1345849452
20200318,"10:24:01","SZ","NB",9625084202,10061797298,19686881500,-436713096
20200318,"10:25:01","SH","NB",5266507652,6640106707,11906614359,-1373599055
20200318,"10:25:01","SZ","NB",9681770208,10123084565,19804854773,-441314357
20200318,"10:26:01","SH","NB",5291403598,6708367080,11999770678,-1416963482
20200318,"10:26:01","SZ","NB",9723180109,10227851921,19951032030,-504671812
20200318,"10:27:01","SH","NB",5327639869,6756808110,12084447979,-1429168241
20200318,"10:27:01","SZ","NB",9786014119,10300944076,20086958195,-514929957
20200318,"10:28:01","SH","NB",5384463856,6799123138,12183586994,-1414659282
20200318,"10:28:01","SZ","NB",9913550965,10357235562,20270786527,-443684597
20200318,"10:29:01","SH","NB",5415119828,6840607628,12255727456,-1425487800
20200318,"10:29:01","SZ","NB",9972807249,10410900201,20383707450,-438092952
20200318,"10:30:01","SH","NB",5446398255,6880583359,12326981614,-1434185104
20200318,"10:30:01","SZ","NB",10028046870,10471263224,20499310094,-443216354
20200318,"10:31:01","SZ","NB",10097582060,10591382923,20688964983,-493800863
20200318,"10:31:01","SH","NB",5484655697,6946109658,12430765355,-1461453961
20200318,"10:32:01","SH","NB",5573689584,7002030114,12575719698,-1428340530
20200318,"10:32:01","SZ","NB",10271350218,10667603667,20938953885,-396253449
20200318,"10:33:01","SH","NB",5616798529,7045790591,12662589120,-1428992062
20200318,"10:33:01","SZ","NB",10323785500,10730201814,21053987314,-406416314
20200318,"10:34:01","SH","NB",5650755643,7090152674,12740908317,-1439397031
20200318,"10:34:01","SZ","NB",10376249104,10783475796,21159724900,-407226692
20200318,"10:35:01","SH","NB",5728409100,7135618526,12864027626,-1407209426
20200318,"10:35:01","SZ","NB",10493723831,10837709028,21331432859,-343985197
20200318,"10:36:01","SH","NB",5754764398,7169955343,12924719741,-1415190945
20200318,"10:36:01","SZ","NB",10539724592,10903365406,21443089998,-363640814
20200318,"10:37:01","SH","NB",5808364596,7213690174,13022054770,-1405325578
20200318,"10:37:01","SZ","NB",10595177765,10973604578,21568782343,-378426813
20200318,"10:38:01","SH","NB",5833430154,7258824319,13092254473,-1425394165
20200318,"10:38:01","SZ","NB",10631215589,11088473442,21719689031,-457257853
20200318,"10:39:01","SZ","NB",10669835734,11191104169,21860939903,-521268435
20200318,"10:39:01","SH","NB",5854729783,7326753535,13181483318,-1472023752
20200318,"10:40:01","SH","NB",5875687368,7373564025,13249251393,-1497876657
20200318,"10:40:01","SZ","NB",10710084486,11269123292,21979207778,-559038806
20200318,"10:41:01","SH","NB",5928152316,7499759929,13427912245,-1571607613
20200318,"10:41:01","SZ","NB",10787794496,11451415406,22239209902,-663620910
20200318,"10:42:01","SH","NB",5959728049,7539135629,13498863678,-1579407580
20200318,"10:42:01","SZ","NB",10842490498,11513363728,22355854226,-670873230
20200318,"10:43:01","SH","NB",5997805389,7575274458,13573079847,-1577469069
20200318,"10:43:01","SZ","NB",10925350067,11561713444,22487063511,-636363377
20200318,"10:44:01","SZ","NB",11074655647,11606732043,22681387690,-532076396
20200318,"10:44:01","SH","NB",6087580156,7609353127,13696933283,-1521772971
20200318,"10:45:01","SH","NB",6123482413,7642259276,13765741689,-1518776863
20200318,"10:45:01","SZ","NB",11148894586,11672717796,22821612382,-523823210
20200318,"10:46:01","SH","NB",6150749918,7669988497,13820738415,-1519238579
20200318,"10:46:01","SZ","NB",11199795650,11740895942,22940691592,-541100292
20200318,"10:47:01","SH","NB",6177529331,7708448960,13885978291,-1530919629
20200318,"10:47:01","SZ","NB",11248430769,11798813214,23047243983,-550382445
20200318,"10:48:01","SH","NB",6217152037,7738577297,13955729334,-1521425260
20200318,"10:48:01","SZ","NB",11300628916,11841467410,23142096326,-540838494
20200318,"10:49:01","SH","NB",6252634773,7771604282,14024239055,-1518969509
20200318,"10:49:01","SZ","NB",11350316513,11887480308,23237796821,-537163795
20200318,"10:50:01","SH","NB",6333760810,7810104812,14143865622,-1476344002
20200318,"10:50:01","SZ","NB",11503093960,11947337242,23450431202,-444243282
20200318,"10:51:01","SH","NB",6412962763,7871860718,14284823481,-1458897955
20200318,"10:51:01","SZ","NB",11727491125,12055113619,23782604744,-327622494
20200318,"10:52:01","SZ","NB",11794731342,12202286402,23997017744,-407555060
20200318,"10:52:01","SH","NB",6450331937,7956264224,14406596161,-1505932287
20200318,"10:53:01","SH","NB",6506165803,7997297942,14503463745,-1491132139
20200318,"10:53:01","SZ","NB",11854001538,12263936393,24117937931,-409934855
20200318,"10:54:01","SH","NB",6556771890,8033078472,14589850362,-1476306582
20200318,"10:54:01","SZ","NB",11899470648,12313962566,24213433214,-414491918
20200318,"10:55:01","SZ","NB",11939244723,12365576455,24304821178,-426331732
20200318,"10:55:01","SH","NB",6601484544,8074295845,14675780389,-1472811301
20200318,"10:56:01","SH","NB",6668610371,8121538570,14790148941,-1452928199
20200318,"10:56:01","SZ","NB",12038460191,12424811506,24463271697,-386351315
20200318,"10:57:01","SH","NB",6745696737,8168105345,14913802082,-1422408608
20200318,"10:57:01","SZ","NB",12200499615,12478439418,24678939033,-277939803
20200318,"10:58:01","SH","NB",6811960060,8234166092,15046126152,-1422206032
20200318,"10:58:01","SZ","NB",12332884481,12572078215,24904962696,-239193734
20200318,"10:59:01","SH","NB",6849485765,8302066333,15151552098,-1452580568
20200318,"10:59:01","SZ","NB",12375365192,12681356130,25056721322,-305990938
20200318,"11:00:01","SH","NB",6891089242,8348162159,15239251401,-1457072917
20200318,"11:00:01","SZ","NB",12418538830,12757139754,25175678584,-338600924
20200318,"11:01:01","SH","NB",6939812094,8415059891,15354871985,-1475247797
20200318,"11:01:01","SZ","NB",12470440166,12867559680,25337999846,-397119514
20200318,"11:02:01","SH","NB",6974659071,8460151311,15434810382,-1485492240
20200318,"11:02:01","SZ","NB",12525131825,12940076993,25465208818,-414945168
20200318,"11:03:01","SH","NB",7015873223,8500253029,15516126252,-1484379806
20200318,"11:03:01","SZ","NB",12584056851,12999716637,25583773488,-415659786
20200318,"11:04:01","SZ","NB",12646510201,13149218283,25795728484,-502708082
20200318,"11:04:01","SH","NB",7048206293,8587405379,15635611672,-1539199086
20200318,"11:05:01","SH","NB",7078345812,8636142687,15714488499,-1557796875
20200318,"11:05:01","SZ","NB",12707529964,13226722553,25934252517,-519192589
20200318,"11:06:01","SH","NB",7123948984,8674806691,15798755675,-1550857707
20200318,"11:06:01","SZ","NB",12782102825,13281375206,26063478031,-499272381
20200318,"11:07:01","SH","NB",7182438490,8712044654,15894483144,-1529606164
20200318,"11:07:01","SZ","NB",12892323809,13336951471,26229275280,-444627662
20200318,"11:08:01","SH","NB",7224000663,8751155890,15975156553,-1527155227
20200318,"11:08:01","SZ","NB",13003147496,13382955645,26386103141,-379808149
20200318,"11:09:01","SH","NB",7261056423,8816860138,16077916561,-1555803715
20200318,"11:09:01","SZ","NB",13055424408,13467141687,26522566095,-411717279
20200318,"11:10:01","SH","NB",7291304450,8856608814,16147913264,-1565304364
20200318,"11:10:01","SZ","NB",13107996862,13524244655,26632241517,-416247793
20200318,"11:11:01","SH","NB",7361623832,8903402612,16265026444,-1541778780
20200318,"11:11:01","SZ","NB",13243089493,13610064841,26853154334,-366975348
20200318,"11:12:01","SZ","NB",13330557923,13676987929,27007545852,-346430006
20200318,"11:12:01","SH","NB",7414068512,8944583048,16358651560,-1530514536
20200318,"11:13:01","SH","NB",7458650267,9012631744,16471282011,-1553981477
20200318,"11:13:01","SZ","NB",13381858990,13815694975,27197553965,-433835985
20200318,"11:14:01","SH","NB",7505618889,9044440685,16550059574,-1538821796
20200318,"11:14:01","SZ","NB",13445666174,13869201199,27314867373,-423535025
20200318,"11:15:01","SH","NB",7535659286,9089192396,16624851682,-1553533110
20200318,"11:15:01","SZ","NB",13495029838,13914695910,27409725748,-419666072
20200318,"11:16:01","SH","NB",7581520134,9132136516,16713656650,-1550616382
20200318,"11:16:01","SZ","NB",13581137132,13979162648,27560299780,-398025516
20200318,"11:17:01","SH","NB",7618542117,9168099366,16786641483,-1549557249
20200318,"11:17:01","SZ","NB",13629526110,14032470876,27661996986,-402944766
20200318,"11:18:01","SH","NB",7645427160,9204993246,16850420406,-1559566086
20200318,"11:18:01","SZ","NB",13665399643,14108336316,27773735959,-442936673
20200318,"11:19:01","SH","NB",7687988682,9236828314,16924816996,-1548839632
20200318,"11:19:01","SZ","NB",13734687831,14170036316,27904724147,-435348485
20200318,"11:20:01","SZ","NB",13880420939,14239193065,28119614004,-358772126
20200318,"11:20:01","SH","NB",7735346685,9273753770,17009100455,-1538407085
20200318,"11:21:01","SH","NB",7864065898,9324899039,17188964937,-1460833141
20200318,"11:21:01","SZ","NB",14237699603,14334720721,28572420324,-97021118
20200318,"11:22:01","SH","NB",7923382154,9397473551,17320855705,-1474091397
20200318,"11:22:01","SZ","NB",14297491560,14474203735,28771695295,-176712175
20200318,"11:23:01","SH","NB",7952173715,9458043715,17410217430,-1505870000
20200318,"11:23:01","SZ","NB",14336925396,14561905291,28898830687,-224979895
20200318,"11:24:01","SH","NB",7977453124,9511364889,17488818013,-1533911765
20200318,"11:24:01","SZ","NB",14376869309,14633012741,29009882050,-256143432
20200318,"11:25:01","SZ","NB",14408604186,14696396488,29105000674,-287792302
20200318,"11:25:01","SH","NB",8003533139,9556119193,17559652332,-1552586054
20200318,"11:26:01","SH","NB",8034648979,9591117632,17625766611,-1556468653
20200318,"11:26:01","SZ","NB",14468970358,14772592677,29241563035,-303622319
20200318,"11:27:01","SH","NB",8076821040,9623338444,17700159484,-1546517404
20200318,"11:27:01","SZ","NB",14556618565,14826292120,29382910685,-269673555
20200318,"11:28:01","SZ","NB",14608698114,14882341273,29491039387,-273643159
20200318,"11:28:01","SH","NB",8113975619,9663329551,17777305170,-1549353932
20200318,"11:29:01","SH","NB",8148759990,9696763309,17845523299,-1548003319
20200318,"11:29:01","SZ","NB",14661280871,14927497670,29588778541,-266216799
20200318,"11:30:01","SH","NB",8177912180,9729547025,17907459205,-1551634845
20200318,"11:30:01","SZ","NB",14697931417,14973855026,29671786443,-275923609
20200318,"11:31:01","SH","NB",8177992107,9729612893,17907605000,-1551620786
20200318,"13:01:01","SH","NB",8287037927,9980194894,18267232821,-1693156967
20200318,"13:01:01","SZ","NB",14819043092,15301533327,30120576419,-482490235
20200318,"13:02:01","SH","NB",8343779421,10083673082,18427452503,-1739893661
20200318,"13:02:01","SZ","NB",14875484176,15436401404,30311885580,-560917228
20200318,"13:03:01","SH","NB",8381726550,10140001767,18521728317,-1758275217
20200318,"13:03:01","SZ","NB",14935177840,15508267573,30443445413,-573089733
20200318,"13:04:01","SH","NB",8426398619,10214908089,18641306708,-1788509470
20200318,"13:04:01","SZ","NB",14982163563,15632300160,30614463723,-650136597
20200318,"13:05:01","SZ","NB",15033318997,15783311544,30816630541,-749992547
20200318,"13:05:01","SH","NB",8468969034,10323468033,18792437067,-1854498999
20200318,"13:06:01","SH","NB",8522204024,10394813749,18917017773,-1872609725
20200318,"13:06:01","SZ","NB",15107699092,15892998682,31000697774,-785299590
20200318,"13:07:01","SH","NB",8562938543,10443432817,19006371360,-1880494274
20200318,"13:07:01","SZ","NB",15162332804,15968633905,31130966709,-806301101
20200318,"13:08:01","SH","NB",8609442401,10504858954,19114301355,-1895416553
20200318,"13:08:01","SZ","NB",15213727360,16099102534,31312829894,-885375174
20200318,"13:09:01","SH","NB",8648520457,10556113832,19204634289,-1907593375
20200318,"13:09:01","SZ","NB",15269545804,16180369883,31449915687,-910824079
20200318,"13:10:01","SH","NB",8688767825,10593227563,19281995388,-1904459738
20200318,"13:10:01","SZ","NB",15327757673,16243210616,31570968289,-915452943
20200318,"13:11:01","SH","NB",8736709393,10640587847,19377297240,-1903878454
20200318,"13:11:01","SZ","NB",15387579931,16318924709,31706504640,-931344778
20200318,"13:12:01","SZ","NB",15427932409,16395953292,31823885701,-968020883
20200318,"13:12:01","SH","NB",8777255314,10696128666,19473383980,-1918873352
20200318,"13:13:01","SH","NB",8811060477,10767141357,19578201834,-1956080880
20200318,"13:13:01","SZ","NB",15465949086,16521751411,31987700497,-1055802325
20200318,"13:14:01","SH","NB",8847624230,10823123112,19670747342,-1975498882
20200318,"13:14:01","SZ","NB",15513943890,16615201846,32129145736,-1101257956
20200318,"13:15:01","SH","NB",8897994921,10878216912,19776211833,-1980221991
20200318,"13:15:01","SZ","NB",15575967314,16669518884,32245486198,-1093551570
20200318,"13:16:01","SH","NB",8937079131,10939136334,19876215465,-2002057203
20200318,"13:16:01","SZ","NB",15635738930,16731534436,32367273366,-1095795506
20200318,"13:17:01","SH","NB",8965077881,10987684701,19952762582,-2022606820
20200318,"13:17:01","SZ","NB",15680266929,16809325169,32489592098,-1129058240
20200318,"13:18:01","SH","NB",8997696348,11066538495,20064234843,-2068842147
20200318,"13:18:01","SZ","NB",15726651263,16933695487,32660346750,-1207044224
20200318,"13:19:01","SH","NB",9030977394,11169301509,20200278903,-2138324115
20200318,"13:19:01","SZ","NB",15778414459,17049669214,32828083673,-1271254755
20200318,"13:20:01","SZ","NB",15881557273,17186227457,33067784730,-1304670184
20200318,"13:20:01","SH","NB",9087866247,11250522621,20338388868,-2162656374
20200318,"13:21:01","SH","NB",9152393952,11327972068,20480366020,-2175578116
20200318,"13:21:01","SZ","NB",15979720044,17336792699,33316512743,-1357072655
20200318,"13:22:01","SH","NB",9202904726,11393821101,20596725827,-2190916375
20200318,"13:22:01","SZ","NB",16058090383,17438413570,33496503953,-1380323187
20200318,"13:23:01","SH","NB",9295081362,11461804364,20756885726,-2166723002
20200318,"13:23:01","SZ","NB",16223275727,17509148987,33732424714,-1285873260
20200318,"13:24:01","SH","NB",9339450767,11522483612,20861934379,-2183032845
20200318,"13:24:01","SZ","NB",16280514296,17604230313,33884744609,-1323716017
20200318,"13:25:01","SH","NB",9377771296,11603380544,20981151840,-2225609248
20200318,"13:25:01","SZ","NB",16323869331,17738000693,34061870024,-1414131362
20200318,"13:26:01","SH","NB",9420887123,11675084500,21095971623,-2254197377
20200318,"13:26:01","SZ","NB",16380600925,17842779676,34223380601,-1462178751
20200318,"13:27:01","SH","NB",9477598808,11757657577,21235256385,-2280058769
20200318,"13:27:01","SZ","NB",16435719147,17957174559,34392893706,-1521455412
20200318,"13:28:01","SH","NB",9533881268,11843995626,21377876894,-2310114358
20200318,"13:28:01","SZ","NB",16534873616,18049538830,34584412446,-1514665214
20200318,"13:29:01","SZ","NB",16714402516,18116643813,34831046329,-1402241297
20200318,"13:29:01","SH","NB",9629307751,11926158933,21555466684,-2296851182
20200318,"13:30:01","SH","NB",9677660989,12006439520,21684100509,-2328778531
20200318,"13:30:01","SZ","NB",16769434602,18250204565,35019639167,-1480769963
20200318,"13:31:01","SH","NB",9723867930,12104448030,21828315960,-2380580100
20200318,"13:31:01","SZ","NB",16822620344,18430213389,35252833733,-1607593045
20200318,"13:32:01","SH","NB",9802077011,12162786630,21964863641,-2360709619
20200318,"13:32:01","SZ","NB",16975922852,18517205364,35493128216,-1541282512
20200318,"13:33:01","SH","NB",9846976927,12237133627,22084110554,-2390156700
20200318,"13:33:01","SZ","NB",17048025399,18616065035,35664090434,-1568039636
20200318,"13:34:01","SH","NB",9895584344,12296374509,22191958853,-2400790165
20200318,"13:34:01","SZ","NB",17125234264,18677945293,35803179557,-1552711029
20200318,"13:35:01","SH","NB",9977747664,12380879121,22358626785,-2403131457
20200318,"13:35:01","SZ","NB",17295843613,18750042621,36045886234,-1454199008
20200318,"13:36:01","SH","NB",10026934194,12441015321,22467949515,-2414081127
20200318,"13:36:01","SZ","NB",17350951806,18833139716,36184091522,-1482187910
20200318,"13:37:01","SH","NB",10058995188,12539114232,22598109420,-2480119044
20200318,"13:37:01","SZ","NB",17388096960,18974706720,36362803680,-1586609760
20200318,"13:38:01","SH","NB",10082990729,12591253390,22674244119,-2508262661
20200318,"13:38:01","SZ","NB",17421900796,19052243543,36474144339,-1630342747
20200318,"13:39:01","SZ","NB",17447653675,19141624051,36589277726,-1693970376
20200318,"13:39:01","SH","NB",10104895193,12650786459,22755681652,-2545891266
20200318,"13:40:01","SH","NB",10134090693,12698659892,22832750585,-2564569199
20200318,"13:40:01","SZ","NB",17484097918,19206332648,36690430566,-1722234730
20200318,"13:41:01","SH","NB",10193398018,12776853338,22970251356,-2583455320
20200318,"13:41:01","SZ","NB",17557001460,19322386474,36879387934,-1765385014
20200318,"13:42:01","SH","NB",10279806729,12834356515,23114163244,-2554549786
20200318,"13:42:01","SZ","NB",17733553798,19396664679,37130218477,-1663110881
20200318,"13:43:01","SH","NB",10324915142,12889050443,23213965585,-2564135301
20200318,"13:43:01","SZ","NB",17806636541,19460980300,37267616841,-1654343759
20200318,"13:44:01","SZ","NB",17867975454,19507870296,37375845750,-1639894842
20200318,"13:44:01","SH","NB",10374293272,12932001377,23306294649,-2557708105
20200318,"13:45:01","SH","NB",10403280769,12970218943,23373499712,-2566938174
20200318,"13:45:01","SZ","NB",17910543595,19571844801,37482388396,-1661301206
20200318,"13:46:01","SH","NB",10431021671,13023838926,23454860597,-2592817255
20200318,"13:46:01","SZ","NB",17942414296,19657083423,37599497719,-1714669127
20200318,"13:47:01","SH","NB",10455105832,13074376904,23529482736,-2619271072
20200318,"13:47:01","SZ","NB",17972280044,19723098886,37695378930,-1750818842
20200318,"13:48:01","SZ","NB",18006562681,19788351244,37794913925,-1781788563
20200318,"13:48:01","SH","NB",10482462294,13116508375,23598970669,-2634046081
20200318,"13:49:01","SH","NB",10516885786,13158596483,23675482269,-2641710697
20200318,"13:49:01","SZ","NB",18055748649,19858621862,37914370511,-1802873213
20200318,"13:50:01","SH","NB",10572444792,13208688239,23781133031,-2636243447
20200318,"13:50:01","SZ","NB",18165810518,19917371963,38083182481,-1751561445
20200318,"13:51:01","SH","NB",10620936230,13277661295,23898597525,-2656725065
20200318,"13:51:01","SZ","NB",18221605336,20046257205,38267862541,-1824651869
20200318,"13:52:01","SH","NB",10654280692,13338460875,23992741567,-2684180183
20200318,"13:52:01","SZ","NB",18268445732,20132960126,38401405858,-1864514394
20200318,"13:53:01","SH","NB",10691812035,13409811918,24101623953,-2717999883
20200318,"13:53:01","SZ","NB",18320517180,20222969262,38543486442,-1902452082
20200318,"13:54:01","SH","NB",10755869789,13518007990,24273877779,-2762138201
20200318,"13:54:01","SZ","NB",18406814903,20328402878,38735217781,-1921587975
20200318,"13:55:01","SZ","NB",18501630854,20399530456,38901161310,-1897899602
20200318,"13:55:01","SH","NB",10817301192,13578238434,24395539626,-2760937242
20200318,"13:56:01","SH","NB",10870452252,13639836038,24510288290,-2769383786
20200318,"13:56:01","SZ","NB",18581242271,20475949475,39057191746,-1894707204
20200318,"13:57:01","SH","NB",10905501568,13704259920,24609761488,-2798758352
20200318,"13:57:01","SZ","NB",18653464639,20556434923,39209899562,-1902970284
20200318,"13:58:01","SH","NB",10971634296,13772896138,24744530434,-2801261842
20200318,"13:58:01","SZ","NB",18744258611,20631192683,39375451294,-1886934072
20200318,"13:59:01","SH","NB",11042874617,13822276837,24865151454,-2779402220
20200318,"13:59:01","SZ","NB",18841777293,20691660697,39533437990,-1849883404
20200318,"14:00:01","SH","NB",11095537768,13887021383,24982559151,-2791483615
20200318,"14:00:01","SZ","NB",18912470236,20763067376,39675537612,-1850597140
20200318,"14:01:01","SZ","NB",18978867927,20831612808,39810480735,-1852744881
20200318,"14:01:01","SH","NB",11172423782,13954322283,25126746065,-2781898501
20200318,"14:02:01","SH","NB",11238814968,14010375584,25249190552,-2771560616
20200318,"14:02:01","SZ","NB",19022232276,20928782742,39951015018,-1906550466
20200318,"14:03:01","SZ","NB",19053147079,21028842874,40081989953,-1975695795
20200318,"14:03:01","SH","NB",11278172904,14083274051,25361446955,-2805101147
20200318,"14:04:01","SH","NB",11307503525,14123905625,25431409150,-2816402100
20200318,"14:04:01","SZ","NB",19087211922,21081342499,40168554421,-1994130577
20200318,"14:05:01","SH","NB",11351789424,14171641685,25523431109,-2819852261
20200318,"14:05:01","SZ","NB",19133132263,21137841073,40270973336,-2004708810
20200318,"14:06:01","SH","NB",11384424669,14234613418,25619038087,-2850188749
20200318,"14:06:01","SZ","NB",19166627604,21210177340,40376804944,-2043549736
20200318,"14:07:01","SH","NB",11426333596,14281354971,25707688567,-2855021375
20200318,"14:07:01","SZ","NB",19201015210,21269754764,40470769974,-2068739554
20200318,"14:08:01","SH","NB",11462702599,14324282650,25786985249,-2861580051
20200318,"14:08:01","SZ","NB",19230386543,21331019381,40561405924,-2100632838
20200318,"14:09:01","SH","NB",11508327122,14368829158,25877156280,-2860502036
20200318,"14:09:01","SZ","NB",19301762013,21415656257,40717418270,-2113894244
20200318,"14:10:01","SH","NB",11563889459,14413334856,25977224315,-2849445397
20200318,"14:10:01","SZ","NB",19373813983,21485355955,40859169938,-2111541972
20200318,"14:11:01","SH","NB",11596862468,14484908709,26081771177,-2888046241
20200318,"14:11:01","SZ","NB",19419798113,21618406622,41038204735,-2198608509
20200318,"14:12:01","SH","NB",11639728770,14550836164,26190564934,-2911107394
20200318,"14:12:01","SZ","NB",19461899515,21731483763,41193383278,-2269584248
20200318,"14:13:01","SZ","NB",19510689886,21870398689,41381088575,-2359708803
20200318,"14:13:01","SH","NB",11691601407,14661552009,26353153416,-2969950602
20200318,"14:14:01","SH","NB",11759958788,14732378297,26492337085,-2972419509
20200318,"14:14:01","SZ","NB",19608920188,21963611362,41572531550,-2354691174
20200318,"14:15:01","SH","NB",11831514376,14782811421,26614325797,-2951297045
20200318,"14:15:01","SZ","NB",19705432767,22016504908,41721937675,-2311072141
20200318,"14:16:01","SH","NB",11901159898,14843906775,26745066673,-2942746877
20200318,"14:16:01","SZ","NB",19820250030,22093469053,41913719083,-2273219023
20200318,"14:17:01","SH","NB",11952731056,14904702344,26857433400,-2951971288
20200318,"14:17:01","SZ","NB",19877624196,22162015976,42039640172,-2284391780
20200318,"14:18:01","SZ","NB",19914854813,22224990545,42139845358,-2310135732
20200318,"14:18:01","SH","NB",11986997062,14948996757,26935993819,-2961999695
20200318,"14:19:01","SH","NB",12024779416,15010818306,27035597722,-2986038890
20200318,"14:19:01","SZ","NB",19951028745,22319152696,42270181441,-2368123951
20200318,"14:20:01","SH","NB",12072668300,15073477276,27146145576,-3000808976
20200318,"14:20:01","SZ","NB",20014159541,22407910577,42422070118,-2393751036
20200318,"14:21:01","SH","NB",12156492431,15150063616,27306556047,-2993571185
20200318,"14:21:01","SZ","NB",20131417417,22483826350,42615243767,-2352408933
20200318,"14:22:01","SH","NB",12210843583,15214295145,27425138728,-3003451562
20200318,"14:22:01","SZ","NB",20214894703,22566973458,42781868161,-2352078755
20200318,"14:23:01","SH","NB",12261415506,15288160147,27549575653,-3026744641
20200318,"14:23:01","SZ","NB",20263067444,22660375606,42923443050,-2397308162
20200318,"14:24:01","SZ","NB",20321981831,22727329933,43049311764,-2405348102
20200318,"14:24:01","SH","NB",12316275827,15342198985,27658474812,-3025923158
20200318,"14:25:01","SH","NB",12361872151,15455534354,27817406505,-3093662203
20200318,"14:25:01","SZ","NB",20396737882,22866552354,43263290236,-2469814472
20200318,"14:26:01","SH","NB",12438982038,15546621741,27985603779,-3107639703
20200318,"14:26:01","SZ","NB",20488382862,22959126172,43447509034,-2470743310
20200318,"14:27:01","SZ","NB",20583057948,23056882883,43639940831,-2473824935
20200318,"14:27:01","SH","NB",12519303705,15637971615,28157275320,-3118667910
20200318,"14:28:01","SH","NB",12629497195,15722084295,28351581490,-3092587100
20200318,"14:28:01","SZ","NB",20744496563,23164210910,43908707473,-2419714347
20200318,"14:29:01","SH","NB",12703469859,15796748780,28500218639,-3093278921
20200318,"14:29:01","SZ","NB",20840579070,23257614889,44098193959,-2417035819
20200318,"14:30:01","SH","NB",12749127757,15891504563,28640632320,-3142376806
20200318,"14:30:01","SZ","NB",20898426617,23342701514,44241128131,-2444274897
20200318,"14:31:01","SH","NB",12875252210,16000608725,28875860935,-3125356515
20200318,"14:31:01","SZ","NB",21051557969,23434571836,44486129805,-2383013867
20200318,"14:32:01","SZ","NB",21141327194,23553522068,44694849262,-2412194874
20200318,"14:32:01","SH","NB",12950343696,16104923463,29055267159,-3154579767
20200318,"14:33:01","SH","NB",13019135429,16224166003,29243301432,-3205030574
20200318,"14:33:01","SZ","NB",21208886889,23726403736,44935290625,-2517516847
20200318,"14:34:01","SH","NB",13064810199,16297990786,29362800985,-3233180587
20200318,"14:34:01","SZ","NB",21266745574,23831599957,45098345531,-2564854383
20200318,"14:35:01","SH","NB",13118747224,16370491202,29489238426,-3251743978
20200318,"14:35:01","SZ","NB",21336550397,23919265040,45255815437,-2582714643
20200318,"14:36:01","SH","NB",13178999936,16450406001,29629405937,-3271406065
20200318,"14:36:01","SZ","NB",21401264410,23992063474,45393327884,-2590799064
20200318,"14:37:01","SH","NB",13237645224,16514730183,29752375407,-3277084959
20200318,"14:37:01","SZ","NB",21466419924,24073857214,45540277138,-2607437290
20200318,"14:38:01","SH","NB",13294500505,16582643737,29877144242,-3288143232
20200318,"14:38:01","SZ","NB",21537597144,24136223363,45673820507,-2598626219
20200318,"14:39:01","SH","NB",13360355761,16667248242,30027604003,-3306892481
20200318,"14:39:01","SZ","NB",21604079107,24215024700,45819103807,-2610945593
20200318,"14:40:01","SZ","NB",21667861665,24294143658,45962005323,-2626281993
20200318,"14:40:01","SH","NB",13426888833,16744188559,30171077392,-3317299726
20200318,"14:41:01","SH","NB",13515901341,16844526160,30360427501,-3328624819
20200318,"14:41:01","SZ","NB",21756129853,24422982755,46179112608,-2666852902
20200318,"14:42:01","SH","NB",13586747372,16971634083,30558381455,-3384886711
20200318,"14:42:01","SZ","NB",21821132350,24582760651,46403893001,-2761628301
20200318,"14:43:01","SH","NB",13679667363,17110496769,30790164132,-3430829406
20200318,"14:43:01","SZ","NB",21912055081,24714643363,46626698444,-2802588282
20200318,"14:44:01","SH","NB",13749152749,17249689495,30998842244,-3500536746
20200318,"14:44:01","SZ","NB",22025235565,24841786028,46867021593,-2816550463
20200318,"14:45:01","SH","NB",13850324228,17373880145,31224204373,-3523555917
20200318,"14:45:01","SZ","NB",22232606636,24960215755,47192822391,-2727609119
20200318,"14:46:01","SZ","NB",22368258024,25061779138,47430037162,-2693521114
20200318,"14:46:01","SH","NB",13946570354,17473112691,31419683045,-3526542337
20200318,"14:47:01","SH","NB",14034244782,17578604410,31612849192,-3544359628
20200318,"14:47:01","SZ","NB",22491268820,25180177314,47671446134,-2688908494
20200318,"14:48:01","SH","NB",14096017006,17662532804,31758549810,-3566515798
20200318,"14:48:01","SZ","NB",22576799528,25284226388,47861025916,-2707426860
20200318,"14:49:01","SH","NB",14159640150,17802821749,31962461899,-3643181599
20200318,"14:49:01","SZ","NB",22658407887,25438413290,48096821177,-2780005403
20200318,"14:50:01","SH","NB",14227462989,17905862098,32133325087,-3678399109
20200318,"14:50:01","SZ","NB",22750083900,25564246480,48314330380,-2814162580
20200318,"14:51:01","SH","NB",14344122506,18050773323,32394895829,-3706650817
20200318,"14:51:01","SZ","NB",22890340801,25755922830,48646263631,-2865582029
20200318,"14:52:01","SH","NB",14432774285,18185908008,32618682293,-3753133723
20200318,"14:52:01","SZ","NB",23001071253,25900898835,48901970088,-2899827582
20200318,"14:53:01","SH","NB",14522900268,18391070794,32913971062,-3868170526
20200318,"14:53:01","SZ","NB",23129935887,26103979059,49233914946,-2974043172
20200318,"14:54:01","SZ","NB",23244436886,26243407929,49487844815,-2998971043
20200318,"14:54:01","SH","NB",14621962129,18524723140,33146685269,-3902761011
20200318,"14:55:01","SH","NB",14687435151,18673087660,33360522811,-3985652509
20200318,"14:55:01","SZ","NB",23343863743,26397278059,49741141802,-3053414316
20200318,"14:56:01","SH","NB",14786019910,18785281849,33571301759,-3999261939
20200318,"14:56:01","SZ","NB",23461021308,26570679743,50031701051,-3109658435
20200318,"14:57:01","SH","NB",14891535845,18899145599,33790681444,-4007609754
20200318,"14:57:01","SZ","NB",23563666533,26668901341,50232567874,-3105234808
20200318,"14:58:01","SH","NB",14892140735,18899785926,33791926661,-4007645191
20200318,"15:00:01","SZ","NB",23624036020,26722328925,50346364945,-3098292905
20200318,"15:01:01","SH","NB",15139742512,19251314612,34391057124,-4111572100
20200318,"15:01:01","SZ","NB",23974203918,27053862906,51028066824,-3079658988
