dataDate,dataTime,connectMarket,tradeDirection,buyTurnover,sellTurnover,totalTurnover,netTurnover
20201109,"09:30:01","SH","NB",338981930,146492398,485474328,192489532
20201109,"09:30:01","SZ","NB",455110042,241921073,697031115,213188969
20201109,"09:31:01","SH","NB",907094086,562148405,1469242491,344945681
20201109,"09:31:01","SZ","NB",1316128901,996438364,2312567265,319690537
20201109,"09:32:01","SH","NB",1290211370,885546763,2175758133,404664607
20201109,"09:32:01","SZ","NB",2005150178,1461532224,3466682402,543617954
20201109,"09:33:01","SH","NB",1623788296,1115391520,2739179816,508396776
20201109,"09:33:01","SZ","NB",2698577831,1824662562,4523240393,873915269
20201109,"09:34:01","SH","NB",2071551481,1366480013,3438031494,705071468
20201109,"09:34:01","SZ","NB",3499955966,2239393577,5739349543,1260562389
20201109,"09:35:01","SH","NB",2477097221,1602195460,4079292681,874901761
20201109,"09:35:01","SZ","NB",4104169931,2611038030,6715207961,1493131901
20201109,"09:36:01","SZ","NB",4633127134,3057054456,7690181590,1576072678
20201109,"09:36:01","SH","NB",2818166963,1924204427,4742371390,893962536
20201109,"09:37:01","SH","NB",3110880622,2170768245,5281648867,940112377
20201109,"09:37:01","SZ","NB",5320966272,3411600827,8732567099,1909365445
20201109,"09:38:01","SH","NB",3366322682,2394179092,5760501774,972143590
20201109,"09:38:01","SZ","NB",5939250700,3758399075,9697649775,2180851625
20201109,"09:39:01","SH","NB",3683792643,2585362324,6269154967,1098430319
20201109,"09:39:01","SZ","NB",6459884002,4077369097,10537253099,2382514905
20201109,"09:40:01","SH","NB",4042424736,2714102975,6756527711,1328321761
20201109,"09:40:01","SZ","NB",6999965164,4357345377,11357310541,2642619787
20201109,"09:41:01","SH","NB",4377661891,2904728326,7282390217,1472933565
20201109,"09:41:01","SZ","NB",7631774928,4610633765,12242408693,3021141163
20201109,"09:42:01","SH","NB",4647499533,3057561735,7705061268,1589937798
20201109,"09:42:01","SZ","NB",8165695976,4905264850,13070960826,3260431126
20201109,"09:43:01","SH","NB",4857181118,3227908093,8085089211,1629273025
20201109,"09:43:01","SZ","NB",8513267866,5176802485,13690070351,3336465381
20201109,"09:44:01","SH","NB",5130507177,3339856566,8470363743,1790650611
20201109,"09:44:01","SZ","NB",9020100645,5368312112,14388412757,3651788533
20201109,"09:45:01","SZ","NB",9364294578,5612076783,14976371361,3752217795
20201109,"09:45:01","SH","NB",5317714282,3462257354,8779971636,1855456928
20201109,"09:46:01","SH","NB",5722430876,3606960542,9329391418,2115470334
20201109,"09:46:01","SZ","NB",10012420293,5868256737,15880677030,4144163556
20201109,"09:47:01","SH","NB",6024880049,3885246315,9910126364,2139633734
20201109,"09:47:01","SZ","NB",10363130370,6380539439,16743669809,3982590931
20201109,"09:48:01","SH","NB",6196196534,4033879941,10230076475,2162316593
20201109,"09:48:01","SZ","NB",10726126896,6586658496,17312785392,4139468400
20201109,"09:49:01","SH","NB",6318632181,4188502030,10507134211,2130130151
20201109,"09:49:01","SZ","NB",10973851338,6806735749,17780587087,4167115589
20201109,"09:50:01","SZ","NB",11227676819,7039987382,18267664201,4187689437
20201109,"09:50:01","SH","NB",6430401556,4349655277,10780056833,2080746279
20201109,"09:51:01","SH","NB",6692839913,4550112868,11242952781,2142727045
20201109,"09:51:01","SZ","NB",11785702792,7344503506,19130206298,4441199286
20201109,"09:52:01","SH","NB",6872624504,4683593148,11556217652,2189031356
20201109,"09:52:01","SZ","NB",12089856935,7545960239,19635817174,4543896696
20201109,"09:53:01","SH","NB",7028925274,4847481051,11876406325,2181444223
20201109,"09:53:01","SZ","NB",12395211492,7802668369,20197879861,4592543123
20201109,"09:54:01","SH","NB",7276003177,4932012636,12208015813,2343990541
20201109,"09:54:01","SZ","NB",12724464517,7943345005,20667809522,4781119512
20201109,"09:55:01","SH","NB",7413986626,5034402316,12448388942,2379584310
20201109,"09:55:01","SZ","NB",12939941056,8138718543,21078659599,4801222513
20201109,"09:56:01","SZ","NB",13414936797,8402926327,21817863124,5012010470
20201109,"09:56:01","SH","NB",7669414272,5207610093,12877024365,2461804179
20201109,"09:57:01","SH","NB",7867940675,5295221780,13163162455,2572718895
20201109,"09:57:01","SZ","NB",13768839889,8530026199,22298866088,5238813690
20201109,"09:58:01","SH","NB",8012752830,5434495399,13447248229,2578257431
20201109,"09:58:01","SZ","NB",14075969663,8750039921,22826009584,5325929742
20201109,"09:59:01","SH","NB",8126899884,5539809903,13666709787,2587089981
20201109,"09:59:01","SZ","NB",14284164796,8898842227,23183007023,5385322569
20201109,"10:00:01","SZ","NB",14453440173,9052838841,23506279014,5400601332
20201109,"10:00:01","SH","NB",8242655789,5643395584,13886051373,2599260205
20201109,"10:01:01","SH","NB",8601875729,5768520146,14370395875,2833355583
20201109,"10:01:01","SZ","NB",15113701734,9239175857,24352877591,5874525877
20201109,"10:02:01","SH","NB",8771473951,5920600326,14692074277,2850873625
20201109,"10:02:01","SZ","NB",15356119248,9545184334,24901303582,5810934914
20201109,"10:03:01","SH","NB",8916387069,6015251520,14931638589,2901135549
20201109,"10:03:01","SZ","NB",15604110283,9702098798,25306209081,5902011485
20201109,"10:04:01","SH","NB",9089795859,6134671409,15224467268,2955124450
20201109,"10:04:01","SZ","NB",15874364087,9857736508,25732100595,6016627579
20201109,"10:05:01","SH","NB",9330757360,6219471484,15550228844,3111285876
20201109,"10:05:01","SZ","NB",16340751385,10025729951,26366481336,6315021434
20201109,"10:06:01","SH","NB",9477561918,6368727537,15846289455,3108834381
20201109,"10:06:01","SZ","NB",16564453998,10307763947,26872217945,6256690051
20201109,"10:07:01","SZ","NB",16819645527,10438519388,27258164915,6381126139
20201109,"10:07:01","SH","NB",9722343288,6446286297,16168629585,3276056991
20201109,"10:08:01","SH","NB",9854852032,6538622132,16393474164,3316229900
20201109,"10:08:01","SZ","NB",16997684465,10622030379,27619714844,6375654086
20201109,"10:09:01","SH","NB",9940819386,6614245863,16555065249,3326573523
20201109,"10:09:01","SZ","NB",17158295851,10744409069,27902704920,6413886782
20201109,"10:10:01","SH","NB",10129185313,6671705661,16800890974,3457479652
20201109,"10:10:01","SZ","NB",17385924455,10844043198,28229967653,6541881257
20201109,"10:11:01","SH","NB",10555281824,6779275919,17334557743,3776005905
20201109,"10:11:01","SZ","NB",18052864061,10985939992,29038804053,7066924069
20201109,"10:12:01","SZ","NB",18276234837,11201120030,29477354867,7075114807
20201109,"10:12:01","SH","NB",10716955701,6924324411,17641280112,3792631290
20201109,"10:13:01","SH","NB",10874987220,7027572669,17902559889,3847414551
20201109,"10:13:01","SZ","NB",18450856925,11377697584,29828554509,7073159341
20201109,"10:14:01","SH","NB",11039490046,7105602167,18145092213,3933887879
20201109,"10:14:01","SZ","NB",18658437338,11475399985,30133837323,7183037353
20201109,"10:15:01","SH","NB",11216300746,7189663519,18405964265,4026637227
20201109,"10:15:01","SZ","NB",18919203695,11634212891,30553416586,7284990804
20201109,"10:16:01","SH","NB",11321261394,7287302883,18608564277,4033958511
20201109,"10:16:01","SZ","NB",19064867243,11785088588,30849955831,7279778655
20201109,"10:17:01","SH","NB",11399991587,7377005868,18776997455,4022985719
20201109,"10:17:01","SZ","NB",19165641709,11896812753,31062454462,7268828956
20201109,"10:18:01","SZ","NB",19312943790,12077211433,31390155223,7235732357
20201109,"10:18:01","SH","NB",11534751706,7518796275,19053547981,4015955431
20201109,"10:19:01","SH","NB",11643824475,7589477502,19233301977,4054346973
20201109,"10:19:01","SZ","NB",19453515402,12170662516,31624177918,7282852886
20201109,"10:20:01","SZ","NB",19551273109,12312063902,31863337011,7239209207
20201109,"10:20:01","SH","NB",11728421511,7671036735,19399458246,4057384776
20201109,"10:21:01","SH","NB",11908805478,7941987629,19850793107,3966817849
20201109,"10:21:01","SZ","NB",19811863541,12560421866,32372285407,7251441675
20201109,"10:22:01","SH","NB",12042111990,8009106268,20051218258,4033005722
20201109,"10:22:01","SZ","NB",19964175154,12655918108,32620093262,7308257046
20201109,"10:23:01","SH","NB",12174295378,8074598326,20248893704,4099697052
20201109,"10:23:01","SZ","NB",20145109804,12738281119,32883390923,7406828685
20201109,"10:24:01","SH","NB",12304288945,8140754388,20445043333,4163534557
20201109,"10:24:01","SZ","NB",20312051018,12820842708,33132893726,7491208310
20201109,"10:25:01","SH","NB",12447989886,8205677582,20653667468,4242312304
20201109,"10:25:01","SZ","NB",20470675165,12920521764,33391196929,7550153401
20201109,"10:26:01","SH","NB",12540954412,8297441296,20838395708,4243513116
20201109,"10:26:01","SZ","NB",20568443840,13056604238,33625048078,7511839602
20201109,"10:27:01","SH","NB",12640213676,8337770757,20977984433,4302442919
20201109,"10:27:01","SZ","NB",20718360227,13127923877,33846284104,7590436350
20201109,"10:28:01","SH","NB",12720068965,8381119730,21101188695,4338949235
20201109,"10:28:01","SZ","NB",20842626700,13208768767,34051395467,7633857933
20201109,"10:29:01","SH","NB",12831758754,8429061138,21260819892,4402697616
20201109,"10:29:01","SZ","NB",20976027351,13288343154,34264370505,7687684197
20201109,"10:30:01","SZ","NB",21111637652,13369425673,34481063325,7742211979
20201109,"10:30:01","SH","NB",12946943363,8487689732,21434633095,4459253631
20201109,"10:31:01","SH","NB",13179700496,8576219077,21755919573,4603481419
20201109,"10:31:01","SZ","NB",21517961737,13497598329,35015560066,8020363408
20201109,"10:32:01","SH","NB",13294784300,8672140752,21966925052,4622643548
20201109,"10:32:01","SZ","NB",21668546696,13611274762,35279821458,8057271934
20201109,"10:33:01","SH","NB",13368056637,8776959132,22145015769,4591097505
20201109,"10:33:01","SZ","NB",21779205323,13775230573,35554435896,8003974750
20201109,"10:34:01","SH","NB",13464871872,8838618527,22303490399,4626253345
20201109,"10:34:01","SZ","NB",21921430815,13844203093,35765633908,8077227722
20201109,"10:35:01","SH","NB",13558079198,8887097552,22445176750,4670981646
20201109,"10:35:01","SZ","NB",22079244868,13916269978,35995514846,8162974890
20201109,"10:36:01","SH","NB",13620163161,8979899096,22600062257,4640264065
20201109,"10:36:01","SZ","NB",22194026930,14027843377,36221870307,8166183553
20201109,"10:37:01","SH","NB",13798421596,9021240442,22819662038,4777181154
20201109,"10:37:01","SZ","NB",22454807389,14103526957,36558334346,8351280432
20201109,"10:38:01","SZ","NB",22542587541,14180789884,36723377425,8361797657
20201109,"10:38:01","SH","NB",13882216705,9094105817,22976322522,4788110888
20201109,"10:39:01","SH","NB",13959250459,9208000656,23167251115,4751249803
20201109,"10:39:01","SZ","NB",22617551282,14328589469,36946140751,8288961813
20201109,"10:40:01","SH","NB",14030145280,9261696394,23291841674,4768448886
20201109,"10:40:01","SZ","NB",22700555736,14406941009,37107496745,8293614727
20201109,"10:41:01","SH","NB",14220426134,9378763238,23599189372,4841662896
20201109,"10:41:01","SZ","NB",22996793758,14528752270,37525546028,8468041488
20201109,"10:42:01","SH","NB",14289414106,9516720850,23806134956,4772693256
20201109,"10:42:01","SZ","NB",23088614322,14636178413,37724792735,8452435909
20201109,"10:43:01","SH","NB",14358757057,9585178966,23943936023,4773578091
20201109,"10:43:01","SZ","NB",23202803877,14727419039,37930222916,8475384838
20201109,"10:44:01","SZ","NB",23332505844,14793896345,38126402189,8538609499
20201109,"10:44:01","SH","NB",14489644988,9629587483,24119232471,4860057505
20201109,"10:45:01","SH","NB",14594585424,9697944197,24292529621,4896641227
20201109,"10:45:01","SZ","NB",23456286773,14883456062,38339742835,8572830711
20201109,"10:46:01","SH","NB",14662307598,9779557796,24441865394,4882749802
20201109,"10:46:01","SZ","NB",23540408385,14971847011,38512255396,8568561374
20201109,"10:47:01","SH","NB",14732930279,9835125219,24568055498,4897805060
20201109,"10:47:01","SZ","NB",23625205124,15043449770,38668654894,8581755354
20201109,"10:48:01","SH","NB",14799483329,9892995283,24692478612,4906488046
20201109,"10:48:01","SZ","NB",23701187441,15123627372,38824814813,8577560069
20201109,"10:49:01","SH","NB",14915468370,9939570604,24855038974,4975897766
20201109,"10:49:01","SZ","NB",23795430646,15195444560,38990875206,8599986086
20201109,"10:50:01","SH","NB",15055056387,9975190423,25030246810,5079865964
20201109,"10:50:01","SZ","NB",24023070365,15243701805,39266772170,8779368560
20201109,"10:51:01","SH","NB",15307795023,10061047489,25368842512,5246747534
20201109,"10:51:01","SZ","NB",24464920838,15389053537,39853974375,9075867301
20201109,"10:52:01","SH","NB",15452757143,10145095740,25597852883,5307661403
20201109,"10:52:01","SZ","NB",24581885883,15517563332,40099449215,9064322551
20201109,"10:53:01","SH","NB",15571922497,10215699003,25787621500,5356223494
20201109,"10:53:01","SZ","NB",24682555448,15602460488,40285015936,9080094960
20201109,"10:54:01","SZ","NB",24760698361,15668313690,40429012051,9092384671
20201109,"10:54:01","SH","NB",15647317291,10283720177,25931037468,5363597114
20201109,"10:55:01","SH","NB",15728194323,10355554851,26083749174,5372639472
20201109,"10:55:01","SZ","NB",24856577660,15746481087,40603058747,9110096573
20201109,"10:56:01","SH","NB",15804683088,10459720705,26264403793,5344962383
20201109,"10:56:01","SZ","NB",24918574054,15863543081,40782117135,9055030973
20201109,"10:57:01","SH","NB",15908017327,10500496298,26408513625,5407521029
20201109,"10:57:01","SZ","NB",25033087746,15917080586,40950168332,9116007160
20201109,"10:58:01","SH","NB",16056537804,10539828661,26596366465,5516709143
20201109,"10:58:01","SZ","NB",25218502457,15955804701,41174307158,9262697756
20201109,"10:59:01","SH","NB",16148195154,10583141841,26731336995,5565053313
20201109,"10:59:01","SZ","NB",25321021757,16001537185,41322558942,9319484572
20201109,"11:00:01","SH","NB",16209128226,10619513314,26828641540,5589614912
20201109,"11:00:01","SZ","NB",25424712891,16043990125,41468703016,9380722766
20201109,"11:01:01","SH","NB",16431203537,10689058828,27120262365,5742144709
20201109,"11:01:01","SZ","NB",25756752374,16122243296,41878995670,9634509078
20201109,"11:02:01","SH","NB",16556975898,10809470143,27366446041,5747505755
20201109,"11:02:01","SZ","NB",25900968094,16251499791,42152467885,9649468303
20201109,"11:03:01","SZ","NB",26020575809,16348945417,42369521226,9671630392
20201109,"11:03:01","SH","NB",16632226171,10876215996,27508442167,5756010175
20201109,"11:04:01","SH","NB",16764340089,10917034530,27681374619,5847305559
20201109,"11:04:01","SZ","NB",26216638605,16397738257,42614376862,9818900348
20201109,"11:05:01","SH","NB",16842008371,10968013543,27810021914,5873994828
20201109,"11:05:01","SZ","NB",26327600919,16479708625,42807309544,9847892294
20201109,"11:06:01","SH","NB",16891616782,11014507247,27906124029,5877109535
20201109,"11:06:01","SZ","NB",26419999709,16560461419,42980461128,9859538290
20201109,"11:07:01","SH","NB",17004378708,11058520674,28062899382,5945858034
20201109,"11:07:01","SZ","NB",26582550737,16625244325,43207795062,9957306412
20201109,"11:08:01","SH","NB",17119863786,11096365659,28216229445,6023498127
20201109,"11:08:01","SZ","NB",26741872361,16676390410,43418262771,10065481951
20201109,"11:09:01","SZ","NB",27001695420,16760678412,43762373832,10241017008
20201109,"11:09:01","SH","NB",17427830434,11142674243,28570504677,6285156191
20201109,"11:10:01","SH","NB",17502299436,11225553654,28727853090,6276745782
20201109,"11:10:01","SZ","NB",27089057290,16858624554,43947681844,10230432736
20201109,"11:11:01","SH","NB",17606217083,11386187115,28992404198,6220029968
20201109,"11:11:01","SZ","NB",27224509153,17021435015,44245944168,10203074138
20201109,"11:12:01","SH","NB",17699557686,11435379726,29134937412,6264177960
20201109,"11:12:01","SZ","NB",27307575652,17092164195,44399739847,10215411457
20201109,"11:13:01","SH","NB",17827476837,11475765494,29303242331,6351711343
20201109,"11:13:01","SZ","NB",27442818027,17150479169,44593297196,10292338858
20201109,"11:14:01","SH","NB",17962276211,11532275987,29494552198,6430000224
20201109,"11:14:01","SZ","NB",27567611611,17216849655,44784461266,10350761956
20201109,"11:15:01","SH","NB",18179806562,11578288032,29758094594,6601518530
20201109,"11:15:01","SZ","NB",27734116437,17262396242,44996512679,10471720195
20201109,"11:16:01","SH","NB",18395579134,11695454722,30091033856,6700124412
20201109,"11:16:01","SZ","NB",27868748224,17372688762,45241436986,10496059462
20201109,"11:17:01","SZ","NB",27988257883,17451445174,45439703057,10536812709
20201109,"11:17:01","SH","NB",18526444989,11744951400,30271396389,6781493589
20201109,"11:18:01","SH","NB",18594319799,11858899923,30453219722,6735419876
20201109,"11:18:01","SZ","NB",28074038971,17568562388,45642601359,10505476583
20201109,"11:19:01","SH","NB",18708652409,11899004434,30607656843,6809647975
20201109,"11:19:01","SZ","NB",28178939836,17621376495,45800316331,10557563341
20201109,"11:20:01","SH","NB",18876838034,11942304864,30819142898,6934533170
20201109,"11:20:01","SZ","NB",28328272243,17671124667,45999396910,10657147576
20201109,"11:21:01","SH","NB",19157629359,12092646958,31250276317,7064982401
20201109,"11:21:01","SZ","NB",28589366456,17794895982,46384262438,10794470474
20201109,"11:22:01","SH","NB",19266106711,12238250627,31504357338,7027856084
20201109,"11:22:01","SZ","NB",28704061018,17910206891,46614267909,10793854127
20201109,"11:23:01","SH","NB",19440824117,12295562915,31736387032,7145261202
20201109,"11:23:01","SZ","NB",28920100508,17959112312,46879212820,10960988196
20201109,"11:24:01","SH","NB",19574402927,12373896511,31948299438,7200506416
20201109,"11:24:01","SZ","NB",29065326814,18069306451,47134633265,10996020363
20201109,"11:25:01","SZ","NB",29153658360,18133076210,47286734570,11020582150
20201109,"11:25:01","SH","NB",19663729460,12428771684,32092501144,7234957776
20201109,"11:26:01","SH","NB",19754534361,12515721277,32270255638,7238813084
20201109,"11:26:01","SZ","NB",29235031708,18236310537,47471342245,10998721171
20201109,"11:27:01","SH","NB",19806034375,12602106370,32408140745,7203928005
20201109,"11:27:01","SZ","NB",29320742687,18325590700,47646333387,10995151987
20201109,"11:28:01","SH","NB",19932319126,12641400257,32573719383,7290918869
20201109,"11:28:01","SZ","NB",29422140713,18371608768,47793749481,11050531945
20201109,"11:29:01","SH","NB",20001694372,12683027265,32684721637,7318667107
20201109,"11:29:01","SZ","NB",29492421331,18414222551,47906643882,11078198780
20201109,"11:30:01","SH","NB",20045508836,12717302465,32762811301,7328206371
20201109,"11:30:01","SZ","NB",29550488859,18447985002,47998473861,11102503857
20201109,"11:31:01","SH","NB",20045580136,12717303072,32762883208,7328277064
20201109,"13:00:01","SZ","NB",29573168324,18472547261,48045715585,11100621063
20201109,"13:01:01","SZ","NB",29931554228,18750623009,48682177237,11180931219
20201109,"13:01:01","SH","NB",20298994826,12982927940,33281922766,7316066886
20201109,"13:02:01","SH","NB",20405064927,13083282826,33488347753,7321782101
20201109,"13:02:01","SZ","NB",30055601933,18860856093,48916458026,11194745840
20201109,"13:03:01","SH","NB",20551601014,13168728216,33720329230,7382872798
20201109,"13:03:01","SZ","NB",30216098692,18978128287,49194226979,11237970405
20201109,"13:04:01","SH","NB",20658001317,13240899324,33898900641,7417101993
20201109,"13:04:01","SZ","NB",30320672803,19070151438,49390824241,11250521365
20201109,"13:05:01","SH","NB",20777703725,13294829179,34072532904,7482874546
20201109,"13:05:01","SZ","NB",30443837860,19134418478,49578256338,11309419382
20201109,"13:06:01","SH","NB",20874077727,13489894702,34363972429,7384183025
20201109,"13:06:01","SZ","NB",30569603635,19346139337,49915742972,11223464298
20201109,"13:07:01","SH","NB",20946318191,13615703599,34562021790,7330614592
20201109,"13:07:01","SZ","NB",30678982641,19486588232,50165570873,11192394409
20201109,"13:08:01","SH","NB",21041334998,13671658515,34712993513,7369676483
20201109,"13:08:01","SZ","NB",30786100730,19561167941,50347268671,11224932789
20201109,"13:09:01","SH","NB",21132213526,13722164213,34854377739,7410049313
20201109,"13:09:01","SZ","NB",30874232032,19625208669,50499440701,11249023363
20201109,"13:10:01","SZ","NB",31010286213,19692837062,50703123275,11317449151
20201109,"13:10:01","SH","NB",21235592558,13764025335,34999617893,7471567223
20201109,"13:11:01","SH","NB",21379298329,13840098051,35219396380,7539200278
20201109,"13:11:01","SZ","NB",31262305993,19803894486,51066200479,11458411507
20201109,"13:12:01","SH","NB",21443315146,13976375593,35419690739,7466939553
20201109,"13:12:01","SZ","NB",31343867927,19960917631,51304785558,11382950296
20201109,"13:13:01","SH","NB",21530047384,14205505692,35735553076,7324541692
20201109,"13:13:01","SZ","NB",31427768617,20245560426,51673329043,11182208191
20201109,"13:14:01","SH","NB",21598595185,14302923356,35901518541,7295671829
20201109,"13:14:01","SZ","NB",31523881825,20356314930,51880196755,11167566895
20201109,"13:15:01","SH","NB",21671416951,14350420370,36021837321,7320996581
20201109,"13:15:01","SZ","NB",31638682493,20430794751,52069477244,11207887742
20201109,"13:16:01","SZ","NB",31717087810,20502457100,52219544910,11214630710
20201109,"13:16:01","SH","NB",21716221008,14390695243,36106916251,7325525765
20201109,"13:17:01","SH","NB",21792810003,14433670438,36226480441,7359139565
20201109,"13:17:01","SZ","NB",31851453096,20580943076,52432396172,11270510020
20201109,"13:18:01","SH","NB",21866594361,14463175185,36329769546,7403419176
20201109,"13:18:01","SZ","NB",31934439319,20644436490,52578875809,11290002829
20201109,"13:19:01","SH","NB",21922773361,14497900746,36420674107,7424872615
20201109,"13:19:01","SZ","NB",32036363199,20689308646,52725671845,11347054553
20201109,"13:20:01","SH","NB",21997665527,14530734790,36528400317,7466930737
20201109,"13:20:01","SZ","NB",32146047553,20761108503,52907156056,11384939050
20201109,"13:21:01","SH","NB",22143682135,14613653337,36757335472,7530028798
20201109,"13:21:01","SZ","NB",32328741142,20893339128,53222080270,11435402014
20201109,"13:22:01","SH","NB",22207625387,14689529451,36897154838,7518095936
20201109,"13:22:01","SZ","NB",32416578304,21026393985,53442972289,11390184319
20201109,"13:23:01","SH","NB",22312473010,14734036977,37046509987,7578436033
20201109,"13:23:01","SZ","NB",32510854241,21089808287,53600662528,11421045954
20201109,"13:24:01","SZ","NB",32599178049,21198627376,53797805425,11400550673
20201109,"13:24:01","SH","NB",22370800794,14808465721,37179266515,7562335073
20201109,"13:25:01","SH","NB",22423393960,14858022725,37281416685,7565371235
20201109,"13:25:01","SZ","NB",32664365404,21283732196,53948097600,11380633208
20201109,"13:26:01","SH","NB",22467420630,14915409034,37382829664,7552011596
20201109,"13:26:01","SZ","NB",32736272490,21353625218,54089897708,11382647272
20201109,"13:27:01","SH","NB",22517340947,14953525903,37470866850,7563815044
20201109,"13:27:01","SZ","NB",32834184433,21426259738,54260444171,11407924695
20201109,"13:28:01","SH","NB",22571470752,15007165772,37578636524,7564304980
20201109,"13:28:01","SZ","NB",32907656154,21490827767,54398483921,11416828387
20201109,"13:29:01","SZ","NB",32975170994,21578033532,54553204526,11397137462
20201109,"13:29:01","SH","NB",22633553807,15071434319,37704988126,7562119488
20201109,"13:30:01","SH","NB",22712352171,15165047406,37877399577,7547304765
20201109,"13:30:01","SZ","NB",33040212573,21698590780,54738803353,11341621793
20201109,"13:31:01","SZ","NB",33159034431,21794734500,54953768931,11364299931
20201109,"13:31:01","SH","NB",22841889615,15228608373,38070497988,7613281242
20201109,"13:32:01","SH","NB",22924344477,15278257378,38202601855,7646087099
20201109,"13:32:01","SZ","NB",33241180030,21891663747,55132843777,11349516283
20201109,"13:33:01","SH","NB",22979952153,15330062619,38310014772,7649889534
20201109,"13:33:01","SZ","NB",33329588103,21990776543,55320364646,11338811560
20201109,"13:34:01","SH","NB",23039876556,15397096445,38436973001,7642780111
20201109,"13:34:01","SZ","NB",33438489116,22084303122,55522792238,11354185994
20201109,"13:35:01","SH","NB",23106113814,15454231114,38560344928,7651882700
20201109,"13:35:01","SZ","NB",33520783119,22193076550,55713859669,11327706569
20201109,"13:36:01","SH","NB",23155824592,15508808227,38664632819,7647016365
20201109,"13:36:01","SZ","NB",33602470148,22310491357,55912961505,11291978791
20201109,"13:37:01","SH","NB",23208406478,15559746806,38768153284,7648659672
20201109,"13:37:01","SZ","NB",33689033885,22378257940,56067291825,11310775945
20201109,"13:38:01","SH","NB",23268841954,15595876340,38864718294,7672965614
20201109,"13:38:01","SZ","NB",33800236289,22430791035,56231027324,11369445254
20201109,"13:39:01","SH","NB",23309736982,15633755141,38943492123,7675981841
20201109,"13:39:01","SZ","NB",33873227817,22491762389,56364990206,11381465428
20201109,"13:40:01","SH","NB",23358368769,15668773199,39027141968,7689595570
20201109,"13:40:01","SZ","NB",33933706606,22547761753,56481468359,11385944853
20201109,"13:41:01","SZ","NB",34020218762,22735821103,56756039865,11284397659
20201109,"13:41:01","SH","NB",23449352002,15804359037,39253711039,7644992965
20201109,"13:42:01","SH","NB",23507735471,15853421321,39361156792,7654314150
20201109,"13:42:01","SZ","NB",34087825905,22809868693,56897694598,11277957212
20201109,"13:43:01","SH","NB",23570778228,15887498923,39458277151,7683279305
20201109,"13:43:01","SZ","NB",34165187798,22862587480,57027775278,11302600318
20201109,"13:44:01","SH","NB",23702391749,15927457333,39629849082,7774934416
20201109,"13:44:01","SZ","NB",34294958462,22912763461,57207721923,11382195001
20201109,"13:45:01","SH","NB",23795342290,15968103183,39763445473,7827239107
20201109,"13:45:01","SZ","NB",34427253513,22969200672,57396454185,11458052841
20201109,"13:46:01","SH","NB",23849342209,16019044731,39868386940,7830297478
20201109,"13:46:01","SZ","NB",34487939317,23039109643,57527048960,11448829674
20201109,"13:47:01","SH","NB",23890528667,16083377427,39973906094,7807151240
20201109,"13:47:01","SZ","NB",34545129130,23146242485,57691371615,11398886645
20201109,"13:48:01","SH","NB",23938930658,16137911162,40076841820,7801019496
20201109,"13:48:01","SZ","NB",34589381630,23203188518,57792570148,11386193112
20201109,"13:49:01","SH","NB",23982704306,16180357340,40163061646,7802346966
20201109,"13:49:01","SZ","NB",34637050315,23267718792,57904769107,11369331523
20201109,"13:50:01","SH","NB",24036221125,16211301054,40247522179,7824920071
20201109,"13:50:01","SZ","NB",34697360330,23309188892,58006549222,11388171438
20201109,"13:51:01","SZ","NB",34848464193,23379186016,58227650209,11469278177
20201109,"13:51:01","SH","NB",24155220115,16266336782,40421556897,7888883333
20201109,"13:52:01","SH","NB",24210999698,16329211938,40540211636,7881787760
20201109,"13:52:01","SZ","NB",34918932410,23470034496,58388966906,11448897914
20201109,"13:53:01","SH","NB",24265744367,16375845149,40641589516,7889899218
20201109,"13:53:01","SZ","NB",34973568167,23526126859,58499695026,11447441308
20201109,"13:54:01","SH","NB",24329736215,16426566421,40756302636,7903169794
20201109,"13:54:01","SZ","NB",35040446751,23591695125,58632141876,11448751626
20201109,"13:55:01","SH","NB",24382512836,16512298799,40894811635,7870214037
20201109,"13:55:01","SZ","NB",35083578500,23700222525,58783801025,11383355975
20201109,"13:56:01","SZ","NB",35170663373,23758114985,58928778358,11412548388
20201109,"13:56:01","SH","NB",24439539884,16552796057,40992335941,7886743827
20201109,"13:57:01","SH","NB",24538319113,16578133817,41116452930,7960185296
20201109,"13:57:01","SZ","NB",35275514346,23807661507,59083175853,11467852839
20201109,"13:58:01","SH","NB",24578845876,16620345610,41199191486,7958500266
20201109,"13:58:01","SZ","NB",35332569241,23873529232,59206098473,11459040009
20201109,"13:59:01","SH","NB",24633423485,16663568738,41296992223,7969854747
20201109,"13:59:01","SZ","NB",35391383953,23926827819,59318211772,11464556134
20201109,"14:00:01","SH","NB",24676389854,16711229209,41387619063,7965160645
20201109,"14:00:01","SZ","NB",35459353818,23977800583,59437154401,11481553235
20201109,"14:01:01","SH","NB",24762172077,16792681439,41554853516,7969490638
20201109,"14:01:01","SZ","NB",35558667178,24072521865,59631189043,11486145313
20201109,"14:02:01","SZ","NB",35622816098,24142014314,59764830412,11480801784
20201109,"14:02:01","SH","NB",24830046086,16860145250,41690191336,7969900836
20201109,"14:03:01","SH","NB",24884463464,17051696437,41936159901,7832767027
20201109,"14:03:01","SZ","NB",35686552653,24363286635,60049839288,11323266018
20201109,"14:04:01","SH","NB",24965258039,17121075110,42086333149,7844182929
20201109,"14:04:01","SZ","NB",35770876195,24430268320,60201144515,11340607875
20201109,"14:05:01","SZ","NB",35881380601,24499767954,60381148555,11381612647
20201109,"14:05:01","SH","NB",25043661755,17164559447,42208221202,7879102308
20201109,"14:06:01","SH","NB",25089912061,17198210554,42288122615,7891701507
20201109,"14:06:01","SZ","NB",35939124788,24572181759,60511306547,11366943029
20201109,"14:07:01","SH","NB",25159749447,17249981770,42409731217,7909767677
20201109,"14:07:01","SZ","NB",36004309360,24629729969,60634039329,11374579391
20201109,"14:08:01","SH","NB",25218961458,17327354135,42546315593,7891607323
20201109,"14:08:01","SZ","NB",36078279009,24764121768,60842400777,11314157241
20201109,"14:09:01","SH","NB",25273665041,17411013369,42684678410,7862651672
20201109,"14:09:01","SZ","NB",36148364344,24901077162,61049441506,11247287182
20201109,"14:10:01","SH","NB",25351836874,17627682896,42979519770,7724153978
20201109,"14:10:01","SZ","NB",36254940178,25163318080,61418258258,11091622098
20201109,"14:11:01","SH","NB",25515912257,17820975429,43336887686,7694936828
20201109,"14:11:01","SZ","NB",36552074755,25368346994,61920421749,11183727761
20201109,"14:12:01","SH","NB",25588855926,17860807023,43449662949,7728048903
20201109,"14:12:01","SZ","NB",36661907578,25429020687,62090928265,11232886891
20201109,"14:13:01","SH","NB",25650934875,17896463698,43547398573,7754471177
20201109,"14:13:01","SZ","NB",36753083268,25491290980,62244374248,11261792288
20201109,"14:14:01","SZ","NB",36806247006,25541340325,62347587331,11264906681
20201109,"14:14:01","SH","NB",25692674136,17938473714,43631147850,7754200422
20201109,"14:15:01","SH","NB",25745216418,17979350956,43724567374,7765865462
20201109,"14:15:01","SZ","NB",36867961607,25602990478,62470952085,11264971129
20201109,"14:16:01","SH","NB",25801646384,18006188207,43807834591,7795458177
20201109,"14:16:01","SZ","NB",36942023905,25646868539,62588892444,11295155366
20201109,"14:17:01","SZ","NB",37023928900,25709766531,62733695431,11314162369
20201109,"14:17:01","SH","NB",25857304461,18047074993,43904379454,7810229468
20201109,"14:18:01","SH","NB",25920480559,18095010922,44015491481,7825469637
20201109,"14:18:01","SZ","NB",37075146870,25780184830,62855331700,11294962040
20201109,"14:19:01","SH","NB",25978834226,18136899288,44115733514,7841934938
20201109,"14:19:01","SZ","NB",37144886580,25834439966,62979326546,11310446614
20201109,"14:20:01","SH","NB",26022550109,18189816176,44212366285,7832733933
20201109,"14:20:01","SZ","NB",37208811198,25881078933,63089890131,11327732265
20201109,"14:21:01","SH","NB",26095910444,18297745594,44393656038,7798164850
20201109,"14:21:01","SZ","NB",37325491931,26000517396,63326009327,11324974535
20201109,"14:22:01","SH","NB",26183835433,18337635754,44521471187,7846199679
20201109,"14:22:01","SZ","NB",37428225825,26057484656,63485710481,11370741169
20201109,"14:23:01","SH","NB",26258551007,18382666534,44641217541,7875884473
20201109,"14:23:01","SZ","NB",37501639971,26131232638,63632872609,11370407333
20201109,"14:24:01","SH","NB",26317643692,18434265555,44751909247,7883378137
20201109,"14:24:01","SZ","NB",37565534194,26190216817,63755751011,11375317377
20201109,"14:25:01","SZ","NB",37622380807,26255456731,63877837538,11366924076
20201109,"14:25:01","SH","NB",26366394900,18471317986,44837712886,7895076914
20201109,"14:26:01","SH","NB",26419873263,18522474368,44942347631,7897398895
20201109,"14:26:01","SZ","NB",37680638299,26333593105,64014231404,11347045194
20201109,"14:27:01","SH","NB",26465863573,18557026040,45022889613,7908837533
20201109,"14:27:01","SZ","NB",37744445648,26398139015,64142584663,11346306633
20201109,"14:28:01","SH","NB",26511277484,18593757102,45105034586,7917520382
20201109,"14:28:01","SZ","NB",37806960896,26473139254,64280100150,11333821642
20201109,"14:29:01","SH","NB",26554612482,18662918477,45217530959,7891694005
20201109,"14:29:01","SZ","NB",37858472449,26557060756,64415533205,11301411693
20201109,"14:30:01","SZ","NB",37941999660,26619632736,64561632396,11322366924
20201109,"14:30:01","SH","NB",26602871201,18716019239,45318890440,7886851962
20201109,"14:31:01","SH","NB",26718941189,18819531128,45538472317,7899410061
20201109,"14:31:01","SZ","NB",38101071334,26753126382,64854197716,11347944952
20201109,"14:32:01","SH","NB",26795689932,18877205203,45672895135,7918484729
20201109,"14:32:01","SZ","NB",38209144436,26850572732,65059717168,11358571704
20201109,"14:33:01","SZ","NB",38283921705,26934740820,65218662525,11349180885
20201109,"14:33:01","SH","NB",26862769266,18925485595,45788254861,7937283671
20201109,"14:34:01","SH","NB",26929293268,18974041959,45903335227,7955251309
20201109,"14:34:01","SZ","NB",38389613789,27021995125,65411608914,11367618664
20201109,"14:35:01","SH","NB",27000979466,19046483519,46047462985,7954495947
20201109,"14:35:01","SZ","NB",38485526228,27119185584,65604711812,11366340644
20201109,"14:36:01","SH","NB",27071586599,19169402862,46240989461,7902183737
20201109,"14:36:01","SZ","NB",38570506046,27242883863,65813389909,11327622183
20201109,"14:37:01","SH","NB",27147874419,19288691761,46436566180,7859182658
20201109,"14:37:01","SZ","NB",38671214386,27339885893,66011100279,11331328493
20201109,"14:38:01","SH","NB",27206278359,19392407236,46598685595,7813871123
20201109,"14:38:01","SZ","NB",38752644655,27467340734,66219985389,11285303921
20201109,"14:39:01","SH","NB",27288159977,19502619381,46790779358,7785540596
20201109,"14:39:01","SZ","NB",38853509902,27568886194,66422396096,11284623708
20201109,"14:40:01","SH","NB",27362458500,19610935786,46973394286,7751522714
20201109,"14:40:01","SZ","NB",38942876748,27685832454,66628709202,11257044294
20201109,"14:41:01","SZ","NB",39112492665,27848225077,66960717742,11264267588
20201109,"14:41:01","SH","NB",27497566091,19763885047,47261451138,7733681044
20201109,"14:42:01","SH","NB",27596405626,19838991153,47435396779,7757414473
20201109,"14:42:01","SZ","NB",39239970543,27956400908,67196371451,11283569635
20201109,"14:43:01","SH","NB",27669179025,19886683147,47555862172,7782495878
20201109,"14:43:01","SZ","NB",39350128599,28013912034,67364040633,11336216565
20201109,"14:44:01","SH","NB",27761829929,19930853596,47692683525,7830976333
20201109,"14:44:01","SZ","NB",39466912164,28102114843,67569027007,11364797321
20201109,"14:45:01","SH","NB",27842372671,19991821169,47834193840,7850551502
20201109,"14:45:01","SZ","NB",39586981324,28185546635,67772527959,11401434689
20201109,"14:46:01","SH","NB",27921819436,20050128107,47971947543,7871691329
20201109,"14:46:01","SZ","NB",39694464229,28275076892,67969541121,11419387337
20201109,"14:47:01","SZ","NB",39797935383,28370136324,68168071707,11427799059
20201109,"14:47:01","SH","NB",28000821841,20101814255,48102636096,7899007586
20201109,"14:48:01","SH","NB",28085066654,20159295002,48244361656,7925771652
20201109,"14:48:01","SZ","NB",39920988329,28480877171,68401865500,11440111158
20201109,"14:49:01","SH","NB",28146694389,20229095353,48375789742,7917599036
20201109,"14:49:01","SZ","NB",40015514634,28591943112,68607457746,11423571522
20201109,"14:50:01","SH","NB",28213883317,20280992646,48494875963,7932890671
20201109,"14:50:01","SZ","NB",40092848676,28676500716,68769349392,11416347960
20201109,"14:51:01","SH","NB",28353669882,20366412380,48720082262,7987257502
20201109,"14:51:01","SZ","NB",40269528204,28786790410,69056318614,11482737794
20201109,"14:52:01","SH","NB",28438243561,20443302680,48881546241,7994940881
20201109,"14:52:01","SZ","NB",40406564834,28903686086,69310250920,11502878748
20201109,"14:53:01","SH","NB",28531152045,20520840585,49051992630,8010311460
20201109,"14:53:01","SZ","NB",40524096863,29009860163,69533957026,11514236700
20201109,"14:54:01","SH","NB",28639581600,20592756316,49232337916,8046825284
20201109,"14:54:01","SZ","NB",40672646441,29146693772,69819340213,11525952669
20201109,"14:55:01","SZ","NB",40812161276,29276114191,70088275467,11536047085
20201109,"14:55:01","SH","NB",28734120419,20666050252,49400170671,8068070167
20201109,"14:56:01","SH","NB",28860442370,20799668837,49660111207,8060773533
20201109,"14:56:01","SZ","NB",40976732601,29419029852,70395762453,11557702749
20201109,"14:57:01","SH","NB",28958724598,20916352805,49875077403,8042371793
20201109,"14:57:01","SZ","NB",41078482153,29539079066,70617561219,11539403087
20201109,"14:58:01","SH","NB",28962092376,20920648280,49882740656,8041444096
20201109,"14:58:01","SZ","NB",41081596987,29544377899,70625974886,11537219088
20201109,"15:00:01","SZ","NB",41184212108,29642923868,70827135976,11541288240
20201109,"15:01:01","SH","NB",29413490067,21329961277,50743451344,8083528790
20201109,"15:01:01","SZ","NB",41617346773,30001702937,71619049710,11615643836
