dataDate,dataTime,connectMarket,tradeDirection,buyTurnover,sellTurnover,totalTurnover,netTurnover
20191009,"09:30:01","SH","NB",66654362,130787883,197442245,-64133521
20191009,"09:30:01","SZ","NB",24540228,48448012,72988240,-23907784
20191009,"09:31:01","SH","NB",175242192,322609895,497852087,-147367703
20191009,"09:31:01","SZ","NB",153472906,279376433,432849339,-125903527
20191009,"09:32:01","SH","NB",274617760,455351232,729968992,-180733472
20191009,"09:32:01","SZ","NB",307363632,452533250,759896882,-145169618
20191009,"09:33:01","SH","NB",348147023,552679502,900826525,-204532479
20191009,"09:33:01","SZ","NB",437096067,582235539,1019331606,-145139472
20191009,"09:34:01","SH","NB",428674234,679549818,1108224052,-250875584
20191009,"09:34:01","SZ","NB",585508489,730918360,1316426849,-145409871
20191009,"09:35:01","SH","NB",535557660,774597220,1310154880,-239039560
20191009,"09:35:01","SZ","NB",822803913,824352723,1647156636,-1548810
20191009,"09:36:01","SZ","NB",923190108,968104711,1891294819,-44914603
20191009,"09:36:01","SH","NB",597238564,909717228,1506955792,-312478664
20191009,"09:37:01","SH","NB",679114234,986842299,1665956533,-307728065
20191009,"09:37:01","SZ","NB",1066746919,1068122463,2134869382,-1375544
20191009,"09:38:01","SH","NB",731126374,1099442247,1830568621,-368315873
20191009,"09:38:01","SZ","NB",1157171143,1201527859,2358699002,-44356716
20191009,"09:39:01","SH","NB",787804427,1177335885,1965140312,-389531458
20191009,"09:39:01","SZ","NB",1258411919,1272860343,2531272262,-14448424
20191009,"09:40:01","SH","NB",843722526,1296807287,2140529813,-453084761
20191009,"09:40:01","SZ","NB",1341915242,1415886990,2757802232,-73971748
20191009,"09:41:01","SH","NB",934650599,1382932528,2317583127,-448281929
20191009,"09:41:01","SZ","NB",1520073588,1505946099,3026019687,14127489
20191009,"09:42:01","SH","NB",996724078,1471607086,2468331164,-474883008
20191009,"09:42:01","SZ","NB",1609033024,1599673614,3208706638,9359410
20191009,"09:43:01","SH","NB",1056783066,1535911549,2592694615,-479128483
20191009,"09:43:01","SZ","NB",1701495185,1658457275,3359952460,43037910
20191009,"09:44:01","SZ","NB",1757930837,1791659848,3549590685,-33729011
20191009,"09:44:01","SH","NB",1104351729,1662823127,2767174856,-558471398
20191009,"09:45:01","SH","NB",1151238209,1746834801,2898073010,-595596592
20191009,"09:45:01","SZ","NB",1824330895,1870296473,3694627368,-45965578
20191009,"09:46:01","SH","NB",1199342971,1898699678,3098042649,-699356707
20191009,"09:46:01","SZ","NB",1894370641,2002944375,3897315016,-108573734
20191009,"09:47:01","SH","NB",1278774471,1966136367,3244910838,-687361896
20191009,"09:47:01","SZ","NB",2065217314,2083296649,4148513963,-18079335
20191009,"09:48:01","SH","NB",1344498140,2038688493,3383186633,-694190353
20191009,"09:48:01","SZ","NB",2159484737,2165035211,4324519948,-5550474
20191009,"09:49:01","SZ","NB",2240786268,2223925040,4464711308,16861228
20191009,"09:49:01","SH","NB",1395544115,2096629511,3492173626,-701085396
20191009,"09:50:01","SH","NB",1456752530,2157345216,3614097746,-700592686
20191009,"09:50:01","SZ","NB",2334660691,2283647742,4618308433,51012949
20191009,"09:51:01","SH","NB",1518466204,2228593444,3747059648,-710127240
20191009,"09:51:01","SZ","NB",2428239108,2353466577,4781705685,74772531
20191009,"09:52:01","SH","NB",1562354329,2318925027,3881279356,-756570698
20191009,"09:52:01","SZ","NB",2502478191,2465274887,4967753078,37203304
20191009,"09:53:01","SH","NB",1623813962,2372571919,3996385881,-748757957
20191009,"09:53:01","SZ","NB",2565477345,2539247543,5104724888,26229802
20191009,"09:54:01","SH","NB",1668585423,2439394627,4107980050,-770809204
20191009,"09:54:01","SZ","NB",2627250029,2601677636,5228927665,25572393
20191009,"09:55:01","SH","NB",1723934301,2518041287,4241975588,-794106986
20191009,"09:55:01","SZ","NB",2683167511,2675515568,5358683079,7651943
20191009,"09:56:01","SH","NB",1769021764,2631053605,4400075369,-862031841
20191009,"09:56:01","SZ","NB",2733650325,2805239576,5538889901,-71589251
20191009,"09:57:01","SZ","NB",2801333226,2854126099,5655459325,-52792873
20191009,"09:57:01","SH","NB",1828407843,2681876377,4510284220,-853468534
20191009,"09:58:01","SH","NB",1872829078,2743362973,4616192051,-870533895
20191009,"09:58:01","SZ","NB",2852868286,2906457260,5759325546,-53588974
20191009,"09:59:01","SH","NB",1924720588,2815977863,4740698451,-891257275
20191009,"09:59:01","SZ","NB",2900302882,2984159515,5884462397,-83856633
20191009,"10:00:01","SH","NB",1959137703,2879174345,4838312048,-920036642
20191009,"10:00:01","SZ","NB",2941080770,3044703615,5985784385,-103622845
20191009,"10:01:01","SH","NB",2033512549,2962359053,4995871602,-928846504
20191009,"10:01:01","SZ","NB",3057671587,3095980889,6153652476,-38309302
20191009,"10:02:01","SH","NB",2086994580,3032381551,5119376131,-945386971
20191009,"10:02:01","SZ","NB",3132588270,3142434816,6275023086,-9846546
20191009,"10:03:01","SH","NB",2128534854,3125925694,5254460548,-997390840
20191009,"10:03:01","SZ","NB",3176389223,3211610403,6387999626,-35221180
20191009,"10:04:01","SH","NB",2168481154,3182913404,5351394558,-1014432250
20191009,"10:04:01","SZ","NB",3217026864,3260268966,6477295830,-43242102
20191009,"10:05:01","SZ","NB",3256196120,3293392078,6549588198,-37195958
20191009,"10:05:01","SH","NB",2208975390,3238094362,5447069752,-1029118972
20191009,"10:06:01","SH","NB",2253172566,3296655734,5549828300,-1043483168
20191009,"10:06:01","SZ","NB",3304249117,3324083556,6628332673,-19834439
20191009,"10:07:01","SH","NB",2303244529,3340681036,5643925565,-1037436507
20191009,"10:07:01","SZ","NB",3345602157,3357968766,6703570923,-12366609
20191009,"10:08:01","SH","NB",2344926932,3380627070,5725554002,-1035700138
20191009,"10:08:01","SZ","NB",3388293642,3387320866,6775614508,972776
20191009,"10:09:01","SH","NB",2399925108,3425375696,5825300804,-1025450588
20191009,"10:09:01","SZ","NB",3428445804,3422261994,6850707798,6183810
20191009,"10:10:01","SH","NB",2464638774,3478410453,5943049227,-1013771679
20191009,"10:10:01","SZ","NB",3461521187,3459886230,6921407417,1634957
20191009,"10:11:01","SH","NB",2557210492,3553762632,6110973124,-996552140
20191009,"10:11:01","SZ","NB",3522901020,3506014601,7028915621,16886419
20191009,"10:12:01","SH","NB",2608362626,3656109081,6264471707,-1047746455
20191009,"10:12:01","SZ","NB",3561377206,3572626040,7134003246,-11248834
20191009,"10:13:01","SH","NB",2647357661,3694431139,6341788800,-1047073478
20191009,"10:13:01","SZ","NB",3594115811,3613363382,7207479193,-19247571
20191009,"10:14:01","SZ","NB",3625353414,3648057591,7273411005,-22704177
20191009,"10:14:01","SH","NB",2685336311,3740858328,6426194639,-1055522017
20191009,"10:15:01","SH","NB",2728533132,3811417323,6539950455,-1082884191
20191009,"10:15:01","SZ","NB",3648171946,3677679222,7325851168,-29507276
20191009,"10:16:01","SH","NB",2777174474,3861323500,6638497974,-1084149026
20191009,"10:16:01","SZ","NB",3679126102,3716088834,7395214936,-36962732
20191009,"10:17:01","SH","NB",2818215703,3982270395,6800486098,-1164054692
20191009,"10:17:01","SZ","NB",3716154101,3850049882,7566203983,-133895781
20191009,"10:18:01","SH","NB",2856128477,4030983814,6887112291,-1174855337
20191009,"10:18:01","SZ","NB",3754245199,3911387603,7665632802,-157142404
20191009,"10:19:01","SH","NB",2909384928,4074227179,6983612107,-1164842251
20191009,"10:19:01","SZ","NB",3782370983,3939368004,7721738987,-156997021
20191009,"10:20:01","SZ","NB",3813389483,3977400215,7790789698,-164010732
20191009,"10:20:01","SH","NB",2940490348,4112732674,7053223022,-1172242326
20191009,"10:21:01","SH","NB",2973279311,4172318073,7145597384,-1199038762
20191009,"10:21:01","SZ","NB",3845063966,4040613791,7885677757,-195549825
20191009,"10:22:01","SH","NB",3028279695,4218136678,7246416373,-1189856983
20191009,"10:22:01","SZ","NB",3889531989,4084060642,7973592631,-194528653
20191009,"10:23:01","SH","NB",3102243735,4276693577,7378937312,-1174449842
20191009,"10:23:01","SZ","NB",3960729852,4120663951,8081393803,-159934099
20191009,"10:24:01","SH","NB",3172256251,4322181321,7494437572,-1149925070
20191009,"10:24:01","SZ","NB",4026230860,4153541836,8179772696,-127310976
20191009,"10:25:01","SH","NB",3248106690,4388816690,7636923380,-1140710000
20191009,"10:25:01","SZ","NB",4060991675,4194250344,8255242019,-133258669
20191009,"10:26:01","SH","NB",3304113849,4455545085,7759658934,-1151431236
20191009,"10:26:01","SZ","NB",4091497289,4252033898,8343531187,-160536609
20191009,"10:27:01","SH","NB",3348344698,4518129681,7866474379,-1169784983
20191009,"10:27:01","SZ","NB",4115170602,4288441534,8403612136,-173270932
20191009,"10:28:01","SZ","NB",4140808139,4339608532,8480416671,-198800393
20191009,"10:28:01","SH","NB",3401718585,4589357126,7991075711,-1187638541
20191009,"10:29:01","SH","NB",3446532259,4639569913,8086102172,-1193037654
20191009,"10:29:01","SZ","NB",4161333860,4387120199,8548454059,-225786339
20191009,"10:30:01","SH","NB",3484280464,4688824349,8173104813,-1204543885
20191009,"10:30:01","SZ","NB",4247682748,4423325447,8671008195,-175642699
20191009,"10:31:01","SH","NB",3554255527,4737914759,8292170286,-1183659232
20191009,"10:31:01","SZ","NB",4311950145,4471234440,8783184585,-159284295
20191009,"10:32:01","SZ","NB",4339218463,4523738934,8862957397,-184520471
20191009,"10:32:01","SH","NB",3601365151,4803033001,8404398152,-1201667850
20191009,"10:33:01","SH","NB",3627331778,4854829227,8482161005,-1227497449
20191009,"10:33:01","SZ","NB",4372076310,4556242064,8928318374,-184165754
20191009,"10:34:01","SH","NB",3667073760,4903817140,8570890900,-1236743380
20191009,"10:34:01","SZ","NB",4399256938,4588334792,8987591730,-189077854
20191009,"10:35:01","SH","NB",3718142628,4949378768,8667521396,-1231236140
20191009,"10:35:01","SZ","NB",4435383492,4622778137,9058161629,-187394645
20191009,"10:36:01","SH","NB",3774299715,5007001902,8781301617,-1232702187
20191009,"10:36:01","SZ","NB",4482125763,4674573680,9156699443,-192447917
20191009,"10:37:01","SH","NB",3816041376,5111662418,8927703794,-1295621042
20191009,"10:37:01","SZ","NB",4522941015,4771130090,9294071105,-248189075
20191009,"10:38:01","SZ","NB",4548840325,4834805128,9383645453,-285964803
20191009,"10:38:01","SH","NB",3847811551,5179963177,9027774728,-1332151626
20191009,"10:39:01","SH","NB",3877597116,5231586180,9109183296,-1353989064
20191009,"10:39:01","SZ","NB",4577761647,4871990601,9449752248,-294228954
20191009,"10:40:01","SH","NB",3905634231,5288901759,9194535990,-1383267528
20191009,"10:40:01","SZ","NB",4599051226,4920406852,9519458078,-321355626
20191009,"10:41:01","SH","NB",3934880890,5333916182,9268797072,-1399035292
20191009,"10:41:01","SZ","NB",4639628708,4960570711,9600199419,-320942003
20191009,"10:42:01","SH","NB",3970429306,5368440884,9338870190,-1398011578
20191009,"10:42:01","SZ","NB",4662742561,4991158835,9653901396,-328416274
20191009,"10:43:01","SH","NB",3995136999,5398162233,9393299232,-1403025234
20191009,"10:43:01","SZ","NB",4686208435,5020132506,9706340941,-333924071
20191009,"10:44:01","SH","NB",4020116543,5445028732,9465145275,-1424912189
20191009,"10:44:01","SZ","NB",4709903010,5073933858,9783836868,-364030848
20191009,"10:45:01","SZ","NB",4738359777,5128902339,9867262116,-390542562
20191009,"10:45:01","SH","NB",4044606361,5508528697,9553135058,-1463922336
20191009,"10:46:01","SH","NB",4069696317,5533997082,9603693399,-1464300765
20191009,"10:46:01","SZ","NB",4775577978,5156576688,9932154666,-380998710
20191009,"10:47:01","SH","NB",4092860678,5556764380,9649625058,-1463903702
20191009,"10:47:01","SZ","NB",4806325881,5185447243,9991773124,-379121362
20191009,"10:48:01","SH","NB",4123044307,5585495548,9708539855,-1462451241
20191009,"10:48:01","SZ","NB",4827220474,5207944275,10035164749,-380723801
20191009,"10:49:01","SH","NB",4142400450,5610830123,9753230573,-1468429673
20191009,"10:49:01","SZ","NB",4859439280,5236240631,10095679911,-376801351
20191009,"10:50:01","SH","NB",4165368475,5633021903,9798390378,-1467653428
20191009,"10:50:01","SZ","NB",4886541544,5258715333,10145256877,-372173789
20191009,"10:51:01","SH","NB",4194276526,5655764463,9850040989,-1461487937
20191009,"10:51:01","SZ","NB",4927058543,5289836384,10216894927,-362777841
20191009,"10:52:01","SH","NB",4222748607,5677076743,9899825350,-1454328136
20191009,"10:52:01","SZ","NB",4983004170,5315169212,10298173382,-332165042
20191009,"10:53:01","SZ","NB",5026600065,5349240974,10375841039,-322640909
20191009,"10:53:01","SH","NB",4247117712,5705809332,9952927044,-1458691620
20191009,"10:54:01","SH","NB",4279210975,5768364093,10047575068,-1489153118
20191009,"10:54:01","SZ","NB",5057259078,5399143430,10456402508,-341884352
20191009,"10:55:01","SH","NB",4308542820,5800336019,10108878839,-1491793199
20191009,"10:55:01","SZ","NB",5090601886,5431327354,10521929240,-340725468
20191009,"10:56:01","SH","NB",4335847075,5824351974,10160199049,-1488504899
20191009,"10:56:01","SZ","NB",5131283132,5453435999,10584719131,-322152867
20191009,"10:57:01","SH","NB",4361420647,5848950232,10210370879,-1487529585
20191009,"10:57:01","SZ","NB",5166616024,5471014499,10637630523,-304398475
20191009,"10:58:01","SH","NB",4388205372,5870278623,10258483995,-1482073251
20191009,"10:58:01","SZ","NB",5192539572,5491602566,10684142138,-299062994
20191009,"10:59:01","SH","NB",4417716015,5898577121,10316293136,-1480861106
20191009,"10:59:01","SZ","NB",5216522886,5523273298,10739796184,-306750412
20191009,"11:00:01","SH","NB",4437371000,5933930301,10371301301,-1496559301
20191009,"11:00:01","SZ","NB",5242724812,5547237990,10789962802,-304513178
20191009,"11:01:01","SH","NB",4476069702,5960954310,10437024012,-1484884608
20191009,"11:01:01","SZ","NB",5297669066,5574465670,10872134736,-276796604
20191009,"11:02:01","SZ","NB",5368667344,5601790637,10970457981,-233123293
20191009,"11:02:01","SH","NB",4510651044,5989535657,10500186701,-1478884613
20191009,"11:03:01","SH","NB",4538371342,6015939441,10554310783,-1477568099
20191009,"11:03:01","SZ","NB",5415726859,5623191888,11038918747,-207465029
20191009,"11:04:01","SH","NB",4560602307,6037911939,10598514246,-1477309632
20191009,"11:04:01","SZ","NB",5448709411,5643250787,11091960198,-194541376
20191009,"11:05:01","SH","NB",4580207845,6061445805,10641653650,-1481237960
20191009,"11:05:01","SZ","NB",5473761058,5665054329,11138815387,-191293271
20191009,"11:06:01","SH","NB",4598055755,6089407972,10687463727,-1491352217
20191009,"11:06:01","SZ","NB",5498126145,5684924111,11183050256,-186797966
20191009,"11:07:01","SH","NB",4622421460,6110968236,10733389696,-1488546776
20191009,"11:07:01","SZ","NB",5545375222,5707272065,11252647287,-161896843
20191009,"11:08:01","SH","NB",4650932879,6135604024,10786536903,-1484671145
20191009,"11:08:01","SZ","NB",5583985372,5726247950,11310233322,-142262578
20191009,"11:09:01","SH","NB",4667850790,6156936068,10824786858,-1489085278
20191009,"11:09:01","SZ","NB",5608378219,5745804397,11354182616,-137426178
20191009,"11:10:01","SH","NB",4688993818,6180026684,10869020502,-1491032866
20191009,"11:10:01","SZ","NB",5625811749,5763329524,11389141273,-137517775
20191009,"11:11:01","SZ","NB",5644873906,5792176050,11437049956,-147302144
20191009,"11:11:01","SH","NB",4711795534,6206697400,10918492934,-1494901866
20191009,"11:12:01","SH","NB",4732705950,6226242649,10958948599,-1493536699
20191009,"11:12:01","SZ","NB",5664866009,5811575090,11476441099,-146709081
20191009,"11:13:01","SH","NB",4753138034,6243255445,10996393479,-1490117411
20191009,"11:13:01","SZ","NB",5686630589,5825231587,11511862176,-138600998
20191009,"11:14:01","SH","NB",4768900965,6260369031,11029269996,-1491468066
20191009,"11:14:01","SZ","NB",5704290638,5843424256,11547714894,-139133618
20191009,"11:15:01","SZ","NB",5719181145,5856041852,11575222997,-136860707
20191009,"11:15:01","SH","NB",4788522365,6276945424,11065467789,-1488423059
20191009,"11:16:01","SH","NB",4811385374,6298204404,11109589778,-1486819030
20191009,"11:16:01","SZ","NB",5738083317,5871485567,11609568884,-133402250
20191009,"11:17:01","SH","NB",4838557768,6325162347,11163720115,-1486604579
20191009,"11:17:01","SZ","NB",5756547949,5890633596,11647181545,-134085647
20191009,"11:18:01","SZ","NB",5782219697,5909996401,11692216098,-127776704
20191009,"11:18:01","SH","NB",4860504006,6348051407,11208555413,-1487547401
20191009,"11:19:01","SH","NB",4879080404,6366690329,11245770733,-1487609925
20191009,"11:19:01","SZ","NB",5805329820,5932847464,11738177284,-127517644
20191009,"11:20:01","SH","NB",4893802720,6381976232,11275778952,-1488173512
20191009,"11:20:01","SZ","NB",5822352735,5951129790,11773482525,-128777055
20191009,"11:21:01","SH","NB",4917601472,6405977340,11323578812,-1488375868
20191009,"11:21:01","SZ","NB",5852257117,5969968095,11822225212,-117710978
20191009,"11:22:01","SH","NB",4937120122,6422426180,11359546302,-1485306058
20191009,"11:22:01","SZ","NB",5873715797,5987763277,11861479074,-114047480
20191009,"11:23:01","SZ","NB",5890561109,6006733667,11897294776,-116172558
20191009,"11:23:01","SH","NB",4953797910,6439648531,11393446441,-1485850621
20191009,"11:24:01","SH","NB",4976709772,6458205214,11434914986,-1481495442
20191009,"11:24:01","SZ","NB",5907174852,6025420795,11932595647,-118245943
20191009,"11:25:01","SH","NB",4991277214,6473179540,11464456754,-1481902326
20191009,"11:25:01","SZ","NB",5923211678,6043668652,11966880330,-120456974
20191009,"11:26:01","SH","NB",5010571407,6499597785,11510169192,-1489026378
20191009,"11:26:01","SZ","NB",5939330436,6069780666,12009111102,-130450230
20191009,"11:27:01","SH","NB",5027401705,6514619358,11542021063,-1487217653
20191009,"11:27:01","SZ","NB",5959053315,6085004484,12044057799,-125951169
20191009,"11:28:01","SH","NB",5048085238,6534034948,11582120186,-1485949710
20191009,"11:28:01","SZ","NB",5977608557,6104291072,12081899629,-126682515
20191009,"11:29:01","SH","NB",5065450379,6554666888,11620117267,-1489216509
20191009,"11:29:01","SZ","NB",5997826334,6120350193,12118176527,-122523859
20191009,"11:30:01","SZ","NB",6009838335,6140262440,12150100775,-130424105
20191009,"11:30:01","SH","NB",5079150179,6569116148,11648266327,-1489965969
20191009,"11:31:01","SH","NB",5079187317,6569354712,11648542029,-1490167395
20191009,"11:31:01","SZ","NB",6009886351,6140360088,12150246439,-130473737
20191009,"13:01:01","SH","NB",5131850888,6647725284,11779576172,-1515874396
20191009,"13:01:01","SZ","NB",6062078487,6240725989,12302804476,-178647502
20191009,"13:02:01","SH","NB",5158956544,6676144448,11835100992,-1517187904
20191009,"13:02:01","SZ","NB",6114669486,6277183131,12391852617,-162513645
20191009,"13:03:01","SH","NB",5176661142,6695937676,11872598818,-1519276534
20191009,"13:03:01","SZ","NB",6135202075,6309529412,12444731487,-174327337
20191009,"13:04:01","SH","NB",5193454309,6718103679,11911557988,-1524649370
20191009,"13:04:01","SZ","NB",6152655816,6334272953,12486928769,-181617137
20191009,"13:05:01","SH","NB",5218211616,6747403742,11965615358,-1529192126
20191009,"13:05:01","SZ","NB",6173196829,6364155191,12537352020,-190958362
20191009,"13:06:01","SZ","NB",6194306529,6393636895,12587943424,-199330366
20191009,"13:06:01","SH","NB",5234143248,6771672009,12005815257,-1537528761
20191009,"13:07:01","SH","NB",5266093135,6792983380,12059076515,-1526890245
20191009,"13:07:01","SZ","NB",6246535312,6420567239,12667102551,-174031927
20191009,"13:08:01","SH","NB",5294511737,6810598287,12105110024,-1516086550
20191009,"13:08:01","SZ","NB",6271848681,6439294054,12711142735,-167445373
20191009,"13:09:01","SH","NB",5311717084,6831049655,12142766739,-1519332571
20191009,"13:09:01","SZ","NB",6295152865,6452852244,12748005109,-157699379
20191009,"13:10:01","SH","NB",5338557930,6855967674,12194525604,-1517409744
20191009,"13:10:01","SZ","NB",6312141833,6473563443,12785705276,-161421610
20191009,"13:11:01","SH","NB",5378500936,6877197609,12255698545,-1498696673
20191009,"13:11:01","SZ","NB",6356135643,6503900337,12860035980,-147764694
20191009,"13:12:01","SH","NB",5398642283,6906905075,12305547358,-1508262792
20191009,"13:12:01","SZ","NB",6380618777,6530106129,12910724906,-149487352
20191009,"13:13:01","SH","NB",5417389793,6927495278,12344885071,-1510105485
20191009,"13:13:01","SZ","NB",6400936089,6550715881,12951651970,-149779792
20191009,"13:14:01","SH","NB",5433196899,6943869261,12377066160,-1510672362
20191009,"13:14:01","SZ","NB",6422874209,6569371290,12992245499,-146497081
20191009,"13:15:01","SH","NB",5451181334,6967614155,12418795489,-1516432821
20191009,"13:15:01","SZ","NB",6448661567,6591094099,13039755666,-142432532
20191009,"13:16:01","SZ","NB",6472174203,6605805330,13077979533,-133631127
20191009,"13:16:01","SH","NB",5470479978,6999311539,12469791517,-1528831561
20191009,"13:17:01","SH","NB",5496577240,7032155172,12528732412,-1535577932
20191009,"13:17:01","SZ","NB",6517232475,6631068739,13148301214,-113836264
20191009,"13:18:01","SH","NB",5517833613,7050089321,12567922934,-1532255708
20191009,"13:18:01","SZ","NB",6539678110,6655147053,13194825163,-115468943
20191009,"13:19:01","SH","NB",5534242399,7069056443,12603298842,-1534814044
20191009,"13:19:01","SZ","NB",6557184078,6675365015,13232549093,-118180937
20191009,"13:20:01","SH","NB",5560813400,7093589131,12654402531,-1532775731
20191009,"13:20:01","SZ","NB",6584371796,6702466826,13286838622,-118095030
20191009,"13:21:01","SH","NB",5593915054,7117943578,12711858632,-1524028524
20191009,"13:21:01","SZ","NB",6623649410,6726624312,13350273722,-102974902
20191009,"13:22:01","SZ","NB",6647186053,6744899776,13392085829,-97713723
20191009,"13:22:01","SH","NB",5615195710,7137013546,12752209256,-1521817836
20191009,"13:23:01","SH","NB",5632890415,7166476967,12799367382,-1533586552
20191009,"13:23:01","SZ","NB",6668094269,6783548748,13451643017,-115454479
20191009,"13:24:01","SH","NB",5648534549,7195097334,12843631883,-1546562785
20191009,"13:24:01","SZ","NB",6687941937,6801982755,13489924692,-114040818
20191009,"13:25:01","SH","NB",5671183592,7225423997,12896607589,-1554240405
20191009,"13:25:01","SZ","NB",6707251451,6825038625,13532290076,-117787174
20191009,"13:26:01","SH","NB",5689382701,7242755850,12932138551,-1553373149
20191009,"13:26:01","SZ","NB",6727059320,6840898230,13567957550,-113838910
20191009,"13:27:01","SH","NB",5703830804,7267848130,12971678934,-1564017326
20191009,"13:27:01","SZ","NB",6748073200,6859950851,13608024051,-111877651
20191009,"13:28:01","SH","NB",5724528713,7287535068,13012063781,-1563006355
20191009,"13:28:01","SZ","NB",6764936003,6879640338,13644576341,-114704335
20191009,"13:29:01","SZ","NB",6785560161,6902615549,13688175710,-117055388
20191009,"13:29:01","SH","NB",5743493915,7303276833,13046770748,-1559782918
20191009,"13:30:01","SH","NB",5762548164,7321886230,13084434394,-1559338066
20191009,"13:30:01","SZ","NB",6801633794,6922192353,13723826147,-120558559
20191009,"13:31:01","SH","NB",5789128248,7350721027,13139849275,-1561592779
20191009,"13:31:01","SZ","NB",6826932458,6954982624,13781915082,-128050166
20191009,"13:32:01","SH","NB",5811992861,7365835103,13177827964,-1553842242
20191009,"13:32:01","SZ","NB",6853684129,6970402107,13824086236,-116717978
20191009,"13:33:01","SH","NB",5835054609,7386497635,13221552244,-1551443026
20191009,"13:33:01","SZ","NB",6873555899,6990369867,13863925766,-116813968
20191009,"13:34:01","SZ","NB",6893606666,7006439775,13900046441,-112833109
20191009,"13:34:01","SH","NB",5852275577,7408348730,13260624307,-1556073153
20191009,"13:35:01","SH","NB",5872208349,7430263593,13302471942,-1558055244
20191009,"13:35:01","SZ","NB",6909872399,7020211259,13930083658,-110338860
20191009,"13:36:01","SH","NB",5893148185,7458938764,13352086949,-1565790579
20191009,"13:36:01","SZ","NB",6929447016,7041166398,13970613414,-111719382
20191009,"13:37:01","SH","NB",5911000816,7473596005,13384596821,-1562595189
20191009,"13:37:01","SZ","NB",6954454169,7064732832,14019187001,-110278663
20191009,"13:38:01","SH","NB",5928709982,7493115749,13421825731,-1564405767
20191009,"13:38:01","SZ","NB",6973281472,7079277619,14052559091,-105996147
20191009,"13:39:01","SH","NB",5945999146,7517560311,13463559457,-1571561165
20191009,"13:39:01","SZ","NB",6991221547,7104896751,14096118298,-113675204
20191009,"13:40:01","SH","NB",5967724645,7539193244,13506917889,-1571468599
20191009,"13:40:01","SZ","NB",7010986536,7130229511,14141216047,-119242975
20191009,"13:41:01","SH","NB",5992039653,7555899626,13547939279,-1563859973
20191009,"13:41:01","SZ","NB",7045447009,7156842586,14202289595,-111395577
20191009,"13:42:01","SH","NB",6013390944,7573738266,13587129210,-1560347322
20191009,"13:42:01","SZ","NB",7067561093,7178040155,14245601248,-110479062
20191009,"13:43:01","SH","NB",6037464700,7590504060,13627968760,-1553039360
20191009,"13:43:01","SZ","NB",7082719255,7197486996,14280206251,-114767741
20191009,"13:44:01","SZ","NB",7100547020,7213317204,14313864224,-112770184
20191009,"13:44:01","SH","NB",6054780835,7610592754,13665373589,-1555811919
20191009,"13:45:01","SH","NB",6071267482,7630972442,13702239924,-1559704960
20191009,"13:45:01","SZ","NB",7114476971,7230031148,14344508119,-115554177
20191009,"13:46:01","SH","NB",6087177865,7643602426,13730780291,-1556424561
20191009,"13:46:01","SZ","NB",7132425549,7248539361,14380964910,-116113812
20191009,"13:47:01","SH","NB",6116623256,7666106082,13782729338,-1549482826
20191009,"13:47:01","SZ","NB",7187798514,7270094343,14457892857,-82295829
20191009,"13:48:01","SH","NB",6141973141,7684058138,13826031279,-1542084997
20191009,"13:48:01","SZ","NB",7232874962,7288231994,14521106956,-55357032
20191009,"13:49:01","SH","NB",6167555549,7704862410,13872417959,-1537306861
20191009,"13:49:01","SZ","NB",7255500255,7307648582,14563148837,-52148327
20191009,"13:50:01","SH","NB",6189836137,7722210898,13912047035,-1532374761
20191009,"13:50:01","SZ","NB",7275263094,7326315809,14601578903,-51052715
20191009,"13:51:01","SZ","NB",7311424485,7352617968,14664042453,-41193483
20191009,"13:51:01","SH","NB",6220270217,7749621410,13969891627,-1529351193
20191009,"13:52:01","SH","NB",6237306998,7772256218,14009563216,-1534949220
20191009,"13:52:01","SZ","NB",7336927377,7372809872,14709737249,-35882495
20191009,"13:53:01","SH","NB",6255295591,7792577265,14047872856,-1537281674
20191009,"13:53:01","SZ","NB",7352547052,7399833369,14752380421,-47286317
20191009,"13:54:01","SH","NB",6270731933,7810940700,14081672633,-1540208767
20191009,"13:54:01","SZ","NB",7367758848,7414216594,14781975442,-46457746
20191009,"13:55:01","SH","NB",6289802434,7827441065,14117243499,-1537638631
20191009,"13:55:01","SZ","NB",7382676509,7431407144,14814083653,-48730635
20191009,"13:56:01","SH","NB",6307312034,7847557540,14154869574,-1540245506
20191009,"13:56:01","SZ","NB",7400691499,7445597027,14846288526,-44905528
20191009,"13:57:01","SH","NB",6324650686,7866460619,14191111305,-1541809933
20191009,"13:57:01","SZ","NB",7418142327,7461289469,14879431796,-43147142
20191009,"13:58:01","SH","NB",6342288816,7882849889,14225138705,-1540561073
20191009,"13:58:01","SZ","NB",7430590985,7476682099,14907273084,-46091114
20191009,"13:59:01","SZ","NB",7453186967,7491902189,14945089156,-38715222
20191009,"13:59:01","SH","NB",6362901870,7902724488,14265626358,-1539822618
20191009,"14:00:01","SH","NB",6386075762,7921745599,14307821361,-1535669837
20191009,"14:00:01","SZ","NB",7485565251,7506449088,14992014339,-20883837
20191009,"14:01:01","SH","NB",6456945598,7957579820,14414525418,-1500634222
20191009,"14:01:01","SZ","NB",7570637895,7532601805,15103239700,38036090
20191009,"14:02:01","SH","NB",6479816486,7990095831,14469912317,-1510279345
20191009,"14:02:01","SZ","NB",7595872276,7572438463,15168310739,23433813
20191009,"14:03:01","SH","NB",6499215012,8010393799,14509608811,-1511178787
20191009,"14:03:01","SZ","NB",7613443749,7599059277,15212503026,14384472
20191009,"14:04:01","SH","NB",6521765664,8040080535,14561846199,-1518314871
20191009,"14:04:01","SZ","NB",7627509133,7626941243,15254450376,567890
20191009,"14:05:01","SH","NB",6542995280,8070875069,14613870349,-1527879789
20191009,"14:05:01","SZ","NB",7650193153,7655873387,15306066540,-5680234
20191009,"14:06:01","SH","NB",6563828054,8092889144,14656717198,-1529061090
20191009,"14:06:01","SZ","NB",7669880285,7677889909,15347770194,-8009624
20191009,"14:07:01","SH","NB",6582565201,8119513579,14702078780,-1536948378
20191009,"14:07:01","SZ","NB",7691275571,7704493651,15395769222,-13218080
20191009,"14:08:01","SZ","NB",7709422394,7726130454,15435552848,-16708060
20191009,"14:08:01","SH","NB",6600990824,8145623846,14746614670,-1544633022
20191009,"14:09:01","SH","NB",6619449480,8171946090,14791395570,-1552496610
20191009,"14:09:01","SZ","NB",7722978922,7746669504,15469648426,-23690582
20191009,"14:10:01","SH","NB",6638068840,8197581873,14835650713,-1559513033
20191009,"14:10:01","SZ","NB",7740887796,7764719798,15505607594,-23832002
20191009,"14:11:01","SH","NB",6675347457,8229595325,14904942782,-1554247868
20191009,"14:11:01","SZ","NB",7799353788,7795273962,15594627750,4079826
20191009,"14:12:01","SH","NB",6696803549,8261592027,14958395576,-1564788478
20191009,"14:12:01","SZ","NB",7828314609,7830936454,15659251063,-2621845
20191009,"14:13:01","SZ","NB",7858458629,7911326426,15769785055,-52867797
20191009,"14:13:01","SH","NB",6726645792,8333439826,15060085618,-1606794034
20191009,"14:14:01","SH","NB",6749620825,8358535616,15108156441,-1608914791
20191009,"14:14:01","SZ","NB",7879816151,7935662019,15815478170,-55845868
20191009,"14:15:01","SH","NB",6768513994,8375810373,15144324367,-1607296379
20191009,"14:15:01","SZ","NB",7896447860,7954781595,15851229455,-58333735
20191009,"14:16:01","SH","NB",6787418630,8396622364,15184040994,-1609203734
20191009,"14:16:01","SZ","NB",7912959561,7977361523,15890321084,-64401962
20191009,"14:17:01","SH","NB",6821261457,8416846499,15238107956,-1595585042
20191009,"14:17:01","SZ","NB",7950860594,7992835071,15943695665,-41974477
20191009,"14:18:01","SH","NB",6848541609,8436966707,15285508316,-1588425098
20191009,"14:18:01","SZ","NB",7973828747,8017149543,15990978290,-43320796
20191009,"14:19:01","SH","NB",6877213491,8460785900,15337999391,-1583572409
20191009,"14:19:01","SZ","NB",8000108617,8037692818,16037801435,-37584201
20191009,"14:20:01","SH","NB",6901724207,8482379628,15384103835,-1580655421
20191009,"14:20:01","SZ","NB",8028288906,8060745329,16089034235,-32456423
20191009,"14:21:01","SZ","NB",8068433253,8094370344,16162803597,-25937091
20191009,"14:21:01","SH","NB",6936832982,8523417079,15460250061,-1586584097
20191009,"14:22:01","SH","NB",6963720745,8553099604,15516820349,-1589378859
20191009,"14:22:01","SZ","NB",8095697101,8118122474,16213819575,-22425373
20191009,"14:23:01","SH","NB",6999747920,8583791706,15583539626,-1584043786
20191009,"14:23:01","SZ","NB",8126237411,8148999303,16275236714,-22761892
20191009,"14:24:01","SH","NB",7024963430,8625549548,15650512978,-1600586118
20191009,"14:24:01","SZ","NB",8149931778,8188596914,16338528692,-38665136
20191009,"14:25:01","SH","NB",7046971713,8646488549,15693460262,-1599516836
20191009,"14:25:01","SZ","NB",8174227241,8213301139,16387528380,-39073898
20191009,"14:26:01","SZ","NB",8197544998,8245077995,16442622993,-47532997
20191009,"14:26:01","SH","NB",7075429745,8686247376,15761677121,-1610817631
20191009,"14:27:01","SH","NB",7093977366,8719765766,15813743132,-1625788400
20191009,"14:27:01","SZ","NB",8217500474,8278075730,16495576204,-60575256
20191009,"14:28:01","SH","NB",7118150797,8745228603,15863379400,-1627077806
20191009,"14:28:01","SZ","NB",8238937475,8309979268,16548916743,-71041793
20191009,"14:29:01","SH","NB",7135452624,8766878531,15902331155,-1631425907
20191009,"14:29:01","SZ","NB",8257759082,8330233009,16587992091,-72473927
20191009,"14:30:01","SH","NB",7156277695,8793316456,15949594151,-1637038761
20191009,"14:30:01","SZ","NB",8281500091,8354437637,16635937728,-72937546
20191009,"14:31:01","SH","NB",7184570853,8859274560,16043845413,-1674703707
20191009,"14:31:01","SZ","NB",8309736605,8417174602,16726911207,-107437997
20191009,"14:32:01","SZ","NB",8334803861,8448502233,16783306094,-113698372
20191009,"14:32:01","SH","NB",7214572781,8896454866,16111027647,-1681882085
20191009,"14:33:01","SH","NB",7238221736,8926954190,16165175926,-1688732454
20191009,"14:33:01","SZ","NB",8358266058,8474109055,16832375113,-115842997
20191009,"14:34:01","SH","NB",7264619010,8949588621,16214207631,-1684969611
20191009,"14:34:01","SZ","NB",8385425294,8500138705,16885563999,-114713411
20191009,"14:35:01","SZ","NB",8421603289,8532812892,16954416181,-111209603
20191009,"14:35:01","SH","NB",7286403301,8970296369,16256699670,-1683893068
20191009,"14:36:01","SH","NB",7309360364,8993296043,16302656407,-1683935679
20191009,"14:36:01","SZ","NB",8450676242,8559125955,17009802197,-108449713
20191009,"14:37:01","SH","NB",7340632311,9028748891,16369381202,-1688116580
20191009,"14:37:01","SZ","NB",8478512307,8590766058,17069278365,-112253751
20191009,"14:38:01","SH","NB",7366109015,9061795418,16427904433,-1695686403
20191009,"14:38:01","SZ","NB",8500185289,8618808120,17118993409,-118622831
20191009,"14:39:01","SH","NB",7389504588,9086038699,16475543287,-1696534111
20191009,"14:39:01","SZ","NB",8526337422,8645335486,17171672908,-118998064
20191009,"14:40:01","SH","NB",7415770304,9117047048,16532817352,-1701276744
20191009,"14:40:01","SZ","NB",8568680502,8674584330,17243264832,-105903828
20191009,"14:41:01","SH","NB",7456384946,9169293690,16625678636,-1712908744
20191009,"14:41:01","SZ","NB",8612633386,8725096108,17337729494,-112462722
20191009,"14:42:01","SH","NB",7491990252,9205309323,16697299575,-1713319071
20191009,"14:42:01","SZ","NB",8644065158,8758088470,17402153628,-114023312
20191009,"14:43:01","SH","NB",7516202261,9244405603,16760607864,-1728203342
20191009,"14:43:01","SZ","NB",8669282322,8798370559,17467652881,-129088237
20191009,"14:44:01","SZ","NB",8694179361,8835165789,17529345150,-140986428
20191009,"14:44:01","SH","NB",7540942636,9294520916,16835463552,-1753578280
20191009,"14:45:01","SH","NB",7570233850,9355532365,16925766215,-1785298515
20191009,"14:45:01","SZ","NB",8723861232,8872443795,17596305027,-148582563
20191009,"14:46:01","SH","NB",7610558259,9438171062,17048729321,-1827612803
20191009,"14:46:01","SZ","NB",8758274305,8935642686,17693916991,-177368381
20191009,"14:47:01","SH","NB",7642080680,9519932469,17162013149,-1877851789
20191009,"14:47:01","SZ","NB",8790972649,8995455884,17786428533,-204483235
20191009,"14:48:01","SH","NB",7673111706,9562771297,17235883003,-1889659591
20191009,"14:48:01","SZ","NB",8827861806,9031510055,17859371861,-203648249
20191009,"14:49:01","SH","NB",7705230364,9593007909,17298238273,-1887777545
20191009,"14:49:01","SZ","NB",8872207429,9068825686,17941033115,-196618257
20191009,"14:50:01","SZ","NB",8919053067,9112901240,18031954307,-193848173
20191009,"14:50:01","SH","NB",7736172921,9632195957,17368368878,-1896023036
20191009,"14:51:01","SH","NB",7779176269,9688489371,17467665640,-1909313102
20191009,"14:51:01","SZ","NB",8974550427,9179950452,18154500879,-205400025
20191009,"14:52:01","SH","NB",7811217432,9732406599,17543624031,-1921189167
20191009,"14:52:01","SZ","NB",9029797150,9218624523,18248421673,-188827373
20191009,"14:53:01","SH","NB",7852405138,9774362611,17626767749,-1921957473
20191009,"14:53:01","SZ","NB",9080610622,9256645879,18337256501,-176035257
20191009,"14:54:01","SH","NB",7893925017,9850490033,17744415050,-1956565016
20191009,"14:54:01","SZ","NB",9136968514,9344363722,18481332236,-207395208
20191009,"14:55:01","SH","NB",7933658714,9898679639,17832338353,-1965020925
20191009,"14:55:01","SZ","NB",9179675428,9388876158,18568551586,-209200730
20191009,"14:56:01","SH","NB",7976540519,9958667046,17935207565,-1982126527
20191009,"14:56:01","SZ","NB",9234276255,9445871728,18680147983,-211595473
20191009,"14:57:01","SH","NB",8011103825,10003352877,18014456702,-1992249052
20191009,"14:57:01","SZ","NB",9265218647,9486212477,18751431124,-220993830
20191009,"14:58:01","SH","NB",8011418971,10004079642,18015498613,-1992660671
20191009,"14:58:01","SZ","NB",9265265377,9486212477,18751477854,-220947100
20191009,"15:01:01","SH","NB",8115547007,10099032776,18214579783,-1983485769
20191009,"15:01:01","SZ","NB",9341552951,9574583093,18916136044,-233030142
