dataDate,dataTime,connectMarket,tradeDirection,buyTurnover,sellTurnover,totalTurnover,netTurnover
20201021,"09:30:01","SH","NB",97722002,91403137,189125139,6318865
20201021,"09:30:01","SZ","NB",176748276,140112820,316861096,36635456
20201021,"09:31:01","SH","NB",258983308,399166933,658150241,-140183625
20201021,"09:31:01","SZ","NB",559872509,707948401,1267820910,-148075892
20201021,"09:32:01","SH","NB",399382258,615776772,1015159030,-216394514
20201021,"09:32:01","SZ","NB",830504029,1044747556,1875251585,-214243527
20201021,"09:33:01","SH","NB",535584175,849418108,1385002283,-313833933
20201021,"09:33:01","SZ","NB",1083011648,1349659822,2432671470,-266648174
20201021,"09:34:01","SH","NB",650705494,998052283,1648757777,-347346789
20201021,"09:34:01","SZ","NB",1325188636,1624531788,2949720424,-299343152
20201021,"09:35:01","SH","NB",746706419,1131584562,1878290981,-384878143
20201021,"09:35:01","SZ","NB",1483811856,1928598035,3412409891,-444786179
20201021,"09:36:01","SZ","NB",1667720165,2390152424,4057872589,-722432259
20201021,"09:36:01","SH","NB",815157432,1340457260,2155614692,-525299828
20201021,"09:37:01","SH","NB",964220005,1478145820,2442365825,-513925815
20201021,"09:37:01","SZ","NB",1952313193,2626646489,4578959682,-674333296
20201021,"09:38:01","SH","NB",1036456727,1640470720,2676927447,-604013993
20201021,"09:38:01","SZ","NB",2139718199,2926142222,5065860421,-786424023
20201021,"09:39:01","SH","NB",1107364308,1767222422,2874586730,-659858114
20201021,"09:39:01","SZ","NB",2305638099,3125838364,5431476463,-820200265
20201021,"09:40:01","SH","NB",1208499503,1836303804,3044803307,-627804301
20201021,"09:40:01","SZ","NB",2499685137,3291871037,5791556174,-792185900
20201021,"09:41:01","SH","NB",1323996817,1983579964,3307576781,-659583147
20201021,"09:41:01","SZ","NB",2721718914,3671043017,6392761931,-949324103
20201021,"09:42:01","SH","NB",1424172611,2055910181,3480082792,-631737570
20201021,"09:42:01","SZ","NB",2925443875,3848735755,6774179630,-923291880
20201021,"09:43:01","SH","NB",1517185430,2172792990,3689978420,-655607560
20201021,"09:43:01","SZ","NB",3099626871,4077984833,7177611704,-978357962
20201021,"09:44:01","SH","NB",1593970724,2266145928,3860116652,-672175204
20201021,"09:44:01","SZ","NB",3230377683,4331971230,7562348913,-1101593547
20201021,"09:45:01","SZ","NB",3391699809,4539623162,7931322971,-1147923353
20201021,"09:45:01","SH","NB",1682058693,2378150014,4060208707,-696091321
20201021,"09:46:01","SH","NB",1865008594,2565733589,4430742183,-700724995
20201021,"09:46:01","SZ","NB",3731248135,4841247413,8572495548,-1109999278
20201021,"09:47:01","SH","NB",1981452576,2660596788,4642049364,-679144212
20201021,"09:47:01","SZ","NB",3975646452,5044679027,9020325479,-1069032575
20201021,"09:48:01","SZ","NB",4125280987,5314915922,9440196909,-1189634935
20201021,"09:48:01","SH","NB",2072950710,2768094278,4841044988,-695143568
20201021,"09:49:01","SH","NB",2160009208,2840319985,5000329193,-680310777
20201021,"09:49:01","SZ","NB",4267538146,5485715417,9753253563,-1218177271
20201021,"09:50:01","SH","NB",2249921034,2901039215,5150960249,-651118181
20201021,"09:50:01","SZ","NB",4412448088,5620454438,10032902526,-1208006350
20201021,"09:51:01","SH","NB",2400965522,3019832972,5420798494,-618867450
20201021,"09:51:01","SZ","NB",4691599625,5889303624,10580903249,-1197703999
20201021,"09:52:01","SH","NB",2493449752,3103477228,5596926980,-610027476
20201021,"09:52:01","SZ","NB",4832624583,6066106143,10898730726,-1233481560
20201021,"09:53:01","SH","NB",2579166457,3220817768,5799984225,-641651311
20201021,"09:53:01","SZ","NB",4988620059,6234784587,11223404646,-1246164528
20201021,"09:54:01","SH","NB",2656043352,3282280658,5938324010,-626237306
20201021,"09:54:01","SZ","NB",5122148434,6364342698,11486491132,-1242194264
20201021,"09:55:01","SH","NB",2730049387,3374953271,6105002658,-644903884
20201021,"09:55:01","SZ","NB",5237579604,6539524560,11777104164,-1301944956
20201021,"09:56:01","SH","NB",2850050627,3513388725,6363439352,-663338098
20201021,"09:56:01","SZ","NB",5426291278,6804688489,12230979767,-1378397211
20201021,"09:57:01","SZ","NB",5553286603,6998682198,12551968801,-1445395595
20201021,"09:57:01","SH","NB",2936415257,3638916066,6575331323,-702500809
20201021,"09:58:01","SH","NB",3004648737,3739346120,6743994857,-734697383
20201021,"09:58:01","SZ","NB",5674761780,7154629883,12829391663,-1479868103
20201021,"09:59:01","SH","NB",3118284969,3886237298,7004522267,-767952329
20201021,"09:59:01","SZ","NB",5807018397,7348747546,13155765943,-1541729149
20201021,"10:00:01","SH","NB",3192727943,3964779774,7157507717,-772051831
20201021,"10:00:01","SZ","NB",5903177005,7470457032,13373634037,-1567280027
20201021,"10:01:01","SH","NB",3402872952,4132508088,7535381040,-729635136
20201021,"10:01:01","SZ","NB",6181854659,7736839239,13918693898,-1554984580
20201021,"10:02:01","SH","NB",3548220715,4198863879,7747084594,-650643164
20201021,"10:02:01","SZ","NB",6315178318,7844926710,14160105028,-1529748392
20201021,"10:03:01","SZ","NB",6431033289,8040847406,14471880695,-1609814117
20201021,"10:03:01","SH","NB",3765665875,4305031853,8070697728,-539365978
20201021,"10:04:01","SH","NB",3867404364,4437794877,8305199241,-570390513
20201021,"10:04:01","SZ","NB",6545458481,8260667536,14806126017,-1715209055
20201021,"10:05:01","SH","NB",4037255072,4565253864,8602508936,-527998792
20201021,"10:05:01","SZ","NB",6702647142,8430699260,15133346402,-1728052118
20201021,"10:06:01","SZ","NB",6819239551,8758481489,15577721040,-1939241938
20201021,"10:06:01","SH","NB",4178393363,4851099228,9029492591,-672705865
20201021,"10:07:01","SH","NB",4285452533,4979851221,9265303754,-694398688
20201021,"10:07:01","SZ","NB",6937165669,8955942223,15893107892,-2018776554
20201021,"10:08:01","SH","NB",4389997599,5120426205,9510423804,-730428606
20201021,"10:08:01","SZ","NB",7064605635,9076755378,16141361013,-2012149743
20201021,"10:09:01","SH","NB",4457661021,5220762961,9678423982,-763101940
20201021,"10:09:01","SZ","NB",7162862039,9208426826,16371288865,-2045564787
20201021,"10:10:01","SH","NB",4530685008,5291835744,9822520752,-761150736
20201021,"10:10:01","SZ","NB",7272646274,9312907467,16585553741,-2040261193
20201021,"10:11:01","SH","NB",4690148169,5562851101,10252999270,-872702932
20201021,"10:11:01","SZ","NB",7467113686,9702307379,17169421065,-2235193693
20201021,"10:12:01","SH","NB",4773216124,5668735352,10441951476,-895519228
20201021,"10:12:01","SZ","NB",7582017262,9860926301,17442943563,-2278909039
20201021,"10:13:01","SH","NB",4836701471,5776532659,10613234130,-939831188
20201021,"10:13:01","SZ","NB",7692660112,10036464810,17729124922,-2343804698
20201021,"10:14:01","SH","NB",4916720994,5860035353,10776756347,-943314359
20201021,"10:14:01","SZ","NB",7804814496,10145462004,17950276500,-2340647508
20201021,"10:15:01","SZ","NB",7932598718,10287476813,18220075531,-2354878095
20201021,"10:15:01","SH","NB",4972735636,5930295550,10903031186,-957559914
20201021,"10:16:01","SH","NB",5037638818,6051108476,11088747294,-1013469658
20201021,"10:16:01","SZ","NB",8023906377,10416946307,18440852684,-2393039930
20201021,"10:17:01","SH","NB",5086547241,6113361400,11199908641,-1026814159
20201021,"10:17:01","SZ","NB",8112420870,10513718015,18626138885,-2401297145
20201021,"10:18:01","SH","NB",5128191573,6180144462,11308336035,-1051952889
20201021,"10:18:01","SZ","NB",8179902282,10652306780,18832209062,-2472404498
20201021,"10:19:01","SZ","NB",8276417504,10784633597,19061051101,-2508216093
20201021,"10:19:01","SH","NB",5187724205,6246742007,11434466212,-1059017802
20201021,"10:20:01","SH","NB",5237898289,6371151525,11609049814,-1133253236
20201021,"10:20:01","SZ","NB",8349586844,10968160307,19317747151,-2618573463
20201021,"10:21:01","SH","NB",5351959933,6596306808,11948266741,-1244346875
20201021,"10:21:01","SZ","NB",8566513078,11314034835,19880547913,-2747521757
20201021,"10:22:01","SH","NB",5460412047,6662647109,12123059156,-1202235062
20201021,"10:22:01","SZ","NB",8737188813,11393686288,20130875101,-2656497475
20201021,"10:23:01","SH","NB",5523619942,6727767331,12251387273,-1204147389
20201021,"10:23:01","SZ","NB",8832567654,11481117479,20313685133,-2648549825
20201021,"10:24:01","SH","NB",5579505825,6798414754,12377920579,-1218908929
20201021,"10:24:01","SZ","NB",8908383631,11559386988,20467770619,-2651003357
20201021,"10:25:01","SH","NB",5619322312,6876854740,12496177052,-1257532428
20201021,"10:25:01","SZ","NB",8972736474,11664876503,20637612977,-2692140029
20201021,"10:26:01","SH","NB",5689382801,6936433463,12625816264,-1247050662
20201021,"10:26:01","SZ","NB",9078862365,11752130629,20830992994,-2673268264
20201021,"10:27:01","SZ","NB",9163222208,11819788403,20983010611,-2656566195
20201021,"10:27:01","SH","NB",5765111077,6998653432,12763764509,-1233542355
20201021,"10:28:01","SH","NB",5806591435,7070364078,12876955513,-1263772643
20201021,"10:28:01","SZ","NB",9221558838,11897023223,21118582061,-2675464385
20201021,"10:29:01","SH","NB",5841027016,7122063085,12963090101,-1281036069
20201021,"10:29:01","SZ","NB",9274229679,11955328354,21229558033,-2681098675
20201021,"10:30:01","SH","NB",5885441662,7221026144,13106467806,-1335584482
20201021,"10:30:01","SZ","NB",9331250372,12141696258,21472946630,-2810445886
20201021,"10:31:01","SH","NB",5962027122,7350182918,13312210040,-1388155796
20201021,"10:31:01","SZ","NB",9442750889,12327309963,21770060852,-2884559074
20201021,"10:32:01","SH","NB",6027920837,7408961338,13436882175,-1381040501
20201021,"10:32:01","SZ","NB",9527869790,12409610892,21937480682,-2881741102
20201021,"10:33:01","SZ","NB",9604298888,12514461417,22118760305,-2910162529
20201021,"10:33:01","SH","NB",6074879786,7483848542,13558728328,-1408968756
20201021,"10:34:01","SH","NB",6150050751,7534951169,13685001920,-1384900418
20201021,"10:34:01","SZ","NB",9746945450,12573491684,22320437134,-2826546234
20201021,"10:35:01","SH","NB",6196043655,7624011259,13820054914,-1427967604
20201021,"10:35:01","SZ","NB",9802864977,12686143456,22489008433,-2883278479
20201021,"10:36:01","SH","NB",6228409884,7693080691,13921490575,-1464670807
20201021,"10:36:01","SZ","NB",9861149809,12754843669,22615993478,-2893693860
20201021,"10:37:01","SH","NB",6259565523,7776600023,14036165546,-1517034500
20201021,"10:37:01","SZ","NB",9905757050,12857166931,22762923981,-2951409881
20201021,"10:38:01","SH","NB",6288518802,7832116076,14120634878,-1543597274
20201021,"10:38:01","SZ","NB",9968333217,12949269455,22917602672,-2980936238
20201021,"10:39:01","SH","NB",6319140331,7879533820,14198674151,-1560393489
20201021,"10:39:01","SZ","NB",10015976667,13019149869,23035126536,-3003173202
20201021,"10:40:01","SH","NB",6356722057,7913719566,14270441623,-1556997509
20201021,"10:40:01","SZ","NB",10081080567,13068315863,23149396430,-2987235296
20201021,"10:41:01","SZ","NB",10233810042,13184808623,23418618665,-2950998581
20201021,"10:41:01","SH","NB",6453870625,7987173499,14441044124,-1533302874
20201021,"10:42:01","SH","NB",6490735546,8054772667,14545508213,-1564037121
20201021,"10:42:01","SZ","NB",10280636834,13295402539,23576039373,-3014765705
20201021,"10:43:01","SH","NB",6529222863,8096482167,14625705030,-1567259304
20201021,"10:43:01","SZ","NB",10323899681,13365716220,23689615901,-3041816539
20201021,"10:44:01","SH","NB",6554232554,8137325709,14691558263,-1583093155
20201021,"10:44:01","SZ","NB",10372170527,13435894652,23808065179,-3063724125
20201021,"10:45:01","SH","NB",6585653022,8187577349,14773230371,-1601924327
20201021,"10:45:01","SZ","NB",10419548633,13503923840,23923472473,-3084375207
20201021,"10:46:01","SH","NB",6629973023,8273021614,14902994637,-1643048591
20201021,"10:46:01","SZ","NB",10463693901,13625851869,24089545770,-3162157968
20201021,"10:47:01","SH","NB",6668937874,8315363261,14984301135,-1646425387
20201021,"10:47:01","SZ","NB",10511317596,13696423847,24207741443,-3185106251
20201021,"10:48:01","SH","NB",6692378352,8370647286,15063025638,-1678268934
20201021,"10:48:01","SZ","NB",10567596003,13774960188,24342556191,-3207364185
20201021,"10:49:01","SZ","NB",10627701406,13826838757,24454540163,-3199137351
20201021,"10:49:01","SH","NB",6749087521,8417626445,15166713966,-1668538924
20201021,"10:50:01","SH","NB",6798366458,8454515246,15252881704,-1656148788
20201021,"10:50:01","SZ","NB",10721843875,13868973212,24590817087,-3147129337
20201021,"10:51:01","SH","NB",6906083722,8518312329,15424396051,-1612228607
20201021,"10:51:01","SZ","NB",10825143860,13967367613,24792511473,-3142223753
20201021,"10:52:01","SH","NB",6949612825,8576371314,15525984139,-1626758489
20201021,"10:52:01","SZ","NB",10865579277,14044008548,24909587825,-3178429271
20201021,"10:53:01","SH","NB",6989253412,8615231207,15604484619,-1625977795
20201021,"10:53:01","SZ","NB",10922884200,14099585710,25022469910,-3176701510
20201021,"10:54:01","SZ","NB",10956991033,14168983072,25125974105,-3211992039
20201021,"10:54:01","SH","NB",7027543685,8654988612,15682532297,-1627444927
20201021,"10:55:01","SH","NB",7052095725,8689058461,15741154186,-1636962736
20201021,"10:55:01","SZ","NB",10981990203,14226120857,25208111060,-3244130654
20201021,"10:56:01","SH","NB",7082773557,8721093880,15803867437,-1638320323
20201021,"10:56:01","SZ","NB",11015464487,14272192603,25287657090,-3256728116
20201021,"10:57:01","SH","NB",7110434042,8761479986,15871914028,-1651045944
20201021,"10:57:01","SZ","NB",11046192352,14334935451,25381127803,-3288743099
20201021,"10:58:01","SH","NB",7136356736,8816226298,15952583034,-1679869562
20201021,"10:58:01","SZ","NB",11079641176,14412128888,25491770064,-3332487712
20201021,"10:59:01","SH","NB",7165380903,8853280270,16018661173,-1687899367
20201021,"10:59:01","SZ","NB",11114072032,14466340392,25580412424,-3352268360
20201021,"11:00:01","SH","NB",7187196997,8963292826,16150489823,-1776095829
20201021,"11:00:01","SZ","NB",11144262987,14590706247,25734969234,-3446443260
20201021,"11:01:01","SH","NB",7265525701,9147185983,16412711684,-1881660282
20201021,"11:01:01","SZ","NB",11284645820,14905097727,26189743547,-3620451907
20201021,"11:02:01","SZ","NB",11335470027,14989510895,26324980922,-3654040868
20201021,"11:02:01","SH","NB",7297324182,9215792297,16513116479,-1918468115
20201021,"11:03:01","SH","NB",7377669018,9252476916,16630145934,-1874807898
20201021,"11:03:01","SZ","NB",11443860617,15049805288,26493665905,-3605944671
20201021,"11:04:01","SH","NB",7403822572,9296893677,16700716249,-1893071105
20201021,"11:04:01","SZ","NB",11500044237,15105372738,26605416975,-3605328501
20201021,"11:05:01","SH","NB",7428435613,9334780473,16763216086,-1906344860
20201021,"11:05:01","SZ","NB",11542869957,15170473856,26713343813,-3627603899
20201021,"11:06:01","SH","NB",7450759485,9399503049,16850262534,-1948743564
20201021,"11:06:01","SZ","NB",11583204964,15273575373,26856780337,-3690370409
20201021,"11:07:01","SH","NB",7478929647,9442924453,16921854100,-1963994806
20201021,"11:07:01","SZ","NB",11626947125,15378297020,27005244145,-3751349895
20201021,"11:08:01","SH","NB",7508254522,9492478450,17000732972,-1984223928
20201021,"11:08:01","SZ","NB",11684827788,15479488551,27164316339,-3794660763
20201021,"11:09:01","SH","NB",7569968781,9535199992,17105168773,-1965231211
20201021,"11:09:01","SZ","NB",11809922534,15525189497,27335112031,-3715266963
20201021,"11:10:01","SZ","NB",11850295993,15558636214,27408932207,-3708340221
20201021,"11:10:01","SH","NB",7597185990,9565671285,17162857275,-1968485295
20201021,"11:11:01","SH","NB",7702116759,9630885879,17333002638,-1928769120
20201021,"11:11:01","SZ","NB",11980773016,15656765711,27637538727,-3675992695
20201021,"11:12:01","SH","NB",7736158508,9663053294,17399211802,-1926894786
20201021,"11:12:01","SZ","NB",12031252191,15723524564,27754776755,-3692272373
20201021,"11:13:01","SH","NB",7761444142,9697047915,17458492057,-1935603773
20201021,"11:13:01","SZ","NB",12066283952,15767166468,27833450420,-3700882516
20201021,"11:14:01","SZ","NB",12159214350,15811540362,27970754712,-3652326012
20201021,"11:14:01","SH","NB",7856192081,9737631879,17593823960,-1881439798
20201021,"11:15:01","SH","NB",7882890515,9778258894,17661149409,-1895368379
20201021,"11:15:01","SZ","NB",12199444535,15870152568,28069597103,-3670708033
20201021,"11:16:01","SH","NB",7912855517,9807657111,17720512628,-1894801594
20201021,"11:16:01","SZ","NB",12234174710,15915816767,28149991477,-3681642057
20201021,"11:17:01","SH","NB",7969082243,9845041176,17814123419,-1875958933
20201021,"11:17:01","SZ","NB",12283165366,15946226408,28229391774,-3663061042
20201021,"11:18:01","SH","NB",8003782910,9885930431,17889713341,-1882147521
20201021,"11:18:01","SZ","NB",12322077585,15984221946,28306299531,-3662144361
20201021,"11:19:01","SH","NB",8029669164,9919355354,17949024518,-1889686190
20201021,"11:19:01","SZ","NB",12355327257,16019169962,28374497219,-3663842705
20201021,"11:20:01","SZ","NB",12393634864,16078280162,28471915026,-3684645298
20201021,"11:20:01","SH","NB",8054384731,9969811443,18024196174,-1915426712
20201021,"11:21:01","SH","NB",8107635662,10036012154,18143647816,-1928376492
20201021,"11:21:01","SZ","NB",12460461572,16158135790,28618597362,-3697674218
20201021,"11:22:01","SH","NB",8148816166,10070196909,18219013075,-1921380743
20201021,"11:22:01","SZ","NB",12503775194,16187385715,28691160909,-3683610521
20201021,"11:23:01","SH","NB",8179007919,10101150297,18280158216,-1922142378
20201021,"11:23:01","SZ","NB",12534332044,16230024587,28764356631,-3695692543
20201021,"11:24:01","SH","NB",8207140491,10124701167,18331841658,-1917560676
20201021,"11:24:01","SZ","NB",12567771918,16253673657,28821445575,-3685901739
20201021,"11:25:01","SH","NB",8240515155,10154755304,18395270459,-1914240149
20201021,"11:25:01","SZ","NB",12597244951,16288266573,28885511524,-3691021622
20201021,"11:26:01","SH","NB",8265717855,10196474622,18462192477,-1930756767
20201021,"11:26:01","SZ","NB",12635804071,16360286391,28996090462,-3724482320
20201021,"11:27:01","SH","NB",8288469769,10224498608,18512968377,-1936028839
20201021,"11:27:01","SZ","NB",12672932284,16388795300,29061727584,-3715863016
20201021,"11:28:01","SH","NB",8313046405,10284769100,18597815505,-1971722695
20201021,"11:28:01","SZ","NB",12704273471,16436922609,29141196080,-3732649138
20201021,"11:29:01","SH","NB",8339116344,10360362786,18699479130,-2021246442
20201021,"11:29:01","SZ","NB",12737085522,16468932040,29206017562,-3731846518
20201021,"11:30:01","SZ","NB",12770876120,16488962346,29259838466,-3718086226
20201021,"11:30:01","SH","NB",8364508032,10388323160,18752831192,-2023815128
20201021,"11:31:01","SH","NB",8364512133,10388407544,18752919677,-2023895411
20201021,"11:31:01","SZ","NB",12770876120,16488962976,29259839096,-3718086856
20201021,"13:00:01","SZ","NB",12774736218,16496645652,29271381870,-3721909434
20201021,"13:01:01","SH","NB",8474653696,10540448444,19015102140,-2065794748
20201021,"13:01:01","SZ","NB",12898210040,16634902212,29533112252,-3736692172
20201021,"13:02:01","SH","NB",8527737728,10612636988,19140374716,-2084899260
20201021,"13:02:01","SZ","NB",12961581464,16724648055,29686229519,-3763066591
20201021,"13:03:01","SH","NB",8561834137,10671915494,19233749631,-2110081357
20201021,"13:03:01","SZ","NB",13011613820,16787304490,29798918310,-3775690670
20201021,"13:04:01","SH","NB",8606792513,10730468847,19337261360,-2123676334
20201021,"13:04:01","SZ","NB",13050927820,16858500886,29909428706,-3807573066
20201021,"13:05:01","SH","NB",8658867317,10789681511,19448548828,-2130814194
20201021,"13:05:01","SZ","NB",13104288296,16913820600,30018108896,-3809532304
20201021,"13:06:01","SZ","NB",13194727293,16962633927,30157361220,-3767906634
20201021,"13:06:01","SH","NB",8757651666,10834109855,19591761521,-2076458189
20201021,"13:07:01","SH","NB",8806858987,10892365765,19699224752,-2085506778
20201021,"13:07:01","SZ","NB",13241698100,17023082659,30264780759,-3781384559
20201021,"13:08:01","SH","NB",8838932410,10934895662,19773828072,-2095963252
20201021,"13:08:01","SZ","NB",13277587903,17073997128,30351585031,-3796409225
20201021,"13:09:01","SH","NB",8878427868,10977392496,19855820364,-2098964628
20201021,"13:09:01","SZ","NB",13317604651,17121269813,30438874464,-3803665162
20201021,"13:10:01","SH","NB",8920830695,11041930388,19962761083,-2121099693
20201021,"13:10:01","SZ","NB",13359604291,17225521710,30585126001,-3865917419
20201021,"13:11:01","SH","NB",8976005189,11144191997,20120197186,-2168186808
20201021,"13:11:01","SZ","NB",13427834632,17426891005,30854725637,-3999056373
20201021,"13:12:01","SH","NB",9034376998,11203795163,20238172161,-2169418165
20201021,"13:12:01","SZ","NB",13489047821,17504657766,30993705587,-4015609945
20201021,"13:13:01","SH","NB",9100542141,11263299099,20363841240,-2162756958
20201021,"13:13:01","SZ","NB",13563602867,17559679163,31123282030,-3996076296
20201021,"13:14:01","SH","NB",9142738449,11305063283,20447801732,-2162324834
20201021,"13:14:01","SZ","NB",13611188400,17605418081,31216606481,-3994229681
20201021,"13:15:01","SH","NB",9201980946,11356519909,20558500855,-2154538963
20201021,"13:15:01","SZ","NB",13661609481,17643892027,31305501508,-3982282546
20201021,"13:16:01","SZ","NB",13718954453,17706907218,31425861671,-3987952765
20201021,"13:16:01","SH","NB",9244692038,11405448886,20650140924,-2160756848
20201021,"13:17:01","SH","NB",9270535549,11462815735,20733351284,-2192280186
20201021,"13:17:01","SZ","NB",13754629653,17785307509,31539937162,-4030677856
20201021,"13:18:01","SH","NB",9295535222,11508683691,20804218913,-2213148469
20201021,"13:18:01","SZ","NB",13784748103,17875991451,31660739554,-4091243348
20201021,"13:19:01","SZ","NB",13814524389,17954436602,31768960991,-4139912213
20201021,"13:19:01","SH","NB",9330648721,11560857519,20891506240,-2230208798
20201021,"13:20:01","SH","NB",9361721165,11607291692,20969012857,-2245570527
20201021,"13:20:01","SZ","NB",13847981273,18029081722,31877062995,-4181100449
20201021,"13:21:01","SH","NB",9425669632,11667483653,21093153285,-2241814021
20201021,"13:21:01","SZ","NB",13944084733,18152741825,32096826558,-4208657092
20201021,"13:22:01","SH","NB",9464008854,11714165376,21178174230,-2250156522
20201021,"13:22:01","SZ","NB",13988888105,18215850996,32204739101,-4226962891
20201021,"13:23:01","SH","NB",9494140460,11773044800,21267185260,-2278904340
20201021,"13:23:01","SZ","NB",14032637628,18282404727,32315042355,-4249767099
20201021,"13:24:01","SH","NB",9523084046,11826262540,21349346586,-2303178494
20201021,"13:24:01","SZ","NB",14082650646,18333616968,32416267614,-4250966322
20201021,"13:25:01","SH","NB",9601175084,11883132552,21484307636,-2281957468
20201021,"13:25:01","SZ","NB",14194579635,18396610267,32591189902,-4202030632
20201021,"13:26:01","SH","NB",9628813207,11939187525,21568000732,-2310374318
20201021,"13:26:01","SZ","NB",14234428619,18465682706,32700111325,-4231254087
20201021,"13:27:01","SH","NB",9663663483,11974882862,21638546345,-2311219379
20201021,"13:27:01","SZ","NB",14270744219,18528578705,32799322924,-4257834486
20201021,"13:28:01","SH","NB",9691219722,12007621993,21698841715,-2316402271
20201021,"13:28:01","SZ","NB",14313046960,18575070836,32888117796,-4262023876
20201021,"13:29:01","SZ","NB",14347995623,18658396173,33006391796,-4310400550
20201021,"13:29:01","SH","NB",9716336098,12068593849,21784929947,-2352257751
20201021,"13:30:01","SH","NB",9747541823,12112695761,21860237584,-2365153938
20201021,"13:30:01","SZ","NB",14390438378,18718637731,33109076109,-4328199353
20201021,"13:31:01","SH","NB",9800778587,12183640944,21984419531,-2382862357
20201021,"13:31:01","SZ","NB",14459096098,18833728199,33292824297,-4374632101
20201021,"13:32:01","SH","NB",9871831005,12234600988,22106431993,-2362769983
20201021,"13:32:01","SZ","NB",14535986157,18907169853,33443156010,-4371183696
20201021,"13:33:01","SH","NB",9902549938,12278762866,22181312804,-2376212928
20201021,"13:33:01","SZ","NB",14586636364,18959534704,33546171068,-4372898340
20201021,"13:34:01","SH","NB",9935187650,12330920020,22266107670,-2395732370
20201021,"13:34:01","SZ","NB",14635040147,19016469928,33651510075,-4381429781
20201021,"13:35:01","SH","NB",9964986640,12370107051,22335093691,-2405120411
20201021,"13:35:01","SZ","NB",14675258304,19072675930,33747934234,-4397417626
20201021,"13:36:01","SH","NB",9996305152,12451955542,22448260694,-2455650390
20201021,"13:36:01","SZ","NB",14714286695,19188226637,33902513332,-4473939942
20201021,"13:37:01","SH","NB",10054157306,12520561153,22574718459,-2466403847
20201021,"13:37:01","SZ","NB",14780675718,19276868257,34057543975,-4496192539
20201021,"13:38:01","SH","NB",10095591571,12552863191,22648454762,-2457271620
20201021,"13:38:01","SZ","NB",14829234672,19331007339,34160242011,-4501772667
20201021,"13:39:01","SZ","NB",14874124331,19386778039,34260902370,-4512653708
20201021,"13:39:01","SH","NB",10145361806,12597135410,22742497216,-2451773604
20201021,"13:40:01","SH","NB",10197982321,12638060988,22836043309,-2440078667
20201021,"13:40:01","SZ","NB",14951010046,19438240172,34389250218,-4487230126
20201021,"13:41:01","SH","NB",10244494902,12706429884,22950924786,-2461934982
20201021,"13:41:01","SZ","NB",15010813477,19537478639,34548292116,-4526665162
20201021,"13:42:01","SH","NB",10276232412,12740028978,23016261390,-2463796566
20201021,"13:42:01","SZ","NB",15057967662,19594028430,34651996092,-4536060768
20201021,"13:43:01","SH","NB",10323002115,12781352217,23104354332,-2458350102
20201021,"13:43:01","SZ","NB",15109374323,19650874292,34760248615,-4541499969
20201021,"13:44:01","SH","NB",10378087840,12821358466,23199446306,-2443270626
20201021,"13:44:01","SZ","NB",15169937329,19698582127,34868519456,-4528644798
20201021,"13:45:01","SH","NB",10455244636,12867121123,23322365759,-2411876487
20201021,"13:45:01","SZ","NB",15237816553,19750567528,34988384081,-4512750975
20201021,"13:46:01","SH","NB",10494169031,12928004114,23422173145,-2433835083
20201021,"13:46:01","SZ","NB",15276434192,19852674830,35129109022,-4576240638
20201021,"13:47:01","SH","NB",10524125014,12963126480,23487251494,-2439001466
20201021,"13:47:01","SZ","NB",15310171314,19895732939,35205904253,-4585561625
20201021,"13:48:01","SH","NB",10565950985,12999836515,23565787500,-2433885530
20201021,"13:48:01","SZ","NB",15337065514,19932921857,35269987371,-4595856343
20201021,"13:49:01","SZ","NB",15370621143,20015836770,35386457913,-4645215627
20201021,"13:49:01","SH","NB",10604037600,13066738198,23670775798,-2462700598
20201021,"13:50:01","SH","NB",10633819329,13123282522,23757101851,-2489463193
20201021,"13:50:01","SZ","NB",15396089204,20072824349,35468913553,-4676735145
20201021,"13:51:01","SH","NB",10681876854,13206103619,23887980473,-2524226765
20201021,"13:51:01","SZ","NB",15476145280,20207961588,35684106868,-4731816308
20201021,"13:52:01","SH","NB",10721237339,13233271844,23954509183,-2512034505
20201021,"13:52:01","SZ","NB",15516931700,20251781717,35768713417,-4734850017
20201021,"13:53:01","SH","NB",10755651947,13264332521,24019984468,-2508680574
20201021,"13:53:01","SZ","NB",15550177771,20289210013,35839387784,-4739032242
20201021,"13:54:01","SH","NB",10787094949,13296151331,24083246280,-2509056382
20201021,"13:54:01","SZ","NB",15585875007,20327835883,35913710890,-4741960876
20201021,"13:55:01","SZ","NB",15622726913,20376112901,35998839814,-4753385988
20201021,"13:55:01","SH","NB",10818106315,13335832747,24153939062,-2517726432
20201021,"13:56:01","SH","NB",10861551983,13367751832,24229303815,-2506199849
20201021,"13:56:01","SZ","NB",15657124098,20415643380,36072767478,-4758519282
20201021,"13:57:01","SH","NB",10897476750,13414337685,24311814435,-2516860935
20201021,"13:57:01","SZ","NB",15691754645,20462763619,36154518264,-4771008974
20201021,"13:58:01","SH","NB",10931989658,13454539347,24386529005,-2522549689
20201021,"13:58:01","SZ","NB",15724443653,20511876746,36236320399,-4787433093
20201021,"13:59:01","SH","NB",10959574055,13498077061,24457651116,-2538503006
20201021,"13:59:01","SZ","NB",15762404766,20567497153,36329901919,-4805092387
20201021,"14:00:01","SH","NB",11019363403,13531766588,24551129991,-2512403185
20201021,"14:00:01","SZ","NB",15844848856,20616193555,36461042411,-4771344699
20201021,"14:01:01","SH","NB",11087700819,13599797258,24687498077,-2512096439
20201021,"14:01:01","SZ","NB",15926763265,20718205134,36644968399,-4791441869
20201021,"14:02:01","SZ","NB",15969588204,20806543236,36776131440,-4836955032
20201021,"14:02:01","SH","NB",11123735768,13672580730,24796316498,-2548844962
20201021,"14:03:01","SH","NB",11163991348,13706124961,24870116309,-2542133613
20201021,"14:03:01","SZ","NB",16019534300,20844727972,36864262272,-4825193672
20201021,"14:04:01","SH","NB",11206176559,13759859670,24966036229,-2553683111
20201021,"14:04:01","SZ","NB",16074727614,20909088640,36983816254,-4834361026
20201021,"14:05:01","SH","NB",11294920998,13808100863,25103021861,-2513179865
20201021,"14:05:01","SZ","NB",16161169132,20961280320,37122449452,-4800111188
20201021,"14:06:01","SH","NB",11540853899,13888573247,25429427146,-2347719348
20201021,"14:06:01","SZ","NB",16384831356,21060887226,37445718582,-4676055870
20201021,"14:07:01","SZ","NB",16435099003,21177498546,37612597549,-4742399543
20201021,"14:07:01","SH","NB",11588335189,13967852876,25556188065,-2379517687
20201021,"14:08:01","SH","NB",11637004322,14049652776,25686657098,-2412648454
20201021,"14:08:01","SZ","NB",16474731806,21277063574,37751795380,-4802331768
20201021,"14:09:01","SH","NB",11675142243,14090100892,25765243135,-2414958649
20201021,"14:09:01","SZ","NB",16508246527,21319901464,37828147991,-4811654937
20201021,"14:10:01","SH","NB",11713239381,14130070687,25843310068,-2416831306
20201021,"14:10:01","SZ","NB",16548930218,21367470267,37916400485,-4818540049
20201021,"14:11:01","SH","NB",11820234744,14194395467,26014630211,-2374160723
20201021,"14:11:01","SZ","NB",16640836640,21449465806,38090302446,-4808629166
20201021,"14:12:01","SH","NB",11894715195,14245440149,26140155344,-2350724954
20201021,"14:12:01","SZ","NB",16695872388,21519951755,38215824143,-4824079367
20201021,"14:13:01","SH","NB",11959942518,14294434907,26254377425,-2334492389
20201021,"14:13:01","SZ","NB",16753321992,21570756931,38324078923,-4817434939
20201021,"14:14:01","SH","NB",12017010224,14392066624,26409076848,-2375056400
20201021,"14:14:01","SZ","NB",16815647900,21710825255,38526473155,-4895177355
20201021,"14:15:01","SZ","NB",16858632977,21758375297,38617008274,-4899742320
20201021,"14:15:01","SH","NB",12062780155,14442012505,26504792660,-2379232350
20201021,"14:16:01","SH","NB",12092864052,14482730367,26575594419,-2389866315
20201021,"14:16:01","SZ","NB",16893175841,21815363970,38708539811,-4922188129
20201021,"14:17:01","SH","NB",12136291800,14539007512,26675299312,-2402715712
20201021,"14:17:01","SZ","NB",16946102678,21878192371,38824295049,-4932089693
20201021,"14:18:01","SH","NB",12168557499,14578519776,26747077275,-2409962277
20201021,"14:18:01","SZ","NB",16980835184,21923685894,38904521078,-4942850710
20201021,"14:19:01","SH","NB",12208505253,14620070422,26828575675,-2411565169
20201021,"14:19:01","SZ","NB",17016641045,21969739639,38986380684,-4953098594
20201021,"14:20:01","SH","NB",12246879351,14650856875,26897736226,-2403977524
20201021,"14:20:01","SZ","NB",17056482640,22001313086,39057795726,-4944830446
20201021,"14:21:01","SH","NB",12313085029,14711693014,27024778043,-2398607985
20201021,"14:21:01","SZ","NB",17134043475,22070093184,39204136659,-4936049709
20201021,"14:22:01","SH","NB",12365633278,14810547909,27176181187,-2444914631
20201021,"14:22:01","SZ","NB",17185920993,22186781984,39372702977,-5000860991
20201021,"14:23:01","SH","NB",12414549487,14865974392,27280523879,-2451424905
20201021,"14:23:01","SZ","NB",17237593547,22268634695,39506228242,-5031041148
20201021,"14:24:01","SZ","NB",17307623899,22319224886,39626848785,-5011600987
20201021,"14:24:01","SH","NB",12450754625,14903192586,27353947211,-2452437961
20201021,"14:25:01","SH","NB",12486154314,14945779356,27431933670,-2459625042
20201021,"14:25:01","SZ","NB",17361319111,22370874379,39732193490,-5009555268
20201021,"14:26:01","SH","NB",12514454709,15003359755,27517814464,-2488905046
20201021,"14:26:01","SZ","NB",17413728706,22425986679,39839715385,-5012257973
20201021,"14:27:01","SH","NB",12537176036,15047411934,27584587970,-2510235898
20201021,"14:27:01","SZ","NB",17454046281,22470544197,39924590478,-5016497916
20201021,"14:28:01","SH","NB",12570093179,15093283995,27663377174,-2523190816
20201021,"14:28:01","SZ","NB",17506222260,22539700459,40045922719,-5033478199
20201021,"14:29:01","SH","NB",12602640525,15128700150,27731340675,-2526059625
20201021,"14:29:01","SZ","NB",17552898300,22579195942,40132094242,-5026297642
20201021,"14:30:01","SH","NB",12686879596,15183873086,27870752682,-2496993490
20201021,"14:30:01","SZ","NB",17619289632,22638327006,40257616638,-5019037374
20201021,"14:31:01","SH","NB",12765283806,15257797227,28023081033,-2492513421
20201021,"14:31:01","SZ","NB",17715992933,22741847402,40457840335,-5025854469
20201021,"14:32:01","SZ","NB",17769751220,22806903714,40576654934,-5037152494
20201021,"14:32:01","SH","NB",12808158875,15313317571,28121476446,-2505158696
20201021,"14:33:01","SH","NB",12839880225,15375979464,28215859689,-2536099239
20201021,"14:33:01","SZ","NB",17818047513,22887937952,40705985465,-5069890439
20201021,"14:34:01","SH","NB",12877557968,15423822911,28301380879,-2546264943
20201021,"14:34:01","SZ","NB",17874717651,22947280384,40821998035,-5072562733
20201021,"14:35:01","SH","NB",12917519946,15463746808,28381266754,-2546226862
20201021,"14:35:01","SZ","NB",17924679775,22995575496,40920255271,-5070895721
20201021,"14:36:01","SH","NB",12979318710,15535348214,28514666924,-2556029504
20201021,"14:36:01","SZ","NB",17981853290,23071117450,41052970740,-5089264160
20201021,"14:37:01","SH","NB",13058201449,15587104238,28645305687,-2528902789
20201021,"14:37:01","SZ","NB",18089769070,23131074137,41220843207,-5041305067
20201021,"14:38:01","SZ","NB",18217109500,23191014030,41408123530,-4973904530
20201021,"14:38:01","SH","NB",13147229491,15623648959,28770878450,-2476419468
20201021,"14:39:01","SH","NB",13324642146,15684427214,29009069360,-2359785068
20201021,"14:39:01","SZ","NB",18427380683,23275073550,41702454233,-4847692867
20201021,"14:40:01","SH","NB",13381739759,15737743303,29119483062,-2356003544
20201021,"14:40:01","SZ","NB",18480914065,23354950085,41835864150,-4874036020
20201021,"14:41:01","SH","NB",13472578228,15841498083,29314076311,-2368919855
20201021,"14:41:01","SZ","NB",18593590564,23486316309,42079906873,-4892725745
20201021,"14:42:01","SH","NB",13534390371,15910345939,29444736310,-2375955568
20201021,"14:42:01","SZ","NB",18659900198,23573983085,42233883283,-4914082887
20201021,"14:43:01","SH","NB",13619190863,15956210305,29575401168,-2337019442
20201021,"14:43:01","SZ","NB",18731481472,23640650767,42372132239,-4909169295
20201021,"14:44:01","SH","NB",13674820557,16017241938,29692062495,-2342421381
20201021,"14:44:01","SZ","NB",18786412664,23724747721,42511160385,-4938335057
20201021,"14:45:01","SH","NB",13733898292,16068766228,29802664520,-2334867936
20201021,"14:45:01","SZ","NB",18841105432,23795141948,42636247380,-4954036516
20201021,"14:46:01","SH","NB",13835086132,16117608687,29952694819,-2282522555
20201021,"14:46:01","SZ","NB",18948777443,23860996558,42809774001,-4912219115
20201021,"14:47:01","SZ","NB",19023830400,23933867468,42957697868,-4910037068
20201021,"14:47:01","SH","NB",13908116859,16161673049,30069789908,-2253556190
20201021,"14:48:01","SH","NB",13970952612,16218251292,30189203904,-2247298680
20201021,"14:48:01","SZ","NB",19102594777,24029333590,43131928367,-4926738813
20201021,"14:49:01","SZ","NB",19181162946,24097030281,43278193227,-4915867335
20201021,"14:49:01","SH","NB",14032895276,16267909624,30300804900,-2235014348
20201021,"14:50:01","SH","NB",14104652148,16347546932,30452199080,-2242894784
20201021,"14:50:01","SZ","NB",19262322493,24186645095,43448967588,-4924322602
20201021,"14:51:01","SH","NB",14275220919,16456690074,30731910993,-2181469155
20201021,"14:51:01","SZ","NB",19427170152,24336337961,43763508113,-4909167809
20201021,"14:52:01","SH","NB",14360845762,16515891618,30876737380,-2155045856
20201021,"14:52:01","SZ","NB",19525722352,24449865615,43975587967,-4924143263
20201021,"14:53:01","SH","NB",14480730432,16592352938,31073083370,-2111622506
20201021,"14:53:01","SZ","NB",19640532903,24544595014,44185127917,-4904062111
20201021,"14:54:01","SH","NB",14586040525,16652273757,31238314282,-2066233232
20201021,"14:54:01","SZ","NB",19727209032,24615054220,44342263252,-4887845188
20201021,"14:55:01","SH","NB",14722889457,16721411510,31444300967,-1998522053
20201021,"14:55:01","SZ","NB",19856512102,24717750788,44574262890,-4861238686
20201021,"14:56:01","SH","NB",14852460389,16831617461,31684077850,-1979157072
20201021,"14:56:01","SZ","NB",20008651976,24865095087,44873747063,-4856443111
20201021,"14:57:01","SH","NB",14934770069,16904209440,31838979509,-1969439371
20201021,"14:57:01","SZ","NB",20106538309,24953075513,45059613822,-4846537204
20201021,"14:58:01","SH","NB",14934775567,16904217548,31838993115,-1969441981
20201021,"15:01:01","SH","NB",15224196591,17244374480,32468571071,-2020177889
20201021,"15:01:01","SZ","NB",20398267028,25300498099,45698765127,-4902231071
