dataDate,dataTime,connectMarket,tradeDirection,buyTurnover,sellTurnover,totalTurnover,netTurnover
20201022,"09:30:02","SH","NB",179337757,128544295,307882052,50793462
20201022,"09:30:02","SZ","NB",125011873,125717266,250729139,-705393
20201022,"09:31:01","SH","NB",573826441,379646325,953472766,194180116
20201022,"09:31:01","SZ","NB",633592141,530651727,1164243868,102940414
20201022,"09:32:01","SH","NB",928091346,569861573,1497952919,358229773
20201022,"09:32:01","SZ","NB",945275731,894714289,1839990020,50561442
20201022,"09:33:01","SZ","NB",1187559747,1256646549,2444206296,-69086802
20201022,"09:33:01","SH","NB",1158196378,730772407,1888968785,427423971
20201022,"09:34:01","SH","NB",1361531293,1006492585,2368023878,355038708
20201022,"09:34:01","SZ","NB",1411201680,1590115895,3001317575,-178914215
20201022,"09:35:01","SZ","NB",1741927038,1983048497,3724975535,-241121459
20201022,"09:35:01","SH","NB",1627684057,1325905973,2953590030,301778084
20201022,"09:36:01","SH","NB",1840525418,1477187093,3317712511,363338325
20201022,"09:36:01","SZ","NB",1987109670,2210407244,4197516914,-223297574
20201022,"09:37:01","SH","NB",2024326607,1676905535,3701232142,347421072
20201022,"09:37:01","SZ","NB",2250072859,2491479150,4741552009,-241406291
20201022,"09:38:01","SH","NB",2230422680,1825528563,4055951243,404894117
20201022,"09:38:01","SZ","NB",2552791129,2720986372,5273777501,-168195243
20201022,"09:39:01","SH","NB",2335479968,1957896006,4293375974,377583962
20201022,"09:39:01","SZ","NB",2712978931,2946678194,5659657125,-233699263
20201022,"09:40:01","SH","NB",2495405733,2060964322,4556370055,434441411
20201022,"09:40:01","SZ","NB",2916054979,3197973291,6114028270,-281918312
20201022,"09:41:01","SH","NB",2634330255,2237597897,4871928152,396732358
20201022,"09:41:01","SZ","NB",3080842820,3542354902,6623197722,-461512082
20201022,"09:42:01","SH","NB",2742173387,2332494201,5074667588,409679186
20201022,"09:42:01","SZ","NB",3244618295,3720379120,6964997415,-475760825
20201022,"09:43:01","SH","NB",2881633872,2440550935,5322184807,441082937
20201022,"09:43:01","SZ","NB",3407410867,3942921952,7350332819,-535511085
20201022,"09:44:01","SH","NB",2952459784,2541727158,5494186942,410732626
20201022,"09:44:01","SZ","NB",3552744717,4150479050,7703223767,-597734333
20201022,"09:45:01","SZ","NB",3781083543,4312219738,8093303281,-531136195
20201022,"09:45:01","SH","NB",3099116790,2634373127,5733489917,464743663
20201022,"09:46:01","SH","NB",3194330779,2861425603,6055756382,332905176
20201022,"09:46:01","SZ","NB",3953274592,4609215695,8562490287,-655941103
20201022,"09:47:01","SZ","NB",4151421196,4830075173,8981496369,-678653977
20201022,"09:47:01","SH","NB",3301997298,2984407622,6286404920,317589676
20201022,"09:48:01","SH","NB",3370038735,3114818174,6484856909,255220561
20201022,"09:48:01","SZ","NB",4282749862,5035903336,9318653198,-753153474
20201022,"09:49:01","SH","NB",3468248988,3230454832,6698703820,237794156
20201022,"09:49:01","SZ","NB",4495587682,5175359218,9670946900,-679771536
20201022,"09:50:01","SH","NB",3542516704,3332355019,6874871723,210161685
20201022,"09:50:01","SZ","NB",4629300096,5327991309,9957291405,-698691213
20201022,"09:51:01","SH","NB",3683774102,3473891567,7157665669,209882535
20201022,"09:51:01","SZ","NB",4972481644,5556486798,10528968442,-584005154
20201022,"09:52:01","SH","NB",3762615223,3557144353,7319759576,205470870
20201022,"09:52:01","SZ","NB",5133640405,5706097698,10839738103,-572457293
20201022,"09:53:01","SH","NB",3830153020,3645934710,7476087730,184218310
20201022,"09:53:01","SZ","NB",5245656418,5899981582,11145638000,-654325164
20201022,"09:54:01","SH","NB",3883937986,3765013153,7648951139,118924833
20201022,"09:54:01","SZ","NB",5337621771,6118445071,11456066842,-780823300
20201022,"09:55:01","SH","NB",3944162052,3861692427,7805854479,82469625
20201022,"09:55:01","SZ","NB",5427426652,6286303783,11713730435,-858877131
20201022,"09:56:01","SZ","NB",5643973946,6479475175,12123449121,-835501229
20201022,"09:56:01","SH","NB",4050939134,3994239362,8045178496,56699772
20201022,"09:57:01","SH","NB",4113030699,4085191814,8198222513,27838885
20201022,"09:57:01","SZ","NB",5759693768,6646273649,12405967417,-886579881
20201022,"09:58:01","SH","NB",4206442592,4155128891,8361571483,51313701
20201022,"09:58:01","SZ","NB",5877824604,6759148280,12636972884,-881323676
20201022,"09:59:01","SH","NB",4262152048,4232865243,8495017291,29286805
20201022,"09:59:01","SZ","NB",5969100202,6907475060,12876575262,-938374858
20201022,"10:00:01","SH","NB",4366936417,4278242174,8645178591,88694243
20201022,"10:00:01","SZ","NB",6125239608,7001094989,13126334597,-875855381
20201022,"10:01:01","SZ","NB",6327008391,7265035557,13592043948,-938027166
20201022,"10:01:01","SH","NB",4467916209,4428890358,8896806567,39025851
20201022,"10:02:01","SH","NB",4531696873,4509301073,9040997946,22395800
20201022,"10:02:01","SZ","NB",6445267982,7405347596,13850615578,-960079614
20201022,"10:03:01","SH","NB",4583327527,4598885084,9182212611,-15557557
20201022,"10:03:01","SZ","NB",6567618350,7554260105,14121878455,-986641755
20201022,"10:04:01","SH","NB",4630740146,4730831850,9361571996,-100091704
20201022,"10:04:01","SZ","NB",6653868881,7758909476,14412778357,-1105040595
20201022,"10:05:01","SH","NB",4672960746,4816935079,9489895825,-143974333
20201022,"10:05:01","SZ","NB",6760375544,7899987381,14660362925,-1139611837
20201022,"10:06:01","SH","NB",4745420219,4880434220,9625854439,-135014001
20201022,"10:06:01","SZ","NB",6923378887,8004396447,14927775334,-1081017560
20201022,"10:07:03","SZ","NB",6995054605,8101742040,15096796645,-1106687435
20201022,"10:07:03","SH","NB",4781098818,4943634244,9724733062,-162535426
20201022,"10:08:01","SH","NB",4821757369,5041320609,9863077978,-219563240
20201022,"10:08:01","SZ","NB",7065601228,8254445965,15320047193,-1188844737
20201022,"10:09:01","SH","NB",4903578875,5149819285,10053398160,-246240410
20201022,"10:09:01","SZ","NB",7174156266,8363957809,15538114075,-1189801543
20201022,"10:10:01","SH","NB",4968164730,5227500685,10195665415,-259335955
20201022,"10:10:01","SZ","NB",7267731520,8478725818,15746457338,-1210994298
20201022,"10:11:01","SH","NB",5069575279,5362444912,10432020191,-292869633
20201022,"10:11:01","SZ","NB",7463260510,8717290718,16180551228,-1254030208
20201022,"10:12:01","SH","NB",5141456964,5498071181,10639528145,-356614217
20201022,"10:12:01","SZ","NB",7574004078,8832822092,16406826170,-1258818014
20201022,"10:13:01","SH","NB",5254033921,5577716547,10831750468,-323682626
20201022,"10:13:01","SZ","NB",7713038225,8932176451,16645214676,-1219138226
20201022,"10:14:01","SH","NB",5320789600,5676426862,10997216462,-355637262
20201022,"10:14:01","SZ","NB",7817465075,9042281581,16859746656,-1224816506
20201022,"10:15:01","SH","NB",5367770555,5755392040,11123162595,-387621485
20201022,"10:15:01","SZ","NB",7879662562,9137429933,17017092495,-1257767371
20201022,"10:16:01","SH","NB",5430302122,5831394737,11261696859,-401092615
20201022,"10:16:01","SZ","NB",7950063977,9242808148,17192872125,-1292744171
20201022,"10:17:01","SZ","NB",8031380514,9380886549,17412267063,-1349506035
20201022,"10:17:01","SH","NB",5493629116,5971168860,11464797976,-477539744
20201022,"10:18:01","SH","NB",5570098989,6042251652,11612350641,-472152663
20201022,"10:18:01","SZ","NB",8138880324,9459519089,17598399413,-1320638765
20201022,"10:19:01","SH","NB",5615427903,6174094677,11789522580,-558666774
20201022,"10:19:01","SZ","NB",8209206975,9566363373,17775570348,-1357156398
20201022,"10:20:01","SH","NB",5696219945,6302518910,11998738855,-606298965
20201022,"10:20:01","SZ","NB",8318805149,9746601965,18065407114,-1427796816
20201022,"10:21:01","SH","NB",5838675595,6436468270,12275143865,-597792675
20201022,"10:21:01","SZ","NB",8602364761,9921130573,18523495334,-1318765812
20201022,"10:22:01","SH","NB",5911390491,6540282138,12451672629,-628891647
20201022,"10:22:01","SZ","NB",8700267183,10023554257,18723821440,-1323287074
20201022,"10:23:01","SH","NB",6000455976,6595515898,12595971874,-595059922
20201022,"10:23:01","SZ","NB",8829167313,10111318655,18940485968,-1282151342
20201022,"10:24:01","SH","NB",6036134452,6641608176,12677742628,-605473724
20201022,"10:24:01","SZ","NB",8890461211,10191064017,19081525228,-1300602806
20201022,"10:25:01","SZ","NB",8959167006,10289554054,19248721060,-1330387048
20201022,"10:25:01","SH","NB",6086841878,6719614051,12806455929,-632772173
20201022,"10:26:01","SH","NB",6133687391,6794843380,12928530771,-661155989
20201022,"10:26:01","SZ","NB",9008837561,10389860538,19398698099,-1381022977
20201022,"10:27:01","SH","NB",6191632063,6838437258,13030069321,-646805195
20201022,"10:27:01","SZ","NB",9097817569,10443943586,19541761155,-1346126017
20201022,"10:28:01","SH","NB",6239702025,6883697124,13123399149,-643995099
20201022,"10:28:01","SZ","NB",9156694642,10517858165,19674552807,-1361163523
20201022,"10:29:01","SH","NB",6313167349,6925954512,13239121861,-612787163
20201022,"10:29:01","SZ","NB",9223335941,10592314853,19815650794,-1368978912
20201022,"10:30:01","SH","NB",6376572878,6969066223,13345639101,-592493345
20201022,"10:30:01","SZ","NB",9282846043,10651964007,19934810050,-1369117964
20201022,"10:31:01","SH","NB",6438744162,7083155241,13521899403,-644411079
20201022,"10:31:01","SZ","NB",9369620111,10808013848,20177633959,-1438393737
20201022,"10:32:01","SH","NB",6500313734,7121711473,13622025207,-621397739
20201022,"10:32:01","SZ","NB",9449740111,10882263638,20332003749,-1432523527
20201022,"10:33:01","SH","NB",6539014226,7210294965,13749309191,-671280739
20201022,"10:33:01","SZ","NB",9507412935,10994321760,20501734695,-1486908825
20201022,"10:34:01","SH","NB",6572790846,7259814864,13832605710,-687024018
20201022,"10:34:01","SZ","NB",9570043887,11067035254,20637079141,-1496991367
20201022,"10:35:01","SZ","NB",9630491405,11119226367,20749717772,-1488734962
20201022,"10:35:01","SH","NB",6620006072,7295696302,13915702374,-675690230
20201022,"10:36:01","SH","NB",6651923520,7325128505,13977052025,-673204985
20201022,"10:36:01","SZ","NB",9694408599,11171121666,20865530265,-1476713067
20201022,"10:37:01","SH","NB",6719511911,7369087279,14088599190,-649575368
20201022,"10:37:01","SZ","NB",9779815673,11242085470,21021901143,-1462269797
20201022,"10:38:01","SH","NB",6755091516,7408922912,14164014428,-653831396
20201022,"10:38:01","SZ","NB",9836240804,11309294276,21145535080,-1473053472
20201022,"10:39:01","SH","NB",6796834976,7439743633,14236578609,-642908657
20201022,"10:39:01","SZ","NB",9895654075,11363784796,21259438871,-1468130721
20201022,"10:40:01","SH","NB",6843796392,7472285250,14316081642,-628488858
20201022,"10:40:01","SZ","NB",9959941998,11406493057,21366435055,-1446551059
20201022,"10:41:01","SH","NB",6902353498,7599121718,14501475216,-696768220
20201022,"10:41:01","SZ","NB",10062286451,11559970601,21622257052,-1497684150
20201022,"10:42:01","SH","NB",6947342100,7656135745,14603477845,-708793645
20201022,"10:42:01","SZ","NB",10125171671,11633596563,21758768234,-1508424892
20201022,"10:43:01","SH","NB",6978198139,7689618597,14667816736,-711420458
20201022,"10:43:01","SZ","NB",10172847865,11688815798,21861663663,-1515967933
20201022,"10:44:01","SH","NB",7014560997,7743320937,14757881934,-728759940
20201022,"10:44:01","SZ","NB",10237832394,11746558742,21984391136,-1508726348
20201022,"10:45:01","SZ","NB",10294730138,11784080152,22078810290,-1489350014
20201022,"10:45:01","SH","NB",7067628140,7774193876,14841822016,-706565736
20201022,"10:46:01","SH","NB",7186231615,7810708483,14996940098,-624476868
20201022,"10:46:01","SZ","NB",10457866886,11852683241,22310550127,-1394816355
20201022,"10:47:01","SH","NB",7229284494,7851418528,15080703022,-622134034
20201022,"10:47:01","SZ","NB",10517076111,11917154037,22434230148,-1400077926
20201022,"10:48:01","SH","NB",7257345042,7899064990,15156410032,-641719948
20201022,"10:48:01","SZ","NB",10553675924,11986198551,22539874475,-1432522627
20201022,"10:49:01","SH","NB",7280942123,7933927293,15214869416,-652985170
20201022,"10:49:01","SZ","NB",10585965829,12043241465,22629207294,-1457275636
20201022,"10:50:01","SZ","NB",10617127225,12083475841,22700603066,-1466348616
20201022,"10:50:01","SH","NB",7297785797,7959271803,15257057600,-661486006
20201022,"10:51:01","SH","NB",7340850346,8029600655,15370451001,-688750309
20201022,"10:51:01","SZ","NB",10697712251,12189242700,22886954951,-1491530449
20201022,"10:52:01","SH","NB",7381985161,8059214604,15441199765,-677229443
20201022,"10:52:01","SZ","NB",10770746518,12231066634,23001813152,-1460320116
20201022,"10:53:01","SH","NB",7426867878,8091212012,15518079890,-664344134
20201022,"10:53:01","SZ","NB",10826081785,12263625044,23089706829,-1437543259
20201022,"10:54:01","SH","NB",7463573175,8127470828,15591044003,-663897653
20201022,"10:54:01","SZ","NB",10890268296,12323402119,23213670415,-1433133823
20201022,"10:55:01","SH","NB",7493975035,8148621838,15642596873,-654646803
20201022,"10:55:01","SZ","NB",10937740075,12366929696,23304669771,-1429189621
20201022,"10:56:01","SH","NB",7549468488,8176500394,15725968882,-627031906
20201022,"10:56:01","SZ","NB",11039453490,12416196911,23455650401,-1376743421
20201022,"10:57:01","SH","NB",7582588239,8215755905,15798344144,-633167666
20201022,"10:57:01","SZ","NB",11076782401,12475835626,23552618027,-1399053225
20201022,"10:58:01","SH","NB",7657238149,8249088616,15906326765,-591850467
20201022,"10:58:01","SZ","NB",11214077558,12540884526,23754962084,-1326806968
20201022,"10:59:01","SH","NB",7688539027,8313289954,16001828981,-624750927
20201022,"10:59:01","SZ","NB",11259993057,12615574958,23875568015,-1355581901
20201022,"11:00:01","SZ","NB",11311827435,12685620995,23997448430,-1373793560
20201022,"11:00:01","SH","NB",7716487005,8357502705,16073989710,-641015700
20201022,"11:01:01","SH","NB",7808638757,8469552303,16278191060,-660913546
20201022,"11:01:01","SZ","NB",11486879689,12826505972,24313385661,-1339626283
20201022,"11:02:01","SH","NB",7849653928,8503960708,16353614636,-654306780
20201022,"11:02:01","SZ","NB",11554684130,12873398062,24428082192,-1318713932
20201022,"11:03:01","SH","NB",7888255484,8539691577,16427947061,-651436093
20201022,"11:03:01","SZ","NB",11626890167,12946218625,24573108792,-1319328458
20201022,"11:04:01","SH","NB",7917835243,8565006075,16482841318,-647170832
20201022,"11:04:01","SZ","NB",11688643528,12997085870,24685729398,-1308442342
20201022,"11:05:01","SH","NB",7954171772,8601305362,16555477134,-647133590
20201022,"11:05:01","SZ","NB",11758357410,13062533648,24820891058,-1304176238
20201022,"11:06:01","SH","NB",7984328765,8638652069,16622980834,-654323304
20201022,"11:06:01","SZ","NB",11802024108,13113308751,24915332859,-1311284643
20201022,"11:07:01","SH","NB",8018739814,8669243464,16687983278,-650503650
20201022,"11:07:01","SZ","NB",11850066175,13173597222,25023663397,-1323531047
20201022,"11:08:01","SZ","NB",11898505793,13241611348,25140117141,-1343105555
20201022,"11:08:01","SH","NB",8049892591,8705627530,16755520121,-655734939
20201022,"11:09:01","SH","NB",8083631610,8730293004,16813924614,-646661394
20201022,"11:09:01","SZ","NB",11949472965,13281682987,25231155952,-1332210022
20201022,"11:10:01","SH","NB",8111729227,8752990499,16864719726,-641261272
20201022,"11:10:01","SZ","NB",11991860586,13321334203,25313194789,-1329473617
20201022,"11:11:01","SH","NB",8159071757,8817083727,16976155484,-658011970
20201022,"11:11:01","SZ","NB",12072552410,13435964440,25508516850,-1363412030
20201022,"11:12:01","SH","NB",8190496179,8842817902,17033314081,-652321723
20201022,"11:12:01","SZ","NB",12124770592,13480065213,25604835805,-1355294621
20201022,"11:13:01","SH","NB",8227512379,8872737585,17100249964,-645225206
20201022,"11:13:01","SZ","NB",12189840650,13529251056,25719091706,-1339410406
20201022,"11:14:01","SH","NB",8254989150,8896982932,17151972082,-641993782
20201022,"11:14:01","SZ","NB",12231847571,13580163198,25812010769,-1348315627
20201022,"11:15:01","SH","NB",8288685690,8915192805,17203878495,-626507115
20201022,"11:15:01","SZ","NB",12289204529,13620472879,25909677408,-1331268350
20201022,"11:16:01","SZ","NB",12404244783,13660748988,26064993771,-1256504205
20201022,"11:16:01","SH","NB",8360537988,8945227602,17305765590,-584689614
20201022,"11:17:01","SH","NB",8393156683,8971177524,17364334207,-578020841
20201022,"11:17:01","SZ","NB",12443843820,13696728855,26140572675,-1252885035
20201022,"11:18:01","SH","NB",8415776464,8997763239,17413539703,-581986775
20201022,"11:18:01","SZ","NB",12474814879,13734765562,26209580441,-1259950683
20201022,"11:19:01","SH","NB",8436522975,9030364689,17466887664,-593841714
20201022,"11:19:01","SZ","NB",12501046286,13779766128,26280812414,-1278719842
20201022,"11:20:01","SH","NB",8459161642,9065880969,17525042611,-606719327
20201022,"11:20:01","SZ","NB",12534274119,13831390569,26365664688,-1297116450
20201022,"11:21:01","SH","NB",8489806356,9124388496,17614194852,-634582140
20201022,"11:21:01","SZ","NB",12588273061,13925505358,26513778419,-1337232297
20201022,"11:22:01","SH","NB",8514258058,9167168316,17681426374,-652910258
20201022,"11:22:01","SZ","NB",12628493055,13976385859,26604878914,-1347892804
20201022,"11:23:01","SZ","NB",12678492584,14018398291,26696890875,-1339905707
20201022,"11:23:01","SH","NB",8545902606,9190708014,17736610620,-644805408
20201022,"11:24:01","SH","NB",8572117339,9214308281,17786425620,-642190942
20201022,"11:24:01","SZ","NB",12706082574,14055784845,26761867419,-1349702271
20201022,"11:25:01","SH","NB",8594069712,9235720183,17829789895,-641650471
20201022,"11:25:01","SZ","NB",12737833036,14088393889,26826226925,-1350560853
20201022,"11:26:01","SH","NB",8620216035,9259929013,17880145048,-639712978
20201022,"11:26:01","SZ","NB",12771925860,14127559142,26899485002,-1355633282
20201022,"11:27:01","SH","NB",8644524628,9308029639,17952554267,-663505011
20201022,"11:27:01","SZ","NB",12804060221,14207952092,27012012313,-1403891871
20201022,"11:28:01","SH","NB",8672663380,9329975899,18002639279,-657312519
20201022,"11:28:01","SZ","NB",12835472528,14244687135,27080159663,-1409214607
20201022,"11:29:01","SH","NB",8697065619,9351066289,18048131908,-654000670
20201022,"11:29:01","SZ","NB",12865024016,14275434324,27140458340,-1410410308
20201022,"11:30:01","SH","NB",8714419795,9366795031,18081214826,-652375236
20201022,"11:30:01","SZ","NB",12893662044,14294000509,27187662553,-1400338465
20201022,"11:31:01","SH","NB",8714419795,9366798972,18081218767,-652379177
20201022,"13:00:01","SH","NB",8714423919,9366811729,18081235648,-652387810
20201022,"13:00:01","SZ","NB",12899046069,14302450252,27201496321,-1403404183
20201022,"13:01:01","SH","NB",8801065720,9461204487,18262270207,-660138767
20201022,"13:01:01","SZ","NB",12983915223,14438423712,27422338935,-1454508489
20201022,"13:02:01","SH","NB",8833402676,9495569292,18328971968,-662166616
20201022,"13:02:01","SZ","NB",13052883755,14491344095,27544227850,-1438460340
20201022,"13:03:01","SH","NB",8873017540,9531301707,18404319247,-658284167
20201022,"13:03:01","SZ","NB",13099547971,14539671197,27639219168,-1440123226
20201022,"13:04:01","SH","NB",8907580123,9561369254,18468949377,-653789131
20201022,"13:04:01","SZ","NB",13141684099,14576874826,27718558925,-1435190727
20201022,"13:05:01","SH","NB",8953407225,9597862022,18551269247,-644454797
20201022,"13:05:01","SZ","NB",13207426138,14629232308,27836658446,-1421806170
20201022,"13:06:01","SZ","NB",13274520117,14686790881,27961310998,-1412270764
20201022,"13:06:01","SH","NB",9012005487,9634887612,18646893099,-622882125
20201022,"13:07:01","SH","NB",9048098792,9668206217,18716305009,-620107425
20201022,"13:07:01","SZ","NB",13333668281,14738095137,28071763418,-1404426856
20201022,"13:08:01","SH","NB",9081512610,9703142847,18784655457,-621630237
20201022,"13:08:01","SZ","NB",13378361401,14785618949,28163980350,-1407257548
20201022,"13:09:01","SH","NB",9111095631,9748805555,18859901186,-637709924
20201022,"13:09:01","SZ","NB",13417162911,14834041817,28251204728,-1416878906
20201022,"13:10:01","SZ","NB",13472691417,14881781748,28354473165,-1409090331
20201022,"13:10:01","SH","NB",9167457837,9803228983,18970686820,-635771146
20201022,"13:11:01","SH","NB",9227287453,9867643126,19094930579,-640355673
20201022,"13:11:01","SZ","NB",13603167894,14973203355,28576371249,-1370035461
20201022,"13:12:01","SH","NB",9264012282,9901601754,19165614036,-637589472
20201022,"13:12:01","SZ","NB",13656848606,15019337341,28676185947,-1362488735
20201022,"13:13:01","SH","NB",9317409369,9950743521,19268152890,-633334152
20201022,"13:13:01","SZ","NB",13704771967,15078728502,28783500469,-1373956535
20201022,"13:14:01","SH","NB",9372334332,9984340910,19356675242,-612006578
20201022,"13:14:01","SZ","NB",13758387262,15119542125,28877929387,-1361154863
20201022,"13:15:01","SH","NB",9417998938,10034403754,19452402692,-616404816
20201022,"13:15:01","SZ","NB",13801722839,15170910936,28972633775,-1369188097
20201022,"13:16:01","SZ","NB",13846333972,15234326418,29080660390,-1387992446
20201022,"13:16:01","SH","NB",9451966066,10086370461,19538336527,-634404395
20201022,"13:17:01","SH","NB",9489668420,10122834002,19612502422,-633165582
20201022,"13:17:01","SZ","NB",13901823944,15289152736,29190976680,-1387328792
20201022,"13:18:01","SH","NB",9514761062,10154993461,19669754523,-640232399
20201022,"13:18:01","SZ","NB",13938648202,15333147711,29271795913,-1394499509
20201022,"13:19:01","SH","NB",9542571914,10201891399,19744463313,-659319485
20201022,"13:19:01","SZ","NB",13982079079,15395458134,29377537213,-1413379055
20201022,"13:20:01","SH","NB",9567118445,10240338032,19807456477,-673219587
20201022,"13:20:01","SZ","NB",14031502453,15444588547,29476091000,-1413086094
20201022,"13:21:01","SH","NB",9613658566,10298521552,19912180118,-684862986
20201022,"13:21:01","SZ","NB",14101940053,15538697404,29640637457,-1436757351
20201022,"13:22:01","SH","NB",9649711265,10338765603,19988476868,-689054338
20201022,"13:22:01","SZ","NB",14176303781,15591558714,29767862495,-1415254933
20201022,"13:23:01","SH","NB",9682862747,10373356199,20056218946,-690493452
20201022,"13:23:01","SZ","NB",14233878257,15635417205,29869295462,-1401538948
20201022,"13:24:01","SH","NB",9728048859,10408155486,20136204345,-680106627
20201022,"13:24:01","SZ","NB",14292470441,15675730535,29968200976,-1383260094
20201022,"13:25:01","SH","NB",9783170765,10455029269,20238200034,-671858504
20201022,"13:25:01","SZ","NB",14377268981,15739289070,30116558051,-1362020089
20201022,"13:26:01","SZ","NB",14421799219,15787620988,30209420207,-1365821769
20201022,"13:26:01","SH","NB",9816313393,10488532767,20304846160,-672219374
20201022,"13:27:01","SH","NB",9857187215,10524832083,20382019298,-667644868
20201022,"13:27:01","SZ","NB",14471689528,15838835670,30310525198,-1367146142
20201022,"13:28:01","SH","NB",9911987222,10564169857,20476157079,-652182635
20201022,"13:28:01","SZ","NB",14544994699,15892631893,30437626592,-1347637194
20201022,"13:29:01","SH","NB",10025680854,10620835196,20646516050,-595154342
20201022,"13:29:01","SZ","NB",14677489216,15957957623,30635446839,-1280468407
20201022,"13:30:01","SH","NB",10071204865,10688561646,20759766511,-617356781
20201022,"13:30:01","SZ","NB",14728910204,16028734496,30757644700,-1299824292
20201022,"13:31:01","SZ","NB",14883913179,16137141725,31021054904,-1253228546
20201022,"13:31:01","SH","NB",10173445260,10766644892,20940090152,-593199632
20201022,"13:32:01","SH","NB",10214818916,10852679401,21067498317,-637860485
20201022,"13:32:01","SZ","NB",14946113566,16229653730,31175767296,-1283540164
20201022,"13:33:01","SH","NB",10256790019,10912932909,21169722928,-656142890
20201022,"13:33:01","SZ","NB",14993828841,16303046150,31296874991,-1309217309
20201022,"13:34:01","SH","NB",10291868950,10968628227,21260497177,-676759277
20201022,"13:34:01","SZ","NB",15035280175,16393187519,31428467694,-1357907344
20201022,"13:35:01","SH","NB",10323142808,11008701402,21331844210,-685558594
20201022,"13:35:01","SZ","NB",15083678968,16447621066,31531300034,-1363942098
20201022,"13:36:01","SH","NB",10364084856,11049827795,21413912651,-685742939
20201022,"13:36:01","SZ","NB",15141978924,16491981822,31633960746,-1350002898
20201022,"13:37:01","SH","NB",10403547981,11096586075,21500134056,-693038094
20201022,"13:37:01","SZ","NB",15194207340,16558550643,31752757983,-1364343303
20201022,"13:38:01","SH","NB",10439083642,11136288497,21575372139,-697204855
20201022,"13:38:01","SZ","NB",15232280080,16607247643,31839527723,-1374967563
20201022,"13:39:01","SZ","NB",15301135318,16649465706,31950601024,-1348330388
20201022,"13:39:01","SH","NB",10495916135,11168409356,21664325491,-672493221
20201022,"13:40:01","SH","NB",10529228176,11212339569,21741567745,-683111393
20201022,"13:40:01","SZ","NB",15357447514,16708530625,32065978139,-1351083111
20201022,"13:41:01","SH","NB",10574491435,11284544102,21859035537,-710052667
20201022,"13:41:01","SZ","NB",15433342425,16814617121,32247959546,-1381274696
20201022,"13:42:01","SH","NB",10609990910,11325793767,21935784677,-715802857
20201022,"13:42:01","SZ","NB",15470626177,16862271005,32332897182,-1391644828
20201022,"13:43:01","SH","NB",10672950732,11371117163,22044067895,-698166431
20201022,"13:43:01","SZ","NB",15549484281,16915261040,32464745321,-1365776759
20201022,"13:44:01","SZ","NB",15589385234,16998977853,32588363087,-1409592619
20201022,"13:44:01","SH","NB",10701540745,11431348052,22132888797,-729807307
20201022,"13:45:01","SH","NB",10740167028,11489362222,22229529250,-749195194
20201022,"13:45:01","SZ","NB",15643155908,17067069171,32710225079,-1423913263
20201022,"13:46:01","SH","NB",10774316979,11556030508,22330347487,-781713529
20201022,"13:46:01","SZ","NB",15694964925,17151145954,32846110879,-1456181029
20201022,"13:47:01","SH","NB",10807623149,11624909434,22432532583,-817286285
20201022,"13:47:01","SZ","NB",15731625627,17261941692,32993567319,-1530316065
20201022,"13:48:01","SH","NB",10835425522,11660985498,22496411020,-825559976
20201022,"13:48:01","SZ","NB",15763474033,17306444212,33069918245,-1542970179
20201022,"13:49:01","SH","NB",10863937772,11701776263,22565714035,-837838491
20201022,"13:49:01","SZ","NB",15794898144,17371150627,33166048771,-1576252483
20201022,"13:50:01","SZ","NB",15825494283,17419140010,33244634293,-1593645727
20201022,"13:50:01","SH","NB",10902364123,11736896108,22639260231,-834531985
20201022,"13:51:01","SH","NB",10951883105,11798475451,22750358556,-846592346
20201022,"13:51:01","SZ","NB",15900234801,17503018377,33403253178,-1602783576
20201022,"13:52:01","SH","NB",10974539711,11835489922,22810029633,-860950211
20201022,"13:52:01","SZ","NB",15938150884,17555444669,33493595553,-1617293785
20201022,"13:53:01","SZ","NB",15976163695,17600104797,33576268492,-1623941102
20201022,"13:53:01","SH","NB",10998757913,11872864557,22871622470,-874106644
20201022,"13:54:01","SH","NB",11029929137,11903385019,22933314156,-873455882
20201022,"13:54:01","SZ","NB",16015328927,17636310454,33651639381,-1620981527
20201022,"13:55:01","SH","NB",11051110784,11943704996,22994815780,-892594212
20201022,"13:55:01","SZ","NB",16052592646,17694431617,33747024263,-1641838971
20201022,"13:56:01","SH","NB",11076260540,11989142557,23065403097,-912882017
20201022,"13:56:01","SZ","NB",16087997504,17761512578,33849510082,-1673515074
20201022,"13:57:01","SH","NB",11110929076,12022697274,23133626350,-911768198
20201022,"13:57:01","SZ","NB",16148337510,17804409088,33952746598,-1656071578
20201022,"13:58:01","SH","NB",11148291842,12052796778,23201088620,-904504936
20201022,"13:58:01","SZ","NB",16198526679,17849827082,34048353761,-1651300403
20201022,"13:59:01","SH","NB",11191144717,12079327850,23270472567,-888183133
20201022,"13:59:01","SZ","NB",16251074999,17893350099,34144425098,-1642275100
20201022,"14:00:01","SH","NB",11246166447,12105059288,23351225735,-858892841
20201022,"14:00:01","SZ","NB",16312007049,17927303084,34239310133,-1615296035
20201022,"14:01:01","SH","NB",11303352034,12186177273,23489529307,-882825239
20201022,"14:01:01","SZ","NB",16385495476,18024423237,34409918713,-1638927761
20201022,"14:02:01","SZ","NB",16429620891,18089254498,34518875389,-1659633607
20201022,"14:02:01","SH","NB",11334563908,12234623806,23569187714,-900059898
20201022,"14:03:01","SH","NB",11367021284,12328887664,23695908948,-961866380
20201022,"14:03:01","SZ","NB",16463713787,18221835084,34685548871,-1758121297
20201022,"14:04:01","SH","NB",11396513551,12375208624,23771722175,-978695073
20201022,"14:04:01","SZ","NB",16511894580,18302711046,34814605626,-1790816466
20201022,"14:05:01","SH","NB",11430220821,12404730222,23834951043,-974509401
20201022,"14:05:01","SZ","NB",16552071725,18345199036,34897270761,-1793127311
20201022,"14:06:01","SH","NB",11457038544,12439641359,23896679903,-982602815
20201022,"14:06:01","SZ","NB",16597389456,18388393421,34985782877,-1791003965
20201022,"14:07:01","SZ","NB",16716199497,18447055380,35163254877,-1730855883
20201022,"14:07:01","SH","NB",11587689718,12494295546,24081985264,-906605828
20201022,"14:08:01","SH","NB",11621679483,12530065815,24151745298,-908386332
20201022,"14:08:01","SZ","NB",16766416056,18499480794,35265896850,-1733064738
20201022,"14:09:01","SH","NB",11664610820,12576854428,24241465248,-912243608
20201022,"14:09:01","SZ","NB",16815231765,18558557461,35373789226,-1743325696
20201022,"14:10:01","SH","NB",11716653759,12608176973,24324830732,-891523214
20201022,"14:10:01","SZ","NB",16866152641,18606860587,35473013228,-1740707946
20201022,"14:11:01","SH","NB",11803259313,12690666397,24493925710,-887407084
20201022,"14:11:01","SZ","NB",16939263640,18716563197,35655826837,-1777299557
20201022,"14:12:01","SH","NB",11846554221,12726950111,24573504332,-880395890
20201022,"14:12:01","SZ","NB",16977353547,18762737553,35740091100,-1785384006
20201022,"14:13:01","SH","NB",11897353159,12766919246,24664272405,-869566087
20201022,"14:13:01","SZ","NB",17021127796,18809212058,35830339854,-1788084262
20201022,"14:14:01","SH","NB",11933870233,12796939099,24730809332,-863068866
20201022,"14:14:01","SZ","NB",17070875013,18865769879,35936644892,-1794894866
20201022,"14:15:01","SH","NB",12000824934,12833333652,24834158586,-832508718
20201022,"14:15:01","SZ","NB",17134885234,18927405002,36062290236,-1792519768
20201022,"14:16:01","SZ","NB",17183398817,19013091004,36196489821,-1829692187
20201022,"14:16:01","SH","NB",12038513801,12872977363,24911491164,-834463562
20201022,"14:17:01","SH","NB",12082610489,12918234947,25000845436,-835624458
20201022,"14:17:01","SZ","NB",17237312395,19083738517,36321050912,-1846426122
20201022,"14:18:01","SH","NB",12104983400,12957201435,25062184835,-852218035
20201022,"14:18:01","SZ","NB",17267006794,19140316495,36407323289,-1873309701
20201022,"14:19:01","SH","NB",12150578498,12987737059,25138315557,-837158561
20201022,"14:19:01","SZ","NB",17320450685,19181265280,36501715965,-1860814595
20201022,"14:20:01","SH","NB",12207211736,13024691912,25231903648,-817480176
20201022,"14:20:01","SZ","NB",17392042328,19232159393,36624201721,-1840117065
20201022,"14:21:01","SH","NB",12365234358,13096529535,25461763893,-731295177
20201022,"14:21:01","SZ","NB",17544147578,19335117421,36879264999,-1790969843
20201022,"14:22:01","SH","NB",12415833309,13163798210,25579631519,-747964901
20201022,"14:22:01","SZ","NB",17595512163,19423521789,37019033952,-1828009626
20201022,"14:23:01","SH","NB",12451916274,13223663560,25675579834,-771747286
20201022,"14:23:01","SZ","NB",17628016894,19499480970,37127497864,-1871464076
20201022,"14:24:01","SH","NB",12509469951,13262237664,25771707615,-752767713
20201022,"14:24:01","SZ","NB",17684931616,19554099684,37239031300,-1869168068
20201022,"14:25:01","SH","NB",12646472867,13308595890,25955068757,-662123023
20201022,"14:25:01","SZ","NB",17791330154,19614052610,37405382764,-1822722456
20201022,"14:26:01","SZ","NB",17855708008,19718582946,37574290954,-1862874938
20201022,"14:26:01","SH","NB",12708802411,13407697117,26116499528,-698894706
20201022,"14:27:01","SH","NB",12773041378,13449655645,26222697023,-676614267
20201022,"14:27:01","SZ","NB",17926782361,19784855975,37711638336,-1858073614
20201022,"14:28:01","SH","NB",12839602260,13582921047,26422523307,-743318787
20201022,"14:28:01","SZ","NB",17987177161,19923078939,37910256100,-1935901778
20201022,"14:29:01","SH","NB",12880271285,13683054543,26563325828,-802783258
20201022,"14:29:01","SZ","NB",18030466043,20020999659,38051465702,-1990533616
20201022,"14:30:01","SH","NB",12919867199,13726588596,26646455795,-806721397
20201022,"14:30:01","SZ","NB",18076400597,20069699441,38146100038,-1993298844
20201022,"14:31:01","SH","NB",13011036628,13795303530,26806340158,-784266902
20201022,"14:31:01","SZ","NB",18218307588,20183100300,38401407888,-1964792712
20201022,"14:32:01","SH","NB",13086017325,13867530282,26953547607,-781512957
20201022,"14:32:01","SZ","NB",18311051709,20272456295,38583508004,-1961404586
20201022,"14:33:01","SH","NB",13131196840,13980768256,27111965096,-849571416
20201022,"14:33:01","SZ","NB",18361552764,20368960712,38730513476,-2007407948
20201022,"14:34:01","SZ","NB",18419985262,20444463761,38864449023,-2024478499
20201022,"14:34:01","SH","NB",13176360300,14025718300,27202078600,-849358000
20201022,"14:35:01","SH","NB",13218961877,14074880797,27293842674,-855918920
20201022,"14:35:01","SZ","NB",18479217040,20510820958,38990037998,-2031603918
20201022,"14:36:01","SH","NB",13266001574,14128414260,27394415834,-862412686
20201022,"14:36:01","SZ","NB",18531600929,20592715091,39124316020,-2061114162
20201022,"14:37:01","SH","NB",13317705380,14180091734,27497797114,-862386354
20201022,"14:37:01","SZ","NB",18574460678,20659320879,39233781557,-2084860201
20201022,"14:38:01","SH","NB",13364095718,14228142719,27592238437,-864047001
20201022,"14:38:01","SZ","NB",18631224333,20735077790,39366302123,-2103853457
20201022,"14:39:01","SH","NB",13401798918,14267926642,27669725560,-866127724
20201022,"14:39:01","SZ","NB",18693486783,20811281858,39504768641,-2117795075
20201022,"14:40:01","SH","NB",13474357205,14347053958,27821411163,-872696753
20201022,"14:40:01","SZ","NB",18798553000,20894674848,39693227848,-2096121848
20201022,"14:41:01","SH","NB",13591317152,14433107317,28024424469,-841790165
20201022,"14:41:01","SZ","NB",18961444054,21008630508,39970074562,-2047186454
20201022,"14:42:01","SZ","NB",19026060827,21083883468,40109944295,-2057822641
20201022,"14:42:01","SH","NB",13639805167,14488509245,28128314412,-848704078
20201022,"14:43:01","SH","NB",13683060496,14536562662,28219623158,-853502166
20201022,"14:43:01","SZ","NB",19078625709,21148268818,40226894527,-2069643109
20201022,"14:44:01","SH","NB",13775676424,14591177843,28366854267,-815501419
20201022,"14:44:01","SZ","NB",19195950787,21215279088,40411229875,-2019328301
20201022,"14:45:01","SH","NB",13826617640,14650416341,28477033981,-823798701
20201022,"14:45:01","SZ","NB",19255405205,21286691548,40542096753,-2031286343
20201022,"14:46:01","SH","NB",13873978869,14717432480,28591411349,-843453611
20201022,"14:46:01","SZ","NB",19317517627,21370493242,40688010869,-2052975615
20201022,"14:47:01","SH","NB",13925587859,14788513890,28714101749,-862926031
20201022,"14:47:01","SZ","NB",19369762309,21460899311,40830661620,-2091137002
20201022,"14:48:01","SZ","NB",19425889384,21536147123,40962036507,-2110257739
20201022,"14:48:01","SH","NB",13968428831,14852420013,28820848844,-883991182
20201022,"14:49:01","SH","NB",14028502451,14902305886,28930808337,-873803435
20201022,"14:49:01","SZ","NB",19504642484,21604027572,41108670056,-2099385088
20201022,"14:50:01","SH","NB",14096474551,14971111130,29067585681,-874636579
20201022,"14:50:01","SZ","NB",19597564071,21692058898,41289622969,-2094494827
20201022,"14:51:01","SZ","NB",19713035283,21824849997,41537885280,-2111814714
20201022,"14:51:01","SH","NB",14188718202,15070063818,29258782020,-881345616
20201022,"14:52:01","SH","NB",14267244235,15169631733,29436875968,-902387498
20201022,"14:52:01","SZ","NB",19812023591,21924234914,41736258505,-2112211323
20201022,"14:53:01","SH","NB",14334036691,15233657605,29567694296,-899620914
20201022,"14:53:01","SZ","NB",19902186907,22017678160,41919865067,-2115491253
20201022,"14:54:01","SH","NB",14406455426,15308469539,29714924965,-902014113
20201022,"14:54:01","SZ","NB",19992925189,22107653939,42100579128,-2114728750
20201022,"14:55:01","SH","NB",14486917308,15383740290,29870657598,-896822982
20201022,"14:55:01","SZ","NB",20087194744,22189565696,42276760440,-2102370952
20201022,"14:56:01","SH","NB",14581551267,15494777276,30076328543,-913226009
20201022,"14:56:01","SZ","NB",20207260060,22321257148,42528517208,-2113997088
20201022,"14:57:01","SH","NB",14646186703,15574471542,30220658245,-928284839
20201022,"14:57:01","SZ","NB",20305742837,22413863892,42719606729,-2108121055
20201022,"14:58:01","SH","NB",14648020166,15576096084,30224116250,-928075918
20201022,"14:58:01","SZ","NB",20306465700,22414051840,42720517540,-2107586140
20201022,"15:00:01","SZ","NB",20380099142,22495028987,42875128129,-2114929845
20201022,"15:01:01","SH","NB",15628049436,16399716155,32027765591,-771666719
20201022,"15:01:01","SZ","NB",21205489424,23181628672,44387118096,-1976139248
