dataDate,dataTime,connectMarket,tradeDirection,buyTurnover,sellTurnover,totalTurnover,netTurnover
20190401,"09:30:01","SH","NB",197328515,56985416,254313931,140343099
20190401,"09:30:01","SZ","NB",107145307,63862445,171007752,43282862
20190401,"09:31:01","SH","NB",595535278,224364801,819900079,371170477
20190401,"09:31:01","SZ","NB",452762444,303349237,756111681,149413207
20190401,"09:32:01","SH","NB",1026025140,405559797,1431584937,620465343
20190401,"09:32:01","SZ","NB",798764458,471165617,1269930075,327598841
20190401,"09:33:01","SZ","NB",1073857982,651093258,1724951240,422764724
20190401,"09:33:01","SH","NB",1324416977,595305020,1919721997,729111957
20190401,"09:34:01","SH","NB",1746870802,815233093,2562103895,931637709
20190401,"09:34:01","SZ","NB",1403761435,825840660,2229602095,577920775
20190401,"09:35:01","SH","NB",2043015130,998930200,3041945330,1044084930
20190401,"09:35:01","SZ","NB",1660003661,995000147,2655003808,665003514
20190401,"09:36:01","SH","NB",2291996999,1279711766,3571708765,1012285233
20190401,"09:36:01","SZ","NB",1879803644,1273983051,3153786695,605820593
20190401,"09:37:01","SH","NB",2693129154,1521430221,4214559375,1171698933
20190401,"09:37:01","SZ","NB",2174990434,1467089462,3642079896,707900972
20190401,"09:38:01","SH","NB",2967888573,1666388905,4634277478,1301499668
20190401,"09:38:01","SZ","NB",2438015247,1594677447,4032692694,843337800
20190401,"09:39:01","SH","NB",3391389180,1810122471,5201511651,1581266709
20190401,"09:39:01","SZ","NB",2721698150,1722204489,4443902639,999493661
20190401,"09:40:01","SH","NB",3712407488,1965650076,5678057564,1746757412
20190401,"09:40:01","SZ","NB",2984520689,1857780874,4842301563,1126739815
20190401,"09:41:01","SH","NB",3956494340,2159559218,6116053558,1796935122
20190401,"09:41:01","SZ","NB",3223216001,2054077351,5277293352,1169138650
20190401,"09:42:01","SZ","NB",3409197500,2285439522,5694637022,1123757978
20190401,"09:42:01","SH","NB",4125528038,2362197027,6487725065,1763331011
20190401,"09:43:01","SH","NB",4291653103,2556813188,6848466291,1734839915
20190401,"09:43:01","SZ","NB",3577580638,2486393828,6063974466,1091186810
20190401,"09:44:01","SH","NB",4405789389,2778540295,7184329684,1627249094
20190401,"09:44:01","SZ","NB",3707600570,2697418300,6405018870,1010182270
20190401,"09:45:01","SH","NB",4631612179,2940195962,7571808141,1691416217
20190401,"09:45:01","SZ","NB",3920116764,2847678247,6767795011,1072438517
20190401,"09:46:01","SH","NB",4788025170,3086990944,7875016114,1701034226
20190401,"09:46:01","SZ","NB",4079900735,3054532008,7134432743,1025368727
20190401,"09:47:01","SH","NB",5024867306,3220861961,8245729267,1804005345
20190401,"09:47:01","SZ","NB",4323919553,3193583309,7517502862,1130336244
20190401,"09:48:01","SH","NB",5191759152,3342565727,8534324879,1849193425
20190401,"09:48:01","SZ","NB",4502432872,3340264672,7842697544,1162168200
20190401,"09:49:01","SH","NB",5416569106,3471774999,8888344105,1944794107
20190401,"09:49:01","SZ","NB",4718152868,3453854824,8172007692,1264298044
20190401,"09:50:01","SH","NB",5546515532,3631161916,9177677448,1915353616
20190401,"09:50:01","SZ","NB",4851986187,3622303857,8474290044,1229682330
20190401,"09:51:01","SZ","NB",4961564924,3819354934,8780919858,1142209990
20190401,"09:51:01","SH","NB",5661138057,3797638818,9458776875,1863499239
20190401,"09:52:01","SH","NB",5787603249,3979397728,9767000977,1808205521
20190401,"09:52:01","SZ","NB",5051789420,3995671857,9047461277,1056117563
20190401,"09:53:01","SH","NB",5945275181,4151747069,10097022250,1793528112
20190401,"09:53:01","SZ","NB",5152398146,4132947126,9285345272,1019451020
20190401,"09:54:01","SH","NB",6134113527,4315318170,10449431697,1818795357
20190401,"09:54:01","SZ","NB",5300763604,4257172378,9557935982,1043591226
20190401,"09:55:01","SH","NB",6341811912,4419641892,10761453804,1922170020
20190401,"09:55:01","SZ","NB",5512811066,4337256180,9850067246,1175554886
20190401,"09:56:01","SH","NB",6438232374,4496744598,10934976972,1941487776
20190401,"09:56:01","SZ","NB",5629772528,4419381131,10049153659,1210391397
20190401,"09:57:01","SH","NB",6610517353,4581358457,11191875810,2029158896
20190401,"09:57:01","SZ","NB",5837843617,4484055017,10321898634,1353788600
20190401,"09:58:01","SH","NB",6755972373,4658842392,11414814765,2097129981
20190401,"09:58:01","SZ","NB",6001457778,4561611623,10563069401,1439846155
20190401,"09:59:01","SH","NB",6898184126,4791846409,11690030535,2106337717
20190401,"09:59:01","SZ","NB",6145148102,4691809367,10836957469,1453338735
20190401,"10:00:01","SH","NB",7036578518,4881214829,11917793347,2155363689
20190401,"10:00:01","SZ","NB",6301106582,4791273987,11092380569,1509832595
20190401,"10:01:01","SZ","NB",6447084223,4917534414,11364618637,1529549809
20190401,"10:01:01","SH","NB",7185272994,5078701557,12263974551,2106571437
20190401,"10:02:01","SH","NB",7286253743,5276449968,12562703711,2009803775
20190401,"10:02:01","SZ","NB",6556204538,5102431048,11658635586,1453773490
20190401,"10:03:01","SH","NB",7403958521,5381056024,12785014545,2022902497
20190401,"10:03:01","SZ","NB",6678698839,5193644757,11872343596,1485054082
20190401,"10:04:01","SH","NB",7528694716,5474456910,13003151626,2054237806
20190401,"10:04:01","SZ","NB",6808922749,5256750774,12065673523,1552171975
20190401,"10:05:01","SH","NB",7645601995,5567363981,13212965976,2078238014
20190401,"10:05:01","SZ","NB",6954902968,5313196997,12268099965,1641705971
20190401,"10:06:01","SH","NB",7737673111,5729903140,13467576251,2007769971
20190401,"10:06:01","SZ","NB",7077709483,5415382325,12493091808,1662327158
20190401,"10:07:01","SH","NB",7863821758,5884831284,13748653042,1978990474
20190401,"10:07:01","SZ","NB",7192127628,5507871858,12699999486,1684255770
20190401,"10:08:01","SH","NB",8012184892,6017066533,14029251425,1995118359
20190401,"10:08:01","SZ","NB",7351386976,5583963550,12935350526,1767423426
20190401,"10:09:01","SZ","NB",7551019643,5645294160,13196313803,1905725483
20190401,"10:09:01","SH","NB",8203291788,6091022182,14294313970,2112269606
20190401,"10:10:01","SH","NB",8310361103,6162610650,14472971753,2147750453
20190401,"10:10:01","SZ","NB",7703074604,5692837639,13395912243,2010236965
20190401,"10:11:01","SH","NB",8399520980,6222986014,14622506994,2176534966
20190401,"10:11:01","SZ","NB",7812616652,5737194716,13549811368,2075421936
20190401,"10:12:01","SH","NB",8516330854,6283926545,14800257399,2232404309
20190401,"10:12:01","SZ","NB",7939604049,5794779164,13734383213,2144824885
20190401,"10:13:01","SZ","NB",8045591393,5844639475,13890230868,2200951918
20190401,"10:13:01","SH","NB",8616404453,6350289102,14966693555,2266115351
20190401,"10:14:01","SH","NB",8676908851,6410772733,15087681584,2266136118
20190401,"10:14:01","SZ","NB",8126915315,5914856799,14041772114,2212058516
20190401,"10:15:01","SH","NB",8760022704,6472763356,15232786060,2287259348
20190401,"10:15:01","SZ","NB",8203013255,5986487048,14189500303,2216526207
20190401,"10:16:01","SZ","NB",8299969463,6043114085,14343083548,2256855378
20190401,"10:16:01","SH","NB",8842230500,6546025855,15388256355,2296204645
20190401,"10:17:01","SH","NB",8919852636,6681173419,15601026055,2238679217
20190401,"10:17:01","SZ","NB",8381001416,6174523848,14555525264,2206477568
20190401,"10:18:01","SH","NB",8991198252,6770855671,15762053923,2220342581
20190401,"10:18:01","SZ","NB",8452687535,6240805968,14693493503,2211881567
20190401,"10:19:01","SZ","NB",8520782414,6279529022,14800311436,2241253392
20190401,"10:19:01","SH","NB",9066299067,6840986999,15907286066,2225312068
20190401,"10:20:01","SH","NB",9136513294,6902914976,16039428270,2233598318
20190401,"10:20:01","SZ","NB",8595666638,6317405628,14913072266,2278261010
20190401,"10:21:01","SH","NB",9256767338,6975220991,16231988329,2281546347
20190401,"10:21:01","SZ","NB",8738441126,6370296403,15108737529,2368144723
20190401,"10:22:01","SH","NB",9343094913,7052797183,16395892096,2290297730
20190401,"10:22:01","SZ","NB",8857053752,6414140006,15271193758,2442913746
20190401,"10:23:01","SH","NB",9418533051,7296893495,16715426546,2121639556
20190401,"10:23:01","SZ","NB",8927265217,6600697061,15527962278,2326568156
20190401,"10:24:01","SH","NB",9473920358,7410031281,16883951639,2063889077
20190401,"10:24:01","SZ","NB",8980535725,6715136418,15695672143,2265399307
20190401,"10:25:01","SH","NB",9537787865,7475542459,17013330324,2062245406
20190401,"10:25:01","SZ","NB",9034355764,6764888402,15799244166,2269467362
20190401,"10:26:01","SH","NB",9612394265,7536279143,17148673408,2076115122
20190401,"10:26:01","SZ","NB",9102853326,6801818797,15904672123,2301034529
20190401,"10:27:01","SH","NB",9738236508,7595514560,17333751068,2142721948
20190401,"10:27:01","SZ","NB",9193260037,6834761613,16028021650,2358498424
20190401,"10:28:01","SH","NB",9897564442,7659654989,17557219431,2237909453
20190401,"10:28:01","SZ","NB",9328008598,6874648440,16202657038,2453360158
20190401,"10:29:01","SZ","NB",9418753992,6925089474,16343843466,2493664518
20190401,"10:29:01","SH","NB",9987727871,7712753839,17700481710,2274974032
20190401,"10:30:01","SH","NB",10056971689,7775877439,17832849128,2281094250
20190401,"10:30:01","SZ","NB",9480396383,6974816542,16455212925,2505579841
20190401,"10:31:01","SH","NB",10172002746,7830913051,18002915797,2341089695
20190401,"10:31:01","SZ","NB",9582717780,7025641453,16608359233,2557076327
20190401,"10:32:01","SH","NB",10254122909,7900351618,18154474527,2353771291
20190401,"10:32:01","SZ","NB",9672640537,7080392215,16753032752,2592248322
20190401,"10:33:01","SZ","NB",9735554365,7136440504,16871994869,2599113861
20190401,"10:33:01","SH","NB",10339413837,7978252935,18317666772,2361160902
20190401,"10:34:01","SH","NB",10398413126,8151875190,18550288316,2246537936
20190401,"10:34:01","SZ","NB",9798173837,7268908012,17067081849,2529265825
20190401,"10:35:01","SH","NB",10436797983,8237403523,18674201506,2199394460
20190401,"10:35:01","SZ","NB",9844915393,7348848030,17193763423,2496067363
20190401,"10:36:01","SZ","NB",9888174287,7387772221,17275946508,2500402066
20190401,"10:36:01","SH","NB",10479108723,8292287050,18771395773,2186821673
20190401,"10:37:01","SH","NB",10523568550,8373133438,18896701988,2150435112
20190401,"10:37:01","SZ","NB",9947116225,7459160998,17406277223,2487955227
20190401,"10:38:01","SZ","NB",10079095729,7496774402,17575870131,2582321327
20190401,"10:38:01","SH","NB",10625276173,8423817576,19049093749,2201458597
20190401,"10:39:01","SH","NB",10727338691,8478887599,19206226290,2248451092
20190401,"10:39:01","SZ","NB",10188203494,7530340588,17718544082,2657862906
20190401,"10:40:01","SH","NB",10794169311,8649980843,19444150154,2144188468
20190401,"10:40:01","SZ","NB",10264479273,7656837035,17921316308,2607642238
20190401,"10:41:01","SH","NB",10837900805,8747436724,19585337529,2090464081
20190401,"10:41:01","SZ","NB",10309146293,7758302366,18067448659,2550843927
20190401,"10:42:01","SH","NB",10902590338,8799650409,19702240747,2102939929
20190401,"10:42:01","SZ","NB",10363784943,7804629814,18168414757,2559155129
20190401,"10:43:01","SH","NB",10958011533,8858970097,19816981630,2099041436
20190401,"10:43:01","SZ","NB",10401573179,7854043686,18255616865,2547529493
20190401,"10:44:01","SH","NB",11055186163,8910060168,19965246331,2145125995
20190401,"10:44:01","SZ","NB",10497946386,7897611531,18395557917,2600334855
20190401,"10:45:01","SH","NB",11115003239,8960873337,20075876576,2154129902
20190401,"10:45:01","SZ","NB",10560252409,7941785868,18502038277,2618466541
20190401,"10:46:01","SH","NB",11182198198,9040090244,20222288442,2142107954
20190401,"10:46:01","SZ","NB",10604367866,8007801945,18612169811,2596565921
20190401,"10:47:01","SZ","NB",10648643863,8048069919,18696713782,2600573944
20190401,"10:47:01","SH","NB",11238448487,9101742501,20340190988,2136705986
20190401,"10:48:01","SH","NB",11335013750,9155412710,20490426460,2179601040
20190401,"10:48:01","SZ","NB",10755770307,8092473024,18848243331,2663297283
20190401,"10:49:01","SH","NB",11405435583,9200123525,20605559108,2205312058
20190401,"10:49:01","SZ","NB",10827858219,8128537060,18956395279,2699321159
20190401,"10:50:01","SH","NB",11468340205,9252746875,20721087080,2215593330
20190401,"10:50:01","SZ","NB",10905087990,8178763052,19083851042,2726324938
20190401,"10:51:01","SH","NB",11537287224,9321394545,20858681769,2215892679
20190401,"10:51:01","SZ","NB",11004795900,8225416819,19230212719,2779379081
20190401,"10:52:01","SH","NB",11598157952,9371529579,20969687531,2226628373
20190401,"10:52:01","SZ","NB",11097650198,8271650046,19369300244,2826000152
20190401,"10:53:01","SH","NB",11715144715,9423389094,21138533809,2291755621
20190401,"10:53:01","SZ","NB",11277658596,8314384647,19592043243,2963273949
20190401,"10:54:01","SH","NB",11806350537,9474240210,21280590747,2332110327
20190401,"10:54:01","SZ","NB",11391989255,8360160083,19752149338,3031829172
20190401,"10:55:01","SH","NB",11949604551,9534197932,21483802483,2415406619
20190401,"10:55:01","SZ","NB",11512812757,8423173904,19935986661,3089638853
20190401,"10:56:01","SH","NB",12055781748,9607656079,21663437827,2448125669
20190401,"10:56:01","SZ","NB",11614589594,8469160581,20083750175,3145429013
20190401,"10:57:01","SZ","NB",11689929469,8534560185,20224489654,3155369284
20190401,"10:57:01","SH","NB",12110590294,9683351807,21793942101,2427238487
20190401,"10:58:01","SH","NB",12179019830,9740225601,21919245431,2438794229
20190401,"10:58:01","SZ","NB",11770760293,8593374778,20364135071,3177385515
20190401,"10:59:01","SH","NB",12218549883,9867726386,22086276269,2350823497
20190401,"10:59:01","SZ","NB",11813687266,8701352765,20515040031,3112334501
20190401,"11:00:01","SZ","NB",11851654045,8781059975,20632714020,3070594070
20190401,"11:00:01","SH","NB",12257473976,9974642084,22232116060,2282831892
20190401,"11:01:01","SH","NB",12315839142,10068960891,22384800033,2246878251
20190401,"11:01:01","SZ","NB",11899624962,8840075492,20739700454,3059549470
20190401,"11:02:01","SH","NB",12365384507,10149032061,22514416568,2216352446
20190401,"11:02:01","SZ","NB",11960566620,8892499403,20853066023,3068067217
20190401,"11:03:01","SH","NB",12413163712,10215618883,22628782595,2197544829
20190401,"11:03:01","SZ","NB",12014166852,8946489205,20960656057,3067677647
20190401,"11:04:01","SH","NB",12484904354,10257247212,22742151566,2227657142
20190401,"11:04:01","SZ","NB",12080525912,8980648476,21061174388,3099877436
20190401,"11:05:01","SH","NB",12534341724,10288675566,22823017290,2245666158
20190401,"11:05:01","SZ","NB",12128443753,9008610416,21137054169,3119833337
20190401,"11:06:01","SH","NB",12578366083,10323765596,22902131679,2254600487
20190401,"11:06:01","SZ","NB",12190847759,9049264078,21240111837,3141583681
20190401,"11:07:01","SH","NB",12615508987,10367507129,22983016116,2248001858
20190401,"11:07:01","SZ","NB",12222986544,9086521121,21309507665,3136465423
20190401,"11:08:01","SH","NB",12659806924,10477653695,23137460619,2182153229
20190401,"11:08:01","SZ","NB",12270437899,9168953640,21439391539,3101484259
20190401,"11:09:01","SZ","NB",12315529705,9224650129,21540179834,3090879576
20190401,"11:09:01","SH","NB",12703029269,10564355862,23267385131,2138673407
20190401,"11:10:01","SH","NB",12835373030,10613228940,23448601970,2222144090
20190401,"11:10:01","SZ","NB",12456356135,9276064484,21732420619,3180291651
20190401,"11:11:01","SH","NB",12906430627,10652095347,23558525974,2254335280
20190401,"11:11:01","SZ","NB",12532702145,9319309570,21852011715,3213392575
20190401,"11:12:01","SH","NB",12940497599,10680893472,23621391071,2259604127
20190401,"11:12:01","SZ","NB",12565613495,9347776508,21913390003,3217836987
20190401,"11:13:01","SH","NB",12967011320,10722525954,23689537274,2244485366
20190401,"11:13:01","SZ","NB",12590576527,9373483627,21964060154,3217092900
20190401,"11:14:01","SH","NB",13000129660,10767052951,23767182611,2233076709
20190401,"11:14:01","SZ","NB",12634972092,9408930372,22043902464,3226041720
20190401,"11:15:01","SZ","NB",12667878969,9434635308,22102514277,3233243661
20190401,"11:15:01","SH","NB",13030271721,10806685385,23836957106,2223586336
20190401,"11:16:01","SH","NB",13056017327,10843604255,23899621582,2212413072
20190401,"11:16:01","SZ","NB",12709783130,9469664717,22179447847,3240118413
20190401,"11:17:01","SH","NB",13094496765,10880467268,23974964033,2214029497
20190401,"11:17:01","SZ","NB",12744301176,9495806487,22240107663,3248494689
20190401,"11:18:01","SH","NB",13125360954,10908658548,24034019502,2216702406
20190401,"11:18:01","SZ","NB",12777482941,9534947049,22312429990,3242535892
20190401,"11:19:01","SH","NB",13213567176,10948771462,24162338638,2264795714
20190401,"11:19:01","SZ","NB",12855105857,9573444962,22428550819,3281660895
20190401,"11:20:01","SH","NB",13282684711,10987389799,24270074510,2295294912
20190401,"11:20:01","SZ","NB",12903839944,9599063004,22502902948,3304776940
20190401,"11:21:01","SH","NB",13383198554,11032596284,24415794838,2350602270
20190401,"11:21:01","SZ","NB",12970001095,9626429561,22596430656,3343571534
20190401,"11:22:01","SH","NB",13467817192,11084975018,24552792210,2382842174
20190401,"11:22:01","SZ","NB",13033697480,9654413216,22688110696,3379284264
20190401,"11:23:01","SZ","NB",13095675780,9689092727,22784768507,3406583053
20190401,"11:23:01","SH","NB",13536828657,11127671975,24664500632,2409156682
20190401,"11:24:01","SH","NB",13576184863,11174304587,24750489450,2401880276
20190401,"11:24:01","SZ","NB",13121841190,9737402909,22859244099,3384438281
20190401,"11:25:01","SH","NB",13602907420,11210456897,24813364317,2392450523
20190401,"11:25:01","SZ","NB",13151169312,9764590485,22915759797,3386578827
20190401,"11:26:01","SH","NB",13650586680,11246197603,24896784283,2404389077
20190401,"11:26:01","SZ","NB",13192300521,9797847112,22990147633,3394453409
20190401,"11:27:01","SH","NB",13679222870,11286755765,24965978635,2392467105
20190401,"11:27:01","SZ","NB",13216125230,9826306161,23042431391,3389819069
20190401,"11:28:01","SZ","NB",13250047183,9857264608,23107311791,3392782575
20190401,"11:28:01","SH","NB",13713906917,11322955614,25036862531,2390951303
20190401,"11:29:01","SH","NB",13754572247,11365297536,25119869783,2389274711
20190401,"11:29:01","SZ","NB",13278770435,9888733834,23167504269,3390036601
20190401,"11:30:01","SH","NB",13775295057,11430082223,25205377280,2345212834
20190401,"11:30:01","SZ","NB",13309596561,9947870844,23257467405,3361725717
20190401,"11:31:01","SH","NB",13775304682,11430501331,25205806013,2344803351
20190401,"13:01:01","SH","NB",13888378715,11614021842,25502400557,2274356873
20190401,"13:01:01","SZ","NB",13441744574,10056616176,23498360750,3385128398
20190401,"13:02:01","SH","NB",13955008706,11712101165,25667109871,2242907541
20190401,"13:02:01","SZ","NB",13512946255,10132700835,23645647090,3380245420
20190401,"13:03:01","SH","NB",14010853883,11782469541,25793323424,2228384342
20190401,"13:03:01","SZ","NB",13563613960,10189939613,23753553573,3373674347
20190401,"13:04:01","SH","NB",14048193049,11851327666,25899520715,2196865383
20190401,"13:04:01","SZ","NB",13623254020,10242125273,23865379293,3381128747
20190401,"13:05:01","SH","NB",14106618949,11893605790,26000224739,2213013159
20190401,"13:05:01","SZ","NB",13675109126,10288384698,23963493824,3386724428
20190401,"13:06:01","SZ","NB",13720055271,10334093839,24054149110,3385961432
20190401,"13:06:01","SH","NB",14153984239,11942083369,26096067608,2211900870
20190401,"13:07:01","SH","NB",14194090575,12044847156,26238937731,2149243419
20190401,"13:07:01","SZ","NB",13761825688,10427846335,24189672023,3333979353
20190401,"13:08:01","SH","NB",14229055825,12184139959,26413195784,2044915866
20190401,"13:08:01","SZ","NB",13795693724,10513257862,24308951586,3282435862
20190401,"13:09:01","SH","NB",14263079053,12253838257,26516917310,2009240796
20190401,"13:09:01","SZ","NB",13829595484,10548879136,24378474620,3280716348
20190401,"13:10:01","SH","NB",14290411261,12312050501,26602461762,1978360760
20190401,"13:10:01","SZ","NB",13855408669,10579994484,24435403153,3275414185
20190401,"13:11:01","SH","NB",14319610785,12367675876,26687286661,1951934909
20190401,"13:11:01","SZ","NB",13893647642,10611076404,24504724046,3282571238
20190401,"13:12:01","SH","NB",14357727194,12416851011,26774578205,1940876183
20190401,"13:12:01","SZ","NB",13935442184,10640427496,24575869680,3295014688
20190401,"13:13:01","SH","NB",14404236422,12486597979,26890834401,1917638443
20190401,"13:13:01","SZ","NB",13980613994,10688990426,24669604420,3291623568
20190401,"13:14:01","SH","NB",14489004041,12541352811,27030356852,1947651230
20190401,"13:14:01","SZ","NB",14048503890,10725977275,24774481165,3322526615
20190401,"13:15:01","SH","NB",14543652057,12612269771,27155921828,1931382286
20190401,"13:15:01","SZ","NB",14100978125,10758117589,24859095714,3342860536
20190401,"13:16:01","SZ","NB",14138079579,10808611862,24946691441,3329467717
20190401,"13:16:01","SH","NB",14591632471,12686768093,27278400564,1904864378
20190401,"13:17:01","SH","NB",14654126280,12746960100,27401086380,1907166180
20190401,"13:17:01","SZ","NB",14184897117,10859228679,25044125796,3325668438
20190401,"13:18:01","SH","NB",14699474663,12807766507,27507241170,1891708156
20190401,"13:18:01","SZ","NB",14253125743,10912545669,25165671412,3340580074
20190401,"13:19:01","SH","NB",14749810912,12906744698,27656555610,1843066214
20190401,"13:19:01","SZ","NB",14296964931,10990492577,25287457508,3306472354
20190401,"13:20:01","SH","NB",14795703267,13063433837,27859137104,1732269430
20190401,"13:20:01","SZ","NB",14325867783,11121444625,25447312408,3204423158
20190401,"13:21:01","SH","NB",14830712790,13126766832,27957479622,1703945958
20190401,"13:21:01","SZ","NB",14355092250,11167211769,25522304019,3187880481
20190401,"13:22:01","SH","NB",14880977547,13181677956,28062655503,1699299591
20190401,"13:22:01","SZ","NB",14391023327,11203972436,25594995763,3187050891
20190401,"13:23:01","SZ","NB",14421303509,11234293396,25655596905,3187010113
20190401,"13:23:01","SH","NB",14919349020,13229060618,28148409638,1690288402
20190401,"13:24:01","SH","NB",14967983821,13278156390,28246140211,1689827431
20190401,"13:24:01","SZ","NB",14452831761,11278082555,25730914316,3174749206
20190401,"13:25:01","SH","NB",15008586884,13325390689,28333977573,1683196195
20190401,"13:25:01","SZ","NB",14490407940,11318827798,25809235738,3171580142
20190401,"13:26:01","SH","NB",15081344510,13379092865,28460437375,1702251645
20190401,"13:26:01","SZ","NB",14539480244,11360051156,25899531400,3179429088
20190401,"13:27:01","SH","NB",15141649715,13458602974,28600252689,1683046741
20190401,"13:27:01","SZ","NB",14590296461,11413964948,26004261409,3176331513
20190401,"13:28:01","SH","NB",15201656088,13520162858,28721818946,1681493230
20190401,"13:28:01","SZ","NB",14629121601,11452861550,26081983151,3176260051
20190401,"13:29:01","SZ","NB",14672933502,11489939349,26162872851,3182994153
20190401,"13:29:01","SH","NB",15248193508,13568357696,28816551204,1679835812
20190401,"13:30:01","SH","NB",15292169573,13651258465,28943428038,1640911108
20190401,"13:30:01","SZ","NB",14701426163,11537810916,26239237079,3163615247
20190401,"13:31:01","SH","NB",15346396558,13708505051,29054901609,1637891507
20190401,"13:31:01","SZ","NB",14728416864,11576288458,26304705322,3152128406
20190401,"13:32:01","SH","NB",15390644157,13773779654,29164423811,1616864503
20190401,"13:32:01","SZ","NB",14756450318,11608494660,26364944978,3147955658
20190401,"13:33:01","SH","NB",15431443418,13833598697,29265042115,1597844721
20190401,"13:33:01","SZ","NB",14784844884,11638229502,26423074386,3146615382
20190401,"13:34:01","SH","NB",15517055425,13908689911,29425745336,1608365514
20190401,"13:34:01","SZ","NB",14846622218,11684077870,26530700088,3162544348
20190401,"13:35:01","SH","NB",15573946177,13991990502,29565936679,1581955675
20190401,"13:35:01","SZ","NB",14894648044,11750002890,26644650934,3144645154
20190401,"13:36:01","SH","NB",15620383135,14135256087,29755639222,1485127048
20190401,"13:36:01","SZ","NB",14945733770,11888066328,26833800098,3057667442
20190401,"13:37:01","SH","NB",15661584126,14249395785,29910979911,1412188341
20190401,"13:37:01","SZ","NB",14973021382,11977603179,26950624561,2995418203
20190401,"13:38:01","SH","NB",15698175478,14315732873,30013908351,1382442605
20190401,"13:38:01","SZ","NB",15011266028,12017893219,27029159247,2993372809
20190401,"13:39:01","SZ","NB",15037153693,12060999769,27098153462,2976153924
20190401,"13:39:01","SH","NB",15732843982,14374078843,30106922825,1358765139
20190401,"13:40:01","SH","NB",15774264418,14493527537,30267791955,1280736881
20190401,"13:40:01","SZ","NB",15070571520,12147420132,27217991652,2923151388
20190401,"13:41:01","SH","NB",15821680375,14594161462,30415841837,1227518913
20190401,"13:41:01","SZ","NB",15103198458,12202146808,27305345266,2901051650
20190401,"13:42:01","SH","NB",15860990821,14655999429,30516990250,1204991392
20190401,"13:42:01","SZ","NB",15131551291,12238846078,27370397369,2892705213
20190401,"13:43:01","SH","NB",15899320083,14709349277,30608669360,1189970806
20190401,"13:43:01","SZ","NB",15158935873,12274458980,27433394853,2884476893
20190401,"13:44:01","SH","NB",15939675629,14754024287,30693699916,1185651342
20190401,"13:44:01","SZ","NB",15195555584,12310601438,27506157022,2884954146
20190401,"13:45:01","SH","NB",15980134494,14801924104,30782058598,1178210390
20190401,"13:45:01","SZ","NB",15221462955,12348965677,27570428632,2872497278
20190401,"13:46:01","SH","NB",16031067964,14850196589,30881264553,1180871375
20190401,"13:46:01","SZ","NB",15258980613,12377052495,27636033108,2881928118
20190401,"13:47:01","SH","NB",16063523926,14911969117,30975493043,1151554809
20190401,"13:47:01","SZ","NB",15286979483,12417551083,27704530566,2869428400
20190401,"13:48:01","SH","NB",16094108869,14965909373,31060018242,1128199496
20190401,"13:48:01","SZ","NB",15312518788,12458530825,27771049613,2853987963
20190401,"13:49:01","SZ","NB",15344446691,12486197510,27830644201,2858249181
20190401,"13:49:01","SH","NB",16131026076,15016706035,31147732111,1114320041
20190401,"13:50:01","SH","NB",16163058389,15073438997,31236497386,1089619392
20190401,"13:50:01","SZ","NB",15367397048,12520653573,27888050621,2846743475
20190401,"13:51:01","SH","NB",16261737124,15118895515,31380632639,1142841609
20190401,"13:51:01","SZ","NB",15440852995,12558044745,27998897740,2882808250
20190401,"13:52:01","SH","NB",16307176494,15173736170,31480912664,1133440324
20190401,"13:52:01","SZ","NB",15471628820,12583811469,28055440289,2887817351
20190401,"13:53:01","SH","NB",16364168078,15230664003,31594832081,1133504075
20190401,"13:53:01","SZ","NB",15511960294,12639600266,28151560560,2872360028
20190401,"13:54:01","SH","NB",16408536143,15282020734,31690556877,1126515409
20190401,"13:54:01","SZ","NB",15548557249,12673170175,28221727424,2875387074
20190401,"13:55:01","SH","NB",16443374185,15336547153,31779921338,1106827032
20190401,"13:55:01","SZ","NB",15577373926,12703843365,28281217291,2873530561
20190401,"13:56:01","SH","NB",16474544005,15382725427,31857269432,1091818578
20190401,"13:56:01","SZ","NB",15606500753,12730957064,28337457817,2875543689
20190401,"13:57:01","SZ","NB",15635588608,12772427214,28408015822,2863161394
20190401,"13:57:01","SH","NB",16511746884,15432866223,31944613107,1078880661
20190401,"13:58:01","SH","NB",16552698983,15477967243,32030666226,1074731740
20190401,"13:58:01","SZ","NB",15657821554,12799348455,28457170009,2858473099
20190401,"13:59:01","SH","NB",16598632995,15529483605,32128116600,1069149390
20190401,"13:59:01","SZ","NB",15689501056,12826853900,28516354956,2862647156
20190401,"14:00:01","SH","NB",16636839269,15577417565,32214256834,1059421704
20190401,"14:00:01","SZ","NB",15724571123,12866757318,28591328441,2857813805
20190401,"14:01:01","SH","NB",16679927710,15675725513,32355653223,1004202197
20190401,"14:01:01","SZ","NB",15749815250,12954293685,28704108935,2795521565
20190401,"14:02:01","SH","NB",16761265403,15728414123,32489679526,1032851280
20190401,"14:02:01","SZ","NB",15808522493,12984139439,28792661932,2824383054
20190401,"14:03:01","SH","NB",16808513136,15773876812,32582389948,1034636324
20190401,"14:03:01","SZ","NB",15843279481,13014884310,28858163791,2828395171
20190401,"14:04:01","SZ","NB",15871321826,13050205520,28921527346,2821116306
20190401,"14:04:01","SH","NB",16848255079,15833254148,32681509227,1015000931
20190401,"14:05:01","SH","NB",16888305187,15896825219,32785130406,991479968
20190401,"14:05:01","SZ","NB",15894769647,13100613943,28995383590,2794155704
20190401,"14:06:01","SH","NB",16926620258,15967182299,32893802557,959437959
20190401,"14:06:01","SZ","NB",15918369080,13155452456,29073821536,2762916624
20190401,"14:07:01","SZ","NB",15942203941,13226494579,29168698520,2715709362
20190401,"14:07:01","SH","NB",16964430281,16042428039,33006858320,922002242
20190401,"14:08:01","SH","NB",16995761038,16095464729,33091225767,900296309
20190401,"14:08:01","SZ","NB",15966478881,13261463582,29227942463,2705015299
20190401,"14:09:01","SH","NB",17052626961,16156967099,33209594060,895659862
20190401,"14:09:01","SZ","NB",15995144621,13308486327,29303630948,2686658294
20190401,"14:10:01","SH","NB",17097708290,16221132063,33318840353,876576227
20190401,"14:10:01","SZ","NB",16028474093,13346978529,29375452622,2681495564
20190401,"14:11:01","SH","NB",17144287900,16289527765,33433815665,854760135
20190401,"14:11:01","SZ","NB",16064732311,13406143481,29470875792,2658588830
20190401,"14:12:01","SH","NB",17188471517,16357849636,33546321153,830621881
20190401,"14:12:01","SZ","NB",16100407118,13456764960,29557172078,2643642158
20190401,"14:13:01","SH","NB",17273776041,16426848107,33700624148,846927934
20190401,"14:13:01","SZ","NB",16172842055,13493201448,29666043503,2679640607
20190401,"14:14:01","SH","NB",17316353560,16479862493,33796216053,836491067
20190401,"14:14:01","SZ","NB",16212576961,13526382871,29738959832,2686194090
20190401,"14:15:01","SH","NB",17357867163,16524675565,33882542728,833191598
20190401,"14:15:01","SZ","NB",16241867430,13551126373,29792993803,2690741057
20190401,"14:16:01","SZ","NB",16283272546,13579243138,29862515684,2704029408
20190401,"14:16:01","SH","NB",17412095139,16577182319,33989277458,834912820
20190401,"14:17:01","SH","NB",17487544229,16632891211,34120435440,854653018
20190401,"14:17:01","SZ","NB",16327503688,13602550084,29930053772,2724953604
20190401,"14:18:01","SH","NB",17594058982,16722773228,34316832210,871285754
20190401,"14:18:01","SZ","NB",16381707508,13628766408,30010473916,2752941100
20190401,"14:19:01","SH","NB",17709579945,16809435194,34519015139,900144751
20190401,"14:19:01","SZ","NB",16430696813,13657889411,30088586224,2772807402
20190401,"14:20:01","SZ","NB",16462432611,13691150974,30153583585,2771281637
20190401,"14:20:01","SH","NB",17760727654,16863658054,34624385708,897069600
20190401,"14:21:01","SH","NB",17799823536,16928598029,34728421565,871225507
20190401,"14:21:01","SZ","NB",16494881119,13733307768,30228188887,2761573351
20190401,"14:22:01","SH","NB",17840015143,16976270155,34816285298,863744988
20190401,"14:22:01","SZ","NB",16522052653,13771752238,30293804891,2750300415
20190401,"14:23:01","SH","NB",17878044137,17028884558,34906928695,849159579
20190401,"14:23:01","SZ","NB",16550125822,13815321063,30365446885,2734804759
20190401,"14:24:01","SH","NB",17914489026,17067328915,34981817941,847160111
20190401,"14:24:01","SZ","NB",16578795960,13846979912,30425775872,2731816048
20190401,"14:25:01","SH","NB",17960021362,17122824737,35082846099,837196625
20190401,"14:25:01","SZ","NB",16607859685,13880479737,30488339422,2727379948
20190401,"14:26:01","SH","NB",18001694972,17169315072,35171010044,832379900
20190401,"14:26:01","SZ","NB",16638863318,13908238426,30547101744,2730624892
20190401,"14:27:01","SH","NB",18038858599,17229671500,35268530099,809187099
20190401,"14:27:01","SZ","NB",16672267344,13955263967,30627531311,2717003377
20190401,"14:28:01","SZ","NB",16715900366,13996601833,30712502199,2719298533
20190401,"14:28:01","SH","NB",18078384423,17281774116,35360158539,796610307
20190401,"14:29:01","SH","NB",18129582982,17326972281,35456555263,802610701
20190401,"14:29:01","SZ","NB",16762062825,14046225229,30808288054,2715837596
20190401,"14:30:01","SH","NB",18191478961,17375238683,35566717644,816240278
20190401,"14:30:01","SZ","NB",16821418986,14079901258,30901320244,2741517728
20190401,"14:31:01","SH","NB",18268101906,17435461840,35703563746,832640066
20190401,"14:31:01","SZ","NB",16878077546,14123108549,31001186095,2754968997
20190401,"14:32:01","SH","NB",18318296585,17491038482,35809335067,827258103
20190401,"14:32:01","SZ","NB",16923858920,14165351697,31089210617,2758507223
20190401,"14:33:01","SH","NB",18368433288,17580768780,35949202068,787664508
20190401,"14:33:01","SZ","NB",16995456366,14228763904,31224220270,2766692462
20190401,"14:34:01","SH","NB",18421225522,17652341876,36073567398,768883646
20190401,"14:34:01","SZ","NB",17043444436,14276407018,31319851454,2767037418
20190401,"14:35:01","SH","NB",18472306065,17710206049,36182512114,762100016
20190401,"14:35:01","SZ","NB",17095903632,14314292178,31410195810,2781611454
20190401,"14:36:01","SZ","NB",17141503544,14359935418,31501438962,2781568126
20190401,"14:36:01","SH","NB",18522879473,17792916837,36315796310,729962636
20190401,"14:37:01","SH","NB",18584571297,17904046472,36488617769,680524825
20190401,"14:37:01","SZ","NB",17199365378,14439449959,31638815337,2759915419
20190401,"14:38:01","SH","NB",18635087166,17972418327,36607505493,662668839
20190401,"14:38:01","SZ","NB",17256102123,14485932188,31742034311,2770169935
20190401,"14:39:01","SH","NB",18685211880,18047037942,36732249822,638173938
20190401,"14:39:01","SZ","NB",17308881344,14535069980,31843951324,2773811364
20190401,"14:40:01","SH","NB",18744450077,18115219783,36859669860,629230294
20190401,"14:40:01","SZ","NB",17373337465,14585666065,31959003530,2787671400
20190401,"14:41:01","SZ","NB",17421226520,14638642112,32059868632,2782584408
20190401,"14:41:01","SH","NB",18809768589,18198341357,37008109946,611427232
20190401,"14:42:01","SH","NB",18868324516,18280013369,37148337885,588311147
20190401,"14:42:01","SZ","NB",17465438451,14710056696,32175495147,2755381755
20190401,"14:43:01","SH","NB",18959238440,18344964881,37304203321,614273559
20190401,"14:43:01","SZ","NB",17522900623,14757900958,32280801581,2764999665
20190401,"14:44:01","SH","NB",19031739294,18425450609,37457189903,606288685
20190401,"14:44:01","SZ","NB",17567278117,14801045371,32368323488,2766232746
20190401,"14:45:01","SH","NB",19108856609,18486555203,37595411812,622301406
20190401,"14:45:01","SZ","NB",17613500751,14843282299,32456783050,2770218452
20190401,"14:46:01","SH","NB",19206801711,18560454805,37767256516,646346906
20190401,"14:46:01","SZ","NB",17667823354,14881820017,32549643371,2786003337
20190401,"14:47:01","SH","NB",19296714472,18695830124,37992544596,600884348
20190401,"14:47:01","SZ","NB",17710130123,14945146247,32655276370,2764983876
20190401,"14:48:01","SH","NB",19377267876,18816536569,38193804445,560731307
20190401,"14:48:01","SZ","NB",17756722709,15013980995,32770703704,2742741714
20190401,"14:49:01","SZ","NB",17803966969,15063788421,32867755390,2740178548
20190401,"14:49:01","SH","NB",19455593491,18919907074,38375500565,535686417
20190401,"14:50:01","SH","NB",19545472349,19020270704,38565743053,525201645
20190401,"14:50:01","SZ","NB",17880335905,15124650220,33004986125,2755685685
20190401,"14:51:01","SH","NB",19613537177,19087281425,38700818602,526255752
20190401,"14:51:01","SZ","NB",17959954083,15165619717,33125573800,2794334366
20190401,"14:52:01","SH","NB",19693914935,19166247668,38860162603,527667267
20190401,"14:52:01","SZ","NB",18033109562,15210505410,33243614972,2822604152
20190401,"14:53:01","SH","NB",19769512919,19278933248,39048446167,490579671
20190401,"14:53:01","SZ","NB",18094153685,15256230592,33350384277,2837923093
20190401,"14:54:01","SH","NB",19842554527,19382680788,39225235315,459873739
20190401,"14:54:01","SZ","NB",18150219025,15312165835,33462384860,2838053190
20190401,"14:55:01","SH","NB",19906465657,19499860133,39406325790,406605524
20190401,"14:55:01","SZ","NB",18200620702,15364442733,33565063435,2836177969
20190401,"14:56:01","SH","NB",19994092797,19635879202,39629971999,358213595
20190401,"14:56:01","SZ","NB",18262688351,15409466548,33672154899,2853221803
20190401,"14:57:01","SH","NB",20063540200,19753914214,39817454414,309625986
20190401,"14:57:01","SZ","NB",18325303803,15453062167,33778365970,2872241636
20190401,"14:58:01","SH","NB",20064269420,19762562975,39826832395,301706445
20190401,"15:01:01","SH","NB",20199433411,19937194441,40136627852,262238970
20190401,"15:01:01","SZ","NB",18419422360,15563438905,33982861265,2855983455
