dataDate,dataTime,connectMarket,tradeDirection,buyTurnover,sellTurnover,totalTurnover,netTurnover
20200327,"09:30:01","SH","NB",156106845,83145047,239251892,72961798
20200327,"09:30:01","SZ","NB",192725308,108255713,300981021,84469595
20200327,"09:31:01","SH","NB",310427969,320999336,631427305,-10571367
20200327,"09:31:01","SZ","NB",452062457,609250310,1061312767,-157187853
20200327,"09:32:01","SH","NB",479038489,504260469,983298958,-25221980
20200327,"09:32:01","SZ","NB",677822398,886234570,1564056968,-208412172
20200327,"09:33:01","SH","NB",616637575,606233877,1222871452,10403698
20200327,"09:33:01","SZ","NB",888233817,1123965845,2012199662,-235732028
20200327,"09:34:01","SZ","NB",1059448040,1430917766,2490365806,-371469726
20200327,"09:34:01","SH","NB",726437530,795386556,1521824086,-68949026
20200327,"09:35:01","SH","NB",874193069,871146251,1745339320,3046818
20200327,"09:35:01","SZ","NB",1349172056,1574645138,2923817194,-225473082
20200327,"09:36:01","SH","NB",1082240572,942306915,2024547487,139933657
20200327,"09:36:01","SZ","NB",1700093617,1690252650,3390346267,9840967
20200327,"09:37:01","SH","NB",1221004967,1200587858,2421592825,20417109
20200327,"09:37:01","SZ","NB",1932379633,2112533609,4044913242,-180153976
20200327,"09:38:01","SH","NB",1341319424,1263461305,2604780729,77858119
20200327,"09:38:01","SZ","NB",2119109491,2215446102,4334555593,-96336611
20200327,"09:39:01","SH","NB",1434571331,1323514065,2758085396,111057266
20200327,"09:39:01","SZ","NB",2278249595,2308780508,4587030103,-30530913
20200327,"09:40:01","SH","NB",1627107317,1392964339,3020071656,234142978
20200327,"09:40:01","SZ","NB",2594320080,2425344734,5019664814,168975346
20200327,"09:41:01","SH","NB",1733430997,1518186561,3251617558,215244436
20200327,"09:41:01","SZ","NB",2782148261,2660119111,5442267372,122029150
20200327,"09:42:01","SH","NB",1832538629,1584688662,3417227291,247849967
20200327,"09:42:01","SZ","NB",2912378350,2762596894,5674975244,149781456
20200327,"09:43:01","SZ","NB",3003811950,2853729925,5857541875,150082025
20200327,"09:43:01","SH","NB",1889918769,1636706614,3526625383,253212155
20200327,"09:44:01","SH","NB",1941942774,1699673854,3641616628,242268920
20200327,"09:44:01","SZ","NB",3072659942,2955070015,6027729957,117589927
20200327,"09:45:01","SH","NB",2000931631,1764238403,3765170034,236693228
20200327,"09:45:01","SZ","NB",3146327669,3096367012,6242694681,49960657
20200327,"09:46:01","SH","NB",2098897196,1896174262,3995071458,202722934
20200327,"09:46:01","SZ","NB",3322501110,3328410332,6650911442,-5909222
20200327,"09:47:01","SH","NB",2212826152,1937559643,4150385795,275266509
20200327,"09:47:01","SZ","NB",3520726341,3404032644,6924758985,116693697
20200327,"09:48:01","SZ","NB",3623819510,3527331278,7151150788,96488232
20200327,"09:48:01","SH","NB",2313536784,2005462535,4318999319,308074249
20200327,"09:49:01","SH","NB",2389984474,2064996290,4454980764,324988184
20200327,"09:49:01","SZ","NB",3699415979,3631933291,7331349270,67482688
20200327,"09:50:01","SH","NB",2474673244,2118788103,4593461347,355885141
20200327,"09:50:01","SZ","NB",3778795212,3729438963,7508234175,49356249
20200327,"09:51:01","SH","NB",2540277039,2253860446,4794137485,286416593
20200327,"09:51:01","SZ","NB",3892547299,3980314600,7872861899,-87767301
20200327,"09:52:01","SH","NB",2699672528,2316518577,5016191105,383153951
20200327,"09:52:01","SZ","NB",4104011513,4057295715,8161307228,46715798
20200327,"09:53:01","SH","NB",2760384365,2373602693,5133987058,386781672
20200327,"09:53:01","SZ","NB",4187237742,4161232190,8348469932,26005552
20200327,"09:54:01","SZ","NB",4304922295,4211677842,8516600137,93244453
20200327,"09:54:01","SH","NB",2871081567,2413052094,5284133661,458029473
20200327,"09:55:01","SH","NB",3047798858,2455878858,5503677716,591920000
20200327,"09:55:01","SZ","NB",4447087632,4276324733,8723412365,170762899
20200327,"09:56:01","SH","NB",3393346757,2553758975,5947105732,839587782
20200327,"09:56:01","SZ","NB",4627253884,4474827916,9102081800,152425968
20200327,"09:57:01","SZ","NB",4685131431,4721101565,9406232996,-35970134
20200327,"09:57:01","SH","NB",3503098735,2679547676,6182646411,823551059
20200327,"09:58:01","SH","NB",3567671020,2727677292,6295348312,839993728
20200327,"09:58:01","SZ","NB",4750188336,4799095343,9549283679,-48907007
20200327,"09:59:01","SH","NB",3626280502,2788690505,6414971007,837589997
20200327,"09:59:01","SZ","NB",4805999922,4912685902,9718685824,-106685980
20200327,"10:00:01","SH","NB",3689196298,2827857179,6517053477,861339119
20200327,"10:00:01","SZ","NB",4867318945,4977566516,9844885461,-110247571
20200327,"10:01:01","SH","NB",3817580275,2906801135,6724381410,910779140
20200327,"10:01:01","SZ","NB",5034714607,5090102310,10124816917,-55387703
20200327,"10:02:01","SH","NB",3907384651,2993780022,6901164673,913604629
20200327,"10:02:01","SZ","NB",5105431925,5244853033,10350284958,-139421108
20200327,"10:03:01","SH","NB",3961825483,3089770091,7051595574,872055392
20200327,"10:03:01","SZ","NB",5166020789,5361568266,10527589055,-195547477
20200327,"10:04:01","SH","NB",4110775540,3153207525,7263983065,957568015
20200327,"10:04:01","SZ","NB",5317954428,5430257894,10748212322,-112303466
20200327,"10:05:01","SH","NB",4196457590,3212570861,7409028451,983886729
20200327,"10:05:01","SZ","NB",5386539424,5512408294,10898947718,-125868870
20200327,"10:06:01","SZ","NB",5455537926,5584077782,11039615708,-128539856
20200327,"10:06:01","SH","NB",4278923935,3264938000,7543861935,1013985935
20200327,"10:07:01","SH","NB",4346682937,3366357339,7713040276,980325598
20200327,"10:07:01","SZ","NB",5518407130,5738531598,11256938728,-220124468
20200327,"10:08:01","SH","NB",4411721902,3429069130,7840791032,982652772
20200327,"10:08:01","SZ","NB",5600766651,5848340872,11449107523,-247574221
20200327,"10:09:01","SH","NB",4498676940,3489312847,7987989787,1009364093
20200327,"10:09:01","SZ","NB",5699476161,5931330777,11630806938,-231854616
20200327,"10:10:01","SH","NB",4548672971,3543925940,8092598911,1004747031
20200327,"10:10:01","SZ","NB",5770628816,6007404553,11778033369,-236775737
20200327,"10:11:01","SZ","NB",5898615829,6221642620,12120258449,-323026791
20200327,"10:11:01","SH","NB",4626469006,3686146792,8312615798,940322214
20200327,"10:12:01","SH","NB",4789923352,3731593805,8521517157,1058329547
20200327,"10:12:01","SZ","NB",6151515928,6280521943,12432037871,-129006015
20200327,"10:13:01","SH","NB",4844289867,3775407051,8619696918,1068882816
20200327,"10:13:01","SZ","NB",6235569129,6337806635,12573375764,-102237506
20200327,"10:14:01","SH","NB",4890789176,3858511254,8749300430,1032277922
20200327,"10:14:01","SZ","NB",6304249286,6410588540,12714837826,-106339254
20200327,"10:15:01","SH","NB",4941731069,3914371728,8856102797,1027359341
20200327,"10:15:01","SZ","NB",6399785351,6462618799,12862404150,-62833448
20200327,"10:16:01","SH","NB",4995936336,3950054544,8945990880,1045881792
20200327,"10:16:01","SZ","NB",6492131547,6509944775,13002076322,-17813228
20200327,"10:17:01","SH","NB",5028265009,3992981496,9021246505,1035283513
20200327,"10:17:01","SZ","NB",6546668075,6582819868,13129487943,-36151793
20200327,"10:18:01","SH","NB",5073131111,4033256714,9106387825,1039874397
20200327,"10:18:01","SZ","NB",6627269694,6623725184,13250994878,3544510
20200327,"10:19:01","SH","NB",5103889249,4083039658,9186928907,1020849591
20200327,"10:19:01","SZ","NB",6674271612,6665907973,13340179585,8363639
20200327,"10:20:01","SZ","NB",6755796212,6716893465,13472689677,38902747
20200327,"10:20:01","SH","NB",5178548721,4132384936,9310933657,1046163785
20200327,"10:21:01","SH","NB",5246530927,4243028146,9489559073,1003502781
20200327,"10:21:01","SZ","NB",6835278922,6886095686,13721374608,-50816764
20200327,"10:22:01","SH","NB",5295402327,4341355052,9636757379,954047275
20200327,"10:22:01","SZ","NB",6885832693,6978784549,13864617242,-92951856
20200327,"10:23:01","SZ","NB",6930707670,7070913380,14001621050,-140205710
20200327,"10:23:01","SH","NB",5344007747,4418517467,9762525214,925490280
20200327,"10:24:01","SH","NB",5382119721,4497638224,9879757945,884481497
20200327,"10:24:01","SZ","NB",7008608953,7148765755,14157374708,-140156802
20200327,"10:25:01","SZ","NB",7090001162,7207664994,14297666156,-117663832
20200327,"10:25:01","SH","NB",5432618629,4564813252,9997431881,867805377
20200327,"10:26:01","SH","NB",5481937559,4612701624,10094639183,869235935
20200327,"10:26:01","SZ","NB",7156733424,7265739877,14422473301,-109006453
20200327,"10:27:01","SH","NB",5542762516,4657683084,10200445600,885079432
20200327,"10:27:01","SZ","NB",7260557432,7321776495,14582333927,-61219063
20200327,"10:28:01","SH","NB",5624001440,4687926686,10311928126,936074754
20200327,"10:28:01","SZ","NB",7370463964,7357024590,14727488554,13439374
20200327,"10:29:01","SH","NB",5673690926,4728093058,10401783984,945597868
20200327,"10:29:01","SZ","NB",7449737303,7398558174,14848295477,51179129
20200327,"10:30:01","SH","NB",5749215845,4798659367,10547875212,950556478
20200327,"10:30:01","SZ","NB",7506344624,7471947802,14978292426,34396822
20200327,"10:31:01","SH","NB",5782896327,4904441709,10687338036,878454618
20200327,"10:31:01","SZ","NB",7562612469,7642521738,15205134207,-79909269
20200327,"10:32:01","SH","NB",5816172941,4957567137,10773740078,858605804
20200327,"10:32:01","SZ","NB",7622674972,7730604798,15353279770,-107929826
20200327,"10:33:01","SH","NB",6115146479,5041594874,11156741353,1073551605
20200327,"10:33:01","SZ","NB",7876842550,7812602550,15689445100,64240000
20200327,"10:34:01","SH","NB",6185180043,5092335168,11277515211,1092844875
20200327,"10:34:01","SZ","NB",7950351932,7869406839,15819758771,80945093
20200327,"10:35:01","SZ","NB",8007497922,7931378394,15938876316,76119528
20200327,"10:35:01","SH","NB",6227608545,5139009173,11366617718,1088599372
20200327,"10:36:01","SH","NB",6278242419,5197154293,11475396712,1081088126
20200327,"10:36:01","SZ","NB",8052546173,7998420468,16050966641,54125705
20200327,"10:37:01","SH","NB",6319359685,5247508500,11566868185,1071851185
20200327,"10:37:01","SZ","NB",8103630353,8088688416,16192318769,14941937
20200327,"10:38:01","SH","NB",6370882028,5283585783,11654467811,1087296245
20200327,"10:38:01","SZ","NB",8149902107,8140492341,16290394448,9409766
20200327,"10:39:01","SH","NB",6425506893,5315663476,11741170369,1109843417
20200327,"10:39:01","SZ","NB",8223157130,8191531039,16414688169,31626091
20200327,"10:40:01","SH","NB",6486906018,5357814065,11844720083,1129091953
20200327,"10:40:01","SZ","NB",8266225637,8275155300,16541380937,-8929663
20200327,"10:41:01","SH","NB",6537131286,5473270127,12010401413,1063861159
20200327,"10:41:01","SZ","NB",8319529986,8457416264,16776946250,-137886278
20200327,"10:42:01","SH","NB",6591673162,5509419840,12101093002,1082253322
20200327,"10:42:01","SZ","NB",8393887786,8498476093,16892363879,-104588307
20200327,"10:43:01","SH","NB",6642964475,5538070471,12181034946,1104894004
20200327,"10:43:01","SZ","NB",8457582850,8548812955,17006395805,-91230105
20200327,"10:44:01","SH","NB",6691362036,5573803108,12265165144,1117558928
20200327,"10:44:01","SZ","NB",8507521909,8614872933,17122394842,-107351024
20200327,"10:45:01","SZ","NB",8602550997,8648137576,17250688573,-45586579
20200327,"10:45:01","SH","NB",6811076916,5606231593,12417308509,1204845323
20200327,"10:46:01","SH","NB",6927961858,5653015041,12580976899,1274946817
20200327,"10:46:01","SZ","NB",8721980144,8699886800,17421866944,22093344
20200327,"10:47:01","SH","NB",7015222173,5682712269,12697934442,1332509904
20200327,"10:47:01","SZ","NB",8780290967,8743781987,17524072954,36508980
20200327,"10:48:01","SH","NB",7052344921,5732145261,12784490182,1320199660
20200327,"10:48:01","SZ","NB",8812162952,8799360741,17611523693,12802211
20200327,"10:49:01","SH","NB",7088281299,5768724642,12857005941,1319556657
20200327,"10:49:01","SZ","NB",8847163458,8849084578,17696248036,-1921120
20200327,"10:50:01","SH","NB",7109454773,5803762566,12913217339,1305692207
20200327,"10:50:01","SZ","NB",8885229244,8909327067,17794556311,-24097823
20200327,"10:51:01","SZ","NB",8944071526,9045665867,17989737393,-101594341
20200327,"10:51:01","SH","NB",7151267198,5873383454,13024650652,1277883744
20200327,"10:52:01","SH","NB",7228438781,5906117379,13134556160,1322321402
20200327,"10:52:01","SZ","NB",8998483146,9087719660,18086202806,-89236514
20200327,"10:53:01","SH","NB",7265815172,5935335064,13201150236,1330480108
20200327,"10:53:01","SZ","NB",9040431452,9126960171,18167391623,-86528719
20200327,"10:54:01","SH","NB",7290581819,5969850305,13260432124,1320731514
20200327,"10:54:01","SZ","NB",9067117592,9171942285,18239059877,-104824693
20200327,"10:55:01","SH","NB",7316541226,6007139602,13323680828,1309401624
20200327,"10:55:01","SZ","NB",9099215425,9236624954,18335840379,-137409529
20200327,"10:56:01","SH","NB",7343100848,6048327948,13391428796,1294772900
20200327,"10:56:01","SZ","NB",9134929692,9297528045,18432457737,-162598353
20200327,"10:57:01","SZ","NB",9180192658,9344091761,18524284419,-163899103
20200327,"10:57:01","SH","NB",7373061421,6079119426,13452180847,1293941995
20200327,"10:58:01","SH","NB",7398486078,6110406176,13508892254,1288079902
20200327,"10:58:01","SZ","NB",9223487153,9385479985,18608967138,-161992832
20200327,"10:59:01","SH","NB",7432143963,6142017148,13574161111,1290126815
20200327,"10:59:01","SZ","NB",9273137465,9423941060,18697078525,-150803595
20200327,"11:00:01","SH","NB",7454962370,6171884688,13626847058,1283077682
20200327,"11:00:01","SZ","NB",9318756602,9474191319,18792947921,-155434717
20200327,"11:01:01","SH","NB",7487920563,6230426472,13718347035,1257494091
20200327,"11:01:01","SZ","NB",9377009128,9593255450,18970264578,-216246322
20200327,"11:02:01","SH","NB",7587460259,6269397753,13856858012,1318062506
20200327,"11:02:01","SZ","NB",9526105555,9661466668,19187572223,-135361113
20200327,"11:03:01","SH","NB",7616899046,6293379604,13910278650,1323519442
20200327,"11:03:01","SZ","NB",9577467072,9700571995,19278039067,-123104923
20200327,"11:04:01","SZ","NB",9624082520,9730490706,19354573226,-106408186
20200327,"11:04:01","SH","NB",7656771338,6314068906,13970840244,1342702432
20200327,"11:05:01","SH","NB",7694339820,6339252834,14033592654,1355086986
20200327,"11:05:01","SZ","NB",9670210988,9764688738,19434899726,-94477750
20200327,"11:06:01","SH","NB",7734609071,6360335639,14094944710,1374273432
20200327,"11:06:01","SZ","NB",9735214565,9800571262,19535785827,-65356697
20200327,"11:07:01","SH","NB",7767984483,6381371797,14149356280,1386612686
20200327,"11:07:01","SZ","NB",9769821686,9833895284,19603716970,-64073598
20200327,"11:08:01","SH","NB",7847131611,6405121535,14252253146,1442010076
20200327,"11:08:01","SZ","NB",9837309980,9861882033,19699192013,-24572053
20200327,"11:09:01","SH","NB",7888498724,6430569525,14319068249,1457929199
20200327,"11:09:01","SZ","NB",9877514165,9880259025,19757773190,-2744860
20200327,"11:10:01","SH","NB",7923123099,6451644543,14374767642,1471478556
20200327,"11:10:01","SZ","NB",9911986802,9914213075,19826199877,-2226273
20200327,"11:11:01","SH","NB",7997741363,6480239090,14477980453,1517502273
20200327,"11:11:01","SZ","NB",9987068352,9960881423,19947949775,26186929
20200327,"11:12:01","SH","NB",8035210849,6529984612,14565195461,1505226237
20200327,"11:12:01","SZ","NB",10030113953,10012056704,20042170657,18057249
20200327,"11:13:01","SZ","NB",10074308308,10049461771,20123770079,24846537
20200327,"11:13:01","SH","NB",8067196413,6552707148,14619903561,1514489265
20200327,"11:14:01","SH","NB",8104172865,6587392987,14691565852,1516779878
20200327,"11:14:01","SZ","NB",10108941532,10089426402,20198367934,19515130
20200327,"11:15:01","SH","NB",8147577148,6612918402,14760495550,1534658746
20200327,"11:15:01","SZ","NB",10146303488,10116335542,20262639030,29967946
20200327,"11:16:01","SH","NB",8208330113,6634914313,14843244426,1573415800
20200327,"11:16:01","SZ","NB",10193899662,10150368463,20344268125,43531199
20200327,"11:17:01","SZ","NB",10235670351,10193674268,20429344619,41996083
20200327,"11:17:01","SH","NB",8266317278,6660755896,14927073174,1605561382
20200327,"11:18:01","SH","NB",8305252745,6689742022,14994994767,1615510723
20200327,"11:18:01","SZ","NB",10262689681,10227777296,20490466977,34912385
20200327,"11:19:01","SH","NB",8345141955,6715552276,15060694231,1629589679
20200327,"11:19:01","SZ","NB",10299432108,10265816952,20565249060,33615156
20200327,"11:20:01","SH","NB",8404476315,6746433889,15150910204,1658042426
20200327,"11:20:01","SZ","NB",10354449842,10306697648,20661147490,47752194
20200327,"11:21:01","SH","NB",8606304969,6786991132,15393296101,1819313837
20200327,"11:21:01","SZ","NB",10536081481,10359976030,20896057511,176105451
20200327,"11:22:01","SZ","NB",11068584614,10472855550,21541440164,595729064
20200327,"11:22:01","SH","NB",9077219355,6867409284,15944628639,2209810071
20200327,"11:23:01","SH","NB",9300095379,6928649735,16228745114,2371445644
20200327,"11:23:01","SZ","NB",11218619714,10560860871,21779480585,657758843
20200327,"11:24:01","SH","NB",9387804660,7018093533,16405898193,2369711127
20200327,"11:24:01","SZ","NB",11280272266,10682073708,21962345974,598198558
20200327,"11:25:01","SH","NB",9474873659,7066387040,16541260699,2408486619
20200327,"11:25:01","SZ","NB",11377748906,10724834914,22102583820,652913992
20200327,"11:26:01","SH","NB",9538462673,7148308121,16686770794,2390154552
20200327,"11:26:01","SZ","NB",11424816198,10803753875,22228570073,621062323
20200327,"11:27:01","SH","NB",9690000617,7199422570,16889423187,2490578047
20200327,"11:27:01","SZ","NB",11524615204,10853748142,22378363346,670867062
20200327,"11:28:01","SH","NB",9747748474,7249541745,16997290219,2498206729
20200327,"11:28:01","SZ","NB",11580517611,10901335251,22481852862,679182360
20200327,"11:29:01","SH","NB",9833425651,7282522549,17115948200,2550903102
20200327,"11:29:01","SZ","NB",11640616952,10938695104,22579312056,701921848
20200327,"11:30:01","SZ","NB",11713258927,10970647692,22683906619,742611235
20200327,"11:30:01","SH","NB",9917870026,7309283149,17227153175,2608586877
20200327,"11:31:01","SH","NB",9922783329,7311364380,17234147709,2611418949
20200327,"11:31:01","SZ","NB",11718625445,10971372881,22689998326,747252564
20200327,"13:00:01","SZ","NB",11724834113,10977641862,22702475975,747192251
20200327,"13:01:01","SH","NB",10048627905,7606408764,17655036669,2442219141
20200327,"13:01:01","SZ","NB",11862136487,11257748710,23119885197,604387777
20200327,"13:02:01","SH","NB",10112946756,7675407591,17788354347,2437539165
20200327,"13:02:01","SZ","NB",11925938359,11335624669,23261563028,590313690
20200327,"13:03:01","SH","NB",10158542343,7743766442,17902308785,2414775901
20200327,"13:03:01","SZ","NB",11984713847,11412862258,23397576105,571851589
20200327,"13:04:01","SH","NB",10205472428,7796515498,18001987926,2408956930
20200327,"13:04:01","SZ","NB",12031481378,11471696706,23503178084,559784672
20200327,"13:05:01","SH","NB",10278827583,7848937133,18127764716,2429890450
20200327,"13:05:01","SZ","NB",12101963896,11522683468,23624647364,579280428
20200327,"13:06:01","SZ","NB",12165541937,11566200201,23731742138,599341736
20200327,"13:06:01","SH","NB",10322921267,7901834205,18224755472,2421087062
20200327,"13:07:01","SH","NB",10370884024,7982329916,18353213940,2388554108
20200327,"13:07:01","SZ","NB",12216179602,11673573622,23889753224,542605980
20200327,"13:08:01","SH","NB",10413422892,8029900426,18443323318,2383522466
20200327,"13:08:01","SZ","NB",12272554620,11718319168,23990873788,554235452
20200327,"13:09:01","SH","NB",10450310056,8066690593,18517000649,2383619463
20200327,"13:09:01","SZ","NB",12314307552,11760497893,24074805445,553809659
20200327,"13:10:01","SH","NB",10486165853,8093142174,18579308027,2393023679
20200327,"13:10:01","SZ","NB",12347632888,11803426213,24151059101,544206675
20200327,"13:11:01","SH","NB",10531581983,8231262618,18762844601,2300319365
20200327,"13:11:01","SZ","NB",12390701438,11967555113,24358256551,423146325
20200327,"13:12:01","SH","NB",10589419660,8266404050,18855823710,2323015610
20200327,"13:12:01","SZ","NB",12462649379,12015204925,24477854304,447444454
20200327,"13:13:01","SH","NB",10638233885,8348058955,18986292840,2290174930
20200327,"13:13:01","SZ","NB",12514747216,12096228879,24610976095,418518337
20200327,"13:14:01","SZ","NB",12591356451,12120638874,24711995325,470717577
20200327,"13:14:01","SH","NB",10700070311,8378392902,19078463213,2321677409
20200327,"13:15:01","SH","NB",10739349548,8445621032,19184970580,2293728516
20200327,"13:15:01","SZ","NB",12632803595,12178886899,24811690494,453916696
20200327,"13:16:01","SH","NB",10771284158,8514290680,19285574838,2256993478
20200327,"13:16:01","SZ","NB",12662044252,12225839407,24887883659,436204845
20200327,"13:17:01","SH","NB",10794775071,8562799897,19357574968,2231975174
20200327,"13:17:01","SZ","NB",12694963690,12263649041,24958612731,431314649
20200327,"13:18:01","SH","NB",10828864944,8657975849,19486840793,2170889095
20200327,"13:18:01","SZ","NB",12727985976,12333400488,25061386464,394585488
20200327,"13:19:01","SH","NB",10864826134,8688609165,19553435299,2176216969
20200327,"13:19:01","SZ","NB",12774015256,12359398114,25133413370,414617142
20200327,"13:20:01","SH","NB",10901742020,8750020215,19651762235,2151721805
20200327,"13:20:01","SZ","NB",12811258838,12414691737,25225950575,396567101
20200327,"13:21:01","SZ","NB",12871233681,12485910024,25357143705,385323657
20200327,"13:21:01","SH","NB",10950517183,8799470334,19749987517,2151046849
20200327,"13:22:01","SH","NB",11012975040,8833189120,19846164160,2179785920
20200327,"13:22:01","SZ","NB",12938503051,12515161339,25453664390,423341712
20200327,"13:23:01","SH","NB",11044884042,8895710882,19940594924,2149173160
20200327,"13:23:01","SZ","NB",12975332549,12593226245,25568558794,382106304
20200327,"13:24:01","SH","NB",11097343273,8918267603,20015610876,2179075670
20200327,"13:24:01","SZ","NB",13034020547,12626251122,25660271669,407769425
20200327,"13:25:01","SH","NB",11129928709,8962000027,20091928736,2167928682
20200327,"13:25:01","SZ","NB",13064120286,12666077080,25730197366,398043206
20200327,"13:26:01","SH","NB",11157363884,9052695362,20210059246,2104668522
20200327,"13:26:01","SZ","NB",13101035275,12742848587,25843883862,358186688
20200327,"13:27:01","SH","NB",11179546389,9087299369,20266845758,2092247020
20200327,"13:27:01","SZ","NB",13127484492,12792215558,25919700050,335268934
20200327,"13:28:01","SH","NB",11217409562,9112891241,20330300803,2104518321
20200327,"13:28:01","SZ","NB",13156929383,12817405874,25974335257,339523509
20200327,"13:29:01","SZ","NB",13203636893,12843453115,26047090008,360183778
20200327,"13:29:01","SH","NB",11244200996,9136177921,20380378917,2108023075
20200327,"13:30:01","SH","NB",11272376406,9183937374,20456313780,2088439032
20200327,"13:30:01","SZ","NB",13237440718,12901923587,26139364305,335517131
20200327,"13:31:01","SH","NB",11300872864,9268620328,20569493192,2032252536
20200327,"13:31:01","SZ","NB",13282650884,13030569033,26313219917,252081851
20200327,"13:32:01","SH","NB",11356498941,9299088813,20655587754,2057410128
20200327,"13:32:01","SZ","NB",13357837006,13077310783,26435147789,280526223
20200327,"13:33:01","SH","NB",11390194457,9324474852,20714669309,2065719605
20200327,"13:33:01","SZ","NB",13407746665,13106559613,26514306278,301187052
20200327,"13:34:01","SH","NB",11455333458,9347882914,20803216372,2107450544
20200327,"13:34:01","SZ","NB",13502569351,13135409282,26637978633,367160069
20200327,"13:35:01","SH","NB",11484668278,9365893333,20850561611,2118774945
20200327,"13:35:01","SZ","NB",13543257289,13163660157,26706917446,379597132
20200327,"13:36:01","SZ","NB",13573929730,13194771984,26768701714,379157746
20200327,"13:36:01","SH","NB",11509040267,9385426979,20894467246,2123613288
20200327,"13:37:01","SH","NB",11533449255,9404814105,20938263360,2128635150
20200327,"13:37:01","SZ","NB",13610514502,13223802647,26834317149,386711855
20200327,"13:38:01","SH","NB",11556570421,9427951027,20984521448,2128619394
20200327,"13:38:01","SZ","NB",13645121142,13259297976,26904419118,385823166
20200327,"13:39:01","SH","NB",11578379946,9463562821,21041942767,2114817125
20200327,"13:39:01","SZ","NB",13673704429,13304550797,26978255226,369153632
20200327,"13:40:01","SH","NB",11605015343,9493031918,21098047261,2111983425
20200327,"13:40:01","SZ","NB",13711213893,13338729758,27049943651,372484135
20200327,"13:41:01","SZ","NB",13794436364,13388614454,27183050818,405821910
20200327,"13:41:01","SH","NB",11658434162,9522661482,21181095644,2135772680
20200327,"13:42:01","SH","NB",11697510367,9548370064,21245880431,2149140303
20200327,"13:42:01","SZ","NB",13829320369,13438044653,27267365022,391275716
20200327,"13:43:01","SH","NB",11723894400,9588911006,21312805406,2134983394
20200327,"13:43:01","SZ","NB",13857306646,13491443240,27348749886,365863406
20200327,"13:44:01","SH","NB",11742428202,9617913555,21360341757,2124514647
20200327,"13:44:01","SZ","NB",13881590588,13531280158,27412870746,350310430
20200327,"13:45:01","SH","NB",11793415102,9651555912,21444971014,2141859190
20200327,"13:45:01","SZ","NB",13973083148,13566131701,27539214849,406951447
20200327,"13:46:01","SH","NB",11815700716,9675600617,21491301333,2140100099
20200327,"13:46:01","SZ","NB",14009225578,13603380367,27612605945,405845211
20200327,"13:47:01","SH","NB",11832588065,9699156211,21531744276,2133431854
20200327,"13:47:01","SZ","NB",14041498098,13638452422,27679950520,403045676
20200327,"13:48:01","SH","NB",11853419293,9737595403,21591014696,2115823890
20200327,"13:48:01","SZ","NB",14090635075,13711901799,27802536874,378733276
20200327,"13:49:01","SZ","NB",14167158673,13759998523,27927157196,407160150
20200327,"13:49:01","SH","NB",11879330413,9769643182,21648973595,2109687231
20200327,"13:50:01","SH","NB",11901546110,9791400492,21692946602,2110145618
20200327,"13:50:01","SZ","NB",14197255327,13787484022,27984739349,409771305
20200327,"13:51:01","SH","NB",11936384886,9847661828,21784046714,2088723058
20200327,"13:51:01","SZ","NB",14249598680,13884639625,28134238305,364959055
20200327,"13:52:01","SH","NB",11978418430,9877601653,21856020083,2100816777
20200327,"13:52:01","SZ","NB",14337207212,13932390549,28269597761,404816663
20200327,"13:53:01","SH","NB",12023325074,9899622274,21922947348,2123702800
20200327,"13:53:01","SZ","NB",14377308285,13960470096,28337778381,416838189
20200327,"13:54:01","SH","NB",12051622000,9921808710,21973430710,2129813290
20200327,"13:54:01","SZ","NB",14407880037,13989156633,28397036670,418723404
20200327,"13:55:01","SH","NB",12080832205,9945239602,22026071807,2135592603
20200327,"13:55:01","SZ","NB",14440095477,14014761736,28454857213,425333741
20200327,"13:56:01","SH","NB",12155721063,9972187013,22127908076,2183534050
20200327,"13:56:01","SZ","NB",14535478855,14044427922,28579906777,491050933
20200327,"13:57:01","SH","NB",12215439141,9998936456,22214375597,2216502685
20200327,"13:57:01","SZ","NB",14605230947,14081339995,28686570942,523890952
20200327,"13:58:01","SH","NB",12253352740,10020419358,22273772098,2232933382
20200327,"13:58:01","SZ","NB",14644933166,14107164248,28752097414,537768918
20200327,"13:59:01","SZ","NB",14689585245,14148306487,28837891732,541278758
20200327,"13:59:01","SH","NB",12281253280,10043516993,22324770273,2237736287
20200327,"14:00:01","SH","NB",12334557152,10063130215,22397687367,2271426937
20200327,"14:00:01","SZ","NB",14754534130,14173593631,28928127761,580940499
20200327,"14:01:01","SH","NB",12410649904,10117653386,22528303290,2292996518
20200327,"14:01:01","SZ","NB",14839530929,14267200863,29106731792,572330066
20200327,"14:02:01","SH","NB",12440604858,10151820994,22592425852,2288783864
20200327,"14:02:01","SZ","NB",14884474477,14318906210,29203380687,565568267
20200327,"14:03:01","SH","NB",12472535497,10181475127,22654010624,2291060370
20200327,"14:03:01","SZ","NB",14930175819,14348881652,29279057471,581294167
20200327,"14:04:01","SH","NB",12564464887,10211017177,22775482064,2353447710
20200327,"14:04:01","SZ","NB",15020929593,14389800167,29410729760,631129426
20200327,"14:05:01","SH","NB",12616920301,10244302457,22861222758,2372617844
20200327,"14:05:01","SZ","NB",15072747396,14432699360,29505446756,640048036
20200327,"14:06:01","SZ","NB",15117525713,14503104157,29620629870,614421556
20200327,"14:06:01","SH","NB",12666109773,10307903069,22974012842,2358206704
20200327,"14:07:01","SH","NB",12697643365,10348822532,23046465897,2348820833
20200327,"14:07:01","SZ","NB",15151050335,14562229581,29713279916,588820754
20200327,"14:08:01","SH","NB",12718036670,10376955768,23094992438,2341080902
20200327,"14:08:01","SZ","NB",15183073617,14596724167,29779797784,586349450
20200327,"14:09:01","SH","NB",12742627411,10414459912,23157087323,2328167499
20200327,"14:09:01","SZ","NB",15218191905,14636722325,29854914230,581469580
20200327,"14:10:01","SH","NB",12774515526,10447612086,23222127612,2326903440
20200327,"14:10:01","SZ","NB",15256560803,14677269069,29933829872,579291734
20200327,"14:11:01","SZ","NB",15299050139,14779138007,30078188146,519912132
20200327,"14:11:01","SH","NB",12818753322,10542873813,23361627135,2275879509
20200327,"14:12:01","SH","NB",12852760402,10572605224,23425365626,2280155178
20200327,"14:12:01","SZ","NB",15349259567,14818743539,30168003106,530516028
20200327,"14:13:01","SH","NB",12899298064,10601066367,23500364431,2298231697
20200327,"14:13:01","SZ","NB",15395559594,14854547675,30250107269,541011919
20200327,"14:14:01","SH","NB",12927252921,10628744953,23555997874,2298507968
20200327,"14:14:01","SZ","NB",15433169041,14893501231,30326670272,539667810
20200327,"14:15:01","SH","NB",12956208398,10661256509,23617464907,2294951889
20200327,"14:15:01","SZ","NB",15468918116,14929910614,30398828730,539007502
20200327,"14:16:01","SH","NB",12995759063,10692180682,23687939745,2303578381
20200327,"14:16:01","SZ","NB",15517236353,14967956603,30485192956,549279750
20200327,"14:17:01","SH","NB",13026670100,10719866651,23746536751,2306803449
20200327,"14:17:01","SZ","NB",15554197392,14998653042,30552850434,555544350
20200327,"14:18:01","SH","NB",13072942096,10746040637,23818982733,2326901459
20200327,"14:18:01","SZ","NB",15611898757,15037028392,30648927149,574870365
20200327,"14:19:01","SZ","NB",15670983228,15068397296,30739380524,602585932
20200327,"14:19:01","SH","NB",13125823382,10770731504,23896554886,2355091878
20200327,"14:20:01","SH","NB",13153394257,10797344627,23950738884,2356049630
20200327,"14:20:01","SZ","NB",15711177038,15113409012,30824586050,597768026
20200327,"14:21:01","SH","NB",13186588720,10861592731,24048181451,2324995989
20200327,"14:21:01","SZ","NB",15755308860,15236761119,30992069979,518547741
20200327,"14:22:01","SH","NB",13225436776,10906413308,24131850084,2319023468
20200327,"14:22:01","SZ","NB",15807846602,15303462381,31111308983,504384221
20200327,"14:23:01","SH","NB",13293309326,10942510654,24235819980,2350798672
20200327,"14:23:01","SZ","NB",15884698307,15360825604,31245523911,523872703
20200327,"14:24:01","SH","NB",13320846176,10967107727,24287953903,2353738449
20200327,"14:24:01","SZ","NB",15943480665,15405805086,31349285751,537675579
20200327,"14:25:01","SH","NB",13349068510,10997286263,24346354773,2351782247
20200327,"14:25:01","SZ","NB",15982475725,15446287075,31428762800,536188650
20200327,"14:26:01","SH","NB",13378124327,11049441933,24427566260,2328682394
20200327,"14:26:01","SZ","NB",16026119540,15516874592,31542994132,509244948
20200327,"14:27:01","SH","NB",13407738419,11093233255,24500971674,2314505164
20200327,"14:27:01","SZ","NB",16076682766,15570428656,31647111422,506254110
20200327,"14:28:01","SH","NB",13448584702,11160146480,24608731182,2288438222
20200327,"14:28:01","SZ","NB",16137123719,15647514740,31784638459,489608979
20200327,"14:29:01","SZ","NB",16211530225,15717257317,31928787542,494272908
20200327,"14:29:01","SH","NB",13491906546,11220564422,24712470968,2271342124
20200327,"14:30:01","SH","NB",13599557098,11272172090,24871729188,2327385008
20200327,"14:30:01","SZ","NB",16343050000,15768963653,32112013653,574086347
20200327,"14:31:01","SH","NB",13680556876,11312657702,24993214578,2367899174
20200327,"14:31:01","SZ","NB",16459499510,15836308025,32295807535,623191485
20200327,"14:32:01","SH","NB",13711314614,11370822865,25082137479,2340491749
20200327,"14:32:01","SZ","NB",16509564635,15909881582,32419446217,599683053
20200327,"14:33:01","SZ","NB",16561926891,15959735348,32521662239,602191543
20200327,"14:33:01","SH","NB",13747563105,11413090695,25160653800,2334472410
20200327,"14:34:01","SH","NB",13783463340,11450861834,25234325174,2332601506
20200327,"14:34:01","SZ","NB",16619419751,16007582570,32627002321,611837181
20200327,"14:35:01","SH","NB",13817009966,11490674154,25307684120,2326335812
20200327,"14:35:01","SZ","NB",16664587012,16045889509,32710476521,618697503
20200327,"14:36:01","SH","NB",13876653614,11550579047,25427232661,2326074567
20200327,"14:36:01","SZ","NB",16727082097,16098779318,32825861415,628302779
20200327,"14:37:01","SH","NB",13938611754,11682547655,25621159409,2256064099
20200327,"14:37:01","SZ","NB",16789138450,16223225908,33012364358,565912542
20200327,"14:38:01","SZ","NB",16905928049,16283377785,33189305834,622550264
20200327,"14:38:01","SH","NB",14028076499,11746923772,25775000271,2281152727
20200327,"14:39:01","SH","NB",14076707504,11782265049,25858972553,2294442455
20200327,"14:39:01","SZ","NB",16982754198,16321465748,33304219946,661288450
20200327,"14:40:01","SH","NB",14121042514,11822847505,25943890019,2298195009
20200327,"14:40:01","SZ","NB",17035817901,16361874350,33397692251,673943551
20200327,"14:41:01","SH","NB",14201857201,11914402564,26116259765,2287454637
20200327,"14:41:01","SZ","NB",17159526939,16489552259,33649079198,669974680
20200327,"14:42:01","SH","NB",14359047717,11980104836,26339152553,2378942881
20200327,"14:42:01","SZ","NB",17362840578,16556801279,33919641857,806039299
20200327,"14:43:01","SH","NB",14404999456,12045725219,26450724675,2359274237
20200327,"14:43:01","SZ","NB",17431180457,16614253756,34045434213,816926701
20200327,"14:44:01","SH","NB",14435531082,12094296925,26529828007,2341234157
20200327,"14:44:01","SZ","NB",17493253856,16673374507,34166628363,819879349
20200327,"14:45:01","SH","NB",14467370725,12160193967,26627564692,2307176758
20200327,"14:45:01","SZ","NB",17541961304,16749250115,34291211419,792711189
20200327,"14:46:01","SH","NB",14505045168,12209200217,26714245385,2295844951
20200327,"14:46:01","SZ","NB",17606044447,16799062251,34405106698,806982196
20200327,"14:47:01","SZ","NB",17659281505,16855753085,34515034590,803528420
20200327,"14:47:01","SH","NB",14543085665,12268604295,26811689960,2274481370
20200327,"14:48:01","SH","NB",14589967497,12327550795,26917518292,2262416702
20200327,"14:48:01","SZ","NB",17731339018,16907858118,34639197136,823480900
20200327,"14:49:01","SH","NB",14635937375,12387433713,27023371088,2248503662
20200327,"14:49:01","SZ","NB",17792317479,16959798688,34752116167,832518791
20200327,"14:50:01","SH","NB",14675428804,12436161326,27111590130,2239267478
20200327,"14:50:01","SZ","NB",17861487102,17011007029,34872494131,850480073
20200327,"14:51:01","SH","NB",14759761965,12539328809,27299090774,2220433156
20200327,"14:51:01","SZ","NB",17996689679,17123252522,35119942201,873437157
20200327,"14:52:01","SZ","NB",18119926546,17193539600,35313466146,926386946
20200327,"14:52:01","SH","NB",14824769620,12608281121,27433050741,2216488499
20200327,"14:53:01","SH","NB",14884229152,12668281409,27552510561,2215947743
20200327,"14:53:01","SZ","NB",18216133973,17267531623,35483665596,948602350
20200327,"14:54:01","SH","NB",14962089190,12738493194,27700582384,2223595996
20200327,"14:54:01","SZ","NB",18327472996,17334508198,35661981194,992964798
20200327,"14:55:01","SH","NB",15019107646,12813214095,27832321741,2205893551
20200327,"14:55:01","SZ","NB",18415758778,17400299672,35816058450,1015459106
20200327,"14:56:01","SH","NB",15076996040,12898617005,27975613045,2178379035
20200327,"14:56:01","SZ","NB",18530784836,17503690583,36034475419,1027094253
20200327,"14:57:01","SH","NB",15134293346,12959296880,28093590226,2174996466
20200327,"14:57:01","SZ","NB",18599393770,17568451357,36167845127,1030942413
20200327,"14:58:01","SZ","NB",18599393770,17568530065,36167923835,1030863705
20200327,"15:00:01","SZ","NB",18678675105,17649954559,36328629664,1028720546
20200327,"15:01:01","SH","NB",15440743858,13169160610,28609904468,2271583248
20200327,"15:01:01","SZ","NB",18977639206,17835487067,36813126273,1142152139
