dataDate,dataTime,connectMarket,tradeDirection,buyTurnover,sellTurnover,totalTurnover,netTurnover
20200306,"09:30:01","SH","NB",90823136,114251716,205074852,-23428580
20200306,"09:30:01","SZ","NB",174491801,158594876,333086677,15896925
20200306,"09:31:01","SH","NB",625507295,304893977,930401272,320613318
20200306,"09:31:01","SZ","NB",820239008,438214963,1258453971,382024045
20200306,"09:32:01","SH","NB",994055039,506822347,1500877386,487232692
20200306,"09:32:01","SZ","NB",1374594425,760438718,2135033143,614155707
20200306,"09:33:01","SH","NB",1162330317,748006724,1910337041,414323593
20200306,"09:33:01","SZ","NB",1688268801,1011303612,2699572413,676965189
20200306,"09:34:01","SH","NB",1326215547,1056539210,2382754757,269676337
20200306,"09:34:01","SZ","NB",1991368794,1432348410,3423717204,559020384
20200306,"09:35:01","SH","NB",1549884423,1260541052,2810425475,289343371
20200306,"09:35:01","SZ","NB",2488208230,1666852903,4155061133,821355327
20200306,"09:36:01","SZ","NB",2782117918,1966151370,4748269288,815966548
20200306,"09:36:01","SH","NB",1713144388,1516923338,3230067726,196221050
20200306,"09:37:01","SH","NB",1871508560,1751488317,3622996877,120020243
20200306,"09:37:01","SZ","NB",3078233451,2430763316,5508996767,647470135
20200306,"09:38:01","SH","NB",2014059844,1995536512,4009596356,18523332
20200306,"09:38:01","SZ","NB",3296280287,2701871177,5998151464,594409110
20200306,"09:39:01","SH","NB",2349872119,2218833013,4568705132,131039106
20200306,"09:39:01","SZ","NB",3803852778,2892940845,6696793623,910911933
20200306,"09:40:01","SH","NB",2461552117,2435938755,4897490872,25613362
20200306,"09:40:01","SZ","NB",3994114511,3170158331,7164272842,823956180
20200306,"09:41:01","SH","NB",2691544719,2627916681,5319461400,63628038
20200306,"09:41:01","SZ","NB",4397882887,3393851300,7791734187,1004031587
20200306,"09:42:01","SH","NB",2806374535,2816612669,5622987204,-10238134
20200306,"09:42:01","SZ","NB",4569237476,3675017817,8244255293,894219659
20200306,"09:43:01","SH","NB",2972498248,2931896467,5904394715,40601781
20200306,"09:43:01","SZ","NB",4862155977,3798650263,8660806240,1063505714
20200306,"09:44:01","SH","NB",3052439052,3057773943,6110212995,-5334891
20200306,"09:44:01","SZ","NB",5012298131,4025474806,9037772937,986823325
20200306,"09:45:01","SZ","NB",5245098824,4186138789,9431237613,1058960035
20200306,"09:45:01","SH","NB",3152765267,3159872371,6312637638,-7107104
20200306,"09:46:01","SH","NB",3241053681,3451112729,6692166410,-210059048
20200306,"09:46:01","SZ","NB",5428739812,4598113496,10026853308,830626316
20200306,"09:47:01","SH","NB",3342518466,3559703485,6902221951,-217185019
20200306,"09:47:01","SZ","NB",5739261008,4760075046,10499336054,979185962
20200306,"09:48:01","SH","NB",3428729022,3753377395,7182106417,-324648373
20200306,"09:48:01","SZ","NB",5944420400,4970286581,10914706981,974133819
20200306,"09:49:01","SZ","NB",6098814013,5139134935,11237948948,959679078
20200306,"09:49:01","SH","NB",3508910416,3900055824,7408966240,-391145408
20200306,"09:50:01","SH","NB",3616327667,4050821205,7667148872,-434493538
20200306,"09:50:01","SZ","NB",6326858519,5279064734,11605923253,1047793785
20200306,"09:51:01","SH","NB",3735508920,4317577813,8053086733,-582068893
20200306,"09:51:01","SZ","NB",6554986315,5537664187,12092650502,1017322128
20200306,"09:52:01","SH","NB",3937777004,4446196450,8383973454,-508419446
20200306,"09:52:01","SZ","NB",7005130390,5661501568,12666631958,1343628822
20200306,"09:53:01","SH","NB",4028234370,4569373688,8597608058,-541139318
20200306,"09:53:01","SZ","NB",7175889023,5783376924,12959265947,1392512099
20200306,"09:54:01","SH","NB",4108441107,4719340848,8827781955,-610899741
20200306,"09:54:01","SZ","NB",7303294876,5975083419,13278378295,1328211457
20200306,"09:55:01","SH","NB",4181469332,4803028887,8984498219,-621559555
20200306,"09:55:01","SZ","NB",7449047540,6067610978,13516658518,1381436562
20200306,"09:56:01","SZ","NB",7582349199,6322646680,13904995879,1259702519
20200306,"09:56:01","SH","NB",4259036337,5007741652,9266777989,-748705315
20200306,"09:57:01","SH","NB",4348215496,5145385066,9493600562,-797169570
20200306,"09:57:01","SZ","NB",7740301470,6457106072,14197407542,1283195398
20200306,"09:58:01","SH","NB",4469566449,5263664265,9733230714,-794097816
20200306,"09:58:01","SZ","NB",7958601096,6553209572,14511810668,1405391524
20200306,"09:59:01","SH","NB",4581687642,5347832718,9929520360,-766145076
20200306,"09:59:01","SZ","NB",8125036418,6650197607,14775234025,1474838811
20200306,"10:00:01","SH","NB",4711299164,5407367068,10118666232,-696067904
20200306,"10:00:01","SZ","NB",8265808462,6743056767,15008865229,1522751695
20200306,"10:01:01","SH","NB",4800022312,5487514923,10287537235,-687492611
20200306,"10:01:01","SZ","NB",8417678128,6879637139,15297315267,1538040989
20200306,"10:02:01","SZ","NB",8524015140,7207498914,15731514054,1316516226
20200306,"10:02:01","SH","NB",4863495110,5699537618,10563032728,-836042508
20200306,"10:03:01","SH","NB",4925857683,5821445721,10747303404,-895588038
20200306,"10:03:01","SZ","NB",8644004913,7350676726,15994681639,1293328187
20200306,"10:04:01","SH","NB",5014192511,5901776662,10915969173,-887584151
20200306,"10:04:01","SZ","NB",8765376508,7460223953,16225600461,1305152555
20200306,"10:05:01","SH","NB",5142798606,5971072888,11113871494,-828274282
20200306,"10:05:01","SZ","NB",8977552172,7560184216,16537736388,1417367956
20200306,"10:06:01","SH","NB",5199707888,6085059831,11284767719,-885351943
20200306,"10:06:01","SZ","NB",9045636247,7748965969,16794602216,1296670278
20200306,"10:07:01","SZ","NB",9179860184,7961214913,17141075097,1218645271
20200306,"10:07:01","SH","NB",5263420441,6298722879,11562143320,-1035302438
20200306,"10:08:01","SH","NB",5354943323,6550461146,11905404469,-1195517823
20200306,"10:08:01","SZ","NB",9323055503,8143839763,17466895266,1179215740
20200306,"10:09:01","SH","NB",5471926960,6669924208,12141851168,-1197997248
20200306,"10:09:01","SZ","NB",9453270169,8272741898,17726012067,1180528271
20200306,"10:10:01","SH","NB",5627893852,6750190421,12378084273,-1122296569
20200306,"10:10:01","SZ","NB",9665249270,8378023162,18043272432,1287226108
20200306,"10:11:01","SH","NB",5774219768,6847338334,12621558102,-1073118566
20200306,"10:11:01","SZ","NB",9853868386,8480510119,18334378505,1373358267
20200306,"10:12:01","SH","NB",5842127954,6992918349,12835046303,-1150790395
20200306,"10:12:01","SZ","NB",9931923374,8688240853,18620164227,1243682521
20200306,"10:13:01","SH","NB",5932663072,7043427622,12976090694,-1110764550
20200306,"10:13:01","SZ","NB",10092505076,8742239507,18834744583,1350265569
20200306,"10:14:01","SH","NB",5997600091,7093225172,13090825263,-1095625081
20200306,"10:14:01","SZ","NB",10168375617,8834037620,19002413237,1334337997
20200306,"10:15:01","SH","NB",6034499161,7174461208,13208960369,-1139962047
20200306,"10:15:01","SZ","NB",10219312533,9008999140,19228311673,1210313393
20200306,"10:16:01","SZ","NB",10280993490,9098997914,19379991404,1181995576
20200306,"10:16:01","SH","NB",6067888415,7236667023,13304555438,-1168778608
20200306,"10:17:01","SH","NB",6117506988,7339529203,13457036191,-1222022215
20200306,"10:17:01","SZ","NB",10338973885,9266434268,19605408153,1072539617
20200306,"10:18:01","SH","NB",6164690736,7408268847,13572959583,-1243578111
20200306,"10:18:01","SZ","NB",10427013299,9368827755,19795841054,1058185544
20200306,"10:19:01","SZ","NB",10590411256,9421343808,20011755064,1169067448
20200306,"10:19:01","SH","NB",6263944400,7466122148,13730066548,-1202177748
20200306,"10:20:01","SH","NB",6312437985,7517571920,13830009905,-1205133935
20200306,"10:20:01","SZ","NB",10661585942,9482549770,20144135712,1179036172
20200306,"10:21:01","SH","NB",6375189775,7724388029,14099577804,-1349198254
20200306,"10:21:01","SZ","NB",10739289319,9811498009,20550787328,927791310
20200306,"10:22:01","SH","NB",6450735090,7796912913,14247648003,-1346177823
20200306,"10:22:01","SZ","NB",10855985581,9884026875,20740012456,971958706
20200306,"10:23:01","SZ","NB",10961252225,9928869489,20890121714,1032382736
20200306,"10:23:01","SH","NB",6507504973,7838357344,14345862317,-1330852371
20200306,"10:24:01","SH","NB",6558303776,7921989475,14480293251,-1363685699
20200306,"10:24:01","SZ","NB",11025015823,10014640490,21039656313,1010375333
20200306,"10:25:01","SH","NB",6651013377,7961575570,14612588947,-1310562193
20200306,"10:25:01","SZ","NB",11200048741,10068132554,21268181295,1131916187
20200306,"10:26:01","SH","NB",6759390529,7995475279,14754865808,-1236084750
20200306,"10:26:01","SZ","NB",11296882800,10112347295,21409230095,1184535505
20200306,"10:27:01","SH","NB",6800473152,8043136814,14843609966,-1242663662
20200306,"10:27:01","SZ","NB",11348171190,10178078707,21526249897,1170092483
20200306,"10:28:01","SH","NB",6846558070,8148427472,14994985542,-1301869402
20200306,"10:28:01","SZ","NB",11390375466,10328336836,21718712302,1062038630
20200306,"10:29:01","SH","NB",6872157237,8209957143,15082114380,-1337799906
20200306,"10:29:01","SZ","NB",11426019288,10413651175,21839670463,1012368113
20200306,"10:30:01","SZ","NB",11481752688,10469752398,21951505086,1012000290
20200306,"10:30:01","SH","NB",6900901579,8255143599,15156045178,-1354242020
20200306,"10:31:01","SH","NB",6940477582,8482156333,15422633915,-1541678751
20200306,"10:31:01","SZ","NB",11524629606,10731483672,22256113278,793145934
20200306,"10:32:01","SH","NB",7063868783,8557525698,15621394481,-1493656915
20200306,"10:32:01","SZ","NB",11721536690,10792978293,22514514983,928558397
20200306,"10:33:01","SZ","NB",11790420179,10858265687,22648685866,932154492
20200306,"10:33:01","SH","NB",7106801290,8605690963,15712492253,-1498889673
20200306,"10:34:01","SH","NB",7168050959,8639587229,15807638188,-1471536270
20200306,"10:34:01","SZ","NB",11875996797,10901685658,22777682455,974311139
20200306,"10:35:01","SH","NB",7238519878,8669288543,15907808421,-1430768665
20200306,"10:35:01","SZ","NB",11964043426,10955904317,22919947743,1008139109
20200306,"10:36:01","SH","NB",7267785349,8714091788,15981877137,-1446306439
20200306,"10:36:01","SZ","NB",12012455396,11033010204,23045465600,979445192
20200306,"10:37:01","SH","NB",7306146862,8739970916,16046117778,-1433824054
20200306,"10:37:01","SZ","NB",12067281539,11090353601,23157635140,976927938
20200306,"10:38:01","SH","NB",7342728616,8776952050,16119680666,-1434223434
20200306,"10:38:01","SZ","NB",12105918037,11154117860,23260035897,951800177
20200306,"10:39:01","SH","NB",7371860138,8816420374,16188280512,-1444560236
20200306,"10:39:01","SZ","NB",12147380974,11224184453,23371565427,923196521
20200306,"10:40:01","SH","NB",7437650336,8854010582,16291660918,-1416360246
20200306,"10:40:01","SZ","NB",12208077649,11280017509,23488095158,928060140
20200306,"10:41:01","SZ","NB",12324308088,11382069113,23706377201,942238975
20200306,"10:41:01","SH","NB",7543239138,8901273534,16444512672,-1358034396
20200306,"10:42:01","SH","NB",7594234768,8943913311,16538148079,-1349678543
20200306,"10:42:01","SZ","NB",12379964620,11477675238,23857639858,902289382
20200306,"10:43:01","SZ","NB",12424288567,11750245641,24174534208,674042926
20200306,"10:43:01","SH","NB",7652760825,9117602714,16770363539,-1464841889
20200306,"10:44:01","SH","NB",7684361305,9162310887,16846672192,-1477949582
20200306,"10:44:01","SZ","NB",12465005356,11808481005,24273486361,656524351
20200306,"10:45:01","SH","NB",7724822589,9189649592,16914472181,-1464827003
20200306,"10:45:01","SZ","NB",12515551400,11850310410,24365861810,665240990
20200306,"10:46:01","SH","NB",7760339564,9225963844,16986303408,-1465624280
20200306,"10:46:01","SZ","NB",12550069428,11891887496,24441956924,658181932
20200306,"10:47:01","SH","NB",7790686293,9264112230,17054798523,-1473425937
20200306,"10:47:01","SZ","NB",12586608363,11945300513,24531908876,641307850
20200306,"10:48:01","SH","NB",7823191645,9297558399,17120750044,-1474366754
20200306,"10:48:01","SZ","NB",12619269773,12019284418,24638554191,599985355
20200306,"10:49:01","SH","NB",7854568177,9373967934,17228536111,-1519399757
20200306,"10:49:01","SZ","NB",12650097272,12146191823,24796289095,503905449
20200306,"10:50:01","SH","NB",7885331328,9423446166,17308777494,-1538114838
20200306,"10:50:01","SZ","NB",12689341340,12223686823,24913028163,465654517
20200306,"10:51:01","SH","NB",7955713740,9491236148,17446949888,-1535522408
20200306,"10:51:01","SZ","NB",12795190461,12330998616,25126189077,464191845
20200306,"10:52:01","SH","NB",8033725505,9533254439,17566979944,-1499528934
20200306,"10:52:01","SZ","NB",12896397096,12382891028,25279288124,513506068
20200306,"10:53:01","SZ","NB",12928562763,12466963613,25395526376,461599150
20200306,"10:53:01","SH","NB",8066599178,9589003174,17655602352,-1522403996
20200306,"10:54:01","SH","NB",8110347567,9625839757,17736187324,-1515492190
20200306,"10:54:01","SZ","NB",12978150477,12520976463,25499126940,457174014
20200306,"10:55:01","SH","NB",8134826849,9652476966,17787303815,-1517650117
20200306,"10:55:01","SZ","NB",13012888223,12559249729,25572137952,453638494
20200306,"10:56:01","SH","NB",8160772710,9687321711,17848094421,-1526549001
20200306,"10:56:01","SZ","NB",13047049475,12610478028,25657527503,436571447
20200306,"10:57:01","SH","NB",8195503064,9725473497,17920976561,-1529970433
20200306,"10:57:01","SZ","NB",13090942304,12660332857,25751275161,430609447
20200306,"10:58:01","SZ","NB",13121762554,12708710959,25830473513,413051595
20200306,"10:58:01","SH","NB",8221501601,9753896753,17975398354,-1532395152
20200306,"10:59:01","SH","NB",8252474622,9795561637,18048036259,-1543087015
20200306,"10:59:01","SZ","NB",13172799137,12785746920,25958546057,387052217
20200306,"11:00:01","SH","NB",8289895045,9865342220,18155237265,-1575447175
20200306,"11:00:01","SZ","NB",13214349161,12895974121,26110323282,318375040
20200306,"11:01:01","SH","NB",8327696654,9975393950,18303090604,-1647697296
20200306,"11:01:01","SZ","NB",13274198063,13039744442,26313942505,234453621
20200306,"11:02:01","SZ","NB",13434483491,13105725268,26540208759,328758223
20200306,"11:02:01","SH","NB",8406983703,10013573369,18420557072,-1606589666
20200306,"11:03:01","SH","NB",8441646081,10040749504,18482395585,-1599103423
20200306,"11:03:01","SZ","NB",13486851431,13153717172,26640568603,333134259
20200306,"11:04:01","SH","NB",8487568115,10076964655,18564532770,-1589396540
20200306,"11:04:01","SZ","NB",13540883041,13196541215,26737424256,344341826
20200306,"11:05:01","SH","NB",8535625393,10102493614,18638119007,-1566868221
20200306,"11:05:01","SZ","NB",13599245163,13230434288,26829679451,368810875
20200306,"11:06:01","SH","NB",8564914959,10131232470,18696147429,-1566317511
20200306,"11:06:01","SZ","NB",13637368638,13267882190,26905250828,369486448
20200306,"11:07:01","SZ","NB",13669946426,13297815119,26967761545,372131307
20200306,"11:07:01","SH","NB",8599030276,10161899968,18760930244,-1562869692
20200306,"11:08:01","SH","NB",8632099859,10208392423,18840492282,-1576292564
20200306,"11:08:01","SZ","NB",13698417677,13348358913,27046776590,350058764
20200306,"11:09:01","SH","NB",8661808262,10243912425,18905720687,-1582104163
20200306,"11:09:01","SZ","NB",13728312316,13392121448,27120433764,336190868
20200306,"11:10:01","SH","NB",8687103373,10285566949,18972670322,-1598463576
20200306,"11:10:01","SZ","NB",13760933169,13451083315,27212016484,309849854
20200306,"11:11:01","SH","NB",8726379208,10362928503,19089307711,-1636549295
20200306,"11:11:01","SZ","NB",13811908528,13562409150,27374317678,249499378
20200306,"11:12:01","SH","NB",8761659673,10399761837,19161421510,-1638102164
20200306,"11:12:01","SZ","NB",13880313218,13609002372,27489315590,271310846
20200306,"11:13:01","SH","NB",8807333022,10427864050,19235197072,-1620531028
20200306,"11:13:01","SZ","NB",13939546562,13646514930,27586061492,293031632
20200306,"11:14:01","SH","NB",8852436943,10471281008,19323717951,-1618844065
20200306,"11:14:01","SZ","NB",13979939560,13683604809,27663544369,296334751
20200306,"11:15:01","SZ","NB",14015905492,13747082088,27762987580,268823404
20200306,"11:15:01","SH","NB",8885659254,10520968772,19406628026,-1635309518
20200306,"11:16:01","SH","NB",8917193023,10618979280,19536172303,-1701786257
20200306,"11:16:01","SZ","NB",14046571006,13847067726,27893638732,199503280
20200306,"11:17:01","SH","NB",8939966561,10683350281,19623316842,-1743383720
20200306,"11:17:01","SZ","NB",14089451931,13909927719,27999379650,179524212
20200306,"11:18:01","SH","NB",8980861450,10724771960,19705633410,-1743910510
20200306,"11:18:01","SZ","NB",14148704175,13959796687,28108500862,188907488
20200306,"11:19:01","SH","NB",9018955385,10791741196,19810696581,-1772785811
20200306,"11:19:01","SZ","NB",14196744411,14014505838,28211250249,182238573
20200306,"11:20:01","SH","NB",9061556307,10858950594,19920506901,-1797394287
20200306,"11:20:01","SZ","NB",14254798304,14061050264,28315848568,193748040
20200306,"11:21:01","SH","NB",9098894093,10977677913,20076572006,-1878783820
20200306,"11:21:01","SZ","NB",14321709338,14199583141,28521292479,122126197
20200306,"11:22:01","SH","NB",9141958263,11028480805,20170439068,-1886522542
20200306,"11:22:01","SZ","NB",14410963581,14256537169,28667500750,154426412
20200306,"11:23:01","SZ","NB",14570475306,14289202248,28859677554,281273058
20200306,"11:23:01","SH","NB",9241283567,11062982476,20304266043,-1821698909
20200306,"11:24:01","SH","NB",9321780033,11091436797,20413216830,-1769656764
20200306,"11:24:01","SZ","NB",14666753530,14324514227,28991267757,342239303
20200306,"11:25:01","SH","NB",9415039808,11124121817,20539161625,-1709082009
20200306,"11:25:01","SZ","NB",14787520149,14358887537,29146407686,428632612
20200306,"11:26:01","SH","NB",9486741227,11150601073,20637342300,-1663859846
20200306,"11:26:01","SZ","NB",14873874726,14447615347,29321490073,426259379
20200306,"11:27:01","SH","NB",9510586113,11187326222,20697912335,-1676740109
20200306,"11:27:01","SZ","NB",14943686397,14515747119,29459433516,427939278
20200306,"11:28:01","SZ","NB",15010163952,14560166815,29570330767,449997137
20200306,"11:28:01","SH","NB",9546031117,11220921640,20766952757,-1674890523
20200306,"11:29:01","SH","NB",9574672439,11244977509,20819649948,-1670305070
20200306,"11:29:01","SZ","NB",15078672691,14600260922,29678933613,478411769
20200306,"11:30:01","SH","NB",9595428298,11271114947,20866543245,-1675686649
20200306,"11:30:01","SZ","NB",15134463806,14650502310,29784966116,483961496
20200306,"11:31:01","SH","NB",9596358739,11274095054,20870453793,-1677736315
20200306,"11:31:01","SZ","NB",15135903073,14652253459,29788156532,483649614
20200306,"13:00:01","SZ","NB",15147927464,14662610907,29810538371,485316557
20200306,"13:01:01","SH","NB",9706521979,11383437642,21089959621,-1676915663
20200306,"13:01:01","SZ","NB",15278691956,14867461741,30146153697,411230215
20200306,"13:02:01","SH","NB",9756162626,11436338436,21192501062,-1680175810
20200306,"13:02:01","SZ","NB",15351035799,14975980548,30327016347,375055251
20200306,"13:03:01","SH","NB",9789331207,11479868889,21269200096,-1690537682
20200306,"13:03:01","SZ","NB",15438441349,15077027563,30515468912,361413786
20200306,"13:04:01","SZ","NB",15537731268,15128151672,30665882940,409579596
20200306,"13:04:01","SH","NB",9845459679,11513291747,21358751426,-1667832068
20200306,"13:05:01","SH","NB",9899270212,11545507402,21444777614,-1646237190
20200306,"13:05:01","SZ","NB",15615639351,15182119470,30797758821,433519881
20200306,"13:06:01","SH","NB",9937040638,11585722264,21522762902,-1648681626
20200306,"13:06:01","SZ","NB",15677685703,15226196551,30903882254,451489152
20200306,"13:07:01","SH","NB",9972842097,11697986635,21670828732,-1725144538
20200306,"13:07:01","SZ","NB",15729120054,15367699250,31096819304,361420804
20200306,"13:08:01","SH","NB",10009206459,11722955217,21732161676,-1713748758
20200306,"13:08:01","SZ","NB",15784259102,15412408116,31196667218,371850986
20200306,"13:09:01","SH","NB",10052064174,11746826092,21798890266,-1694761918
20200306,"13:09:01","SZ","NB",15840533557,15450745614,31291279171,389787943
20200306,"13:10:01","SZ","NB",15887315151,15497442074,31384757225,389873077
20200306,"13:10:01","SH","NB",10084085045,11782881443,21866966488,-1698796398
20200306,"13:11:01","SH","NB",10115101563,11851129945,21966231508,-1736028382
20200306,"13:11:01","SZ","NB",15938716285,15598111478,31536827763,340604807
20200306,"13:12:01","SH","NB",10185732280,11884282012,22070014292,-1698549732
20200306,"13:12:01","SZ","NB",16038910853,15647767660,31686678513,391143193
20200306,"13:13:01","SH","NB",10272939237,11915827738,22188766975,-1642888501
20200306,"13:13:01","SZ","NB",16175492845,15695621709,31871114554,479871136
20200306,"13:14:01","SH","NB",10306482909,11958684264,22265167173,-1652201355
20200306,"13:14:01","SZ","NB",16235477879,15757380010,31992857889,478097869
20200306,"13:15:01","SH","NB",10337131869,12038365263,22375497132,-1701233394
20200306,"13:15:01","SZ","NB",16280046457,15840298364,32120344821,439748093
20200306,"13:16:01","SZ","NB",16337958368,15883732206,32221690574,454226162
20200306,"13:16:01","SH","NB",10369271024,12070395023,22439666047,-1701123999
20200306,"13:17:01","SH","NB",10396038739,12106241809,22502280548,-1710203070
20200306,"13:17:01","SZ","NB",16376162387,15939595531,32315757918,436566856
20200306,"13:18:01","SH","NB",10419496466,12144731764,22564228230,-1725235298
20200306,"13:18:01","SZ","NB",16410621553,16005195864,32415817417,405425689
20200306,"13:19:01","SH","NB",10443367609,12188832453,22632200062,-1745464844
20200306,"13:19:01","SZ","NB",16453581436,16080312052,32533893488,373269384
20200306,"13:20:01","SH","NB",10464543073,12228866067,22693409140,-1764322994
20200306,"13:20:01","SZ","NB",16493047626,16143537972,32636585598,349509654
20200306,"13:21:01","SH","NB",10501213114,12271531860,22772744974,-1770318746
20200306,"13:21:01","SZ","NB",16548987813,16228782042,32777769855,320205771
20200306,"13:22:01","SH","NB",10533156130,12298820009,22831976139,-1765663879
20200306,"13:22:01","SZ","NB",16607042817,16284036423,32891079240,323006394
20200306,"13:23:01","SH","NB",10565537892,12328538916,22894076808,-1763001024
20200306,"13:23:01","SZ","NB",16664833258,16331694095,32996527353,333139163
20200306,"13:24:01","SH","NB",10612729011,12367488450,22980217461,-1754759439
20200306,"13:24:01","SZ","NB",16730352770,16371391547,33101744317,358961223
20200306,"13:25:01","SH","NB",10645110519,12403407360,23048517879,-1758296841
20200306,"13:25:01","SZ","NB",16779313603,16417411459,33196725062,361902144
20200306,"13:26:01","SZ","NB",16849053032,16470661965,33319714997,378391067
20200306,"13:26:01","SH","NB",10689485031,12439050611,23128535642,-1749565580
20200306,"13:27:01","SH","NB",10747016221,12480099622,23227115843,-1733083401
20200306,"13:27:01","SZ","NB",16923490119,16522188993,33445679112,401301126
20200306,"13:28:01","SH","NB",10776218769,12560315126,23336533895,-1784096357
20200306,"13:28:01","SZ","NB",16974168146,16633464090,33607632236,340704056
20200306,"13:29:01","SH","NB",10800953470,12607702358,23408655828,-1806748888
20200306,"13:29:01","SZ","NB",17003258742,16695589386,33698848128,307669356
20200306,"13:30:01","SH","NB",10827924900,12658043441,23485968341,-1830118541
20200306,"13:30:01","SZ","NB",17036898747,16764948746,33801847493,271950001
20200306,"13:31:01","SH","NB",10860928607,12845820229,23706748836,-1984891622
20200306,"13:31:01","SZ","NB",17084031774,16986021688,34070053462,98010086
20200306,"13:32:01","SH","NB",10900063311,12890636448,23790699759,-1990573137
20200306,"13:32:01","SZ","NB",17150793104,17035933467,34186726571,114859637
20200306,"13:33:01","SH","NB",10940787748,12923033785,23863821533,-1982246037
20200306,"13:33:01","SZ","NB",17217421576,17071389780,34288811356,146031796
20200306,"13:34:01","SH","NB",10969504529,12964427237,23933931766,-1994922708
20200306,"13:34:01","SZ","NB",17262052523,17111428060,34373480583,150624463
20200306,"13:35:01","SH","NB",11008664401,13000782985,24009447386,-1992118584
20200306,"13:35:01","SZ","NB",17309286119,17143466410,34452752529,165819709
20200306,"13:36:01","SZ","NB",17348113621,17206508085,34554621706,141605536
20200306,"13:36:01","SH","NB",11035668171,13058383223,24094051394,-2022715052
20200306,"13:37:01","SH","NB",11068400422,13086969404,24155369826,-2018568982
20200306,"13:37:01","SZ","NB",17394230851,17249726422,34643957273,144504429
20200306,"13:38:01","SZ","NB",17430019867,17296133728,34726153595,133886139
20200306,"13:38:01","SH","NB",11095184091,13119718164,24214902255,-2024534073
20200306,"13:39:01","SH","NB",11126168820,13155930828,24282099648,-2029762008
20200306,"13:39:01","SZ","NB",17468517603,17348732596,34817250199,119785007
20200306,"13:40:01","SH","NB",11162261452,13200449919,24362711371,-2038188467
20200306,"13:40:01","SZ","NB",17522338650,17403136374,34925475024,119202276
20200306,"13:41:01","SH","NB",11200141078,13315757361,24515898439,-2115616283
20200306,"13:41:01","SZ","NB",17580234342,17549225241,35129459583,31009101
20200306,"13:42:01","SH","NB",11277821318,13364625053,24642446371,-2086803735
20200306,"13:42:01","SZ","NB",17661584817,17617373086,35278957903,44211731
20200306,"13:43:01","SH","NB",11354659864,13403586494,24758246358,-2048926630
20200306,"13:43:01","SZ","NB",17736546767,17660936684,35397483451,75610083
20200306,"13:44:01","SH","NB",11382768192,13441570473,24824338665,-2058802281
20200306,"13:44:01","SZ","NB",17771874556,17714565466,35486440022,57309090
20200306,"13:45:01","SH","NB",11424005484,13462022902,24886028386,-2038017418
20200306,"13:45:01","SZ","NB",17818517809,17743721349,35562239158,74796460
20200306,"13:46:01","SH","NB",11451684268,13492905208,24944589476,-2041220940
20200306,"13:46:01","SZ","NB",17862312858,17787118896,35649431754,75193962
20200306,"13:47:01","SH","NB",11482094654,13528017435,25010112089,-2045922781
20200306,"13:47:01","SZ","NB",17899960528,17835346648,35735307176,64613880
20200306,"13:48:01","SZ","NB",17935094330,17880385963,35815480293,54708367
20200306,"13:48:01","SH","NB",11509054194,13556875210,25065929404,-2047821016
20200306,"13:49:01","SH","NB",11533639962,13587212830,25120852792,-2053572868
20200306,"13:49:01","SZ","NB",17967167430,17909445669,35876613099,57721761
20200306,"13:50:01","SH","NB",11560408531,13615388697,25175797228,-2054980166
20200306,"13:50:01","SZ","NB",18015118810,17952620263,35967739073,62498547
20200306,"13:51:01","SH","NB",11662493272,13664189148,25326682420,-2001695876
20200306,"13:51:01","SZ","NB",18154867619,18012985248,36167852867,141882371
20200306,"13:52:01","SH","NB",11701227475,13711770018,25412997493,-2010542543
20200306,"13:52:01","SZ","NB",18215134911,18075817718,36290952629,139317193
20200306,"13:53:01","SZ","NB",18251796792,18173179649,36424976441,78617143
20200306,"13:53:01","SH","NB",11726060427,13805573335,25531633762,-2079512908
20200306,"13:54:01","SH","NB",11747822955,13836057009,25583879964,-2088234054
20200306,"13:54:01","SZ","NB",18293305243,18214636087,36507941330,78669156
20200306,"13:55:01","SH","NB",11769737007,13869770369,25639507376,-2100033362
20200306,"13:55:01","SZ","NB",18325488449,18260539095,36586027544,64949354
20200306,"13:56:01","SZ","NB",18354807783,18306710099,36661517882,48097684
20200306,"13:56:01","SH","NB",11792578930,13906594018,25699172948,-2114015088
20200306,"13:57:01","SH","NB",11821598500,13949951396,25771549896,-2128352896
20200306,"13:57:01","SZ","NB",18387902290,18353156186,36741058476,34746104
20200306,"13:58:01","SH","NB",11844093314,13984457356,25828550670,-2140364042
20200306,"13:58:01","SZ","NB",18419530662,18386785386,36806316048,32745276
20200306,"13:59:01","SZ","NB",18454422208,18433520654,36887942862,20901554
20200306,"13:59:01","SH","NB",11865411519,14022999518,25888411037,-2157587999
20200306,"14:00:01","SH","NB",11899425032,14055400993,25954826025,-2155975961
20200306,"14:00:01","SZ","NB",18499228212,18469557886,36968786098,29670326
20200306,"14:01:01","SH","NB",12059420906,14098125473,26157546379,-2038704567
20200306,"14:01:01","SZ","NB",18740108792,18529105012,37269213804,211003780
20200306,"14:02:01","SH","NB",12106473391,14150672660,26257146051,-2044199269
20200306,"14:02:01","SZ","NB",18812597656,18625380418,37437978074,187217238
20200306,"14:03:01","SH","NB",12146592370,14205050399,26351642769,-2058458029
20200306,"14:03:01","SZ","NB",18844411672,18719234556,37563646228,125177116
20200306,"14:04:01","SH","NB",12172761063,14242903564,26415664627,-2070142501
20200306,"14:04:01","SZ","NB",18874924204,18779918668,37654842872,95005536
20200306,"14:05:01","SH","NB",12195228733,14312364738,26507593471,-2117136005
20200306,"14:05:01","SZ","NB",18906607458,18876739394,37783346852,29868064
20200306,"14:06:01","SH","NB",12215602212,14386510520,26602112732,-2170908308
20200306,"14:06:01","SZ","NB",18936070197,18938718954,37874789151,-2648757
20200306,"14:07:01","SH","NB",12235052569,14427437864,26662490433,-2192385295
20200306,"14:07:01","SZ","NB",18970833614,18986227948,37957061562,-15394334
20200306,"14:08:01","SH","NB",12253255145,14459981543,26713236688,-2206726398
20200306,"14:08:01","SZ","NB",19001413297,19027362593,38028775890,-25949296
20200306,"14:09:01","SZ","NB",19035257781,19072447612,38107705393,-37189831
20200306,"14:09:01","SH","NB",12275719718,14489507870,26765227588,-2213788152
20200306,"14:10:01","SH","NB",12291965164,14520189729,26812154893,-2228224565
20200306,"14:10:01","SZ","NB",19061056755,19104780889,38165837644,-43724134
20200306,"14:11:01","SH","NB",12327461240,14710287259,27037748499,-2382826019
20200306,"14:11:01","SZ","NB",19115008012,19312274518,38427282530,-197266506
20200306,"14:12:01","SH","NB",12366062354,14755699667,27121762021,-2389637313
20200306,"14:12:01","SZ","NB",19176635034,19369027805,38545662839,-192392771
20200306,"14:13:01","SH","NB",12414746268,14789625104,27204371372,-2374878836
20200306,"14:13:01","SZ","NB",19241676579,19398662279,38640338858,-156985700
20200306,"14:14:01","SH","NB",12444487697,14818065028,27262552725,-2373577331
20200306,"14:14:01","SZ","NB",19292617718,19438635807,38731253525,-146018089
20200306,"14:15:01","SZ","NB",19331867219,19475987950,38807855169,-144120731
20200306,"14:15:01","SH","NB",12468555608,14846471978,27315027586,-2377916370
20200306,"14:16:01","SH","NB",12495723272,14875865780,27371589052,-2380142508
20200306,"14:16:01","SZ","NB",19379378060,19519571536,38898949596,-140193476
20200306,"14:17:01","SH","NB",12526719788,14904801913,27431521701,-2378082125
20200306,"14:17:01","SZ","NB",19422369969,19562397014,38984766983,-140027045
20200306,"14:18:01","SZ","NB",19456137673,19606142082,39062279755,-150004409
20200306,"14:18:01","SH","NB",12550014392,14941918614,27491933006,-2391904222
20200306,"14:19:01","SH","NB",12582819007,14973042093,27555861100,-2390223086
20200306,"14:19:01","SZ","NB",19490507719,19642365061,39132872780,-151857342
20200306,"14:20:01","SH","NB",12612878747,14998785803,27611664550,-2385907056
20200306,"14:20:01","SZ","NB",19531881629,19691810567,39223692196,-159928938
20200306,"14:21:01","SH","NB",12668393343,15110899556,27779292899,-2442506213
20200306,"14:21:01","SZ","NB",19590911724,19869979110,39460890834,-279067386
20200306,"14:22:01","SH","NB",12714767620,15179386794,27894154414,-2464619174
20200306,"14:22:01","SZ","NB",19648398493,19945669839,39594068332,-297271346
20200306,"14:23:01","SH","NB",12842460361,15239145274,28081605635,-2396684913
20200306,"14:23:01","SZ","NB",19811956993,20003507959,39815464952,-191550966
20200306,"14:24:01","SH","NB",12893811915,15279933126,28173745041,-2386121211
20200306,"14:24:01","SZ","NB",19891009943,20067933801,39958943744,-176923858
20200306,"14:25:01","SH","NB",12914627940,15312237382,28226865322,-2397609442
20200306,"14:25:01","SZ","NB",19920248306,20107464732,40027713038,-187216426
20200306,"14:26:01","SH","NB",12935750170,15338765788,28274515958,-2403015618
20200306,"14:26:01","SZ","NB",19957473124,20147342456,40104815580,-189869332
20200306,"14:27:01","SZ","NB",19992449069,20180682740,40173131809,-188233671
20200306,"14:27:01","SH","NB",12954147314,15365850447,28319997761,-2411703133
20200306,"14:28:01","SH","NB",12981100506,15400951868,28382052374,-2419851362
20200306,"14:28:01","SZ","NB",20029910342,20223225726,40253136068,-193315384
20200306,"14:29:01","SH","NB",13012724720,15433226917,28445951637,-2420502197
20200306,"14:29:01","SZ","NB",20066771613,20264539949,40331311562,-197768336
20200306,"14:30:01","SH","NB",13050217504,15466420029,28516637533,-2416202525
20200306,"14:30:01","SZ","NB",20140514816,20304101527,40444616343,-163586711
20200306,"14:31:01","SH","NB",13114921587,15506529233,28621450820,-2391607646
20200306,"14:31:01","SZ","NB",20255382514,20370077081,40625459595,-114694567
20200306,"14:32:01","SH","NB",13158377334,15550547024,28708924358,-2392169690
20200306,"14:32:01","SZ","NB",20322380304,20433781133,40756161437,-111400829
20200306,"14:33:01","SH","NB",13192885631,15670367852,28863253483,-2477482221
20200306,"14:33:01","SZ","NB",20378392154,20567420100,40945812254,-189027946
20200306,"14:34:01","SH","NB",13221131515,15704396682,28925528197,-2483265167
20200306,"14:34:01","SZ","NB",20418302763,20623060334,41041363097,-204757571
20200306,"14:35:01","SH","NB",13250239000,15734097657,28984336657,-2483858657
20200306,"14:35:01","SZ","NB",20466165580,20661892417,41128057997,-195726837
20200306,"14:36:01","SH","NB",13283398001,15779895855,29063293856,-2496497854
20200306,"14:36:01","SZ","NB",20503900341,20723933247,41227833588,-220032906
20200306,"14:37:01","SZ","NB",20539713619,20780308063,41320021682,-240594444
20200306,"14:37:01","SH","NB",13319904993,15820605630,29140510623,-2500700637
20200306,"14:38:01","SH","NB",13348296954,15872589850,29220886804,-2524292896
20200306,"14:38:01","SZ","NB",20572156272,20835683728,41407840000,-263527456
20200306,"14:39:01","SH","NB",13391763933,15941207524,29332971457,-2549443591
20200306,"14:39:01","SZ","NB",20618347918,20926580047,41544927965,-308232129
20200306,"14:40:01","SH","NB",13435867058,15991522638,29427389696,-2555655580
20200306,"14:40:01","SZ","NB",20676195623,21007852862,41684048485,-331657239
20200306,"14:41:01","SH","NB",13484200215,16087449050,29571649265,-2603248835
20200306,"14:41:01","SZ","NB",20751936713,21141201779,41893138492,-389265066
20200306,"14:42:01","SH","NB",13547939004,16153277255,29701216259,-2605338251
20200306,"14:42:01","SZ","NB",20863723848,21211869905,42075593753,-348146057
20200306,"14:43:01","SH","NB",13608922940,16209172455,29818095395,-2600249515
20200306,"14:43:01","SZ","NB",20942690893,21285636122,42228327015,-342945229
20200306,"14:44:01","SH","NB",13654747453,16275576307,29930323760,-2620828854
20200306,"14:44:01","SZ","NB",21014489473,21344099620,42358589093,-329610147
20200306,"14:45:01","SH","NB",13699766401,16327981289,30027747690,-2628214888
20200306,"14:45:01","SZ","NB",21078700146,21396295774,42474995920,-317595628
20200306,"14:46:01","SH","NB",13770117825,16376983126,30147100951,-2606865301
20200306,"14:46:01","SZ","NB",21183816394,21453426636,42637243030,-269610242
20200306,"14:47:01","SZ","NB",21273687004,21494334985,42768021989,-220647981
20200306,"14:47:01","SH","NB",13834113871,16421972927,30256086798,-2587859056
20200306,"14:48:01","SH","NB",13891746467,16469278388,30361024855,-2577531921
20200306,"14:48:01","SZ","NB",21350817527,21554905459,42905722986,-204087932
20200306,"14:49:01","SH","NB",13935466827,16507511908,30442978735,-2572045081
20200306,"14:49:01","SZ","NB",21414728453,21612632437,43027360890,-197903984
20200306,"14:50:01","SZ","NB",21469826972,21668888163,43138715135,-199061191
20200306,"14:50:01","SH","NB",13987130517,16561403558,30548534075,-2574273041
20200306,"14:51:01","SH","NB",14048397360,16637643107,30686040467,-2589245747
20200306,"14:51:01","SZ","NB",21569473834,21775375368,43344849202,-205901534
20200306,"14:52:01","SH","NB",14103705006,16693454336,30797159342,-2589749330
20200306,"14:52:01","SZ","NB",21638607418,21844349122,43482956540,-205741704
20200306,"14:53:01","SH","NB",14157356208,16777717933,30935074141,-2620361725
20200306,"14:53:01","SZ","NB",21708774717,21929223794,43637998511,-220449077
20200306,"14:54:01","SH","NB",14226491439,16860458664,31086950103,-2633967225
20200306,"14:54:01","SZ","NB",21803336207,22034759367,43838095574,-231423160
20200306,"14:55:01","SH","NB",14293385779,16934560918,31227946697,-2641175139
20200306,"14:55:01","SZ","NB",21883844004,22135326150,44019170154,-251482146
20200306,"14:56:01","SH","NB",14382704799,17018079713,31400784512,-2635374914
20200306,"14:56:01","SZ","NB",22006392703,22263609298,44270002001,-257216595
20200306,"14:57:01","SH","NB",14456935130,17086662045,31543597175,-2629726915
20200306,"14:57:01","SZ","NB",22087523140,22342460168,44429983308,-254937028
20200306,"14:58:01","SH","NB",14457191223,17086773661,31543964884,-2629582438
20200306,"14:58:01","SZ","NB",22087532316,22342460168,44429992484,-254927852
20200306,"15:00:01","SZ","NB",22120654309,22401983402,44522637711,-281329093
20200306,"15:01:01","SH","NB",14777543953,17452388225,32229932178,-2674844272
20200306,"15:01:01","SZ","NB",22402722109,22769980945,45172703054,-367258836
