dataDate,dataTime,connectMarket,tradeDirection,buyTurnover,sellTurnover,totalTurnover,netTurnover
20200401,"09:30:01","SH","NB",117328349,144156098,261484447,-26827749
20200401,"09:30:01","SZ","NB",216709407,128228088,344937495,88481319
20200401,"09:31:01","SH","NB",280271347,327412803,607684150,-47141456
20200401,"09:31:01","SZ","NB",556400540,509785368,1066185908,46615172
20200401,"09:32:01","SH","NB",513213436,481069269,994282705,32144167
20200401,"09:32:01","SZ","NB",904247808,835665302,1739913110,68582506
20200401,"09:33:01","SH","NB",642811094,608827936,1251639030,33983158
20200401,"09:33:01","SZ","NB",1158124171,1072591739,2230715910,85532432
20200401,"09:34:01","SH","NB",797772348,714170018,1511942366,83602330
20200401,"09:34:01","SZ","NB",1436323079,1309560303,2745883382,126762776
20200401,"09:35:01","SH","NB",998571961,810746502,1809318463,187825459
20200401,"09:35:01","SZ","NB",1748080670,1486141935,3234222605,261938735
20200401,"09:36:01","SZ","NB",1964818502,1756394494,3721212996,208424008
20200401,"09:36:01","SH","NB",1179381817,943953094,2123334911,235428723
20200401,"09:37:01","SH","NB",1409434067,1082044485,2491478552,327389582
20200401,"09:37:01","SZ","NB",2314232942,1956275985,4270508927,357956957
20200401,"09:38:01","SH","NB",1521336948,1231982231,2753319179,289354717
20200401,"09:38:01","SZ","NB",2519625237,2242718581,4762343818,276906656
20200401,"09:39:01","SH","NB",1615053635,1314812589,2929866224,300241046
20200401,"09:39:01","SZ","NB",2751814304,2399288458,5151102762,352525846
20200401,"09:40:01","SH","NB",1733017362,1414197677,3147215039,318819685
20200401,"09:40:01","SZ","NB",2989799105,2555240140,5545039245,434558965
20200401,"09:41:01","SH","NB",1857087732,1570194386,3427282118,286893346
20200401,"09:41:01","SZ","NB",3296802881,2830548901,6127351782,466253980
20200401,"09:42:01","SH","NB",1976027610,1654414086,3630441696,321613524
20200401,"09:42:01","SZ","NB",3634085825,2976256210,6610342035,657829615
20200401,"09:43:01","SH","NB",2069483049,1733703479,3803186528,335779570
20200401,"09:43:01","SZ","NB",3839677066,3162469958,7002147024,677207108
20200401,"09:44:01","SH","NB",2149232069,1796967752,3946199821,352264317
20200401,"09:44:01","SZ","NB",4062875928,3256057756,7318933684,806818172
20200401,"09:45:01","SH","NB",2228931669,1915568759,4144500428,313362910
20200401,"09:45:01","SZ","NB",4279052355,3441140840,7720193195,837911515
20200401,"09:46:01","SZ","NB",4539931116,3665849919,8205781035,874081197
20200401,"09:46:01","SH","NB",2329274786,2052503636,4381778422,276771150
20200401,"09:47:01","SH","NB",2450585306,2109245235,4559830541,341340071
20200401,"09:47:01","SZ","NB",4884510129,3757443396,8641953525,1127066733
20200401,"09:48:01","SH","NB",2510224045,2211792661,4722016706,298431384
20200401,"09:48:01","SZ","NB",5035891434,3888315955,8924207389,1147575479
20200401,"09:49:01","SH","NB",2591825070,2261103416,4852928486,330721654
20200401,"09:49:01","SZ","NB",5233688788,3966233130,9199921918,1267455658
20200401,"09:50:01","SH","NB",2676098468,2309131027,4985229495,366967441
20200401,"09:50:01","SZ","NB",5372033155,4058162715,9430195870,1313870440
20200401,"09:51:01","SH","NB",2779838635,2461054426,5240893061,318784209
20200401,"09:51:01","SZ","NB",5578088655,4361432774,9939521429,1216655881
20200401,"09:52:01","SH","NB",2844641510,2519577975,5364219485,325063535
20200401,"09:52:01","SZ","NB",5759909506,4446016269,10205925775,1313893237
20200401,"09:53:01","SH","NB",2982097530,2582068869,5564166399,400028661
20200401,"09:53:01","SZ","NB",6059163627,4543942992,10603106619,1515220635
20200401,"09:54:01","SH","NB",3051454683,2662633173,5714087856,388821510
20200401,"09:54:01","SZ","NB",6189667353,4694449317,10884116670,1495218036
20200401,"09:55:01","SH","NB",3120001776,2711867388,5831869164,408134388
20200401,"09:55:01","SZ","NB",6274741709,4773028602,11047770311,1501713107
20200401,"09:56:01","SZ","NB",6428796960,4956031606,11384828566,1472765354
20200401,"09:56:01","SH","NB",3211706864,2830062332,6041769196,381644532
20200401,"09:57:01","SH","NB",3337845326,2879089319,6216934645,458756007
20200401,"09:57:01","SZ","NB",6704357071,5045884841,11750241912,1658472230
20200401,"09:58:01","SH","NB",3424172748,2937192822,6361365570,486979926
20200401,"09:58:01","SZ","NB",6860626553,5131963933,11992590486,1728662620
20200401,"09:59:01","SH","NB",3482877138,3026807933,6509685071,456069205
20200401,"09:59:01","SZ","NB",6985073906,5236310369,12221384275,1748763537
20200401,"10:00:01","SH","NB",3530613624,3102386937,6633000561,428226687
20200401,"10:00:01","SZ","NB",7097135734,5304144366,12401280100,1792991368
20200401,"10:01:01","SZ","NB",7375234690,5393550254,12768784944,1981684436
20200401,"10:01:01","SH","NB",3659450652,3155930417,6815381069,503520235
20200401,"10:02:01","SH","NB",3734772545,3265896207,7000668752,468876338
20200401,"10:02:01","SZ","NB",7482683748,5628055417,13110739165,1854628331
20200401,"10:03:01","SH","NB",3786868667,3330772394,7117641061,456096273
20200401,"10:03:01","SZ","NB",7571269041,5752888770,13324157811,1818380271
20200401,"10:04:01","SH","NB",3833201388,3402826553,7236027941,430374835
20200401,"10:04:01","SZ","NB",7661241996,5865592708,13526834704,1795649288
20200401,"10:05:01","SH","NB",3896482368,3468526556,7365008924,427955812
20200401,"10:05:01","SZ","NB",7762273793,5935657117,13697930910,1826616676
20200401,"10:06:01","SH","NB",4005608826,3505301229,7510910055,500307597
20200401,"10:06:01","SZ","NB",7927782598,5989609829,13917392427,1938172769
20200401,"10:07:01","SZ","NB",7999001642,6158940297,14157941939,1840061345
20200401,"10:07:01","SH","NB",4047276419,3602036176,7649312595,445240243
20200401,"10:08:01","SH","NB",4083008003,3647041550,7730049553,435966453
20200401,"10:08:01","SZ","NB",8073194850,6234055941,14307250791,1839138909
20200401,"10:09:01","SH","NB",4168805668,3685042777,7853848445,483762891
20200401,"10:09:01","SZ","NB",8234573868,6290822464,14525396332,1943751404
20200401,"10:10:01","SH","NB",4212692962,3709025730,7921718692,503667232
20200401,"10:10:01","SZ","NB",8347756641,6339428256,14687184897,2008328385
20200401,"10:11:01","SH","NB",4274410565,3802913186,8077323751,471497379
20200401,"10:11:01","SZ","NB",8447721055,6483381007,14931102062,1964340048
20200401,"10:12:01","SH","NB",4333337329,3859071984,8192409313,474265345
20200401,"10:12:01","SZ","NB",8532909702,6539629148,15072538850,1993280554
20200401,"10:13:01","SH","NB",4385825310,3900521718,8286347028,485303592
20200401,"10:13:01","SZ","NB",8607392650,6599168964,15206561614,2008223686
20200401,"10:14:01","SH","NB",4428487755,4000164119,8428651874,428323636
20200401,"10:14:01","SZ","NB",8659533368,6717483960,15377017328,1942049408
20200401,"10:15:01","SZ","NB",8731327233,6788622058,15519949291,1942705175
20200401,"10:15:01","SH","NB",4469170528,4059553047,8528723575,409617481
20200401,"10:16:01","SH","NB",4580161404,4095579722,8675741126,484581682
20200401,"10:16:01","SZ","NB",8888158820,6837053424,15725212244,2051105396
20200401,"10:17:01","SH","NB",4615319343,4141266169,8756585512,474053174
20200401,"10:17:01","SZ","NB",8951315427,6902640925,15853956352,2048674502
20200401,"10:18:01","SH","NB",4647455161,4188359764,8835814925,459095397
20200401,"10:18:01","SZ","NB",9001760523,6957847355,15959607878,2043913168
20200401,"10:19:01","SH","NB",4676819251,4241616110,8918435361,435203141
20200401,"10:19:01","SZ","NB",9039420599,7037190083,16076610682,2002230516
20200401,"10:20:01","SH","NB",4712916847,4292505885,9005422732,420410962
20200401,"10:20:01","SZ","NB",9089114736,7103646090,16192760826,1985468646
20200401,"10:21:01","SH","NB",4782104850,4385084021,9167188871,397020829
20200401,"10:21:01","SZ","NB",9182348490,7230434494,16412782984,1951913996
20200401,"10:22:01","SH","NB",4834121632,4415110449,9249232081,419011183
20200401,"10:22:01","SZ","NB",9292691669,7267812626,16560504295,2024879043
20200401,"10:23:01","SH","NB",4869432931,4444945215,9314378146,424487716
20200401,"10:23:01","SZ","NB",9353794401,7311976044,16665770445,2041818357
20200401,"10:24:01","SH","NB",4915519905,4479146117,9394666022,436373788
20200401,"10:24:01","SZ","NB",9399349465,7356758124,16756107589,2042591341
20200401,"10:25:01","SZ","NB",9454286246,7404987701,16859273947,2049298545
20200401,"10:25:01","SH","NB",4952759779,4521884043,9474643822,430875736
20200401,"10:26:01","SH","NB",5005956838,4545074704,9551031542,460882134
20200401,"10:26:01","SZ","NB",9520687742,7440203387,16960891129,2080484355
20200401,"10:27:01","SH","NB",5054539699,4571631293,9626170992,482908406
20200401,"10:27:01","SZ","NB",9577591160,7468218955,17045810115,2109372205
20200401,"10:28:01","SH","NB",5083457961,4600062887,9683520848,483395074
20200401,"10:28:01","SZ","NB",9618117171,7515963441,17134080612,2102153730
20200401,"10:29:01","SZ","NB",9663534153,7564076612,17227610765,2099457541
20200401,"10:29:01","SH","NB",5108529784,4630689100,9739218884,477840684
20200401,"10:30:01","SH","NB",5151176562,4652254916,9803431478,498921646
20200401,"10:30:01","SZ","NB",9714966225,7597924073,17312890298,2117042152
20200401,"10:31:01","SH","NB",5223273741,4684693155,9907966896,538580586
20200401,"10:31:01","SZ","NB",9846591143,7654704677,17501295820,2191886466
20200401,"10:32:01","SH","NB",5279890424,4716784263,9996674687,563106161
20200401,"10:32:01","SZ","NB",9920846595,7709358735,17630205330,2211487860
20200401,"10:33:01","SH","NB",5313767233,4774343690,10088110923,539423543
20200401,"10:33:01","SZ","NB",9957068848,7817256781,17774325629,2139812067
20200401,"10:34:01","SH","NB",5340750984,4825784955,10166535939,514966029
20200401,"10:34:01","SZ","NB",9992997988,7873109095,17866107083,2119888893
20200401,"10:35:01","SH","NB",5366932038,4856463986,10223396024,510468052
20200401,"10:35:01","SZ","NB",10026384759,7918558084,17944942843,2107826675
20200401,"10:36:01","SH","NB",5399410236,4901427493,10300837729,497982743
20200401,"10:36:01","SZ","NB",10061695156,7986585986,18048281142,2075109170
20200401,"10:37:01","SZ","NB",10104784796,8022867115,18127651911,2081917681
20200401,"10:37:01","SH","NB",5428858812,4930732327,10359591139,498126485
20200401,"10:38:01","SH","NB",5470218902,4961643000,10431861902,508575902
20200401,"10:38:01","SZ","NB",10138536709,8062492217,18201028926,2076044492
20200401,"10:39:01","SH","NB",5513652829,4981614977,10495267806,532037852
20200401,"10:39:01","SZ","NB",10177116253,8086044046,18263160299,2091072207
20200401,"10:40:01","SH","NB",5562028910,5003764495,10565793405,558264415
20200401,"10:40:01","SZ","NB",10248494294,8109066453,18357560747,2139427841
20200401,"10:41:01","SH","NB",5630572311,5035002573,10665574884,595569738
20200401,"10:41:01","SZ","NB",10348617350,8150885270,18499502620,2197732080
20200401,"10:42:01","SZ","NB",10422580583,8194160695,18616741278,2228419888
20200401,"10:42:01","SH","NB",5659703050,5061001547,10720704597,598701503
20200401,"10:43:01","SH","NB",5722957925,5085660192,10808618117,637297733
20200401,"10:43:01","SZ","NB",10478876347,8228044513,18706920860,2250831834
20200401,"10:44:01","SH","NB",5932305481,5135605349,11067910830,796700132
20200401,"10:44:01","SZ","NB",10714761164,8266245808,18981006972,2448515356
20200401,"10:45:01","SH","NB",6009088988,5204330662,11213419650,804758326
20200401,"10:45:01","SZ","NB",10790822083,8385307764,19176129847,2405514319
20200401,"10:46:01","SH","NB",6067202637,5241730317,11308932954,825472320
20200401,"10:46:01","SZ","NB",10829960074,8429249638,19259209712,2400710436
20200401,"10:47:01","SH","NB",6095518625,5285802362,11381320987,809716263
20200401,"10:47:01","SZ","NB",10862360454,8483751455,19346111909,2378608999
20200401,"10:48:01","SH","NB",6124250584,5317291220,11441541804,806959364
20200401,"10:48:01","SZ","NB",10897353923,8521128619,19418482542,2376225304
20200401,"10:49:01","SZ","NB",11005740390,8549304526,19555044916,2456435864
20200401,"10:49:01","SH","NB",6239634697,5339159018,11578793715,900475679
20200401,"10:50:01","SH","NB",6307394749,5376924200,11684318949,930470549
20200401,"10:50:01","SZ","NB",11068068096,8599634420,19667702516,2468433676
20200401,"10:51:01","SH","NB",6368088721,5452091145,11820179866,915997576
20200401,"10:51:01","SZ","NB",11133669602,8701236356,19834905958,2432433246
20200401,"10:52:01","SH","NB",6451307207,5475235779,11926542986,976071428
20200401,"10:52:01","SZ","NB",11194191516,8732996723,19927188239,2461194793
20200401,"10:53:01","SH","NB",6544682626,5500154995,12044837621,1044527631
20200401,"10:53:01","SZ","NB",11283768963,8764363435,20048132398,2519405528
20200401,"10:54:01","SH","NB",6587712573,5531852523,12119565096,1055860050
20200401,"10:54:01","SZ","NB",11341222399,8810481020,20151703419,2530741379
20200401,"10:55:01","SH","NB",6622090839,5586107948,12208198787,1035982891
20200401,"10:55:01","SZ","NB",11390554482,8864329096,20254883578,2526225386
20200401,"10:56:01","SH","NB",6653644050,5628678197,12282322247,1024965853
20200401,"10:56:01","SZ","NB",11423534283,8929104134,20352638417,2494430149
20200401,"10:57:01","SH","NB",6818308934,5681611391,12499920325,1136697543
20200401,"10:57:01","SZ","NB",11682524306,9014923990,20697448296,2667600316
20200401,"10:58:01","SH","NB",6874344330,5720453130,12594797460,1153891200
20200401,"10:58:01","SZ","NB",11792913325,9085042744,20877956069,2707870581
20200401,"10:59:01","SZ","NB",11897446908,9144313609,21041760517,2753133299
20200401,"10:59:01","SH","NB",6945661643,5755900374,12701562017,1189761269
20200401,"11:00:01","SH","NB",6994111003,5785794711,12779905714,1208316292
20200401,"11:00:01","SZ","NB",11969532723,9180466913,21149999636,2789065810
20200401,"11:01:01","SH","NB",7047365853,5898629871,12945995724,1148735982
20200401,"11:01:01","SZ","NB",12057859018,9326162976,21384021994,2731696042
20200401,"11:02:01","SH","NB",7094535978,5938209153,13032745131,1156326825
20200401,"11:02:01","SZ","NB",12120224138,9389215266,21509439404,2731008872
20200401,"11:03:01","SH","NB",7131013459,5985994628,13117008087,1145018831
20200401,"11:03:01","SZ","NB",12167297422,9436052000,21603349422,2731245422
20200401,"11:04:01","SZ","NB",12229246879,9479129555,21708376434,2750117324
20200401,"11:04:01","SH","NB",7167280643,6011914037,13179194680,1155366606
20200401,"11:05:01","SH","NB",7201122498,6034951221,13236073719,1166171277
20200401,"11:05:01","SZ","NB",12281132365,9519601306,21800733671,2761531059
20200401,"11:06:01","SH","NB",7227797731,6059580633,13287378364,1168217098
20200401,"11:06:01","SZ","NB",12339111986,9552374782,21891486768,2786737204
20200401,"11:07:01","SH","NB",7257004040,6083857623,13340861663,1173146417
20200401,"11:07:01","SZ","NB",12386945082,9587568819,21974513901,2799376263
20200401,"11:08:01","SH","NB",7303744348,6102802851,13406547199,1200941497
20200401,"11:08:01","SZ","NB",12463406721,9614352571,22077759292,2849054150
20200401,"11:09:01","SH","NB",7339769389,6139243376,13479012765,1200526013
20200401,"11:09:01","SZ","NB",12530257204,9674342122,22204599326,2855915082
20200401,"11:10:03","SH","NB",7372265675,6168334183,13540599858,1203931492
20200401,"11:10:03","SZ","NB",12569974634,9718652033,22288626667,2851322601
20200401,"11:11:01","SZ","NB",12722273151,9762983908,22485257059,2959289243
20200401,"11:11:01","SH","NB",7433012795,6193660051,13626672846,1239352744
20200401,"11:12:01","SH","NB",7460266222,6219786404,13680052626,1240479818
20200401,"11:12:01","SZ","NB",12778962965,9809981727,22588944692,2968981238
20200401,"11:13:01","SH","NB",7489946837,6244162779,13734109616,1245784058
20200401,"11:13:01","SZ","NB",12832536544,9846644909,22679181453,2985891635
20200401,"11:14:01","SH","NB",7540404301,6269987081,13810391382,1270417220
20200401,"11:14:01","SZ","NB",12920814879,9880351960,22801166839,3040462919
20200401,"11:15:01","SZ","NB",12971153442,9916284496,22887437938,3054868946
20200401,"11:15:01","SH","NB",7575919393,6292062300,13867981693,1283857093
20200401,"11:16:01","SH","NB",7632242216,6314289566,13946531782,1317952650
20200401,"11:16:01","SZ","NB",13066040953,9952424892,23018465845,3113616061
20200401,"11:17:01","SH","NB",7691776159,6344314874,14036091033,1347461285
20200401,"11:17:01","SZ","NB",13200697024,9994109549,23194806573,3206587475
20200401,"11:18:01","SH","NB",7720533638,6374009809,14094543447,1346523829
20200401,"11:18:01","SZ","NB",13237524472,10042948980,23280473452,3194575492
20200401,"11:19:01","SH","NB",7746603840,6404697372,14151301212,1341906468
20200401,"11:19:01","SZ","NB",13288905944,10074367809,23363273753,3214538135
20200401,"11:20:01","SH","NB",7771086453,6433964516,14205050969,1337121937
20200401,"11:20:01","SZ","NB",13326508562,10120619926,23447128488,3205888636
20200401,"11:21:01","SH","NB",7797450981,6489427246,14286878227,1308023735
20200401,"11:21:01","SZ","NB",13377244347,10191420575,23568664922,3185823772
20200401,"11:22:01","SH","NB",7817453388,6519598353,14337051741,1297855035
20200401,"11:22:01","SZ","NB",13420086607,10236940311,23657026918,3183146296
20200401,"11:23:01","SZ","NB",13458970801,10280772340,23739743141,3178198461
20200401,"11:23:01","SH","NB",7846332954,6544827270,14391160224,1301505684
20200401,"11:24:01","SH","NB",7931933745,6832232060,14764165805,1099701685
20200401,"11:24:01","SZ","NB",13552552034,10522456086,24075008120,3030095948
20200401,"11:25:01","SH","NB",7970598471,6870459126,14841057597,1100139345
20200401,"11:25:01","SZ","NB",13619577878,10561942982,24181520860,3057634896
20200401,"11:26:01","SH","NB",7998930212,6894137914,14893068126,1104792298
20200401,"11:26:01","SZ","NB",13657065885,10585620902,24242686787,3071444983
20200401,"11:27:01","SH","NB",8019813145,6914959998,14934773143,1104853147
20200401,"11:27:01","SZ","NB",13690578724,10609770729,24300349453,3080807995
20200401,"11:28:01","SH","NB",8042543187,6940111193,14982654380,1102431994
20200401,"11:28:01","SZ","NB",13724733749,10637942669,24362676418,3086791080
20200401,"11:29:01","SZ","NB",13755183069,10673944938,24429128007,3081238131
20200401,"11:29:01","SH","NB",8069291925,6976063276,15045355201,1093228649
20200401,"11:30:01","SH","NB",8090462062,6996629864,15087091926,1093832198
20200401,"11:30:01","SZ","NB",13794971292,10692191556,24487162848,3102779736
20200401,"11:31:01","SH","NB",8090468047,6996629864,15087097911,1093838183
20200401,"13:00:01","SZ","NB",13804387823,10698294246,24502682069,3106093577
20200401,"13:01:01","SZ","NB",13929001602,10833814836,24762816438,3095186766
20200401,"13:01:01","SH","NB",8166077097,7101584851,15267661948,1064492246
20200401,"13:02:01","SH","NB",8268126808,7142287537,15410414345,1125839271
20200401,"13:02:01","SZ","NB",14047014856,10882122105,24929136961,3164892751
20200401,"13:03:01","SH","NB",8298809828,7181067108,15479876936,1117742720
20200401,"13:03:01","SZ","NB",14091068067,10937340596,25028408663,3153727471
20200401,"13:04:01","SZ","NB",14139463083,10962943702,25102406785,3176519381
20200401,"13:04:01","SH","NB",8337516879,7203203286,15540720165,1134313593
20200401,"13:05:01","SH","NB",8365730870,7218955754,15584686624,1146775116
20200401,"13:05:01","SZ","NB",14180528504,10988388540,25168917044,3192139964
20200401,"13:06:01","SH","NB",8401001308,7242833952,15643835260,1158167356
20200401,"13:06:01","SZ","NB",14232934234,11020109621,25253043855,3212824613
20200401,"13:07:01","SH","NB",8430415100,7295759432,15726174532,1134655668
20200401,"13:07:01","SZ","NB",14275438413,11092698175,25368136588,3182740238
20200401,"13:08:01","SH","NB",8458227568,7316898384,15775125952,1141329184
20200401,"13:08:01","SZ","NB",14324324432,11129933302,25454257734,3194391130
20200401,"13:09:01","SH","NB",8483135957,7338887452,15822023409,1144248505
20200401,"13:09:01","SZ","NB",14362157613,11170924741,25533082354,3191232872
20200401,"13:10:01","SH","NB",8511490590,7372636668,15884127258,1138853922
20200401,"13:10:01","SZ","NB",14408211522,11215341666,25623553188,3192869856
20200401,"13:11:01","SH","NB",8553400645,7431750034,15985150679,1121650611
20200401,"13:11:01","SZ","NB",14467673068,11317407517,25785080585,3150265551
20200401,"13:12:01","SZ","NB",14549209877,11354758769,25903968646,3194451108
20200401,"13:12:01","SH","NB",8599437709,7457039276,16056476985,1142398433
20200401,"13:13:01","SH","NB",8633327224,7484541806,16117869030,1148785418
20200401,"13:13:01","SZ","NB",14603621970,11406205061,26009827031,3197416909
20200401,"13:14:01","SH","NB",8657833570,7502782223,16160615793,1155051347
20200401,"13:14:01","SZ","NB",14650565668,11441128630,26091694298,3209437038
20200401,"13:15:01","SH","NB",8682002457,7522317697,16204320154,1159684760
20200401,"13:15:01","SZ","NB",14698616603,11476267254,26174883857,3222349349
20200401,"13:16:01","SH","NB",8713949429,7557814371,16271763800,1156135058
20200401,"13:16:01","SZ","NB",14754176622,11514462684,26268639306,3239713938
20200401,"13:17:01","SH","NB",8735900928,7580134811,16316035739,1155766117
20200401,"13:17:01","SZ","NB",14797769953,11543347579,26341117532,3254422374
20200401,"13:18:01","SZ","NB",14833196853,11574235075,26407431928,3258961778
20200401,"13:18:01","SH","NB",8764026578,7605522145,16369548723,1158504433
20200401,"13:19:01","SH","NB",8788244705,7630007866,16418252571,1158236839
20200401,"13:19:01","SZ","NB",14869703961,11604507146,26474211107,3265196815
20200401,"13:20:01","SZ","NB",14935225392,11630954968,26566180360,3304270424
20200401,"13:20:01","SH","NB",8840232651,7647866528,16488099179,1192366123
20200401,"13:21:01","SH","NB",8877861445,7670884983,16548746428,1206976462
20200401,"13:21:01","SZ","NB",15010363712,11687780559,26698144271,3322583153
20200401,"13:22:01","SH","NB",8899161080,7703429277,16602590357,1195731803
20200401,"13:22:01","SZ","NB",15052729732,11737895748,26790625480,3314833984
20200401,"13:23:01","SH","NB",8927182913,7738120970,16665303883,1189061943
20200401,"13:23:01","SZ","NB",15085490068,11773355470,26858845538,3312134598
20200401,"13:24:01","SH","NB",8957571278,7777931800,16735503078,1179639478
20200401,"13:24:01","SZ","NB",15114207075,11815885170,26930092245,3298321905
20200401,"13:25:01","SH","NB",8984304978,7830638098,16814943076,1153666880
20200401,"13:25:01","SZ","NB",15148185690,11907219114,27055404804,3240966576
20200401,"13:26:01","SH","NB",9006031519,7856304253,16862335772,1149727266
20200401,"13:26:01","SZ","NB",15179136193,11949400337,27128536530,3229735856
20200401,"13:27:01","SH","NB",9033885169,7877549491,16911434660,1156335678
20200401,"13:27:01","SZ","NB",15210992802,11977593029,27188585831,3233399773
20200401,"13:28:01","SH","NB",9058181684,7894894151,16953075835,1163287533
20200401,"13:28:01","SZ","NB",15241733197,11996879372,27238612569,3244853825
20200401,"13:29:01","SZ","NB",15274574703,12039113189,27313687892,3235461514
20200401,"13:29:01","SH","NB",9076909158,7941960206,17018869364,1134948952
20200401,"13:30:01","SH","NB",9101390258,7996703356,17098093614,1104686902
20200401,"13:30:01","SZ","NB",15301235904,12083130264,27384366168,3218105640
20200401,"13:31:01","SH","NB",9133565720,8085796224,17219361944,1047769496
20200401,"13:31:01","SZ","NB",15350377107,12198549026,27548926133,3151828081
20200401,"13:32:01","SH","NB",9168069640,8122790117,17290859757,1045279523
20200401,"13:32:01","SZ","NB",15426176129,12245480840,27671656969,3180695289
20200401,"13:33:01","SH","NB",9211219002,8151159806,17362378808,1060059196
20200401,"13:33:01","SZ","NB",15504427114,12282917287,27787344401,3221509827
20200401,"13:34:01","SH","NB",9237972417,8184451846,17422424263,1053520571
20200401,"13:34:01","SZ","NB",15561976891,12329727824,27891704715,3232249067
20200401,"13:35:01","SH","NB",9260337971,8239678980,17500016951,1020658991
20200401,"13:35:01","SZ","NB",15602800809,12388795438,27991596247,3214005371
20200401,"13:36:01","SH","NB",9289749893,8282921659,17572671552,1006828234
20200401,"13:36:01","SZ","NB",15672694869,12432893486,28105588355,3239801383
20200401,"13:37:01","SH","NB",9332242820,8306359239,17638602059,1025883581
20200401,"13:37:01","SZ","NB",15765020554,12473236946,28238257500,3291783608
20200401,"13:38:01","SH","NB",9366050719,8331819392,17697870111,1034231327
20200401,"13:38:01","SZ","NB",15821991402,12510173926,28332165328,3311817476
20200401,"13:39:01","SZ","NB",15856492731,12550989288,28407482019,3305503443
20200401,"13:39:01","SH","NB",9387786238,8361536477,17749322715,1026249761
20200401,"13:40:01","SH","NB",9416601300,8476561607,17893162907,940039693
20200401,"13:40:01","SZ","NB",15899549830,12653656737,28553206567,3245893093
20200401,"13:41:01","SH","NB",9459508027,8663815282,18123323309,795692745
20200401,"13:41:01","SZ","NB",15992382413,12803343425,28795725838,3189038988
20200401,"13:42:01","SH","NB",9520305338,8698858042,18219163380,821447296
20200401,"13:42:01","SZ","NB",16107941149,12844090841,28952031990,3263850308
20200401,"13:43:01","SH","NB",9561146976,8721582976,18282729952,839564000
20200401,"13:43:01","SZ","NB",16185174985,12886513645,29071688630,3298661340
20200401,"13:44:01","SZ","NB",16230760406,12919873796,29150634202,3310886610
20200401,"13:44:01","SH","NB",9596869118,8752174509,18349043627,844694609
20200401,"13:45:01","SH","NB",9627229307,8775695151,18402924458,851534156
20200401,"13:45:01","SZ","NB",16301206316,12945998553,29247204869,3355207763
20200401,"13:46:01","SH","NB",9661193111,8808375597,18469568708,852817514
20200401,"13:46:01","SZ","NB",16351403651,12989439869,29340843520,3361963782
20200401,"13:47:01","SH","NB",9687020072,8834050766,18521070838,852969306
20200401,"13:47:01","SZ","NB",16392199024,13026711057,29418910081,3365487967
20200401,"13:48:01","SH","NB",9713430726,8869863651,18583294377,843567075
20200401,"13:48:01","SZ","NB",16423822694,13069153073,29492975767,3354669621
20200401,"13:49:01","SH","NB",9747153732,8906755788,18653909520,840397944
20200401,"13:49:01","SZ","NB",16464035825,13120071878,29584107703,3343963947
20200401,"13:50:01","SH","NB",9770956340,8946706302,18717662642,824250038
20200401,"13:50:01","SZ","NB",16506438939,13170860301,29677299240,3335578638
20200401,"13:51:01","SZ","NB",16571570270,13268928705,29840498975,3302641565
20200401,"13:51:01","SH","NB",9805820153,9007426783,18813246936,798393370
20200401,"13:52:01","SH","NB",9847106425,9052404863,18899511288,794701562
20200401,"13:52:01","SZ","NB",16660442195,13331741134,29992183329,3328701061
20200401,"13:53:01","SH","NB",9924385830,9089255306,19013641136,835130524
20200401,"13:53:01","SZ","NB",16803561555,13375206764,30178768319,3428354791
20200401,"13:54:01","SH","NB",9954206932,9115984190,19070191122,838222742
20200401,"13:54:01","SZ","NB",16851497032,13407186570,30258683602,3444310462
20200401,"13:55:01","SH","NB",9982576489,9140803714,19123380203,841772775
20200401,"13:55:01","SZ","NB",16888858649,13434296968,30323155617,3454561681
20200401,"13:56:01","SH","NB",10011207686,9161646591,19172854277,849561095
20200401,"13:56:01","SZ","NB",16930659316,13464098421,30394757737,3466560895
20200401,"13:57:01","SH","NB",10041900043,9187841393,19229741436,854058650
20200401,"13:57:01","SZ","NB",16963541920,13518826807,30482368727,3444715113
20200401,"13:58:01","SH","NB",10068632062,9227644186,19296276248,840987876
20200401,"13:58:01","SZ","NB",17012661321,13569418742,30582080063,3443242579
20200401,"13:59:01","SZ","NB",17105908583,13612189455,30718098038,3493719128
20200401,"13:59:01","SH","NB",10137922317,9264413347,19402335664,873508970
20200401,"14:00:01","SH","NB",10174528252,9288327456,19462855708,886200796
20200401,"14:00:01","SZ","NB",17158183368,13646885843,30805069211,3511297525
20200401,"14:01:01","SH","NB",10207980844,9344590634,19552571478,863390210
20200401,"14:01:01","SZ","NB",17211855258,13725782357,30937637615,3486072901
20200401,"14:02:01","SH","NB",10238025493,9373579030,19611604523,864446463
20200401,"14:02:01","SZ","NB",17262934746,13760194007,31023128753,3502740739
20200401,"14:03:01","SH","NB",10271936792,9397725344,19669662136,874211448
20200401,"14:03:01","SZ","NB",17322452024,13791500628,31113952652,3530951396
20200401,"14:04:01","SH","NB",10306413659,9427738979,19734152638,878674680
20200401,"14:04:01","SZ","NB",17391128825,13821904544,31213033369,3569224281
20200401,"14:05:01","SH","NB",10357931312,9456607333,19814538645,901323979
20200401,"14:05:01","SZ","NB",17454519903,13859184526,31313704429,3595335377
20200401,"14:06:01","SH","NB",10390344284,9530994521,19921338805,859349763
20200401,"14:06:01","SZ","NB",17505285319,13934237571,31439522890,3571047748
20200401,"14:07:01","SZ","NB",17539490903,13995995813,31535486716,3543495090
20200401,"14:07:01","SH","NB",10415712273,9613337191,20029049464,802375082
20200401,"14:08:01","SH","NB",10449280319,9669043347,20118323666,780236972
20200401,"14:08:01","SZ","NB",17573459601,14048925514,31622385115,3524534087
20200401,"14:09:01","SH","NB",10499707578,9714711608,20214419186,784995970
20200401,"14:09:01","SZ","NB",17621895617,14095730663,31717626280,3526164954
20200401,"14:10:01","SH","NB",10543791975,9762886394,20306678369,780905581
20200401,"14:10:01","SZ","NB",17684996932,14155668119,31840665051,3529328813
20200401,"14:11:01","SH","NB",10601922003,9808464823,20410386826,793457180
20200401,"14:11:01","SZ","NB",17770807878,14209144893,31979952771,3561662985
20200401,"14:12:01","SH","NB",10642208550,9845246709,20487455259,796961841
20200401,"14:12:01","SZ","NB",17814552240,14242605658,32057157898,3571946582
20200401,"14:13:01","SZ","NB",17857166293,14287683846,32144850139,3569482447
20200401,"14:13:01","SH","NB",10674457804,9916988600,20591446404,757469204
20200401,"14:14:01","SH","NB",10702352114,9972428911,20674781025,729923203
20200401,"14:14:01","SZ","NB",17890214558,14332533179,32222747737,3557681379
20200401,"14:15:01","SH","NB",10730418916,10037259191,20767678107,693159725
20200401,"14:15:01","SZ","NB",17927687103,14381505398,32309192501,3546181705
20200401,"14:16:01","SH","NB",10798316272,10089972380,20888288652,708343892
20200401,"14:16:01","SZ","NB",18020770742,14427778904,32448549646,3592991838
20200401,"14:17:01","SZ","NB",18066735984,14459979847,32526715831,3606756137
20200401,"14:17:01","SH","NB",10832055462,10121635395,20953690857,710420067
20200401,"14:18:01","SH","NB",10858179127,10158701101,21016880228,699478026
20200401,"14:18:01","SZ","NB",18108430301,14508648561,32617078862,3599781740
20200401,"14:19:01","SH","NB",10888026018,10201363928,21089389946,686662090
20200401,"14:19:01","SZ","NB",18138454964,14547862210,32686317174,3590592754
20200401,"14:20:01","SZ","NB",18174011644,14588460901,32762472545,3585550743
20200401,"14:20:01","SH","NB",10919466336,10240887161,21160353497,678579175
20200401,"14:21:01","SH","NB",10962200625,10299955599,21262156224,662245026
20200401,"14:21:01","SZ","NB",18233255905,14671729705,32904985610,3561526200
20200401,"14:22:01","SH","NB",11015690172,10341166377,21356856549,674523795
20200401,"14:22:01","SZ","NB",18291609531,14717539354,33009148885,3574070177
20200401,"14:23:01","SH","NB",11086342256,10376190319,21462532575,710151937
20200401,"14:23:01","SZ","NB",18393726520,14766788248,33160514768,3626938272
20200401,"14:24:01","SH","NB",11112043891,10407355443,21519399334,704688448
20200401,"14:24:01","SZ","NB",18422221550,14800920500,33223142050,3621301050
20200401,"14:25:01","SH","NB",11140676210,10443069019,21583745229,697607191
20200401,"14:25:01","SZ","NB",18458230064,14840431178,33298661242,3617798886
20200401,"14:26:01","SH","NB",11177933659,10465214938,21643148597,712718721
20200401,"14:26:01","SZ","NB",18500560806,14865007559,33365568365,3635553247
20200401,"14:27:01","SH","NB",11226721113,10492596491,21719317604,734124622
20200401,"14:27:01","SZ","NB",18578111371,14892910374,33471021745,3685200997
20200401,"14:28:01","SH","NB",11259164517,10525785154,21784949671,733379363
20200401,"14:28:01","SZ","NB",18632217019,14940502596,33572719615,3691714423
20200401,"14:29:01","SH","NB",11295094303,10596075744,21891170047,699018559
20200401,"14:29:01","SZ","NB",18671587396,15010619374,33682206770,3660968022
20200401,"14:30:01","SZ","NB",18697537364,15043457962,33740995326,3654079402
20200401,"14:30:01","SH","NB",11316054990,10622426790,21938481780,693628200
20200401,"14:31:01","SH","NB",11357482107,10730114971,22087597078,627367136
20200401,"14:31:01","SZ","NB",18745455332,15148732394,33894187726,3596722938
20200401,"14:32:01","SH","NB",11394907183,10767333583,22162240766,627573600
20200401,"14:32:01","SZ","NB",18791270692,15188512832,33979783524,3602757860
20200401,"14:33:01","SH","NB",11423955459,10795212566,22219168025,628742893
20200401,"14:33:01","SZ","NB",18829430822,15226295209,34055726031,3603135613
20200401,"14:34:01","SH","NB",11461244643,10841153923,22302398566,620090720
20200401,"14:34:01","SZ","NB",18867363130,15270017698,34137380828,3597345432
20200401,"14:35:01","SH","NB",11494058399,10868090236,22362148635,625968163
20200401,"14:35:01","SZ","NB",18914100158,15307925944,34222026102,3606174214
20200401,"14:36:01","SH","NB",11524190582,10896579203,22420769785,627611379
20200401,"14:36:01","SZ","NB",18957728864,15345713097,34303441961,3612015767
20200401,"14:37:01","SH","NB",11567726355,10924939830,22492666185,642786525
20200401,"14:37:01","SZ","NB",19004565740,15372590813,34377156553,3631974927
20200401,"14:38:01","SZ","NB",19057746598,15415492644,34473239242,3642253954
20200401,"14:38:01","SH","NB",11609581611,10956278783,22565860394,653302828
20200401,"14:39:01","SH","NB",11638136077,11009975452,22648111529,628160625
20200401,"14:39:01","SZ","NB",19094510515,15457231117,34551741632,3637279398
20200401,"14:40:01","SH","NB",11677761858,11049405418,22727167276,628356440
20200401,"14:40:01","SZ","NB",19138798625,15506809899,34645608524,3631988726
20200401,"14:41:01","SH","NB",11730380614,11095052125,22825432739,635328489
20200401,"14:41:01","SZ","NB",19226474382,15559193674,34785668056,3667280708
20200401,"14:42:01","SH","NB",11763870043,11169371111,22933241154,594498932
20200401,"14:42:01","SZ","NB",19286817039,15651427244,34938244283,3635389795
20200401,"14:43:01","SH","NB",11802551445,11252790831,23055342276,549760614
20200401,"14:43:01","SZ","NB",19334631235,15735734375,35070365610,3598896860
20200401,"14:44:01","SZ","NB",19392344242,15786254724,35178598966,3606089518
20200401,"14:44:01","SH","NB",11854936344,11289882156,23144818500,565054188
20200401,"14:45:01","SH","NB",11908733433,11329265875,23237999308,579467558
20200401,"14:45:01","SZ","NB",19466546224,15832913745,35299459969,3633632479
20200401,"14:46:01","SH","NB",11964418096,11377785540,23342203636,586632556
20200401,"14:46:01","SZ","NB",19548842394,15876975468,35425817862,3671866926
20200401,"14:47:01","SH","NB",12004329669,11426225979,23430555648,578103690
20200401,"14:47:01","SZ","NB",19612851641,15919100189,35531951830,3693751452
20200401,"14:48:01","SH","NB",12048368827,11467112782,23515481609,581256045
20200401,"14:48:01","SZ","NB",19664337469,15951533253,35615870722,3712804216
20200401,"14:49:01","SZ","NB",19725506576,16009571463,35735078039,3715935113
20200401,"14:49:01","SH","NB",12096112900,11515912264,23612025164,580200636
20200401,"14:50:01","SH","NB",12145667845,11588021739,23733689584,557646106
20200401,"14:50:01","SZ","NB",19781003523,16081873694,35862877217,3699129829
20200401,"14:51:01","SH","NB",12219913481,11688444317,23908357798,531469164
20200401,"14:51:01","SZ","NB",19876695882,16187502860,36064198742,3689193022
20200401,"14:52:01","SZ","NB",19973505999,16243481757,36216987756,3730024242
20200401,"14:52:01","SH","NB",12296237037,11741893918,24038130955,554343119
20200401,"14:53:01","SH","NB",12353530970,11813056727,24166587697,540474243
20200401,"14:53:01","SZ","NB",20051488591,16302773062,36354261653,3748715529
20200401,"14:54:01","SH","NB",12407465181,11894551797,24302016978,512913384
20200401,"14:54:01","SZ","NB",20127070954,16379730393,36506801347,3747340561
20200401,"14:55:01","SH","NB",12460371657,12016190452,24476562109,444181205
20200401,"14:55:01","SZ","NB",20199589787,16449387188,36648976975,3750202599
20200401,"14:56:01","SH","NB",12544920743,12144075480,24688996223,400845263
20200401,"14:56:01","SZ","NB",20270044844,16554530176,36824575020,3715514668
20200401,"14:57:01","SH","NB",12620545962,12232804130,24853350092,387741832
20200401,"14:57:01","SZ","NB",20331360253,16620626296,36951986549,3710733957
20200401,"14:58:01","SH","NB",12620545962,12232884359,24853430321,387661603
20200401,"15:00:01","SZ","NB",20387690288,16672346245,37060036533,3715344043
20200401,"15:01:01","SH","NB",12945857868,12533190501,25479048369,412667367
20200401,"15:01:01","SZ","NB",20753505776,16931177311,37684683087,3822328465
