dataDate,dataTime,connectMarket,tradeDirection,buyTurnover,sellTurnover,totalTurnover,netTurnover
20191203,"09:30:01","SH","NB",53352343,49717121,103069464,3635222
20191203,"09:30:01","SZ","NB",93566324,39473512,133039836,54092812
20191203,"09:31:01","SH","NB",125582495,118233926,243816421,7348569
20191203,"09:31:01","SZ","NB",276481382,179399481,455880863,97081901
20191203,"09:32:01","SH","NB",190725806,180849860,371575666,9875946
20191203,"09:32:01","SZ","NB",425000926,285188318,710189244,139812608
20191203,"09:33:01","SH","NB",244800216,233566455,478366671,11233761
20191203,"09:33:01","SZ","NB",557629836,369453880,927083716,188175956
20191203,"09:34:01","SH","NB",286674733,283728223,570402956,2946510
20191203,"09:34:01","SZ","NB",668845794,495118636,1163964430,173727158
20191203,"09:35:01","SH","NB",341481222,335020680,676501902,6460542
20191203,"09:35:01","SZ","NB",807210416,577406382,1384616798,229804034
20191203,"09:36:01","SZ","NB",959598034,655888561,1615486595,303709473
20191203,"09:36:01","SH","NB",391991498,407812540,799804038,-15821042
20191203,"09:37:01","SH","NB",445572455,473374943,918947398,-27802488
20191203,"09:37:01","SZ","NB",1076308443,739658065,1815966508,336650378
20191203,"09:38:01","SH","NB",489630619,528566548,1018197167,-38935929
20191203,"09:38:01","SZ","NB",1155294743,803796794,1959091537,351497949
20191203,"09:39:01","SZ","NB",1232713722,860038824,2092752546,372674898
20191203,"09:39:01","SH","NB",529295798,571310220,1100606018,-42014422
20191203,"09:40:01","SH","NB",566013363,643583179,1209596542,-77569816
20191203,"09:40:01","SZ","NB",1296947183,933612904,2230560087,363334279
20191203,"09:41:01","SH","NB",620537294,741076301,1361613595,-120539007
20191203,"09:41:01","SZ","NB",1386238133,1054716862,2440954995,331521271
20191203,"09:42:01","SH","NB",713650034,792122936,1505772970,-78472902
20191203,"09:42:01","SZ","NB",1509618383,1099111005,2608729388,410507378
20191203,"09:43:01","SH","NB",763208920,835062715,1598271635,-71853795
20191203,"09:43:01","SZ","NB",1607759870,1139977240,2747737110,467782630
20191203,"09:44:01","SH","NB",799263543,894420032,1693683575,-95156489
20191203,"09:44:01","SZ","NB",1673563363,1187163430,2860726793,486399933
20191203,"09:45:01","SH","NB",830459542,932441561,1762901103,-101982019
20191203,"09:45:01","SZ","NB",1728413506,1225759355,2954172861,502654151
20191203,"09:46:01","SH","NB",880671659,976125632,1856797291,-95453973
20191203,"09:46:01","SZ","NB",1810268373,1277544158,3087812531,532724215
20191203,"09:47:01","SH","NB",931769319,1032245470,1964014789,-100476151
20191203,"09:47:01","SZ","NB",1894917448,1321018069,3215935517,573899379
20191203,"09:48:01","SZ","NB",1973667523,1400235841,3373903364,573431682
20191203,"09:48:01","SH","NB",978896128,1086904213,2065800341,-108008085
20191203,"09:49:01","SH","NB",1015439872,1134646275,2150086147,-119206403
20191203,"09:49:01","SZ","NB",2089842287,1512510415,3602352702,577331872
20191203,"09:50:01","SH","NB",1057559095,1169903697,2227462792,-112344602
20191203,"09:50:01","SZ","NB",2139490868,1568951698,3708442566,570539170
20191203,"09:51:01","SH","NB",1100893588,1224123497,2325017085,-123229909
20191203,"09:51:01","SZ","NB",2189269609,1670101996,3859371605,519167613
20191203,"09:52:01","SH","NB",1147165601,1270967670,2418133271,-123802069
20191203,"09:52:01","SZ","NB",2265136127,1734581126,3999717253,530555001
20191203,"09:53:01","SH","NB",1188653672,1322394504,2511048176,-133740832
20191203,"09:53:01","SZ","NB",2313441074,1781781397,4095222471,531659677
20191203,"09:54:01","SH","NB",1250183233,1375557829,2625741062,-125374596
20191203,"09:54:01","SZ","NB",2377876557,1825432749,4203309306,552443808
20191203,"09:55:01","SH","NB",1331885392,1430110349,2761995741,-98224957
20191203,"09:55:01","SZ","NB",2515228353,1895973175,4411201528,619255178
20191203,"09:56:01","SZ","NB",2577912080,1994698646,4572610726,583213434
20191203,"09:56:01","SH","NB",1382407801,1504472204,2886880005,-122064403
20191203,"09:57:01","SH","NB",1428598331,1541988966,2970587297,-113390635
20191203,"09:57:01","SZ","NB",2635917194,2052640056,4688557250,583277138
20191203,"09:58:01","SZ","NB",2706880375,2103128456,4810008831,603751919
20191203,"09:58:01","SH","NB",1468985522,1581854188,3050839710,-112868666
20191203,"09:59:01","SH","NB",1503712506,1617546619,3121259125,-113834113
20191203,"09:59:01","SZ","NB",2760096062,2154532986,4914629048,605563076
20191203,"10:00:01","SH","NB",1539474809,1653649493,3193124302,-114174684
20191203,"10:00:01","SZ","NB",2821440861,2218703013,5040143874,602737848
20191203,"10:01:01","SH","NB",1594082199,1716380257,3310462456,-122298058
20191203,"10:01:01","SZ","NB",2872316708,2342962163,5215278871,529354545
20191203,"10:02:01","SH","NB",1641935389,1764575687,3406511076,-122640298
20191203,"10:02:01","SZ","NB",2928158093,2393159290,5321317383,534998803
20191203,"10:03:01","SH","NB",1689044771,1799035675,3488080446,-109990904
20191203,"10:03:01","SZ","NB",3004629367,2433840633,5438470000,570788734
20191203,"10:04:01","SH","NB",1723601753,1828099757,3551701510,-104498004
20191203,"10:04:01","SZ","NB",3049825526,2475970833,5525796359,573854693
20191203,"10:05:01","SH","NB",1761354203,1856517220,3617871423,-95163017
20191203,"10:05:01","SZ","NB",3090051963,2512550095,5602602058,577501868
20191203,"10:06:01","SH","NB",1798798201,1887895162,3686693363,-89096961
20191203,"10:06:01","SZ","NB",3143966872,2596465455,5740432327,547501417
20191203,"10:07:01","SZ","NB",3192227720,2634728374,5826956094,557499346
20191203,"10:07:01","SH","NB",1833137902,1912125391,3745263293,-78987489
20191203,"10:08:01","SH","NB",1864260956,1952631777,3816892733,-88370821
20191203,"10:08:01","SZ","NB",3240140420,2691056496,5931196916,549083924
20191203,"10:09:01","SH","NB",1893695523,1985314082,3879009605,-91618559
20191203,"10:09:01","SZ","NB",3278789806,2755362933,6034152739,523426873
20191203,"10:10:01","SH","NB",1918150773,2016624956,3934775729,-98474183
20191203,"10:10:01","SZ","NB",3314718242,2785795453,6100513695,528922789
20191203,"10:11:01","SH","NB",1949967891,2065393388,4015361279,-115425497
20191203,"10:11:01","SZ","NB",3344038839,2836154871,6180193710,507883968
20191203,"10:12:01","SH","NB",1985240131,2089324010,4074564141,-104083879
20191203,"10:12:01","SZ","NB",3382426151,2860278293,6242704444,522147858
20191203,"10:13:01","SH","NB",2031781545,2109019117,4140800662,-77237572
20191203,"10:13:01","SZ","NB",3421467630,2888729845,6310197475,532737785
20191203,"10:14:01","SH","NB",2086639907,2125469823,4212109730,-38829916
20191203,"10:14:01","SZ","NB",3457273499,2916311981,6373585480,540961518
20191203,"10:15:01","SH","NB",2121658240,2142782060,4264440300,-21123820
20191203,"10:15:01","SZ","NB",3484671324,2943001801,6427673125,541669523
20191203,"10:16:01","SZ","NB",3518822919,2975309831,6494132750,543513088
20191203,"10:16:01","SH","NB",2153625677,2170207528,4323833205,-16581851
20191203,"10:17:01","SH","NB",2188390904,2193012856,4381403760,-4621952
20191203,"10:17:01","SZ","NB",3562849297,3006010393,6568859690,556838904
20191203,"10:18:01","SH","NB",2232074976,2219322306,4451397282,12752670
20191203,"10:18:01","SZ","NB",3615763940,3030324327,6646088267,585439613
20191203,"10:19:01","SH","NB",2300841902,2241515313,4542357215,59326589
20191203,"10:19:01","SZ","NB",3674779551,3056157533,6730937084,618622018
20191203,"10:20:01","SH","NB",2336633667,2271943978,4608577645,64689689
20191203,"10:20:01","SZ","NB",3702632933,3087245985,6789878918,615386948
20191203,"10:21:01","SH","NB",2371643467,2303279455,4674922922,68364012
20191203,"10:21:01","SZ","NB",3740523189,3108950655,6849473844,631572534
20191203,"10:22:01","SZ","NB",3779412656,3136736021,6916148677,642676635
20191203,"10:22:01","SH","NB",2403484497,2328545905,4732030402,74938592
20191203,"10:23:01","SH","NB",2447967877,2358632137,4806600014,89335740
20191203,"10:23:01","SZ","NB",3827813335,3167021081,6994834416,660792254
20191203,"10:24:01","SH","NB",2508750819,2380653576,4889404395,128097243
20191203,"10:24:01","SZ","NB",3877428717,3189799548,7067228265,687629169
20191203,"10:25:01","SH","NB",2541729945,2406780373,4948510318,134949572
20191203,"10:25:01","SZ","NB",3913607429,3217808291,7131415720,695799138
20191203,"10:26:01","SZ","NB",3946537429,3259402681,7205940110,687134748
20191203,"10:26:01","SH","NB",2569540616,2434246544,5003787160,135294072
20191203,"10:27:01","SH","NB",2595670079,2450992994,5046663073,144677085
20191203,"10:27:01","SZ","NB",3972341435,3279143339,7251484774,693198096
20191203,"10:28:01","SH","NB",2619260976,2470926024,5090187000,148334952
20191203,"10:28:01","SZ","NB",4003107799,3307327243,7310435042,695780556
20191203,"10:29:01","SH","NB",2640289926,2487883371,5128173297,152406555
20191203,"10:29:01","SZ","NB",4035842905,3329170600,7365013505,706672305
20191203,"10:30:01","SH","NB",2668554886,2507104688,5175659574,161450198
20191203,"10:30:01","SZ","NB",4065115982,3352165614,7417281596,712950368
20191203,"10:31:01","SH","NB",2702433241,2539592383,5242025624,162840858
20191203,"10:31:01","SZ","NB",4098875719,3399898619,7498774338,698977100
20191203,"10:32:01","SH","NB",2737118349,2561548630,5298666979,175569719
20191203,"10:32:01","SZ","NB",4136812129,3420472954,7557285083,716339175
20191203,"10:33:01","SZ","NB",4166539618,3442301019,7608840637,724238599
20191203,"10:33:01","SH","NB",2766471375,2580357141,5346828516,186114234
20191203,"10:34:01","SH","NB",2788897185,2593472663,5382369848,195424522
20191203,"10:34:01","SZ","NB",4192062675,3459253174,7651315849,732809501
20191203,"10:35:01","SH","NB",2814101959,2607963218,5422065177,206138741
20191203,"10:35:01","SZ","NB",4216724454,3475659535,7692383989,741064919
20191203,"10:36:01","SH","NB",2850069826,2627306031,5477375857,222763795
20191203,"10:36:01","SZ","NB",4252290546,3495868680,7748159226,756421866
20191203,"10:37:01","SH","NB",2879430504,2639787322,5519217826,239643182
20191203,"10:37:01","SZ","NB",4283016655,3512201962,7795218617,770814693
20191203,"10:38:01","SH","NB",2910300016,2656444899,5566744915,253855117
20191203,"10:38:01","SZ","NB",4319268363,3529562490,7848830853,789705873
20191203,"10:39:01","SZ","NB",4354524650,3557380881,7911905531,797143769
20191203,"10:39:01","SH","NB",2936870427,2679346705,5616217132,257523722
20191203,"10:40:01","SH","NB",2961667017,2695060442,5656727459,266606575
20191203,"10:40:01","SZ","NB",4391800950,3584534405,7976335355,807266545
20191203,"10:41:01","SH","NB",2995656008,2728646056,5724302064,267009952
20191203,"10:41:01","SZ","NB",4428563556,3622355017,8050918573,806208539
20191203,"10:42:01","SH","NB",3021180603,2745558054,5766738657,275622549
20191203,"10:42:01","SZ","NB",4470978594,3643691376,8114669970,827287218
20191203,"10:43:01","SH","NB",3055754376,2762064632,5817819008,293689744
20191203,"10:43:01","SZ","NB",4508168841,3664295745,8172464586,843873096
20191203,"10:44:01","SH","NB",3079564654,2778484119,5858048773,301080535
20191203,"10:44:01","SZ","NB",4543662103,3687094392,8230756495,856567711
20191203,"10:45:01","SZ","NB",4574322341,3709886904,8284209245,864435437
20191203,"10:45:01","SH","NB",3105997622,2795484184,5901481806,310513438
20191203,"10:46:01","SH","NB",3141503663,2812910585,5954414248,328593078
20191203,"10:46:01","SZ","NB",4617160379,3728166374,8345326753,888994005
20191203,"10:47:01","SH","NB",3170188657,2825581525,5995770182,344607132
20191203,"10:47:01","SZ","NB",4650175260,3745212900,8395388160,904962360
20191203,"10:48:01","SH","NB",3195700354,2837953892,6033654246,357746462
20191203,"10:48:01","SZ","NB",4679515969,3760409294,8439925263,919106675
20191203,"10:49:01","SH","NB",3242033627,2853025186,6095058813,389008441
20191203,"10:49:01","SZ","NB",4725275119,3779939218,8505214337,945335901
20191203,"10:50:01","SH","NB",3280535567,2868660581,6149196148,411874986
20191203,"10:50:01","SZ","NB",4763002169,3798494438,8561496607,964507731
20191203,"10:51:01","SH","NB",3312174750,2894397569,6206572319,417777181
20191203,"10:51:01","SZ","NB",4794852442,3837791215,8632643657,957061227
20191203,"10:52:01","SH","NB",3337507642,2909262107,6246769749,428245535
20191203,"10:52:01","SZ","NB",4828400436,3862971680,8691372116,965428756
20191203,"10:53:01","SZ","NB",4863000740,3880676065,8743676805,982324675
20191203,"10:53:01","SH","NB",3366594292,2923509578,6290103870,443084714
20191203,"10:54:01","SH","NB",3389936128,2937535978,6327472106,452400150
20191203,"10:54:01","SZ","NB",4893046672,3897309631,8790356303,995737041
20191203,"10:55:01","SH","NB",3411160783,2952340133,6363500916,458820650
20191203,"10:55:01","SZ","NB",4921707662,3918910497,8840618159,1002797165
20191203,"10:56:01","SH","NB",3431487928,2963701693,6395189621,467786235
20191203,"10:56:01","SZ","NB",4954653817,3936989777,8891643594,1017664040
20191203,"10:57:01","SH","NB",3450068132,2978379860,6428447992,471688272
20191203,"10:57:01","SZ","NB",4979942258,3958466488,8938408746,1021475770
20191203,"10:58:01","SZ","NB",5005166480,3982576855,8987743335,1022589625
20191203,"10:58:01","SH","NB",3471131844,2993597906,6464729750,477533938
20191203,"10:59:01","SH","NB",3492394678,3008494678,6500889356,483900000
20191203,"10:59:01","SZ","NB",5034489844,4014729145,9049218989,1019760699
20191203,"11:00:01","SH","NB",3509730681,3025608585,6535339266,484122096
20191203,"11:00:01","SZ","NB",5065764464,4042846364,9108610828,1022918100
20191203,"11:01:01","SH","NB",3541634550,3060329320,6601963870,481305230
20191203,"11:01:01","SZ","NB",5126531163,4092607890,9219139053,1033923273
20191203,"11:02:01","SH","NB",3580116337,3089069423,6669185760,491046914
20191203,"11:02:01","SZ","NB",5186611876,4128111772,9314723648,1058500104
20191203,"11:03:01","SH","NB",3608786175,3111631002,6720417177,497155173
20191203,"11:03:01","SZ","NB",5236209119,4150938205,9387147324,1085270914
20191203,"11:04:01","SH","NB",3630904995,3139166886,6770071881,491738109
20191203,"11:04:01","SZ","NB",5274645017,4169949187,9444594204,1104695830
20191203,"11:05:01","SH","NB",3656274231,3161962519,6818236750,494311712
20191203,"11:05:01","SZ","NB",5306298098,4188576099,9494874197,1117721999
20191203,"11:06:01","SZ","NB",5342618190,4208301685,9550919875,1134316505
20191203,"11:06:01","SH","NB",3685646175,3182030151,6867676326,503616024
20191203,"11:07:01","SH","NB",3742381572,3201075798,6943457370,541305774
20191203,"11:07:01","SZ","NB",5396547951,4226996855,9623544806,1169551096
20191203,"11:08:01","SZ","NB",5426846342,4246332620,9673178962,1180513722
20191203,"11:08:01","SH","NB",3774222447,3215474242,6989696689,558748205
20191203,"11:09:01","SH","NB",3801541044,3237249704,7038790748,564291340
20191203,"11:09:01","SZ","NB",5457866462,4267144189,9725010651,1190722273
20191203,"11:10:01","SH","NB",3824277790,3255005689,7079283479,569272101
20191203,"11:10:01","SZ","NB",5490036454,4281079345,9771115799,1208957109
20191203,"11:11:01","SH","NB",3856252851,3273780963,7130033814,582471888
20191203,"11:11:01","SZ","NB",5537083948,4298391777,9835475725,1238692171
20191203,"11:12:01","SH","NB",3893255283,3291574701,7184829984,601680582
20191203,"11:12:01","SZ","NB",5576288615,4314941017,9891229632,1261347598
20191203,"11:13:01","SH","NB",3922601713,3312899146,7235500859,609702567
20191203,"11:13:01","SZ","NB",5606720246,4336028107,9942748353,1270692139
20191203,"11:14:01","SH","NB",3942734891,3327852258,7270587149,614882633
20191203,"11:14:01","SZ","NB",5631661086,4360190800,9991851886,1271470286
20191203,"11:15:01","SH","NB",3961033070,3339605030,7300638100,621428040
20191203,"11:15:01","SZ","NB",5656057459,4371866701,10027924160,1284190758
20191203,"11:16:01","SH","NB",3982188712,3352676311,7334865023,629512401
20191203,"11:16:01","SZ","NB",5681813103,4386223867,10068036970,1295589236
20191203,"11:17:01","SZ","NB",5715747139,4401323000,10117070139,1314424139
20191203,"11:17:01","SH","NB",4006051601,3366951349,7373002950,639100252
20191203,"11:18:01","SH","NB",4025869662,3382931720,7408801382,642937942
20191203,"11:18:01","SZ","NB",5740306984,4416773836,10157080820,1323533148
20191203,"11:19:01","SH","NB",4079445699,3407283962,7486729661,672161737
20191203,"11:19:01","SZ","NB",5784591473,4437207442,10221798915,1347384031
20191203,"11:20:01","SH","NB",4116492277,3428309215,7544801492,688183062
20191203,"11:20:01","SZ","NB",5828326095,4459576063,10287902158,1368750032
20191203,"11:21:01","SH","NB",4162236974,3458450110,7620687084,703786864
20191203,"11:21:01","SZ","NB",5858321286,4484653168,10342974454,1373668118
20191203,"11:22:01","SH","NB",4186385423,3474885554,7661270977,711499869
20191203,"11:22:01","SZ","NB",5877319704,4503053722,10380373426,1374265982
20191203,"11:23:01","SZ","NB",5901802562,4517747265,10419549827,1384055297
20191203,"11:23:01","SH","NB",4209862095,3493045194,7702907289,716816901
20191203,"11:24:01","SH","NB",4255283257,3507236024,7762519281,748047233
20191203,"11:24:01","SZ","NB",5936977272,4530506897,10467484169,1406470375
20191203,"11:25:01","SH","NB",4286386356,3519926323,7806312679,766460033
20191203,"11:25:01","SZ","NB",5963064769,4545173353,10508238122,1417891416
20191203,"11:26:01","SH","NB",4332171320,3541479431,7873650751,790691889
20191203,"11:26:01","SZ","NB",5993644890,4565667090,10559311980,1427977800
20191203,"11:27:01","SZ","NB",6020360916,4585454034,10605814950,1434906882
20191203,"11:27:01","SH","NB",4370252422,3559358751,7929611173,810893671
20191203,"11:28:01","SH","NB",4406436794,3578383529,7984820323,828053265
20191203,"11:28:01","SZ","NB",6048308903,4601045248,10649354151,1447263655
20191203,"11:29:01","SH","NB",4444392398,3597736125,8042128523,846656273
20191203,"11:29:01","SZ","NB",6070417276,4614869283,10685286559,1455547993
20191203,"11:30:01","SH","NB",4471748654,3610764871,8082513525,860983783
20191203,"11:30:01","SZ","NB",6086137682,4623635884,10709773566,1462501798
20191203,"11:31:01","SH","NB",4471910465,3610987198,8082897663,860923267
20191203,"11:31:01","SZ","NB",6086363069,4623820675,10710183744,1462542394
20191203,"13:01:01","SH","NB",4566128749,3667561820,8233690569,898566929
20191203,"13:01:01","SZ","NB",6168759853,4674885783,10843645636,1493874070
20191203,"13:02:01","SZ","NB",6209043050,4695082109,10904125159,1513960941
20191203,"13:02:01","SH","NB",4597976914,3697373223,8295350137,900603691
20191203,"13:03:01","SH","NB",4651488778,3726990937,8378479715,924497841
20191203,"13:03:01","SZ","NB",6243894341,4716174432,10960068773,1527719909
20191203,"13:04:01","SH","NB",4680506819,3742932261,8423439080,937574558
20191203,"13:04:01","SZ","NB",6267534527,4732743625,11000278152,1534790902
20191203,"13:05:01","SH","NB",4709746101,3758679683,8468425784,951066418
20191203,"13:05:01","SZ","NB",6303195911,4747064759,11050260670,1556131152
20191203,"13:06:01","SH","NB",4740784162,3778501224,8519285386,962282938
20191203,"13:06:01","SZ","NB",6325116397,4763068410,11088184807,1562047987
20191203,"13:07:01","SH","NB",4771625187,3799371383,8570996570,972253804
20191203,"13:07:01","SZ","NB",6351052589,4789934503,11140987092,1561118086
20191203,"13:08:01","SH","NB",4794644982,3812942057,8607587039,981702925
20191203,"13:08:01","SZ","NB",6372224503,4806121969,11178346472,1566102534
20191203,"13:09:01","SH","NB",4822112474,3831069679,8653182153,991042795
20191203,"13:09:01","SZ","NB",6410927786,4820222890,11231150676,1590704896
20191203,"13:10:01","SH","NB",4850759316,3847380092,8698139408,1003379224
20191203,"13:10:01","SZ","NB",6446714011,4834816653,11281530664,1611897358
20191203,"13:11:01","SZ","NB",6482037958,4855415157,11337453115,1626622801
20191203,"13:11:01","SH","NB",4883173072,3876505315,8759678387,1006667757
20191203,"13:12:01","SH","NB",4905746175,3902418394,8808164569,1003327781
20191203,"13:12:01","SZ","NB",6514059972,4873848423,11387908395,1640211549
20191203,"13:13:01","SH","NB",4929704062,3931963271,8861667333,997740791
20191203,"13:13:01","SZ","NB",6537654392,4898656265,11436310657,1638998127
20191203,"13:14:01","SH","NB",4957605205,3962190400,8919795605,995414805
20191203,"13:14:01","SZ","NB",6554731567,4924254843,11478986410,1630476724
20191203,"13:15:01","SH","NB",4974037393,3979744592,8953781985,994292801
20191203,"13:15:01","SZ","NB",6574049147,4949970481,11524019628,1624078666
20191203,"13:16:01","SH","NB",4999684100,3993503261,8993187361,1006180839
20191203,"13:16:01","SZ","NB",6591615603,4965460210,11557075813,1626155393
20191203,"13:17:01","SH","NB",5022219048,4010735835,9032954883,1011483213
20191203,"13:17:01","SZ","NB",6609460381,4986142771,11595603152,1623317610
20191203,"13:18:01","SH","NB",5045816830,4024754414,9070571244,1021062416
20191203,"13:18:01","SZ","NB",6630832559,4999439997,11630272556,1631392562
20191203,"13:19:01","SZ","NB",6650239871,5015009042,11665248913,1635230829
20191203,"13:19:01","SH","NB",5066845243,4043230770,9110076013,1023614473
20191203,"13:20:01","SH","NB",5085288709,4061315933,9146604642,1023972776
20191203,"13:20:01","SZ","NB",6665565926,5029793378,11695359304,1635772548
20191203,"13:21:01","SH","NB",5111462707,4091683926,9203146633,1019778781
20191203,"13:21:01","SZ","NB",6689222710,5061502215,11750724925,1627720495
20191203,"13:22:01","SH","NB",5129426950,4103608120,9233035070,1025818830
20191203,"13:22:01","SZ","NB",6708924830,5085815200,11794740030,1623109630
20191203,"13:23:01","SH","NB",5147876879,4120692594,9268569473,1027184285
20191203,"13:23:01","SZ","NB",6729491846,5099817714,11829309560,1629674132
20191203,"13:24:01","SH","NB",5169425854,4132722210,9302148064,1036703644
20191203,"13:24:01","SZ","NB",6753003737,5111450712,11864454449,1641553025
20191203,"13:25:01","SH","NB",5189490289,4142860041,9332350330,1046630248
20191203,"13:25:01","SZ","NB",6782664081,5124524653,11907188734,1658139428
20191203,"13:26:01","SH","NB",5217173784,4158289579,9375463363,1058884205
20191203,"13:26:01","SZ","NB",6826668317,5140267717,11966936034,1686400600
20191203,"13:27:01","SH","NB",5236095323,4170382171,9406477494,1065713152
20191203,"13:27:01","SZ","NB",6845865151,5153472445,11999337596,1692392706
20191203,"13:28:01","SH","NB",5256405984,4187659190,9444065174,1068746794
20191203,"13:28:01","SZ","NB",6868489962,5169297370,12037787332,1699192592
20191203,"13:29:01","SZ","NB",6888700147,5183735593,12072435740,1704964554
20191203,"13:29:01","SH","NB",5277140502,4201650315,9478790817,1075490187
20191203,"13:30:01","SH","NB",5298092058,4219723685,9517815743,1078368373
20191203,"13:30:01","SZ","NB",6906713810,5199354953,12106068763,1707358857
20191203,"13:31:01","SH","NB",5329496628,4241177340,9570673968,1088319288
20191203,"13:31:01","SZ","NB",6956669632,5221089654,12177759286,1735579978
20191203,"13:32:01","SH","NB",5352155917,4265899344,9618055261,1086256573
20191203,"13:32:01","SZ","NB",6998629314,5242526059,12241155373,1756103255
20191203,"13:33:01","SH","NB",5376486268,4285651687,9662137955,1090834581
20191203,"13:33:01","SZ","NB",7020816608,5260069599,12280886207,1760747009
20191203,"13:34:01","SH","NB",5403305391,4305438379,9708743770,1097867012
20191203,"13:34:01","SZ","NB",7052426972,5278698704,12331125676,1773728268
20191203,"13:35:01","SH","NB",5432792397,4323714743,9756507140,1109077654
20191203,"13:35:01","SZ","NB",7089358577,5300376510,12389735087,1788982067
20191203,"13:36:01","SH","NB",5460198019,4347393788,9807591807,1112804231
20191203,"13:36:01","SZ","NB",7120760643,5324102479,12444863122,1796658164
20191203,"13:37:01","SZ","NB",7150860121,5346607789,12497467910,1804252332
20191203,"13:37:01","SH","NB",5489914860,4369667536,9859582396,1120247324
20191203,"13:38:01","SH","NB",5524947890,4393157448,9918105338,1131790442
20191203,"13:38:01","SZ","NB",7191048483,5367447257,12558495740,1823601226
20191203,"13:39:01","SZ","NB",7221313887,5402802511,12624116398,1818511376
20191203,"13:39:01","SH","NB",5553350981,4416671977,9970022958,1136679004
20191203,"13:40:01","SH","NB",5576185440,4438533153,10014718593,1137652287
20191203,"13:40:01","SZ","NB",7243957810,5420592252,12664550062,1823365558
20191203,"13:41:01","SH","NB",5608669645,4476609623,10085279268,1132060022
20191203,"13:41:01","SZ","NB",7271139931,5460603689,12731743620,1810536242
20191203,"13:42:01","SH","NB",5634137255,4504004436,10138141691,1130132819
20191203,"13:42:01","SZ","NB",7298736493,5490125189,12788861682,1808611304
20191203,"13:43:01","SH","NB",5656356262,4532497485,10188853747,1123858777
20191203,"13:43:01","SZ","NB",7326957468,5514975350,12841932818,1811982118
20191203,"13:44:01","SH","NB",5685389476,4579427264,10264816740,1105962212
20191203,"13:44:01","SZ","NB",7356440669,5538479942,12894920611,1817960727
20191203,"13:45:01","SH","NB",5712448930,4622186190,10334635120,1090262740
20191203,"13:45:01","SZ","NB",7385828560,5572472102,12958300662,1813356458
20191203,"13:46:01","SH","NB",5732153166,4642502369,10374655535,1089650797
20191203,"13:46:01","SZ","NB",7410732071,5594701580,13005433651,1816030491
20191203,"13:47:01","SH","NB",5751402543,4661487248,10412889791,1089915295
20191203,"13:47:01","SZ","NB",7432113491,5610772788,13042886279,1821340703
20191203,"13:48:01","SH","NB",5774307838,4683840716,10458148554,1090467122
20191203,"13:48:01","SZ","NB",7457215577,5635786673,13093002250,1821428904
20191203,"13:49:01","SZ","NB",7474619531,5653060831,13127680362,1821558700
20191203,"13:49:01","SH","NB",5792247712,4696558219,10488805931,1095689493
20191203,"13:50:01","SH","NB",5818214834,4709687272,10527902106,1108527562
20191203,"13:50:01","SZ","NB",7500842683,5670134414,13170977097,1830708269
20191203,"13:51:01","SZ","NB",7529832094,5689453860,13219285954,1840378234
20191203,"13:51:01","SH","NB",5842503269,4727246737,10569750006,1115256532
20191203,"13:52:01","SH","NB",5864693193,4745394338,10610087531,1119298855
20191203,"13:52:01","SZ","NB",7554509579,5707838625,13262348204,1846670954
20191203,"13:53:01","SH","NB",5889621074,4777814724,10667435798,1111806350
20191203,"13:53:01","SZ","NB",7578657564,5736431695,13315089259,1842225869
20191203,"13:54:01","SH","NB",5919360923,4818421122,10737782045,1100939801
20191203,"13:54:01","SZ","NB",7605514403,5755125643,13360640046,1850388760
20191203,"13:55:01","SH","NB",5938180216,4830068043,10768248259,1108112173
20191203,"13:55:01","SZ","NB",7627240425,5773746974,13400987399,1853493451
20191203,"13:56:01","SH","NB",5962702062,4844460327,10807162389,1118241735
20191203,"13:56:01","SZ","NB",7653997259,5788358189,13442355448,1865639070
20191203,"13:57:01","SH","NB",5987288463,4860431576,10847720039,1126856887
20191203,"13:57:01","SZ","NB",7685224261,5806332498,13491556759,1878891763
20191203,"13:58:01","SH","NB",6010874568,4876497665,10887372233,1134376903
20191203,"13:58:01","SZ","NB",7718258865,5822716160,13540975025,1895542705
20191203,"13:59:01","SH","NB",6031813832,4893462841,10925276673,1138350991
20191203,"13:59:01","SZ","NB",7743493782,5840951914,13584445696,1902541868
20191203,"14:00:01","SH","NB",6058276702,4910305583,10968582285,1147971119
20191203,"14:00:01","SZ","NB",7765854921,5858959442,13624814363,1906895479
20191203,"14:01:01","SZ","NB",7807007612,5882274004,13689281616,1924733608
20191203,"14:01:01","SH","NB",6083283907,4930808318,11014092225,1152475589
20191203,"14:02:01","SH","NB",6103846823,4950077029,11053923852,1153769794
20191203,"14:02:01","SZ","NB",7838823269,5909199612,13748022881,1929623657
20191203,"14:03:01","SH","NB",6131305740,4969395999,11100701739,1161909741
20191203,"14:03:01","SZ","NB",7871360873,5941722306,13813083179,1929638567
20191203,"14:04:01","SH","NB",6151771206,4995592060,11147363266,1156179146
20191203,"14:04:01","SZ","NB",7895883786,5965392894,13861276680,1930490892
20191203,"14:05:01","SH","NB",6180898556,5016527623,11197426179,1164370933
20191203,"14:05:01","SZ","NB",7925916223,5986444904,13912361127,1939471319
20191203,"14:06:01","SH","NB",6200013478,5036275428,11236288906,1163738050
20191203,"14:06:01","SZ","NB",7950608844,6009140233,13959749077,1941468611
20191203,"14:07:01","SZ","NB",7985197723,6033466059,14018663782,1951731664
20191203,"14:07:01","SH","NB",6227030489,5055525099,11282555588,1171505390
20191203,"14:08:01","SH","NB",6253292093,5086951080,11340243173,1166341013
20191203,"14:08:01","SZ","NB",8022570986,6052666266,14075237252,1969904720
20191203,"14:09:01","SH","NB",6277156442,5108345799,11385502241,1168810643
20191203,"14:09:01","SZ","NB",8053536580,6079082241,14132618821,1974454339
20191203,"14:10:01","SH","NB",6299657259,5137934456,11437591715,1161722803
20191203,"14:10:01","SZ","NB",8082324957,6102816242,14185141199,1979508715
20191203,"14:11:01","SH","NB",6348086189,5161733139,11509819328,1186353050
20191203,"14:11:01","SZ","NB",8150674861,6133606891,14284281752,2017067970
20191203,"14:12:01","SH","NB",6382829940,5215287117,11598117057,1167542823
20191203,"14:12:01","SZ","NB",8196910098,6180080803,14376990901,2016829295
20191203,"14:13:01","SH","NB",6413023746,5239760949,11652784695,1173262797
20191203,"14:13:01","SZ","NB",8231089596,6211694623,14442784219,2019394973
20191203,"14:14:01","SZ","NB",8258741486,6240062446,14498803932,2018679040
20191203,"14:14:01","SH","NB",6439509459,5279807573,11719317032,1159701886
20191203,"14:15:01","SH","NB",6463709866,5297714443,11761424309,1165995423
20191203,"14:15:01","SZ","NB",8284942591,6267349814,14552292405,2017592777
20191203,"14:16:01","SH","NB",6493422728,5335038335,11828461063,1158384393
20191203,"14:16:01","SZ","NB",8312721897,6296998043,14609719940,2015723854
20191203,"14:17:01","SH","NB",6521141245,5379201905,11900343150,1141939340
20191203,"14:17:01","SZ","NB",8341893452,6320772622,14662666074,2021120830
20191203,"14:18:01","SH","NB",6550279903,5404989365,11955269268,1145290538
20191203,"14:18:01","SZ","NB",8369887593,6348528269,14718415862,2021359324
20191203,"14:19:01","SH","NB",6571842857,5436885715,12008728572,1134957142
20191203,"14:19:01","SZ","NB",8392949974,6386865246,14779815220,2006084728
20191203,"14:20:01","SH","NB",6592195862,5460152761,12052348623,1132043101
20191203,"14:20:01","SZ","NB",8416409715,6411455126,14827864841,2004954589
20191203,"14:21:01","SH","NB",6620419092,5493691320,12114110412,1126727772
20191203,"14:21:01","SZ","NB",8447141727,6451907052,14899048779,1995234675
20191203,"14:22:01","SH","NB",6650708840,5514966136,12165674976,1135742704
20191203,"14:22:01","SZ","NB",8474561834,6478780094,14953341928,1995781740
20191203,"14:23:01","SH","NB",6686312228,5534162444,12220474672,1152149784
20191203,"14:23:01","SZ","NB",8517345242,6500698474,15018043716,2016646768
20191203,"14:24:01","SZ","NB",8560655540,6523615566,15084271106,2037039974
20191203,"14:24:01","SH","NB",6714100904,5557047986,12271148890,1157052918
20191203,"14:25:01","SH","NB",6742707757,5573625283,12316333040,1169082474
20191203,"14:25:01","SZ","NB",8585880393,6545357727,15131238120,2040522666
20191203,"14:26:01","SH","NB",6768785911,5600251824,12369037735,1168534087
20191203,"14:26:01","SZ","NB",8620297192,6569333625,15189630817,2050963567
20191203,"14:27:01","SH","NB",6800815262,5626223746,12427039008,1174591516
20191203,"14:27:01","SZ","NB",8662868963,6596830504,15259699467,2066038459
20191203,"14:28:01","SH","NB",6838051653,5667919577,12505971230,1170132076
20191203,"14:28:01","SZ","NB",8702378661,6622420138,15324798799,2079958523
20191203,"14:29:01","SH","NB",6871476246,5693597049,12565073295,1177879197
20191203,"14:29:01","SZ","NB",8736279351,6644353148,15380632499,2091926203
20191203,"14:30:01","SZ","NB",8773849587,6676462901,15450312488,2097386686
20191203,"14:30:01","SH","NB",6902536193,5719356770,12621892963,1183179423
20191203,"14:31:01","SH","NB",6953949157,5762182014,12716131171,1191767143
20191203,"14:31:01","SZ","NB",8809877578,6731456599,15541334177,2078420979
20191203,"14:32:01","SH","NB",6992011119,5792719369,12784730488,1199291750
20191203,"14:32:01","SZ","NB",8859465533,6772009040,15631474573,2087456493
20191203,"14:33:01","SH","NB",7027910555,5826171471,12854082026,1201739084
20191203,"14:33:01","SZ","NB",8911283046,6808254469,15719537515,2103028577
20191203,"14:34:01","SH","NB",7062612794,5862119920,12924732714,1200492874
20191203,"14:34:01","SZ","NB",8949290346,6857726590,15807016936,2091563756
20191203,"14:35:01","SH","NB",7100619502,5905061222,13005680724,1195558280
20191203,"14:35:01","SZ","NB",8981947335,6902908269,15884855604,2079039066
20191203,"14:36:01","SH","NB",7140443431,5934902625,13075346056,1205540806
20191203,"14:36:01","SZ","NB",9017095997,6935206666,15952302663,2081889331
20191203,"14:37:01","SH","NB",7175291321,5961995278,13137286599,1213296043
20191203,"14:37:01","SZ","NB",9047623413,6968125304,16015748717,2079498109
20191203,"14:38:01","SH","NB",7209582556,5985022704,13194605260,1224559852
20191203,"14:38:01","SZ","NB",9077047812,7000703512,16077751324,2076344300
20191203,"14:39:01","SH","NB",7253920358,6015531594,13269451952,1238388764
20191203,"14:39:01","SZ","NB",9111407616,7032480688,16143888304,2078926928
20191203,"14:40:01","SZ","NB",9148472868,7064703223,16213176091,2083769645
20191203,"14:40:01","SH","NB",7297010298,6046433447,13343443745,1250576851
20191203,"14:41:01","SH","NB",7334241978,6088683942,13422925920,1245558036
20191203,"14:41:01","SZ","NB",9191903240,7117727532,16309630772,2074175708
20191203,"14:42:01","SH","NB",7372255856,6131826593,13504082449,1240429263
20191203,"14:42:01","SZ","NB",9227920253,7162477876,16390398129,2065442377
20191203,"14:43:01","SH","NB",7411600376,6167749070,13579349446,1243851306
20191203,"14:43:01","SZ","NB",9262530853,7196949059,16459479912,2065581794
20191203,"14:44:01","SH","NB",7454914753,6220998769,13675913522,1233915984
20191203,"14:44:01","SZ","NB",9318540989,7239591291,16558132280,2078949698
20191203,"14:45:01","SH","NB",7492156203,6263085630,13755241833,1229070573
20191203,"14:45:01","SZ","NB",9353765906,7275216480,16628982386,2078549426
20191203,"14:46:01","SZ","NB",9392679653,7308803945,16701483598,2083875708
20191203,"14:46:01","SH","NB",7531388386,6305702025,13837090411,1225686361
20191203,"14:47:01","SH","NB",7582784568,6369920932,13952705500,1212863636
20191203,"14:47:01","SZ","NB",9437121734,7347457451,16784579185,2089664283
20191203,"14:48:01","SH","NB",7629288789,6402779332,14032068121,1226509457
20191203,"14:48:01","SZ","NB",9481980797,7386067689,16868048486,2095913108
20191203,"14:49:01","SH","NB",7672330867,6444303622,14116634489,1228027245
20191203,"14:49:01","SZ","NB",9530497910,7432302458,16962800368,2098195452
20191203,"14:50:01","SH","NB",7723736815,6497172016,14220908831,1226564799
20191203,"14:50:01","SZ","NB",9578505668,7479773902,17058279570,2098731766
20191203,"14:51:01","SH","NB",7774892796,6557945933,14332838729,1216946863
20191203,"14:51:01","SZ","NB",9631093659,7548745117,17179838776,2082348542
20191203,"14:52:01","SZ","NB",9680363507,7594313433,17274676940,2086050074
20191203,"14:52:01","SH","NB",7828752575,6591031206,14419783781,1237721369
20191203,"14:53:01","SH","NB",7880771209,6639764187,14520535396,1241007022
20191203,"14:53:01","SZ","NB",9739423501,7648258330,17387681831,2091165171
20191203,"14:54:01","SH","NB",7938568448,6701621954,14640190402,1236946494
20191203,"14:54:01","SZ","NB",9798099169,7715540997,17513640166,2082558172
20191203,"14:55:01","SH","NB",7996257844,6747366528,14743624372,1248891316
20191203,"14:55:01","SZ","NB",9841040832,7767375989,17608416821,2073664843
20191203,"14:56:01","SH","NB",8050387742,6792459250,14842846992,1257928492
20191203,"14:56:01","SZ","NB",9894089115,7814348753,17708437868,2079740362
20191203,"14:57:01","SH","NB",8104457024,6852096473,14956553497,1252360551
20191203,"14:57:01","SZ","NB",9946750479,7864362249,17811112728,2082388230
20191203,"14:58:01","SH","NB",8106527873,6855092397,14961620270,1251435476
20191203,"14:58:01","SZ","NB",9949081258,7866206496,17815287754,2082874762
20191203,"15:01:01","SH","NB",8309950958,6975557223,15285508181,1334393735
20191203,"15:01:01","SZ","NB",10116671498,7994364402,18111035900,2122307096
