dataDate,dataTime,connectMarket,tradeDirection,buyTurnover,sellTurnover,totalTurnover,netTurnover
20190523,"09:30:00","SH","NB",48301899,66417761,114719660,-18115862
20190523,"09:30:00","SZ","NB",20288160,71334713,91622873,-51046553
20190523,"09:31:00","SH","NB",135529520,267971972,403501492,-132442452
20190523,"09:31:00","SZ","NB",96021837,282341054,378362891,-186319217
20190523,"09:32:00","SH","NB",211826797,345648697,557475494,-133821900
20190523,"09:32:00","SZ","NB",260473874,444773478,705247352,-184299604
20190523,"09:33:00","SH","NB",274503922,471312588,745816510,-196808666
20190523,"09:33:00","SZ","NB",395412098,653868322,1049280420,-258456224
20190523,"09:34:00","SZ","NB",511718025,1022876257,1534594282,-511158232
20190523,"09:34:00","SH","NB",338492669,737496753,1075989422,-399004084
20190523,"09:35:00","SH","NB",481035555,903065150,1384100705,-422029595
20190523,"09:35:00","SZ","NB",696886566,1225666375,1922552941,-528779809
20190523,"09:36:00","SH","NB",550241177,1168916065,1719157242,-618674888
20190523,"09:36:00","SZ","NB",778866972,1487464807,2266331779,-708597835
20190523,"09:37:00","SH","NB",648599216,1319001461,1967600677,-670402245
20190523,"09:37:00","SZ","NB",944558595,1606827718,2551386313,-662269123
20190523,"09:38:00","SH","NB",711339426,1602492999,2313832425,-891153573
20190523,"09:38:00","SZ","NB",1016612343,1815050129,2831662472,-798437786
20190523,"09:39:00","SH","NB",857305578,1710819465,2568125043,-853513887
20190523,"09:39:00","SZ","NB",1245803219,1934621047,3180424266,-688817828
20190523,"09:40:00","SH","NB",917757098,1896890250,2814647348,-979133152
20190523,"09:40:00","SZ","NB",1315828318,2091928264,3407756582,-776099946
20190523,"09:41:00","SH","NB",999459836,1998110673,2997570509,-998650837
20190523,"09:41:00","SZ","NB",1449951530,2175811060,3625762590,-725859530
20190523,"09:42:00","SZ","NB",1510975035,2306667248,3817642283,-795692213
20190523,"09:42:00","SH","NB",1050945004,2128479498,3179424502,-1077534494
20190523,"09:43:00","SH","NB",1079579231,2216408488,3295987719,-1136829257
20190523,"09:43:00","SZ","NB",1556413476,2484951369,4041364845,-928537893
20190523,"09:44:00","SH","NB",1123188631,2325077736,3448266367,-1201889105
20190523,"09:44:00","SZ","NB",1601240183,2617063462,4218303645,-1015823279
20190523,"09:45:00","SH","NB",1200338962,2419388044,3619727006,-1219049082
20190523,"09:45:00","SZ","NB",1685740629,2711383594,4397124223,-1025642965
20190523,"09:46:00","SH","NB",1252930479,2512804617,3765735096,-1259874138
20190523,"09:46:00","SZ","NB",1750558259,2790637678,4541195937,-1040079419
20190523,"09:47:00","SH","NB",1310255672,2646375103,3956630775,-1336119431
20190523,"09:47:00","SZ","NB",1806776380,2858814505,4665590885,-1052038125
20190523,"09:48:00","SZ","NB",1978902078,2956300473,4935202551,-977398395
20190523,"09:48:00","SH","NB",1438103095,2748571001,4186674096,-1310467906
20190523,"09:49:00","SH","NB",1505299349,2940482843,4445782192,-1435183494
20190523,"09:49:00","SZ","NB",2054410013,3137023551,5191433564,-1082613538
20190523,"09:50:00","SH","NB",1554361446,3109927475,4664288921,-1555566029
20190523,"09:50:00","SZ","NB",2131446701,3236748787,5368195488,-1105302086
20190523,"09:51:00","SH","NB",1595302932,3239081785,4834384717,-1643778853
20190523,"09:51:00","SZ","NB",2203191741,3381017248,5584208989,-1177825507
20190523,"09:52:00","SH","NB",1647181727,3341157061,4988338788,-1693975334
20190523,"09:52:00","SZ","NB",2260786868,3497782829,5758569697,-1236995961
20190523,"09:53:00","SH","NB",1724188905,3391316286,5115505191,-1667127381
20190523,"09:53:00","SZ","NB",2382718986,3559707835,5942426821,-1176988849
20190523,"09:54:00","SH","NB",1766293917,3432951704,5199245621,-1666657787
20190523,"09:54:00","SZ","NB",2455234824,3601625618,6056860442,-1146390794
20190523,"09:55:00","SZ","NB",2520287918,3672875022,6193162940,-1152587104
20190523,"09:55:00","SH","NB",1802162844,3486327324,5288490168,-1684164480
20190523,"09:56:00","SH","NB",1875298232,3524030099,5399328331,-1648731867
20190523,"09:56:00","SZ","NB",2691363463,3724388168,6415751631,-1033024705
20190523,"09:57:00","SH","NB",1913775555,3602853586,5516629141,-1689078031
20190523,"09:57:00","SZ","NB",2755197459,3797069901,6552267360,-1041872442
20190523,"09:58:00","SH","NB",1955776876,3649729128,5605506004,-1693952252
20190523,"09:58:00","SZ","NB",2812833190,3843981918,6656815108,-1031148728
20190523,"09:59:00","SH","NB",1994749505,3732658459,5727407964,-1737908954
20190523,"09:59:00","SZ","NB",2856227743,3918284799,6774512542,-1062057056
20190523,"10:00:00","SH","NB",2022491020,3768152051,5790643071,-1745661031
20190523,"10:00:00","SZ","NB",2908201965,3983660538,6891862503,-1075458573
20190523,"10:01:00","SH","NB",2063363783,3901039731,5964403514,-1837675948
20190523,"10:01:00","SZ","NB",2958775334,4083400419,7042175753,-1124625085
20190523,"10:02:00","SH","NB",2119211179,3947489710,6066700889,-1828278531
20190523,"10:02:00","SZ","NB",3058308596,4128971183,7187279779,-1070662587
20190523,"10:03:00","SZ","NB",3104314847,4169783689,7274098536,-1065468842
20190523,"10:03:00","SH","NB",2156823678,4009105915,6165929593,-1852282237
20190523,"10:04:00","SH","NB",2207166245,4049646985,6256813230,-1842480740
20190523,"10:04:00","SZ","NB",3183627648,4201632766,7385260414,-1018005118
20190523,"10:05:00","SH","NB",2257167250,4075131725,6332298975,-1817964475
20190523,"10:05:00","SZ","NB",3254221669,4233705993,7487927662,-979484324
20190523,"10:06:00","SH","NB",2297311709,4103229098,6400540807,-1805917389
20190523,"10:06:00","SZ","NB",3307818057,4265565874,7573383931,-957747817
20190523,"10:07:00","SH","NB",2321656298,4139937170,6461593468,-1818280872
20190523,"10:07:00","SZ","NB",3331605086,4310071754,7641676840,-978466668
20190523,"10:08:00","SH","NB",2347984311,4252854435,6600838746,-1904870124
20190523,"10:08:00","SZ","NB",3357191466,4410917447,7768108913,-1053725981
20190523,"10:09:00","SZ","NB",3404444095,4457271606,7861715701,-1052827511
20190523,"10:09:00","SH","NB",2381072347,4292586074,6673658421,-1911513727
20190523,"10:10:00","SH","NB",2468847257,4312336029,6781183286,-1843488772
20190523,"10:10:00","SZ","NB",3501136957,4486877145,7988014102,-985740188
20190523,"10:11:00","SH","NB",2507981255,4389109498,6897090753,-1881128243
20190523,"10:11:00","SZ","NB",3551184905,4526432743,8077617648,-975247838
20190523,"10:12:00","SH","NB",2551217550,4416110502,6967328052,-1864892952
20190523,"10:12:00","SZ","NB",3596266576,4555170618,8151437194,-958904042
20190523,"10:13:00","SH","NB",2604186838,4439251718,7043438556,-1835064880
20190523,"10:13:00","SZ","NB",3653523059,4584708005,8238231064,-931184946
20190523,"10:14:00","SH","NB",2630390593,4489487761,7119878354,-1859097168
20190523,"10:14:00","SZ","NB",3681525382,4633366084,8314891466,-951840702
20190523,"10:15:00","SH","NB",2655230607,4510904708,7166135315,-1855674101
20190523,"10:15:00","SZ","NB",3711052885,4659279966,8370332851,-948227081
20190523,"10:16:00","SZ","NB",3730547415,4692841086,8423388501,-962293671
20190523,"10:16:00","SH","NB",2680349448,4537346114,7217695562,-1856996666
20190523,"10:17:00","SH","NB",2714446763,4559109082,7273555845,-1844662319
20190523,"10:17:00","SZ","NB",3761543354,4721003966,8482547320,-959460612
20190523,"10:18:00","SH","NB",2742658649,4581269197,7323927846,-1838610548
20190523,"10:18:00","SZ","NB",3782658964,4746698471,8529357435,-964039507
20190523,"10:19:00","SH","NB",2761740727,4623423091,7385163818,-1861682364
20190523,"10:19:00","SZ","NB",3798901097,4809185324,8608086421,-1010284227
20190523,"10:20:00","SH","NB",2787593691,4647932699,7435526390,-1860339008
20190523,"10:20:00","SZ","NB",3822639967,4863940899,8686580866,-1041300932
20190523,"10:21:00","SH","NB",2804826578,4671579516,7476406094,-1866752938
20190523,"10:21:00","SZ","NB",3839840334,4892699298,8732539632,-1052858964
20190523,"10:22:00","SH","NB",2821073922,4685423256,7506497178,-1864349334
20190523,"10:22:00","SZ","NB",3854860371,4919952039,8774812410,-1065091668
20190523,"10:23:00","SH","NB",2843637181,4701110719,7544747900,-1857473538
20190523,"10:23:00","SZ","NB",3882864493,4944932099,8827796592,-1062067606
20190523,"10:24:00","SZ","NB",3938376320,4961357886,8899734206,-1022981566
20190523,"10:24:00","SH","NB",2927982896,4717467308,7645450204,-1789484412
20190523,"10:25:00","SH","NB",3010359230,4740544403,7750903633,-1730185173
20190523,"10:25:00","SZ","NB",3987268635,4987039106,8974307741,-999770471
20190523,"10:26:00","SH","NB",3042296107,4799307867,7841603974,-1757011760
20190523,"10:26:00","SZ","NB",4009897727,5057314742,9067212469,-1047417015
20190523,"10:27:00","SZ","NB",4028213923,5082041118,9110255041,-1053827195
20190523,"10:27:00","SH","NB",3059121837,4814861899,7873983736,-1755740062
20190523,"10:28:00","SH","NB",3078288777,4854081237,7932370014,-1775792460
20190523,"10:28:00","SZ","NB",4043430785,5138447255,9181878040,-1095016470
20190523,"10:29:00","SH","NB",3096602783,4877863775,7974466558,-1781260992
20190523,"10:29:00","SZ","NB",4066471090,5165250190,9231721280,-1098779100
20190523,"10:30:00","SH","NB",3111848691,4892445710,8004294401,-1780597019
20190523,"10:30:00","SZ","NB",4081624128,5181936479,9263560607,-1100312351
20190523,"10:31:00","SH","NB",3128105607,4927166906,8055272513,-1799061299
20190523,"10:31:00","SZ","NB",4095210110,5230227888,9325437998,-1135017778
20190523,"10:32:00","SH","NB",3145093649,4945482371,8090576020,-1800388722
20190523,"10:32:00","SZ","NB",4111739946,5262603253,9374343199,-1150863307
20190523,"10:33:00","SH","NB",3173925217,4959657775,8133582992,-1785732558
20190523,"10:33:00","SZ","NB",4131793333,5280884903,9412678236,-1149091570
20190523,"10:34:00","SH","NB",3377758477,4990853464,8368611941,-1613094987
20190523,"10:34:00","SZ","NB",4296987004,5327328269,9624315273,-1030341265
20190523,"10:35:00","SH","NB",3454501543,5050525681,8505027224,-1596024138
20190523,"10:35:00","SZ","NB",4350856579,5395426140,9746282719,-1044569561
20190523,"10:36:00","SZ","NB",4374032412,5442240689,9816273101,-1068208277
20190523,"10:36:00","SH","NB",3487089999,5088759316,8575849315,-1601669317
20190523,"10:37:00","SH","NB",3502049465,5122030132,8624079597,-1619980667
20190523,"10:37:00","SZ","NB",4387366103,5487263692,9874629795,-1099897589
20190523,"10:38:00","SH","NB",3527339088,5136718738,8664057826,-1609379650
20190523,"10:38:00","SZ","NB",4405689048,5510101875,9915790923,-1104412827
20190523,"10:39:00","SZ","NB",4417709947,5535679951,9953389898,-1117970004
20190523,"10:39:00","SH","NB",3547389267,5153033609,8700422876,-1605644342
20190523,"10:40:00","SH","NB",3579216146,5198748355,8777964501,-1619532209
20190523,"10:40:00","SZ","NB",4432956959,5601585751,10034542710,-1168628792
20190523,"10:41:00","SH","NB",3597694156,5212360971,8810055127,-1614666815
20190523,"10:41:00","SZ","NB",4452636352,5617489860,10070126212,-1164853508
20190523,"10:42:00","SH","NB",3637493440,5225964721,8863458161,-1588471281
20190523,"10:42:00","SZ","NB",4487797691,5634254256,10122051947,-1146456565
20190523,"10:43:00","SH","NB",3660267209,5241444225,8901711434,-1581177016
20190523,"10:43:00","SZ","NB",4504896871,5654506713,10159403584,-1149609842
20190523,"10:44:00","SH","NB",3675562274,5267235431,8942797705,-1591673157
20190523,"10:44:00","SZ","NB",4514752181,5679469125,10194221306,-1164716944
20190523,"10:45:00","SH","NB",3691694506,5280509613,8972204119,-1588815107
20190523,"10:45:00","SZ","NB",4526673280,5695746518,10222419798,-1169073238
20190523,"10:46:00","SH","NB",3731308023,5293479232,9024787255,-1562171209
20190523,"10:46:00","SZ","NB",4562304375,5713388169,10275692544,-1151083794
20190523,"10:47:00","SH","NB",3847427065,5309173000,9156600065,-1461745935
20190523,"10:47:00","SZ","NB",4622609528,5727901658,10350511186,-1105292130
20190523,"10:48:00","SH","NB",3881440513,5329458795,9210899308,-1448018282
20190523,"10:48:00","SZ","NB",4639510151,5752615008,10392125159,-1113104857
20190523,"10:49:00","SZ","NB",4659750265,5769510173,10429260438,-1109759908
20190523,"10:49:00","SH","NB",3923354923,5346322599,9269677522,-1422967676
20190523,"10:50:00","SH","NB",3946052692,5362657024,9308709716,-1416604332
20190523,"10:50:00","SZ","NB",4673192224,5791751058,10464943282,-1118558834
20190523,"10:51:00","SH","NB",4128885135,5382299443,9511184578,-1253414308
20190523,"10:51:00","SZ","NB",4760598266,5812996721,10573594987,-1052398455
20190523,"10:52:00","SH","NB",4249453303,5425829407,9675282710,-1176376104
20190523,"10:52:00","SZ","NB",4824068647,5846335726,10670404373,-1022267079
20190523,"10:53:00","SZ","NB",4843836594,5881662880,10725499474,-1037826286
20190523,"10:53:00","SH","NB",4295430287,5453956785,9749387072,-1158526498
20190523,"10:54:00","SH","NB",4355456210,5479328046,9834784256,-1123871836
20190523,"10:54:00","SZ","NB",4872798779,5907526773,10780325552,-1034727994
20190523,"10:55:00","SH","NB",4381829198,5527033740,9908862938,-1145204542
20190523,"10:55:00","SZ","NB",4888160973,5969483034,10857644007,-1081322061
20190523,"10:56:00","SH","NB",4399062297,5549812624,9948874921,-1150750327
20190523,"10:56:00","SZ","NB",4901646575,6008306560,10909953135,-1106659985
20190523,"10:57:00","SH","NB",4414270822,5565714134,9979984956,-1151443312
20190523,"10:57:00","SZ","NB",4915204516,6034224186,10949428702,-1119019670
20190523,"10:58:00","SH","NB",4429206830,5584814242,10014021072,-1155607412
20190523,"10:58:00","SZ","NB",4931081796,6057975974,10989057770,-1126894178
20190523,"10:59:00","SH","NB",4444505245,5620065606,10064570851,-1175560361
20190523,"10:59:00","SZ","NB",4944360133,6089110040,11033470173,-1144749907
20190523,"11:00:00","SZ","NB",4954447836,6140411085,11094858921,-1185963249
20190523,"11:00:00","SH","NB",4464612711,5657286259,10121898970,-1192673548
20190523,"11:01:00","SH","NB",4484304461,5691072568,10175377029,-1206768107
20190523,"11:01:00","SZ","NB",4967043853,6173577790,11140621643,-1206533937
20190523,"11:02:00","SH","NB",4503226662,5713414389,10216641051,-1210187727
20190523,"11:02:00","SZ","NB",4981485958,6189978679,11171464637,-1208492721
20190523,"11:03:00","SZ","NB",4995315831,6203043221,11198359052,-1207727390
20190523,"11:03:00","SH","NB",4518016154,5726490156,10244506310,-1208474002
20190523,"11:04:00","SH","NB",4537789919,5764856863,10302646782,-1227066944
20190523,"11:04:00","SZ","NB",5007239914,6249129249,11256369163,-1241889335
20190523,"11:05:00","SZ","NB",5023004314,6287168293,11310172607,-1264163979
20190523,"11:05:00","SH","NB",4554010676,5793751105,10347761781,-1239740429
20190523,"11:06:00","SH","NB",4573188121,5808144132,10381332253,-1234956011
20190523,"11:06:00","SZ","NB",5050260910,6307761108,11358022018,-1257500198
20190523,"11:07:00","SH","NB",4586115158,5825828853,10411944011,-1239713695
20190523,"11:07:00","SZ","NB",5064965300,6358440642,11423405942,-1293475342
20190523,"11:08:00","SH","NB",4604071559,5889154894,10493226453,-1285083335
20190523,"11:08:00","SZ","NB",5079761695,6429246917,11509008612,-1349485222
20190523,"11:09:00","SH","NB",4623089271,5912990884,10536080155,-1289901613
20190523,"11:09:00","SZ","NB",5099201348,6470697997,11569899345,-1371496649
20190523,"11:10:00","SH","NB",4636989887,5932138474,10569128361,-1295148587
20190523,"11:10:00","SZ","NB",5115816376,6490970768,11606787144,-1375154392
20190523,"11:11:00","SH","NB",4656209706,6017004294,10673214000,-1360794588
20190523,"11:11:00","SZ","NB",5133787249,6563559763,11697347012,-1429772514
20190523,"11:12:00","SH","NB",4692570671,6036152272,10728722943,-1343581601
20190523,"11:12:00","SZ","NB",5180457319,6586767996,11767225315,-1406310677
20190523,"11:13:00","SH","NB",4705744053,6047405415,10753149468,-1341661362
20190523,"11:13:00","SZ","NB",5196939620,6601009387,11797949007,-1404069767
20190523,"11:14:00","SZ","NB",5209559210,6615596257,11825155467,-1406037047
20190523,"11:14:00","SH","NB",4719369360,6058038750,10777408110,-1338669390
20190523,"11:15:00","SH","NB",4732970246,6080918554,10813888800,-1347948308
20190523,"11:15:00","SZ","NB",5221573952,6640000910,11861574862,-1418426958
20190523,"11:16:00","SH","NB",4742728839,6096362163,10839091002,-1353633324
20190523,"11:16:00","SZ","NB",5229094296,6658884524,11887978820,-1429790228
20190523,"11:17:00","SZ","NB",5241516528,6672947066,11914463594,-1431430538
20190523,"11:17:00","SH","NB",4755107281,6109842086,10864949367,-1354734805
20190523,"11:18:00","SH","NB",4767326679,6123876615,10891203294,-1356549936
20190523,"11:18:00","SZ","NB",5250887253,6689451610,11940338863,-1438564357
20190523,"11:19:00","SH","NB",4783630441,6136821307,10920451748,-1353190866
20190523,"11:19:00","SZ","NB",5265917570,6703469218,11969386788,-1437551648
20190523,"11:20:00","SH","NB",4799042881,6151316231,10950359112,-1352273350
20190523,"11:20:00","SZ","NB",5280960023,6716431333,11997391356,-1435471310
20190523,"11:21:00","SH","NB",4811003364,6167760842,10978764206,-1356757478
20190523,"11:21:00","SZ","NB",5293457349,6739980537,12033437886,-1446523188
20190523,"11:22:00","SZ","NB",5310451207,6783730168,12094181375,-1473278961
20190523,"11:22:00","SH","NB",4823306955,6183233962,11006540917,-1359927007
20190523,"11:23:00","SH","NB",4845398711,6199951282,11045349993,-1354552571
20190523,"11:23:00","SZ","NB",5336512152,6806286898,12142799050,-1469774746
20190523,"11:24:00","SH","NB",4858229216,6212761030,11070990246,-1354531814
20190523,"11:24:00","SZ","NB",5349333741,6827327687,12176661428,-1477993946
20190523,"11:25:00","SH","NB",4874655420,6229823053,11104478473,-1355167633
20190523,"11:25:00","SZ","NB",5362854825,6859170015,12222024840,-1496315190
20190523,"11:26:00","SH","NB",4887593731,6275931697,11163525428,-1388337966
20190523,"11:26:00","SZ","NB",5373145215,6890212712,12263357927,-1517067497
20190523,"11:27:00","SH","NB",4905102182,6305812407,11210914589,-1400710225
20190523,"11:27:00","SZ","NB",5390562751,6937655397,12328218148,-1547092646
20190523,"11:28:00","SH","NB",4932337793,6323196292,11255534085,-1390858499
20190523,"11:28:00","SZ","NB",5426403872,6963039454,12389443326,-1536635582
20190523,"11:29:00","SZ","NB",5449383455,6978744270,12428127725,-1529360815
20190523,"11:29:00","SH","NB",4962018140,6339570653,11301588793,-1377552513
20190523,"11:30:00","SH","NB",5050442660,6362653666,11413096326,-1312211006
20190523,"11:30:00","SZ","NB",5496136879,6998076692,12494213571,-1501939813
20190523,"11:31:00","SH","NB",5050445902,6362758973,11413204875,-1312313071
20190523,"13:01:00","SH","NB",5107155302,6397644131,11504799433,-1290488829
20190523,"13:01:00","SZ","NB",5549862234,7056814630,12606676864,-1506952396
20190523,"13:02:00","SH","NB",5128209995,6432760508,11560970503,-1304550513
20190523,"13:02:00","SZ","NB",5565582922,7092630216,12658213138,-1527047294
20190523,"13:03:00","SZ","NB",5577164573,7112235272,12689399845,-1535070699
20190523,"13:03:00","SH","NB",5147619164,6453256776,11600875940,-1305637612
20190523,"13:04:00","SH","NB",5164700248,6470547823,11635248071,-1305847575
20190523,"13:04:00","SZ","NB",5593225703,7142625592,12735851295,-1549399889
20190523,"13:05:00","SH","NB",5188655757,6488253655,11676909412,-1299597898
20190523,"13:05:00","SZ","NB",5610194805,7163646354,12773841159,-1553451549
20190523,"13:06:00","SH","NB",5222863197,6506562055,11729425252,-1283698858
20190523,"13:06:00","SZ","NB",5639095330,7184524306,12823619636,-1545428976
20190523,"13:07:00","SH","NB",5446705273,6547793386,11994498659,-1101088113
20190523,"13:07:00","SZ","NB",5774408806,7234915293,13009324099,-1460506487
20190523,"13:08:00","SH","NB",5481319620,6574948311,12056267931,-1093628691
20190523,"13:08:00","SZ","NB",5801408766,7285955653,13087364419,-1484546887
20190523,"13:09:00","SZ","NB",5815514340,7314404209,13129918549,-1498889869
20190523,"13:09:00","SH","NB",5502166258,6596583166,12098749424,-1094416908
20190523,"13:10:00","SH","NB",5520763256,6617723287,12138486543,-1096960031
20190523,"13:10:00","SZ","NB",5827513541,7334871809,13162385350,-1507358268
20190523,"13:11:00","SH","NB",5538435381,6637930888,12176366269,-1099495507
20190523,"13:11:00","SZ","NB",5839834467,7359624980,13199459447,-1519790513
20190523,"13:12:00","SH","NB",5555675376,6659644532,12215319908,-1103969156
20190523,"13:12:00","SZ","NB",5851237969,7382962018,13234199987,-1531724049
20190523,"13:13:00","SH","NB",5573495691,6672938127,12246433818,-1099442436
20190523,"13:13:00","SZ","NB",5864556385,7403658894,13268215279,-1539102509
20190523,"13:14:00","SH","NB",5610006920,6688947331,12298954251,-1078940411
20190523,"13:14:00","SZ","NB",5883550504,7420395812,13303946316,-1536845308
20190523,"13:15:00","SH","NB",5641958609,6703325038,12345283647,-1061366429
20190523,"13:15:00","SZ","NB",5909832956,7435061324,13344894280,-1525228368
20190523,"13:16:00","SH","NB",5653195904,6716119792,12369315696,-1062923888
20190523,"13:16:00","SZ","NB",5918578368,7452116073,13370694441,-1533537705
20190523,"13:17:00","SH","NB",5666996678,6731605297,12398601975,-1064608619
20190523,"13:17:00","SZ","NB",5931745163,7479125993,13410871156,-1547380830
20190523,"13:18:00","SH","NB",5688441686,6750068426,12438510112,-1061626740
20190523,"13:18:00","SZ","NB",5943187077,7500465358,13443652435,-1557278281
20190523,"13:19:00","SZ","NB",5955382803,7517400751,13472783554,-1562017948
20190523,"13:19:00","SH","NB",5703939219,6763317670,12467256889,-1059378451
20190523,"13:20:00","SH","NB",5751154684,6786676149,12537830833,-1035521465
20190523,"13:20:00","SZ","NB",5985217356,7537444328,13522661684,-1552226972
20190523,"13:21:00","SH","NB",5766690938,6802696903,12569387841,-1036005965
20190523,"13:21:00","SZ","NB",5997655111,7561114360,13558769471,-1563459249
20190523,"13:22:00","SH","NB",5780197408,6817083520,12597280928,-1036886112
20190523,"13:22:00","SZ","NB",6008179109,7579323126,13587502235,-1571144017
20190523,"13:23:00","SH","NB",5800105235,6864645010,12664750245,-1064539775
20190523,"13:23:00","SZ","NB",6022486931,7637448126,13659935057,-1614961195
20190523,"13:24:00","SH","NB",5823542917,6914395173,12737938090,-1090852256
20190523,"13:24:00","SZ","NB",6042051340,7688026150,13730077490,-1645974810
20190523,"13:25:00","SH","NB",5857839385,6936034966,12793874351,-1078195581
20190523,"13:25:00","SZ","NB",6071760431,7717526366,13789286797,-1645765935
20190523,"13:26:00","SH","NB",5923004633,6958809847,12881814480,-1035805214
20190523,"13:26:00","SZ","NB",6130930401,7742917398,13873847799,-1611986997
20190523,"13:27:00","SZ","NB",6151439676,7769139513,13920579189,-1617699837
20190523,"13:27:00","SH","NB",5947853924,6977325073,12925178997,-1029471149
20190523,"13:28:00","SH","NB",5967120681,6995590853,12962711534,-1028470172
20190523,"13:28:00","SZ","NB",6168591457,7786082601,13954674058,-1617491144
20190523,"13:29:00","SH","NB",6001496072,7018898401,13020394473,-1017402329
20190523,"13:29:00","SZ","NB",6190580336,7804393518,13994973854,-1613813182
20190523,"13:30:00","SZ","NB",6203595702,7822275621,14025871323,-1618679919
20190523,"13:30:00","SH","NB",6019467199,7034972446,13054439645,-1015505247
20190523,"13:31:00","SH","NB",6035807511,7048481966,13084289477,-1012674455
20190523,"13:31:00","SZ","NB",6218946450,7840655149,14059601599,-1621708699
20190523,"13:32:00","SH","NB",6056904398,7065774257,13122678655,-1008869859
20190523,"13:32:00","SZ","NB",6230406564,7856501432,14086907996,-1626094868
20190523,"13:33:00","SH","NB",6096018578,7082717895,13178736473,-986699317
20190523,"13:33:00","SZ","NB",6250359863,7872549896,14122909759,-1622190033
20190523,"13:34:00","SH","NB",6122965653,7105068491,13228034144,-982102838
20190523,"13:34:00","SZ","NB",6269119478,7893094123,14162213601,-1623974645
20190523,"13:35:00","SH","NB",6175943686,7129007032,13304950718,-953063346
20190523,"13:35:00","SZ","NB",6299971454,7920224097,14220195551,-1620252643
20190523,"13:36:00","SH","NB",6210605226,7154909409,13365514635,-944304183
20190523,"13:36:00","SZ","NB",6323877565,7948584863,14272462428,-1624707298
20190523,"13:37:00","SH","NB",6231936993,7178686183,13410623176,-946749190
20190523,"13:37:00","SZ","NB",6335036245,7980801420,14315837665,-1645765175
20190523,"13:38:00","SH","NB",6251485727,7211566021,13463051748,-960080294
20190523,"13:38:00","SZ","NB",6347046836,8013967578,14361014414,-1666920742
20190523,"13:39:00","SZ","NB",6360773166,8067991961,14428765127,-1707218795
20190523,"13:39:00","SH","NB",6271534661,7246628126,13518162787,-975093465
20190523,"13:40:00","SH","NB",6289810656,7267868807,13557679463,-978058151
20190523,"13:40:00","SZ","NB",6377074154,8091922988,14468997142,-1714848834
20190523,"13:41:00","SH","NB",6310635496,7293069905,13603705401,-982434409
20190523,"13:41:00","SZ","NB",6396638718,8112589920,14509228638,-1715951202
20190523,"13:42:00","SH","NB",6334131190,7311020572,13645151762,-976889382
20190523,"13:42:00","SZ","NB",6422795830,8128240061,14551035891,-1705444231
20190523,"13:43:00","SH","NB",6350834290,7335778110,13686612400,-984943820
20190523,"13:43:00","SZ","NB",6434498512,8152291977,14586790489,-1717793465
20190523,"13:44:00","SZ","NB",6447090669,8178236979,14625327648,-1731146310
20190523,"13:44:00","SH","NB",6365599400,7361741084,13727340484,-996141684
20190523,"13:45:00","SH","NB",6383730146,7389503074,13773233220,-1005772928
20190523,"13:45:00","SZ","NB",6464377088,8200665831,14665042919,-1736288743
20190523,"13:46:00","SH","NB",6403865186,7409153290,13813018476,-1005288104
20190523,"13:46:00","SZ","NB",6482385479,8221055256,14703440735,-1738669777
20190523,"13:47:00","SH","NB",6424130670,7429759135,13853889805,-1005628465
20190523,"13:47:00","SZ","NB",6500249334,8248033207,14748282541,-1747783873
20190523,"13:48:00","SH","NB",6440116599,7455175016,13895291615,-1015058417
20190523,"13:48:00","SZ","NB",6514840176,8281855721,14796695897,-1767015545
20190523,"13:49:00","SH","NB",6466489290,7476163181,13942652471,-1009673891
20190523,"13:49:00","SZ","NB",6535527379,8298769949,14834297328,-1763242570
20190523,"13:50:00","SH","NB",6497444451,7508465403,14005909854,-1011020952
20190523,"13:50:00","SZ","NB",6549937663,8329708947,14879646610,-1779771284
20190523,"13:51:00","SH","NB",6520989530,7558289456,14079278986,-1037299926
20190523,"13:51:00","SZ","NB",6566838977,8386921649,14953760626,-1820082672
20190523,"13:52:00","SZ","NB",6591875076,8434709527,15026584603,-1842834451
20190523,"13:52:00","SH","NB",6541181284,7603717573,14144898857,-1062536289
20190523,"13:53:00","SH","NB",6570109633,7639162462,14209272095,-1069052829
20190523,"13:53:00","SZ","NB",6627284597,8482754085,15110038682,-1855469488
20190523,"13:54:00","SH","NB",6634782517,7666988411,14301770928,-1032205894
20190523,"13:54:00","SZ","NB",6706328534,8520664997,15226993531,-1814336463
20190523,"13:55:00","SH","NB",6663238237,7687238563,14350476800,-1024000326
20190523,"13:55:00","SZ","NB",6733292891,8546929342,15280222233,-1813636451
20190523,"13:56:00","SH","NB",6679698975,7718621980,14398320955,-1038923005
20190523,"13:56:00","SZ","NB",6753689889,8566526452,15320216341,-1812836563
20190523,"13:57:00","SH","NB",6702273806,7731641960,14433915766,-1029368154
20190523,"13:57:00","SZ","NB",6779737550,8595660727,15375398277,-1815923177
20190523,"13:58:00","SH","NB",6719788397,7754763572,14474551969,-1034975175
20190523,"13:58:00","SZ","NB",6807800443,8651789011,15459589454,-1843988568
20190523,"13:59:00","SH","NB",6735582202,7785458040,14521040242,-1049875838
20190523,"13:59:00","SZ","NB",6823999167,8684051682,15508050849,-1860052515
20190523,"14:00:00","SZ","NB",6837005422,8702865566,15539870988,-1865860144
20190523,"14:00:00","SH","NB",6747907331,7808999157,14556906488,-1061091826
20190523,"14:01:00","SH","NB",6769430507,7835635253,14605065760,-1066204746
20190523,"14:01:00","SZ","NB",6863630303,8720671750,15584302053,-1857041447
20190523,"14:02:00","SH","NB",6790069391,7860566975,14650636366,-1070497584
20190523,"14:02:00","SZ","NB",6876534311,8742034989,15618569300,-1865500678
20190523,"14:03:00","SH","NB",6806728382,7883382375,14690110757,-1076653993
20190523,"14:03:00","SZ","NB",6887961599,8762003996,15649965595,-1874042397
20190523,"14:04:00","SH","NB",6830215725,7920024339,14750240064,-1089808614
20190523,"14:04:00","SZ","NB",6904740244,8802377805,15707118049,-1897637561
20190523,"14:05:00","SH","NB",6852060797,7955327132,14807387929,-1103266335
20190523,"14:05:00","SZ","NB",6926857001,8845803341,15772660342,-1918946340
20190523,"14:06:00","SZ","NB",6946249984,8916852646,15863102630,-1970602662
20190523,"14:06:00","SH","NB",6877359520,8015690060,14893049580,-1138330540
20190523,"14:07:00","SH","NB",6904603810,8082011792,14986615602,-1177407982
20190523,"14:07:00","SZ","NB",6979325323,8977063269,15956388592,-1997737946
20190523,"14:08:00","SH","NB",6996322811,8125274021,15121596832,-1128951210
20190523,"14:08:00","SZ","NB",7069530390,9021416233,16090946623,-1951885843
20190523,"14:09:00","SH","NB",7017104123,8146918049,15164022172,-1129813926
20190523,"14:09:00","SZ","NB",7089280671,9051942038,16141222709,-1962661367
20190523,"14:10:00","SH","NB",7036414953,8175980463,15212395416,-1139565510
20190523,"14:10:00","SZ","NB",7104362203,9086535510,16190897713,-1982173307
20190523,"14:11:00","SH","NB",7058015851,8197819492,15255835343,-1139803641
20190523,"14:11:00","SZ","NB",7117353025,9118922932,16236275957,-2001569907
20190523,"14:12:00","SH","NB",7086110283,8230411624,15316521907,-1144301341
20190523,"14:12:00","SZ","NB",7145726460,9147954186,16293680646,-2002227726
20190523,"14:13:00","SH","NB",7113123050,8256274301,15369397351,-1143151251
20190523,"14:13:00","SZ","NB",7176989689,9165769850,16342759539,-1988780161
20190523,"14:14:00","SZ","NB",7190629955,9190998753,16381628708,-2000368798
20190523,"14:14:00","SH","NB",7132187937,8282402985,15414590922,-1150215048
20190523,"14:15:00","SH","NB",7145825263,8305201253,15451026516,-1159375990
20190523,"14:15:00","SZ","NB",7202031831,9217362749,16419394580,-2015330918
20190523,"14:16:00","SH","NB",7159641118,8329483013,15489124131,-1169841895
20190523,"14:16:00","SZ","NB",7216999774,9251108159,16468107933,-2034108385
20190523,"14:17:00","SH","NB",7190999448,8359197622,15550197070,-1168198174
20190523,"14:17:00","SZ","NB",7252589817,9300248100,16552837917,-2047658283
20190523,"14:18:00","SH","NB",7231005236,8383209377,15614214613,-1152204141
20190523,"14:18:00","SZ","NB",7278734095,9321963960,16600698055,-2043229865
20190523,"14:19:00","SH","NB",7252559242,8403018799,15655578041,-1150459557
20190523,"14:19:00","SZ","NB",7294087987,9345570175,16639658162,-2051482188
20190523,"14:20:00","SH","NB",7359941340,8443394566,15803335906,-1083453226
20190523,"14:20:00","SZ","NB",7372080490,9379024877,16751105367,-2006944387
20190523,"14:21:00","SH","NB",7397285956,8469980771,15867266727,-1072694815
20190523,"14:21:00","SZ","NB",7409008695,9417196876,16826205571,-2008188181
20190523,"14:22:00","SZ","NB",7429717805,9458850325,16888568130,-2029132520
20190523,"14:22:00","SH","NB",7428535685,8501451710,15929987395,-1072916025
20190523,"14:23:00","SH","NB",7448957479,8532016468,15980973947,-1083058989
20190523,"14:23:00","SZ","NB",7445683334,9490004347,16935687681,-2044321013
20190523,"14:24:00","SH","NB",7496888552,8562253807,16059142359,-1065365255
20190523,"14:24:00","SZ","NB",7457296034,9525607508,16982903542,-2068311474
20190523,"14:25:00","SH","NB",7539165574,8585906497,16125072071,-1046740923
20190523,"14:25:00","SZ","NB",7471619566,9554729764,17026349330,-2083110198
20190523,"14:26:00","SH","NB",7559785401,8610436846,16170222247,-1050651445
20190523,"14:26:00","SZ","NB",7485638240,9589002253,17074640493,-2103364013
20190523,"14:27:00","SH","NB",7588922684,8644705654,16233628338,-1055782970
20190523,"14:27:00","SZ","NB",7502333255,9622810028,17125143283,-2120476773
20190523,"14:28:00","SH","NB",7610916032,8677838071,16288754103,-1066922039
20190523,"14:28:00","SZ","NB",7520472792,9657699072,17178171864,-2137226280
20190523,"14:29:00","SH","NB",7631737344,8708961496,16340698840,-1077224152
20190523,"14:29:00","SZ","NB",7538529115,9687779259,17226308374,-2149250144
20190523,"14:30:00","SH","NB",7651403470,8735447640,16386851110,-1084044170
20190523,"14:30:00","SZ","NB",7556568387,9719812270,17276380657,-2163243883
20190523,"14:31:00","SZ","NB",7580139930,9757951276,17338091206,-2177811346
20190523,"14:31:00","SH","NB",7674848237,8761321669,16436169906,-1086473432
20190523,"14:32:00","SH","NB",7701408187,8807263798,16508671985,-1105855611
20190523,"14:32:00","SZ","NB",7601172307,9795978009,17397150316,-2194805702
20190523,"14:33:00","SH","NB",7749298866,8849084432,16598383298,-1099785566
20190523,"14:33:00","SZ","NB",7641991982,9838995188,17480987170,-2197003206
20190523,"14:34:00","SH","NB",7790801246,8887193572,16677994818,-1096392326
20190523,"14:34:00","SZ","NB",7666579303,9870808903,17537388206,-2204229600
20190523,"14:35:00","SZ","NB",7693215772,9918825044,17612040816,-2225609272
20190523,"14:35:00","SH","NB",7831757194,8936598473,16768355667,-1104841279
20190523,"14:36:00","SH","NB",7911450544,8994786675,16906237219,-1083336131
20190523,"14:36:00","SZ","NB",7739475730,9969493854,17708969584,-2230018124
20190523,"14:37:00","SH","NB",7949223509,9038654226,16987877735,-1089430717
20190523,"14:37:00","SZ","NB",7764141247,10003554460,17767695707,-2239413213
20190523,"14:38:00","SH","NB",7977905080,9077706137,17055611217,-1099801057
20190523,"14:38:00","SZ","NB",7783475007,10036961664,17820436671,-2253486657
20190523,"14:39:00","SH","NB",8000657281,9112670315,17113327596,-1112013034
20190523,"14:39:00","SZ","NB",7806680877,10082995163,17889676040,-2276314286
20190523,"14:40:00","SH","NB",8028430510,9161992503,17190423013,-1133561993
20190523,"14:40:00","SZ","NB",7828644709,10131200981,17959845690,-2302556272
20190523,"14:41:00","SH","NB",8056772816,9232503433,17289276249,-1175730617
20190523,"14:41:00","SZ","NB",7856847595,10210764877,18067612472,-2353917282
20190523,"14:42:00","SH","NB",8107671894,9329303714,17436975608,-1221631820
20190523,"14:42:00","SZ","NB",7897563794,10308833308,18206397102,-2411269514
20190523,"14:43:00","SZ","NB",7974804511,10364430064,18339234575,-2389625553
20190523,"14:43:00","SH","NB",8183641849,9389775819,17573417668,-1206133970
20190523,"14:44:00","SH","NB",8224266527,9433886525,17658153052,-1209619998
20190523,"14:44:00","SZ","NB",8010704321,10408846649,18419550970,-2398142328
20190523,"14:45:00","SH","NB",8288241642,9491480802,17779722444,-1203239160
20190523,"14:45:00","SZ","NB",8047036133,10460357727,18507393860,-2413321594
20190523,"14:46:00","SH","NB",8416196661,9617732187,18033928848,-1201535526
20190523,"14:46:00","SZ","NB",8138675959,10521051238,18659727197,-2382375279
20190523,"14:47:00","SH","NB",8460431242,9690588515,18151019757,-1230157273
20190523,"14:47:00","SZ","NB",8180708678,10580716183,18761424861,-2400007505
20190523,"14:48:00","SH","NB",8505829988,9782943913,18288773901,-1277113925
20190523,"14:48:00","SZ","NB",8206219714,10639228272,18845447986,-2433008558
20190523,"14:49:00","SH","NB",8552455645,9867502619,18419958264,-1315046974
20190523,"14:49:00","SZ","NB",8232176748,10689815695,18921992443,-2457638947
20190523,"14:50:00","SH","NB",8622446578,9960671711,18583118289,-1338225133
20190523,"14:50:00","SZ","NB",8258542449,10751432488,19009974937,-2492890039
20190523,"14:51:00","SZ","NB",8304947059,10807526643,19112473702,-2502579584
20190523,"14:51:00","SH","NB",8696041264,10045422835,18741464099,-1349381571
20190523,"14:52:00","SH","NB",8742532597,10120824414,18863357011,-1378291817
20190523,"14:52:00","SZ","NB",8345785455,10866206518,19211991973,-2520421063
20190523,"14:53:00","SH","NB",8790165031,10208920736,18999085767,-1418755705
20190523,"14:53:00","SZ","NB",8384759094,10923741725,19308500819,-2538982631
20190523,"14:54:00","SH","NB",8853152669,10297178855,19150331524,-1444026186
20190523,"14:54:00","SZ","NB",8423103363,10974949392,19398052755,-2551846029
20190523,"14:55:00","SH","NB",8900844703,10374015261,19274859964,-1473170558
20190523,"14:55:00","SZ","NB",8449466730,11034266049,19483732779,-2584799319
20190523,"14:56:00","SH","NB",8947418797,10445025534,19392444331,-1497606737
20190523,"14:56:00","SZ","NB",8475424939,11089319754,19564744693,-2613894815
20190523,"14:57:00","SH","NB",8981663906,10489033099,19470697005,-1507369193
20190523,"14:57:00","SZ","NB",8496859053,11130256732,19627115785,-2633397679
20190523,"14:58:00","SH","NB",8981668918,10489119211,19470788129,-1507450293
20190523,"15:01:00","SH","NB",9077562810,10559819349,19637382159,-1482256539
20190523,"15:01:00","SZ","NB",8573909063,11205715394,19779624457,-2631806331
