dataDate,dataTime,connectMarket,tradeDirection,buyTurnover,sellTurnover,totalTurnover,netTurnover
20200610,"09:30:01","SH","NB",116656569,161360309,278016878,-44703740
20200610,"09:30:01","SZ","NB",118009956,107613841,225623797,10396115
20200610,"09:31:01","SH","NB",256303233,391853024,648156257,-135549791
20200610,"09:31:01","SZ","NB",278402153,363667806,642069959,-85265653
20200610,"09:32:01","SH","NB",439800028,541219579,981019607,-101419551
20200610,"09:32:01","SZ","NB",572855005,556996269,1129851274,15858736
20200610,"09:33:01","SH","NB",652743360,721676121,1374419481,-68932761
20200610,"09:33:01","SZ","NB",894061917,822845450,1716907367,71216467
20200610,"09:34:01","SH","NB",842460097,887720441,1730180538,-45260344
20200610,"09:34:01","SZ","NB",1132548485,1139762435,2272310920,-7213950
20200610,"09:35:01","SH","NB",965809186,1124908602,2090717788,-159099416
20200610,"09:35:01","SZ","NB",1317333301,1424338701,2741672002,-107005400
20200610,"09:36:01","SH","NB",1078873352,1281051280,2359924632,-202177928
20200610,"09:36:01","SZ","NB",1547296894,1640316572,3187613466,-93019678
20200610,"09:37:01","SZ","NB",1814550472,1915140830,3729691302,-100590358
20200610,"09:37:01","SH","NB",1230061223,1406245411,2636306634,-176184188
20200610,"09:38:01","SH","NB",1336883061,1527903550,2864786611,-191020489
20200610,"09:38:01","SZ","NB",2021019243,2105883720,4126902963,-84864477
20200610,"09:39:01","SH","NB",1436197502,1644567306,3080764808,-208369804
20200610,"09:39:01","SZ","NB",2172394365,2294483810,4466878175,-122089445
20200610,"09:40:01","SH","NB",1527819032,1767857316,3295676348,-240038284
20200610,"09:40:01","SZ","NB",2346154636,2480282686,4826437322,-134128050
20200610,"09:41:01","SH","NB",1688530327,1906255524,3594785851,-217725197
20200610,"09:41:01","SZ","NB",2689193894,2686130863,5375324757,3063031
20200610,"09:42:01","SH","NB",1780133100,1979068578,3759201678,-198935478
20200610,"09:42:01","SZ","NB",2870525475,2808408812,5678934287,62116663
20200610,"09:43:01","SH","NB",1865801053,2110748771,3976549824,-244947718
20200610,"09:43:01","SZ","NB",3019579183,3016788204,6036367387,2790979
20200610,"09:44:01","SH","NB",1933107230,2166426510,4099533740,-233319280
20200610,"09:44:01","SZ","NB",3170018421,3147112125,6317130546,22906296
20200610,"09:45:01","SH","NB",2005449080,2226571454,4232020534,-221122374
20200610,"09:45:01","SZ","NB",3336308379,3237361797,6573670176,98946582
20200610,"09:46:01","SH","NB",2093900216,2353090437,4446990653,-259190221
20200610,"09:46:01","SZ","NB",3519773468,3482295537,7002069005,37477931
20200610,"09:47:01","SZ","NB",3763289900,3595669931,7358959831,167619969
20200610,"09:47:01","SH","NB",2214655276,2409505690,4624160966,-194850414
20200610,"09:48:01","SH","NB",2321807745,2464938255,4786746000,-143130510
20200610,"09:48:01","SZ","NB",3943155226,3709952234,7653107460,233202992
20200610,"09:49:01","SH","NB",2388030300,2534925527,4922955827,-146895227
20200610,"09:49:01","SZ","NB",4078320200,3858637310,7936957510,219682890
20200610,"09:50:01","SH","NB",2451823442,2598422782,5050246224,-146599340
20200610,"09:50:01","SZ","NB",4198996300,3989804289,8188800589,209192011
20200610,"09:51:01","SH","NB",2565289488,2743665726,5308955214,-178376238
20200610,"09:51:01","SZ","NB",4354553703,4301799802,8656353505,52753901
20200610,"09:52:01","SZ","NB",4569936025,4473887875,9043823900,96048150
20200610,"09:52:01","SH","NB",2673469502,2923763636,5597233138,-250294134
20200610,"09:53:01","SH","NB",2789355561,3004020645,5793376206,-214665084
20200610,"09:53:01","SZ","NB",4790037684,4580037929,9370075613,209999755
20200610,"09:54:01","SH","NB",2880744326,3074250409,5954994735,-193506083
20200610,"09:54:01","SZ","NB",4932976250,4737870782,9670847032,195105468
20200610,"09:55:01","SH","NB",2956124067,3124336932,6080460999,-168212865
20200610,"09:55:01","SZ","NB",5079829670,4843118632,9922948302,236711038
20200610,"09:56:01","SH","NB",3078743745,3226849205,6305592950,-148105460
20200610,"09:56:01","SZ","NB",5271932342,5029473043,10301405385,242459299
20200610,"09:57:01","SH","NB",3173609637,3323275622,6496885259,-149665985
20200610,"09:57:01","SZ","NB",5394101379,5248907759,10643009138,145193620
20200610,"09:58:01","SH","NB",3220099192,3384785898,6604885090,-164686706
20200610,"09:58:01","SZ","NB",5503740079,5342939936,10846680015,160800143
20200610,"09:59:01","SH","NB",3294878559,3440560705,6735439264,-145682146
20200610,"09:59:01","SZ","NB",5670117500,5430033445,11100150945,240084055
20200610,"10:00:01","SZ","NB",5791980397,5583322153,11375302550,208658244
20200610,"10:00:01","SH","NB",3357211604,3519590680,6876802284,-162379076
20200610,"10:01:01","SH","NB",3416495707,3598171574,7014667281,-181675867
20200610,"10:01:01","SZ","NB",5957533297,5732353851,11689887148,225179446
20200610,"10:02:01","SH","NB",3474421800,3643565655,7117987455,-169143855
20200610,"10:02:01","SZ","NB",6081834050,5832901163,11914735213,248932887
20200610,"10:03:01","SH","NB",3522413904,3704172576,7226586480,-181758672
20200610,"10:03:01","SZ","NB",6202637763,5970668925,12173306688,231968838
20200610,"10:04:01","SH","NB",3593888676,3765794328,7359683004,-171905652
20200610,"10:04:01","SZ","NB",6356990491,6114719811,12471710302,242270680
20200610,"10:05:01","SH","NB",3643894082,3806676411,7450570493,-162782329
20200610,"10:05:01","SZ","NB",6447769050,6203332652,12651101702,244436398
20200610,"10:06:01","SH","NB",3718270963,3915735419,7634006382,-197464456
20200610,"10:06:01","SZ","NB",6576801180,6409500585,12986301765,167300595
20200610,"10:07:01","SH","NB",3773099094,4002889256,7775988350,-229790162
20200610,"10:07:01","SZ","NB",6664779392,6553717990,13218497382,111061402
20200610,"10:08:01","SZ","NB",6786871092,6671743118,13458614210,115127974
20200610,"10:08:01","SH","NB",3842699350,4052678079,7895377429,-209978729
20200610,"10:09:01","SH","NB",3976950586,4103406102,8080356688,-126455516
20200610,"10:09:01","SZ","NB",6933735525,6756848781,13690584306,176886744
20200610,"10:10:01","SH","NB",4034623218,4214901715,8249524933,-180278497
20200610,"10:10:01","SZ","NB",7017955565,6932048492,13950004057,85907073
20200610,"10:11:01","SH","NB",4121621925,4335304646,8456926571,-213682721
20200610,"10:11:01","SZ","NB",7122745534,7124579909,14247325443,-1834375
20200610,"10:12:01","SH","NB",4187016205,4415349753,8602365958,-228333548
20200610,"10:12:01","SZ","NB",7222729682,7237456873,14460186555,-14727191
20200610,"10:13:01","SH","NB",4239561080,4465396212,8704957292,-225835132
20200610,"10:13:01","SZ","NB",7318207827,7319306870,14637514697,-1099043
20200610,"10:14:01","SZ","NB",7406139037,7374283249,14780422286,31855788
20200610,"10:14:01","SH","NB",4313980016,4517795573,8831775589,-203815557
20200610,"10:15:01","SH","NB",4382866595,4555522303,8938388898,-172655708
20200610,"10:15:01","SZ","NB",7540588141,7428902017,14969490158,111686124
20200610,"10:16:01","SH","NB",4442906434,4585809637,9028716071,-142903203
20200610,"10:16:01","SZ","NB",7627101148,7491091931,15118193079,136009217
20200610,"10:17:01","SH","NB",4483363106,4621277762,9104640868,-137914656
20200610,"10:17:01","SZ","NB",7682651797,7551495616,15234147413,131156181
20200610,"10:18:01","SH","NB",4512762078,4668178214,9180940292,-155416136
20200610,"10:18:01","SZ","NB",7740269035,7635723415,15375992450,104545620
20200610,"10:19:01","SH","NB",4556657403,4717606980,9274264383,-160949577
20200610,"10:19:01","SZ","NB",7811873239,7692805257,15504678496,119067982
20200610,"10:20:01","SH","NB",4608024163,4754300584,9362324747,-146276421
20200610,"10:20:01","SZ","NB",7881209358,7746311129,15627520487,134898229
20200610,"10:21:01","SH","NB",4666876709,4814789461,9481666170,-147912752
20200610,"10:21:01","SZ","NB",7978296298,7841729175,15820025473,136567123
20200610,"10:22:01","SH","NB",4723540159,4876457722,9599997881,-152917563
20200610,"10:22:01","SZ","NB",8055537136,7924618471,15980155607,130918665
20200610,"10:23:01","SH","NB",4765191004,4917446137,9682637141,-152255133
20200610,"10:23:01","SZ","NB",8133222568,7982436440,16115659008,150786128
20200610,"10:24:01","SZ","NB",8215353969,8039007481,16254361450,176346488
20200610,"10:24:01","SH","NB",4816542560,4959238333,9775780893,-142695773
20200610,"10:25:01","SH","NB",4857943541,5020919535,9878863076,-162975994
20200610,"10:25:01","SZ","NB",8267268880,8110837740,16378106620,156431140
20200610,"10:26:01","SH","NB",4899918060,5065921021,9965839081,-166002961
20200610,"10:26:01","SZ","NB",8326687356,8155696419,16482383775,170990937
20200610,"10:27:01","SH","NB",4931177436,5137717983,10068895419,-206540547
20200610,"10:27:01","SZ","NB",8377955598,8220772394,16598727992,157183204
20200610,"10:28:01","SH","NB",4969776590,5195171029,10164947619,-225394439
20200610,"10:28:01","SZ","NB",8455068363,8275895077,16730963440,179173286
20200610,"10:29:01","SH","NB",5012912865,5247831571,10260744436,-234918706
20200610,"10:29:01","SZ","NB",8547742564,8320906202,16868648766,226836362
20200610,"10:30:01","SH","NB",5052570798,5290210855,10342781653,-237640057
20200610,"10:30:01","SZ","NB",8612093640,8378706225,16990799865,233387415
20200610,"10:31:01","SH","NB",5106523932,5429314954,10535838886,-322791022
20200610,"10:31:01","SZ","NB",8696449333,8577264081,17273713414,119185252
20200610,"10:32:01","SH","NB",5161276292,5512433326,10673709618,-351157034
20200610,"10:32:01","SZ","NB",8754941799,8676576808,17431518607,78364991
20200610,"10:33:01","SZ","NB",8818485100,8756852666,17575337766,61632434
20200610,"10:33:01","SH","NB",5206497217,5585148919,10791646136,-378651702
20200610,"10:34:01","SH","NB",5245513385,5644854372,10890367757,-399340987
20200610,"10:34:01","SZ","NB",8881814685,8832883916,17714698601,48930769
20200610,"10:35:01","SH","NB",5299843998,5699032126,10998876124,-399188128
20200610,"10:35:01","SZ","NB",8938685810,8889542694,17828228504,49143116
20200610,"10:36:01","SH","NB",5347642525,5782177129,11129819654,-434534604
20200610,"10:36:01","SZ","NB",8990796169,8974302280,17965098449,16493889
20200610,"10:37:01","SH","NB",5389170788,5876513876,11265684664,-487343088
20200610,"10:37:01","SZ","NB",9047874958,9089424290,18137299248,-41549332
20200610,"10:38:01","SZ","NB",9146331599,9184951811,18331283410,-38620212
20200610,"10:38:01","SH","NB",5441368536,5978811316,11420179852,-537442780
20200610,"10:39:01","SH","NB",5487490069,6030990388,11518480457,-543500319
20200610,"10:39:01","SZ","NB",9210475838,9223211253,18433687091,-12735415
20200610,"10:40:01","SH","NB",5529616736,6137346788,11666963524,-607730052
20200610,"10:40:01","SZ","NB",9265645650,9312186992,18577832642,-46541342
20200610,"10:41:01","SH","NB",5601045943,6211326647,11812372590,-610280704
20200610,"10:41:01","SZ","NB",9402207851,9425108332,18827316183,-22900481
20200610,"10:42:01","SH","NB",5652140608,6257751422,11909892030,-605610814
20200610,"10:42:01","SZ","NB",9480510164,9470816040,18951326204,9694124
20200610,"10:43:01","SZ","NB",9567820125,9514720627,19082540752,53099498
20200610,"10:43:01","SH","NB",5696816682,6317824503,12014641185,-621007821
20200610,"10:44:01","SH","NB",5731996712,6354707441,12086704153,-622710729
20200610,"10:44:01","SZ","NB",9657915773,9568417657,19226333430,89498116
20200610,"10:45:01","SH","NB",5772249858,6438291767,12210541625,-666041909
20200610,"10:45:01","SZ","NB",9713726615,9645500856,19359227471,68225759
20200610,"10:46:01","SH","NB",5806171555,6500657473,12306829028,-694485918
20200610,"10:46:01","SZ","NB",9769695086,9739027599,19508722685,30667487
20200610,"10:47:01","SH","NB",5833681515,6528739965,12362421480,-695058450
20200610,"10:47:01","SZ","NB",9815821972,9784774706,19600596678,31047266
20200610,"10:48:01","SZ","NB",9869479789,9821205365,19690685154,48274424
20200610,"10:48:01","SH","NB",5869728091,6564866643,12434594734,-695138552
20200610,"10:49:01","SH","NB",5909833051,6611706686,12521539737,-701873635
20200610,"10:49:01","SZ","NB",9931607589,9882238890,19813846479,49368699
20200610,"10:50:01","SH","NB",5938890884,6661467158,12600358042,-722576274
20200610,"10:50:01","SZ","NB",9978045989,9936300138,19914346127,41745851
20200610,"10:51:01","SH","NB",5988305372,6730321248,12718626620,-742015876
20200610,"10:51:01","SZ","NB",10057070347,10054231967,20111302314,2838380
20200610,"10:52:01","SH","NB",6071250177,6774779234,12846029411,-703529057
20200610,"10:52:01","SZ","NB",10183552475,10107358182,20290910657,76194293
20200610,"10:53:01","SH","NB",6137931807,6804039521,12941971328,-666107714
20200610,"10:53:01","SZ","NB",10269291869,10148642928,20417934797,120648941
20200610,"10:54:01","SZ","NB",10340485163,10192196768,20532681931,148288395
20200610,"10:54:01","SH","NB",6182447990,6837564665,13020012655,-655116675
20200610,"10:55:01","SH","NB",6231725838,6875436649,13107162487,-643710811
20200610,"10:55:01","SZ","NB",10397823980,10234267941,20632091921,163556039
20200610,"10:56:01","SH","NB",6279697418,6908174078,13187871496,-628476660
20200610,"10:56:01","SZ","NB",10459434976,10276735820,20736170796,182699156
20200610,"10:57:01","SH","NB",6306346588,6939567210,13245913798,-633220622
20200610,"10:57:01","SZ","NB",10502267581,10309599919,20811867500,192667662
20200610,"10:58:01","SH","NB",6352355858,6979398084,13331753942,-627042226
20200610,"10:58:01","SZ","NB",10554828629,10340973050,20895801679,213855579
20200610,"10:59:01","SH","NB",6385775699,7024127179,13409902878,-638351480
20200610,"10:59:01","SZ","NB",10591525337,10381606220,20973131557,209919117
20200610,"11:00:01","SH","NB",6413941086,7061662116,13475603202,-647721030
20200610,"11:00:01","SZ","NB",10632758006,10424319530,21057077536,208438476
20200610,"11:01:01","SH","NB",6446475741,7116509144,13562984885,-670033403
20200610,"11:01:01","SZ","NB",10697486123,10495053978,21192540101,202432145
20200610,"11:02:01","SH","NB",6500039949,7156656970,13656696919,-656617021
20200610,"11:02:01","SZ","NB",10764730819,10534115814,21298846633,230615005
20200610,"11:03:01","SH","NB",6539170979,7190178465,13729349444,-651007486
20200610,"11:03:01","SZ","NB",10859456869,10577565667,21437022536,281891202
20200610,"11:04:01","SZ","NB",10904652391,10614796497,21519448888,289855894
20200610,"11:04:01","SH","NB",6567577147,7230498740,13798075887,-662921593
20200610,"11:05:01","SH","NB",6593328988,7272817723,13866146711,-679488735
20200610,"11:05:01","SZ","NB",10944891575,10662251393,21607142968,282640182
20200610,"11:06:01","SH","NB",6615851281,7307097773,13922949054,-691246492
20200610,"11:06:01","SZ","NB",10982049891,10707776347,21689826238,274273544
20200610,"11:07:01","SH","NB",6641704216,7352147118,13993851334,-710442902
20200610,"11:07:01","SZ","NB",11018710548,10754431655,21773142203,264278893
20200610,"11:08:01","SH","NB",6675175634,7391500866,14066676500,-716325232
20200610,"11:08:01","SZ","NB",11078850219,10795168257,21874018476,283681962
20200610,"11:09:01","SH","NB",6706545451,7426920152,14133465603,-720374701
20200610,"11:09:01","SZ","NB",11152416296,10827508969,21979925265,324907327
20200610,"11:10:01","SH","NB",6757094251,7477027686,14234121937,-719933435
20200610,"11:10:01","SZ","NB",11215216880,10864081110,22079297990,351135770
20200610,"11:11:01","SH","NB",6820522913,7525455983,14345978896,-704933070
20200610,"11:11:01","SZ","NB",11355609550,10912831446,22268440996,442778104
20200610,"11:12:01","SH","NB",6870976274,7575893636,14446869910,-704917362
20200610,"11:12:01","SZ","NB",11434602620,10971762446,22406365066,462840174
20200610,"11:13:01","SH","NB",6900503730,7611901018,14512404748,-711397288
20200610,"11:13:01","SZ","NB",11476521480,11008105881,22484627361,468415599
20200610,"11:14:01","SZ","NB",11529629787,11083732642,22613362429,445897145
20200610,"11:14:01","SH","NB",6939915463,7700473123,14640388586,-760557660
20200610,"11:15:01","SH","NB",6961822056,7731594169,14693416225,-769772113
20200610,"11:15:01","SZ","NB",11565569991,11124585192,22690155183,440984799
20200610,"11:16:01","SH","NB",6987295545,7774687602,14761983147,-787392057
20200610,"11:16:01","SZ","NB",11619213618,11155600136,22774813754,463613482
20200610,"11:17:01","SH","NB",7021478016,7814809402,14836287418,-793331386
20200610,"11:17:01","SZ","NB",11651097508,11196949413,22848046921,454148095
20200610,"11:18:01","SH","NB",7050724161,7843739073,14894463234,-793014912
20200610,"11:18:01","SZ","NB",11680000312,11218904117,22898904429,461096195
20200610,"11:19:01","SZ","NB",11712725258,11262283824,22975009082,450441434
20200610,"11:19:01","SH","NB",7075161665,7879551379,14954713044,-804389714
20200610,"11:20:01","SH","NB",7101625814,7911519668,15013145482,-809893854
20200610,"11:20:01","SZ","NB",11777375288,11295188985,23072564273,482186303
20200610,"11:21:01","SH","NB",7168478733,7953347782,15121826515,-784869049
20200610,"11:21:01","SZ","NB",11877518699,11347005788,23224524487,530512911
20200610,"11:22:01","SH","NB",7218184419,7990254765,15208439184,-772070346
20200610,"11:22:01","SZ","NB",11958131967,11396156261,23354288228,561975706
20200610,"11:23:01","SZ","NB",11999848858,11429785068,23429633926,570063790
20200610,"11:23:01","SH","NB",7248157750,8019824291,15267982041,-771666541
20200610,"11:24:01","SH","NB",7273529499,8055192901,15328722400,-781663402
20200610,"11:24:01","SZ","NB",12039366390,11469601417,23508967807,569764973
20200610,"11:25:01","SH","NB",7311240780,8080878209,15392118989,-769637429
20200610,"11:25:01","SZ","NB",12077680586,11504651326,23582331912,573029260
20200610,"11:26:01","SH","NB",7349936230,8116291380,15466227610,-766355150
20200610,"11:26:01","SZ","NB",12129948944,11538459542,23668408486,591489402
20200610,"11:27:01","SH","NB",7383308138,8153984881,15537293019,-770676743
20200610,"11:27:01","SZ","NB",12162123869,11594846174,23756970043,567277695
20200610,"11:28:01","SH","NB",7412664804,8178544033,15591208837,-765879229
20200610,"11:28:01","SZ","NB",12200172089,11627613709,23827785798,572558380
20200610,"11:29:01","SH","NB",7438312922,8202292221,15640605143,-763979299
20200610,"11:29:01","SZ","NB",12259366989,11656196420,23915563409,603170569
20200610,"11:30:01","SZ","NB",12294424010,11682961904,23977385914,611462106
20200610,"11:30:01","SH","NB",7468091091,8237002480,15705093571,-768911389
20200610,"11:31:01","SH","NB",7469272076,8237933806,15707205882,-768661730
20200610,"11:31:01","SZ","NB",12295386441,11684702862,23980089303,610683579
20200610,"13:00:01","SH","NB",7469306808,8237950690,15707257498,-768643882
20200610,"13:00:01","SZ","NB",12304628977,11694917508,23999546485,609711469
20200610,"13:01:01","SH","NB",7581842836,8340711395,15922554231,-758868559
20200610,"13:01:01","SZ","NB",12466211733,11832631509,24298843242,633580224
20200610,"13:02:01","SH","NB",7661951087,8384740712,16046691799,-722789625
20200610,"13:02:01","SZ","NB",12598416984,11911469304,24509886288,686947680
20200610,"13:03:01","SH","NB",7726535972,8428133707,16154669679,-701597735
20200610,"13:03:01","SZ","NB",12662856126,11978868649,24641724775,683987477
20200610,"13:04:01","SH","NB",7767008634,8470265407,16237274041,-703256773
20200610,"13:04:01","SZ","NB",12713666848,12037702481,24751369329,675964367
20200610,"13:05:01","SH","NB",7803575180,8503613833,16307189013,-700038653
20200610,"13:05:01","SZ","NB",12763722843,12081642403,24845365246,682080440
20200610,"13:06:01","SH","NB",7839874016,8544677517,16384551533,-704803501
20200610,"13:06:01","SZ","NB",12807194745,12160259993,24967454738,646934752
20200610,"13:07:01","SZ","NB",12867658879,12213400253,25081059132,654258626
20200610,"13:07:01","SH","NB",7887571226,8596330135,16483901361,-708758909
20200610,"13:08:01","SH","NB",7928224132,8629760931,16557985063,-701536799
20200610,"13:08:01","SZ","NB",12916242253,12245064075,25161306328,671178178
20200610,"13:09:01","SH","NB",7973733975,8663167367,16636901342,-689433392
20200610,"13:09:01","SZ","NB",12985281468,12294755102,25280036570,690526366
20200610,"13:10:01","SH","NB",8013066618,8691335614,16704402232,-678268996
20200610,"13:10:01","SZ","NB",13043589776,12333429870,25377019646,710159906
20200610,"13:11:01","SH","NB",8067774848,8746639131,16814413979,-678864283
20200610,"13:11:01","SZ","NB",13152008755,12405300645,25557309400,746708110
20200610,"13:12:01","SH","NB",8101729005,8786333666,16888062671,-684604661
20200610,"13:12:01","SZ","NB",13214365372,12469522235,25683887607,744843137
20200610,"13:13:01","SH","NB",8129594576,8831356111,16960950687,-701761535
20200610,"13:13:01","SZ","NB",13270122390,12521292385,25791414775,748830005
20200610,"13:14:01","SH","NB",8156285496,8870564546,17026850042,-714279050
20200610,"13:14:01","SZ","NB",13312545525,12581859184,25894404709,730686341
20200610,"13:15:01","SH","NB",8184815692,8896682429,17081498121,-711866737
20200610,"13:15:01","SZ","NB",13378819030,12629866728,26008685758,748952302
20200610,"13:16:01","SH","NB",8232043893,8924730086,17156773979,-692686193
20200610,"13:16:01","SZ","NB",13457803362,12666269578,26124072940,791533784
20200610,"13:17:01","SZ","NB",13528393668,12710952355,26239346023,817441313
20200610,"13:17:01","SH","NB",8266104603,8956426619,17222531222,-690322016
20200610,"13:18:01","SH","NB",8295073465,9000870192,17295943657,-705796727
20200610,"13:18:01","SZ","NB",13575808626,12756703700,26332512326,819104926
20200610,"13:19:01","SH","NB",8322459280,9034364338,17356823618,-711905058
20200610,"13:19:01","SZ","NB",13616008871,12804578083,26420586954,811430788
20200610,"13:20:01","SH","NB",8350802551,9073573970,17424376521,-722771419
20200610,"13:20:01","SZ","NB",13673683170,12835736399,26509419569,837946771
20200610,"13:21:01","SH","NB",8383211059,9121771131,17504982190,-738560072
20200610,"13:21:01","SZ","NB",13739398791,12912290011,26651688802,827108780
20200610,"13:22:01","SH","NB",8430496936,9187235787,17617732723,-756738851
20200610,"13:22:01","SZ","NB",13806250320,12992860030,26799110350,813390290
20200610,"13:23:01","SH","NB",8463255081,9220695306,17683950387,-757440225
20200610,"13:23:01","SZ","NB",13881236720,13033048918,26914285638,848187802
20200610,"13:24:01","SH","NB",8510055750,9251502681,17761558431,-741446931
20200610,"13:24:01","SZ","NB",13969639267,13078214607,27047853874,891424660
20200610,"13:25:01","SH","NB",8543527986,9288393195,17831921181,-744865209
20200610,"13:25:01","SZ","NB",14053184457,13157621199,27210805656,895563258
20200610,"13:26:01","SZ","NB",14111589477,13203058469,27314647946,908531008
20200610,"13:26:01","SH","NB",8571685193,9318256401,17889941594,-746571208
20200610,"13:27:01","SH","NB",8612907213,9363395409,17976302622,-750488196
20200610,"13:27:01","SZ","NB",14162873512,13265496690,27428370202,897376822
20200610,"13:28:01","SH","NB",8647196514,9411056952,18058253466,-763860438
20200610,"13:28:01","SZ","NB",14208450321,13337069810,27545520131,871380511
20200610,"13:29:01","SH","NB",8683389124,9443923598,18127312722,-760534474
20200610,"13:29:01","SZ","NB",14258706870,13372232642,27630939512,886474228
20200610,"13:30:01","SH","NB",8724185499,9475669766,18199855265,-751484267
20200610,"13:30:01","SZ","NB",14312646063,13419258035,27731904098,893388028
20200610,"13:31:01","SH","NB",8778978376,9525035084,18304013460,-746056708
20200610,"13:31:01","SZ","NB",14414982614,13484587723,27899570337,930394891
20200610,"13:32:01","SZ","NB",14482849840,13550097323,28032947163,932752517
20200610,"13:32:01","SH","NB",8812901389,9566242689,18379144078,-753341300
20200610,"13:33:01","SH","NB",8850964059,9597796192,18448760251,-746832133
20200610,"13:33:01","SZ","NB",14548683914,13606965003,28155648917,941718911
20200610,"13:34:01","SZ","NB",14610020127,13666440090,28276460217,943580037
20200610,"13:34:01","SH","NB",8887265927,9628757788,18516023715,-741491861
20200610,"13:35:01","SH","NB",8922643999,9695247397,18617891396,-772603398
20200610,"13:35:01","SZ","NB",14700085745,13737169263,28437255008,962916482
20200610,"13:36:01","SH","NB",8955406785,9735287177,18690693962,-779880392
20200610,"13:36:01","SZ","NB",14743568314,13800775869,28544344183,942792445
20200610,"13:37:01","SH","NB",8993408662,9772222288,18765630950,-778813626
20200610,"13:37:01","SZ","NB",14803754064,13837689907,28641443971,966064157
20200610,"13:38:01","SH","NB",9024559979,9803847687,18828407666,-779287708
20200610,"13:38:01","SZ","NB",14868752098,13891812906,28760565004,976939192
20200610,"13:39:01","SH","NB",9060913158,9837794581,18898707739,-776881423
20200610,"13:39:01","SZ","NB",14922440846,13946199974,28868640820,976240872
20200610,"13:40:01","SH","NB",9098065325,9868836636,18966894995,-770771311
20200610,"13:40:01","SZ","NB",14962149831,13987349347,28949499178,974800484
20200610,"13:41:01","SH","NB",9134078735,9916756849,19050835584,-782678114
20200610,"13:41:01","SZ","NB",15021080308,14055015801,29076096109,966064507
20200610,"13:42:01","SH","NB",9175631250,9949427939,19125059189,-773796689
20200610,"13:42:01","SZ","NB",15098074615,14089696634,29187771249,1008377981
20200610,"13:43:01","SZ","NB",15150576163,14122472305,29273048468,1028103858
20200610,"13:43:01","SH","NB",9204872110,9974885688,19179757798,-770013578
20200610,"13:44:01","SH","NB",9233677271,10003740685,19237417956,-770063414
20200610,"13:44:01","SZ","NB",15191448864,14157278308,29348727172,1034170556
20200610,"13:45:01","SH","NB",9262460557,10023303540,19285764097,-760842983
20200610,"13:45:01","SZ","NB",15260380898,14193120603,29453501501,1067260295
20200610,"13:46:01","SH","NB",9285256300,10047083211,19332339511,-761826911
20200610,"13:46:01","SZ","NB",15291947797,14237338975,29529286772,1054608822
20200610,"13:47:01","SH","NB",9315622167,10077635538,19393257705,-762013371
20200610,"13:47:01","SZ","NB",15338482029,14289301079,29627783108,1049180950
20200610,"13:48:01","SH","NB",9342155990,10114992247,19457148237,-772836257
20200610,"13:48:01","SZ","NB",15379351589,14336754655,29716106244,1042596934
20200610,"13:49:01","SH","NB",9369835488,10147236329,19517071817,-777400841
20200610,"13:49:01","SZ","NB",15426277557,14380849235,29807126792,1045428322
20200610,"13:50:01","SH","NB",9394460336,10174720142,19569180478,-780259806
20200610,"13:50:01","SZ","NB",15470925766,14412854941,29883780707,1058070825
20200610,"13:51:01","SH","NB",9443463739,10213391577,19656855316,-769927838
20200610,"13:51:01","SZ","NB",15546582387,14472006024,30018588411,1074576363
20200610,"13:52:01","SZ","NB",15590331437,14508723801,30099055238,1081607636
20200610,"13:52:01","SH","NB",9480813276,10253702870,19734516146,-772889594
20200610,"13:53:01","SH","NB",9517008671,10286663872,19803672543,-769655201
20200610,"13:53:01","SZ","NB",15624003631,14551410857,30175414488,1072592774
20200610,"13:54:01","SH","NB",9542508582,10320203945,19862712527,-777695363
20200610,"13:54:01","SZ","NB",15664461810,14583576083,30248037893,1080885727
20200610,"13:55:01","SH","NB",9565764873,10354665882,19920430755,-788901009
20200610,"13:55:01","SZ","NB",15699314912,14635767573,30335082485,1063547339
20200610,"13:56:01","SZ","NB",15742403297,14673542782,30415946079,1068860515
20200610,"13:56:01","SH","NB",9594767665,10399091637,19993859302,-804323972
20200610,"13:57:01","SH","NB",9625670514,10433116708,20058787222,-807446194
20200610,"13:57:01","SZ","NB",15784292153,14709299014,30493591167,1074993139
20200610,"13:58:01","SH","NB",9652814095,10457714132,20110528227,-804900037
20200610,"13:58:01","SZ","NB",15838879398,14735722238,30574601636,1103157160
20200610,"13:59:01","SH","NB",9679024571,10485370370,20164394941,-806345799
20200610,"13:59:01","SZ","NB",15907859649,14761350490,30669210139,1146509159
20200610,"14:00:01","SH","NB",9713262729,10522955480,20236218209,-809692751
20200610,"14:00:01","SZ","NB",16001653234,14820726548,30822379782,1180926686
20200610,"14:01:01","SH","NB",9766687004,10643493249,20410180253,-876806245
20200610,"14:01:01","SZ","NB",16071789791,14990675578,31062465369,1081114213
20200610,"14:02:01","SH","NB",9798956518,10681653199,20480609717,-882696681
20200610,"14:02:01","SZ","NB",16132643813,15035702483,31168346296,1096941330
20200610,"14:03:01","SZ","NB",16184068130,15070643928,31254712058,1113424202
20200610,"14:03:01","SH","NB",9833531744,10703142456,20536674200,-869610712
20200610,"14:04:01","SH","NB",9863774755,10731949408,20595724163,-868174653
20200610,"14:04:01","SZ","NB",16230146353,15114973439,31345119792,1115172914
20200610,"14:05:01","SH","NB",9890656752,10764971680,20655628432,-874314928
20200610,"14:05:01","SZ","NB",16279000076,15160649196,31439649272,1118350880
20200610,"14:06:01","SH","NB",9918946600,10829618049,20748564649,-910671449
20200610,"14:06:01","SZ","NB",16322384702,15241017438,31563402140,1081367264
20200610,"14:07:01","SH","NB",9951664244,10877781661,20829445905,-926117417
20200610,"14:07:01","SZ","NB",16376858362,15299056353,31675914715,1077802009
20200610,"14:08:01","SH","NB",9976013138,10925569307,20901582445,-949556169
20200610,"14:08:01","SZ","NB",16412078713,15350351145,31762429858,1061727568
20200610,"14:09:01","SZ","NB",16470966167,15403765034,31874731201,1067201133
20200610,"14:09:01","SH","NB",10007751225,10962354637,20970105862,-954603412
20200610,"14:10:01","SH","NB",10037670526,11000236299,21037906825,-962565773
20200610,"14:10:01","SZ","NB",16517901886,15453000580,31970902466,1064901306
20200610,"14:11:01","SH","NB",10091018783,11083389878,21174408661,-992371095
20200610,"14:11:01","SZ","NB",16589275738,15554324791,32143600529,1034950947
20200610,"14:12:01","SH","NB",10134742812,11131617608,21266360420,-996874796
20200610,"14:12:01","SZ","NB",16659980752,15616709048,32276689800,1043271704
20200610,"14:13:01","SZ","NB",16725918110,15648028096,32373946206,1077890014
20200610,"14:13:01","SH","NB",10176477269,11162936519,21339413788,-986459250
20200610,"14:14:01","SH","NB",10206797428,11197632275,21404429703,-990834847
20200610,"14:14:01","SZ","NB",16796962520,15690646795,32487609315,1106315725
20200610,"14:15:01","SH","NB",10240077246,11230807657,21470884903,-990730411
20200610,"14:15:01","SZ","NB",16860299726,15727039522,32587339248,1133260204
20200610,"14:16:01","SH","NB",10272394885,11255306962,21527701847,-982912077
20200610,"14:16:01","SZ","NB",16923280658,15757285077,32680565735,1165995581
20200610,"14:17:01","SH","NB",10304841141,11284148799,21588989940,-979307658
20200610,"14:17:01","SZ","NB",16990487567,15788577762,32779065329,1201909805
20200610,"14:18:01","SH","NB",10332427472,11310409613,21642837085,-977982141
20200610,"14:18:01","SZ","NB",17036353756,15819810372,32856164128,1216543384
20200610,"14:19:01","SH","NB",10389224594,11337056497,21726281091,-947831903
20200610,"14:19:01","SZ","NB",17194244321,15865590417,33059834738,1328653904
20200610,"14:20:01","SH","NB",10432558099,11363982839,21796540938,-931424740
20200610,"14:20:01","SZ","NB",17262475913,15920605150,33183081063,1341870763
20200610,"14:21:01","SZ","NB",17368548510,15989620835,33358169345,1378927675
20200610,"14:21:01","SH","NB",10499582290,11406842229,21906424519,-907259939
20200610,"14:22:01","SH","NB",10544301091,11454578426,21998879517,-910277335
20200610,"14:22:01","SZ","NB",17430051077,16060116799,33490167876,1369934278
20200610,"14:23:01","SH","NB",10580783702,11498816039,22079599741,-918032337
20200610,"14:23:01","SZ","NB",17472487235,16103379365,33575866600,1369107870
20200610,"14:24:01","SH","NB",10620169247,11548241289,22168410536,-928072042
20200610,"14:24:01","SZ","NB",17519020501,16144618370,33663638871,1374402131
20200610,"14:25:01","SZ","NB",17591055027,16192158594,33783213621,1398896433
20200610,"14:25:01","SH","NB",10654458011,11587001881,22241459892,-932543870
20200610,"14:26:01","SH","NB",10685273622,11623678111,22308951733,-938404489
20200610,"14:26:01","SZ","NB",17663196153,16229012441,33892208594,1434183712
20200610,"14:27:01","SH","NB",10720119310,11645971521,22366090831,-925852211
20200610,"14:27:01","SZ","NB",17721164567,16265714565,33986879132,1455450002
20200610,"14:28:01","SH","NB",10749834447,11673833860,22423668307,-923999413
20200610,"14:28:01","SZ","NB",17816010135,16319039966,34135050101,1496970169
20200610,"14:29:01","SH","NB",10777123838,11702430541,22479554379,-925306703
20200610,"14:29:01","SZ","NB",17854939656,16355288143,34210227799,1499651513
20200610,"14:30:01","SH","NB",10815505558,11757355222,22572860780,-941849664
20200610,"14:30:01","SZ","NB",17898363704,16418983750,34317347454,1479379954
20200610,"14:31:01","SZ","NB",17990225414,16495053806,34485279220,1495171608
20200610,"14:31:01","SH","NB",10857324676,11814079764,22671404440,-956755088
20200610,"14:32:01","SH","NB",10893596279,11879015540,22772611819,-985419261
20200610,"14:32:01","SZ","NB",18044594716,16581699861,34626294577,1462894855
20200610,"14:33:01","SH","NB",10929149841,11942688476,22871838317,-1013538635
20200610,"14:33:01","SZ","NB",18113378340,16669375202,34782753542,1444003138
20200610,"14:34:01","SH","NB",10970734390,11976764260,22947498650,-1006029870
20200610,"14:34:01","SZ","NB",18197203393,16715351128,34912554521,1481852265
20200610,"14:35:01","SH","NB",11008357907,12011424190,23019782097,-1003066283
20200610,"14:35:01","SZ","NB",18237559752,16759148690,34996708442,1478411062
20200610,"14:36:01","SH","NB",11049674047,12048588450,23098262497,-998914403
20200610,"14:36:01","SZ","NB",18295075041,16810193712,35105268753,1484881329
20200610,"14:37:01","SH","NB",11087302662,12098678990,23185981652,-1011376328
20200610,"14:37:01","SZ","NB",18348023197,16871438265,35219461462,1476584932
20200610,"14:38:01","SH","NB",11117125975,12141703859,23258829834,-1024577884
20200610,"14:38:01","SZ","NB",18392177291,16917913114,35310090405,1474264177
20200610,"14:39:01","SZ","NB",18458379487,16976491805,35434871292,1481887682
20200610,"14:39:01","SH","NB",11166066938,12187191367,23353258305,-1021124429
20200610,"14:40:01","SH","NB",11218920374,12224004126,23442924500,-1005083752
20200610,"14:40:01","SZ","NB",18522012844,17022058483,35544071327,1499954361
20200610,"14:41:01","SH","NB",11322869841,12305156169,23628026010,-982286328
20200610,"14:41:01","SZ","NB",18665479878,17108094889,35773574767,1557384989
20200610,"14:42:01","SH","NB",11370302624,12364084762,23734387386,-993782138
20200610,"14:42:01","SZ","NB",18732233162,17178685537,35910918699,1553547625
20200610,"14:43:01","SH","NB",11417784458,12420172847,23837957305,-1002388389
20200610,"14:43:01","SZ","NB",18798127686,17237140915,36035268601,1560986771
20200610,"14:44:01","SH","NB",11476741781,12476149114,23952890895,-999407333
20200610,"14:44:01","SZ","NB",18891487098,17310842337,36202329435,1580644761
20200610,"14:45:01","SH","NB",11523368498,12537002618,24060371116,-1013634120
20200610,"14:45:01","SZ","NB",18950662813,17372609720,36323272533,1578053093
20200610,"14:46:01","SH","NB",11581315222,12601025146,24182340368,-1019709924
20200610,"14:46:01","SZ","NB",19028248846,17445555915,36473804761,1582692931
20200610,"14:47:01","SZ","NB",19093381351,17495810663,36589192014,1597570688
20200610,"14:47:01","SH","NB",11629338800,12647726039,24277064839,-1018387239
20200610,"14:48:01","SH","NB",11684451968,12713494221,24397946189,-1029042253
20200610,"14:48:01","SZ","NB",19165863781,17560977220,36726841001,1604886561
20200610,"14:49:01","SH","NB",11751413576,12770611819,24522025395,-1019198243
20200610,"14:49:01","SZ","NB",19241708590,17644799698,36886508288,1596908892
20200610,"14:50:01","SH","NB",11795142655,12818616297,24613758952,-1023473642
20200610,"14:50:01","SZ","NB",19307237828,17707580576,37014818404,1599657252
20200610,"14:51:01","SH","NB",11879359114,12899349012,24778708126,-1019989898
20200610,"14:51:01","SZ","NB",19432576549,17812741585,37245318134,1619834964
20200610,"14:52:01","SZ","NB",19517507626,17885923914,37403431540,1631583712
20200610,"14:52:01","SH","NB",11937388415,12959744783,24897133198,-1022356368
20200610,"14:53:01","SH","NB",11998332385,13041657298,25039989683,-1043324913
20200610,"14:53:01","SZ","NB",19617013785,17966351299,37583365084,1650662486
20200610,"14:54:01","SH","NB",12059998243,13125597629,25185595872,-1065599386
20200610,"14:54:01","SZ","NB",19694309209,18076572650,37770881859,1617736559
20200610,"14:55:01","SH","NB",12119794963,13189328388,25309123351,-1069533425
20200610,"14:55:01","SZ","NB",19782672469,18149371832,37932044301,1633300637
20200610,"14:56:01","SH","NB",12193291209,13292017773,25485308982,-1098726564
20200610,"14:56:01","SZ","NB",19889327211,18277171163,38166498374,1612156048
20200610,"14:57:01","SH","NB",12250321769,13341738855,25592060624,-1091417086
20200610,"14:57:01","SZ","NB",19967551591,18352666710,38320218301,1614884881
20200610,"14:58:01","SH","NB",12250840135,13346953237,25597793372,-1096113102
20200610,"14:58:01","SZ","NB",19968315854,18354741301,38323057155,1613574553
20200610,"15:00:01","SZ","NB",20054844815,18462423418,38517268233,1592421397
20200610,"15:01:01","SH","NB",12546127505,13778994253,26325121758,-1232866748
20200610,"15:01:01","SZ","NB",20425735329,18770466550,39196201879,1655268779
