dataDate,dataTime,connectMarket,tradeDirection,buyTurnover,sellTurnover,totalTurnover,netTurnover
20191220,"09:30:01","SH","NB",62647238,52602826,115250064,10044412
20191220,"09:30:01","SZ","NB",55718363,43477232,99195595,12241131
20191220,"09:31:01","SH","NB",173602301,132541310,306143611,41060991
20191220,"09:31:01","SZ","NB",256660436,154957516,411617952,101702920
20191220,"09:32:01","SH","NB",279815948,220331421,500147369,59484527
20191220,"09:32:01","SZ","NB",425228891,294112689,719341580,131116202
20191220,"09:33:01","SH","NB",364547205,305675415,670222620,58871790
20191220,"09:33:01","SZ","NB",551286975,410091917,961378892,141195058
20191220,"09:34:01","SH","NB",444516218,384676078,829192296,59840140
20191220,"09:34:01","SZ","NB",673160290,549179692,1222339982,123980598
20191220,"09:35:01","SH","NB",509962179,442965236,952927415,66996943
20191220,"09:35:01","SZ","NB",794058901,659902308,1453961209,134156593
20191220,"09:36:01","SH","NB",561079944,573603797,1134683741,-12523853
20191220,"09:36:01","SZ","NB",882668824,804086320,1686755144,78582504
20191220,"09:37:01","SZ","NB",1073738339,927204084,2000942423,146534255
20191220,"09:37:01","SH","NB",639766481,645658245,1285424726,-5891764
20191220,"09:38:01","SH","NB",701738542,701449879,1403188421,288663
20191220,"09:38:01","SZ","NB",1192067684,1038590853,2230658537,153476831
20191220,"09:39:01","SH","NB",752035831,770016908,1522052739,-17981077
20191220,"09:39:01","SZ","NB",1304978438,1128157615,2433136053,176820823
20191220,"09:40:01","SH","NB",822715309,806989413,1629704722,15725896
20191220,"09:40:01","SZ","NB",1431551377,1205729050,2637280427,225822327
20191220,"09:41:01","SH","NB",905719580,863322206,1769041786,42397374
20191220,"09:41:01","SZ","NB",1551872101,1310061971,2861934072,241810130
20191220,"09:42:01","SH","NB",955475441,911552255,1867027696,43923186
20191220,"09:42:01","SZ","NB",1628147621,1446402307,3074549928,181745314
20191220,"09:43:01","SH","NB",1021289552,953134728,1974424280,68154824
20191220,"09:43:01","SZ","NB",1702151117,1533365242,3235516359,168785875
20191220,"09:44:01","SH","NB",1082170572,991972637,2074143209,90197935
20191220,"09:44:01","SZ","NB",1767279480,1654437715,3421717195,112841765
20191220,"09:45:01","SZ","NB",1836830907,1762821771,3599652678,74009136
20191220,"09:45:01","SH","NB",1146545194,1045351921,2191897115,101193273
20191220,"09:46:01","SH","NB",1270190677,1115080977,2385271654,155109700
20191220,"09:46:01","SZ","NB",1927009084,1906427538,3833436622,20581546
20191220,"09:47:01","SH","NB",1335749400,1229711723,2565461123,106037677
20191220,"09:47:01","SZ","NB",1987293385,2091704200,4078997585,-104410815
20191220,"09:48:01","SH","NB",1398192291,1289229889,2687422180,108962402
20191220,"09:48:01","SZ","NB",2060338347,2171067774,4231406121,-110729427
20191220,"09:49:01","SH","NB",1444022364,1360754064,2804776428,83268300
20191220,"09:49:01","SZ","NB",2111350026,2264547264,4375897290,-153197238
20191220,"09:50:01","SZ","NB",2197069509,2320383242,4517452751,-123313733
20191220,"09:50:01","SH","NB",1498993964,1413030853,2912024817,85963111
20191220,"09:51:01","SH","NB",1584779623,1460281883,3045061506,124497740
20191220,"09:51:01","SZ","NB",2306978622,2368885271,4675863893,-61906649
20191220,"09:52:01","SH","NB",1634009002,1531713981,3165722983,102295021
20191220,"09:52:01","SZ","NB",2380482103,2462891810,4843373913,-82409707
20191220,"09:53:01","SH","NB",1682204994,1583627894,3265832888,98577100
20191220,"09:53:01","SZ","NB",2443221511,2554735172,4997956683,-111513661
20191220,"09:54:01","SH","NB",1757773533,1620850580,3378624113,136922953
20191220,"09:54:01","SZ","NB",2543058072,2616369071,5159427143,-73310999
20191220,"09:55:01","SH","NB",1806971637,1666756492,3473728129,140215145
20191220,"09:55:01","SZ","NB",2596393088,2692562212,5288955300,-96169124
20191220,"09:56:01","SH","NB",1867704781,1737281497,3604986278,130423284
20191220,"09:56:01","SZ","NB",2661451592,2833323258,5494774850,-171871666
20191220,"09:57:01","SH","NB",1918685917,1819178406,3737864323,99507511
20191220,"09:57:01","SZ","NB",2729797883,2913265329,5643063212,-183467446
20191220,"09:58:01","SH","NB",1964686858,1872563715,3837250573,92123143
20191220,"09:58:01","SZ","NB",2821325565,2985881528,5807207093,-164555963
20191220,"09:59:01","SH","NB",2012054726,1909917192,3921971918,102137534
20191220,"09:59:01","SZ","NB",2901637032,3028505965,5930142997,-126868933
20191220,"10:00:01","SZ","NB",2962208183,3065349063,6027557246,-103140880
20191220,"10:00:01","SH","NB",2085765256,1941521247,4027286503,144244009
20191220,"10:01:01","SH","NB",2178451552,2032346263,4210797815,146105289
20191220,"10:01:01","SZ","NB",3033746861,3146709522,6180456383,-112962661
20191220,"10:02:01","SH","NB",2213765480,2094345029,4308110509,119420451
20191220,"10:02:01","SZ","NB",3077917359,3226646816,6304564175,-148729457
20191220,"10:03:01","SH","NB",2255656413,2146256043,4401912456,109400370
20191220,"10:03:01","SZ","NB",3125473174,3282846860,6408320034,-157373686
20191220,"10:04:01","SZ","NB",3166422439,3342543263,6508965702,-176120824
20191220,"10:04:01","SH","NB",2288189951,2184674160,4472864111,103515791
20191220,"10:05:01","SH","NB",2333717721,2236033021,4569750742,97684700
20191220,"10:05:01","SZ","NB",3231598543,3391631984,6623230527,-160033441
20191220,"10:06:01","SH","NB",2411982136,2282891155,4694873291,129090981
20191220,"10:06:01","SZ","NB",3317341864,3444982471,6762324335,-127640607
20191220,"10:07:01","SH","NB",2465172715,2358058463,4823231178,107114252
20191220,"10:07:01","SZ","NB",3380280608,3513189120,6893469728,-132908512
20191220,"10:08:01","SH","NB",2519169945,2425052811,4944222756,94117134
20191220,"10:08:01","SZ","NB",3440262012,3591695385,7031957397,-151433373
20191220,"10:09:01","SH","NB",2561244056,2499599351,5060843407,61644705
20191220,"10:09:01","SZ","NB",3497586051,3651083505,7148669556,-153497454
20191220,"10:10:01","SH","NB",2611508021,2594485381,5205993402,17022640
20191220,"10:10:01","SZ","NB",3549708313,3739067261,7288775574,-189358948
20191220,"10:11:01","SZ","NB",3623076811,3883315419,7506392230,-260238608
20191220,"10:11:01","SH","NB",2650132711,2716758571,5366891282,-66625860
20191220,"10:12:01","SH","NB",2710449153,2771691885,5482141038,-61242732
20191220,"10:12:01","SZ","NB",3719484084,3937924419,7657408503,-218440335
20191220,"10:13:01","SH","NB",2761604334,2863004766,5624609100,-101400432
20191220,"10:13:01","SZ","NB",3789038739,4030651017,7819689756,-241612278
20191220,"10:14:01","SH","NB",2817934827,2918447092,5736381919,-100512265
20191220,"10:14:01","SZ","NB",3886064242,4081614628,7967678870,-195550386
20191220,"10:15:01","SH","NB",2862742783,2971853464,5834596247,-109110681
20191220,"10:15:01","SZ","NB",3983597906,4127322465,8110920371,-143724559
20191220,"10:16:01","SH","NB",2913861834,3020508233,5934370067,-106646399
20191220,"10:16:01","SZ","NB",4063727438,4157014717,8220742155,-93287279
20191220,"10:17:01","SZ","NB",4125894698,4188840904,8314735602,-62946206
20191220,"10:17:01","SH","NB",2960072834,3058794571,6018867405,-98721737
20191220,"10:18:01","SH","NB",2991650352,3089165698,6080816050,-97515346
20191220,"10:18:01","SZ","NB",4185435183,4233943373,8419378556,-48508190
20191220,"10:19:01","SH","NB",3034721742,3118387442,6153109184,-83665700
20191220,"10:19:01","SZ","NB",4231141650,4263597401,8494739051,-32455751
20191220,"10:20:01","SH","NB",3068504647,3147265548,6215770195,-78760901
20191220,"10:20:01","SZ","NB",4275191881,4290564752,8565756633,-15372871
20191220,"10:21:01","SH","NB",3100553367,3189092831,6289646198,-88539464
20191220,"10:21:01","SZ","NB",4321752094,4334249669,8656001763,-12497575
20191220,"10:22:01","SH","NB",3128478087,3244688278,6373166365,-116210191
20191220,"10:22:01","SZ","NB",4361460841,4407468962,8768929803,-46008121
20191220,"10:23:01","SZ","NB",4425556856,4461031517,8886588373,-35474661
20191220,"10:23:01","SH","NB",3172482629,3286154180,6458636809,-113671551
20191220,"10:24:01","SH","NB",3243972661,3320911018,6564883679,-76938357
20191220,"10:24:01","SZ","NB",4525374070,4491653414,9017027484,33720656
20191220,"10:25:01","SH","NB",3296159154,3355138055,6651297209,-58978901
20191220,"10:25:01","SZ","NB",4599836530,4521646761,9121483291,78189769
20191220,"10:26:01","SH","NB",3325643197,3379727838,6705371035,-54084641
20191220,"10:26:01","SZ","NB",4643112816,4554228352,9197341168,88884464
20191220,"10:27:01","SH","NB",3353078183,3406404434,6759482617,-53326251
20191220,"10:27:01","SZ","NB",4679408538,4581608517,9261017055,97800021
20191220,"10:28:01","SH","NB",3381768973,3428959913,6810728886,-47190940
20191220,"10:28:01","SZ","NB",4725410613,4600664148,9326074761,124746465
20191220,"10:29:01","SH","NB",3417420670,3449109483,6866530153,-31688813
20191220,"10:29:01","SZ","NB",4772273846,4621118152,9393391998,151155694
20191220,"10:30:01","SZ","NB",4809306069,4646970662,9456276731,162335407
20191220,"10:30:01","SH","NB",3445478624,3472772611,6918251235,-27293987
20191220,"10:31:01","SH","NB",3478554986,3513303540,6991858526,-34748554
20191220,"10:31:01","SZ","NB",4850968280,4691742332,9542710612,159225948
20191220,"10:32:01","SH","NB",3502918894,3546860278,7049779172,-43941384
20191220,"10:32:01","SZ","NB",4881745297,4733918072,9615663369,147827225
20191220,"10:33:01","SH","NB",3532235257,3572536012,7104771269,-40300755
20191220,"10:33:01","SZ","NB",4911527232,4756161229,9667688461,155366003
20191220,"10:34:01","SZ","NB",4939866263,4774858105,9714724368,165008158
20191220,"10:34:01","SH","NB",3552544139,3591483307,7144027446,-38939168
20191220,"10:35:01","SH","NB",3576778735,3619339313,7196118048,-42560578
20191220,"10:35:01","SZ","NB",4976214713,4804091480,9780306193,172123233
20191220,"10:36:01","SH","NB",3596432728,3640633523,7237066251,-44200795
20191220,"10:36:01","SZ","NB",5006858585,4825434636,9832293221,181423949
20191220,"10:37:01","SH","NB",3620467488,3663963558,7284431046,-43496070
20191220,"10:37:01","SZ","NB",5036144811,4846937739,9883082550,189207072
20191220,"10:38:01","SH","NB",3643335351,3679912003,7323247354,-36576652
20191220,"10:38:01","SZ","NB",5068151916,4869530989,9937682905,198620927
20191220,"10:39:01","SH","NB",3671197164,3698391747,7369588911,-27194583
20191220,"10:39:01","SZ","NB",5101962445,4892161728,9994124173,209800717
20191220,"10:40:01","SH","NB",3700320160,3713788955,7414109115,-13468795
20191220,"10:40:01","SZ","NB",5136465475,4913255845,10049721320,223209630
20191220,"10:41:01","SZ","NB",5227109676,4942216904,10169326580,284892772
20191220,"10:41:01","SH","NB",3772225442,3738739555,7510964997,33485887
20191220,"10:42:01","SH","NB",3807679575,3760944849,7568624424,46734726
20191220,"10:42:01","SZ","NB",5273219034,4973437101,10246656135,299781933
20191220,"10:43:01","SH","NB",3838347017,3792343312,7630690329,46003705
20191220,"10:43:01","SZ","NB",5308443335,5018547175,10326990510,289896160
20191220,"10:44:01","SH","NB",3863113520,3817077983,7680191503,46035537
20191220,"10:44:01","SZ","NB",5334614210,5049745881,10384360091,284868329
20191220,"10:45:01","SH","NB",3882274209,3859342722,7741616931,22931487
20191220,"10:45:01","SZ","NB",5357814708,5096153100,10453967808,261661608
20191220,"10:46:01","SZ","NB",5385507948,5127715525,10513223473,257792423
20191220,"10:46:01","SH","NB",3909708635,3880302048,7790010683,29406587
20191220,"10:47:01","SH","NB",3950076548,3898294646,7848371194,51781902
20191220,"10:47:01","SZ","NB",5416868423,5147263812,10564132235,269604611
20191220,"10:48:01","SH","NB",3973791418,3915268193,7889059611,58523225
20191220,"10:48:01","SZ","NB",5444836752,5172678084,10617514836,272158668
20191220,"10:49:01","SH","NB",3998164604,3939385651,7937550255,58778953
20191220,"10:49:01","SZ","NB",5479652607,5203873915,10683526522,275778692
20191220,"10:50:01","SH","NB",4032513495,3962931747,7995445242,69581748
20191220,"10:50:01","SZ","NB",5513724953,5226116173,10739841126,287608780
20191220,"10:51:01","SH","NB",4080245986,3983535925,8063781911,96710061
20191220,"10:51:01","SZ","NB",5554091331,5258119950,10812211281,295971381
20191220,"10:52:01","SH","NB",4128555952,4003392778,8131948730,125163174
20191220,"10:52:01","SZ","NB",5597766480,5285530402,10883296882,312236078
20191220,"10:53:01","SZ","NB",5642384151,5321352475,10963736626,321031676
20191220,"10:53:01","SH","NB",4171903067,4030682646,8202585713,141220421
20191220,"10:54:01","SH","NB",4204157642,4063030674,8267188316,141126968
20191220,"10:54:01","SZ","NB",5674242549,5352858674,11027101223,321383875
20191220,"10:55:01","SH","NB",4241055921,4092273964,8333329885,148781957
20191220,"10:55:01","SZ","NB",5712735871,5399498804,11112234675,313237067
20191220,"10:56:01","SH","NB",4280057424,4119531667,8399589091,160525757
20191220,"10:56:01","SZ","NB",5738004184,5427419351,11165423535,310584833
20191220,"10:57:01","SH","NB",4316518860,4136204118,8452722978,180314742
20191220,"10:57:01","SZ","NB",5768416674,5450028487,11218445161,318388187
20191220,"10:58:01","SH","NB",4344979606,4157386861,8502366467,187592745
20191220,"10:58:01","SZ","NB",5792713739,5475610112,11268323851,317103627
20191220,"10:59:01","SH","NB",4373442463,4179882902,8553325365,193559561
20191220,"10:59:01","SZ","NB",5823132466,5501361734,11324494200,321770732
20191220,"11:00:01","SH","NB",4405282678,4193077080,8598359758,212205598
20191220,"11:00:01","SZ","NB",5860955185,5522893858,11383849043,338061327
20191220,"11:01:01","SZ","NB",5943287192,5556782544,11500069736,386504648
20191220,"11:01:01","SH","NB",4499172770,4227962439,8727135209,271210331
20191220,"11:02:01","SH","NB",4564417234,4297360866,8861778100,267056368
20191220,"11:02:01","SZ","NB",5984604999,5610268798,11594873797,374336201
20191220,"11:03:01","SH","NB",4606180006,4333887159,8940067165,272292847
20191220,"11:03:01","SZ","NB",6025595066,5637563875,11663158941,388031191
20191220,"11:04:01","SH","NB",4635801648,4365065481,9000867129,270736167
20191220,"11:04:01","SZ","NB",6059439614,5680051931,11739491545,379387683
20191220,"11:05:01","SH","NB",4660801053,4388778092,9049579145,272022961
20191220,"11:05:01","SZ","NB",6089059487,5708290311,11797349798,380769176
20191220,"11:06:01","SZ","NB",6122806965,5741560817,11864367782,381246148
20191220,"11:06:01","SH","NB",4693928248,4412062428,9105990676,281865820
20191220,"11:07:01","SH","NB",4722338960,4449965595,9172304555,272373365
20191220,"11:07:01","SZ","NB",6154993309,5791413886,11946407195,363579423
20191220,"11:08:01","SH","NB",4759918238,4471377266,9231295504,288540972
20191220,"11:08:01","SZ","NB",6180895061,5824213831,12005108892,356681230
20191220,"11:09:01","SH","NB",4787444247,4486993674,9274437921,300450573
20191220,"11:09:01","SZ","NB",6206755281,5842353119,12049108400,364402162
20191220,"11:10:01","SH","NB",4809553345,4507064966,9316618311,302488379
20191220,"11:10:01","SZ","NB",6230375310,5866171199,12096546509,364204111
20191220,"11:11:01","SH","NB",4848251653,4528837031,9377088684,319414622
20191220,"11:11:01","SZ","NB",6259607907,5901446202,12161054109,358161705
20191220,"11:12:01","SH","NB",4879320192,4546404497,9425724689,332915695
20191220,"11:12:01","SZ","NB",6290349471,5928144591,12218494062,362204880
20191220,"11:13:01","SH","NB",4905508086,4559973361,9465481447,345534725
20191220,"11:13:01","SZ","NB",6319968481,5950138566,12270107047,369829915
20191220,"11:14:01","SH","NB",4938954682,4574776092,9513730774,364178590
20191220,"11:14:01","SZ","NB",6361323880,5968926977,12330250857,392396903
20191220,"11:15:01","SZ","NB",6397345852,5986911022,12384256874,410434830
20191220,"11:15:01","SH","NB",4981748437,4593789547,9575537984,387958890
20191220,"11:16:01","SH","NB",5023649724,4613035796,9636685520,410613928
20191220,"11:16:01","SZ","NB",6430066657,6008044373,12438111030,422022284
20191220,"11:17:01","SH","NB",5055662346,4634793608,9690455954,420868738
20191220,"11:17:01","SZ","NB",6459895945,6035195309,12495091254,424700636
20191220,"11:18:01","SH","NB",5094006847,4653473979,9747480826,440532868
20191220,"11:18:01","SZ","NB",6483089409,6056595442,12539684851,426493967
20191220,"11:19:01","SZ","NB",6557686120,6084728136,12642414256,472957984
20191220,"11:19:01","SH","NB",5215708274,4698749162,9914457436,516959112
20191220,"11:20:01","SH","NB",5276626703,4724453900,10001080603,552172803
20191220,"11:20:01","SZ","NB",6604106494,6111483313,12715589807,492623181
20191220,"11:21:01","SH","NB",5339904287,4757408229,10097312516,582496058
20191220,"11:21:01","SZ","NB",6644176621,6150368562,12794545183,493808059
20191220,"11:22:01","SH","NB",5382004703,4782297226,10164301929,599707477
20191220,"11:22:01","SZ","NB",6675465209,6184322192,12859787401,491143017
20191220,"11:23:01","SH","NB",5429318079,4831732623,10261050702,597585456
20191220,"11:23:01","SZ","NB",6714324718,6245141688,12959466406,469183030
20191220,"11:24:01","SH","NB",5455640121,4865752345,10321392466,589887776
20191220,"11:24:01","SZ","NB",6738957670,6276557198,13015514868,462400472
20191220,"11:25:01","SH","NB",5475805141,4896534604,10372339745,579270537
20191220,"11:25:01","SZ","NB",6763555915,6300988713,13064544628,462567202
20191220,"11:26:01","SH","NB",5503013940,4950780152,10453794092,552233788
20191220,"11:26:01","SZ","NB",6790672030,6339933667,13130605697,450738363
20191220,"11:27:01","SZ","NB",6812351532,6362697237,13175048769,449654295
20191220,"11:27:01","SH","NB",5527738070,4978436469,10506174539,549301601
20191220,"11:28:01","SH","NB",5548554149,4998023314,10546577463,550530835
20191220,"11:28:01","SZ","NB",6841809860,6379936782,13221746642,461873078
20191220,"11:29:01","SH","NB",5570781753,5015743326,10586525079,555038427
20191220,"11:29:01","SZ","NB",6869880740,6398745083,13268625823,471135657
20191220,"11:30:01","SH","NB",5594093656,5033264450,10627358106,560829206
20191220,"11:30:01","SZ","NB",6894737107,6409950256,13304687363,484786851
20191220,"11:31:01","SZ","NB",6894858287,6409980430,13304838717,484877857
20191220,"11:31:01","SH","NB",5594120654,5033333604,10627454258,560787050
20191220,"13:01:01","SH","NB",5672057697,5104522232,10776579929,567535465
20191220,"13:01:01","SZ","NB",6970648310,6464433509,13435081819,506214801
20191220,"13:02:01","SH","NB",5701608397,5132823053,10834431450,568785344
20191220,"13:02:01","SZ","NB",7005200670,6498182094,13503382764,507018576
20191220,"13:03:01","SZ","NB",7039646459,6533040235,13572686694,506606224
20191220,"13:03:01","SH","NB",5737758203,5163340086,10901098289,574418117
20191220,"13:04:01","SH","NB",5771495976,5196301165,10967797141,575194811
20191220,"13:04:01","SZ","NB",7075802871,6574085202,13649888073,501717669
20191220,"13:05:01","SH","NB",5813598957,5220308154,11033907111,593290803
20191220,"13:05:01","SZ","NB",7115191952,6601291274,13716483226,513900678
20191220,"13:06:01","SH","NB",5852599525,5255650188,11108249713,596949337
20191220,"13:06:01","SZ","NB",7154983291,6658265699,13813248990,496717592
20191220,"13:07:01","SH","NB",5889037671,5302582467,11191620138,586455204
20191220,"13:07:01","SZ","NB",7196026417,6706352566,13902378983,489673851
20191220,"13:08:01","SZ","NB",7246955489,6737345758,13984301247,509609731
20191220,"13:08:01","SH","NB",5926537586,5333781511,11260319097,592756075
20191220,"13:09:01","SH","NB",5960349380,5361319308,11321668688,599030072
20191220,"13:09:01","SZ","NB",7291284409,6773119459,14064403868,518164950
20191220,"13:10:01","SH","NB",5987584832,5386454021,11374038853,601130811
20191220,"13:10:01","SZ","NB",7328214186,6805454727,14133668913,522759459
20191220,"13:11:01","SH","NB",6026503618,5413879327,11440382945,612624291
20191220,"13:11:01","SZ","NB",7382822989,6835133058,14217956047,547689931
20191220,"13:12:01","SH","NB",6057235510,5441499783,11498735293,615735727
20191220,"13:12:01","SZ","NB",7419157822,6865409466,14284567288,553748356
20191220,"13:13:01","SH","NB",6091665534,5468790289,11560455823,622875245
20191220,"13:13:01","SZ","NB",7453645942,6899885373,14353531315,553760569
20191220,"13:14:01","SZ","NB",7487486014,6944435141,14431921155,543050873
20191220,"13:14:01","SH","NB",6124426879,5498173169,11622600048,626253710
20191220,"13:15:01","SH","NB",6165691986,5530475352,11696167338,635216634
20191220,"13:15:01","SZ","NB",7527216374,6992918659,14520135033,534297715
20191220,"13:16:01","SH","NB",6193545617,5555521769,11749067386,638023848
20191220,"13:16:01","SZ","NB",7560548913,7020782979,14581331892,539765934
20191220,"13:17:01","SH","NB",6226959351,5575146973,11802106324,651812378
20191220,"13:17:01","SZ","NB",7593167839,7048418064,14641585903,544749775
20191220,"13:18:01","SZ","NB",7626468599,7070110363,14696578962,556358236
20191220,"13:18:01","SH","NB",6258375193,5591971892,11850347085,666403301
20191220,"13:19:01","SH","NB",6293224936,5611876982,11905101918,681347954
20191220,"13:19:01","SZ","NB",7654214395,7093464815,14747679210,560749580
20191220,"13:20:01","SH","NB",6323568450,5639163542,11962731992,684404908
20191220,"13:20:01","SZ","NB",7683181164,7120707282,14803888446,562473882
20191220,"13:21:01","SH","NB",6358288358,5669404760,12027693118,688883598
20191220,"13:21:01","SZ","NB",7717892150,7153192538,14871084688,564699612
20191220,"13:22:01","SH","NB",6398396115,5695733570,12094129685,702662545
20191220,"13:22:01","SZ","NB",7771510889,7182193738,14953704627,589317151
20191220,"13:23:01","SH","NB",6430879387,5718111854,12148991241,712767533
20191220,"13:23:01","SZ","NB",7812443350,7210112246,15022555596,602331104
20191220,"13:24:01","SH","NB",6464402944,5737305712,12201708656,727097232
20191220,"13:24:01","SZ","NB",7859944875,7243678598,15103623473,616266277
20191220,"13:25:01","SH","NB",6502149666,5764158911,12266308577,737990755
20191220,"13:25:01","SZ","NB",7894198313,7272006528,15166204841,622191785
20191220,"13:26:01","SZ","NB",7924563499,7308995415,15233558914,615568084
20191220,"13:26:01","SH","NB",6538006415,5788129358,12326135773,749877057
20191220,"13:27:01","SH","NB",6570018218,5814694308,12384712526,755323910
20191220,"13:27:01","SZ","NB",7960041767,7335927831,15295969598,624113936
20191220,"13:28:01","SH","NB",6603099157,5841684882,12444784039,761414275
20191220,"13:28:01","SZ","NB",7996897481,7368537580,15365435061,628359901
20191220,"13:29:01","SH","NB",6638657621,5881846196,12520503817,756811425
20191220,"13:29:01","SZ","NB",8026316015,7401050930,15427366945,625265085
20191220,"13:30:01","SH","NB",6672027295,5912970214,12584997509,759057081
20191220,"13:30:01","SZ","NB",8059154308,7433121996,15492276304,626032312
20191220,"13:31:01","SH","NB",6716910300,5944725945,12661636245,772184355
20191220,"13:31:01","SZ","NB",8094958435,7489532434,15584490869,605426001
20191220,"13:32:01","SH","NB",6767068733,5978766137,12745834870,788302596
20191220,"13:32:01","SZ","NB",8131080195,7530544694,15661624889,600535501
20191220,"13:33:01","SH","NB",6806962521,6024740191,12831702712,782222330
20191220,"13:33:01","SZ","NB",8166601847,7581261070,15747862917,585340777
20191220,"13:34:01","SZ","NB",8200763714,7627918996,15828682710,572844718
20191220,"13:34:01","SH","NB",6844367007,6062245393,12906612400,782121614
20191220,"13:35:01","SH","NB",6885421535,6093818761,12979240296,791602774
20191220,"13:35:01","SZ","NB",8244057159,7658545818,15902602977,585511341
20191220,"13:36:01","SH","NB",6923615305,6121993812,13045609117,801621493
20191220,"13:36:01","SZ","NB",8286487922,7691200880,15977688802,595287042
20191220,"13:37:01","SH","NB",6968122050,6153260942,13121382992,814861108
20191220,"13:37:01","SZ","NB",8328251122,7730070802,16058321924,598180320
20191220,"13:38:01","SZ","NB",8370161467,7775114024,16145275491,595047443
20191220,"13:38:01","SH","NB",7007544917,6184853404,13192398321,822691513
20191220,"13:39:01","SH","NB",7044015565,6220481700,13264497265,823533865
20191220,"13:39:01","SZ","NB",8415940556,7812301209,16228241765,603639347
20191220,"13:40:01","SH","NB",7073010716,6247734728,13320745444,825275988
20191220,"13:40:01","SZ","NB",8455368387,7848953358,16304321745,606415029
20191220,"13:41:01","SH","NB",7125059196,6281252928,13406312124,843806268
20191220,"13:41:01","SZ","NB",8521459729,7885064709,16406524438,636395020
20191220,"13:42:01","SH","NB",7152867787,6303870377,13456738164,848997410
20191220,"13:42:01","SZ","NB",8567501692,7917494520,16484996212,650007172
20191220,"13:43:01","SH","NB",7194829132,6334629525,13529458657,860199607
20191220,"13:43:01","SZ","NB",8613688145,7948851009,16562539154,664837136
20191220,"13:44:01","SH","NB",7212096050,6360486978,13572583028,851609072
20191220,"13:44:01","SZ","NB",8640445777,7971858455,16612304232,668587322
20191220,"13:45:01","SH","NB",7241293376,6392671546,13633964922,848621830
20191220,"13:45:01","SZ","NB",8672934868,8003401151,16676336019,669533717
20191220,"13:46:01","SZ","NB",8707917210,8029969274,16737886484,677947936
20191220,"13:46:01","SH","NB",7266453480,6415051874,13681505354,851401606
20191220,"13:47:01","SH","NB",7299245820,6439547522,13738793342,859698298
20191220,"13:47:01","SZ","NB",8744042427,8050874966,16794917393,693167461
20191220,"13:48:01","SH","NB",7329794159,6473129078,13802923237,856665081
20191220,"13:48:01","SZ","NB",8781584456,8076505710,16858090166,705078746
20191220,"13:49:01","SH","NB",7362319163,6502656931,13864976094,859662232
20191220,"13:49:01","SZ","NB",8827619621,8110454140,16938073761,717165481
20191220,"13:50:01","SH","NB",7394842300,6531586144,13926428444,863256156
20191220,"13:50:01","SZ","NB",8865003434,8138366561,17003369995,726636873
20191220,"13:51:01","SZ","NB",8921087976,8174557630,17095645606,746530346
20191220,"13:51:01","SH","NB",7433247069,6562308086,13995555155,870938983
20191220,"13:52:01","SH","NB",7465890531,6586157363,14052047894,879733168
20191220,"13:52:01","SZ","NB",8972817295,8210564922,17183382217,762252373
20191220,"13:53:01","SH","NB",7499847937,6611112172,14110960109,888735765
20191220,"13:53:01","SZ","NB",9009514625,8248546171,17258060796,760968454
20191220,"13:54:01","SH","NB",7528847767,6636638504,14165486271,892209263
20191220,"13:54:01","SZ","NB",9049153551,8281852930,17331006481,767300621
20191220,"13:55:01","SH","NB",7563825949,6657959690,14221785639,905866259
20191220,"13:55:01","SZ","NB",9082361282,8310642450,17393003732,771718832
20191220,"13:56:01","SH","NB",7595908657,6678998304,14274906961,916910353
20191220,"13:56:01","SZ","NB",9121880181,8334419777,17456299958,787460404
20191220,"13:57:01","SZ","NB",9164380650,8360744026,17525124676,803636624
20191220,"13:57:01","SH","NB",7652135826,6705993203,14358129029,946142623
20191220,"13:58:01","SH","NB",7690538298,6730284151,14420822449,960254147
20191220,"13:58:01","SZ","NB",9201573395,8385421498,17586994893,816151897
20191220,"13:59:01","SH","NB",7725769802,6759034800,14484804602,966735002
20191220,"13:59:01","SZ","NB",9234851079,8419264018,17654115097,815587061
20191220,"14:00:01","SH","NB",7759912617,6777863676,14537776293,982048941
20191220,"14:00:01","SZ","NB",9270074077,8446053691,17716127768,824020386
20191220,"14:01:01","SH","NB",7798500839,6807863351,14606364190,990637488
20191220,"14:01:01","SZ","NB",9315136910,8491093326,17806230236,824043584
20191220,"14:02:01","SH","NB",7832265276,6848902724,14681168000,983362552
20191220,"14:02:01","SZ","NB",9348151008,8533050089,17881201097,815100919
20191220,"14:03:01","SH","NB",7864612559,6874368248,14738980807,990244311
20191220,"14:03:01","SZ","NB",9391580558,8566815019,17958395577,824765539
20191220,"14:04:01","SH","NB",7897049531,6901077492,14798127023,995972039
20191220,"14:04:01","SZ","NB",9430155266,8599336726,18029491992,830818540
20191220,"14:05:01","SH","NB",7937951127,6934184156,14872135283,1003766971
20191220,"14:05:01","SZ","NB",9466033054,8642974813,18109007867,823058241
20191220,"14:06:01","SH","NB",7980350073,6977032976,14957383049,1003317097
20191220,"14:06:01","SZ","NB",9502454677,8685507306,18187961983,816947371
20191220,"14:07:01","SZ","NB",9540836599,8724013485,18264850084,816823114
20191220,"14:07:01","SH","NB",8022544115,7006786016,15029330131,1015758099
20191220,"14:08:01","SH","NB",8067927114,7035691670,15103618784,1032235444
20191220,"14:08:01","SZ","NB",9584055826,8762618234,18346674060,821437592
20191220,"14:09:01","SH","NB",8106972809,7061526917,15168499726,1045445892
20191220,"14:09:01","SZ","NB",9629711832,8790892231,18420604063,838819601
20191220,"14:10:01","SH","NB",8149710491,7084507705,15234218196,1065202786
20191220,"14:10:01","SZ","NB",9674046061,8823805414,18497851475,850240647
20191220,"14:11:01","SH","NB",8196355392,7106439837,15302795229,1089915555
20191220,"14:11:01","SZ","NB",9714053472,8861673355,18575726827,852380117
20191220,"14:12:01","SH","NB",8235421819,7134154480,15369576299,1101267339
20191220,"14:12:01","SZ","NB",9746734103,8899446514,18646180617,847287589
20191220,"14:13:01","SH","NB",8273690186,7168917192,15442607378,1104772994
20191220,"14:13:01","SZ","NB",9783457259,8943779582,18727236841,839677677
20191220,"14:14:01","SH","NB",8302717460,7199411907,15502129367,1103305553
20191220,"14:14:01","SZ","NB",9822151761,8981731547,18803883308,840420214
20191220,"14:15:01","SZ","NB",9859882455,9012667150,18872549605,847215305
20191220,"14:15:01","SH","NB",8330438392,7221799095,15552237487,1108639297
20191220,"14:16:01","SH","NB",8375625315,7254890683,15630515998,1120734632
20191220,"14:16:01","SZ","NB",9903393477,9052885053,18956278530,850508424
20191220,"14:17:01","SH","NB",8413806262,7289246270,15703052532,1124559992
20191220,"14:17:01","SZ","NB",9943676417,9089996848,19033673265,853679569
20191220,"14:18:01","SH","NB",8454368540,7327991522,15782360062,1126377018
20191220,"14:18:01","SZ","NB",9990711388,9130563265,19121274653,860148123
20191220,"14:19:01","SH","NB",8496833056,7366599959,15863433015,1130233097
20191220,"14:19:01","SZ","NB",10043859483,9176057205,19219916688,867802278
20191220,"14:20:01","SH","NB",8533762998,7397480673,15931243671,1136282325
20191220,"14:20:01","SZ","NB",10082599006,9227420819,19310019825,855178187
20191220,"14:21:01","SH","NB",8587428625,7449681289,16037109914,1137747336
20191220,"14:21:01","SZ","NB",10139128013,9300012264,19439140277,839115749
20191220,"14:22:01","SH","NB",8634540364,7483134119,16117674483,1151406245
20191220,"14:22:01","SZ","NB",10214003269,9343252008,19557255277,870751261
20191220,"14:23:01","SH","NB",8671177734,7515862353,16187040087,1155315381
20191220,"14:23:01","SZ","NB",10257114413,9378849470,19635963883,878264943
20191220,"14:24:01","SZ","NB",10303680095,9417893553,19721573648,885786542
20191220,"14:24:01","SH","NB",8714381311,7545344230,16259725541,1169037081
20191220,"14:25:01","SH","NB",8750772781,7574236701,16325009482,1176536080
20191220,"14:25:01","SZ","NB",10341719996,9455276701,19796996697,886443295
20191220,"14:26:01","SH","NB",8806958175,7602520263,16409478438,1204437912
20191220,"14:26:01","SZ","NB",10378015075,9492583699,19870598774,885431376
20191220,"14:27:01","SH","NB",8855128004,7635502926,16490630930,1219625078
20191220,"14:27:01","SZ","NB",10423982871,9527452685,19951435556,896530186
20191220,"14:28:01","SH","NB",8899398426,7662542747,16561941173,1236855679
20191220,"14:28:01","SZ","NB",10481017661,9573657644,20054675305,907360017
20191220,"14:29:01","SH","NB",8949686035,7699965882,16649651917,1249720153
20191220,"14:29:01","SZ","NB",10532313492,9614734760,20147048252,917578732
20191220,"14:30:01","SZ","NB",10588071830,9652367257,20240439087,935704573
20191220,"14:30:01","SH","NB",8993274982,7729186922,16722461904,1264088060
20191220,"14:31:01","SH","NB",9059951771,7779416980,16839368751,1280534791
20191220,"14:31:01","SZ","NB",10666181278,9726488736,20392670014,939692542
20191220,"14:32:01","SH","NB",9123090349,7819346159,16942436508,1303744190
20191220,"14:32:01","SZ","NB",10719023532,9779340257,20498363789,939683275
20191220,"14:33:01","SH","NB",9177368920,7856950965,17034319885,1320417955
20191220,"14:33:01","SZ","NB",10767031676,9820416318,20587447994,946615358
20191220,"14:34:01","SH","NB",9230198456,7889896553,17120095009,1340301903
20191220,"14:34:01","SZ","NB",10817464216,9863442726,20680906942,954021490
20191220,"14:35:01","SH","NB",9293058498,7932619989,17225678487,1360438509
20191220,"14:35:01","SZ","NB",10867910098,9916110167,20784020265,951799931
20191220,"14:36:01","SH","NB",9354065631,7965578417,17319644048,1388487214
20191220,"14:36:01","SZ","NB",10918123686,9960105114,20878228800,958018572
20191220,"14:37:01","SH","NB",9406284897,7999381194,17405666091,1406903703
20191220,"14:37:01","SZ","NB",10977447764,10010750525,20988198289,966697239
20191220,"14:38:01","SH","NB",9468053383,8039809134,17507862517,1428244249
20191220,"14:38:01","SZ","NB",11035090493,10068102055,21103192548,966988438
20191220,"14:39:01","SH","NB",9543581699,8087786928,17631368627,1455794771
20191220,"14:39:01","SZ","NB",11110071605,10124002809,21234074414,986068796
20191220,"14:40:01","SZ","NB",11171585829,10179025009,21350610838,992560820
20191220,"14:40:01","SH","NB",9606961634,8120962643,17727924277,1485998991
20191220,"14:41:01","SH","NB",9701630878,8164233746,17865864624,1537397132
20191220,"14:41:01","SZ","NB",11260974346,10245513177,21506487523,1015461169
20191220,"14:42:01","SH","NB",9769587216,8198803075,17968390291,1570784141
20191220,"14:42:01","SZ","NB",11330408651,10307750457,21638159108,1022658194
20191220,"14:43:01","SH","NB",9847064789,8245146353,18092211142,1601918436
20191220,"14:43:01","SZ","NB",11400646199,10366757560,21767403759,1033888639
20191220,"14:44:01","SZ","NB",11469626191,10443145357,21912771548,1026480834
20191220,"14:44:01","SH","NB",9916532113,8284673817,18201205930,1631858296
20191220,"14:45:01","SH","NB",10013733985,8326116727,18339850712,1687617258
20191220,"14:45:01","SZ","NB",11556301924,10497981164,22054283088,1058320760
20191220,"14:46:01","SH","NB",10108639914,8387373616,18496013530,1721266298
20191220,"14:46:01","SZ","NB",11666143818,10563034982,22229178800,1103108836
20191220,"14:47:01","SH","NB",10198934829,8451510483,18650445312,1747424346
20191220,"14:47:01","SZ","NB",11752773166,10638919776,22391692942,1113853390
20191220,"14:48:01","SH","NB",10286491635,8510010587,18796502222,1776481048
20191220,"14:48:01","SZ","NB",11839987303,10705453538,22545440841,1134533765
20191220,"14:49:01","SH","NB",10371996984,8561620348,18933617332,1810376636
20191220,"14:49:01","SZ","NB",11917617623,10769911205,22687528828,1147706418
20191220,"14:50:01","SZ","NB",12023401067,10852011015,22875412082,1171390052
20191220,"14:50:01","SH","NB",10471661459,8620809083,19092470542,1850852376
20191220,"14:51:01","SH","NB",10580870059,8695498190,19276368249,1885371869
20191220,"14:51:01","SZ","NB",12139751674,10967467834,23107219508,1172283840
20191220,"14:52:01","SH","NB",10694590570,8767750660,19462341230,1926839910
20191220,"14:52:01","SZ","NB",12287313129,11064292289,23351605418,1223020840
20191220,"14:53:01","SH","NB",10813299905,8828178625,19641478530,1985121280
20191220,"14:53:01","SZ","NB",12439866015,11205837517,23645703532,1234028498
20191220,"14:54:01","SH","NB",10944943824,8898850146,19843793970,2046093678
20191220,"14:54:01","SZ","NB",12556098418,11318694749,23874793167,1237403669
20191220,"14:55:01","SH","NB",11060409381,8965665709,20026075090,2094743672
20191220,"14:55:01","SZ","NB",12677376904,11412972728,24090349632,1264404176
20191220,"14:56:01","SH","NB",11197889726,9041140924,20239030650,2156748802
20191220,"14:56:01","SZ","NB",12819587552,11521953659,24341541211,1297633893
20191220,"14:57:01","SH","NB",11407599470,9099544387,20507143857,2308055083
20191220,"14:57:01","SZ","NB",13009778660,11606208046,24615986706,1403570614
20191220,"14:58:01","SH","NB",11408307660,9099563444,20507871104,2308744216
20191220,"14:58:01","SZ","NB",13009854025,11606302842,24616156867,1403551183
20191220,"15:01:01","SH","NB",12562675345,9947593059,22510268404,2615082286
20191220,"15:01:01","SZ","NB",13919900598,12819415746,26739316344,1100484852
