dataDate,dataTime,connectMarket,tradeDirection,buyTurnover,sellTurnover,totalTurnover,netTurnover
20201014,"09:30:01","SH","NB",244531540,235093881,479625421,9437659
20201014,"09:30:01","SZ","NB",370159852,391243593,761403445,-21083741
20201014,"09:31:01","SH","NB",620134544,589442851,1209577395,30691693
20201014,"09:31:01","SZ","NB",1022867552,1043630889,2066498441,-20763337
20201014,"09:32:01","SH","NB",894961271,862984104,1757945375,31977167
20201014,"09:32:01","SZ","NB",1549061980,1591456514,3140518494,-42394534
20201014,"09:33:01","SH","NB",1169630957,1145094612,2314725569,24536345
20201014,"09:33:01","SZ","NB",2055786186,2132912901,4188699087,-77126715
20201014,"09:34:01","SZ","NB",2551159653,2614207430,5165367083,-63047777
20201014,"09:34:01","SH","NB",1459142101,1432234920,2891377021,26907181
20201014,"09:35:01","SH","NB",1698210772,1700811707,3399022479,-2600935
20201014,"09:35:01","SZ","NB",3110226255,3097387592,6207613847,12838663
20201014,"09:36:01","SH","NB",1898120162,2086881046,3985001208,-188760884
20201014,"09:36:01","SZ","NB",3517347290,3771450440,7288797730,-254103150
20201014,"09:37:01","SH","NB",2162374593,2352795441,4515170034,-190420848
20201014,"09:37:01","SZ","NB",4025890756,4274040862,8299931618,-248150106
20201014,"09:38:01","SH","NB",2312736993,2671110919,4983847912,-358373926
20201014,"09:38:01","SZ","NB",4397978176,4834352293,9232330469,-436374117
20201014,"09:39:01","SH","NB",2475151086,2927844080,5402995166,-452692994
20201014,"09:39:01","SZ","NB",4751595882,5280723553,10032319435,-529127671
20201014,"09:40:01","SH","NB",2646112635,3110546800,5756659435,-464434165
20201014,"09:40:01","SZ","NB",5144758371,5646185994,10790944365,-501427623
20201014,"09:41:01","SH","NB",2841278454,3351887449,6193165903,-510608995
20201014,"09:41:01","SZ","NB",5577790649,6088229631,11666020280,-510438982
20201014,"09:42:01","SZ","NB",5939808811,6435983155,12375791966,-496174344
20201014,"09:42:01","SH","NB",2995795795,3594255820,6590051615,-598460025
20201014,"09:43:01","SH","NB",3138768003,3754478926,6893246929,-615710923
20201014,"09:43:01","SZ","NB",6215157950,6727109920,12942267870,-511951970
20201014,"09:44:01","SH","NB",3264757564,3957121327,7221878891,-692363763
20201014,"09:44:01","SZ","NB",6477351235,7106788872,13584140107,-629437637
20201014,"09:45:01","SH","NB",3396069125,4144971281,7541040406,-748902156
20201014,"09:45:01","SZ","NB",6722239847,7417529479,14139769326,-695289632
20201014,"09:46:01","SH","NB",3688850846,4550756618,8239607464,-861905772
20201014,"09:46:01","SZ","NB",7144902347,8008933968,15153836315,-864031621
20201014,"09:47:01","SH","NB",3922167570,4792066752,8714234322,-869899182
20201014,"09:47:01","SZ","NB",7461208986,8380813493,15842022479,-919604507
20201014,"09:48:01","SZ","NB",7717503713,8907851002,16625354715,-1190347289
20201014,"09:48:01","SH","NB",4082700012,5048594113,9131294125,-965894101
20201014,"09:49:01","SH","NB",4322887687,5209206455,9532094142,-886318768
20201014,"09:49:01","SZ","NB",8058484711,9170981631,17229466342,-1112496920
20201014,"09:50:01","SH","NB",4474185908,5437954938,9912140846,-963769030
20201014,"09:50:01","SZ","NB",8334201584,9660654116,17994855700,-1326452532
20201014,"09:51:01","SH","NB",4699634278,5622834133,10322468411,-923199855
20201014,"09:51:01","SZ","NB",8684342015,10013502940,18697844955,-1329160925
20201014,"09:52:01","SH","NB",4944040983,5769192599,10713233582,-825151616
20201014,"09:52:01","SZ","NB",9010147309,10246268785,19256416094,-1236121476
20201014,"09:53:01","SH","NB",5098493646,5981263656,11079757302,-882770010
20201014,"09:53:01","SZ","NB",9265698066,10571893446,19837591512,-1306195380
20201014,"09:54:01","SH","NB",5255098803,6155575892,11410674695,-900477089
20201014,"09:54:01","SZ","NB",9536349126,10856422288,20392771414,-1320073162
20201014,"09:55:01","SH","NB",5421110996,6327083375,11748194371,-905972379
20201014,"09:55:01","SZ","NB",9772498126,11145163254,20917661380,-1372665128
20201014,"09:56:01","SH","NB",5676423889,6516713896,12193137785,-840290007
20201014,"09:56:01","SZ","NB",10134959175,11393576218,21528535393,-1258617043
20201014,"09:57:01","SZ","NB",10380927503,11757747805,22138675308,-1376820302
20201014,"09:57:01","SH","NB",5864243961,6750474624,12614718585,-886230663
20201014,"09:58:01","SH","NB",6072619377,6895371152,12967990529,-822751775
20201014,"09:58:01","SZ","NB",10720573706,11941835076,22662408782,-1221261370
20201014,"09:59:01","SH","NB",6225907224,7194621793,13420529017,-968714569
20201014,"09:59:01","SZ","NB",10921527075,12325916320,23247443395,-1404389245
20201014,"10:00:01","SH","NB",6386911460,7383963117,13770874577,-997051657
20201014,"10:00:01","SZ","NB",11125207157,12568915647,23694122804,-1443708490
20201014,"10:01:01","SZ","NB",11335647793,13092655871,24428303664,-1757008078
20201014,"10:01:01","SH","NB",6534644473,7668270244,14202914717,-1133625771
20201014,"10:02:01","SH","NB",6745102516,7850764044,14595866560,-1105661528
20201014,"10:02:01","SZ","NB",11742180211,13325440440,25067620651,-1583260229
20201014,"10:03:01","SH","NB",6859786969,8046551251,14906338220,-1186764282
20201014,"10:03:01","SZ","NB",11956279241,13606698073,25562977314,-1650418832
20201014,"10:04:01","SH","NB",6990571966,8169898177,15160470143,-1179326211
20201014,"10:04:01","SZ","NB",12163005145,13794699952,25957705097,-1631694807
20201014,"10:05:01","SH","NB",7088750169,8358007056,15446757225,-1269256887
20201014,"10:05:01","SZ","NB",12324007161,14120876917,26444884078,-1796869756
20201014,"10:06:01","SH","NB",7228016065,8491278677,15719294742,-1263262612
20201014,"10:06:01","SZ","NB",12627207723,14367622065,26994829788,-1740414342
20201014,"10:07:01","SH","NB",7355429320,8629108960,15984538280,-1273679640
20201014,"10:07:01","SZ","NB",12844214025,14605650292,27449864317,-1761436267
20201014,"10:08:01","SH","NB",7463472973,8751192664,16214665637,-1287719691
20201014,"10:08:01","SZ","NB",13044294240,14853741225,27898035465,-1809446985
20201014,"10:09:01","SZ","NB",13216769865,15062991207,28279761072,-1846221342
20201014,"10:09:01","SH","NB",7545635212,8863663992,16409299204,-1318028780
20201014,"10:10:01","SH","NB",7644738481,9007379056,16652117537,-1362640575
20201014,"10:10:01","SZ","NB",13390895049,15319816384,28710711433,-1928921335
20201014,"10:11:01","SH","NB",7844267561,9157378900,17001646461,-1313111339
20201014,"10:11:01","SZ","NB",13811403913,15573594979,29384998892,-1762191066
20201014,"10:12:01","SH","NB",7942515911,9288637513,17231153424,-1346121602
20201014,"10:12:01","SZ","NB",13988696636,15760288091,29748984727,-1771591455
20201014,"10:13:01","SH","NB",8037994736,9416751128,17454745864,-1378756392
20201014,"10:13:01","SZ","NB",14121695510,15915142581,30036838091,-1793447071
20201014,"10:14:01","SZ","NB",14245760942,16199366568,30445127510,-1953605626
20201014,"10:14:01","SH","NB",8118043253,9582982686,17701025939,-1464939433
20201014,"10:15:01","SH","NB",8205712215,9665301408,17871013623,-1459589193
20201014,"10:15:01","SZ","NB",14405546131,16374400289,30779946420,-1968854158
20201014,"10:16:01","SH","NB",8360816418,9755664398,18116480816,-1394847980
20201014,"10:16:01","SZ","NB",14647307198,16529137058,31176444256,-1881829860
20201014,"10:17:01","SH","NB",8466391231,9840624433,18307015664,-1374233202
20201014,"10:17:01","SZ","NB",14838691339,16663485624,31502176963,-1824794285
20201014,"10:18:01","SH","NB",8592526307,9933477279,18526003586,-1340950972
20201014,"10:18:01","SZ","NB",15016335372,16796646442,31812981814,-1780311070
20201014,"10:19:01","SZ","NB",15164197052,16961878901,32126075953,-1797681849
20201014,"10:19:01","SH","NB",8678642598,10019228772,18697871370,-1340586174
20201014,"10:20:01","SH","NB",8799411485,10099543188,18898954673,-1300131703
20201014,"10:20:01","SZ","NB",15337993835,17100769628,32438763463,-1762775793
20201014,"10:21:01","SH","NB",8945096634,10244321705,19189418339,-1299225071
20201014,"10:21:01","SZ","NB",15543079443,17298767509,32841846952,-1755688066
20201014,"10:22:01","SH","NB",9043887071,10352015226,19395902297,-1308128155
20201014,"10:22:01","SZ","NB",15675381686,17432836706,33108218392,-1757455020
20201014,"10:23:01","SH","NB",9111109177,10444163859,19555273036,-1333054682
20201014,"10:23:01","SZ","NB",15770659589,17558715168,33329374757,-1788055579
20201014,"10:24:01","SH","NB",9188778965,10570844944,19759623909,-1382065979
20201014,"10:24:01","SZ","NB",15882224983,17747234890,33629459873,-1865009907
20201014,"10:25:01","SZ","NB",15971764450,17861949091,33833713541,-1890184641
20201014,"10:25:01","SH","NB",9258791897,10645777655,19904569552,-1386985758
20201014,"10:26:01","SH","NB",9344284892,10744918159,20089203051,-1400633267
20201014,"10:26:01","SZ","NB",16112480435,17996004671,34108485106,-1883524236
20201014,"10:27:01","SH","NB",9427896778,10831311706,20259208484,-1403414928
20201014,"10:27:01","SZ","NB",16231260576,18126948195,34358208771,-1895687619
20201014,"10:28:01","SH","NB",9501421284,10936600489,20438021773,-1435179205
20201014,"10:28:01","SZ","NB",16342041613,18252721414,34594763027,-1910679801
20201014,"10:29:01","SH","NB",9574652611,11025179467,20599832078,-1450526856
20201014,"10:29:01","SZ","NB",16456331319,18428051316,34884382635,-1971719997
20201014,"10:30:01","SH","NB",9645122332,11104276842,20749399174,-1459154510
20201014,"10:30:01","SZ","NB",16578648101,18578885776,35157533877,-2000237675
20201014,"10:31:01","SZ","NB",16817974114,18755975506,35573949620,-1938001392
20201014,"10:31:01","SH","NB",9779098574,11209844073,20988942647,-1430745499
20201014,"10:32:01","SH","NB",9899274475,11283172613,21182447088,-1383898138
20201014,"10:32:01","SZ","NB",17001148226,18870720242,35871868468,-1869572016
20201014,"10:33:01","SH","NB",9973162777,11347969334,21321132111,-1374806557
20201014,"10:33:01","SZ","NB",17096361997,18992350422,36088712419,-1895988425
20201014,"10:34:01","SH","NB",10078693832,11418841752,21497535584,-1340147920
20201014,"10:34:01","SZ","NB",17286540635,19101607329,36388147964,-1815066694
20201014,"10:35:01","SH","NB",10178078179,11491141801,21669219980,-1313063622
20201014,"10:35:01","SZ","NB",17458481238,19216622980,36675104218,-1758141742
20201014,"10:36:01","SH","NB",10249422718,11572226151,21821648869,-1322803433
20201014,"10:36:01","SZ","NB",17681840582,19355908769,37037749351,-1674068187
20201014,"10:37:01","SH","NB",10316694020,11726178977,22042872997,-1409484957
20201014,"10:37:01","SZ","NB",17865822547,19649646993,37515469540,-1783824446
20201014,"10:38:01","SH","NB",10409513940,11800107341,22209621281,-1390593401
20201014,"10:38:01","SZ","NB",18001080711,19762505247,37763585958,-1761424536
20201014,"10:39:01","SH","NB",10463380860,11865163408,22328544268,-1401782548
20201014,"10:39:01","SZ","NB",18093170463,19898672257,37991842720,-1805501794
20201014,"10:40:01","SH","NB",10515450780,11931693183,22447143963,-1416242403
20201014,"10:40:01","SZ","NB",18174880261,20037509089,38212389350,-1862628828
20201014,"10:41:01","SZ","NB",18305100940,20300246057,38605346997,-1995145117
20201014,"10:41:01","SH","NB",10590836955,12118193319,22709030274,-1527356364
20201014,"10:42:01","SH","NB",10678399379,12237481605,22915880984,-1559082226
20201014,"10:42:01","SZ","NB",18419552054,20455027541,38874579595,-2035475487
20201014,"10:43:01","SH","NB",10740326732,12333483213,23073809945,-1593156481
20201014,"10:43:01","SZ","NB",18529327841,20598383559,39127711400,-2069055718
20201014,"10:44:01","SH","NB",10819250096,12414158813,23233408909,-1594908717
20201014,"10:44:01","SZ","NB",18648358327,20735704082,39384062409,-2087345755
20201014,"10:45:01","SH","NB",10885952384,12492890326,23378842710,-1606937942
20201014,"10:45:01","SZ","NB",18747344293,20827305743,39574650036,-2079961450
20201014,"10:46:01","SH","NB",10957644193,12559740158,23517384351,-1602095965
20201014,"10:46:01","SZ","NB",18841637313,20918350054,39759987367,-2076712741
20201014,"10:47:01","SZ","NB",18949877939,20991118770,39940996709,-2041240831
20201014,"10:47:01","SH","NB",11018134233,12613897526,23632031759,-1595763293
20201014,"10:48:01","SH","NB",11076168442,12676934229,23753102671,-1600765787
20201014,"10:48:01","SZ","NB",19039501215,21072134583,40111635798,-2032633368
20201014,"10:49:01","SH","NB",11159092590,12731983052,23891075642,-1572890462
20201014,"10:49:01","SZ","NB",19145467757,21143480401,40288948158,-1998012644
20201014,"10:50:01","SH","NB",11218802027,12787366104,24006168131,-1568564077
20201014,"10:50:01","SZ","NB",19213996009,21240136595,40454132604,-2026140586
20201014,"10:51:01","SH","NB",11305782306,12851967977,24157750283,-1546185671
20201014,"10:51:01","SZ","NB",19342207324,21358255629,40700462953,-2016048305
20201014,"10:52:01","SH","NB",11360171960,12935734708,24295906668,-1575562748
20201014,"10:52:01","SZ","NB",19419044855,21512443304,40931488159,-2093398449
20201014,"10:53:01","SZ","NB",19518260563,21599312962,41117573525,-2081052399
20201014,"10:53:01","SH","NB",11430967630,13001384611,24432352241,-1570416981
20201014,"10:54:01","SH","NB",11509733602,13062122735,24571856337,-1552389133
20201014,"10:54:01","SZ","NB",19620844222,21696913373,41317757595,-2076069151
20201014,"10:55:01","SH","NB",11584120311,13117651523,24701771834,-1533531212
20201014,"10:55:01","SZ","NB",19715808856,21789399774,41505208630,-2073590918
20201014,"10:56:01","SH","NB",11678971753,13166722986,24845694739,-1487751233
20201014,"10:56:01","SZ","NB",19829588420,21864456922,41694045342,-2034868502
20201014,"10:57:01","SH","NB",11757167349,13250205416,25007372765,-1493038067
20201014,"10:57:01","SZ","NB",19934935688,21947867562,41882803250,-2012931874
20201014,"10:58:01","SH","NB",11812307809,13308990908,25121298717,-1496683099
20201014,"10:58:01","SZ","NB",20019285170,22024231994,42043517164,-2004946824
20201014,"10:59:01","SH","NB",11890215077,13357520936,25247736013,-1467305859
20201014,"10:59:01","SZ","NB",20101860164,22083670164,42185530328,-1981810000
20201014,"11:00:01","SZ","NB",20187695421,22152215817,42339911238,-1964520396
20201014,"11:00:01","SH","NB",11976229044,13402022965,25378252009,-1425793921
20201014,"11:01:01","SH","NB",12106548684,13470627208,25577175892,-1364078524
20201014,"11:01:01","SZ","NB",20320398311,22263701528,42584099839,-1943303217
20201014,"11:02:01","SH","NB",12182191999,13524159677,25706351676,-1341967678
20201014,"11:02:01","SZ","NB",20420724347,22369143348,42789867695,-1948419001
20201014,"11:03:01","SH","NB",12248362014,13584265346,25832627360,-1335903332
20201014,"11:03:01","SZ","NB",20514690216,22514047202,43028737418,-1999356986
20201014,"11:04:01","SH","NB",12310492326,13641323392,25951815718,-1330831066
20201014,"11:04:01","SZ","NB",20601391805,22605873973,43207265778,-2004482168
20201014,"11:05:01","SH","NB",12367770801,13682009254,26049780055,-1314238453
20201014,"11:05:01","SZ","NB",20677585426,22696627465,43374212891,-2019042039
20201014,"11:06:01","SH","NB",12426548753,13749823324,26176372077,-1323274571
20201014,"11:06:01","SZ","NB",20753792886,22809390598,43563183484,-2055597712
20201014,"11:07:01","SH","NB",12477382695,13795924909,26273307604,-1318542214
20201014,"11:07:01","SZ","NB",20813586310,22887714539,43701300849,-2074128229
20201014,"11:08:01","SH","NB",12530259017,13844048074,26374307091,-1313789057
20201014,"11:08:01","SZ","NB",20881744216,22961544110,43843288326,-2079799894
20201014,"11:09:01","SZ","NB",20960980367,23037862009,43998842376,-2076881642
20201014,"11:09:01","SH","NB",12580887535,13884715962,26465603497,-1303828427
20201014,"11:10:01","SH","NB",12627653867,13945358955,26573012822,-1317705088
20201014,"11:10:01","SZ","NB",21032738497,23137556743,44170295240,-2104818246
20201014,"11:11:01","SH","NB",12702001126,14003273985,26705275111,-1301272859
20201014,"11:11:01","SZ","NB",21126407959,23256204943,44382612902,-2129796984
20201014,"11:12:01","SH","NB",12786750988,14061022043,26847773031,-1274271055
20201014,"11:12:01","SZ","NB",21206926093,23346523615,44553449708,-2139597522
20201014,"11:13:01","SH","NB",12849662646,14107741427,26957404073,-1258078781
20201014,"11:13:01","SZ","NB",21281132489,23461383909,44742516398,-2180251420
20201014,"11:14:01","SH","NB",12912426966,14155762900,27068189866,-1243335934
20201014,"11:14:01","SZ","NB",21346846004,23562285748,44909131752,-2215439744
20201014,"11:15:01","SH","NB",12962244814,14209806028,27172050842,-1247561214
20201014,"11:15:01","SZ","NB",21407515109,23672062863,45079577972,-2264547754
20201014,"11:16:01","SH","NB",13018695539,14274660729,27293356268,-1255965190
20201014,"11:16:01","SZ","NB",21499325362,23747881322,45247206684,-2248555960
20201014,"11:17:01","SH","NB",13128822141,14316269226,27445091367,-1187447085
20201014,"11:17:01","SZ","NB",21647133140,23813132427,45460265567,-2165999287
20201014,"11:18:01","SZ","NB",21702591859,23867227823,45569819682,-2164635964
20201014,"11:18:01","SH","NB",13191811903,14350433503,27542245406,-1158621600
20201014,"11:19:01","SH","NB",13264150852,14381059475,27645210327,-1116908623
20201014,"11:19:01","SZ","NB",21787460930,23917081306,45704542236,-2129620376
20201014,"11:20:01","SH","NB",13314549866,14414148370,27728698236,-1099598504
20201014,"11:20:01","SZ","NB",21862330074,23974273424,45836603498,-2111943350
20201014,"11:21:01","SH","NB",13385623793,14461062352,27846686145,-1075438559
20201014,"11:21:01","SZ","NB",21952320685,24062359317,46014680002,-2110038632
20201014,"11:22:01","SH","NB",13426941432,14499443455,27926384887,-1072502023
20201014,"11:22:01","SZ","NB",22013693278,24130504325,46144197603,-2116811047
20201014,"11:23:01","SH","NB",13475278882,14530268719,28005547601,-1054989837
20201014,"11:23:01","SZ","NB",22069841420,24191891248,46261732668,-2122049828
20201014,"11:24:01","SH","NB",13514605804,14578755462,28093361266,-1064149658
20201014,"11:24:01","SZ","NB",22135133802,24276891690,46412025492,-2141757888
20201014,"11:25:01","SH","NB",13541319282,14614795891,28156115173,-1073476609
20201014,"11:25:01","SZ","NB",22180598091,24329670531,46510268622,-2149072440
20201014,"11:26:01","SZ","NB",22227894585,24413550077,46641444662,-2185655492
20201014,"11:26:01","SH","NB",13584430919,14659055118,28243486037,-1074624199
20201014,"11:27:01","SH","NB",13615250709,14706706984,28321957693,-1091456275
20201014,"11:27:01","SZ","NB",22282239833,24492348793,46774588626,-2210108960
20201014,"11:28:01","SH","NB",13655991840,14737545220,28393537060,-1081553380
20201014,"11:28:01","SZ","NB",22336258668,24546226419,46882485087,-2209967751
20201014,"11:29:01","SZ","NB",22386112393,24595560247,46981672640,-2209447854
20201014,"11:29:01","SH","NB",13694877114,14767793711,28462670825,-1072916597
20201014,"11:30:01","SH","NB",13725017824,14806744137,28531761961,-1081726313
20201014,"11:30:01","SZ","NB",22435290506,24631729529,47067020035,-2196439023
20201014,"11:31:01","SH","NB",13725027978,14806778121,28531806099,-1081750143
20201014,"13:00:01","SZ","NB",22442792952,24639691412,47082484364,-2196898460
20201014,"13:01:01","SH","NB",13862707718,14962855251,28825562969,-1100147533
20201014,"13:01:01","SZ","NB",22630168227,24827795736,47457963963,-2197627509
20201014,"13:02:01","SH","NB",13935689515,15036399259,28972088774,-1100709744
20201014,"13:02:01","SZ","NB",22733005780,24916098683,47649104463,-2183092903
20201014,"13:03:01","SH","NB",13992571747,15089494030,29082065777,-1096922283
20201014,"13:03:01","SZ","NB",22824419566,24994344246,47818763812,-2169924680
20201014,"13:04:01","SH","NB",14051329576,15140091432,29191421008,-1088761856
20201014,"13:04:01","SZ","NB",22898586269,25081456716,47980042985,-2182870447
20201014,"13:05:01","SH","NB",14123949186,15203660688,29327609874,-1079711502
20201014,"13:05:01","SZ","NB",23004335326,25164752456,48169087782,-2160417130
20201014,"13:06:01","SZ","NB",23141019937,25252204926,48393224863,-2111184989
20201014,"13:06:01","SH","NB",14217266286,15263218788,29480485074,-1045952502
20201014,"13:07:01","SH","NB",14272740221,15308430427,29581170648,-1035690206
20201014,"13:07:01","SZ","NB",23250305179,25335235336,48585540515,-2084930157
20201014,"13:08:01","SH","NB",14346360740,15365845042,29712205782,-1019484302
20201014,"13:08:01","SZ","NB",23357559264,25414828890,48772388154,-2057269626
20201014,"13:09:01","SH","NB",14410530089,15409881155,29820411244,-999351066
20201014,"13:09:01","SZ","NB",23459013080,25499698500,48958711580,-2040685420
20201014,"13:10:01","SZ","NB",23547288855,25652024500,49199313355,-2104735645
20201014,"13:10:01","SH","NB",14453290258,15470440749,29923731007,-1017150491
20201014,"13:11:01","SH","NB",14562791675,15623692647,30186484322,-1060900972
20201014,"13:11:01","SZ","NB",23672493952,25940972843,49613466795,-2268478891
20201014,"13:12:01","SH","NB",14632355962,15714915003,30347270965,-1082559041
20201014,"13:12:01","SZ","NB",23753078945,26080452755,49833531700,-2327373810
20201014,"13:13:01","SH","NB",14699745389,15788856298,30488601687,-1089110909
20201014,"13:13:01","SZ","NB",23882118399,26212491153,50094609552,-2330372754
20201014,"13:14:01","SH","NB",14766810453,15860036185,30626846638,-1093225732
20201014,"13:14:01","SZ","NB",24007204185,26307618557,50314822742,-2300414372
20201014,"13:15:01","SH","NB",14845452046,15929987023,30775439069,-1084534977
20201014,"13:15:01","SZ","NB",24103848587,26403608078,50507456665,-2299759491
20201014,"13:16:01","SH","NB",14929425704,15982116126,30911541830,-1052690422
20201014,"13:16:01","SZ","NB",24198561729,26479850204,50678411933,-2281288475
20201014,"13:17:01","SH","NB",15007457881,16036641055,31044098936,-1029183174
20201014,"13:17:01","SZ","NB",24330121981,26551298752,50881420733,-2221176771
20201014,"13:18:01","SZ","NB",24413866409,26629969385,51043835794,-2216102976
20201014,"13:18:01","SH","NB",15057998917,16093038476,31151037393,-1035039559
20201014,"13:19:01","SH","NB",15102183674,16173388332,31275572006,-1071204658
20201014,"13:19:01","SZ","NB",24483507953,26718795272,51202303225,-2235287319
20201014,"13:20:01","SH","NB",15154356212,16228853679,31383209891,-1074497467
20201014,"13:20:01","SZ","NB",24549234853,26807203812,51356438665,-2257968959
20201014,"13:21:01","SH","NB",15260623970,16303889144,31564513114,-1043265174
20201014,"13:21:01","SZ","NB",24703684774,26904085890,51607770664,-2200401116
20201014,"13:22:01","SH","NB",15334339504,16350504237,31684843741,-1016164733
20201014,"13:22:01","SZ","NB",24813193221,26976559306,51789752527,-2163366085
20201014,"13:23:01","SZ","NB",24921446773,27058063002,51979509775,-2136616229
20201014,"13:23:01","SH","NB",15416446098,16402849737,31819295835,-986403639
20201014,"13:24:01","SH","NB",15471063618,16441456477,31912520095,-970392859
20201014,"13:24:01","SZ","NB",25005788392,27118365057,52124153449,-2112576665
20201014,"13:25:01","SH","NB",15517932973,16485280737,32003213710,-967347764
20201014,"13:25:01","SZ","NB",25066515158,27192295232,52258810390,-2125780074
20201014,"13:26:01","SH","NB",15567752330,16537891750,32105644080,-970139420
20201014,"13:26:01","SZ","NB",25129587772,27281905490,52411493262,-2152317718
20201014,"13:27:01","SH","NB",15605795138,16581756396,32187551534,-975961258
20201014,"13:27:01","SZ","NB",25181233581,27372756412,52553989993,-2191522831
20201014,"13:28:01","SH","NB",15643100440,16633641594,32276742034,-990541154
20201014,"13:28:01","SZ","NB",25232553800,27466460502,52699014302,-2233906702
20201014,"13:29:01","SH","NB",15694060087,16683636334,32377696421,-989576247
20201014,"13:29:01","SZ","NB",25302305656,27548122120,52850427776,-2245816464
20201014,"13:30:01","SH","NB",15745435192,16723396620,32468831812,-977961428
20201014,"13:30:01","SZ","NB",25369330991,27604847686,52974178677,-2235516695
20201014,"13:31:01","SH","NB",15818736499,16787956423,32606692922,-969219924
20201014,"13:31:01","SZ","NB",25472702709,27710541324,53183244033,-2237838615
20201014,"13:32:01","SZ","NB",25549773685,27784234820,53334008505,-2234461135
20201014,"13:32:01","SH","NB",15882079279,16828606620,32710685899,-946527341
20201014,"13:33:01","SH","NB",15940280656,16871584454,32811865110,-931303798
20201014,"13:33:01","SZ","NB",25651675861,27859952269,53511628130,-2208276408
20201014,"13:34:01","SH","NB",15988405590,16918140912,32906546502,-929735322
20201014,"13:34:01","SZ","NB",25723110036,27936923647,53660033683,-2213813611
20201014,"13:35:01","SH","NB",16045387355,16960482440,33005869795,-915095085
20201014,"13:35:01","SZ","NB",25788330191,28010315131,53798645322,-2221984940
20201014,"13:36:01","SH","NB",16093296888,17013947769,33107244657,-920650881
20201014,"13:36:01","SZ","NB",25849735404,28079678847,53929414251,-2229943443
20201014,"13:37:01","SH","NB",16167639446,17058988708,33226628154,-891349262
20201014,"13:37:01","SZ","NB",25923983676,28143748182,54067731858,-2219764506
20201014,"13:38:01","SH","NB",16212673945,17105012498,33317686443,-892338553
20201014,"13:38:01","SZ","NB",25984050873,28215693401,54199744274,-2231642528
20201014,"13:39:01","SH","NB",16259194923,17138291050,33397485973,-879096127
20201014,"13:39:01","SZ","NB",26050441350,28276586202,54327027552,-2226144852
20201014,"13:40:01","SH","NB",16309600787,17180025913,33489626700,-870425126
20201014,"13:40:01","SZ","NB",26131732564,28350071382,54481803946,-2218338818
20201014,"13:41:01","SH","NB",16378499210,17247315470,33625814680,-868816260
20201014,"13:41:01","SZ","NB",26226460408,28479487550,54705947958,-2253027142
20201014,"13:42:01","SZ","NB",26289171438,28602039636,54891211074,-2312868198
20201014,"13:42:01","SH","NB",16428134195,17313383213,33741517408,-885249018
20201014,"13:43:01","SH","NB",16473572511,17371921280,33845493791,-898348769
20201014,"13:43:01","SZ","NB",26360827704,28763524165,55124351869,-2402696461
20201014,"13:44:01","SH","NB",16550051224,17431314557,33981365781,-881263333
20201014,"13:44:01","SZ","NB",26457107006,28839707742,55296814748,-2382600736
20201014,"13:45:01","SH","NB",16672657122,17477805925,34150463047,-805148803
20201014,"13:45:01","SZ","NB",26578571518,28893383991,55471955509,-2314812473
20201014,"13:46:01","SH","NB",16804877731,17533344445,34338222176,-728466714
20201014,"13:46:01","SZ","NB",26735452180,28978062433,55713514613,-2242610253
20201014,"13:47:01","SH","NB",16892227798,17582731702,34474959500,-690503904
20201014,"13:47:01","SZ","NB",26845768096,29051562557,55897330653,-2205794461
20201014,"13:48:01","SH","NB",16947312327,17643196877,34590509204,-695884550
20201014,"13:48:01","SZ","NB",26933633401,29139239842,56072873243,-2205606441
20201014,"13:49:01","SH","NB",17019271568,17692327533,34711599101,-673055965
20201014,"13:49:01","SZ","NB",27026368905,29211740130,56238109035,-2185371225
20201014,"13:50:01","SZ","NB",27102308012,29291618001,56393926013,-2189309989
20201014,"13:50:01","SH","NB",17081669726,17754379456,34836049182,-672709730
20201014,"13:51:01","SH","NB",17165059942,17818752755,34983812697,-653692813
20201014,"13:51:01","SZ","NB",27199865234,29384503679,56584368913,-2184638445
20201014,"13:52:01","SH","NB",17230189078,17869256678,35099445756,-639067600
20201014,"13:52:01","SZ","NB",27267745766,29451180739,56718926505,-2183434973
20201014,"13:53:01","SH","NB",17278495338,17922879119,35201374457,-644383781
20201014,"13:53:01","SZ","NB",27326527818,29541293884,56867821702,-2214766066
20201014,"13:54:01","SH","NB",17321821082,17974910983,35296732065,-653089901
20201014,"13:54:01","SZ","NB",27386573145,29641603443,57028176588,-2255030298
20201014,"13:55:01","SH","NB",17363160719,18020900736,35384061455,-657740017
20201014,"13:55:01","SZ","NB",27433097317,29697875471,57130972788,-2264778154
20201014,"13:56:01","SH","NB",17414915254,18065375706,35480290960,-650460452
20201014,"13:56:01","SZ","NB",27492917610,29773960138,57266877748,-2281042528
20201014,"13:57:01","SH","NB",17462551484,18107021940,35569573424,-644470456
20201014,"13:57:01","SZ","NB",27553834515,29843913743,57397748258,-2290079228
20201014,"13:58:01","SZ","NB",27609020516,29914004822,57523025338,-2304984306
20201014,"13:58:01","SH","NB",17516740720,18156499570,35673240290,-639758850
20201014,"13:59:01","SH","NB",17571606631,18191021282,35762627913,-619414651
20201014,"13:59:01","SZ","NB",27673394729,29967215805,57640610534,-2293821076
20201014,"14:00:01","SH","NB",17629364686,18232961627,35862326313,-603596941
20201014,"14:00:01","SZ","NB",27732737772,30031029394,57763767166,-2298291622
20201014,"14:01:01","SH","NB",17700412092,18299596091,36000008183,-599183999
20201014,"14:01:01","SZ","NB",27825833845,30136570215,57962404060,-2310736370
20201014,"14:02:01","SH","NB",17752963237,18372773299,36125736536,-619810062
20201014,"14:02:01","SZ","NB",27898038992,30233413999,58131452991,-2335375007
20201014,"14:03:01","SH","NB",17814292225,18413747799,36228040024,-599455574
20201014,"14:03:01","SZ","NB",27987407098,30307419937,58294827035,-2320012839
20201014,"14:04:01","SH","NB",17954943074,18466932065,36421875139,-511988991
20201014,"14:04:01","SZ","NB",28199426874,30381688625,58581115499,-2182261751
20201014,"14:05:01","SH","NB",18009775590,18518338848,36528114438,-508563258
20201014,"14:05:01","SZ","NB",28301504537,30475836554,58777341091,-2174332017
20201014,"14:06:01","SH","NB",18060598031,18592706274,36653304305,-532108243
20201014,"14:06:01","SZ","NB",28370366115,30603708915,58974075030,-2233342800
20201014,"14:07:01","SH","NB",18106192645,18646699082,36752891727,-540506437
20201014,"14:07:01","SZ","NB",28429905596,30688235026,59118140622,-2258329430
20201014,"14:08:01","SZ","NB",28490168867,30764429199,59254598066,-2274260332
20201014,"14:08:01","SH","NB",18148708936,18695748462,36844457398,-547039526
20201014,"14:09:01","SH","NB",18189226911,18737537559,36926764470,-548310648
20201014,"14:09:01","SZ","NB",28569615815,30846221726,59415837541,-2276605911
20201014,"14:10:01","SH","NB",18260362714,18776982768,37037345482,-516620054
20201014,"14:10:01","SZ","NB",28662430232,30925288112,59587718344,-2262857880
20201014,"14:11:01","SH","NB",18341590855,18840136199,37181727054,-498545344
20201014,"14:11:01","SZ","NB",28777061755,31013200855,59790262610,-2236139100
20201014,"14:12:01","SH","NB",18385495361,18906123282,37291618643,-520627921
20201014,"14:12:01","SZ","NB",28875499964,31126413483,60001913447,-2250913519
20201014,"14:13:01","SH","NB",18427213435,18956093274,37383306709,-528879839
20201014,"14:13:01","SZ","NB",28946255750,31222410358,60168666108,-2276154608
20201014,"14:14:01","SH","NB",18471647812,19020680211,37492328023,-549032399
20201014,"14:14:01","SZ","NB",29028389465,31335290413,60363679878,-2306900948
20201014,"14:15:01","SH","NB",18524139347,19077383579,37601522926,-553244232
20201014,"14:15:01","SZ","NB",29112398210,31421136739,60533534949,-2308738529
20201014,"14:16:01","SZ","NB",29211030104,31513946587,60724976691,-2302916483
20201014,"14:16:01","SH","NB",18575887261,19132147461,37708034722,-556260200
20201014,"14:17:01","SH","NB",18663416255,19177253851,37840670106,-513837596
20201014,"14:17:01","SZ","NB",29313025943,31573923671,60886949614,-2260897728
20201014,"14:18:01","SH","NB",18723487073,19234485472,37957972545,-510998399
20201014,"14:18:01","SZ","NB",29401429761,31647524573,61048954334,-2246094812
20201014,"14:19:01","SH","NB",18780427849,19316725680,38097153529,-536297831
20201014,"14:19:01","SZ","NB",29476628183,31792223498,61268851681,-2315595315
20201014,"14:20:01","SH","NB",18823379074,19375902584,38199281658,-552523510
20201014,"14:20:01","SZ","NB",29560467623,31881893990,61442361613,-2321426367
20201014,"14:21:01","SH","NB",18906359789,19469528053,38375887842,-563168264
20201014,"14:21:01","SZ","NB",29687762294,32017895205,61705657499,-2330132911
20201014,"14:22:01","SH","NB",18978237489,19531111687,38509349176,-552874198
20201014,"14:22:01","SZ","NB",29784971631,32114457644,61899429275,-2329486013
20201014,"14:23:01","SH","NB",19083670925,19585388320,38669059245,-501717395
20201014,"14:23:01","SZ","NB",29944311745,32197977922,62142289667,-2253666177
20201014,"14:24:01","SH","NB",19135886909,19635550561,38771437470,-499663652
20201014,"14:24:01","SZ","NB",30037725778,32278790721,62316516499,-2241064943
20201014,"14:25:01","SH","NB",19181502710,19696908826,38878411536,-515406116
20201014,"14:25:01","SZ","NB",30112108373,32359161778,62471270151,-2247053405
20201014,"14:26:01","SZ","NB",30194617616,32510166503,62704784119,-2315548887
20201014,"14:26:01","SH","NB",19235595525,19792595943,39028191468,-557000418
20201014,"14:27:01","SH","NB",19304111252,19862735764,39166847016,-558624512
20201014,"14:27:01","SZ","NB",30315770966,32643551327,62959322293,-2327780361
20201014,"14:28:01","SH","NB",19365341376,19927251273,39292592649,-561909897
20201014,"14:28:01","SZ","NB",30425697373,32741951895,63167649268,-2316254522
20201014,"14:29:01","SH","NB",19440559831,19990808658,39431368489,-550248827
20201014,"14:29:01","SZ","NB",30553047741,32831348554,63384396295,-2278300813
20201014,"14:30:01","SH","NB",19502264287,20046931246,39549195533,-544666959
20201014,"14:30:01","SZ","NB",30653142725,32920936937,63574079662,-2267794212
20201014,"14:31:01","SH","NB",19595949946,20123196754,39719146700,-527246808
20201014,"14:31:01","SZ","NB",30786416234,33030020144,63816436378,-2243603910
20201014,"14:32:01","SH","NB",19730479766,20188793649,39919273415,-458313883
20201014,"14:32:01","SZ","NB",30977755116,33170544278,64148299394,-2192789162
20201014,"14:33:01","SH","NB",19805273754,20245103055,40050376809,-439829301
20201014,"14:33:01","SZ","NB",31084841478,33284242313,64369083791,-2199400835
20201014,"14:34:01","SZ","NB",31180865257,33382686516,64563551773,-2201821259
20201014,"14:34:01","SH","NB",19867035563,20306083984,40173119547,-439048421
20201014,"14:35:01","SH","NB",19934308607,20356809255,40291117862,-422500648
20201014,"14:35:01","SZ","NB",31272203886,33472743942,64744947828,-2200540056
20201014,"14:36:01","SZ","NB",31369069519,33585765542,64954835061,-2216696023
20201014,"14:36:01","SH","NB",20000084061,20432404176,40432488237,-432320115
20201014,"14:37:01","SH","NB",20075811821,20483729988,40559541809,-407918167
20201014,"14:37:01","SZ","NB",31466243043,33669865222,65136108265,-2203622179
20201014,"14:38:01","SH","NB",20192492068,20554018379,40746510447,-361526311
20201014,"14:38:01","SZ","NB",31606111935,33771298680,65377410615,-2165186745
20201014,"14:39:01","SH","NB",20265413979,20605720249,40871134228,-340306270
20201014,"14:39:01","SZ","NB",31697547302,33865670711,65563218013,-2168123409
20201014,"14:40:01","SH","NB",20371852684,20693883889,41065736573,-322031205
20201014,"14:40:01","SZ","NB",31822296345,33980922075,65803218420,-2158625730
20201014,"14:41:01","SH","NB",20491102229,20814928977,41306031206,-323826748
20201014,"14:41:01","SZ","NB",32013249939,34161029278,66174279217,-2147779339
20201014,"14:42:01","SH","NB",20568946881,20895186185,41464133066,-326239304
20201014,"14:42:01","SZ","NB",32126442957,34283115462,66409558419,-2156672505
20201014,"14:43:01","SH","NB",20670734179,20957446795,41628180974,-286712616
20201014,"14:43:01","SZ","NB",32277581195,34370944430,66648525625,-2093363235
20201014,"14:44:01","SH","NB",20774595949,21014788987,41789384936,-240193038
20201014,"14:44:01","SZ","NB",32419259791,34451867003,66871126794,-2032607212
20201014,"14:45:01","SH","NB",20894629417,21089637275,41984266692,-195007858
20201014,"14:45:01","SZ","NB",32565934624,34539493608,67105428232,-1973558984
20201014,"14:46:01","SZ","NB",32731042917,34677817742,67408860659,-1946774825
20201014,"14:46:01","SH","NB",21022683924,21174331976,42197015900,-151648052
20201014,"14:47:01","SH","NB",21117124440,21237345015,42354469455,-120220575
20201014,"14:47:01","SZ","NB",32854375241,34793673155,67648048396,-1939297914
20201014,"14:48:01","SH","NB",21179918461,21311919051,42491837512,-132000590
20201014,"14:48:01","SZ","NB",32959045147,34927017084,67886062231,-1967971937
20201014,"14:49:01","SH","NB",21248596693,21384439046,42633035739,-135842353
20201014,"14:49:01","SZ","NB",33068221934,35029449263,68097671197,-1961227329
20201014,"14:50:01","SH","NB",21335500179,21438351422,42773851601,-102851243
20201014,"14:50:01","SZ","NB",33214799807,35147175617,68361975424,-1932375810
20201014,"14:51:01","SZ","NB",33389956131,35311883507,68701839638,-1921927376
20201014,"14:51:01","SH","NB",21457497225,21555000527,43012497752,-97503302
20201014,"14:52:01","SH","NB",21541804907,21623700162,43165505069,-81895255
20201014,"14:52:01","SZ","NB",33539026981,35439690394,68978717375,-1900663413
20201014,"14:53:01","SH","NB",21664626732,21713683802,43378310534,-49057070
20201014,"14:53:01","SZ","NB",33697850062,35578120955,69275971017,-1880270893
20201014,"14:54:01","SH","NB",21785289897,21798635443,43583925340,-13345546
20201014,"14:54:01","SZ","NB",33847533091,35699311173,69546844264,-1851778082
20201014,"14:55:01","SH","NB",21922344260,21891055352,43813399612,31288908
20201014,"14:55:01","SZ","NB",34002612297,35836889056,69839501353,-1834276759
20201014,"14:56:01","SH","NB",22116313064,22028513630,44144826694,87799434
20201014,"14:56:01","SZ","NB",34218788243,36009614601,70228402844,-1790826358
20201014,"14:57:01","SH","NB",22218987775,22140294350,44359282125,78693425
20201014,"14:57:01","SZ","NB",34331383546,36140119736,70471503282,-1808736190
20201014,"15:00:01","SZ","NB",34454618991,36235259655,70689878646,-1780640664
20201014,"15:01:01","SH","NB",22829245830,22623829218,45453075048,205416612
20201014,"15:01:01","SZ","NB",34912764145,36672860897,71585625042,-1760096752
