dataDate,dataTime,connectMarket,tradeDirection,buyTurnover,sellTurnover,totalTurnover,netTurnover
20200121,"09:30:01","SH","NB",65358080,131069776,196427856,-65711696
20200121,"09:30:01","SZ","NB",86400219,88705381,175105600,-2305162
20200121,"09:31:01","SH","NB",235778082,379428406,615206488,-143650324
20200121,"09:31:01","SZ","NB",369823457,291265966,661089423,78557491
20200121,"09:32:01","SH","NB",413118554,695571710,1108690264,-282453156
20200121,"09:32:01","SZ","NB",650383912,528326736,1178710648,122057176
20200121,"09:33:01","SH","NB",577275332,846127944,1423403276,-268852612
20200121,"09:33:01","SZ","NB",820012681,713646135,1533658816,106366546
20200121,"09:34:01","SH","NB",755075005,1010475153,1765550158,-255400148
20200121,"09:34:01","SZ","NB",1006869126,919175602,1926044728,87693524
20200121,"09:35:01","SH","NB",894934326,1153075363,2048009689,-258141037
20200121,"09:35:01","SZ","NB",1182020676,1101598644,2283619320,80422032
20200121,"09:36:01","SZ","NB",1396625955,1334002105,2730628060,62623850
20200121,"09:36:01","SH","NB",1030815224,1336590637,2367405861,-305775413
20200121,"09:37:01","SH","NB",1150918199,1568781451,2719699650,-417863252
20200121,"09:37:01","SZ","NB",1553884212,1626210550,3180094762,-72326338
20200121,"09:38:01","SH","NB",1264053506,1764417489,3028470995,-500363983
20200121,"09:38:01","SZ","NB",1709550828,1873508612,3583059440,-163957784
20200121,"09:39:01","SH","NB",1396592327,1865071899,3261664226,-468479572
20200121,"09:39:01","SZ","NB",1921624377,2017417138,3939041515,-95792761
20200121,"09:40:01","SH","NB",1479382759,2046115391,3525498150,-566732632
20200121,"09:40:01","SZ","NB",2050405613,2206859338,4257264951,-156453725
20200121,"09:41:01","SH","NB",1571245387,2258192564,3829437951,-686947177
20200121,"09:41:01","SZ","NB",2178353857,2400635920,4578989777,-222282063
20200121,"09:42:01","SH","NB",1707163237,2519929604,4227092841,-812766367
20200121,"09:42:01","SZ","NB",2382006278,2624787104,5006793382,-242780826
20200121,"09:43:01","SH","NB",1828512229,2630410396,4458922625,-801898167
20200121,"09:43:01","SZ","NB",2553851131,2741137041,5294988172,-187285910
20200121,"09:44:01","SH","NB",1929147639,2723190492,4652338131,-794042853
20200121,"09:44:01","SZ","NB",2643696530,2865464533,5509161063,-221768003
20200121,"09:45:01","SH","NB",1997045401,2881330403,4878375804,-884285002
20200121,"09:45:01","SZ","NB",2722309264,3013598445,5735907709,-291289181
20200121,"09:46:01","SZ","NB",2879806720,3188595968,6068402688,-308789248
20200121,"09:46:01","SH","NB",2119260607,2994548489,5113809096,-875287882
20200121,"09:47:01","SH","NB",2201891304,3105251481,5307142785,-903360177
20200121,"09:47:01","SZ","NB",2977485094,3385806097,6363291191,-408321003
20200121,"09:48:01","SH","NB",2310671224,3184645213,5495316437,-873973989
20200121,"09:48:01","SZ","NB",3087878480,3482161039,6570039519,-394282559
20200121,"09:49:01","SZ","NB",3161108255,3646330845,6807439100,-485222590
20200121,"09:49:01","SH","NB",2388697544,3364504390,5753201934,-975806846
20200121,"09:50:01","SH","NB",2475662299,3451984513,5927646812,-976322214
20200121,"09:50:01","SZ","NB",3253478576,3764552563,7018031139,-511073987
20200121,"09:51:01","SH","NB",2561791657,3587691763,6149483420,-1025900106
20200121,"09:51:01","SZ","NB",3365110033,3917872139,7282982172,-552762106
20200121,"09:52:01","SH","NB",2691133417,3671662358,6362795775,-980528941
20200121,"09:52:01","SZ","NB",3519826653,4010850860,7530677513,-491024207
20200121,"09:53:01","SH","NB",2767719809,3826137853,6593857662,-1058418044
20200121,"09:53:01","SZ","NB",3601168382,4150440716,7751609098,-549272334
20200121,"09:54:01","SH","NB",2831142347,3905319462,6736461809,-1074177115
20200121,"09:54:01","SZ","NB",3669353822,4277343777,7946697599,-607989955
20200121,"09:55:01","SH","NB",2896634005,3970859171,6867493176,-1074225166
20200121,"09:55:01","SZ","NB",3750807615,4364103381,8114910996,-613295766
20200121,"09:56:01","SH","NB",2994123221,4066274856,7060398077,-1072151635
20200121,"09:56:01","SZ","NB",3850508158,4472262088,8322770246,-621753930
20200121,"09:57:01","SZ","NB",3906920605,4651944656,8558865261,-745024051
20200121,"09:57:01","SH","NB",3068991923,4202199898,7271191821,-1133207975
20200121,"09:58:01","SH","NB",3132217712,4304822499,7437040211,-1172604787
20200121,"09:58:01","SZ","NB",3974464513,4841003730,8815468243,-866539217
20200121,"09:59:01","SZ","NB",4060219941,5048568278,9108788219,-988348337
20200121,"09:59:01","SH","NB",3206527072,4527631870,7734158942,-1321104798
20200121,"10:00:01","SH","NB",3318295939,4611138921,7929434860,-1292842982
20200121,"10:00:01","SZ","NB",4203915638,5133333173,9337248811,-929417535
20200121,"10:01:01","SH","NB",3410011060,4716631489,8126642549,-1306620429
20200121,"10:01:01","SZ","NB",4314632422,5256634178,9571266600,-942001756
20200121,"10:02:01","SH","NB",3511082635,4790887909,8301970544,-1279805274
20200121,"10:02:01","SZ","NB",4424833892,5333754823,9758588715,-908920931
20200121,"10:03:01","SH","NB",3577609949,4852134537,8429744486,-1274524588
20200121,"10:03:01","SZ","NB",4517769512,5417331101,9935100613,-899561589
20200121,"10:04:01","SH","NB",3656181233,4919723159,8575904392,-1263541926
20200121,"10:04:01","SZ","NB",4594049126,5503890505,10097939631,-909841379
20200121,"10:05:01","SH","NB",3723943016,5022818856,8746761872,-1298875840
20200121,"10:05:01","SZ","NB",4665122523,5693493399,10358615922,-1028370876
20200121,"10:06:01","SH","NB",3790456715,5079939360,8870396075,-1289482645
20200121,"10:06:01","SZ","NB",4723813519,5769187331,10493000850,-1045373812
20200121,"10:07:01","SH","NB",3844616763,5163810017,9008426780,-1319193254
20200121,"10:07:01","SZ","NB",4780597479,5868573113,10649170592,-1087975634
20200121,"10:08:01","SZ","NB",4871142328,5941108053,10812250381,-1069965725
20200121,"10:08:01","SH","NB",3899896595,5220271429,9120168024,-1320374834
20200121,"10:09:01","SH","NB",3959244950,5285345552,9244590502,-1326100602
20200121,"10:09:01","SZ","NB",4936778616,6023311861,10960090477,-1086533245
20200121,"10:10:01","SH","NB",4002006280,5362792837,9364799117,-1360786557
20200121,"10:10:01","SZ","NB",5001979087,6113787746,11115766833,-1111808659
20200121,"10:11:01","SH","NB",4078475176,5469930169,9548405345,-1391454993
20200121,"10:11:01","SZ","NB",5089192018,6196639077,11285831095,-1107447059
20200121,"10:12:01","SH","NB",4138541429,5564731886,9703273315,-1426190457
20200121,"10:12:01","SZ","NB",5165027806,6293233252,11458261058,-1128205446
20200121,"10:13:01","SH","NB",4191987696,5660342010,9852329706,-1468354314
20200121,"10:13:01","SZ","NB",5223646214,6410645586,11634291800,-1186999372
20200121,"10:14:01","SH","NB",4241842278,5761718489,10003560767,-1519876211
20200121,"10:14:01","SZ","NB",5272460766,6517817232,11790277998,-1245356466
20200121,"10:15:01","SH","NB",4308010709,5841122158,10149132867,-1533111449
20200121,"10:15:01","SZ","NB",5336625039,6611092319,11947717358,-1274467280
20200121,"10:16:01","SH","NB",4371657835,5978566647,10350224482,-1606908812
20200121,"10:16:01","SZ","NB",5396614954,6804303330,12200918284,-1407688376
20200121,"10:17:01","SZ","NB",5477961736,6865646357,12343608093,-1387684621
20200121,"10:17:01","SH","NB",4479907028,6046026822,10525933850,-1566119794
20200121,"10:18:01","SH","NB",4572265779,6104703509,10676969288,-1532437730
20200121,"10:18:01","SZ","NB",5551906131,6935461567,12487367698,-1383555436
20200121,"10:19:01","SH","NB",4649110541,6155635388,10804745929,-1506524847
20200121,"10:19:01","SZ","NB",5610751133,7012720283,12623471416,-1401969150
20200121,"10:20:01","SH","NB",4706644215,6228927258,10935571473,-1522283043
20200121,"10:20:01","SZ","NB",5667628573,7104776596,12772405169,-1437148023
20200121,"10:21:01","SH","NB",4766571108,6292793491,11059364599,-1526222383
20200121,"10:21:01","SZ","NB",5736732120,7192785622,12929517742,-1456053502
20200121,"10:22:01","SH","NB",4827906951,6347340553,11175247504,-1519433602
20200121,"10:22:01","SZ","NB",5801022747,7282726757,13083749504,-1481704010
20200121,"10:23:01","SH","NB",4864935660,6440992213,11305927873,-1576056553
20200121,"10:23:01","SZ","NB",5846036843,7402737453,13248774296,-1556700610
20200121,"10:24:01","SH","NB",4905021051,6531322788,11436343839,-1626301737
20200121,"10:24:01","SZ","NB",5898122659,7478695752,13376818411,-1580573093
20200121,"10:25:01","SZ","NB",5945961562,7581932480,13527894042,-1635970918
20200121,"10:25:01","SH","NB",4948138985,6623248938,11571387923,-1675109953
20200121,"10:26:01","SH","NB",4991639792,6682289253,11673929045,-1690649461
20200121,"10:26:01","SZ","NB",6017348328,7657208748,13674557076,-1639860420
20200121,"10:27:01","SH","NB",5038434171,6792713867,11831148038,-1754279696
20200121,"10:27:01","SZ","NB",6066076097,7778406379,13844482476,-1712330282
20200121,"10:28:01","SH","NB",5073711461,6856544365,11930255826,-1782832904
20200121,"10:28:01","SZ","NB",6111284741,7849563187,13960847928,-1738278446
20200121,"10:29:01","SH","NB",5123672280,6957338976,12081011256,-1833666696
20200121,"10:29:01","SZ","NB",6163150302,7949633107,14112783409,-1786482805
20200121,"10:30:01","SH","NB",5168907265,7017077439,12185984704,-1848170174
20200121,"10:30:01","SZ","NB",6220382033,8016757953,14237139986,-1796375920
20200121,"10:31:01","SH","NB",5221847447,7218255114,12440102561,-1996407667
20200121,"10:31:01","SZ","NB",6311846344,8230590002,14542436346,-1918743658
20200121,"10:32:01","SZ","NB",6464284783,8328266491,14792551274,-1863981708
20200121,"10:32:01","SH","NB",5320200892,7330961894,12651162786,-2010761002
20200121,"10:33:01","SH","NB",5367996103,7402228803,12770224906,-2034232700
20200121,"10:33:01","SZ","NB",6523412891,8402174421,14925587312,-1878761530
20200121,"10:34:01","SH","NB",5409065618,7449936288,12859001906,-2040870670
20200121,"10:34:01","SZ","NB",6584190535,8452646647,15036837182,-1868456112
20200121,"10:35:01","SH","NB",5456540908,7505035323,12961576231,-2048494415
20200121,"10:35:01","SZ","NB",6630671649,8514415800,15145087449,-1883744151
20200121,"10:36:01","SH","NB",5506676893,7575278097,13081954990,-2068601204
20200121,"10:36:01","SZ","NB",6703065287,8583343868,15286409155,-1880278581
20200121,"10:37:01","SH","NB",5545966235,7625346813,13171313048,-2079380578
20200121,"10:37:01","SZ","NB",6764322615,8643823982,15408146597,-1879501367
20200121,"10:38:01","SH","NB",5589156041,7708138400,13297294441,-2118982359
20200121,"10:38:01","SZ","NB",6811880320,8744610910,15556491230,-1932730590
20200121,"10:39:01","SH","NB",5633717414,7771382989,13405100403,-2137665575
20200121,"10:39:01","SZ","NB",6851658831,8845917057,15697575888,-1994258226
20200121,"10:40:01","SZ","NB",6895464480,8989375793,15884840273,-2093911313
20200121,"10:40:01","SH","NB",5675015845,7915553907,13590569752,-2240538062
20200121,"10:41:01","SH","NB",5737574394,8082743038,13820317432,-2345168644
20200121,"10:41:01","SZ","NB",6986685038,9222582216,16209267254,-2235897178
20200121,"10:42:01","SH","NB",5789200165,8134161811,13923361976,-2344961646
20200121,"10:42:01","SZ","NB",7064483824,9315800651,16380284475,-2251316827
20200121,"10:43:01","SH","NB",5836675212,8213328621,14050003833,-2376653409
20200121,"10:43:01","SZ","NB",7130687923,9417712602,16548400525,-2287024679
20200121,"10:44:01","SH","NB",5887577068,8341722397,14229299465,-2454145329
20200121,"10:44:01","SZ","NB",7203719897,9534985989,16738705886,-2331266092
20200121,"10:45:01","SZ","NB",7291238688,9612320510,16903559198,-2321081822
20200121,"10:45:01","SH","NB",5931035038,8419957359,14350992397,-2488922321
20200121,"10:46:01","SH","NB",5971909083,8465055980,14436965063,-2493146897
20200121,"10:46:01","SZ","NB",7361262288,9666024037,17027286325,-2304761749
20200121,"10:47:01","SH","NB",6023122365,8586240249,14609362614,-2563117884
20200121,"10:47:01","SZ","NB",7417833827,9797093770,17214927597,-2379259943
20200121,"10:48:01","SH","NB",6101019747,8635341975,14736361722,-2534322228
20200121,"10:48:01","SZ","NB",7527951863,9851021263,17378973126,-2323069400
20200121,"10:49:01","SH","NB",6161485539,8674514073,14835999612,-2513028534
20200121,"10:49:01","SZ","NB",7618313254,9900595716,17518908970,-2282282462
20200121,"10:50:01","SH","NB",6232276284,8724515514,14956791798,-2492239230
20200121,"10:50:01","SZ","NB",7674944463,9943053797,17617998260,-2268109334
20200121,"10:51:01","SZ","NB",7724084436,10015388344,17739472780,-2291303908
20200121,"10:51:01","SH","NB",6287632831,8773552301,15061185132,-2485919470
20200121,"10:52:01","SH","NB",6324319753,8821674044,15145993797,-2497354291
20200121,"10:52:01","SZ","NB",7766385684,10074956346,17841342030,-2308570662
20200121,"10:53:01","SH","NB",6360881105,8907465544,15268346649,-2546584439
20200121,"10:53:01","SZ","NB",7811451061,10173014257,17984465318,-2361563196
20200121,"10:54:01","SH","NB",6394283960,8943493082,15337777042,-2549209122
20200121,"10:54:01","SZ","NB",7859080511,10222354592,18081435103,-2363274081
20200121,"10:55:01","SH","NB",6421050937,8975572090,15396623027,-2554521153
20200121,"10:55:01","SZ","NB",7904525021,10253771972,18158296993,-2349246951
20200121,"10:56:01","SH","NB",6457669705,9030180504,15487850209,-2572510799
20200121,"10:56:01","SZ","NB",7938764971,10321893945,18260658916,-2383128974
20200121,"10:57:01","SH","NB",6488474766,9081766883,15570241649,-2593292117
20200121,"10:57:01","SZ","NB",7976446097,10358310787,18334756884,-2381864690
20200121,"10:58:01","SH","NB",6523372171,9124313705,15647685876,-2600941534
20200121,"10:58:01","SZ","NB",8016156122,10393221644,18409377766,-2377065522
20200121,"10:59:01","SH","NB",6554715577,9174908410,15729623987,-2620192833
20200121,"10:59:01","SZ","NB",8051537145,10460626011,18512163156,-2409088866
20200121,"11:00:01","SZ","NB",8087698209,10492408232,18580106441,-2404710023
20200121,"11:00:01","SH","NB",6590609634,9202743656,15793353290,-2612134022
20200121,"11:01:01","SH","NB",6628801534,9262178861,15890980395,-2633377327
20200121,"11:01:01","SZ","NB",8147557989,10548144850,18695702839,-2400586861
20200121,"11:02:01","SH","NB",6667326773,9297521684,15964848457,-2630194911
20200121,"11:02:01","SZ","NB",8201648311,10589596856,18791245167,-2387948545
20200121,"11:03:01","SZ","NB",8264306957,10627715881,18892022838,-2363408924
20200121,"11:03:01","SH","NB",6705018245,9342347185,16047365430,-2637328940
20200121,"11:04:01","SH","NB",6738347361,9375046305,16113393666,-2636698944
20200121,"11:04:01","SZ","NB",8304465578,10659784596,18964250174,-2355319018
20200121,"11:05:01","SH","NB",6771275019,9407879124,16179154143,-2636604105
20200121,"11:05:01","SZ","NB",8351996089,10703570557,19055566646,-2351574468
20200121,"11:06:01","SH","NB",6812034053,9439528877,16251562930,-2627494824
20200121,"11:06:01","SZ","NB",8398563670,10739043826,19137607496,-2340480156
20200121,"11:07:01","SH","NB",6851080133,9532055104,16383135237,-2680974971
20200121,"11:07:01","SZ","NB",8450253392,10832740259,19282993651,-2382486867
20200121,"11:08:01","SH","NB",6887777767,9640089539,16527867306,-2752311772
20200121,"11:08:01","SZ","NB",8489011049,10937532257,19426543306,-2448521208
20200121,"11:09:01","SH","NB",6914830519,9751562661,16666393180,-2836732142
20200121,"11:09:01","SZ","NB",8527622704,11017762406,19545385110,-2490139702
20200121,"11:10:01","SH","NB",6939202836,9802845668,16742048504,-2863642832
20200121,"11:10:01","SZ","NB",8559973603,11069550287,19629523890,-2509576684
20200121,"11:11:01","SH","NB",6993595397,9848148701,16841744098,-2854553304
20200121,"11:11:01","SZ","NB",8623758645,11129823308,19753581953,-2506064663
20200121,"11:12:01","SH","NB",7034114468,9879070205,16913184673,-2844955737
20200121,"11:12:01","SZ","NB",8662774782,11161887096,19824661878,-2499112314
20200121,"11:13:01","SZ","NB",8714626416,11196891031,19911517447,-2482264615
20200121,"11:13:01","SH","NB",7088216128,9919203165,17007419293,-2830987037
20200121,"11:14:01","SH","NB",7117268255,9970645244,17087913499,-2853376989
20200121,"11:14:01","SZ","NB",8767335983,11244272828,20011608811,-2476936845
20200121,"11:15:01","SH","NB",7146371498,10004632746,17151004244,-2858261248
20200121,"11:15:01","SZ","NB",8802204164,11280280267,20082484431,-2478076103
20200121,"11:16:01","SH","NB",7176263026,10039651839,17215914865,-2863388813
20200121,"11:16:01","SZ","NB",8834379910,11312672951,20147052861,-2478293041
20200121,"11:17:01","SZ","NB",8882595993,11345558275,20228154268,-2462962282
20200121,"11:17:01","SH","NB",7212477907,10078312336,17290790243,-2865834429
20200121,"11:18:01","SH","NB",7264410196,10108881950,17373292146,-2844471754
20200121,"11:18:01","SZ","NB",8940532724,11371634018,20312166742,-2431101294
20200121,"11:19:01","SH","NB",7321563752,10141475772,17463039524,-2819912020
20200121,"11:19:01","SZ","NB",8998186397,11402469874,20400656271,-2404283477
20200121,"11:20:01","SH","NB",7373172036,10175760240,17548932276,-2802588204
20200121,"11:20:01","SZ","NB",9058005274,11438532827,20496538101,-2380527553
20200121,"11:21:01","SH","NB",7444307704,10213666934,17657974638,-2769359230
20200121,"11:21:01","SZ","NB",9158286531,11479995271,20638281802,-2321708740
20200121,"11:22:01","SH","NB",7497498845,10246640717,17744139562,-2749141872
20200121,"11:22:01","SZ","NB",9219611522,11512540329,20732151851,-2292928807
20200121,"11:23:01","SH","NB",7540293791,10302554845,17842848636,-2762261054
20200121,"11:23:01","SZ","NB",9261308759,11562032683,20823341442,-2300723924
20200121,"11:24:01","SH","NB",7573192185,10352511181,17925703366,-2779318996
20200121,"11:24:01","SZ","NB",9302605193,11609288730,20911893923,-2306683537
20200121,"11:25:01","SZ","NB",9346027250,11651570191,20997597441,-2305542941
20200121,"11:25:01","SH","NB",7603174334,10392475850,17995650184,-2789301516
20200121,"11:26:01","SH","NB",7638543983,10435666295,18074210278,-2797122312
20200121,"11:26:01","SZ","NB",9385326292,11684161291,21069487583,-2298834999
20200121,"11:27:01","SH","NB",7664616259,10467441063,18132057322,-2802824804
20200121,"11:27:01","SZ","NB",9415559550,11712944026,21128503576,-2297384476
20200121,"11:28:01","SH","NB",7693086689,10496816239,18189902928,-2803729550
20200121,"11:28:01","SZ","NB",9447174647,11744978377,21192153024,-2297803730
20200121,"11:29:01","SH","NB",7724771239,10521788436,18246559675,-2797017197
20200121,"11:29:01","SZ","NB",9484397883,11774937959,21259335842,-2290540076
20200121,"11:30:01","SZ","NB",9514049287,11799652817,21313702104,-2285603530
20200121,"11:30:01","SH","NB",7746137959,10552367813,18298505772,-2806229854
20200121,"11:31:01","SH","NB",7747890572,10554339700,18302230272,-2806449128
20200121,"11:31:01","SZ","NB",9516165321,11800514671,21316679992,-2284349350
20200121,"13:00:01","SZ","NB",9519517298,11805742875,21325260173,-2286225577
20200121,"13:01:01","SH","NB",7847862566,10796376929,18644239495,-2948514363
20200121,"13:01:01","SZ","NB",9641591832,11943555146,21585146978,-2301963314
20200121,"13:02:01","SH","NB",7899468039,10842564539,18742032578,-2943096500
20200121,"13:02:01","SZ","NB",9711880697,11995599560,21707480257,-2283718863
20200121,"13:03:01","SZ","NB",9763845891,12057140186,21820986077,-2293294295
20200121,"13:03:01","SH","NB",7938603380,10896507382,18835110762,-2957904002
20200121,"13:04:01","SH","NB",7970017249,10968448224,18938465473,-2998430975
20200121,"13:04:01","SZ","NB",9813710305,12103196757,21916907062,-2289486452
20200121,"13:05:01","SH","NB",8009349068,11032844692,19042193760,-3023495624
20200121,"13:05:01","SZ","NB",9861974760,12170159402,22032134162,-2308184642
20200121,"13:06:01","SH","NB",8062522072,11084151509,19146673581,-3021629437
20200121,"13:06:01","SZ","NB",9907359756,12235056120,22142415876,-2327696364
20200121,"13:07:01","SH","NB",8109393436,11120330302,19229723738,-3010936866
20200121,"13:07:01","SZ","NB",9954964423,12277445606,22232410029,-2322481183
20200121,"13:08:01","SH","NB",8142205250,11175410126,19317615376,-3033204876
20200121,"13:08:01","SZ","NB",10007047951,12317297557,22324345508,-2310249606
20200121,"13:09:01","SH","NB",8175298266,11223646340,19398944606,-3048348074
20200121,"13:09:01","SZ","NB",10049308446,12366852439,22416160885,-2317543993
20200121,"13:10:01","SH","NB",8206946160,11257306990,19464253150,-3050360830
20200121,"13:10:01","SZ","NB",10091467823,12407286564,22498754387,-2315818741
20200121,"13:11:01","SZ","NB",10159124891,12456344777,22615469668,-2297219886
20200121,"13:11:01","SH","NB",8258898308,11289678581,19548576889,-3030780273
20200121,"13:12:01","SH","NB",8311904291,11330771085,19642675376,-3018866794
20200121,"13:12:01","SZ","NB",10206239697,12504205521,22710445218,-2297965824
20200121,"13:13:01","SH","NB",8348502473,11384914866,19733417339,-3036412393
20200121,"13:13:01","SZ","NB",10249767667,12550955549,22800723216,-2301187882
20200121,"13:14:01","SH","NB",8380933858,11430476876,19811410734,-3049543018
20200121,"13:14:01","SZ","NB",10286585405,12621468493,22908053898,-2334883088
20200121,"13:15:01","SH","NB",8408168612,11462912345,19871080957,-3054743733
20200121,"13:15:01","SZ","NB",10321453241,12666713426,22988166667,-2345260185
20200121,"13:16:01","SH","NB",8449277178,11490825567,19940102745,-3041548389
20200121,"13:16:01","SZ","NB",10354785077,12710998381,23065783458,-2356213304
20200121,"13:17:01","SH","NB",8490080931,11528791171,20018872102,-3038710240
20200121,"13:17:01","SZ","NB",10394926312,12754344673,23149270985,-2359418361
20200121,"13:18:01","SH","NB",8528548101,11639741888,20168289989,-3111193787
20200121,"13:18:01","SZ","NB",10433004055,12859547637,23292551692,-2426543582
20200121,"13:19:01","SH","NB",8557642902,11678221525,20235864427,-3120578623
20200121,"13:19:01","SZ","NB",10469949121,12898655269,23368604390,-2428706148
20200121,"13:20:01","SH","NB",8588857595,11728636795,20317494390,-3139779200
20200121,"13:20:01","SZ","NB",10508060960,12945852876,23453913836,-2437791916
20200121,"13:21:01","SZ","NB",10565097800,13113815845,23678913645,-2548718045
20200121,"13:21:01","SH","NB",8633363324,11845757361,20479120685,-3212394037
20200121,"13:22:01","SH","NB",8672019620,11888917718,20560937338,-3216898098
20200121,"13:22:01","SZ","NB",10614418588,13164643059,23779061647,-2550224471
20200121,"13:23:01","SH","NB",8708583117,11916249389,20624832506,-3207666272
20200121,"13:23:01","SZ","NB",10656727149,13197002807,23853729956,-2540275658
20200121,"13:24:01","SH","NB",8747059822,11954121153,20701180975,-3207061331
20200121,"13:24:01","SZ","NB",10719797502,13239843171,23959640673,-2520045669
20200121,"13:25:01","SH","NB",8785265575,11991981801,20777247376,-3206716226
20200121,"13:25:01","SZ","NB",10757656321,13277418542,24035074863,-2519762221
20200121,"13:26:01","SH","NB",8824297822,12024335805,20848633627,-3200037983
20200121,"13:26:01","SZ","NB",10794320185,13314768066,24109088251,-2520447881
20200121,"13:27:01","SZ","NB",10831037434,13354808296,24185845730,-2523770862
20200121,"13:27:01","SH","NB",8860865144,12055482914,20916348058,-3194617770
20200121,"13:28:01","SH","NB",8892423925,12107381123,20999805048,-3214957198
20200121,"13:28:01","SZ","NB",10870366147,13395964711,24266330858,-2525598564
20200121,"13:29:01","SH","NB",8924205140,12145722775,21069927915,-3221517635
20200121,"13:29:01","SZ","NB",10909865900,13443124796,24352990696,-2533258896
20200121,"13:30:01","SH","NB",8962985307,12193655876,21156641183,-3230670569
20200121,"13:30:01","SZ","NB",10950039031,13490584078,24440623109,-2540545047
20200121,"13:31:01","SH","NB",9009279172,12290266181,21299545353,-3280987009
20200121,"13:31:01","SZ","NB",10997712453,13589806402,24587518855,-2592093949
20200121,"13:32:01","SH","NB",9042693190,12340757703,21383450893,-3298064513
20200121,"13:32:01","SZ","NB",11045112849,13660955509,24706068358,-2615842660
20200121,"13:33:01","SH","NB",9084567860,12397527990,21482095850,-3312960130
20200121,"13:33:01","SZ","NB",11092772884,13716369107,24809141991,-2623596223
20200121,"13:34:01","SH","NB",9123598104,12450343790,21573941894,-3326745686
20200121,"13:34:01","SZ","NB",11140245107,13763020587,24903265694,-2622775480
20200121,"13:35:01","SZ","NB",11211606041,13834398333,25046004374,-2622792292
20200121,"13:35:01","SH","NB",9172192932,12500659852,21672852784,-3328466920
20200121,"13:36:01","SH","NB",9211103639,12543547860,21754651499,-3332444221
20200121,"13:36:01","SZ","NB",11270714586,13886922840,25157637426,-2616208254
20200121,"13:37:01","SH","NB",9242722918,12589260336,21831983254,-3346537418
20200121,"13:37:01","SZ","NB",11310308669,13951015952,25261324621,-2640707283
20200121,"13:38:01","SZ","NB",11349525916,14038888842,25388414758,-2689362926
20200121,"13:38:01","SH","NB",9279516056,12664808605,21944324661,-3385292549
20200121,"13:39:01","SH","NB",9320271667,12719525251,22039796918,-3399253584
20200121,"13:39:01","SZ","NB",11394888371,14107439888,25502328259,-2712551517
20200121,"13:40:01","SH","NB",9360107326,12769951154,22130058480,-3409843828
20200121,"13:40:01","SZ","NB",11438342661,14151831893,25590174554,-2713489232
20200121,"13:41:01","SH","NB",9424425195,12830690238,22255115433,-3406265043
20200121,"13:41:01","SZ","NB",11501119841,14225936588,25727056429,-2724816747
20200121,"13:42:01","SH","NB",9464256758,12875272404,22339529162,-3411015646
20200121,"13:42:01","SZ","NB",11549599601,14283771337,25833370938,-2734171736
20200121,"13:43:01","SH","NB",9494150856,12913642577,22407793433,-3419491721
20200121,"13:43:01","SZ","NB",11587248865,14336464918,25923713783,-2749216053
20200121,"13:44:01","SH","NB",9524517806,12966781556,22491299362,-3442263750
20200121,"13:44:01","SZ","NB",11626442872,14387860981,26014303853,-2761418109
20200121,"13:45:01","SH","NB",9559076569,13048029696,22607106265,-3488953127
20200121,"13:45:01","SZ","NB",11669360339,14458477618,26127837957,-2789117279
20200121,"13:46:01","SH","NB",9597538593,13160014616,22757553209,-3562476023
20200121,"13:46:01","SZ","NB",11718504414,14580879794,26299384208,-2862375380
20200121,"13:47:01","SH","NB",9659348308,13218099340,22877447648,-3558751032
20200121,"13:47:01","SZ","NB",11824143773,14648960501,26473104274,-2824816728
20200121,"13:48:01","SZ","NB",11876059940,14696970439,26573030379,-2820910499
20200121,"13:48:01","SH","NB",9696498145,13254047969,22950546114,-3557549824
20200121,"13:49:01","SH","NB",9736914829,13386301667,23123216496,-3649386838
20200121,"13:49:01","SZ","NB",11926089685,14782636005,26708725690,-2856546320
20200121,"13:50:01","SZ","NB",11978443065,14834072515,26812515580,-2855629450
20200121,"13:50:01","SH","NB",9772449666,13465285208,23237734874,-3692835542
20200121,"13:51:01","SH","NB",9815887942,13526849592,23342737534,-3710961650
20200121,"13:51:01","SZ","NB",12041012385,14887445162,26928457547,-2846432777
20200121,"13:52:01","SH","NB",9856579285,13598746967,23455326252,-3742167682
20200121,"13:52:01","SZ","NB",12110516163,14941971684,27052487847,-2831455521
20200121,"13:53:01","SH","NB",9890092733,13640539314,23530632047,-3750446581
20200121,"13:53:01","SZ","NB",12147704629,14983852233,27131556862,-2836147604
20200121,"13:54:01","SH","NB",9922650039,13684862592,23607512631,-3762212553
20200121,"13:54:01","SZ","NB",12191679970,15023065399,27214745369,-2831385429
20200121,"13:55:01","SH","NB",9956766751,13728942128,23685708879,-3772175377
20200121,"13:55:01","SZ","NB",12233255956,15064392618,27297648574,-2831136662
20200121,"13:56:01","SH","NB",9990226345,13775579522,23765805867,-3785353177
20200121,"13:56:01","SZ","NB",12279817824,15101095228,27380913052,-2821277404
20200121,"13:57:01","SH","NB",10017027015,13828075540,23845102555,-3811048525
20200121,"13:57:01","SZ","NB",12320477348,15148318803,27468796151,-2827841455
20200121,"13:58:01","SH","NB",10043904710,13901015006,23944919716,-3857110296
20200121,"13:58:01","SZ","NB",12368300074,15204900220,27573200294,-2836600146
20200121,"13:59:01","SZ","NB",12408764881,15244771532,27653536413,-2836006651
20200121,"13:59:01","SH","NB",10069123507,13938348827,24007472334,-3869225320
20200121,"14:00:01","SH","NB",10098714700,13974777564,24073492264,-3876062864
20200121,"14:00:01","SZ","NB",12454374757,15283409186,27737783943,-2829034429
20200121,"14:01:01","SH","NB",10133878392,14031174679,24165053071,-3897296287
20200121,"14:01:01","SZ","NB",12516657900,15349337804,27865995704,-2832679904
20200121,"14:02:01","SH","NB",10174116692,14075276736,24249393428,-3901160044
20200121,"14:02:01","SZ","NB",12580983852,15391542598,27972526450,-2810558746
20200121,"14:03:01","SH","NB",10203577086,14114746103,24318323189,-3911169017
20200121,"14:03:01","SZ","NB",12624248803,15439698470,28063947273,-2815449667
20200121,"14:04:01","SH","NB",10237395729,14162853644,24400249373,-3925457915
20200121,"14:04:01","SZ","NB",12660272598,15497070503,28157343101,-2836797905
20200121,"14:05:01","SH","NB",10268917551,14207418345,24476335896,-3938500794
20200121,"14:05:01","SZ","NB",12700021894,15554324798,28254346692,-2854302904
20200121,"14:06:01","SH","NB",10305507887,14243343285,24548851172,-3937835398
20200121,"14:06:01","SZ","NB",12738649255,15595444670,28334093925,-2856795415
20200121,"14:07:01","SH","NB",10340923873,14271596332,24612520205,-3930672459
20200121,"14:07:01","SZ","NB",12778626403,15639763855,28418390258,-2861137452
20200121,"14:08:01","SH","NB",10368416185,14354968845,24723385030,-3986552660
20200121,"14:08:01","SZ","NB",12821766355,15724945653,28546712008,-2903179298
20200121,"14:09:01","SZ","NB",12856876679,15801127610,28658004289,-2944250931
20200121,"14:09:01","SH","NB",10402091831,14433254064,24835345895,-4031162233
20200121,"14:10:01","SH","NB",10442393999,14478818138,24921212137,-4036424139
20200121,"14:10:01","SZ","NB",12905683959,15849694071,28755378030,-2944010112
20200121,"14:11:01","SH","NB",10485136364,14525296725,25010433089,-4040160361
20200121,"14:11:01","SZ","NB",12966860910,15907718965,28874579875,-2940858055
20200121,"14:12:01","SZ","NB",13013015787,15950522771,28963538558,-2937506984
20200121,"14:12:01","SH","NB",10517461226,14555811825,25073273051,-4038350599
20200121,"14:13:01","SH","NB",10545455389,14592691747,25138147136,-4047236358
20200121,"14:13:01","SZ","NB",13055162278,15994081231,29049243509,-2938918953
20200121,"14:14:01","SH","NB",10577406512,14630083833,25207490345,-4052677321
20200121,"14:14:01","SZ","NB",13098686662,16039269546,29137956208,-2940582884
20200121,"14:15:01","SH","NB",10608334990,14703850797,25312185787,-4095515807
20200121,"14:15:01","SZ","NB",13152363073,16094219520,29246582593,-2941856447
20200121,"14:16:01","SH","NB",10640141333,14741324933,25381466266,-4101183600
20200121,"14:16:01","SZ","NB",13206577978,16146459990,29353037968,-2939882012
20200121,"14:17:01","SH","NB",10679964929,14779669119,25459634048,-4099704190
20200121,"14:17:01","SZ","NB",13264052765,16196376081,29460428846,-2932323316
20200121,"14:18:01","SH","NB",10709920633,14825955781,25535876414,-4116035148
20200121,"14:18:01","SZ","NB",13299526111,16237436497,29536962608,-2937910386
20200121,"14:19:01","SH","NB",10741203276,14876631872,25617835148,-4135428596
20200121,"14:19:01","SZ","NB",13340156213,16286645523,29626801736,-2946489310
20200121,"14:20:01","SH","NB",10774884953,14915456431,25690341384,-4140571478
20200121,"14:20:01","SZ","NB",13380105712,16326787488,29706893200,-2946681776
20200121,"14:21:01","SH","NB",10864062259,14967203781,25831266040,-4103141522
20200121,"14:21:01","SZ","NB",13471690546,16384986854,29856677400,-2913296308
20200121,"14:22:01","SZ","NB",13538529478,16449884888,29988414366,-2911355410
20200121,"14:22:01","SH","NB",10907901028,15026184762,25934085790,-4118283734
20200121,"14:23:01","SH","NB",10951273084,15077051229,26028324313,-4125778145
20200121,"14:23:01","SZ","NB",13582972686,16504123590,30087096276,-2921150904
20200121,"14:24:01","SH","NB",10992016225,15121919377,26113935602,-4129903152
20200121,"14:24:01","SZ","NB",13624106204,16569607392,30193713596,-2945501188
20200121,"14:25:01","SH","NB",11026697051,15163252819,26189949870,-4136555768
20200121,"14:25:01","SZ","NB",13671090937,16620589790,30291680727,-2949498853
20200121,"14:26:01","SH","NB",11057260481,15206186310,26263446791,-4148925829
20200121,"14:26:01","SZ","NB",13704779858,16664923255,30369703113,-2960143397
20200121,"14:27:01","SH","NB",11090481037,15249475207,26339956244,-4158994170
20200121,"14:27:01","SZ","NB",13740408300,16711204365,30451612665,-2970796065
20200121,"14:28:01","SZ","NB",13782777885,16758720369,30541498254,-2975942484
20200121,"14:28:01","SH","NB",11129697129,15296974171,26426671300,-4167277042
20200121,"14:29:01","SH","NB",11173761343,15340349559,26514110902,-4166588216
20200121,"14:29:01","SZ","NB",13849213218,16810064735,30659277953,-2960851517
20200121,"14:30:01","SH","NB",11211993262,15375277542,26587270804,-4163284280
20200121,"14:30:01","SZ","NB",13910889304,16856355839,30767245143,-2945466535
20200121,"14:31:01","SZ","NB",14015441086,16918569623,30934010709,-2903128537
20200121,"14:31:01","SH","NB",11296047923,15426087473,26722135396,-4130039550
20200121,"14:32:01","SH","NB",11339930253,15471592078,26811522331,-4131661825
20200121,"14:32:01","SZ","NB",14099361188,16992150333,31091511521,-2892789145
20200121,"14:33:01","SH","NB",11393321191,15555948291,26949269482,-4162627100
20200121,"14:33:01","SZ","NB",14155520556,17085830165,31241350721,-2930309609
20200121,"14:34:01","SH","NB",11437235747,15635257385,27072493132,-4198021638
20200121,"14:34:01","SZ","NB",14206897234,17156039891,31362937125,-2949142657
20200121,"14:35:01","SH","NB",11478553129,15682287592,27160840721,-4203734463
20200121,"14:35:01","SZ","NB",14258212822,17206314571,31464527393,-2948101749
20200121,"14:36:01","SH","NB",11525636277,15721889472,27247525749,-4196253195
20200121,"14:36:01","SZ","NB",14329653569,17262080728,31591734297,-2932427159
20200121,"14:37:01","SH","NB",11577329887,15765224029,27342553916,-4187894142
20200121,"14:37:01","SZ","NB",14379049445,17319663837,31698713282,-2940614392
20200121,"14:38:01","SH","NB",11625455955,15818839627,27444295582,-4193383672
20200121,"14:38:01","SZ","NB",14432475900,17383653933,31816129833,-2951178033
20200121,"14:39:01","SH","NB",11669374831,15868632350,27538007181,-4199257519
20200121,"14:39:01","SZ","NB",14475227487,17442199556,31917427043,-2966972069
20200121,"14:40:01","SZ","NB",14530765269,17509088899,32039854168,-2978323630
20200121,"14:40:01","SH","NB",11719824869,15935073241,27654898110,-4215248372
20200121,"14:41:01","SH","NB",11785564095,16015780386,27801344481,-4230216291
20200121,"14:41:01","SZ","NB",14592201473,17606536239,32198737712,-3014334766
20200121,"14:42:01","SH","NB",11838591453,16067584052,27906175505,-4228992599
20200121,"14:42:01","SZ","NB",14650468939,17672954433,32323423372,-3022485494
20200121,"14:43:01","SH","NB",11888425489,16128226707,28016652196,-4239801218
20200121,"14:43:01","SZ","NB",14699682359,17729459209,32429141568,-3029776850
20200121,"14:44:01","SH","NB",11943749554,16184999054,28128748608,-4241249500
20200121,"14:44:01","SZ","NB",14757206308,17795743110,32552949418,-3038536802
20200121,"14:45:01","SH","NB",11997024745,16266461223,28263485968,-4269436478
20200121,"14:45:01","SZ","NB",14829679788,17881617246,32711297034,-3051937458
20200121,"14:46:01","SH","NB",12052853395,16314096912,28366950307,-4261243517
20200121,"14:46:01","SZ","NB",14908952828,17939809218,32848762046,-3030856390
20200121,"14:47:01","SH","NB",12114097878,16365368472,28479466350,-4251270594
20200121,"14:47:01","SZ","NB",14972410724,18000100909,32972511633,-3027690185
20200121,"14:48:01","SZ","NB",15039981113,18071516915,33111498028,-3031535802
20200121,"14:48:01","SH","NB",12172774007,16443144690,28615918697,-4270370683
20200121,"14:49:01","SH","NB",12238920419,16510649512,28749569931,-4271729093
20200121,"14:49:01","SZ","NB",15109447262,18129812436,33239259698,-3020365174
20200121,"14:50:01","SZ","NB",15199290386,18214451809,33413742195,-3015161423
20200121,"14:50:01","SH","NB",12318349157,16590328541,28908677698,-4271979384
20200121,"14:51:01","SH","NB",12407003076,16667665076,29074668152,-4260662000
20200121,"14:51:01","SZ","NB",15312554255,18309226398,33621780653,-2996672143
20200121,"14:52:01","SH","NB",12466225429,16727868140,29194093569,-4261642711
20200121,"14:52:01","SZ","NB",15411494702,18383948200,33795442902,-2972453498
20200121,"14:53:01","SH","NB",12542780888,16792988636,29335769524,-4250207748
20200121,"14:53:01","SZ","NB",15509682213,18456173823,33965856036,-2946491610
20200121,"14:54:01","SH","NB",12638540509,16880779886,29519320395,-4242239377
20200121,"14:54:01","SZ","NB",15601052409,18545142114,34146194523,-2944089705
20200121,"14:55:01","SH","NB",12710788291,16969892332,29680680623,-4259104041
20200121,"14:55:01","SZ","NB",15685911723,18629262386,34315174109,-2943350663
20200121,"14:56:01","SH","NB",12841800073,17034640623,29876440696,-4192840550
20200121,"14:56:01","SZ","NB",15800319171,18709858047,34510177218,-2909538876
20200121,"14:57:01","SH","NB",12908783643,17115720180,30024503823,-4206936537
20200121,"14:57:01","SZ","NB",15871879084,18779944692,34651823776,-2908065608
20200121,"14:58:01","SH","NB",12908847751,17115865050,30024712801,-4207017299
20200121,"14:58:01","SZ","NB",15872129294,18779967309,34652096603,-2907838015
20200121,"15:00:01","SZ","NB",15895288475,18807183178,34702471653,-2911894703
20200121,"15:01:01","SH","NB",13156936656,17359462112,30516398768,-4202525456
20200121,"15:01:01","SZ","NB",16066853440,18992346827,35059200267,-2925493387
