dataDate,dataTime,connectMarket,tradeDirection,buyTurnover,sellTurnover,totalTurnover,netTurnover
20190423,"09:30:01","SH","NB",128803674,149940521,278744195,-21136847
20190423,"09:30:01","SZ","NB",86820520,98705816,185526336,-11885296
20190423,"09:31:00","SH","NB",281950198,408673745,690623943,-126723547
20190423,"09:31:00","SZ","NB",236070607,308110298,544180905,-72039691
20190423,"09:32:00","SH","NB",476307386,659522361,1135829747,-183214975
20190423,"09:32:00","SZ","NB",405699226,551108329,956807555,-145409103
20190423,"09:33:00","SH","NB",648868900,894369103,1543238003,-245500203
20190423,"09:33:00","SZ","NB",557700515,810179247,1367879762,-252478732
20190423,"09:34:00","SH","NB",833205160,1156778072,1989983232,-323572912
20190423,"09:34:00","SZ","NB",713294592,1056734866,1770029458,-343440274
20190423,"09:35:00","SH","NB",998467233,1348737027,2347204260,-350269794
20190423,"09:35:00","SZ","NB",885271949,1254816399,2140088348,-369544450
20190423,"09:36:00","SH","NB",1149704613,1762310482,2912015095,-612605869
20190423,"09:36:00","SZ","NB",1023814093,1688206444,2712020537,-664392351
20190423,"09:37:00","SZ","NB",1225669291,1954274734,3179944025,-728605443
20190423,"09:37:00","SH","NB",1401459872,2019433057,3420892929,-617973185
20190423,"09:38:00","SH","NB",1573682411,2178456685,3752139096,-604774274
20190423,"09:38:00","SZ","NB",1389874545,2130514069,3520388614,-740639524
20190423,"09:39:00","SH","NB",1696898911,2417970991,4114869902,-721072080
20190423,"09:39:00","SZ","NB",1510281847,2313199356,3823481203,-802917509
20190423,"09:40:00","SH","NB",1793518996,2614661702,4408180698,-821142706
20190423,"09:40:00","SZ","NB",1621481658,2523011322,4144492980,-901529664
20190423,"09:41:00","SH","NB",1933666797,2779587534,4713254331,-845920737
20190423,"09:41:00","SZ","NB",1780986533,2694048493,4475035026,-913061960
20190423,"09:42:00","SH","NB",2094057754,2897106746,4991164500,-803048992
20190423,"09:42:00","SZ","NB",1979701839,2856144628,4835846467,-876442789
20190423,"09:43:00","SZ","NB",2159383527,2990412902,5149796429,-831029375
20190423,"09:43:00","SH","NB",2280268499,3032970342,5313238841,-752701843
20190423,"09:44:00","SH","NB",2412114789,3151163676,5563278465,-739048887
20190423,"09:44:00","SZ","NB",2315265417,3124646323,5439911740,-809380906
20190423,"09:45:00","SH","NB",2517907869,3356208930,5874116799,-838301061
20190423,"09:45:00","SZ","NB",2414130178,3276934207,5691064385,-862804029
20190423,"09:46:00","SH","NB",2631425269,3496725128,6128150397,-865299859
20190423,"09:46:00","SZ","NB",2553625901,3391674370,5945300271,-838048469
20190423,"09:47:00","SH","NB",2714710143,3606677944,6321388087,-891967801
20190423,"09:47:00","SZ","NB",2673195901,3517438550,6190634451,-844242649
20190423,"09:48:00","SH","NB",2803654861,3848228618,6651883479,-1044573757
20190423,"09:48:00","SZ","NB",2783437594,3734176137,6517613731,-950738543
20190423,"09:49:00","SH","NB",2882666875,3962878054,6845544929,-1080211179
20190423,"09:49:00","SZ","NB",2877254286,3874230609,6751484895,-996976323
20190423,"09:50:00","SH","NB",2979793590,4101780330,7081573920,-1121986740
20190423,"09:50:00","SZ","NB",3008634174,4043214252,7051848426,-1034580078
20190423,"09:51:00","SH","NB",3119551314,4251345599,7370896913,-1131794285
20190423,"09:51:00","SZ","NB",3201164725,4201889073,7403053798,-1000724348
20190423,"09:52:00","SH","NB",3221002866,4399739223,7620742089,-1178736357
20190423,"09:52:00","SZ","NB",3339184464,4342865147,7682049611,-1003680683
20190423,"09:53:00","SZ","NB",3628187917,4510650448,8138838365,-882462531
20190423,"09:53:00","SH","NB",3510737323,4589939282,8100676605,-1079201959
20190423,"09:54:00","SH","NB",3665801741,4791583804,8457385545,-1125782063
20190423,"09:54:00","SZ","NB",3789266812,4688267695,8477534507,-899000883
20190423,"09:55:00","SH","NB",3788772043,4916343058,8705115101,-1127571015
20190423,"09:55:00","SZ","NB",3894894975,4834652160,8729547135,-939757185
20190423,"09:56:00","SH","NB",3889697938,5042398846,8932096784,-1152700908
20190423,"09:56:00","SZ","NB",4002186034,4958340581,8960526615,-956154547
20190423,"09:57:00","SH","NB",3967071201,5208950126,9176021327,-1241878925
20190423,"09:57:00","SZ","NB",4086930869,5124825076,9211755945,-1037894207
20190423,"09:58:00","SH","NB",4036974490,5318838544,9355813034,-1281864054
20190423,"09:58:00","SZ","NB",4189849781,5249211251,9439061032,-1059361470
20190423,"09:59:00","SH","NB",4131433223,5421977296,9553410519,-1290544073
20190423,"09:59:00","SZ","NB",4276145548,5344331019,9620476567,-1068185471
20190423,"10:00:00","SH","NB",4224537863,5548912380,9773450243,-1324374517
20190423,"10:00:00","SZ","NB",4357333131,5442771912,9800105043,-1085438781
20190423,"10:01:00","SH","NB",4352027423,5635180033,9987207456,-1283152610
20190423,"10:01:00","SZ","NB",4460250380,5546540379,10006790759,-1086289999
20190423,"10:02:00","SH","NB",4449870597,5907634860,10357505457,-1457764263
20190423,"10:02:00","SZ","NB",4567354892,5791540796,10358895688,-1224185904
20190423,"10:03:00","SZ","NB",4643027852,5903564214,10546592066,-1260536362
20190423,"10:03:00","SH","NB",4519389152,6049031040,10568420192,-1529641888
20190423,"10:04:00","SH","NB",4590954269,6145667094,10736621363,-1554712825
20190423,"10:04:00","SZ","NB",4708693499,5993743446,10702436945,-1285049947
20190423,"10:05:00","SH","NB",4661835294,6238116264,10899951558,-1576280970
20190423,"10:05:00","SZ","NB",4776410663,6091830618,10868241281,-1315419955
20190423,"10:06:00","SH","NB",4724883261,6340394604,11065277865,-1615511343
20190423,"10:06:00","SZ","NB",4839799957,6207212629,11047012586,-1367412672
20190423,"10:07:00","SH","NB",4788093233,6423002585,11211095818,-1634909352
20190423,"10:07:00","SZ","NB",4921596676,6305958081,11227554757,-1384361405
20190423,"10:08:00","SZ","NB",4983357683,6391971238,11375328921,-1408613555
20190423,"10:08:00","SH","NB",4858586194,6494358757,11352944951,-1635772563
20190423,"10:09:00","SH","NB",4915351717,6593031888,11508383605,-1677680171
20190423,"10:09:00","SZ","NB",5060576917,6479417069,11539993986,-1418840152
20190423,"10:10:00","SH","NB",4984774738,6649728364,11634503102,-1664953626
20190423,"10:10:00","SZ","NB",5141831344,6547425796,11689257140,-1405594452
20190423,"10:11:00","SZ","NB",5201891112,6608504721,11810395833,-1406613609
20190423,"10:11:00","SH","NB",5044623232,6708254303,11752877535,-1663631071
20190423,"10:12:00","SH","NB",5107454259,6807690365,11915144624,-1700236106
20190423,"10:12:00","SZ","NB",5256116091,6677755579,11933871670,-1421639488
20190423,"10:13:00","SH","NB",5169320492,6951660451,12120980943,-1782339959
20190423,"10:13:00","SZ","NB",5342920537,6843456342,12186376879,-1500535805
20190423,"10:14:00","SH","NB",5237382547,7025973511,12263356058,-1788590964
20190423,"10:14:00","SZ","NB",5438353639,6928600760,12366954399,-1490247121
20190423,"10:15:00","SH","NB",5284396247,7089741849,12374138096,-1805345602
20190423,"10:15:00","SZ","NB",5500469492,6997271429,12497740921,-1496801937
20190423,"10:16:00","SZ","NB",5735278374,7066504384,12801782758,-1331226010
20190423,"10:16:00","SH","NB",5429399126,7161129259,12590528385,-1731730133
20190423,"10:17:00","SH","NB",5544383759,7235557438,12779941197,-1691173679
20190423,"10:17:00","SZ","NB",5850738585,7157713907,13008452492,-1306975322
20190423,"10:18:00","SH","NB",5614483035,7294730234,12909213269,-1680247199
20190423,"10:18:00","SZ","NB",5913233782,7232289028,13145522810,-1319055246
20190423,"10:19:00","SH","NB",5655507737,7346215350,13001723087,-1690707613
20190423,"10:19:00","SZ","NB",5969182233,7291099984,13260282217,-1321917751
20190423,"10:20:00","SH","NB",5702249849,7398365535,13100615384,-1696115686
20190423,"10:20:00","SZ","NB",6014025112,7349886235,13363911347,-1335861123
20190423,"10:21:00","SH","NB",5797535430,7468294549,13265829979,-1670759119
20190423,"10:21:00","SZ","NB",6092887740,7419181602,13512069342,-1326293862
20190423,"10:22:00","SH","NB",5869165298,7581434826,13450600124,-1712269528
20190423,"10:22:00","SZ","NB",6159597831,7527468639,13687066470,-1367870808
20190423,"10:23:00","SH","NB",5916741148,7676028979,13592770127,-1759287831
20190423,"10:23:00","SZ","NB",6200180693,7653468202,13853648895,-1453287509
20190423,"10:24:00","SZ","NB",6241457507,7713559949,13955017456,-1472102442
20190423,"10:24:00","SH","NB",5962596280,7731983241,13694579521,-1769386961
20190423,"10:25:00","SH","NB",5998614139,7788931319,13787545458,-1790317180
20190423,"10:25:00","SZ","NB",6280346202,7786801991,14067148193,-1506455789
20190423,"10:26:00","SH","NB",6039550598,7842903017,13882453615,-1803352419
20190423,"10:26:00","SZ","NB",6324664709,7870798047,14195462756,-1546133338
20190423,"10:27:00","SH","NB",6079985754,7937912457,14017898211,-1857926703
20190423,"10:27:00","SZ","NB",6375618831,7968649771,14344268602,-1593030940
20190423,"10:28:00","SH","NB",6124099035,8044785572,14168884607,-1920686537
20190423,"10:28:00","SZ","NB",6425233638,8081245621,14506479259,-1656011983
20190423,"10:29:00","SH","NB",6187334304,8095494883,14282829187,-1908160579
20190423,"10:29:00","SZ","NB",6497999576,8124841644,14622841220,-1626842068
20190423,"10:30:00","SZ","NB",6545680618,8213796246,14759476864,-1668115628
20190423,"10:30:00","SH","NB",6234414955,8247100485,14481515440,-2012685530
20190423,"10:31:00","SH","NB",6369952108,8337575061,14707527169,-1967622953
20190423,"10:31:00","SZ","NB",6699034781,8273402900,14972437681,-1574368119
20190423,"10:32:00","SH","NB",6426236386,8413284504,14839520890,-1987048118
20190423,"10:32:00","SZ","NB",6746586559,8324840120,15071426679,-1578253561
20190423,"10:33:00","SH","NB",6475426877,8455740462,14931167339,-1980313585
20190423,"10:33:00","SZ","NB",6785579577,8368712777,15154292354,-1583133200
20190423,"10:34:00","SH","NB",6512657308,8517572873,15030230181,-2004915565
20190423,"10:34:00","SZ","NB",6819289963,8422372961,15241662924,-1603082998
20190423,"10:35:00","SH","NB",6548627944,8599339507,15147967451,-2050711563
20190423,"10:35:00","SZ","NB",6851970789,8484386949,15336357738,-1632416160
20190423,"10:36:00","SH","NB",6594548881,8764505800,15359054681,-2169956919
20190423,"10:36:00","SZ","NB",6907066967,8648509433,15555576400,-1741442466
20190423,"10:37:00","SH","NB",6651931386,8902493603,15554424989,-2250562217
20190423,"10:37:00","SZ","NB",6977373423,8797059688,15774433111,-1819686265
20190423,"10:38:00","SZ","NB",7140529297,8882582144,16023111441,-1742052847
20190423,"10:38:00","SH","NB",6818343146,9006388749,15824731895,-2188045603
20190423,"10:39:00","SH","NB",6880311509,9078405990,15958717499,-2198094481
20190423,"10:39:00","SZ","NB",7192257763,8936251515,16128509278,-1743993752
20190423,"10:40:00","SH","NB",6933105165,9147345971,16080451136,-2214240806
20190423,"10:40:00","SZ","NB",7234941582,8980920802,16215862384,-1745979220
20190423,"10:41:00","SZ","NB",7294602247,9031152828,16325755075,-1736550581
20190423,"10:41:00","SH","NB",6990142840,9240734009,16230876849,-2250591169
20190423,"10:42:00","SH","NB",7040919386,9315977857,16356897243,-2275058471
20190423,"10:42:00","SZ","NB",7337028205,9092395683,16429423888,-1755367478
20190423,"10:43:00","SH","NB",7095015705,9536125984,16631141689,-2441110279
20190423,"10:43:00","SZ","NB",7385175396,9297070837,16682246233,-1911895441
20190423,"10:44:00","SH","NB",7197248394,9639578251,16836826645,-2442329857
20190423,"10:44:00","SZ","NB",7476606528,9397170346,16873776874,-1920563818
20190423,"10:45:00","SH","NB",7294244900,9738548955,17032793855,-2444304055
20190423,"10:45:00","SZ","NB",7574207906,9464828456,17039036362,-1890620550
20190423,"10:46:00","SZ","NB",7754291345,9538601450,17292892795,-1784310105
20190423,"10:46:00","SH","NB",7432094440,9855265840,17287360280,-2423171400
20190423,"10:47:00","SH","NB",7489410685,9926137032,17415547717,-2436726347
20190423,"10:47:00","SZ","NB",7804822397,9593551887,17398374284,-1788729490
20190423,"10:48:00","SH","NB",7526343397,9972677336,17499020733,-2446333939
20190423,"10:48:00","SZ","NB",7835349086,9643618805,17478967891,-1808269719
20190423,"10:49:00","SH","NB",7576945691,10029147822,17606093513,-2452202131
20190423,"10:49:00","SZ","NB",7872545097,9692410776,17564955873,-1819865679
20190423,"10:50:00","SH","NB",7614222942,10065383961,17679606903,-2451161019
20190423,"10:50:00","SZ","NB",7907244229,9734059047,17641303276,-1826814818
20190423,"10:51:00","SH","NB",7654376644,10104990256,17759366900,-2450613612
20190423,"10:51:00","SZ","NB",7949360863,9784577277,17733938140,-1835216414
20190423,"10:52:00","SZ","NB",7978676349,9836556425,17815232774,-1857880076
20190423,"10:52:00","SH","NB",7689324202,10155549943,17844874145,-2466225741
20190423,"10:53:00","SH","NB",7725917615,10207321593,17933239208,-2481403978
20190423,"10:53:00","SZ","NB",8014562965,9901533452,17916096417,-1886970487
20190423,"10:54:00","SH","NB",7775665073,10270069329,18045734402,-2494404256
20190423,"10:54:00","SZ","NB",8065108790,9951587125,18016695915,-1886478335
20190423,"10:55:00","SZ","NB",8115445180,10022639191,18138084371,-1907194011
20190423,"10:55:00","SH","NB",7831251273,10425883366,18257134639,-2594632093
20190423,"10:56:00","SH","NB",7895877909,10525089440,18420967349,-2629211531
20190423,"10:56:00","SZ","NB",8171879503,10096378480,18268257983,-1924498977
20190423,"10:57:00","SZ","NB",8333438345,10175399539,18508837884,-1841961194
20190423,"10:57:00","SH","NB",8037211615,10614873908,18652085523,-2577662293
20190423,"10:58:00","SH","NB",8083658049,10664953428,18748611477,-2581295379
20190423,"10:58:00","SZ","NB",8383563493,10226369884,18609933377,-1842806391
20190423,"10:59:00","SH","NB",8122989395,10699892304,18822881699,-2576902909
20190423,"10:59:00","SZ","NB",8428835000,10261205377,18690040377,-1832370377
20190423,"11:00:00","SH","NB",8157662700,10738963238,18896625938,-2581300538
20190423,"11:00:00","SZ","NB",8456570519,10304205571,18760776090,-1847635052
20190423,"11:01:00","SH","NB",8231624834,10796623388,19028248222,-2564998554
20190423,"11:01:00","SZ","NB",8516138848,10346731501,18862870349,-1830592653
20190423,"11:02:00","SH","NB",8295854971,10933887321,19229742292,-2638032350
20190423,"11:02:00","SZ","NB",8555168562,10449152800,19004321362,-1893984238
20190423,"11:03:00","SH","NB",8355638656,10993716878,19349355534,-2638078222
20190423,"11:03:00","SZ","NB",8615956695,10504214892,19120171587,-1888258197
20190423,"11:04:00","SH","NB",8402492040,11032662853,19435154893,-2630170813
20190423,"11:04:00","SZ","NB",8664799424,10543074842,19207874266,-1878275418
20190423,"11:05:00","SH","NB",8501969993,11084388965,19586358958,-2582418972
20190423,"11:05:00","SZ","NB",8743262507,10594988140,19338250647,-1851725633
20190423,"11:06:00","SZ","NB",8803990825,10637587617,19441578442,-1833596792
20190423,"11:06:00","SH","NB",8559533371,11123571623,19683104994,-2564038252
20190423,"11:07:00","SH","NB",8601714767,11164665300,19766380067,-2562950533
20190423,"11:07:00","SZ","NB",8849363233,10683341217,19532704450,-1833977984
20190423,"11:08:00","SH","NB",8643441121,11202083936,19845525057,-2558642815
20190423,"11:08:00","SZ","NB",8886687543,10722298281,19608985824,-1835610738
20190423,"11:09:00","SH","NB",8677249392,11248920149,19926169541,-2571670757
20190423,"11:09:00","SZ","NB",8917313638,10788302750,19705616388,-1870989112
20190423,"11:10:00","SH","NB",8702848956,11292709160,19995558116,-2589860204
20190423,"11:10:00","SZ","NB",8945056950,10845466840,19790523790,-1900409890
20190423,"11:11:00","SZ","NB",8976919666,10883052700,19859972366,-1906133034
20190423,"11:11:00","SH","NB",8743716982,11327942185,20071659167,-2584225203
20190423,"11:12:00","SH","NB",8776754492,11372755350,20149509842,-2596000858
20190423,"11:12:00","SZ","NB",9001431403,10925455411,19926886814,-1924024008
20190423,"11:13:00","SH","NB",8804061268,11405725091,20209786359,-2601663823
20190423,"11:13:00","SZ","NB",9026905383,10965618475,19992523858,-1938713092
20190423,"11:14:00","SH","NB",8845664623,11524318180,20369982803,-2678653557
20190423,"11:14:00","SZ","NB",9063023569,11093871862,20156895431,-2030848293
20190423,"11:15:00","SH","NB",8882510312,11566611588,20449121900,-2684101276
20190423,"11:15:00","SZ","NB",9098700859,11147934967,20246635826,-2049234108
20190423,"11:16:00","SZ","NB",9144627607,11184803405,20329431012,-2040175798
20190423,"11:16:00","SH","NB",8928099424,11596200174,20524299598,-2668100750
20190423,"11:17:00","SH","NB",9041132908,11646340802,20687473710,-2605207894
20190423,"11:17:00","SZ","NB",9253979730,11234578068,20488557798,-1980598338
20190423,"11:18:00","SH","NB",9090156498,11695576331,20785732829,-2605419833
20190423,"11:18:00","SZ","NB",9325110844,11285775618,20610886462,-1960664774
20190423,"11:19:00","SH","NB",9114536268,11725562438,20840098706,-2611026170
20190423,"11:19:00","SZ","NB",9358114005,11338224446,20696338451,-1980110441
20190423,"11:20:00","SH","NB",9142191264,11758258892,20900450156,-2616067628
20190423,"11:20:00","SZ","NB",9393421712,11373510673,20766932385,-1980088961
20190423,"11:21:00","SH","NB",9213011070,11816402891,21029413961,-2603391821
20190423,"11:21:00","SZ","NB",9482219482,11427464514,20909683996,-1945245032
20190423,"11:22:00","SZ","NB",9523594305,11469184466,20992778771,-1945590161
20190423,"11:22:00","SH","NB",9248387903,11847481050,21095868953,-2599093147
20190423,"11:23:00","SH","NB",9294401160,11877487578,21171888738,-2583086418
20190423,"11:23:00","SZ","NB",9556674509,11503609804,21060284313,-1946935295
20190423,"11:24:00","SH","NB",9329085472,11903166549,21232252021,-2574081077
20190423,"11:24:00","SZ","NB",9591252313,11546601613,21137853926,-1955349300
20190423,"11:25:00","SH","NB",9401662597,11942277504,21343940101,-2540614907
20190423,"11:25:00","SZ","NB",9639313653,11584798557,21224112210,-1945484904
20190423,"11:26:00","SH","NB",9448441896,11966555793,21414997689,-2518113897
20190423,"11:26:00","SZ","NB",9669590939,11623590055,21293180994,-1953999116
20190423,"11:27:00","SH","NB",9479244124,11995333720,21474577844,-2516089596
20190423,"11:27:00","SZ","NB",9704866093,11668044381,21372910474,-1963178288
20190423,"11:28:00","SH","NB",9502970272,12025606449,21528576721,-2522636177
20190423,"11:28:00","SZ","NB",9731444884,11714241470,21445686354,-1982796586
20190423,"11:29:00","SH","NB",9527649989,12056700850,21584350839,-2529050861
20190423,"11:29:00","SZ","NB",9759643421,11746100863,21505744284,-1986457442
20190423,"11:30:00","SZ","NB",9781707682,11772943893,21554651575,-1991236211
20190423,"11:30:00","SH","NB",9558415342,12083378710,21641794052,-2524963368
20190423,"11:31:00","SH","NB",9558610385,12083416223,21642026608,-2524805838
20190423,"13:01:00","SH","NB",9669776828,12196050770,21865827598,-2526273942
20190423,"13:01:00","SZ","NB",9870342678,11876671877,21747014555,-2006329199
20190423,"13:02:00","SH","NB",9716032904,12245874047,21961906951,-2529841143
20190423,"13:02:00","SZ","NB",9911853028,11925634272,21837487300,-2013781244
20190423,"13:03:00","SH","NB",9743469536,12289559081,22033028617,-2546089545
20190423,"13:03:00","SZ","NB",9939874370,11958865752,21898740122,-2018991382
20190423,"13:04:00","SH","NB",9771944340,12316892224,22088836564,-2544947884
20190423,"13:04:00","SZ","NB",9968663260,11994489581,21963152841,-2025826321
20190423,"13:05:00","SH","NB",9809159299,12347157624,22156316923,-2537998325
20190423,"13:05:00","SZ","NB",10000391534,12034600061,22034991595,-2034208527
20190423,"13:06:00","SH","NB",9857732765,12379302935,22237035700,-2521570170
20190423,"13:06:00","SZ","NB",10050410010,12075055821,22125465831,-2024645811
20190423,"13:07:00","SH","NB",9895731794,12408529412,22304261206,-2512797618
20190423,"13:07:00","SZ","NB",10092293718,12109892440,22202186158,-2017598722
20190423,"13:08:00","SH","NB",9927501203,12450038862,22377540065,-2522537659
20190423,"13:08:00","SZ","NB",10120930410,12148265853,22269196263,-2027335443
20190423,"13:09:00","SZ","NB",10151526030,12191324411,22342850441,-2039798381
20190423,"13:09:00","SH","NB",9963743083,12494805179,22458548262,-2531062096
20190423,"13:10:00","SH","NB",10003431458,12534144807,22537576265,-2530713349
20190423,"13:10:00","SZ","NB",10173804909,12231418797,22405223706,-2057613888
20190423,"13:11:00","SH","NB",10061437006,12568723067,22630160073,-2507286061
20190423,"13:11:00","SZ","NB",10219407444,12266332085,22485739529,-2046924641
20190423,"13:12:00","SH","NB",10093695199,12614643089,22708338288,-2520947890
20190423,"13:12:00","SZ","NB",10244937102,12310078086,22555015188,-2065140984
20190423,"13:13:00","SH","NB",10122464294,12643139975,22765604269,-2520675681
20190423,"13:13:00","SZ","NB",10270966201,12346891147,22617857348,-2075924946
20190423,"13:14:00","SH","NB",10161501384,12701556378,22863057762,-2540054994
20190423,"13:14:00","SZ","NB",10306425146,12378973131,22685398277,-2072547985
20190423,"13:15:00","SZ","NB",10335324772,12412797721,22748122493,-2077472949
20190423,"13:15:00","SH","NB",10183070556,12731691815,22914762371,-2548621259
20190423,"13:16:00","SH","NB",10212455725,12770302637,22982758362,-2557846912
20190423,"13:16:00","SZ","NB",10385220052,12453798189,22839018241,-2068578137
20190423,"13:17:00","SH","NB",10240293924,12827446135,23067740059,-2587152211
20190423,"13:17:00","SZ","NB",10411862436,12505668518,22917530954,-2093806082
20190423,"13:18:00","SZ","NB",10440313819,12538395551,22978709370,-2098081732
20190423,"13:18:00","SH","NB",10269490278,12853822904,23123313182,-2584332626
20190423,"13:19:00","SH","NB",10298133803,12889517301,23187651104,-2591383498
20190423,"13:19:00","SZ","NB",10476581506,12573246049,23049827555,-2096664543
20190423,"13:20:00","SH","NB",10331958750,12918441302,23250400052,-2586482552
20190423,"13:20:00","SZ","NB",10515888834,12605539180,23121428014,-2089650346
20190423,"13:21:00","SH","NB",10372603777,12949327506,23321931283,-2576723729
20190423,"13:21:00","SZ","NB",10565924123,12643493183,23209417306,-2077569060
20190423,"13:22:00","SH","NB",10434444327,12982383290,23416827617,-2547938963
20190423,"13:22:00","SZ","NB",10629874336,12682494764,23312369100,-2052620428
20190423,"13:23:00","SH","NB",10484723961,13027492478,23512216439,-2542768517
20190423,"13:23:00","SZ","NB",10681346869,12721295530,23402642399,-2039948661
20190423,"13:24:00","SH","NB",10543332222,13063448567,23606780789,-2520116345
20190423,"13:24:00","SZ","NB",10729448323,12764689816,23494138139,-2035241493
20190423,"13:25:00","SH","NB",10621267329,13119527699,23740795028,-2498260370
20190423,"13:25:00","SZ","NB",10773308691,12810962729,23584271420,-2037654038
20190423,"13:26:00","SH","NB",10682543059,13178441318,23860984377,-2495898259
20190423,"13:26:00","SZ","NB",10823285287,12857828421,23681113708,-2034543134
20190423,"13:27:00","SZ","NB",10863507152,12907432903,23770940055,-2043925751
20190423,"13:27:00","SH","NB",10730211617,13238060563,23968272180,-2507848946
20190423,"13:28:00","SH","NB",10769133473,13332138036,24101271509,-2563004563
20190423,"13:28:00","SZ","NB",10902600933,13004617831,23907218764,-2102016898
20190423,"13:29:00","SH","NB",10791865448,13380949158,24172814606,-2589083710
20190423,"13:29:00","SZ","NB",10934268957,13054849188,23989118145,-2120580231
20190423,"13:30:00","SH","NB",10833992717,13584373965,24418366682,-2750381248
20190423,"13:30:00","SZ","NB",10966096601,13178451634,24144548235,-2212355033
20190423,"13:31:00","SH","NB",10865386068,13654680755,24520066823,-2789294687
20190423,"13:31:00","SZ","NB",10989310707,13225284691,24214595398,-2235973984
20190423,"13:32:00","SH","NB",10900663994,13702972631,24603636625,-2802308637
20190423,"13:32:00","SZ","NB",11017290504,13255945881,24273236385,-2238655377
20190423,"13:33:00","SH","NB",10929691930,13738893623,24668585553,-2809201693
20190423,"13:33:00","SZ","NB",11046380803,13289410369,24335791172,-2243029566
20190423,"13:34:00","SH","NB",10957739962,13809161839,24766901801,-2851421877
20190423,"13:34:00","SZ","NB",11071094558,13340003414,24411097972,-2268908856
20190423,"13:35:00","SZ","NB",11133443023,13377426039,24510869062,-2243983016
20190423,"13:35:00","SH","NB",11030524847,13841131100,24871655947,-2810606253
20190423,"13:36:00","SH","NB",11166128430,13901026104,25067154534,-2734897674
20190423,"13:36:00","SZ","NB",11266082156,13428644313,24694726469,-2162562157
20190423,"13:37:00","SH","NB",11282961227,13954920109,25237881336,-2671958882
20190423,"13:37:00","SZ","NB",11394359508,13493007669,24887367177,-2098648161
20190423,"13:38:00","SH","NB",11344565212,14078474491,25423039703,-2733909279
20190423,"13:38:00","SZ","NB",11445620069,13596976879,25042596948,-2151356810
20190423,"13:39:00","SH","NB",11404595299,14148750980,25553346279,-2744155681
20190423,"13:39:00","SZ","NB",11488223629,13698549741,25186773370,-2210326112
20190423,"13:40:00","SH","NB",11531436319,14248447269,25779883588,-2717010950
20190423,"13:40:00","SZ","NB",11552672712,13773834000,25326506712,-2221161288
20190423,"13:41:00","SH","NB",11610932014,14345257824,25956189838,-2734325810
20190423,"13:41:00","SZ","NB",11596721067,13850496519,25447217586,-2253775452
20190423,"13:42:00","SZ","NB",11641706147,13952243947,25593950094,-2310537800
20190423,"13:42:00","SH","NB",11680616673,14444689186,26125305859,-2764072513
20190423,"13:43:00","SH","NB",11745813932,14498195522,26244009454,-2752381590
20190423,"13:43:00","SZ","NB",11674604620,14027429725,25702034345,-2352825105
20190423,"13:44:00","SH","NB",11800785579,14561817453,26362603032,-2761031874
20190423,"13:44:00","SZ","NB",11712127846,14094629182,25806757028,-2382501336
20190423,"13:45:00","SH","NB",11939244828,14620042995,26559287823,-2680798167
20190423,"13:45:00","SZ","NB",11786510366,14153799912,25940310278,-2367289546
20190423,"13:46:00","SH","NB",12027363725,14712269339,26739633064,-2684905614
20190423,"13:46:00","SZ","NB",11848894594,14224428537,26073323131,-2375533943
20190423,"13:47:00","SH","NB",12069692881,14771239704,26840932585,-2701546823
20190423,"13:47:00","SZ","NB",11882936830,14297404349,26180341179,-2414467519
20190423,"13:48:00","SH","NB",12129705982,14891303616,27021009598,-2761597634
20190423,"13:48:00","SZ","NB",11920173756,14418252344,26338426100,-2498078588
20190423,"13:49:00","SH","NB",12160296249,14935930913,27096227162,-2775634664
20190423,"13:49:00","SZ","NB",11951410054,14463463726,26414873780,-2512053672
20190423,"13:50:00","SH","NB",12198336486,14983099986,27181436472,-2784763500
20190423,"13:50:00","SZ","NB",11981724119,14501798686,26483522805,-2520074567
20190423,"13:51:00","SH","NB",12230324352,15037053452,27267377804,-2806729100
20190423,"13:51:00","SZ","NB",12010283650,14536592246,26546875896,-2526308596
20190423,"13:52:00","SZ","NB",12044131159,14566199213,26610330372,-2522068054
20190423,"13:52:00","SH","NB",12270076240,15080699067,27350775307,-2810622827
20190423,"13:53:00","SH","NB",12303731534,15119011418,27422742952,-2815279884
20190423,"13:53:00","SZ","NB",12067300694,14598868126,26666168820,-2531567432
20190423,"13:54:00","SH","NB",12341062534,15162631257,27503693791,-2821568723
20190423,"13:54:00","SZ","NB",12095896265,14632514122,26728410387,-2536617857
20190423,"13:55:00","SH","NB",12371601058,15244328352,27615929410,-2872727294
20190423,"13:55:00","SZ","NB",12125633447,14697843406,26823476853,-2572209959
20190423,"13:56:00","SH","NB",12398610716,15281995756,27680606472,-2883385040
20190423,"13:56:00","SZ","NB",12149951531,14725368112,26875319643,-2575416581
20190423,"13:57:00","SH","NB",12425987027,15322300360,27748287387,-2896313333
20190423,"13:57:00","SZ","NB",12181551445,14751565782,26933117227,-2570014337
20190423,"13:58:00","SH","NB",12452517028,15370775372,27823292400,-2918258344
20190423,"13:58:00","SZ","NB",12204937078,14780349381,26985286459,-2575412303
20190423,"13:59:00","SH","NB",12499390761,15536049244,28035440005,-3036658483
20190423,"13:59:00","SZ","NB",12237156047,14863495063,27100651110,-2626339016
20190423,"14:00:00","SZ","NB",12263845536,14898150871,27161996407,-2634305335
20190423,"14:00:00","SH","NB",12528479321,15586127333,28114606654,-3057648012
20190423,"14:01:00","SH","NB",12564860040,15618926868,28183786908,-3054066828
20190423,"14:01:00","SZ","NB",12297199529,14923203809,27220403338,-2626004280
20190423,"14:02:00","SH","NB",12609743076,15661568429,28271311505,-3051825353
20190423,"14:02:00","SZ","NB",12331368639,14953223316,27284591955,-2621854677
20190423,"14:03:00","SH","NB",12633958902,15712412961,28346371863,-3078454059
20190423,"14:03:00","SZ","NB",12355745226,15007537825,27363283051,-2651792599
20190423,"14:04:00","SZ","NB",12377968591,15039698630,27417667221,-2661730039
20190423,"14:04:00","SH","NB",12654648601,15753389695,28408038296,-3098741094
20190423,"14:05:00","SH","NB",12676278114,15799424304,28475702418,-3123146190
20190423,"14:05:00","SZ","NB",12401874381,15072571539,27474445920,-2670697158
20190423,"14:06:00","SH","NB",12704485892,15845284321,28549770213,-3140798429
20190423,"14:06:00","SZ","NB",12428690566,15107128483,27535819049,-2678437917
20190423,"14:07:00","SH","NB",12728848888,15893214593,28622063481,-3164365705
20190423,"14:07:00","SZ","NB",12459420527,15136496876,27595917403,-2677076349
20190423,"14:08:00","SH","NB",12758063464,15952569012,28710632476,-3194505548
20190423,"14:08:00","SZ","NB",12490228866,15181954701,27672183567,-2691725835
20190423,"14:09:00","SH","NB",12781765392,15993180244,28774945636,-3211414852
20190423,"14:09:00","SZ","NB",12511895644,15216529386,27728425030,-2704633742
20190423,"14:10:00","SH","NB",12807983798,16052818094,28860801892,-3244834296
20190423,"14:10:00","SZ","NB",12540980364,15263715915,27804696279,-2722735551
20190423,"14:11:00","SZ","NB",12571411186,15361968883,27933380069,-2790557697
20190423,"14:11:00","SH","NB",12835796171,16169913131,29005709302,-3334116960
20190423,"14:12:00","SH","NB",12870858202,16222876969,29093735171,-3352018767
20190423,"14:12:00","SZ","NB",12605835592,15414014334,28019849926,-2808178742
20190423,"14:13:00","SH","NB",12954010118,16276810988,29230821106,-3322800870
20190423,"14:13:00","SZ","NB",12723964313,15458048453,28182012766,-2734084140
20190423,"14:14:00","SH","NB",12989986055,16311741714,29301727769,-3321755659
20190423,"14:14:00","SZ","NB",12766698736,15485110114,28251808850,-2718411378
20190423,"14:15:00","SH","NB",13019161908,16358125567,29377287475,-3338963659
20190423,"14:15:00","SZ","NB",12808479015,15541141893,28349620908,-2732662878
20190423,"14:16:00","SH","NB",13060830760,16386374610,29447205370,-3325543850
20190423,"14:16:00","SZ","NB",12863889976,15570097170,28433987146,-2706207194
20190423,"14:17:00","SH","NB",13111090538,16417433029,29528523567,-3306342491
20190423,"14:17:00","SZ","NB",12925018780,15601592002,28526610782,-2676573222
20190423,"14:18:00","SH","NB",13159037310,16450629359,29609666669,-3291592049
20190423,"14:18:00","SZ","NB",12985727603,15638292546,28624020149,-2652564943
20190423,"14:19:00","SZ","NB",13037234415,15683896603,28721131018,-2646662188
20190423,"14:19:00","SH","NB",13199147075,16503581818,29702728893,-3304434743
20190423,"14:20:00","SH","NB",13236003487,16549807389,29785810876,-3313803902
20190423,"14:20:00","SZ","NB",13072011972,15738479125,28810491097,-2666467153
20190423,"14:21:00","SH","NB",13270891064,16608759196,29879650260,-3337868132
20190423,"14:21:00","SZ","NB",13101845731,15801625065,28903470796,-2699779334
20190423,"14:22:00","SH","NB",13308718133,16647101157,29955819290,-3338383024
20190423,"14:22:00","SZ","NB",13156857594,15837777184,28994634778,-2680919590
20190423,"14:23:00","SH","NB",13351454436,16686961163,30038415599,-3335506727
20190423,"14:23:00","SZ","NB",13199888411,15885611246,29085499657,-2685722835
20190423,"14:24:00","SH","NB",13388654902,16763170841,30151825743,-3374515939
20190423,"14:24:00","SZ","NB",13247232401,15976960343,29224192744,-2729727942
20190423,"14:25:00","SH","NB",13430296547,16830605060,30260901607,-3400308513
20190423,"14:25:00","SZ","NB",13277158772,16019520070,29296678842,-2742361298
20190423,"14:26:00","SH","NB",13487060492,16866524531,30353585023,-3379464039
20190423,"14:26:00","SZ","NB",13340867400,16058730456,29399597856,-2717863056
20190423,"14:27:00","SH","NB",13539368932,16900809576,30440178508,-3361440644
20190423,"14:27:00","SZ","NB",13374296159,16089774505,29464070664,-2715478346
20190423,"14:28:00","SZ","NB",13405277750,16118184093,29523461843,-2712906343
20190423,"14:28:00","SH","NB",13575007074,16934139172,30509146246,-3359132098
20190423,"14:29:00","SH","NB",13609185860,16964261829,30573447689,-3355075969
20190423,"14:29:00","SZ","NB",13439174190,16161248652,29600422842,-2722074462
20190423,"14:30:00","SH","NB",13652878774,17002307215,30655185989,-3349428441
20190423,"14:30:00","SZ","NB",13488538702,16208338657,29696877359,-2719799955
20190423,"14:31:00","SH","NB",13695712539,17066524585,30762237124,-3370812046
20190423,"14:31:00","SZ","NB",13531911019,16271578354,29803489373,-2739667335
20190423,"14:32:00","SZ","NB",13563596252,16315562860,29879159112,-2751966608
20190423,"14:32:00","SH","NB",13734886410,17113778865,30848665275,-3378892455
20190423,"14:33:00","SH","NB",13769717782,17165352008,30935069790,-3395634226
20190423,"14:33:00","SZ","NB",13600151817,16360717599,29960869416,-2760565782
20190423,"14:34:00","SH","NB",13811939023,17257039265,31068978288,-3445100242
20190423,"14:34:00","SZ","NB",13638612415,16433603096,30072215511,-2794990681
20190423,"14:35:00","SH","NB",13867755819,17335452895,31203208714,-3467697076
20190423,"14:35:00","SZ","NB",13689428919,16506441691,30195870610,-2817012772
20190423,"14:36:00","SH","NB",13927804959,17459873008,31387677967,-3532068049
20190423,"14:36:00","SZ","NB",13741825933,16667919231,30409745164,-2926093298
20190423,"14:37:00","SH","NB",14007082102,17521083170,31528165272,-3514001068
20190423,"14:37:00","SZ","NB",13817921882,16728764566,30546686448,-2910842684
20190423,"14:38:00","SH","NB",14065483662,17573649427,31639133089,-3508165765
20190423,"14:38:00","SZ","NB",13888247320,16770374397,30658621717,-2882127077
20190423,"14:39:00","SZ","NB",13947359270,16808414634,30755773904,-2861055364
20190423,"14:39:00","SH","NB",14118858635,17616585327,31735443962,-3497726692
20190423,"14:40:00","SH","NB",14178367508,17661613957,31839981465,-3483246449
20190423,"14:40:00","SZ","NB",14007828782,16845410169,30853238951,-2837581387
20190423,"14:41:00","SH","NB",14215196026,17704035453,31919231479,-3488839427
20190423,"14:41:00","SZ","NB",14047857126,16905453776,30953310902,-2857596650
20190423,"14:42:00","SH","NB",14259911180,17762015007,32021926187,-3502103827
20190423,"14:42:00","SZ","NB",14089561662,16957828124,31047389786,-2868266462
20190423,"14:43:00","SH","NB",14316559916,17831310589,32147870505,-3514750673
20190423,"14:43:00","SZ","NB",14131907714,17022513182,31154420896,-2890605468
20190423,"14:44:00","SH","NB",14366158772,17912256252,32278415024,-3546097480
20190423,"14:44:00","SZ","NB",14177417844,17068301062,31245718906,-2890883218
20190423,"14:45:00","SZ","NB",14226916653,17132449167,31359365820,-2905532514
20190423,"14:45:00","SH","NB",14429655728,17993916775,32423572503,-3564261047
20190423,"14:46:00","SH","NB",14507670444,18113930182,32621600626,-3606259738
20190423,"14:46:00","SZ","NB",14282900829,17232152836,31515053665,-2949252007
20190423,"14:47:00","SH","NB",14592252801,18224906933,32817159734,-3632654132
20190423,"14:47:00","SZ","NB",14352690252,17317365989,31670056241,-2964675737
20190423,"14:48:00","SH","NB",14698860088,18314836193,33013696281,-3615976105
20190423,"14:48:00","SZ","NB",14457190844,17377219449,31834410293,-2920028605
20190423,"14:49:00","SH","NB",14787855355,18390789640,33178644995,-3602934285
20190423,"14:49:00","SZ","NB",14545953417,17418617020,31964570437,-2872663603
20190423,"14:50:00","SH","NB",14852832345,18451175156,33304007501,-3598342811
20190423,"14:50:00","SZ","NB",14612714115,17467964833,32080678948,-2855250718
20190423,"14:51:00","SH","NB",14918121423,18513898424,33432019847,-3595777001
20190423,"14:51:00","SZ","NB",14671276640,17527274471,32198551111,-2855997831
20190423,"14:52:00","SH","NB",15001502180,18580973799,33582475979,-3579471619
20190423,"14:52:00","SZ","NB",14730764823,17587689951,32318454774,-2856925128
20190423,"14:53:00","SZ","NB",14789542576,17637244461,32426787037,-2847701885
20190423,"14:53:00","SH","NB",15070604384,18648554507,33719158891,-3577950123
20190423,"14:54:00","SH","NB",15144406789,18729131927,33873538716,-3584725138
20190423,"14:54:00","SZ","NB",14847417263,17722769849,32570187112,-2875352586
20190423,"14:55:00","SH","NB",15201064203,18801161852,34002226055,-3600097649
20190423,"14:55:00","SZ","NB",14891906220,17796148707,32688054927,-2904242487
20190423,"14:56:00","SH","NB",15259744920,18877068715,34136813635,-3617323795
20190423,"14:56:00","SZ","NB",14930322266,17861852634,32792174900,-2931530368
20190423,"14:57:00","SH","NB",15302290421,18923696140,34225986561,-3621405719
20190423,"14:57:00","SZ","NB",14970155672,17916428539,32886584211,-2946272867
20190423,"14:58:00","SH","NB",15302331227,18923773365,34226104592,-3621442138
20190423,"15:01:00","SH","NB",15450548642,19038945957,34489494599,-3588397315
20190423,"15:01:00","SZ","NB",15098937683,18008237585,33107175268,-2909299902
