dataDate,dataTime,connectMarket,tradeDirection,buyTurnover,sellTurnover,totalTurnover,netTurnover
20200302,"09:30:01","SH","NB",132482775,142090672,274573447,-9607897
20200302,"09:30:01","SZ","NB",212003671,220856116,432859787,-8852445
20200302,"09:31:01","SH","NB",489726424,391399651,881126075,98326773
20200302,"09:31:01","SZ","NB",788944161,890801580,1679745741,-101857419
20200302,"09:32:01","SH","NB",695699593,657078245,1352777838,38621348
20200302,"09:32:01","SZ","NB",1154540059,1430681659,2585221718,-276141600
20200302,"09:33:01","SH","NB",976391916,849576998,1825968914,126814918
20200302,"09:33:01","SZ","NB",1657150473,1706354848,3363505321,-49204375
20200302,"09:34:01","SH","NB",1289303407,1036843778,2326147185,252459629
20200302,"09:34:01","SZ","NB",2183171071,2124665808,4307836879,58505263
20200302,"09:35:01","SZ","NB",2490748179,2639092084,5129840263,-148343905
20200302,"09:35:01","SH","NB",1481940822,1369839399,2851780221,112101423
20200302,"09:36:01","SH","NB",1747336540,1702453141,3449789681,44883399
20200302,"09:36:01","SZ","NB",2815745449,3070557130,5886302579,-254811681
20200302,"09:37:01","SH","NB",1970676729,2007823773,3978500502,-37147044
20200302,"09:37:01","SZ","NB",3147624281,3584194333,6731818614,-436570052
20200302,"09:38:01","SH","NB",2389202599,2174423270,4563625869,214779329
20200302,"09:38:01","SZ","NB",3788544119,3846154820,7634698939,-57610701
20200302,"09:39:01","SH","NB",2583901609,2408636782,4992538391,175264827
20200302,"09:39:01","SZ","NB",4023809714,4286934738,8310744452,-263125024
20200302,"09:40:01","SZ","NB",4297895227,4594045685,8891940912,-296150458
20200302,"09:40:01","SH","NB",2761965834,2577392522,5339358356,184573312
20200302,"09:41:01","SH","NB",2946869418,2823991726,5770861144,122877692
20200302,"09:41:01","SZ","NB",4566795747,4986838717,9553634464,-420042970
20200302,"09:42:01","SH","NB",3318190152,2941078430,6259268582,377111722
20200302,"09:42:01","SZ","NB",5076996422,5191691147,10268687569,-114694725
20200302,"09:43:01","SH","NB",3488167112,3136629005,6624796117,351538107
20200302,"09:43:01","SZ","NB",5283157196,5576032376,10859189572,-292875180
20200302,"09:44:01","SZ","NB",5481395551,5863345557,11344741108,-381950006
20200302,"09:44:01","SH","NB",3620888550,3305726587,6926615137,315161963
20200302,"09:45:01","SH","NB",3766077042,3418462263,7184539305,347614779
20200302,"09:45:01","SZ","NB",5740039227,6058130001,11798169228,-318090774
20200302,"09:46:01","SH","NB",3960903878,3645790605,7606694483,315113273
20200302,"09:46:01","SZ","NB",5914897066,6437738612,12352635678,-522841546
20200302,"09:47:01","SH","NB",4127916924,3814971158,7942888082,312945766
20200302,"09:47:01","SZ","NB",6187078775,6672228489,12859307264,-485149714
20200302,"09:48:01","SH","NB",4424905272,3946720910,8371626182,478184362
20200302,"09:48:01","SZ","NB",6709647344,6875431699,13585079043,-165784355
20200302,"09:49:01","SH","NB",4566706598,4067208226,8633914824,499498372
20200302,"09:49:01","SZ","NB",6976466190,7066771586,14043237776,-90305396
20200302,"09:50:01","SZ","NB",7169496688,7232558985,14402055673,-63062297
20200302,"09:50:01","SH","NB",4666124292,4159312876,8825437168,506811416
20200302,"09:51:01","SH","NB",4801683286,4346603484,9148286770,455079802
20200302,"09:51:01","SZ","NB",7335484829,7604307465,14939792294,-268822636
20200302,"09:52:01","SH","NB",5036891333,4439511535,9476402868,597379798
20200302,"09:52:01","SZ","NB",7759661281,7755060911,15514722192,4600370
20200302,"09:53:01","SH","NB",5160402719,4539361149,9699763868,621041570
20200302,"09:53:01","SZ","NB",8031270705,7889519832,15920790537,141750873
20200302,"09:54:01","SH","NB",5307043861,4647527832,9954571693,659516029
20200302,"09:54:01","SZ","NB",8266877915,8070922069,16337799984,195955846
20200302,"09:55:01","SH","NB",5418631705,4819462985,10238094690,599168720
20200302,"09:55:01","SZ","NB",8409023124,8358696124,16767719248,50327000
20200302,"09:56:01","SH","NB",5523018898,4997983861,10521002759,525035037
20200302,"09:56:01","SZ","NB",8549333895,8637613515,17186947410,-88279620
20200302,"09:57:01","SH","NB",5688798428,5085071506,10773869934,603726922
20200302,"09:57:01","SZ","NB",8829607258,8772293468,17601900726,57313790
20200302,"09:58:01","SH","NB",5780322079,5230932771,11011254850,549389308
20200302,"09:58:01","SZ","NB",8965944763,9027659230,17993603993,-61714467
20200302,"09:59:01","SH","NB",5850186850,5360462044,11210648894,489724806
20200302,"09:59:01","SZ","NB",9062513152,9222438325,18284951477,-159925173
20200302,"10:00:01","SZ","NB",9171548578,9417483864,18589032442,-245935286
20200302,"10:00:01","SH","NB",5924855806,5490132376,11414988182,434723430
20200302,"10:01:01","SH","NB",6013605476,5610388575,11623994051,403216901
20200302,"10:01:01","SZ","NB",9317310654,9640648928,18957959582,-323338274
20200302,"10:02:01","SH","NB",6079498439,5755481335,11834979774,324017104
20200302,"10:02:01","SZ","NB",9455614706,9823361712,19278976418,-367747006
20200302,"10:03:01","SH","NB",6282282888,5859955100,12142237988,422327788
20200302,"10:03:01","SZ","NB",9871451837,9964933218,19836385055,-93481381
20200302,"10:04:01","SH","NB",6436848895,5936083248,12372932143,500765647
20200302,"10:04:01","SZ","NB",10069471464,10106115512,20175586976,-36644048
20200302,"10:05:01","SH","NB",6517502742,6028276724,12545779466,489226018
20200302,"10:05:01","SZ","NB",10205960262,10288282366,20494242628,-82322104
20200302,"10:06:01","SH","NB",6697426569,6114691107,12812117676,582735462
20200302,"10:06:01","SZ","NB",10448598099,10425251839,20873849938,23346260
20200302,"10:07:01","SZ","NB",10583015613,10677010736,21260026349,-93995123
20200302,"10:07:01","SH","NB",6828260854,6278891009,13107151863,549369845
20200302,"10:08:01","SH","NB",6907871207,6370142017,13278013224,537729190
20200302,"10:08:01","SZ","NB",10688430123,10797278769,21485708892,-108848646
20200302,"10:09:01","SH","NB",6993976122,6457486260,13451462382,536489862
20200302,"10:09:01","SZ","NB",10812990153,10943893636,21756883789,-130903483
20200302,"10:10:01","SH","NB",7088065085,6544370079,13632435164,543695006
20200302,"10:10:01","SZ","NB",10931412984,11110638467,22042051451,-179225483
20200302,"10:11:01","SH","NB",7195759003,6757195113,13952954116,438563890
20200302,"10:11:01","SZ","NB",11081960819,11437731904,22519692723,-355771085
20200302,"10:12:01","SH","NB",7296249061,6843323547,14139572608,452925514
20200302,"10:12:01","SZ","NB",11225723268,11588169660,22813892928,-362446392
20200302,"10:13:01","SZ","NB",11305013336,11732390847,23037404183,-427377511
20200302,"10:13:01","SH","NB",7375879082,6907157967,14283037049,468721115
20200302,"10:14:01","SH","NB",7435933658,6967791155,14403724813,468142503
20200302,"10:14:01","SZ","NB",11399424963,11844246908,23243671871,-444821945
20200302,"10:15:01","SH","NB",7524113685,7032406658,14556520343,491707027
20200302,"10:15:01","SZ","NB",11572176605,11923128101,23495304706,-350951496
20200302,"10:16:01","SH","NB",7606801162,7099896981,14706698143,506904181
20200302,"10:16:01","SZ","NB",11691389966,12054198725,23745588691,-362808759
20200302,"10:17:01","SH","NB",7663119360,7165164180,14828283540,497955180
20200302,"10:17:01","SZ","NB",11794878412,12172647340,23967525752,-377768928
20200302,"10:18:01","SH","NB",7783113187,7223356224,15006469411,559756963
20200302,"10:18:01","SZ","NB",12020353702,12257307100,24277660802,-236953398
20200302,"10:19:01","SH","NB",8026989853,7292358521,15319348374,734631332
20200302,"10:19:01","SZ","NB",12197515811,12381618027,24579133838,-184102216
20200302,"10:20:01","SZ","NB",12317229034,12512036536,24829265570,-194807502
20200302,"10:20:01","SH","NB",8152801656,7394592632,15547394288,758209024
20200302,"10:21:01","SH","NB",8360845497,7510391185,15871236682,850454312
20200302,"10:21:01","SZ","NB",12540072057,12680791955,25220864012,-140719898
20200302,"10:22:01","SH","NB",8493611842,7608955916,16102567758,884655926
20200302,"10:22:01","SZ","NB",12661878210,12859426690,25521304900,-197548480
20200302,"10:23:01","SH","NB",8578559213,7731443076,16310002289,847116137
20200302,"10:23:01","SZ","NB",12736632393,13070309593,25806941986,-333677200
20200302,"10:24:01","SH","NB",8675753324,7837428155,16513181479,838325169
20200302,"10:24:01","SZ","NB",12852520776,13181014567,26033535343,-328493791
20200302,"10:25:01","SH","NB",8793380660,7916514103,16709894763,876866557
20200302,"10:25:01","SZ","NB",12974066539,13294471653,26268538192,-320405114
20200302,"10:26:01","SH","NB",8881081345,8049595845,16930677190,831485500
20200302,"10:26:01","SZ","NB",13049475722,13420282574,26469758296,-370806852
20200302,"10:27:01","SH","NB",8966300119,8149844345,17116144464,816455774
20200302,"10:27:01","SZ","NB",13137208317,13546772848,26683981165,-409564531
20200302,"10:28:01","SH","NB",9053543684,8304862459,17358406143,748681225
20200302,"10:28:01","SZ","NB",13223486649,13693434368,26916921017,-469947719
20200302,"10:29:01","SH","NB",9121069568,8389735380,17510804948,731334188
20200302,"10:29:01","SZ","NB",13296904288,13806790688,27103694976,-509886400
20200302,"10:30:01","SZ","NB",13402807335,13892227258,27295034593,-489419923
20200302,"10:30:01","SH","NB",9195660133,8451861017,17647521150,743799116
20200302,"10:31:01","SH","NB",9420894614,8539460040,17960354654,881434574
20200302,"10:31:01","SZ","NB",13792691905,14002852139,27795544044,-210160234
20200302,"10:32:01","SH","NB",9656856436,8605453913,18262310349,1051402523
20200302,"10:32:01","SZ","NB",14060939745,14087675717,28148615462,-26735972
20200302,"10:33:01","SH","NB",9757910256,8729734165,18487644421,1028176091
20200302,"10:33:01","SZ","NB",14160907606,14288865812,28449773418,-127958206
20200302,"10:34:01","SH","NB",9870440041,8800355937,18670795978,1070084104
20200302,"10:34:01","SZ","NB",14335278994,14400506036,28735785030,-65227042
20200302,"10:35:01","SH","NB",10015056570,8876920270,18891976840,1138136300
20200302,"10:35:01","SZ","NB",14514839233,14492309961,29007149194,22529272
20200302,"10:36:01","SH","NB",10107302548,8986718080,19094020628,1120584468
20200302,"10:36:01","SZ","NB",14667907148,14629821145,29297728293,38086003
20200302,"10:37:02","SH","NB",10245139731,9068983182,19314122913,1176156549
20200302,"10:37:02","SZ","NB",14915249710,14755219276,29670468986,160030434
20200302,"10:38:01","SZ","NB",15250266138,14876134698,30126400836,374131440
20200302,"10:38:01","SH","NB",10428724130,9143361175,19572085305,1285362955
20200302,"10:39:01","SH","NB",10603480463,9230529000,19834009463,1372951463
20200302,"10:39:01","SZ","NB",15519391801,14992888604,30512280405,526503197
20200302,"10:40:01","SH","NB",10682773459,9363241821,20046015280,1319531638
20200302,"10:40:01","SZ","NB",15648550186,15142020366,30790570552,506529820
20200302,"10:41:01","SH","NB",10860518523,9460603760,20321122283,1399914763
20200302,"10:41:01","SZ","NB",15906168320,15251823156,31157991476,654345164
20200302,"10:42:01","SH","NB",10948256328,9521796434,20470052762,1426459894
20200302,"10:42:01","SZ","NB",16130885099,15347125475,31478010574,783759624
20200302,"10:43:01","SH","NB",11124148081,9606696946,20730845027,1517451135
20200302,"10:43:01","SZ","NB",16328485573,15455600725,31784086298,872884848
20200302,"10:44:01","SZ","NB",16538449642,15581615755,32120065397,956833887
20200302,"10:44:01","SH","NB",11301160173,9686292298,20987452471,1614867875
20200302,"10:45:01","SH","NB",11420113321,9866372444,21286485765,1553740877
20200302,"10:45:01","SZ","NB",16646054402,15772734389,32418788791,873320013
20200302,"10:46:01","SH","NB",11516447294,9950676611,21467123905,1565770683
20200302,"10:46:01","SZ","NB",16783645316,15864140935,32647786251,919504381
20200302,"10:47:01","SH","NB",11577482768,10009050450,21586533218,1568432318
20200302,"10:47:01","SZ","NB",16880213489,15933849999,32814063488,946363490
20200302,"10:48:01","SH","NB",11702943076,10056975725,21759918801,1645967351
20200302,"10:48:01","SZ","NB",17083781516,15995288144,33079069660,1088493372
20200302,"10:49:01","SH","NB",11782320214,10112386193,21894706407,1669934021
20200302,"10:49:01","SZ","NB",17222203931,16050054949,33272258880,1172148982
20200302,"10:50:01","SH","NB",11837413094,10157327383,21994740477,1680085711
20200302,"10:50:01","SZ","NB",17325669757,16106302756,33431972513,1219367001
20200302,"10:51:01","SH","NB",12000278344,10230203012,22230481356,1770075332
20200302,"10:51:01","SZ","NB",17562167515,16201722248,33763889763,1360445267
20200302,"10:52:01","SZ","NB",17650022900,16368130381,34018153281,1281892519
20200302,"10:52:01","SH","NB",12067656477,10334105255,22401761732,1733551222
20200302,"10:53:01","SH","NB",12134338227,10415206542,22549544769,1719131685
20200302,"10:53:01","SZ","NB",17759742909,16436930387,34196673296,1322812522
20200302,"10:54:01","SH","NB",12200642683,10464873075,22665515758,1735769608
20200302,"10:54:01","SZ","NB",17883065447,16506400305,34389465752,1376665142
20200302,"10:55:01","SZ","NB",18107489442,16580801109,34688290551,1526688333
20200302,"10:55:01","SH","NB",12313951081,10512375281,22826326362,1801575800
20200302,"10:56:01","SH","NB",12391892791,10581168865,22973061656,1810723926
20200302,"10:56:01","SZ","NB",18254733010,16687883755,34942616765,1566849255
20200302,"10:57:01","SH","NB",12445655090,10668735744,23114390834,1776919346
20200302,"10:57:01","SZ","NB",18323201883,16841259151,35164461034,1481942732
20200302,"10:58:01","SZ","NB",18382027236,16962444820,35344472056,1419582416
20200302,"10:58:01","SH","NB",12504131042,10776159794,23280290836,1727971248
20200302,"10:59:01","SH","NB",12559450366,10845915343,23405365709,1713535023
20200302,"10:59:01","SZ","NB",18440240433,17045200353,35485440786,1395040080
20200302,"11:00:01","SH","NB",12626718141,10925445404,23552163545,1701272737
20200302,"11:00:01","SZ","NB",18519635183,17114002540,35633637723,1405632643
20200302,"11:01:01","SH","NB",12780609086,10994957144,23775566230,1785651942
20200302,"11:01:01","SZ","NB",18728643130,17179161495,35907804625,1549481635
20200302,"11:02:01","SH","NB",12836300605,11046774577,23883075182,1789526028
20200302,"11:02:01","SZ","NB",18785165839,17271796900,36056962739,1513368939
20200302,"11:03:01","SH","NB",12887107472,11164049160,24051156632,1723058312
20200302,"11:03:01","SZ","NB",18846920651,17435823633,36282744284,1411097018
20200302,"11:04:01","SH","NB",12983361618,11203720949,24187082567,1779640669
20200302,"11:04:01","SZ","NB",18951867824,17484275965,36436143789,1467591859
20200302,"11:05:01","SH","NB",13057084492,11246803562,24303888054,1810280930
20200302,"11:05:01","SZ","NB",19018069543,17532181272,36550250815,1485888271
20200302,"11:06:01","SH","NB",13126078510,11289070868,24415149378,1837007642
20200302,"11:06:01","SZ","NB",19073056537,17597687917,36670744454,1475368620
20200302,"11:07:01","SZ","NB",19131257060,17647033892,36778290952,1484223168
20200302,"11:07:01","SH","NB",13199071964,11330399938,24529471902,1868672026
20200302,"11:08:01","SH","NB",13272826180,11369149648,24641975828,1903676532
20200302,"11:08:01","SZ","NB",19217425998,17680390829,36897816827,1537035169
20200302,"11:09:01","SH","NB",13364395795,11412123123,24776518918,1952272672
20200302,"11:09:01","SZ","NB",19337195636,17727877912,37065073548,1609317724
20200302,"11:10:01","SH","NB",13457324707,11458209768,24915534475,1999114939
20200302,"11:10:01","SZ","NB",19467064564,17794927479,37261992043,1672137085
20200302,"11:11:01","SH","NB",13580045439,11524229661,25104275100,2055815778
20200302,"11:11:01","SZ","NB",19585363693,17904844104,37490207797,1680519589
20200302,"11:12:01","SH","NB",13667581284,11582516100,25250097384,2085065184
20200302,"11:12:01","SZ","NB",19665504090,18012327873,37677831963,1653176217
20200302,"11:13:01","SZ","NB",19721030383,18101837537,37822867920,1619192846
20200302,"11:13:01","SH","NB",13709671409,11656624557,25366295966,2053046852
20200302,"11:14:01","SH","NB",13746137619,11706877351,25453014970,2039260268
20200302,"11:14:01","SZ","NB",19773180470,18182468603,37955649073,1590711867
20200302,"11:15:01","SH","NB",13783426655,11776919534,25560346189,2006507121
20200302,"11:15:01","SZ","NB",19815631987,18246107443,38061739430,1569524544
20200302,"11:16:01","SH","NB",13826172150,11834593221,25660765371,1991578929
20200302,"11:16:01","SZ","NB",19867872924,18308509934,38176382858,1559362990
20200302,"11:17:01","SH","NB",13869535770,11882989727,25752525497,1986546043
20200302,"11:17:01","SZ","NB",19918527138,18356955055,38275482193,1561572083
20200302,"11:18:01","SH","NB",13905170960,11948774342,25853945302,1956396618
20200302,"11:18:01","SZ","NB",19963534120,18411430873,38374964993,1552103247
20200302,"11:19:01","SH","NB",13946632621,12010378805,25957011426,1936253816
20200302,"11:19:01","SZ","NB",20014638724,18469565037,38484203761,1545073687
20200302,"11:20:01","SH","NB",13992268942,12047955536,26040224478,1944313406
20200302,"11:20:01","SZ","NB",20083564962,18511592282,38595157244,1571972680
20200302,"11:21:01","SZ","NB",20227136871,18576642935,38803779806,1650493936
20200302,"11:21:01","SH","NB",14103072177,12101588356,26204660533,2001483821
20200302,"11:22:01","SH","NB",14162147901,12161428308,26323576209,2000719593
20200302,"11:22:01","SZ","NB",20298770737,18671269634,38970040371,1627501103
20200302,"11:23:01","SH","NB",14208872007,12213265311,26422137318,1995606696
20200302,"11:23:01","SZ","NB",20355415625,18754184053,39109599678,1601231572
20200302,"11:24:01","SH","NB",14250363581,12263100923,26513464504,1987262658
20200302,"11:24:01","SZ","NB",20396507152,18813959513,39210466665,1582547639
20200302,"11:25:01","SH","NB",14327077143,12313243382,26640320525,2013833761
20200302,"11:25:01","SZ","NB",20539749270,18867067749,39406817019,1672681521
20200302,"11:26:01","SH","NB",14385743930,12362409370,26748153300,2023334560
20200302,"11:26:01","SZ","NB",20622593864,18942255039,39564848903,1680338825
20200302,"11:27:01","SH","NB",14443551680,12410607291,26854158971,2032944389
20200302,"11:27:01","SZ","NB",20756562643,18995566565,39752129208,1760996078
20200302,"11:28:01","SH","NB",14508392715,12459578808,26967971523,2048813907
20200302,"11:28:01","SZ","NB",20864148280,19050919771,39915068051,1813228509
20200302,"11:29:01","SZ","NB",21003805209,19115911318,40119716527,1887893891
20200302,"11:29:01","SH","NB",14595130524,12494290084,27089420608,2100840440
20200302,"11:30:01","SH","NB",14654944289,12537940856,27192885145,2117003433
20200302,"11:30:01","SZ","NB",21087171457,19174884822,40262056279,1912286635
20200302,"11:31:01","SH","NB",14659930768,12541476001,27201406769,2118454767
20200302,"11:31:01","SZ","NB",21089426071,19176246994,40265673065,1913179077
20200302,"13:00:01","SZ","NB",21104296798,19193318544,40297615342,1910978254
20200302,"13:01:01","SH","NB",14905445394,12768114649,27673560043,2137330745
20200302,"13:01:01","SZ","NB",21357061498,19539159373,40896220871,1817902125
20200302,"13:02:01","SH","NB",15006351449,12900179558,27906531007,2106171891
20200302,"13:02:01","SZ","NB",21451923571,19700189984,41152113555,1751733587
20200302,"13:03:01","SZ","NB",21569489144,19792031007,41361520151,1777458137
20200302,"13:03:01","SH","NB",15107109907,12969592466,28076702373,2137517441
20200302,"13:04:01","SH","NB",15203902487,13037189725,28241092212,2166712762
20200302,"13:04:01","SZ","NB",21673595539,19885563879,41559159418,1788031660
20200302,"13:05:01","SH","NB",15286390026,13192340615,28478730641,2094049411
20200302,"13:05:01","SZ","NB",21750058434,20062236132,41812294566,1687822302
20200302,"13:06:01","SH","NB",15381033459,13265820308,28646853767,2115213151
20200302,"13:06:01","SZ","NB",21856536326,20165406850,42021943176,1691129476
20200302,"13:07:01","SH","NB",15452573737,13313265711,28765839448,2139308026
20200302,"13:07:01","SZ","NB",21944324675,20252250061,42196574736,1692074614
20200302,"13:08:01","SH","NB",15506068316,13368388999,28874457315,2137679317
20200302,"13:08:01","SZ","NB",22015181454,20311947827,42327129281,1703233627
20200302,"13:09:01","SZ","NB",22099293347,20378481318,42477774665,1720812029
20200302,"13:09:01","SH","NB",15557345732,13404924123,28962269855,2152421609
20200302,"13:10:01","SH","NB",15618940315,13491580652,29110520967,2127359663
20200302,"13:10:01","SZ","NB",22185899813,20490747425,42676647238,1695152388
20200302,"13:11:01","SH","NB",15675960209,13587456770,29263416979,2088503439
20200302,"13:11:01","SZ","NB",22276447214,20636184671,42912631885,1640262543
20200302,"13:12:01","SH","NB",15762962481,13646041681,29409004162,2116920800
20200302,"13:12:01","SZ","NB",22399614523,20715102796,43114717319,1684511727
20200302,"13:13:01","SH","NB",15876871052,13706442665,29583313717,2170428387
20200302,"13:13:01","SZ","NB",22546853280,20780246956,43327100236,1766606324
20200302,"13:14:01","SH","NB",15964076563,13755351521,29719428084,2208725042
20200302,"13:14:01","SZ","NB",22671162359,20839788078,43510950437,1831374281
20200302,"13:15:01","SH","NB",16045669532,13822065691,29867735223,2223603841
20200302,"13:15:01","SZ","NB",22779344181,20933607320,43712951501,1845736861
20200302,"13:16:01","SH","NB",16113796135,13934972260,30048768395,2178823875
20200302,"13:16:01","SZ","NB",22862262950,21094058281,43956321231,1768204669
20200302,"13:17:01","SH","NB",16173002203,14007533364,30180535567,2165468839
20200302,"13:17:01","SZ","NB",22928884068,21189822936,44118707004,1739061132
20200302,"13:18:01","SZ","NB",22995807341,21259695998,44255503339,1736111343
20200302,"13:18:01","SH","NB",16229507651,14048203153,30277710804,2181304498
20200302,"13:19:01","SH","NB",16285901903,14128891092,30414792995,2157010811
20200302,"13:19:01","SZ","NB",23073819012,21347061845,44420880857,1726757167
20200302,"13:20:01","SH","NB",16340798973,14166760167,30507559140,2174038806
20200302,"13:20:01","SZ","NB",23140735129,21414187921,44554923050,1726547208
20200302,"13:21:01","SZ","NB",23224471772,21656715730,44881187502,1567756042
20200302,"13:21:01","SH","NB",16410695043,14330993809,30741688852,2079701234
20200302,"13:22:01","SH","NB",16472595815,14375519106,30848114921,2097076709
20200302,"13:22:01","SZ","NB",23320672806,21721973545,45042646351,1598699261
20200302,"13:23:01","SH","NB",16545769768,14416557591,30962327359,2129212177
20200302,"13:23:01","SZ","NB",23394429408,21782540743,45176970151,1611888665
20200302,"13:24:01","SH","NB",16618240858,14449370270,31067611128,2168870588
20200302,"13:24:01","SZ","NB",23475317724,21839112938,45314430662,1636204786
20200302,"13:25:01","SH","NB",16676676374,14483161665,31159838039,2193514709
20200302,"13:25:01","SZ","NB",23539536730,21905254087,45444790817,1634282643
20200302,"13:26:01","SH","NB",16723766342,14519417665,31243184007,2204348677
20200302,"13:26:01","SZ","NB",23591257047,21976801766,45568058813,1614455281
20200302,"13:27:01","SH","NB",16792951729,14558436343,31351388072,2234515386
20200302,"13:27:01","SZ","NB",23693328595,22032095393,45725423988,1661233202
20200302,"13:28:01","SH","NB",16864249901,14590842047,31455091948,2273407854
20200302,"13:28:01","SZ","NB",23802670373,22067410960,45870081333,1735259413
20200302,"13:29:01","SZ","NB",23874875376,22107431282,45982306658,1767444094
20200302,"13:29:01","SH","NB",16927650543,14621566351,31549216894,2306084192
20200302,"13:30:01","SH","NB",16998894884,14650222374,31649117258,2348672510
20200302,"13:30:01","SZ","NB",23943664032,22151518387,46095182419,1792145645
20200302,"13:31:01","SH","NB",17097216925,14693635062,31790851987,2403581863
20200302,"13:31:01","SZ","NB",24079263517,22218202817,46297466334,1861060700
20200302,"13:32:01","SH","NB",17142845251,14778841009,31921686260,2364004242
20200302,"13:32:01","SZ","NB",24150980724,22356843826,46507824550,1794136898
20200302,"13:33:01","SH","NB",17190212553,14824945397,32015157950,2365267156
20200302,"13:33:01","SZ","NB",24235389778,22423509272,46658899050,1811880506
20200302,"13:34:01","SH","NB",17235644162,14853871927,32089516089,2381772235
20200302,"13:34:01","SZ","NB",24292978414,22472093082,46765071496,1820885332
20200302,"13:35:01","SH","NB",17292329442,14881413720,32173743162,2410915722
20200302,"13:35:01","SZ","NB",24368787764,22517387880,46886175644,1851399884
20200302,"13:36:01","SH","NB",17344611408,14930994262,32275605670,2413617146
20200302,"13:36:01","SZ","NB",24438890310,22604634946,47043525256,1834255364
20200302,"13:37:01","SZ","NB",24488674169,22702737005,47191411174,1785937164
20200302,"13:37:01","SH","NB",17380511353,14986004586,32366515939,2394506767
20200302,"13:38:01","SH","NB",17411747802,15024454002,32436201804,2387293800
20200302,"13:38:01","SZ","NB",24573748503,22777015520,47350764023,1796732983
20200302,"13:39:01","SH","NB",17449388878,15051006714,32500395592,2398382164
20200302,"13:39:01","SZ","NB",24613716532,22834033036,47447749568,1779683496
20200302,"13:40:01","SH","NB",17539014731,15091530447,32630545178,2447484284
20200302,"13:40:01","SZ","NB",24743374918,22898609285,47641984203,1844765633
20200302,"13:41:01","SH","NB",17688875165,15129038718,32817913883,2559836447
20200302,"13:41:01","SZ","NB",24948050631,22992560560,47940611191,1955490071
20200302,"13:42:01","SZ","NB",25022845055,23094711165,48117556220,1928133890
20200302,"13:42:01","SH","NB",17753442999,15178984143,32932427142,2574458856
20200302,"13:43:01","SH","NB",17808275867,15274357799,33082633666,2533918068
20200302,"13:43:01","SZ","NB",25070051652,23250030931,48320082583,1820020721
20200302,"13:44:01","SH","NB",17837922968,15316913395,33154836363,2521009573
20200302,"13:44:01","SZ","NB",25104867280,23330353684,48435220964,1774513596
20200302,"13:45:01","SH","NB",17872483992,15352992257,33225476249,2519491735
20200302,"13:45:01","SZ","NB",25137628134,23390141585,48527769719,1747486549
20200302,"13:46:01","SH","NB",17915591744,15392638140,33308229884,2522953604
20200302,"13:46:01","SZ","NB",25192011228,23479139132,48671150360,1712872096
20200302,"13:47:01","SH","NB",17943126707,15433411668,33376538375,2509715039
20200302,"13:47:01","SZ","NB",25233135020,23548490323,48781625343,1684644697
20200302,"13:48:01","SH","NB",17979466198,15478489366,33457955564,2500976832
20200302,"13:48:01","SZ","NB",25275480649,23598444402,48873925051,1677036247
20200302,"13:49:01","SH","NB",18029263372,15520956213,33550219585,2508307159
20200302,"13:49:01","SZ","NB",25316339448,23649404120,48965743568,1666935328
20200302,"13:50:01","SZ","NB",25351382125,23734275243,49085657368,1617106882
20200302,"13:50:01","SH","NB",18076318081,15562191001,33638509082,2514127080
20200302,"13:51:01","SH","NB",18124946023,15644978459,33769924482,2479967564
20200302,"13:51:01","SZ","NB",25402995940,23859688382,49262684322,1543307558
20200302,"13:52:01","SH","NB",18215649645,15691808756,33907458401,2523840889
20200302,"13:52:01","SZ","NB",25540153374,23923089618,49463242992,1617063756
20200302,"13:53:01","SH","NB",18274382068,15713430308,33987812376,2560951760
20200302,"13:53:01","SZ","NB",25625302974,23962248698,49587551672,1663054276
20200302,"13:54:01","SH","NB",18314214697,15735755545,34049970242,2578459152
20200302,"13:54:01","SZ","NB",25674041919,24010959157,49685001076,1663082762
20200302,"13:55:01","SH","NB",18357928522,15772993592,34130922114,2584934930
20200302,"13:55:01","SZ","NB",25726591459,24070516804,49797108263,1656074655
20200302,"13:56:01","SH","NB",18390209606,15796146986,34186356592,2594062620
20200302,"13:56:01","SZ","NB",25781183431,24118795245,49899978676,1662388186
20200302,"13:57:01","SZ","NB",25888417207,24163803026,50052220233,1724614181
20200302,"13:57:01","SH","NB",18472475836,15832514796,34304990632,2639961040
20200302,"13:58:01","SH","NB",18552842539,15867834629,34420677168,2685007910
20200302,"13:58:01","SZ","NB",26010020430,24200618002,50210638432,1809402428
20200302,"13:59:01","SH","NB",18606284014,15902289688,34508573702,2703994326
20200302,"13:59:01","SZ","NB",26059334071,24278997040,50338331111,1780337031
20200302,"14:00:01","SH","NB",18645447206,15941608073,34587055279,2703839133
20200302,"14:00:01","SZ","NB",26114867194,24338213351,50453080545,1776653843
20200302,"14:01:01","SH","NB",18711354891,15998599742,34709954633,2712755149
20200302,"14:01:01","SZ","NB",26223513589,24436081880,50659595469,1787431709
20200302,"14:02:01","SZ","NB",26277093636,24533875612,50810969248,1743218024
20200302,"14:02:01","SH","NB",18751161056,16053949405,34805110461,2697211651
20200302,"14:03:01","SH","NB",18794393860,16104114530,34898508390,2690279330
20200302,"14:03:01","SZ","NB",26345320325,24585703586,50931023911,1759616739
20200302,"14:04:01","SH","NB",18859192778,16138632954,34997825732,2720559824
20200302,"14:04:01","SZ","NB",26407148210,24639389077,51046537287,1767759133
20200302,"14:05:01","SH","NB",18968895361,16193001153,35161896514,2775894208
20200302,"14:05:01","SZ","NB",26501629293,24707020589,51208649882,1794608704
20200302,"14:06:01","SH","NB",19012249967,16240659692,35252909659,2771590275
20200302,"14:06:01","SZ","NB",26554915881,24768803436,51323719317,1786112445
20200302,"14:07:01","SH","NB",19049953249,16282317315,35332270564,2767635934
20200302,"14:07:01","SZ","NB",26638436436,24829116574,51467553010,1809319862
20200302,"14:08:01","SH","NB",19086796968,16321469820,35408266788,2765327148
20200302,"14:08:01","SZ","NB",26698135096,24901212197,51599347293,1796922899
20200302,"14:09:01","SZ","NB",26758165800,24956152275,51714318075,1802013525
20200302,"14:09:01","SH","NB",19133953777,16366436724,35500390501,2767517053
20200302,"14:10:01","SH","NB",19182212379,16410688705,35592901084,2771523674
20200302,"14:10:01","SZ","NB",26810973435,25014954142,51825927577,1796019293
20200302,"14:11:01","SH","NB",19293829963,16445219958,35739049921,2848610005
20200302,"14:11:01","SZ","NB",26928072437,25089414988,52017487425,1838657449
20200302,"14:12:01","SH","NB",19348467165,16496046765,35844513930,2852420400
20200302,"14:12:01","SZ","NB",27000881140,25153567125,52154448265,1847314015
20200302,"14:13:01","SH","NB",19404167095,16559840201,35964007296,2844326894
20200302,"14:13:01","SZ","NB",27084558975,25282167558,52366726533,1802391417
20200302,"14:14:01","SH","NB",19440583774,16609088772,36049672546,2831495002
20200302,"14:14:01","SZ","NB",27172556195,25396334840,52568891035,1776221355
20200302,"14:15:01","SH","NB",19491917169,16645077364,36136994533,2846839805
20200302,"14:15:01","SZ","NB",27266650670,25463701159,52730351829,1802949511
20200302,"14:16:01","SH","NB",19580876432,16690104997,36270981429,2890771435
20200302,"14:16:01","SZ","NB",27394747585,25516103525,52910851110,1878644060
20200302,"14:17:01","SZ","NB",27534314635,25589666906,53123981541,1944647729
20200302,"14:17:01","SH","NB",19708295401,16726437815,36434733216,2981857586
20200302,"14:18:01","SH","NB",19789820038,16777774401,36567594439,3012045637
20200302,"14:18:01","SZ","NB",27641118999,25699103075,53340222074,1942015924
20200302,"14:19:01","SH","NB",19867080913,16825813325,36692894238,3041267588
20200302,"14:19:01","SZ","NB",27708016139,25799457094,53507473233,1908559045
20200302,"14:20:01","SH","NB",19960319459,16861940176,36822259635,3098379283
20200302,"14:20:01","SZ","NB",27782497159,25896782712,53679279871,1885714447
20200302,"14:21:01","SH","NB",20035466122,16980154216,37015620338,3055311906
20200302,"14:21:01","SZ","NB",27862640927,26153717892,54016358819,1708923035
20200302,"14:22:01","SH","NB",20086457531,17070935362,37157392893,3015522169
20200302,"14:22:01","SZ","NB",27910726396,26283503207,54194229603,1627223189
20200302,"14:23:01","SH","NB",20122846742,17138113746,37260960488,2984732996
20200302,"14:23:01","SZ","NB",27950603787,26359565288,54310169075,1591038499
20200302,"14:24:01","SZ","NB",28023159135,26429828895,54452988030,1593330240
20200302,"14:24:01","SH","NB",20179902122,17188869278,37368771400,2991032844
20200302,"14:25:01","SH","NB",20229295606,17222483256,37451778862,3006812350
20200302,"14:25:01","SZ","NB",28087040509,26470518444,54557558953,1616522065
20200302,"14:26:01","SH","NB",20273558805,17255500107,37529058912,3018058698
20200302,"14:26:01","SZ","NB",28144372435,26520396316,54664768751,1623976119
20200302,"14:27:01","SH","NB",20311678898,17307845588,37619524486,3003833310
20200302,"14:27:01","SZ","NB",28196484965,26606641183,54803126148,1589843782
20200302,"14:28:01","SH","NB",20353943405,17342657656,37696601061,3011285749
20200302,"14:28:01","SZ","NB",28252118497,26662142551,54914261048,1589975946
20200302,"14:29:01","SH","NB",20474223633,17399654898,37873878531,3074568735
20200302,"14:29:01","SZ","NB",28394571093,26718816435,55113387528,1675754658
20200302,"14:30:01","SH","NB",20522115664,17441110097,37963225761,3081005567
20200302,"14:30:01","SZ","NB",28464018139,26766930214,55230948353,1697087925
20200302,"14:31:01","SH","NB",20577665855,17505498495,38083164350,3072167360
20200302,"14:31:01","SZ","NB",28548498654,26920965442,55469464096,1627533212
20200302,"14:32:01","SZ","NB",28654634903,26978514871,55633149774,1676120032
20200302,"14:32:01","SH","NB",20658379716,17542225284,38200605000,3116154432
20200302,"14:33:01","SH","NB",20722443353,17576517438,38298960791,3145925915
20200302,"14:33:01","SZ","NB",28749411397,27044687799,55794099196,1704723598
20200302,"14:34:01","SH","NB",20785212331,17624779387,38409991718,3160432944
20200302,"14:34:01","SZ","NB",28816565488,27125542032,55942107520,1691023456
20200302,"14:35:01","SZ","NB",28878329303,27192767037,56071096340,1685562266
20200302,"14:35:01","SH","NB",20826466445,17671327274,38497793719,3155139171
20200302,"14:36:01","SH","NB",20880743391,17750555908,38631299299,3130187483
20200302,"14:36:01","SZ","NB",28940962162,27272213724,56213175886,1668748438
20200302,"14:37:01","SH","NB",20928919755,17824898713,38753818468,3104021042
20200302,"14:37:01","SZ","NB",29009062935,27345969197,56355032132,1663093738
20200302,"14:38:01","SH","NB",20980772815,17879011539,38859784354,3101761276
20200302,"14:38:01","SZ","NB",29072352836,27406462242,56478815078,1665890594
20200302,"14:39:01","SH","NB",21023191347,17924043557,38947234904,3099147790
20200302,"14:39:01","SZ","NB",29138308042,27468362612,56606670654,1669945430
20200302,"14:40:01","SH","NB",21074512297,17974174195,39048686492,3100338102
20200302,"14:40:01","SZ","NB",29194163222,27537862224,56732025446,1656300998
20200302,"14:41:01","SH","NB",21132528420,18063395974,39195924394,3069132446
20200302,"14:41:01","SZ","NB",29268275132,27701959521,56970234653,1566315611
20200302,"14:42:01","SH","NB",21190048051,18116653625,39306701676,3073394426
20200302,"14:42:01","SZ","NB",29343098868,27761982247,57105081115,1581116621
20200302,"14:43:01","SH","NB",21260897659,18160420876,39421318535,3100476783
20200302,"14:43:01","SZ","NB",29420237551,27817506273,57237743824,1602731278
20200302,"14:44:01","SZ","NB",29479451794,27935293112,57414744906,1544158682
20200302,"14:44:01","SH","NB",21317444477,18262713464,39580157941,3054731013
20200302,"14:45:01","SH","NB",21379438487,18345576963,39725015450,3033861524
20200302,"14:45:01","SZ","NB",29552770419,28031107247,57583877666,1521663172
20200302,"14:46:01","SH","NB",21439617889,18450920463,39890538352,2988697426
20200302,"14:46:01","SZ","NB",29619677030,28142876565,57762553595,1476800465
20200302,"14:47:01","SH","NB",21516706920,18545801033,40062507953,2970905887
20200302,"14:47:01","SZ","NB",29686951478,28223625604,57910577082,1463325874
20200302,"14:48:01","SH","NB",21583466457,18621175198,40204641655,2962291259
20200302,"14:48:01","SZ","NB",29772006705,28288726642,58060733347,1483280063
20200302,"14:49:01","SZ","NB",29851299880,28361963463,58213263343,1489336417
20200302,"14:49:01","SH","NB",21648310745,18705257811,40353568556,2943052934
20200302,"14:50:01","SH","NB",21713583248,18780657695,40494240943,2932925553
20200302,"14:50:01","SZ","NB",29925342704,28432727137,58358069841,1492615567
20200302,"14:51:01","SH","NB",21800041271,18927822992,40727864263,2872218279
20200302,"14:51:01","SZ","NB",30036343577,28615602991,58651946568,1420740586
20200302,"14:52:01","SH","NB",21867392923,19021312098,40888705021,2846080825
20200302,"14:52:01","SZ","NB",30137801805,28711228359,58849030164,1426573446
20200302,"14:53:01","SZ","NB",30253043075,28812955274,59065998349,1440087801
20200302,"14:53:01","SH","NB",21959410869,19116261098,41075671967,2843149771
20200302,"14:54:01","SH","NB",22070155874,19244545222,41314701096,2825610652
20200302,"14:54:01","SZ","NB",30372289619,28944032019,59316321638,1428257600
20200302,"14:55:01","SH","NB",22153956068,19383071584,41537027652,2770884484
20200302,"14:55:01","SZ","NB",30495210117,29082087165,59577297282,1413122952
20200302,"14:56:01","SH","NB",22229728444,19516759851,41746488295,2712968593
20200302,"14:56:01","SZ","NB",30669943785,29229549832,59899493617,1440393953
20200302,"14:57:01","SH","NB",22314415275,19656932147,41971347422,2657483128
20200302,"14:57:01","SZ","NB",30790150267,29327687732,60117837999,1462462535
20200302,"14:58:01","SH","NB",22314424137,19657339448,41971763585,2657084689
20200302,"14:58:01","SZ","NB",30791071726,29328031602,60119103328,1463040124
20200302,"15:00:01","SZ","NB",30864944889,29419674933,60284619822,1445269956
20200302,"15:01:01","SH","NB",22616055355,19966518729,42582574084,2649536626
20200302,"15:01:01","SZ","NB",31171584738,29669111703,60840696441,1502473035
