dataDate,dataTime,connectMarket,tradeDirection,buyTurnover,sellTurnover,totalTurnover,netTurnover
20200723,"09:30:01","SH","NB",206046503,213978075,420024578,-7931572
20200723,"09:30:01","SZ","NB",239231304,260297143,499528447,-21065839
20200723,"09:31:01","SH","NB",932889920,491415567,1424305487,441474353
20200723,"09:31:01","SZ","NB",1429105904,839976308,2269082212,589129596
20200723,"09:32:01","SH","NB",1520466121,832760961,2353227082,687705160
20200723,"09:32:01","SZ","NB",2447903093,1405293155,3853196248,1042609938
20200723,"09:33:01","SH","NB",1815113017,1217368898,3032481915,597744119
20200723,"09:33:01","SZ","NB",2883411604,1962081202,4845492806,921330402
20200723,"09:34:01","SH","NB",2082209033,1717496035,3799705068,364712998
20200723,"09:34:01","SZ","NB",3292408784,2803078943,6095487727,489329841
20200723,"09:35:01","SH","NB",2503178771,1997880952,4501059723,505297819
20200723,"09:35:01","SZ","NB",4072007321,3269745545,7341752866,802261776
20200723,"09:36:01","SZ","NB",4460910209,3933088290,8393998499,527821919
20200723,"09:36:01","SH","NB",2762027053,2366537465,5128564518,395489588
20200723,"09:37:01","SH","NB",2970053841,2736063637,5706117478,233990204
20200723,"09:37:01","SZ","NB",4809246433,4572426848,9381673281,236819585
20200723,"09:38:01","SH","NB",3408495252,2944920406,6353415658,463574846
20200723,"09:38:01","SZ","NB",5586833600,4951921321,10538754921,634912279
20200723,"09:39:01","SH","NB",3597402146,3207663500,6805065646,389738646
20200723,"09:39:01","SZ","NB",5887244330,5338667133,11225911463,548577197
20200723,"09:40:01","SH","NB",3877049266,3403515827,7280565093,473533439
20200723,"09:40:01","SZ","NB",6159290686,5633803129,11793093815,525487557
20200723,"09:41:01","SH","NB",4272958102,3569857299,7842815401,703100803
20200723,"09:41:01","SZ","NB",6655780715,5879698080,12535478795,776082635
20200723,"09:42:01","SH","NB",4477898266,3837399634,8315297900,640498632
20200723,"09:42:01","SZ","NB",6926612409,6297077197,13223689606,629535212
20200723,"09:43:01","SH","NB",4845432405,3991000112,8836432517,854432293
20200723,"09:43:01","SZ","NB",7320779998,6511788101,13832568099,808991897
20200723,"09:44:01","SH","NB",5024076164,4293309688,9317385852,730766476
20200723,"09:44:01","SZ","NB",7529412581,6957070658,14486483239,572341923
20200723,"09:45:01","SZ","NB",7728353539,7156952951,14885306490,571400588
20200723,"09:45:01","SH","NB",5141293925,4453884680,9595178605,687409245
20200723,"09:46:01","SH","NB",5490476784,4647142422,10137619206,843334362
20200723,"09:46:01","SZ","NB",8181542892,7371348025,15552890917,810194867
20200723,"09:47:01","SH","NB",5629218136,5039169780,10668387916,590048356
20200723,"09:47:01","SZ","NB",8440590025,7880306953,16320896978,560283072
20200723,"09:48:01","SZ","NB",8702214464,8035174628,16737389092,667039836
20200723,"09:48:01","SH","NB",5807726706,5162542519,10970269225,645184187
20200723,"09:49:01","SH","NB",5944386424,5374321916,11318708340,570064508
20200723,"09:49:01","SZ","NB",8982661937,8259626261,17242288198,723035676
20200723,"09:50:01","SH","NB",6271129584,5515426937,11786556521,755702647
20200723,"09:50:01","SZ","NB",9392090611,8421277081,17813367692,970813530
20200723,"09:51:01","SH","NB",6468723874,5754153658,12222877532,714570216
20200723,"09:51:01","SZ","NB",9767173504,8732351573,18499525077,1034821931
20200723,"09:52:01","SH","NB",6708056534,5896881111,12604937645,811175423
20200723,"09:52:01","SZ","NB",10162631789,8949471446,19112103235,1213160343
20200723,"09:53:01","SH","NB",6855782548,6161876888,13017659436,693905660
20200723,"09:53:01","SZ","NB",10425788203,9349402486,19775190689,1076385717
20200723,"09:54:01","SH","NB",7031123180,6301261579,13332384759,729861601
20200723,"09:54:01","SZ","NB",10739837682,9521021019,20260858701,1218816663
20200723,"09:55:01","SH","NB",7163142864,6417070769,13580213633,746072095
20200723,"09:55:01","SZ","NB",10973090431,9681912649,20655003080,1291177782
20200723,"09:56:01","SZ","NB",11193520100,10021585726,21215105826,1171934374
20200723,"09:56:01","SH","NB",7319759106,6639079349,13958838455,680679757
20200723,"09:57:01","SH","NB",7459935476,6861103571,14321039047,598831905
20200723,"09:57:01","SZ","NB",11446540866,10427389083,21873929949,1019151783
20200723,"09:58:01","SH","NB",7604211604,7028850179,14633061783,575361425
20200723,"09:58:01","SZ","NB",11704533869,10659115220,22363649089,1045418649
20200723,"09:59:01","SH","NB",7718716905,7188654701,14907371606,530062204
20200723,"09:59:01","SZ","NB",11927424001,10877979870,22805403871,1049444131
20200723,"10:00:01","SZ","NB",12223356635,11096849088,23320205723,1126507547
20200723,"10:00:01","SH","NB",7857599358,7344856127,15202455485,512743231
20200723,"10:01:01","SH","NB",7964767681,7673254175,15638021856,291513506
20200723,"10:01:01","SZ","NB",12430136477,11479022575,23909159052,951113902
20200723,"10:02:01","SH","NB",8238936046,7858942590,16097878636,379993456
20200723,"10:02:01","SZ","NB",12894617940,11684319016,24578936956,1210298924
20200723,"10:03:01","SH","NB",8524707372,7961451202,16486158574,563256170
20200723,"10:03:01","SZ","NB",13268868631,11831444652,25100313283,1437423979
20200723,"10:04:01","SH","NB",8671831444,8304978154,16976809598,366853290
20200723,"10:04:01","SZ","NB",13437633244,12285654941,25723288185,1151978303
20200723,"10:05:01","SZ","NB",13640159487,12526324018,26166483505,1113835469
20200723,"10:05:01","SH","NB",8793243005,8491350880,17284593885,301892125
20200723,"10:06:01","SH","NB",8920022184,8693236411,17613258595,226785773
20200723,"10:06:01","SZ","NB",13819709869,12782334962,26602044831,1037374907
20200723,"10:07:01","SH","NB",9042122929,8882811076,17924934005,159311853
20200723,"10:07:01","SZ","NB",14005923508,13035864063,27041787571,970059445
20200723,"10:08:01","SH","NB",9343805602,9008260872,18352066474,335544730
20200723,"10:08:01","SZ","NB",14437357719,13205050433,27642408152,1232307286
20200723,"10:09:01","SZ","NB",14606306174,13389604649,27995910823,1216701525
20200723,"10:09:01","SH","NB",9440257768,9165642402,18605900170,274615366
20200723,"10:10:01","SH","NB",9541549691,9299656081,18841205772,241893610
20200723,"10:10:01","SZ","NB",14745006085,13616922490,28361928575,1128083595
20200723,"10:11:01","SH","NB",9659050020,9618789010,19277839030,40261010
20200723,"10:11:01","SZ","NB",14961110538,14121678448,29082788986,839432090
20200723,"10:12:01","SH","NB",9936058017,9746121799,19682179816,189936218
20200723,"10:12:01","SZ","NB",15428180963,14299516718,29727697681,1128664245
20200723,"10:13:01","SH","NB",10080279006,10038251113,20118530119,42027893
20200723,"10:13:01","SZ","NB",15614801283,14671883631,30286684914,942917652
20200723,"10:14:01","SH","NB",10201576693,10235271433,20436848126,-33694740
20200723,"10:14:01","SZ","NB",15744254256,14953184835,30697439091,791069421
20200723,"10:15:01","SH","NB",10478125291,10349820793,20827946084,128304498
20200723,"10:15:01","SZ","NB",16211931794,15102880665,31314812459,1109051129
20200723,"10:16:01","SZ","NB",16477573761,15272600917,31750174678,1204972844
20200723,"10:16:01","SH","NB",10632870809,10468212201,21101083010,164658608
20200723,"10:17:01","SH","NB",10774587910,10544847954,21319435864,229739956
20200723,"10:17:01","SZ","NB",16661346218,15386167649,32047513867,1275178569
20200723,"10:18:01","SH","NB",10879753303,10711507508,21591260811,168245795
20200723,"10:18:01","SZ","NB",16807655612,15659609089,32467264701,1148046523
20200723,"10:19:01","SH","NB",10929691332,10826200122,21755891454,103491210
20200723,"10:19:01","SZ","NB",16886579339,15814281394,32700860733,1072297945
20200723,"10:20:01","SH","NB",10990580127,11263087467,22253667594,-272507340
20200723,"10:20:01","SZ","NB",16992455801,16451094688,33443550489,541361113
20200723,"10:21:01","SH","NB",11077105312,11946483698,23023589010,-869378386
20200723,"10:21:01","SZ","NB",17140968257,17101608927,34242577184,39359330
20200723,"10:22:01","SZ","NB",17496462980,17554471108,35050934088,-58008128
20200723,"10:22:01","SH","NB",11342399775,12326261878,23668661653,-983862103
20200723,"10:23:01","SH","NB",11559108883,13118444413,24677553296,-1559335530
20200723,"10:23:01","SZ","NB",17790774937,18153637281,35944412218,-362862344
20200723,"10:24:01","SH","NB",12136467142,13342917077,25479384219,-1206449935
20200723,"10:24:01","SZ","NB",18583879882,18374769728,36958649610,209110154
20200723,"10:25:01","SH","NB",12627307526,13480426073,26107733599,-853118547
20200723,"10:25:01","SZ","NB",19021282176,18483114821,37504396997,538167355
20200723,"10:26:01","SH","NB",12877323714,13740268517,26617592231,-862944803
20200723,"10:26:01","SZ","NB",19329022562,18762845717,38091868279,566176845
20200723,"10:27:01","SH","NB",13075401841,13935310378,27010712219,-859908537
20200723,"10:27:01","SZ","NB",19576125500,19026137860,38602263360,549987640
20200723,"10:28:01","SH","NB",13211052414,14046142563,27257194977,-835090149
20200723,"10:28:01","SZ","NB",19806602868,19183900224,38990503092,622702644
20200723,"10:29:01","SH","NB",13312028896,14155246500,27467275396,-843217604
20200723,"10:29:01","SZ","NB",19968733491,19335076646,39303810137,633656845
20200723,"10:30:01","SZ","NB",20154769883,19474815055,39629584938,679954828
20200723,"10:30:01","SH","NB",13443045850,14254152903,27697198753,-811107053
20200723,"10:31:01","SH","NB",13651246828,14358591104,28009837932,-707344276
20200723,"10:31:01","SZ","NB",20529887178,19615992681,40145879859,913894497
20200723,"10:32:01","SH","NB",13848493077,14486280132,28334773209,-637787055
20200723,"10:32:01","SZ","NB",20722468327,19767880158,40490348485,954588169
20200723,"10:33:01","SH","NB",13990017176,14827312969,28817330145,-837295793
20200723,"10:33:01","SZ","NB",20908524376,20241840113,41150364489,666684263
20200723,"10:34:01","SZ","NB",21031258528,20394671168,41425929696,636587360
20200723,"10:34:01","SH","NB",14075373322,14992621053,29067994375,-917247731
20200723,"10:35:01","SH","NB",14188856315,15233976105,29422832420,-1045119790
20200723,"10:35:01","SZ","NB",21135420396,20626128888,41761549284,509291508
20200723,"10:36:01","SH","NB",14252528681,15480827590,29733356271,-1228298909
20200723,"10:36:01","SZ","NB",21220190370,20852591692,42072782062,367598678
20200723,"10:37:01","SH","NB",14362672804,15592808036,29955480840,-1230135232
20200723,"10:37:01","SZ","NB",21345164795,20953703177,42298867972,391461618
20200723,"10:38:01","SH","NB",14430148558,15747629550,30177778108,-1317480992
20200723,"10:38:01","SZ","NB",21416950700,21104975689,42521926389,311975011
20200723,"10:39:01","SH","NB",14495762279,15867940007,30363702286,-1372177728
20200723,"10:39:01","SZ","NB",21541860137,21252421914,42794282051,289438223
20200723,"10:40:01","SH","NB",14562898744,15940528638,30503427382,-1377629894
20200723,"10:40:01","SZ","NB",21642592432,21341248412,42983840844,301344020
20200723,"10:41:01","SH","NB",14622366124,16206759679,30829125803,-1584393555
20200723,"10:41:01","SZ","NB",21757547022,21730545655,43488092677,27001367
20200723,"10:42:01","SZ","NB",21989730338,21918382880,43908113218,71347458
20200723,"10:42:01","SH","NB",14755263197,16352407143,31107670340,-1597143946
20200723,"10:43:01","SH","NB",14903078311,16436998553,31340076864,-1533920242
20200723,"10:43:01","SZ","NB",22254828760,22027284161,44282112921,227544599
20200723,"10:44:01","SH","NB",15035489702,16548933695,31584423397,-1513443993
20200723,"10:44:01","SZ","NB",22413407496,22146599041,44560006537,266808455
20200723,"10:45:01","SH","NB",15132558452,16611587052,31744145504,-1479028600
20200723,"10:45:01","SZ","NB",22560153924,22204830253,44764984177,355323671
20200723,"10:46:01","SH","NB",15256002524,16685044899,31941047423,-1429042375
20200723,"10:46:01","SZ","NB",22738472751,22270859896,45009332647,467612855
20200723,"10:47:01","SH","NB",15305022402,16801838605,32106861007,-1496816203
20200723,"10:47:01","SZ","NB",22810387983,22425854775,45236242758,384533208
20200723,"10:48:01","SH","NB",15357876677,16920844303,32278720980,-1562967626
20200723,"10:48:01","SZ","NB",22867879632,22590932533,45458812165,276947099
20200723,"10:49:01","SH","NB",15406691294,17003387581,32410078875,-1596696287
20200723,"10:49:01","SZ","NB",22936740878,22723299309,45660040187,213441569
20200723,"10:50:01","SZ","NB",23002853671,23124962631,46127816302,-122108960
20200723,"10:50:01","SH","NB",15444845792,17239767408,32684613200,-1794921616
20200723,"10:51:01","SH","NB",15517272064,17789990388,33307262452,-2272718324
20200723,"10:51:01","SZ","NB",23140842390,23805204903,46946047293,-664362513
20200723,"10:52:01","SH","NB",15787756756,17918331953,33706088709,-2130575197
20200723,"10:52:01","SZ","NB",23510084375,23947660414,47457744789,-437576039
20200723,"10:53:01","SH","NB",16162515302,18049493568,34212008870,-1886978266
20200723,"10:53:01","SZ","NB",23976727690,24069384328,48046112018,-92656638
20200723,"10:54:01","SH","NB",16246762907,18161389343,34408152250,-1914626436
20200723,"10:54:01","SZ","NB",24099022544,24269033389,48368055933,-170010845
20200723,"10:55:01","SZ","NB",24185628865,24383040674,48568669539,-197411809
20200723,"10:55:01","SH","NB",16317732165,18245421290,34563153455,-1927689125
20200723,"10:56:01","SH","NB",16461367576,18302086364,34763453940,-1840718788
20200723,"10:56:01","SZ","NB",24401318179,24442489950,48843808129,-41171771
20200723,"10:57:01","SH","NB",16518034582,18424430660,34942465242,-1906396078
20200723,"10:57:01","SZ","NB",24468466086,24578720984,49047187070,-110254898
20200723,"10:58:01","SH","NB",16576448162,18525171741,35101619903,-1948723579
20200723,"10:58:01","SZ","NB",24542547152,24700071880,49242619032,-157524728
20200723,"10:59:01","SH","NB",16620302526,18625547714,35245850240,-2005245188
20200723,"10:59:01","SZ","NB",24609752855,24811825208,49421578063,-202072353
20200723,"11:00:01","SH","NB",16672303397,18774905609,35447209006,-2102602212
20200723,"11:00:01","SZ","NB",24696989966,25027552429,49724542395,-330562463
20200723,"11:01:01","SH","NB",16881082981,19010131015,35891213996,-2129048034
20200723,"11:01:01","SZ","NB",24989589621,25373945902,50363535523,-384356281
20200723,"11:02:01","SH","NB",17124199802,19094140028,36218339830,-1969940226
20200723,"11:02:01","SZ","NB",25347810268,25472964430,50820774698,-125154162
20200723,"11:03:01","SH","NB",17208641495,19183146786,36391788281,-1974505291
20200723,"11:03:01","SZ","NB",25504786411,25583662975,51088449386,-78876564
20200723,"11:04:01","SH","NB",17456096617,19238909549,36695006166,-1782812932
20200723,"11:04:01","SZ","NB",25810395149,25659048043,51469443192,151347106
20200723,"11:05:01","SZ","NB",26005932063,25745024584,51750956647,260907479
20200723,"11:05:01","SH","NB",17617596261,19325546632,36943142893,-1707950371
20200723,"11:06:01","SH","NB",17722736987,19401223034,37123960021,-1678486047
20200723,"11:06:01","SZ","NB",26105457102,25824759975,51930217077,280697127
20200723,"11:07:01","SH","NB",17794598682,19482887331,37277486013,-1688288649
20200723,"11:07:01","SZ","NB",26212908015,25906283939,52119191954,306624076
20200723,"11:08:01","SZ","NB",26313220677,25994553750,52307774427,318666927
20200723,"11:08:01","SH","NB",17878452151,19560338642,37438790793,-1681886491
20200723,"11:09:01","SH","NB",17941836088,19623139072,37564975160,-1681302984
20200723,"11:09:01","SZ","NB",26376740266,26079982151,52456722417,296758115
20200723,"11:10:01","SH","NB",17992559741,19697811233,37690370974,-1705251492
20200723,"11:10:01","SZ","NB",26425859712,26175625811,52601485523,250233901
20200723,"11:11:01","SH","NB",18156247046,19780375553,37936622599,-1624128507
20200723,"11:11:01","SZ","NB",26653963854,26281503503,52935467357,372460351
20200723,"11:12:01","SH","NB",18218776763,19866165263,38084942026,-1647388500
20200723,"11:12:01","SZ","NB",26765958237,26386530134,53152488371,379428103
20200723,"11:13:01","SH","NB",18325818210,19946857627,38272675837,-1621039417
20200723,"11:13:01","SZ","NB",26889745435,26476780682,53366526117,412964753
20200723,"11:14:01","SH","NB",18383632860,20034399875,38418032735,-1650767015
20200723,"11:14:01","SZ","NB",26967708803,26614888544,53582597347,352820259
20200723,"11:15:01","SH","NB",18448400640,20098277564,38546678204,-1649876924
20200723,"11:15:01","SZ","NB",27048898048,26684518420,53733416468,364379628
20200723,"11:16:01","SH","NB",18550988756,20179253723,38730242479,-1628264967
20200723,"11:16:01","SZ","NB",27163631995,26766083565,53929715560,397548430
20200723,"11:17:01","SZ","NB",27256622206,26828383131,54085005337,428239075
20200723,"11:17:01","SH","NB",18621620210,20234695454,38856315664,-1613075244
20200723,"11:18:01","SH","NB",18677620118,20352037132,39029657250,-1674417014
20200723,"11:18:01","SZ","NB",27310246379,26962437503,54272683882,347808876
20200723,"11:19:01","SH","NB",18736281182,20405764515,39142045697,-1669483333
20200723,"11:19:01","SZ","NB",27363408833,27031210360,54394619193,332198473
20200723,"11:20:01","SH","NB",18774199543,20470963754,39245163297,-1696764211
20200723,"11:20:01","SZ","NB",27403173310,27090056972,54493230282,313116338
20200723,"11:21:01","SH","NB",18995575962,20559943866,39555519828,-1564367904
20200723,"11:21:01","SZ","NB",27670940138,27187576285,54858516423,483363853
20200723,"11:22:01","SZ","NB",27800671609,27253224797,55053896406,547446812
20200723,"11:22:01","SH","NB",19100905488,20625611565,39726517053,-1524706077
20200723,"11:23:01","SH","NB",19157673353,20735570116,39893243469,-1577896763
20200723,"11:23:01","SZ","NB",27889772303,27359041356,55248813659,530730947
20200723,"11:24:01","SH","NB",19211139748,20847211975,40058351723,-1636072227
20200723,"11:24:01","SZ","NB",27967158216,27457662165,55424820381,509496051
20200723,"11:25:01","SH","NB",19250247307,20948601165,40198848472,-1698353858
20200723,"11:25:01","SZ","NB",28032808104,27561487222,55594295326,471320882
20200723,"11:26:01","SH","NB",19289626177,21010172200,40299798377,-1720546023
20200723,"11:26:01","SZ","NB",28083376456,27631195889,55714572345,452180567
20200723,"11:27:01","SH","NB",19362059444,21052684368,40414743812,-1690624924
20200723,"11:27:01","SZ","NB",28172008735,27679051170,55851059905,492957565
20200723,"11:28:01","SH","NB",19407442176,21097189193,40504631369,-1689747017
20200723,"11:28:01","SZ","NB",28225970912,27719977982,55945948894,505992930
20200723,"11:29:01","SH","NB",19466687677,21129184040,40595871717,-1662496363
20200723,"11:29:01","SZ","NB",28289694758,27763152637,56052847395,526542121
20200723,"11:30:01","SZ","NB",28367623081,27805127702,56172750783,562495379
20200723,"11:30:01","SH","NB",19528330365,21175120499,40703450864,-1646790134
20200723,"11:31:01","SH","NB",19528345364,21175179988,40703525352,-1646834624
20200723,"11:31:01","SZ","NB",28367623081,27805131012,56172754093,562492069
20200723,"13:00:01","SZ","NB",28383036462,27821496279,56204532741,561540183
20200723,"13:01:01","SH","NB",19671423525,21340661066,41012084591,-1669237541
20200723,"13:01:01","SZ","NB",28603381629,28035585453,56638967082,567796176
20200723,"13:02:01","SH","NB",19758950234,21503977044,41262927278,-1745026810
20200723,"13:02:01","SZ","NB",28712533784,28213544191,56926077975,498989593
20200723,"13:03:01","SH","NB",19836868859,21652146075,41489014934,-1815277216
20200723,"13:03:01","SZ","NB",28795068436,28383036065,57178104501,412032371
20200723,"13:04:01","SH","NB",19890122338,21718091199,41608213537,-1827968861
20200723,"13:04:01","SZ","NB",28873087147,28505604749,57378691896,367482398
20200723,"13:05:01","SH","NB",19976073413,21803906938,41779980351,-1827833525
20200723,"13:05:01","SZ","NB",28988002803,28629199097,57617201900,358803706
20200723,"13:06:01","SZ","NB",29232766105,28714226191,57946992296,518539914
20200723,"13:06:01","SH","NB",20132778292,21875999815,42008778107,-1743221523
20200723,"13:07:01","SH","NB",20204581383,21965730209,42170311592,-1761148826
20200723,"13:07:01","SZ","NB",29304920886,28839422604,58144343490,465498282
20200723,"13:08:01","SH","NB",20277503266,22030524032,42308027298,-1753020766
20200723,"13:08:01","SZ","NB",29419473832,28901051001,58320524833,518422831
20200723,"13:09:01","SH","NB",20357048682,22070218345,42427267027,-1713169663
20200723,"13:09:01","SZ","NB",29551091027,28961907338,58512998365,589183689
20200723,"13:10:01","SH","NB",20436787655,22122794895,42559582550,-1686007240
20200723,"13:10:01","SZ","NB",29654996277,29040771789,58695768066,614224488
20200723,"13:11:01","SH","NB",20581032227,22208261139,42789293366,-1627228912
20200723,"13:11:01","SZ","NB",29902048905,29144262555,59046311460,757786350
20200723,"13:12:01","SH","NB",20643048105,22291392093,42934440198,-1648343988
20200723,"13:12:01","SZ","NB",29990671414,29249378414,59240049828,741293000
20200723,"13:13:01","SZ","NB",30091065120,29453716071,59544781191,637349049
20200723,"13:13:01","SH","NB",20703706100,22432342435,43136048535,-1728636335
20200723,"13:14:01","SH","NB",20771349510,22493199454,43264548964,-1721849944
20200723,"13:14:01","SZ","NB",30207210733,29551004349,59758215082,656206384
20200723,"13:15:01","SH","NB",20824253018,22585976274,43410229292,-1761723256
20200723,"13:15:01","SZ","NB",30303264480,29672602079,59975866559,630662401
20200723,"13:16:01","SH","NB",20889871578,22650507159,43540378737,-1760635581
20200723,"13:16:01","SZ","NB",30388189533,29760251676,60148441209,627937857
20200723,"13:17:01","SH","NB",20943047381,22737278063,43680325444,-1794230682
20200723,"13:17:01","SZ","NB",30522507648,29856913639,60379421287,665594009
20200723,"13:18:01","SH","NB",20991195098,22801915885,43793110983,-1810720787
20200723,"13:18:01","SZ","NB",30587749444,29943722457,60531471901,644026987
20200723,"13:19:01","SZ","NB",30762509475,29996257115,60758766590,766252360
20200723,"13:19:01","SH","NB",21101001426,22844639863,43945641289,-1743638437
20200723,"13:20:01","SH","NB",21148259281,22916547482,44064806763,-1768288201
20200723,"13:20:01","SZ","NB",30859411397,30070153372,60929564769,789258025
20200723,"13:21:01","SH","NB",21234809980,22978345812,44213155792,-1743535832
20200723,"13:21:01","SZ","NB",31028931707,30156493979,61185425686,872437728
20200723,"13:22:01","SH","NB",21321529571,23060612867,44382142438,-1739083296
20200723,"13:22:01","SZ","NB",31165754130,30252954597,61418708727,912799533
20200723,"13:23:01","SH","NB",21376791864,23192766793,44569558657,-1815974929
20200723,"13:23:01","SZ","NB",31260876932,30432683717,61693560649,828193215
20200723,"13:24:01","SH","NB",21429509463,23272301106,44701810569,-1842791643
20200723,"13:24:01","SZ","NB",31346337219,30541957378,61888294597,804379841
20200723,"13:25:01","SH","NB",21492111651,23334571997,44826683648,-1842460346
20200723,"13:25:01","SZ","NB",31459133318,30629553957,62088687275,829579361
20200723,"13:26:01","SH","NB",21565437989,23407330916,44972768905,-1841892927
20200723,"13:26:01","SZ","NB",31552821487,30726312483,62279133970,826509004
20200723,"13:27:01","SH","NB",21610685432,23550964517,45161649949,-1940279085
20200723,"13:27:01","SZ","NB",31604718398,30912405525,62517123923,692312873
20200723,"13:28:01","SH","NB",21666347777,23611198253,45277546030,-1944850476
20200723,"13:28:01","SZ","NB",31678609966,31001716883,62680326849,676893083
20200723,"13:29:01","SZ","NB",31802193902,31071870770,62874064672,730323132
20200723,"13:29:01","SH","NB",21776735198,23673917277,45450652475,-1897182079
20200723,"13:30:01","SH","NB",21845974889,23758787861,45604762750,-1912812972
20200723,"13:30:01","SZ","NB",31876962855,31202810840,63079773695,674152015
20200723,"13:31:01","SH","NB",21905571679,23956577767,45862149446,-2051006088
20200723,"13:31:01","SZ","NB",31969437794,31511587272,63481025066,457850522
20200723,"13:32:01","SH","NB",21966060928,24032836133,45998897061,-2066775205
20200723,"13:32:01","SZ","NB",32036899185,31640385853,63677285038,396513332
20200723,"13:33:01","SH","NB",22029450963,24098268463,46127719426,-2068817500
20200723,"13:33:01","SZ","NB",32142910423,31752874937,63895785360,390035486
20200723,"13:34:01","SH","NB",22079325443,24182960005,46262285448,-2103634562
20200723,"13:34:01","SZ","NB",32217524570,31889319513,64106844083,328205057
20200723,"13:35:01","SH","NB",22128496896,24253420802,46381917698,-2124923906
20200723,"13:35:01","SZ","NB",32309614930,31971340036,64280954966,338274894
20200723,"13:36:01","SH","NB",22180690577,24308956756,46489647333,-2128266179
20200723,"13:36:01","SZ","NB",32400230314,32059684796,64459915110,340545518
20200723,"13:37:01","SH","NB",22277913381,24356800334,46634713715,-2078886953
20200723,"13:37:01","SZ","NB",32509586586,32108654906,64618241492,400931680
20200723,"13:38:01","SH","NB",22323767730,24402689441,46726457171,-2078921711
20200723,"13:38:01","SZ","NB",32603334539,32174321711,64777656250,429012828
20200723,"13:39:01","SZ","NB",32648705006,32288606082,64937311088,360098924
20200723,"13:39:01","SH","NB",22348662173,24484979672,46833641845,-2136317499
20200723,"13:40:01","SH","NB",22373867706,24572699535,46946567241,-2198831829
20200723,"13:40:01","SZ","NB",32696901651,32378392613,65075294264,318509038
20200723,"13:41:01","SH","NB",22429877566,24644403954,47074281520,-2214526388
20200723,"13:41:01","SZ","NB",32758065387,32489428313,65247493700,268637074
20200723,"13:42:01","SH","NB",22502703516,24695115619,47197819135,-2192412103
20200723,"13:42:01","SZ","NB",32876717453,32554227526,65430944979,322489927
20200723,"13:43:01","SH","NB",22549075805,24743211012,47292286817,-2194135207
20200723,"13:43:01","SZ","NB",32993616093,32623244900,65616860993,370371193
20200723,"13:44:01","SH","NB",22586108752,24816167459,47402276211,-2230058707
20200723,"13:44:01","SZ","NB",33053612784,32688007723,65741620507,365605061
20200723,"13:45:01","SH","NB",22665309925,24858465493,47523775418,-2193155568
20200723,"13:45:01","SZ","NB",33156979567,32736656583,65893636150,420322984
20200723,"13:46:01","SH","NB",22747950886,24909296871,47657247757,-2161345985
20200723,"13:46:01","SZ","NB",33290942360,32805737147,66096679507,485205213
20200723,"13:47:01","SZ","NB",33499794210,32854331479,66354125689,645462731
20200723,"13:47:01","SH","NB",22905320913,24957631657,47862952570,-2052310744
20200723,"13:48:01","SH","NB",22982347355,25035393484,48017740839,-2053046129
20200723,"13:48:01","SZ","NB",33608088128,32959206438,66567294566,648881690
20200723,"13:49:01","SH","NB",23025669404,25096970589,48122639993,-2071301185
20200723,"13:49:01","SZ","NB",33658139010,33072856252,66730995262,585282758
20200723,"13:50:01","SZ","NB",33703137608,33167731134,66870868742,535406474
20200723,"13:50:01","SH","NB",23060820681,25180971178,48241791859,-2120150497
20200723,"13:51:01","SH","NB",23104435252,25285702083,48390137335,-2181266831
20200723,"13:51:01","SZ","NB",33755092286,33313833013,67068925299,441259273
20200723,"13:52:01","SH","NB",23161580689,25322664895,48484245584,-2161084206
20200723,"13:52:01","SZ","NB",33812472814,33367856589,67180329403,444616225
20200723,"13:53:01","SH","NB",23254583612,25387420539,48642004151,-2132836927
20200723,"13:53:01","SZ","NB",33960080728,33422381007,67382461735,537699721
20200723,"13:54:01","SH","NB",23294995254,25452953556,48747948810,-2157958302
20200723,"13:54:01","SZ","NB",34023089737,33507658199,67530747936,515431538
20200723,"13:55:01","SH","NB",23376583749,25501191847,48877775596,-2124608098
20200723,"13:55:01","SZ","NB",34109941809,33562004484,67671946293,547937325
20200723,"13:56:01","SH","NB",23424255105,25600850909,49025106014,-2176595804
20200723,"13:56:01","SZ","NB",34179005945,33714415896,67893421841,464590049
20200723,"13:57:01","SH","NB",23475763451,25645876625,49121640076,-2170113174
20200723,"13:57:01","SZ","NB",34232537905,33790733293,68023271198,441804612
20200723,"13:58:01","SH","NB",23519732944,25721666735,49241399679,-2201933791
20200723,"13:58:01","SZ","NB",34282802272,33880644094,68163446366,402158178
20200723,"13:59:01","SZ","NB",34369977260,33937029653,68307006913,432947607
20200723,"13:59:01","SH","NB",23601984043,25778925905,49380909948,-2176941862
20200723,"14:00:01","SH","NB",23652269387,25849635200,49501904587,-2197365813
20200723,"14:00:01","SZ","NB",34420622327,34030903960,68451526287,389718367
20200723,"14:01:01","SH","NB",23722847327,25913257909,49636105236,-2190410582
20200723,"14:01:01","SZ","NB",34535492258,34114334746,68649827004,421157512
20200723,"14:02:01","SH","NB",23786461238,25987632892,49774094130,-2201171654
20200723,"14:02:01","SZ","NB",34600719791,34208228817,68808948608,392490974
20200723,"14:03:01","SH","NB",23832849415,26060709286,49893558701,-2227859871
20200723,"14:03:01","SZ","NB",34683519546,34321050116,69004569662,362469430
20200723,"14:04:01","SH","NB",23955580013,26127126336,50082706349,-2171546323
20200723,"14:04:01","SZ","NB",34858286764,34404705554,69262992318,453581210
20200723,"14:05:01","SH","NB",24010480630,26200343477,50210824107,-2189862847
20200723,"14:05:01","SZ","NB",34934527732,34504777993,69439305725,429749739
20200723,"14:06:01","SH","NB",24112583055,26283769224,50396352279,-2171186169
20200723,"14:06:01","SZ","NB",35069016178,34602200212,69671216390,466815966
20200723,"14:07:01","SH","NB",24213861525,26358652515,50572514040,-2144790990
20200723,"14:07:01","SZ","NB",35171286717,34716378743,69887665460,454907974
20200723,"14:08:01","SH","NB",24279989258,26475830933,50755820191,-2195841675
20200723,"14:08:01","SZ","NB",35224147242,34870311728,70094458970,353835514
20200723,"14:09:01","SZ","NB",35311832391,34950521274,70262353665,361311117
20200723,"14:09:01","SH","NB",24395004705,26540379699,50935384404,-2145374994
20200723,"14:10:01","SH","NB",24463761269,26643475133,51107236402,-2179713864
20200723,"14:10:01","SZ","NB",35391509017,35105806902,70497315919,285702115
20200723,"14:11:01","SH","NB",24534791388,26771064779,51305856167,-2236273391
20200723,"14:11:01","SZ","NB",35487163688,35305876372,70793040060,181287316
20200723,"14:12:01","SH","NB",24588422208,26886991835,51475414043,-2298569627
20200723,"14:12:01","SZ","NB",35544890610,35463053914,71007944524,81836696
20200723,"14:13:01","SH","NB",24632785974,27031307090,51664093064,-2398521116
20200723,"14:13:01","SZ","NB",35608065150,35634131460,71242196610,-26066310
20200723,"14:14:01","SH","NB",24695668413,27086005334,51781673747,-2390336921
20200723,"14:14:01","SZ","NB",35702160091,35704908954,71407069045,-2748863
20200723,"14:15:01","SH","NB",24814894135,27132398230,51947292365,-2317504095
20200723,"14:15:01","SZ","NB",35845459311,35769367294,71614826605,76092017
20200723,"14:16:01","SH","NB",24863694663,27183630666,52047325329,-2319936003
20200723,"14:16:01","SZ","NB",35926175841,35838131403,71764307244,88044438
20200723,"14:17:01","SZ","NB",35984951097,35959326119,71944277216,25624978
20200723,"14:17:01","SH","NB",24907416437,27263579445,52170995882,-2356163008
20200723,"14:18:01","SH","NB",24952911579,27329233188,52282144767,-2376321609
20200723,"14:18:01","SZ","NB",36044905236,36055828639,72100733875,-10923403
20200723,"14:19:01","SH","NB",25005284911,27383013424,52388298335,-2377728513
20200723,"14:19:01","SZ","NB",36112559915,36123228885,72235788800,-10668970
20200723,"14:20:01","SH","NB",25042323854,27439443619,52481767473,-2397119765
20200723,"14:20:01","SZ","NB",36165391833,36199930765,72365322598,-34538932
20200723,"14:21:01","SH","NB",25098941596,27494001445,52592943041,-2395059849
20200723,"14:21:01","SZ","NB",36246076484,36284357027,72530433511,-38280543
20200723,"14:22:01","SZ","NB",36424158455,36351358775,72775517230,72799680
20200723,"14:22:01","SH","NB",25225395813,27553479034,52778874847,-2328083221
20200723,"14:23:01","SH","NB",25346355643,27625495830,52971851473,-2279140187
20200723,"14:23:01","SZ","NB",36644077124,36459345424,73103422548,184731700
20200723,"14:24:01","SH","NB",25403926271,27678387468,53082313739,-2274461197
20200723,"14:24:01","SZ","NB",36719206468,36565104874,73284311342,154101594
20200723,"14:25:01","SH","NB",25468127339,27747223329,53215350668,-2279095990
20200723,"14:25:01","SZ","NB",36807233988,36677501898,73484735886,129732090
20200723,"14:26:01","SH","NB",25522233715,27817712729,53339946444,-2295479014
20200723,"14:26:01","SZ","NB",36912573964,36782082822,73694656786,130491142
20200723,"14:27:01","SH","NB",25559671067,27914947340,53474618407,-2355276273
20200723,"14:27:01","SZ","NB",36968478089,36912065030,73880543119,56413059
20200723,"14:28:01","SH","NB",25608186745,27991425996,53599612741,-2383239251
20200723,"14:28:01","SZ","NB",37038902445,37020032072,74058934517,18870373
20200723,"14:29:01","SH","NB",25656874983,28081674466,53738549449,-2424799483
20200723,"14:29:01","SZ","NB",37123043258,37119325899,74242369157,3717359
20200723,"14:30:01","SZ","NB",37186615301,37207528407,74394143708,-20913106
20200723,"14:30:01","SH","NB",25711425485,28141749341,53853174826,-2430323856
20200723,"14:31:01","SH","NB",25775154957,28315582878,54090737835,-2540427921
20200723,"14:31:01","SZ","NB",37281878635,37439601347,74721479982,-157722712
20200723,"14:32:01","SH","NB",25847819280,28446991870,54294811150,-2599172590
20200723,"14:32:01","SZ","NB",37367582033,37605224399,74972806432,-237642366
20200723,"14:33:01","SH","NB",25917634713,28585238030,54502872743,-2667603317
20200723,"14:33:01","SZ","NB",37449372915,37774568322,75223941237,-325195407
20200723,"14:34:01","SH","NB",26011188190,28701624237,54712812427,-2690436047
20200723,"14:34:01","SZ","NB",37560167551,37904604846,75464772397,-344437295
20200723,"14:35:01","SH","NB",26066822117,28783484988,54850307105,-2716662871
20200723,"14:35:01","SZ","NB",37660954499,38009363874,75670318373,-348409375
20200723,"14:36:01","SZ","NB",37777796163,38116122774,75893918937,-338326611
20200723,"14:36:01","SH","NB",26154902283,28872055138,55026957421,-2717152855
20200723,"14:37:01","SH","NB",26313661355,28948012613,55261673968,-2634351258
20200723,"14:37:01","SZ","NB",37954819059,38214570538,76169389597,-259751479
20200723,"14:38:01","SH","NB",26403876390,29020513671,55424390061,-2616637281
20200723,"14:38:01","SZ","NB",38111154758,38327559863,76438714621,-216405105
20200723,"14:39:01","SH","NB",26457747892,29090557207,55548305099,-2632809315
20200723,"14:39:01","SZ","NB",38197616794,38431744983,76629361777,-234128189
20200723,"14:40:01","SH","NB",26512817759,29163283865,55676101624,-2650466106
20200723,"14:40:01","SZ","NB",38272270776,38521723562,76793994338,-249452786
20200723,"14:41:01","SH","NB",26591722641,29249993705,55841716346,-2658271064
20200723,"14:41:01","SZ","NB",38424741083,38657451110,77082192193,-232710027
20200723,"14:42:01","SZ","NB",38513237399,38776382861,77289620260,-263145462
20200723,"14:42:01","SH","NB",26645595152,29333582096,55979177248,-2687986944
20200723,"14:43:01","SH","NB",26737775115,29436095302,56173870417,-2698320187
20200723,"14:43:01","SZ","NB",38643817733,38922011753,77565829486,-278194020
20200723,"14:44:01","SH","NB",26795692404,29562374986,56358067390,-2766682582
20200723,"14:44:01","SZ","NB",38719964660,39116625693,77836590353,-396661033
20200723,"14:45:01","SH","NB",26860066717,29660094364,56520161081,-2800027647
20200723,"14:45:01","SZ","NB",38807790528,39228208671,78035999199,-420418143
20200723,"14:46:01","SH","NB",26953465074,29737248797,56690713871,-2783783723
20200723,"14:46:01","SZ","NB",38939301606,39338330191,78277631797,-399028585
20200723,"14:47:01","SH","NB",27036108693,29812826856,56848935549,-2776718163
20200723,"14:47:01","SZ","NB",39044031394,39429573699,78473605093,-385542305
20200723,"14:48:01","SH","NB",27112638226,29879149411,56991787637,-2766511185
20200723,"14:48:01","SZ","NB",39142478026,39525638754,78668116780,-383160728
20200723,"14:49:01","SZ","NB",39221876690,39635885637,78857762327,-414008947
20200723,"14:49:01","SH","NB",27186348939,29953793410,57140142349,-2767444471
20200723,"14:50:01","SH","NB",27268089783,30056021402,57324111185,-2787931619
20200723,"14:50:01","SZ","NB",39342794800,39771802145,79114596945,-429007345
20200723,"14:51:01","SZ","NB",39471289972,39943401060,79414691032,-472111088
20200723,"14:51:01","SH","NB",27352544800,30178895543,57531440343,-2826350743
20200723,"14:52:01","SH","NB",27427902406,30285735041,57713637447,-2857832635
20200723,"14:52:01","SZ","NB",39600098264,40095789550,79695887814,-495691286
20200723,"14:53:01","SH","NB",27488574573,30396967969,57885542542,-2908393396
20200723,"14:53:01","SZ","NB",39712973093,40245403012,79958376105,-532429919
20200723,"14:54:01","SH","NB",27575776799,30514191543,58089968342,-2938414744
20200723,"14:54:01","SZ","NB",39849305962,40385124446,80234430408,-535818484
20200723,"14:55:01","SH","NB",27647153541,30608218636,58255372177,-2961065095
20200723,"14:55:01","SZ","NB",39987248040,40497698893,80484946933,-510450853
20200723,"14:56:01","SH","NB",27761232325,30785590238,58546822563,-3024357913
20200723,"14:56:01","SZ","NB",40169795311,40697113994,80866909305,-527318683
20200723,"14:57:01","SH","NB",27857260449,30912262984,58769523433,-3055002535
20200723,"14:57:01","SZ","NB",40290933800,40841705733,81132639533,-550771933
20200723,"14:58:01","SH","NB",27857353939,30912269009,58769622948,-3054915070
20200723,"15:00:01","SZ","NB",40361174801,40904456693,81265631494,-543281892
20200723,"15:01:01","SH","NB",28120987319,31217416683,59338404002,-3096429364
20200723,"15:01:01","SZ","NB",40635486145,41192668019,81828154164,-557181874
