dataDate,dataTime,connectMarket,tradeDirection,buyTurnover,sellTurnover,totalTurnover,netTurnover
20200720,"09:30:01","SH","NB",199259611,289764156,489023767,-90504545
20200720,"09:30:01","SZ","NB",347260810,302383880,649644690,44876930
20200720,"09:31:01","SH","NB",472765240,983005368,1455770608,-510240128
20200720,"09:31:01","SZ","NB",988566486,1641674781,2630241267,-653108295
20200720,"09:32:01","SH","NB",1039905762,1492314148,2532219910,-452408386
20200720,"09:32:01","SZ","NB",1891775829,2427905313,4319681142,-536129484
20200720,"09:33:01","SH","NB",1480249390,2066524893,3546774283,-586275503
20200720,"09:33:01","SZ","NB",2562009154,3322251065,5884260219,-760241911
20200720,"09:34:01","SZ","NB",3111809252,4312334178,7424143430,-1200524926
20200720,"09:34:01","SH","NB",1849339563,2543213746,4392553309,-693874183
20200720,"09:35:01","SH","NB",2253256565,2961744390,5215000955,-708487825
20200720,"09:35:01","SZ","NB",3714821471,5023840273,8738661744,-1309018802
20200720,"09:36:01","SH","NB",2784875842,3311918490,6096794332,-527042648
20200720,"09:36:01","SZ","NB",4450594959,5601831477,10052426436,-1151236518
20200720,"09:37:01","SH","NB",3214903678,3729855696,6944759374,-514952018
20200720,"09:37:01","SZ","NB",5065270056,6433708727,11498978783,-1368438671
20200720,"09:38:01","SH","NB",3494970954,4128585904,7623556858,-633614950
20200720,"09:38:01","SZ","NB",5441488217,7209463493,12650951710,-1767975276
20200720,"09:39:01","SH","NB",3794799858,4450763085,8245562943,-655963227
20200720,"09:39:01","SZ","NB",5830997467,7806961251,13637958718,-1975963784
20200720,"09:40:01","SH","NB",4281808662,4689341353,8971150015,-407532691
20200720,"09:40:01","SZ","NB",6537313326,8157695813,14695009139,-1620382487
20200720,"09:41:01","SH","NB",4594895479,5016263746,9611159225,-421368267
20200720,"09:41:01","SZ","NB",6970673805,8800374928,15771048733,-1829701123
20200720,"09:42:01","SH","NB",4858330318,5360658474,10218988792,-502328156
20200720,"09:42:01","SZ","NB",7270357353,9469621010,16739978363,-2199263657
20200720,"09:43:01","SZ","NB",7972320406,9784029723,17756350129,-1811709317
20200720,"09:43:01","SH","NB",5562557163,5594464649,11157021812,-31907486
20200720,"09:44:01","SH","NB",5808581758,5827689155,11636270913,-19107397
20200720,"09:44:01","SZ","NB",8298228554,10131739332,18429967886,-1833510778
20200720,"09:45:01","SH","NB",6233482686,5969190538,12202673224,264292148
20200720,"09:45:01","SZ","NB",8721945792,10352845138,19074790930,-1630899346
20200720,"09:46:01","SZ","NB",9073201520,11052067415,20125268935,-1978865895
20200720,"09:46:01","SH","NB",6628517966,6332914288,12961432254,295603678
20200720,"09:47:01","SH","NB",6986675936,6578939917,13565615853,407736019
20200720,"09:47:01","SZ","NB",9414937784,11503740992,20918678776,-2088803208
20200720,"09:48:01","SH","NB",7253873910,6798559873,14052433783,455314037
20200720,"09:48:01","SZ","NB",9713923072,11865406203,21579329275,-2151483131
20200720,"09:49:01","SH","NB",7494659747,7070472271,14565132018,424187476
20200720,"09:49:01","SZ","NB",9922872215,12238040277,22160912492,-2315168062
20200720,"09:50:01","SH","NB",7683120721,7399518196,15082638917,283602525
20200720,"09:50:01","SZ","NB",10127202517,12732696897,22859899414,-2605494380
20200720,"09:51:01","SH","NB",7855675837,7744140154,15599815991,111535683
20200720,"09:51:01","SZ","NB",10383681982,13323495500,23707177482,-2939813518
20200720,"09:52:01","SH","NB",8332685787,7953602072,16286287859,379083715
20200720,"09:52:01","SZ","NB",10842801089,13705301789,24548102878,-2862500700
20200720,"09:53:01","SH","NB",8901809108,8098639484,17000448592,803169624
20200720,"09:53:01","SZ","NB",11380661633,13936384705,25317046338,-2555723072
20200720,"09:54:01","SH","NB",9113034739,8369540829,17482575568,743493910
20200720,"09:54:01","SZ","NB",11577729611,14348126664,25925856275,-2770397053
20200720,"09:55:01","SZ","NB",11774689190,14561513999,26336203189,-2786824809
20200720,"09:55:01","SH","NB",9300789070,8480247867,17781036937,820541203
20200720,"09:56:01","SH","NB",9559411730,8736499579,18295911309,822912151
20200720,"09:56:01","SZ","NB",12044710924,14969260289,27013971213,-2924549365
20200720,"09:57:01","SH","NB",9767764292,8974674838,18742439130,793089454
20200720,"09:57:01","SZ","NB",12240632474,15356747972,27597380446,-3116115498
20200720,"09:58:01","SH","NB",9940238161,9189632252,19129870413,750605909
20200720,"09:58:01","SZ","NB",12416334577,15708335063,28124669640,-3292000486
20200720,"09:59:01","SH","NB",10463415054,9330043905,19793458959,1133371149
20200720,"09:59:01","SZ","NB",12921510340,15943921138,28865431478,-3022410798
20200720,"10:00:01","SZ","NB",13110418153,16215425664,29325843817,-3105007511
20200720,"10:00:01","SH","NB",10632606416,9519398190,20152004606,1113208226
20200720,"10:01:01","SH","NB",10932600637,9815424244,20748024881,1117176393
20200720,"10:01:01","SZ","NB",13402142538,16672671311,30074813849,-3270528773
20200720,"10:02:01","SH","NB",11279619669,9925683944,21205303613,1353935725
20200720,"10:02:01","SZ","NB",13881268053,16835543876,30716811929,-2954275823
20200720,"10:03:01","SH","NB",11673462934,10062876048,21736338982,1610586886
20200720,"10:03:01","SZ","NB",14344065642,16999470205,31343535847,-2655404563
20200720,"10:04:01","SH","NB",11945687511,10267966889,22213654400,1677720622
20200720,"10:04:01","SZ","NB",14551503029,17279866568,31831369597,-2728363539
20200720,"10:05:01","SH","NB",12064513894,10418828775,22483342669,1645685119
20200720,"10:05:01","SZ","NB",14726357419,17514395004,32240752423,-2788037585
20200720,"10:06:01","SH","NB",12169341630,10562805496,22732147126,1606536134
20200720,"10:06:01","SZ","NB",14883269718,17709982180,32593251898,-2826712462
20200720,"10:07:01","SH","NB",12415971367,10713122984,23129094351,1702848383
20200720,"10:07:01","SZ","NB",15160975471,17866888771,33027864242,-2705913300
20200720,"10:08:01","SZ","NB",15320836645,18228921970,33549758615,-2908085325
20200720,"10:08:01","SH","NB",12595782164,10983944506,23579726670,1611837658
20200720,"10:09:01","SH","NB",12696805186,11098248864,23795054050,1598556322
20200720,"10:09:01","SZ","NB",15445151786,18364629601,33809781387,-2919477815
20200720,"10:10:01","SH","NB",12807093293,11243554486,24050647779,1563538807
20200720,"10:10:01","SZ","NB",15564530640,18537231240,34101761880,-2972700600
20200720,"10:11:01","SH","NB",12972060705,11385385985,24357446690,1586674720
20200720,"10:11:01","SZ","NB",15724723743,18737275524,34461999267,-3012551781
20200720,"10:12:01","SH","NB",13104427579,11695236743,24799664322,1409190836
20200720,"10:12:01","SZ","NB",15830804449,19239877104,35070681553,-3409072655
20200720,"10:13:01","SH","NB",13374877718,11802650913,25177528631,1572226805
20200720,"10:13:01","SZ","NB",16151666442,19394510497,35546176939,-3242844055
20200720,"10:14:01","SH","NB",13536289306,11972980635,25509269941,1563308671
20200720,"10:14:01","SZ","NB",16264411657,19670169485,35934581142,-3405757828
20200720,"10:15:01","SH","NB",13637173114,12107898507,25745071621,1529274607
20200720,"10:15:01","SZ","NB",16379174007,19868062026,36247236033,-3488888019
20200720,"10:16:01","SZ","NB",16630299981,20040113483,36670413464,-3409813502
20200720,"10:16:01","SH","NB",13917337955,12231001187,26148339142,1686336768
20200720,"10:17:01","SH","NB",14110613923,12356538559,26467152482,1754075364
20200720,"10:17:01","SZ","NB",16773589406,20192344483,36965933889,-3418755077
20200720,"10:18:01","SH","NB",14312710177,12490899886,26803610063,1821810291
20200720,"10:18:01","SZ","NB",16900677168,20351127915,37251805083,-3450450747
20200720,"10:19:01","SH","NB",14482572252,12642155694,27124727946,1840416558
20200720,"10:19:01","SZ","NB",17014070188,20522793406,37536863594,-3508723218
20200720,"10:20:01","SH","NB",14644878304,12832387273,27477265577,1812491031
20200720,"10:20:01","SZ","NB",17128021750,20771576655,37899598405,-3643554905
20200720,"10:21:01","SH","NB",14809225980,12988329914,27797555894,1820896066
20200720,"10:21:01","SZ","NB",17291325482,21007842291,38299167773,-3716516809
20200720,"10:22:01","SH","NB",15104263688,13077959575,28182223263,2026304113
20200720,"10:22:01","SZ","NB",17520839723,21141034813,38661874536,-3620195090
20200720,"10:23:01","SH","NB",15327470121,13289586205,28617056326,2037883916
20200720,"10:23:01","SZ","NB",17689999213,21369198425,39059197638,-3679199212
20200720,"10:24:01","SH","NB",15465920623,13470286047,28936206670,1995634576
20200720,"10:24:01","SZ","NB",17789016237,21597502630,39386518867,-3808486393
20200720,"10:25:01","SZ","NB",17883096820,21761762331,39644859151,-3878665511
20200720,"10:25:01","SH","NB",15640398645,13573811899,29214210544,2066586746
20200720,"10:26:01","SH","NB",15817475437,13838260024,29655735461,1979215413
20200720,"10:26:01","SZ","NB",17979034224,22064049679,40043083903,-4085015455
20200720,"10:27:01","SH","NB",15931171105,13950665384,29881836489,1980505721
20200720,"10:27:01","SZ","NB",18084759747,22197378080,40282137827,-4112618333
20200720,"10:28:01","SH","NB",16059063024,14030622469,30089685493,2028440555
20200720,"10:28:01","SZ","NB",18196853767,22309163078,40506016845,-4112309311
20200720,"10:29:01","SZ","NB",18292175280,22441871232,40734046512,-4149695952
20200720,"10:29:01","SH","NB",16175719709,14141400928,30317120637,2034318781
20200720,"10:30:01","SH","NB",16254329339,14357896110,30612225449,1896433229
20200720,"10:30:01","SZ","NB",18392640505,22714443359,41107083864,-4321802854
20200720,"10:31:01","SH","NB",16337396511,14559035780,30896432291,1778360731
20200720,"10:31:01","SZ","NB",18496804310,22992639130,41489443440,-4495834820
20200720,"10:32:01","SH","NB",16435262392,14646409876,31081672268,1788852516
20200720,"10:32:01","SZ","NB",18663580537,23111321892,41774902429,-4447741355
20200720,"10:33:01","SH","NB",16660281570,14708323684,31368605254,1951957886
20200720,"10:33:01","SZ","NB",18973266727,23209199457,42182466184,-4235932730
20200720,"10:34:01","SH","NB",16793578618,14869981521,31663560139,1923597097
20200720,"10:34:01","SZ","NB",19100066432,23414565164,42514631596,-4314498732
20200720,"10:35:01","SH","NB",16878497484,14947991648,31826489132,1930505836
20200720,"10:35:01","SZ","NB",19181555664,23512117603,42693673267,-4330561939
20200720,"10:36:01","SH","NB",17045075694,15013479197,32058554891,2031596497
20200720,"10:36:01","SZ","NB",19330339335,23604457041,42934796376,-4274117706
20200720,"10:37:01","SZ","NB",19422426499,23727630104,43150056603,-4305203605
20200720,"10:37:01","SH","NB",17168442810,15120173668,32288616478,2048269142
20200720,"10:38:01","SH","NB",17285978389,15203483280,32489461669,2082495109
20200720,"10:38:01","SZ","NB",19512746175,23871760590,43384506765,-4359014415
20200720,"10:39:01","SH","NB",17413087686,15254072650,32667160336,2159015036
20200720,"10:39:01","SZ","NB",19602456690,23969550223,43572006913,-4367093533
20200720,"10:40:01","SH","NB",17602040777,15316419965,32918460742,2285620812
20200720,"10:40:01","SZ","NB",19720697038,24060162196,43780859234,-4339465158
20200720,"10:41:01","SH","NB",18044729503,15433524248,33478253751,2611205255
20200720,"10:41:01","SZ","NB",20003844756,24221243760,44225088516,-4217399004
20200720,"10:42:01","SH","NB",18253273226,15538052061,33791325287,2715221165
20200720,"10:42:01","SZ","NB",20138283322,24366831592,44505114914,-4228548270
20200720,"10:43:01","SH","NB",18466896634,15717774903,34184671537,2749121731
20200720,"10:43:01","SZ","NB",20251406127,24582875672,44834281799,-4331469545
20200720,"10:44:01","SH","NB",18612392001,15827962527,34440354528,2784429474
20200720,"10:44:01","SZ","NB",20382010014,24731619796,45113629810,-4349609782
20200720,"10:45:01","SZ","NB",20455436500,24901769328,45357205828,-4446332828
20200720,"10:45:01","SH","NB",18710228489,15963659787,34673888276,2746568702
20200720,"10:46:01","SH","NB",18938946707,16048673048,34987619755,2890273659
20200720,"10:46:01","SZ","NB",20726692426,25002158076,45728850502,-4275465650
20200720,"10:47:01","SH","NB",19096561183,16178985580,35275546763,2917575603
20200720,"10:47:01","SZ","NB",20864454666,25153895646,46018350312,-4289440980
20200720,"10:48:01","SH","NB",19166520776,16316030319,35482551095,2850490457
20200720,"10:48:01","SZ","NB",20952671043,25305446788,46258117831,-4352775745
20200720,"10:49:01","SH","NB",19223255059,16457131031,35680386090,2766124028
20200720,"10:49:01","SZ","NB",21034219561,25504753913,46538973474,-4470534352
20200720,"10:50:01","SZ","NB",21128442618,25571169913,46699612531,-4442727295
20200720,"10:50:01","SH","NB",19318643951,16501825573,35820469524,2816818378
20200720,"10:51:01","SH","NB",19613529115,16579370931,36192900046,3034158184
20200720,"10:51:01","SZ","NB",21468872192,25689114347,47157986539,-4220242155
20200720,"10:52:01","SH","NB",19751753791,16654844004,36406597795,3096909787
20200720,"10:52:01","SZ","NB",21664161432,25791291613,47455453045,-4127130181
20200720,"10:53:01","SH","NB",19917446582,16755451222,36672897804,3161995360
20200720,"10:53:01","SZ","NB",21803554873,25950268102,47753822975,-4146713229
20200720,"10:54:01","SH","NB",20058539797,16826761108,36885300905,3231778689
20200720,"10:54:01","SZ","NB",21953925497,26064397906,48018323403,-4110472409
20200720,"10:55:01","SH","NB",20166549874,16916099442,37082649316,3250450432
20200720,"10:55:01","SZ","NB",22071836774,26221524870,48293361644,-4149688096
20200720,"10:56:01","SH","NB",20268533458,16983719404,37252252862,3284814054
20200720,"10:56:01","SZ","NB",22249904913,26337809632,48587714545,-4087904719
20200720,"10:57:01","SH","NB",20349596023,17138148853,37487744876,3211447170
20200720,"10:57:01","SZ","NB",22327016168,26525226490,48852242658,-4198210322
20200720,"10:58:01","SH","NB",20420245169,17195446223,37615691392,3224798946
20200720,"10:58:01","SZ","NB",22399116483,26619833089,49018949572,-4220716606
20200720,"10:59:01","SH","NB",20566275481,17244891919,37811167400,3321383562
20200720,"10:59:01","SZ","NB",22531198430,26698705440,49229903870,-4167507010
20200720,"11:00:01","SZ","NB",22729589242,26782922100,49512511342,-4053332858
20200720,"11:00:01","SH","NB",20704217819,17302906056,38007123875,3401311763
20200720,"11:01:01","SH","NB",20902704108,17493038192,38395742300,3409665916
20200720,"11:01:01","SZ","NB",22995737901,27060937212,50056675113,-4065199311
20200720,"11:02:01","SH","NB",20968943536,17629814290,38598757826,3339129246
20200720,"11:02:01","SZ","NB",23076553662,27237004039,50313557701,-4160450377
20200720,"11:03:01","SH","NB",21058358076,17816638331,38874996407,3241719745
20200720,"11:03:01","SZ","NB",23158394789,27463169074,50621563863,-4304774285
20200720,"11:04:01","SH","NB",21150497370,17889818076,39040315446,3260679294
20200720,"11:04:01","SZ","NB",23247578889,27575102949,50822681838,-4327524060
20200720,"11:05:01","SZ","NB",23351192871,27693850364,51045043235,-4342657493
20200720,"11:05:01","SH","NB",21254329492,17953491088,39207820580,3300838404
20200720,"11:06:01","SH","NB",21336142938,18025631687,39361774625,3310511251
20200720,"11:06:01","SZ","NB",23437242753,27808431129,51245673882,-4371188376
20200720,"11:07:01","SH","NB",21492905629,18066111196,39559016825,3426794433
20200720,"11:07:01","SZ","NB",23570325620,27873463010,51443788630,-4303137390
20200720,"11:08:01","SH","NB",21571324523,18105047833,39676372356,3466276690
20200720,"11:08:01","SZ","NB",23679880802,27918615114,51598495916,-4238734312
20200720,"11:09:01","SZ","NB",23745770214,27999116343,51744886557,-4253346129
20200720,"11:09:01","SH","NB",21650716111,18173304495,39824020606,3477411616
20200720,"11:10:01","SH","NB",21721167540,18245600354,39966767894,3475567186
20200720,"11:10:01","SZ","NB",23791977075,28055519718,51847496793,-4263542643
20200720,"11:11:01","SH","NB",21801000706,18352092482,40153093188,3448908224
20200720,"11:11:01","SZ","NB",23871530955,28238942063,52110473018,-4367411108
20200720,"11:12:01","SH","NB",21874727836,18419900581,40294628417,3454827255
20200720,"11:12:01","SZ","NB",23967825385,28316596886,52284422271,-4348771501
20200720,"11:13:01","SH","NB",22142852251,18470995338,40613847589,3671856913
20200720,"11:13:01","SZ","NB",24224867277,28396101105,52620968382,-4171233828
20200720,"11:14:01","SZ","NB",24355823309,28501542819,52857366128,-4145719510
20200720,"11:14:01","SH","NB",22339459171,18552859198,40892318369,3786599973
20200720,"11:15:01","SH","NB",22447882962,18626563490,41074446452,3821319472
20200720,"11:15:01","SZ","NB",24430722548,28597402601,53028125149,-4166680053
20200720,"11:16:01","SH","NB",22631746805,18696412093,41328158898,3935334712
20200720,"11:16:01","SZ","NB",24531569756,28680682332,53212252088,-4149112576
20200720,"11:17:01","SH","NB",22721709896,18773316045,41495025941,3948393851
20200720,"11:17:01","SZ","NB",24591335148,28777201192,53368536340,-4185866044
20200720,"11:18:01","SH","NB",22851592666,18881811732,41733404398,3969780934
20200720,"11:18:01","SZ","NB",24690035512,28860634871,53550670383,-4170599359
20200720,"11:19:01","SH","NB",22945620172,18991919592,41937539764,3953700580
20200720,"11:19:01","SZ","NB",24752124980,28967244319,53719369299,-4215119339
20200720,"11:20:01","SH","NB",23016457833,19201525029,42217982862,3814932804
20200720,"11:20:01","SZ","NB",24808969631,29162609010,53971578641,-4353639379
20200720,"11:21:01","SH","NB",23089592488,19462635560,42552228048,3626956928
20200720,"11:21:01","SZ","NB",24912320849,29422397401,54334718250,-4510076552
20200720,"11:22:01","SH","NB",23223131909,19529287057,42752418966,3693844852
20200720,"11:22:01","SZ","NB",25013360507,29528903469,54542263976,-4515542962
20200720,"11:23:01","SZ","NB",25062820967,29671599984,54734420951,-4608779017
20200720,"11:23:01","SH","NB",23290623619,19650018529,42940642148,3640605090
20200720,"11:24:01","SH","NB",23382827652,19696598904,43079426556,3686228748
20200720,"11:24:01","SZ","NB",25152651685,29745239101,54897890786,-4592587416
20200720,"11:25:01","SH","NB",23460137620,19737231802,43197369422,3722905818
20200720,"11:25:01","SZ","NB",25234114618,29807057310,55041171928,-4572942692
20200720,"11:26:01","SZ","NB",25409729769,29881489624,55291219393,-4471759855
20200720,"11:26:01","SH","NB",23707986127,19792064895,43500051022,3915921232
20200720,"11:27:01","SH","NB",23791978424,19871700271,43663678695,3920278153
20200720,"11:27:01","SZ","NB",25462954562,29990448096,55453402658,-4527493534
20200720,"11:28:01","SH","NB",23854181678,19923084225,43777265903,3931097453
20200720,"11:28:01","SZ","NB",25526991328,30043769590,55570760918,-4516778262
20200720,"11:29:01","SH","NB",23901523740,19983763475,43885287215,3917760265
20200720,"11:29:01","SZ","NB",25588147277,30127968292,55716115569,-4539821015
20200720,"11:30:01","SZ","NB",25633013134,30198766348,55831779482,-4565753214
20200720,"11:30:01","SH","NB",23962717060,20028885935,43991602995,3933831125
20200720,"11:31:01","SH","NB",23967128498,20032350804,43999479302,3934777694
20200720,"11:31:01","SZ","NB",25635181645,30200346042,55835527687,-4565164397
20200720,"13:00:01","SZ","NB",25642841135,30208986529,55851827664,-4566145394
20200720,"13:01:01","SH","NB",24273713091,20450951156,44724664247,3822761935
20200720,"13:01:01","SZ","NB",25955177392,30617242441,56572419833,-4662065049
20200720,"13:02:01","SH","NB",24462322360,20732917251,45195239611,3729405109
20200720,"13:02:01","SZ","NB",26072694064,30896508114,56969202178,-4823814050
20200720,"13:03:01","SH","NB",24557730575,20913995979,45471726554,3643734596
20200720,"13:03:01","SZ","NB",26168508416,31106739488,57275247904,-4938231072
20200720,"13:04:01","SH","NB",24660690838,21058215877,45718906715,3602474961
20200720,"13:04:01","SZ","NB",26279373945,31279156104,57558530049,-4999782159
20200720,"13:05:01","SH","NB",24905822465,21156427417,46062249882,3749395048
20200720,"13:05:01","SZ","NB",26461763085,31373594379,57835357464,-4911831294
20200720,"13:06:01","SZ","NB",26574038301,31597433797,58171472098,-5023395496
20200720,"13:06:01","SH","NB",25021558495,21407810522,46429369017,3613747973
20200720,"13:07:01","SH","NB",25117797400,21529093747,46646891147,3588703653
20200720,"13:07:01","SZ","NB",26688483775,31728351653,58416835428,-5039867878
20200720,"13:08:01","SH","NB",25199559951,21612060907,46811620858,3587499044
20200720,"13:08:01","SZ","NB",26806810956,31834677072,58641488028,-5027866116
20200720,"13:09:01","SH","NB",25295579626,21685422951,46981002577,3610156675
20200720,"13:09:01","SZ","NB",26965544378,31935580932,58901125310,-4970036554
20200720,"13:10:01","SH","NB",25370247040,21937150641,47307397681,3433096399
20200720,"13:10:01","SZ","NB",27051718432,32139888073,59191606505,-5088169641
20200720,"13:11:01","SH","NB",25453746839,22071350645,47525097484,3382396194
20200720,"13:11:01","SZ","NB",27158425166,32319773054,59478198220,-5161347888
20200720,"13:12:01","SH","NB",25518458706,22132063514,47650522220,3386395192
20200720,"13:12:01","SZ","NB",27229863627,32422773272,59652636899,-5192909645
20200720,"13:13:01","SH","NB",25702641604,22209833342,47912474946,3492808262
20200720,"13:13:01","SZ","NB",27440340329,32525840635,59966180964,-5085500306
20200720,"13:14:01","SH","NB",25788422861,22321159564,48109582425,3467263297
20200720,"13:14:01","SZ","NB",27618534652,32644914869,60263449521,-5026380217
20200720,"13:15:01","SH","NB",25837114220,22503131467,48340245687,3333982753
20200720,"13:15:01","SZ","NB",27700742193,32797344230,60498086423,-5096602037
20200720,"13:16:01","SZ","NB",27812779085,32882452338,60695231423,-5069673253
20200720,"13:16:01","SH","NB",25960119710,22569759721,48529879431,3390359989
20200720,"13:17:01","SH","NB",26039857387,22659854106,48699711493,3380003281
20200720,"13:17:01","SZ","NB",27925508278,32983964299,60909472577,-5058456021
20200720,"13:18:01","SH","NB",26147251424,22726268907,48873520331,3420982517
20200720,"13:18:01","SZ","NB",28076988410,33064522143,61141510553,-4987533733
20200720,"13:19:01","SH","NB",26257889058,22837631244,49095520302,3420257814
20200720,"13:19:01","SZ","NB",28260274028,33172894041,61433168069,-4912620013
20200720,"13:20:01","SH","NB",26330563402,22965309251,49295872653,3365254151
20200720,"13:20:01","SZ","NB",28344497873,33327189016,61671686889,-4982691143
20200720,"13:21:01","SH","NB",26436715890,23069770986,49506486876,3366944904
20200720,"13:21:01","SZ","NB",28438544277,33477318088,61915862365,-5038773811
20200720,"13:22:01","SH","NB",26515189705,23140337676,49655527381,3374852029
20200720,"13:22:01","SZ","NB",28517574661,33585001082,62102575743,-5067426421
20200720,"13:23:01","SH","NB",26629240977,23252662066,49881903043,3376578911
20200720,"13:23:01","SZ","NB",28655495459,33732252339,62387747798,-5076756880
20200720,"13:24:01","SH","NB",26744541107,23324939969,50069481076,3419601138
20200720,"13:24:01","SZ","NB",28776885546,33836713702,62613599248,-5059828156
20200720,"13:25:01","SH","NB",26820051927,23399484740,50219536667,3420567187
20200720,"13:25:01","SZ","NB",28853531991,33974525971,62828057962,-5120993980
20200720,"13:26:01","SZ","NB",28965873937,34134978238,63100852175,-5169104301
20200720,"13:26:01","SH","NB",26918014798,23505605965,50423620763,3412408833
20200720,"13:27:01","SH","NB",27011970372,23585498638,50597469010,3426471734
20200720,"13:27:01","SZ","NB",29052630108,34265562431,63318192539,-5212932323
20200720,"13:28:01","SH","NB",27072097622,23769427072,50841524694,3302670550
20200720,"13:28:01","SZ","NB",29110022517,34521123093,63631145610,-5411100576
20200720,"13:29:01","SH","NB",27116134171,23887285182,51003419353,3228848989
20200720,"13:29:01","SZ","NB",29182038804,34679379761,63861418565,-5497340957
20200720,"13:30:01","SH","NB",27164783272,23981992871,51146776143,3182790401
20200720,"13:30:01","SZ","NB",29248113679,34802512423,64050626102,-5554398744
20200720,"13:31:01","SH","NB",27243641429,24105552324,51349193753,3138089105
20200720,"13:31:01","SZ","NB",29347292048,34962183954,64309476002,-5614891906
20200720,"13:32:01","SH","NB",27341592317,24216826508,51558418825,3124765809
20200720,"13:32:01","SZ","NB",29432152390,35120362989,64552515379,-5688210599
20200720,"13:33:01","SH","NB",27430427477,24302724642,51733152119,3127702835
20200720,"13:33:01","SZ","NB",29532109678,35265225617,64797335295,-5733115939
20200720,"13:34:01","SZ","NB",29703570625,35373036280,65076606905,-5669465655
20200720,"13:34:01","SH","NB",27626180081,24367125134,51993305215,3259054947
20200720,"13:35:01","SH","NB",27697360362,24437733140,52135093502,3259627222
20200720,"13:35:01","SZ","NB",29781246036,35504294423,65285540459,-5723048387
20200720,"13:36:01","SH","NB",27745785115,24549401844,52295186959,3196383271
20200720,"13:36:01","SZ","NB",29837447353,35673259869,65510707222,-5835812516
20200720,"13:37:01","SH","NB",27797746673,24725402137,52523148810,3072344536
20200720,"13:37:01","SZ","NB",29899216833,35885594202,65784811035,-5986377369
20200720,"13:38:01","SH","NB",27854419495,24819396699,52673816194,3035022796
20200720,"13:38:01","SZ","NB",29964865149,35997443013,65962308162,-6032577864
20200720,"13:39:01","SH","NB",27940458591,24872986402,52813444993,3067472189
20200720,"13:39:01","SZ","NB",30063167079,36074738527,66137905606,-6011571448
20200720,"13:40:01","SH","NB",28029525159,24937625109,52967150268,3091900050
20200720,"13:40:01","SZ","NB",30144337264,36154727723,66299064987,-6010390459
20200720,"13:41:01","SH","NB",28095842162,25060052078,53155894240,3035790084
20200720,"13:41:01","SZ","NB",30218336829,36370838412,66589175241,-6152501583
20200720,"13:42:01","SH","NB",28306570617,25109389175,53415959792,3197181442
20200720,"13:42:01","SZ","NB",30470153182,36442647385,66912800567,-5972494203
20200720,"13:43:01","SZ","NB",30556164086,36565870416,67122034502,-6009706330
20200720,"13:43:01","SH","NB",28425405698,25178634019,53604039717,3246771679
20200720,"13:44:01","SH","NB",28483409841,25251014969,53734424810,3232394872
20200720,"13:44:01","SZ","NB",30620568185,36687209237,67307777422,-6066641052
20200720,"13:45:01","SH","NB",28522776184,25325677021,53848453205,3197099163
20200720,"13:45:01","SZ","NB",30664336712,36812975377,67477312089,-6148638665
20200720,"13:46:01","SH","NB",28577019235,25450218043,54027237278,3126801192
20200720,"13:46:01","SZ","NB",30711903369,36955325024,67667228393,-6243421655
20200720,"13:47:01","SH","NB",28638241225,25493732973,54131974198,3144508252
20200720,"13:47:01","SZ","NB",30785718416,37037422676,67823141092,-6251704260
20200720,"13:48:01","SH","NB",28688819996,25551852418,54240672414,3136967578
20200720,"13:48:01","SZ","NB",30850871608,37116440719,67967312327,-6265569111
20200720,"13:49:01","SZ","NB",30914905467,37180808202,68095713669,-6265902735
20200720,"13:49:01","SH","NB",28743719377,25592050749,54335770126,3151668628
20200720,"13:50:01","SH","NB",28782735836,25632016987,54414752823,3150718849
20200720,"13:50:01","SZ","NB",30966912045,37258805532,68225717577,-6291893487
20200720,"13:51:01","SH","NB",28842912475,25699682515,54542594990,3143229960
20200720,"13:51:01","SZ","NB",31038641124,37387822458,68426463582,-6349181334
20200720,"13:52:01","SH","NB",28909825554,25820011858,54729837412,3089813696
20200720,"13:52:01","SZ","NB",31119838499,37510577411,68630415910,-6390738912
20200720,"13:53:01","SH","NB",28989501233,25882448383,54871949616,3107052850
20200720,"13:53:01","SZ","NB",31195459828,37594651985,68790111813,-6399192157
20200720,"13:54:01","SH","NB",29054315267,25993155442,55047470709,3061159825
20200720,"13:54:01","SZ","NB",31254713026,37769106397,69023819423,-6514393371
20200720,"13:55:01","SZ","NB",31327989921,37873827560,69201817481,-6545837639
20200720,"13:55:01","SH","NB",29117795979,26084192007,55201987986,3033603972
20200720,"13:56:01","SH","NB",29186843973,26175593521,55362437494,3011250452
20200720,"13:56:01","SZ","NB",31418780146,38006869588,69425649734,-6588089442
20200720,"13:57:01","SH","NB",29270936769,26244004489,55514941258,3026932280
20200720,"13:57:01","SZ","NB",31522691434,38103155872,69625847306,-6580464438
20200720,"13:58:01","SH","NB",29362090479,26310819492,55672909971,3051270987
20200720,"13:58:01","SZ","NB",31628560653,38204334013,69832894666,-6575773360
20200720,"13:59:01","SH","NB",29416040487,26374064671,55790105158,3041975816
20200720,"13:59:01","SZ","NB",31701138694,38285788179,69986926873,-6584649485
20200720,"14:00:01","SH","NB",29481803728,26420677507,55902481235,3061126221
20200720,"14:00:01","SZ","NB",31772638039,38357464809,70130102848,-6584826770
20200720,"14:01:01","SH","NB",29556772234,26516139711,56072911945,3040632523
20200720,"14:01:01","SZ","NB",31854798358,38538144916,70392943274,-6683346558
20200720,"14:02:01","SZ","NB",31959141144,38613415264,70572556408,-6654274120
20200720,"14:02:01","SH","NB",29651710491,26560967774,56212678265,3090742717
20200720,"14:03:01","SH","NB",29786118957,26609723940,56395842897,3176395017
20200720,"14:03:01","SZ","NB",32126464937,38696399356,70822864293,-6569934419
20200720,"14:04:01","SH","NB",29862347836,26675975343,56538323179,3186372493
20200720,"14:04:01","SZ","NB",32218452578,38780288081,70998740659,-6561835503
20200720,"14:05:01","SH","NB",29903919840,26780988792,56684908632,3122931048
20200720,"14:05:01","SZ","NB",32267947851,38955589167,71223537018,-6687641316
20200720,"14:06:01","SH","NB",29948157037,26863968447,56812125484,3084188590
20200720,"14:06:01","SZ","NB",32315625545,39058756781,71374382326,-6743131236
20200720,"14:07:01","SZ","NB",32362330275,39236308064,71598638339,-6873977789
20200720,"14:07:01","SH","NB",29987919105,26997602251,56985521356,2990316854
20200720,"14:08:01","SH","NB",30044870717,27148654402,57193525119,2896216315
20200720,"14:08:01","SZ","NB",32419845242,39396894638,71816739880,-6977049396
20200720,"14:09:01","SH","NB",30116665559,27209877893,57326543452,2906787666
20200720,"14:09:01","SZ","NB",32502439250,39466996748,71969435998,-6964557498
20200720,"14:10:01","SH","NB",30170999392,27275749761,57446749153,2895249631
20200720,"14:10:01","SZ","NB",32554541748,39543144218,72097685966,-6988602470
20200720,"14:11:01","SH","NB",30257111395,27340079884,57597191279,2917031511
20200720,"14:11:01","SZ","NB",32641741257,39628263978,72270005235,-6986522721
20200720,"14:12:01","SH","NB",30377900948,27380892373,57758793321,2997008575
20200720,"14:12:01","SZ","NB",32725793534,39683703446,72409496980,-6957909912
20200720,"14:13:01","SH","NB",30456342434,27447969987,57904312421,3008372447
20200720,"14:13:01","SZ","NB",32801660468,39790298099,72591958567,-6988637631
20200720,"14:14:01","SH","NB",30500397146,27525403414,58025800560,2974993732
20200720,"14:14:01","SZ","NB",32855866974,39896652200,72752519174,-7040785226
20200720,"14:15:01","SH","NB",30576136525,27569879472,58146015997,3006257053
20200720,"14:15:01","SZ","NB",32957937688,39964940832,72922878520,-7007003144
20200720,"14:16:01","SH","NB",30654337381,27615014462,58269351843,3039322919
20200720,"14:16:01","SZ","NB",33038790456,40024853507,73063643963,-6986063051
20200720,"14:17:01","SZ","NB",33097732814,40135273840,73233006654,-7037541026
20200720,"14:17:01","SH","NB",30710994406,27682286020,58393280426,3028708386
20200720,"14:18:01","SH","NB",30755250609,27739779253,58495029862,3015471356
20200720,"14:18:01","SZ","NB",33145716983,40222662502,73368379485,-7076945519
20200720,"14:19:01","SH","NB",30811511494,27852143447,58663654941,2959368047
20200720,"14:19:01","SZ","NB",33189043396,40339843704,73528887100,-7150800308
20200720,"14:20:01","SH","NB",30869075710,27893952993,58763028703,2975122717
20200720,"14:20:01","SZ","NB",33251507172,40392472319,73643979491,-7140965147
20200720,"14:21:01","SH","NB",30961130275,27955476810,58916607085,3005653465
20200720,"14:21:01","SZ","NB",33349968418,40509461033,73859429451,-7159492615
20200720,"14:22:01","SZ","NB",33528795749,40605253353,74134049102,-7076457604
20200720,"14:22:01","SH","NB",31074242025,28015465029,59089707054,3058776996
20200720,"14:23:01","SH","NB",31163590585,28089429970,59253020555,3074160615
20200720,"14:23:01","SZ","NB",33634985032,40708482118,74343467150,-7073497086
20200720,"14:24:01","SH","NB",31218739311,28148329396,59367068707,3070409915
20200720,"14:24:01","SZ","NB",33706362360,40798438415,74504800775,-7092076055
20200720,"14:25:01","SH","NB",31322815475,28216529926,59539345401,3106285549
20200720,"14:25:01","SZ","NB",33777996771,40893805002,74671801773,-7115808231
20200720,"14:26:01","SH","NB",31376491278,28303586501,59680077779,3072904777
20200720,"14:26:01","SZ","NB",33836930675,41011543554,74848474229,-7174612879
20200720,"14:27:01","SH","NB",31437477397,28358657629,59796135026,3078819768
20200720,"14:27:01","SZ","NB",33899463468,41095264939,74994728407,-7195801471
20200720,"14:28:01","SH","NB",31485183067,28431255249,59916438316,3053927818
20200720,"14:28:01","SZ","NB",33957646064,41199263758,75156909822,-7241617694
20200720,"14:29:01","SH","NB",31527533484,28503728653,60031262137,3023804831
20200720,"14:29:01","SZ","NB",34008965952,41318391439,75327357391,-7309425487
20200720,"14:30:01","SZ","NB",34092966662,41386275064,75479241726,-7293308402
20200720,"14:30:01","SH","NB",31587738773,28547550586,60135289359,3040188187
20200720,"14:31:01","SH","NB",31711737700,28602542490,60314280190,3109195210
20200720,"14:31:01","SZ","NB",34258069882,41468651674,75726721556,-7210581792
20200720,"14:32:01","SH","NB",31800510352,28667483471,60467993823,3133026881
20200720,"14:32:01","SZ","NB",34394708837,41555854129,75950562966,-7161145292
20200720,"14:33:01","SH","NB",31900582736,28736549170,60637131906,3164033566
20200720,"14:33:01","SZ","NB",34513428759,41662347530,76175776289,-7148918771
20200720,"14:34:01","SZ","NB",34643697175,41766087560,76409784735,-7122390385
20200720,"14:34:01","SH","NB",32023733654,28812239133,60835972787,3211494521
20200720,"14:35:01","SH","NB",32092862694,28899849538,60992712232,3193013156
20200720,"14:35:01","SZ","NB",34751431999,41873091551,76624523550,-7121659552
20200720,"14:36:01","SH","NB",32190702340,29002092497,61192794837,3188609843
20200720,"14:36:01","SZ","NB",34871600309,42003903102,76875503411,-7132302793
20200720,"14:37:01","SZ","NB",34972702324,42114360444,77087062768,-7141658120
20200720,"14:37:01","SH","NB",32274923284,29088595769,61363519053,3186327515
20200720,"14:38:01","SH","NB",32351518733,29233762551,61585281284,3117756182
20200720,"14:38:01","SZ","NB",35071051787,42344592269,77415644056,-7273540482
20200720,"14:39:01","SZ","NB",35191974269,42447260881,77639235150,-7255286612
20200720,"14:39:01","SH","NB",32445563509,29304616434,61750179943,3140947075
20200720,"14:40:01","SH","NB",32543896144,29370122805,61914018949,3173773339
20200720,"14:40:01","SZ","NB",35320053540,42543754987,77863808527,-7223701447
20200720,"14:41:01","SH","NB",32655119107,29471737107,62126856214,3183382000
20200720,"14:41:01","SZ","NB",35443951431,42663887261,78107838692,-7219935830
20200720,"14:42:01","SH","NB",32807508306,29589195113,62396703419,3218313193
20200720,"14:42:01","SZ","NB",35658211787,42785053322,78443265109,-7126841535
20200720,"14:43:01","SH","NB",32905093610,29688596569,62593690179,3216497041
20200720,"14:43:01","SZ","NB",35780812262,42923621439,78704433701,-7142809177
20200720,"14:44:01","SH","NB",32984922731,29843988913,62828911644,3140933818
20200720,"14:44:01","SZ","NB",35876832760,43169267700,79046100460,-7292434940
20200720,"14:45:01","SH","NB",33042772565,29998447698,63041220263,3044324867
20200720,"14:45:01","SZ","NB",35948505080,43401842971,79350348051,-7453337891
20200720,"14:46:01","SH","NB",33131652493,30114571188,63246223681,3017081305
20200720,"14:46:01","SZ","NB",36060535603,43523340128,79583875731,-7462804525
20200720,"14:47:01","SH","NB",33220688219,30219063828,63439752047,3001624391
20200720,"14:47:01","SZ","NB",36153761979,43639315266,79793077245,-7485553287
20200720,"14:48:01","SZ","NB",36244304286,43795089207,80039393493,-7550784921
20200720,"14:48:01","SH","NB",33299798262,30372647284,63672445546,2927150978
20200720,"14:49:01","SH","NB",33377810242,30470033122,63847843364,2907777120
20200720,"14:49:01","SZ","NB",36325871129,43915306447,80241177576,-7589435318
20200720,"14:50:01","SH","NB",33470278774,30725498315,64195777089,2744780459
20200720,"14:50:01","SZ","NB",36404341520,44231861158,80636202678,-7827519638
20200720,"14:51:01","SH","NB",33581210650,30878239033,64459449683,2702971617
20200720,"14:51:01","SZ","NB",36522292393,44410196103,80932488496,-7887903710
20200720,"14:52:01","SZ","NB",36665861552,44543582861,81209444413,-7877721309
20200720,"14:52:01","SH","NB",33694165543,30982821903,64676987446,2711343640
20200720,"14:53:01","SH","NB",33807050088,31087171368,64894221456,2719878720
20200720,"14:53:01","SZ","NB",36805723550,44656829346,81462552896,-7851105796
20200720,"14:54:01","SH","NB",33933519341,31197036508,65130555849,2736482833
20200720,"14:54:01","SZ","NB",36949404091,44782470798,81731874889,-7833066707
20200720,"14:55:01","SH","NB",34017740551,31282904941,65300645492,2734835610
20200720,"14:55:01","SZ","NB",37038268495,44903258373,81941526868,-7864989878
20200720,"14:56:01","SH","NB",34152007777,31472749308,65624757085,2679258469
20200720,"14:56:01","SZ","NB",37186240189,45122429587,82308669776,-7936189398
20200720,"14:57:01","SH","NB",34278723679,31655583448,65934307127,2623140231
20200720,"14:57:01","SZ","NB",37263388463,45322774052,82586162515,-8059385589
20200720,"14:58:01","SH","NB",34281743769,31662085224,65943828993,2619658545
20200720,"14:58:01","SZ","NB",37263895298,45328070339,82591965637,-8064175041
20200720,"15:00:01","SZ","NB",37326801783,45478955226,82805757009,-8152153443
20200720,"15:01:01","SH","NB",34644065334,32299899758,66943965092,2344165576
20200720,"15:01:01","SZ","NB",37615962113,45859093076,83475055189,-8243130963
