dataDate,dataTime,connectMarket,tradeDirection,buyTurnover,sellTurnover,totalTurnover,netTurnover
20200925,"09:30:01","SH","NB",122279063,109047033,231326096,13232030
20200925,"09:30:01","SZ","NB",131138924,141684372,272823296,-10545448
20200925,"09:31:01","SH","NB",444068068,447972395,892040463,-3904327
20200925,"09:31:01","SZ","NB",479726310,749910372,1229636682,-270184062
20200925,"09:32:01","SH","NB",669736623,635793012,1305529635,33943611
20200925,"09:32:01","SZ","NB",831950260,1049751992,1881702252,-217801732
20200925,"09:33:01","SH","NB",797078562,761459839,1558538401,35618723
20200925,"09:33:01","SZ","NB",1027011205,1252750248,2279761453,-225739043
20200925,"09:34:01","SH","NB",932278696,903664109,1835942805,28614587
20200925,"09:34:01","SZ","NB",1227275680,1517202923,2744478603,-289927243
20200925,"09:35:01","SH","NB",1101061307,1047878195,2148939502,53183112
20200925,"09:35:01","SZ","NB",1481925303,1728638340,3210563643,-246713037
20200925,"09:36:01","SH","NB",1319693671,1205621727,2525315398,114071944
20200925,"09:36:01","SZ","NB",1762144200,1969082895,3731227095,-206938695
20200925,"09:37:01","SH","NB",1444104764,1337595405,2781700169,106509359
20200925,"09:37:01","SZ","NB",1967889564,2256495610,4224385174,-288606046
20200925,"09:38:01","SZ","NB",2154959649,2403517648,4558477297,-248557999
20200925,"09:38:01","SH","NB",1534722524,1416656698,2951379222,118065826
20200925,"09:39:01","SH","NB",1611102799,1519741973,3130844772,91360826
20200925,"09:39:01","SZ","NB",2327354070,2634065909,4961419979,-306711839
20200925,"09:40:01","SH","NB",1817502171,1598201655,3415703826,219300516
20200925,"09:40:01","SZ","NB",2695979596,2763094819,5459074415,-67115223
20200925,"09:41:01","SH","NB",1993515728,1730007337,3723523065,263508391
20200925,"09:41:01","SZ","NB",2932739262,2948431198,5881170460,-15691936
20200925,"09:42:01","SZ","NB",3075425149,3097932160,6173357309,-22507011
20200925,"09:42:01","SH","NB",2085680033,1825254309,3910934342,260425724
20200925,"09:43:01","SH","NB",2182805656,1968746036,4151551692,214059620
20200925,"09:43:01","SZ","NB",3244633408,3245310431,6489943839,-677023
20200925,"09:44:01","SH","NB",2300739132,2058084272,4358823404,242654860
20200925,"09:44:01","SZ","NB",3477702489,3357086335,6834788824,120616154
20200925,"09:45:01","SH","NB",2377056283,2162342487,4539398770,214713796
20200925,"09:45:01","SZ","NB",3633852851,3529416049,7163268900,104436802
20200925,"09:46:01","SH","NB",2520764356,2285473259,4806237615,235291097
20200925,"09:46:01","SZ","NB",3888722993,3775239678,7663962671,113483315
20200925,"09:47:01","SH","NB",2655532746,2367803505,5023336251,287729241
20200925,"09:47:01","SZ","NB",4101866962,3917264609,8019131571,184602353
20200925,"09:48:01","SH","NB",2732139389,2455497472,5187636861,276641917
20200925,"09:48:01","SZ","NB",4226855968,4135384880,8362240848,91471088
20200925,"09:49:01","SH","NB",2799339271,2554565931,5353905202,244773340
20200925,"09:49:01","SZ","NB",4338295363,4341917132,8680212495,-3621769
20200925,"09:50:01","SZ","NB",4549144146,4485427988,9034572134,63716158
20200925,"09:50:01","SH","NB",2911799649,2654039055,5565838704,257760594
20200925,"09:51:01","SH","NB",3017223940,2731536874,5748760814,285687066
20200925,"09:51:01","SZ","NB",4726049696,4644997647,9371047343,81052049
20200925,"09:52:01","SH","NB",3109165367,2852887540,5962052907,256277827
20200925,"09:52:01","SZ","NB",4846509279,4866704950,9713214229,-20195671
20200925,"09:53:01","SH","NB",3235936563,2942962823,6178899386,292973740
20200925,"09:53:01","SZ","NB",5125037687,4988055798,10113093485,136981889
20200925,"09:54:01","SH","NB",3319505831,2996708167,6316213998,322797664
20200925,"09:54:01","SZ","NB",5281597025,5078652965,10360249990,202944060
20200925,"09:55:01","SH","NB",3416013752,3084663080,6500676832,331350672
20200925,"09:55:01","SZ","NB",5444571509,5193710436,10638281945,250861073
20200925,"09:56:01","SZ","NB",5590531782,5362573319,10953105101,227958463
20200925,"09:56:01","SH","NB",3505764229,3179457556,6685221785,326306673
20200925,"09:57:01","SH","NB",3562867459,3265691004,6828558463,297176455
20200925,"09:57:01","SZ","NB",5664148663,5477654943,11141803606,186493720
20200925,"09:58:01","SH","NB",3605982614,3379438784,6985421398,226543830
20200925,"09:58:01","SZ","NB",5752074470,5665031875,11417106345,87042595
20200925,"09:59:01","SH","NB",3654743696,3459459910,7114203606,195283786
20200925,"09:59:01","SZ","NB",5833153578,5786578801,11619732379,46574777
20200925,"10:00:01","SH","NB",3714557008,3552987164,7267544172,161569844
20200925,"10:00:01","SZ","NB",5927213233,5901690244,11828903477,25522989
20200925,"10:01:01","SH","NB",3865237927,3676951524,7542189451,188286403
20200925,"10:01:01","SZ","NB",6232646169,6068276795,12300922964,164369374
20200925,"10:02:01","SH","NB",3911032986,3764811011,7675843997,146221975
20200925,"10:02:01","SZ","NB",6353917747,6156910679,12510828426,197007068
20200925,"10:03:01","SH","NB",3955396579,3850350704,7805747283,105045875
20200925,"10:03:01","SZ","NB",6440452722,6270423157,12710875879,170029565
20200925,"10:04:01","SZ","NB",6540663631,6371015716,12911679347,169647915
20200925,"10:04:01","SH","NB",4000812987,3903935738,7904748725,96877249
20200925,"10:05:01","SH","NB",4059704002,3961980852,8021684854,97723150
20200925,"10:05:01","SZ","NB",6687722156,6453848463,13141570619,233873693
20200925,"10:06:01","SH","NB",4106690119,4068656215,8175346334,38033904
20200925,"10:06:01","SZ","NB",6758493586,6618899381,13377392967,139594205
20200925,"10:07:01","SH","NB",4178370300,4149804830,8328175130,28565470
20200925,"10:07:01","SZ","NB",6887663230,6747808996,13635472226,139854234
20200925,"10:08:01","SH","NB",4251559428,4211733906,8463293334,39825522
20200925,"10:08:01","SZ","NB",7003291358,6854400658,13857692016,148890700
20200925,"10:09:01","SZ","NB",7385170884,6949481334,14334652218,435689550
20200925,"10:09:01","SH","NB",4437918142,4284322192,8722240334,153595950
20200925,"10:10:01","SH","NB",4488106236,4333064785,8821171021,155041451
20200925,"10:10:01","SZ","NB",7487253341,7002956010,14490209351,484297331
20200925,"10:11:01","SH","NB",4596214901,4392198392,8988413293,204016509
20200925,"10:11:01","SZ","NB",7658801057,7066280341,14725081398,592520716
20200925,"10:12:01","SH","NB",4672578635,4450608922,9123187557,221969713
20200925,"10:12:01","SZ","NB",7764113200,7142107795,14906220995,622005405
20200925,"10:13:01","SH","NB",4763920346,4503718683,9267639029,260201663
20200925,"10:13:01","SZ","NB",7905170845,7220749864,15125920709,684420981
20200925,"10:14:01","SH","NB",4854838953,4618699896,9473538849,236139057
20200925,"10:14:01","SZ","NB",8003609419,7347501950,15351111369,656107469
20200925,"10:15:01","SZ","NB",8082880665,7412316359,15495197024,670564306
20200925,"10:15:01","SH","NB",4904733590,4671213896,9575947486,233519694
20200925,"10:16:01","SH","NB",5027967063,4743936913,9771903976,284030150
20200925,"10:16:01","SZ","NB",8271894631,7478005089,15749899720,793889542
20200925,"10:17:01","SH","NB",5198810959,4857125091,10055936050,341685868
20200925,"10:17:01","SZ","NB",8456267681,7630368218,16086635899,825899463
20200925,"10:18:01","SH","NB",5293089099,4933369418,10226458517,359719681
20200925,"10:18:01","SZ","NB",8557598642,7717410705,16275009347,840187937
20200925,"10:19:01","SH","NB",5368324879,5001764768,10370089647,366560111
20200925,"10:19:01","SZ","NB",8656859872,7808138854,16464998726,848721018
20200925,"10:20:01","SH","NB",5419683481,5105520175,10525203656,314163306
20200925,"10:20:01","SZ","NB",8726901050,7942532876,16669433926,784368174
20200925,"10:21:01","SH","NB",5529474362,5167475173,10696949535,361999189
20200925,"10:21:01","SZ","NB",8914804477,8031929703,16946734180,882874774
20200925,"10:22:01","SH","NB",5604500427,5269126644,10873627071,335373783
20200925,"10:22:01","SZ","NB",9017787279,8190533300,17208320579,827253979
20200925,"10:23:01","SH","NB",5653994751,5333739564,10987734315,320255187
20200925,"10:23:01","SZ","NB",9113400138,8272314891,17385715029,841085247
20200925,"10:24:01","SH","NB",5690941356,5391535101,11082476457,299406255
20200925,"10:24:01","SZ","NB",9180523169,8354373245,17534896414,826149924
20200925,"10:25:01","SZ","NB",9231630646,8460664622,17692295268,770966024
20200925,"10:25:01","SH","NB",5724152711,5455589193,11179741904,268563518
20200925,"10:26:01","SH","NB",5758730873,5542377987,11301108860,216352886
20200925,"10:26:01","SZ","NB",9296893031,8555166738,17852059769,741726293
20200925,"10:27:01","SH","NB",5802031434,5605210006,11407241440,196821428
20200925,"10:27:01","SZ","NB",9353581530,8635184363,17988765893,718397167
20200925,"10:28:01","SH","NB",5860359580,5658242679,11518602259,202116901
20200925,"10:28:01","SZ","NB",9447089194,8717467333,18164556527,729621861
20200925,"10:29:01","SH","NB",5913691284,5726913558,11640604842,186777726
20200925,"10:29:01","SZ","NB",9491785742,8802754428,18294540170,689031314
20200925,"10:30:01","SH","NB",5976848865,5779500438,11756349303,197348427
20200925,"10:30:01","SZ","NB",9558325561,8876786683,18435112244,681538878
20200925,"10:31:01","SH","NB",6056988764,5832382968,11889371732,224605796
20200925,"10:31:01","SZ","NB",9676033768,8952597513,18628631281,723436255
20200925,"10:32:01","SH","NB",6112522242,5884411320,11996933562,228110922
20200925,"10:32:01","SZ","NB",9745021068,9019687122,18764708190,725333946
20200925,"10:33:01","SH","NB",6148548427,5977006120,12125554547,171542307
20200925,"10:33:01","SZ","NB",9787820210,9147093034,18934913244,640727176
20200925,"10:34:01","SZ","NB",9832999814,9263084355,19096084169,569915459
20200925,"10:34:01","SH","NB",6181169146,6032082565,12213251711,149086581
20200925,"10:35:01","SH","NB",6216199090,6085975963,12302175053,130223127
20200925,"10:35:01","SZ","NB",9895593395,9358774303,19254367698,536819092
20200925,"10:36:01","SH","NB",6276119448,6128664610,12404784058,147454838
20200925,"10:36:01","SZ","NB",9971341592,9419239988,19390581580,552101604
20200925,"10:37:01","SH","NB",6312710838,6178728274,12491439112,133982564
20200925,"10:37:01","SZ","NB",10011011413,9494958174,19505969587,516053239
20200925,"10:38:01","SH","NB",6346598367,6222794383,12569392750,123803984
20200925,"10:38:01","SZ","NB",10069130886,9555332011,19624462897,513798875
20200925,"10:39:01","SZ","NB",10105420827,9610263582,19715684409,495157245
20200925,"10:39:01","SH","NB",6382475011,6263616289,12646091300,118858722
20200925,"10:40:01","SH","NB",6417177320,6302061749,12719239069,115115571
20200925,"10:40:01","SZ","NB",10199596714,9661589684,19861186398,538007030
20200925,"10:41:01","SH","NB",6491905590,6344474064,12836379654,147431526
20200925,"10:41:01","SZ","NB",10301424037,9721716345,20023140382,579707692
20200925,"10:42:01","SH","NB",6526812543,6383547298,12910359841,143265245
20200925,"10:42:01","SZ","NB",10340851644,9790911051,20131762695,549940593
20200925,"10:43:01","SH","NB",6560566322,6422447957,12983014279,138118365
20200925,"10:43:01","SZ","NB",10389728812,9851785768,20241514580,537943044
20200925,"10:44:01","SH","NB",6585519711,6455171710,13040691421,130348001
20200925,"10:44:01","SZ","NB",10490931128,9907006141,20397937269,583924987
20200925,"10:45:01","SH","NB",6608374483,6544422047,13152796530,63952436
20200925,"10:45:01","SZ","NB",10550928997,10028723110,20579652107,522205887
20200925,"10:46:01","SZ","NB",10599049653,10084708607,20683758260,514341046
20200925,"10:46:01","SH","NB",6631432668,6586305180,13217737848,45127488
20200925,"10:47:01","SH","NB",6686053214,6623118229,13309171443,62934985
20200925,"10:47:01","SZ","NB",10695573838,10139285922,20834859760,556287916
20200925,"10:48:01","SH","NB",6714328779,6666301738,13380630517,48027041
20200925,"10:48:01","SZ","NB",10735225157,10195493182,20930718339,539731975
20200925,"10:49:01","SH","NB",6744723833,6699729235,13444453068,44994598
20200925,"10:49:01","SZ","NB",10772022241,10246284175,21018306416,525738066
20200925,"10:50:01","SH","NB",6768501820,6730196110,13498697930,38305710
20200925,"10:50:01","SZ","NB",10817779781,10294641780,21112421561,523138001
20200925,"10:51:01","SZ","NB",10913743210,10362022350,21275765560,551720860
20200925,"10:51:01","SH","NB",6820003456,6786494024,13606497480,33509432
20200925,"10:52:01","SH","NB",6850961637,6821538789,13672500426,29422848
20200925,"10:52:01","SZ","NB",10958851305,10414228654,21373079959,544622651
20200925,"10:53:01","SH","NB",6874514076,6878655006,13753169082,-4140930
20200925,"10:53:01","SZ","NB",10999627621,10473918283,21473545904,525709338
20200925,"10:54:01","SH","NB",6903980064,6989592120,13893572184,-85612056
20200925,"10:54:01","SZ","NB",11032893598,10597973207,21630866805,434920391
20200925,"10:55:01","SZ","NB",11071620341,10720120990,21791741331,351499351
20200925,"10:55:01","SH","NB",6938874022,7059888486,13998762508,-121014464
20200925,"10:56:01","SH","NB",6982171902,7099187144,14081359046,-117015242
20200925,"10:56:01","SZ","NB",11142707528,10780116734,21922824262,362590794
20200925,"10:57:01","SH","NB",7032907966,7141162465,14174070431,-108254499
20200925,"10:57:01","SZ","NB",11200562066,10829656867,22030218933,370905199
20200925,"10:58:01","SH","NB",7063103540,7173009108,14236112648,-109905568
20200925,"10:58:01","SZ","NB",11236701376,10869050299,22105751675,367651077
20200925,"10:59:01","SH","NB",7093969925,7215447990,14309417915,-121478065
20200925,"10:59:01","SZ","NB",11270832972,10915303960,22186136932,355529012
20200925,"11:00:01","SH","NB",7127684542,7249235549,14376920091,-121551007
20200925,"11:00:01","SZ","NB",11320194238,10950981050,22271175288,369213188
20200925,"11:01:01","SH","NB",7184704925,7296993079,14481698004,-112288154
20200925,"11:01:01","SZ","NB",11420527615,10991047695,22411575310,429479920
20200925,"11:02:01","SZ","NB",11462603655,11041471605,22504075260,421132050
20200925,"11:02:01","SH","NB",7213282885,7332430216,14545713101,-119147331
20200925,"11:03:01","SH","NB",7239495600,7370221117,14609716717,-130725517
20200925,"11:03:01","SZ","NB",11498936919,11096926758,22595863677,402010161
20200925,"11:04:01","SZ","NB",11531707767,11137557706,22669265473,394150061
20200925,"11:04:01","SH","NB",7259978383,7401371105,14661349488,-141392722
20200925,"11:05:01","SH","NB",7293092528,7435405845,14728498373,-142313317
20200925,"11:05:01","SZ","NB",11589526854,11180731829,22770258683,408795025
20200925,"11:06:01","SH","NB",7337076498,7460596503,14797673001,-123520005
20200925,"11:06:01","SZ","NB",11671136874,11219196701,22890333575,451940173
20200925,"11:07:01","SH","NB",7378741214,7484321548,14863062762,-105580334
20200925,"11:07:01","SZ","NB",11732340695,11250620354,22982961049,481720341
20200925,"11:08:01","SH","NB",7412936912,7511093233,14924030145,-98156321
20200925,"11:08:01","SZ","NB",11768333666,11293099066,23061432732,475234600
20200925,"11:09:01","SH","NB",7440736581,7540426684,14981163265,-99690103
20200925,"11:09:01","SZ","NB",11796158848,11328510479,23124669327,467648369
20200925,"11:10:01","SH","NB",7477927234,7563752349,15041679583,-85825115
20200925,"11:10:01","SZ","NB",11847584620,11356028977,23203613597,491555643
20200925,"11:11:01","SH","NB",7523305412,7596333985,15119639397,-73028573
20200925,"11:11:01","SZ","NB",11919166834,11397769781,23316936615,521397053
20200925,"11:12:01","SH","NB",7546255467,7649003544,15195259011,-102748077
20200925,"11:12:01","SZ","NB",11942417754,11461395284,23403813038,481022470
20200925,"11:13:01","SH","NB",7562984919,7685113444,15248098363,-122128525
20200925,"11:13:01","SZ","NB",11965604197,11509541902,23475146099,456062295
20200925,"11:14:01","SZ","NB",11982454584,11546217437,23528672021,436237147
20200925,"11:14:01","SH","NB",7580235221,7721995403,15302230624,-141760182
20200925,"11:15:01","SH","NB",7598421741,7759264727,15357686468,-160842986
20200925,"11:15:01","SZ","NB",12012142575,11575100025,23587242600,437042550
20200925,"11:16:01","SH","NB",7621949345,7786433240,15408382585,-164483895
20200925,"11:16:01","SZ","NB",12045896046,11616022769,23661918815,429873277
20200925,"11:17:01","SH","NB",7646170131,7812123453,15458293584,-165953322
20200925,"11:17:01","SZ","NB",12067431352,11648060283,23715491635,419371069
20200925,"11:18:01","SH","NB",7665255018,7850091091,15515346109,-184836073
20200925,"11:18:01","SZ","NB",12090236491,11681938040,23772174531,408298451
20200925,"11:19:01","SH","NB",7694596456,7877424297,15572020753,-182827841
20200925,"11:19:01","SZ","NB",12126763529,11712440888,23839204417,414322641
20200925,"11:20:01","SH","NB",7713569990,7896210949,15609780939,-182640959
20200925,"11:20:01","SZ","NB",12154738162,11741432926,23896171088,413305236
20200925,"11:21:01","SH","NB",7763532460,7931384915,15694917375,-167852455
20200925,"11:21:01","SZ","NB",12207912585,11788842869,23996755454,419069716
20200925,"11:22:01","SZ","NB",12286134380,11818850254,24104984634,467284126
20200925,"11:22:01","SH","NB",7802927748,7961182616,15764110364,-158254868
20200925,"11:23:01","SH","NB",7825555087,8013034475,15838589562,-187479388
20200925,"11:23:01","SZ","NB",12320124917,11890484512,24210609429,429640405
20200925,"11:24:01","SH","NB",7846235623,8065249643,15911485266,-219014020
20200925,"11:24:01","SZ","NB",12341241544,11931772871,24273014415,409468673
20200925,"11:25:01","SH","NB",7865673968,8112865721,15978539689,-247191753
20200925,"11:25:01","SZ","NB",12362502726,11998055624,24360558350,364447102
20200925,"11:26:01","SH","NB",7902703439,8269857283,16172560722,-367153844
20200925,"11:26:01","SZ","NB",12432618856,12231462475,24664081331,201156381
20200925,"11:27:01","SH","NB",7942958776,8329552880,16272511656,-386594104
20200925,"11:27:01","SZ","NB",12472745990,12283680475,24756426465,189065515
20200925,"11:28:01","SZ","NB",12512409602,12332539826,24844949428,179869776
20200925,"11:28:01","SH","NB",7972621513,8379121611,16351743124,-406500098
20200925,"11:29:01","SH","NB",7991299565,8404620632,16395920197,-413321067
20200925,"11:29:01","SZ","NB",12535291986,12379574119,24914866105,155717867
20200925,"11:30:01","SH","NB",8016388830,8436604632,16452993462,-420215802
20200925,"11:30:01","SZ","NB",12560581051,12407246289,24967827340,153334762
20200925,"11:31:01","SH","NB",8016917672,8437506166,16454423838,-420588494
20200925,"11:31:01","SZ","NB",12561463917,12408331578,24969795495,153132339
20200925,"13:00:01","SH","NB",8016960478,8437648968,16454609446,-420688490
20200925,"13:00:01","SZ","NB",12565382099,12413285325,24978667424,152096774
20200925,"13:01:01","SH","NB",8131353066,8547897603,16679250669,-416544537
20200925,"13:01:01","SZ","NB",12711972918,12506836659,25218809577,205136259
20200925,"13:02:01","SH","NB",8183401272,8598713139,16782114411,-415311867
20200925,"13:02:01","SZ","NB",12768248374,12547303142,25315551516,220945232
20200925,"13:03:01","SH","NB",8395059762,8705697803,17100757565,-310638041
20200925,"13:03:01","SZ","NB",12993275280,12662444267,25655719547,330831013
20200925,"13:04:01","SH","NB",8440350744,8756123673,17196474417,-315772929
20200925,"13:04:01","SZ","NB",13050664368,12720192807,25770857175,330471561
20200925,"13:05:01","SZ","NB",13127068282,12767528155,25894596437,359540127
20200925,"13:05:01","SH","NB",8496396140,8807094442,17303490582,-310698302
20200925,"13:06:01","SH","NB",8619930597,8871730948,17491661545,-251800351
20200925,"13:06:01","SZ","NB",13230977705,12825072463,26056050168,405905242
20200925,"13:07:01","SH","NB",8711735759,8920753491,17632489250,-209017732
20200925,"13:07:01","SZ","NB",13325278277,12879715223,26204993500,445563054
20200925,"13:08:01","SH","NB",8764116175,8978637258,17742753433,-214521083
20200925,"13:08:01","SZ","NB",13377665652,12940008221,26317673873,437657431
20200925,"13:09:01","SH","NB",8802060227,9017518839,17819579066,-215458612
20200925,"13:09:01","SZ","NB",13419714162,12977076155,26396790317,442638007
20200925,"13:10:01","SH","NB",8842663628,9060697246,17903360874,-218033618
20200925,"13:10:01","SZ","NB",13462715217,13013956448,26476671665,448758769
20200925,"13:11:01","SH","NB",8886515599,9132823735,18019339334,-246308136
20200925,"13:11:01","SZ","NB",13519208167,13065893227,26585101394,453314940
20200925,"13:12:01","SH","NB",8930446837,9181249467,18111696304,-250802630
20200925,"13:12:01","SZ","NB",13569857208,13114976492,26684833700,454880716
20200925,"13:13:01","SZ","NB",13642060673,13157187820,26799248493,484872853
20200925,"13:13:01","SH","NB",8982644139,9218021370,18200665509,-235377231
20200925,"13:14:01","SH","NB",9007661834,9269511175,18277173009,-261849341
20200925,"13:14:01","SZ","NB",13677196954,13215528457,26892725411,461668497
20200925,"13:15:01","SH","NB",9042787833,9365369213,18408157046,-322581380
20200925,"13:15:01","SZ","NB",13715939894,13295599458,27011539352,420340436
20200925,"13:16:01","SH","NB",9082122509,9411832709,18493955218,-329710200
20200925,"13:16:01","SZ","NB",13755364585,13344705416,27100070001,410659169
20200925,"13:17:01","SH","NB",9120565451,9458576160,18579141611,-338010709
20200925,"13:17:01","SZ","NB",13796686821,13388351405,27185038226,408335416
20200925,"13:18:01","SH","NB",9143483676,9492918637,18636402313,-349434961
20200925,"13:18:01","SZ","NB",13826867637,13425358224,27252225861,401509413
20200925,"13:19:01","SH","NB",9175136186,9523304517,18698440703,-348168331
20200925,"13:19:01","SZ","NB",13859164023,13457823561,27316987584,401340462
20200925,"13:20:01","SH","NB",9200412885,9570745937,18771158822,-370333052
20200925,"13:20:01","SZ","NB",13885686403,13509700134,27395386537,375986269
20200925,"13:21:01","SZ","NB",13945492297,13563957150,27509449447,381535147
20200925,"13:21:01","SH","NB",9246290577,9618560623,18864851200,-372270046
20200925,"13:22:01","SH","NB",9289429339,9653029087,18942458426,-363599748
20200925,"13:22:01","SZ","NB",13984911360,13605402192,27590313552,379509168
20200925,"13:23:01","SH","NB",9318086349,9702297158,19020383507,-384210809
20200925,"13:23:01","SZ","NB",14018423524,13658080195,27676503719,360343329
20200925,"13:24:01","SH","NB",9345961739,9754192984,19100154723,-408231245
20200925,"13:24:01","SZ","NB",14053146654,13698794541,27751941195,354352113
20200925,"13:25:01","SH","NB",9393074320,9802436864,19195511184,-409362544
20200925,"13:25:01","SZ","NB",14115462684,13762989445,27878452129,352473239
20200925,"13:26:01","SH","NB",9424792490,9844292025,19269084515,-419499535
20200925,"13:26:01","SZ","NB",14166250174,13813505159,27979755333,352745015
20200925,"13:27:01","SH","NB",9474493152,9873352948,19347846100,-398859796
20200925,"13:27:01","SZ","NB",14250773473,13865240333,28116013806,385533140
20200925,"13:28:01","SZ","NB",14285572413,13900816577,28186388990,384755836
20200925,"13:28:01","SH","NB",9505093990,9903041617,19408135607,-397947627
20200925,"13:29:01","SH","NB",9538488915,9952670413,19491159328,-414181498
20200925,"13:29:01","SZ","NB",14321810714,13942533493,28264344207,379277221
20200925,"13:30:01","SH","NB",9565784573,10020158505,19585943078,-454373932
20200925,"13:30:01","SZ","NB",14357439789,14000999768,28358439557,356440021
20200925,"13:31:01","SH","NB",9604827011,10132648760,19737475771,-527821749
20200925,"13:31:01","SZ","NB",14415319401,14104750711,28520070112,310568690
20200925,"13:32:01","SZ","NB",14488070050,14157631185,28645701235,330438865
20200925,"13:32:01","SH","NB",9662930166,10173603208,19836533374,-510673042
20200925,"13:33:01","SH","NB",9698930491,10215511580,19914442071,-516581089
20200925,"13:33:01","SZ","NB",14544012880,14234194705,28778207585,309818175
20200925,"13:34:01","SH","NB",9759619979,10246081146,20005701125,-486461167
20200925,"13:34:01","SZ","NB",14645486349,14283044914,28928531263,362441435
20200925,"13:35:01","SH","NB",9792903924,10275268243,20068172167,-482364319
20200925,"13:35:01","SZ","NB",14709166234,14329876259,29039042493,379289975
20200925,"13:36:01","SH","NB",9821980315,10316805269,20138785584,-494824954
20200925,"13:36:01","SZ","NB",14754992024,14384461467,29139453491,370530557
20200925,"13:37:01","SH","NB",9860023986,10354344135,20214368121,-494320149
20200925,"13:37:01","SZ","NB",14823716736,14436066736,29259783472,387650000
20200925,"13:38:01","SH","NB",9910020497,10389272595,20299293092,-479252098
20200925,"13:38:01","SZ","NB",14885236378,14479535062,29364771440,405701316
20200925,"13:39:01","SH","NB",9980264955,10427992539,20408257494,-447727584
20200925,"13:39:01","SZ","NB",14968477392,14529157415,29497634807,439319977
20200925,"13:40:01","SZ","NB",15010521964,14569834693,29580356657,440687271
20200925,"13:40:01","SH","NB",10011414536,10462629356,20474043892,-451214820
20200925,"13:41:01","SH","NB",10039797217,10523603970,20563401187,-483806753
20200925,"13:41:01","SZ","NB",15050005258,14629395977,29679401235,420609281
20200925,"13:42:01","SH","NB",10062815292,10584559379,20647374671,-521744087
20200925,"13:42:01","SZ","NB",15078517216,14691521021,29770038237,386996195
20200925,"13:43:01","SH","NB",10089268835,10616636040,20705904875,-527367205
20200925,"13:43:01","SZ","NB",15116312064,14725890196,29842202260,390421868
20200925,"13:44:01","SH","NB",10117478679,10650674387,20768153066,-533195708
20200925,"13:44:01","SZ","NB",15151921574,14773136599,29925058173,378784975
20200925,"13:45:01","SH","NB",10140750704,10702874918,20843625622,-562124214
20200925,"13:45:01","SZ","NB",15182075592,14817267985,29999343577,364807607
20200925,"13:46:01","SH","NB",10167816039,10751282881,20919098920,-583466842
20200925,"13:46:01","SZ","NB",15220563928,14858931499,30079495427,361632429
20200925,"13:47:01","SH","NB",10186584827,10783375755,20969960582,-596790928
20200925,"13:47:01","SZ","NB",15252517575,14908265463,30160783038,344252112
20200925,"13:48:01","SZ","NB",15297167809,14981694557,30278862366,315473252
20200925,"13:48:01","SH","NB",10208905593,10832744448,21041650041,-623838855
20200925,"13:49:01","SH","NB",10239313716,10868515497,21107829213,-629201781
20200925,"13:49:01","SZ","NB",15353850078,15034429305,30388279383,319420773
20200925,"13:50:01","SH","NB",10290803685,10908996330,21199800015,-618192645
20200925,"13:50:01","SZ","NB",15465385780,15092088052,30557473832,373297728
20200925,"13:51:01","SH","NB",10337430154,10948633989,21286064143,-611203835
20200925,"13:51:01","SZ","NB",15563792495,15144606420,30708398915,419186075
20200925,"13:52:01","SH","NB",10367668940,10976599770,21344268710,-608930830
20200925,"13:52:01","SZ","NB",15605252338,15180787796,30786040134,424464542
20200925,"13:53:01","SZ","NB",15699211617,15223642135,30922853752,475569482
20200925,"13:53:01","SH","NB",10430398367,11008152814,21438551181,-577754447
20200925,"13:54:01","SH","NB",10458015694,11038341916,21496357610,-580326222
20200925,"13:54:01","SZ","NB",15737164745,15269418493,31006583238,467746252
20200925,"13:55:01","SH","NB",10479494770,11081816355,21561311125,-602321585
20200925,"13:55:01","SZ","NB",15765167934,15315416588,31080584522,449751346
20200925,"13:56:01","SH","NB",10502661041,11130164610,21632825651,-627503569
20200925,"13:56:01","SZ","NB",15792110662,15360779593,31152890255,431331069
20200925,"13:57:01","SH","NB",10531381737,11197427191,21728808928,-666045454
20200925,"13:57:01","SZ","NB",15818715380,15444544867,31263260247,374170513
20200925,"13:58:01","SH","NB",10615305493,11239016031,21854321524,-623710538
20200925,"13:58:01","SZ","NB",15926635505,15487784840,31414420345,438850665
20200925,"13:59:01","SH","NB",10655609367,11278446212,21934055579,-622836845
20200925,"13:59:01","SZ","NB",15976347876,15526953248,31503301124,449394628
20200925,"14:00:01","SH","NB",10688248900,11322204180,22010453080,-633955280
20200925,"14:00:01","SZ","NB",16009197230,15572209529,31581406759,436987701
20200925,"14:01:01","SZ","NB",16054670509,15625819032,31680489541,428851477
20200925,"14:01:01","SH","NB",10731925848,11353875156,22085801004,-621949308
20200925,"14:02:01","SH","NB",10764819421,11410231606,22175051027,-645412185
20200925,"14:02:01","SZ","NB",16082809964,15680558417,31763368381,402251547
20200925,"14:03:01","SH","NB",10785022117,11445822335,22230844452,-660800218
20200925,"14:03:01","SZ","NB",16114981061,15743861973,31858843034,371119088
20200925,"14:04:01","SH","NB",10810042866,11485238605,22295281471,-675195739
20200925,"14:04:01","SZ","NB",16142354983,15796610589,31938965572,345744394
20200925,"14:05:01","SH","NB",10832081329,11513068998,22345150327,-680987669
20200925,"14:05:01","SZ","NB",16169323879,15840563634,32009887513,328760245
20200925,"14:06:01","SZ","NB",16218420580,15891012346,32109432926,327408234
20200925,"14:06:01","SH","NB",10866797722,11543679235,22410476957,-676881513
20200925,"14:07:01","SH","NB",10889990863,11575676384,22465667247,-685685521
20200925,"14:07:01","SZ","NB",16243070009,15930221454,32173291463,312848555
20200925,"14:08:01","SH","NB",10924493793,11648550219,22573044012,-724056426
20200925,"14:08:01","SZ","NB",16276765415,16037698937,32314464352,239066478
20200925,"14:09:01","SH","NB",10969392791,11680079464,22649472255,-710686673
20200925,"14:09:01","SZ","NB",16331638159,16094093893,32425732052,237544266
20200925,"14:10:01","SH","NB",11086513908,11723214195,22809728103,-636700287
20200925,"14:10:01","SZ","NB",16442071735,16147318101,32589389836,294753634
20200925,"14:11:01","SH","NB",11134930984,11779441620,22914372604,-644510636
20200925,"14:11:01","SZ","NB",16490234878,16222631760,32712866638,267603118
20200925,"14:12:01","SZ","NB",16518122372,16271239768,32789362140,246882604
20200925,"14:12:01","SH","NB",11160691349,11819716257,22980407606,-659024908
20200925,"14:13:01","SH","NB",11186038997,11866454452,23052493449,-680415455
20200925,"14:13:01","SZ","NB",16547232915,16343303261,32890536176,203929654
20200925,"14:14:01","SH","NB",11211652440,11899294307,23110946747,-687641867
20200925,"14:14:01","SZ","NB",16595279203,16390341468,32985620671,204937735
20200925,"14:15:01","SH","NB",11241317164,11965549910,23206867074,-724232746
20200925,"14:15:01","SZ","NB",16632925178,16484535908,33117461086,148389270
20200925,"14:16:01","SH","NB",11268973227,12002271777,23271245004,-733298550
20200925,"14:16:01","SZ","NB",16679040094,16540796863,33219836957,138243231
20200925,"14:17:01","SH","NB",11297952372,12049011284,23346963656,-751058912
20200925,"14:17:01","SZ","NB",16718172718,16586704329,33304877047,131468389
20200925,"14:18:01","SH","NB",11327016278,12109125898,23436142176,-782109620
20200925,"14:18:01","SZ","NB",16751112368,16654868628,33405980996,96243740
20200925,"14:19:01","SH","NB",11356126631,12170943085,23527069716,-814816454
20200925,"14:19:01","SZ","NB",16786131158,16716555361,33502686519,69575797
20200925,"14:20:01","SZ","NB",16831028819,16787994737,33619023556,43034082
20200925,"14:20:01","SH","NB",11393398651,12223639313,23617037964,-830240662
20200925,"14:21:01","SH","NB",11434346458,12276142312,23710488770,-841795854
20200925,"14:21:01","SZ","NB",16879667549,16858615887,33738283436,21051662
20200925,"14:22:01","SH","NB",11533748353,12322783888,23856532241,-789035535
20200925,"14:22:01","SZ","NB",17013350710,16920969690,33934320400,92381020
20200925,"14:23:01","SH","NB",11748481223,12417170321,24165651544,-668689098
20200925,"14:23:01","SZ","NB",17245846644,17023393852,34269240496,222452792
20200925,"14:24:01","SH","NB",11799006251,12485164321,24284170572,-686158070
20200925,"14:24:01","SZ","NB",17302579448,17090213147,34392792595,212366301
20200925,"14:25:01","SH","NB",11882772937,12559721260,24442494197,-676948323
20200925,"14:25:01","SZ","NB",17365885898,17165848017,34531733915,200037881
20200925,"14:26:01","SH","NB",11934275045,12615773012,24550048057,-681497967
20200925,"14:26:01","SZ","NB",17428554124,17235534320,34664088444,193019804
20200925,"14:27:01","SH","NB",11972333790,12662243132,24634576922,-689909342
20200925,"14:27:01","SZ","NB",17469900994,17305832375,34775733369,164068619
20200925,"14:28:01","SH","NB",12014134427,12713446394,24727580821,-699311967
20200925,"14:28:01","SZ","NB",17520397336,17357389886,34877787222,163007450
20200925,"14:29:01","SZ","NB",17601773068,17408367805,35010140873,193405263
20200925,"14:29:01","SH","NB",12086055836,12743494024,24829549860,-657438188
20200925,"14:30:01","SH","NB",12175683476,12806530539,24982214015,-630847063
20200925,"14:30:01","SZ","NB",17718206906,17493468399,35211675305,224738507
20200925,"14:31:01","SH","NB",12287510803,12883187485,25170698288,-595676682
20200925,"14:31:01","SZ","NB",17856989451,17595709513,35452698964,261279938
20200925,"14:32:01","SH","NB",12348685964,13020983548,25369669512,-672297584
20200925,"14:32:01","SZ","NB",17929098151,17761085167,35690183318,168012984
20200925,"14:33:01","SH","NB",12392924006,13105437235,25498361241,-712513229
20200925,"14:33:01","SZ","NB",17988839559,17865489570,35854329129,123349989
20200925,"14:34:01","SH","NB",12444425410,13179861932,25624287342,-735436522
20200925,"14:34:01","SZ","NB",18065772710,17946435546,36012208256,119337164
20200925,"14:35:01","SH","NB",12494675121,13236715151,25731390272,-742040030
20200925,"14:35:01","SZ","NB",18133477511,18019721913,36153199424,113755598
20200925,"14:36:01","SZ","NB",18211546334,18108654504,36320200838,102891830
20200925,"14:36:01","SH","NB",12570819598,13319477193,25890296791,-748657595
20200925,"14:37:01","SH","NB",12632342231,13408170372,26040512603,-775828141
20200925,"14:37:01","SZ","NB",18277878165,18201642925,36479521090,76235240
20200925,"14:38:01","SH","NB",12682276268,13513933580,26196209848,-831657312
20200925,"14:38:01","SZ","NB",18343824179,18319351468,36663175647,24472711
20200925,"14:39:01","SH","NB",12779237302,13600002872,26379240174,-820765570
20200925,"14:39:01","SZ","NB",18456814640,18391459888,36848274528,65354752
20200925,"14:40:01","SH","NB",12820352247,13650314721,26470666968,-829962474
20200925,"14:40:01","SZ","NB",18510961017,18461127261,36972088278,49833756
20200925,"14:41:01","SH","NB",12924289118,13724151241,26648440359,-799862123
20200925,"14:41:01","SZ","NB",18635244571,18550586527,37185831098,84658044
20200925,"14:42:01","SH","NB",12962114478,13789365872,26751480350,-827251394
20200925,"14:42:01","SZ","NB",18691187131,18626594413,37317781544,64592718
20200925,"14:43:01","SH","NB",13004435571,13869280682,26873716253,-864845111
20200925,"14:43:01","SZ","NB",18756130502,18731470360,37487600862,24660142
20200925,"14:44:01","SZ","NB",18821949290,18825347925,37647297215,-3398635
20200925,"14:44:01","SH","NB",13054385209,13958413150,27012798359,-904027941
20200925,"14:45:01","SH","NB",13104497873,14028221071,27132718944,-923723198
20200925,"14:45:01","SZ","NB",18874133390,18895913268,37770046658,-21779878
20200925,"14:46:01","SH","NB",13170529214,14094231802,27264761016,-923702588
20200925,"14:46:01","SZ","NB",18967670416,18978215123,37945885539,-10544707
20200925,"14:47:01","SH","NB",13220146608,14161495669,27381642277,-941349061
20200925,"14:47:01","SZ","NB",19022962592,19064953614,38087916206,-41991022
20200925,"14:48:01","SH","NB",13268046572,14226057414,27494103986,-958010842
20200925,"14:48:01","SZ","NB",19072924106,19149406061,38222330167,-76481955
20200925,"14:49:01","SZ","NB",19134731041,19268073423,38402804464,-133342382
20200925,"14:49:01","SH","NB",13320639080,14314863085,27635502165,-994224005
20200925,"14:50:01","SH","NB",13382047935,14421539776,27803587711,-1039491841
20200925,"14:50:01","SZ","NB",19194395590,19354360124,38548755714,-159964534
20200925,"14:51:01","SH","NB",13464469125,14509362941,27973832066,-1044893816
20200925,"14:51:01","SZ","NB",19279878218,19457417037,38737295255,-177538819
20200925,"14:52:01","SZ","NB",19382048872,19540456550,38922505422,-158407678
20200925,"14:52:01","SH","NB",13581426635,14600770037,28182196672,-1019343402
20200925,"14:53:01","SH","NB",13640677662,14701602552,28342280214,-1060924890
20200925,"14:53:01","SZ","NB",19439502869,19659337265,39098840134,-219834396
20200925,"14:54:01","SH","NB",13740630749,14805243557,28545874306,-1064612808
20200925,"14:54:01","SZ","NB",19521634560,19770633634,39292268194,-248999074
20200925,"14:55:01","SH","NB",13840322599,14896758250,28737080849,-1056435651
20200925,"14:55:01","SZ","NB",19614157748,19870048806,39484206554,-255891058
20200925,"14:56:01","SH","NB",13921837029,15014194910,28936031939,-1092357881
20200925,"14:56:01","SZ","NB",19719127592,20009349786,39728477378,-290222194
20200925,"14:57:01","SH","NB",13998723181,15100738439,29099461620,-1102015258
20200925,"14:57:01","SZ","NB",19801566755,20088776317,39890343072,-287209562
20200925,"14:58:01","SH","NB",13998723181,15100751531,29099474712,-1102028350
20200925,"15:00:01","SZ","NB",19858602324,20139613965,39998216289,-281011641
20200925,"15:01:01","SH","NB",14354643204,15424293574,29778936778,-1069650370
20200925,"15:01:01","SZ","NB",20128952233,20351309741,40480261974,-222357508
