dataDate,dataTime,connectMarket,tradeDirection,buyTurnover,sellTurnover,totalTurnover,netTurnover
20200528,"09:30:01","SH","NB",66032610,50322738,116355348,15709872
20200528,"09:30:01","SZ","NB",120805060,62913643,183718703,57891417
20200528,"09:31:01","SH","NB",255021246,192259139,447280385,62762107
20200528,"09:31:01","SZ","NB",360464745,332826168,693290913,27638577
20200528,"09:32:01","SH","NB",512741019,332312279,845053298,180428740
20200528,"09:32:01","SZ","NB",595082313,577729403,1172811716,17352910
20200528,"09:33:01","SH","NB",698667999,483963397,1182631396,214704602
20200528,"09:33:01","SZ","NB",748107576,841580671,1589688247,-93473095
20200528,"09:34:01","SH","NB",942307214,617919965,1560227179,324387249
20200528,"09:34:01","SZ","NB",984108027,1068031867,2052139894,-83923840
20200528,"09:35:01","SH","NB",1190264818,728873270,1919138088,461391548
20200528,"09:35:01","SZ","NB",1168289940,1280542727,2448832667,-112252787
20200528,"09:36:01","SH","NB",1600705983,843498946,2444204929,757207037
20200528,"09:36:01","SZ","NB",1415468080,1430257334,2845725414,-14789254
20200528,"09:37:01","SZ","NB",1586063760,1684624645,3270688405,-98560885
20200528,"09:37:01","SH","NB",1786602711,1003462859,2790065570,783139852
20200528,"09:38:01","SH","NB",2021243104,1077700275,3098943379,943542829
20200528,"09:38:01","SZ","NB",1824909943,1807676705,3632586648,17233238
20200528,"09:39:01","SH","NB",2174496446,1186417083,3360913529,988079363
20200528,"09:39:01","SZ","NB",1994962247,1937822125,3932784372,57140122
20200528,"09:40:01","SH","NB",2325104595,1288206201,3613310796,1036898394
20200528,"09:40:01","SZ","NB",2170624758,2047014040,4217638798,123610718
20200528,"09:41:01","SH","NB",2472372567,1398946877,3871319444,1073425690
20200528,"09:41:01","SZ","NB",2394923639,2200087597,4595011236,194836042
20200528,"09:42:01","SZ","NB",2603081284,2311671501,4914752785,291409783
20200528,"09:42:01","SH","NB",2616693461,1495438517,4112131978,1121254944
20200528,"09:43:02","SH","NB",2807037222,1594270373,4401307595,1212766849
20200528,"09:43:02","SZ","NB",2851093963,2424251467,5275345430,426842496
20200528,"09:44:01","SH","NB",2895072371,1685099824,4580172195,1209972547
20200528,"09:44:01","SZ","NB",2962938667,2536131116,5499069783,426807551
20200528,"09:45:01","SH","NB",2995482241,1746530885,4742013126,1248951356
20200528,"09:45:01","SZ","NB",3062136078,2610409764,5672545842,451726314
20200528,"09:46:01","SH","NB",3094476188,1845260322,4939736510,1249215866
20200528,"09:46:01","SZ","NB",3169457942,2796855173,5966313115,372602769
20200528,"09:47:01","SH","NB",3225522103,1915494798,5141016901,1310027305
20200528,"09:47:01","SZ","NB",3324994826,2888028769,6213023595,436966057
20200528,"09:48:01","SH","NB",3347303721,1996178842,5343482563,1351124879
20200528,"09:48:01","SZ","NB",3425207495,3018391740,6443599235,406815755
20200528,"09:49:01","SH","NB",3501097215,2101571443,5602668658,1399525772
20200528,"09:49:01","SZ","NB",3501082431,3144689123,6645771554,356393308
20200528,"09:50:01","SH","NB",3625096116,2179141167,5804237283,1445954949
20200528,"09:50:01","SZ","NB",3601350778,3248637981,6849988759,352712797
20200528,"09:51:01","SH","NB",3806192767,2262431280,6068624047,1543761487
20200528,"09:51:01","SZ","NB",3748759374,3410836080,7159595454,337923294
20200528,"09:52:01","SZ","NB",3939391786,3543776943,7483168729,395614843
20200528,"09:52:01","SH","NB",4126454196,2344412266,6470866462,1782041930
20200528,"09:53:01","SH","NB",4234515080,2493996138,6728511218,1740518942
20200528,"09:53:01","SZ","NB",4021705868,3728920986,7750626854,292784882
20200528,"09:54:01","SH","NB",4427713319,2564004943,6991718262,1863708376
20200528,"09:54:01","SZ","NB",4160163885,3825665893,7985829778,334497992
20200528,"09:55:01","SH","NB",4559126874,2672362764,7231489638,1886764110
20200528,"09:55:01","SZ","NB",4228963917,3964707596,8193671513,264256321
20200528,"09:56:01","SH","NB",4671584842,2823619352,7495204194,1847965490
20200528,"09:56:01","SZ","NB",4339664125,4186867263,8526531388,152796862
20200528,"09:57:01","SH","NB",4743914317,2899919359,7643833676,1843994958
20200528,"09:57:01","SZ","NB",4414115153,4303879955,8717995108,110235198
20200528,"09:58:01","SH","NB",4841552137,2960783656,7802335793,1880768481
20200528,"09:58:01","SZ","NB",4562627572,4380894058,8943521630,181733514
20200528,"09:59:01","SH","NB",4908049648,3023483312,7931532960,1884566336
20200528,"09:59:01","SZ","NB",4640545383,4459248125,9099793508,181297258
20200528,"10:00:01","SZ","NB",4702443016,4548251735,9250694751,154191281
20200528,"10:00:01","SH","NB",4958139024,3090224047,8048363071,1867914977
20200528,"10:01:01","SH","NB",5027854467,3210960681,8238815148,1816893786
20200528,"10:01:01","SZ","NB",4810585919,4682193134,9492779053,128392785
20200528,"10:02:01","SH","NB",5133878390,3301554450,8435432840,1832323940
20200528,"10:02:01","SZ","NB",4978166684,4770803996,9748970680,207362688
20200528,"10:03:01","SH","NB",5228485987,3344285301,8572771288,1884200686
20200528,"10:03:01","SZ","NB",5151422629,4843412594,9994835223,308010035
20200528,"10:04:01","SH","NB",5295667958,3397887257,8693555215,1897780701
20200528,"10:04:01","SZ","NB",5238481278,4925851138,10164332416,312630140
20200528,"10:05:01","SH","NB",5358045107,3472395503,8830440610,1885649604
20200528,"10:05:01","SZ","NB",5300789099,5003713409,10304502508,297075690
20200528,"10:06:01","SH","NB",5424896673,3519217851,8944114524,1905678822
20200528,"10:06:01","SZ","NB",5376015628,5050784710,10426800338,325230918
20200528,"10:07:01","SZ","NB",5453541961,5101105807,10554647768,352436154
20200528,"10:07:01","SH","NB",5485425837,3561826955,9047252792,1923598882
20200528,"10:08:01","SH","NB",5539528149,3629032105,9168560254,1910496044
20200528,"10:08:01","SZ","NB",5501883710,5199705900,10701589610,302177810
20200528,"10:09:01","SH","NB",5617005045,3673134838,9290139883,1943870207
20200528,"10:09:01","SZ","NB",5569717230,5251335307,10821052537,318381923
20200528,"10:10:01","SH","NB",5669061043,3717991424,9387052467,1951069619
20200528,"10:10:01","SZ","NB",5630573985,5303267584,10933841569,327306401
20200528,"10:11:01","SH","NB",5750049972,3768717661,9518767633,1981332311
20200528,"10:11:01","SZ","NB",5718107218,5379197378,11097304596,338909840
20200528,"10:12:01","SH","NB",5839991458,3804199899,9644191357,2035791559
20200528,"10:12:01","SZ","NB",5825953254,5431740087,11257693341,394213167
20200528,"10:13:01","SH","NB",5932602842,3846880090,9779482932,2085722752
20200528,"10:13:01","SZ","NB",5899141218,5504898814,11404040032,394242404
20200528,"10:14:01","SH","NB",6005023388,3931502720,9936526108,2073520668
20200528,"10:14:01","SZ","NB",5954235141,5650083315,11604318456,304151826
20200528,"10:15:01","SH","NB",6060565618,3991233383,10051799001,2069332235
20200528,"10:15:01","SZ","NB",6001470182,5732994017,11734464199,268476165
20200528,"10:16:01","SH","NB",6110488023,4041116136,10151604159,2069371887
20200528,"10:16:01","SZ","NB",6065648444,5793396847,11859045291,272251597
20200528,"10:17:01","SZ","NB",6124078966,5862667340,11986746306,261411626
20200528,"10:17:01","SH","NB",6154737993,4080941299,10235679292,2073796694
20200528,"10:18:01","SH","NB",6208239122,4162566118,10370805240,2045673004
20200528,"10:18:01","SZ","NB",6168351438,5953958158,12122309596,214393280
20200528,"10:19:01","SH","NB",6265579023,4226814166,10492393189,2038764857
20200528,"10:19:01","SZ","NB",6239642978,6038125949,12277768927,201517029
20200528,"10:20:01","SZ","NB",6340554267,6083290188,12423844455,257264079
20200528,"10:20:01","SH","NB",6338443534,4267210210,10605653744,2071233324
20200528,"10:21:01","SH","NB",6422047968,4315677549,10737725517,2106370419
20200528,"10:21:01","SZ","NB",6438941308,6164286718,12603228026,274654590
20200528,"10:22:01","SH","NB",6470354789,4360905525,10831260314,2109449264
20200528,"10:22:01","SZ","NB",6495791449,6246972205,12742763654,248819244
20200528,"10:23:01","SH","NB",6516572496,4425797988,10942370484,2090774508
20200528,"10:23:01","SZ","NB",6545718287,6363557840,12909276127,182160447
20200528,"10:24:01","SH","NB",6552578815,4480123555,11032702370,2072455260
20200528,"10:24:01","SZ","NB",6591526934,6447706394,13039233328,143820540
20200528,"10:25:01","SH","NB",6598653355,4542104993,11140758348,2056548362
20200528,"10:25:01","SZ","NB",6655577489,6537111456,13192688945,118466033
20200528,"10:26:01","SH","NB",6665435505,4582081320,11247516825,2083354185
20200528,"10:26:01","SZ","NB",6741747413,6581663787,13323411200,160083626
20200528,"10:27:01","SH","NB",6721548851,4609072627,11330621478,2112476224
20200528,"10:27:01","SZ","NB",6803036163,6629942785,13432978948,173093378
20200528,"10:28:01","SH","NB",6763644798,4639508511,11403153309,2124136287
20200528,"10:28:01","SZ","NB",6860608735,6673521850,13534130585,187086885
20200528,"10:29:01","SH","NB",6807405346,4663490202,11470895548,2143915144
20200528,"10:29:01","SZ","NB",6910055241,6707996926,13618052167,202058315
20200528,"10:30:01","SZ","NB",6956679734,6760684434,13717364168,195995300
20200528,"10:30:01","SH","NB",6845332306,4692639239,11537971545,2152693067
20200528,"10:31:01","SH","NB",6907121504,4786367362,11693488866,2120754142
20200528,"10:31:01","SZ","NB",7023819439,6930176077,13953995516,93643362
20200528,"10:32:01","SH","NB",6956191709,4817330151,11773521860,2138861558
20200528,"10:32:01","SZ","NB",7108943673,6982058320,14091001993,126885353
20200528,"10:33:01","SZ","NB",7194367420,7027719316,14222086736,166648104
20200528,"10:33:01","SH","NB",7015434386,4848065774,11863500160,2167368612
20200528,"10:34:01","SH","NB",7066967071,4875751425,11942718496,2191215646
20200528,"10:34:01","SZ","NB",7253574261,7071763652,14325337913,181810609
20200528,"10:35:01","SH","NB",7116994193,4900350422,12017344615,2216643771
20200528,"10:35:01","SZ","NB",7303573931,7120219234,14423793165,183354697
20200528,"10:36:01","SH","NB",7148623990,4928404247,12077028237,2220219743
20200528,"10:36:01","SZ","NB",7356834868,7158625119,14515459987,198209749
20200528,"10:37:01","SH","NB",7212865642,4963831292,12176696934,2249034350
20200528,"10:37:01","SZ","NB",7412856230,7206710371,14619566601,206145859
20200528,"10:38:01","SH","NB",7243543726,5004786593,12248330319,2238757133
20200528,"10:38:01","SZ","NB",7455031584,7272212178,14727243762,182819406
20200528,"10:39:01","SH","NB",7281182605,5047280770,12328463375,2233901835
20200528,"10:39:01","SZ","NB",7495803394,7346147159,14841950553,149656235
20200528,"10:40:01","SH","NB",7323850313,5112432029,12436282342,2211418284
20200528,"10:40:01","SZ","NB",7538855223,7484782549,15023637772,54072674
20200528,"10:41:01","SH","NB",7372661817,5222361108,12595022925,2150300709
20200528,"10:41:01","SZ","NB",7622883922,7658740962,15281624884,-35857040
20200528,"10:42:01","SZ","NB",7736500348,7724266803,15460767151,12233545
20200528,"10:42:01","SH","NB",7438346674,5279612969,12717959643,2158733705
20200528,"10:43:01","SH","NB",7491707033,5322951359,12814658392,2168755674
20200528,"10:43:01","SZ","NB",7813617706,7786085938,15599703644,27531768
20200528,"10:44:01","SH","NB",7553812376,5354614156,12908426532,2199198220
20200528,"10:44:01","SZ","NB",7922296909,7821940921,15744237830,100355988
20200528,"10:45:01","SH","NB",7620661496,5382176453,13002837949,2238485043
20200528,"10:45:01","SZ","NB",8021393879,7860219862,15881613741,161174017
20200528,"10:46:01","SH","NB",7655271485,5414880409,13070151894,2240391076
20200528,"10:46:01","SZ","NB",8067677612,7904696607,15972374219,162981005
20200528,"10:47:01","SH","NB",7698255541,5436473390,13134728931,2261782151
20200528,"10:47:01","SZ","NB",8118111941,7932609136,16050721077,185502805
20200528,"10:48:01","SH","NB",7730316499,5464573726,13194890225,2265742773
20200528,"10:48:01","SZ","NB",8154836380,7965827752,16120664132,189008628
20200528,"10:49:01","SH","NB",7760174818,5514098128,13274272946,2246076690
20200528,"10:49:01","SZ","NB",8191858291,8040974613,16232832904,150883678
20200528,"10:50:01","SH","NB",7803235001,5547011189,13350246190,2256223812
20200528,"10:50:01","SZ","NB",8230768958,8083617585,16314386543,147151373
20200528,"10:51:01","SH","NB",7835793155,5592447601,13428240756,2243345554
20200528,"10:51:01","SZ","NB",8291202625,8145112467,16436315092,146090158
20200528,"10:52:01","SZ","NB",8387638696,8192283848,16579922544,195354848
20200528,"10:52:01","SH","NB",7876875663,5637180015,13514055678,2239695648
20200528,"10:53:01","SH","NB",7919686370,5669426789,13589113159,2250259581
20200528,"10:53:01","SZ","NB",8436450432,8226340993,16662791425,210109439
20200528,"10:54:01","SH","NB",7947245521,5701496333,13648741854,2245749188
20200528,"10:54:01","SZ","NB",8471976601,8264605308,16736581909,207371293
20200528,"10:55:01","SZ","NB",8511159401,8311720034,16822879435,199439367
20200528,"10:55:01","SH","NB",7975556638,5733935457,13709492095,2241621181
20200528,"10:56:01","SH","NB",8050656440,5775777647,13826434087,2274878793
20200528,"10:56:01","SZ","NB",8593911356,8349937538,16943848894,243973818
20200528,"10:57:01","SH","NB",8082843334,5798338533,13881181867,2284504801
20200528,"10:57:01","SZ","NB",8635555769,8378452163,17014007932,257103606
20200528,"10:58:01","SH","NB",8108033886,5842995041,13951028927,2265038845
20200528,"10:58:01","SZ","NB",8664405799,8425984420,17090390219,238421379
20200528,"10:59:01","SH","NB",8130129603,5873841740,14003971343,2256287863
20200528,"10:59:01","SZ","NB",8696767860,8460261637,17157029497,236506223
20200528,"11:00:01","SH","NB",8152325393,5893152579,14045477972,2259172814
20200528,"11:00:01","SZ","NB",8728996074,8483749654,17212745728,245246420
20200528,"11:01:01","SH","NB",8188938361,5947432928,14136371289,2241505433
20200528,"11:01:01","SZ","NB",8783087108,8575031491,17358118599,208055617
20200528,"11:02:01","SH","NB",8221827772,5972047780,14193875552,2249779992
20200528,"11:02:01","SZ","NB",8827043159,8611523132,17438566291,215520027
20200528,"11:03:01","SZ","NB",8886396236,8682514650,17568910886,203881586
20200528,"11:03:01","SH","NB",8255397228,6008532676,14263929904,2246864552
20200528,"11:04:01","SH","NB",8288731471,6048518624,14337250095,2240212847
20200528,"11:04:01","SZ","NB",8933623068,8729125662,17662748730,204497406
20200528,"11:05:01","SH","NB",8322163561,6080340290,14402503851,2241823271
20200528,"11:05:01","SZ","NB",8988101102,8768295120,17756396222,219805982
20200528,"11:06:01","SH","NB",8359217752,6127763043,14486980795,2231454709
20200528,"11:06:01","SZ","NB",9040042846,8824444767,17864487613,215598079
20200528,"11:07:01","SH","NB",8395005493,6173927506,14568932999,2221077987
20200528,"11:07:01","SZ","NB",9095860331,8880867632,17976727963,214992699
20200528,"11:08:01","SH","NB",8440377888,6209874063,14650251951,2230503825
20200528,"11:08:01","SZ","NB",9164102678,8927848639,18091951317,236254039
20200528,"11:09:01","SZ","NB",9225903240,8968228985,18194132225,257674255
20200528,"11:09:01","SH","NB",8483984043,6246896988,14730881031,2237087055
20200528,"11:10:01","SH","NB",8532228339,6282903568,14815131907,2249324771
20200528,"11:10:01","SZ","NB",9281110943,9012963430,18294074373,268147513
20200528,"11:11:01","SH","NB",8574159581,6325163427,14899323008,2248996154
20200528,"11:11:01","SZ","NB",9340687227,9088626939,18429314166,252060288
20200528,"11:12:01","SH","NB",8601196078,6366529579,14967725657,2234666499
20200528,"11:12:01","SZ","NB",9384462617,9153870347,18538332964,230592270
20200528,"11:13:01","SH","NB",8640798465,6436496762,15077295227,2204301703
20200528,"11:13:01","SZ","NB",9443354095,9231413611,18674767706,211940484
20200528,"11:14:01","SH","NB",8676914011,6483773123,15160687134,2193140888
20200528,"11:14:01","SZ","NB",9488186719,9293324995,18781511714,194861724
20200528,"11:15:01","SH","NB",8722662767,6544503264,15267166031,2178159503
20200528,"11:15:01","SZ","NB",9567067296,9381892435,18948959731,185174861
20200528,"11:16:01","SH","NB",8776350056,6587536927,15363886983,2188813129
20200528,"11:16:01","SZ","NB",9641936242,9433246466,19075182708,208689776
20200528,"11:17:01","SZ","NB",9702526989,9481787981,19184314970,220739008
20200528,"11:17:01","SH","NB",8816344484,6625659111,15442003595,2190685373
20200528,"11:18:01","SH","NB",8896535043,6657521974,15554057017,2239013069
20200528,"11:18:01","SZ","NB",9816554619,9520500185,19337054804,296054434
20200528,"11:19:01","SH","NB",8940556081,6682732433,15623288514,2257823648
20200528,"11:19:01","SZ","NB",9878303472,9548004718,19426308190,330298754
20200528,"11:20:01","SH","NB",8975913889,6710847541,15686761430,2265066348
20200528,"11:20:01","SZ","NB",9924304759,9591291522,19515596281,333013237
20200528,"11:21:01","SH","NB",9017818232,6750613345,15768431577,2267204887
20200528,"11:21:01","SZ","NB",9991046531,9665790714,19656837245,325255817
20200528,"11:22:01","SZ","NB",10049037203,9798392720,19847429923,250644483
20200528,"11:22:01","SH","NB",9066484247,6815918368,15882402615,2250565879
20200528,"11:23:01","SH","NB",9109426602,6870901266,15980327868,2238525336
20200528,"11:23:01","SZ","NB",10111247726,9881264865,19992512591,229982861
20200528,"11:24:01","SH","NB",9176992634,7004269219,16181261853,2172723415
20200528,"11:24:01","SZ","NB",10176785510,9999717067,20176502577,177068443
20200528,"11:25:01","SH","NB",9254715160,7079721561,16334436721,2174993599
20200528,"11:25:01","SZ","NB",10287558659,10086622499,20374181158,200936160
20200528,"11:26:01","SH","NB",9305954633,7104179466,16410134099,2201775167
20200528,"11:26:01","SZ","NB",10344726468,10119798255,20464524723,224928213
20200528,"11:27:01","SH","NB",9346762568,7136988528,16483751096,2209774040
20200528,"11:27:01","SZ","NB",10394788146,10169041024,20563829170,225747122
20200528,"11:28:01","SH","NB",9398853524,7215731525,16614585049,2183121999
20200528,"11:28:01","SZ","NB",10456793690,10233142301,20689935991,223651389
20200528,"11:29:01","SH","NB",9453037346,7248710369,16701747715,2204326977
20200528,"11:29:01","SZ","NB",10535876545,10266739622,20802616167,269136923
20200528,"11:30:01","SH","NB",9488449826,7316682599,16805132425,2171767227
20200528,"11:30:01","SZ","NB",10575380001,10319362075,20894742076,256017926
20200528,"11:31:01","SH","NB",9488461030,7316682599,16805143629,2171778431
20200528,"13:00:01","SZ","NB",10589645899,10329578084,20919223983,260067815
20200528,"13:01:01","SH","NB",9606598587,7573009838,17179608425,2033588749
20200528,"13:01:01","SZ","NB",10783817009,10594805753,21378622762,189011256
20200528,"13:02:01","SH","NB",9726473355,7659015374,17385488729,2067457981
20200528,"13:02:01","SZ","NB",10958572066,10696049066,21654621132,262523000
20200528,"13:03:01","SZ","NB",11032431210,10774872931,21807304141,257558279
20200528,"13:03:01","SH","NB",9787230158,7743215834,17530445992,2044014324
20200528,"13:04:01","SH","NB",9850481243,7817014116,17667495359,2033467127
20200528,"13:04:01","SZ","NB",11135638097,10880800731,22016438828,254837366
20200528,"13:05:01","SH","NB",9971719480,7873046962,17844766442,2098672518
20200528,"13:05:01","SZ","NB",11325252891,10940494132,22265747023,384758759
20200528,"13:06:01","SH","NB",10042824928,7923898013,17966722941,2118926915
20200528,"13:06:01","SZ","NB",11419215812,11004769585,22423985397,414446227
20200528,"13:07:01","SH","NB",10088907716,7949566963,18038474679,2139340753
20200528,"13:07:01","SZ","NB",11481654541,11056279736,22537934277,425374805
20200528,"13:08:01","SH","NB",10123915573,7986303072,18110218645,2137612501
20200528,"13:08:01","SZ","NB",11522856959,11110778416,22633635375,412078543
20200528,"13:09:01","SH","NB",10168417846,8020281724,18188699570,2148136122
20200528,"13:09:01","SZ","NB",11579492336,11151250290,22730742626,428242046
20200528,"13:10:01","SH","NB",10213509636,8055548759,18269058395,2157960877
20200528,"13:10:01","SZ","NB",11646889428,11193794274,22840683702,453095154
20200528,"13:11:01","SZ","NB",11717364958,11289905916,23007270874,427459042
20200528,"13:11:01","SH","NB",10264805480,8128538622,18393344102,2136266858
20200528,"13:12:01","SH","NB",10319952057,8166641475,18486593532,2153310582
20200528,"13:12:01","SZ","NB",11811735978,11335160930,23146896908,476575048
20200528,"13:13:01","SH","NB",10412743310,8206888342,18619631652,2205854968
20200528,"13:13:01","SZ","NB",11928107122,11392690928,23320798050,535416194
20200528,"13:14:01","SH","NB",10451057222,8241842326,18692899548,2209214896
20200528,"13:14:01","SZ","NB",11973024447,11440264934,23413289381,532759513
20200528,"13:15:01","SH","NB",10481605707,8273399989,18755005696,2208205718
20200528,"13:15:01","SZ","NB",12012553748,11493124787,23505678535,519428961
20200528,"13:16:01","SH","NB",10508808166,8302482977,18811291143,2206325189
20200528,"13:16:01","SZ","NB",12048337902,11532550906,23580888808,515786996
20200528,"13:17:01","SH","NB",10532478134,8366164097,18898642231,2166314037
20200528,"13:17:01","SZ","NB",12084254358,11605285918,23689540276,478968440
20200528,"13:18:01","SH","NB",10556541396,8395231077,18951772473,2161310319
20200528,"13:18:01","SZ","NB",12116582673,11637571651,23754154324,479011022
20200528,"13:19:01","SZ","NB",12150577144,11675033340,23825610484,475543804
20200528,"13:19:01","SH","NB",10577568361,8424927897,19002496258,2152640464
20200528,"13:20:01","SH","NB",10605804351,8454133388,19059937739,2151670963
20200528,"13:20:01","SZ","NB",12191539225,11716223231,23907762456,475315994
20200528,"13:21:01","SH","NB",10676241896,8495304031,19171545927,2180937865
20200528,"13:21:01","SZ","NB",12297747839,11770816080,24068563919,526931759
20200528,"13:22:01","SH","NB",10701429501,8528253836,19229683337,2173175665
20200528,"13:22:01","SZ","NB",12335305873,11810546613,24145852486,524759260
20200528,"13:23:01","SH","NB",10737396817,8559497899,19296894716,2177898918
20200528,"13:23:01","SZ","NB",12370657404,11854955974,24225613378,515701430
20200528,"13:24:01","SH","NB",10766025855,8584986111,19351011966,2181039744
20200528,"13:24:01","SZ","NB",12409960395,11886209518,24296169913,523750877
20200528,"13:25:01","SH","NB",10825840888,8612512076,19438352964,2213328812
20200528,"13:25:01","SZ","NB",12486659002,11918824733,24405483735,567834269
20200528,"13:26:01","SH","NB",10857241389,8646134060,19503375449,2211107329
20200528,"13:26:01","SZ","NB",12522474916,11969825191,24492300107,552649725
20200528,"13:27:01","SH","NB",10881546324,8670668636,19552214960,2210877688
20200528,"13:27:01","SZ","NB",12557646175,12006421022,24564067197,551225153
20200528,"13:28:01","SH","NB",10922041063,8695000629,19617041692,2227040434
20200528,"13:28:01","SZ","NB",12598575929,12038925970,24637501899,559649959
20200528,"13:29:01","SZ","NB",12645424509,12075950273,24721374782,569474236
20200528,"13:29:01","SH","NB",10964776912,8720698717,19685475629,2244078195
20200528,"13:30:01","SH","NB",11019160414,8748422285,19767582699,2270738129
20200528,"13:30:01","SZ","NB",12690150377,12107497979,24797648356,582652398
20200528,"13:31:01","SH","NB",11144009247,8804716365,19948725612,2339292882
20200528,"13:31:01","SZ","NB",12810789746,12175312998,24986102744,635476748
20200528,"13:32:01","SH","NB",11176570994,8872616740,20049187734,2303954254
20200528,"13:32:01","SZ","NB",12863778965,12300434920,25164213885,563344045
20200528,"13:33:01","SH","NB",11213129645,8925407407,20138537052,2287722238
20200528,"13:33:01","SZ","NB",12908712412,12349739116,25258451528,558973296
20200528,"13:34:01","SH","NB",11238281848,8962566579,20200848427,2275715269
20200528,"13:34:01","SZ","NB",12945860733,12406362683,25352223416,539498050
20200528,"13:35:01","SZ","NB",12975858835,12455588653,25431447488,520270182
20200528,"13:35:01","SH","NB",11263059168,9005160894,20268220062,2257898274
20200528,"13:36:01","SH","NB",11290012313,9036847875,20326860188,2253164438
20200528,"13:36:01","SZ","NB",13011035524,12494410730,25505446254,516624794
20200528,"13:37:01","SH","NB",11323483225,9068855652,20392338877,2254627573
20200528,"13:37:01","SZ","NB",13040671460,12535496388,25576167848,505175072
20200528,"13:38:01","SH","NB",11356190346,9132227588,20488417934,2223962758
20200528,"13:38:01","SZ","NB",13074244703,12603906876,25678151579,470337827
20200528,"13:39:01","SH","NB",11381937644,9158694539,20540632183,2223243105
20200528,"13:39:01","SZ","NB",13107727335,12630447297,25738174632,477280038
20200528,"13:40:01","SH","NB",11407107159,9182994741,20590101900,2224112418
20200528,"13:40:01","SZ","NB",13134608301,12657478412,25792086713,477129889
20200528,"13:41:01","SH","NB",11464676799,9213079491,20677756290,2251597308
20200528,"13:41:01","SZ","NB",13211124235,12704715093,25915839328,506409142
20200528,"13:42:01","SZ","NB",13242733125,12756781410,25999514535,485951715
20200528,"13:42:01","SH","NB",11488588569,9250641341,20739229910,2237947228
20200528,"13:43:01","SH","NB",11514245783,9286727111,20800972894,2227518672
20200528,"13:43:01","SZ","NB",13279255323,12803555801,26082811124,475699522
20200528,"13:44:01","SH","NB",11542778942,9307846785,20850625727,2234932157
20200528,"13:44:01","SZ","NB",13310081932,12829948551,26140030483,480133381
20200528,"13:45:01","SH","NB",11572470361,9344296744,20916767105,2228173617
20200528,"13:45:01","SZ","NB",13338471855,12875912533,26214384388,462559322
20200528,"13:46:01","SH","NB",11599791146,9375417589,20975208735,2224373557
20200528,"13:46:01","SZ","NB",13364963064,12922090148,26287053212,442872916
20200528,"13:47:01","SH","NB",11624990597,9402217109,21027207706,2222773488
20200528,"13:47:01","SZ","NB",13390703324,12961555997,26352259321,429147327
20200528,"13:48:01","SH","NB",11654769279,9443375219,21098144498,2211394060
20200528,"13:48:01","SZ","NB",13421790192,13011527849,26433318041,410262343
20200528,"13:49:01","SH","NB",11693014459,9479395106,21172409565,2213619353
20200528,"13:49:01","SZ","NB",13451159266,13065174240,26516333506,385985026
20200528,"13:50:01","SH","NB",11729539028,9521180128,21250719156,2208358900
20200528,"13:50:01","SZ","NB",13487116068,13102545412,26589661480,384570656
20200528,"13:51:01","SZ","NB",13538611530,13153973541,26692585071,384637989
20200528,"13:51:01","SH","NB",11769579166,9555583708,21325162874,2213995458
20200528,"13:52:01","SH","NB",11803051656,9583325433,21386377089,2219726223
20200528,"13:52:01","SZ","NB",13572747648,13185893297,26758640945,386854351
20200528,"13:53:01","SH","NB",11851925350,9616160117,21468085467,2235765233
20200528,"13:53:01","SZ","NB",13612489861,13218106867,26830596728,394382994
20200528,"13:54:01","SH","NB",11886154326,9650875867,21537030193,2235278459
20200528,"13:54:01","SZ","NB",13644521296,13257041288,26901562584,387480008
20200528,"13:55:01","SH","NB",11928465269,9688115175,21616580444,2240350094
20200528,"13:55:01","SZ","NB",13675743460,13320391737,26996135197,355351723
20200528,"13:56:01","SZ","NB",13718173349,13388000049,27106173398,330173300
20200528,"13:56:01","SH","NB",11969042833,9739140262,21708183095,2229902571
20200528,"13:57:01","SH","NB",12009785360,9769423732,21779209092,2240361628
20200528,"13:57:01","SZ","NB",13753267331,13417239745,27170507076,336027586
20200528,"13:58:01","SH","NB",12045343518,9798306840,21843650358,2247036678
20200528,"13:58:01","SZ","NB",13790607209,13445634340,27236241549,344972869
20200528,"13:59:01","SH","NB",12078727989,9830753950,21909481939,2247974039
20200528,"13:59:01","SZ","NB",13826346536,13477069157,27303415693,349277379
20200528,"14:00:01","SH","NB",12126991068,9856536814,21983527882,2270454254
20200528,"14:00:01","SZ","NB",13886835663,13501356287,27388191950,385479376
20200528,"14:01:01","SH","NB",12176095096,9888127373,22064222469,2287967723
20200528,"14:01:01","SZ","NB",13935049532,13543459036,27478508568,391590496
20200528,"14:02:01","SH","NB",12212629740,9922908950,22135538690,2289720790
20200528,"14:02:01","SZ","NB",13978988325,13603954352,27582942677,375033973
20200528,"14:03:01","SH","NB",12255724416,9946323554,22202047970,2309400862
20200528,"14:03:01","SZ","NB",14036263595,13632398354,27668661949,403865241
20200528,"14:04:01","SH","NB",12317707660,9979992344,22297700004,2337715316
20200528,"14:04:01","SZ","NB",14093731872,13672222525,27765954397,421509347
20200528,"14:05:01","SH","NB",12371449884,10012458164,22383908048,2358991720
20200528,"14:05:01","SZ","NB",14150453128,13710933869,27861386997,439519259
20200528,"14:06:01","SZ","NB",14190653503,13759486356,27950139859,431167147
20200528,"14:06:01","SH","NB",12413600725,10043809384,22457410109,2369791341
20200528,"14:07:01","SH","NB",12455163192,10071289563,22526452755,2383873629
20200528,"14:07:01","SZ","NB",14223322671,13794519181,28017841852,428803490
20200528,"14:08:01","SZ","NB",14268959911,13829270033,28098229944,439689878
20200528,"14:08:01","SH","NB",12520191845,10098174043,22618365888,2422017802
20200528,"14:09:01","SH","NB",12554945834,10125984427,22680930261,2428961407
20200528,"14:09:01","SZ","NB",14301620831,13868960805,28170581636,432660026
20200528,"14:10:01","SH","NB",12584616005,10157870499,22742486504,2426745506
20200528,"14:10:01","SZ","NB",14334611419,13905015186,28239626605,429596233
20200528,"14:11:01","SH","NB",12656240667,10195338199,22851578866,2460902468
20200528,"14:11:01","SZ","NB",14430870802,13961202538,28392073340,469668264
20200528,"14:12:01","SH","NB",12698624027,10226740911,22925364938,2471883116
20200528,"14:12:01","SZ","NB",14476097890,14013515659,28489613549,462582231
20200528,"14:13:01","SH","NB",12737865666,10265091639,23002957305,2472774027
20200528,"14:13:01","SZ","NB",14515849228,14060139295,28575988523,455709933
20200528,"14:14:01","SH","NB",12774404575,10295712132,23070116707,2478692443
20200528,"14:14:01","SZ","NB",14562385467,14096594555,28658980022,465790912
20200528,"14:15:01","SH","NB",12818091363,10325712112,23143803475,2492379251
20200528,"14:15:01","SZ","NB",14621274669,14132470120,28753744789,488804549
20200528,"14:16:01","SH","NB",12903760214,10367385870,23271146084,2536374344
20200528,"14:16:01","SZ","NB",14692903255,14183062861,28875966116,509840394
20200528,"14:17:01","SZ","NB",14785653684,14230880992,29016534676,554772692
20200528,"14:17:01","SH","NB",13058726511,10418444114,23477170625,2640282397
20200528,"14:18:01","SH","NB",13117686648,10511085903,23628772551,2606600745
20200528,"14:18:01","SZ","NB",14839111081,14355556472,29194667553,483554609
20200528,"14:19:01","SH","NB",13159557320,10575658953,23735216273,2583898367
20200528,"14:19:01","SZ","NB",14870592187,14421679675,29292271862,448912512
20200528,"14:20:01","SH","NB",13192551466,10605762576,23798314042,2586788890
20200528,"14:20:01","SZ","NB",14901602456,14454587655,29356190111,447014801
20200528,"14:21:01","SZ","NB",15034025770,14510039821,29544065591,523985949
20200528,"14:21:01","SH","NB",13304075413,10651884044,23955959457,2652191369
20200528,"14:22:01","SH","NB",13350767522,10712387757,24063155279,2638379765
20200528,"14:22:01","SZ","NB",15085487122,14567786345,29653273467,517700777
20200528,"14:23:01","SH","NB",13385841877,10759820129,24145662006,2626021748
20200528,"14:23:01","SZ","NB",15124777661,14637666208,29762443869,487111453
20200528,"14:24:01","SH","NB",13420546846,10810332447,24230879293,2610214399
20200528,"14:24:01","SZ","NB",15160294797,14683061854,29843356651,477232943
20200528,"14:25:01","SH","NB",13465228230,10842997166,24308225396,2622231064
20200528,"14:25:01","SZ","NB",15207363011,14722686642,29930049653,484676369
20200528,"14:26:01","SH","NB",13509563818,10882034968,24391598786,2627528850
20200528,"14:26:01","SZ","NB",15255083820,14773451783,30028535603,481632037
20200528,"14:27:01","SH","NB",13555717612,10953834670,24509552282,2601882942
20200528,"14:27:01","SZ","NB",15299156252,14858912239,30158068491,440244013
20200528,"14:28:01","SH","NB",13591704290,10990466992,24582171282,2601237298
20200528,"14:28:01","SZ","NB",15343817138,14904241288,30248058426,439575850
20200528,"14:29:01","SZ","NB",15383432848,14933343050,30316775898,450089798
20200528,"14:29:01","SH","NB",13627999075,11025997632,24653996707,2602001443
20200528,"14:30:01","SH","NB",13668884222,11058459849,24727344071,2610424373
20200528,"14:30:01","SZ","NB",15414974254,14967370916,30382345170,447603338
20200528,"14:31:01","SH","NB",13770779395,11098810542,24869589937,2671968853
20200528,"14:31:01","SZ","NB",15531004600,15016927896,30547932496,514076704
20200528,"14:32:01","SH","NB",13850582418,11144651000,24995233418,2705931418
20200528,"14:32:01","SZ","NB",15597437246,15072648938,30670086184,524788308
20200528,"14:33:01","SH","NB",13907702276,11192515214,25100217490,2715187062
20200528,"14:33:01","SZ","NB",15654016699,15131423566,30785440265,522593133
20200528,"14:34:01","SH","NB",13963641710,11281935859,25245577569,2681705851
20200528,"14:34:01","SZ","NB",15694216280,15210628159,30904844439,483588121
20200528,"14:35:01","SH","NB",14007813171,11323113966,25330927137,2684699205
20200528,"14:35:01","SZ","NB",15745149696,15253344127,30998493823,491805569
20200528,"14:36:01","SH","NB",14051098542,11381299565,25432398107,2669798977
20200528,"14:36:01","SZ","NB",15793921390,15310034261,31103955651,483887129
20200528,"14:37:01","SZ","NB",15837510575,15360490564,31198001139,477020011
20200528,"14:37:01","SH","NB",14090275886,11428644923,25518920809,2661630963
20200528,"14:38:01","SH","NB",14159399562,11464288703,25623688265,2695110859
20200528,"14:38:01","SZ","NB",15915278639,15404760645,31320039284,510517994
20200528,"14:39:01","SH","NB",14209468404,11544308266,25753776670,2665160138
20200528,"14:39:01","SZ","NB",15965317204,15468185017,31433502221,497132187
20200528,"14:40:01","SH","NB",14256658558,11602541794,25859200352,2654116764
20200528,"14:40:01","SZ","NB",16009407555,15531964836,31541372391,477442719
20200528,"14:41:01","SH","NB",14343591686,11750573679,26094165365,2593018007
20200528,"14:41:01","SZ","NB",16083612470,15683834583,31767447053,399777887
20200528,"14:42:01","SZ","NB",16150604179,15736110170,31886714349,414494009
20200528,"14:42:01","SH","NB",14411387638,11804311300,26215698938,2607076338
20200528,"14:43:01","SH","NB",14472554621,11865373285,26337927906,2607181336
20200528,"14:43:01","SZ","NB",16196752165,15816435639,32013187804,380316526
20200528,"14:44:01","SH","NB",14525737785,11921580902,26447318687,2604156883
20200528,"14:44:01","SZ","NB",16247507419,15894265908,32141773327,353241511
20200528,"14:45:01","SH","NB",14577198126,11972302561,26549500687,2604895565
20200528,"14:45:01","SZ","NB",16292740733,15937509462,32230250195,355231271
20200528,"14:46:01","SH","NB",14638568677,12056331188,26694899865,2582237489
20200528,"14:46:01","SZ","NB",16353555519,16008232410,32361787929,345323109
20200528,"14:47:01","SH","NB",14718299213,12107771196,26826070409,2610528017
20200528,"14:47:01","SZ","NB",16435007639,16057397794,32492405433,377609845
20200528,"14:48:01","SZ","NB",16495929568,16114814619,32610744187,381114949
20200528,"14:48:01","SH","NB",14788335849,12167057446,26955393295,2621278403
20200528,"14:49:01","SH","NB",14860330172,12229816568,27090146740,2630513604
20200528,"14:49:01","SZ","NB",16560311265,16181169214,32741480479,379142051
20200528,"14:50:01","SZ","NB",16618395569,16252302966,32870698535,366092603
20200528,"14:50:01","SH","NB",14930604451,12313763782,27244368233,2616840669
20200528,"14:51:01","SH","NB",15019120395,12431178465,27450298860,2587941930
20200528,"14:51:01","SZ","NB",16707512746,16365966748,33073479494,341545998
20200528,"14:52:01","SH","NB",15097527919,12501690026,27599217945,2595837893
20200528,"14:52:01","SZ","NB",16780143552,16427387353,33207530905,352756199
20200528,"14:53:01","SH","NB",15170506878,12573935542,27744442420,2596571336
20200528,"14:53:01","SZ","NB",16865000373,16496147616,33361147989,368852757
20200528,"14:54:01","SH","NB",15252484176,12662385108,27914869284,2590099068
20200528,"14:54:01","SZ","NB",16951426743,16591532741,33542959484,359894002
20200528,"14:55:01","SH","NB",15343138522,12740273767,28083412289,2602864755
20200528,"14:55:01","SZ","NB",17029854386,16669231346,33699085732,360623040
20200528,"14:56:01","SH","NB",15431512627,12833337907,28264850534,2598174720
20200528,"14:56:01","SZ","NB",17123556268,16781156650,33904712918,342399618
20200528,"14:57:01","SH","NB",15521754821,12914396008,28436150829,2607358813
20200528,"14:57:01","SZ","NB",17200826002,16855087151,34055913153,345738851
20200528,"14:58:01","SH","NB",15521895151,12914396008,28436291159,2607499143
20200528,"14:58:01","SZ","NB",17200829532,16855109166,34055938698,345720366
20200528,"15:00:01","SZ","NB",17278476657,16953656198,34232132855,324820459
20200528,"15:01:01","SH","NB",15843455979,13273400821,29116856800,2570055158
20200528,"15:01:01","SZ","NB",17481297162,17233070599,34714367761,248226563
