dataDate,dataTime,connectMarket,tradeDirection,buyTurnover,sellTurnover,totalTurnover,netTurnover
20190912,"09:30:01","SH","NB",157155296,118096257,275251553,39059039
20190912,"09:30:01","SZ","NB",77294278,71063560,148357838,6230718
20190912,"09:31:01","SH","NB",321722370,310688392,632410762,11033978
20190912,"09:31:01","SZ","NB",211141737,236551651,447693388,-25409914
20190912,"09:32:01","SH","NB",556280737,438042528,994323265,118238209
20190912,"09:32:01","SZ","NB",374876938,396657638,771534576,-21780700
20190912,"09:33:01","SZ","NB",519738063,582293341,1102031404,-62555278
20190912,"09:33:01","SH","NB",696465342,577240183,1273705525,119225159
20190912,"09:34:01","SH","NB",839083073,690268425,1529351498,148814648
20190912,"09:34:01","SZ","NB",623226607,779014477,1402241084,-155787870
20190912,"09:35:01","SH","NB",1023341757,776058764,1799400521,247282993
20190912,"09:35:01","SZ","NB",838474911,908223849,1746698760,-69748938
20190912,"09:36:01","SH","NB",1169783494,855319404,2025102898,314464090
20190912,"09:36:01","SZ","NB",1010568871,1045717087,2056285958,-35148216
20190912,"09:37:01","SH","NB",1281861226,972860985,2254722211,309000241
20190912,"09:37:01","SZ","NB",1134276616,1245172112,2379448728,-110895496
20190912,"09:38:01","SH","NB",1351670329,1059518666,2411188995,292151663
20190912,"09:38:01","SZ","NB",1232532878,1373144395,2605677273,-140611517
20190912,"09:39:01","SH","NB",1445262481,1125567864,2570830345,319694617
20190912,"09:39:01","SZ","NB",1352935680,1459368445,2812304125,-106432765
20190912,"09:40:01","SZ","NB",1454540049,1600361154,3054901203,-145821105
20190912,"09:40:01","SH","NB",1523362325,1215071316,2738433641,308291009
20190912,"09:41:01","SH","NB",1594586105,1293420660,2888006765,301165445
20190912,"09:41:01","SZ","NB",1549952867,1727740096,3277692963,-177787229
20190912,"09:42:01","SH","NB",1694228930,1343458203,3037687133,350770727
20190912,"09:42:01","SZ","NB",1691806294,1803187338,3494993632,-111381044
20190912,"09:43:01","SH","NB",1789742157,1392114377,3181856534,397627780
20190912,"09:43:01","SZ","NB",1818465594,1867215635,3685681229,-48750041
20190912,"09:44:01","SH","NB",1880824680,1478086843,3358911523,402737837
20190912,"09:44:01","SZ","NB",1933105384,1984763771,3917869155,-51658387
20190912,"09:45:01","SH","NB",2012040623,1543378274,3555418897,468662349
20190912,"09:45:01","SZ","NB",2071998632,2061282241,4133280873,10716391
20190912,"09:46:01","SH","NB",2076034558,1605634153,3681668711,470400405
20190912,"09:46:01","SZ","NB",2157636500,2139306553,4296943053,18329947
20190912,"09:47:01","SH","NB",2170263839,1666152528,3836416367,504111311
20190912,"09:47:01","SZ","NB",2263922160,2202048811,4465970971,61873349
20190912,"09:48:01","SH","NB",2240098163,1726343210,3966441373,513754953
20190912,"09:48:01","SZ","NB",2348179880,2284040279,4632220159,64139601
20190912,"09:49:01","SH","NB",2331814124,1783065750,4114879874,548748374
20190912,"09:49:01","SZ","NB",2443352629,2341859170,4785211799,101493459
20190912,"09:50:01","SZ","NB",2513025296,2411546609,4924571905,101478687
20190912,"09:50:01","SH","NB",2388540465,1835389036,4223929501,553151429
20190912,"09:51:01","SH","NB",2445756862,1888945783,4334702645,556811079
20190912,"09:51:01","SZ","NB",2601747027,2475138964,5076885991,126608063
20190912,"09:52:01","SH","NB",2512863613,1963950835,4476814448,548912778
20190912,"09:52:01","SZ","NB",2677142360,2569080290,5246222650,108062070
20190912,"09:53:01","SH","NB",2576452266,2044643488,4621095754,531808778
20190912,"09:53:01","SZ","NB",2747602196,2657071051,5404673247,90531145
20190912,"09:54:01","SH","NB",2674642578,2087281159,4761923737,587361419
20190912,"09:54:01","SZ","NB",2845792210,2713495921,5559288131,132296289
20190912,"09:55:01","SH","NB",2752539056,2138702460,4891241516,613836596
20190912,"09:55:01","SZ","NB",2917674101,2768072319,5685746420,149601782
20190912,"09:56:01","SH","NB",2802614490,2207604571,5010219061,595009919
20190912,"09:56:01","SZ","NB",2971524869,2850854084,5822378953,120670785
20190912,"09:57:01","SH","NB",2846263669,2253130796,5099394465,593132873
20190912,"09:57:01","SZ","NB",3034695427,2920138428,5954833855,114556999
20190912,"09:58:01","SH","NB",2900646143,2296902753,5197548896,603743390
20190912,"09:58:01","SZ","NB",3105223679,2961811395,6067035074,143412284
20190912,"09:59:01","SH","NB",2948398074,2348775941,5297174015,599622133
20190912,"09:59:01","SZ","NB",3168444265,3009614775,6178059040,158829490
20190912,"10:00:01","SZ","NB",3214744394,3088132591,6302876985,126611803
20190912,"10:00:01","SH","NB",2990331406,2411637467,5401968873,578693939
20190912,"10:01:01","SH","NB",3049519694,2487798613,5537318307,561721081
20190912,"10:01:01","SZ","NB",3265461419,3165974320,6431435739,99487099
20190912,"10:02:01","SH","NB",3112373174,2545622825,5657995999,566750349
20190912,"10:02:01","SZ","NB",3310633481,3207650697,6518284178,102982784
20190912,"10:03:01","SH","NB",3172881348,2585182917,5758064265,587698431
20190912,"10:03:01","SZ","NB",3371733926,3260679628,6632413554,111054298
20190912,"10:04:01","SH","NB",3242929435,2617042865,5859972300,625886570
20190912,"10:04:01","SZ","NB",3453074716,3298968788,6752043504,154105928
20190912,"10:05:01","SH","NB",3285723147,2649906547,5935629694,635816600
20190912,"10:05:01","SZ","NB",3501746294,3329350228,6831096522,172396066
20190912,"10:06:01","SH","NB",3328998880,2691117969,6020116849,637880911
20190912,"10:06:01","SZ","NB",3555112119,3373809315,6928921434,181302804
20190912,"10:07:01","SH","NB",3373962672,2747060478,6121023150,626902194
20190912,"10:07:01","SZ","NB",3585906792,3445746465,7031653257,140160327
20190912,"10:08:01","SZ","NB",3626471719,3497103970,7123575689,129367749
20190912,"10:08:01","SH","NB",3413445548,2796185642,6209631190,617259906
20190912,"10:09:01","SH","NB",3471073589,2841483844,6312557433,629589745
20190912,"10:09:01","SZ","NB",3664022562,3550429538,7214452100,113593024
20190912,"10:10:01","SH","NB",3525052875,2882368197,6407421072,642684678
20190912,"10:10:01","SZ","NB",3698946833,3592802909,7291749742,106143924
20190912,"10:11:01","SH","NB",3664227664,2937944218,6602171882,726283446
20190912,"10:11:01","SZ","NB",3796947162,3646033721,7442980883,150913441
20190912,"10:12:01","SH","NB",3746904915,2969578953,6716483868,777325962
20190912,"10:12:01","SZ","NB",3877160217,3683496562,7560656779,193663655
20190912,"10:13:01","SH","NB",3798239252,2999617439,6797856691,798621813
20190912,"10:13:01","SZ","NB",3918035841,3729456516,7647492357,188579325
20190912,"10:14:01","SH","NB",3848391214,3028030872,6876422086,820360342
20190912,"10:14:01","SZ","NB",3964962799,3767368024,7732330823,197594775
20190912,"10:15:01","SH","NB",3882486466,3059447601,6941934067,823038865
20190912,"10:15:01","SZ","NB",3995861434,3807041606,7802903040,188819828
20190912,"10:16:01","SZ","NB",4046978126,3864593212,7911571338,182384914
20190912,"10:16:01","SH","NB",3929666671,3099772412,7029439083,829894259
20190912,"10:17:01","SH","NB",3971372940,3130464372,7101837312,840908568
20190912,"10:17:01","SZ","NB",4103193056,3899033974,8002227030,204159082
20190912,"10:18:01","SH","NB",4007568592,3157852313,7165420905,849716279
20190912,"10:18:01","SZ","NB",4137047182,3936514875,8073562057,200532307
20190912,"10:19:01","SH","NB",4048768221,3189994478,7238762699,858773743
20190912,"10:19:01","SZ","NB",4170874695,3974838340,8145713035,196036355
20190912,"10:20:01","SH","NB",4094185929,3221149116,7315335045,873036813
20190912,"10:20:01","SZ","NB",4200141735,4016894986,8217036721,183246749
20190912,"10:21:01","SH","NB",4136290620,3266764487,7403055107,869526133
20190912,"10:21:01","SZ","NB",4232166380,4069871414,8302037794,162294966
20190912,"10:22:01","SZ","NB",4265513556,4129443432,8394956988,136070124
20190912,"10:22:01","SH","NB",4176908231,3319733085,7496641316,857175146
20190912,"10:23:01","SH","NB",4214717639,3356826179,7571543818,857891460
20190912,"10:23:01","SZ","NB",4316972358,4172635253,8489607611,144337105
20190912,"10:24:01","SH","NB",4274308240,3384895993,7659204233,889412247
20190912,"10:24:01","SZ","NB",4344117438,4208688770,8552806208,135428668
20190912,"10:25:01","SH","NB",4307928265,3411228497,7719156762,896699768
20190912,"10:25:01","SZ","NB",4366701222,4245993530,8612694752,120707692
20190912,"10:26:01","SH","NB",4358881862,3489098367,7847980229,869783495
20190912,"10:26:01","SZ","NB",4393892337,4328279436,8722171773,65612901
20190912,"10:27:01","SH","NB",4404696981,3541586925,7946283906,863110056
20190912,"10:27:01","SZ","NB",4431010945,4397049350,8828060295,33961595
20190912,"10:28:01","SH","NB",4458330728,3579404402,8037735130,878926326
20190912,"10:28:01","SZ","NB",4478457943,4430505079,8908963022,47952864
20190912,"10:29:01","SH","NB",4494918713,3606392356,8101311069,888526357
20190912,"10:29:01","SZ","NB",4505812172,4461493154,8967305326,44319018
20190912,"10:30:01","SZ","NB",4536992424,4503223890,9040216314,33768534
20190912,"10:30:01","SH","NB",4532023687,3643365612,8175389299,888658075
20190912,"10:31:01","SH","NB",4568017627,3710589128,8278606755,857428499
20190912,"10:31:01","SZ","NB",4566983466,4586223294,9153206760,-19239828
20190912,"10:32:01","SH","NB",4620838975,3739868674,8360707649,880970301
20190912,"10:32:01","SZ","NB",4625443147,4616048895,9241492042,9394252
20190912,"10:33:01","SH","NB",4656460342,3767437926,8423898268,889022416
20190912,"10:33:01","SZ","NB",4677108873,4644879465,9321988338,32229408
20190912,"10:34:01","SH","NB",4691453929,3788899474,8480353403,902554455
20190912,"10:34:01","SZ","NB",4708178694,4668864945,9377043639,39313749
20190912,"10:35:01","SH","NB",4719780378,3812940080,8532720458,906840298
20190912,"10:35:01","SZ","NB",4737257650,4694520153,9431777803,42737497
20190912,"10:36:01","SZ","NB",4788053705,4721313390,9509367095,66740315
20190912,"10:36:01","SH","NB",4761547580,3842270137,8603817717,919277443
20190912,"10:37:01","SH","NB",4808749283,3871232141,8679981424,937517142
20190912,"10:37:01","SZ","NB",4835044077,4749640164,9584684241,85403913
20190912,"10:38:01","SH","NB",4836297711,3896370637,8732668348,939927074
20190912,"10:38:01","SZ","NB",4862983730,4776707756,9639691486,86275974
20190912,"10:39:01","SH","NB",4859897684,3919906869,8779804553,939990815
20190912,"10:39:01","SZ","NB",4886653759,4797980634,9684634393,88673125
20190912,"10:40:01","SH","NB",4885300273,3941242139,8826542412,944058134
20190912,"10:40:01","SZ","NB",4911302947,4819828530,9731131477,91474417
20190912,"10:41:01","SH","NB",4912621725,3969149133,8881770858,943472592
20190912,"10:41:01","SZ","NB",4948603711,4848282372,9796886083,100321339
20190912,"10:42:01","SZ","NB",4979406241,4886099378,9865505619,93306863
20190912,"10:42:01","SH","NB",4940282485,4000156373,8940438858,940126112
20190912,"10:43:01","SH","NB",4968242444,4023037650,8991280094,945204794
20190912,"10:43:01","SZ","NB",5002729922,4912094497,9914824419,90635425
20190912,"10:44:01","SH","NB",4993737046,4045193676,9038930722,948543370
20190912,"10:44:01","SZ","NB",5029225554,4932058646,9961284200,97166908
20190912,"10:45:01","SH","NB",5020794993,4068228126,9089023119,952566867
20190912,"10:45:01","SZ","NB",5062822611,4955764595,10018587206,107058016
20190912,"10:46:01","SZ","NB",5093553677,4993315970,10086869647,100237707
20190912,"10:46:01","SH","NB",5046593792,4095834924,9142428716,950758868
20190912,"10:47:01","SH","NB",5068322405,4127445679,9195768084,940876726
20190912,"10:47:01","SZ","NB",5110659192,5033852495,10144511687,76806697
20190912,"10:48:01","SH","NB",5090685639,4147684269,9238369908,943001370
20190912,"10:48:01","SZ","NB",5128638203,5056118986,10184757189,72519217
20190912,"10:49:01","SH","NB",5108902471,4169121407,9278023878,939781064
20190912,"10:49:01","SZ","NB",5147828569,5078649373,10226477942,69179196
20190912,"10:50:01","SH","NB",5130295007,4190550742,9320845749,939744265
20190912,"10:50:01","SZ","NB",5167965952,5101193914,10269159866,66772038
20190912,"10:51:01","SH","NB",5159641991,4236266554,9395908545,923375437
20190912,"10:51:01","SZ","NB",5190164348,5142602279,10332766627,47562069
20190912,"10:52:01","SH","NB",5183277417,4266913521,9450190938,916363896
20190912,"10:52:01","SZ","NB",5211593117,5174191036,10385784153,37402081
20190912,"10:53:01","SH","NB",5202944537,4311276846,9514221383,891667691
20190912,"10:53:01","SZ","NB",5232803528,5203885800,10436689328,28917728
20190912,"10:54:01","SZ","NB",5256009751,5225272856,10481282607,30736895
20190912,"10:54:01","SH","NB",5236162105,4333436386,9569598491,902725719
20190912,"10:55:01","SH","NB",5290421122,4360999788,9651420910,929421334
20190912,"10:55:01","SZ","NB",5292584865,5250147953,10542732818,42436912
20190912,"10:56:01","SH","NB",5344779295,4402275876,9747055171,942503419
20190912,"10:56:01","SZ","NB",5348115951,5275731265,10623847216,72384686
20190912,"10:57:01","SH","NB",5397903620,4433137827,9831041447,964765793
20190912,"10:57:01","SZ","NB",5383695153,5299494280,10683189433,84200873
20190912,"10:58:01","SH","NB",5418450387,4460412949,9878863336,958037438
20190912,"10:58:01","SZ","NB",5395653486,5324394748,10720048234,71258738
20190912,"10:59:01","SH","NB",5441649752,4485573033,9927222785,956076719
20190912,"10:59:01","SZ","NB",5413443893,5345457770,10758901663,67986123
20190912,"11:00:01","SH","NB",5463602389,4509006701,9972609090,954595688
20190912,"11:00:01","SZ","NB",5430321519,5364047592,10794369111,66273927
20190912,"11:01:01","SH","NB",5490440978,4533083147,10023524125,957357831
20190912,"11:01:01","SZ","NB",5452131487,5395840078,10847971565,56291409
20190912,"11:02:01","SZ","NB",5475106732,5414840451,10889947183,60266281
20190912,"11:02:01","SH","NB",5516892785,4554576457,10071469242,962316328
20190912,"11:03:01","SH","NB",5545430176,4576823710,10122253886,968606466
20190912,"11:03:01","SZ","NB",5499221077,5439036073,10938257150,60185004
20190912,"11:04:01","SH","NB",5566411333,4595175628,10161586961,971235705
20190912,"11:04:01","SZ","NB",5518155568,5456029277,10974184845,62126291
20190912,"11:05:01","SH","NB",5596654059,4619372614,10216026673,977281445
20190912,"11:05:01","SZ","NB",5542462337,5471284651,11013746988,71177686
20190912,"11:06:01","SZ","NB",5579220255,5494632331,11073852586,84587924
20190912,"11:06:01","SH","NB",5635730746,4647916126,10283646872,987814620
20190912,"11:07:01","SH","NB",5670778863,4672741120,10343519983,998037743
20190912,"11:07:01","SZ","NB",5608876727,5518234794,11127111521,90641933
20190912,"11:08:01","SH","NB",5707149425,4702593812,10409743237,1004555613
20190912,"11:08:01","SZ","NB",5647475697,5544301878,11191777575,103173819
20190912,"11:09:01","SH","NB",5740353713,4737049273,10477402986,1003304440
20190912,"11:09:01","SZ","NB",5673227800,5569866577,11243094377,103361223
20190912,"11:10:01","SH","NB",5770411898,4765256881,10535668779,1005155017
20190912,"11:10:01","SZ","NB",5704147416,5594867350,11299014766,109280066
20190912,"11:11:01","SH","NB",5809571550,4792921472,10602493022,1016650078
20190912,"11:11:01","SZ","NB",5735885034,5619386668,11355271702,116498366
20190912,"11:12:01","SH","NB",5853155645,4831248126,10684403771,1021907519
20190912,"11:12:01","SZ","NB",5773734799,5653244496,11426979295,120490303
20190912,"11:13:01","SH","NB",5886481364,4849272231,10735753595,1037209133
20190912,"11:13:01","SZ","NB",5791104338,5679854816,11470959154,111249522
20190912,"11:14:01","SZ","NB",5815256799,5700397088,11515653887,114859711
20190912,"11:14:01","SH","NB",5907549847,4868985683,10776535530,1038564164
20190912,"11:15:01","SH","NB",5944693358,4894901651,10839595009,1049791707
20190912,"11:15:01","SZ","NB",5843874566,5724102255,11567976821,119772311
20190912,"11:16:01","SH","NB",5989276079,4930281890,10919557969,1058994189
20190912,"11:16:01","SZ","NB",5869935357,5756161394,11626096751,113773963
20190912,"11:17:01","SH","NB",6014501477,4955638229,10970139706,1058863248
20190912,"11:17:01","SZ","NB",5888741406,5775722606,11664464012,113018800
20190912,"11:18:01","SH","NB",6040756480,5001555893,11042312373,1039200587
20190912,"11:18:01","SZ","NB",5907555206,5800338836,11707894042,107216370
20190912,"11:19:01","SZ","NB",5923089331,5822294158,11745383489,100795173
20190912,"11:19:01","SH","NB",6063505458,5027493407,11090998865,1036012051
20190912,"11:20:01","SH","NB",6080964200,5044417192,11125381392,1036547008
20190912,"11:20:01","SZ","NB",5944199075,5842460833,11786659908,101738242
20190912,"11:21:01","SH","NB",6106312392,5064637245,11170949637,1041675147
20190912,"11:21:01","SZ","NB",5963617809,5858052213,11821670022,105565596
20190912,"11:22:01","SH","NB",6130689454,5084560188,11215249642,1046129266
20190912,"11:22:01","SZ","NB",5988678753,5872394905,11861073658,116283848
20190912,"11:23:01","SZ","NB",6003677728,5886211478,11889889206,117466250
20190912,"11:23:01","SH","NB",6148097363,5105161801,11253259164,1042935562
20190912,"11:24:01","SH","NB",6166629629,5125518208,11292147837,1041111421
20190912,"11:24:01","SZ","NB",6026807314,5900540163,11927347477,126267151
20190912,"11:25:01","SH","NB",6182880558,5147148291,11330028849,1035732267
20190912,"11:25:01","SZ","NB",6042060616,5920704298,11962764914,121356318
20190912,"11:26:01","SH","NB",6215815801,5179016370,11394832171,1036799431
20190912,"11:26:01","SZ","NB",6066046557,5943629659,12009676216,122416898
20190912,"11:27:01","SH","NB",6243509366,5197409745,11440919111,1046099621
20190912,"11:27:01","SZ","NB",6082329797,5958814814,12041144611,123514983
20190912,"11:28:01","SH","NB",6262648809,5220564911,11483213720,1042083898
20190912,"11:28:01","SZ","NB",6095741437,5978220043,12073961480,117521394
20190912,"11:29:01","SH","NB",6284713565,5239756681,11524470246,1044956884
20190912,"11:29:01","SZ","NB",6115129768,5997413966,12112543734,117715802
20190912,"11:30:01","SZ","NB",6129366788,6008682971,12138049759,120683817
20190912,"11:30:01","SH","NB",6303497463,5252077787,11555575250,1051419676
20190912,"11:31:01","SH","NB",6303968551,5252086912,11556055463,1051881639
20190912,"11:31:01","SZ","NB",6129373838,6008693223,12138067061,120680615
20190912,"13:01:01","SH","NB",6420532997,5311433010,11731966007,1109099987
20190912,"13:01:01","SZ","NB",6217069956,6063110828,12280180784,153959128
20190912,"13:02:01","SH","NB",6458064329,5351754723,11809819052,1106309606
20190912,"13:02:01","SZ","NB",6237177265,6100849294,12338026559,136327971
20190912,"13:03:01","SH","NB",6482991913,5381639472,11864631385,1101352441
20190912,"13:03:01","SZ","NB",6255778267,6129067234,12384845501,126711033
20190912,"13:04:01","SZ","NB",6274759203,6149131752,12423890955,125627451
20190912,"13:04:01","SH","NB",6509878875,5411464256,11921343131,1098414619
20190912,"13:05:01","SH","NB",6529841681,5437904929,11967746610,1091936752
20190912,"13:05:01","SZ","NB",6288634576,6173123364,12461757940,115511212
20190912,"13:06:01","SH","NB",6566690708,5462023810,12028714518,1104666898
20190912,"13:06:01","SZ","NB",6312032989,6195293316,12507326305,116739673
20190912,"13:07:01","SH","NB",6602844635,5484789237,12087633872,1118055398
20190912,"13:07:01","SZ","NB",6343913534,6217678329,12561591863,126235205
20190912,"13:08:01","SH","NB",6640990412,5502101494,12143091906,1138888918
20190912,"13:08:01","SZ","NB",6367918318,6240498540,12608416858,127419778
20190912,"13:09:01","SH","NB",6681006867,5519884079,12200890946,1161122788
20190912,"13:09:01","SZ","NB",6391720265,6256983213,12648703478,134737052
20190912,"13:10:01","SZ","NB",6428767722,6275490707,12704258429,153277015
20190912,"13:10:01","SH","NB",6709417680,5542740281,12252157961,1166677399
20190912,"13:11:01","SH","NB",6756262095,5560232154,12316494249,1196029941
20190912,"13:11:01","SZ","NB",6470875720,6301266099,12772141819,169609621
20190912,"13:12:01","SH","NB",6821134301,5583748874,12404883175,1237385427
20190912,"13:12:01","SZ","NB",6501753886,6320110283,12821864169,181643603
20190912,"13:13:01","SH","NB",6859623130,5604515185,12464138315,1255107945
20190912,"13:13:01","SZ","NB",6531866767,6344730337,12876597104,187136430
20190912,"13:14:01","SH","NB",6895712172,5625353816,12521065988,1270358356
20190912,"13:14:01","SZ","NB",6551356673,6360991836,12912348509,190364837
20190912,"13:15:01","SH","NB",6927457092,5643419530,12570876622,1284037562
20190912,"13:15:01","SZ","NB",6576251953,6376691216,12952943169,199560737
20190912,"13:16:01","SZ","NB",6606363802,6399706568,13006070370,206657234
20190912,"13:16:01","SH","NB",6965102406,5663088185,12628190591,1302014221
20190912,"13:17:01","SH","NB",6992231238,5683043712,12675274950,1309187526
20190912,"13:17:01","SZ","NB",6627392721,6418066396,13045459117,209326325
20190912,"13:18:01","SH","NB",7033169195,5700779391,12733948586,1332389804
20190912,"13:18:01","SZ","NB",6650391072,6442091812,13092482884,208299260
20190912,"13:19:01","SH","NB",7066161717,5719881173,12786042890,1346280544
20190912,"13:19:01","SZ","NB",6673718684,6456671376,13130390060,217047308
20190912,"13:20:01","SH","NB",7104473253,5743464472,12847937725,1361008781
20190912,"13:20:01","SZ","NB",6696913492,6473396063,13170309555,223517429
20190912,"13:21:01","SH","NB",7178732273,5779312068,12958044341,1399420205
20190912,"13:21:01","SZ","NB",6745931436,6496262782,13242194218,249668654
20190912,"13:22:01","SH","NB",7224160262,5802369067,13026529329,1421791195
20190912,"13:22:01","SZ","NB",6781272417,6516659931,13297932348,264612486
20190912,"13:23:01","SH","NB",7276731859,5831632099,13108363958,1445099760
20190912,"13:23:01","SZ","NB",6816865067,6535303435,13352168502,281561632
20190912,"13:24:01","SZ","NB",6845223881,6569121372,13414345253,276102509
20190912,"13:24:01","SH","NB",7314860620,5864278304,13179138924,1450582316
20190912,"13:25:01","SH","NB",7348914783,5887410307,13236325090,1461504476
20190912,"13:25:01","SZ","NB",6866953575,6587955038,13454908613,278998537
20190912,"13:26:01","SH","NB",7381539264,5913252264,13294791528,1468287000
20190912,"13:26:01","SZ","NB",6890122304,6613074381,13503196685,277047923
20190912,"13:27:01","SH","NB",7413966164,5935291790,13349257954,1478674374
20190912,"13:27:01","SZ","NB",6909886137,6628912654,13538798791,280973483
20190912,"13:28:01","SH","NB",7458473444,5955151490,13413624934,1503321954
20190912,"13:28:01","SZ","NB",6933060699,6649125370,13582186069,283935329
20190912,"13:29:01","SZ","NB",6961758316,6669824769,13631583085,291933547
20190912,"13:29:01","SH","NB",7511520873,5982400404,13493921277,1529120469
20190912,"13:30:01","SH","NB",7553842820,6008096894,13561939714,1545745926
20190912,"13:30:01","SZ","NB",6986167698,6688312815,13674480513,297854883
20190912,"13:31:01","SH","NB",7592740632,6055256258,13647996890,1537484374
20190912,"13:31:01","SZ","NB",7012412655,6735985520,13748398175,276427135
20190912,"13:32:01","SZ","NB",7035331894,6759922323,13795254217,275409571
20190912,"13:32:01","SH","NB",7621673971,6080214332,13701888303,1541459639
20190912,"13:33:01","SH","NB",7665107316,6098997322,13764104638,1566109994
20190912,"13:33:01","SZ","NB",7064716105,6780309409,13845025514,284406696
20190912,"13:34:01","SH","NB",7707747754,6132992869,13840740623,1574754885
20190912,"13:34:01","SZ","NB",7092303005,6802488839,13894791844,289814166
20190912,"13:35:01","SH","NB",7741936462,6161437180,13903373642,1580499282
20190912,"13:35:01","SZ","NB",7117528576,6826169120,13943697696,291359456
20190912,"13:36:01","SH","NB",7777908876,6213803193,13991712069,1564105683
20190912,"13:36:01","SZ","NB",7137819483,6866966602,14004786085,270852881
20190912,"13:37:01","SH","NB",7811095794,6246353113,14057448907,1564742681
20190912,"13:37:01","SZ","NB",7155987367,6903677289,14059664656,252310078
20190912,"13:38:01","SH","NB",7840551810,6272755937,14113307747,1567795873
20190912,"13:38:01","SZ","NB",7173329687,6926587877,14099917564,246741810
20190912,"13:39:01","SH","NB",7877587340,6300019782,14177607122,1577567558
20190912,"13:39:01","SZ","NB",7188454617,6944011947,14132466564,244442670
20190912,"13:40:01","SH","NB",7924108822,6323256210,14247365032,1600852612
20190912,"13:40:01","SZ","NB",7215409048,6959396302,14174805350,256012746
20190912,"13:41:01","SZ","NB",7238905829,6981767622,14220673451,257138207
20190912,"13:41:01","SH","NB",7960484378,6352912500,14313396878,1607571878
20190912,"13:42:01","SH","NB",7983297164,6384079826,14367376990,1599217338
20190912,"13:42:01","SZ","NB",7254488608,7015523640,14270012248,238964968
20190912,"13:43:01","SH","NB",8010759297,6403222216,14413981513,1607537081
20190912,"13:43:01","SZ","NB",7281299843,7032041467,14313341310,249258376
20190912,"13:44:01","SH","NB",8044293294,6427046619,14471339913,1617246675
20190912,"13:44:01","SZ","NB",7297099533,7048775294,14345874827,248324239
20190912,"13:45:01","SH","NB",8065041530,6445175248,14510216778,1619866282
20190912,"13:45:01","SZ","NB",7311707611,7069166830,14380874441,242540781
20190912,"13:46:01","SH","NB",8088683217,6476014719,14564697936,1612668498
20190912,"13:46:01","SZ","NB",7339839399,7101482647,14441322046,238356752
20190912,"13:47:01","SH","NB",8115557428,6497770172,14613327600,1617787256
20190912,"13:47:01","SZ","NB",7359768664,7123705203,14483473867,236063461
20190912,"13:48:01","SH","NB",8139115105,6522428182,14661543287,1616686923
20190912,"13:48:01","SZ","NB",7373563687,7149712976,14523276663,223850711
20190912,"13:49:01","SZ","NB",7392602423,7178936933,14571539356,213665490
20190912,"13:49:01","SH","NB",8162658499,6558858408,14721516907,1603800091
20190912,"13:50:01","SH","NB",8182869859,6591138766,14774008625,1591731093
20190912,"13:50:01","SZ","NB",7411054868,7197395278,14608450146,213659590
20190912,"13:51:01","SH","NB",8215081949,6621039136,14836121085,1594042813
20190912,"13:51:01","SZ","NB",7442205399,7230374065,14672579464,211831334
20190912,"13:52:01","SH","NB",8238281012,6642558573,14880839585,1595722439
20190912,"13:52:01","SZ","NB",7464525788,7258704864,14723230652,205820924
20190912,"13:53:01","SH","NB",8262623209,6669160392,14931783601,1593462817
20190912,"13:53:01","SZ","NB",7492816634,7277383959,14770200593,215432675
20190912,"13:54:01","SZ","NB",7517588240,7298012143,14815600383,219576097
20190912,"13:54:01","SH","NB",8286271261,6692250684,14978521945,1594020577
20190912,"13:55:01","SH","NB",8314031590,6711463793,15025495383,1602567797
20190912,"13:55:01","SZ","NB",7544796251,7315986741,14860782992,228809510
20190912,"13:56:01","SH","NB",8342484252,6744535979,15087020231,1597948273
20190912,"13:56:01","SZ","NB",7566533405,7339580125,14906113530,226953280
20190912,"13:57:01","SH","NB",8383484419,6765877760,15149362179,1617606659
20190912,"13:57:01","SZ","NB",7587078227,7363153890,14950232117,223924337
20190912,"13:58:01","SH","NB",8471623080,6793679715,15265302795,1677943365
20190912,"13:58:01","SZ","NB",7644818233,7383791746,15028609979,261026487
20190912,"13:59:01","SH","NB",8505298753,6818310714,15323609467,1686988039
20190912,"13:59:01","SZ","NB",7674707409,7408814807,15083522216,265892602
20190912,"14:00:01","SH","NB",8534022125,6842016869,15376038994,1692005256
20190912,"14:00:01","SZ","NB",7697639399,7436496600,15134135999,261142799
20190912,"14:01:01","SH","NB",8557108677,6869461008,15426569685,1687647669
20190912,"14:01:01","SZ","NB",7734052297,7463075355,15197127652,270976942
20190912,"14:02:01","SZ","NB",7776144251,7484705600,15260849851,291438651
20190912,"14:02:01","SH","NB",8584553633,6897970647,15482524280,1686582986
20190912,"14:03:01","SH","NB",8606718446,6916908256,15523626702,1689810190
20190912,"14:03:01","SZ","NB",7800246316,7504324993,15304571309,295921323
20190912,"14:04:01","SH","NB",8624087140,6940454885,15564542025,1683632255
20190912,"14:04:01","SZ","NB",7816600542,7525704399,15342304941,290896143
20190912,"14:05:01","SZ","NB",7836199928,7544772621,15380972549,291427307
20190912,"14:05:01","SH","NB",8641511368,6964313047,15605824415,1677198321
20190912,"14:06:01","SH","NB",8685412780,6987317808,15672730588,1698094972
20190912,"14:06:01","SZ","NB",7860818336,7569822332,15430640668,290996004
20190912,"14:07:01","SH","NB",8741657806,7015884799,15757542605,1725773007
20190912,"14:07:01","SZ","NB",7895757474,7588726877,15484484351,307030597
20190912,"14:08:01","SH","NB",8767665196,7050733859,15818399055,1716931337
20190912,"14:08:01","SZ","NB",7920489036,7610224778,15530713814,310264258
20190912,"14:09:01","SH","NB",8797631491,7084101026,15881732517,1713530465
20190912,"14:09:01","SZ","NB",7942725189,7631161805,15573886994,311563384
20190912,"14:10:01","SH","NB",8819454493,7110220356,15929674849,1709234137
20190912,"14:10:01","SZ","NB",7956500753,7653169968,15609670721,303330785
20190912,"14:11:01","SH","NB",8848146147,7138336797,15986482944,1709809350
20190912,"14:11:01","SZ","NB",7972865685,7673266731,15646132416,299598954
20190912,"14:12:01","SH","NB",8965815983,7174728453,16140544436,1791087530
20190912,"14:12:01","SZ","NB",8056730498,7701699596,15758430094,355030902
20190912,"14:13:01","SH","NB",9032075991,7207659959,16239735950,1824416032
20190912,"14:13:01","SZ","NB",8116141499,7729691354,15845832853,386450145
20190912,"14:14:01","SZ","NB",8141610424,7774576356,15916186780,367034068
20190912,"14:14:01","SH","NB",9076894418,7242866603,16319761021,1834027815
20190912,"14:15:01","SH","NB",9124842563,7279124876,16403967439,1845717687
20190912,"14:15:01","SZ","NB",8186032885,7802873241,15988906126,383159644
20190912,"14:16:01","SH","NB",9169652499,7316693450,16486345949,1852959049
20190912,"14:16:01","SZ","NB",8226522784,7836635361,16063158145,389887423
20190912,"14:17:01","SZ","NB",8276833233,7862425048,16139258281,414408185
20190912,"14:17:01","SH","NB",9217962687,7348491236,16566453923,1869471451
20190912,"14:18:01","SH","NB",9254186777,7374090085,16628276862,1880096692
20190912,"14:18:01","SZ","NB",8303323229,7894319111,16197642340,409004118
20190912,"14:19:01","SH","NB",9282894166,7400731014,16683625180,1882163152
20190912,"14:19:01","SZ","NB",8324942257,7921553719,16246495976,403388538
20190912,"14:20:01","SZ","NB",8347410406,7941560482,16288970888,405849924
20190912,"14:20:01","SH","NB",9323675298,7424948080,16748623378,1898727218
20190912,"14:21:01","SH","NB",9425494844,7467149569,16892644413,1958345275
20190912,"14:21:01","SZ","NB",8431018528,7964552883,16395571411,466465645
20190912,"14:22:01","SH","NB",9498886704,7492408072,16991294776,2006478632
20190912,"14:22:01","SZ","NB",8474184667,7991061734,16465246401,483122933
20190912,"14:23:01","SH","NB",9569938420,7537788073,17107726493,2032150347
20190912,"14:23:01","SZ","NB",8506422889,8024574945,16530997834,481847944
20190912,"14:24:01","SH","NB",9752328240,7595665104,17347993344,2156663136
20190912,"14:24:01","SZ","NB",8649736535,8050409667,16700146202,599326868
20190912,"14:25:01","SH","NB",9852292109,7664294194,17516586303,2187997915
20190912,"14:25:01","SZ","NB",8719666659,8099319479,16818986138,620347180
20190912,"14:26:01","SH","NB",9898247043,7716344387,17614591430,2181902656
20190912,"14:26:01","SZ","NB",8749370995,8146419179,16895790174,602951816
20190912,"14:27:01","SH","NB",9933109868,7756928186,17690038054,2176181682
20190912,"14:27:01","SZ","NB",8772256620,8179874537,16952131157,592382083
20190912,"14:28:01","SH","NB",9977570409,7824616541,17802186950,2152953868
20190912,"14:28:01","SZ","NB",8795792190,8236900823,17032693013,558891367
20190912,"14:29:01","SH","NB",10016167684,7881917826,17898085510,2134249858
20190912,"14:29:01","SZ","NB",8818115391,8277454187,17095569578,540661204
20190912,"14:30:01","SZ","NB",8848689599,8300809665,17149499264,547879934
20190912,"14:30:01","SH","NB",10053921130,7916107237,17970028367,2137813893
20190912,"14:31:01","SH","NB",10104666955,7954825627,18059492582,2149841328
20190912,"14:31:01","SZ","NB",8895992161,8338930720,17234922881,557061441
20190912,"14:32:01","SH","NB",10152793023,7989768286,18142561309,2163024737
20190912,"14:32:01","SZ","NB",8934504089,8367049976,17301554065,567454113
20190912,"14:33:01","SH","NB",10206443773,8027765724,18234209497,2178678049
20190912,"14:33:01","SZ","NB",8979436107,8404504110,17383940217,574931997
20190912,"14:34:01","SZ","NB",9032640601,8436641187,17469281788,595999414
20190912,"14:34:01","SH","NB",10262506952,8057054489,18319561441,2205452463
20190912,"14:35:01","SH","NB",10323322366,8088194228,18411516594,2235128138
20190912,"14:35:01","SZ","NB",9077651889,8464374297,17542026186,613277592
20190912,"14:36:01","SH","NB",10381725681,8126485311,18508210992,2255240370
20190912,"14:36:01","SZ","NB",9124282788,8499989152,17624271940,624293636
20190912,"14:37:01","SH","NB",10434951860,8173614142,18608566002,2261337718
20190912,"14:37:01","SZ","NB",9157279228,8541574503,17698853731,615704725
20190912,"14:38:01","SH","NB",10477271987,8202458089,18679730076,2274813898
20190912,"14:38:01","SZ","NB",9189690980,8574349747,17764040727,615341233
20190912,"14:39:01","SH","NB",10543139662,8245032353,18788172015,2298107309
20190912,"14:39:01","SZ","NB",9225926960,8609896074,17835823034,616030886
20190912,"14:40:01","SH","NB",10601761805,8274359761,18876121566,2327402044
20190912,"14:40:01","SZ","NB",9278651390,8636587336,17915238726,642064054
20190912,"14:41:01","SZ","NB",9331965232,8669547966,18001513198,662417266
20190912,"14:41:01","SH","NB",10661005711,8308840143,18969845854,2352165568
20190912,"14:42:01","SH","NB",10724735004,8358203190,19082938194,2366531814
20190912,"14:42:01","SZ","NB",9373872076,8719931848,18093803924,653940228
20190912,"14:43:01","SH","NB",10777046150,8400770883,19177817033,2376275267
20190912,"14:43:01","SZ","NB",9406045762,8744774048,18150819810,661271714
20190912,"14:44:01","SH","NB",10825288534,8453338504,19278627038,2371950030
20190912,"14:44:01","SZ","NB",9441861738,8782503853,18224365591,659357885
20190912,"14:45:01","SZ","NB",9467952598,8807445535,18275398133,660507063
20190912,"14:45:01","SH","NB",10870540912,8490950745,19361491657,2379590167
20190912,"14:46:01","SH","NB",10958424988,8586377474,19544802462,2372047514
20190912,"14:46:01","SZ","NB",9527996406,8840287092,18368283498,687709314
20190912,"14:47:01","SH","NB",11015524158,8656185121,19671709279,2359339037
20190912,"14:47:01","SZ","NB",9570516821,8868636035,18439152856,701880786
20190912,"14:48:01","SH","NB",11067146215,8719775383,19786921598,2347370832
20190912,"14:48:01","SZ","NB",9622913620,8900649413,18523563033,722264207
20190912,"14:49:01","SH","NB",11126059558,8776676756,19902736314,2349382802
20190912,"14:49:01","SZ","NB",9667935172,8933676416,18601611588,734258756
20190912,"14:50:01","SH","NB",11203197441,8843810852,20047008293,2359386589
20190912,"14:50:01","SZ","NB",9712409735,8968581780,18680991515,743827955
20190912,"14:51:01","SZ","NB",9763988558,9013858061,18777846619,750130497
20190912,"14:51:01","SH","NB",11279917267,8911223863,20191141130,2368693404
20190912,"14:52:01","SH","NB",11333263641,8981789030,20315052671,2351474611
20190912,"14:52:01","SZ","NB",9815879184,9050021781,18865900965,765857403
20190912,"14:53:01","SH","NB",11401325065,9044089570,20445414635,2357235495
20190912,"14:53:01","SZ","NB",9872569583,9099606754,18972176337,772962829
20190912,"14:54:01","SH","NB",11462018466,9111267696,20573286162,2350750770
20190912,"14:54:01","SZ","NB",9924119658,9156080848,19080200506,768038810
20190912,"14:55:01","SH","NB",11519905953,9163218432,20683124385,2356687521
20190912,"14:55:01","SZ","NB",9971371684,9200006482,19171378166,771365202
20190912,"14:56:01","SH","NB",11590853996,9234221618,20825075614,2356632378
20190912,"14:56:01","SZ","NB",10030984178,9260818682,19291802860,770165496
20190912,"14:57:01","SH","NB",11635476003,9298152780,20933628783,2337323223
20190912,"14:57:01","SZ","NB",10067719451,9305262739,19372982190,762456712
20190912,"14:58:01","SH","NB",11635540523,9298214489,20933755012,2337326034
20190912,"14:58:01","SZ","NB",10067903159,9305272686,19373175845,762630473
20190912,"15:01:01","SH","NB",11892451856,9403606788,21296058644,2488845068
20190912,"15:01:01","SZ","NB",10202973153,9396286663,19599259816,806686490
