dataDate,dataTime,connectMarket,tradeDirection,buyTurnover,sellTurnover,totalTurnover,netTurnover
20190905,"09:30:01","SH","NB",96009580,105192812,201202392,-9183232
20190905,"09:30:01","SZ","NB",48124089,28929892,77053981,19194197
20190905,"09:31:01","SH","NB",646371750,317643208,964014958,328728542
20190905,"09:31:01","SZ","NB",358880107,180616784,539496891,178263323
20190905,"09:32:01","SH","NB",1010343160,491345047,1501688207,518998113
20190905,"09:32:01","SZ","NB",591139579,321023183,912162762,270116396
20190905,"09:33:01","SZ","NB",825537182,490371232,1315908414,335165950
20190905,"09:33:01","SH","NB",1327484018,635703836,1963187854,691780182
20190905,"09:34:01","SH","NB",1518922251,788843389,2307765640,730078862
20190905,"09:34:01","SZ","NB",980572316,702626864,1683199180,277945452
20190905,"09:35:01","SH","NB",1827701296,923083865,2750785161,904617431
20190905,"09:35:01","SZ","NB",1240373842,868697826,2109071668,371676016
20190905,"09:36:01","SH","NB",2194714971,1036257422,3230972393,1158457549
20190905,"09:36:01","SZ","NB",1494093484,1030699374,2524792858,463394110
20190905,"09:37:01","SH","NB",2386934073,1194259296,3581193369,1192674777
20190905,"09:37:01","SZ","NB",1625987361,1308538243,2934525604,317449118
20190905,"09:38:01","SH","NB",2649540643,1282283005,3931823648,1367257638
20190905,"09:38:01","SZ","NB",1808616394,1441833978,3250450372,366782416
20190905,"09:39:01","SH","NB",2757359804,1405534597,4162894401,1351825207
20190905,"09:39:01","SZ","NB",1923557814,1621602302,3545160116,301955512
20190905,"09:40:01","SZ","NB",2045017008,1745606961,3790623969,299410047
20190905,"09:40:01","SH","NB",2866040183,1492496531,4358536714,1373543652
20190905,"09:41:01","SH","NB",3006197859,1571438005,4577635864,1434759854
20190905,"09:41:01","SZ","NB",2179791867,1853594964,4033386831,326196903
20190905,"09:42:01","SH","NB",3086273411,1652595367,4738868778,1433678044
20190905,"09:42:01","SZ","NB",2265069203,1958990303,4224059506,306078900
20190905,"09:43:01","SH","NB",3165201167,1742191871,4907393038,1423009296
20190905,"09:43:01","SZ","NB",2353720869,2077464640,4431185509,276256229
20190905,"09:44:01","SH","NB",3350645191,1802893923,5153539114,1547751268
20190905,"09:44:01","SZ","NB",2549192746,2163039122,4712231868,386153624
20190905,"09:45:01","SH","NB",3544169242,1862839701,5407008943,1681329541
20190905,"09:45:01","SZ","NB",2722761077,2234702870,4957463947,488058207
20190905,"09:46:01","SZ","NB",2795362408,2327368144,5122730552,467994264
20190905,"09:46:01","SH","NB",3641684521,1955820552,5597505073,1685863969
20190905,"09:47:01","SH","NB",3724487622,2040358034,5764845656,1684129588
20190905,"09:47:01","SZ","NB",2875643080,2401060319,5276703399,474582761
20190905,"09:48:01","SH","NB",3901992831,2099762504,6001755335,1802230327
20190905,"09:48:01","SZ","NB",3024068619,2469963133,5494031752,554105486
20190905,"09:49:01","SZ","NB",3176919065,2546517514,5723436579,630401551
20190905,"09:49:01","SH","NB",4027823366,2154479070,6182302436,1873344296
20190905,"09:50:01","SH","NB",4192790530,2229648866,6422439396,1963141664
20190905,"09:50:01","SZ","NB",3305933682,2637139929,5943073611,668793753
20190905,"09:51:01","SH","NB",4378472030,2288928990,6667401020,2089543040
20190905,"09:51:01","SZ","NB",3431179167,2753758416,6184937583,677420751
20190905,"09:52:01","SH","NB",4756576418,2359717125,7116293543,2396859293
20190905,"09:52:01","SZ","NB",3684350672,2843119490,6527470162,841231182
20190905,"09:53:01","SH","NB",4880388731,2477740610,7358129341,2402648121
20190905,"09:53:01","SZ","NB",3778171041,3003515617,6781686658,774655424
20190905,"09:54:01","SH","NB",4973881002,2542298732,7516179734,2431582270
20190905,"09:54:01","SZ","NB",3853362788,3068557079,6921919867,784805709
20190905,"09:55:01","SH","NB",5051282941,2605381005,7656663946,2445901936
20190905,"09:55:01","SZ","NB",3945277626,3141167078,7086444704,804110548
20190905,"09:56:01","SH","NB",5187943187,2673537391,7861480578,2514405796
20190905,"09:56:01","SZ","NB",4064788486,3188465092,7253253578,876323394
20190905,"09:57:01","SZ","NB",4150786026,3281167906,7431953932,869618120
20190905,"09:57:01","SH","NB",5318613005,2735028197,8053641202,2583584808
20190905,"09:58:01","SH","NB",5419455002,2786911356,8206366358,2632543646
20190905,"09:58:01","SZ","NB",4242038731,3346184968,7588223699,895853763
20190905,"09:59:01","SH","NB",5554109775,2844723548,8398833323,2709386227
20190905,"09:59:01","SZ","NB",4328143445,3402026613,7730170058,926116832
20190905,"10:00:01","SH","NB",5640957307,2907912361,8548869668,2733044946
20190905,"10:00:01","SZ","NB",4391789185,3482518458,7874307643,909270727
20190905,"10:01:01","SH","NB",5738198034,2968381531,8706579565,2769816503
20190905,"10:01:01","SZ","NB",4487941252,3549324680,8037265932,938616572
20190905,"10:02:01","SH","NB",5826522934,3015161982,8841684916,2811360952
20190905,"10:02:01","SZ","NB",4563065169,3601028035,8164093204,962037134
20190905,"10:03:01","SH","NB",5892016108,3089255374,8981271482,2802760734
20190905,"10:03:01","SZ","NB",4616051434,3668066712,8284118146,947984722
20190905,"10:04:01","SH","NB",6021038471,3146860318,9167898789,2874178153
20190905,"10:04:01","SZ","NB",4710629108,3708990858,8419619966,1001638250
20190905,"10:05:01","SZ","NB",4767937161,3750432191,8518369352,1017504970
20190905,"10:05:01","SH","NB",6093164064,3195193902,9288357966,2897970162
20190905,"10:06:01","SH","NB",6183139526,3257605852,9440745378,2925533674
20190905,"10:06:01","SZ","NB",4850297791,3805898076,8656195867,1044399715
20190905,"10:07:01","SH","NB",6290531226,3304486605,9595017831,2986044621
20190905,"10:07:01","SZ","NB",4994809941,3861055978,8855865919,1133753963
20190905,"10:08:01","SH","NB",6363724210,3344547904,9708272114,3019176306
20190905,"10:08:01","SZ","NB",5082730140,3912882999,8995613139,1169847141
20190905,"10:09:01","SH","NB",6423361125,3398133375,9821494500,3025227750
20190905,"10:09:01","SZ","NB",5133117726,3976054474,9109172200,1157063252
20190905,"10:10:01","SH","NB",6473454949,3446481632,9919936581,3026973317
20190905,"10:10:01","SZ","NB",5182475756,4037404466,9219880222,1145071290
20190905,"10:11:01","SH","NB",6607179832,3507783710,10114963542,3099396122
20190905,"10:11:01","SZ","NB",5274823003,4083317268,9358140271,1191505735
20190905,"10:12:01","SH","NB",6698555070,3543411546,10241966616,3155143524
20190905,"10:12:01","SZ","NB",5386959691,4125042106,9512001797,1261917585
20190905,"10:13:01","SH","NB",6857146677,3590976445,10448123122,3266170232
20190905,"10:13:01","SZ","NB",5487370893,4174757544,9662128437,1312613349
20190905,"10:14:01","SH","NB",7056959873,3640307387,10697267260,3416652486
20190905,"10:14:01","SZ","NB",5709287144,4225616632,9934903776,1483670512
20190905,"10:15:01","SZ","NB",5777883882,4307586407,10085470289,1470297475
20190905,"10:15:01","SH","NB",7142254895,3704972164,10847227059,3437282731
20190905,"10:16:01","SH","NB",7217621841,3805182394,11022804235,3412439447
20190905,"10:16:01","SZ","NB",5840763037,4420754211,10261517248,1420008826
20190905,"10:17:01","SH","NB",7269942830,3857685503,11127628333,3412257327
20190905,"10:17:01","SZ","NB",5881198856,4476241407,10357440263,1404957449
20190905,"10:18:01","SH","NB",7317226572,3894353374,11211579946,3422873198
20190905,"10:18:01","SZ","NB",5930149338,4513183095,10443332433,1416966243
20190905,"10:19:01","SZ","NB",5978648403,4558825966,10537474369,1419822437
20190905,"10:19:01","SH","NB",7368271833,3952948113,11321219946,3415323720
20190905,"10:20:01","SH","NB",7432623068,3993298076,11425921144,3439324992
20190905,"10:20:01","SZ","NB",6041323593,4595185933,10636509526,1446137660
20190905,"10:21:01","SH","NB",7557136459,4047034539,11604170998,3510101920
20190905,"10:21:01","SZ","NB",6096406275,4645564527,10741970802,1450841748
20190905,"10:22:01","SH","NB",7698062973,4101113492,11799176465,3596949481
20190905,"10:22:01","SZ","NB",6189158741,4688401325,10877560066,1500757416
20190905,"10:23:01","SH","NB",7761302079,4155882661,11917184740,3605419418
20190905,"10:23:01","SZ","NB",6244212113,4738097097,10982309210,1506115016
20190905,"10:24:01","SH","NB",7811468614,4220393822,12031862436,3591074792
20190905,"10:24:01","SZ","NB",6296847878,4802517105,11099364983,1494330773
20190905,"10:25:01","SZ","NB",6350605183,4866638635,11217243818,1483966548
20190905,"10:25:01","SH","NB",7884058286,4281707497,12165765783,3602350789
20190905,"10:26:01","SH","NB",7963700847,4327308332,12291009179,3636392515
20190905,"10:26:01","SZ","NB",6428347936,4918844409,11347192345,1509503527
20190905,"10:27:01","SH","NB",8053783744,4378589777,12432373521,3675193967
20190905,"10:27:01","SZ","NB",6525620706,4945488227,11471108933,1580132479
20190905,"10:28:01","SH","NB",8215494889,4425415953,12640910842,3790078936
20190905,"10:28:01","SZ","NB",6684824881,4985385250,11670210131,1699439631
20190905,"10:29:01","SH","NB",8289401798,4491395233,12780797031,3798006565
20190905,"10:29:01","SZ","NB",6745519001,5053072701,11798591702,1692446300
20190905,"10:30:01","SH","NB",8334771182,4564936294,12899707476,3769834888
20190905,"10:30:01","SZ","NB",6791591552,5117026604,11908618156,1674564948
20190905,"10:31:01","SH","NB",8473982364,4606274932,13080257296,3867707432
20190905,"10:31:01","SZ","NB",6995471519,5156368055,12151839574,1839103464
20190905,"10:32:01","SH","NB",8679118280,4655051213,13334169493,4024067067
20190905,"10:32:01","SZ","NB",7231114598,5195928392,12427042990,2035186206
20190905,"10:33:01","SZ","NB",7593516898,5234428835,12827945733,2359088063
20190905,"10:33:01","SH","NB",9100697741,4715016618,13815714359,4385681123
20190905,"10:34:01","SH","NB",9233758010,4768810897,14002568907,4464947113
20190905,"10:34:01","SZ","NB",7770221943,5295449939,13065671882,2474772004
20190905,"10:35:01","SH","NB",9325526707,4873694867,14199221574,4451831840
20190905,"10:35:01","SZ","NB",7885171811,5355169683,13240341494,2530002128
20190905,"10:36:01","SH","NB",9468977407,4957718372,14426695779,4511259035
20190905,"10:36:01","SZ","NB",8067680878,5412905974,13480586852,2654774904
20190905,"10:37:01","SH","NB",9583999241,5167477133,14751476374,4416522108
20190905,"10:37:01","SZ","NB",8153623905,5489455698,13643079603,2664168207
20190905,"10:38:01","SH","NB",9643767792,5268122311,14911890103,4375645481
20190905,"10:38:01","SZ","NB",8227551291,5550568634,13778119925,2676982657
20190905,"10:39:01","SH","NB",9727421073,5324584693,15052005766,4402836380
20190905,"10:39:01","SZ","NB",8316705222,5576313118,13893018340,2740392104
20190905,"10:40:01","SH","NB",9775240922,5373597051,15148837973,4401643871
20190905,"10:40:01","SZ","NB",8392890258,5609846840,14002737098,2783043418
20190905,"10:41:01","SZ","NB",8461555417,5641674950,14103230367,2819880467
20190905,"10:41:01","SH","NB",9832350046,5426071066,15258421112,4406278980
20190905,"10:42:01","SH","NB",9882599465,5482355660,15364955125,4400243805
20190905,"10:42:01","SZ","NB",8512689348,5672666130,14185355478,2840023218
20190905,"10:43:01","SH","NB",9956246435,5519016608,15475263043,4437229827
20190905,"10:43:01","SZ","NB",8589169643,5712283851,14301453494,2876885792
20190905,"10:44:01","SH","NB",10029070267,5563611796,15592682063,4465458471
20190905,"10:44:01","SZ","NB",8643922344,5742369358,14386291702,2901552986
20190905,"10:45:01","SH","NB",10115254682,5600471164,15715725846,4514783518
20190905,"10:45:01","SZ","NB",8745419740,5767869024,14513288764,2977550716
20190905,"10:46:01","SH","NB",10174310514,5654807864,15829118378,4519502650
20190905,"10:46:01","SZ","NB",8828020144,5815996037,14644016181,3012024107
20190905,"10:47:01","SZ","NB",8866596505,5850625271,14717221776,3015971234
20190905,"10:47:01","SH","NB",10206685602,5691892487,15898578089,4514793115
20190905,"10:48:01","SH","NB",10251739349,5813050783,16064790132,4438688566
20190905,"10:48:01","SZ","NB",8910649016,5995542661,14906191677,2915106355
20190905,"10:49:01","SH","NB",10300016131,5870901090,16170917221,4429115041
20190905,"10:49:01","SZ","NB",8956365007,6042374823,14998739830,2913990184
20190905,"10:50:01","SZ","NB",9023195870,6073087884,15096283754,2950107986
20190905,"10:50:01","SH","NB",10384692034,5917076750,16301768784,4467615284
20190905,"10:51:01","SH","NB",10439967814,5955640629,16395608443,4484327185
20190905,"10:51:01","SZ","NB",9070159235,6099252581,15169411816,2970906654
20190905,"10:52:01","SH","NB",10494757213,5981926988,16476684201,4512830225
20190905,"10:52:01","SZ","NB",9137891568,6123201464,15261093032,3014690104
20190905,"10:53:01","SH","NB",10553135917,6009514848,16562650765,4543621069
20190905,"10:53:01","SZ","NB",9196869630,6140819778,15337689408,3056049852
20190905,"10:54:01","SH","NB",10588485324,6033243389,16621728713,4555241935
20190905,"10:54:01","SZ","NB",9233587593,6165328304,15398915897,3068259289
20190905,"10:55:01","SH","NB",10626572643,6069171621,16695744264,4557401022
20190905,"10:55:01","SZ","NB",9266461082,6209774085,15476235167,3056686997
20190905,"10:56:01","SH","NB",10666330292,6103168985,16769499277,4563161307
20190905,"10:56:01","SZ","NB",9295995631,6240677803,15536673434,3055317828
20190905,"10:57:01","SH","NB",10706092695,6136618326,16842711021,4569474369
20190905,"10:57:01","SZ","NB",9331741156,6260572660,15592313816,3071168496
20190905,"10:58:01","SH","NB",10740412771,6163792341,16904205112,4576620430
20190905,"10:58:01","SZ","NB",9363928993,6286271577,15650200570,3077657416
20190905,"10:59:01","SZ","NB",9392547177,6308810922,15701358099,3083736255
20190905,"10:59:01","SH","NB",10778327475,6190134944,16968462419,4588192531
20190905,"11:00:01","SH","NB",10870990841,6218615109,17089605950,4652375732
20190905,"11:00:01","SZ","NB",9489341178,6329189830,15818531008,3160151348
20190905,"11:01:01","SH","NB",10966272467,6255197889,17221470356,4711074578
20190905,"11:01:01","SZ","NB",9618140732,6357498895,15975639627,3260641837
20190905,"11:02:01","SZ","NB",9675929377,6401177423,16077106800,3274751954
20190905,"11:02:01","SH","NB",11024163425,6298097252,17322260677,4726066173
20190905,"11:03:01","SH","NB",11063888820,6339325767,17403214587,4724563053
20190905,"11:03:01","SZ","NB",9707344448,6446442517,16153786965,3260901931
20190905,"11:04:01","SH","NB",11102581425,6385078996,17487660421,4717502429
20190905,"11:04:01","SZ","NB",9737914741,6508731042,16246645783,3229183699
20190905,"11:05:01","SH","NB",11142386411,6474718806,17617105217,4667667605
20190905,"11:05:01","SZ","NB",9773035653,6574685304,16347720957,3198350349
20190905,"11:06:01","SH","NB",11190421648,6534812076,17725233724,4655609572
20190905,"11:06:01","SZ","NB",9811013579,6613119110,16424132689,3197894469
20190905,"11:07:01","SH","NB",11257571550,6562943664,17820515214,4694627886
20190905,"11:07:01","SZ","NB",9851343690,6640643258,16491986948,3210700432
20190905,"11:08:01","SH","NB",11306434709,6585566054,17892000763,4720868655
20190905,"11:08:01","SZ","NB",9882127036,6657755360,16539882396,3224371676
20190905,"11:09:01","SH","NB",11367781523,6610301898,17978083421,4757479625
20190905,"11:09:01","SZ","NB",9935483958,6679222763,16614706721,3256261195
20190905,"11:10:01","SH","NB",11410860354,6637932123,18048792477,4772928231
20190905,"11:10:01","SZ","NB",9978369652,6700145553,16678515205,3278224099
20190905,"11:11:01","SH","NB",11445612626,6674821149,18120433775,4770791477
20190905,"11:11:01","SZ","NB",10018822001,6734934818,16753756819,3283887183
20190905,"11:12:01","SZ","NB",10055835886,6758592405,16814428291,3297243481
20190905,"11:12:01","SH","NB",11483186631,6700467637,18183654268,4782718994
20190905,"11:13:01","SH","NB",11526692572,6721433132,18248125704,4805259440
20190905,"11:13:01","SZ","NB",10093026394,6780533066,16873559460,3312493328
20190905,"11:14:01","SH","NB",11562914546,6753392469,18316307015,4809522077
20190905,"11:14:01","SZ","NB",10127708192,6826577515,16954285707,3301130677
20190905,"11:15:01","SH","NB",11600930469,6815220364,18416150833,4785710105
20190905,"11:15:01","SZ","NB",10162512875,6889121960,17051634835,3273390915
20190905,"11:16:01","SH","NB",11633334454,6850253580,18483588034,4783080874
20190905,"11:16:01","SZ","NB",10202250466,6914905207,17117155673,3287345259
20190905,"11:17:01","SH","NB",11661288630,6890078623,18551367253,4771210007
20190905,"11:17:01","SZ","NB",10235112361,6942180793,17177293154,3292931568
20190905,"11:18:01","SZ","NB",10272412303,6965195012,17237607315,3307217291
20190905,"11:18:01","SH","NB",11691352674,6918349407,18609702081,4773003267
20190905,"11:19:01","SH","NB",11719746266,6949242217,18668988483,4770504049
20190905,"11:19:01","SZ","NB",10306273421,7001920344,17308193765,3304353077
20190905,"11:20:01","SZ","NB",10338510853,7018862585,17357373438,3319648268
20190905,"11:20:01","SH","NB",11756031174,6979424123,18735455297,4776607051
20190905,"11:21:01","SH","NB",11784818475,6999694829,18784513304,4785123646
20190905,"11:21:01","SZ","NB",10369934255,7039540955,17409475210,3330393300
20190905,"11:22:01","SH","NB",11817060780,7024587721,18841648501,4792473059
20190905,"11:22:01","SZ","NB",10400260005,7060351401,17460611406,3339908604
20190905,"11:23:01","SH","NB",11850707373,7049364831,18900072204,4801342542
20190905,"11:23:01","SZ","NB",10419087942,7086946799,17506034741,3332141143
20190905,"11:24:01","SH","NB",11878861007,7068849420,18947710427,4810011587
20190905,"11:24:01","SZ","NB",10449118140,7104158636,17553276776,3344959504
20190905,"11:25:01","SH","NB",11909311505,7094359367,19003670872,4814952138
20190905,"11:25:01","SZ","NB",10475416965,7119560165,17594977130,3355856800
20190905,"11:26:01","SH","NB",11936049116,7122002425,19058051541,4814046691
20190905,"11:26:01","SZ","NB",10518321756,7144924338,17663246094,3373397418
20190905,"11:27:01","SH","NB",11964159925,7149832363,19113992288,4814327562
20190905,"11:27:01","SZ","NB",10557583041,7166115374,17723698415,3391467667
20190905,"11:28:01","SH","NB",11992660153,7167204621,19159864774,4825455532
20190905,"11:28:01","SZ","NB",10582110062,7186120646,17768230708,3395989416
20190905,"11:29:01","SH","NB",12039393541,7186333810,19225727351,4853059731
20190905,"11:29:01","SZ","NB",10633623633,7205924097,17839547730,3427699536
20190905,"11:30:01","SZ","NB",10660292008,7229251355,17889543363,3431040653
20190905,"11:30:01","SH","NB",12067365894,7204292875,19271658769,4863073019
20190905,"11:31:01","SH","NB",12068556085,7204469570,19273025655,4864086515
20190905,"11:31:01","SZ","NB",10660493690,7229251355,17889745045,3431242335
20190905,"13:01:01","SH","NB",12165050097,7266527959,19431578056,4898522138
20190905,"13:01:01","SZ","NB",10743405117,7311120169,18054525286,3432284948
20190905,"13:02:01","SH","NB",12208899523,7301691163,19510590686,4907208360
20190905,"13:02:01","SZ","NB",10776622409,7372034641,18148657050,3404587768
20190905,"13:03:01","SH","NB",12242116001,7331605334,19573721335,4910510667
20190905,"13:03:01","SZ","NB",10805616344,7403894032,18209510376,3401722312
20190905,"13:04:01","SH","NB",12269869869,7363677391,19633547260,4906192478
20190905,"13:04:01","SZ","NB",10831469690,7442152985,18273622675,3389316705
20190905,"13:05:01","SH","NB",12303456950,7396514371,19699971321,4906942579
20190905,"13:05:01","SZ","NB",10874032090,7472691757,18346723847,3401340333
20190905,"13:06:01","SH","NB",12336984875,7427500872,19764485747,4909484003
20190905,"13:06:01","SZ","NB",10910856067,7504169821,18415025888,3406686246
20190905,"13:07:01","SZ","NB",10941595151,7532952979,18474548130,3408642172
20190905,"13:07:01","SH","NB",12374749712,7459839237,19834588949,4914910475
20190905,"13:08:01","SH","NB",12428390363,7488935213,19917325576,4939455150
20190905,"13:08:01","SZ","NB",10968233033,7556786550,18525019583,3411446483
20190905,"13:09:01","SH","NB",12473021568,7519061234,19992082802,4953960334
20190905,"13:09:01","SZ","NB",11006231161,7586292702,18592523863,3419938459
20190905,"13:10:01","SZ","NB",11039974075,7616867001,18656841076,3423107074
20190905,"13:10:01","SH","NB",12510233092,7550920646,20061153738,4959312446
20190905,"13:11:01","SH","NB",12565313030,7575278396,20140591426,4990034634
20190905,"13:11:01","SZ","NB",11085960608,7644311503,18730272111,3441649105
20190905,"13:12:01","SH","NB",12616462664,7609342752,20225805416,5007119912
20190905,"13:12:01","SZ","NB",11125590005,7669923054,18795513059,3455666951
20190905,"13:13:01","SH","NB",12658409562,7631200137,20289609699,5027209425
20190905,"13:13:01","SZ","NB",11181045659,7696398550,18877444209,3484647109
20190905,"13:14:01","SH","NB",12709102957,7654303803,20363406760,5054799154
20190905,"13:14:01","SZ","NB",11228332224,7723713392,18952045616,3504618832
20190905,"13:15:01","SH","NB",12798218153,7684936132,20483154285,5113282021
20190905,"13:15:01","SZ","NB",11288229850,7757628462,19045858312,3530601388
20190905,"13:16:01","SH","NB",12860195591,7710521551,20570717142,5149674040
20190905,"13:16:01","SZ","NB",11355908590,7795249241,19151157831,3560659349
20190905,"13:17:01","SH","NB",12929989717,7747036682,20677026399,5182953035
20190905,"13:17:01","SZ","NB",11410252548,7845724517,19255977065,3564528031
20190905,"13:18:01","SH","NB",12986451802,7781207407,20767659209,5205244395
20190905,"13:18:01","SZ","NB",11451064390,7889494376,19340558766,3561570014
20190905,"13:19:01","SZ","NB",11491420955,7913332946,19404753901,3578088009
20190905,"13:19:01","SH","NB",13032076360,7815678498,20847754858,5216397862
20190905,"13:20:01","SH","NB",13085726731,7840169378,20925896109,5245557353
20190905,"13:20:01","SZ","NB",11534254419,7943547297,19477801716,3590707122
20190905,"13:21:01","SH","NB",13145946464,7875329555,21021276019,5270616909
20190905,"13:21:01","SZ","NB",11574747640,7980661224,19555408864,3594086416
20190905,"13:22:01","SZ","NB",11610598483,8016724229,19627322712,3593874254
20190905,"13:22:01","SH","NB",13178647295,7907345381,21085992676,5271301914
20190905,"13:23:01","SH","NB",13220589145,7942490784,21163079929,5278098361
20190905,"13:23:01","SZ","NB",11649776450,8045306862,19695083312,3604469588
20190905,"13:24:01","SH","NB",13265003598,7971766346,21236769944,5293237252
20190905,"13:24:01","SZ","NB",11689050424,8081708216,19770758640,3607342208
20190905,"13:25:01","SH","NB",13299391017,8007111419,21306502436,5292279598
20190905,"13:25:01","SZ","NB",11718223254,8112236000,19830459254,3605987254
20190905,"13:26:01","SZ","NB",11755786798,8166421903,19922208701,3589364895
20190905,"13:26:01","SH","NB",13344154807,8059528974,21403683781,5284625833
20190905,"13:27:01","SH","NB",13374819499,8102114854,21476934353,5272704645
20190905,"13:27:01","SZ","NB",11780243211,8211011961,19991255172,3569231250
20190905,"13:28:01","SH","NB",13419479538,8134842997,21554322535,5284636541
20190905,"13:28:01","SZ","NB",11809258842,8241298976,20050557818,3567959866
20190905,"13:29:01","SH","NB",13460697831,8166844660,21627542491,5293853171
20190905,"13:29:01","SZ","NB",11842818778,8264267560,20107086338,3578551218
20190905,"13:30:01","SH","NB",13496109460,8198359870,21694469330,5297749590
20190905,"13:30:01","SZ","NB",11866449973,8287638909,20154088882,3578811064
20190905,"13:31:01","SH","NB",13531606990,8228467957,21760074947,5303139033
20190905,"13:31:01","SZ","NB",11904745664,8311843394,20216589058,3592902270
20190905,"13:32:01","SH","NB",13582048166,8255895930,21837944096,5326152236
20190905,"13:32:01","SZ","NB",11932003652,8343337766,20275341418,3588665886
20190905,"13:33:01","SH","NB",13622454591,8287234970,21909689561,5335219621
20190905,"13:33:01","SZ","NB",11967084541,8367375636,20334460177,3599708905
20190905,"13:34:01","SZ","NB",12002977332,8398496727,20401474059,3604480605
20190905,"13:34:01","SH","NB",13649696152,8315909925,21965606077,5333786227
20190905,"13:35:01","SH","NB",13681285887,8347500071,22028785958,5333785816
20190905,"13:35:01","SZ","NB",12033526365,8445578960,20479105325,3587947405
20190905,"13:36:01","SH","NB",13731164698,8383350891,22114515589,5347813807
20190905,"13:36:01","SZ","NB",12065838362,8482210731,20548049093,3583627631
20190905,"13:37:01","SH","NB",13785174151,8416535837,22201709988,5368638314
20190905,"13:37:01","SZ","NB",12100716257,8522926231,20623642488,3577790026
20190905,"13:38:01","SH","NB",13830536808,8440882056,22271418864,5389654752
20190905,"13:38:01","SZ","NB",12143466031,8546588894,20690054925,3596877137
20190905,"13:39:01","SH","NB",13864064952,8467219385,22331284337,5396845567
20190905,"13:39:01","SZ","NB",12170064673,8579087514,20749152187,3590977159
20190905,"13:40:01","SZ","NB",12190551736,8599924894,20790476630,3590626842
20190905,"13:40:01","SH","NB",13890593429,8489649471,22380242900,5400943958
20190905,"13:41:01","SH","NB",13930984076,8527140748,22458124824,5403843328
20190905,"13:41:01","SZ","NB",12231372879,8638289357,20869662236,3593083522
20190905,"13:42:01","SH","NB",13973654011,8547336445,22520990456,5426317566
20190905,"13:42:01","SZ","NB",12263445753,8672047180,20935492933,3591398573
20190905,"13:43:01","SH","NB",14008127591,8577408800,22585536391,5430718791
20190905,"13:43:01","SZ","NB",12303787115,8695026747,20998813862,3608760368
20190905,"13:44:01","SH","NB",14030699746,8603704008,22634403754,5426995738
20190905,"13:44:01","SZ","NB",12342277128,8728652776,21070929904,3613624352
20190905,"13:45:01","SH","NB",14074042775,8628468926,22702511701,5445573849
20190905,"13:45:01","SZ","NB",12371458847,8756465621,21127924468,3614993226
20190905,"13:46:01","SH","NB",14122589219,8666923946,22789513165,5455665273
20190905,"13:46:01","SZ","NB",12401016124,8801355887,21202372011,3599660237
20190905,"13:47:01","SH","NB",14150485814,8711804096,22862289910,5438681718
20190905,"13:47:01","SZ","NB",12431280638,8837464545,21268745183,3593816093
20190905,"13:48:01","SH","NB",14184255777,8736409898,22920665675,5447845879
20190905,"13:48:01","SZ","NB",12456269326,8863017264,21319286590,3593252062
20190905,"13:49:01","SH","NB",14215364791,8777239923,22992604714,5438124868
20190905,"13:49:01","SZ","NB",12484522851,8898833784,21383356635,3585689067
20190905,"13:50:01","SZ","NB",12510652846,8923416018,21434068864,3587236828
20190905,"13:50:01","SH","NB",14255036916,8802119529,23057156445,5452917387
20190905,"13:51:01","SH","NB",14293285951,8842191619,23135477570,5451094332
20190905,"13:51:01","SZ","NB",12542744987,8952170175,21494915162,3590574812
20190905,"13:52:01","SH","NB",14332057245,8867761975,23199819220,5464295270
20190905,"13:52:01","SZ","NB",12577637927,8975810601,21553448528,3601827326
20190905,"13:53:01","SH","NB",14394978564,8905853805,23300832369,5489124759
20190905,"13:53:01","SZ","NB",12619861062,9004193343,21624054405,3615667719
20190905,"13:54:01","SH","NB",14441292529,8927651342,23368943871,5513641187
20190905,"13:54:01","SZ","NB",12647867980,9024975341,21672843321,3622892639
20190905,"13:55:01","SH","NB",14472994216,8948825728,23421819944,5524168488
20190905,"13:55:01","SZ","NB",12672413404,9050194044,21722607448,3622219360
20190905,"13:56:01","SH","NB",14516274274,8971934416,23488208690,5544339858
20190905,"13:56:01","SZ","NB",12717853354,9081525016,21799378370,3636328338
20190905,"13:57:01","SH","NB",14555043103,9007884382,23562927485,5547158721
20190905,"13:57:01","SZ","NB",12752053409,9117281592,21869335001,3634771817
20190905,"13:58:01","SH","NB",14584165874,9051296515,23635462389,5532869359
20190905,"13:58:01","SZ","NB",12783926286,9164250803,21948177089,3619675483
20190905,"13:59:01","SZ","NB",12833888925,9217805624,22051694549,3616083301
20190905,"13:59:01","SH","NB",14615815528,9111686955,23727502483,5504128573
20190905,"14:00:01","SH","NB",14656094165,9230942463,23887036628,5425151702
20190905,"14:00:01","SZ","NB",12870187478,9291807117,22161994595,3578380361
20190905,"14:01:01","SH","NB",14708006579,9341935508,24049942087,5366071071
20190905,"14:01:01","SZ","NB",12906973796,9363236419,22270210215,3543737377
20190905,"14:02:01","SH","NB",14761304072,9392230204,24153534276,5369073868
20190905,"14:02:01","SZ","NB",12949671110,9402839120,22352510230,3546831990
20190905,"14:03:01","SH","NB",14809218398,9504095636,24313314034,5305122762
20190905,"14:03:01","SZ","NB",12987115474,9467181781,22454297255,3519933693
20190905,"14:04:01","SH","NB",14853567980,9599227516,24452795496,5254340464
20190905,"14:04:01","SZ","NB",13026854895,9538007411,22564862306,3488847484
20190905,"14:05:01","SH","NB",14898919817,9646787029,24545706846,5252132788
20190905,"14:05:01","SZ","NB",13072135699,9574695149,22646830848,3497440550
20190905,"14:06:01","SH","NB",14952339126,9687918059,24640257185,5264421067
20190905,"14:06:01","SZ","NB",13118158727,9605199724,22723358451,3512959003
20190905,"14:07:01","SZ","NB",13148357856,9625427043,22773784899,3522930813
20190905,"14:07:01","SH","NB",15003841181,9725236856,24729078037,5278604325
20190905,"14:08:01","SH","NB",15035557789,9764461694,24800019483,5271096095
20190905,"14:08:01","SZ","NB",13177631511,9645042241,22822673752,3532589270
20190905,"14:09:01","SH","NB",15070998524,9803228046,24874226570,5267770478
20190905,"14:09:01","SZ","NB",13202336307,9668698540,22871034847,3533637767
20190905,"14:10:01","SH","NB",15105893904,9882025583,24987919487,5223868321
20190905,"14:10:01","SZ","NB",13224772731,9717774197,22942546928,3506998534
20190905,"14:11:01","SH","NB",15148346464,9922260727,25070607191,5226085737
20190905,"14:11:01","SZ","NB",13258418043,9763435886,23021853929,3494982157
20190905,"14:12:01","SH","NB",15211444488,10000641860,25212086348,5210802628
20190905,"14:12:01","SZ","NB",13313092462,9838255508,23151347970,3474836954
20190905,"14:13:01","SH","NB",15254600092,10071098051,25325698143,5183502041
20190905,"14:13:01","SZ","NB",13350263320,9901980793,23252244113,3448282527
20190905,"14:14:01","SZ","NB",13393680092,9935556432,23329236524,3458123660
20190905,"14:14:01","SH","NB",15315035331,10105604087,25420639418,5209431244
20190905,"14:15:01","SH","NB",15368911049,10150892423,25519803472,5218018626
20190905,"14:15:01","SZ","NB",13429850908,9969439529,23399290437,3460411379
20190905,"14:16:01","SH","NB",15419902188,10186249137,25606151325,5233653051
20190905,"14:16:01","SZ","NB",13471351053,10004362714,23475713767,3466988339
20190905,"14:17:01","SH","NB",15458243609,10224062838,25682306447,5234180771
20190905,"14:17:01","SZ","NB",13499455005,10027993667,23527448672,3471461338
20190905,"14:18:01","SZ","NB",13523250718,10059412298,23582663016,3463838420
20190905,"14:18:01","SH","NB",15491407724,10261551833,25752959557,5229855891
20190905,"14:19:01","SH","NB",15535949431,10403468548,25939417979,5132480883
20190905,"14:19:01","SZ","NB",13552929025,10158802486,23711731511,3394126539
20190905,"14:20:01","SH","NB",15588247395,10478876105,26067123500,5109371290
20190905,"14:20:01","SZ","NB",13581835482,10232250948,23814086430,3349584534
20190905,"14:21:01","SH","NB",15633357545,10540381026,26173738571,5092976519
20190905,"14:21:01","SZ","NB",13624265439,10286916799,23911182238,3337348640
20190905,"14:22:01","SH","NB",15681571577,10589741132,26271312709,5091830445
20190905,"14:22:01","SZ","NB",13667071993,10366335154,24033407147,3300736839
20190905,"14:23:01","SH","NB",15733624993,10711549910,26445174903,5022075083
20190905,"14:23:01","SZ","NB",13706558967,10440525774,24147084741,3266033193
20190905,"14:24:01","SZ","NB",13771443281,10486090469,24257533750,3285352812
20190905,"14:24:01","SH","NB",15780885488,10770567947,26551453435,5010317541
20190905,"14:25:01","SH","NB",15830114173,10819503662,26649617835,5010610511
20190905,"14:25:01","SZ","NB",13817539837,10521412946,24338952783,3296126891
20190905,"14:26:01","SH","NB",15889204894,10867711463,26756916357,5021493431
20190905,"14:26:01","SZ","NB",13869298661,10564619238,24433917899,3304679423
20190905,"14:27:01","SH","NB",15932526968,10905991278,26838518246,5026535690
20190905,"14:27:01","SZ","NB",13909042854,10597158704,24506201558,3311884150
20190905,"14:28:01","SH","NB",15974635337,10941840029,26916475366,5032795308
20190905,"14:28:01","SZ","NB",13944377452,10635281755,24579659207,3309095697
20190905,"14:29:01","SH","NB",16007915620,10984966220,26992881840,5022949400
20190905,"14:29:01","SZ","NB",13974048700,10666685063,24640733763,3307363637
20190905,"14:30:01","SH","NB",16043719530,11018395666,27062115196,5025323864
20190905,"14:30:01","SZ","NB",14001924909,10690144251,24692069160,3311780658
20190905,"14:31:01","SZ","NB",14040785266,10730328593,24771113859,3310456673
20190905,"14:31:01","SH","NB",16089855280,11065117972,27154973252,5024737308
20190905,"14:32:01","SH","NB",16139395352,11104931797,27244327149,5034463555
20190905,"14:32:01","SZ","NB",14092831635,10762267705,24855099340,3330563930
20190905,"14:33:01","SH","NB",16181067434,11131132970,27312200404,5049934464
20190905,"14:33:01","SZ","NB",14123978679,10787658463,24911637142,3336320216
20190905,"14:34:01","SH","NB",16224400200,11158787413,27383187613,5065612787
20190905,"14:34:01","SZ","NB",14168632876,10811886564,24980519440,3356746312
20190905,"14:35:01","SH","NB",16270325788,11189888481,27460214269,5080437307
20190905,"14:35:01","SZ","NB",14202342621,10837950082,25040292703,3364392539
20190905,"14:36:01","SZ","NB",14241927301,10884710490,25126637791,3357216811
20190905,"14:36:01","SH","NB",16324262675,11242021231,27566283906,5082241444
20190905,"14:37:01","SH","NB",16363687324,11285704654,27649391978,5077982670
20190905,"14:37:01","SZ","NB",14277989383,10919376582,25197365965,3358612801
20190905,"14:38:01","SH","NB",16411207054,11320498366,27731705420,5090708688
20190905,"14:38:01","SZ","NB",14315474879,10940742126,25256217005,3374732753
20190905,"14:39:01","SH","NB",16458755202,11359509631,27818264833,5099245571
20190905,"14:39:01","SZ","NB",14362342394,10970676352,25333018746,3391666042
20190905,"14:40:01","SH","NB",16495810600,11387800370,27883610970,5108010230
20190905,"14:40:01","SZ","NB",14398116812,10995806164,25393922976,3402310648
20190905,"14:41:01","SH","NB",16538297581,11433674082,27971971663,5104623499
20190905,"14:41:01","SZ","NB",14442337367,11030022422,25472359789,3412314945
20190905,"14:42:01","SZ","NB",14481786663,11088606720,25570393383,3393179943
20190905,"14:42:01","SH","NB",16585426162,11493772988,28079199150,5091653174
20190905,"14:43:01","SH","NB",16627753311,11542346970,28170100281,5085406341
20190905,"14:43:01","SZ","NB",14526225757,11116792204,25643017961,3409433553
20190905,"14:44:01","SH","NB",16667685134,11583098010,28250783144,5084587124
20190905,"14:44:01","SZ","NB",14583928972,11145159504,25729088476,3438769468
20190905,"14:45:01","SH","NB",16724434670,11646192484,28370627154,5078242186
20190905,"14:45:01","SZ","NB",14641021586,11187208418,25828230004,3453813168
20190905,"14:46:01","SZ","NB",14721295029,11274161288,25995456317,3447133741
20190905,"14:46:01","SH","NB",16806658157,11737671072,28544329229,5068987085
20190905,"14:47:01","SH","NB",16868041369,11782272492,28650313861,5085768877
20190905,"14:47:01","SZ","NB",14797959079,11314248623,26112207702,3483710456
20190905,"14:48:01","SH","NB",16925768270,11819139713,28744907983,5106628557
20190905,"14:48:01","SZ","NB",14862215915,11346787399,26209003314,3515428516
20190905,"14:49:01","SZ","NB",14927778359,11377063760,26304842119,3550714599
20190905,"14:49:01","SH","NB",17003545990,11856728174,28860274164,5146817816
20190905,"14:50:01","SH","NB",17067013794,11888069877,28955083671,5178943917
20190905,"14:50:01","SZ","NB",14991352032,11407837461,26399189493,3583514571
20190905,"14:51:01","SZ","NB",15058852037,11451373888,26510225925,3607478149
20190905,"14:51:01","SH","NB",17130828337,11931582896,29062411233,5199245441
20190905,"14:52:01","SH","NB",17185799012,11978897818,29164696830,5206901194
20190905,"14:52:01","SZ","NB",15112857237,11488118956,26600976193,3624738281
20190905,"14:53:01","SH","NB",17238417010,12038705035,29277122045,5199711975
20190905,"14:53:01","SZ","NB",15160556276,11537033310,26697589586,3623522966
20190905,"14:54:01","SH","NB",17304517575,12097879097,29402396672,5206638478
20190905,"14:54:01","SZ","NB",15209325335,11580788784,26790114119,3628536551
20190905,"14:55:01","SH","NB",17371394226,12151096668,29522490894,5220297558
20190905,"14:55:01","SZ","NB",15271562116,11623548429,26895110545,3648013687
20190905,"14:56:01","SH","NB",17447407258,12210604317,29658011575,5236802941
20190905,"14:56:01","SZ","NB",15340414421,11672387611,27012802032,3668026810
20190905,"14:57:01","SH","NB",17499045620,12254813145,29753858765,5244232475
20190905,"14:57:01","SZ","NB",15396291045,11711401726,27107692771,3684889319
20190905,"14:58:01","SH","NB",17499435568,12255190596,29754626164,5244244972
20190905,"14:58:01","SZ","NB",15396495022,11711412238,27107907260,3685082784
20190905,"15:01:01","SH","NB",17785030427,12373716210,30158746637,5411314217
20190905,"15:01:01","SZ","NB",15590807106,11819795580,27410602686,3771011526
