dataDate,dataTime,connectMarket,tradeDirection,buyTurnover,sellTurnover,totalTurnover,netTurnover
20200601,"09:30:01","SH","NB",158522405,94384184,252906589,64138221
20200601,"09:30:01","SZ","NB",217389615,107681714,325071329,109707901
20200601,"09:31:01","SH","NB",668794849,244673790,913468639,424121059
20200601,"09:31:01","SZ","NB",758415823,406473574,1164889397,351942249
20200601,"09:32:01","SH","NB",1103483182,460651852,1564135034,642831330
20200601,"09:32:01","SZ","NB",1249580248,833765561,2083345809,415814687
20200601,"09:33:01","SH","NB",1406109625,627924628,2034034253,778184997
20200601,"09:33:01","SZ","NB",1620348312,1106860374,2727208686,513487938
20200601,"09:34:01","SH","NB",1666824934,884026126,2550851060,782798808
20200601,"09:34:01","SZ","NB",1913758369,1492577476,3406335845,421180893
20200601,"09:35:01","SH","NB",1880502737,1060657769,2941160506,819844968
20200601,"09:35:01","SZ","NB",2272578341,1718528735,3991107076,554049606
20200601,"09:36:01","SH","NB",2098574083,1216767910,3315341993,881806173
20200601,"09:36:01","SZ","NB",2657970701,1916221521,4574192222,741749180
20200601,"09:37:01","SH","NB",2275593938,1446455105,3722049043,829138833
20200601,"09:37:01","SZ","NB",3037863605,2184695470,5222559075,853168135
20200601,"09:38:01","SZ","NB",3277785768,2336442501,5614228269,941343267
20200601,"09:38:01","SH","NB",2398994349,1575224932,3974219281,823769417
20200601,"09:39:01","SH","NB",2545871865,1666589517,4212461382,879282348
20200601,"09:39:01","SZ","NB",3562003239,2465351036,6027354275,1096652203
20200601,"09:40:01","SH","NB",2694997770,1757895265,4452893035,937102505
20200601,"09:40:01","SZ","NB",3863655310,2587179224,6450834534,1276476086
20200601,"09:41:01","SH","NB",2864009600,1927175762,4791185362,936833838
20200601,"09:41:01","SZ","NB",4227063491,2909496418,7136559909,1317567073
20200601,"09:42:01","SH","NB",2984861610,2023813475,5008675085,961048135
20200601,"09:42:01","SZ","NB",4442911272,3055397393,7498308665,1387513879
20200601,"09:43:01","SZ","NB",4749432644,3247933296,7997365940,1501499348
20200601,"09:43:01","SH","NB",3210990461,2117924907,5328915368,1093065554
20200601,"09:44:01","SH","NB",3368942839,2215707056,5584649895,1153235783
20200601,"09:44:01","SZ","NB",5000436236,3427954648,8428390884,1572481588
20200601,"09:45:01","SH","NB",3537441611,2384077171,5921518782,1153364440
20200601,"09:45:01","SZ","NB",5181089130,3702838213,8883927343,1478250917
20200601,"09:46:01","SH","NB",3669830883,2551539377,6221370260,1118291506
20200601,"09:46:01","SZ","NB",5350121781,3966752908,9316874689,1383368873
20200601,"09:47:01","SH","NB",3776860958,2636552049,6413413007,1140308909
20200601,"09:47:01","SZ","NB",5560583490,4127752250,9688335740,1432831240
20200601,"09:48:01","SH","NB",3924250548,2717533013,6641783561,1206717535
20200601,"09:48:01","SZ","NB",5838165370,4274778135,10112943505,1563387235
20200601,"09:49:01","SH","NB",4019293157,2799298802,6818591959,1219994355
20200601,"09:49:01","SZ","NB",5984336664,4385077167,10369413831,1599259497
20200601,"09:50:01","SH","NB",4113071729,2896766162,7009837891,1216305567
20200601,"09:50:01","SZ","NB",6152513266,4502604995,10655118261,1649908271
20200601,"09:51:01","SH","NB",4274994599,2981394616,7256389215,1293599983
20200601,"09:51:01","SZ","NB",6504551956,4664956527,11169508483,1839595429
20200601,"09:52:01","SH","NB",4412042015,3095693717,7507735732,1316348298
20200601,"09:52:01","SZ","NB",6775424251,4865936993,11641361244,1909487258
20200601,"09:53:01","SZ","NB",6965987283,5006038078,11972025361,1959949205
20200601,"09:53:01","SH","NB",4522361069,3182629759,7704990828,1339731310
20200601,"09:54:01","SH","NB",4615121390,3315705895,7930827285,1299415495
20200601,"09:54:01","SZ","NB",7105600890,5150485713,12256086603,1955115177
20200601,"09:55:01","SH","NB",4704273314,3406840008,8111113322,1297433306
20200601,"09:55:01","SZ","NB",7256582798,5258673651,12515256449,1997909147
20200601,"09:56:01","SH","NB",4838705789,3496330018,8335035807,1342375771
20200601,"09:56:01","SZ","NB",7544063906,5398023944,12942087850,2146039962
20200601,"09:57:01","SH","NB",4944894984,3567505457,8512400441,1377389527
20200601,"09:57:01","SZ","NB",7740660640,5511647905,13252308545,2229012735
20200601,"09:58:01","SH","NB",5067256615,3653365484,8720622099,1413891131
20200601,"09:58:01","SZ","NB",8054611643,5631827291,13686438934,2422784352
20200601,"09:59:01","SH","NB",5201990420,3721119967,8923110387,1480870453
20200601,"09:59:01","SZ","NB",8301152543,5733125222,14034277765,2568027321
20200601,"10:00:01","SH","NB",5362635425,3777749507,9140384932,1584885918
20200601,"10:00:01","SZ","NB",8563905897,5844716513,14408622410,2719189384
20200601,"10:01:01","SH","NB",5478990063,3906389078,9385379141,1572600985
20200601,"10:01:01","SZ","NB",8793747506,6108487231,14902234737,2685260275
20200601,"10:02:01","SH","NB",5541037679,4035343424,9576381103,1505694255
20200601,"10:02:01","SZ","NB",8926962723,6290789503,15217752226,2636173220
20200601,"10:03:01","SZ","NB",9224731054,6360434176,15585165230,2864296878
20200601,"10:03:01","SH","NB",5621363074,4083311195,9704674269,1538051879
20200601,"10:04:01","SH","NB",5795743866,4138766303,9934510169,1656977563
20200601,"10:04:01","SZ","NB",9537074983,6444555082,15981630065,3092519901
20200601,"10:05:01","SH","NB",5904378859,4241696699,10146075558,1662682160
20200601,"10:05:01","SZ","NB",9723040952,6593517608,16316558560,3129523344
20200601,"10:06:01","SH","NB",5976514812,4334274392,10310789204,1642240420
20200601,"10:06:01","SZ","NB",9880994148,6678194246,16559188394,3202799902
20200601,"10:07:01","SH","NB",6064580243,4400979473,10465559716,1663600770
20200601,"10:07:01","SZ","NB",10008305719,6767607458,16775913177,3240698261
20200601,"10:08:01","SH","NB",6128611636,4465262298,10593873934,1663349338
20200601,"10:08:01","SZ","NB",10186351700,6856870740,17043222440,3329480960
20200601,"10:09:01","SH","NB",6198272591,4519351492,10717624083,1678921099
20200601,"10:09:01","SZ","NB",10307236104,6935356828,17242592932,3371879276
20200601,"10:10:01","SH","NB",6268267666,4613768552,10882036218,1654499114
20200601,"10:10:01","SZ","NB",10410353895,7036233015,17446586910,3374120880
20200601,"10:11:01","SZ","NB",10527101408,7199011951,17726113359,3328089457
20200601,"10:11:01","SH","NB",6338669479,4764790831,11103460310,1573878648
20200601,"10:12:01","SH","NB",6433849655,4816271892,11250121547,1617577763
20200601,"10:12:01","SZ","NB",10667551292,7283161433,17950712725,3384389859
20200601,"10:13:01","SH","NB",6512389890,4857530950,11369920840,1654858940
20200601,"10:13:01","SZ","NB",10818337963,7364425586,18182763549,3453912377
20200601,"10:14:01","SH","NB",6622532112,4901008886,11523540998,1721523226
20200601,"10:14:01","SZ","NB",11042212420,7455074704,18497287124,3587137716
20200601,"10:15:01","SZ","NB",11235841626,7544338204,18780179830,3691503422
20200601,"10:15:01","SH","NB",6702701687,4949141447,11651843134,1753560240
20200601,"10:16:01","SH","NB",6763085331,5027867315,11790952646,1735218016
20200601,"10:16:01","SZ","NB",11335632863,7684325093,19019957956,3651307770
20200601,"10:17:01","SH","NB",6826455787,5087357519,11913813306,1739098268
20200601,"10:17:01","SZ","NB",11434091800,7763848596,19197940396,3670243204
20200601,"10:18:01","SH","NB",6864591477,5131774395,11996365872,1732817082
20200601,"10:18:01","SZ","NB",11543567613,7817064353,19360631966,3726503260
20200601,"10:19:01","SH","NB",6917551736,5186635704,12104187440,1730916032
20200601,"10:19:01","SZ","NB",11652211579,7883957001,19536168580,3768254578
20200601,"10:20:01","SH","NB",6959409303,5224424512,12183833815,1734984791
20200601,"10:20:01","SZ","NB",11747602216,7943229292,19690831508,3804372924
20200601,"10:21:01","SH","NB",7030448546,5328511332,12358959878,1701937214
20200601,"10:21:01","SZ","NB",11888876421,8094112546,19982988967,3794763875
20200601,"10:22:01","SH","NB",7091756125,5391909414,12483665539,1699846711
20200601,"10:22:01","SZ","NB",12000254952,8183735693,20183990645,3816519259
20200601,"10:23:01","SZ","NB",12086349494,8276251856,20362601350,3810097638
20200601,"10:23:01","SH","NB",7144690561,5488103467,12632794028,1656587094
20200601,"10:24:01","SH","NB",7209208135,5547189195,12756397330,1662018940
20200601,"10:24:01","SZ","NB",12222060453,8340510710,20562571163,3881549743
20200601,"10:25:01","SH","NB",7274760360,5583217728,12857978088,1691542632
20200601,"10:25:01","SZ","NB",12375932091,8393609212,20769541303,3982322879
20200601,"10:26:01","SH","NB",7378348578,5626064635,13004413213,1752283943
20200601,"10:26:01","SZ","NB",12705344232,8449801600,21155145832,4255542632
20200601,"10:27:01","SH","NB",7451856452,5672501111,13124357563,1779355341
20200601,"10:27:01","SZ","NB",12888446381,8519942842,21408389223,4368503539
20200601,"10:28:01","SH","NB",7497609472,5721234232,13218843704,1776375240
20200601,"10:28:01","SZ","NB",12987076321,8583387954,21570464275,4403688367
20200601,"10:29:01","SZ","NB",13128229158,8643457933,21771687091,4484771225
20200601,"10:29:01","SH","NB",7559789303,5772078369,13331867672,1787710934
20200601,"10:30:01","SH","NB",7628590348,5811494759,13440085107,1817095589
20200601,"10:30:01","SZ","NB",13233467354,8722743998,21956211352,4510723356
20200601,"10:31:01","SH","NB",7705169781,5900747814,13605917595,1804421967
20200601,"10:31:01","SZ","NB",13398822866,8857620165,22256443031,4541202701
20200601,"10:32:01","SH","NB",7764873460,5988741785,13753615245,1776131675
20200601,"10:32:01","SZ","NB",13496688872,8997608473,22494297345,4499080399
20200601,"10:33:01","SH","NB",7830140747,6046067424,13876208171,1784073323
20200601,"10:33:01","SZ","NB",13587183780,9093828651,22681012431,4493355129
20200601,"10:34:01","SH","NB",7893614492,6094333669,13987948161,1799280823
20200601,"10:34:01","SZ","NB",13687902470,9158084920,22845987390,4529817550
20200601,"10:35:01","SH","NB",7950987400,6130579250,14081566650,1820408150
20200601,"10:35:01","SZ","NB",13792148547,9210433469,23002582016,4581715078
20200601,"10:36:01","SH","NB",8002526634,6165096802,14167623436,1837429832
20200601,"10:36:01","SZ","NB",13877014030,9272317055,23149331085,4604696975
20200601,"10:37:01","SH","NB",8059913792,6197823952,14257737744,1862089840
20200601,"10:37:01","SZ","NB",13958230006,9321764128,23279994134,4636465878
20200601,"10:38:01","SZ","NB",14019485870,9371867389,23391353259,4647618481
20200601,"10:38:01","SH","NB",8097167820,6229722656,14326890476,1867445164
20200601,"10:39:01","SH","NB",8176732699,6264162833,14440895532,1912569866
20200601,"10:39:01","SZ","NB",14151756242,9420380283,23572136525,4731375959
20200601,"10:40:01","SH","NB",8258780322,6297269325,14556049647,1961510997
20200601,"10:40:01","SZ","NB",14302451783,9474054914,23776506697,4828396869
20200601,"10:41:01","SH","NB",8435415293,6352104908,14787520201,2083310385
20200601,"10:41:01","SZ","NB",14589633584,9565192933,24154826517,5024440651
20200601,"10:42:01","SH","NB",8585769039,6434932484,15020701523,2150836555
20200601,"10:42:01","SZ","NB",14807148538,9686653313,24493801851,5120495225
20200601,"10:43:01","SZ","NB",14898657799,9812566768,24711224567,5086091031
20200601,"10:43:01","SH","NB",8666283344,6532333239,15198616583,2133950105
20200601,"10:44:01","SH","NB",8781410414,6564188220,15345598634,2217222194
20200601,"10:44:01","SZ","NB",15052489060,9866328683,24918817743,5186160377
20200601,"10:45:01","SH","NB",8951426706,6596398096,15547824802,2355028610
20200601,"10:45:01","SZ","NB",15232363120,9921061645,25153424765,5311301475
20200601,"10:46:01","SH","NB",9046500675,6642997336,15689498011,2403503339
20200601,"10:46:01","SZ","NB",15408683889,10000001808,25408685697,5408682081
20200601,"10:47:01","SH","NB",9119561237,6685539320,15805100557,2434021917
20200601,"10:47:01","SZ","NB",15487064207,10074591213,25561655420,5412472994
20200601,"10:48:01","SH","NB",9194927278,6744318608,15939245886,2450608670
20200601,"10:48:01","SZ","NB",15583034063,10117923744,25700957807,5465110319
20200601,"10:49:01","SH","NB",9311910580,6783551306,16095461886,2528359274
20200601,"10:49:01","SZ","NB",15689227729,10163616915,25852844644,5525610814
20200601,"10:50:01","SH","NB",9414197453,6825040562,16239238015,2589156891
20200601,"10:50:01","SZ","NB",15842468760,10211554700,26054023460,5630914060
20200601,"10:51:01","SZ","NB",15970708210,10349684553,26320392763,5621023657
20200601,"10:51:01","SH","NB",9497298387,6924844954,16422143341,2572453433
20200601,"10:52:01","SH","NB",9561766548,6985279264,16547045812,2576487284
20200601,"10:52:01","SZ","NB",16061592229,10425729637,26487321866,5635862592
20200601,"10:53:01","SH","NB",9665154553,7020452445,16685606998,2644702108
20200601,"10:53:01","SZ","NB",16142633494,10474928422,26617561916,5667705072
20200601,"10:54:01","SH","NB",9711212484,7067803477,16779015961,2643409007
20200601,"10:54:01","SZ","NB",16229696816,10537731128,26767427944,5691965688
20200601,"10:55:01","SH","NB",9769559913,7102404946,16871964859,2667154967
20200601,"10:55:01","SZ","NB",16333808957,10592734951,26926543908,5741074006
20200601,"10:56:01","SH","NB",9834024549,7158714707,16992739256,2675309842
20200601,"10:56:01","SZ","NB",16388572892,10666618440,27055191332,5721954452
20200601,"10:57:01","SH","NB",9878868475,7212773112,17091641587,2666095363
20200601,"10:57:01","SZ","NB",16438758242,10724364243,27163122485,5714393999
20200601,"10:58:01","SH","NB",9930749672,7248287336,17179037008,2682462336
20200601,"10:58:01","SZ","NB",16488166519,10762602515,27250769034,5725564004
20200601,"10:59:01","SH","NB",9998140439,7275838763,17273979202,2722301676
20200601,"10:59:01","SZ","NB",16571832663,10795449525,27367282188,5776383138
20200601,"11:00:01","SZ","NB",16645998664,10825900088,27471898752,5820098576
20200601,"11:00:01","SH","NB",10032763747,7301427721,17334191468,2731336026
20200601,"11:01:01","SH","NB",10099193331,7338130740,17437324071,2761062591
20200601,"11:01:01","SZ","NB",16826598655,10884697065,27711295720,5941901590
20200601,"11:02:01","SH","NB",10215571245,7371672278,17587243523,2843898967
20200601,"11:02:01","SZ","NB",17033725300,10937675397,27971400697,6096049903
20200601,"11:03:01","SH","NB",10288542047,7440773262,17729315309,2847768785
20200601,"11:03:01","SZ","NB",17201665437,11032762908,28234428345,6168902529
20200601,"11:04:01","SH","NB",10345550183,7506611453,17852161636,2838938730
20200601,"11:04:01","SZ","NB",17256601659,11111995303,28368596962,6144606356
20200601,"11:05:01","SH","NB",10393624695,7537347136,17930971831,2856277559
20200601,"11:05:01","SZ","NB",17295376083,11152828992,28448205075,6142547091
20200601,"11:06:01","SH","NB",10435669714,7576251072,18011920786,2859418642
20200601,"11:06:01","SZ","NB",17358943111,11195783846,28554726957,6163159265
20200601,"11:07:01","SH","NB",10485162490,7608010204,18093172694,2877152286
20200601,"11:07:01","SZ","NB",17417175786,11234415679,28651591465,6182760107
20200601,"11:08:01","SZ","NB",17461682959,11276525917,28738208876,6185157042
20200601,"11:08:01","SH","NB",10521832326,7642370172,18164202498,2879462154
20200601,"11:09:01","SH","NB",10553966987,7676336691,18230303678,2877630296
20200601,"11:09:01","SZ","NB",17517964226,11326447967,28844412193,6191516259
20200601,"11:10:01","SH","NB",10581297161,7733128959,18314426120,2848168202
20200601,"11:10:01","SZ","NB",17561099744,11407564721,28968664465,6153535023
20200601,"11:11:01","SH","NB",10641471037,7795903147,18437374184,2845567890
20200601,"11:11:01","SZ","NB",17729542035,11498796160,29228338195,6230745875
20200601,"11:12:01","SH","NB",10677212055,7832878229,18510090284,2844333826
20200601,"11:12:01","SZ","NB",17787725729,11549730872,29337456601,6237994857
20200601,"11:13:01","SH","NB",10716778584,7869414936,18586193520,2847363648
20200601,"11:13:01","SZ","NB",17852221509,11598195241,29450416750,6254026268
20200601,"11:14:01","SH","NB",10753662066,7921099468,18674761534,2832562598
20200601,"11:14:01","SZ","NB",17901628039,11640978445,29542606484,6260649594
20200601,"11:15:01","SH","NB",10793201425,7950042413,18743243838,2843159012
20200601,"11:15:01","SZ","NB",17941015762,11681398159,29622413921,6259617603
20200601,"11:16:01","SH","NB",10827837953,8001730978,18829568931,2826106975
20200601,"11:16:01","SZ","NB",17981999011,11743580166,29725579177,6238418845
20200601,"11:17:01","SZ","NB",18036336138,11780935710,29817271848,6255400428
20200601,"11:17:01","SH","NB",10864867906,8028408696,18893276602,2836459210
20200601,"11:18:01","SH","NB",10951666082,8052405165,19004071247,2899260917
20200601,"11:18:01","SZ","NB",18138149778,11819786310,29957936088,6318363468
20200601,"11:19:01","SH","NB",10993447304,8073542514,19066989818,2919904790
20200601,"11:19:01","SZ","NB",18212473459,11848173231,30060646690,6364300228
20200601,"11:20:01","SH","NB",11034311353,8094401577,19128712930,2939909776
20200601,"11:20:01","SZ","NB",18274398244,11881772967,30156171211,6392625277
20200601,"11:21:01","SH","NB",11080108974,8152551905,19232660879,2927557069
20200601,"11:21:01","SZ","NB",18358020372,11975741234,30333761606,6382279138
20200601,"11:22:01","SH","NB",11134196587,8182380344,19316576931,2951816243
20200601,"11:22:01","SZ","NB",18446062387,12019813924,30465876311,6426248463
20200601,"11:23:01","SH","NB",11180178714,8208297184,19388475898,2971881530
20200601,"11:23:01","SZ","NB",18540365042,12063496002,30603861044,6476869040
20200601,"11:24:01","SH","NB",11353161180,8294676409,19647837589,3058484771
20200601,"11:24:01","SZ","NB",18802231480,12142148625,30944380105,6660082855
20200601,"11:25:01","SZ","NB",18909452243,12230532016,31139984259,6678920227
20200601,"11:25:01","SH","NB",11453331230,8375467431,19828798661,3077863799
20200601,"11:26:01","SH","NB",11509411735,8409093376,19918505111,3100318359
20200601,"11:26:01","SZ","NB",18986708557,12274260290,31260968847,6712448267
20200601,"11:27:01","SH","NB",11566901024,8451143486,20018044510,3115757538
20200601,"11:27:01","SZ","NB",19070645010,12317084234,31387729244,6753560776
20200601,"11:28:01","SH","NB",11597185280,8478182835,20075368115,3119002445
20200601,"11:28:01","SZ","NB",19112311019,12350832330,31463143349,6761478689
20200601,"11:29:01","SH","NB",11652661348,8508385104,20161046452,3144276244
20200601,"11:29:01","SZ","NB",19169059466,12394379901,31563439367,6774679565
20200601,"11:30:01","SH","NB",11686244766,8525580954,20211825720,3160663812
20200601,"11:30:01","SZ","NB",19328424846,12425131509,31753556355,6903293337
20200601,"11:31:01","SH","NB",11688729692,8526559443,20215289135,3162170249
20200601,"11:31:01","SZ","NB",19335788661,12426588869,31762377530,6909199792
20200601,"13:00:01","SH","NB",11688736322,8526566750,20215303072,3162169572
20200601,"13:00:01","SZ","NB",19352241485,12435479196,31787720681,6916762289
20200601,"13:01:01","SH","NB",11877972665,8666616551,20544589216,3211356114
20200601,"13:01:01","SZ","NB",19600141572,12645804872,32245946444,6954336700
20200601,"13:02:01","SH","NB",11954864019,8729614191,20684478210,3225249828
20200601,"13:02:01","SZ","NB",19690696028,12724636624,32415332652,6966059404
20200601,"13:03:01","SZ","NB",19763662015,12811448555,32575110570,6952213460
20200601,"13:03:01","SH","NB",12020543369,8781915367,20802458736,3238628002
20200601,"13:04:01","SH","NB",12070830672,8833059909,20903890581,3237770763
20200601,"13:04:01","SZ","NB",19834787120,12912253193,32747040313,6922533927
20200601,"13:05:01","SH","NB",12140253450,8916723962,21056977412,3223529488
20200601,"13:05:01","SZ","NB",19893436080,13018821027,32912257107,6874615053
20200601,"13:06:01","SZ","NB",19959990818,13195867248,33155858066,6764123570
20200601,"13:06:01","SH","NB",12206661994,9066108680,21272770674,3140553314
20200601,"13:07:01","SH","NB",12267861361,9128329498,21396190859,3139531863
20200601,"13:07:01","SZ","NB",20030791807,13286605019,33317396826,6744186788
20200601,"13:08:01","SH","NB",12310792832,9163666032,21474458864,3147126800
20200601,"13:08:01","SZ","NB",20091327887,13339023208,33430351095,6752304679
20200601,"13:09:01","SZ","NB",20187406362,13389145552,33576551914,6798260810
20200601,"13:09:01","SH","NB",12361501067,9199065242,21560566309,3162435825
20200601,"13:10:01","SH","NB",12420362921,9226326905,21646689826,3194036016
20200601,"13:10:01","SZ","NB",20270476319,13431737677,33702213996,6838738642
20200601,"13:11:01","SH","NB",12527456582,9285946626,21813403208,3241509956
20200601,"13:11:01","SZ","NB",20380224482,13513789381,33894013863,6866435101
20200601,"13:12:01","SH","NB",12579768233,9347760188,21927528421,3232008045
20200601,"13:12:01","SZ","NB",20457124843,13615766301,34072891144,6841358542
20200601,"13:13:01","SH","NB",12669724334,9390112626,22059836960,3279611708
20200601,"13:13:01","SZ","NB",20533853869,13673501968,34207355837,6860351901
20200601,"13:14:01","SH","NB",12740116219,9444334360,22184450579,3295781859
20200601,"13:14:01","SZ","NB",20575608021,13743348134,34318956155,6832259887
20200601,"13:15:01","SH","NB",12831002407,9477822880,22308825287,3353179527
20200601,"13:15:01","SZ","NB",20665074026,13806281597,34471355623,6858792429
20200601,"13:16:01","SH","NB",12897479999,9521762349,22419242348,3375717650
20200601,"13:16:01","SZ","NB",20788868280,13878729773,34667598053,6910138507
20200601,"13:17:01","SZ","NB",20831297921,13999819368,34831117289,6831478553
20200601,"13:17:01","SH","NB",12946438924,9613336396,22559775320,3333102528
20200601,"13:18:01","SH","NB",12985858520,9671233539,22657092059,3314624981
20200601,"13:18:01","SZ","NB",20867526090,14073458100,34940984190,6794067990
20200601,"13:19:01","SH","NB",13023468632,9709963592,22733432224,3313505040
20200601,"13:19:01","SZ","NB",20914705049,14112154521,35026859570,6802550528
20200601,"13:20:01","SH","NB",13063364673,9743230522,22806595195,3320134151
20200601,"13:20:01","SZ","NB",20958125338,14164293581,35122418919,6793831757
20200601,"13:21:01","SH","NB",13111808207,9798273093,22910081300,3313535114
20200601,"13:21:01","SZ","NB",21027231021,14257049064,35284280085,6770181957
20200601,"13:22:01","SH","NB",13162604075,9860998556,23023602631,3301605519
20200601,"13:22:01","SZ","NB",21085300742,14358772022,35444072764,6726528720
20200601,"13:23:01","SH","NB",13211647922,9902102044,23113749966,3309545878
20200601,"13:23:01","SZ","NB",21144688237,14426834259,35571522496,6717853978
20200601,"13:24:01","SH","NB",13270500306,9930674940,23201175246,3339825366
20200601,"13:24:01","SZ","NB",21205841336,14492544920,35698386256,6713296416
20200601,"13:25:01","SH","NB",13378539432,9957355259,23335894691,3421184173
20200601,"13:25:01","SZ","NB",21296595896,14533233324,35829829220,6763362572
20200601,"13:26:01","SH","NB",13452220627,9986378317,23438598944,3465842310
20200601,"13:26:01","SZ","NB",21379996364,14584540896,35964537260,6795455468
20200601,"13:27:01","SZ","NB",21418784144,14642788948,36061573092,6775995196
20200601,"13:27:01","SH","NB",13507093841,10026872582,23533966423,3480221259
20200601,"13:28:01","SH","NB",13554546959,10064720100,23619267059,3489826859
20200601,"13:28:01","SZ","NB",21461472663,14711654160,36173126823,6749818503
20200601,"13:29:01","SH","NB",13607732812,10106645633,23714378445,3501087179
20200601,"13:29:01","SZ","NB",21502093863,14793178256,36295272119,6708915607
20200601,"13:30:01","SH","NB",13655857466,10174650164,23830507630,3481207302
20200601,"13:30:01","SZ","NB",21537924022,14884040758,36421964780,6653883264
20200601,"13:31:01","SH","NB",13713727200,10230406315,23944133515,3483320885
20200601,"13:31:01","SZ","NB",21614070166,14985166985,36599237151,6628903181
20200601,"13:32:01","SH","NB",13800195481,10259913335,24060108816,3540282146
20200601,"13:32:01","SZ","NB",21767701464,15058738862,36826440326,6708962602
20200601,"13:33:01","SH","NB",13850791664,10305897646,24156689310,3544894018
20200601,"13:33:01","SZ","NB",21821513523,15126518782,36948032305,6694994741
20200601,"13:34:01","SH","NB",13901935472,10344423518,24246358990,3557511954
20200601,"13:34:01","SZ","NB",21877838543,15196036241,37073874784,6681802302
20200601,"13:35:01","SZ","NB",21933996985,15259250933,37193247918,6674746052
20200601,"13:35:01","SH","NB",13941810983,10383303074,24325114057,3558507909
20200601,"13:36:01","SH","NB",13987869519,10446984234,24434853753,3540885285
20200601,"13:36:01","SZ","NB",21982029573,15352334406,37334363979,6629695167
20200601,"13:37:01","SH","NB",14031496373,10512009162,24543505535,3519487211
20200601,"13:37:01","SZ","NB",22019483391,15455819962,37475303353,6563663429
20200601,"13:38:01","SH","NB",14066524743,10547640170,24614164913,3518884573
20200601,"13:38:01","SZ","NB",22062938344,15505611534,37568549878,6557326810
20200601,"13:39:01","SH","NB",14111658843,10585084567,24696743410,3526574276
20200601,"13:39:01","SZ","NB",22110201512,15544153451,37654354963,6566048061
20200601,"13:40:01","SH","NB",14142316831,10611017640,24753334471,3531299191
20200601,"13:40:01","SZ","NB",22170821255,15584622593,37755443848,6586198662
20200601,"13:41:01","SZ","NB",22238770684,15673712753,37912483437,6565057931
20200601,"13:41:01","SH","NB",14187846890,10662517013,24850363903,3525329877
20200601,"13:42:01","SH","NB",14228432988,10708204705,24936637693,3520228283
20200601,"13:42:01","SZ","NB",22290921653,15746846018,38037767671,6544075635
20200601,"13:43:01","SH","NB",14273076426,10750009098,25023085524,3523067328
20200601,"13:43:01","SZ","NB",22338248835,15821926821,38160175656,6516322014
20200601,"13:44:01","SH","NB",14333613898,10791660570,25125274468,3541953328
20200601,"13:44:01","SZ","NB",22388826158,15869051745,38257877903,6519774413
20200601,"13:45:01","SZ","NB",22461698155,15914182375,38375880530,6547515780
20200601,"13:45:01","SH","NB",14392535395,10827349285,25219884680,3565186110
20200601,"13:46:01","SH","NB",14465231754,10859746829,25324978583,3605484925
20200601,"13:46:01","SZ","NB",22574794021,15949750589,38524544610,6625043432
20200601,"13:47:01","SH","NB",14531122705,10896131934,25427254639,3634990771
20200601,"13:47:01","SZ","NB",22630610236,16003926689,38634536925,6626683547
20200601,"13:48:01","SZ","NB",22693915038,16054273450,38748188488,6639641588
20200601,"13:48:01","SH","NB",14594962457,10933618980,25528581437,3661343477
20200601,"13:49:01","SH","NB",14636246523,10970252436,25606498959,3665994087
20200601,"13:49:01","SZ","NB",22745641264,16106409417,38852050681,6639231847
20200601,"13:50:01","SH","NB",14685428207,11001396408,25686824615,3684031799
20200601,"13:50:01","SZ","NB",22802914972,16163251286,38966166258,6639663686
20200601,"13:51:01","SH","NB",14741214679,11068218098,25809432777,3672996581
20200601,"13:51:01","SZ","NB",22865146594,16282100617,39147247211,6583045977
20200601,"13:52:01","SH","NB",14779253590,11121554935,25900808525,3657698655
20200601,"13:52:01","SZ","NB",22908043598,16367708019,39275751617,6540335579
20200601,"13:53:01","SH","NB",14818790462,11167020415,25985810877,3651770047
20200601,"13:53:01","SZ","NB",22958840962,16429084734,39387925696,6529756228
20200601,"13:54:01","SZ","NB",23019364695,16492385790,39511750485,6526978905
20200601,"13:54:01","SH","NB",14856755738,11195013117,26051768855,3661742621
20200601,"13:55:01","SH","NB",14914032749,11220565971,26134598720,3693466778
20200601,"13:55:01","SZ","NB",23083450979,16539816390,39623267369,6543634589
20200601,"13:56:01","SH","NB",14958147260,11246710988,26204858248,3711436272
20200601,"13:56:01","SZ","NB",23139232334,16576161525,39715393859,6563070809
20200601,"13:57:01","SH","NB",14998159175,11281550440,26279709615,3716608735
20200601,"13:57:01","SZ","NB",23194348029,16629154726,39823502755,6565193303
20200601,"13:58:01","SH","NB",15044077729,11312872754,26356950483,3731204975
20200601,"13:58:01","SZ","NB",23243726910,16673926763,39917653673,6569800147
20200601,"13:59:01","SH","NB",15086884737,11342847480,26429732217,3744037257
20200601,"13:59:01","SZ","NB",23298081163,16711585695,40009666858,6586495468
20200601,"14:00:01","SH","NB",15167859113,11374724837,26542583950,3793134276
20200601,"14:00:01","SZ","NB",23387686112,16752040421,40139726533,6635645691
20200601,"14:01:01","SZ","NB",23543292702,16854334098,40397626800,6688958604
20200601,"14:01:01","SH","NB",15281756683,11441698888,26723455571,3840057795
20200601,"14:02:01","SH","NB",15356814620,11583636463,26940451083,3773178157
20200601,"14:02:01","SZ","NB",23633463051,17008523641,40641986692,6624939410
20200601,"14:03:01","SH","NB",15416248452,11672365415,27088613867,3743883037
20200601,"14:03:01","SZ","NB",23691245853,17127809153,40819055006,6563436700
20200601,"14:04:01","SH","NB",15461847606,11714054588,27175902194,3747793018
20200601,"14:04:01","SZ","NB",23743994575,17179038994,40923033569,6564955581
20200601,"14:05:01","SZ","NB",23786820854,17233175671,41019996525,6553645183
20200601,"14:05:01","SH","NB",15505836218,11745789225,27251625443,3760046993
20200601,"14:06:01","SH","NB",15550069694,11782897365,27332967059,3767172329
20200601,"14:06:01","SZ","NB",23843306983,17289664810,41132971793,6553642173
20200601,"14:07:01","SH","NB",15595626398,11812971366,27408597764,3782655032
20200601,"14:07:01","SZ","NB",23884718693,17342981332,41227700025,6541737361
20200601,"14:08:01","SH","NB",15647955197,11850383922,27498339119,3797571275
20200601,"14:08:01","SZ","NB",23937089963,17414658500,41351748463,6522431463
20200601,"14:09:01","SH","NB",15697290702,11900249623,27597540325,3797041079
20200601,"14:09:01","SZ","NB",23989899247,17478406784,41468306031,6511492463
20200601,"14:10:01","SZ","NB",24035474002,17540022781,41575496783,6495451221
20200601,"14:10:01","SH","NB",15737516395,11948593543,27686109938,3788922852
20200601,"14:11:01","SH","NB",15807158196,12111395855,27918554051,3695762341
20200601,"14:11:01","SZ","NB",24123097584,17767859236,41890956820,6355238348
20200601,"14:12:01","SH","NB",15878508651,12164902232,28043410883,3713606419
20200601,"14:12:01","SZ","NB",24219076694,17851396493,42070473187,6367680201
20200601,"14:13:01","SH","NB",15965315336,12203359118,28168674454,3761956218
20200601,"14:13:01","SZ","NB",24323833193,17907759311,42231592504,6416073882
20200601,"14:14:01","SZ","NB",24396064278,17954978095,42351042373,6441086183
20200601,"14:14:01","SH","NB",16027409197,12243619206,28271028403,3783789991
20200601,"14:15:01","SH","NB",16077986122,12295185205,28373171327,3782800917
20200601,"14:15:01","SZ","NB",24441252258,17997000358,42438252616,6444251900
20200601,"14:16:01","SH","NB",16128480244,12347286822,28475767066,3781193422
20200601,"14:16:01","SZ","NB",24494584235,18060720705,42555304940,6433863530
20200601,"14:17:01","SH","NB",16181068693,12384116607,28565185300,3796952086
20200601,"14:17:01","SZ","NB",24552261477,18126519802,42678781279,6425741675
20200601,"14:18:01","SH","NB",16216566727,12437943990,28654510717,3778622737
20200601,"14:18:01","SZ","NB",24594486343,18183719442,42778205785,6410766901
20200601,"14:19:01","SH","NB",16257155066,12482698754,28739853820,3774456312
20200601,"14:19:01","SZ","NB",24644662889,18226830325,42871493214,6417832564
20200601,"14:20:01","SH","NB",16320909494,12517749435,28838658929,3803160059
20200601,"14:20:01","SZ","NB",24734690729,18287824896,43022515625,6446865833
20200601,"14:21:01","SZ","NB",24807474358,18379834685,43187309043,6427639673
20200601,"14:21:01","SH","NB",16372917793,12577178789,28950096582,3795739004
20200601,"14:22:01","SH","NB",16426142934,12666553540,29092696474,3759589394
20200601,"14:22:01","SZ","NB",24879007176,18475213588,43354220764,6403793588
20200601,"14:23:01","SH","NB",16465765284,12722589622,29188354906,3743175662
20200601,"14:23:01","SZ","NB",24927156674,18533331551,43460488225,6393825123
20200601,"14:24:01","SH","NB",16514101708,12755401235,29269502943,3758700473
20200601,"14:24:01","SZ","NB",25006269520,18579666319,43585935839,6426603201
20200601,"14:25:01","SH","NB",16557519242,12796223279,29353742521,3761295963
20200601,"14:25:01","SZ","NB",25067778498,18639081630,43706860128,6428696868
20200601,"14:26:01","SH","NB",16595514135,12856385801,29451899936,3739128334
20200601,"14:26:01","SZ","NB",25136428319,18710944992,43847373311,6425483327
20200601,"14:27:01","SZ","NB",25224058794,18761641888,43985700682,6462416906
20200601,"14:27:01","SH","NB",16662762721,12895812513,29558575234,3766950208
20200601,"14:28:01","SH","NB",16721801303,12927753867,29649555170,3794047436
20200601,"14:28:01","SZ","NB",25293135598,18812132721,44105268319,6481002877
20200601,"14:29:01","SH","NB",16785610650,12975936279,29761546929,3809674371
20200601,"14:29:01","SZ","NB",25400183885,18867222118,44267406003,6532961767
20200601,"14:30:01","SH","NB",16864577915,13017439918,29882017833,3847137997
20200601,"14:30:01","SZ","NB",25507928221,18934796664,44442724885,6573131557
20200601,"14:31:01","SH","NB",16923120362,13097354470,30020474832,3825765892
20200601,"14:31:01","SZ","NB",25583134368,19052458966,44635593334,6530675402
20200601,"14:32:01","SH","NB",16970997574,13199677088,30170674662,3771320486
20200601,"14:32:01","SZ","NB",25631209106,19161281467,44792490573,6469927639
20200601,"14:33:01","SH","NB",17025719967,13252336845,30278056812,3773383122
20200601,"14:33:01","SZ","NB",25710985749,19245881563,44956867312,6465104186
20200601,"14:34:01","SH","NB",17074222707,13300327617,30374550324,3773895090
20200601,"14:34:01","SZ","NB",25771395503,19309752276,45081147779,6461643227
20200601,"14:35:01","SH","NB",17105313984,13338688586,30444002570,3766625398
20200601,"14:35:01","SZ","NB",25810217518,19377094748,45187312266,6433122770
20200601,"14:36:01","SZ","NB",25881362553,19444037262,45325399815,6437325291
20200601,"14:36:01","SH","NB",17157339169,13380872966,30538212135,3776466203
20200601,"14:37:01","SH","NB",17215726925,13433648181,30649375106,3782078744
20200601,"14:37:01","SZ","NB",25964715604,19520978880,45485694484,6443736724
20200601,"14:38:01","SH","NB",17266295238,13477954457,30744249695,3788340781
20200601,"14:38:01","SZ","NB",26053483797,19576111210,45629595007,6477372587
20200601,"14:39:01","SH","NB",17314123180,13522366266,30836489446,3791756914
20200601,"14:39:01","SZ","NB",26141834289,19642817406,45784651695,6499016883
20200601,"14:40:01","SH","NB",17362661212,13563583890,30926245102,3799077322
20200601,"14:40:01","SZ","NB",26210760244,19707951245,45918711489,6502808999
20200601,"14:41:01","SH","NB",17417121450,13645013035,31062134485,3772108415
20200601,"14:41:01","SZ","NB",26327140154,19829752343,46156892497,6497387811
20200601,"14:42:01","SH","NB",17464758059,13696828387,31161586446,3767929672
20200601,"14:42:01","SZ","NB",26426037720,19906288109,46332325829,6519749611
20200601,"14:43:01","SH","NB",17530308474,13746813179,31277121653,3783495295
20200601,"14:43:01","SZ","NB",26521292886,19976276465,46497569351,6545016421
20200601,"14:44:01","SH","NB",17580797045,13794584954,31375381999,3786212091
20200601,"14:44:01","SZ","NB",26612476215,20061885763,46674361978,6550590452
20200601,"14:45:01","SH","NB",17631843200,13838870235,31470713435,3792972965
20200601,"14:45:01","SZ","NB",26671691609,20132532312,46804223921,6539159297
20200601,"14:46:01","SZ","NB",26735382069,20278219727,47013601796,6457162342
20200601,"14:46:01","SH","NB",17694445440,13920075341,31614520781,3774370099
20200601,"14:47:01","SH","NB",17766063777,13972172672,31738236449,3793891105
20200601,"14:47:01","SZ","NB",26798836281,20350467896,47149304177,6448368385
20200601,"14:48:01","SH","NB",17830706066,14016852027,31847558093,3813854039
20200601,"14:48:01","SZ","NB",26866938408,20411783475,47278721883,6455154933
20200601,"14:49:01","SH","NB",17894717796,14082871701,31977589497,3811846095
20200601,"14:49:01","SZ","NB",26927879068,20501049096,47428928164,6426829972
20200601,"14:50:01","SH","NB",17949389759,14125317546,32074707305,3824072213
20200601,"14:50:01","SZ","NB",26989829328,20573513657,47563342985,6416315671
20200601,"14:51:01","SH","NB",18033285421,14224410987,32257696408,3808874434
20200601,"14:51:01","SZ","NB",27088553983,20689251802,47777805785,6399302181
20200601,"14:52:01","SZ","NB",27175885963,20787837456,47963723419,6388048507
20200601,"14:52:01","SH","NB",18110305297,14290503725,32400809022,3819801572
20200601,"14:53:01","SH","NB",18179594091,14344483042,32524077133,3835111049
20200601,"14:53:01","SZ","NB",27269410038,20879347056,48148757094,6390062982
20200601,"14:54:01","SH","NB",18257800236,14434656276,32692456512,3823143960
20200601,"14:54:01","SZ","NB",27365297360,20987456581,48352753941,6377840779
20200601,"14:55:01","SH","NB",18323363794,14515901737,32839265531,3807462057
20200601,"14:55:01","SZ","NB",27455773981,21083325405,48539099386,6372448576
20200601,"14:56:01","SH","NB",18392368546,14600535381,32992903927,3791833165
20200601,"14:56:01","SZ","NB",27560943909,21216619346,48777563255,6344324563
20200601,"14:57:01","SH","NB",18488788300,14680371883,33169160183,3808416417
20200601,"14:57:01","SZ","NB",27655971371,21316856240,48972827611,6339115131
20200601,"14:58:01","SZ","NB",27655971371,21316890455,48972861826,6339080916
20200601,"15:00:01","SZ","NB",27757495532,21378239182,49135734714,6379256350
20200601,"15:01:01","SH","NB",18895067823,14904882592,33799950415,3990185231
20200601,"15:01:01","SZ","NB",28101855133,21606412225,49708267358,6495442908
