dataDate,dataTime,connectMarket,tradeDirection,buyTurnover,sellTurnover,totalTurnover,netTurnover
20200827,"09:30:01","SH","NB",159086630,89896436,248983066,69190194
20200827,"09:30:01","SZ","NB",273564434,123768233,397332667,149796201
20200827,"09:31:01","SH","NB",475946521,613973689,1089920210,-138027168
20200827,"09:31:01","SZ","NB",761425095,807810448,1569235543,-46385353
20200827,"09:32:01","SH","NB",787387485,941611473,1728998958,-154223988
20200827,"09:32:01","SZ","NB",1242998824,1286549573,2529548397,-43550749
20200827,"09:33:01","SH","NB",1037000838,1214561975,2251562813,-177561137
20200827,"09:33:01","SZ","NB",1593725396,1702568404,3296293800,-108843008
20200827,"09:34:01","SH","NB",1307410194,1512986792,2820396986,-205576598
20200827,"09:34:01","SZ","NB",2026514038,2148338262,4174852300,-121824224
20200827,"09:35:01","SH","NB",1568309258,1770356669,3338665927,-202047411
20200827,"09:35:01","SZ","NB",2386864775,2571847791,4958712566,-184983016
20200827,"09:36:01","SH","NB",1870644137,1987605079,3858249216,-116960942
20200827,"09:36:01","SZ","NB",2959595621,2905563437,5865159058,54032184
20200827,"09:37:01","SH","NB",2092169823,2266787274,4358957097,-174617451
20200827,"09:37:01","SZ","NB",3303445881,3273625124,6577071005,29820757
20200827,"09:38:01","SZ","NB",3738414821,3524521474,7262936295,213893347
20200827,"09:38:01","SH","NB",2324999489,2462642832,4787642321,-137643343
20200827,"09:39:01","SH","NB",2473938126,2755026454,5228964580,-281088328
20200827,"09:39:01","SZ","NB",4010420528,3903245462,7913665990,107175066
20200827,"09:40:01","SH","NB",2613135906,2913425044,5526560950,-300289138
20200827,"09:40:01","SZ","NB",4272786738,4150762848,8423549586,122023890
20200827,"09:41:01","SH","NB",2848568394,3093296413,5941864807,-244728019
20200827,"09:41:01","SZ","NB",4754023180,4401450089,9155473269,352573091
20200827,"09:42:01","SH","NB",2998104442,3442694285,6440798727,-444589843
20200827,"09:42:01","SZ","NB",5015107422,4851617158,9866724580,163490264
20200827,"09:43:01","SH","NB",3171590335,3579149071,6750739406,-407558736
20200827,"09:43:01","SZ","NB",5315860015,5035269245,10351129260,280590770
20200827,"09:44:01","SZ","NB",5527044521,5452445949,10979490470,74598572
20200827,"09:44:01","SH","NB",3298555631,3976927572,7275483203,-678371941
20200827,"09:45:01","SH","NB",3453894845,4093540245,7547435090,-639645400
20200827,"09:45:01","SZ","NB",5775885122,5610024646,11385909768,165860476
20200827,"09:46:01","SH","NB",3575628272,4336295705,7911923977,-760667433
20200827,"09:46:01","SZ","NB",5998850520,5894012993,11892863513,104837527
20200827,"09:47:01","SH","NB",3806828067,4472146580,8278974647,-665318513
20200827,"09:47:01","SZ","NB",6447623473,6062569712,12510193185,385053761
20200827,"09:48:01","SH","NB",3920439663,4673291653,8593731316,-752851990
20200827,"09:48:01","SZ","NB",6620737220,6301260266,12921997486,319476954
20200827,"09:49:01","SH","NB",4015290038,4790776019,8806066057,-775485981
20200827,"09:49:01","SZ","NB",6774793984,6499069811,13273863795,275724173
20200827,"09:50:01","SH","NB",4138925945,4907181470,9046107415,-768255525
20200827,"09:50:01","SZ","NB",7055880567,6617995567,13673876134,437885000
20200827,"09:51:01","SH","NB",4257708724,5121432103,9379140827,-863723379
20200827,"09:51:01","SZ","NB",7254730516,6950395989,14205126505,304334527
20200827,"09:52:01","SZ","NB",7452559465,7229620413,14682179878,222939052
20200827,"09:52:01","SH","NB",4385782667,5310291847,9696074514,-924509180
20200827,"09:53:01","SH","NB",4546338499,5429769040,9976107539,-883430541
20200827,"09:53:01","SZ","NB",7697505990,7369903547,15067409537,327602443
20200827,"09:54:01","SH","NB",4624804555,5533255730,10158060285,-908451175
20200827,"09:54:01","SZ","NB",7814289373,7516089835,15330379208,298199538
20200827,"09:55:01","SH","NB",4761963581,5630624080,10392587661,-868660499
20200827,"09:55:01","SZ","NB",8045040779,7647033335,15692074114,398007444
20200827,"09:56:01","SZ","NB",8232150258,7887868583,16120018841,344281675
20200827,"09:56:01","SH","NB",4886726580,5795946912,10682673492,-909220332
20200827,"09:57:01","SH","NB",5014214636,5905039984,10919254620,-890825348
20200827,"09:57:01","SZ","NB",8367045897,8021369038,16388414935,345676859
20200827,"09:58:01","SH","NB",5110773656,6026556037,11137329693,-915782381
20200827,"09:58:01","SZ","NB",8476434022,8203224613,16679658635,273209409
20200827,"09:59:01","SH","NB",5200011904,6104831464,11304843368,-904819560
20200827,"09:59:01","SZ","NB",8608879059,8370121785,16979000844,238757274
20200827,"10:00:01","SH","NB",5284674908,6226290988,11510965896,-941616080
20200827,"10:00:01","SZ","NB",8761349942,8578904105,17340254047,182445837
20200827,"10:01:01","SH","NB",5635996955,6407338533,12043335488,-771341578
20200827,"10:01:01","SZ","NB",9215412881,8812822728,18028235609,402590153
20200827,"10:02:01","SH","NB",5727172918,6496254062,12223426980,-769081144
20200827,"10:02:01","SZ","NB",9344920619,8948766679,18293687298,396153940
20200827,"10:03:01","SZ","NB",9561127426,9068587017,18629714443,492540409
20200827,"10:03:01","SH","NB",5884540094,6575467548,12460007642,-690927454
20200827,"10:04:01","SH","NB",6074730324,6660922199,12735652523,-586191875
20200827,"10:04:01","SZ","NB",9789892277,9195761171,18985653448,594131106
20200827,"10:05:01","SH","NB",6124233531,6769081293,12893314824,-644847762
20200827,"10:05:01","SZ","NB",9879838842,9392755011,19272593853,487083831
20200827,"10:06:01","SH","NB",6190620849,6884474411,13075095260,-693853562
20200827,"10:06:01","SZ","NB",9964290273,9545212837,19509503110,419077436
20200827,"10:07:01","SH","NB",6244473792,6977955475,13222429267,-733481683
20200827,"10:07:01","SZ","NB",10043613400,9683385135,19726998535,360228265
20200827,"10:08:01","SH","NB",6319984322,7086870617,13406854939,-766886295
20200827,"10:08:01","SZ","NB",10165553725,9851200077,20016753802,314353648
20200827,"10:09:01","SH","NB",6402121462,7139820186,13541941648,-737698724
20200827,"10:09:01","SZ","NB",10278402496,9919100992,20197503488,359301504
20200827,"10:10:01","SH","NB",6462059935,7217065121,13679125056,-755005186
20200827,"10:10:01","SZ","NB",10363586468,10029854341,20393440809,333732127
20200827,"10:11:01","SZ","NB",10472218296,10294317345,20766535641,177900951
20200827,"10:11:01","SH","NB",6536448292,7375263163,13911711455,-838814871
20200827,"10:12:01","SH","NB",6623961525,7459185182,14083146707,-835223657
20200827,"10:12:01","SZ","NB",10595488322,10423714350,21019202672,171773972
20200827,"10:13:01","SH","NB",6728913805,7559843168,14288756973,-830929363
20200827,"10:13:01","SZ","NB",10712497022,10540624586,21253121608,171872436
20200827,"10:14:01","SH","NB",6861166589,7626857671,14488024260,-765691082
20200827,"10:14:01","SZ","NB",10877492689,10632032277,21509524966,245460412
20200827,"10:15:01","SH","NB",6921693311,7707211517,14628904828,-785518206
20200827,"10:15:01","SZ","NB",10958486734,10741421518,21699908252,217065216
20200827,"10:16:01","SZ","NB",11039346215,10907349753,21946695968,131996462
20200827,"10:16:01","SH","NB",6982429862,7802558346,14784988208,-820128484
20200827,"10:17:01","SH","NB",7065687923,7890715880,14956403803,-825027957
20200827,"10:17:01","SZ","NB",11161242859,11034125924,22195368783,127116935
20200827,"10:18:01","SH","NB",7177627100,7977936444,15155563544,-800309344
20200827,"10:18:01","SZ","NB",11269547500,11153335549,22422883049,116211951
20200827,"10:19:01","SH","NB",7337469898,8062724850,15400194748,-725254952
20200827,"10:19:01","SZ","NB",11480584857,11241479840,22722064697,239105017
20200827,"10:20:01","SH","NB",7416563484,8123026960,15539590444,-706463476
20200827,"10:20:01","SZ","NB",11588933179,11318303376,22907236555,270629803
20200827,"10:21:01","SH","NB",7481049677,8237505333,15718555010,-756455656
20200827,"10:21:01","SZ","NB",11665435778,11464450556,23129886334,200985222
20200827,"10:22:01","SH","NB",7549991363,8387765233,15937756596,-837773870
20200827,"10:22:01","SZ","NB",11733505589,11604475626,23337981215,129029963
20200827,"10:23:01","SH","NB",7667495206,8480031879,16147527085,-812536673
20200827,"10:23:01","SZ","NB",11892175780,11702056085,23594231865,190119695
20200827,"10:24:01","SZ","NB",12040345277,11774613515,23814958792,265731762
20200827,"10:24:01","SH","NB",7788663482,8548695424,16337358906,-760031942
20200827,"10:25:01","SH","NB",7866312826,8615890264,16482203090,-749577438
20200827,"10:25:01","SZ","NB",12143424348,11855930519,23999354867,287493829
20200827,"10:26:01","SH","NB",7927645455,8731233458,16658878913,-803588003
20200827,"10:26:01","SZ","NB",12213259646,11970909372,24184169018,242350274
20200827,"10:27:01","SH","NB",8014823694,8777580077,16792403771,-762756383
20200827,"10:27:01","SZ","NB",12336449963,12031518216,24367968179,304931747
20200827,"10:28:01","SZ","NB",12408656280,12101660879,24510317159,306995401
20200827,"10:28:01","SH","NB",8096693396,8825907287,16922600683,-729213891
20200827,"10:29:01","SH","NB",8160319257,8884463837,17044783094,-724144580
20200827,"10:29:01","SZ","NB",12482042939,12161856283,24643899222,320186656
20200827,"10:30:01","SH","NB",8225597819,8952154815,17177752634,-726556996
20200827,"10:30:01","SZ","NB",12542544428,12237000042,24779544470,305544386
20200827,"10:31:01","SH","NB",8302444761,9090235355,17392680116,-787790594
20200827,"10:31:01","SZ","NB",12620191877,12420089496,25040281373,200102381
20200827,"10:32:01","SH","NB",8393485700,9143502256,17536987956,-750016556
20200827,"10:32:01","SZ","NB",12698427953,12475010100,25173438053,223417853
20200827,"10:33:01","SH","NB",8462576025,9228072966,17690648991,-765496941
20200827,"10:33:01","SZ","NB",12769747915,12548566319,25318314234,221181596
20200827,"10:34:01","SH","NB",8525168446,9292545907,17817714353,-767377461
20200827,"10:34:01","SZ","NB",12837328353,12613681140,25451009493,223647213
20200827,"10:35:01","SH","NB",8582066784,9343275263,17925342047,-761208479
20200827,"10:35:01","SZ","NB",12895084093,12660439274,25555523367,234644819
20200827,"10:36:01","SZ","NB",12950146845,12726529055,25676675900,223617790
20200827,"10:36:01","SH","NB",8636996348,9391019465,18028015813,-754023117
20200827,"10:37:01","SH","NB",8691555912,9486943123,18178499035,-795387211
20200827,"10:37:01","SZ","NB",13012112922,12828657637,25840770559,183455285
20200827,"10:38:01","SH","NB",8742311359,9569354196,18311665555,-827042837
20200827,"10:38:01","SZ","NB",13082952178,12912129629,25995081807,170822549
20200827,"10:39:01","SH","NB",8833041785,9608380125,18441421910,-775338340
20200827,"10:39:01","SZ","NB",13232746711,12956957644,26189704355,275789067
20200827,"10:40:01","SH","NB",8907232032,9659921303,18567153335,-752689271
20200827,"10:40:01","SZ","NB",13361457880,13011513237,26372971117,349944643
20200827,"10:41:01","SH","NB",9066802105,9710490022,18777292127,-643687917
20200827,"10:41:01","SZ","NB",13594390077,13073583995,26667974072,520806082
20200827,"10:42:01","SH","NB",9146496706,9802988015,18949484721,-656491309
20200827,"10:42:01","SZ","NB",13709555078,13160883772,26870438850,548671306
20200827,"10:43:01","SH","NB",9224456245,9860135850,19084592095,-635679605
20200827,"10:43:01","SZ","NB",13829666124,13232459423,27062125547,597206701
20200827,"10:44:01","SH","NB",9285202001,9932011641,19217213642,-646809640
20200827,"10:44:01","SZ","NB",13897534786,13311113622,27208648408,586421164
20200827,"10:45:01","SH","NB",9376230680,9993720071,19369950751,-617489391
20200827,"10:45:01","SZ","NB",14024817232,13377885331,27402702563,646931901
20200827,"10:46:01","SZ","NB",14150255104,13458444601,27608699705,691810503
20200827,"10:46:01","SH","NB",9482691474,10063107735,19545799209,-580416261
20200827,"10:47:01","SH","NB",9558110194,10155011575,19713121769,-596901381
20200827,"10:47:01","SZ","NB",14235938624,13551634362,27787572986,684304262
20200827,"10:48:01","SH","NB",9608460282,10218646814,19827107096,-610186532
20200827,"10:48:01","SZ","NB",14302549448,13629147267,27931696715,673402181
20200827,"10:49:01","SH","NB",9688391663,10270885803,19959277466,-582494140
20200827,"10:49:01","SZ","NB",14457029679,13697715701,28154745380,759313978
20200827,"10:50:01","SH","NB",9739471681,10337181123,20076652804,-597709442
20200827,"10:50:01","SZ","NB",14549697329,13774943543,28324640872,774753786
20200827,"10:51:01","SH","NB",9818697073,10391433447,20210130520,-572736374
20200827,"10:51:01","SZ","NB",14707909708,13847983098,28555892806,859926610
20200827,"10:52:01","SH","NB",9981784417,10472465267,20454249684,-490680850
20200827,"10:52:01","SZ","NB",14951921861,13951847432,28903769293,1000074429
20200827,"10:53:01","SH","NB",10045714915,10585133599,20630848514,-539418684
20200827,"10:53:01","SZ","NB",15066058094,14124388411,29190446505,941669683
20200827,"10:54:01","SZ","NB",15162709804,14227895012,29390604816,934814792
20200827,"10:54:01","SH","NB",10096400129,10634166879,20730567008,-537766750
20200827,"10:55:01","SH","NB",10177654436,10678328185,20855982621,-500673749
20200827,"10:55:01","SZ","NB",15282503726,14301271175,29583774901,981232551
20200827,"10:56:01","SH","NB",10220554633,10752018455,20972573088,-531463822
20200827,"10:56:01","SZ","NB",15345951696,14418020709,29763972405,927930987
20200827,"10:57:01","SH","NB",10263487655,10823758479,21087246134,-560270824
20200827,"10:57:01","SZ","NB",15404349102,14509921718,29914270820,894427384
20200827,"10:58:01","SH","NB",10321950761,10883700209,21205650970,-561749448
20200827,"10:58:01","SZ","NB",15473908570,14598822208,30072730778,875086362
20200827,"10:59:01","SH","NB",10380693233,10917714465,21298407698,-537021232
20200827,"10:59:01","SZ","NB",15569358104,14637546146,30206904250,931811958
20200827,"11:00:01","SZ","NB",15653171872,14698665000,30351836872,954506872
20200827,"11:00:01","SH","NB",10433020072,10952903773,21385923845,-519883701
20200827,"11:01:01","SH","NB",10519776389,11014024817,21533801206,-494248428
20200827,"11:01:01","SZ","NB",15770166463,14771164624,30541331087,999001839
20200827,"11:02:01","SH","NB",10592910336,11064848937,21657759273,-471938601
20200827,"11:02:01","SZ","NB",15942379835,14843323549,30785703384,1099056286
20200827,"11:03:01","SH","NB",10685272368,11117193771,21802466139,-431921403
20200827,"11:03:01","SZ","NB",16122491276,14887777518,31010268794,1234713758
20200827,"11:04:01","SH","NB",10771818324,11290673260,22062491584,-518854936
20200827,"11:04:01","SZ","NB",16230517968,15126998080,31357516048,1103519888
20200827,"11:05:01","SH","NB",10828714056,11350473241,22179187297,-521759185
20200827,"11:05:01","SZ","NB",16300218824,15205714763,31505933587,1094504061
20200827,"11:06:01","SZ","NB",16386337593,15315426745,31701764338,1070910848
20200827,"11:06:01","SH","NB",10867392238,11394702486,22262094724,-527310248
20200827,"11:07:01","SH","NB",10902137220,11488629308,22390766528,-586492088
20200827,"11:07:01","SZ","NB",16439567861,15490211602,31929779463,949356259
20200827,"11:08:01","SZ","NB",16495801947,15545216148,32041018095,950585799
20200827,"11:08:01","SH","NB",10938275149,11530605103,22468880252,-592329954
20200827,"11:09:01","SH","NB",10975640418,11562106124,22537746542,-586465706
20200827,"11:09:01","SZ","NB",16557608369,15592260719,32149869088,965347650
20200827,"11:10:01","SH","NB",11026900218,11600575871,22627476089,-573675653
20200827,"11:10:01","SZ","NB",16621556002,15642071908,32263627910,979484094
20200827,"11:11:01","SH","NB",11119639378,11639739096,22759378474,-520099718
20200827,"11:11:01","SZ","NB",16803510941,15699448760,32502959701,1104062181
20200827,"11:12:01","SH","NB",11172029713,11684219427,22856249140,-512189714
20200827,"11:12:01","SZ","NB",16860625286,15765214921,32625840207,1095410365
20200827,"11:13:01","SH","NB",11206792666,11762057978,22968850644,-555265312
20200827,"11:13:01","SZ","NB",16920575832,15878932198,32799508030,1041643634
20200827,"11:14:01","SH","NB",11247969430,11803787888,23051757318,-555818458
20200827,"11:14:01","SZ","NB",16986076656,15928549525,32914626181,1057527131
20200827,"11:15:01","SH","NB",11274953797,11856700977,23131654774,-581747180
20200827,"11:15:01","SZ","NB",17027713847,16015546511,33043260358,1012167336
20200827,"11:16:01","SH","NB",11313858674,11895478861,23209337535,-581620187
20200827,"11:16:01","SZ","NB",17091221224,16062298793,33153520017,1028922431
20200827,"11:17:01","SZ","NB",17158071448,16095960791,33254032239,1062110657
20200827,"11:17:01","SH","NB",11357389689,11921855795,23279245484,-564466106
20200827,"11:18:01","SH","NB",11402818627,11954601937,23357420564,-551783310
20200827,"11:18:01","SZ","NB",17292204761,16155560676,33447765437,1136644085
20200827,"11:19:01","SH","NB",11425171730,11984106264,23409277994,-558934534
20200827,"11:19:01","SZ","NB",17327104605,16196499096,33523603701,1130605509
20200827,"11:20:01","SZ","NB",17365531296,16253429375,33618960671,1112101921
20200827,"11:20:01","SH","NB",11446525611,12013424576,23459950187,-566898965
20200827,"11:21:01","SH","NB",11480916121,12074248291,23555164412,-593332170
20200827,"11:21:01","SZ","NB",17411336757,16366754908,33778091665,1044581849
20200827,"11:22:01","SH","NB",11514479742,12105339527,23619819269,-590859785
20200827,"11:22:01","SZ","NB",17471691369,16417098669,33888790038,1054592700
20200827,"11:23:01","SH","NB",11553300987,12156630635,23709931622,-603329648
20200827,"11:23:01","SZ","NB",17536926666,16487588790,34024515456,1049337876
20200827,"11:24:01","SZ","NB",17603305383,16526954676,34130260059,1076350707
20200827,"11:24:01","SH","NB",11603045068,12189344989,23792390057,-586299921
20200827,"11:25:01","SH","NB",11678208772,12221106679,23899315451,-542897907
20200827,"11:25:01","SZ","NB",17745823201,16569460680,34315283881,1176362521
20200827,"11:26:01","SH","NB",11732289783,12254845225,23987135008,-522555442
20200827,"11:26:01","SZ","NB",17884357909,16623087353,34507445262,1261270556
20200827,"11:27:01","SH","NB",11766434032,12288703011,24055137043,-522268979
20200827,"11:27:01","SZ","NB",17953689270,16678727352,34632416622,1274961918
20200827,"11:28:01","SH","NB",11802630806,12325101687,24127732493,-522470881
20200827,"11:28:01","SZ","NB",18010009140,16729825931,34739835071,1280183209
20200827,"11:29:01","SH","NB",11831538178,12350977860,24182516038,-519439682
20200827,"11:29:01","SZ","NB",18069286986,16772556843,34841843829,1296730143
20200827,"11:30:01","SH","NB",11860783642,12379616995,24240400637,-518833353
20200827,"11:30:01","SZ","NB",18128263212,16802019644,34930282856,1326243568
20200827,"11:31:01","SZ","NB",18130295817,16803611347,34933907164,1326684470
20200827,"11:31:01","SH","NB",11861735293,12381870294,24243605587,-520135001
20200827,"13:00:01","SZ","NB",18139686123,16810115851,34949801974,1329570272
20200827,"13:01:01","SH","NB",11995075564,12570896011,24565971575,-575820447
20200827,"13:01:01","SZ","NB",18367700496,17050653819,35418354315,1317046677
20200827,"13:02:01","SH","NB",12042133575,12637458115,24679591690,-595324540
20200827,"13:02:01","SZ","NB",18466340399,17143532962,35609873361,1322807437
20200827,"13:03:01","SH","NB",12116558095,12694465394,24811023489,-577907299
20200827,"13:03:01","SZ","NB",18580516338,17220270614,35800786952,1360245724
20200827,"13:04:01","SZ","NB",18662518766,17291526233,35954044999,1370992533
20200827,"13:04:01","SH","NB",12187043179,12758984405,24946027584,-571941226
20200827,"13:05:01","SH","NB",12253249036,12819223859,25072472895,-565974823
20200827,"13:05:01","SZ","NB",18762531275,17395891882,36158423157,1366639393
20200827,"13:06:01","SH","NB",12309903062,12975247374,25285150436,-665344312
20200827,"13:06:01","SZ","NB",18855704851,17551550674,36407255525,1304154177
20200827,"13:07:01","SH","NB",12358255955,13023478790,25381734745,-665222835
20200827,"13:07:01","SZ","NB",18935707118,17609798025,36545505143,1325909093
20200827,"13:08:01","SH","NB",12417032772,13072738461,25489771233,-655705689
20200827,"13:08:01","SZ","NB",19025281772,17656595826,36681877598,1368685946
20200827,"13:09:01","SH","NB",12455865137,13141370298,25597235435,-685505161
20200827,"13:09:01","SZ","NB",19087103864,17758335024,36845438888,1328768840
20200827,"13:10:01","SH","NB",12495959265,13196893162,25692852427,-700933897
20200827,"13:10:01","SZ","NB",19156480037,17815782849,36972262886,1340697188
20200827,"13:11:01","SH","NB",12547831917,13336777458,25884609375,-788945541
20200827,"13:11:01","SZ","NB",19235410895,17943409428,37178820323,1292001467
20200827,"13:12:01","SH","NB",12606181306,13393915286,26000096592,-787733980
20200827,"13:12:01","SZ","NB",19317331436,18019849739,37337181175,1297481697
20200827,"13:13:01","SH","NB",12672213417,13442521454,26114734871,-770308037
20200827,"13:13:01","SZ","NB",19426902393,18089359487,37516261880,1337542906
20200827,"13:14:01","SZ","NB",19507896922,18166931962,37674828884,1340964960
20200827,"13:14:01","SH","NB",12712093259,13500024263,26212117522,-787931004
20200827,"13:15:01","SH","NB",12768340350,13567441059,26335781409,-799100709
20200827,"13:15:01","SZ","NB",19587033109,18233881831,37820914940,1353151278
20200827,"13:16:01","SH","NB",12881358156,13605978842,26487336998,-724620686
20200827,"13:16:01","SZ","NB",19741320843,18287938244,38029259087,1453382599
20200827,"13:17:01","SH","NB",12928854204,13671656283,26600510487,-742802079
20200827,"13:17:01","SZ","NB",19821109523,18347685241,38168794764,1473424282
20200827,"13:18:01","SH","NB",12953232928,13726450357,26679683285,-773217429
20200827,"13:18:01","SZ","NB",19872398484,18404452026,38276850510,1467946458
20200827,"13:19:01","SH","NB",12996448870,13786632431,26783081301,-790183561
20200827,"13:19:01","SZ","NB",19918015656,18479560658,38397576314,1438454998
20200827,"13:20:01","SH","NB",13034238108,13839375842,26873613950,-805137734
20200827,"13:20:01","SZ","NB",19973355416,18542825472,38516180888,1430529944
20200827,"13:21:01","SZ","NB",20109895399,18604338706,38714234105,1505556693
20200827,"13:21:01","SH","NB",13140181082,13890223402,27030404484,-750042320
20200827,"13:22:01","SH","NB",13192896385,13959369331,27152265716,-766472946
20200827,"13:22:01","SZ","NB",20188689099,18659930663,38848619762,1528758436
20200827,"13:23:01","SH","NB",13255212411,14042062221,27297274632,-786849810
20200827,"13:23:01","SZ","NB",20263178755,18742847024,39006025779,1520331731
20200827,"13:24:01","SH","NB",13303901798,14204536140,27508437938,-900634342
20200827,"13:24:01","SZ","NB",20317237977,18889883627,39207121604,1427354350
20200827,"13:25:01","SH","NB",13360662747,14263371245,27624033992,-902708498
20200827,"13:25:01","SZ","NB",20365935143,18948788260,39314723403,1417146883
20200827,"13:26:01","SZ","NB",20422388761,18996756258,39419145019,1425632503
20200827,"13:26:01","SH","NB",13425789408,14304677497,27730466905,-878888089
20200827,"13:27:01","SH","NB",13462489741,14374705042,27837194783,-912215301
20200827,"13:27:01","SZ","NB",20470904776,19068551140,39539455916,1402353636
20200827,"13:28:01","SH","NB",13493934298,14418667250,27912601548,-924732952
20200827,"13:28:01","SZ","NB",20505960044,19109395450,39615355494,1396564594
20200827,"13:29:01","SH","NB",13603264981,14464401423,28067666404,-861136442
20200827,"13:29:01","SZ","NB",20601341685,19158864833,39760206518,1442476852
20200827,"13:30:01","SH","NB",13649266695,14529504236,28178770931,-880237541
20200827,"13:30:01","SZ","NB",20656880105,19219118372,39875998477,1437761733
20200827,"13:31:01","SH","NB",13703979699,14616621187,28320600886,-912641488
20200827,"13:31:01","SZ","NB",20758036106,19308455002,40066491108,1449581104
20200827,"13:32:01","SH","NB",13742304190,14763596235,28505900425,-1021292045
20200827,"13:32:01","SZ","NB",20824599340,19471765038,40296364378,1352834302
20200827,"13:33:01","SH","NB",13809708408,14827771581,28637479989,-1018063173
20200827,"13:33:01","SZ","NB",20919119499,19556790780,40475910279,1362328719
20200827,"13:34:01","SH","NB",13867324936,14868896999,28736221935,-1001572063
20200827,"13:34:01","SZ","NB",21026697807,19610928940,40637626747,1415768867
20200827,"13:35:01","SH","NB",13907926814,14910472145,28818398959,-1002545331
20200827,"13:35:01","SZ","NB",21081857112,19674105091,40755962203,1407752021
20200827,"13:36:01","SZ","NB",21146504120,19732566847,40879070967,1413937273
20200827,"13:36:01","SH","NB",13949731728,14956772306,28906504034,-1007040578
20200827,"13:37:01","SH","NB",13990973240,14996413225,28987386465,-1005439985
20200827,"13:37:01","SZ","NB",21212119954,19774041126,40986161080,1438078828
20200827,"13:38:01","SH","NB",14041061176,15036641416,29077702592,-995580240
20200827,"13:38:01","SZ","NB",21262094705,19812296498,41074391203,1449798207
20200827,"13:39:01","SH","NB",14079849151,15125673942,29205523093,-1045824791
20200827,"13:39:01","SZ","NB",21312478304,19898105694,41210583998,1414372610
20200827,"13:40:01","SH","NB",14118719169,15189286688,29308005857,-1070567519
20200827,"13:40:01","SZ","NB",21395082567,19946030384,41341112951,1449052183
20200827,"13:41:01","SH","NB",14185700812,15243566386,29429267198,-1057865574
20200827,"13:41:01","SZ","NB",21507295300,20002713807,41510009107,1504581493
20200827,"13:42:01","SH","NB",14235847353,15292308863,29528156216,-1056461510
20200827,"13:42:01","SZ","NB",21589985878,20064499495,41654485373,1525486383
20200827,"13:43:01","SZ","NB",21690918954,20136782994,41827701948,1554135960
20200827,"13:43:01","SH","NB",14293313917,15342730867,29636044784,-1049416950
20200827,"13:44:01","SH","NB",14328294619,15452440659,29780735278,-1124146040
20200827,"13:44:01","SZ","NB",21761449653,20234474399,41995924052,1526975254
20200827,"13:45:01","SH","NB",14362695059,15504758656,29867453715,-1142063597
20200827,"13:45:01","SZ","NB",21810026031,20291336707,42101362738,1518689324
20200827,"13:46:01","SH","NB",14405260205,15550837458,29956097663,-1145577253
20200827,"13:46:01","SZ","NB",21863447724,20342347696,42205795420,1521100028
20200827,"13:47:01","SH","NB",14462660101,15596787033,30059447134,-1134126932
20200827,"13:47:01","SZ","NB",21956106051,20403630768,42359736819,1552475283
20200827,"13:48:01","SH","NB",14506066293,15637418951,30143485244,-1131352658
20200827,"13:48:01","SZ","NB",22018429983,20458754118,42477184101,1559675865
20200827,"13:49:01","SH","NB",14547662962,15686933117,30234596079,-1139270155
20200827,"13:49:01","SZ","NB",22066098067,20521565695,42587663762,1544532372
20200827,"13:50:01","SH","NB",14593121493,15832699437,30425820930,-1239577944
20200827,"13:50:01","SZ","NB",22123529640,20621788979,42745318619,1501740661
20200827,"13:51:01","SH","NB",14643123355,15928059651,30571183006,-1284936296
20200827,"13:51:01","SZ","NB",22185070551,20741554579,42926625130,1443515972
20200827,"13:52:01","SH","NB",14683870531,15982468805,30666339336,-1298598274
20200827,"13:52:01","SZ","NB",22261000579,20795858890,43056859469,1465141689
20200827,"13:53:01","SZ","NB",22339581902,20845569311,43185151213,1494012591
20200827,"13:53:01","SH","NB",14731414572,16030048527,30761463099,-1298633955
20200827,"13:54:01","SH","NB",14761314221,16111496560,30872810781,-1350182339
20200827,"13:54:01","SZ","NB",22395167964,20919792376,43314960340,1475375588
20200827,"13:55:01","SH","NB",14801961789,16173536588,30975498377,-1371574799
20200827,"13:55:01","SZ","NB",22444277559,20984752267,43429029826,1459525292
20200827,"13:56:01","SH","NB",14845360263,16245506580,31090866843,-1400146317
20200827,"13:56:01","SZ","NB",22496444834,21049579176,43546024010,1446865658
20200827,"13:57:01","SH","NB",14888344272,16292465908,31180810180,-1404121636
20200827,"13:57:01","SZ","NB",22565446729,21087180743,43652627472,1478265986
20200827,"13:58:01","SH","NB",14910159101,16332336499,31242495600,-1422177398
20200827,"13:58:01","SZ","NB",22598622893,21127746518,43726369411,1470876375
20200827,"13:59:01","SH","NB",14937185278,16375662933,31312848211,-1438477655
20200827,"13:59:01","SZ","NB",22651741112,21168296197,43820037309,1483444915
20200827,"14:00:01","SH","NB",14962326300,16422300633,31384626933,-1459974333
20200827,"14:00:01","SZ","NB",22691685387,21214366654,43906052041,1477318733
20200827,"14:01:01","SH","NB",15004524934,16473611366,31478136300,-1469086432
20200827,"14:01:01","SZ","NB",22748780241,21278901116,44027681357,1469879125
20200827,"14:02:01","SZ","NB",22818223351,21322940412,44141163763,1495282939
20200827,"14:02:01","SH","NB",15056381118,16515575285,31571956403,-1459194167
20200827,"14:03:01","SH","NB",15104210772,16552778426,31656989198,-1448567654
20200827,"14:03:01","SZ","NB",22901728326,21368701597,44270429923,1533026729
20200827,"14:04:01","SH","NB",15145079864,16606860002,31751939866,-1461780138
20200827,"14:04:01","SZ","NB",22949078019,21426326845,44375404864,1522751174
20200827,"14:05:01","SH","NB",15177707925,16690167583,31867875508,-1512459658
20200827,"14:05:01","SZ","NB",22991775138,21522075883,44513851021,1469699255
20200827,"14:06:01","SH","NB",15213420399,16749965494,31963385893,-1536545095
20200827,"14:06:01","SZ","NB",23034435505,21585058869,44619494374,1449376636
20200827,"14:07:01","SH","NB",15250155153,16782087466,32032242619,-1531932313
20200827,"14:07:01","SZ","NB",23082918730,21629729238,44712647968,1453189492
20200827,"14:08:01","SZ","NB",23191093620,21665738880,44856832500,1525354740
20200827,"14:08:01","SH","NB",15298921051,16821498141,32120419192,-1522577090
20200827,"14:09:01","SH","NB",15334862742,16871449145,32206311887,-1536586403
20200827,"14:09:01","SZ","NB",23251040034,21703561877,44954601911,1547478157
20200827,"14:10:01","SH","NB",15363148582,16910263004,32273411586,-1547114422
20200827,"14:10:01","SZ","NB",23287936320,21752719223,45040655543,1535217097
20200827,"14:11:01","SH","NB",15411088981,16972689431,32383778412,-1561600450
20200827,"14:11:01","SZ","NB",23347831110,21835743030,45183574140,1512088080
20200827,"14:12:01","SH","NB",15439706561,17041998349,32481704910,-1602291788
20200827,"14:12:01","SZ","NB",23384385963,21940007267,45324393230,1444378696
20200827,"14:13:01","SH","NB",15480552349,17104703510,32585255859,-1624151161
20200827,"14:13:01","SZ","NB",23437414374,22003968960,45441383334,1433445414
20200827,"14:14:01","SH","NB",15509512721,17150830014,32660342735,-1641317293
20200827,"14:14:01","SZ","NB",23475056005,22053264670,45528320675,1421791335
20200827,"14:15:01","SH","NB",15544453003,17183360464,32727813467,-1638907461
20200827,"14:15:01","SZ","NB",23520341375,22116409390,45636750765,1403931985
20200827,"14:16:01","SZ","NB",23575734997,22177882018,45753617015,1397852979
20200827,"14:16:01","SH","NB",15575254084,17243720716,32818974800,-1668466632
20200827,"14:17:01","SH","NB",15609343091,17283470975,32892814066,-1674127884
20200827,"14:17:01","SZ","NB",23616735326,22219404600,45836139926,1397330726
20200827,"14:18:01","SH","NB",15654925439,17323708097,32978633536,-1668782658
20200827,"14:18:01","SZ","NB",23671254196,22266667440,45937921636,1404586756
20200827,"14:19:01","SH","NB",15686852481,17384769587,33071622068,-1697917106
20200827,"14:19:01","SZ","NB",23716896882,22300158897,46017055779,1416737985
20200827,"14:20:01","SH","NB",15716984631,17436967086,33153951717,-1719982455
20200827,"14:20:01","SZ","NB",23752064988,22349793962,46101858950,1402271026
20200827,"14:21:01","SH","NB",15755901402,17511345273,33267246675,-1755443871
20200827,"14:21:01","SZ","NB",23806748120,22434046819,46240794939,1372701301
20200827,"14:22:01","SH","NB",15813907509,17550557133,33364464642,-1736649624
20200827,"14:22:01","SZ","NB",23879949893,22475197815,46355147708,1404752078
20200827,"14:23:01","SH","NB",15865120671,17600499129,33465619800,-1735378458
20200827,"14:23:01","SZ","NB",23942958917,22526424068,46469382985,1416534849
20200827,"14:24:01","SH","NB",15904715800,17695849998,33600565798,-1791134198
20200827,"14:24:01","SZ","NB",23984901319,22615060562,46599961881,1369840757
20200827,"14:25:01","SH","NB",15930825184,17742639238,33673464422,-1811814054
20200827,"14:25:01","SZ","NB",24026167571,22657899429,46684067000,1368268142
20200827,"14:26:01","SZ","NB",24086685895,22700580385,46787266280,1386105510
20200827,"14:26:01","SH","NB",15973653346,17792376732,33766030078,-1818723386
20200827,"14:27:01","SH","NB",16005077302,17836960288,33842037590,-1831882986
20200827,"14:27:01","SZ","NB",24129257130,22748462372,46877719502,1380794758
20200827,"14:28:01","SZ","NB",24169355610,22823800542,46993156152,1345555068
20200827,"14:28:01","SH","NB",16046060486,17912671630,33958732116,-1866611144
20200827,"14:29:01","SH","NB",16077558529,17952145120,34029703649,-1874586591
20200827,"14:29:01","SZ","NB",24206752421,22885214722,47091967143,1321537699
20200827,"14:30:01","SH","NB",16108303988,17990320763,34098624751,-1882016775
20200827,"14:30:01","SZ","NB",24250234818,22927826718,47178061536,1322408100
20200827,"14:31:01","SH","NB",16186314474,18045731433,34232045907,-1859416959
20200827,"14:31:01","SZ","NB",24344732214,23003194979,47347927193,1341537235
20200827,"14:32:01","SH","NB",16244802937,18141082338,34385885275,-1896279401
20200827,"14:32:01","SZ","NB",24407698272,23095344452,47503042724,1312353820
20200827,"14:33:01","SH","NB",16293578040,18235206339,34528784379,-1941628299
20200827,"14:33:01","SZ","NB",24475584389,23218380943,47693965332,1257203446
20200827,"14:34:01","SH","NB",16353719893,18339280194,34693000087,-1985560301
20200827,"14:34:01","SZ","NB",24542363425,23343331834,47885695259,1199031591
20200827,"14:35:01","SH","NB",16415153324,18408957761,34824111085,-1993804437
20200827,"14:35:01","SZ","NB",24609809167,23412787183,48022596350,1197021984
20200827,"14:36:01","SH","NB",16495493891,18471056191,34966550082,-1975562300
20200827,"14:36:01","SZ","NB",24692036525,23482069001,48174105526,1209967524
20200827,"14:37:01","SH","NB",16548684582,18524181639,35072866221,-1975497057
20200827,"14:37:01","SZ","NB",24765005817,23541159775,48306165592,1223846042
20200827,"14:38:01","SZ","NB",24827462202,23614344550,48441806752,1213117652
20200827,"14:38:01","SH","NB",16603864995,18587268321,35191133316,-1983403326
20200827,"14:39:01","SH","NB",16674809030,18644111620,35318920650,-1969302590
20200827,"14:39:01","SZ","NB",24916005454,23682243349,48598248803,1233762105
20200827,"14:40:01","SH","NB",16754684327,18699896042,35454580369,-1945211715
20200827,"14:40:01","SZ","NB",25026263121,23744844232,48771107353,1281418889
20200827,"14:41:01","SH","NB",16847826015,18769099087,35616925102,-1921273072
20200827,"14:41:01","SZ","NB",25133452495,23825640239,48959092734,1307812256
20200827,"14:42:01","SH","NB",16897638103,18830814199,35728452302,-1933176096
20200827,"14:42:01","SZ","NB",25200372618,23908552274,49108924892,1291820344
20200827,"14:43:01","SH","NB",16961580211,18910900349,35872480560,-1949320138
20200827,"14:43:01","SZ","NB",25291700996,24008182042,49299883038,1283518954
20200827,"14:44:01","SH","NB",17031736369,18966147336,35997883705,-1934410967
20200827,"14:44:01","SZ","NB",25346992157,24076246578,49423238735,1270745579
20200827,"14:45:01","SH","NB",17096997056,19029910149,36126907205,-1932913093
20200827,"14:45:01","SZ","NB",25416182701,24166878971,49583061672,1249303730
20200827,"14:46:01","SH","NB",17158357960,19107815325,36266173285,-1949457365
20200827,"14:46:01","SZ","NB",25478304352,24275498023,49753802375,1202806329
20200827,"14:47:01","SH","NB",17222646433,19185192710,36407839143,-1962546277
20200827,"14:47:01","SZ","NB",25553558613,24366474067,49920032680,1187084546
20200827,"14:48:01","SZ","NB",25622818741,24458168115,50080986856,1164650626
20200827,"14:48:01","SH","NB",17284721527,19244065431,36528786958,-1959343904
20200827,"14:49:01","SH","NB",17340944203,19308590097,36649534300,-1967645894
20200827,"14:49:01","SZ","NB",25695646806,24555119928,50250766734,1140526878
20200827,"14:50:01","SZ","NB",25758522195,24635360446,50393882641,1123161749
20200827,"14:50:01","SH","NB",17414039382,19377933614,36791972996,-1963894232
20200827,"14:51:01","SH","NB",17497159685,19488194487,36985354172,-1991034802
20200827,"14:51:01","SZ","NB",25866538929,24777889853,50644428782,1088649076
20200827,"14:52:01","SH","NB",17578144644,19593874050,37172018694,-2015729406
20200827,"14:52:01","SZ","NB",25953297505,24880650923,50833948428,1072646582
20200827,"14:53:01","SH","NB",17655916516,19713476623,37369393139,-2057560107
20200827,"14:53:01","SZ","NB",26074353787,25009699578,51084053365,1064654209
20200827,"14:54:01","SH","NB",17732955888,19794921232,37527877120,-2061965344
20200827,"14:54:01","SZ","NB",26168936681,25099034178,51267970859,1069902503
20200827,"14:55:01","SH","NB",17837301416,19894894781,37732196197,-2057593365
20200827,"14:55:01","SZ","NB",26282657205,25209804442,51492461647,1072852763
20200827,"14:56:01","SH","NB",17979313770,20012723441,37992037211,-2033409671
20200827,"14:56:01","SZ","NB",26447397595,25332893404,51780290999,1114504191
20200827,"14:57:01","SH","NB",18048289515,20108144238,38156433753,-2059854723
20200827,"14:57:01","SZ","NB",26530762313,25444410955,51975173268,1086351358
20200827,"14:58:01","SH","NB",18048289515,20108203949,38156493464,-2059914434
20200827,"15:00:01","SZ","NB",26628923285,25532568131,52161491416,1096355154
20200827,"15:01:01","SH","NB",18327178153,20447852657,38775030810,-2120674504
20200827,"15:01:01","SZ","NB",26808067283,25692384518,52500451801,1115682765
