dataDate,dataTime,connectMarket,tradeDirection,buyTurnover,sellTurnover,totalTurnover,netTurnover
20200522,"09:30:01","SH","NB",41003605,92514161,133517766,-51510556
20200522,"09:30:01","SZ","NB",78855603,97255209,176110812,-18399606
20200522,"09:31:01","SH","NB",134862301,322868787,457731088,-188006486
20200522,"09:31:01","SZ","NB",267771503,369211321,636982824,-101439818
20200522,"09:32:01","SH","NB",286886013,470490193,757376206,-183604180
20200522,"09:32:01","SZ","NB",529598004,615017547,1144615551,-85419543
20200522,"09:33:01","SH","NB",384385748,687781282,1072167030,-303395534
20200522,"09:33:01","SZ","NB",711050402,907770775,1618821177,-196720373
20200522,"09:34:01","SH","NB",533508237,806227914,1339736151,-272719677
20200522,"09:34:01","SZ","NB",1024802848,1116133753,2140936601,-91330905
20200522,"09:35:01","SZ","NB",1295996792,1332036510,2628033302,-36039718
20200522,"09:35:01","SH","NB",649025593,942096573,1591122166,-293070980
20200522,"09:36:01","SH","NB",759644629,1087060788,1846705417,-327416159
20200522,"09:36:01","SZ","NB",1513391681,1539182985,3052574666,-25791304
20200522,"09:37:01","SH","NB",897803684,1237071386,2134875070,-339267702
20200522,"09:37:01","SZ","NB",1771952575,1701004091,3472956666,70948484
20200522,"09:38:01","SH","NB",982643152,1385554203,2368197355,-402911051
20200522,"09:38:01","SZ","NB",1957093490,1884684308,3841777798,72409182
20200522,"09:39:01","SH","NB",1082060542,1487013146,2569073688,-404952604
20200522,"09:39:01","SZ","NB",2125158667,2002046296,4127204963,123112371
20200522,"09:40:01","SH","NB",1132401251,1592829461,2725230712,-460428210
20200522,"09:40:01","SZ","NB",2220944815,2142886927,4363831742,78057888
20200522,"09:41:01","SZ","NB",2475900493,2421177310,4897077803,54723183
20200522,"09:41:01","SH","NB",1277186489,1794507937,3071694426,-517321448
20200522,"09:42:01","SH","NB",1369004321,1914354638,3283358959,-545350317
20200522,"09:42:01","SZ","NB",2608030314,2601434854,5209465168,6595460
20200522,"09:43:01","SH","NB",1450070430,1999920903,3449991333,-549850473
20200522,"09:43:01","SZ","NB",2741877565,2745591417,5487468982,-3713852
20200522,"09:44:01","SH","NB",1518251323,2085631614,3603882937,-567380291
20200522,"09:44:01","SZ","NB",2841241832,2908019877,5749261709,-66778045
20200522,"09:45:01","SH","NB",1580329848,2162937935,3743267783,-582608087
20200522,"09:45:01","SZ","NB",2935839141,3009671949,5945511090,-73832808
20200522,"09:46:01","SH","NB",1708408737,2389261945,4097670682,-680853208
20200522,"09:46:01","SZ","NB",3128040192,3248767676,6376807868,-120727484
20200522,"09:47:01","SH","NB",1837350992,2491578867,4328929859,-654227875
20200522,"09:47:01","SZ","NB",3307732018,3400117564,6707849582,-92385546
20200522,"09:48:01","SH","NB",1927748594,2551489783,4479238377,-623741189
20200522,"09:48:01","SZ","NB",3436309311,3476128431,6912437742,-39819120
20200522,"09:49:01","SZ","NB",3551797131,3572137635,7123934766,-20340504
20200522,"09:49:01","SH","NB",1996388076,2609678827,4606066903,-613290751
20200522,"09:50:01","SH","NB",2063489801,2774040794,4837530595,-710550993
20200522,"09:50:01","SZ","NB",3654089461,3750318382,7404407843,-96228921
20200522,"09:51:01","SH","NB",2193353269,2890549874,5083903143,-697196605
20200522,"09:51:01","SZ","NB",3921350087,3880662171,7802012258,40687916
20200522,"09:52:01","SH","NB",2319441276,2949595268,5269036544,-630153992
20200522,"09:52:01","SZ","NB",4082168304,3961086060,8043254364,121082244
20200522,"09:53:01","SH","NB",2394630833,3021760172,5416391005,-627129339
20200522,"09:53:01","SZ","NB",4210233348,4039266940,8249500288,170966408
20200522,"09:54:01","SH","NB",2466490591,3086995224,5553485815,-620504633
20200522,"09:54:01","SZ","NB",4318320024,4120639401,8438959425,197680623
20200522,"09:55:01","SH","NB",2559357901,3144225331,5703583232,-584867430
20200522,"09:55:01","SZ","NB",4430060923,4203355727,8633416650,226705196
20200522,"09:56:01","SH","NB",2636812190,3288769846,5925582036,-651957656
20200522,"09:56:01","SZ","NB",4538657736,4372362998,8911020734,166294738
20200522,"09:57:01","SZ","NB",4663048719,4436461912,9099510631,226586807
20200522,"09:57:01","SH","NB",2720596476,3344341647,6064938123,-623745171
20200522,"09:58:01","SH","NB",2828413654,3399934502,6228348156,-571520848
20200522,"09:58:01","SZ","NB",4828016397,4512828430,9340844827,315187967
20200522,"09:59:01","SH","NB",2881010387,3475818559,6356828946,-594808172
20200522,"09:59:01","SZ","NB",4897703060,4630298859,9528001919,267404201
20200522,"10:00:01","SH","NB",2920037223,3526953757,6446990980,-606916534
20200522,"10:00:01","SZ","NB",4952398523,4713539016,9665937539,238859507
20200522,"10:01:01","SH","NB",2976608454,3677363536,6653971990,-700755082
20200522,"10:01:01","SZ","NB",5070072132,4908598789,9978670921,161473343
20200522,"10:02:01","SH","NB",3031932186,3741297089,6773229275,-709364903
20200522,"10:02:01","SZ","NB",5164074072,4990751109,10154825181,173322963
20200522,"10:03:01","SH","NB",3080937378,3798659405,6879596783,-717722027
20200522,"10:03:01","SZ","NB",5242017353,5073573346,10315590699,168444007
20200522,"10:04:01","SZ","NB",5388384229,5137632044,10526016273,250752185
20200522,"10:04:01","SH","NB",3167154791,3857200722,7024355513,-690045931
20200522,"10:05:01","SH","NB",3247350656,3904648672,7151999328,-657298016
20200522,"10:05:01","SZ","NB",5496793883,5205301426,10702095309,291492457
20200522,"10:06:01","SH","NB",3295527500,4003631511,7299159011,-708104011
20200522,"10:06:01","SZ","NB",5574987604,5330944477,10905932081,244043127
20200522,"10:07:01","SH","NB",3354967347,4040757148,7395724495,-685789801
20200522,"10:07:01","SZ","NB",5662782063,5385028481,11047810544,277753582
20200522,"10:08:01","SH","NB",3388814377,4089469959,7478284336,-700655582
20200522,"10:08:01","SZ","NB",5724454610,5457667032,11182121642,266787578
20200522,"10:09:01","SH","NB",3426964474,4146424328,7573388802,-719459854
20200522,"10:09:01","SZ","NB",5772333560,5550613965,11322947525,221719595
20200522,"10:10:01","SH","NB",3468065564,4193917404,7661982968,-725851840
20200522,"10:10:01","SZ","NB",5832780971,5625740215,11458521186,207040756
20200522,"10:11:01","SH","NB",3514755302,4271569990,7786325292,-756814688
20200522,"10:11:01","SZ","NB",5933729800,5776599931,11710329731,157129869
20200522,"10:12:01","SH","NB",3604880791,4325203549,7930084340,-720322758
20200522,"10:12:01","SZ","NB",6058901670,5854243616,11913145286,204658054
20200522,"10:13:01","SH","NB",3657437215,4371091219,8028528434,-713654004
20200522,"10:13:01","SZ","NB",6112857642,5927942656,12040800298,184914986
20200522,"10:14:01","SZ","NB",6173392201,6005888087,12179280288,167504114
20200522,"10:14:01","SH","NB",3701867999,4422868916,8124736915,-721000917
20200522,"10:15:01","SH","NB",3740787868,4475293962,8216081830,-734506094
20200522,"10:15:01","SZ","NB",6229672699,6065235330,12294908029,164437369
20200522,"10:16:01","SH","NB",3784705978,4615702873,8400408851,-830996895
20200522,"10:16:01","SZ","NB",6274991337,6206435521,12481426858,68555816
20200522,"10:17:01","SH","NB",3837918101,4676062055,8513980156,-838143954
20200522,"10:17:01","SZ","NB",6344959209,6255579908,12600539117,89379301
20200522,"10:18:01","SH","NB",3887111530,4718848425,8605959955,-831736895
20200522,"10:18:01","SZ","NB",6416081930,6312378011,12728459941,103703919
20200522,"10:19:01","SH","NB",3936797942,4753578864,8690376806,-816780922
20200522,"10:19:01","SZ","NB",6481630629,6340482048,12822112677,141148581
20200522,"10:20:01","SH","NB",3959232237,4795592718,8754824955,-836360481
20200522,"10:20:01","SZ","NB",6531021126,6395355983,12926377109,135665143
20200522,"10:21:01","SH","NB",4011074633,4853285291,8864359924,-842210658
20200522,"10:21:01","SZ","NB",6628424759,6482122262,13110547021,146302497
20200522,"10:22:01","SH","NB",4044814462,4892461702,8937276164,-847647240
20200522,"10:22:01","SZ","NB",6685105378,6554533142,13239638520,130572236
20200522,"10:23:01","SH","NB",4083314823,4929633095,9012947918,-846318272
20200522,"10:23:01","SZ","NB",6728316690,6593036087,13321352777,135280603
20200522,"10:24:01","SZ","NB",6787877972,6662394198,13450272170,125483774
20200522,"10:24:01","SH","NB",4113713014,4973659092,9087372106,-859946078
20200522,"10:25:01","SH","NB",4172647042,5014798431,9187445473,-842151389
20200522,"10:25:01","SZ","NB",6883329832,6712252014,13595581846,171077818
20200522,"10:26:01","SH","NB",4199627344,5042905994,9242533338,-843278650
20200522,"10:26:01","SZ","NB",6934087019,6757836017,13691923036,176251002
20200522,"10:27:01","SH","NB",4232354653,5079805718,9312160371,-847451065
20200522,"10:27:01","SZ","NB",6976296530,6805322400,13781618930,170974130
20200522,"10:28:01","SH","NB",4259523284,5137590974,9397114258,-878067690
20200522,"10:28:01","SZ","NB",7024975078,6872594848,13897569926,152380230
20200522,"10:29:01","SH","NB",4295751097,5185932732,9481683829,-890181635
20200522,"10:29:01","SZ","NB",7085112479,6922319919,14007432398,162792560
20200522,"10:30:01","SH","NB",4338141361,5308976327,9647117688,-970834966
20200522,"10:30:01","SZ","NB",7152833213,7000042311,14152875524,152790902
20200522,"10:31:01","SZ","NB",7247553537,7192065565,14439619102,55487972
20200522,"10:31:01","SH","NB",4398529019,5490398351,9888927370,-1091869332
20200522,"10:32:01","SH","NB",4490618723,5557417285,10048036008,-1066798562
20200522,"10:32:01","SZ","NB",7446969264,7266279204,14713248468,180690060
20200522,"10:33:01","SH","NB",4556382088,5614904249,10171286337,-1058522161
20200522,"10:33:01","SZ","NB",7538513935,7316713734,14855227669,221800201
20200522,"10:34:01","SH","NB",4603370562,5658795217,10262165779,-1055424655
20200522,"10:34:01","SZ","NB",7604160228,7363377036,14967537264,240783192
20200522,"10:35:01","SH","NB",4664837551,5690951119,10355788670,-1026113568
20200522,"10:35:01","SZ","NB",7671725879,7403558242,15075284121,268167637
20200522,"10:36:01","SH","NB",4708872221,5724939919,10433812140,-1016067698
20200522,"10:36:01","SZ","NB",7751148853,7460150728,15211299581,290998125
20200522,"10:37:01","SH","NB",4765926287,5765177293,10531103580,-999251006
20200522,"10:37:01","SZ","NB",7817564108,7505083006,15322647114,312481102
20200522,"10:38:01","SZ","NB",7856114093,7542058622,15398172715,314055471
20200522,"10:38:01","SH","NB",4795524215,5786801156,10582325371,-991276941
20200522,"10:39:01","SH","NB",4830358956,5818040743,10648399699,-987681787
20200522,"10:39:01","SZ","NB",7902983372,7576125089,15479108461,326858283
20200522,"10:40:01","SH","NB",4859811291,5846389647,10706200938,-986578356
20200522,"10:40:01","SZ","NB",7942880403,7626747617,15569628020,316132786
20200522,"10:41:01","SH","NB",4895776382,5887386834,10783163216,-991610452
20200522,"10:41:01","SZ","NB",7998070948,7695273015,15693343963,302797933
20200522,"10:42:01","SH","NB",4918034190,5922897042,10840931232,-1004862852
20200522,"10:42:01","SZ","NB",8039763020,7763337677,15803100697,276425343
20200522,"10:43:01","SZ","NB",8070833850,7831661172,15902495022,239172678
20200522,"10:43:01","SH","NB",4946031403,5977193690,10923225093,-1031162287
20200522,"10:44:01","SH","NB",4973792841,6020230951,10994023792,-1046438110
20200522,"10:44:01","SZ","NB",8113758874,7880274273,15994033147,233484601
20200522,"10:45:01","SH","NB",5005807623,6055488003,11061295626,-1049680380
20200522,"10:45:01","SZ","NB",8147692957,7923615348,16071308305,224077609
20200522,"10:46:01","SH","NB",5040603733,6084434902,11125038635,-1043831169
20200522,"10:46:01","SZ","NB",8199636380,7963833581,16163469961,235802799
20200522,"10:47:01","SH","NB",5069841612,6118073875,11187915487,-1048232263
20200522,"10:47:01","SZ","NB",8227289068,8010069833,16237358901,217219235
20200522,"10:48:01","SH","NB",5100399425,6146014706,11246414131,-1045615281
20200522,"10:48:01","SZ","NB",8277096260,8046628647,16323724907,230467613
20200522,"10:49:01","SH","NB",5124480263,6198835473,11323315736,-1074355210
20200522,"10:49:01","SZ","NB",8303277482,8096652879,16399930361,206624603
20200522,"10:50:01","SH","NB",5148376943,6225396407,11373773350,-1077019464
20200522,"10:50:01","SZ","NB",8358064782,8136113904,16494178686,221950878
20200522,"10:51:01","SZ","NB",8431860456,8176308261,16608168717,255552195
20200522,"10:51:01","SH","NB",5188914951,6254645024,11443559975,-1065730073
20200522,"10:52:01","SH","NB",5215337325,6321925104,11537262429,-1106587779
20200522,"10:52:01","SZ","NB",8471340986,8246704464,16718045450,224636522
20200522,"10:53:01","SH","NB",5245363431,6375262216,11620625647,-1129898785
20200522,"10:53:01","SZ","NB",8506028074,8327063047,16833091121,178965027
20200522,"10:54:01","SH","NB",5268969685,6415716601,11684686286,-1146746916
20200522,"10:54:01","SZ","NB",8550374052,8373542374,16923916426,176831678
20200522,"10:55:01","SH","NB",5302762177,6470872240,11773634417,-1168110063
20200522,"10:55:01","SZ","NB",8606347365,8421318840,17027666205,185028525
20200522,"10:56:01","SH","NB",5331020190,6497697254,11828717444,-1166677064
20200522,"10:56:01","SZ","NB",8655906999,8466784014,17122691013,189122985
20200522,"10:57:01","SH","NB",5361708637,6531283471,11892992108,-1169574834
20200522,"10:57:01","SZ","NB",8712322720,8522826523,17235149243,189496197
20200522,"10:58:01","SH","NB",5430293405,6565569942,11995863347,-1135276537
20200522,"10:58:01","SZ","NB",8829407109,8571517301,17400924410,257889808
20200522,"10:59:01","SH","NB",5474786742,6592546764,12067333506,-1117760022
20200522,"10:59:01","SZ","NB",8869745247,8599485550,17469230797,270259697
20200522,"11:00:01","SZ","NB",8906319226,8636509911,17542829137,269809315
20200522,"11:00:01","SH","NB",5501681543,6612264866,12113946409,-1110583323
20200522,"11:01:01","SH","NB",5533661002,6680587844,12214248846,-1146926842
20200522,"11:01:01","SZ","NB",8957951221,8741889245,17699840466,216061976
20200522,"11:02:01","SH","NB",5599413421,6711654378,12311067799,-1112240957
20200522,"11:02:01","SZ","NB",9069021798,8785815305,17854837103,283206493
20200522,"11:03:01","SZ","NB",9124928051,8833162622,17958090673,291765429
20200522,"11:03:01","SH","NB",5637593328,6739899825,12377493153,-1102306497
20200522,"11:04:01","SH","NB",5665720509,6762637529,12428358038,-1096917020
20200522,"11:04:01","SZ","NB",9164644147,8864932057,18029576204,299712090
20200522,"11:05:01","SH","NB",5690012430,6792040830,12482053260,-1102028400
20200522,"11:05:01","SZ","NB",9199739500,8906898812,18106638312,292840688
20200522,"11:06:01","SH","NB",5708451672,6816586698,12525038370,-1108135026
20200522,"11:06:01","SZ","NB",9228782078,8943935148,18172717226,284846930
20200522,"11:07:01","SH","NB",5735008268,6839614859,12574623127,-1104606591
20200522,"11:07:01","SZ","NB",9266666472,8971441282,18238107754,295225190
20200522,"11:08:01","SH","NB",5775480907,6859767451,12635248358,-1084286544
20200522,"11:08:01","SZ","NB",9329701985,8998908999,18328610984,330792986
20200522,"11:09:01","SH","NB",5824399075,6886399899,12710798974,-1062000824
20200522,"11:09:01","SZ","NB",9376109806,9030352724,18406462530,345757082
20200522,"11:10:01","SH","NB",5854302306,6907415957,12761718263,-1053113651
20200522,"11:10:01","SZ","NB",9411687446,9055639948,18467327394,356047498
20200522,"11:11:01","SH","NB",5894303242,6979193011,12873496253,-1084889769
20200522,"11:11:01","SZ","NB",9455211491,9141294792,18596506283,313916699
20200522,"11:12:01","SH","NB",5927514390,7016972931,12944487321,-1089458541
20200522,"11:12:01","SZ","NB",9497272101,9198891863,18696163964,298380238
20200522,"11:13:01","SZ","NB",9528013833,9239716703,18767730536,288297130
20200522,"11:13:01","SH","NB",5951173714,7050982666,13002156380,-1099808952
20200522,"11:14:01","SH","NB",5985382470,7075193824,13060576294,-1089811354
20200522,"11:14:01","SZ","NB",9576984788,9271896451,18848881239,305088337
20200522,"11:15:01","SH","NB",6007533635,7117558347,13125091982,-1110024712
20200522,"11:15:01","SZ","NB",9608319873,9336977130,18945297003,271342743
20200522,"11:16:01","SH","NB",6029827639,7166775258,13196602897,-1136947619
20200522,"11:16:01","SZ","NB",9644272884,9401101891,19045374775,243170993
20200522,"11:17:01","SH","NB",6057378101,7204367387,13261745488,-1146989286
20200522,"11:17:01","SZ","NB",9688290839,9452563233,19140854072,235727606
20200522,"11:18:01","SH","NB",6122027288,7237787471,13359814759,-1115760183
20200522,"11:18:01","SZ","NB",9775876167,9502582599,19278458766,273293568
20200522,"11:19:01","SH","NB",6144135140,7267779913,13411915053,-1123644773
20200522,"11:19:01","SZ","NB",9813667222,9541535028,19355202250,272132194
20200522,"11:20:01","SH","NB",6170049339,7292325527,13462374866,-1122276188
20200522,"11:20:01","SZ","NB",9850451007,9572415166,19422866173,278035841
20200522,"11:21:01","SH","NB",6205313813,7395939368,13601253181,-1190625555
20200522,"11:21:01","SZ","NB",9907842819,9685971344,19593814163,221871475
20200522,"11:22:01","SH","NB",6246386383,7457762347,13704148730,-1211375964
20200522,"11:22:01","SZ","NB",9985185495,9732953349,19718138844,252232146
20200522,"11:23:01","SZ","NB",10041611861,9776260268,19817872129,265351593
20200522,"11:23:01","SH","NB",6281156845,7510150533,13791307378,-1228993688
20200522,"11:24:01","SH","NB",6311506501,7548492085,13859998586,-1236985584
20200522,"11:24:01","SZ","NB",10088907306,9828947169,19917854475,259960137
20200522,"11:25:01","SH","NB",6347509175,7591583463,13939092638,-1244074288
20200522,"11:25:01","SZ","NB",10147627308,9860894661,20008521969,286732647
20200522,"11:26:01","SH","NB",6378273575,7622528710,14000802285,-1244255135
20200522,"11:26:01","SZ","NB",10196555625,9903027251,20099582876,293528374
20200522,"11:27:01","SH","NB",6422439866,7656414011,14078853877,-1233974145
20200522,"11:27:01","SZ","NB",10252090674,9932005092,20184095766,320085582
20200522,"11:28:01","SH","NB",6459160524,7689382695,14148543219,-1230222171
20200522,"11:28:01","SZ","NB",10308614375,9959708292,20268322667,348906083
20200522,"11:29:01","SH","NB",6479439978,7715259192,14194699170,-1235819214
20200522,"11:29:01","SZ","NB",10355498558,9987059780,20342558338,368438778
20200522,"11:30:01","SH","NB",6508051025,7746808208,14254859233,-1238757183
20200522,"11:30:01","SZ","NB",10416195664,10018451904,20434647568,397743760
20200522,"11:31:01","SH","NB",6508076447,7746834812,14254911259,-1238758365
20200522,"13:00:01","SZ","NB",10425486038,10029047268,20454533306,396438770
20200522,"13:01:01","SH","NB",6617136531,7993080965,14610217496,-1375944434
20200522,"13:01:01","SZ","NB",10561946285,10259537055,20821483340,302409230
20200522,"13:02:01","SH","NB",6679110282,8056387429,14735497711,-1377277147
20200522,"13:02:01","SZ","NB",10658747944,10347590400,21006338344,311157544
20200522,"13:03:01","SH","NB",6756362319,8140132699,14896495018,-1383770380
20200522,"13:03:01","SZ","NB",10717810683,10440025242,21157835925,277785441
20200522,"13:04:01","SH","NB",6812633874,8203415743,15016049617,-1390781869
20200522,"13:04:01","SZ","NB",10804321227,10550362076,21354683303,253959151
20200522,"13:05:01","SH","NB",6895091373,8259794704,15154886077,-1364703331
20200522,"13:05:01","SZ","NB",10938212169,10624389248,21562601417,313822921
20200522,"13:06:01","SZ","NB",10991927608,10696522757,21688450365,295404851
20200522,"13:06:01","SH","NB",6943583327,8304139557,15247722884,-1360556230
20200522,"13:07:01","SH","NB",7031738674,8355020557,15386759231,-1323281883
20200522,"13:07:01","SZ","NB",11096771049,10755043729,21851814778,341727320
20200522,"13:08:01","SH","NB",7087624645,8389001905,15476626550,-1301377260
20200522,"13:08:01","SZ","NB",11146307339,10815445895,21961753234,330861444
20200522,"13:09:01","SH","NB",7135970547,8437804144,15573774691,-1301833597
20200522,"13:09:01","SZ","NB",11205527453,10883200007,22088727460,322327446
20200522,"13:10:01","SH","NB",7186296425,8488755694,15675052119,-1302459269
20200522,"13:10:01","SZ","NB",11259510402,10949296538,22208806940,310213864
20200522,"13:11:01","SH","NB",7244718039,8610224521,15854942560,-1365506482
20200522,"13:11:01","SZ","NB",11365381223,11071106155,22436487378,294275068
20200522,"13:12:01","SH","NB",7334029277,8668181466,16002210743,-1334152189
20200522,"13:12:01","SZ","NB",11496424139,11144649504,22641073643,351774635
20200522,"13:13:01","SH","NB",7384292938,8712718872,16097011810,-1328425934
20200522,"13:13:01","SZ","NB",11561332543,11206162758,22767495301,355169785
20200522,"13:14:01","SZ","NB",11657152308,11249038531,22906190839,408113777
20200522,"13:14:01","SH","NB",7427635339,8754850694,16182486033,-1327215355
20200522,"13:15:01","SH","NB",7471667889,8792042150,16263710039,-1320374261
20200522,"13:15:01","SZ","NB",11723372931,11298477891,23021850822,424895040
20200522,"13:16:01","SZ","NB",11775226275,11349807952,23125034227,425418323
20200522,"13:16:01","SH","NB",7508813101,8836990100,16345803201,-1328176999
20200522,"13:17:01","SH","NB",7542837263,8888924655,16431761918,-1346087392
20200522,"13:17:01","SZ","NB",11823278897,11422581377,23245860274,400697520
20200522,"13:18:01","SH","NB",7581408010,8993539339,16574947349,-1412131329
20200522,"13:18:01","SZ","NB",11884781385,11514964098,23399745483,369817287
20200522,"13:19:01","SH","NB",7661484124,9074696392,16736180516,-1413212268
20200522,"13:19:01","SZ","NB",12038384253,11613125876,23651510129,425258377
20200522,"13:20:01","SH","NB",7702340331,9126562174,16828902505,-1424221843
20200522,"13:20:01","SZ","NB",12098234602,11688740577,23786975179,409494025
20200522,"13:21:01","SH","NB",7786340804,9211980579,16998321383,-1425639775
20200522,"13:21:01","SZ","NB",12227928773,11786386516,24014315289,441542257
20200522,"13:22:01","SH","NB",7828528825,9296933593,17125462418,-1468404768
20200522,"13:22:01","SZ","NB",12305241733,11894695069,24199936802,410546664
20200522,"13:23:01","SH","NB",7905804848,9368188623,17273993471,-1462383775
20200522,"13:23:01","SZ","NB",12427051941,11987437772,24414489713,439614169
20200522,"13:24:01","SH","NB",7943067424,9458947985,17402015409,-1515880561
20200522,"13:24:01","SZ","NB",12519595904,12062524980,24582120884,457070924
20200522,"13:25:01","SH","NB",8000533767,9511202557,17511736324,-1510668790
20200522,"13:25:01","SZ","NB",12624754650,12131752041,24756506691,493002609
20200522,"13:26:01","SZ","NB",12724192622,12225084356,24949276978,499108266
20200522,"13:26:01","SH","NB",8047975342,9591789320,17639764662,-1543813978
20200522,"13:27:01","SH","NB",8190411667,9704469932,17894881599,-1514058265
20200522,"13:27:01","SZ","NB",12936481004,12315620066,25252101070,620860938
20200522,"13:28:01","SH","NB",8251094334,9766868603,18017962937,-1515774269
20200522,"13:28:01","SZ","NB",13019709132,12396007449,25415716581,623701683
20200522,"13:29:01","SH","NB",8291390393,9841076421,18132466814,-1549686028
20200522,"13:29:01","SZ","NB",13075929280,12462306481,25538235761,613622799
20200522,"13:30:01","SH","NB",8322162036,9895961250,18218123286,-1573799214
20200522,"13:30:01","SZ","NB",13113319040,12524237996,25637557036,589081044
20200522,"13:31:01","SH","NB",8367889298,9954983287,18322872585,-1587093989
20200522,"13:31:01","SZ","NB",13200949600,12581022866,25781972466,619926734
20200522,"13:32:01","SZ","NB",13286721919,12634290635,25921012554,652431284
20200522,"13:32:01","SH","NB",8439795328,10003944841,18443740169,-1564149513
20200522,"13:33:01","SH","NB",8504612496,10048921563,18553534059,-1544309067
20200522,"13:33:01","SZ","NB",13379816180,12707539103,26087355283,672277077
20200522,"13:34:01","SH","NB",8576382604,10088059999,18664442603,-1511677395
20200522,"13:34:01","SZ","NB",13462197901,12762916891,26225114792,699281010
20200522,"13:35:01","SH","NB",8627990727,10158870625,18786861352,-1530879898
20200522,"13:35:01","SZ","NB",13520026889,12842164237,26362191126,677862652
20200522,"13:36:01","SH","NB",8655842531,10237652770,18893495301,-1581810239
20200522,"13:36:01","SZ","NB",13566441131,12915455869,26481897000,650985262
20200522,"13:37:01","SH","NB",8684964731,10285594914,18970559645,-1600630183
20200522,"13:37:01","SZ","NB",13601556816,12962855419,26564412235,638701397
20200522,"13:38:01","SH","NB",8712807027,10333674251,19046481278,-1620867224
20200522,"13:38:01","SZ","NB",13639352053,13028754306,26668106359,610597747
20200522,"13:39:01","SZ","NB",13675852627,13064606199,26740458826,611246428
20200522,"13:39:01","SH","NB",8744204560,10367987842,19112192402,-1623783282
20200522,"13:40:01","SH","NB",8775745288,10394074795,19169820083,-1618329507
20200522,"13:40:01","SZ","NB",13717932066,13093850459,26811782525,624081607
20200522,"13:41:01","SH","NB",8836059459,10436870153,19272929612,-1600810694
20200522,"13:41:01","SZ","NB",13834746130,13145405129,26980151259,689341001
20200522,"13:42:01","SH","NB",8865729598,10504309871,19370039469,-1638580273
20200522,"13:42:01","SZ","NB",13877543792,13221660698,27099204490,655883094
20200522,"13:43:01","SH","NB",8889647167,10570538137,19460185304,-1680890970
20200522,"13:43:01","SZ","NB",13906334683,13281876024,27188210707,624458659
20200522,"13:44:01","SH","NB",8918102542,10691710602,19609813144,-1773608060
20200522,"13:44:01","SZ","NB",13944121795,13395048320,27339170115,549073475
20200522,"13:45:01","SH","NB",8943974555,10745723106,19689697661,-1801748551
20200522,"13:45:01","SZ","NB",13986774701,13472666081,27459440782,514108620
20200522,"13:46:01","SH","NB",8975648274,10784026117,19759674391,-1808377843
20200522,"13:46:01","SZ","NB",14030869897,13529142086,27560011983,501727811
20200522,"13:47:01","SZ","NB",14071198382,13574959948,27646158330,496238434
20200522,"13:47:01","SH","NB",9003104494,10828482270,19831586764,-1825377776
20200522,"13:48:01","SH","NB",9030418792,10873447727,19903866519,-1843028935
20200522,"13:48:01","SZ","NB",14104149664,13617352005,27721501669,486797659
20200522,"13:49:01","SH","NB",9072392094,10903806874,19976198968,-1831414780
20200522,"13:49:01","SZ","NB",14185314140,13656145178,27841459318,529168962
20200522,"13:50:01","SH","NB",9100821931,10926949508,20027771439,-1826127577
20200522,"13:50:01","SZ","NB",14236251145,13683576685,27919827830,552674460
20200522,"13:51:01","SH","NB",9150254709,10958034665,20108289374,-1807779956
20200522,"13:51:01","SZ","NB",14320601339,13725491931,28046093270,595109408
20200522,"13:52:01","SZ","NB",14372431324,13766924403,28139355727,605506921
20200522,"13:52:01","SH","NB",9182255093,10989296477,20171551570,-1807041384
20200522,"13:53:01","SH","NB",9215172808,11026328135,20241500943,-1811155327
20200522,"13:53:01","SZ","NB",14424512142,13809272772,28233784914,615239370
20200522,"13:54:01","SH","NB",9243738811,11070707720,20314446531,-1826968909
20200522,"13:54:01","SZ","NB",14466137227,13857168700,28323305927,608968527
20200522,"13:55:01","SH","NB",9269405384,11105321248,20374726632,-1835915864
20200522,"13:55:01","SZ","NB",14499282957,13890158251,28389441208,609124706
20200522,"13:56:01","SH","NB",9291917805,11164672826,20456590631,-1872755021
20200522,"13:56:01","SZ","NB",14530454435,13957872448,28488326883,572581987
20200522,"13:57:01","SH","NB",9311037744,11195190950,20506228694,-1884153206
20200522,"13:57:01","SZ","NB",14561652639,14000317176,28561969815,561335463
20200522,"13:58:01","SH","NB",9332101716,11251536211,20583637927,-1919434495
20200522,"13:58:01","SZ","NB",14595096677,14073296312,28668392989,521800365
20200522,"13:59:01","SH","NB",9365725714,11276715655,20642441369,-1910989941
20200522,"13:59:01","SZ","NB",14642665735,14108232099,28750897834,534433636
20200522,"14:00:01","SH","NB",9391464224,11298850079,20690314303,-1907385855
20200522,"14:00:01","SZ","NB",14674192397,14136706374,28810898771,537486023
20200522,"14:01:01","SH","NB",9431823567,11337302447,20769126014,-1905478880
20200522,"14:01:01","SZ","NB",14778981372,14182136100,28961117472,596845272
20200522,"14:02:01","SZ","NB",14872886437,14230281379,29103167816,642605058
20200522,"14:02:01","SH","NB",9499171395,11379339111,20878510506,-1880167716
20200522,"14:03:01","SH","NB",9533843394,11429609405,20963452799,-1895766011
20200522,"14:03:01","SZ","NB",14928887592,14293811866,29222699458,635075726
20200522,"14:04:01","SH","NB",9564709992,11477901271,21042611263,-1913191279
20200522,"14:04:01","SZ","NB",14977112959,14339196101,29316309060,637916858
20200522,"14:05:01","SH","NB",9593927695,11554209311,21148137006,-1960281616
20200522,"14:05:01","SZ","NB",15020920669,14425651148,29446571817,595269521
20200522,"14:06:01","SH","NB",9618598002,11596291310,21214889312,-1977693308
20200522,"14:06:01","SZ","NB",15065688870,14485404511,29551093381,580284359
20200522,"14:07:01","SZ","NB",15104482063,14536936264,29641418327,567545799
20200522,"14:07:01","SH","NB",9643530468,11653493471,21297023939,-2009963003
20200522,"14:08:01","SH","NB",9671849717,11720956128,21392805845,-2049106411
20200522,"14:08:01","SZ","NB",15152686167,14603927868,29756614035,548758299
20200522,"14:09:01","SH","NB",9698964222,11744527730,21443491952,-2045563508
20200522,"14:09:01","SZ","NB",15210285485,14634572673,29844858158,575712812
20200522,"14:10:01","SH","NB",9728745753,11777693730,21506439483,-2048947977
20200522,"14:10:01","SZ","NB",15251137468,14664943929,29916081397,586193539
20200522,"14:11:01","SH","NB",9779101104,11826648953,21605750057,-2047547849
20200522,"14:11:01","SZ","NB",15352634511,14712016664,30064651175,640617847
20200522,"14:12:01","SH","NB",9809224164,11889761383,21698985547,-2080537219
20200522,"14:12:01","SZ","NB",15400557196,14776678273,30177235469,623878923
20200522,"14:13:01","SH","NB",9835402854,11950910195,21786313049,-2115507341
20200522,"14:13:01","SZ","NB",15443253398,14856435160,30299688558,586818238
20200522,"14:14:01","SH","NB",9856844315,12012779780,21869624095,-2155935465
20200522,"14:14:01","SZ","NB",15488676616,14917767546,30406444162,570909070
20200522,"14:15:01","SH","NB",9884305778,12042070483,21926376261,-2157764705
20200522,"14:15:01","SZ","NB",15545888590,14953005707,30498894297,592882883
20200522,"14:16:01","SZ","NB",15611293151,15008332656,30619625807,602960495
20200522,"14:16:01","SH","NB",9917246544,12079331594,21996578138,-2162085050
20200522,"14:17:01","SH","NB",9940589337,12114703566,22055292903,-2174114229
20200522,"14:17:01","SZ","NB",15669315536,15062404026,30731719562,606911510
20200522,"14:18:01","SH","NB",9969585147,12154551578,22124136725,-2184966431
20200522,"14:18:01","SZ","NB",15711554346,15134683980,30846238326,576870366
20200522,"14:19:01","SH","NB",9996012060,12197423271,22193435331,-2201411211
20200522,"14:19:01","SZ","NB",15757540309,15215030243,30972570552,542510066
20200522,"14:20:01","SH","NB",10022640835,12242875488,22265516323,-2220234653
20200522,"14:20:01","SZ","NB",15801068977,15267198318,31068267295,533870659
20200522,"14:21:01","SH","NB",10052677353,12288230289,22340907642,-2235552936
20200522,"14:21:01","SZ","NB",15887273486,15331616084,31218889570,555657402
20200522,"14:22:01","SH","NB",10089956798,12321730160,22411686958,-2231773362
20200522,"14:22:01","SZ","NB",15976696194,15394675891,31371372085,582020303
20200522,"14:23:01","SH","NB",10124666653,12362793190,22487459843,-2238126537
20200522,"14:23:01","SZ","NB",16060648046,15476735135,31537383181,583912911
20200522,"14:24:01","SH","NB",10160217844,12450882156,22611100000,-2290664312
20200522,"14:24:01","SZ","NB",16128455344,15615062633,31743517977,513392711
20200522,"14:25:01","SH","NB",10185581388,12489262818,22674844206,-2303681430
20200522,"14:25:01","SZ","NB",16181219239,15691540433,31872759672,489678806
20200522,"14:26:01","SZ","NB",16233497509,15763349839,31996847348,470147670
20200522,"14:26:01","SH","NB",10210364359,12546652614,22757016973,-2336288255
20200522,"14:27:01","SH","NB",10231163042,12590290008,22821453050,-2359126966
20200522,"14:27:01","SZ","NB",16263757591,15812364857,32076122448,451392734
20200522,"14:28:01","SH","NB",10266380212,12709009106,22975389318,-2442628894
20200522,"14:28:01","SZ","NB",16314988553,15952732098,32267720651,362256455
20200522,"14:29:01","SH","NB",10293396307,12757901941,23051298248,-2464505634
20200522,"14:29:01","SZ","NB",16353191179,16010398926,32363590105,342792253
20200522,"14:30:01","SH","NB",10318755224,12781579079,23100334303,-2462823855
20200522,"14:30:01","SZ","NB",16391645717,16060614243,32452259960,331031474
20200522,"14:31:01","SH","NB",10373172169,12901213258,23274385427,-2528041089
20200522,"14:31:01","SZ","NB",16457015467,16154236086,32611251553,302779381
20200522,"14:32:01","SH","NB",10404123045,12951070930,23355193975,-2546947885
20200522,"14:32:01","SZ","NB",16503718506,16220157418,32723875924,283561088
20200522,"14:33:01","SH","NB",10436788889,13056676440,23493465329,-2619887551
20200522,"14:33:01","SZ","NB",16546676247,16298741517,32845417764,247934730
20200522,"14:34:01","SZ","NB",16590482142,16353723605,32944205747,236758537
20200522,"14:34:01","SH","NB",10468334276,13097704591,23566038867,-2629370315
20200522,"14:35:01","SH","NB",10503125571,13142802486,23645928057,-2639676915
20200522,"14:35:01","SZ","NB",16635580898,16407612155,33043193053,227968743
20200522,"14:36:01","SZ","NB",16680776779,16465706187,33146482966,215070592
20200522,"14:36:01","SH","NB",10540562702,13186684129,23727246831,-2646121427
20200522,"14:37:01","SH","NB",10577099618,13276205821,23853305439,-2699106203
20200522,"14:37:01","SZ","NB",16728124931,16548046143,33276171074,180078788
20200522,"14:38:01","SH","NB",10610419949,13319022238,23929442187,-2708602289
20200522,"14:38:01","SZ","NB",16780633119,16603499994,33384133113,177133125
20200522,"14:39:01","SH","NB",10642953219,13382759216,24025712435,-2739805997
20200522,"14:39:01","SZ","NB",16826285704,16668169794,33494455498,158115910
20200522,"14:40:01","SH","NB",10684114456,13427172401,24111286857,-2743057945
20200522,"14:40:01","SZ","NB",16892253486,16719096142,33611349628,173157344
20200522,"14:41:01","SH","NB",10758378480,13493911773,24252290253,-2735533293
20200522,"14:41:01","SZ","NB",16989553474,16806960194,33796513668,182593280
20200522,"14:42:01","SH","NB",10797383139,13623731804,24421114943,-2826348665
20200522,"14:42:01","SZ","NB",17033129224,16914213709,33947342933,118915515
20200522,"14:43:01","SH","NB",10841883005,13714190136,24556073141,-2872307131
20200522,"14:43:01","SZ","NB",17090045059,16996905625,34086950684,93139434
20200522,"14:44:01","SH","NB",10887560648,13844201642,24731762290,-2956640994
20200522,"14:44:01","SZ","NB",17161227841,17090951104,34252178945,70276737
20200522,"14:45:01","SH","NB",10938688418,13929354432,24868042850,-2990666014
20200522,"14:45:01","SZ","NB",17220544801,17166917063,34387461864,53627738
20200522,"14:46:01","SZ","NB",17305008773,17227590433,34532599206,77418340
20200522,"14:46:01","SH","NB",10991429222,13993040976,24984470198,-3001611754
20200522,"14:47:01","SH","NB",11052241914,14041855648,25094097562,-2989613734
20200522,"14:47:01","SZ","NB",17398163085,17283665453,34681828538,114497632
20200522,"14:48:01","SH","NB",11101881982,14093705482,25195587464,-2991823500
20200522,"14:48:01","SZ","NB",17452506792,17338206310,34790713102,114300482
20200522,"14:49:01","SH","NB",11154845737,14161525174,25316370911,-3006679437
20200522,"14:49:01","SZ","NB",17516873211,17411427261,34928300472,105445950
20200522,"14:50:01","SH","NB",11197755201,14222886070,25420641271,-3025130869
20200522,"14:50:01","SZ","NB",17573355638,17481223396,35054579034,92132242
20200522,"14:51:01","SH","NB",11294190519,14301350187,25595540706,-3007159668
20200522,"14:51:01","SZ","NB",17688154116,17580388054,35268542170,107766062
20200522,"14:52:01","SZ","NB",17761057006,17660202897,35421259903,100854109
20200522,"14:52:01","SH","NB",11352885284,14368587984,25721473268,-3015702700
20200522,"14:53:01","SH","NB",11404772100,14449336785,25854108885,-3044564685
20200522,"14:53:01","SZ","NB",17834182725,17734191419,35568374144,99991306
20200522,"14:54:01","SH","NB",11457278410,14547369168,26004647578,-3090090758
20200522,"14:54:01","SZ","NB",17902569233,17838170867,35740740100,64398366
20200522,"14:55:01","SH","NB",11506861353,14625213651,26132075004,-3118352298
20200522,"14:55:01","SZ","NB",17977314325,17912123403,35889437728,65190922
20200522,"14:56:01","SH","NB",11574018438,14740709085,26314727523,-3166690647
20200522,"14:56:01","SZ","NB",18078982265,18059365974,36138348239,19616291
20200522,"14:57:01","SH","NB",11635358729,14829891299,26465250028,-3194532570
20200522,"14:57:01","SZ","NB",18166119884,18169174664,36335294548,-3054780
20200522,"14:58:01","SH","NB",11635358729,14830024132,26465382861,-3194665403
20200522,"15:00:01","SZ","NB",18232662601,18273745861,36506408462,-41083260
20200522,"15:01:01","SH","NB",11752138985,15043775590,26795914575,-3291636605
20200522,"15:01:01","SZ","NB",18410234702,18444096590,36854331292,-33861888
