dataDate,dataTime,connectMarket,tradeDirection,buyTurnover,sellTurnover,totalTurnover,netTurnover
20190515,"09:30:00","SH","NB",39284228,52574741,91858969,-13290513
20190515,"09:30:00","SZ","NB",38569710,31052964,69622674,7516746
20190515,"09:31:00","SH","NB",164173813,298008709,462182522,-133834896
20190515,"09:31:00","SZ","NB",181943674,234571322,416514996,-52627648
20190515,"09:32:00","SH","NB",266354045,422223322,688577367,-155869277
20190515,"09:32:00","SZ","NB",306237350,361419527,667656877,-55182177
20190515,"09:33:00","SZ","NB",417497491,555982650,973480141,-138485159
20190515,"09:33:00","SH","NB",391149687,615781226,1006930913,-224631539
20190515,"09:34:00","SH","NB",635358622,801079324,1436437946,-165720702
20190515,"09:34:00","SZ","NB",715743060,759169593,1474912653,-43426533
20190515,"09:35:00","SH","NB",754967506,1034755504,1789723010,-279787998
20190515,"09:35:00","SZ","NB",814892927,1022266037,1837158964,-207373110
20190515,"09:36:00","SH","NB",843256844,1182464435,2025721279,-339207591
20190515,"09:36:00","SZ","NB",887481102,1253865773,2141346875,-366384671
20190515,"09:37:00","SH","NB",962290718,1265885436,2228176154,-303594718
20190515,"09:37:00","SZ","NB",994157778,1371023089,2365180867,-376865311
20190515,"09:38:00","SH","NB",1041989147,1373795490,2415784637,-331806343
20190515,"09:38:00","SZ","NB",1078007500,1553457533,2631465033,-475450033
20190515,"09:39:00","SH","NB",1163111880,1442734113,2605845993,-279622233
20190515,"09:39:00","SZ","NB",1201697580,1658911054,2860608634,-457213474
20190515,"09:40:00","SZ","NB",1250809613,1768352727,3019162340,-517543114
20190515,"09:40:00","SH","NB",1218777513,1522919929,2741697442,-304142416
20190515,"09:41:00","SH","NB",1284201238,1602564292,2886765530,-318363054
20190515,"09:41:00","SZ","NB",1306064512,1871642494,3177707006,-565577982
20190515,"09:42:00","SH","NB",1338162029,1680332190,3018494219,-342170161
20190515,"09:42:00","SZ","NB",1355609213,2017013231,3372622444,-661404018
20190515,"09:43:00","SH","NB",1402320355,1733828082,3136148437,-331507727
20190515,"09:43:00","SZ","NB",1436124492,2100993722,3537118214,-664869230
20190515,"09:44:00","SZ","NB",1509463897,2151850714,3661314611,-642386817
20190515,"09:44:00","SH","NB",1482689450,1773822756,3256512206,-291133306
20190515,"09:45:00","SH","NB",1562532913,1810760484,3373293397,-248227571
20190515,"09:45:00","SZ","NB",1594415988,2206614438,3801030426,-612198450
20190515,"09:46:00","SH","NB",1633809021,1857112769,3490921790,-223303748
20190515,"09:46:00","SZ","NB",1677667877,2247031338,3924699215,-569363461
20190515,"09:47:00","SH","NB",1682581676,1909906669,3592488345,-227324993
20190515,"09:47:00","SZ","NB",1752887609,2297421390,4050308999,-544533781
20190515,"09:48:00","SH","NB",1772091819,1975096224,3747188043,-203004405
20190515,"09:48:00","SZ","NB",1818939057,2354354167,4173293224,-535415110
20190515,"09:49:00","SH","NB",1870609042,2059540463,3930149505,-188931421
20190515,"09:49:00","SZ","NB",1879624854,2440973444,4320598298,-561348590
20190515,"09:50:00","SH","NB",1989151136,2103191794,4092342930,-114040658
20190515,"09:50:00","SZ","NB",1999686848,2489598240,4489285088,-489911392
20190515,"09:51:00","SH","NB",2232598791,2172719848,4405318639,59878943
20190515,"09:51:00","SZ","NB",2285852265,2567681099,4853533364,-281828834
20190515,"09:52:00","SZ","NB",2407544511,2736597966,5144142477,-329053455
20190515,"09:52:00","SH","NB",2360971948,2313545225,4674517173,47426723
20190515,"09:53:00","SH","NB",2430880274,2370599583,4801479857,60280691
20190515,"09:53:00","SZ","NB",2473143671,2798369187,5271512858,-325225516
20190515,"09:54:00","SH","NB",2479133954,2448817423,4927951377,30316531
20190515,"09:54:00","SZ","NB",2530920838,2930888268,5461809106,-399967430
20190515,"09:55:00","SH","NB",2521044161,2507260615,5028304776,13783546
20190515,"09:55:00","SZ","NB",2601702864,2992044698,5593747562,-390341834
20190515,"09:56:00","SH","NB",2565834639,2545022757,5110857396,20811882
20190515,"09:56:00","SZ","NB",2674124598,3039526712,5713651310,-365402114
20190515,"09:57:00","SH","NB",2607029072,2602259757,5209288829,4769315
20190515,"09:57:00","SZ","NB",2721243865,3098996940,5820240805,-377753075
20190515,"09:58:00","SH","NB",2646799274,2638535823,5285335097,8263451
20190515,"09:58:00","SZ","NB",2773350241,3149972781,5923323022,-376622540
20190515,"09:59:00","SH","NB",2715168685,2820701172,5535869857,-105532487
20190515,"09:59:00","SZ","NB",2836246727,3293440642,6129687369,-457193915
20190515,"10:00:00","SZ","NB",2927629087,3329728250,6257357337,-402099163
20190515,"10:00:00","SH","NB",2790565140,2864123804,5654688944,-73558664
20190515,"10:01:00","SH","NB",2831388113,2963464027,5794852140,-132075914
20190515,"10:01:00","SZ","NB",2970487945,3384658449,6355146394,-414170504
20190515,"10:02:00","SH","NB",2864711701,3049975626,5914687327,-185263925
20190515,"10:02:00","SZ","NB",3010094190,3450831610,6460925800,-440737420
20190515,"10:03:00","SH","NB",2924919536,3083531208,6008450744,-158611672
20190515,"10:03:00","SZ","NB",3079983856,3485419598,6565403454,-405435742
20190515,"10:04:00","SH","NB",2966773673,3121759695,6088533368,-154986022
20190515,"10:04:00","SZ","NB",3115358998,3519475035,6634834033,-404116037
20190515,"10:05:00","SH","NB",3008741274,3155416623,6164157897,-146675349
20190515,"10:05:00","SZ","NB",3152521401,3545662330,6698183731,-393140929
20190515,"10:06:00","SZ","NB",3197304507,3612708295,6810012802,-415403788
20190515,"10:06:00","SH","NB",3044380633,3218763417,6263144050,-174382784
20190515,"10:07:00","SH","NB",3087549878,3394851793,6482401671,-307301915
20190515,"10:07:00","SZ","NB",3235672203,3783493078,7019165281,-547820875
20190515,"10:08:00","SH","NB",3148841524,3450975696,6599817220,-302134172
20190515,"10:08:00","SZ","NB",3299402949,3836979830,7136382779,-537576881
20190515,"10:09:00","SH","NB",3290112610,3511848280,6801960890,-221735670
20190515,"10:09:00","SZ","NB",3502321046,3892842370,7395163416,-390521324
20190515,"10:10:00","SH","NB",3326246440,3583238788,6909485228,-256992348
20190515,"10:10:00","SZ","NB",3547723294,3962509112,7510232406,-414785818
20190515,"10:11:00","SH","NB",3358628947,3625747093,6984376040,-267118146
20190515,"10:11:00","SZ","NB",3572704713,3994893661,7567598374,-422188948
20190515,"10:12:00","SH","NB",3395028121,3667998680,7063026801,-272970559
20190515,"10:12:00","SZ","NB",3602492589,4020469610,7622962199,-417977021
20190515,"10:13:00","SH","NB",3440724964,3704905963,7145630927,-264180999
20190515,"10:13:00","SZ","NB",3629442373,4047646417,7677088790,-418204044
20190515,"10:14:00","SZ","NB",3668902975,4085961983,7754864958,-417059008
20190515,"10:14:00","SH","NB",3476320195,3742484885,7218805080,-266164690
20190515,"10:15:00","SH","NB",3521947269,3775011711,7296958980,-253064442
20190515,"10:15:00","SZ","NB",3711851797,4112900912,7824752709,-401049115
20190515,"10:16:00","SH","NB",3644401577,3812374390,7456775967,-167972813
20190515,"10:16:00","SZ","NB",3816631641,4147049928,7963681569,-330418287
20190515,"10:17:00","SH","NB",3731909170,3855439065,7587348235,-123529895
20190515,"10:17:00","SZ","NB",3891712961,4180429740,8072142701,-288716779
20190515,"10:18:00","SH","NB",3771406566,3976385152,7747791718,-204978586
20190515,"10:18:00","SZ","NB",3932796719,4301222287,8234019006,-368425568
20190515,"10:19:00","SH","NB",3799058631,4017502785,7816561416,-218444154
20190515,"10:19:00","SZ","NB",3971836928,4330951004,8302787932,-359114076
20190515,"10:20:00","SZ","NB",4021229451,4519230013,8540459464,-498000562
20190515,"10:20:00","SH","NB",3835562838,4161282727,7996845565,-325719889
20190515,"10:21:00","SH","NB",3882736954,4200164714,8082901668,-317427760
20190515,"10:21:00","SZ","NB",4062113520,4549957145,8612070665,-487843625
20190515,"10:22:00","SH","NB",3910889440,4227744619,8138634059,-316855179
20190515,"10:22:00","SZ","NB",4093593304,4573438495,8667031799,-479845191
20190515,"10:23:00","SH","NB",3939798196,4269221461,8209019657,-329423265
20190515,"10:23:00","SZ","NB",4112760371,4600296525,8713056896,-487536154
20190515,"10:24:00","SH","NB",3967398411,4322217099,8289615510,-354818688
20190515,"10:24:00","SZ","NB",4142316577,4641643581,8783960158,-499327004
20190515,"10:25:00","SH","NB",3993709921,4347820229,8341530150,-354110308
20190515,"10:25:00","SZ","NB",4167591113,4665875728,8833466841,-498284615
20190515,"10:26:00","SH","NB",4016694799,4444302439,8460997238,-427607640
20190515,"10:26:00","SZ","NB",4191104041,4723691653,8914795694,-532587612
20190515,"10:27:00","SH","NB",4043005909,4491358117,8534364026,-448352208
20190515,"10:27:00","SZ","NB",4223445985,4753688931,8977134916,-530242946
20190515,"10:28:00","SH","NB",4068363576,4530279374,8598642950,-461915798
20190515,"10:28:00","SZ","NB",4248395674,4775097104,9023492778,-526701430
20190515,"10:29:00","SZ","NB",4276924905,4792616128,9069541033,-515691223
20190515,"10:29:00","SH","NB",4106350076,4554090642,8660440718,-447740566
20190515,"10:30:00","SH","NB",4133225863,4576986667,8710212530,-443760804
20190515,"10:30:00","SZ","NB",4307620232,4809349172,9116969404,-501728940
20190515,"10:31:00","SH","NB",4158585200,4600718573,8759303773,-442133373
20190515,"10:31:00","SZ","NB",4327921230,4829528529,9157449759,-501607299
20190515,"10:32:00","SH","NB",4178962691,4632414818,8811377509,-453452127
20190515,"10:32:00","SZ","NB",4352666315,4852768251,9205434566,-500101936
20190515,"10:33:00","SH","NB",4213809607,4658105608,8871915215,-444296001
20190515,"10:33:00","SZ","NB",4374921886,4868439395,9243361281,-493517509
20190515,"10:34:00","SH","NB",4239588063,4687976062,8927564125,-448387999
20190515,"10:34:00","SZ","NB",4402838672,4881853198,9284691870,-479014526
20190515,"10:35:00","SH","NB",4285199929,4720473585,9005673514,-435273656
20190515,"10:35:00","SZ","NB",4466342062,4902307902,9368649964,-435965840
20190515,"10:36:00","SH","NB",4320341612,4744490648,9064832260,-424149036
20190515,"10:36:00","SZ","NB",4488075991,4920297418,9408373409,-432221427
20190515,"10:37:00","SZ","NB",4520989162,4936938503,9457927665,-415949341
20190515,"10:37:00","SH","NB",4352456892,4765847763,9118304655,-413390871
20190515,"10:38:00","SH","NB",4375246975,4787877734,9163124709,-412630759
20190515,"10:38:00","SZ","NB",4541108863,4954736943,9495845806,-413628080
20190515,"10:39:00","SH","NB",4397857201,4830719648,9228576849,-432862447
20190515,"10:39:00","SZ","NB",4563660624,4999663745,9563324369,-436003121
20190515,"10:40:00","SH","NB",4416289284,4869375745,9285665029,-453086461
20190515,"10:40:00","SZ","NB",4586791049,5036975291,9623766340,-450184242
20190515,"10:41:00","SH","NB",4436766307,4895091791,9331858098,-458325484
20190515,"10:41:00","SZ","NB",4603560693,5067695930,9671256623,-464135237
20190515,"10:42:00","SH","NB",4455962273,4917281733,9373244006,-461319460
20190515,"10:42:00","SZ","NB",4625321459,5090747411,9716068870,-465425952
20190515,"10:43:00","SH","NB",4487071036,4939623767,9426694803,-452552731
20190515,"10:43:00","SZ","NB",4644290527,5109840915,9754131442,-465550388
20190515,"10:44:00","SH","NB",4514308819,4963670799,9477979618,-449361980
20190515,"10:44:00","SZ","NB",4666818099,5127188327,9794006426,-460370228
20190515,"10:45:00","SZ","NB",4695557478,5147558037,9843115515,-452000559
20190515,"10:45:00","SH","NB",4535630552,4984646304,9520276856,-449015752
20190515,"10:46:00","SH","NB",4700074659,5015632914,9715707573,-315558255
20190515,"10:46:00","SZ","NB",4819777229,5184262351,10004039580,-364485122
20190515,"10:47:00","SH","NB",4750544266,5051608390,9802152656,-301064124
20190515,"10:47:00","SZ","NB",4868082611,5222311258,10090393869,-354228647
20190515,"10:48:00","SH","NB",4793673697,5200621376,9994295073,-406947679
20190515,"10:48:00","SZ","NB",4904152418,5378390318,10282542736,-474237900
20190515,"10:49:00","SH","NB",4832671082,5226444115,10059115197,-393773033
20190515,"10:49:00","SZ","NB",4951616330,5398560490,10350176820,-446944160
20190515,"10:50:00","SZ","NB",4969914978,5415985317,10385900295,-446070339
20190515,"10:50:00","SH","NB",4848868431,5248759423,10097627854,-399890992
20190515,"10:51:00","SH","NB",4886683095,5276784983,10163468078,-390101888
20190515,"10:51:00","SZ","NB",4998727939,5434465096,10433193035,-435737157
20190515,"10:52:00","SH","NB",4970354775,5311558348,10281913123,-341203573
20190515,"10:52:00","SZ","NB",5065769613,5458960343,10524729956,-393190730
20190515,"10:53:00","SH","NB",4995966410,5337275997,10333242407,-341309587
20190515,"10:53:00","SZ","NB",5086259164,5492938958,10579198122,-406679794
20190515,"10:54:00","SH","NB",5019640277,5354788223,10374428500,-335147946
20190515,"10:54:00","SZ","NB",5108169400,5512678815,10620848215,-404509415
20190515,"10:55:00","SH","NB",5052510644,5376602380,10429113024,-324091736
20190515,"10:55:00","SZ","NB",5128488997,5526102786,10654591783,-397613789
20190515,"10:56:00","SH","NB",5092089972,5402119759,10494209731,-310029787
20190515,"10:56:00","SZ","NB",5176479630,5545932177,10722411807,-369452547
20190515,"10:57:00","SH","NB",5122446304,5427402668,10549848972,-304956364
20190515,"10:57:00","SZ","NB",5198429665,5567389313,10765818978,-368959648
20190515,"10:58:00","SH","NB",5155844440,5455155240,10610999680,-299310800
20190515,"10:58:00","SZ","NB",5220327830,5589281993,10809609823,-368954163
20190515,"10:59:00","SH","NB",5184244730,5499757677,10684002407,-315512947
20190515,"10:59:00","SZ","NB",5239098465,5628228024,10867326489,-389129559
20190515,"11:00:00","SZ","NB",5250957522,5655757215,10906714737,-404799693
20190515,"11:00:00","SH","NB",5203234537,5535266726,10738501263,-332032189
20190515,"11:01:00","SH","NB",5222066127,5553233063,10775299190,-331166936
20190515,"11:01:00","SZ","NB",5270209958,5670480123,10940690081,-400270165
20190515,"11:02:00","SH","NB",5268634179,5574999101,10843633280,-306364922
20190515,"11:02:00","SZ","NB",5291558232,5688643178,10980201410,-397084946
20190515,"11:03:00","SH","NB",5308049159,5595372176,10903421335,-287323017
20190515,"11:03:00","SZ","NB",5319376148,5709647684,11029023832,-390271536
20190515,"11:04:00","SH","NB",5348183388,5619209278,10967392666,-271025890
20190515,"11:04:00","SZ","NB",5354842761,5731250324,11086093085,-376407563
20190515,"11:05:00","SH","NB",5428700503,5643334349,11072034852,-214633846
20190515,"11:05:00","SZ","NB",5406061144,5753420342,11159481486,-347359198
20190515,"11:06:00","SH","NB",5478801590,5699174559,11177976149,-220372969
20190515,"11:06:00","SZ","NB",5443642848,5800006634,11243649482,-356363786
20190515,"11:07:00","SZ","NB",5461507771,5854054485,11315562256,-392546714
20190515,"11:07:00","SH","NB",5511689766,5781501267,11293191033,-269811501
20190515,"11:08:00","SH","NB",5531455319,5804984980,11336440299,-273529661
20190515,"11:08:00","SZ","NB",5480206555,5870415640,11350622195,-390209085
20190515,"11:09:00","SH","NB",5550661420,5826360690,11377022110,-275699270
20190515,"11:09:00","SZ","NB",5498876665,5887155809,11386032474,-388279144
20190515,"11:10:00","SH","NB",5573462145,5843151535,11416613680,-269689390
20190515,"11:10:00","SZ","NB",5515732129,5900909211,11416641340,-385177082
20190515,"11:11:00","SH","NB",5600573884,5893347453,11493921337,-292773569
20190515,"11:11:00","SZ","NB",5534688168,5929675649,11464363817,-394987481
20190515,"11:12:00","SZ","NB",5554859898,5944602977,11499462875,-389743079
20190515,"11:12:00","SH","NB",5620096489,5910605553,11530702042,-290509064
20190515,"11:13:00","SH","NB",5639570743,5931082540,11570653283,-291511797
20190515,"11:13:00","SZ","NB",5570035895,5963299568,11533335463,-393263673
20190515,"11:14:00","SH","NB",5664164114,6026327626,11690491740,-362163512
20190515,"11:14:00","SZ","NB",5594796358,6034789452,11629585810,-439993094
20190515,"11:15:00","SH","NB",5685714023,6052311143,11738025166,-366597120
20190515,"11:15:00","SZ","NB",5626901977,6058492421,11685394398,-431590444
20190515,"11:16:00","SH","NB",5702563918,6068125856,11770689774,-365561938
20190515,"11:16:00","SZ","NB",5648262300,6076148766,11724411066,-427886466
20190515,"11:17:00","SH","NB",5730673395,6084961657,11815635052,-354288262
20190515,"11:17:00","SZ","NB",5664626851,6094409724,11759036575,-429782873
20190515,"11:18:00","SH","NB",5758485111,6100104867,11858589978,-341619756
20190515,"11:18:00","SZ","NB",5693045361,6108543171,11801588532,-415497810
20190515,"11:19:00","SH","NB",5791183879,6124479027,11915662906,-333295148
20190515,"11:19:00","SZ","NB",5711573754,6121788301,11833362055,-410214547
20190515,"11:20:00","SZ","NB",5729881031,6139690623,11869571654,-409809592
20190515,"11:20:00","SH","NB",5809074433,6145266512,11954340945,-336192079
20190515,"11:21:00","SH","NB",5836916556,6166992151,12003908707,-330075595
20190515,"11:21:00","SZ","NB",5759152007,6150953860,11910105867,-391801853
20190515,"11:22:00","SH","NB",5879884445,6185896966,12065781411,-306012521
20190515,"11:22:00","SZ","NB",5788157331,6162607430,11950764761,-374450099
20190515,"11:23:00","SH","NB",5921282017,6209201628,12130483645,-287919611
20190515,"11:23:00","SZ","NB",5831311035,6179522701,12010833736,-348211666
20190515,"11:24:00","SH","NB",6008182120,6233973671,12242155791,-225791551
20190515,"11:24:00","SZ","NB",5874185650,6196399129,12070584779,-322213479
20190515,"11:25:00","SH","NB",6040658681,6252538534,12293197215,-211879853
20190515,"11:25:00","SZ","NB",5904265629,6211907270,12116172899,-307641641
20190515,"11:26:00","SH","NB",6077178705,6283039390,12360218095,-205860685
20190515,"11:26:00","SZ","NB",5925613520,6236120260,12161733780,-310506740
20190515,"11:27:00","SH","NB",6102590013,6301828829,12404418842,-199238816
20190515,"11:27:00","SZ","NB",5953322427,6251305049,12204627476,-297982622
20190515,"11:28:00","SH","NB",6147092641,6317328868,12464421509,-170236227
20190515,"11:28:00","SZ","NB",5981992090,6263521428,12245513518,-281529338
20190515,"11:29:00","SH","NB",6177312596,6330935308,12508247904,-153622712
20190515,"11:29:00","SZ","NB",6003214163,6277063050,12280277213,-273848887
20190515,"11:30:00","SZ","NB",6022690131,6296585088,12319275219,-273894957
20190515,"11:30:00","SH","NB",6200607177,6354149046,12554756223,-153541869
20190515,"11:31:00","SH","NB",6200619297,6354179823,12554799120,-153560526
20190515,"11:31:00","SZ","NB",6022696027,6296585088,12319281115,-273889061
20190515,"13:01:00","SH","NB",6303659987,6465830417,12769490404,-162170430
20190515,"13:01:00","SZ","NB",6144366050,6406431916,12550797966,-262065866
20190515,"13:02:00","SZ","NB",6167356636,6436898830,12604255466,-269542194
20190515,"13:02:00","SH","NB",6329933178,6502050047,12831983225,-172116869
20190515,"13:03:00","SH","NB",6357881778,6527927550,12885809328,-170045772
20190515,"13:03:00","SZ","NB",6195813379,6453687566,12649500945,-257874187
20190515,"13:04:00","SH","NB",6394824594,6567331586,12962156180,-172506992
20190515,"13:04:00","SZ","NB",6223376294,6475130659,12698506953,-251754365
20190515,"13:05:00","SH","NB",6430922571,6601557656,13032480227,-170635085
20190515,"13:05:00","SZ","NB",6252390994,6497899971,12750290965,-245508977
20190515,"13:06:00","SH","NB",6488574830,6631082226,13119657056,-142507396
20190515,"13:06:00","SZ","NB",6284964518,6519236702,12804201220,-234272184
20190515,"13:07:00","SZ","NB",6316565167,6544164073,12860729240,-227598906
20190515,"13:07:00","SH","NB",6536258918,6662589740,13198848658,-126330822
20190515,"13:08:00","SH","NB",6579401033,6678928367,13258329400,-99527334
20190515,"13:08:00","SZ","NB",6358595419,6567633527,12926228946,-209038108
20190515,"13:09:00","SH","NB",6628550903,6704998658,13333549561,-76447755
20190515,"13:09:00","SZ","NB",6403698791,6600051448,13003750239,-196352657
20190515,"13:10:00","SH","NB",6659870126,6811259847,13471129973,-151389721
20190515,"13:10:00","SZ","NB",6436441074,6685840925,13122281999,-249399851
20190515,"13:11:00","SH","NB",6684460637,6833535863,13517996500,-149075226
20190515,"13:11:00","SZ","NB",6464001324,6703238427,13167239751,-239237103
20190515,"13:12:00","SH","NB",6721425443,6853156317,13574581760,-131730874
20190515,"13:12:00","SZ","NB",6492670033,6719099898,13211769931,-226429865
20190515,"13:13:00","SZ","NB",6533808445,6735904913,13269713358,-202096468
20190515,"13:13:00","SH","NB",6779311826,6876673850,13655985676,-97362024
20190515,"13:14:00","SH","NB",6845415009,6900737758,13746152767,-55322749
20190515,"13:14:00","SZ","NB",6578451660,6754186085,13332637745,-175734425
20190515,"13:15:00","SH","NB",6900032372,6931457844,13831490216,-31425472
20190515,"13:15:00","SZ","NB",6653679350,6784341444,13438020794,-130662094
20190515,"13:16:00","SZ","NB",6688168975,6864739125,13552908100,-176570150
20190515,"13:16:00","SH","NB",6942207904,7030245652,13972453556,-88037748
20190515,"13:17:00","SH","NB",6973092823,7059424505,14032517328,-86331682
20190515,"13:17:00","SZ","NB",6717246239,6890152315,13607398554,-172906076
20190515,"13:18:00","SH","NB",7005637658,7090976279,14096613937,-85338621
20190515,"13:18:00","SZ","NB",6741665464,6921997995,13663663459,-180332531
20190515,"13:19:00","SZ","NB",6766118856,6956451858,13722570714,-190333002
20190515,"13:19:00","SH","NB",7033646663,7138296627,14171943290,-104649964
20190515,"13:20:00","SH","NB",7082280983,7174323085,14256604068,-92042102
20190515,"13:20:00","SZ","NB",6797257009,6975985648,13773242657,-178728639
20190515,"13:21:00","SH","NB",7350692410,7219054351,14569746761,131638059
20190515,"13:21:00","SZ","NB",6972654443,7005451115,13978105558,-32796672
20190515,"13:22:00","SH","NB",7431420673,7344662108,14776082781,86758565
20190515,"13:22:00","SZ","NB",7030577054,7093713982,14124291036,-63136928
20190515,"13:23:00","SH","NB",7486385378,7385024963,14871410341,101360415
20190515,"13:23:00","SZ","NB",7065820695,7128157015,14193977710,-62336320
20190515,"13:24:00","SH","NB",7529201846,7430487478,14959689324,98714368
20190515,"13:24:00","SZ","NB",7095068648,7162390899,14257459547,-67322251
20190515,"13:25:00","SH","NB",7568370893,7467810559,15036181452,100560334
20190515,"13:25:00","SZ","NB",7119774303,7202831498,14322605801,-83057195
20190515,"13:26:00","SH","NB",7656328810,7509765440,15166094250,146563370
20190515,"13:26:00","SZ","NB",7155036170,7232082853,14387119023,-77046683
20190515,"13:27:00","SH","NB",7700210694,7587387486,15287598180,112823208
20190515,"13:27:00","SZ","NB",7182702298,7299671619,14482373917,-116969321
20190515,"13:28:00","SH","NB",7735419349,7610509240,15345928589,124910109
20190515,"13:28:00","SZ","NB",7221389569,7320727924,14542117493,-99338355
20190515,"13:29:00","SZ","NB",7277525419,7340605239,14618130658,-63079820
20190515,"13:29:00","SH","NB",7808161152,7639905269,15448066421,168255883
20190515,"13:30:00","SH","NB",7845128761,7708918450,15554047211,136210311
20190515,"13:30:00","SZ","NB",7311435017,7392243187,14703678204,-80808170
20190515,"13:31:00","SH","NB",7873073672,7752910034,15625983706,120163638
20190515,"13:31:00","SZ","NB",7338573486,7428638795,14767212281,-90065309
20190515,"13:32:00","SH","NB",7898964811,7785465070,15684429881,113499741
20190515,"13:32:00","SZ","NB",7361965029,7454165903,14816130932,-92200874
20190515,"13:33:00","SH","NB",7926582586,7834092821,15760675407,92489765
20190515,"13:33:00","SZ","NB",7385557226,7487650121,14873207347,-102092895
20190515,"13:34:00","SH","NB",7956703521,7855921234,15812624755,100782287
20190515,"13:34:00","SZ","NB",7405754241,7510597781,14916352022,-104843540
20190515,"13:35:00","SZ","NB",7422332498,7530214065,14952546563,-107881567
20190515,"13:35:00","SH","NB",7980816064,7886385544,15867201608,94430520
20190515,"13:36:00","SH","NB",8004353377,7906784365,15911137742,97569012
20190515,"13:36:00","SZ","NB",7447692593,7545811259,14993503852,-98118666
20190515,"13:37:00","SH","NB",8038531374,7924269498,15962800872,114261876
20190515,"13:37:00","SZ","NB",7489044939,7563213692,15052258631,-74168753
20190515,"13:38:00","SH","NB",8076274342,7946728035,16023002377,129546307
20190515,"13:38:00","SZ","NB",7532328055,7582951423,15115279478,-50623368
20190515,"13:39:00","SH","NB",8115086374,7965522352,16080608726,149564022
20190515,"13:39:00","SZ","NB",7570097438,7603342918,15173440356,-33245480
20190515,"13:40:00","SH","NB",8140122293,7987444075,16127566368,152678218
20190515,"13:40:00","SZ","NB",7593721166,7622579969,15216301135,-28858803
20190515,"13:41:00","SH","NB",8202856214,8009858355,16212714569,192997859
20190515,"13:41:00","SZ","NB",7661429532,7641871186,15303300718,19558346
20190515,"13:42:00","SZ","NB",7728135124,7664523441,15392658565,63611683
20190515,"13:42:00","SH","NB",8319366480,8032835384,16352201864,286531096
20190515,"13:43:00","SH","NB",8391896549,8074540362,16466436911,317356187
20190515,"13:43:00","SZ","NB",7777784360,7697659251,15475443611,80125109
20190515,"13:44:00","SH","NB",8442108353,8168916415,16611024768,273191938
20190515,"13:44:00","SZ","NB",7812390927,7752579427,15564970354,59811500
20190515,"13:45:00","SH","NB",8507517747,8232383831,16739901578,275133916
20190515,"13:45:00","SZ","NB",7867487810,7782994248,15650482058,84493562
20190515,"13:46:00","SH","NB",8561154317,8272506096,16833660413,288648221
20190515,"13:46:00","SZ","NB",7904366490,7820734181,15725100671,83632309
20190515,"13:47:00","SH","NB",8622674240,8300955864,16923630104,321718376
20190515,"13:47:00","SZ","NB",7944816057,7851311102,15796127159,93504955
20190515,"13:48:00","SH","NB",8685321869,8351983328,17037305197,333338541
20190515,"13:48:00","SZ","NB",7986953551,7890213452,15877167003,96740099
20190515,"13:49:00","SH","NB",8744690683,8404518457,17149209140,340172226
20190515,"13:49:00","SZ","NB",8030368305,7924134592,15954502897,106233713
20190515,"13:50:00","SH","NB",8812361648,8467351220,17279712868,345010428
20190515,"13:50:00","SZ","NB",8071773710,7964705710,16036479420,107068000
20190515,"13:51:00","SH","NB",8851412356,8523031359,17374443715,328380997
20190515,"13:51:00","SZ","NB",8114401293,8000829066,16115230359,113572227
20190515,"13:52:00","SZ","NB",8145397327,8081649903,16227047230,63747424
20190515,"13:52:00","SH","NB",8898249288,8600169752,17498419040,298079536
20190515,"13:53:00","SH","NB",8931202813,8655849085,17587051898,275353728
20190515,"13:53:00","SZ","NB",8170967156,8124373405,16295340561,46593751
20190515,"13:54:00","SH","NB",8970428477,8691248226,17661676703,279180251
20190515,"13:54:00","SZ","NB",8224274726,8157524219,16381798945,66750507
20190515,"13:55:00","SZ","NB",8250009033,8191310004,16441319037,58699029
20190515,"13:55:00","SH","NB",9001116551,8717292561,17718409112,283823990
20190515,"13:56:00","SH","NB",9069206376,8744435628,17813642004,324770748
20190515,"13:56:00","SZ","NB",8299551206,8214251339,16513802545,85299867
20190515,"13:57:00","SH","NB",9119567778,8782997975,17902565753,336569803
20190515,"13:57:00","SZ","NB",8345356006,8240547455,16585903461,104808551
20190515,"13:58:00","SH","NB",9182424537,8818005403,18000429940,364419134
20190515,"13:58:00","SZ","NB",8374736289,8264487342,16639223631,110248947
20190515,"13:59:00","SH","NB",9254653686,8849385078,18104038764,405268608
20190515,"13:59:00","SZ","NB",8419781236,8285095236,16704876472,134686000
20190515,"14:00:00","SZ","NB",8470740464,8329726244,16800466708,141014220
20190515,"14:00:00","SH","NB",9349128315,8902807301,18251935616,446321014
20190515,"14:01:00","SH","NB",9417087062,8968206544,18385293606,448880518
20190515,"14:01:00","SZ","NB",8519319407,8387823310,16907142717,131496097
20190515,"14:02:00","SH","NB",9454801727,9018656541,18473458268,436145186
20190515,"14:02:00","SZ","NB",8557359432,8419948014,16977307446,137411418
20190515,"14:03:00","SH","NB",9489650810,9068941583,18558592393,420709227
20190515,"14:03:00","SZ","NB",8589033463,8443438969,17032472432,145594494
20190515,"14:04:00","SH","NB",9543656748,9111227663,18654884411,432429085
20190515,"14:04:00","SZ","NB",8624225989,8465019997,17089245986,159205992
20190515,"14:05:00","SH","NB",9677016780,9181302508,18858319288,495714272
20190515,"14:05:00","SZ","NB",8755781726,8496560210,17252341936,259221516
20190515,"14:06:00","SZ","NB",8919348754,8536756219,17456104973,382592535
20190515,"14:06:00","SH","NB",9835482161,9230946866,19066429027,604535295
20190515,"14:07:00","SH","NB",9905662795,9295105299,19200768094,610557496
20190515,"14:07:00","SZ","NB",8985086862,8600076026,17585162888,385010836
20190515,"14:08:00","SH","NB",9952745529,9338907819,19291653348,613837710
20190515,"14:08:00","SZ","NB",9012567633,8637331430,17649899063,375236203
20190515,"14:09:00","SH","NB",10014634614,9423147294,19437781908,591487320
20190515,"14:09:00","SZ","NB",9040594750,8715300386,17755895136,325294364
20190515,"14:10:00","SH","NB",10049946558,9505050607,19554997165,544895951
20190515,"14:10:00","SZ","NB",9068145443,8771036335,17839181778,297109108
20190515,"14:11:00","SH","NB",10082680100,9524886843,19607566943,557793257
20190515,"14:11:00","SZ","NB",9099136228,8793354056,17892490284,305782172
20190515,"14:12:00","SH","NB",10138198639,9561282897,19699481536,576915742
20190515,"14:12:00","SZ","NB",9133410991,8817803432,17951214423,315607559
20190515,"14:13:00","SH","NB",10177933210,9599550675,19777483885,578382535
20190515,"14:13:00","SZ","NB",9169539076,8859809510,18029348586,309729566
20190515,"14:14:00","SZ","NB",9211386453,8891713033,18103099486,319673420
20190515,"14:14:00","SH","NB",10216339092,9631678765,19848017857,584660327
20190515,"14:15:00","SH","NB",10244881599,9675121186,19920002785,569760413
20190515,"14:15:00","SZ","NB",9235800403,8933339194,18169139597,302461209
20190515,"14:16:00","SH","NB",10274476797,9704764132,19979240929,569712665
20190515,"14:16:00","SZ","NB",9262873288,8957200765,18220074053,305672523
20190515,"14:17:00","SH","NB",10309891650,9735592912,20045484562,574298738
20190515,"14:17:00","SZ","NB",9290208584,8978465824,18268674408,311742760
20190515,"14:18:00","SH","NB",10337123545,9763735910,20100859455,573387635
20190515,"14:18:00","SZ","NB",9322666852,9006823813,18329490665,315843039
20190515,"14:19:00","SH","NB",10446493116,9802971861,20249464977,643521255
20190515,"14:19:00","SZ","NB",9428127933,9033650060,18461777993,394477873
20190515,"14:20:00","SH","NB",10481726460,9842647357,20324373817,639079103
20190515,"14:20:00","SZ","NB",9470061241,9070917267,18540978508,399143974
20190515,"14:21:00","SH","NB",10514893795,9882137254,20397031049,632756541
20190515,"14:21:00","SZ","NB",9502427240,9105478641,18607905881,396948599
20190515,"14:22:00","SH","NB",10555560268,9959344745,20514905013,596215523
20190515,"14:22:00","SZ","NB",9523877102,9155826081,18679703183,368051021
20190515,"14:23:00","SH","NB",10596715931,10021471755,20618187686,575244176
20190515,"14:23:00","SZ","NB",9556565479,9204581875,18761147354,351983604
20190515,"14:24:00","SZ","NB",9587785680,9224683761,18812469441,363101919
20190515,"14:24:00","SH","NB",10622557274,10064051025,20686608299,558506249
20190515,"14:25:00","SH","NB",10677437025,10099900574,20777337599,577536451
20190515,"14:25:00","SZ","NB",9647610852,9249106757,18896717609,398504095
20190515,"14:26:00","SH","NB",10710121245,10146394111,20856515356,563727134
20190515,"14:26:00","SZ","NB",9698167307,9285099205,18983266512,413068102
20190515,"14:27:00","SH","NB",10739018758,10190369877,20929388635,548648881
20190515,"14:27:00","SZ","NB",9721839758,9307935942,19029775700,413903816
20190515,"14:28:00","SH","NB",10775575266,10229347552,21004922818,546227714
20190515,"14:28:00","SZ","NB",9747304629,9338539223,19085843852,408765406
20190515,"14:29:00","SH","NB",10800375425,10266873012,21067248437,533502413
20190515,"14:29:00","SZ","NB",9781428562,9363732039,19145160601,417696523
20190515,"14:30:00","SH","NB",10824038977,10306221131,21130260108,517817846
20190515,"14:30:00","SZ","NB",9809841961,9397938327,19207780288,411903634
20190515,"14:31:00","SH","NB",10854670171,10349429767,21204099938,505240404
20190515,"14:31:00","SZ","NB",9838121976,9434089517,19272211493,404032459
20190515,"14:32:00","SH","NB",10901605585,10416737340,21318342925,484868245
20190515,"14:32:00","SZ","NB",9875979274,9488611974,19364591248,387367300
20190515,"14:33:00","SH","NB",10954535393,10476664814,21431200207,477870579
20190515,"14:33:00","SZ","NB",9917786631,9535159149,19452945780,382627482
20190515,"14:34:00","SZ","NB",9963445315,9561429711,19524875026,402015604
20190515,"14:34:00","SH","NB",11025490374,10518951763,21544442137,506538611
20190515,"14:35:00","SH","NB",11051338654,10552162951,21603501605,499175703
20190515,"14:35:00","SZ","NB",9994766104,9589906507,19584672611,404859597
20190515,"14:36:00","SH","NB",11085993816,10597014811,21683008627,488979005
20190515,"14:36:00","SZ","NB",10036101730,9631339787,19667441517,404761943
20190515,"14:37:00","SH","NB",11118902876,10646526952,21765429828,472375924
20190515,"14:37:00","SZ","NB",10069589389,9683688797,19753278186,385900592
20190515,"14:38:00","SH","NB",11214005145,10687581857,21901587002,526423288
20190515,"14:38:00","SZ","NB",10175220223,9713477630,19888697853,461742593
20190515,"14:39:00","SH","NB",11253500186,10724618263,21978118449,528881923
20190515,"14:39:00","SZ","NB",10212511671,9739396691,19951908362,473114980
20190515,"14:40:00","SH","NB",11280564424,10758471731,22039036155,522092693
20190515,"14:40:00","SZ","NB",10244716616,9772456279,20017172895,472260337
20190515,"14:41:00","SH","NB",11321208410,10813015362,22134223772,508193048
20190515,"14:41:00","SZ","NB",10277868535,9824361224,20102229759,453507311
20190515,"14:42:00","SH","NB",11356619522,10859307700,22215927222,497311822
20190515,"14:42:00","SZ","NB",10313843401,9847979465,20161822866,465863936
20190515,"14:43:00","SH","NB",11402907890,10896198456,22299106346,506709434
20190515,"14:43:00","SZ","NB",10359814831,9873956916,20233771747,485857915
20190515,"14:44:00","SZ","NB",10400635992,9909639362,20310275354,490996630
20190515,"14:44:00","SH","NB",11447339935,10949691293,22397031228,497648642
20190515,"14:45:00","SH","NB",11487471929,11014317751,22501789680,473154178
20190515,"14:45:00","SZ","NB",10434772986,9961388983,20396161969,473384003
20190515,"14:46:00","SH","NB",11526421470,11058452419,22584873889,467969051
20190515,"14:46:00","SZ","NB",10475932909,9996346372,20472279281,479586537
20190515,"14:47:00","SH","NB",11571482928,11119278174,22690761102,452204754
20190515,"14:47:00","SZ","NB",10520949343,10030135276,20551084619,490814067
20190515,"14:48:00","SH","NB",11614922265,11156066326,22770988591,458855939
20190515,"14:48:00","SZ","NB",10575046752,10066289558,20641336310,508757194
20190515,"14:49:00","SH","NB",11667045856,11197646467,22864692323,469399389
20190515,"14:49:00","SZ","NB",10623600137,10092625515,20716225652,530974622
20190515,"14:50:00","SZ","NB",10682802618,10123709085,20806511703,559093533
20190515,"14:50:00","SH","NB",11725163835,11242268259,22967432094,482895576
20190515,"14:51:00","SH","NB",11778124282,11290884014,23069008296,487240268
20190515,"14:51:00","SZ","NB",10721931845,10162548432,20884480277,559383413
20190515,"14:52:00","SH","NB",11824923225,11335519626,23160442851,489403599
20190515,"14:52:00","SZ","NB",10764485940,10198422248,20962908188,566063692
20190515,"14:53:00","SH","NB",11873107805,11388011326,23261119131,485096479
20190515,"14:53:00","SZ","NB",10806687320,10230773213,21037460533,575914107
20190515,"14:54:00","SH","NB",11918194342,11461962416,23380156758,456231926
20190515,"14:54:00","SZ","NB",10849996813,10275162639,21125159452,574834174
20190515,"14:55:00","SH","NB",11976456494,11528558841,23505015335,447897653
20190515,"14:55:00","SZ","NB",10892283004,10319459059,21211742063,572823945
20190515,"14:56:00","SH","NB",12045546908,11635692153,23681239061,409854755
20190515,"14:56:00","SZ","NB",10945314186,10376578974,21321893160,568735212
20190515,"14:57:00","SH","NB",12097223403,11714684453,23811907856,382538950
20190515,"14:57:00","SZ","NB",10984832806,10423523388,21408356194,561309418
20190515,"14:58:00","SH","NB",12097270764,11714700171,23811970935,382570593
20190515,"14:58:00","SZ","NB",10985043247,10423523388,21408566635,561519859
20190515,"15:01:00","SH","NB",12239461544,11899264449,24138725993,340197095
20190515,"15:01:00","SZ","NB",11064371644,10497116128,21561487772,567255516
