dataDate,dataTime,connectMarket,tradeDirection,buyTurnover,sellTurnover,totalTurnover,netTurnover
20200205,"09:30:01","SH","NB",156067050,126414416,282481466,29652634
20200205,"09:30:01","SZ","NB",191433514,150431183,341864697,41002331
20200205,"09:31:01","SH","NB",424804506,470100853,894905359,-45296347
20200205,"09:31:01","SZ","NB",679989364,520509149,1200498513,159480215
20200205,"09:32:01","SH","NB",652380983,689777406,1342158389,-37396423
20200205,"09:32:01","SZ","NB",1034235668,820898147,1855133815,213337521
20200205,"09:33:01","SZ","NB",1279552857,1107748647,2387301504,171804210
20200205,"09:33:01","SH","NB",878398511,922617706,1801016217,-44219195
20200205,"09:34:01","SH","NB",1134433758,1194928048,2329361806,-60494290
20200205,"09:34:01","SZ","NB",1610025429,1435675239,3045700668,174350190
20200205,"09:35:01","SH","NB",1335088641,1339690456,2674779097,-4601815
20200205,"09:35:01","SZ","NB",1887920414,1660225095,3548145509,227695319
20200205,"09:36:01","SH","NB",1524892770,1474333635,2999226405,50559135
20200205,"09:36:01","SZ","NB",2219187805,1857028101,4076215906,362159704
20200205,"09:37:01","SH","NB",1702071579,1628264824,3330336403,73806755
20200205,"09:37:01","SZ","NB",2478537926,2066121462,4544659388,412416464
20200205,"09:38:01","SH","NB",1873511097,1757418714,3630929811,116092383
20200205,"09:38:01","SZ","NB",2734050044,2306658669,5040708713,427391375
20200205,"09:39:01","SH","NB",2006292775,1869276609,3875569384,137016166
20200205,"09:39:01","SZ","NB",2944611636,2557801758,5502413394,386809878
20200205,"09:40:01","SZ","NB",3197749153,2755854235,5953603388,441894918
20200205,"09:40:01","SH","NB",2225542568,1981500497,4207043065,244042071
20200205,"09:41:01","SH","NB",2370195941,2156478380,4526674321,213717561
20200205,"09:41:01","SZ","NB",3410456283,3047595258,6458051541,362861025
20200205,"09:42:01","SZ","NB",3551280433,3204561027,6755841460,346719406
20200205,"09:42:01","SH","NB",2493721305,2261534524,4755255829,232186781
20200205,"09:43:01","SH","NB",2613286107,2360152277,4973438384,253133830
20200205,"09:43:01","SZ","NB",3758999104,3400366324,7159365428,358632780
20200205,"09:44:01","SH","NB",2712287866,2464840304,5177128170,247447562
20200205,"09:44:01","SZ","NB",3877136332,3570578992,7447715324,306557340
20200205,"09:45:01","SH","NB",2801622827,2555940059,5357562886,245682768
20200205,"09:45:01","SZ","NB",3990965701,3720143678,7711109379,270822023
20200205,"09:46:01","SH","NB",2919212664,2682131009,5601343673,237081655
20200205,"09:46:01","SZ","NB",4185895797,3914139834,8100035631,271755963
20200205,"09:47:01","SH","NB",3089342036,2778052018,5867394054,311290018
20200205,"09:47:01","SZ","NB",4493964079,4058306831,8552270910,435657248
20200205,"09:48:01","SH","NB",3281112035,2895308918,6176420953,385803117
20200205,"09:48:01","SZ","NB",4735167439,4229057029,8964224468,506110410
20200205,"09:49:01","SH","NB",3421155362,3007644047,6428799409,413511315
20200205,"09:49:01","SZ","NB",4927406813,4383850541,9311257354,543556272
20200205,"09:50:01","SH","NB",3579851449,3100169960,6680021409,479681489
20200205,"09:50:01","SZ","NB",5056231517,4534038285,9590269802,522193232
20200205,"09:51:01","SH","NB",3728100463,3269100290,6997200753,459000173
20200205,"09:51:01","SZ","NB",5218835977,4752984252,9971820229,465851725
20200205,"09:52:01","SZ","NB",5347456053,4918984923,10266440976,428471130
20200205,"09:52:01","SH","NB",3831476702,3385541782,7217018484,445934920
20200205,"09:53:01","SH","NB",3924295489,3497303745,7421599234,426991744
20200205,"09:53:01","SZ","NB",5507178509,5075438665,10582617174,431739844
20200205,"09:54:01","SH","NB",4023981903,3587893769,7611875672,436088134
20200205,"09:54:01","SZ","NB",5673884730,5235366177,10909250907,438518553
20200205,"09:55:01","SH","NB",4141590340,3655848744,7797439084,485741596
20200205,"09:55:01","SZ","NB",5852021480,5355953094,11207974574,496068386
20200205,"09:56:01","SH","NB",4299372934,3724197718,8023570652,575175216
20200205,"09:56:01","SZ","NB",6085895014,5463792276,11549687290,622102738
20200205,"09:57:01","SH","NB",4454875556,3817205651,8272081207,637669905
20200205,"09:57:01","SZ","NB",6287240488,5639702955,11926943443,647537533
20200205,"09:58:01","SH","NB",4571509438,3909334072,8480843510,662175366
20200205,"09:58:01","SZ","NB",6387022011,5784264818,12171286829,602757193
20200205,"09:59:01","SH","NB",4669713431,3992644556,8662357987,677068875
20200205,"09:59:01","SZ","NB",6499305964,5897729360,12397035324,601576604
20200205,"10:00:01","SH","NB",4759725646,4081882647,8841608293,677842999
20200205,"10:00:01","SZ","NB",6596305814,6023807629,12620113443,572498185
20200205,"10:01:01","SH","NB",4854640788,4299716260,9154357048,554924528
20200205,"10:01:01","SZ","NB",6754081479,6297808165,13051889644,456273314
20200205,"10:02:01","SZ","NB",6897096884,6414793065,13311889949,482303819
20200205,"10:02:01","SH","NB",4941549666,4411850687,9353400353,529698979
20200205,"10:03:01","SH","NB",5013210953,4502132578,9515343531,511078375
20200205,"10:03:01","SZ","NB",7022662501,6516453967,13539116468,506208534
20200205,"10:04:01","SH","NB",5088470462,4563271061,9651741523,525199401
20200205,"10:04:01","SZ","NB",7135066990,6616349600,13751416590,518717390
20200205,"10:05:01","SZ","NB",7289977235,6707216626,13997193861,582760609
20200205,"10:05:01","SH","NB",5179936959,4661188227,9841125186,518748732
20200205,"10:06:01","SH","NB",5256295251,4720138695,9976433946,536156556
20200205,"10:06:01","SZ","NB",7419022722,6780772790,14199795512,638249932
20200205,"10:07:01","SH","NB",5348090338,4777992221,10126082559,570098117
20200205,"10:07:01","SZ","NB",7570073059,6847185041,14417258100,722888018
20200205,"10:08:01","SH","NB",5429011961,4915853897,10344865858,513158064
20200205,"10:08:01","SZ","NB",7677452782,6991354719,14668807501,686098063
20200205,"10:09:01","SH","NB",5500960539,4991240831,10492201370,509719708
20200205,"10:09:01","SZ","NB",7770708158,7078519187,14849227345,692188971
20200205,"10:10:01","SH","NB",5558703586,5096867235,10655570821,461836351
20200205,"10:10:01","SZ","NB",7914795978,7174658611,15089454589,740137367
20200205,"10:11:01","SH","NB",5662560458,5178203707,10840764165,484356751
20200205,"10:11:01","SZ","NB",8138768287,7252950800,15391719087,885817487
20200205,"10:12:01","SH","NB",5740473328,5280004818,11020478146,460468510
20200205,"10:12:01","SZ","NB",8292683120,7355453730,15648136850,937229390
20200205,"10:13:01","SH","NB",5809988125,5409515231,11219503356,400472894
20200205,"10:13:01","SZ","NB",8405764112,7535922695,15941686807,869841417
20200205,"10:14:01","SH","NB",5862153225,5479469502,11341622727,382683723
20200205,"10:14:01","SZ","NB",8514636130,7609267814,16123903944,905368316
20200205,"10:15:01","SZ","NB",8600067349,7726800997,16326868346,873266352
20200205,"10:15:01","SH","NB",5922534055,5602583888,11525117943,319950167
20200205,"10:16:01","SH","NB",5989299658,5737142654,11726442312,252157004
20200205,"10:16:01","SZ","NB",8683969550,7855455120,16539424670,828514430
20200205,"10:17:01","SH","NB",6087798290,5819843096,11907641386,267955194
20200205,"10:17:01","SZ","NB",8791260363,7964347286,16755607649,826913077
20200205,"10:18:01","SH","NB",6184708317,5871660540,12056368857,313047777
20200205,"10:18:01","SZ","NB",8924836323,8016621145,16941457468,908215178
20200205,"10:19:01","SH","NB",6289989181,5919256648,12209245829,370732533
20200205,"10:19:01","SZ","NB",9093598934,8081665152,17175264086,1011933782
20200205,"10:20:01","SH","NB",6394107313,5978974063,12373081376,415133250
20200205,"10:20:01","SZ","NB",9229377037,8151988902,17381365939,1077388135
20200205,"10:21:01","SH","NB",6579006582,6051229692,12630236274,527776890
20200205,"10:21:01","SZ","NB",9472697983,8250188745,17722886728,1222509238
20200205,"10:22:01","SH","NB",6712673141,6133264288,12845937429,579408853
20200205,"10:22:01","SZ","NB",9591232757,8352059041,17943291798,1239173716
20200205,"10:23:01","SH","NB",6827010107,6253065741,13080075848,573944366
20200205,"10:23:01","SZ","NB",9694522305,8490396174,18184918479,1204126131
20200205,"10:24:01","SH","NB",6912642036,6334769104,13247411140,577872932
20200205,"10:24:01","SZ","NB",9776084933,8571284052,18347368985,1204800881
20200205,"10:25:01","SZ","NB",9854938357,8690890538,18545828895,1164047819
20200205,"10:25:01","SH","NB",6998174247,6484526568,13482700815,513647679
20200205,"10:26:01","SH","NB",7067453289,6552404211,13619857500,515049078
20200205,"10:26:01","SZ","NB",9927048316,8768956391,18696004707,1158091925
20200205,"10:27:01","SH","NB",7130608349,6610012442,13740620791,520595907
20200205,"10:27:01","SZ","NB",10009700300,8831859345,18841559645,1177840955
20200205,"10:28:01","SH","NB",7221361080,6689633759,13910994839,531727321
20200205,"10:28:01","SZ","NB",10120100956,8908372321,19028473277,1211728635
20200205,"10:29:01","SH","NB",7292700843,6846491351,14139192194,446209492
20200205,"10:29:01","SZ","NB",10201293568,9020375999,19221669567,1180917569
20200205,"10:30:01","SH","NB",7362778380,6905669989,14268448369,457108391
20200205,"10:30:01","SZ","NB",10270030038,9087165894,19357195932,1182864144
20200205,"10:31:01","SH","NB",7461323553,7050222823,14511546376,411100730
20200205,"10:31:01","SZ","NB",10378375524,9264317395,19642692919,1114058129
20200205,"10:32:01","SH","NB",7538878252,7136226431,14675104683,402651821
20200205,"10:32:01","SZ","NB",10468211777,9346611219,19814822996,1121600558
20200205,"10:33:01","SZ","NB",10556647053,9405331666,19961978719,1151315387
20200205,"10:33:01","SH","NB",7618814913,7190495502,14809310415,428319411
20200205,"10:34:01","SH","NB",7696679631,7246239030,14942918661,450440601
20200205,"10:34:01","SZ","NB",10648665968,9462367781,20111033749,1186298187
20200205,"10:35:01","SZ","NB",10761791593,9529392595,20291184188,1232398998
20200205,"10:35:01","SH","NB",7769386565,7320330789,15089717354,449055776
20200205,"10:36:01","SH","NB",7868626447,7386117129,15254743576,482509318
20200205,"10:36:01","SZ","NB",10911671463,9593455400,20505126863,1318216063
20200205,"10:37:01","SH","NB",7966727095,7451798084,15418525179,514929011
20200205,"10:37:01","SZ","NB",11032747181,9660082170,20692829351,1372665011
20200205,"10:38:01","SH","NB",8040314241,7590816225,15631130466,449498016
20200205,"10:38:01","SZ","NB",11117144590,9761103947,20878248537,1356040643
20200205,"10:39:01","SH","NB",8104072304,7639756726,15743829030,464315578
20200205,"10:39:01","SZ","NB",11172250895,9818558699,20990809594,1353692196
20200205,"10:40:01","SH","NB",8175832114,7740679786,15916511900,435152328
20200205,"10:40:01","SZ","NB",11235484160,9897449087,21132933247,1338035073
20200205,"10:41:01","SH","NB",8262194674,7808621989,16070816663,453572685
20200205,"10:41:01","SZ","NB",11351593469,9979853783,21331447252,1371739686
20200205,"10:42:01","SH","NB",8336684451,7882258970,16218943421,454425481
20200205,"10:42:01","SZ","NB",11430317235,10058478679,21488795914,1371838556
20200205,"10:43:01","SH","NB",8430398474,8014274632,16444673106,416123842
20200205,"10:43:01","SZ","NB",11525149539,10167231797,21692381336,1357917742
20200205,"10:44:01","SH","NB",8503083875,8080352177,16583436052,422731698
20200205,"10:44:01","SZ","NB",11591153229,10249420276,21840573505,1341732953
20200205,"10:45:01","SZ","NB",11684875388,10340972508,22025847896,1343902880
20200205,"10:45:01","SH","NB",8586981437,8162225535,16749206972,424755902
20200205,"10:46:01","SH","NB",8671780468,8430251562,17102032030,241528906
20200205,"10:46:01","SZ","NB",11810583942,10541805457,22352389399,1268778485
20200205,"10:47:01","SH","NB",8745226382,8591723593,17336949975,153502789
20200205,"10:47:01","SZ","NB",11924547884,10710388419,22634936303,1214159465
20200205,"10:48:01","SH","NB",8802294423,8703288403,17505582826,99006020
20200205,"10:48:01","SZ","NB",12012167095,10822508806,22834675901,1189658289
20200205,"10:49:01","SZ","NB",12136679014,10951153328,23087832342,1185525686
20200205,"10:49:01","SH","NB",8884383667,8811970886,17696354553,72412781
20200205,"10:50:01","SH","NB",8978969041,8866450295,17845419336,112518746
20200205,"10:50:01","SZ","NB",12262645019,11010483612,23273128631,1252161407
20200205,"10:51:01","SH","NB",9058658476,8990207543,18048866019,68450933
20200205,"10:51:01","SZ","NB",12370250248,11128052260,23498302508,1242197988
20200205,"10:52:01","SH","NB",9120620734,9082542570,18203163304,38078164
20200205,"10:52:01","SZ","NB",12447308920,11187027771,23634336691,1260281149
20200205,"10:53:01","SH","NB",9194447900,9156139670,18350587570,38308230
20200205,"10:53:01","SZ","NB",12531320204,11234265221,23765585425,1297054983
20200205,"10:54:01","SH","NB",9259730383,9207787326,18467517709,51943057
20200205,"10:54:01","SZ","NB",12611033997,11276733501,23887767498,1334300496
20200205,"10:55:01","SH","NB",9325796244,9254571250,18580367494,71224994
20200205,"10:55:01","SZ","NB",12689369342,11325192344,24014561686,1364176998
20200205,"10:56:01","SZ","NB",12763782999,11422409763,24186192762,1341373236
20200205,"10:56:01","SH","NB",9377084855,9344646493,18721731348,32438362
20200205,"10:57:01","SH","NB",9429274328,9419343323,18848617651,9931005
20200205,"10:57:01","SZ","NB",12831620938,11529838177,24361459115,1301782761
20200205,"10:58:01","SZ","NB",12892560885,11594138578,24486699463,1298422307
20200205,"10:58:01","SH","NB",9483513004,9484143478,18967656482,-630474
20200205,"10:59:01","SH","NB",9541513688,9596909692,19138423380,-55396004
20200205,"10:59:01","SZ","NB",12963221690,11699794302,24663015992,1263427388
20200205,"11:00:01","SH","NB",9595534015,9644617051,19240151066,-49083036
20200205,"11:00:01","SZ","NB",13050439726,11761298995,24811738721,1289140731
20200205,"11:01:01","SH","NB",9665646393,9757491560,19423137953,-91845167
20200205,"11:01:01","SZ","NB",13148180998,11879754352,25027935350,1268426646
20200205,"11:02:01","SH","NB",9720735363,9797721673,19518457036,-76986310
20200205,"11:02:01","SZ","NB",13234164643,11917021987,25151186630,1317142656
20200205,"11:03:01","SH","NB",9783187226,9836244311,19619431537,-53057085
20200205,"11:03:01","SZ","NB",13317891474,11961791731,25279683205,1356099743
20200205,"11:04:01","SH","NB",9847604299,9872768412,19720372711,-25164113
20200205,"11:04:01","SZ","NB",13406452422,12009897882,25416350304,1396554540
20200205,"11:05:01","SH","NB",9902181694,9920836216,19823017910,-18654522
20200205,"11:05:01","SZ","NB",13479942477,12055073951,25535016428,1424868526
20200205,"11:06:01","SH","NB",9949991254,9976525190,19926516444,-26533936
20200205,"11:06:01","SZ","NB",13545354876,12140836643,25686191519,1404518233
20200205,"11:07:01","SH","NB",9985940588,10011794480,19997735068,-25853892
20200205,"11:07:01","SZ","NB",13584390752,12195819433,25780210185,1388571319
20200205,"11:08:01","SZ","NB",13646849925,12253890389,25900740314,1392959536
20200205,"11:08:01","SH","NB",10039939461,10058512094,20098451555,-18572633
20200205,"11:09:01","SH","NB",10086899062,10107442161,20194341223,-20543099
20200205,"11:09:01","SZ","NB",13693302260,12314435010,26007737270,1378867250
20200205,"11:10:01","SH","NB",10134641961,10142232028,20276873989,-7590067
20200205,"11:10:01","SZ","NB",13755863042,12360994789,26116857831,1394868253
20200205,"11:11:01","SH","NB",10205555060,10258606249,20464161309,-53051189
20200205,"11:11:01","SZ","NB",13845738517,12450170664,26295909181,1395567853
20200205,"11:12:01","SH","NB",10259916857,10328719471,20588636328,-68802614
20200205,"11:12:01","SZ","NB",13896962472,12535494357,26432456829,1361468115
20200205,"11:13:01","SH","NB",10323022829,10395816626,20718839455,-72793797
20200205,"11:13:01","SZ","NB",13960157985,12602808276,26562966261,1357349709
20200205,"11:14:01","SH","NB",10382391848,10432418838,20814810686,-50026990
20200205,"11:14:01","SZ","NB",14021795478,12640442893,26662238371,1381352585
20200205,"11:15:01","SH","NB",10443890133,10478361841,20922251974,-34471708
20200205,"11:15:01","SZ","NB",14099024695,12702390012,26801414707,1396634683
20200205,"11:16:01","SH","NB",10496293497,10521726948,21018020445,-25433451
20200205,"11:16:01","SZ","NB",14177470313,12752735311,26930205624,1424735002
20200205,"11:17:01","SH","NB",10549957885,10560785267,21110743152,-10827382
20200205,"11:17:01","SZ","NB",14266196610,12789435716,27055632326,1476760894
20200205,"11:18:01","SZ","NB",14324163263,12822271948,27146435211,1501891315
20200205,"11:18:01","SH","NB",10604304588,10595495163,21199799751,8809425
20200205,"11:19:01","SH","NB",10648447858,10629259846,21277707704,19188012
20200205,"11:19:01","SZ","NB",14371975170,12867602431,27239577601,1504372739
20200205,"11:20:01","SH","NB",10689388589,10662699221,21352087810,26689368
20200205,"11:20:01","SZ","NB",14433061333,12907553213,27340614546,1525508120
20200205,"11:21:01","SH","NB",10749366150,10719769653,21469135803,29596497
20200205,"11:21:01","SZ","NB",14510970153,12979990946,27490961099,1530979207
20200205,"11:22:01","SH","NB",10788011107,10769020177,21557031284,18990930
20200205,"11:22:01","SZ","NB",14557985384,13045668353,27603653737,1512317031
20200205,"11:23:01","SZ","NB",14622476790,13091769849,27714246639,1530706941
20200205,"11:23:01","SH","NB",10832347563,10807611328,21639958891,24736235
20200205,"11:24:01","SH","NB",10890996698,10847641283,21738637981,43355415
20200205,"11:24:01","SZ","NB",14669235038,13133036064,27802271102,1536198974
20200205,"11:25:01","SH","NB",10973285422,10883435036,21856720458,89850386
20200205,"11:25:01","SZ","NB",14747524810,13187836185,27935360995,1559688625
20200205,"11:26:01","SH","NB",11028969794,10928977042,21957946836,99992752
20200205,"11:26:01","SZ","NB",14799373749,13241688761,28041062510,1557684988
20200205,"11:27:01","SH","NB",11085192979,11020759674,22105952653,64433305
20200205,"11:27:01","SZ","NB",14849100663,13314754116,28163854779,1534346547
20200205,"11:28:01","SH","NB",11119795455,11060862848,22180658303,58932607
20200205,"11:28:01","SZ","NB",14896293845,13364041261,28260335106,1532252584
20200205,"11:29:01","SH","NB",11146877272,11126851907,22273729179,20025365
20200205,"11:29:01","SZ","NB",14946168572,13405397511,28351566083,1540771061
20200205,"11:30:01","SZ","NB",15007506015,13440258544,28447764559,1567247471
20200205,"11:30:01","SH","NB",11184138026,11161538362,22345676388,22599664
20200205,"11:31:01","SH","NB",11184227428,11161542432,22345769860,22684996
20200205,"11:31:01","SZ","NB",15007675327,13440620132,28448295459,1567055195
20200205,"13:01:01","SH","NB",11341177888,11340776150,22681954038,401738
20200205,"13:01:01","SZ","NB",15230894764,13679968701,28910863465,1550926063
20200205,"13:02:01","SZ","NB",15322496949,13803684801,29126181750,1518812148
20200205,"13:02:01","SH","NB",11414645701,11487402268,22902047969,-72756567
20200205,"13:03:01","SH","NB",11475861199,11576074420,23051935619,-100213221
20200205,"13:03:01","SZ","NB",15390766393,13890425446,29281191839,1500340947
20200205,"13:04:01","SH","NB",11521724935,11629970646,23151695581,-108245711
20200205,"13:04:01","SZ","NB",15455799459,13944328477,29400127936,1511470982
20200205,"13:05:01","SH","NB",11579853424,11681341116,23261194540,-101487692
20200205,"13:05:01","SZ","NB",15523172862,13995820452,29518993314,1527352410
20200205,"13:06:01","SH","NB",11639289651,11744728389,23384018040,-105438738
20200205,"13:06:01","SZ","NB",15593920568,14061128070,29655048638,1532792498
20200205,"13:07:01","SZ","NB",15664668033,14144175678,29808843711,1520492355
20200205,"13:07:01","SH","NB",11694262907,11806193954,23500456861,-111931047
20200205,"13:08:01","SH","NB",11742821362,11884612992,23627434354,-141791630
20200205,"13:08:01","SZ","NB",15720378621,14233361382,29953740003,1487017239
20200205,"13:09:01","SH","NB",11796617143,11921877034,23718494177,-125259891
20200205,"13:09:01","SZ","NB",15781490444,14284851922,30066342366,1496638522
20200205,"13:10:01","SH","NB",11850713751,11966980029,23817693780,-116266278
20200205,"13:10:01","SZ","NB",15851850247,14337043955,30188894202,1514806292
20200205,"13:11:01","SH","NB",11914379905,12024369636,23938749541,-109989731
20200205,"13:11:01","SZ","NB",15929246748,14408933483,30338180231,1520313265
20200205,"13:12:01","SH","NB",11972088329,12101554444,24073642773,-129466115
20200205,"13:12:01","SZ","NB",16007448126,14507533647,30514981773,1499914479
20200205,"13:13:01","SZ","NB",16076917175,14588594873,30665512048,1488322302
20200205,"13:13:01","SH","NB",12028542868,12178714292,24207257160,-150171424
20200205,"13:14:01","SH","NB",12076771222,12216541917,24293313139,-139770695
20200205,"13:14:01","SZ","NB",16144959237,14643165906,30788125143,1501793331
20200205,"13:15:01","SH","NB",12116915732,12255680920,24372596652,-138765188
20200205,"13:15:01","SZ","NB",16195305896,14693833885,30889139781,1501472011
20200205,"13:16:01","SH","NB",12184635744,12353182194,24537817938,-168546450
20200205,"13:16:01","SZ","NB",16251810629,14832730958,31084541587,1419079671
20200205,"13:17:01","SH","NB",12240249823,12417017434,24657267257,-176767611
20200205,"13:17:01","SZ","NB",16301141286,14921381807,31222523093,1379759479
20200205,"13:18:01","SH","NB",12288709189,12466010054,24754719243,-177300865
20200205,"13:18:01","SZ","NB",16356541961,15001525171,31358067132,1355016790
20200205,"13:19:01","SZ","NB",16411279707,15147541911,31558821618,1263737796
20200205,"13:19:01","SH","NB",12338259311,12562382024,24900641335,-224122713
20200205,"13:20:01","SH","NB",12384579644,12689804850,25074384494,-305225206
20200205,"13:20:01","SZ","NB",16479122745,15326033736,31805156481,1153089009
20200205,"13:21:01","SH","NB",12478015549,12848893750,25326909299,-370878201
20200205,"13:21:01","SZ","NB",16575289725,15529869097,32105158822,1045420628
20200205,"13:22:01","SZ","NB",16653489492,15660847972,32314337464,992641520
20200205,"13:22:01","SH","NB",12549079164,12946725938,25495805102,-397646774
20200205,"13:23:01","SH","NB",12613046321,13028263244,25641309565,-415216923
20200205,"13:23:01","SZ","NB",16728677044,15780369651,32509046695,948307393
20200205,"13:24:01","SH","NB",12686333215,13092942250,25779275465,-406609035
20200205,"13:24:01","SZ","NB",16831160354,15874872452,32706032806,956287902
20200205,"13:25:01","SH","NB",12737821948,13167173307,25904995255,-429351359
20200205,"13:25:01","SZ","NB",16897910458,15980162069,32878072527,917748389
20200205,"13:26:01","SH","NB",12794413056,13221608201,26016021257,-427195145
20200205,"13:26:01","SZ","NB",16959035202,16076645955,33035681157,882389247
20200205,"13:27:01","SH","NB",12834075422,13306948759,26141024181,-472873337
20200205,"13:27:01","SZ","NB",17014438654,16167261729,33181700383,847176925
20200205,"13:28:01","SH","NB",12884262541,13362898796,26247161337,-478636255
20200205,"13:28:01","SZ","NB",17081829568,16244896699,33326726267,836932869
20200205,"13:29:01","SH","NB",12942904973,13436344174,26379249147,-493439201
20200205,"13:29:01","SZ","NB",17151175145,16345074973,33496250118,806100172
20200205,"13:30:01","SZ","NB",17228016626,16448633331,33676649957,779383295
20200205,"13:30:01","SH","NB",13001440407,13506509800,26507950207,-505069393
20200205,"13:31:01","SH","NB",13076996375,13668025044,26745021419,-591028669
20200205,"13:31:01","SZ","NB",17313603410,16695097406,34008700816,618506004
20200205,"13:32:01","SH","NB",13155391320,13750639628,26906030948,-595248308
20200205,"13:32:01","SZ","NB",17404694901,16792310515,34197005416,612384386
20200205,"13:33:01","SH","NB",13220847395,13815737422,27036584817,-594890027
20200205,"13:33:01","SZ","NB",17490471941,16870538504,34361010445,619933437
20200205,"13:34:01","SH","NB",13297065405,13913200481,27210265886,-616135076
20200205,"13:34:01","SZ","NB",17574315201,16976836918,34551152119,597478283
20200205,"13:35:01","SH","NB",13388744934,14004544660,27393289594,-615799726
20200205,"13:35:01","SZ","NB",17689951790,17092116909,34782068699,597834881
20200205,"13:36:01","SH","NB",13463358662,14117185355,27580544017,-653826693
20200205,"13:36:01","SZ","NB",17900770496,17320217987,35220988483,580552509
20200205,"13:37:01","SZ","NB",18004060585,17443124629,35447185214,560935956
20200205,"13:37:01","SH","NB",13531699316,14188968284,27720667600,-657268968
20200205,"13:38:01","SH","NB",13610599881,14268839600,27879439481,-658239719
20200205,"13:38:01","SZ","NB",18114885011,17536302065,35651187076,578582946
20200205,"13:39:01","SH","NB",13674673953,14344924948,28019598901,-670250995
20200205,"13:39:01","SZ","NB",18201726019,17627037858,35828763877,574688161
20200205,"13:40:01","SH","NB",13741676964,14488827157,28230504121,-747150193
20200205,"13:40:01","SZ","NB",18281597260,17754945604,36036542864,526651656
20200205,"13:41:01","SH","NB",13858584475,14571056362,28429640837,-712471887
20200205,"13:41:01","SZ","NB",18446000350,17846135943,36292136293,599864407
20200205,"13:42:01","SH","NB",13929302396,14630551950,28559854346,-701249554
20200205,"13:42:01","SZ","NB",18534533741,17946459821,36480993562,588073920
20200205,"13:43:01","SH","NB",13986494647,14707917039,28694411686,-721422392
20200205,"13:43:01","SZ","NB",18594251211,18050745338,36644996549,543505873
20200205,"13:44:01","SH","NB",14034879471,14771862217,28806741688,-736982746
20200205,"13:44:01","SZ","NB",18650961405,18142393550,36793354955,508567855
20200205,"13:45:01","SH","NB",14096211286,14881290273,28977501559,-785078987
20200205,"13:45:01","SZ","NB",18713755004,18247080728,36960835732,466674276
20200205,"13:46:01","SH","NB",14156963090,14946864368,29103827458,-789901278
20200205,"13:46:01","SZ","NB",18772841776,18311679337,37084521113,461162439
20200205,"13:47:01","SZ","NB",18837090547,18382982576,37220073123,454107971
20200205,"13:47:01","SH","NB",14215811581,15003064934,29218876515,-787253353
20200205,"13:48:01","SH","NB",14259235030,15078878645,29338113675,-819643615
20200205,"13:48:01","SZ","NB",18895538949,18464682768,37360221717,430856181
20200205,"13:49:01","SH","NB",14321752957,15181993287,29503746244,-860240330
20200205,"13:49:01","SZ","NB",18979394762,18551292158,37530686920,428102604
20200205,"13:50:01","SH","NB",14375933304,15247605473,29623538777,-871672169
20200205,"13:50:01","SZ","NB",19037580887,18647308125,37684889012,390272762
20200205,"13:51:01","SZ","NB",19147933213,18739421528,37887354741,408511685
20200205,"13:51:01","SH","NB",14449046808,15315590166,29764636974,-866543358
20200205,"13:52:01","SH","NB",14497148879,15368026576,29865175455,-870877697
20200205,"13:52:01","SZ","NB",19210797984,18806248891,38017046875,404549093
20200205,"13:53:01","SH","NB",14579942127,15410905661,29990847788,-830963534
20200205,"13:53:01","SZ","NB",19269617386,18852252201,38121869587,417365185
20200205,"13:54:01","SH","NB",14655744613,15476202792,30131947405,-820458179
20200205,"13:54:01","SZ","NB",19342350784,18920550789,38262901573,421799995
20200205,"13:55:01","SH","NB",14718980948,15536584555,30255565503,-817603607
20200205,"13:55:01","SZ","NB",19398912073,19005292972,38404205045,393619101
20200205,"13:56:01","SH","NB",14773394513,15613955232,30387349745,-840560719
20200205,"13:56:01","SZ","NB",19450534362,19089995161,38540529523,360539201
20200205,"13:57:01","SH","NB",14823495170,15688737922,30512233092,-865242752
20200205,"13:57:01","SZ","NB",19505603022,19191821884,38697424906,313781138
20200205,"13:58:01","SH","NB",14880887281,15760554246,30641441527,-879666965
20200205,"13:58:01","SZ","NB",19553185880,19270209805,38823395685,282976075
20200205,"13:59:01","SZ","NB",19606337659,19332122687,38938460346,274214972
20200205,"13:59:01","SH","NB",14927463149,15808799337,30736262486,-881336188
20200205,"14:00:01","SH","NB",14979072409,15865274029,30844346438,-886201620
20200205,"14:00:01","SZ","NB",19667489320,19398849354,39066338674,268639966
20200205,"14:01:01","SH","NB",15054954656,15929346265,30984300921,-874391609
20200205,"14:01:01","SZ","NB",19779791021,19471164835,39250955856,308626186
20200205,"14:02:01","SH","NB",15119101356,15986623600,31105724956,-867522244
20200205,"14:02:01","SZ","NB",19843048148,19528495786,39371543934,314552362
20200205,"14:03:01","SH","NB",15179502253,16039443097,31218945350,-859940844
20200205,"14:03:01","SZ","NB",19906032527,19580428176,39486460703,325604351
20200205,"14:04:01","SZ","NB",19959040101,19629339487,39588379588,329700614
20200205,"14:04:01","SH","NB",15233670176,16092069366,31325739542,-858399190
20200205,"14:05:01","SH","NB",15291382538,16147568357,31438950895,-856185819
20200205,"14:05:01","SZ","NB",20034938348,19679813971,39714752319,355124377
20200205,"14:06:01","SH","NB",15370191780,16209160214,31579351994,-838968434
20200205,"14:06:01","SZ","NB",20104927480,19745247584,39850175064,359679896
20200205,"14:07:01","SH","NB",15423061291,16280496430,31703557721,-857435139
20200205,"14:07:01","SZ","NB",20165787124,19815958273,39981745397,349828851
20200205,"14:08:01","SH","NB",15499383116,16337222696,31836605812,-837839580
20200205,"14:08:01","SZ","NB",20254753368,19871588655,40126342023,383164713
20200205,"14:09:01","SH","NB",15568028550,16389010525,31957039075,-820981975
20200205,"14:09:01","SZ","NB",20316506075,19929193840,40245699915,387312235
20200205,"14:10:01","SZ","NB",20370300664,19992104328,40362404992,378196336
20200205,"14:10:01","SH","NB",15639388406,16437687087,32077075493,-798298681
20200205,"14:11:01","SH","NB",15710329311,16497291302,32207620613,-786961991
20200205,"14:11:01","SZ","NB",20457953051,20075781650,40533734701,382171401
20200205,"14:12:01","SH","NB",15779027023,16551103533,32330130556,-772076510
20200205,"14:12:01","SZ","NB",20505453653,20139341926,40644795579,366111727
20200205,"14:13:01","SH","NB",15834359843,16606959585,32441319428,-772599742
20200205,"14:13:01","SZ","NB",20571401658,20219303176,40790704834,352098482
20200205,"14:14:01","SZ","NB",20632021961,20315845413,40947867374,316176548
20200205,"14:14:01","SH","NB",15894688825,16710800085,32605488910,-816111260
20200205,"14:15:01","SH","NB",15950409161,16772550083,32722959244,-822140922
20200205,"14:15:01","SZ","NB",20681371322,20380222329,41061593651,301148993
20200205,"14:16:01","SH","NB",15999896571,16845091224,32844987795,-845194653
20200205,"14:16:01","SZ","NB",20736005152,20458951112,41194956264,277054040
20200205,"14:17:01","SH","NB",16054634228,16909331840,32963966068,-854697612
20200205,"14:17:01","SZ","NB",20792752436,20527329934,41320082370,265422502
20200205,"14:18:01","SH","NB",16102945877,16968192205,33071138082,-865246328
20200205,"14:18:01","SZ","NB",20872444201,20650913849,41523358050,221530352
20200205,"14:19:01","SH","NB",16166083005,17054357789,33220440794,-888274784
20200205,"14:19:01","SZ","NB",20988987299,20761512097,41750499396,227475202
20200205,"14:20:01","SH","NB",16226594065,17126450437,33353044502,-899856372
20200205,"14:20:01","SZ","NB",21059218355,20840952050,41900170405,218266305
20200205,"14:21:01","SH","NB",16313076597,17238455401,33551531998,-925378804
20200205,"14:21:01","SZ","NB",21173072148,20989403880,42162476028,183668268
20200205,"14:22:01","SZ","NB",21288347919,21082113767,42370461686,206234152
20200205,"14:22:01","SH","NB",16389375042,17307299431,33696674473,-917924389
20200205,"14:23:01","SH","NB",16448408679,17366896370,33815305049,-918487691
20200205,"14:23:01","SZ","NB",21402464933,21143785146,42546250079,258679787
20200205,"14:24:01","SH","NB",16512106461,17440722277,33952828738,-928615816
20200205,"14:24:01","SZ","NB",21508222472,21236978986,42745201458,271243486
20200205,"14:25:01","SH","NB",16590335619,17503103724,34093439343,-912768105
20200205,"14:25:01","SZ","NB",21604784664,21340883185,42945667849,263901479
20200205,"14:26:01","SH","NB",16669244664,17561869269,34231113933,-892624605
20200205,"14:26:01","SZ","NB",21696633194,21398644595,43095277789,297988599
20200205,"14:27:01","SH","NB",16734924930,17626881188,34361806118,-891956258
20200205,"14:27:01","SZ","NB",21790820331,21466354340,43257174671,324465991
20200205,"14:28:01","SH","NB",16791615511,17687545195,34479160706,-895929684
20200205,"14:28:01","SZ","NB",21858693890,21522426976,43381120866,336266914
20200205,"14:29:01","SH","NB",16852107596,17754126470,34606234066,-902018874
20200205,"14:29:01","SZ","NB",21932771546,21610839870,43543611416,321931676
20200205,"14:30:01","SH","NB",16900572946,17802881335,34703454281,-902308389
20200205,"14:30:01","SZ","NB",22000980467,21681006430,43681986897,319974037
20200205,"14:31:01","SZ","NB",22103551404,21762790547,43866341951,340760857
20200205,"14:31:01","SH","NB",16983746023,17866393852,34850139875,-882647829
20200205,"14:32:01","SH","NB",17044661926,17921810075,34966472001,-877148149
20200205,"14:32:01","SZ","NB",22173390750,21830394572,44003785322,342996178
20200205,"14:33:01","SH","NB",17110687235,17995833458,35106520693,-885146223
20200205,"14:33:01","SZ","NB",22250900729,21905415227,44156315956,345485502
20200205,"14:34:01","SH","NB",17183341994,18069054775,35252396769,-885712781
20200205,"14:34:01","SZ","NB",22343024981,21970797272,44313822253,372227709
20200205,"14:35:01","SH","NB",17249247425,18139722208,35388969633,-890474783
20200205,"14:35:01","SZ","NB",22416140174,22043610864,44459751038,372529310
20200205,"14:36:01","SH","NB",17346698043,18210137070,35556835113,-863439027
20200205,"14:36:01","SZ","NB",22510412345,22125697526,44636109871,384714819
20200205,"14:37:01","SH","NB",17448774427,18273860416,35722634843,-825085989
20200205,"14:37:01","SZ","NB",22625449434,22182599207,44808048641,442850227
20200205,"14:38:01","SZ","NB",22715683637,22252736687,44968420324,462946950
20200205,"14:38:01","SH","NB",17554137232,18366627907,35920765139,-812490675
20200205,"14:39:01","SH","NB",17635653767,18431458921,36067112688,-795805154
20200205,"14:39:01","SZ","NB",22791146373,22325184420,45116330793,465961953
20200205,"14:40:01","SH","NB",17707717859,18503729496,36211447355,-796011637
20200205,"14:40:01","SZ","NB",22883145042,22420061086,45303206128,463083956
20200205,"14:41:01","SH","NB",17794110332,18581020747,36375131079,-786910415
20200205,"14:41:01","SZ","NB",22991590203,22507237906,45498828109,484352297
20200205,"14:42:01","SH","NB",17866898290,18652087254,36518985544,-785188964
20200205,"14:42:01","SZ","NB",23072477839,22589583303,45662061142,482894536
20200205,"14:43:01","SZ","NB",23145213563,22690509371,45835722934,454704192
20200205,"14:43:01","SH","NB",17928307308,18730186446,36658493754,-801879138
20200205,"14:44:01","SH","NB",18002585051,18798747888,36801332939,-796162837
20200205,"14:44:01","SZ","NB",23229566278,22769145820,45998712098,460420458
20200205,"14:45:01","SH","NB",18079441136,18868079429,36947520565,-788638293
20200205,"14:45:01","SZ","NB",23337258058,22860982834,46198240892,476275224
20200205,"14:46:01","SH","NB",18174467708,18941433978,37115901686,-766966270
20200205,"14:46:01","SZ","NB",23418872530,22947109451,46365981981,471763079
20200205,"14:47:01","SH","NB",18246983307,18996856015,37243839322,-749872708
20200205,"14:47:01","SZ","NB",23507492765,23022674083,46530166848,484818682
20200205,"14:48:01","SH","NB",18330096017,19052890506,37382986523,-722794489
20200205,"14:48:01","SZ","NB",23613707946,23092310031,46706017977,521397915
20200205,"14:49:01","SH","NB",18419205464,19115862013,37535067477,-696656549
20200205,"14:49:01","SZ","NB",23708393544,23177605478,46885999022,530788066
20200205,"14:50:01","SH","NB",18496851569,19178381002,37675232571,-681529433
20200205,"14:50:01","SZ","NB",23785279488,23243338892,47028618380,541940596
20200205,"14:51:01","SZ","NB",23920048726,23338218366,47258267092,581830360
20200205,"14:51:01","SH","NB",18614641898,19263984099,37878625997,-649342201
20200205,"14:52:01","SH","NB",18703882457,19353176363,38057058820,-649293906
20200205,"14:52:01","SZ","NB",24006924815,23417582066,47424506881,589342749
20200205,"14:53:01","SH","NB",18786382872,19471202447,38257585319,-684819575
20200205,"14:53:01","SZ","NB",24089328553,23511158069,47600486622,578170484
20200205,"14:54:01","SH","NB",18889855110,19576780999,38466636109,-686925889
20200205,"14:54:01","SZ","NB",24172554714,23612349286,47784904000,560205428
20200205,"14:55:01","SH","NB",18959964878,19662073297,38622038175,-702108419
20200205,"14:55:01","SZ","NB",24256266681,23704913483,47961180164,551353198
20200205,"14:56:01","SH","NB",19052897607,19773138034,38826035641,-720240427
20200205,"14:56:01","SZ","NB",24353559670,23808102647,48161662317,545457023
20200205,"14:57:01","SH","NB",19144236650,19894172658,39038409308,-749936008
20200205,"14:57:01","SZ","NB",24412442439,23900359264,48312801703,512083175
20200205,"14:58:01","SH","NB",19144305682,19894237316,39038542998,-749931634
20200205,"14:58:01","SZ","NB",24412487199,23900493195,48312980394,511994004
20200205,"15:00:01","SZ","NB",24439311095,23923090833,48362401928,516220262
20200205,"15:01:01","SH","NB",19510127832,20296260306,39806388138,-786132474
20200205,"15:01:01","SZ","NB",24753234977,24275240239,49028475216,477994738
