dataDate,dataTime,connectMarket,tradeDirection,buyTurnover,sellTurnover,totalTurnover,netTurnover
20190508,"09:30:01","SH","NB",39166577,286162532,325329109,-246995955
20190508,"09:30:01","SZ","NB",30382133,28874847,59256980,1507286
20190508,"09:31:00","SH","NB",421874719,645165763,1067040482,-223291044
20190508,"09:31:00","SZ","NB",243021982,146691351,389713333,96330631
20190508,"09:32:00","SH","NB",636047683,861292650,1497340333,-225244967
20190508,"09:32:00","SZ","NB",452091903,247146274,699238177,204945629
20190508,"09:33:00","SH","NB",769354423,1173468081,1942822504,-404113658
20190508,"09:33:00","SZ","NB",563636941,399222668,962859609,164414273
20190508,"09:34:00","SZ","NB",715480739,570789256,1286269995,144691483
20190508,"09:34:00","SH","NB",941445890,1465379870,2406825760,-523933980
20190508,"09:35:00","SH","NB",1137671291,1630019311,2767690602,-492348020
20190508,"09:35:00","SZ","NB",916583129,682116767,1598699896,234466362
20190508,"09:36:00","SH","NB",1274497676,1834637335,3109135011,-560139659
20190508,"09:36:00","SZ","NB",1096862144,811490980,1908353124,285371164
20190508,"09:37:00","SH","NB",1357494962,2129011821,3486506783,-771516859
20190508,"09:37:00","SZ","NB",1189797892,993002664,2182800556,196795228
20190508,"09:38:00","SH","NB",1449274002,2321463424,3770737426,-872189422
20190508,"09:38:00","SZ","NB",1311602019,1096752573,2408354592,214849446
20190508,"09:39:00","SH","NB",1515834758,2489766175,4005600933,-973931417
20190508,"09:39:00","SZ","NB",1400385703,1192931473,2593317176,207454230
20190508,"09:40:00","SH","NB",1584516271,2662118801,4246635072,-1077602530
20190508,"09:40:00","SZ","NB",1489985765,1268495697,2758481462,221490068
20190508,"09:41:00","SH","NB",1653411146,2820602920,4474014066,-1167191774
20190508,"09:41:00","SZ","NB",1590029818,1364226325,2954256143,225803493
20190508,"09:42:00","SZ","NB",1667023050,1476905946,3143928996,190117104
20190508,"09:42:00","SH","NB",1711296392,2929648685,4640945077,-1218352293
20190508,"09:43:00","SH","NB",1778887150,3059441745,4838328895,-1280554595
20190508,"09:43:00","SZ","NB",1752675201,1589904869,3342580070,162770332
20190508,"09:44:00","SH","NB",1830025805,3221655781,5051681586,-1391629976
20190508,"09:44:00","SZ","NB",1813097109,1719535145,3532632254,93561964
20190508,"09:45:00","SH","NB",1962999464,3330873982,5293873446,-1367874518
20190508,"09:45:00","SZ","NB",2012576652,1818315866,3830892518,194260786
20190508,"09:46:00","SH","NB",2029854581,3548320489,5578175070,-1518465908
20190508,"09:46:00","SZ","NB",2104224511,1947967143,4052191654,156257368
20190508,"09:47:00","SH","NB",2079047370,3676192283,5755239653,-1597144913
20190508,"09:47:00","SZ","NB",2170990547,2011487257,4182477804,159503290
20190508,"09:48:00","SH","NB",2131387083,3755122285,5886509368,-1623735202
20190508,"09:48:00","SZ","NB",2223031184,2077855820,4300887004,145175364
20190508,"09:49:00","SH","NB",2185021786,3933759747,6118781533,-1748737961
20190508,"09:49:00","SZ","NB",2277441764,2249968660,4527410424,27473104
20190508,"09:50:00","SH","NB",2335948026,4049309371,6385257397,-1713361345
20190508,"09:50:00","SZ","NB",2483213376,2331748847,4814962223,151464529
20190508,"09:51:00","SZ","NB",2536180477,2401247454,4937427931,134933023
20190508,"09:51:00","SH","NB",2395320300,4174376575,6569696875,-1779056275
20190508,"09:52:00","SH","NB",2467659987,4243535657,6711195644,-1775875670
20190508,"09:52:00","SZ","NB",2648856943,2442304903,5091161846,206552040
20190508,"09:53:00","SH","NB",2523734682,4411432195,6935166877,-1887697513
20190508,"09:53:00","SZ","NB",2727318421,2519495876,5246814297,207822545
20190508,"09:54:00","SH","NB",2561744890,4532683344,7094428234,-1970938454
20190508,"09:54:00","SZ","NB",2785640754,2585682521,5371323275,199958233
20190508,"09:55:00","SH","NB",2599002194,4630582070,7229584264,-2031579876
20190508,"09:55:00","SZ","NB",2829367420,2658828496,5488195916,170538924
20190508,"09:56:00","SH","NB",2635457032,4729801740,7365258772,-2094344708
20190508,"09:56:00","SZ","NB",2881119733,2726048583,5607168316,155071150
20190508,"09:57:00","SH","NB",2672330578,4966747639,7639078217,-2294417061
20190508,"09:57:00","SZ","NB",2926675819,2876579226,5803255045,50096593
20190508,"09:58:00","SH","NB",2718254613,5045803404,7764058017,-2327548791
20190508,"09:58:00","SZ","NB",2979171340,2937838417,5917009757,41332923
20190508,"09:59:00","SH","NB",2757372909,5108835966,7866208875,-2351463057
20190508,"09:59:00","SZ","NB",3029022100,2976053039,6005075139,52969061
20190508,"10:00:00","SZ","NB",3065171566,3016532350,6081703916,48639216
20190508,"10:00:00","SH","NB",2790140859,5156212494,7946353353,-2366071635
20190508,"10:01:00","SH","NB",2830631677,5207356065,8037987742,-2376724388
20190508,"10:01:00","SZ","NB",3127464260,3061698829,6189163089,65765431
20190508,"10:02:00","SH","NB",2923837072,5269924681,8193761753,-2346087609
20190508,"10:02:00","SZ","NB",3249615389,3109706442,6359321831,139908947
20190508,"10:03:00","SZ","NB",3349020419,3162030642,6511051061,186989777
20190508,"10:03:00","SH","NB",3018451791,5339416216,8357868007,-2320964425
20190508,"10:04:00","SH","NB",3074914377,5464571186,8539485563,-2389656809
20190508,"10:04:00","SZ","NB",3389430363,3291413914,6680844277,98016449
20190508,"10:05:00","SH","NB",3119511623,5555926794,8675438417,-2436415171
20190508,"10:05:00","SZ","NB",3441369118,3369477692,6810846810,71891426
20190508,"10:06:00","SZ","NB",3485806111,3485387075,6971193186,419036
20190508,"10:06:00","SH","NB",3156619191,5689005934,8845625125,-2532386743
20190508,"10:07:00","SH","NB",3207450559,5774420888,8981871447,-2566970329
20190508,"10:07:00","SZ","NB",3548331773,3543741911,7092073684,4589862
20190508,"10:08:00","SH","NB",3240472496,5908772112,9149244608,-2668299616
20190508,"10:08:00","SZ","NB",3581709041,3663699191,7245408232,-81990150
20190508,"10:09:00","SH","NB",3288409656,5953980927,9242390583,-2665571271
20190508,"10:09:00","SZ","NB",3642768754,3707327914,7350096668,-64559160
20190508,"10:10:00","SH","NB",3340989916,5993245735,9334235651,-2652255819
20190508,"10:10:00","SZ","NB",3719285476,3755449261,7474734737,-36163785
20190508,"10:11:00","SH","NB",3386167744,6074751419,9460919163,-2688583675
20190508,"10:11:00","SZ","NB",3769256921,3830384319,7599641240,-61127398
20190508,"10:12:00","SH","NB",3419491005,6121381521,9540872526,-2701890516
20190508,"10:12:00","SZ","NB",3820089398,3865879614,7685969012,-45790216
20190508,"10:13:00","SH","NB",3447128392,6194061479,9641189871,-2746933087
20190508,"10:13:00","SZ","NB",3854897689,3904874277,7759771966,-49976588
20190508,"10:14:00","SZ","NB",3886061388,3962450958,7848512346,-76389570
20190508,"10:14:00","SH","NB",3487317256,6310686080,9798003336,-2823368824
20190508,"10:15:00","SH","NB",3519182153,6365361121,9884543274,-2846178968
20190508,"10:15:00","SZ","NB",3923587200,4014681950,7938269150,-91094750
20190508,"10:16:00","SH","NB",3563139942,6427338313,9990478255,-2864198371
20190508,"10:16:00","SZ","NB",3986827571,4053118758,8039946329,-66291187
20190508,"10:17:00","SH","NB",3645617138,6483575222,10129192360,-2837958084
20190508,"10:17:00","SZ","NB",4113944476,4089494179,8203438655,24450297
20190508,"10:18:00","SH","NB",3736451965,6551451276,10287903241,-2814999311
20190508,"10:18:00","SZ","NB",4211356554,4135030380,8346386934,76326174
20190508,"10:19:00","SZ","NB",4277944304,4228552374,8506496678,49391930
20190508,"10:19:00","SH","NB",3804201918,6694573620,10498775538,-2890371702
20190508,"10:20:00","SH","NB",3842559994,6749557555,10592117549,-2906997561
20190508,"10:20:00","SZ","NB",4322860059,4272052473,8594912532,50807586
20190508,"10:21:00","SH","NB",3897997116,6813272339,10711269455,-2915275223
20190508,"10:21:00","SZ","NB",4422670098,4308866098,8731536196,113804000
20190508,"10:22:00","SH","NB",3951905174,6940705056,10892610230,-2988799882
20190508,"10:22:00","SZ","NB",4507163885,4364856741,8872020626,142307144
20190508,"10:23:00","SH","NB",3993606208,7018491054,11012097262,-3024884846
20190508,"10:23:00","SZ","NB",4553424834,4431299854,8984724688,122124980
20190508,"10:24:00","SH","NB",4020312130,7083608129,11103920259,-3063295999
20190508,"10:24:00","SZ","NB",4591953242,4468368516,9060321758,123584726
20190508,"10:25:00","SH","NB",4056353333,7129811927,11186165260,-3073458594
20190508,"10:25:00","SZ","NB",4636034307,4513357048,9149391355,122677259
20190508,"10:26:00","SH","NB",4117545683,7177485873,11295031556,-3059940190
20190508,"10:26:00","SZ","NB",4745293234,4550812602,9296105836,194480632
20190508,"10:27:00","SH","NB",4203271938,7228003951,11431275889,-3024732013
20190508,"10:27:00","SZ","NB",4821462438,4589611557,9411073995,231850881
20190508,"10:28:00","SH","NB",4259105553,7301069410,11560174963,-3041963857
20190508,"10:28:00","SZ","NB",4879997152,4660144585,9540141737,219852567
20190508,"10:29:00","SZ","NB",4915588941,4761731341,9677320282,153857600
20190508,"10:29:00","SH","NB",4291881134,7412848601,11704729735,-3120967467
20190508,"10:30:00","SH","NB",4317998382,7472658178,11790656560,-3154659796
20190508,"10:30:00","SZ","NB",4950076848,4832880117,9782956965,117196731
20190508,"10:31:00","SH","NB",4355007500,7597111288,11952118788,-3242103788
20190508,"10:31:00","SZ","NB",4984883874,4940362618,9925246492,44521256
20190508,"10:32:00","SH","NB",4382538510,7653876194,12036414704,-3271337684
20190508,"10:32:00","SZ","NB",5023390427,4972758114,9996148541,50632313
20190508,"10:33:00","SH","NB",4411914321,7691508921,12103423242,-3279594600
20190508,"10:33:00","SZ","NB",5062191576,5005255527,10067447103,56936049
20190508,"10:34:00","SH","NB",4448400768,7726945753,12175346521,-3278544985
20190508,"10:34:00","SZ","NB",5117498414,5025304461,10142802875,92193953
20190508,"10:35:00","SZ","NB",5172923467,5054048393,10226971860,118875074
20190508,"10:35:00","SH","NB",4491466305,7773551734,12265018039,-3282085429
20190508,"10:36:00","SH","NB",4530077647,7815108094,12345185741,-3285030447
20190508,"10:36:00","SZ","NB",5228114177,5086432788,10314546965,141681389
20190508,"10:37:00","SH","NB",4621804518,7857307802,12479112320,-3235503284
20190508,"10:37:00","SZ","NB",5364842907,5109975922,10474818829,254866985
20190508,"10:38:00","SH","NB",4700145315,7910556570,12610701885,-3210411255
20190508,"10:38:00","SZ","NB",5466344276,5141664415,10608008691,324679861
20190508,"10:39:00","SH","NB",4777648142,7982484296,12760132438,-3204836154
20190508,"10:39:00","SZ","NB",5550041382,5183562592,10733603974,366478790
20190508,"10:40:00","SH","NB",4846515331,8078283903,12924799234,-3231768572
20190508,"10:40:00","SZ","NB",5619207651,5245103377,10864311028,374104274
20190508,"10:41:00","SH","NB",4889621421,8190654516,13080275937,-3301033095
20190508,"10:41:00","SZ","NB",5660706589,5344937017,11005643606,315769572
20190508,"10:42:00","SZ","NB",5688588613,5397946549,11086535162,290642064
20190508,"10:42:00","SH","NB",4912875733,8241641239,13154516972,-3328765506
20190508,"10:43:00","SH","NB",4957301852,8277997240,13235299092,-3320695388
20190508,"10:43:00","SZ","NB",5730088316,5428241265,11158329581,301847051
20190508,"10:44:00","SH","NB",5001727806,8336159614,13337887420,-3334431808
20190508,"10:44:00","SZ","NB",5814764331,5475748137,11290512468,339016194
20190508,"10:45:00","SH","NB",5053597132,8405121738,13458718870,-3351524606
20190508,"10:45:00","SZ","NB",5891506750,5521332488,11412839238,370174262
20190508,"10:46:00","SH","NB",5097232460,8536185149,13633417609,-3438952689
20190508,"10:46:00","SZ","NB",5938500191,5622012452,11560512643,316487739
20190508,"10:47:00","SZ","NB",5968908103,5663175111,11632083214,305732992
20190508,"10:47:00","SH","NB",5127194609,8617496720,13744691329,-3490302111
20190508,"10:48:00","SH","NB",5166041239,8666811979,13832853218,-3500770740
20190508,"10:48:00","SZ","NB",6007572735,5700351210,11707923945,307221525
20190508,"10:49:00","SH","NB",5211582024,8711718418,13923300442,-3500136394
20190508,"10:49:00","SZ","NB",6050755507,5733509465,11784264972,317246042
20190508,"10:50:00","SH","NB",5266824682,8741824016,14008648698,-3474999334
20190508,"10:50:00","SZ","NB",6103261971,5765338489,11868600460,337923482
20190508,"10:51:00","SH","NB",5328401145,8783903224,14112304369,-3455502079
20190508,"10:51:00","SZ","NB",6162762377,5792764955,11955527332,369997422
20190508,"10:52:00","SH","NB",5388785639,8820136078,14208921717,-3431350439
20190508,"10:52:00","SZ","NB",6241260945,5819755515,12061016460,421505430
20190508,"10:53:00","SZ","NB",6300164388,5949014331,12249178719,351150057
20190508,"10:53:00","SH","NB",5438824764,8955880586,14394705350,-3517055822
20190508,"10:54:00","SH","NB",5464869623,9023193499,14488063122,-3558323876
20190508,"10:54:00","SZ","NB",6338578547,6012622970,12351201517,325955577
20190508,"10:55:00","SH","NB",5491819435,9096316846,14588136281,-3604497411
20190508,"10:55:00","SZ","NB",6361643114,6076765121,12438408235,284877993
20190508,"10:56:00","SH","NB",5514164406,9157749558,14671913964,-3643585152
20190508,"10:56:00","SZ","NB",6394048048,6132199099,12526247147,261848949
20190508,"10:57:00","SH","NB",5538024861,9218135246,14756160107,-3680110385
20190508,"10:57:00","SZ","NB",6422240991,6169016375,12591257366,253224616
20190508,"10:58:00","SH","NB",5571238332,9249245011,14820483343,-3678006679
20190508,"10:58:00","SZ","NB",6459741710,6189584750,12649326460,270156960
20190508,"10:59:00","SZ","NB",6515160870,6207239315,12722400185,307921555
20190508,"10:59:00","SH","NB",5627874276,9269629989,14897504265,-3641755713
20190508,"11:00:00","SH","NB",5668443565,9288463738,14956907303,-3620020173
20190508,"11:00:00","SZ","NB",6562712112,6230407986,12793120098,332304126
20190508,"11:01:00","SH","NB",5698287731,9354314252,15052601983,-3656026521
20190508,"11:01:00","SZ","NB",6593735464,6276371996,12870107460,317363468
20190508,"11:02:00","SH","NB",5729329643,9387637505,15116967148,-3658307862
20190508,"11:02:00","SZ","NB",6620586282,6292839887,12913426169,327746395
20190508,"11:03:00","SZ","NB",6652244232,6315111102,12967355334,337133130
20190508,"11:03:00","SH","NB",5767893056,9412614171,15180507227,-3644721115
20190508,"11:04:00","SH","NB",5790923387,9448262880,15239186267,-3657339493
20190508,"11:04:00","SZ","NB",6677331642,6337433479,13014765121,339898163
20190508,"11:05:00","SH","NB",5819952881,9491530199,15311483080,-3671577318
20190508,"11:05:00","SZ","NB",6706251136,6361714492,13067965628,344536644
20190508,"11:06:00","SZ","NB",6733496353,6441378485,13174874838,292117868
20190508,"11:06:00","SH","NB",5853356243,9605480307,15458836550,-3752124064
20190508,"11:07:00","SH","NB",5913947686,9694047826,15607995512,-3780100140
20190508,"11:07:00","SZ","NB",6783698564,6483533010,13267231574,300165554
20190508,"11:08:00","SH","NB",6050976558,9755253963,15806230521,-3704277405
20190508,"11:08:00","SZ","NB",6980538596,6529379142,13509917738,451159454
20190508,"11:09:00","SH","NB",6084331211,9860224713,15944555924,-3775893502
20190508,"11:09:00","SZ","NB",7024350936,6593209114,13617560050,431141822
20190508,"11:10:00","SZ","NB",7050002373,6624514923,13674517296,425487450
20190508,"11:10:00","SH","NB",6104875012,9905816729,16010691741,-3800941717
20190508,"11:11:00","SH","NB",6120788903,9926295432,16047084335,-3805506529
20190508,"11:11:00","SZ","NB",7067855425,6640605751,13708461176,427249674
20190508,"11:12:00","SH","NB",6146836654,9989436519,16136273173,-3842599865
20190508,"11:12:00","SZ","NB",7095854683,6712464275,13808318958,383390408
20190508,"11:13:00","SH","NB",6172118501,10014145871,16186264372,-3842027370
20190508,"11:13:00","SZ","NB",7122186390,6726682443,13848868833,395503947
20190508,"11:14:00","SH","NB",6192884062,10041241143,16234125205,-3848357081
20190508,"11:14:00","SZ","NB",7145157491,6741730095,13886887586,403427396
20190508,"11:15:00","SH","NB",6216621664,10058831447,16275453111,-3842209783
20190508,"11:15:00","SZ","NB",7167440154,6758046508,13925486662,409393646
20190508,"11:16:00","SH","NB",6256555520,10089372150,16345927670,-3832816630
20190508,"11:16:00","SZ","NB",7229268667,6784105897,14013374564,445162770
20190508,"11:17:00","SH","NB",6291732898,10114120544,16405853442,-3822387646
20190508,"11:17:00","SZ","NB",7265517891,6805150565,14070668456,460367326
20190508,"11:18:00","SZ","NB",7304847297,6824282486,14129129783,480564811
20190508,"11:18:00","SH","NB",6326601758,10146544681,16473146439,-3819942923
20190508,"11:19:00","SH","NB",6365446354,10176964658,16542411012,-3811518304
20190508,"11:19:00","SZ","NB",7339655860,6845911714,14185567574,493744146
20190508,"11:20:00","SH","NB",6407379835,10209491850,16616871685,-3802112015
20190508,"11:20:00","SZ","NB",7384668477,6866057396,14250725873,518611081
20190508,"11:21:00","SH","NB",6612899765,10267811467,16880711232,-3654911702
20190508,"11:21:00","SZ","NB",7551349895,6903976166,14455326061,647373729
20190508,"11:22:00","SZ","NB",7605120892,6950090926,14555211818,655029966
20190508,"11:22:00","SH","NB",6658399376,10324559938,16982959314,-3666160562
20190508,"11:23:00","SH","NB",6690448337,10359147304,17049595641,-3668698967
20190508,"11:23:00","SZ","NB",7641564872,6977341881,14618906753,664222991
20190508,"11:24:00","SH","NB",6744864512,10386076325,17130940837,-3641211813
20190508,"11:24:00","SZ","NB",7685246386,7008157988,14693404374,677088398
20190508,"11:25:00","SZ","NB",7731052294,7052477759,14783530053,678574535
20190508,"11:25:00","SH","NB",6776726059,10425864307,17202590366,-3649138248
20190508,"11:26:00","SH","NB",6796678774,10460754085,17257432859,-3664075311
20190508,"11:26:00","SZ","NB",7748783212,7084535218,14833318430,664247994
20190508,"11:27:00","SH","NB",6814025960,10503485182,17317511142,-3689459222
20190508,"11:27:00","SZ","NB",7769313694,7122184197,14891497891,647129497
20190508,"11:28:00","SH","NB",6828288768,10550819182,17379107950,-3722530414
20190508,"11:28:00","SZ","NB",7787346020,7150355817,14937701837,636990203
20190508,"11:29:00","SH","NB",6847644534,10584548211,17432192745,-3736903677
20190508,"11:29:00","SZ","NB",7805289512,7178996374,14984285886,626293138
20190508,"11:30:00","SZ","NB",7817401746,7196208570,15013610316,621193176
20190508,"11:30:00","SH","NB",6865348654,10609840715,17475189369,-3744492061
20190508,"11:31:00","SH","NB",6865487585,10609866651,17475354236,-3744379066
20190508,"13:01:00","SH","NB",6940873001,10726764821,17667637822,-3785891820
20190508,"13:01:00","SZ","NB",7889233209,7268447820,15157681029,620785389
20190508,"13:02:00","SH","NB",6979253822,10805501221,17784755043,-3826247399
20190508,"13:02:00","SZ","NB",7927877941,7308038034,15235915975,619839907
20190508,"13:03:00","SH","NB",7010966935,10857740509,17868707444,-3846773574
20190508,"13:03:00","SZ","NB",7965164645,7328947168,15294111813,636217477
20190508,"13:04:00","SH","NB",7043178407,10898850371,17942028778,-3855671964
20190508,"13:04:00","SZ","NB",7993291470,7350587759,15343879229,642703711
20190508,"13:05:00","SH","NB",7067783388,10939917461,18007700849,-3872134073
20190508,"13:05:00","SZ","NB",8015381624,7377416086,15392797710,637965538
20190508,"13:06:00","SZ","NB",8041094313,7408486952,15449581265,632607361
20190508,"13:06:00","SH","NB",7102755137,10977586715,18080341852,-3874831578
20190508,"13:07:00","SH","NB",7123735394,11009482523,18133217917,-3885747129
20190508,"13:07:00","SZ","NB",8061352598,7436122471,15497475069,625230127
20190508,"13:08:00","SH","NB",7149303771,11051192739,18200496510,-3901888968
20190508,"13:08:00","SZ","NB",8082468774,7471523321,15553992095,610945453
20190508,"13:09:00","SH","NB",7176746836,11124158553,18300905389,-3947411717
20190508,"13:09:00","SZ","NB",8107629419,7514631084,15622260503,592998335
20190508,"13:10:00","SH","NB",7205987812,11166093084,18372080896,-3960105272
20190508,"13:10:00","SZ","NB",8142797449,7556989002,15699786451,585808447
20190508,"13:11:00","SH","NB",7228813635,11206092742,18434906377,-3977279107
20190508,"13:11:00","SZ","NB",8168368460,7585333331,15753701791,583035129
20190508,"13:12:00","SH","NB",7263228314,11228294003,18491522317,-3965065689
20190508,"13:12:00","SZ","NB",8205551182,7605413997,15810965179,600137185
20190508,"13:13:00","SH","NB",7293969212,11253496090,18547465302,-3959526878
20190508,"13:13:00","SZ","NB",8234878887,7622684784,15857563671,612194103
20190508,"13:14:00","SH","NB",7310794236,11278310577,18589104813,-3967516341
20190508,"13:14:00","SZ","NB",8255284398,7640473764,15895758162,614810634
20190508,"13:15:00","SH","NB",7328895074,11318741786,18647636860,-3989846712
20190508,"13:15:00","SZ","NB",8271655621,7679141182,15950796803,592514439
20190508,"13:16:00","SZ","NB",8289884674,7704035648,15993920322,585849026
20190508,"13:16:00","SH","NB",7352090501,11347803721,18699894222,-3995713220
20190508,"13:17:00","SH","NB",7377313077,11371099154,18748412231,-3993786077
20190508,"13:17:00","SZ","NB",8314123038,7722631493,16036754531,591491545
20190508,"13:18:00","SH","NB",7399908440,11389125264,18789033704,-3989216824
20190508,"13:18:00","SZ","NB",8337381144,7738984395,16076365539,598396749
20190508,"13:19:00","SH","NB",7420911634,11407068045,18827979679,-3986156411
20190508,"13:19:00","SZ","NB",8360863020,7753537188,16114400208,607325832
20190508,"13:20:00","SH","NB",7489818419,11435094102,18924912521,-3945275683
20190508,"13:20:00","SZ","NB",8434850542,7783828994,16218679536,651021548
20190508,"13:21:00","SH","NB",7530327812,11469102737,18999430549,-3938774925
20190508,"13:21:00","SZ","NB",8473080921,7804193709,16277274630,668887212
20190508,"13:22:00","SH","NB",7551742278,11503470063,19055212341,-3951727785
20190508,"13:22:00","SZ","NB",8493949602,7833298594,16327248196,660651008
20190508,"13:23:00","SZ","NB",8511226213,7858622520,16369848733,652603693
20190508,"13:23:00","SH","NB",7572877374,11537213488,19110090862,-3964336114
20190508,"13:24:00","SH","NB",7590404890,11593328591,19183733481,-4002923701
20190508,"13:24:00","SZ","NB",8530018620,7901819180,16431837800,628199440
20190508,"13:25:00","SH","NB",7613560666,11621326583,19234887249,-4007765917
20190508,"13:25:00","SZ","NB",8550545767,7930467516,16481013283,620078251
20190508,"13:26:00","SH","NB",7644598600,11656038701,19300637301,-4011440101
20190508,"13:26:00","SZ","NB",8595382903,7955504520,16550887423,639878383
20190508,"13:27:00","SH","NB",7691060547,11697277345,19388337892,-4006216798
20190508,"13:27:00","SZ","NB",8646745108,7977140319,16623885427,669604789
20190508,"13:28:00","SH","NB",7714309555,11738764082,19453073637,-4024454527
20190508,"13:28:00","SZ","NB",8667769191,8012478289,16680247480,655290902
20190508,"13:29:00","SZ","NB",8704777801,8038622391,16743400192,666155410
20190508,"13:29:00","SH","NB",7736221747,11760432447,19496654194,-4024210700
20190508,"13:30:00","SH","NB",7768071950,11793287067,19561359017,-4025215117
20190508,"13:30:00","SZ","NB",8734362307,8071265010,16805627317,663097297
20190508,"13:31:00","SH","NB",7799387371,11841508739,19640896110,-4042121368
20190508,"13:31:00","SZ","NB",8766752793,8095044533,16861797326,671708260
20190508,"13:32:00","SH","NB",7817051082,11894172142,19711223224,-4077121060
20190508,"13:32:00","SZ","NB",8788959253,8125350799,16914310052,663608454
20190508,"13:33:00","SH","NB",7834916890,11916738455,19751655345,-4081821565
20190508,"13:33:00","SZ","NB",8807409918,8151059856,16958469774,656350062
20190508,"13:34:00","SH","NB",7849676202,11940923784,19790599986,-4091247582
20190508,"13:34:00","SZ","NB",8824880767,8165715465,16990596232,659165302
20190508,"13:35:00","SH","NB",7870173130,11971573122,19841746252,-4101399992
20190508,"13:35:00","SZ","NB",8848720011,8183299914,17032019925,665420097
20190508,"13:36:00","SH","NB",7890926299,12048332343,19939258642,-4157406044
20190508,"13:36:00","SZ","NB",8874728522,8268265859,17142994381,606462663
20190508,"13:37:00","SH","NB",7920004185,12096294349,20016298534,-4176290164
20190508,"13:37:00","SZ","NB",8907560524,8309817953,17217378477,597742571
20190508,"13:38:00","SZ","NB",8936304235,8352127864,17288432099,584176371
20190508,"13:38:00","SH","NB",7948241550,12132335204,20080576754,-4184093654
20190508,"13:39:00","SH","NB",7975883425,12153446440,20129329865,-4177563015
20190508,"13:39:00","SZ","NB",8973102448,8379359910,17352462358,593742538
20190508,"13:40:00","SH","NB",7996692024,12185586167,20182278191,-4188894143
20190508,"13:40:00","SZ","NB",9006410661,8400114461,17406525122,606296200
20190508,"13:41:00","SH","NB",8016653411,12202879326,20219532737,-4186225915
20190508,"13:41:00","SZ","NB",9034836562,8418932535,17453769097,615904027
20190508,"13:42:00","SH","NB",8049705969,12245428020,20295133989,-4195722051
20190508,"13:42:00","SZ","NB",9057693926,8455963325,17513657251,601730601
20190508,"13:43:00","SH","NB",8140316053,12274543079,20414859132,-4134227026
20190508,"13:43:00","SZ","NB",9182788565,8490397829,17673186394,692390736
20190508,"13:44:00","SH","NB",8167427545,12297960071,20465387616,-4130532526
20190508,"13:44:00","SZ","NB",9215863785,8510628786,17726492571,705234999
20190508,"13:45:00","SH","NB",8188758549,12326443641,20515202190,-4137685092
20190508,"13:45:00","SZ","NB",9233323121,8532945730,17766268851,700377391
20190508,"13:46:00","SH","NB",8202959711,12352609005,20555568716,-4149649294
20190508,"13:46:00","SZ","NB",9254609830,8559669455,17814279285,694940375
20190508,"13:47:00","SH","NB",8218241391,12369056896,20587298287,-4150815505
20190508,"13:47:00","SZ","NB",9273317385,8573916645,17847234030,699400740
20190508,"13:48:00","SZ","NB",9291834469,8588299207,17880133676,703535262
20190508,"13:48:00","SH","NB",8231584897,12388017680,20619602577,-4156432783
20190508,"13:49:00","SH","NB",8255079241,12409437426,20664516667,-4154358185
20190508,"13:49:00","SZ","NB",9314512794,8601545834,17916058628,712966960
20190508,"13:50:00","SH","NB",8275547357,12431938733,20707486090,-4156391376
20190508,"13:50:00","SZ","NB",9330829336,8614062078,17944891414,716767258
20190508,"13:51:00","SH","NB",8292410596,12450969384,20743379980,-4158558788
20190508,"13:51:00","SZ","NB",9355911694,8634837160,17990748854,721074534
20190508,"13:52:00","SH","NB",8318213109,12471063706,20789276815,-4152850597
20190508,"13:52:00","SZ","NB",9389424345,8648137868,18037562213,741286477
20190508,"13:53:00","SH","NB",8393551501,12489012883,20882564384,-4095461382
20190508,"13:53:00","SZ","NB",9479892657,8668763310,18148655967,811129347
20190508,"13:54:00","SZ","NB",9505941858,8690861095,18196802953,815080763
20190508,"13:54:00","SH","NB",8430299795,12525364054,20955663849,-4095064259
20190508,"13:55:00","SH","NB",8454718750,12630893428,21085612178,-4176174678
20190508,"13:55:00","SZ","NB",9528693706,8784226442,18312920148,744467264
20190508,"13:56:00","SH","NB",8472359712,12657363329,21129723041,-4185003617
20190508,"13:56:00","SZ","NB",9541941877,8806424000,18348365877,735517877
20190508,"13:57:00","SH","NB",8484074519,12682185698,21166260217,-4198111179
20190508,"13:57:00","SZ","NB",9556274378,8822926367,18379200745,733348011
20190508,"13:58:00","SH","NB",8498677468,12699182349,21197859817,-4200504881
20190508,"13:58:00","SZ","NB",9573012982,8843002111,18416015093,730010871
20190508,"13:59:00","SH","NB",8515480957,12746585417,21262066374,-4231104460
20190508,"13:59:00","SZ","NB",9589232518,8891515572,18480748090,697716946
20190508,"14:00:00","SH","NB",8534259196,12777275909,21311535105,-4243016713
20190508,"14:00:00","SZ","NB",9604770880,8910182521,18514953401,694588359
20190508,"14:01:00","SH","NB",8553799138,12842731133,21396530271,-4288931995
20190508,"14:01:00","SZ","NB",9627514036,8963012023,18590526059,664502013
20190508,"14:02:00","SZ","NB",9649755276,8999053165,18648808441,650702111
20190508,"14:02:00","SH","NB",8574106636,12881044031,21455150667,-4306937395
20190508,"14:03:00","SH","NB",8600735496,12902380095,21503115591,-4301644599
20190508,"14:03:00","SZ","NB",9676637979,9023243974,18699881953,653394005
20190508,"14:04:00","SH","NB",8630484393,12935410159,21565894552,-4304925766
20190508,"14:04:00","SZ","NB",9702949504,9038205454,18741154958,664744050
20190508,"14:05:00","SH","NB",8653453058,12958707018,21612160076,-4305253960
20190508,"14:05:00","SZ","NB",9725929992,9056196883,18782126875,669733109
20190508,"14:06:00","SZ","NB",9779660832,9081466928,18861127760,698193904
20190508,"14:06:00","SH","NB",8697980277,12999398268,21697378545,-4301417991
20190508,"14:07:00","SH","NB",8744248022,13018385479,21762633501,-4274137457
20190508,"14:07:00","SZ","NB",9807557753,9097730993,18905288746,709826760
20190508,"14:08:00","SH","NB",8814465751,13039910759,21854376510,-4225445008
20190508,"14:08:00","SZ","NB",9854092926,9118188182,18972281108,735904744
20190508,"14:09:00","SH","NB",8910586432,13089924098,22000510530,-4179337666
20190508,"14:09:00","SZ","NB",9949711477,9148555334,19098266811,801156143
20190508,"14:10:00","SH","NB",8936934021,13123174092,22060108113,-4186240071
20190508,"14:10:00","SZ","NB",9972350769,9179325444,19151676213,793025325
20190508,"14:11:00","SH","NB",8962887834,13236648109,22199535943,-4273760275
20190508,"14:11:00","SZ","NB",9997091980,9268386223,19265478203,728705757
20190508,"14:12:00","SH","NB",8992436681,13342656306,22335092987,-4350219625
20190508,"14:12:00","SZ","NB",10021822808,9350683421,19372506229,671139387
20190508,"14:13:00","SZ","NB",10043406114,9373466168,19416872282,669939946
20190508,"14:13:00","SH","NB",9019140629,13369102652,22388243281,-4349962023
20190508,"14:14:00","SH","NB",9044112171,13393984560,22438096731,-4349872389
20190508,"14:14:00","SZ","NB",10060509275,9393527430,19454036705,666981845
20190508,"14:15:00","SH","NB",9070538738,13470952697,22541491435,-4400413959
20190508,"14:15:00","SZ","NB",10083063191,9439747988,19522811179,643315203
20190508,"14:16:00","SH","NB",9099457926,13513941000,22613398926,-4414483074
20190508,"14:16:00","SZ","NB",10104394424,9474211281,19578605705,630183143
20190508,"14:17:00","SH","NB",9126095086,13539071887,22665166973,-4412976801
20190508,"14:17:00","SZ","NB",10122277644,9494806509,19617084153,627471135
20190508,"14:18:00","SH","NB",9146994039,13572613874,22719607913,-4425619835
20190508,"14:18:00","SZ","NB",10140877062,9516616711,19657493773,624260351
20190508,"14:19:00","SZ","NB",10158633377,9547172169,19705805546,611461208
20190508,"14:19:00","SH","NB",9180767919,13615290527,22796058446,-4434522608
20190508,"14:20:00","SH","NB",9210373628,13645616856,22855990484,-4435243228
20190508,"14:20:00","SZ","NB",10190562880,9578098063,19768660943,612464817
20190508,"14:21:00","SZ","NB",10222490185,9608557171,19831047356,613933014
20190508,"14:21:00","SH","NB",9242411919,13693675296,22936087215,-4451263377
20190508,"14:22:00","SH","NB",9284974011,13731697773,23016671784,-4446723762
20190508,"14:22:00","SZ","NB",10258939383,9633906843,19892846226,625032540
20190508,"14:23:00","SH","NB",9333197533,13986493026,23319690559,-4653295493
20190508,"14:23:00","SZ","NB",10286117271,9796820704,20082937975,489296567
20190508,"14:24:00","SH","NB",9387582178,14074504900,23462087078,-4686922722
20190508,"14:24:00","SZ","NB",10327586846,9872631858,20200218704,454954988
20190508,"14:25:00","SH","NB",9436850280,14239624355,23676474635,-4802774075
20190508,"14:25:00","SZ","NB",10377102441,9946429907,20323532348,430672534
20190508,"14:26:00","SH","NB",9496238890,14317096570,23813335460,-4820857680
20190508,"14:26:00","SZ","NB",10429769850,9997066941,20426836791,432702909
20190508,"14:27:00","SH","NB",9566207315,14355777833,23921985148,-4789570518
20190508,"14:27:00","SZ","NB",10502866350,10031468663,20534335013,471397687
20190508,"14:28:00","SH","NB",9612277590,14395777999,24008055589,-4783500409
20190508,"14:28:00","SZ","NB",10543571483,10065891735,20609463218,477679748
20190508,"14:29:00","SH","NB",9651483919,14435540378,24087024297,-4784056459
20190508,"14:29:00","SZ","NB",10567774799,10092882660,20660657459,474892139
20190508,"14:30:00","SH","NB",9690985309,14538084012,24229069321,-4847098703
20190508,"14:30:00","SZ","NB",10597421626,10154713440,20752135066,442708186
20190508,"14:31:00","SZ","NB",10635558066,10200932107,20836490173,434625959
20190508,"14:31:00","SH","NB",9726409658,14608075124,24334484782,-4881665466
20190508,"14:32:00","SH","NB",9763470381,14648761984,24412232365,-4885291603
20190508,"14:32:00","SZ","NB",10668232299,10230425068,20898657367,437807231
20190508,"14:33:00","SH","NB",9807840221,14790125652,24597965873,-4982285431
20190508,"14:33:00","SZ","NB",10702858271,10348071038,21050929309,354787233
20190508,"14:34:00","SH","NB",9850155336,14861982561,24712137897,-5011827225
20190508,"14:34:00","SZ","NB",10738382599,10420792307,21159174906,317590292
20190508,"14:35:00","SH","NB",9904877088,14912125885,24817002973,-5007248797
20190508,"14:35:00","SZ","NB",10787135915,10470314412,21257450327,316821503
20190508,"14:36:00","SH","NB",9965066526,14958984966,24924051492,-4993918440
20190508,"14:36:00","SZ","NB",10872667486,10509925501,21382592987,362741985
20190508,"14:37:00","SH","NB",9999896175,15006470331,25006366506,-5006574156
20190508,"14:37:00","SZ","NB",10903877196,10556456408,21460333604,347420788
20190508,"14:38:00","SH","NB",10029841912,15045605403,25075447315,-5015763491
20190508,"14:38:00","SZ","NB",10930835054,10595050253,21525885307,335784801
20190508,"14:39:00","SH","NB",10062426687,15106744756,25169171443,-5044318069
20190508,"14:39:00","SZ","NB",10957187589,10645165234,21602352823,312022355
20190508,"14:40:00","SZ","NB",10995341578,10763707708,21759049286,231633870
20190508,"14:40:00","SH","NB",10114139461,15261931504,25376070965,-5147792043
20190508,"14:41:00","SH","NB",10170483866,15321995327,25492479193,-5151511461
20190508,"14:41:00","SZ","NB",11074593301,10822366747,21896960048,252226554
20190508,"14:42:00","SH","NB",10278349215,15385943641,25664292856,-5107594426
20190508,"14:42:00","SZ","NB",11196685827,10858358664,22055044491,338327163
20190508,"14:43:00","SH","NB",10317401691,15444628615,25762030306,-5127226924
20190508,"14:43:00","SZ","NB",11231361026,10924871599,22156232625,306489427
20190508,"14:44:00","SH","NB",10391091908,15505345810,25896437718,-5114253902
20190508,"14:44:00","SZ","NB",11279516867,10964253096,22243769963,315263771
20190508,"14:45:00","SH","NB",10458140993,15544703282,26002844275,-5086562289
20190508,"14:45:00","SZ","NB",11334073621,10997096445,22331170066,336977176
20190508,"14:46:00","SH","NB",10506089024,15631582040,26137671064,-5125493016
20190508,"14:46:00","SZ","NB",11374442818,11041850790,22416293608,332592028
20190508,"14:47:00","SH","NB",10560256709,15686531896,26246788605,-5126275187
20190508,"14:47:00","SZ","NB",11415000921,11068091321,22483092242,346909600
20190508,"14:48:00","SZ","NB",11456974542,11111955673,22568930215,345018869
20190508,"14:48:00","SH","NB",10590293691,15734548421,26324842112,-5144254730
20190508,"14:49:00","SH","NB",10633998995,15793984002,26427982997,-5159985007
20190508,"14:49:00","SZ","NB",11482027016,11147096199,22629123215,334930817
20190508,"14:50:00","SH","NB",10672686320,15860776335,26533462655,-5188090015
20190508,"14:50:00","SZ","NB",11511417064,11202319790,22713736854,309097274
20190508,"14:51:00","SZ","NB",11547885091,11261810223,22809695314,286074868
20190508,"14:51:00","SH","NB",10710226650,15944203641,26654430291,-5233976991
20190508,"14:52:00","SH","NB",10753912869,16019504719,26773417588,-5265591850
20190508,"14:52:00","SZ","NB",11594469514,11323936282,22918405796,270533232
20190508,"14:53:00","SH","NB",10793463841,16090601213,26884065054,-5297137372
20190508,"14:53:00","SZ","NB",11634137378,11385422843,23019560221,248714535
20190508,"14:54:00","SH","NB",10855647329,16175683073,27031330402,-5320035744
20190508,"14:54:00","SZ","NB",11677860460,11438444398,23116304858,239416062
20190508,"14:55:00","SH","NB",10903805975,16236926596,27140732571,-5333120621
20190508,"14:55:00","SZ","NB",11726202005,11481928544,23208130549,244273461
20190508,"14:56:00","SH","NB",10955065104,16291433328,27246498432,-5336368224
20190508,"14:56:00","SZ","NB",11770774253,11527070728,23297844981,243703525
20190508,"14:57:00","SH","NB",10992671766,16337249547,27329921313,-5344577781
20190508,"14:57:00","SZ","NB",11800525371,11562042599,23362567970,238482772
20190508,"14:58:00","SH","NB",10992690258,16337259310,27329949568,-5344569052
20190508,"15:01:00","SH","NB",11152001097,16404479602,27556480699,-5252478505
20190508,"15:01:00","SZ","NB",11896010144,11606904169,23502914313,289105975
