dataDate,dataTime,connectMarket,tradeDirection,buyTurnover,sellTurnover,totalTurnover,netTurnover
20191217,"09:30:01","SH","NB",61831979,28507377,90339356,33324602
20191217,"09:30:01","SZ","NB",58129103,25076103,83205206,33053000
20191217,"09:31:01","SH","NB",195600474,117743583,313344057,77856891
20191217,"09:31:01","SZ","NB",295147238,195685904,490833142,99461334
20191217,"09:32:01","SH","NB",302066349,196847644,498913993,105218705
20191217,"09:32:01","SZ","NB",508990064,325463400,834453464,183526664
20191217,"09:33:01","SH","NB",438372943,258522494,696895437,179850449
20191217,"09:33:01","SZ","NB",705913087,452327554,1158240641,253585533
20191217,"09:34:01","SH","NB",525366643,358777173,884143816,166589470
20191217,"09:34:01","SZ","NB",890218255,636120687,1526338942,254097568
20191217,"09:35:01","SH","NB",638195535,414641145,1052836680,223554390
20191217,"09:35:01","SZ","NB",1064124396,714393161,1778517557,349731235
20191217,"09:36:01","SZ","NB",1239196087,847375339,2086571426,391820748
20191217,"09:36:01","SH","NB",741916172,475672009,1217588181,266244163
20191217,"09:37:01","SH","NB",847833318,560992035,1408825353,286841283
20191217,"09:37:01","SZ","NB",1397007789,1055268430,2452276219,341739359
20191217,"09:38:01","SH","NB",944523429,621574082,1566097511,322949347
20191217,"09:38:01","SZ","NB",1570868549,1154303253,2725171802,416565296
20191217,"09:39:01","SZ","NB",1706303425,1257875778,2964179203,448427647
20191217,"09:39:01","SH","NB",1038804030,682219074,1721023104,356584956
20191217,"09:40:01","SH","NB",1118601837,762063965,1880665802,356537872
20191217,"09:40:01","SZ","NB",1826892036,1381130363,3208022399,445761673
20191217,"09:41:01","SH","NB",1242335947,847797571,2090133518,394538376
20191217,"09:41:01","SZ","NB",2025638580,1533180065,3558818645,492458515
20191217,"09:42:01","SH","NB",1359575492,909635172,2269210664,449940320
20191217,"09:42:01","SZ","NB",2220265222,1615772058,3836037280,604493164
20191217,"09:43:01","SH","NB",1432603388,983973494,2416576882,448629894
20191217,"09:43:01","SZ","NB",2330872201,1713456950,4044329151,617415251
20191217,"09:44:01","SH","NB",1489063737,1060577681,2549641418,428486056
20191217,"09:44:01","SZ","NB",2405519138,1824524370,4230043508,580994768
20191217,"09:45:01","SH","NB",1545285307,1110982084,2656267391,434303223
20191217,"09:45:01","SZ","NB",2513105644,1905155045,4418260689,607950599
20191217,"09:46:01","SH","NB",1612663331,1203095687,2815759018,409567644
20191217,"09:46:01","SZ","NB",2645346083,2045300155,4690646238,600045928
20191217,"09:47:01","SH","NB",1698527757,1272200082,2970727839,426327675
20191217,"09:47:01","SZ","NB",2784193464,2123563587,4907757051,660629877
20191217,"09:48:01","SZ","NB",2917008975,2241651168,5158660143,675357807
20191217,"09:48:01","SH","NB",1761009852,1329900771,3090910623,431109081
20191217,"09:49:01","SH","NB",1816829569,1402289608,3219119177,414539961
20191217,"09:49:01","SZ","NB",3016241082,2346656824,5362897906,669584258
20191217,"09:50:01","SH","NB",1870343930,1453082794,3323426724,417261136
20191217,"09:50:01","SZ","NB",3111120391,2453171939,5564292330,657948452
20191217,"09:51:01","SH","NB",1968309070,1507226421,3475535491,461082649
20191217,"09:51:01","SZ","NB",3277154064,2545123656,5822277720,732030408
20191217,"09:52:01","SH","NB",2029651268,1564101341,3593752609,465549927
20191217,"09:52:01","SZ","NB",3378829708,2623977880,6002807588,754851828
20191217,"09:53:01","SH","NB",2104873783,1632478855,3737352638,472394928
20191217,"09:53:01","SZ","NB",3469006945,2709189259,6178196204,759817686
20191217,"09:54:01","SH","NB",2150098828,1694841766,3844940594,455257062
20191217,"09:54:01","SZ","NB",3553008262,2808388248,6361396510,744620014
20191217,"09:55:01","SH","NB",2206925288,1745255382,3952180670,461669906
20191217,"09:55:01","SZ","NB",3652969850,2914218190,6567188040,738751660
20191217,"09:56:01","SZ","NB",3750024454,3009043600,6759068054,740980854
20191217,"09:56:01","SH","NB",2271747896,1790386493,4062134389,481361403
20191217,"09:57:01","SH","NB",2327044064,1838584846,4165628910,488459218
20191217,"09:57:01","SZ","NB",3849484866,3093808501,6943293367,755676365
20191217,"09:58:01","SH","NB",2372659037,1878504861,4251163898,494154176
20191217,"09:58:01","SZ","NB",3952815019,3177040228,7129855247,775774791
20191217,"09:59:01","SH","NB",2419161265,1920887688,4340048953,498273577
20191217,"09:59:01","SZ","NB",4034182389,3262260381,7296442770,771922008
20191217,"10:00:01","SH","NB",2467845093,1957227818,4425072911,510617275
20191217,"10:00:01","SZ","NB",4110483684,3339931829,7450415513,770551855
20191217,"10:01:01","SH","NB",2557214012,2003885613,4561099625,553328399
20191217,"10:01:01","SZ","NB",4229449411,3421101268,7650550679,808348143
20191217,"10:02:01","SH","NB",2651614081,2050863755,4702477836,600750326
20191217,"10:02:01","SZ","NB",4330559258,3498672916,7829232174,831886342
20191217,"10:03:01","SH","NB",2700832869,2126615571,4827448440,574217298
20191217,"10:03:01","SZ","NB",4400717319,3632930790,8033648109,767786529
20191217,"10:04:01","SZ","NB",4464600295,3697712079,8162312374,766888216
20191217,"10:04:01","SH","NB",2741705684,2174034675,4915740359,567671009
20191217,"10:05:01","SH","NB",2799902998,2209355163,5009258161,590547835
20191217,"10:05:01","SZ","NB",4571597833,3751937755,8323535588,819660078
20191217,"10:06:01","SH","NB",2859109221,2246275180,5105384401,612834041
20191217,"10:06:01","SZ","NB",4678649416,3819832130,8498481546,858817286
20191217,"10:07:01","SH","NB",2940082433,2286051974,5226134407,654030459
20191217,"10:07:01","SZ","NB",4763934605,3875538376,8639472981,888396229
20191217,"10:08:01","SH","NB",2995819826,2324369867,5320189693,671449959
20191217,"10:08:01","SZ","NB",4826141152,3969067442,8795208594,857073710
20191217,"10:09:01","SZ","NB",4880081715,4058188814,8938270529,821892901
20191217,"10:09:01","SH","NB",3049845425,2364266954,5414112379,685578471
20191217,"10:10:01","SH","NB",3085415142,2440337878,5525753020,645077264
20191217,"10:10:01","SZ","NB",4943594970,4213668463,9157263433,729926507
20191217,"10:11:01","SH","NB",3123438334,2480152948,5603591282,643285386
20191217,"10:11:01","SZ","NB",5018909755,4345588627,9364498382,673321128
20191217,"10:12:01","SH","NB",3147973136,2510852490,5658825626,637120646
20191217,"10:12:01","SZ","NB",5082482477,4430414112,9512896589,652068365
20191217,"10:13:01","SH","NB",3179312442,2537321309,5716633751,641991133
20191217,"10:13:01","SZ","NB",5160549310,4486452624,9647001934,674096686
20191217,"10:14:01","SZ","NB",5218317138,4541280710,9759597848,677036428
20191217,"10:14:01","SH","NB",3215397649,2557281153,5772678802,658116496
20191217,"10:15:01","SH","NB",3250689201,2585149740,5835838941,665539461
20191217,"10:15:01","SZ","NB",5260555665,4600895701,9861451366,659659964
20191217,"10:16:01","SH","NB",3302451069,2615099680,5917550749,687351389
20191217,"10:16:01","SZ","NB",5352000553,4668187992,10020188545,683812561
20191217,"10:17:01","SZ","NB",5404564885,4731495456,10136060341,673069429
20191217,"10:17:01","SH","NB",3345665995,2655458803,6001124798,690207192
20191217,"10:18:01","SH","NB",3381135946,2708396781,6089532727,672739165
20191217,"10:18:01","SZ","NB",5452103759,4801175707,10253279466,650928052
20191217,"10:19:01","SH","NB",3412124166,2743618185,6155742351,668505981
20191217,"10:19:01","SZ","NB",5493633867,4846517520,10340151387,647116347
20191217,"10:20:01","SH","NB",3438409990,2769741561,6208151551,668668429
20191217,"10:20:01","SZ","NB",5535653341,4889020679,10424674020,646632662
20191217,"10:21:01","SH","NB",3484494357,2806866104,6291360461,677628253
20191217,"10:21:01","SZ","NB",5597790363,4944637112,10542427475,653153251
20191217,"10:22:01","SH","NB",3512293398,2837207741,6349501139,675085657
20191217,"10:22:01","SZ","NB",5649201502,4988020665,10637222167,661180837
20191217,"10:23:01","SH","NB",3538297618,2866873210,6405170828,671424408
20191217,"10:23:01","SZ","NB",5694553219,5028940719,10723493938,665612500
20191217,"10:24:01","SH","NB",3599468874,2885965779,6485434653,713503095
20191217,"10:24:01","SZ","NB",5786654720,5061489891,10848144611,725164829
20191217,"10:25:01","SZ","NB",5857964411,5092939951,10950904362,765024460
20191217,"10:25:01","SH","NB",3650417400,2907617918,6558035318,742799482
20191217,"10:26:01","SH","NB",3686295331,2932310785,6618606116,753984546
20191217,"10:26:01","SZ","NB",5911297388,5127625449,11038922837,783671939
20191217,"10:27:01","SH","NB",3719181778,2961999846,6681181624,757181932
20191217,"10:27:01","SZ","NB",5972701246,5169183663,11141884909,803517583
20191217,"10:28:01","SH","NB",3768185214,2982869697,6751054911,785315517
20191217,"10:28:01","SZ","NB",6020989674,5209135565,11230125239,811854109
20191217,"10:29:01","SH","NB",3820970458,3004919795,6825890253,816050663
20191217,"10:29:01","SZ","NB",6080293366,5247722048,11328015414,832571318
20191217,"10:30:01","SH","NB",3894977830,3025332732,6920310562,869645098
20191217,"10:30:01","SZ","NB",6143064536,5284943828,11428008364,858120708
20191217,"10:31:01","SZ","NB",6209757242,5352353273,11562110515,857403969
20191217,"10:31:01","SH","NB",3942425051,3053726849,6996151900,888698202
20191217,"10:32:01","SH","NB",3992615800,3077450553,7070066353,915165247
20191217,"10:32:01","SZ","NB",6309039971,5404511502,11713551473,904528469
20191217,"10:33:01","SH","NB",4052964577,3102188092,7155152669,950776485
20191217,"10:33:01","SZ","NB",6394125853,5445986789,11840112642,948139064
20191217,"10:34:01","SH","NB",4091301335,3134934737,7226236072,956366598
20191217,"10:34:01","SZ","NB",6433120149,5504196829,11937316978,928923320
20191217,"10:35:01","SH","NB",4128313769,3171718287,7300032056,956595482
20191217,"10:35:01","SZ","NB",6467559085,5557441643,12025000728,910117442
20191217,"10:36:01","SH","NB",4176033981,3199509948,7375543929,976524033
20191217,"10:36:01","SZ","NB",6514088033,5587781387,12101869420,926306646
20191217,"10:37:01","SH","NB",4217246643,3220697924,7437944567,996548719
20191217,"10:37:01","SZ","NB",6566649225,5621915768,12188564993,944733457
20191217,"10:38:01","SH","NB",4280674033,3240131380,7520805413,1040542653
20191217,"10:38:01","SZ","NB",6616521467,5660449732,12276971199,956071735
20191217,"10:39:01","SZ","NB",6664526084,5696549322,12361075406,967976762
20191217,"10:39:01","SH","NB",4322517638,3261003778,7583521416,1061513860
20191217,"10:40:01","SH","NB",4351929730,3281463721,7633393451,1070466009
20191217,"10:40:01","SZ","NB",6705118949,5727352736,12432471685,977766213
20191217,"10:41:01","SH","NB",4385760738,3321785421,7707546159,1063975317
20191217,"10:41:01","SZ","NB",6755228355,5802850985,12558079340,952377370
20191217,"10:42:01","SH","NB",4413143543,3343736223,7756879766,1069407320
20191217,"10:42:01","SZ","NB",6795968815,5837790342,12633759157,958178473
20191217,"10:43:01","SH","NB",4461509951,3363329661,7824839612,1098180290
20191217,"10:43:01","SZ","NB",6873288353,5881429775,12754718128,991858578
20191217,"10:44:01","SH","NB",4542361935,3392443149,7934805084,1149918786
20191217,"10:44:01","SZ","NB",6933236145,5910870590,12844106735,1022365555
20191217,"10:45:01","SZ","NB",6973143250,5939763450,12912906700,1033379800
20191217,"10:45:01","SH","NB",4589095781,3411622815,8000718596,1177472966
20191217,"10:46:01","SH","NB",4660877717,3436900877,8097778594,1223976840
20191217,"10:46:01","SZ","NB",7033162421,5975028575,13008190996,1058133846
20191217,"10:47:01","SZ","NB",7082321018,6011893941,13094214959,1070427077
20191217,"10:47:01","SH","NB",4714708856,3482471644,8197180500,1232237212
20191217,"10:48:01","SH","NB",4752566483,3509276202,8261842685,1243290281
20191217,"10:48:01","SZ","NB",7119380562,6049521804,13168902366,1069858758
20191217,"10:49:01","SH","NB",4806335299,3534493175,8340828474,1271842124
20191217,"10:49:01","SZ","NB",7158451782,6077876686,13236328468,1080575096
20191217,"10:50:01","SH","NB",4844163764,3560877097,8405040861,1283286667
20191217,"10:50:01","SZ","NB",7186945679,6112135810,13299081489,1074809869
20191217,"10:51:01","SH","NB",4912143741,3591463528,8503607269,1320680213
20191217,"10:51:01","SZ","NB",7251950604,6159588248,13411538852,1092362356
20191217,"10:52:01","SH","NB",4958614091,3639372925,8597987016,1319241166
20191217,"10:52:01","SZ","NB",7295832961,6246120017,13541952978,1049712944
20191217,"10:53:01","SH","NB",4986348639,3668941477,8655290116,1317407162
20191217,"10:53:01","SZ","NB",7329543600,6283141041,13612684641,1046402559
20191217,"10:54:01","SH","NB",5027647204,3699191058,8726838262,1328456146
20191217,"10:54:01","SZ","NB",7365335059,6309736116,13675071175,1055598943
20191217,"10:55:01","SH","NB",5063292582,3720509592,8783802174,1342782990
20191217,"10:55:01","SZ","NB",7413609934,6346209919,13759819853,1067400015
20191217,"10:56:01","SZ","NB",7443770857,6377283670,13821054527,1066487187
20191217,"10:56:01","SH","NB",5089336798,3743439844,8832776642,1345896954
20191217,"10:57:01","SH","NB",5129977879,3765382191,8895360070,1364595688
20191217,"10:57:01","SZ","NB",7482744579,6401535279,13884279858,1081209300
20191217,"10:58:01","SH","NB",5159408658,3790346340,8949754998,1369062318
20191217,"10:58:01","SZ","NB",7523525638,6425956763,13949482401,1097568875
20191217,"10:59:01","SH","NB",5190024297,3812929693,9002953990,1377094604
20191217,"10:59:01","SZ","NB",7557697726,6447340480,14005038206,1110357246
20191217,"11:00:01","SH","NB",5209899268,3832441121,9042340389,1377458147
20191217,"11:00:01","SZ","NB",7591486973,6470085640,14061572613,1121401333
20191217,"11:01:01","SH","NB",5247918743,3900554171,9148472914,1347364572
20191217,"11:01:01","SZ","NB",7627359418,6553932569,14181291987,1073426849
20191217,"11:02:01","SH","NB",5291836854,3933753770,9225590624,1358083084
20191217,"11:02:01","SZ","NB",7677106767,6591180537,14268287304,1085926230
20191217,"11:03:01","SH","NB",5337436362,3955529440,9292965802,1381906922
20191217,"11:03:01","SZ","NB",7730271851,6617457670,14347729521,1112814181
20191217,"11:04:01","SZ","NB",7834078152,6644303613,14478381765,1189774539
20191217,"11:04:01","SH","NB",5430504541,3984753952,9415258493,1445750589
20191217,"11:05:01","SH","NB",5469974411,4004375327,9474349738,1465599084
20191217,"11:05:01","SZ","NB",7873514436,6676774942,14550289378,1196739494
20191217,"11:06:01","SH","NB",5520590180,4022644186,9543234366,1497945994
20191217,"11:06:01","SZ","NB",7916507050,6699948662,14616455712,1216558388
20191217,"11:07:01","SH","NB",5639666349,4045579542,9685245891,1594086807
20191217,"11:07:01","SZ","NB",7984056021,6720161561,14704217582,1263894460
20191217,"11:08:01","SH","NB",5735167518,4075588206,9810755724,1659579312
20191217,"11:08:01","SZ","NB",8044477695,6751210205,14795687900,1293267490
20191217,"11:09:01","SH","NB",5828068398,4126150874,9954219272,1701917524
20191217,"11:09:01","SZ","NB",8090571995,6800267477,14890839472,1290304518
20191217,"11:10:01","SH","NB",5870596192,4172297169,10042893361,1698299023
20191217,"11:10:01","SZ","NB",8126213163,6844539693,14970752856,1281673470
20191217,"11:11:01","SH","NB",5929753313,4203709473,10133462786,1726043840
20191217,"11:11:01","SZ","NB",8175100910,6880918744,15056019654,1294182166
20191217,"11:12:01","SZ","NB",8220172676,6918210279,15138382955,1301962397
20191217,"11:12:01","SH","NB",5988936220,4229049871,10217986091,1759886349
20191217,"11:13:01","SH","NB",6036595564,4261109331,10297704895,1775486233
20191217,"11:13:01","SZ","NB",8267123751,6962676873,15229800624,1304446878
20191217,"11:14:01","SH","NB",6077935071,4291035705,10368970776,1786899366
20191217,"11:14:01","SZ","NB",8305342438,7011310948,15316653386,1294031490
20191217,"11:15:01","SH","NB",6143118444,4321312578,10464431022,1821805866
20191217,"11:15:01","SZ","NB",8350422710,7034460786,15384883496,1315961924
20191217,"11:16:01","SH","NB",6205704118,4363694867,10569398985,1842009251
20191217,"11:16:01","SZ","NB",8395697150,7078405759,15474102909,1317291391
20191217,"11:17:01","SH","NB",6243350184,4418282512,10661632696,1825067672
20191217,"11:17:01","SZ","NB",8435675929,7118664994,15554340923,1317010935
20191217,"11:18:01","SH","NB",6283710777,4476694094,10760404871,1807016683
20191217,"11:18:01","SZ","NB",8470966047,7178354556,15649320603,1292611491
20191217,"11:19:01","SZ","NB",8499729331,7233500807,15733230138,1266228524
20191217,"11:19:01","SH","NB",6322233870,4523604590,10845838460,1798629280
20191217,"11:20:01","SH","NB",6370091574,4553127897,10923219471,1816963677
20191217,"11:20:01","SZ","NB",8529960106,7269028194,15798988300,1260931912
20191217,"11:21:01","SH","NB",6426668554,4584390330,11011058884,1842278224
20191217,"11:21:01","SZ","NB",8579933293,7300658998,15880592291,1279274295
20191217,"11:22:01","SH","NB",6473403929,4610654178,11084058107,1862749751
20191217,"11:22:01","SZ","NB",8617461457,7326895194,15944356651,1290566263
20191217,"11:23:01","SH","NB",6542903551,4636462354,11179365905,1906441197
20191217,"11:23:01","SZ","NB",8684821179,7352194222,16037015401,1332626957
20191217,"11:24:01","SZ","NB",8744317982,7382608265,16126926247,1361709717
20191217,"11:24:01","SH","NB",6616050403,4658151576,11274201979,1957898827
20191217,"11:25:01","SH","NB",6763891269,4678563046,11442454315,2085328223
20191217,"11:25:01","SZ","NB",8816886695,7417368543,16234255238,1399518152
20191217,"11:26:01","SH","NB",6841247023,4707952134,11549199157,2133294889
20191217,"11:26:01","SZ","NB",8898062898,7455615590,16353678488,1442447308
20191217,"11:27:01","SH","NB",6935891712,4734345272,11670236984,2201546440
20191217,"11:27:01","SZ","NB",8978686920,7493137606,16471824526,1485549314
20191217,"11:28:01","SH","NB",7055087534,4775804626,11830892160,2279282908
20191217,"11:28:01","SZ","NB",9051953971,7531656272,16583610243,1520297699
20191217,"11:29:01","SH","NB",7123184153,4820919405,11944103558,2302264748
20191217,"11:29:01","SZ","NB",9102987467,7588310157,16691297624,1514677310
20191217,"11:30:01","SZ","NB",9134940590,7630355088,16765295678,1504585502
20191217,"11:30:01","SH","NB",7186012025,4858432450,12044444475,2327579575
20191217,"11:31:01","SH","NB",7187778581,4859507843,12047286424,2328270738
20191217,"11:31:01","SZ","NB",9134975285,7630355088,16765330373,1504620197
20191217,"13:01:01","SH","NB",7406502538,5088397594,12494900132,2318104944
20191217,"13:01:01","SZ","NB",9286118550,7786125469,17072244019,1499993081
20191217,"13:02:01","SH","NB",7525224578,5182093292,12707317870,2343131286
20191217,"13:02:01","SZ","NB",9369446642,7869002175,17238448817,1500444467
20191217,"13:03:01","SH","NB",7602509155,5250829261,12853338416,2351679894
20191217,"13:03:01","SZ","NB",9432639648,7931783053,17364422701,1500856595
20191217,"13:04:01","SH","NB",7674205434,5341449872,13015655306,2332755562
20191217,"13:04:01","SZ","NB",9507563412,7990752441,17498315853,1516810971
20191217,"13:05:01","SH","NB",7836789419,5393543368,13230332787,2443246051
20191217,"13:05:01","SZ","NB",9629290957,8033608147,17662899104,1595682810
20191217,"13:06:01","SH","NB",7973283709,5481980022,13455263731,2491303687
20191217,"13:06:01","SZ","NB",9754594268,8099310722,17853904990,1655283546
20191217,"13:07:01","SH","NB",8031898949,5577650591,13609549540,2454248358
20191217,"13:07:01","SZ","NB",9818934564,8169142951,17988077515,1649791613
20191217,"13:08:01","SH","NB",8083346214,5623260311,13706606525,2460085903
20191217,"13:08:01","SZ","NB",9875949078,8223006918,18098955996,1652942160
20191217,"13:09:01","SZ","NB",9942246540,8273593436,18215839976,1668653104
20191217,"13:09:01","SH","NB",8137767491,5700785003,13838552494,2436982488
20191217,"13:10:01","SH","NB",8188347961,5739185946,13927533907,2449162015
20191217,"13:10:01","SZ","NB",9995047348,8305564345,18300611693,1689483003
20191217,"13:11:01","SH","NB",8305626162,5785904066,14091530228,2519722096
20191217,"13:11:01","SZ","NB",10116352850,8344960934,18461313784,1771391916
20191217,"13:12:01","SH","NB",8454623051,5830728713,14285351764,2623894338
20191217,"13:12:01","SZ","NB",10292096799,8393347127,18685443926,1898749672
20191217,"13:13:01","SH","NB",8655764578,5904723695,14560488273,2751040883
20191217,"13:13:01","SZ","NB",10506850101,8470105091,18976955192,2036745010
20191217,"13:14:01","SH","NB",8708537538,6027781307,14736318845,2680756231
20191217,"13:14:01","SZ","NB",10569857790,8590946635,19160804425,1978911155
20191217,"13:15:01","SH","NB",8754938501,6099791266,14854729767,2655147235
20191217,"13:15:01","SZ","NB",10610479393,8649446510,19259925903,1961032883
20191217,"13:16:01","SH","NB",8801864697,6142303408,14944168105,2659561289
20191217,"13:16:01","SZ","NB",10658481515,8693705131,19352186646,1964776384
20191217,"13:17:01","SZ","NB",10714879613,8731713794,19446593407,1983165819
20191217,"13:17:01","SH","NB",8848584567,6187419572,15036004139,2661164995
20191217,"13:18:01","SH","NB",8900452434,6221648908,15122101342,2678803526
20191217,"13:18:01","SZ","NB",10757770593,8769237622,19527008215,1988532971
20191217,"13:19:01","SH","NB",8942881501,6246712783,15189594284,2696168718
20191217,"13:19:01","SZ","NB",10812742847,8809071940,19621814787,2003670907
20191217,"13:20:01","SH","NB",8992394809,6278088115,15270482924,2714306694
20191217,"13:20:01","SZ","NB",10866283775,8839617281,19705901056,2026666494
20191217,"13:21:01","SH","NB",9055584028,6329185606,15384769634,2726398422
20191217,"13:21:01","SZ","NB",10925968565,8885091443,19811060008,2040877122
20191217,"13:22:01","SZ","NB",10980764141,8932673163,19913437304,2048090978
20191217,"13:22:01","SH","NB",9101286758,6368324843,15469611601,2732961915
20191217,"13:23:01","SH","NB",9159121237,6401800609,15560921846,2757320628
20191217,"13:23:01","SZ","NB",11040885410,8966975306,20007860716,2073910104
20191217,"13:24:01","SH","NB",9224538193,6424512952,15649051145,2800025241
20191217,"13:24:01","SZ","NB",11109693615,9000342637,20110036252,2109350978
20191217,"13:25:01","SH","NB",9288487588,6458586194,15747073782,2829901394
20191217,"13:25:01","SZ","NB",11213085367,9040091121,20253176488,2172994246
20191217,"13:26:01","SH","NB",9352250815,6498514565,15850765380,2853736250
20191217,"13:26:01","SZ","NB",11287034215,9103889662,20390923877,2183144553
20191217,"13:27:01","SH","NB",9397165024,6553987780,15951152804,2843177244
20191217,"13:27:01","SZ","NB",11329354770,9159003595,20488358365,2170351175
20191217,"13:28:01","SH","NB",9446877408,6607024198,16053901606,2839853210
20191217,"13:28:01","SZ","NB",11371318444,9212132407,20583450851,2159186037
20191217,"13:29:01","SZ","NB",11454172939,9260262448,20714435387,2193910491
20191217,"13:29:01","SH","NB",9517437936,6646714482,16164152418,2870723454
20191217,"13:30:01","SH","NB",9806136931,6677963731,16484100662,3128173200
20191217,"13:30:01","SZ","NB",11708789405,9319917516,21028706921,2388871889
20191217,"13:31:01","SH","NB",9923568272,6771878210,16695446482,3151690062
20191217,"13:31:01","SZ","NB",11800599427,9450022417,21250621844,2350577010
20191217,"13:32:01","SH","NB",9981411823,6832080879,16813492702,3149330944
20191217,"13:32:01","SZ","NB",11847938269,9516879086,21364817355,2331059183
20191217,"13:33:01","SZ","NB",11915012036,9565221180,21480233216,2349790856
20191217,"13:33:01","SH","NB",10073203354,6872166725,16945370079,3201036629
20191217,"13:34:01","SH","NB",10246670380,6912683828,17159354208,3333986552
20191217,"13:34:01","SZ","NB",12002070337,9619408880,21621479217,2382661457
20191217,"13:35:01","SH","NB",10361751613,6953156685,17314908298,3408594928
20191217,"13:35:01","SZ","NB",12079675562,9687740060,21767415622,2391935502
20191217,"13:36:01","SZ","NB",12135795278,9752362457,21888157735,2383432821
20191217,"13:36:01","SH","NB",10428564582,6995240329,17423804911,3433324253
20191217,"13:37:01","SH","NB",10502485653,7037251017,17539736670,3465234636
20191217,"13:37:01","SZ","NB",12197249838,9792250711,21989500549,2404999127
20191217,"13:38:01","SH","NB",10584504610,7079405351,17663909961,3505099259
20191217,"13:38:01","SZ","NB",12258087738,9844732761,22102820499,2413354977
20191217,"13:39:01","SH","NB",10646921349,7184317403,17831238752,3462603946
20191217,"13:39:01","SZ","NB",12308652368,9957396621,22266048989,2351255747
20191217,"13:40:01","SH","NB",10716183192,7230792647,17946975839,3485390545
20191217,"13:40:01","SZ","NB",12351452057,10016032920,22367484977,2335419137
20191217,"13:41:01","SH","NB",10776707931,7304564927,18081272858,3472143004
20191217,"13:41:01","SZ","NB",12409578952,10083236742,22492815694,2326342210
20191217,"13:42:01","SZ","NB",12457908183,10120129827,22578038010,2337778356
20191217,"13:42:01","SH","NB",10842622113,7354356229,18196978342,3488265884
20191217,"13:43:01","SH","NB",10921276320,7393591292,18314867612,3527685028
20191217,"13:43:01","SZ","NB",12524936372,10166247953,22691184325,2358688419
20191217,"13:44:01","SH","NB",10975268597,7429889001,18405157598,3545379596
20191217,"13:44:01","SZ","NB",12562140363,10205889090,22768029453,2356251273
20191217,"13:45:01","SH","NB",11028338768,7458447869,18486786637,3569890899
20191217,"13:45:01","SZ","NB",12615179611,10244582370,22859761981,2370597241
20191217,"13:46:01","SH","NB",11111035294,7485668582,18596703876,3625366712
20191217,"13:46:01","SZ","NB",12693623230,10282102711,22975725941,2411520519
20191217,"13:47:01","SH","NB",11160735561,7504984652,18665720213,3655750909
20191217,"13:47:01","SZ","NB",12745006478,10318189871,23063196349,2426816607
20191217,"13:48:01","SH","NB",11209951251,7523241132,18733192383,3686710119
20191217,"13:48:01","SZ","NB",12786492836,10353094812,23139587648,2433398024
20191217,"13:49:01","SZ","NB",12822495213,10394665926,23217161139,2427829287
20191217,"13:49:01","SH","NB",11260359766,7554941844,18815301610,3705417922
20191217,"13:50:01","SH","NB",11302521029,7591966578,18894487607,3710554451
20191217,"13:50:01","SZ","NB",12862108331,10440646408,23302754739,2421461923
20191217,"13:51:01","SH","NB",11362740891,7649775518,19012516409,3712965373
20191217,"13:51:01","SZ","NB",12903593394,10524917024,23428510418,2378676370
20191217,"13:52:01","SH","NB",11421499764,7710934279,19132434043,3710565485
20191217,"13:52:01","SZ","NB",12956215675,10579725659,23535941334,2376490016
20191217,"13:53:01","SH","NB",11518839843,7750113113,19268952956,3768726730
20191217,"13:53:01","SZ","NB",13040222377,10624943195,23665165572,2415279182
20191217,"13:54:01","SH","NB",11587594668,7768699254,19356293922,3818895414
20191217,"13:54:01","SZ","NB",13120225391,10662832109,23783057500,2457393282
20191217,"13:55:01","SZ","NB",13184230634,10701309822,23885540456,2482920812
20191217,"13:55:01","SH","NB",11668127707,7791931856,19460059563,3876195851
20191217,"13:56:01","SH","NB",11717037367,7816603127,19533640494,3900434240
20191217,"13:56:01","SZ","NB",13226341802,10748505458,23974847260,2477836344
20191217,"13:57:01","SH","NB",11766597071,7844155114,19610752185,3922441957
20191217,"13:57:01","SZ","NB",13264925819,10777696788,24042622607,2487229031
20191217,"13:58:01","SH","NB",11836531234,7865285592,19701816826,3971245642
20191217,"13:58:01","SZ","NB",13337107396,10804886425,24141993821,2532220971
20191217,"13:59:01","SH","NB",11894984500,7888227697,19783212197,4006756803
20191217,"13:59:01","SZ","NB",13390384330,10829525352,24219909682,2560858978
20191217,"14:00:01","SH","NB",11939468087,7910973384,19850441471,4028494703
20191217,"14:00:01","SZ","NB",13436213003,10858079218,24294292221,2578133785
20191217,"14:01:01","SH","NB",11997291272,7942063186,19939354458,4055228086
20191217,"14:01:01","SZ","NB",13487579506,10887699822,24375279328,2599879684
20191217,"14:02:01","SZ","NB",13536323911,10923797856,24460121767,2612526055
20191217,"14:02:01","SH","NB",12041047566,7972259421,20013306987,4068788145
20191217,"14:03:01","SH","NB",12083149891,8000974900,20084124791,4082174991
20191217,"14:03:01","SZ","NB",13584142655,10961420600,24545563255,2622722055
20191217,"14:04:01","SH","NB",12121294940,8041123017,20162417957,4080171923
20191217,"14:04:01","SZ","NB",13633935885,11007604275,24641540160,2626331610
20191217,"14:05:01","SH","NB",12158253964,8067597879,20225851843,4090656085
20191217,"14:05:01","SZ","NB",13689925634,11040794469,24730720103,2649131165
20191217,"14:06:01","SH","NB",12203927677,8096933997,20300861674,4106993680
20191217,"14:06:01","SZ","NB",13741378940,11068545239,24809924179,2672833701
20191217,"14:07:01","SH","NB",12243695626,8131193244,20374888870,4112502382
20191217,"14:07:01","SZ","NB",13787923869,11111008073,24898931942,2676915796
20191217,"14:08:01","SZ","NB",13826211658,11145980784,24972192442,2680230874
20191217,"14:08:01","SH","NB",12277828093,8164377749,20442205842,4113450344
20191217,"14:09:01","SH","NB",12316261295,8222806762,20539068057,4093454533
20191217,"14:09:01","SZ","NB",13866476104,11200448213,25066924317,2666027891
20191217,"14:10:01","SH","NB",12362412917,8359071324,20721484241,4003341593
20191217,"14:10:01","SZ","NB",13909517748,11266554930,25176072678,2642962818
20191217,"14:11:01","SH","NB",12417029941,8432083587,20849113528,3984946354
20191217,"14:11:01","SZ","NB",13965123288,11326144129,25291267417,2638979159
20191217,"14:12:01","SH","NB",12485921495,8467656440,20953577935,4018265055
20191217,"14:12:01","SZ","NB",14016135440,11352211902,25368347342,2663923538
20191217,"14:13:01","SZ","NB",14078778037,11382344750,25461122787,2696433287
20191217,"14:13:01","SH","NB",12546607571,8501518368,21048125939,4045089203
20191217,"14:14:01","SH","NB",12634959850,8536500025,21171459875,4098459825
20191217,"14:14:01","SZ","NB",14185132684,11413092436,25598225120,2772040248
20191217,"14:15:01","SH","NB",12688496111,8570010370,21258506481,4118485741
20191217,"14:15:01","SZ","NB",14258777564,11455058919,25713836483,2803718645
20191217,"14:16:01","SH","NB",12727355011,8624503098,21351858109,4102851913
20191217,"14:16:01","SZ","NB",14311395773,11487942434,25799338207,2823453339
20191217,"14:17:01","SH","NB",12768296257,8653729264,21422025521,4114566993
20191217,"14:17:01","SZ","NB",14367537274,11515624736,25883162010,2851912538
20191217,"14:18:01","SH","NB",12814292498,8680099459,21494391957,4134193039
20191217,"14:18:01","SZ","NB",14431964326,11550362196,25982326522,2881602130
20191217,"14:19:01","SH","NB",12851308473,8707247451,21558555924,4144061022
20191217,"14:19:01","SZ","NB",14473562193,11582688932,26056251125,2890873261
20191217,"14:20:01","SH","NB",12882689497,8734510835,21617200332,4148178662
20191217,"14:20:01","SZ","NB",14511740998,11612114988,26123855986,2899626010
20191217,"14:21:01","SH","NB",12932202911,8766691722,21698894633,4165511189
20191217,"14:21:01","SZ","NB",14559110058,11656356089,26215466147,2902753969
20191217,"14:22:01","SZ","NB",14668292692,11693842958,26362135650,2974449734
20191217,"14:22:01","SH","NB",13020239198,8797658602,21817897800,4222580596
20191217,"14:23:01","SH","NB",13098890038,8829917750,21928807788,4268972288
20191217,"14:23:01","SZ","NB",14808539312,11738467040,26547006352,3070072272
20191217,"14:24:01","SH","NB",13149662467,8860321681,22009984148,4289340786
20191217,"14:24:01","SZ","NB",14868500148,11783861718,26652361866,3084638430
20191217,"14:25:01","SH","NB",13215681106,8892480909,22108162015,4323200197
20191217,"14:25:01","SZ","NB",14938196304,11840638700,26778835004,3097557604
20191217,"14:26:01","SH","NB",13263769118,8934222030,22197991148,4329547088
20191217,"14:26:01","SZ","NB",15000990526,11885971644,26886962170,3115018882
20191217,"14:27:01","SH","NB",13308945519,8962095468,22271040987,4346850051
20191217,"14:27:01","SZ","NB",15054770886,11930852287,26985623173,3123918599
20191217,"14:28:01","SH","NB",13355898327,8990731034,22346629361,4365167293
20191217,"14:28:01","SZ","NB",15110446983,11973173728,27083620711,3137273255
20191217,"14:29:01","SH","NB",13401551117,9028785215,22430336332,4372765902
20191217,"14:29:01","SZ","NB",15161394571,12014049695,27175444266,3147344876
20191217,"14:30:01","SZ","NB",15217718210,12051139953,27268858163,3166578257
20191217,"14:30:01","SH","NB",13440773041,9055092085,22495865126,4385680956
20191217,"14:31:01","SH","NB",13497490754,9098129927,22595620681,4399360827
20191217,"14:31:01","SZ","NB",15295343923,12121058814,27416402737,3174285109
20191217,"14:32:01","SH","NB",13546244801,9145018455,22691263256,4401226346
20191217,"14:32:01","SZ","NB",15345946903,12187727631,27533674534,3158219272
20191217,"14:33:01","SH","NB",13599368962,9177659085,22777028047,4421709877
20191217,"14:33:01","SZ","NB",15412584710,12228577927,27641162637,3184006783
20191217,"14:34:01","SH","NB",13645808329,9210795272,22856603601,4435013057
20191217,"14:34:01","SZ","NB",15464449967,12272688409,27737138376,3191761558
20191217,"14:35:01","SH","NB",13688378069,9238452928,22926830997,4449925141
20191217,"14:35:01","SZ","NB",15519015989,12309250858,27828266847,3209765131
20191217,"14:36:01","SH","NB",13735889957,9264777687,23000667644,4471112270
20191217,"14:36:01","SZ","NB",15576840955,12351166644,27928007599,3225674311
20191217,"14:37:01","SZ","NB",15666601836,12391429090,28058030926,3275172746
20191217,"14:37:01","SH","NB",13822995624,9306394497,23129390121,4516601127
20191217,"14:38:01","SH","NB",13887744676,9375387229,23263131905,4512357447
20191217,"14:38:01","SZ","NB",15742291338,12456184637,28198475975,3286106701
20191217,"14:39:01","SH","NB",13927878782,9417648552,23345527334,4510230230
20191217,"14:39:01","SZ","NB",15798542770,12505280203,28303822973,3293262567
20191217,"14:40:01","SH","NB",13978185281,9452777645,23430962926,4525407636
20191217,"14:40:01","SZ","NB",15864342708,12549148011,28413490719,3315194697
20191217,"14:41:01","SH","NB",14032459978,9500655291,23533115269,4531804687
20191217,"14:41:01","SZ","NB",15937088186,12609927099,28547015285,3327161087
20191217,"14:42:01","SH","NB",14075069675,9569747041,23644816716,4505322634
20191217,"14:42:01","SZ","NB",15987064615,12669203909,28656268524,3317860706
20191217,"14:43:01","SH","NB",14133515836,9620941034,23754456870,4512574802
20191217,"14:43:01","SZ","NB",16066458442,12715310744,28781769186,3351147698
20191217,"14:44:01","SH","NB",14220418947,9660852800,23881271747,4559566147
20191217,"14:44:01","SZ","NB",16164795203,12753040372,28917835575,3411754831
20191217,"14:45:01","SZ","NB",16255979977,12792315196,29048295173,3463664781
20191217,"14:45:01","SH","NB",14287482019,9694020722,23981502741,4593461297
20191217,"14:46:01","SH","NB",14339715254,9753619726,24093334980,4586095528
20191217,"14:46:01","SZ","NB",16326872125,12841399443,29168271568,3485472682
20191217,"14:47:01","SH","NB",14388668740,9803017115,24191685855,4585651625
20191217,"14:47:01","SZ","NB",16394885086,12880485042,29275370128,3514400044
20191217,"14:48:01","SH","NB",14447200712,9843291648,24290492360,4603909064
20191217,"14:48:01","SZ","NB",16456517746,12926448020,29382965766,3530069726
20191217,"14:49:01","SH","NB",14501914476,9881443466,24383357942,4620471010
20191217,"14:49:01","SZ","NB",16523736127,12969382403,29493118530,3554353724
20191217,"14:50:01","SH","NB",14568493631,9916977514,24485471145,4651516117
20191217,"14:50:01","SZ","NB",16595052407,13010072795,29605125202,3584979612
20191217,"14:51:01","SZ","NB",16687861093,13085516628,29773377721,3602344465
20191217,"14:51:01","SH","NB",14664301413,9982720810,24647022223,4681580603
20191217,"14:52:01","SH","NB",14751017104,10064811756,24815828860,4686205348
20191217,"14:52:01","SZ","NB",16771733541,13155295632,29927029173,3616437909
20191217,"14:53:01","SH","NB",14841960926,10148111876,24990072802,4693849050
20191217,"14:53:01","SZ","NB",16868316058,13228627593,30096943651,3639688465
20191217,"14:54:01","SH","NB",14940183761,10220914157,25161097918,4719269604
20191217,"14:54:01","SZ","NB",16988435246,13310462548,30298897794,3677972698
20191217,"14:55:01","SH","NB",15059747934,10291525922,25351273856,4768222012
20191217,"14:55:01","SZ","NB",17109081182,13384137075,30493218257,3724944107
20191217,"14:56:01","SH","NB",15171527202,10355875242,25527402444,4815651960
20191217,"14:56:01","SZ","NB",17235827118,13455885313,30691712431,3779941805
20191217,"14:57:01","SH","NB",15283573384,10402451002,25686024386,4881122382
20191217,"14:57:01","SZ","NB",17336825512,13520555564,30857381076,3816269948
20191217,"14:58:01","SH","NB",15284220591,10402518333,25686738924,4881702258
20191217,"14:58:01","SZ","NB",17336972403,13521643467,30858615870,3815328936
20191217,"15:01:01","SH","NB",15623120425,10632852997,26255973422,4990267428
20191217,"15:01:01","SZ","NB",17629911739,13813654296,31443566035,3816257443
