dataDate,dataTime,connectMarket,tradeDirection,buyTurnover,sellTurnover,totalTurnover,netTurnover
20190725,"09:30:59","SH","NB",150538013,129200331,279738344,21337682
20190725,"09:30:59","SZ","NB",105092978,122071858,227164836,-16978880
20190725,"09:31:59","SH","NB",293499490,198593521,492093011,94905969
20190725,"09:31:59","SZ","NB",239180721,198897847,438078568,40282874
20190725,"09:32:59","SH","NB",384412416,298866462,683278878,85545954
20190725,"09:32:59","SZ","NB",350916119,326845104,677761223,24071015
20190725,"09:33:59","SH","NB",480360551,340937623,821298174,139422928
20190725,"09:33:59","SZ","NB",470639264,395406098,866045362,75233166
20190725,"09:34:59","SH","NB",570252844,421842766,992095610,148410078
20190725,"09:34:59","SZ","NB",609742148,533235222,1142977370,76506926
20190725,"09:35:59","SZ","NB",740867532,648009242,1388876774,92858290
20190725,"09:35:59","SH","NB",663688797,499838187,1163526984,163850610
20190725,"09:36:59","SH","NB",743815056,534743616,1278558672,209071440
20190725,"09:36:59","SZ","NB",850088635,705178851,1555267486,144909784
20190725,"09:37:59","SH","NB",798167825,600172487,1398340312,197995338
20190725,"09:37:59","SZ","NB",922711662,788511743,1711223405,134199919
20190725,"09:38:59","SH","NB",882525669,644777607,1527303276,237748062
20190725,"09:38:59","SZ","NB",1030211606,838985792,1869197398,191225814
20190725,"09:39:59","SH","NB",937453826,688194132,1625647958,249259694
20190725,"09:39:59","SZ","NB",1083197708,902404886,1985602594,180792822
20190725,"09:40:59","SH","NB",1002184974,757592910,1759777884,244592064
20190725,"09:40:59","SZ","NB",1142348459,1002099096,2144447555,140249363
20190725,"09:41:59","SZ","NB",1218011620,1054497680,2272509300,163513940
20190725,"09:41:59","SH","NB",1071578155,790179033,1861757188,281399122
20190725,"09:42:59","SH","NB",1153037244,827186120,1980223364,325851124
20190725,"09:42:59","SZ","NB",1276864202,1142973590,2419837792,133890612
20190725,"09:43:59","SH","NB",1213616330,885414514,2099030844,328201816
20190725,"09:43:59","SZ","NB",1317787024,1236296058,2554083082,81490966
20190725,"09:44:59","SH","NB",1256969327,952413312,2209382639,304556015
20190725,"09:44:59","SZ","NB",1348628321,1354188257,2702816578,-5559936
20190725,"09:45:59","SZ","NB",1418891622,1475826604,2894718226,-56934982
20190725,"09:45:59","SH","NB",1330743777,1013666453,2344410230,317077324
20190725,"09:46:59","SH","NB",1449895649,1042189876,2492085525,407705773
20190725,"09:46:59","SZ","NB",1547797536,1538442168,3086239704,9355368
20190725,"09:47:59","SH","NB",1487182379,1075421351,2562603730,411761028
20190725,"09:47:59","SZ","NB",1590003510,1605330871,3195334381,-15327361
20190725,"09:48:59","SH","NB",1517670819,1104408776,2622079595,413262043
20190725,"09:48:59","SZ","NB",1638822100,1661063157,3299885257,-22241057
20190725,"09:49:59","SH","NB",1549369644,1131371249,2680740893,417998395
20190725,"09:49:59","SZ","NB",1681130964,1705947926,3387078890,-24816962
20190725,"09:50:59","SH","NB",1597953901,1158316486,2756270387,439637415
20190725,"09:50:59","SZ","NB",1781589695,1744449163,3526038858,37140532
20190725,"09:51:59","SH","NB",1660077491,1191781025,2851858516,468296466
20190725,"09:51:59","SZ","NB",1871625525,1794939033,3666564558,76686492
20190725,"09:52:59","SZ","NB",1922774890,1848377915,3771152805,74396975
20190725,"09:52:59","SH","NB",1732612248,1219744479,2952356727,512867769
20190725,"09:53:59","SH","NB",1768163513,1254738581,3022902094,513424932
20190725,"09:53:59","SZ","NB",1963815400,1911925109,3875740509,51890291
20190725,"09:54:59","SH","NB",1794774692,1282157076,3076931768,512617616
20190725,"09:54:59","SZ","NB",1997950628,1947431607,3945382235,50519021
20190725,"09:55:59","SH","NB",1827669553,1339610703,3167280256,488058850
20190725,"09:55:59","SZ","NB",2056252083,2037221714,4093473797,19030369
20190725,"09:56:59","SH","NB",1874399083,1370701651,3245100734,503697432
20190725,"09:56:59","SZ","NB",2098636502,2078509815,4177146317,20126687
20190725,"09:57:59","SZ","NB",2151550742,2119267071,4270817813,32283671
20190725,"09:57:59","SH","NB",1911734730,1398561356,3310296086,513173374
20190725,"09:58:59","SH","NB",1946294158,1431123220,3377417378,515170938
20190725,"09:58:59","SZ","NB",2189813440,2171057103,4360870543,18756337
20190725,"09:59:59","SH","NB",1980376595,1466574692,3446951287,513801903
20190725,"09:59:59","SZ","NB",2243716761,2240942468,4484659229,2774293
20190725,"10:00:59","SH","NB",2033274854,1521492616,3554767470,511782238
20190725,"10:00:59","SZ","NB",2285659377,2312599603,4598258980,-26940226
20190725,"10:01:59","SZ","NB",2361958124,2358300252,4720258376,3657872
20190725,"10:01:59","SH","NB",2101667011,1560540351,3662207362,541126660
20190725,"10:02:59","SH","NB",2176222160,1592398628,3768620788,583823532
20190725,"10:02:59","SZ","NB",2417151459,2391977522,4809128981,25173937
20190725,"10:03:59","SH","NB",2224098721,1614800449,3838899170,609298272
20190725,"10:03:59","SZ","NB",2458489514,2428990875,4887480389,29498639
20190725,"10:04:59","SH","NB",2257667663,1642517324,3900184987,615150339
20190725,"10:04:59","SZ","NB",2506166695,2471902161,4978068856,34264534
20190725,"10:05:59","SH","NB",2303255651,1667623148,3970878799,635632503
20190725,"10:05:59","SZ","NB",2561549904,2511929637,5073479541,49620267
20190725,"10:06:59","SH","NB",2340930476,1691670209,4032600685,649260267
20190725,"10:06:59","SZ","NB",2598227625,2546226093,5144453718,52001532
20190725,"10:07:59","SH","NB",2394317045,1724586399,4118903444,669730646
20190725,"10:07:59","SZ","NB",2668056238,2579314131,5247370369,88742107
20190725,"10:08:59","SH","NB",2437359529,1753141827,4190501356,684217702
20190725,"10:08:59","SZ","NB",2744387671,2618857227,5363244898,125530444
20190725,"10:09:59","SZ","NB",2781125921,2665079416,5446205337,116046505
20190725,"10:09:59","SH","NB",2466263773,1777195520,4243459293,689068253
20190725,"10:10:59","SH","NB",2518104980,1802318542,4320423522,715786438
20190725,"10:10:59","SZ","NB",2830907991,2703022157,5533930148,127885834
20190725,"10:11:59","SH","NB",2547904297,1828898873,4376803170,719005424
20190725,"10:11:59","SZ","NB",2868036013,2743764241,5611800254,124271772
20190725,"10:12:59","SH","NB",2578347275,1854178446,4432525721,724168829
20190725,"10:12:59","SZ","NB",2917388972,2782048141,5699437113,135340831
20190725,"10:13:59","SH","NB",2605426305,1884326316,4489752621,721099989
20190725,"10:13:59","SZ","NB",2955328604,2829421377,5784749981,125907227
20190725,"10:14:59","SH","NB",2629740067,1905893523,4535633590,723846544
20190725,"10:14:59","SZ","NB",2996893437,2868699677,5865593114,128193760
20190725,"10:15:59","SH","NB",2671884763,1927052401,4598937164,744832362
20190725,"10:15:59","SZ","NB",3041009265,2908443483,5949452748,132565782
20190725,"10:16:59","SZ","NB",3097452270,2945232566,6042684836,152219704
20190725,"10:16:59","SH","NB",2706766803,1951584920,4658351723,755181883
20190725,"10:17:59","SH","NB",2731173172,1974525476,4705698648,756647696
20190725,"10:17:59","SZ","NB",3127679922,2976748707,6104428629,150931215
20190725,"10:18:59","SH","NB",2761975136,1992999869,4754975005,768975267
20190725,"10:18:59","SZ","NB",3156678092,3009890929,6166569021,146787163
20190725,"10:19:59","SH","NB",2786071139,2007095355,4793166494,778975784
20190725,"10:19:59","SZ","NB",3181038220,3033707832,6214746052,147330388
20190725,"10:20:59","SH","NB",2818646403,2063421572,4882067975,755224831
20190725,"10:20:59","SZ","NB",3218263249,3151449548,6369712797,66813701
20190725,"10:21:59","SZ","NB",3262794444,3191617106,6454411550,71177338
20190725,"10:21:59","SH","NB",2870117912,2083316192,4953434104,786801720
20190725,"10:22:59","SH","NB",2924304237,2101102852,5025407089,823201385
20190725,"10:22:59","SZ","NB",3311584545,3219437169,6531021714,92147376
20190725,"10:23:59","SH","NB",2968911296,2122058030,5090969326,846853266
20190725,"10:23:59","SZ","NB",3358171004,3249774405,6607945409,108396599
20190725,"10:24:59","SH","NB",3029637129,2149742506,5179379635,879894623
20190725,"10:24:59","SZ","NB",3401289210,3280522568,6681811778,120766642
20190725,"10:25:59","SH","NB",3089850789,2167388021,5257238810,922462768
20190725,"10:25:59","SZ","NB",3462374665,3317999215,6780373880,144375450
20190725,"10:26:59","SH","NB",3114275593,2186447290,5300722883,927828303
20190725,"10:26:59","SZ","NB",3506705401,3347233015,6853938416,159472386
20190725,"10:27:59","SH","NB",3145663808,2211043838,5356707646,934619970
20190725,"10:27:59","SZ","NB",3540185690,3380516157,6920701847,159669533
20190725,"10:28:59","SH","NB",3173465728,2228619292,5402085020,944846436
20190725,"10:28:59","SZ","NB",3575142711,3407245735,6982388446,167896976
20190725,"10:29:59","SH","NB",3215759879,2255099346,5470859225,960660533
20190725,"10:29:59","SZ","NB",3608720608,3430531140,7039251748,178189468
20190725,"10:30:59","SH","NB",3296101156,2274038323,5570139479,1022062833
20190725,"10:30:59","SZ","NB",3678128857,3453661371,7131790228,224467486
20190725,"10:31:59","SZ","NB",3724144328,3485177589,7209321917,238966739
20190725,"10:31:59","SH","NB",3385267603,2299307820,5684575423,1085959783
20190725,"10:32:59","SH","NB",3420815547,2325893353,5746708900,1094922194
20190725,"10:32:59","SZ","NB",3755229067,3555061762,7310290829,200167305
20190725,"10:33:59","SH","NB",3446751312,2346333376,5793084688,1100417936
20190725,"10:33:59","SZ","NB",3777530146,3581353346,7358883492,196176800
20190725,"10:34:59","SH","NB",3468958946,2360330107,5829289053,1108628839
20190725,"10:34:59","SZ","NB",3815265262,3608432486,7423697748,206832776
20190725,"10:35:59","SH","NB",3515213432,2383834258,5899047690,1131379174
20190725,"10:35:59","SZ","NB",3867657245,3649794532,7517451777,217862713
20190725,"10:36:59","SH","NB",3544986527,2431817658,5976804185,1113168869
20190725,"10:36:59","SZ","NB",3901605643,3700922435,7602528078,200683208
20190725,"10:37:59","SZ","NB",3935428094,3723540951,7658969045,211887143
20190725,"10:37:59","SH","NB",3574500877,2446793104,6021293981,1127707773
20190725,"10:38:59","SH","NB",3594490746,2472374694,6066865440,1122116052
20190725,"10:38:59","SZ","NB",3963722037,3762386741,7726108778,201335296
20190725,"10:39:59","SH","NB",3612968167,2487488533,6100456700,1125479634
20190725,"10:39:59","SZ","NB",3986780249,3784276311,7771056560,202503938
20190725,"10:40:59","SH","NB",3645905537,2506399455,6152304992,1139506082
20190725,"10:40:59","SZ","NB",4024545481,3802910078,7827455559,221635403
20190725,"10:41:59","SH","NB",3684797517,2528273803,6213071320,1156523714
20190725,"10:41:59","SZ","NB",4059611747,3830872509,7890484256,228739238
20190725,"10:42:59","SH","NB",3726706368,2545112899,6271819267,1181593469
20190725,"10:42:59","SZ","NB",4089541187,3863627382,7953168569,225913805
20190725,"10:43:59","SH","NB",3767379715,2564272054,6331651769,1203107661
20190725,"10:43:59","SZ","NB",4185733028,3886922109,8072655137,298810919
20190725,"10:44:59","SH","NB",3804300691,2577802884,6382103575,1226497807
20190725,"10:44:59","SZ","NB",4234727756,3916675114,8151402870,318052642
20190725,"10:45:59","SH","NB",3841404873,2596105796,6437510669,1245299077
20190725,"10:45:59","SZ","NB",4302136706,3938781988,8240918694,363354718
20190725,"10:46:59","SZ","NB",4329048439,3980104391,8309152830,348944048
20190725,"10:46:59","SH","NB",3865810687,2613504109,6479314796,1252306578
20190725,"10:47:59","SH","NB",3882670404,2627550306,6510220710,1255120098
20190725,"10:47:59","SZ","NB",4351683351,4010942314,8362625665,340741037
20190725,"10:48:59","SH","NB",3902833181,2657506480,6560339661,1245326701
20190725,"10:48:59","SZ","NB",4371707048,4054628289,8426335337,317078759
20190725,"10:49:59","SZ","NB",4387724122,4074162783,8461886905,313561339
20190725,"10:49:59","SH","NB",3923350828,2672156710,6595507538,1251194118
20190725,"10:50:59","SH","NB",3949271888,2687793648,6637065536,1261478240
20190725,"10:50:59","SZ","NB",4414282285,4104363967,8518646252,309918318
20190725,"10:51:59","SH","NB",3973923132,2701723503,6675646635,1272199629
20190725,"10:51:59","SZ","NB",4432363509,4121582461,8553945970,310781048
20190725,"10:52:59","SH","NB",4003621695,2722192304,6725813999,1281429391
20190725,"10:52:59","SZ","NB",4458002600,4147299722,8605302322,310702878
20190725,"10:53:59","SH","NB",4020422580,2740578194,6761000774,1279844386
20190725,"10:53:59","SZ","NB",4475597236,4175330421,8650927657,300266815
20190725,"10:54:59","SH","NB",4035034370,2756553084,6791587454,1278481286
20190725,"10:54:59","SZ","NB",4495082293,4195365370,8690447663,299716923
20190725,"10:55:59","SH","NB",4055053884,2780758747,6835812631,1274295137
20190725,"10:55:59","SZ","NB",4516164829,4228521414,8744686243,287643415
20190725,"10:56:59","SH","NB",4072416788,2807219208,6879635996,1265197580
20190725,"10:56:59","SZ","NB",4540593984,4257340040,8797934024,283253944
20190725,"10:57:59","SH","NB",4091203917,2824072589,6915276506,1267131328
20190725,"10:57:59","SZ","NB",4558208232,4289736885,8847945117,268471347
20190725,"10:58:59","SZ","NB",4582193804,4306760089,8888953893,275433715
20190725,"10:58:59","SH","NB",4113833323,2834396454,6948229777,1279436869
20190725,"10:59:59","SH","NB",4141778874,2843935119,6985713993,1297843755
20190725,"10:59:59","SZ","NB",4599114811,4326154386,8925269197,272960425
20190725,"11:00:59","SH","NB",4200180598,2858334711,7058515309,1341845887
20190725,"11:00:59","SZ","NB",4681570902,4342055496,9023626398,339515406
20190725,"11:01:59","SZ","NB",4727247838,4367860678,9095108516,359387160
20190725,"11:01:59","SH","NB",4235083267,2874309135,7109392402,1360774132
20190725,"11:02:59","SH","NB",4258368234,2888674444,7147042678,1369693790
20190725,"11:02:59","SZ","NB",4748670883,4390122198,9138793081,358548685
20190725,"11:03:59","SH","NB",4275718695,2905356737,7181075432,1370361958
20190725,"11:03:59","SZ","NB",4767109443,4408687032,9175796475,358422411
20190725,"11:04:59","SH","NB",4298914846,2918860930,7217775776,1380053916
20190725,"11:04:59","SZ","NB",4790023839,4423716252,9213740091,366307587
20190725,"11:05:59","SH","NB",4323512264,2932628494,7256140758,1390883770
20190725,"11:05:59","SZ","NB",4812010870,4450768003,9262778873,361242867
20190725,"11:06:59","SH","NB",4347894448,2946217435,7294111883,1401677013
20190725,"11:06:59","SZ","NB",4834719513,4474269275,9308988788,360450238
20190725,"11:07:59","SH","NB",4375484638,2967782915,7343267553,1407701723
20190725,"11:07:59","SZ","NB",4852830789,4505302512,9358133301,347528277
20190725,"11:08:59","SH","NB",4396146413,2986623841,7382770254,1409522572
20190725,"11:08:59","SZ","NB",4870014945,4528577674,9398592619,341437271
20190725,"11:09:59","SH","NB",4412209783,3001846712,7414056495,1410363071
20190725,"11:09:59","SZ","NB",4885390847,4545958433,9431349280,339432414
20190725,"11:10:59","SH","NB",4444017016,3017480787,7461497803,1426536229
20190725,"11:10:59","SZ","NB",4920690221,4568313181,9489003402,352377040
20190725,"11:11:59","SZ","NB",4969345954,4598376676,9567722630,370969278
20190725,"11:11:59","SH","NB",4479940809,3032442681,7512383490,1447498128
20190725,"11:12:59","SH","NB",4502820673,3046406501,7549227174,1456414172
20190725,"11:12:59","SZ","NB",5010198972,4619089451,9629288423,391109521
20190725,"11:13:59","SH","NB",4529179350,3059644706,7588824056,1469534644
20190725,"11:13:59","SZ","NB",5040799140,4638258630,9679057770,402540510
20190725,"11:14:59","SH","NB",4571061907,3076203678,7647265585,1494858229
20190725,"11:14:59","SZ","NB",5091323028,4659480417,9750803445,431842611
20190725,"11:15:59","SH","NB",4674523845,3095097619,7769621464,1579426226
20190725,"11:15:59","SZ","NB",5171068114,4681610146,9852678260,489457968
20190725,"11:16:59","SH","NB",4740014451,3119299545,7859313996,1620714906
20190725,"11:16:59","SZ","NB",5224359190,4717748851,9942108041,506610339
20190725,"11:17:59","SH","NB",4767164563,3140306168,7907470731,1626858395
20190725,"11:17:59","SZ","NB",5248366380,4750806307,9999172687,497560073
20190725,"11:18:59","SH","NB",4782939647,3160165016,7943104663,1622774631
20190725,"11:18:59","SZ","NB",5268797653,4781078307,10049875960,487719346
20190725,"11:19:59","SH","NB",4794707002,3179036165,7973743167,1615670837
20190725,"11:19:59","SZ","NB",5284903765,4805438967,10090342732,479464798
20190725,"11:20:59","SH","NB",4812893177,3224447903,8037341080,1588445274
20190725,"11:20:59","SZ","NB",5310861232,4843340047,10154201279,467521185
20190725,"11:21:59","SZ","NB",5338187722,4863161758,10201349480,475025964
20190725,"11:21:59","SH","NB",4833865992,3243001415,8076867407,1590864577
20190725,"11:22:59","SH","NB",4845646356,3258621783,8104268139,1587024573
20190725,"11:22:59","SZ","NB",5359805230,4889218939,10249024169,470586291
20190725,"11:23:59","SH","NB",4859594811,3269873592,8129468403,1589721219
20190725,"11:23:59","SZ","NB",5380771909,4907844940,10288616849,472926969
20190725,"11:24:59","SZ","NB",5419268708,4945707863,10364976571,473560845
20190725,"11:24:59","SH","NB",4877892672,3295157182,8173049854,1582735490
20190725,"11:25:59","SH","NB",4894796047,3317266513,8212062560,1577529534
20190725,"11:25:59","SZ","NB",5440966053,4982676881,10423642934,458289172
20190725,"11:26:59","SZ","NB",5458730334,4996055322,10454785656,462675012
20190725,"11:26:59","SH","NB",4907391302,3328784082,8236175384,1578607220
20190725,"11:27:59","SH","NB",4922151058,3337852080,8260003138,1584298978
20190725,"11:27:59","SZ","NB",5475056392,5011364407,10486420799,463691985
20190725,"11:28:59","SH","NB",4938750370,3347998369,8286748739,1590752001
20190725,"11:28:59","SZ","NB",5490931554,5029394186,10520325740,461537368
20190725,"11:29:59","SH","NB",4950653077,3356100161,8306753238,1594552916
20190725,"11:29:59","SZ","NB",5502656798,5043030752,10545687550,459626046
20190725,"11:30:59","SH","NB",4950678053,3356107873,8306785926,1594570180
20190725,"11:30:59","SZ","NB",5502660335,5043030752,10545691087,459629583
20190725,"13:00:59","SH","NB",4995296194,3402378874,8397675068,1592917320
20190725,"13:00:59","SZ","NB",5555339708,5104744036,10660083744,450595672
20190725,"13:01:59","SH","NB",5023486583,3415143858,8438630441,1608342725
20190725,"13:01:59","SZ","NB",5576893081,5125229100,10702122181,451663981
20190725,"13:02:59","SH","NB",5044244087,3432569408,8476813495,1611674679
20190725,"13:02:59","SZ","NB",5606143542,5152951856,10759095398,453191686
20190725,"13:03:59","SH","NB",5066689494,3452530184,8519219678,1614159310
20190725,"13:03:59","SZ","NB",5629606569,5173163094,10802769663,456443475
20190725,"13:04:59","SZ","NB",5655793876,5189372831,10845166707,466421045
20190725,"13:04:59","SH","NB",5078944629,3463988587,8542933216,1614956042
20190725,"13:05:59","SH","NB",5096524579,3479444675,8575969254,1617079904
20190725,"13:05:59","SZ","NB",5677278256,5213250077,10890528333,464028179
20190725,"13:06:59","SH","NB",5107950779,3495547311,8603498090,1612403468
20190725,"13:06:59","SZ","NB",5706336059,5229904517,10936240576,476431542
20190725,"13:07:59","SZ","NB",5722093228,5255545915,10977639143,466547313
20190725,"13:07:59","SH","NB",5118601041,3510333728,8628934769,1608267313
20190725,"13:08:59","SH","NB",5137558916,3525243152,8662802068,1612315764
20190725,"13:08:59","SZ","NB",5747544473,5271910952,11019455425,475633521
20190725,"13:09:59","SH","NB",5150311000,3535702370,8686013370,1614608630
20190725,"13:09:59","SZ","NB",5768039967,5287449567,11055489534,480590400
20190725,"13:10:59","SH","NB",5173642202,3547976653,8721618855,1625665549
20190725,"13:10:59","SZ","NB",5788851345,5309106553,11097957898,479744792
20190725,"13:11:59","SH","NB",5187429388,3561797587,8749226975,1625631801
20190725,"13:11:59","SZ","NB",5813997227,5323798260,11137795487,490198967
20190725,"13:12:59","SH","NB",5204169721,3573648234,8777817955,1630521487
20190725,"13:12:59","SZ","NB",5834184963,5340256117,11174441080,493928846
20190725,"13:13:59","SH","NB",5220149393,3585366503,8805515896,1634782890
20190725,"13:13:59","SZ","NB",5851354651,5355467779,11206822430,495886872
20190725,"13:14:59","SH","NB",5235932683,3603613726,8839546409,1632318957
20190725,"13:14:59","SZ","NB",5871727933,5377527574,11249255507,494200359
20190725,"13:15:59","SH","NB",5258214452,3624192485,8882406937,1634021967
20190725,"13:15:59","SZ","NB",5895726264,5400780498,11296506762,494945766
20190725,"13:16:59","SZ","NB",5909459232,5415434406,11324893638,494024826
20190725,"13:16:59","SH","NB",5272808025,3636869550,8909677575,1635938475
20190725,"13:17:59","SH","NB",5285771923,3648305259,8934077182,1637466664
20190725,"13:17:59","SZ","NB",5925428980,5434499722,11359928702,490929258
20190725,"13:18:59","SH","NB",5298009365,3659138511,8957147876,1638870854
20190725,"13:18:59","SZ","NB",5943707620,5450958191,11394665811,492749429
20190725,"13:19:59","SH","NB",5315744760,3679865264,8995610024,1635879496
20190725,"13:19:59","SZ","NB",5960534823,5472420407,11432955230,488114416
20190725,"13:20:59","SH","NB",5330824402,3704330453,9035154855,1626493949
20190725,"13:20:59","SZ","NB",5982909209,5507619143,11490528352,475290066
20190725,"13:21:59","SZ","NB",6004342032,5531928586,11536270618,472413446
20190725,"13:21:59","SH","NB",5344072091,3727132073,9071204164,1616940018
20190725,"13:22:59","SH","NB",5359450008,3752473532,9111923540,1606976476
20190725,"13:22:59","SZ","NB",6027343798,5570341722,11597685520,457002076
20190725,"13:23:59","SH","NB",5376824367,3780260675,9157085042,1596563692
20190725,"13:23:59","SZ","NB",6056381013,5607319412,11663700425,449061601
20190725,"13:24:59","SH","NB",5396159641,3803638851,9199798492,1592520790
20190725,"13:24:59","SZ","NB",6072649941,5627660281,11700310222,444989660
20190725,"13:25:59","SH","NB",5418931124,3824214290,9243145414,1594716834
20190725,"13:25:59","SZ","NB",6096862306,5650922998,11747785304,445939308
20190725,"13:26:59","SH","NB",5432362352,3839726813,9272089165,1592635539
20190725,"13:26:59","SZ","NB",6115460440,5672833923,11788294363,442626517
20190725,"13:27:59","SH","NB",5446467928,3852267228,9298735156,1594200700
20190725,"13:27:59","SZ","NB",6137825650,5688409139,11826234789,449416511
20190725,"13:28:59","SH","NB",5461432989,3865294288,9326727277,1596138701
20190725,"13:28:59","SZ","NB",6152297898,5704903506,11857201404,447394392
20190725,"13:29:59","SH","NB",5474205758,3877017509,9351223267,1597188249
20190725,"13:29:59","SZ","NB",6176872898,5718969766,11895842664,457903132
20190725,"13:30:59","SZ","NB",6206710273,5748031208,11954741481,458679065
20190725,"13:30:59","SH","NB",5497144050,3901606435,9398750485,1595537615
20190725,"13:31:59","SH","NB",5519324811,3914157224,9433482035,1605167587
20190725,"13:31:59","SZ","NB",6234084124,5764311153,11998395277,469772971
20190725,"13:32:59","SH","NB",5536268253,3926107377,9462375630,1610160876
20190725,"13:32:59","SZ","NB",6251650070,5783343838,12034993908,468306232
20190725,"13:33:59","SH","NB",5550078680,3938331695,9488410375,1611746985
20190725,"13:33:59","SZ","NB",6267799893,5799651573,12067451466,468148320
20190725,"13:34:59","SH","NB",5565524610,3950885440,9516410050,1614639170
20190725,"13:34:59","SZ","NB",6288061350,5815205433,12103266783,472855917
20190725,"13:35:59","SH","NB",5586458571,3967840118,9554298689,1618618453
20190725,"13:35:59","SZ","NB",6315098400,5843363046,12158461446,471735354
20190725,"13:36:59","SH","NB",5602039489,3982549404,9584588893,1619490085
20190725,"13:36:59","SZ","NB",6331545635,5862180637,12193726272,469364998
20190725,"13:37:59","SH","NB",5617789140,3997051864,9614841004,1620737276
20190725,"13:37:59","SZ","NB",6346242287,5877058324,12223300611,469183963
20190725,"13:38:59","SZ","NB",6365792606,5895541057,12261333663,470251549
20190725,"13:38:59","SH","NB",5640404823,4009908339,9650313162,1630496484
20190725,"13:39:59","SH","NB",5662268920,4024914343,9687183263,1637354577
20190725,"13:39:59","SZ","NB",6380866622,5918640148,12299506770,462226474
20190725,"13:40:59","SH","NB",5684682710,4040887195,9725569905,1643795515
20190725,"13:40:59","SZ","NB",6408563112,5935995644,12344558756,472567468
20190725,"13:41:59","SH","NB",5708021273,4054153256,9762174529,1653868017
20190725,"13:41:59","SZ","NB",6430554476,5956886649,12387441125,473667827
20190725,"13:42:59","SH","NB",5725868132,4065796509,9791664641,1660071623
20190725,"13:42:59","SZ","NB",6450093897,5970855380,12420949277,479238517
20190725,"13:43:59","SH","NB",5753641275,4078921702,9832562977,1674719573
20190725,"13:43:59","SZ","NB",6464587544,5989429585,12454017129,475157959
20190725,"13:44:59","SH","NB",5769578534,4093589421,9863167955,1675989113
20190725,"13:44:59","SZ","NB",6480764395,6007676539,12488440934,473087856
20190725,"13:45:59","SH","NB",5794836866,4115244063,9910080929,1679592803
20190725,"13:45:59","SZ","NB",6501286633,6024591789,12525878422,476694844
20190725,"13:46:59","SH","NB",5810572332,4134602948,9945175280,1675969384
20190725,"13:46:59","SZ","NB",6522192315,6042046895,12564239210,480145420
20190725,"13:47:59","SH","NB",5828455367,4145730537,9974185904,1682724830
20190725,"13:47:59","SZ","NB",6558744116,6059661067,12618405183,499083049
20190725,"13:48:59","SZ","NB",6575661159,6077534811,12653195970,498126348
20190725,"13:48:59","SH","NB",5846765713,4158467857,10005233570,1688297856
20190725,"13:49:59","SH","NB",5869992245,4169697040,10039689285,1700295205
20190725,"13:49:59","SZ","NB",6596340849,6100085517,12696426366,496255332
20190725,"13:50:59","SH","NB",5888056216,4183619035,10071675251,1704437181
20190725,"13:50:59","SZ","NB",6617571219,6125848976,12743420195,491722243
20190725,"13:51:59","SZ","NB",6634690616,6149108650,12783799266,485581966
20190725,"13:51:59","SH","NB",5904560511,4204297001,10108857512,1700263510
20190725,"13:52:59","SH","NB",5919420096,4217077253,10136497349,1702342843
20190725,"13:52:59","SZ","NB",6654854913,6165260593,12820115506,489594320
20190725,"13:53:59","SH","NB",5949102372,4236508470,10185610842,1712593902
20190725,"13:53:59","SZ","NB",6678934208,6179052025,12857986233,499882183
20190725,"13:54:59","SH","NB",5980712516,4247268288,10227980804,1733444228
20190725,"13:54:59","SZ","NB",6702029637,6193119013,12895148650,508910624
20190725,"13:55:59","SH","NB",6017308504,4263128745,10280437249,1754179759
20190725,"13:55:59","SZ","NB",6724049807,6211368510,12935418317,512681297
20190725,"13:56:59","SH","NB",6039224236,4277038012,10316262248,1762186224
20190725,"13:56:59","SZ","NB",6750188604,6232247651,12982436255,517940953
20190725,"13:57:59","SH","NB",6071185994,4291188619,10362374613,1779997375
20190725,"13:57:59","SZ","NB",6770122272,6251382316,13021504588,518739956
20190725,"13:58:59","SH","NB",6105123077,4308833185,10413956262,1796289892
20190725,"13:58:59","SZ","NB",6792397557,6269243254,13061640811,523154303
20190725,"13:59:59","SH","NB",6127705300,4328569283,10456274583,1799136017
20190725,"13:59:59","SZ","NB",6809982387,6296278561,13106260948,513703826
20190725,"14:00:59","SZ","NB",6835093972,6337699074,13172793046,497394898
20190725,"14:00:59","SH","NB",6167992701,4356923019,10524915720,1811069682
20190725,"14:01:59","SH","NB",6190249308,4395260546,10585509854,1794988762
20190725,"14:01:59","SZ","NB",6854047076,6380298755,13234345831,473748321
20190725,"14:02:59","SH","NB",6207380943,4422706429,10630087372,1784674514
20190725,"14:02:59","SZ","NB",6869370323,6412669519,13282039842,456700804
20190725,"14:03:59","SH","NB",6223619362,4436457969,10660077331,1787161393
20190725,"14:03:59","SZ","NB",6883499923,6433410377,13316910300,450089546
20190725,"14:04:59","SH","NB",6239222073,4477052094,10716274167,1762169979
20190725,"14:04:59","SZ","NB",6897259891,6470687766,13367947657,426572125
20190725,"14:05:59","SH","NB",6258314437,4508016557,10766330994,1750297880
20190725,"14:05:59","SZ","NB",6913443531,6511271308,13424714839,402172223
20190725,"14:06:59","SH","NB",6276130076,4522368736,10798498812,1753761340
20190725,"14:06:59","SZ","NB",6932865369,6530008039,13462873408,402857330
20190725,"14:07:59","SH","NB",6291652675,4540337532,10831990207,1751315143
20190725,"14:07:59","SZ","NB",6951847665,6555570447,13507418112,396277218
20190725,"14:08:59","SH","NB",6307193006,4555756451,10862949457,1751436555
20190725,"14:08:59","SZ","NB",6967152667,6572069454,13539222121,395083213
20190725,"14:09:59","SH","NB",6320151363,4568269322,10888420685,1751882041
20190725,"14:09:59","SZ","NB",6980383740,6587035933,13567419673,393347807
20190725,"14:10:59","SZ","NB",7013195930,6609559111,13622755041,403636819
20190725,"14:10:59","SH","NB",6347928743,4585401640,10933330383,1762527103
20190725,"14:11:59","SH","NB",6366765325,4605325326,10972090651,1761439999
20190725,"14:11:59","SZ","NB",7024953002,6640916894,13665869896,384036108
20190725,"14:12:59","SH","NB",6384646634,4619875966,11004522600,1764770668
20190725,"14:12:59","SZ","NB",7041079776,6656771962,13697851738,384307814
20190725,"14:13:59","SH","NB",6400084868,4630693038,11030777906,1769391830
20190725,"14:13:59","SZ","NB",7054871905,6671555334,13726427239,383316571
20190725,"14:14:59","SZ","NB",7072009066,6694427747,13766436813,377581319
20190725,"14:14:59","SH","NB",6413304670,4645562046,11058866716,1767742624
20190725,"14:15:59","SH","NB",6431803444,4665286195,11097089639,1766517249
20190725,"14:15:59","SZ","NB",7094004147,6727712419,13821716566,366291728
20190725,"14:16:59","SH","NB",6448664152,4688170480,11136834632,1760493672
20190725,"14:16:59","SZ","NB",7111070215,6765370774,13876440989,345699441
20190725,"14:17:59","SH","NB",6474122686,4796863054,11270985740,1677259632
20190725,"14:17:59","SZ","NB",7132285071,6914716571,14047001642,217568500
20190725,"14:18:59","SH","NB",6494094088,4834578133,11328672221,1659515955
20190725,"14:18:59","SZ","NB",7149131791,6955668134,14104799925,193463657
20190725,"14:19:59","SH","NB",6513863827,4852346102,11366209929,1661517725
20190725,"14:19:59","SZ","NB",7166516658,6975962178,14142478836,190554480
20190725,"14:20:59","SH","NB",6534180276,4871952253,11406132529,1662228023
20190725,"14:20:59","SZ","NB",7191192546,7002596298,14193788844,188596248
20190725,"14:21:59","SZ","NB",7209569166,7024362530,14233931696,185206636
20190725,"14:21:59","SH","NB",6551508507,4887811273,11439319780,1663697234
20190725,"14:22:59","SH","NB",6565389557,4905556784,11470946341,1659832773
20190725,"14:22:59","SZ","NB",7229867064,7051907779,14281774843,177959285
20190725,"14:23:59","SH","NB",6580944077,4920195018,11501139095,1660749059
20190725,"14:23:59","SZ","NB",7247280380,7070636175,14317916555,176644205
20190725,"14:24:59","SH","NB",6594188133,4935664778,11529852911,1658523355
20190725,"14:24:59","SZ","NB",7264602844,7089787073,14354389917,174815771
20190725,"14:25:59","SH","NB",6608996099,4955405199,11564401298,1653590900
20190725,"14:25:59","SZ","NB",7282672461,7118503942,14401176403,164168519
20190725,"14:26:59","SH","NB",6626674166,4968873380,11595547546,1657800786
20190725,"14:26:59","SZ","NB",7306539315,7134482672,14441021987,172056643
20190725,"14:27:59","SH","NB",6645068841,4984365629,11629434470,1660703212
20190725,"14:27:59","SZ","NB",7329953110,7151347193,14481300303,178605917
20190725,"14:28:59","SH","NB",6660441882,5001509776,11661951658,1658932106
20190725,"14:28:59","SZ","NB",7347651691,7167580733,14515232424,180070958
20190725,"14:29:59","SH","NB",6679496451,5020416579,11699913030,1659079872
20190725,"14:29:59","SZ","NB",7366801900,7192997004,14559798904,173804896
20190725,"14:30:59","SZ","NB",7392242000,7214367045,14606609045,177874955
20190725,"14:30:59","SH","NB",6712248230,5040902928,11753151158,1671345302
20190725,"14:31:59","SH","NB",6727867724,5059327391,11787195115,1668540333
20190725,"14:31:59","SZ","NB",7418686092,7236085858,14654771950,182600234
20190725,"14:32:59","SH","NB",6743043774,5083081438,11826125212,1659962336
20190725,"14:32:59","SZ","NB",7439059036,7263377994,14702437030,175681042
20190725,"14:33:59","SH","NB",6772176191,5102138504,11874314695,1670037687
20190725,"14:33:59","SZ","NB",7468649304,7286710615,14755359919,181938689
20190725,"14:34:59","SH","NB",6795561963,5123988266,11919550229,1671573697
20190725,"14:34:59","SZ","NB",7497480475,7315801028,14813281503,181679447
20190725,"14:35:59","SZ","NB",7527846522,7374266111,14902112633,153580411
20190725,"14:35:59","SH","NB",6822899666,5166508658,11989408324,1656391008
20190725,"14:36:59","SH","NB",6844148098,5185456299,12029604397,1658691799
20190725,"14:36:59","SZ","NB",7562685576,7395846665,14958532241,166838911
20190725,"14:37:59","SH","NB",6897799152,5222656757,12120455909,1675142395
20190725,"14:37:59","SZ","NB",7618140855,7417753639,15035894494,200387216
20190725,"14:38:59","SH","NB",6929560386,5247831439,12177391825,1681728947
20190725,"14:38:59","SZ","NB",7655621008,7444748403,15100369411,210872605
20190725,"14:39:59","SH","NB",6957838369,5277652158,12235490527,1680186211
20190725,"14:39:59","SZ","NB",7685738162,7477321819,15163059981,208416343
20190725,"14:40:59","SH","NB",6997571872,5328853286,12326425158,1668718586
20190725,"14:40:59","SZ","NB",7715283738,7531873167,15247156905,183410571
20190725,"14:41:59","SH","NB",7024724439,5360522228,12385246667,1664202211
20190725,"14:41:59","SZ","NB",7744491374,7560912199,15305403573,183579175
20190725,"14:42:59","SH","NB",7046944350,5388838825,12435783175,1658105525
20190725,"14:42:59","SZ","NB",7771680205,7587132404,15358812609,184547801
20190725,"14:43:59","SH","NB",7078791842,5418893590,12497685432,1659898252
20190725,"14:43:59","SZ","NB",7809054291,7626572849,15435627140,182481442
20190725,"14:44:59","SH","NB",7113992954,5446370064,12560363018,1667622890
20190725,"14:44:59","SZ","NB",7839816387,7660598831,15500415218,179217556
20190725,"14:45:59","SZ","NB",7885341819,7698478739,15583820558,186863080
20190725,"14:45:59","SH","NB",7151407685,5482527910,12633935595,1668879775
20190725,"14:46:59","SH","NB",7182998866,5513595743,12696594609,1669403123
20190725,"14:46:59","SZ","NB",7920749571,7733091134,15653840705,187658437
20190725,"14:47:59","SH","NB",7222129020,5559396133,12781525153,1662732887
20190725,"14:47:59","SZ","NB",7963249708,7783576021,15746825729,179673687
20190725,"14:48:59","SH","NB",7254208249,5598205646,12852413895,1656002603
20190725,"14:48:59","SZ","NB",7999352847,7828191209,15827544056,171161638
20190725,"14:49:59","SH","NB",7280888860,5635787842,12916676702,1645101018
20190725,"14:49:59","SZ","NB",8027953830,7868962365,15896916195,158991465
20190725,"14:50:59","SH","NB",7341466114,5676305034,13017771148,1665161080
20190725,"14:50:59","SZ","NB",8100508421,7913695309,16014203730,186813112
20190725,"14:51:59","SZ","NB",8164490787,7946363473,16110854260,218127314
20190725,"14:51:59","SH","NB",7386585608,5717182105,13103767713,1669403503
20190725,"14:52:59","SH","NB",7435584713,5756885443,13192470156,1678699270
20190725,"14:52:59","SZ","NB",8206693062,7992708115,16199401177,213984947
20190725,"14:53:59","SH","NB",7476008617,5805966433,13281975050,1670042184
20190725,"14:53:59","SZ","NB",8260852021,8050583884,16311435905,210268137
20190725,"14:54:59","SH","NB",7522617457,5857722490,13380339947,1664894967
20190725,"14:54:59","SZ","NB",8298819155,8094450559,16393269714,204368596
20190725,"14:55:59","SH","NB",7569779245,5914253599,13484032844,1655525646
20190725,"14:55:59","SZ","NB",8345419949,8134894199,16480314148,210525750
20190725,"14:56:59","SH","NB",7626479320,5944869208,13571348528,1681610112
20190725,"14:56:59","SZ","NB",8391861335,8168026955,16559888290,223834380
20190725,"14:57:59","SH","NB",7626499452,5944886977,13571386429,1681612475
20190725,"15:00:59","SH","NB",7750750666,6036335577,13787086243,1714415089
20190725,"15:00:59","SZ","NB",8489038720,8254715926,16743754646,234322794
