dataDate,dataTime,connectMarket,tradeDirection,buyTurnover,sellTurnover,totalTurnover,netTurnover
20190327,"09:30:03","SH","NB",70310653,35715992,106026645,34594661
20190327,"09:30:03","SZ","NB",30098424,67487843,97586267,-37389419
20190327,"09:31:01","SH","NB",210114748,202039541,412154289,8075207
20190327,"09:31:01","SZ","NB",152084055,226800242,378884297,-74716187
20190327,"09:32:01","SH","NB",297482281,351488460,648970741,-54006179
20190327,"09:32:01","SZ","NB",215858250,419984312,635842562,-204126062
20190327,"09:33:01","SH","NB",390154247,464005600,854159847,-73851353
20190327,"09:33:01","SZ","NB",283031605,577123586,860155191,-294091981
20190327,"09:34:01","SZ","NB",385965222,700793487,1086758709,-314828265
20190327,"09:34:01","SH","NB",536061238,540409583,1076470821,-4348345
20190327,"09:35:01","SH","NB",634244243,691394895,1325639138,-57150652
20190327,"09:35:01","SZ","NB",496827907,889402069,1386229976,-392574162
20190327,"09:36:01","SH","NB",793567233,814440354,1608007587,-20873121
20190327,"09:36:01","SZ","NB",606888105,1086309502,1693197607,-479421397
20190327,"09:37:01","SZ","NB",680394999,1200214736,1880609735,-519819737
20190327,"09:37:01","SH","NB",876850768,909339123,1786189891,-32488355
20190327,"09:38:01","SH","NB",950111463,1000503441,1950614904,-50391978
20190327,"09:38:01","SZ","NB",739852386,1328110966,2067963352,-588258580
20190327,"09:39:01","SH","NB",1040320486,1069820112,2110140598,-29499626
20190327,"09:39:01","SZ","NB",823035616,1422601222,2245636838,-599565606
20190327,"09:40:01","SH","NB",1149052098,1159696026,2308748124,-10643928
20190327,"09:40:01","SZ","NB",927649898,1526773484,2454423382,-599123586
20190327,"09:41:01","SH","NB",1221055830,1246470542,2467526372,-25414712
20190327,"09:41:01","SZ","NB",1000953403,1651670952,2652624355,-650717549
20190327,"09:42:01","SH","NB",1349061603,1338158169,2687219772,10903434
20190327,"09:42:01","SZ","NB",1097778408,1781211059,2878989467,-683432651
20190327,"09:43:01","SH","NB",1584494856,1406034682,2990529538,178460174
20190327,"09:43:01","SZ","NB",1269050556,1881358709,3150409265,-612308153
20190327,"09:44:01","SH","NB",1735540531,1469123328,3204663859,266417203
20190327,"09:44:01","SZ","NB",1401747198,1951176054,3352923252,-549428856
20190327,"09:45:01","SH","NB",1820848218,1525947964,3346796182,294900254
20190327,"09:45:01","SZ","NB",1494236849,2017263790,3511500639,-523026941
20190327,"09:46:01","SH","NB",1883748222,1599127825,3482876047,284620397
20190327,"09:46:01","SZ","NB",1555440332,2121145141,3676585473,-565704809
20190327,"09:47:01","SZ","NB",1607377693,2208561106,3815938799,-601183413
20190327,"09:47:01","SH","NB",1976533530,1643145679,3619679209,333387851
20190327,"09:48:01","SH","NB",2054399259,1696766016,3751165275,357633243
20190327,"09:48:01","SZ","NB",1670015283,2275443177,3945458460,-605427894
20190327,"09:49:01","SH","NB",2134505530,1749001015,3883506545,385504515
20190327,"09:49:01","SZ","NB",1731997349,2349929426,4081926775,-617932077
20190327,"09:50:01","SH","NB",2192199790,1827553044,4019752834,364646746
20190327,"09:50:01","SZ","NB",1776263344,2469213885,4245477229,-692950541
20190327,"09:51:01","SH","NB",2299073072,1883415131,4182488203,415657941
20190327,"09:51:01","SZ","NB",1840141103,2571851794,4411992897,-731710691
20190327,"09:52:01","SH","NB",2355766533,1926795786,4282562319,428970747
20190327,"09:52:01","SZ","NB",1912473181,2645627039,4558100220,-733153858
20190327,"09:53:01","SZ","NB",1994557906,2700947394,4695505300,-706389488
20190327,"09:53:01","SH","NB",2434348124,1982379645,4416727769,451968479
20190327,"09:54:01","SH","NB",2549145259,2037986379,4587131638,511158880
20190327,"09:54:01","SZ","NB",2100610058,2757335332,4857945390,-656725274
20190327,"09:55:01","SH","NB",2645623537,2092812966,4738436503,552810571
20190327,"09:55:01","SZ","NB",2211277451,2809200712,5020478163,-597923261
20190327,"09:56:01","SH","NB",2744828222,2146226023,4891054245,598602199
20190327,"09:56:01","SZ","NB",2313511232,2876304383,5189815615,-562793151
20190327,"09:57:01","SH","NB",2825975523,2203062748,5029038271,622912775
20190327,"09:57:01","SZ","NB",2392240319,2948593061,5340833380,-556352742
20190327,"09:58:01","SH","NB",2898597753,2327732296,5226330049,570865457
20190327,"09:58:01","SZ","NB",2439870064,3089160102,5529030166,-649290038
20190327,"09:59:01","SH","NB",2944541967,2397286856,5341828823,547255111
20190327,"09:59:01","SZ","NB",2482543774,3171974319,5654518093,-689430545
20190327,"10:00:01","SZ","NB",2527996783,3240822841,5768819624,-712826058
20190327,"10:00:01","SH","NB",3006950519,2450037945,5456988464,556912574
20190327,"10:01:01","SH","NB",3058651005,2516758416,5575409421,541892589
20190327,"10:01:01","SZ","NB",2574931253,3332147590,5907078843,-757216337
20190327,"10:02:01","SH","NB",3115101184,2573380496,5688481680,541720688
20190327,"10:02:01","SZ","NB",2636072728,3404885444,6040958172,-768812716
20190327,"10:03:01","SH","NB",3164871130,2639920231,5804791361,524950899
20190327,"10:03:01","SZ","NB",2698571499,3512701440,6211272939,-814129941
20190327,"10:04:01","SH","NB",3215207686,2747183704,5962391390,468023982
20190327,"10:04:01","SZ","NB",2763338220,3637926750,6401264970,-874588530
20190327,"10:05:01","SH","NB",3278021444,2851514337,6129535781,426507107
20190327,"10:05:01","SZ","NB",2851477066,3770648807,6622125873,-919171741
20190327,"10:06:01","SH","NB",3366590372,2932235814,6298826186,434354558
20190327,"10:06:01","SZ","NB",2965946959,3850721090,6816668049,-884774131
20190327,"10:07:01","SZ","NB",3109714831,3917621205,7027336036,-807906374
20190327,"10:07:01","SH","NB",3502015536,2983416595,6485432131,518598941
20190327,"10:08:01","SH","NB",3583160278,3023511175,6606671453,559649103
20190327,"10:08:01","SZ","NB",3195371409,3977278390,7172649799,-781906981
20190327,"10:09:01","SH","NB",3638144836,3082013148,6720157984,556131688
20190327,"10:09:01","SZ","NB",3249164953,4037100843,7286265796,-787935890
20190327,"10:10:01","SH","NB",3679790171,3182087541,6861877712,497702630
20190327,"10:10:01","SZ","NB",3297571363,4158173301,7455744664,-860601938
20190327,"10:11:01","SH","NB",3779894300,3275425725,7055320025,504468575
20190327,"10:11:01","SZ","NB",3395321293,4261393219,7656714512,-866071926
20190327,"10:12:01","SH","NB",3830339196,3353282855,7183622051,477056341
20190327,"10:12:01","SZ","NB",3478678435,4348099231,7826777666,-869420796
20190327,"10:13:01","SH","NB",3982783736,3434716009,7417499745,548067727
20190327,"10:13:01","SZ","NB",3671806728,4440871389,8112678117,-769064661
20190327,"10:14:01","SH","NB",4076464868,3483092839,7559557707,593372029
20190327,"10:14:01","SZ","NB",3776710118,4498846988,8275557106,-722136870
20190327,"10:15:01","SZ","NB",3835528950,4555916260,8391445210,-720387310
20190327,"10:15:01","SH","NB",4132556157,3514232638,7646788795,618323519
20190327,"10:16:01","SH","NB",4217543602,3552573732,7770117334,664969870
20190327,"10:16:01","SZ","NB",3911291831,4609211033,8520502864,-697919202
20190327,"10:17:01","SH","NB",4286475921,3583837714,7870313635,702638207
20190327,"10:17:01","SZ","NB",3979169975,4649073213,8628243188,-669903238
20190327,"10:18:01","SH","NB",4340738309,3614307815,7955046124,726430494
20190327,"10:18:01","SZ","NB",4025689077,4697226889,8722915966,-671537812
20190327,"10:19:01","SH","NB",4378226716,3649186764,8027413480,729039952
20190327,"10:19:01","SZ","NB",4053117801,4744836647,8797954448,-691718846
20190327,"10:20:01","SH","NB",4432826975,3684584967,8117411942,748242008
20190327,"10:20:01","SZ","NB",4083489373,4813453066,8896942439,-729963693
20190327,"10:21:01","SH","NB",4503833160,3722501830,8226334990,781331330
20190327,"10:21:01","SZ","NB",4150278626,4858647070,9008925696,-708368444
20190327,"10:22:01","SH","NB",4599287876,3763551289,8362839165,835736587
20190327,"10:22:01","SZ","NB",4236058214,4908376032,9144434246,-672317818
20190327,"10:23:01","SZ","NB",4344267646,4968519339,9312786985,-624251693
20190327,"10:23:01","SH","NB",4710246877,3813833722,8524080599,896413155
20190327,"10:24:01","SH","NB",4793840642,3875584659,8669425301,918255983
20190327,"10:24:01","SZ","NB",4402597487,5040180716,9442778203,-637583229
20190327,"10:25:01","SH","NB",4836849817,3930127247,8766977064,906722570
20190327,"10:25:01","SZ","NB",4437040728,5114392509,9551433237,-677351781
20190327,"10:26:01","SH","NB",4866059862,3981222924,8847282786,884836938
20190327,"10:26:01","SZ","NB",4460109297,5175202176,9635311473,-715092879
20190327,"10:27:01","SH","NB",4916685357,4014514037,8931199394,902171320
20190327,"10:27:01","SZ","NB",4500224777,5231120423,9731345200,-730895646
20190327,"10:28:01","SH","NB",4973125361,4059618960,9032744321,913506401
20190327,"10:28:01","SZ","NB",4547797411,5287387391,9835184802,-739589980
20190327,"10:29:01","SH","NB",5000093949,4098781748,9098875697,901312201
20190327,"10:29:01","SZ","NB",4575886852,5325816052,9901702904,-749929200
20190327,"10:30:01","SZ","NB",4596255020,5365039233,9961294253,-768784213
20190327,"10:30:01","SH","NB",5029441100,4139131490,9168572590,890309610
20190327,"10:31:01","SH","NB",5070647886,4197285631,9267933517,873362255
20190327,"10:31:01","SZ","NB",4618553040,5436518345,10055071385,-817965305
20190327,"10:32:01","SH","NB",5111282020,4243611725,9354893745,867670295
20190327,"10:32:01","SZ","NB",4660977810,5487301146,10148278956,-826323336
20190327,"10:33:01","SH","NB",5210435932,4276956056,9487391988,933479876
20190327,"10:33:01","SZ","NB",4740883043,5529521652,10270404695,-788638609
20190327,"10:34:01","SH","NB",5288620504,4305739129,9594359633,982881375
20190327,"10:34:01","SZ","NB",4782813386,5558556208,10341369594,-775742822
20190327,"10:35:01","SZ","NB",4816533257,5614647109,10431180366,-798113852
20190327,"10:35:01","SH","NB",5346896949,4333011197,9679908146,1013885752
20190327,"10:36:01","SH","NB",5406077796,4423372395,9829450191,982705401
20190327,"10:36:01","SZ","NB",4853154659,5706623441,10559778100,-853468782
20190327,"10:37:01","SH","NB",5449876741,4466289950,9916166691,983586791
20190327,"10:37:01","SZ","NB",4904770253,5759199398,10663969651,-854429145
20190327,"10:38:01","SH","NB",5507707947,4488879692,9996587639,1018828255
20190327,"10:38:01","SZ","NB",4950289910,5792485597,10742775507,-842195687
20190327,"10:39:01","SH","NB",5546433232,4513008232,10059441464,1033425000
20190327,"10:39:01","SZ","NB",4983296561,5822735501,10806032062,-839438940
20190327,"10:40:01","SH","NB",5644428182,4546424323,10190852505,1098003859
20190327,"10:40:01","SZ","NB",5117417591,5869488518,10986906109,-752070927
20190327,"10:41:01","SH","NB",5692470656,4572904765,10265375421,1119565891
20190327,"10:41:01","SZ","NB",5170642458,5924811052,11095453510,-754168594
20190327,"10:42:01","SH","NB",5747240547,4594178580,10341419127,1153061967
20190327,"10:42:01","SZ","NB",5201405961,5962761804,11164167765,-761355843
20190327,"10:43:01","SZ","NB",5239545920,5991257621,11230803541,-751711701
20190327,"10:43:01","SH","NB",5790412425,4613840896,10404253321,1176571529
20190327,"10:44:01","SH","NB",5826313669,4647789811,10474103480,1178523858
20190327,"10:44:01","SZ","NB",5266362608,6025962001,11292324609,-759599393
20190327,"10:45:01","SZ","NB",5304281302,6066015208,11370296510,-761733906
20190327,"10:45:01","SH","NB",5877431435,4676116121,10553547556,1201315314
20190327,"10:46:01","SH","NB",5955079452,4712028693,10667108145,1243050759
20190327,"10:46:01","SZ","NB",5396301111,6113153135,11509454246,-716852024
20190327,"10:47:01","SH","NB",6046669307,4747925163,10794594470,1298744144
20190327,"10:47:01","SZ","NB",5442805245,6161220804,11604026049,-718415559
20190327,"10:48:01","SH","NB",6125839741,4806425349,10932265090,1319414392
20190327,"10:48:01","SZ","NB",5509724816,6203988223,11713713039,-694263407
20190327,"10:49:01","SH","NB",6195303665,4846446184,11041749849,1348857481
20190327,"10:49:01","SZ","NB",5567245492,6251389083,11818634575,-684143591
20190327,"10:50:01","SH","NB",6238405446,4969598124,11208003570,1268807322
20190327,"10:50:01","SZ","NB",5609986663,6356326950,11966313613,-746340287
20190327,"10:51:01","SH","NB",6270099786,5007239580,11277339366,1262860206
20190327,"10:51:01","SZ","NB",5644680108,6402689699,12047369807,-758009591
20190327,"10:52:01","SH","NB",6299548468,5033457192,11333005660,1266091276
20190327,"10:52:01","SZ","NB",5693478718,6438869528,12132348246,-745390810
20190327,"10:53:01","SH","NB",6319910659,5060710608,11380621267,1259200051
20190327,"10:53:01","SZ","NB",5719599801,6470499152,12190098953,-750899351
20190327,"10:54:01","SZ","NB",5746568252,6508735168,12255303420,-762166916
20190327,"10:54:01","SH","NB",6335938826,5095639059,11431577885,1240299767
20190327,"10:55:01","SH","NB",6349223126,5125834567,11475057693,1223388559
20190327,"10:55:01","SZ","NB",5766647840,6536303492,12302951332,-769655652
20190327,"10:56:01","SH","NB",6365459470,5144796420,11510255890,1220663050
20190327,"10:56:01","SZ","NB",5782541467,6563347266,12345888733,-780805799
20190327,"10:57:01","SH","NB",6386540234,5189335428,11575875662,1197204806
20190327,"10:57:01","SZ","NB",5809016844,6610256155,12419272999,-801239311
20190327,"10:58:01","SZ","NB",5835899491,6638690141,12474589632,-802790650
20190327,"10:58:01","SH","NB",6405116837,5223239798,11628356635,1181877039
20190327,"10:59:01","SH","NB",6456396508,5242543748,11698940256,1213852760
20190327,"10:59:01","SZ","NB",5910488629,6667317506,12577806135,-756828877
20190327,"11:00:01","SH","NB",6527044396,5264396482,11791440878,1262647914
20190327,"11:00:01","SZ","NB",6082931522,6702219425,12785150947,-619287903
20190327,"11:01:01","SH","NB",6599525035,5292408221,11891933256,1307116814
20190327,"11:01:01","SZ","NB",6140632201,6736829885,12877462086,-596197684
20190327,"11:02:01","SH","NB",6639751789,5443309393,12083061182,1196442396
20190327,"11:02:01","SZ","NB",6180835867,6830544746,13011380613,-649708879
20190327,"11:03:01","SH","NB",6665663814,5483747774,12149411588,1181916040
20190327,"11:03:01","SZ","NB",6223742644,6876949432,13100692076,-653206788
20190327,"11:04:01","SH","NB",6694052768,5504027717,12198080485,1190025051
20190327,"11:04:01","SZ","NB",6270933317,6896834817,13167768134,-625901500
20190327,"11:05:01","SH","NB",6717106772,5533712996,12250819768,1183393776
20190327,"11:05:01","SZ","NB",6300524699,6927443362,13227968061,-626918663
20190327,"11:06:01","SZ","NB",6331593937,6949071943,13280665880,-617478006
20190327,"11:06:01","SH","NB",6739553431,5550447459,12290000890,1189105972
20190327,"11:07:01","SH","NB",6776963891,5567358936,12344322827,1209604955
20190327,"11:07:01","SZ","NB",6404635642,6966636537,13371272179,-562000895
20190327,"11:08:01","SH","NB",6811131661,5588291643,12399423304,1222840018
20190327,"11:08:01","SZ","NB",6446476826,6988579446,13435056272,-542102620
20190327,"11:09:01","SH","NB",6860223832,5619526703,12479750535,1240697129
20190327,"11:09:01","SZ","NB",6511109093,7016317857,13527426950,-505208764
20190327,"11:10:01","SH","NB",6907934021,5651062577,12558996598,1256871444
20190327,"11:10:01","SZ","NB",6554765521,7041383496,13596149017,-486617975
20190327,"11:11:01","SZ","NB",6589978225,7129562043,13719540268,-539583818
20190327,"11:11:01","SH","NB",6952210748,5774640396,12726851144,1177570352
20190327,"11:12:01","SH","NB",6972072207,5803627930,12775700137,1168444277
20190327,"11:12:01","SZ","NB",6619339804,7163941695,13783281499,-544601891
20190327,"11:13:01","SH","NB",6992551543,5826149678,12818701221,1166401865
20190327,"11:13:01","SZ","NB",6650764766,7180169799,13830934565,-529405033
20190327,"11:14:01","SH","NB",7009660843,5851257139,12860917982,1158403704
20190327,"11:14:01","SZ","NB",6675223189,7208285657,13883508846,-533062468
20190327,"11:15:01","SH","NB",7032285553,5869945723,12902231276,1162339830
20190327,"11:15:01","SZ","NB",6697303903,7229964550,13927268453,-532660647
20190327,"11:16:01","SH","NB",7098966613,5888590905,12987557518,1210375708
20190327,"11:16:01","SZ","NB",6783979234,7257294185,14041273419,-473314951
20190327,"11:17:01","SH","NB",7123562281,5906452759,13030015040,1217109522
20190327,"11:17:01","SZ","NB",6815931481,7288132902,14104064383,-472201421
20190327,"11:18:01","SH","NB",7149201054,5928530631,13077731685,1220670423
20190327,"11:18:01","SZ","NB",6836979884,7322577986,14159557870,-485598102
20190327,"11:19:01","SZ","NB",6859026643,7371043768,14230070411,-512017125
20190327,"11:19:01","SH","NB",7173603296,5985624853,13159228149,1187978443
20190327,"11:20:01","SH","NB",7190087114,6012778741,13202865855,1177308373
20190327,"11:20:01","SZ","NB",6878455835,7404029339,14282485174,-525573504
20190327,"11:21:01","SH","NB",7206653353,6038160735,13244814088,1168492618
20190327,"11:21:01","SZ","NB",6894553366,7429626388,14324179754,-535073022
20190327,"11:22:01","SH","NB",7218657102,6056174024,13274831126,1162483078
20190327,"11:22:01","SZ","NB",6912385668,7455306684,14367692352,-542921016
20190327,"11:23:01","SZ","NB",6931241576,7483664621,14414906197,-552423045
20190327,"11:23:01","SH","NB",7237067423,6074911957,13311979380,1162155466
20190327,"11:24:01","SH","NB",7256897513,6101219044,13358116557,1155678469
20190327,"11:24:01","SZ","NB",6950494454,7504697127,14455191581,-554202673
20190327,"11:25:01","SH","NB",7273971749,6116990847,13390962596,1156980902
20190327,"11:25:01","SZ","NB",6973583356,7523719670,14497303026,-550136314
20190327,"11:26:01","SH","NB",7296855728,6130457036,13427312764,1166398692
20190327,"11:26:01","SZ","NB",7002111002,7546407443,14548518445,-544296441
20190327,"11:27:01","SH","NB",7315279372,6146229494,13461508866,1169049878
20190327,"11:27:01","SZ","NB",7020399445,7565295769,14585695214,-544896324
20190327,"11:28:01","SZ","NB",7040428228,7579458519,14619886747,-539030291
20190327,"11:28:01","SH","NB",7341484973,6161377400,13502862373,1180107573
20190327,"11:29:01","SH","NB",7364559344,6219864923,13584424267,1144694421
20190327,"11:29:01","SZ","NB",7063130839,7621466654,14684597493,-558335815
20190327,"11:30:01","SH","NB",7388245157,6260692704,13648937861,1127552453
20190327,"11:30:01","SZ","NB",7081768163,7651562902,14733331065,-569794739
20190327,"11:31:01","SH","NB",7390133147,6261429585,13651562732,1128703562
20190327,"11:31:01","SZ","NB",7082239392,7651837226,14734076618,-569597834
20190327,"13:01:01","SH","NB",7499795730,6315184341,13814980071,1184611389
20190327,"13:01:01","SZ","NB",7167528926,7710037541,14877566467,-542508615
20190327,"13:02:01","SH","NB",7544814959,6336011272,13880826231,1208803687
20190327,"13:02:01","SZ","NB",7199367673,7735163873,14934531546,-535796200
20190327,"13:03:01","SH","NB",7569966704,6359997602,13929964306,1209969102
20190327,"13:03:01","SZ","NB",7234268364,7762230368,14996498732,-527962004
20190327,"13:04:01","SH","NB",7598847764,6377506451,13976354215,1221341313
20190327,"13:04:01","SZ","NB",7264411294,7787958401,15052369695,-523547107
20190327,"13:05:01","SZ","NB",7310311569,7811326557,15121638126,-501014988
20190327,"13:05:01","SH","NB",7625431815,6403887569,14029319384,1221544246
20190327,"13:06:01","SH","NB",7658211267,6428377431,14086588698,1229833836
20190327,"13:06:01","SZ","NB",7346814081,7838721255,15185535336,-491907174
20190327,"13:07:01","SH","NB",7701450757,6451122192,14152572949,1250328565
20190327,"13:07:01","SZ","NB",7387531788,7861914965,15249446753,-474383177
20190327,"13:08:01","SH","NB",7753605945,6467745698,14221351643,1285860247
20190327,"13:08:01","SZ","NB",7438495446,7879493953,15317989399,-440998507
20190327,"13:09:01","SH","NB",7802121490,6491170751,14293292241,1310950739
20190327,"13:09:01","SZ","NB",7477055335,7905728908,15382784243,-428673573
20190327,"13:10:01","SH","NB",7824711149,6514102250,14338813399,1310608899
20190327,"13:10:01","SZ","NB",7508433868,7934839801,15443273669,-426405933
20190327,"13:11:01","SZ","NB",7540608058,7967634858,15508242916,-427026800
20190327,"13:11:01","SH","NB",7851312250,6544460259,14395772509,1306851991
20190327,"13:12:01","SH","NB",7873426730,6572350819,14445777549,1301075911
20190327,"13:12:01","SZ","NB",7561237941,7995903689,15557141630,-434665748
20190327,"13:13:01","SH","NB",7899214652,6605166791,14504381443,1294047861
20190327,"13:13:01","SZ","NB",7583920576,8029360394,15613280970,-445439818
20190327,"13:14:01","SH","NB",7922026288,6634948678,14556974966,1287077610
20190327,"13:14:01","SZ","NB",7608129560,8059010978,15667140538,-450881418
20190327,"13:15:01","SH","NB",7941642645,6654617889,14596260534,1287024756
20190327,"13:15:01","SZ","NB",7629182770,8081827549,15711010319,-452644779
20190327,"13:16:01","SH","NB",7966015281,6674988825,14641004106,1291026456
20190327,"13:16:01","SZ","NB",7647163250,8109947258,15757110508,-462784008
20190327,"13:17:01","SH","NB",7989143061,6703016902,14692159963,1286126159
20190327,"13:17:01","SZ","NB",7665374023,8142612613,15807986636,-477238590
20190327,"13:18:01","SH","NB",8012704709,6782741443,14795446152,1229963266
20190327,"13:18:01","SZ","NB",7687199672,8211721411,15898921083,-524521739
20190327,"13:19:01","SZ","NB",7710883312,8253785564,15964668876,-542902252
20190327,"13:19:01","SH","NB",8033863109,6826515358,14860378467,1207347751
20190327,"13:20:01","SH","NB",8058061393,6853494898,14911556291,1204566495
20190327,"13:20:01","SZ","NB",7734068879,8277059755,16011128634,-542990876
20190327,"13:21:01","SH","NB",8087629089,6877603282,14965232371,1210025807
20190327,"13:21:01","SZ","NB",7757997871,8299919862,16057917733,-541921991
20190327,"13:22:01","SH","NB",8110345367,6896466843,15006812210,1213878524
20190327,"13:22:01","SZ","NB",7792257914,8315829755,16108087669,-523571841
20190327,"13:23:01","SH","NB",8128293163,6916687342,15044980505,1211605821
20190327,"13:23:01","SZ","NB",7816438922,8337667589,16154106511,-521228667
20190327,"13:24:01","SH","NB",8150887221,6939985134,15090872355,1210902087
20190327,"13:24:01","SZ","NB",7841997364,8360739666,16202737030,-518742302
20190327,"13:25:01","SZ","NB",7861621073,8387596462,16249217535,-525975389
20190327,"13:25:01","SH","NB",8171374595,6958135983,15129510578,1213238612
20190327,"13:26:01","SH","NB",8193132435,6985841117,15178973552,1207291318
20190327,"13:26:01","SZ","NB",7885284619,8416301302,16301585921,-531016683
20190327,"13:27:01","SH","NB",8236265972,7007677463,15243943435,1228588509
20190327,"13:27:01","SZ","NB",7948664325,8439905340,16388569665,-491241015
20190327,"13:28:01","SH","NB",8265093861,7024280657,15289374518,1240813204
20190327,"13:28:01","SZ","NB",7973861783,8456079699,16429941482,-482217916
20190327,"13:29:01","SH","NB",8299796905,7043089751,15342886656,1256707154
20190327,"13:29:01","SZ","NB",7994052370,8475135130,16469187500,-481082760
20190327,"13:30:01","SH","NB",8329779756,7070961404,15400741160,1258818352
20190327,"13:30:01","SZ","NB",8014880215,8498351801,16513232016,-483471586
20190327,"13:31:01","SH","NB",8368349416,7091096166,15459445582,1277253250
20190327,"13:31:01","SZ","NB",8036285848,8513169932,16549455780,-476884084
20190327,"13:32:01","SH","NB",8455129690,7115769933,15570899623,1339359757
20190327,"13:32:01","SZ","NB",8104747977,8529812353,16634560330,-425064376
20190327,"13:33:01","SZ","NB",8145616232,8548434738,16694050970,-402818506
20190327,"13:33:01","SH","NB",8501109377,7132701789,15633811166,1368407588
20190327,"13:34:01","SH","NB",8530835363,7152793356,15683628719,1378042007
20190327,"13:34:01","SZ","NB",8167756973,8570974911,16738731884,-403217938
20190327,"13:35:01","SH","NB",8549851320,7177437138,15727288458,1372414182
20190327,"13:35:01","SZ","NB",8188543763,8603594450,16792138213,-415050687
20190327,"13:36:01","SH","NB",8578779118,7197107705,15775886823,1381671413
20190327,"13:36:01","SZ","NB",8207191518,8623202266,16830393784,-416010748
20190327,"13:37:01","SH","NB",8600424371,7213292281,15813716652,1387132090
20190327,"13:37:01","SZ","NB",8227138547,8642199890,16869338437,-415061343
20190327,"13:38:01","SH","NB",8619218929,7228518861,15847737790,1390700068
20190327,"13:38:01","SZ","NB",8240365799,8657070673,16897436472,-416704874
20190327,"13:39:01","SH","NB",8655546004,7254778470,15910324474,1400767534
20190327,"13:39:01","SZ","NB",8256374559,8672194307,16928568866,-415819748
20190327,"13:40:01","SH","NB",8678371852,7290373989,15968745841,1387997863
20190327,"13:40:01","SZ","NB",8277981179,8696404401,16974385580,-418423222
20190327,"13:41:01","SZ","NB",8298008170,8727694661,17025702831,-429686491
20190327,"13:41:01","SH","NB",8699727167,7336402131,16036129298,1363325036
20190327,"13:42:01","SH","NB",8725143545,7381735466,16106879011,1343408079
20190327,"13:42:01","SZ","NB",8317154058,8763564013,17080718071,-446409955
20190327,"13:43:01","SH","NB",8755875177,7455317871,16211193048,1300557306
20190327,"13:43:01","SZ","NB",8342127015,8823839505,17165966520,-481712490
20190327,"13:44:01","SH","NB",8780449607,7504808324,16285257931,1275641283
20190327,"13:44:01","SZ","NB",8371535721,8843809318,17215345039,-472273597
20190327,"13:45:01","SH","NB",8819563089,7531113038,16350676127,1288450051
20190327,"13:45:01","SZ","NB",8412205283,8866166722,17278372005,-453961439
20190327,"13:46:01","SZ","NB",8460963554,8886089135,17347052689,-425125581
20190327,"13:46:01","SH","NB",8846832322,7552748911,16399581233,1294083411
20190327,"13:47:01","SH","NB",8871388939,7574419335,16445808274,1296969604
20190327,"13:47:01","SZ","NB",8481921844,8900829357,17382751201,-418907513
20190327,"13:48:01","SH","NB",8888692587,7594982971,16483675558,1293709616
20190327,"13:48:01","SZ","NB",8499501770,8914456724,17413958494,-414954954
20190327,"13:49:01","SH","NB",8907720124,7618378423,16526098547,1289341701
20190327,"13:49:01","SZ","NB",8516052388,8931654930,17447707318,-415602542
20190327,"13:50:01","SH","NB",8930032491,7661029526,16591062017,1269002965
20190327,"13:50:01","SZ","NB",8531247907,8954003884,17485251791,-422755977
20190327,"13:51:01","SH","NB",8963677430,7711265327,16674942757,1252412103
20190327,"13:51:01","SZ","NB",8550936159,8986510968,17537447127,-435574809
20190327,"13:52:01","SH","NB",9059337935,7749400749,16808738684,1309937186
20190327,"13:52:01","SZ","NB",8650589082,9010742106,17661331188,-360153024
20190327,"13:53:01","SH","NB",9093391687,7775742041,16869133728,1317649646
20190327,"13:53:01","SZ","NB",8683667702,9027707054,17711374756,-344039352
20190327,"13:54:01","SZ","NB",8704122771,9044514091,17748636862,-340391320
20190327,"13:54:01","SH","NB",9120843165,7797638798,16918481963,1323204367
20190327,"13:55:01","SH","NB",9153902941,7821326599,16975229540,1332576342
20190327,"13:55:01","SZ","NB",8730699252,9061396381,17792095633,-330697129
20190327,"13:56:01","SH","NB",9195150818,7850920263,17046071081,1344230555
20190327,"13:56:01","SZ","NB",8767966834,9077241182,17845208016,-309274348
20190327,"13:57:01","SH","NB",9268232857,7884754806,17152987663,1383478051
20190327,"13:57:01","SZ","NB",8831158338,9096105723,17927264061,-264947385
20190327,"13:58:01","SH","NB",9303972947,7917223018,17221195965,1386749929
20190327,"13:58:01","SZ","NB",8870309253,9119495727,17989804980,-249186474
20190327,"13:59:01","SH","NB",9330739435,7949121901,17279861336,1381617534
20190327,"13:59:01","SZ","NB",8893128547,9140059177,18033187724,-246930630
20190327,"14:00:01","SH","NB",9356072753,7977345761,17333418514,1378726992
20190327,"14:00:01","SZ","NB",8914669877,9159085931,18073755808,-244416054
20190327,"14:01:01","SH","NB",9374204867,8024247070,17398451937,1349957797
20190327,"14:01:01","SZ","NB",8929018330,9189167582,18118185912,-260149252
20190327,"14:02:01","SZ","NB",8952341889,9211767532,18164109421,-259425643
20190327,"14:02:01","SH","NB",9398099239,8062938276,17461037515,1335160963
20190327,"14:03:01","SH","NB",9564974010,8118172441,17683146451,1446801569
20190327,"14:03:01","SZ","NB",9052439534,9242190417,18294629951,-189750883
20190327,"14:04:01","SH","NB",9625661411,8163157341,17788818752,1462504070
20190327,"14:04:01","SZ","NB",9102196594,9267989208,18370185802,-165792614
20190327,"14:05:01","SH","NB",9659612065,8213125093,17872737158,1446486972
20190327,"14:05:01","SZ","NB",9137753818,9306393231,18444147049,-168639413
20190327,"14:06:01","SH","NB",9684264009,8267920546,17952184555,1416343463
20190327,"14:06:01","SZ","NB",9165082590,9347961440,18513044030,-182878850
20190327,"14:07:01","SH","NB",9716634785,8356418878,18073053663,1360215907
20190327,"14:07:01","SZ","NB",9185537791,9424004073,18609541864,-238466282
20190327,"14:08:01","SH","NB",9740906542,8395754611,18136661153,1345151931
20190327,"14:08:01","SZ","NB",9201675577,9456758166,18658433743,-255082589
20190327,"14:09:01","SH","NB",9762528948,8426892101,18189421049,1335636847
20190327,"14:09:01","SZ","NB",9220235613,9481549801,18701785414,-261314188
20190327,"14:10:01","SZ","NB",9240298950,9502181824,18742480774,-261882874
20190327,"14:10:01","SH","NB",9792441474,8456220227,18248661701,1336221247
20190327,"14:11:01","SH","NB",9815885647,8489575308,18305460955,1326310339
20190327,"14:11:01","SZ","NB",9256969587,9528252480,18785222067,-271282893
20190327,"14:12:01","SH","NB",9842135907,8533146675,18375282582,1308989232
20190327,"14:12:01","SZ","NB",9268981639,9560229368,18829211007,-291247729
20190327,"14:13:01","SH","NB",9867004040,8568562537,18435566577,1298441503
20190327,"14:13:01","SZ","NB",9284963567,9585217703,18870181270,-300254136
20190327,"14:14:01","SH","NB",9910804167,8608415578,18519219745,1302388589
20190327,"14:14:01","SZ","NB",9335808680,9612174043,18947982723,-276365363
20190327,"14:15:01","SZ","NB",9353236199,9639134560,18992370759,-285898361
20190327,"14:15:01","SH","NB",9929322094,8651033441,18580355535,1278288653
20190327,"14:16:01","SH","NB",9953875515,8678671729,18632547244,1275203786
20190327,"14:16:01","SZ","NB",9368634552,9668532100,19037166652,-299897548
20190327,"14:17:01","SH","NB",9973398642,8715205597,18688604239,1258193045
20190327,"14:17:01","SZ","NB",9387258865,9699572449,19086831314,-312313584
20190327,"14:18:01","SH","NB",9991467387,8751068149,18742535536,1240399238
20190327,"14:18:01","SZ","NB",9404119836,9731368154,19135487990,-327248318
20190327,"14:19:01","SZ","NB",9420573963,9767760225,19188334188,-347186262
20190327,"14:19:01","SH","NB",10011104865,8786811781,18797916646,1224293084
20190327,"14:20:01","SH","NB",10033544546,8833541812,18867086358,1200002734
20190327,"14:20:01","SZ","NB",9437037873,9807722288,19244760161,-370684415
20190327,"14:21:01","SH","NB",10053296721,8869222068,18922518789,1184074653
20190327,"14:21:01","SZ","NB",9455323638,9834906256,19290229894,-379582618
20190327,"14:22:01","SH","NB",10071942278,8900856816,18972799094,1171085462
20190327,"14:22:01","SZ","NB",9476676488,9859393164,19336069652,-382716676
20190327,"14:23:01","SH","NB",10100451505,8935396727,19035848232,1165054778
20190327,"14:23:01","SZ","NB",9514028828,9891307136,19405335964,-377278308
20190327,"14:24:01","SH","NB",10142870362,8963795539,19106665901,1179074823
20190327,"14:24:01","SZ","NB",9554830816,9913936538,19468767354,-359105722
20190327,"14:25:01","SZ","NB",9578480910,9958857420,19537338330,-380376510
20190327,"14:25:01","SH","NB",10183030126,9016909418,19199939544,1166120708
20190327,"14:26:01","SH","NB",10204042703,9053315733,19257358436,1150726970
20190327,"14:26:01","SZ","NB",9595740140,9986508982,19582249122,-390768842
20190327,"14:27:01","SH","NB",10230122721,9093414745,19323537466,1136707976
20190327,"14:27:01","SZ","NB",9616080366,10012076068,19628156434,-395995702
20190327,"14:28:01","SH","NB",10263740393,9244684081,19508424474,1019056312
20190327,"14:28:01","SZ","NB",9644709511,10082227632,19726937143,-437518121
20190327,"14:29:01","SH","NB",10298800177,9414437999,19713238176,884362178
20190327,"14:29:01","SZ","NB",9674149684,10182196618,19856346302,-508046934
20190327,"14:30:01","SH","NB",10333750720,9477080770,19810831490,856669950
20190327,"14:30:01","SZ","NB",9698456845,10233587357,19932044202,-535130512
20190327,"14:31:01","SH","NB",10361942052,9528355830,19890297882,833586222
20190327,"14:31:01","SZ","NB",9722097400,10271724012,19993821412,-549626612
20190327,"14:32:01","SH","NB",10391301609,9662134627,20053436236,729166982
20190327,"14:32:01","SZ","NB",9749902951,10327205229,20077108180,-577302278
20190327,"14:33:01","SH","NB",10425519132,9702890715,20128409847,722628417
20190327,"14:33:01","SZ","NB",9776377474,10352625010,20129002484,-576247536
20190327,"14:34:01","SZ","NB",9799925185,10378410860,20178336045,-578485675
20190327,"14:34:01","SH","NB",10443067065,9734927953,20177995018,708139112
20190327,"14:35:01","SH","NB",10474600873,9769393709,20243994582,705207164
20190327,"14:35:01","SZ","NB",9826666477,10409779389,20236445866,-583112912
20190327,"14:36:01","SH","NB",10503945086,9812866117,20316811203,691078969
20190327,"14:36:01","SZ","NB",9852104840,10442234685,20294339525,-590129845
20190327,"14:37:01","SH","NB",10528875268,9944643064,20473518332,584232204
20190327,"14:37:01","SZ","NB",9870255862,10503580490,20373836352,-633324628
20190327,"14:38:01","SH","NB",10557323147,10009609753,20566932900,547713394
20190327,"14:38:01","SZ","NB",9888139061,10547311855,20435450916,-659172794
20190327,"14:39:01","SZ","NB",9907454235,10591868440,20499322675,-684414205
20190327,"14:39:01","SH","NB",10584074821,10074884769,20658959590,509190052
20190327,"14:40:01","SH","NB",10647517995,10131114750,20778632745,516403245
20190327,"14:40:01","SZ","NB",9952262432,10626931794,20579194226,-674669362
20190327,"14:41:01","SH","NB",10714566708,10184275042,20898841750,530291666
20190327,"14:41:01","SZ","NB",9998574292,10664097575,20662671867,-665523283
20190327,"14:42:01","SH","NB",10759211241,10240707135,20999918376,518504106
20190327,"14:42:01","SZ","NB",10031834831,10705252105,20737086936,-673417274
20190327,"14:43:01","SH","NB",10811899780,10292946877,21104846657,518952903
20190327,"14:43:01","SZ","NB",10060029718,10738565190,20798594908,-678535472
20190327,"14:44:01","SH","NB",10840556060,10354162030,21194718090,486394030
20190327,"14:44:01","SZ","NB",10082576564,10768339998,20850916562,-685763434
20190327,"14:45:01","SH","NB",10873622712,10384558125,21258180837,489064587
20190327,"14:45:01","SZ","NB",10117576098,10794851089,20912427187,-677274991
20190327,"14:46:01","SH","NB",10915867534,10435540822,21351408356,480326712
20190327,"14:46:01","SZ","NB",10152949639,10827730821,20980680460,-674781182
20190327,"14:47:01","SH","NB",10980048753,10499494639,21479543392,480554114
20190327,"14:47:01","SZ","NB",10204514800,10860692865,21065207665,-656178065
20190327,"14:48:01","SH","NB",11021101585,10564868906,21585970491,456232679
20190327,"14:48:01","SZ","NB",10244275273,10904338744,21148614017,-660063471
20190327,"14:49:01","SZ","NB",10282507177,10946147984,21228655161,-663640807
20190327,"14:49:01","SH","NB",11056055922,10632214999,21688270921,423840923
20190327,"14:50:01","SH","NB",11093135365,10706288776,21799424141,386846589
20190327,"14:50:01","SZ","NB",10316438092,10990527640,21306965732,-674089548
20190327,"14:51:01","SH","NB",11134794471,10786741033,21921535504,348053438
20190327,"14:51:01","SZ","NB",10354976010,11032625031,21387601041,-677649021
20190327,"14:52:01","SH","NB",11169944674,10861757805,22031702479,308186869
20190327,"14:52:01","SZ","NB",10400704331,11070392975,21471097306,-669688644
20190327,"14:53:01","SH","NB",11220603890,10943604222,22164208112,276999668
20190327,"14:53:01","SZ","NB",10452778979,11107509329,21560288308,-654730350
20190327,"14:54:01","SH","NB",11265968612,11056176311,22322144923,209792301
20190327,"14:54:01","SZ","NB",10492584308,11148372796,21640957104,-655788488
20190327,"14:55:01","SH","NB",11324805490,11121430267,22446235757,203375223
20190327,"14:55:01","SZ","NB",10532817820,11190774179,21723591999,-657956359
20190327,"14:56:01","SH","NB",11376341877,11173753468,22550095345,202588409
20190327,"14:56:01","SZ","NB",10573970092,11237253996,21811224088,-663283904
20190327,"14:57:01","SH","NB",11428495338,11238563110,22667058448,189932228
20190327,"14:57:01","SZ","NB",10609840711,11277674863,21887515574,-667834152
20190327,"14:58:01","SH","NB",11428522183,11238593059,22667115242,189929124
20190327,"15:01:01","SH","NB",11518104781,11340074939,22858179720,178029842
20190327,"15:01:01","SZ","NB",10664582831,11339722656,22004305487,-675139825
