dataDate,dataTime,connectMarket,tradeDirection,buyTurnover,sellTurnover,totalTurnover,netTurnover
20191115,"09:30:01","SH","NB",54140297,22986283,77126580,31154014
20191115,"09:30:01","SZ","NB",42075953,28600720,70676673,13475233
20191115,"09:31:01","SH","NB",166662275,124586613,291248888,42075662
20191115,"09:31:01","SZ","NB",187118369,148824255,335942624,38294114
20191115,"09:32:01","SH","NB",275406258,176100734,451506992,99305524
20191115,"09:32:01","SZ","NB",353614067,221216315,574830382,132397752
20191115,"09:33:01","SZ","NB",469091957,290429426,759521383,178662531
20191115,"09:33:01","SH","NB",366813541,234805491,601619032,132008050
20191115,"09:34:01","SH","NB",432504802,306688361,739193163,125816441
20191115,"09:34:01","SZ","NB",587042688,408831330,995874018,178211358
20191115,"09:35:01","SH","NB",528378781,353138270,881517051,175240511
20191115,"09:35:01","SZ","NB",719836751,471742703,1191579454,248094048
20191115,"09:36:01","SH","NB",589752025,391231691,980983716,198520334
20191115,"09:36:01","SZ","NB",809032062,529435434,1338467496,279596628
20191115,"09:37:01","SH","NB",643016238,441991148,1085007386,201025090
20191115,"09:37:01","SZ","NB",904681015,669713041,1574394056,234967974
20191115,"09:38:01","SH","NB",717029675,479013046,1196042721,238016629
20191115,"09:38:01","SZ","NB",1027441347,726543235,1753984582,300898112
20191115,"09:39:01","SH","NB",776529378,511608008,1288137386,264921370
20191115,"09:39:01","SZ","NB",1118757804,777800243,1896558047,340957561
20191115,"09:40:01","SH","NB",825139286,555674587,1380813873,269464699
20191115,"09:40:01","SZ","NB",1191769528,878954231,2070723759,312815297
20191115,"09:41:01","SH","NB",880821435,607368905,1488190340,273452530
20191115,"09:41:01","SZ","NB",1280486673,974567565,2255054238,305919108
20191115,"09:42:01","SH","NB",973157122,640673655,1613830777,332483467
20191115,"09:42:01","SZ","NB",1361229210,1054740469,2415969679,306488741
20191115,"09:43:01","SZ","NB",1419328160,1108156218,2527484378,311171942
20191115,"09:43:01","SH","NB",1018887185,668020174,1686907359,350867011
20191115,"09:44:01","SH","NB",1060041565,723988755,1784030320,336052810
20191115,"09:44:01","SZ","NB",1488327323,1229491740,2717819063,258835583
20191115,"09:45:01","SH","NB",1098034510,763912946,1861947456,334121564
20191115,"09:45:01","SZ","NB",1571022256,1305157196,2876179452,265865060
20191115,"09:46:01","SH","NB",1155796648,802825121,1958621769,352971527
20191115,"09:46:01","SZ","NB",1656590589,1387070502,3043661091,269520087
20191115,"09:47:01","SH","NB",1222741174,849378490,2072119664,373362684
20191115,"09:47:01","SZ","NB",1755049036,1457101792,3212150828,297947244
20191115,"09:48:01","SH","NB",1269679967,894883402,2164563369,374796565
20191115,"09:48:01","SZ","NB",1815828315,1528618119,3344446434,287210196
20191115,"09:49:01","SH","NB",1316463609,973355342,2289818951,343108267
20191115,"09:49:01","SZ","NB",1878085877,1627110691,3505196568,250975186
20191115,"09:50:01","SH","NB",1358686771,1013668438,2372355209,345018333
20191115,"09:50:01","SZ","NB",1954065287,1678331380,3632396667,275733907
20191115,"09:51:01","SH","NB",1404914471,1088746457,2493660928,316168014
20191115,"09:51:01","SZ","NB",2016853379,1781950234,3798803613,234903145
20191115,"09:52:01","SH","NB",1453932729,1160551986,2614484715,293380743
20191115,"09:52:01","SZ","NB",2091566940,1850115041,3941681981,241451899
20191115,"09:53:01","SZ","NB",2181499066,1902879766,4084378832,278619300
20191115,"09:53:01","SH","NB",1511115896,1201401222,2712517118,309714674
20191115,"09:54:01","SH","NB",1542501295,1241077444,2783578739,301423851
20191115,"09:54:01","SZ","NB",2232495743,1961434041,4193929784,271061702
20191115,"09:55:01","SH","NB",1577727413,1293155579,2870882992,284571834
20191115,"09:55:01","SZ","NB",2276709751,2035317044,4312026795,241392707
20191115,"09:56:01","SH","NB",1622389057,1334147108,2956536165,288241949
20191115,"09:56:01","SZ","NB",2356837607,2077052805,4433890412,279784802
20191115,"09:57:01","SH","NB",1653208806,1364871234,3018080040,288337572
20191115,"09:57:01","SZ","NB",2397214756,2119218938,4516433694,277995818
20191115,"09:58:01","SH","NB",1688416896,1401222095,3089638991,287194801
20191115,"09:58:01","SZ","NB",2432912114,2183597189,4616509303,249314925
20191115,"09:59:01","SZ","NB",2470896111,2231053303,4701949414,239842808
20191115,"09:59:01","SH","NB",1731365800,1454229530,3185595330,277136270
20191115,"10:00:01","SH","NB",1763840059,1499015128,3262855187,264824931
20191115,"10:00:01","SZ","NB",2498814361,2297940215,4796754576,200874146
20191115,"10:01:01","SH","NB",1806751181,1566173565,3372924746,240577616
20191115,"10:01:01","SZ","NB",2560884355,2394729424,4955613779,166154931
20191115,"10:02:01","SH","NB",1863967372,1595870485,3459837857,268096887
20191115,"10:02:01","SZ","NB",2665814761,2452630247,5118445008,213184514
20191115,"10:03:01","SH","NB",1905196954,1629484001,3534680955,275712953
20191115,"10:03:01","SZ","NB",2711117968,2494798900,5205916868,216319068
20191115,"10:04:01","SH","NB",1933013651,1659303249,3592316900,273710402
20191115,"10:04:01","SZ","NB",2746753251,2544717289,5291470540,202035962
20191115,"10:05:01","SH","NB",1959847913,1688634656,3648482569,271213257
20191115,"10:05:01","SZ","NB",2779887663,2586955465,5366843128,192932198
20191115,"10:06:01","SH","NB",1987172875,1717299713,3704472588,269873162
20191115,"10:06:01","SZ","NB",2828663875,2625793663,5454457538,202870212
20191115,"10:07:01","SZ","NB",2855459935,2674150140,5529610075,181309795
20191115,"10:07:01","SH","NB",2017223643,1751790595,3769014238,265433048
20191115,"10:08:01","SH","NB",2046591932,1790327540,3836919472,256264392
20191115,"10:08:01","SZ","NB",2887133495,2745743716,5632877211,141389779
20191115,"10:09:01","SH","NB",2070011617,1810206066,3880217683,259805551
20191115,"10:09:01","SZ","NB",2919712537,2786283950,5705996487,133428587
20191115,"10:10:01","SH","NB",2105513859,1829909443,3935423302,275604416
20191115,"10:10:01","SZ","NB",2956206227,2820421818,5776628045,135784409
20191115,"10:11:01","SH","NB",2140929037,1857739830,3998668867,283189207
20191115,"10:11:01","SZ","NB",2995625229,2854686509,5850311738,140938720
20191115,"10:12:01","SH","NB",2175751223,1876797554,4052548777,298953669
20191115,"10:12:01","SZ","NB",3035702608,2882423634,5918126242,153278974
20191115,"10:13:01","SZ","NB",3074766672,2914783631,5989550303,159983041
20191115,"10:13:01","SH","NB",2216175447,1895516128,4111691575,320659319
20191115,"10:14:01","SH","NB",2245747439,1921673127,4167420566,324074312
20191115,"10:14:01","SZ","NB",3105265517,2958834349,6064099866,146431168
20191115,"10:15:01","SH","NB",2269082884,1943404970,4212487854,325677914
20191115,"10:15:01","SZ","NB",3131834813,2994961828,6126796641,136872985
20191115,"10:16:01","SH","NB",2290472898,1970631667,4261104565,319841231
20191115,"10:16:01","SZ","NB",3167351160,3024442407,6191793567,142908753
20191115,"10:17:01","SH","NB",2316026837,2007486289,4323513126,308540548
20191115,"10:17:01","SZ","NB",3202441286,3092000453,6294441739,110440833
20191115,"10:18:01","SH","NB",2344488469,2026598156,4371086625,317890313
20191115,"10:18:01","SZ","NB",3233776174,3125703804,6359479978,108072370
20191115,"10:19:01","SH","NB",2363827919,2049906342,4413734261,313921577
20191115,"10:19:01","SZ","NB",3259694573,3153782134,6413476707,105912439
20191115,"10:20:01","SH","NB",2387162666,2078610727,4465773393,308551939
20191115,"10:20:01","SZ","NB",3282448060,3179703973,6462152033,102744087
20191115,"10:21:01","SZ","NB",3320524020,3214061623,6534585643,106462397
20191115,"10:21:01","SH","NB",2411420430,2104108118,4515528548,307312312
20191115,"10:22:01","SH","NB",2436577927,2124213531,4560791458,312364396
20191115,"10:22:01","SZ","NB",3357600332,3247980712,6605581044,109619620
20191115,"10:23:01","SH","NB",2462307138,2155110191,4617417329,307196947
20191115,"10:23:01","SZ","NB",3382989675,3289352285,6672341960,93637390
20191115,"10:24:01","SH","NB",2480116196,2176888293,4657004489,303227903
20191115,"10:24:01","SZ","NB",3406306913,3324810503,6731117416,81496410
20191115,"10:25:01","SH","NB",2501983236,2203898240,4705881476,298084996
20191115,"10:25:01","SZ","NB",3431170118,3355221084,6786391202,75949034
20191115,"10:26:01","SZ","NB",3455963414,3378936081,6834899495,77027333
20191115,"10:26:01","SH","NB",2525083382,2223776769,4748860151,301306613
20191115,"10:27:01","SH","NB",2549189566,2242413386,4791602952,306776180
20191115,"10:27:01","SZ","NB",3489312187,3420087427,6909399614,69224760
20191115,"10:28:01","SH","NB",2568208390,2264598111,4832806501,303610279
20191115,"10:28:01","SZ","NB",3518853461,3451909676,6970763137,66943785
20191115,"10:29:01","SH","NB",2589025009,2280671923,4869696932,308353086
20191115,"10:29:01","SZ","NB",3553042707,3471275574,7024318281,81767133
20191115,"10:30:01","SH","NB",2612209552,2298068356,4910277908,314141196
20191115,"10:30:01","SZ","NB",3584044272,3492778623,7076822895,91265649
20191115,"10:31:01","SH","NB",2641678350,2324161464,4965839814,317516886
20191115,"10:31:01","SZ","NB",3612014666,3521412777,7133427443,90601889
20191115,"10:32:01","SH","NB",2664306357,2340504974,5004811331,323801383
20191115,"10:32:01","SZ","NB",3638769958,3547523758,7186293716,91246200
20191115,"10:33:01","SH","NB",2689529412,2357269099,5046798511,332260313
20191115,"10:33:01","SZ","NB",3658497198,3569752244,7228249442,88744954
20191115,"10:34:01","SH","NB",2708632887,2379847985,5088480872,328784902
20191115,"10:34:01","SZ","NB",3685734634,3604405073,7290139707,81329561
20191115,"10:35:01","SZ","NB",3714694585,3647028321,7361722906,67666264
20191115,"10:35:01","SH","NB",2740784433,2419203234,5159987667,321581199
20191115,"10:36:01","SH","NB",2762296518,2442989236,5205285754,319307282
20191115,"10:36:01","SZ","NB",3743489499,3676886983,7420376482,66602516
20191115,"10:37:01","SH","NB",2784565162,2462502954,5247068116,322062208
20191115,"10:37:01","SZ","NB",3775618093,3695697225,7471315318,79920868
20191115,"10:38:01","SH","NB",2810275220,2481356160,5291631380,328919060
20191115,"10:38:01","SZ","NB",3803425608,3715971115,7519396723,87454493
20191115,"10:39:01","SH","NB",2838924913,2495343975,5334268888,343580938
20191115,"10:39:01","SZ","NB",3827895188,3737496840,7565392028,90398348
20191115,"10:40:01","SH","NB",2920261359,2528845930,5449107289,391415429
20191115,"10:40:01","SZ","NB",3904147645,3770966726,7675114371,133180919
20191115,"10:41:01","SH","NB",3288674557,2593852919,5882527476,694821638
20191115,"10:41:01","SZ","NB",4066475785,3880667298,7947143083,185808487
20191115,"10:42:01","SH","NB",3347713732,2641333812,5989047544,706379920
20191115,"10:42:01","SZ","NB",4104178820,3967354531,8071533351,136824289
20191115,"10:43:01","SH","NB",3389076328,2664836529,6053912857,724239799
20191115,"10:43:01","SZ","NB",4135687330,3999790495,8135477825,135896835
20191115,"10:44:01","SH","NB",3427761997,2689625401,6117387398,738136596
20191115,"10:44:01","SZ","NB",4163959705,4031325336,8195285041,132634369
20191115,"10:45:01","SZ","NB",4187793736,4076022305,8263816041,111771431
20191115,"10:45:01","SH","NB",3454872680,2714415237,6169287917,740457443
20191115,"10:46:01","SH","NB",3483167834,2732931714,6216099548,750236120
20191115,"10:46:01","SZ","NB",4206627761,4099190918,8305818679,107436843
20191115,"10:47:01","SH","NB",3504673415,2750884899,6255558314,753788516
20191115,"10:47:01","SZ","NB",4222375636,4133617725,8355993361,88757911
20191115,"10:48:01","SH","NB",3523057135,2768726432,6291783567,754330703
20191115,"10:48:01","SZ","NB",4239467372,4160931120,8400398492,78536252
20191115,"10:49:01","SZ","NB",4255827367,4181727717,8437555084,74099650
20191115,"10:49:01","SH","NB",3543266739,2784215831,6327482570,759050908
20191115,"10:50:01","SH","NB",3567861969,2799982496,6367844465,767879473
20191115,"10:50:01","SZ","NB",4276762944,4197200448,8473963392,79562496
20191115,"10:51:01","SH","NB",3611259365,2816638464,6427897829,794620901
20191115,"10:51:01","SZ","NB",4305615550,4213245567,8518861117,92369983
20191115,"10:52:01","SH","NB",3632883613,2833036520,6465920133,799847093
20191115,"10:52:01","SZ","NB",4325224088,4233150270,8558374358,92073818
20191115,"10:53:01","SH","NB",3663882102,2848770037,6512652139,815112065
20191115,"10:53:01","SZ","NB",4350513338,4247139235,8597652573,103374103
20191115,"10:54:01","SH","NB",3708182766,2867994239,6576177005,840188527
20191115,"10:54:01","SZ","NB",4389714298,4278294915,8668009213,111419383
20191115,"10:55:01","SH","NB",3735233728,2884721249,6619954977,850512479
20191115,"10:55:01","SZ","NB",4418239071,4298842100,8717081171,119396971
20191115,"10:56:01","SZ","NB",4443886480,4318684671,8762571151,125201809
20191115,"10:56:01","SH","NB",3760693429,2917136880,6677830309,843556549
20191115,"10:57:01","SH","NB",3784894763,2939835903,6724730666,845058860
20191115,"10:57:01","SZ","NB",4472152344,4334265540,8806417884,137886804
20191115,"10:58:01","SH","NB",3803005226,2953819013,6756824239,849186213
20191115,"10:58:01","SZ","NB",4504812048,4355511427,8860323475,149300621
20191115,"10:59:01","SH","NB",3843174672,2968910002,6812084674,874264670
20191115,"10:59:01","SZ","NB",4548574264,4378774596,8927348860,169799668
20191115,"11:00:01","SH","NB",3881286857,2987043628,6868330485,894243229
20191115,"11:00:01","SZ","NB",4591005750,4402870446,8993876196,188135304
20191115,"11:01:01","SH","NB",4007259159,3015278307,7022537466,991980852
20191115,"11:01:01","SZ","NB",4733350259,4440087786,9173438045,293262473
20191115,"11:02:01","SH","NB",4049731723,3069412123,7119143846,980319600
20191115,"11:02:01","SZ","NB",4773948993,4522758001,9296706994,251190992
20191115,"11:03:01","SZ","NB",4803528561,4559866010,9363394571,243662551
20191115,"11:03:01","SH","NB",4078816110,3099561714,7178377824,979254396
20191115,"11:04:01","SH","NB",4100805868,3121600117,7222405985,979205751
20191115,"11:04:01","SZ","NB",4830102782,4580581998,9410684780,249520784
20191115,"11:05:01","SH","NB",4123876593,3140806858,7264683451,983069735
20191115,"11:05:01","SZ","NB",4854979044,4610594353,9465573397,244384691
20191115,"11:06:01","SH","NB",4146276231,3157964232,7304240463,988311999
20191115,"11:06:01","SZ","NB",4877379643,4631807863,9509187506,245571780
20191115,"11:07:01","SH","NB",4162847245,3177860499,7340707744,984986746
20191115,"11:07:01","SZ","NB",4893727335,4652033245,9545760580,241694090
20191115,"11:08:01","SH","NB",4182352241,3199304953,7381657194,983047288
20191115,"11:08:01","SZ","NB",4913077136,4667418357,9580495493,245658779
20191115,"11:09:01","SH","NB",4200278765,3224107353,7424386118,976171412
20191115,"11:09:01","SZ","NB",4942144083,4689540308,9631684391,252603775
20191115,"11:10:01","SH","NB",4218996380,3244478420,7463474800,974517960
20191115,"11:10:01","SZ","NB",4965540809,4718493214,9684034023,247047595
20191115,"11:11:01","SH","NB",4236262002,3265165005,7501427007,971096997
20191115,"11:11:01","SZ","NB",4992532178,4739204836,9731737014,253327342
20191115,"11:12:01","SH","NB",4257528601,3284551059,7542079660,972977542
20191115,"11:12:01","SZ","NB",5018665350,4767965046,9786630396,250700304
20191115,"11:13:01","SZ","NB",5040266825,4781818799,9822085624,258448026
20191115,"11:13:01","SH","NB",4278812241,3296556352,7575368593,982255889
20191115,"11:14:01","SH","NB",4303541313,3309039479,7612580792,994501834
20191115,"11:14:01","SZ","NB",5065242569,4797030201,9862272770,268212368
20191115,"11:15:01","SH","NB",4322939613,3318842633,7641782246,1004096980
20191115,"11:15:01","SZ","NB",5089290997,4810639439,9899930436,278651558
20191115,"11:16:01","SH","NB",4347660629,3334038782,7681699411,1013621847
20191115,"11:16:01","SZ","NB",5114896356,4822507685,9937404041,292388671
20191115,"11:17:01","SH","NB",4363448260,3344016647,7707464907,1019431613
20191115,"11:17:01","SZ","NB",5137342319,4839538482,9976880801,297803837
20191115,"11:18:01","SH","NB",4382676783,3355428878,7738105661,1027247905
20191115,"11:18:01","SZ","NB",5155856454,4853505535,10009361989,302350919
20191115,"11:19:01","SZ","NB",5180971227,4867377175,10048348402,313594052
20191115,"11:19:01","SH","NB",4398270640,3367992695,7766263335,1030277945
20191115,"11:20:01","SH","NB",4417195378,3384692069,7801887447,1032503309
20191115,"11:20:01","SZ","NB",5212523085,4880558805,10093081890,331964280
20191115,"11:21:01","SH","NB",4441211113,3421329295,7862540408,1019881818
20191115,"11:21:01","SZ","NB",5236452925,4922081397,10158534322,314371528
20191115,"11:22:01","SH","NB",4462498317,3438341975,7900840292,1024156342
20191115,"11:22:01","SZ","NB",5258109788,4948841450,10206951238,309268338
20191115,"11:23:01","SH","NB",4478726285,3452815380,7931541665,1025910905
20191115,"11:23:01","SZ","NB",5280453694,4964471316,10244925010,315982378
20191115,"11:24:01","SH","NB",4497419661,3466799907,7964219568,1030619754
20191115,"11:24:01","SZ","NB",5298034711,4981212490,10279247201,316822221
20191115,"11:25:01","SH","NB",4513563453,3490070115,8003633568,1023493338
20191115,"11:25:01","SZ","NB",5316990215,5000901494,10317891709,316088721
20191115,"11:26:01","SZ","NB",5339887488,5017976894,10357864382,321910594
20191115,"11:26:01","SH","NB",4532776787,3508139842,8040916629,1024636945
20191115,"11:27:01","SH","NB",4548858248,3521802020,8070660268,1027056228
20191115,"11:27:01","SZ","NB",5359265596,5037740812,10397006408,321524784
20191115,"11:28:01","SH","NB",4564035143,3534233104,8098268247,1029802039
20191115,"11:28:01","SZ","NB",5380326731,5050918318,10431245049,329408413
20191115,"11:29:01","SH","NB",4577480775,3546933126,8124413901,1030547649
20191115,"11:29:01","SZ","NB",5400282176,5065861519,10466143695,334420657
20191115,"11:30:01","SH","NB",4594868577,3557800680,8152669257,1037067897
20191115,"11:30:01","SZ","NB",5412734345,5076339109,10489073454,336395236
20191115,"11:31:01","SH","NB",4594979162,3557951284,8152930446,1037027878
20191115,"11:31:01","SZ","NB",5412912667,5076405478,10489318145,336507189
20191115,"13:01:01","SH","NB",4651359520,3602139018,8253498538,1049220502
20191115,"13:01:01","SZ","NB",5485840768,5119017515,10604858283,366823253
20191115,"13:02:01","SH","NB",4672577969,3626905057,8299483026,1045672912
20191115,"13:02:01","SZ","NB",5518929527,5149665337,10668594864,369264190
20191115,"13:03:01","SH","NB",4693463414,3641636366,8335099780,1051827048
20191115,"13:03:01","SZ","NB",5546484537,5166216518,10712701055,380268019
20191115,"13:04:01","SH","NB",4710802398,3659181302,8369983700,1051621096
20191115,"13:04:01","SZ","NB",5580224875,5182561739,10762786614,397663136
20191115,"13:05:01","SZ","NB",5608241105,5200300744,10808541849,407940361
20191115,"13:05:01","SH","NB",4732049459,3680080254,8412129713,1051969205
20191115,"13:06:01","SH","NB",4750556883,3697538548,8448095431,1053018335
20191115,"13:06:01","SZ","NB",5634650818,5221250066,10855900884,413400752
20191115,"13:07:01","SH","NB",4765018461,3716060885,8481079346,1048957576
20191115,"13:07:01","SZ","NB",5660921251,5243283698,10904204949,417637553
20191115,"13:08:01","SH","NB",4780347441,3731808002,8512155443,1048539439
20191115,"13:08:01","SZ","NB",5680674220,5259576437,10940250657,421097783
20191115,"13:09:01","SH","NB",4794456436,3748265965,8542722401,1046190471
20191115,"13:09:01","SZ","NB",5708994798,5279238075,10988232873,429756723
20191115,"13:10:01","SH","NB",4811503760,3769363935,8580867695,1042139825
20191115,"13:10:01","SZ","NB",5730751133,5300800232,11031551365,429950901
20191115,"13:11:01","SH","NB",4828280467,3802421375,8630701842,1025859092
20191115,"13:11:01","SZ","NB",5750545811,5325662978,11076208789,424882833
20191115,"13:12:01","SH","NB",4846196752,3834904517,8681101269,1011292235
20191115,"13:12:01","SZ","NB",5775055133,5355844021,11130899154,419211112
20191115,"13:13:01","SH","NB",4863389127,3866677462,8730066589,996711665
20191115,"13:13:01","SZ","NB",5799885234,5381601354,11181486588,418283880
20191115,"13:14:01","SH","NB",4884706384,3890375163,8775081547,994331221
20191115,"13:14:01","SZ","NB",5825364551,5399447637,11224812188,425916914
20191115,"13:15:01","SZ","NB",5849129116,5420534447,11269663563,428594669
20191115,"13:15:01","SH","NB",4898688371,3907930560,8806618931,990757811
20191115,"13:16:01","SH","NB",4913589483,3927804203,8841393686,985785280
20191115,"13:16:01","SZ","NB",5868800765,5441968052,11310768817,426832713
20191115,"13:17:01","SH","NB",4934912132,3951371111,8886283243,983541021
20191115,"13:17:01","SZ","NB",5895461591,5459831065,11355292656,435630526
20191115,"13:18:01","SH","NB",4951678537,3968774046,8920452583,982904491
20191115,"13:18:01","SZ","NB",5918876938,5476916369,11395793307,441960569
20191115,"13:19:01","SH","NB",4967026451,3991328023,8958354474,975698428
20191115,"13:19:01","SZ","NB",5939059934,5493321149,11432381083,445738785
20191115,"13:20:01","SH","NB",4979442853,4011903301,8991346154,967539552
20191115,"13:20:01","SZ","NB",5960026620,5508048909,11468075529,451977711
20191115,"13:21:01","SZ","NB",5983379145,5528847397,11512226542,454531748
20191115,"13:21:01","SH","NB",4997372919,4029125761,9026498680,968247158
20191115,"13:22:01","SH","NB",5015600519,4053001925,9068602444,962598594
20191115,"13:22:01","SZ","NB",6006424837,5550116505,11556541342,456308332
20191115,"13:23:01","SH","NB",5030260575,4070490689,9100751264,959769886
20191115,"13:23:01","SZ","NB",6029902125,5570575381,11600477506,459326744
20191115,"13:24:01","SH","NB",5050047152,4089800745,9139847897,960246407
20191115,"13:24:01","SZ","NB",6052279206,5582036484,11634315690,470242722
20191115,"13:25:01","SH","NB",5065095834,4108166410,9173262244,956929424
20191115,"13:25:01","SZ","NB",6076981496,5596739748,11673721244,480241748
20191115,"13:26:01","SH","NB",5081389897,4127656040,9209045937,953733857
20191115,"13:26:01","SZ","NB",6098667842,5612267094,11710934936,486400748
20191115,"13:27:01","SH","NB",5097544385,4145715135,9243259520,951829250
20191115,"13:27:01","SZ","NB",6121027610,5628437910,11749465520,492589700
20191115,"13:28:01","SH","NB",5115353654,4162506067,9277859721,952847587
20191115,"13:28:01","SZ","NB",6142816728,5646947035,11789763763,495869693
20191115,"13:29:01","SZ","NB",6161929472,5668900984,11830830456,493028488
20191115,"13:29:01","SH","NB",5131103006,4179368601,9310471607,951734405
20191115,"13:30:01","SH","NB",5145131328,4196584861,9341716189,948546467
20191115,"13:30:01","SZ","NB",6183011516,5682270623,11865282139,500740893
20191115,"13:31:01","SH","NB",5163110685,4218533224,9381643909,944577461
20191115,"13:31:01","SZ","NB",6200636646,5704084680,11904721326,496551966
20191115,"13:32:01","SH","NB",5176520992,4234527930,9411048922,941993062
20191115,"13:32:01","SZ","NB",6215766989,5721802000,11937568989,493964989
20191115,"13:33:01","SH","NB",5192604401,4251704999,9444309400,940899402
20191115,"13:33:01","SZ","NB",6246013820,5756817165,12002830985,489196655
20191115,"13:34:01","SZ","NB",6272759307,5774443168,12047202475,498316139
20191115,"13:34:01","SH","NB",5210593728,4272740168,9483333896,937853560
20191115,"13:35:01","SH","NB",5230803138,4298274814,9529077952,932528324
20191115,"13:35:01","SZ","NB",6298968318,5789814398,12088782716,509153920
20191115,"13:36:01","SH","NB",5254587407,4321328478,9575915885,933258929
20191115,"13:36:01","SZ","NB",6323853072,5810637382,12134490454,513215690
20191115,"13:37:01","SH","NB",5274464812,4347063961,9621528773,927400851
20191115,"13:37:01","SZ","NB",6349159061,5834111338,12183270399,515047723
20191115,"13:38:01","SH","NB",5291541713,4367994676,9659536389,923547037
20191115,"13:38:01","SZ","NB",6369631523,5851910586,12221542109,517720937
20191115,"13:39:01","SH","NB",5308573822,4387068630,9695642452,921505192
20191115,"13:39:01","SZ","NB",6392308904,5874440411,12266749315,517868493
20191115,"13:40:01","SH","NB",5323856049,4407391841,9731247890,916464208
20191115,"13:40:01","SZ","NB",6414590692,5889884902,12304475594,524705790
20191115,"13:41:01","SH","NB",5345686602,4427436052,9773122654,918250550
20191115,"13:41:01","SZ","NB",6436125210,5906620342,12342745552,529504868
20191115,"13:42:01","SZ","NB",6464948352,5924070933,12389019285,540877419
20191115,"13:42:01","SH","NB",5368292365,4452262723,9820555088,916029642
20191115,"13:43:01","SH","NB",5385087059,4472975398,9858062457,912111661
20191115,"13:43:01","SZ","NB",6489550243,5948390330,12437940573,541159913
20191115,"13:44:01","SH","NB",5400901428,4498175297,9899076725,902726131
20191115,"13:44:01","SZ","NB",6509338201,5965822442,12475160643,543515759
20191115,"13:45:01","SH","NB",5419311455,4519340931,9938652386,899970524
20191115,"13:45:01","SZ","NB",6530860844,5985758699,12516619543,545102145
20191115,"13:46:01","SH","NB",5434785170,4542091598,9976876768,892693572
20191115,"13:46:01","SZ","NB",6553321992,6009889992,12563211984,543432000
20191115,"13:47:01","SH","NB",5449584543,4564482449,10014066992,885102094
20191115,"13:47:01","SZ","NB",6573771884,6031239746,12605011630,542532138
20191115,"13:48:01","SZ","NB",6592726437,6060977300,12653703737,531749137
20191115,"13:48:01","SH","NB",5470885161,4591560953,10062446114,879324208
20191115,"13:49:01","SH","NB",5491663738,4630050234,10121713972,861613504
20191115,"13:49:01","SZ","NB",6615930622,6096788289,12712718911,519142333
20191115,"13:50:01","SH","NB",5507942524,4657733728,10165676252,850208796
20191115,"13:50:01","SZ","NB",6641743946,6128156285,12769900231,513587661
20191115,"13:51:01","SH","NB",5532558684,4719400082,10251958766,813158602
20191115,"13:51:01","SZ","NB",6679874428,6173700556,12853574984,506173872
20191115,"13:52:01","SH","NB",5555159426,4755934136,10311093562,799225290
20191115,"13:52:01","SZ","NB",6707079230,6206372654,12913451884,500706576
20191115,"13:53:01","SH","NB",5578256546,4786571672,10364828218,791684874
20191115,"13:53:01","SZ","NB",6734856714,6227996356,12962853070,506860358
20191115,"13:54:01","SZ","NB",6762104241,6246843942,13008948183,515260299
20191115,"13:54:01","SH","NB",5598335276,4808193778,10406529054,790141498
20191115,"13:55:01","SH","NB",5616704443,4831109199,10447813642,785595244
20191115,"13:55:01","SZ","NB",6793384355,6264982511,13058366866,528401844
20191115,"13:56:01","SH","NB",5633719872,4851503741,10485223613,782216131
20191115,"13:56:01","SZ","NB",6818807534,6287332011,13106139545,531475523
20191115,"13:57:01","SH","NB",5646961733,4876291856,10523253589,770669877
20191115,"13:57:01","SZ","NB",6844696980,6312908446,13157605426,531788534
20191115,"13:58:01","SH","NB",5669052222,4896492449,10565544671,772559773
20191115,"13:58:01","SZ","NB",6866301851,6334192459,13200494310,532109392
20191115,"13:59:01","SH","NB",5683451212,4914715394,10598166606,768735818
20191115,"13:59:01","SZ","NB",6881410683,6352139867,13233550550,529270816
20191115,"14:00:01","SH","NB",5700281118,4938556534,10638837652,761724584
20191115,"14:00:01","SZ","NB",6899718496,6372923710,13272642206,526794786
20191115,"14:01:01","SH","NB",5728791776,4972321798,10701113574,756469978
20191115,"14:01:01","SZ","NB",6924413394,6400397069,13324810463,524016325
20191115,"14:02:01","SZ","NB",6947753672,6423488200,13371241872,524265472
20191115,"14:02:01","SH","NB",5747242110,4997994012,10745236122,749248098
20191115,"14:03:01","SH","NB",5766730444,5025251100,10791981544,741479344
20191115,"14:03:01","SZ","NB",6971845887,6448231086,13420076973,523614801
20191115,"14:04:01","SH","NB",5790582255,5050397899,10840980154,740184356
20191115,"14:04:01","SZ","NB",7003533009,6482022329,13485555338,521510680
20191115,"14:05:01","SH","NB",5811717265,5080455412,10892172677,731261853
20191115,"14:05:01","SZ","NB",7025520367,6509026152,13534546519,516494215
20191115,"14:06:01","SH","NB",5833580569,5107611066,10941191635,725969503
20191115,"14:06:01","SZ","NB",7062371747,6543471179,13605842926,518900568
20191115,"14:07:01","SH","NB",5871737606,5136470400,11008208006,735267206
20191115,"14:07:01","SZ","NB",7108438022,6566841318,13675279340,541596704
20191115,"14:08:01","SH","NB",5900618630,5159066976,11059685606,741551654
20191115,"14:08:01","SZ","NB",7156900749,6589163107,13746063856,567737642
20191115,"14:09:01","SH","NB",5921166089,5191607079,11112773168,729559010
20191115,"14:09:01","SZ","NB",7179027467,6617544926,13796572393,561482541
20191115,"14:10:01","SZ","NB",7203234145,6649287611,13852521756,553946534
20191115,"14:10:01","SH","NB",5939882439,5218163379,11158045818,721719060
20191115,"14:11:01","SH","NB",5957688878,5240508877,11198197755,717180001
20191115,"14:11:01","SZ","NB",7226309595,6669650356,13895959951,556659239
20191115,"14:12:01","SH","NB",5972917784,5260149608,11233067392,712768176
20191115,"14:12:01","SZ","NB",7248533037,6689316166,13937849203,559216871
20191115,"14:13:01","SH","NB",5994592008,5281936408,11276528416,712655600
20191115,"14:13:01","SZ","NB",7271054550,6715783035,13986837585,555271515
20191115,"14:14:01","SH","NB",6012738471,5308394818,11321133289,704343653
20191115,"14:14:01","SZ","NB",7297569208,6732504367,14030073575,565064841
20191115,"14:15:01","SH","NB",6028796685,5328970778,11357767463,699825907
20191115,"14:15:01","SZ","NB",7317488425,6752663554,14070151979,564824871
20191115,"14:16:01","SZ","NB",7340119197,6775275948,14115395145,564843249
20191115,"14:16:01","SH","NB",6048350216,5353511981,11401862197,694838235
20191115,"14:17:01","SH","NB",6072369433,5377684851,11450054284,694684582
20191115,"14:17:01","SZ","NB",7376693251,6796543157,14173236408,580150094
20191115,"14:18:01","SH","NB",6097243372,5400817696,11498061068,696425676
20191115,"14:18:01","SZ","NB",7400491864,6819660856,14220152720,580831008
20191115,"14:19:01","SH","NB",6117033383,5425759002,11542792385,691274381
20191115,"14:19:01","SZ","NB",7424661505,6847703369,14272364874,576958136
20191115,"14:20:01","SH","NB",6138968375,5448748178,11587716553,690220197
20191115,"14:20:01","SZ","NB",7451699640,6878790659,14330490299,572908981
20191115,"14:21:01","SH","NB",6169280097,5488064217,11657344314,681215880
20191115,"14:21:01","SZ","NB",7479007734,6916318973,14395326707,562688761
20191115,"14:22:01","SH","NB",6193558252,5521382643,11714940895,672175609
20191115,"14:22:01","SZ","NB",7517968710,6950214853,14468183563,567753857
20191115,"14:23:01","SH","NB",6223085698,5565688212,11788773910,657397486
20191115,"14:23:01","SZ","NB",7571600113,6983773136,14555373249,587826977
20191115,"14:24:01","SZ","NB",7623058618,7014383037,14637441655,608675581
20191115,"14:24:01","SH","NB",6251903379,5591871189,11843774568,660032190
20191115,"14:25:01","SH","NB",6273599751,5619189074,11892788825,654410677
20191115,"14:25:01","SZ","NB",7657771690,7041142666,14698914356,616629024
20191115,"14:26:01","SH","NB",6294581050,5651324311,11945905361,643256739
20191115,"14:26:01","SZ","NB",7684594672,7067016982,14751611654,617577690
20191115,"14:27:01","SH","NB",6320596238,5683251799,12003848037,637344439
20191115,"14:27:01","SZ","NB",7707142943,7092539468,14799682411,614603475
20191115,"14:28:01","SH","NB",6342386329,5719844896,12062231225,622541433
20191115,"14:28:01","SZ","NB",7741906939,7119052069,14860959008,622854870
20191115,"14:29:01","SH","NB",6373787478,5762877480,12136664958,610909998
20191115,"14:29:01","SZ","NB",7775585007,7158374342,14933959349,617210665
20191115,"14:30:01","SH","NB",6432332613,5805658889,12237991502,626673724
20191115,"14:30:01","SZ","NB",7820606145,7187397056,15008003201,633209089
20191115,"14:31:01","SH","NB",6466193490,5842458475,12308651965,623735015
20191115,"14:31:01","SZ","NB",7866254015,7217256720,15083510735,648997295
20191115,"14:32:01","SZ","NB",7903236064,7245531495,15148767559,657704569
20191115,"14:32:01","SH","NB",6504859909,5879119311,12383979220,625740598
20191115,"14:33:01","SH","NB",6557848530,5921343119,12479191649,636505411
20191115,"14:33:01","SZ","NB",7962977698,7281986495,15244964193,680991203
20191115,"14:34:01","SH","NB",6586592636,5963622187,12550214823,622970449
20191115,"14:34:01","SZ","NB",7998942752,7313608080,15312550832,685334672
20191115,"14:35:01","SH","NB",6610448146,5995358642,12605806788,615089504
20191115,"14:35:01","SZ","NB",8031074466,7340611289,15371685755,690463177
20191115,"14:36:01","SH","NB",6641572534,6027188749,12668761283,614383785
20191115,"14:36:01","SZ","NB",8060984955,7372008122,15432993077,688976833
20191115,"14:37:01","SH","NB",6672846691,6060308988,12733155679,612537703
20191115,"14:37:01","SZ","NB",8093927789,7407670879,15501598668,686256910
20191115,"14:38:01","SH","NB",6700516865,6099724012,12800240877,600792853
20191115,"14:38:01","SZ","NB",8130962709,7450534059,15581496768,680428650
20191115,"14:39:01","SH","NB",6732527950,6138495417,12871023367,594032533
20191115,"14:39:01","SZ","NB",8169231081,7489723760,15658954841,679507321
20191115,"14:40:01","SZ","NB",8201457656,7536707694,15738165350,664749962
20191115,"14:40:01","SH","NB",6765742107,6176300807,12942042914,589441300
20191115,"14:41:01","SH","NB",6800896756,6222170453,13023067209,578726303
20191115,"14:41:01","SZ","NB",8240358978,7580011995,15820370973,660346983
20191115,"14:42:01","SH","NB",6833426892,6267499972,13100926864,565926920
20191115,"14:42:01","SZ","NB",8279238345,7613614985,15892853330,665623360
20191115,"14:43:01","SH","NB",6864508493,6307703421,13172211914,556805072
20191115,"14:43:01","SZ","NB",8318436227,7645285282,15963721509,673150945
20191115,"14:44:01","SH","NB",6900023924,6341011210,13241035134,559012714
20191115,"14:44:01","SZ","NB",8358520560,7676442450,16034963010,682078110
20191115,"14:45:01","SH","NB",6941742140,6375620902,13317363042,566121238
20191115,"14:45:01","SZ","NB",8395711945,7707014975,16102726920,688696970
20191115,"14:46:01","SH","NB",7001249018,6418154386,13419403404,583094632
20191115,"14:46:01","SZ","NB",8450549281,7749883368,16200432649,700665913
20191115,"14:47:01","SZ","NB",8492188513,7786511699,16278700212,705676814
20191115,"14:47:01","SH","NB",7040360451,6455640295,13496000746,584720156
20191115,"14:48:01","SH","NB",7075868540,6486106473,13561975013,589762067
20191115,"14:48:01","SZ","NB",8529231706,7822655830,16351887536,706575876
20191115,"14:49:01","SH","NB",7107224090,6526795219,13634019309,580428871
20191115,"14:49:01","SZ","NB",8569044415,7859423346,16428467761,709621069
20191115,"14:50:01","SH","NB",7152304763,6572367319,13724672082,579937444
20191115,"14:50:01","SZ","NB",8616472652,7896497270,16512969922,719975382
20191115,"14:51:01","SH","NB",7202020105,6635836294,13837856399,566183811
20191115,"14:51:01","SZ","NB",8669852801,7970903981,16640756782,698948820
20191115,"14:52:01","SH","NB",7249504028,6695518535,13945022563,553985493
20191115,"14:52:01","SZ","NB",8728589753,8036636803,16765226556,691952950
20191115,"14:53:01","SZ","NB",8807024205,8094622646,16901646851,712401559
20191115,"14:53:01","SH","NB",7309482873,6748927005,14058409878,560555868
20191115,"14:54:01","SH","NB",7384795749,6807318212,14192113961,577477537
20191115,"14:54:01","SZ","NB",8900948195,8143499144,17044447339,757449051
20191115,"14:55:01","SH","NB",7457341043,6861781577,14319122620,595559466
20191115,"14:55:01","SZ","NB",8983936904,8187040579,17170977483,796896325
20191115,"14:56:01","SH","NB",7534253003,6920209147,14454462150,614043856
20191115,"14:56:01","SZ","NB",9065121772,8235004103,17300125875,830117669
20191115,"14:57:01","SH","NB",7594159877,6967479847,14561639724,626680030
20191115,"14:57:01","SZ","NB",9132505795,8278954917,17411460712,853550878
20191115,"14:58:01","SH","NB",7594402759,6967732476,14562135235,626670283
20191115,"14:58:01","SZ","NB",9132560815,8278954917,17411515732,853605898
20191115,"15:01:01","SH","NB",7757644670,7030116810,14787761480,727527860
20191115,"15:01:01","SZ","NB",9318491103,8362078984,17680570087,956412119
