dataDate,dataTime,connectMarket,tradeDirection,buyTurnover,sellTurnover,totalTurnover,netTurnover
20200915,"09:30:01","SH","NB",109297985,95498456,204796441,13799529
20200915,"09:30:01","SZ","NB",138238654,165890125,304128779,-27651471
20200915,"09:31:01","SH","NB",349441758,381961271,731403029,-32519513
20200915,"09:31:01","SZ","NB",636062462,673808299,1309870761,-37745837
20200915,"09:32:01","SZ","NB",1117570256,1033039845,2150610101,84530411
20200915,"09:32:01","SH","NB",633821116,599038422,1232859538,34782694
20200915,"09:33:01","SH","NB",808707468,814393092,1623100560,-5685624
20200915,"09:33:01","SZ","NB",1463857548,1430904372,2894761920,32953176
20200915,"09:34:01","SH","NB",1021584332,1029851740,2051436072,-8267408
20200915,"09:34:01","SZ","NB",1831558557,1782820143,3614378700,48738414
20200915,"09:35:01","SH","NB",1185046496,1191428614,2376475110,-6382118
20200915,"09:35:01","SZ","NB",2162292436,2112981914,4275274350,49310522
20200915,"09:36:01","SH","NB",1358096843,1406550581,2764647424,-48453738
20200915,"09:36:01","SZ","NB",2472052181,2520344815,4992396996,-48292634
20200915,"09:37:01","SH","NB",1531290534,1571298032,3102588566,-40007498
20200915,"09:37:01","SZ","NB",2890152826,2828601159,5718753985,61551667
20200915,"09:38:01","SH","NB",1709722842,1719285321,3429008163,-9562479
20200915,"09:38:01","SZ","NB",3191444874,3119973318,6311418192,71471556
20200915,"09:39:01","SH","NB",1854476056,1851195846,3705671902,3280210
20200915,"09:39:01","SZ","NB",3512135454,3311293649,6823429103,200841805
20200915,"09:40:01","SZ","NB",3772870163,3513799871,7286670034,259070292
20200915,"09:40:01","SH","NB",2004910237,1972298350,3977208587,32611887
20200915,"09:41:01","SH","NB",2116177509,2204623382,4320800891,-88445873
20200915,"09:41:01","SZ","NB",4038519913,3947770348,7986290261,90749565
20200915,"09:42:01","SH","NB",2264931358,2310354541,4575285899,-45423183
20200915,"09:42:01","SZ","NB",4428586117,4159961071,8588547188,268625046
20200915,"09:43:01","SH","NB",2354021892,2412622547,4766644439,-58600655
20200915,"09:43:01","SZ","NB",4647484486,4382142869,9029627355,265341617
20200915,"09:44:01","SH","NB",2434603248,2524557268,4959160516,-89954020
20200915,"09:44:01","SZ","NB",4832772268,4617663745,9450436013,215108523
20200915,"09:45:01","SH","NB",2554269437,2620843532,5175112969,-66574095
20200915,"09:45:01","SZ","NB",5104025933,4778398771,9882424704,325627162
20200915,"09:46:01","SH","NB",2758078147,2754174224,5512252371,3903923
20200915,"09:46:01","SZ","NB",5465192728,5025359667,10490552395,439833061
20200915,"09:47:01","SH","NB",2874143275,2903523006,5777666281,-29379731
20200915,"09:47:01","SZ","NB",5684171383,5216399833,10900571216,467771550
20200915,"09:48:01","SH","NB",2967797770,3018123913,5985921683,-50326143
20200915,"09:48:01","SZ","NB",5876196350,5383073209,11259269559,493123141
20200915,"09:49:01","SZ","NB",6066156083,5554779843,11620935926,511376240
20200915,"09:49:01","SH","NB",3039487817,3121884502,6161372319,-82396685
20200915,"09:50:01","SH","NB",3095800558,3222365061,6318165619,-126564503
20200915,"09:50:01","SZ","NB",6172555990,5738186415,11910742405,434369575
20200915,"09:51:01","SH","NB",3255682272,3317898902,6573581174,-62216630
20200915,"09:51:01","SZ","NB",6456445745,5902567828,12359013573,553877917
20200915,"09:52:01","SH","NB",3340026763,3485756115,6825782878,-145729352
20200915,"09:52:01","SZ","NB",6648243487,6147740906,12795984393,500502581
20200915,"09:53:01","SH","NB",3445494109,3565821704,7011315813,-120327595
20200915,"09:53:01","SZ","NB",6849110877,6293343481,13142454358,555767396
20200915,"09:54:01","SZ","NB",6973375927,6441888882,13415264809,531487045
20200915,"09:54:01","SH","NB",3510941709,3649150378,7160092087,-138208669
20200915,"09:55:01","SH","NB",3584102960,3769131851,7353234811,-185028891
20200915,"09:55:01","SZ","NB",7090137600,6658552701,13748690301,431584899
20200915,"09:56:01","SH","NB",3712810746,3851312787,7564123533,-138502041
20200915,"09:56:01","SZ","NB",7291938974,6759577542,14051516516,532361432
20200915,"09:57:01","SH","NB",3784486358,3944226256,7728712614,-159739898
20200915,"09:57:01","SZ","NB",7417583287,6913865989,14331449276,503717298
20200915,"09:58:01","SH","NB",3943381842,4002273709,7945655551,-58891867
20200915,"09:58:01","SZ","NB",7613214721,7003795446,14617010167,609419275
20200915,"09:59:01","SH","NB",4003959731,4112295703,8116255434,-108335972
20200915,"09:59:01","SZ","NB",7720214719,7168341747,14888556466,551872972
20200915,"10:00:01","SH","NB",4068525804,4170911054,8239436858,-102385250
20200915,"10:00:01","SZ","NB",7814130746,7280100977,15094231723,534029769
20200915,"10:01:01","SZ","NB",8003254725,7403597774,15406852499,599656951
20200915,"10:01:01","SH","NB",4146571530,4233968696,8380540226,-87397166
20200915,"10:02:01","SH","NB",4246693876,4291348799,8538042675,-44654923
20200915,"10:02:01","SZ","NB",8202755244,7477397398,15680152642,725357846
20200915,"10:03:01","SH","NB",4330801579,4406383426,8737185005,-75581847
20200915,"10:03:01","SZ","NB",8393394338,7665451488,16058845826,727942850
20200915,"10:04:01","SH","NB",4428539220,4476945082,8905484302,-48405862
20200915,"10:04:01","SZ","NB",8576461632,7756365563,16332827195,820096069
20200915,"10:05:01","SH","NB",4607568995,4560675879,9168244874,46893116
20200915,"10:05:01","SZ","NB",8779185204,7854424568,16633609772,924760636
20200915,"10:06:01","SZ","NB",8905535224,8060953299,16966488523,844581925
20200915,"10:06:01","SH","NB",4687131801,4692727173,9379858974,-5595372
20200915,"10:07:01","SH","NB",4765731196,4756467874,9522199070,9263322
20200915,"10:07:01","SZ","NB",9005188773,8137101888,17142290661,868086885
20200915,"10:08:01","SH","NB",4827339668,4877562327,9704901995,-50222659
20200915,"10:08:01","SZ","NB",9100640149,8287724073,17388364222,812916076
20200915,"10:09:01","SH","NB",4890830180,4948173312,9839003492,-57343132
20200915,"10:09:01","SZ","NB",9204937909,8373958124,17578896033,830979785
20200915,"10:10:01","SH","NB",4953633630,4991422975,9945056605,-37789345
20200915,"10:10:01","SZ","NB",9324120316,8435397964,17759518280,888722352
20200915,"10:11:01","SH","NB",5115566453,5051151657,10166718110,64414796
20200915,"10:11:01","SZ","NB",9633923549,8529039274,18162962823,1104884275
20200915,"10:12:01","SH","NB",5212219041,5142753009,10354972050,69466032
20200915,"10:12:01","SZ","NB",9730714073,8645048184,18375762257,1085665889
20200915,"10:13:01","SH","NB",5303372856,5227422453,10530795309,75950403
20200915,"10:13:01","SZ","NB",9864149222,8783560607,18647709829,1080588615
20200915,"10:14:01","SH","NB",5347351961,5329513070,10676865031,17838891
20200915,"10:14:01","SZ","NB",9927679170,8959784919,18887464089,967894251
20200915,"10:15:01","SH","NB",5403785311,5415483063,10819268374,-11697752
20200915,"10:15:01","SZ","NB",10021045311,9097673931,19118719242,923371380
20200915,"10:16:01","SZ","NB",10134867785,9172491398,19307359183,962376387
20200915,"10:16:01","SH","NB",5470054565,5458037445,10928092010,12017120
20200915,"10:17:01","SH","NB",5519134514,5544833268,11063967782,-25698754
20200915,"10:17:01","SZ","NB",10217746147,9355190198,19572936345,862555949
20200915,"10:18:01","SH","NB",5593526579,5582251976,11175778555,11274603
20200915,"10:18:01","SZ","NB",10363628418,9433722254,19797350672,929906164
20200915,"10:19:01","SH","NB",5644683266,5622199449,11266882715,22483817
20200915,"10:19:01","SZ","NB",10491195635,9512903186,20004098821,978292449
20200915,"10:20:01","SH","NB",5689676197,5672464498,11362140695,17211699
20200915,"10:20:01","SZ","NB",10551382312,9611202718,20162585030,940179594
20200915,"10:21:01","SH","NB",5765186402,5801200492,11566386894,-36014090
20200915,"10:21:01","SZ","NB",10644260193,9847761501,20492021694,796498692
20200915,"10:22:01","SH","NB",5831469629,5917508314,11748977943,-86038685
20200915,"10:22:01","SZ","NB",10786679930,9980972581,20767652511,805707349
20200915,"10:23:01","SH","NB",5929033140,5982288236,11911321376,-53255096
20200915,"10:23:01","SZ","NB",10979960622,10063862074,21043822696,916098548
20200915,"10:24:01","SH","NB",6006570498,6032058432,12038628930,-25487934
20200915,"10:24:01","SZ","NB",11087390770,10147237343,21234628113,940153427
20200915,"10:25:01","SZ","NB",11199623176,10224451665,21424074841,975171511
20200915,"10:25:01","SH","NB",6091815884,6078781665,12170597549,13034219
20200915,"10:26:01","SH","NB",6149186601,6125283709,12274470310,23902892
20200915,"10:26:01","SZ","NB",11268139098,10308055736,21576194834,960083362
20200915,"10:27:01","SH","NB",6209538022,6182829877,12392367899,26708145
20200915,"10:27:01","SZ","NB",11333241081,10397425147,21730666228,935815934
20200915,"10:28:01","SH","NB",6255847386,6242589897,12498437283,13257489
20200915,"10:28:01","SZ","NB",11408360988,10467885355,21876246343,940475633
20200915,"10:29:01","SH","NB",6308727007,6290071973,12598798980,18655034
20200915,"10:29:01","SZ","NB",11493008287,10513704922,22006713209,979303365
20200915,"10:30:01","SH","NB",6357963628,6384661384,12742625012,-26697756
20200915,"10:30:01","SZ","NB",11552515299,10603358638,22155873937,949156661
20200915,"10:31:01","SZ","NB",11650364261,10701265174,22351629435,949099087
20200915,"10:31:01","SH","NB",6411181293,6456928732,12868110025,-45747439
20200915,"10:32:01","SH","NB",6460912418,6529115088,12990027506,-68202670
20200915,"10:32:01","SZ","NB",11710129187,10798921286,22509050473,911207901
20200915,"10:33:01","SH","NB",6516150887,6606017010,13122167897,-89866123
20200915,"10:33:01","SZ","NB",11798045437,10947798049,22745843486,850247388
20200915,"10:34:01","SH","NB",6595637523,6650773349,13246410872,-55135826
20200915,"10:34:01","SZ","NB",11925043105,10999921377,22924964482,925121728
20200915,"10:35:01","SH","NB",6723544864,6684921509,13408466373,38623355
20200915,"10:35:01","SZ","NB",12072281913,11050953860,23123235773,1021328053
20200915,"10:36:01","SH","NB",6805261654,6720154462,13525416116,85107192
20200915,"10:36:01","SZ","NB",12225693261,11105495215,23331188476,1120198046
20200915,"10:37:01","SH","NB",6860192528,6748466387,13608658915,111726141
20200915,"10:37:01","SZ","NB",12310692294,11155481962,23466174256,1155210332
20200915,"10:38:01","SH","NB",6918259215,6779031932,13697291147,139227283
20200915,"10:38:01","SZ","NB",12398321095,11205336418,23603657513,1192984677
20200915,"10:39:01","SH","NB",6988144924,6818031402,13806176326,170113522
20200915,"10:39:01","SZ","NB",12480026391,11260078380,23740104771,1219948011
20200915,"10:40:01","SH","NB",7038196095,6883817390,13922013485,154378705
20200915,"10:40:01","SZ","NB",12544418247,11387730898,23932149145,1156687349
20200915,"10:41:01","SZ","NB",12666290489,11465543468,24131833957,1200747021
20200915,"10:41:01","SH","NB",7121045112,6932389468,14053434580,188655644
20200915,"10:42:01","SH","NB",7177141696,6963832908,14140974604,213308788
20200915,"10:42:01","SZ","NB",12742738134,11514490788,24257228922,1228247346
20200915,"10:43:01","SH","NB",7368034467,6997524538,14365559005,370509929
20200915,"10:43:01","SZ","NB",12959637071,11563307126,24522944197,1396329945
20200915,"10:44:01","SH","NB",7452886742,7059387658,14512274400,393499084
20200915,"10:44:01","SZ","NB",13046529122,11641778189,24688307311,1404750933
20200915,"10:45:01","SH","NB",7510927966,7105326593,14616254559,405601373
20200915,"10:45:01","SZ","NB",13128175895,11701351252,24829527147,1426824643
20200915,"10:46:01","SH","NB",7592004306,7214926384,14806930690,377077922
20200915,"10:46:01","SZ","NB",13204817243,11883260251,25088077494,1321556992
20200915,"10:47:01","SH","NB",7630272395,7250171855,14880444250,380100540
20200915,"10:47:01","SZ","NB",13263327239,11942021798,25205349037,1321305441
20200915,"10:48:01","SH","NB",7672118720,7318211643,14990330363,353907077
20200915,"10:48:01","SZ","NB",13316790792,12014548325,25331339117,1302242467
20200915,"10:49:01","SH","NB",7714220712,7427801418,15142022130,286419294
20200915,"10:49:01","SZ","NB",13367408196,12124412631,25491820827,1242995565
20200915,"10:50:01","SH","NB",7748482919,7463667539,15212150458,284815380
20200915,"10:50:01","SZ","NB",13426091459,12175816518,25601907977,1250274941
20200915,"10:51:01","SZ","NB",13515184009,12291083854,25806267863,1224100155
20200915,"10:51:01","SH","NB",7805924883,7551525018,15357449901,254399865
20200915,"10:52:01","SH","NB",7883467479,7588373882,15471841361,295093597
20200915,"10:52:01","SZ","NB",13638563854,12328599850,25967163704,1309964004
20200915,"10:53:01","SH","NB",7932502895,7635275941,15567778836,297226954
20200915,"10:53:01","SZ","NB",13707023039,12399548300,26106571339,1307474739
20200915,"10:54:01","SH","NB",7971886421,7668013710,15639900131,303872711
20200915,"10:54:01","SZ","NB",13775168630,12455042598,26230211228,1320126032
20200915,"10:55:01","SH","NB",8013640454,7703155712,15716796166,310484742
20200915,"10:55:01","SZ","NB",13828463343,12514767816,26343231159,1313695527
20200915,"10:56:01","SH","NB",8056837524,7727216800,15784054324,329620724
20200915,"10:56:01","SZ","NB",13894483106,12556358631,26450841737,1338124475
20200915,"10:57:01","SH","NB",8150190539,7757949423,15908139962,392241116
20200915,"10:57:01","SZ","NB",14000560110,12587382349,26587942459,1413177761
20200915,"10:58:01","SH","NB",8238385569,7777763709,16016149278,460621860
20200915,"10:58:01","SZ","NB",14113268673,12618461048,26731729721,1494807625
20200915,"10:59:01","SH","NB",8289583002,7813328038,16102911040,476254964
20200915,"10:59:01","SZ","NB",14178468733,12662030025,26840498758,1516438708
20200915,"11:00:01","SZ","NB",14225791921,12723699553,26949491474,1502092368
20200915,"11:00:01","SH","NB",8335466718,7844606253,16180072971,490860465
20200915,"11:01:01","SH","NB",8385932743,7886772447,16272705190,499160296
20200915,"11:01:01","SZ","NB",14314140469,12794916581,27109057050,1519223888
20200915,"11:02:01","SH","NB",8464325733,7916320450,16380646183,548005283
20200915,"11:02:01","SZ","NB",14401561124,12829478172,27231039296,1572082952
20200915,"11:03:01","SH","NB",8515532790,7952701176,16468233966,562831614
20200915,"11:03:01","SZ","NB",14488834519,12886169634,27375004153,1602664885
20200915,"11:04:01","SH","NB",8563510694,7989741683,16553252377,573769011
20200915,"11:04:01","SZ","NB",14572740873,12940597852,27513338725,1632143021
20200915,"11:05:01","SH","NB",8602135679,8041887664,16644023343,560248015
20200915,"11:05:01","SZ","NB",14623249604,13037436941,27660686545,1585812663
20200915,"11:06:01","SZ","NB",14693963816,13096663190,27790627006,1597300626
20200915,"11:06:01","SH","NB",8642894591,8076615142,16719509733,566279449
20200915,"11:07:01","SH","NB",8679347938,8135040859,16814388797,544307079
20200915,"11:07:01","SZ","NB",14754469009,13164158631,27918627640,1590310378
20200915,"11:08:01","SH","NB",8718112931,8164210307,16882323238,553902624
20200915,"11:08:01","SZ","NB",14809832066,13211418582,28021250648,1598413484
20200915,"11:09:01","SH","NB",8762971995,8199184743,16962156738,563787252
20200915,"11:09:01","SZ","NB",14887070451,13250194509,28137264960,1636875942
20200915,"11:10:01","SH","NB",8807210900,8231302381,17038513281,575908519
20200915,"11:10:01","SZ","NB",14936778038,13305259421,28242037459,1631518617
20200915,"11:11:01","SH","NB",8879203627,8270131349,17149334976,609072278
20200915,"11:11:01","SZ","NB",15028159762,13361565886,28389725648,1666593876
20200915,"11:12:01","SH","NB",8942508592,8305833561,17248342153,636675031
20200915,"11:12:01","SZ","NB",15098871810,13405319571,28504191381,1693552239
20200915,"11:13:01","SZ","NB",15168045843,13453599774,28621645617,1714446069
20200915,"11:13:01","SH","NB",9024924592,8341299403,17366223995,683625189
20200915,"11:14:01","SH","NB",9072934292,8388155406,17461089698,684778886
20200915,"11:14:01","SZ","NB",15230143681,13515890568,28746034249,1714253113
20200915,"11:15:01","SH","NB",9107888874,8474828426,17582717300,633060448
20200915,"11:15:01","SZ","NB",15284981867,13661708853,28946690720,1623273014
20200915,"11:16:01","SH","NB",9145413745,8527283906,17672697651,618129839
20200915,"11:16:01","SZ","NB",15338949152,13718282075,29057231227,1620667077
20200915,"11:17:01","SH","NB",9187371879,8548926380,17736298259,638445499
20200915,"11:17:01","SZ","NB",15395786744,13752357541,29148144285,1643429203
20200915,"11:18:01","SH","NB",9228403953,8572127642,17800531595,656276311
20200915,"11:18:01","SZ","NB",15456358847,13778630431,29234989278,1677728416
20200915,"11:19:01","SH","NB",9269576692,8599774251,17869350943,669802441
20200915,"11:19:01","SZ","NB",15490974419,13807102032,29298076451,1683872387
20200915,"11:20:01","SH","NB",9418606943,8626332589,18044939532,792274354
20200915,"11:20:01","SZ","NB",15742844774,13849401747,29592246521,1893443027
20200915,"11:21:01","SH","NB",9599968525,8677010413,18276978938,922958112
20200915,"11:21:01","SZ","NB",16064095467,13935346355,29999441822,2128749112
20200915,"11:22:01","SZ","NB",16135601071,14001500348,30137101419,2134100723
20200915,"11:22:01","SH","NB",9678623703,8708582115,18387205818,970041588
20200915,"11:23:01","SH","NB",9733419772,8812323202,18545742974,921096570
20200915,"11:23:01","SZ","NB",16206414588,14167257407,30373671995,2039157181
20200915,"11:24:01","SH","NB",9767539782,8899174428,18666714210,868365354
20200915,"11:24:01","SZ","NB",16268491525,14256662017,30525153542,2011829508
20200915,"11:25:01","SH","NB",9806205407,8948271558,18754476965,857933849
20200915,"11:25:01","SZ","NB",16333541729,14303587553,30637129282,2029954176
20200915,"11:26:01","SZ","NB",16372657947,14355231721,30727889668,2017426226
20200915,"11:26:01","SH","NB",9835936000,8996735085,18832671085,839200915
20200915,"11:27:01","SH","NB",9872374249,9025115827,18897490076,847258422
20200915,"11:27:01","SZ","NB",16419700278,14388671006,30808371284,2031029272
20200915,"11:28:01","SH","NB",9929932638,9051409334,18981341972,878523304
20200915,"11:28:01","SZ","NB",16505179211,14414694414,30919873625,2090484797
20200915,"11:29:01","SH","NB",9973598584,9072096359,19045694943,901502225
20200915,"11:29:01","SZ","NB",16592273021,14454012657,31046285678,2138260364
20200915,"11:30:01","SH","NB",10004254631,9097434515,19101689146,906820116
20200915,"11:30:01","SZ","NB",16645359668,14481319084,31126678752,2164040584
20200915,"11:31:01","SH","NB",10004259547,9097434515,19101694062,906825032
20200915,"13:00:01","SH","NB",10004259547,9097444351,19101703898,906815196
20200915,"13:00:01","SZ","NB",16653078456,14484920965,31137999421,2168157491
20200915,"13:01:01","SH","NB",10156861719,9173972815,19330834534,982888904
20200915,"13:01:01","SZ","NB",16843617413,14607000070,31450617483,2236617343
20200915,"13:02:01","SZ","NB",16915321693,14689926810,31605248503,2225394883
20200915,"13:02:01","SH","NB",10214146305,9232028050,19446174355,982118255
20200915,"13:03:01","SH","NB",10285343838,9280327308,19565671146,1005016530
20200915,"13:03:01","SZ","NB",17023082088,14754214218,31777296306,2268867870
20200915,"13:04:01","SH","NB",10341320663,9376301283,19717621946,965019380
20200915,"13:04:01","SZ","NB",17118380469,14860424330,31978804799,2257956139
20200915,"13:05:01","SH","NB",10385195973,9423467391,19808663364,961728582
20200915,"13:05:01","SZ","NB",17192701305,14942570816,32135272121,2250130489
20200915,"13:06:01","SH","NB",10448374477,9487810885,19936185362,960563592
20200915,"13:06:01","SZ","NB",17300325818,15019329738,32319655556,2280996080
20200915,"13:07:01","SZ","NB",17378517666,15138022211,32516539877,2240495455
20200915,"13:07:01","SH","NB",10490904683,9581524541,20072429224,909380142
20200915,"13:08:01","SH","NB",10544751998,9618003133,20162755131,926748865
20200915,"13:08:01","SZ","NB",17461736648,15191234755,32652971403,2270501893
20200915,"13:09:01","SH","NB",10623417756,9660510418,20283928174,962907338
20200915,"13:09:01","SZ","NB",17598264348,15247193670,32845458018,2351070678
20200915,"13:10:01","SH","NB",10685189113,9697003668,20382192781,988185445
20200915,"13:10:01","SZ","NB",17700887007,15321677615,33022564622,2379209392
20200915,"13:11:01","SZ","NB",17859858169,15390093643,33249951812,2469764526
20200915,"13:11:01","SH","NB",10776066737,9741703446,20517770183,1034363291
20200915,"13:12:01","SH","NB",10827898169,9803378268,20631276437,1024519901
20200915,"13:12:01","SZ","NB",17932420748,15479733823,33412154571,2452686925
20200915,"13:13:01","SH","NB",10878453144,9861445454,20739898598,1017007690
20200915,"13:13:01","SZ","NB",18018190048,15563593985,33581784033,2454596063
20200915,"13:14:01","SH","NB",10940930948,9894120984,20835051932,1046809964
20200915,"13:14:01","SZ","NB",18131726273,15619293127,33751019400,2512433146
20200915,"13:15:01","SH","NB",10988135901,9933944413,20922080314,1054191488
20200915,"13:15:01","SZ","NB",18214925099,15692530555,33907455654,2522394544
20200915,"13:16:01","SH","NB",11029891361,9986683726,21016575087,1043207635
20200915,"13:16:01","SZ","NB",18287186171,15771996353,34059182524,2515189818
20200915,"13:17:01","SH","NB",11105783601,10059798403,21165582004,1045985198
20200915,"13:17:01","SZ","NB",18350285050,15848191516,34198476566,2502093534
20200915,"13:18:01","SH","NB",11169099631,10110270080,21279369711,1058829551
20200915,"13:18:01","SZ","NB",18439507744,15927549822,34367057566,2511957922
20200915,"13:19:01","SZ","NB",18496812814,15977434501,34474247315,2519378313
20200915,"13:19:01","SH","NB",11212052173,10145018466,21357070639,1067033707
20200915,"13:20:01","SH","NB",11271600822,10188660877,21460261699,1082939945
20200915,"13:20:01","SZ","NB",18599981581,16036838872,34636820453,2563142709
20200915,"13:21:01","SH","NB",11329011201,10252845413,21581856614,1076165788
20200915,"13:21:01","SZ","NB",18694552952,16129499189,34824052141,2565053763
20200915,"13:22:01","SH","NB",11366281451,10318842207,21685123658,1047439244
20200915,"13:22:01","SZ","NB",18745965582,16222611682,34968577264,2523353900
20200915,"13:23:01","SH","NB",11415922547,10363724817,21779647364,1052197730
20200915,"13:23:01","SZ","NB",18828995847,16292638085,35121633932,2536357762
20200915,"13:24:01","SZ","NB",18880626819,16349882457,35230509276,2530744362
20200915,"13:24:01","SH","NB",11445930486,10400398906,21846329392,1045531580
20200915,"13:25:01","SH","NB",11490156417,10445441528,21935597945,1044714889
20200915,"13:25:01","SZ","NB",18957959818,16409306756,35367266574,2548653062
20200915,"13:26:01","SH","NB",11524709776,10484364934,22009074710,1040344842
20200915,"13:26:01","SZ","NB",19031677155,16458929497,35490606652,2572747658
20200915,"13:27:01","SH","NB",11557234810,10517824507,22075059317,1039410303
20200915,"13:27:01","SZ","NB",19095624040,16517580069,35613204109,2578043971
20200915,"13:28:01","SH","NB",11598553676,10599654531,22198208207,998899145
20200915,"13:28:01","SZ","NB",19155429724,16639366021,35794795745,2516063703
20200915,"13:29:01","SH","NB",11631150051,10631721570,22262871621,999428481
20200915,"13:29:01","SZ","NB",19202239120,16694635835,35896874955,2507603285
20200915,"13:30:01","SH","NB",11669869237,10677160201,22347029438,992709036
20200915,"13:30:01","SZ","NB",19269164791,16734317685,36003482476,2534847106
20200915,"13:31:01","SH","NB",11722830411,10715982560,22438812971,1006847851
20200915,"13:31:01","SZ","NB",19387637447,16782938334,36170575781,2604699113
20200915,"13:32:01","SH","NB",11766723142,10759752754,22526475896,1006970388
20200915,"13:32:01","SZ","NB",19485187354,16848419557,36333606911,2636767797
20200915,"13:33:01","SZ","NB",19583976231,16911948601,36495924832,2672027630
20200915,"13:33:01","SH","NB",11821177778,10813075296,22634253074,1008102482
20200915,"13:34:01","SH","NB",11861288241,10922047819,22783336060,939240422
20200915,"13:34:01","SZ","NB",19645278133,17075049093,36720327226,2570229040
20200915,"13:35:01","SH","NB",11906396889,10971550791,22877947680,934846098
20200915,"13:35:01","SZ","NB",19715708308,17128207010,36843915318,2587501298
20200915,"13:36:01","SH","NB",11940844608,11044303141,22985147749,896541467
20200915,"13:36:01","SZ","NB",19785155592,17204503305,36989658897,2580652287
20200915,"13:37:01","SH","NB",11981838038,11152816064,23134654102,829021974
20200915,"13:37:01","SZ","NB",19840086569,17317152619,37157239188,2522933950
20200915,"13:38:01","SH","NB",12041391250,11205076474,23246467724,836314776
20200915,"13:38:01","SZ","NB",19907759192,17377499916,37285259108,2530259276
20200915,"13:39:01","SZ","NB",19960732241,17432845045,37393577286,2527887196
20200915,"13:39:01","SH","NB",12093220719,11259589867,23352810586,833630852
20200915,"13:40:01","SH","NB",12124869103,11331244872,23456113975,793624231
20200915,"13:40:01","SZ","NB",20010406753,17500877748,37511284501,2509529005
20200915,"13:41:01","SH","NB",12171850912,11396702207,23568553119,775148705
20200915,"13:41:01","SZ","NB",20073686705,17599225421,37672912126,2474461284
20200915,"13:42:01","SH","NB",12217092546,11438157832,23655250378,778934714
20200915,"13:42:01","SZ","NB",20132786235,17650806685,37783592920,2481979550
20200915,"13:43:01","SH","NB",12270505126,11497734857,23768239983,772770269
20200915,"13:43:01","SZ","NB",20226922905,17717784046,37944706951,2509138859
20200915,"13:44:01","SH","NB",12317463412,11536848120,23854311532,780615292
20200915,"13:44:01","SZ","NB",20299441558,17760305567,38059747125,2539135991
20200915,"13:45:01","SH","NB",12385663377,11724556801,24110220178,661106576
20200915,"13:45:01","SZ","NB",20365411893,17942971223,38308383116,2422440670
20200915,"13:46:01","SH","NB",12452407882,11820939843,24273347725,631468039
20200915,"13:46:01","SZ","NB",20449313514,18066712479,38516025993,2382601035
20200915,"13:47:01","SZ","NB",20547815099,18179524487,38727339586,2368290612
20200915,"13:47:01","SH","NB",12506431537,11958545576,24464977113,547885961
20200915,"13:48:01","SH","NB",12559412711,12004161444,24563574155,555251267
20200915,"13:48:01","SZ","NB",20642930368,18229419594,38872349962,2413510774
20200915,"13:49:01","SH","NB",12650205709,12051206734,24701412443,598998975
20200915,"13:49:01","SZ","NB",20751212077,18272803346,39024015423,2478408731
20200915,"13:50:01","SH","NB",12693027655,12097607182,24790634837,595420473
20200915,"13:50:01","SZ","NB",20799830084,18340645160,39140475244,2459184924
20200915,"13:51:01","SH","NB",12727691731,12216613612,24944305343,511078119
20200915,"13:51:01","SZ","NB",20857658013,18482812087,39340470100,2374845926
20200915,"13:52:01","SZ","NB",20928057405,18524749794,39452807199,2403307611
20200915,"13:52:01","SH","NB",12761470086,12262525777,25023995863,498944309
20200915,"13:53:01","SH","NB",12802756139,12321192713,25123948852,481563426
20200915,"13:53:01","SZ","NB",21005541684,18583531093,39589072777,2422010591
20200915,"13:54:01","SH","NB",12843120275,12371676578,25214796853,471443697
20200915,"13:54:01","SZ","NB",21073602218,18646753920,39720356138,2426848298
20200915,"13:55:01","SH","NB",12873998371,12444654594,25318652965,429343777
20200915,"13:55:01","SZ","NB",21124698291,18740505249,39865203540,2384193042
20200915,"13:56:01","SH","NB",12927647370,12521701954,25449349324,405945416
20200915,"13:56:01","SZ","NB",21205307276,18814827913,40020135189,2390479363
20200915,"13:57:01","SH","NB",12980662396,12569333762,25549996158,411328634
20200915,"13:57:01","SZ","NB",21281783562,18855405673,40137189235,2426377889
20200915,"13:58:01","SH","NB",13043188604,12605461218,25648649822,437727386
20200915,"13:58:01","SZ","NB",21345211152,18890372006,40235583158,2454839146
20200915,"13:59:01","SH","NB",13084162625,12647887618,25732050243,436275007
20200915,"13:59:01","SZ","NB",21404482630,18924231261,40328713891,2480251369
20200915,"14:00:01","SH","NB",13114307016,12689834705,25804141721,424472311
20200915,"14:00:01","SZ","NB",21472126582,18961867393,40433993975,2510259189
20200915,"14:01:01","SH","NB",13157747691,12804545403,25962293094,353202288
20200915,"14:01:01","SZ","NB",21565550753,19059905220,40625455973,2505645533
20200915,"14:02:01","SZ","NB",21611721899,19200864622,40812586521,2410857277
20200915,"14:02:01","SH","NB",13189530177,12946436563,26135966740,243093614
20200915,"14:03:01","SH","NB",13225292162,13002129032,26227421194,223163130
20200915,"14:03:01","SZ","NB",21686788747,19287743677,40974532424,2399045070
20200915,"14:04:01","SH","NB",13299914190,13062620480,26362534670,237293710
20200915,"14:04:01","SZ","NB",21791125547,19361124907,41152250454,2430000640
20200915,"14:05:01","SH","NB",13359072795,13097575804,26456648599,261496991
20200915,"14:05:01","SZ","NB",21920789763,19398611630,41319401393,2522178133
20200915,"14:06:01","SH","NB",13399818032,13141921918,26541739950,257896114
20200915,"14:06:01","SZ","NB",21986785669,19437539179,41424324848,2549246490
20200915,"14:07:01","SH","NB",13442188713,13187872004,26630060717,254316709
20200915,"14:07:01","SZ","NB",22039990917,19479287177,41519278094,2560703740
20200915,"14:08:01","SH","NB",13511364003,13228214342,26739578345,283149661
20200915,"14:08:01","SZ","NB",22123431469,19515152954,41638584423,2608278515
20200915,"14:09:01","SH","NB",13540194773,13260367570,26800562343,279827203
20200915,"14:09:01","SZ","NB",22183621466,19553788725,41737410191,2629832741
20200915,"14:10:01","SZ","NB",22234239360,19600300416,41834539776,2633938944
20200915,"14:10:01","SH","NB",13576673907,13291158702,26867832609,285515205
20200915,"14:11:01","SH","NB",13664669151,13329388008,26994057159,335281143
20200915,"14:11:01","SZ","NB",22374574504,19653448332,42028022836,2721126172
20200915,"14:12:01","SH","NB",13710512340,13377570196,27088082536,332942144
20200915,"14:12:01","SZ","NB",22429228627,19716474381,42145703008,2712754246
20200915,"14:13:01","SH","NB",13768798345,13433133825,27201932170,335664520
20200915,"14:13:01","SZ","NB",22507183628,19765349589,42272533217,2741834039
20200915,"14:14:01","SH","NB",13826405503,13466428341,27292833844,359977162
20200915,"14:14:01","SZ","NB",22576242486,19814010714,42390253200,2762231772
20200915,"14:15:01","SZ","NB",22615367967,19871417121,42486785088,2743950846
20200915,"14:15:01","SH","NB",13866400595,13504420441,27370821036,361980154
20200915,"14:16:01","SH","NB",13902244904,13552392007,27454636911,349852897
20200915,"14:16:01","SZ","NB",22655597952,19936007288,42591605240,2719590664
20200915,"14:17:01","SH","NB",13937632106,13575185246,27512817352,362446860
20200915,"14:17:01","SZ","NB",22705263096,19988082018,42693345114,2717181078
20200915,"14:18:01","SH","NB",13980670754,13608304072,27588974826,372366682
20200915,"14:18:01","SZ","NB",22779253125,20022971151,42802224276,2756281974
20200915,"14:19:01","SH","NB",14016680558,13633400515,27650081073,383280043
20200915,"14:19:01","SZ","NB",22823895357,20055811945,42879707302,2768083412
20200915,"14:20:01","SH","NB",14106850709,13661013286,27767863995,445837423
20200915,"14:20:01","SZ","NB",22929583633,20093641751,43023225384,2835941882
20200915,"14:21:01","SH","NB",14168596236,13699726714,27868322950,468869522
20200915,"14:21:01","SZ","NB",23013893121,20158465874,43172358995,2855427247
20200915,"14:22:01","SH","NB",14209076061,13744684153,27953760214,464391908
20200915,"14:22:01","SZ","NB",23062592935,20212557747,43275150682,2850035188
20200915,"14:23:01","SZ","NB",23123963261,20287298567,43411261828,2836664694
20200915,"14:23:01","SH","NB",14255265683,13807844502,28063110185,447421181
20200915,"14:24:01","SH","NB",14291388826,13846365351,28137754177,445023475
20200915,"14:24:01","SZ","NB",23171146221,20341781718,43512927939,2829364503
20200915,"14:25:01","SZ","NB",23222308434,20382351234,43604659668,2839957200
20200915,"14:25:01","SH","NB",14330031262,13874730183,28204761445,455301079
20200915,"14:26:01","SH","NB",14377028534,13915878633,28292907167,461149901
20200915,"14:26:01","SZ","NB",23274935866,20434151147,43709087013,2840784719
20200915,"14:27:01","SH","NB",14411339620,13966430973,28377770593,444908647
20200915,"14:27:01","SZ","NB",23318972480,20498958419,43817930899,2820014061
20200915,"14:28:01","SH","NB",14470752361,14003958608,28474710969,466793753
20200915,"14:28:01","SZ","NB",23402940878,20543017197,43945958075,2859923681
20200915,"14:29:01","SH","NB",14537085360,14036717784,28573803144,500367576
20200915,"14:29:01","SZ","NB",23471979820,20579919559,44051899379,2892060261
20200915,"14:30:01","SH","NB",14580809651,14079029439,28659839090,501780212
20200915,"14:30:01","SZ","NB",23515002354,20626645560,44141647914,2888356794
20200915,"14:31:01","SH","NB",14622473977,14141921374,28764395351,480552603
20200915,"14:31:01","SZ","NB",23579981191,20717216010,44297197201,2862765181
20200915,"14:32:01","SH","NB",14661912827,14178117727,28840030554,483795100
20200915,"14:32:01","SZ","NB",23654588558,20772685177,44427273735,2881903381
20200915,"14:33:01","SH","NB",14731232247,14226925884,28958158131,504306363
20200915,"14:33:01","SZ","NB",23773061369,20836700203,44609761572,2936361166
20200915,"14:34:01","SZ","NB",23887357405,20886873712,44774231117,3000483693
20200915,"14:34:01","SH","NB",14794654510,14261105703,29055760213,533548807
20200915,"14:35:01","SH","NB",14887313028,14337900463,29225213491,549412565
20200915,"14:35:01","SZ","NB",24010710002,20981945912,44992655914,3028764090
20200915,"14:36:01","SH","NB",14961050998,14395563674,29356614672,565487324
20200915,"14:36:01","SZ","NB",24120790353,21054441222,45175231575,3066349131
20200915,"14:37:01","SZ","NB",24213338018,21122858541,45336196559,3090479477
20200915,"14:37:01","SH","NB",15023178167,14446986471,29470164638,576191696
20200915,"14:38:01","SH","NB",15145062858,14505362160,29650425018,639700698
20200915,"14:38:01","SZ","NB",24331557208,21187715068,45519272276,3143842140
20200915,"14:39:01","SH","NB",15200250960,14596902068,29797153028,603348892
20200915,"14:39:01","SZ","NB",24400136393,21315595882,45715732275,3084540511
20200915,"14:40:01","SH","NB",15252958920,14666082561,29919041481,586876359
20200915,"14:40:01","SZ","NB",24474804314,21387928450,45862732764,3086875864
20200915,"14:41:01","SH","NB",15301006971,14783397097,30084404068,517609874
20200915,"14:41:01","SZ","NB",24562126205,21544300073,46106426278,3017826132
20200915,"14:42:01","SH","NB",15349786829,14840709616,30190496445,509077213
20200915,"14:42:01","SZ","NB",24632515054,21614768791,46247283845,3017746263
20200915,"14:43:01","SH","NB",15399907832,14909848910,30309756742,490058922
20200915,"14:43:01","SZ","NB",24707460865,21695088311,46402549176,3012372554
20200915,"14:44:01","SH","NB",15449440082,14983613805,30433053887,465826277
20200915,"14:44:01","SZ","NB",24792197526,21770951387,46563148913,3021246139
20200915,"14:45:01","SH","NB",15497772070,15040416134,30538188204,457355936
20200915,"14:45:01","SZ","NB",24864455069,21848634887,46713089956,3015820182
20200915,"14:46:01","SZ","NB",24939813188,21945083235,46884896423,2994729953
20200915,"14:46:01","SH","NB",15557214595,15132739042,30689953637,424475553
20200915,"14:47:01","SH","NB",15614930135,15209742789,30824672924,405187346
20200915,"14:47:01","SZ","NB",25032429316,21999560712,47031990028,3032868604
20200915,"14:48:01","SH","NB",15663383082,15271358775,30934741857,392024307
20200915,"14:48:01","SZ","NB",25107755969,22060173403,47167929372,3047582566
20200915,"14:49:01","SH","NB",15729774694,15326080748,31055855442,403693946
20200915,"14:49:01","SZ","NB",25187432891,22115022071,47302454962,3072410820
20200915,"14:50:01","SH","NB",15783286512,15387951730,31171238242,395334782
20200915,"14:50:01","SZ","NB",25261352926,22173055570,47434408496,3088297356
20200915,"14:51:01","SH","NB",15861506717,15479923542,31341430259,381583175
20200915,"14:51:01","SZ","NB",25377547487,22261206818,47638754305,3116340669
20200915,"14:52:01","SZ","NB",25473564803,22340910642,47814475445,3132654161
20200915,"14:52:01","SH","NB",15922030729,15556254847,31478285576,365775882
20200915,"14:53:01","SH","NB",15992714069,15656196670,31648910739,336517399
20200915,"14:53:01","SZ","NB",25556960071,22422015434,47978975505,3134944637
20200915,"14:54:01","SH","NB",16060862177,15745886535,31806748712,314975642
20200915,"14:54:01","SZ","NB",25633058035,22527548090,48160606125,3105509945
20200915,"14:55:01","SH","NB",16135948727,15832193243,31968141970,303755484
20200915,"14:55:01","SZ","NB",25724892197,22601883411,48326775608,3123008786
20200915,"14:56:01","SH","NB",16240974523,15950227380,32191201903,290747143
20200915,"14:56:01","SZ","NB",25858051492,22728322707,48586374199,3129728785
20200915,"14:57:01","SH","NB",16313052157,16052914029,32365966186,260138128
20200915,"14:57:01","SZ","NB",25937546189,22815536226,48753082415,3122009963
20200915,"14:58:01","SH","NB",16313052157,16052923640,32365975797,260128517
20200915,"15:00:01","SZ","NB",26010457719,22913303141,48923760860,3097154578
20200915,"15:01:01","SH","NB",16699937435,16522162914,33222100349,177774521
20200915,"15:01:01","SZ","NB",26241231769,23097837789,49339069558,3143393980
