,secID,ticker,tradeDate,AccountsPayablesTDays,AccountsPayablesTRate,AdminiExpenseRate,ARTDays,ARTRate,ASSI,BLEV,BondsPayableToAsset,CashRateOfSales,CashToCurrentLiability,CMRA,CTOP,CTP5,CurrentAssetsRatio,CurrentAssetsTRate,CurrentRatio,DAVOL10,DAVOL20,DAVOL5,DDNBT,DDNCR,DDNSR,DebtEquityRatio,DebtsAssetRatio,DHILO,DilutedEPS,DVRAT,EBITToTOR,EGRO,EMA10,EMA120,EMA20,EMA5,EMA60,EPS,EquityFixedAssetRatio,EquityToAsset,EquityTRate,ETOP,ETP5,FinancialExpenseRate,FinancingCashGrowRate,FixAssetRatio,FixedAssetsTRate,GrossIncomeRatio,HBETA,HSIGMA,IntangibleAssetRatio,InventoryTDays,InventoryTRate,InvestCashGrowRate,LCAP,LFLO,LongDebtToAsset,LongDebtToWorkingCapital,LongTermDebtToAsset,MA10,MA120,MA20,MA5,MA60,MAWVAD,MFI,MLEV,NetAssetGrowRate,NetProfitGrowRate,NetProfitRatio,NOCFToOperatingNI,NonCurrentAssetsRatio,NPParentCompanyGrowRate,NPToTOR,OperatingExpenseRate,OperatingProfitGrowRate,OperatingProfitRatio,OperatingProfitToTOR,OperatingRevenueGrowRate,OperCashGrowRate,OperCashInToCurrentLiability,PB,PCF,PE,PS,PSY,QuickRatio,REVS10,REVS20,REVS5,ROA,ROA5,ROE,ROE5,RSI,RSTR12,RSTR24,SalesCostRatio,SaleServiceCashToOR,SUE,TaxRatio,TOBT,TotalAssetGrowRate,TotalAssetsTRate,TotalProfitCostRatio,TotalProfitGrowRate,VOL10,VOL120,VOL20,VOL240,VOL5,VOL60,WVAD,REC,DAREC,GREC,FY12P,DAREV,GREV,SFY12P,DASREV,GSREV,FEARNG,FSALESG,TA2EV,CFO2EV,ACCA,DEGM,SUOI,EARNMOM,FiftyTwoWeekHigh,Volatility,Skewness,ILLIQUIDITY,BackwardADJ,MACD,ADTM,ATR14,ATR6,BIAS10,BIAS20,BIAS5,BIAS60,BollDown,BollUp,CCI10,CCI20,CCI5,CCI88,KDJ_K,KDJ_D,KDJ_J,ROC6,ROC20,SBM,STM,UpRVI,DownRVI,RVI,SRMI,ChandeSD,ChandeSU,CMO,DBCD,ARC,OBV,OBV6,OBV20,TVMA20,TVMA6,TVSTD20,TVSTD6,VDEA,VDIFF,VEMA10,VEMA12,VEMA26,VEMA5,VMACD,VOSC,VR,VROC12,VROC6,VSTD10,VSTD20,KlingerOscillator,MoneyFlow20,AD,AD20,AD6,CoppockCurve,ASI,ChaikinOscillator,ChaikinVolatility,EMV14,EMV6,plusDI,minusDI,ADX,ADXR,Aroon,AroonDown,AroonUp,DEA,DIFF,DDI,DIZ,DIF,MTM,MTMMA,PVT,PVT6,PVT12,TRIX5,TRIX10,UOS,MA10RegressCoeff12,MA10RegressCoeff6,PLRC6,PLRC12,SwingIndex,Ulcer10,Ulcer5,Hurst,ACD6,ACD20,EMA12,EMA26,APBMA,BBI,BBIC,TEMA10,TEMA5,MA10Close,AR,BR,ARBR,CR20,MassIndex,BearPower,BullPower,Elder,NVI,PVI,RC12,RC24,JDQS20,return,market_value,indu_style,real_return
0,600048.XSHG,600048,2011-05-31,0.0723886361536,-0.271880229732,-0.316061769397,-0.284441469168,-0.197821069208,2.568091348,1.47426639816,0.175128783045,-0.0433052989991,-0.31865042713,0.243742719136,1.38877351207,0.551791776639,0.865163833558,-0.379206269261,0.044684295446,-0.316414632743,-0.410382173561,-0.221739405604,0.550700704566,1.2309054547,-0.796242942522,0.738467811659,1.10446737114,-0.471042717635,0.861127646623,-0.0650606595559,-0.0470520520472,-0.0825481644589,0.28043539048,0.307494326978,0.260398346864,0.300765626696,0.269409515777,0.745063554609,-0.026125409997,-1.10446737114,0.323017565942,1.77468544851,1.25768089326,-0.566352824715,-0.163863054166,-0.485841843817,1.75740559418,0.0179971104139,1.662067582,-0.226083932835,-0.534187452405,-0.179995696408,-0.251973542121,0.0612004879016,2.9825217363,3.23975658593,1.42067363856,0.195954429254,1.25484367985,0.270994043445,0.343292543087,0.239922543568,0.305889555666,0.231069250673,-0.807032215971,-0.817353054633,3.19533818999,0.285410945761,0.112886271673,0.053240703464,0.0969803244202,-0.865163833558,-0.0890559346498,0.0538995042031,-0.215020124611,-0.167977684511,0.115171080647,0.115891200324,-0.103700935563,-0.0985480062917,-0.452723033321,-0.288190950085,0.110664956407,-0.296614676155,-0.320659870227,-1.32541329299,-0.395242169647,0.302386828985,0.233676041874,0.0126961100729,0.187445178843,0.874165811987,0.554575317484,0.949149943423,-0.741495169033,0.123292978683,-0.834115837004,-0.0179971104139,0.175870679383,0.308944634461,0.113027690121,1.2518430201,1.80962048801,-0.184111351889,-0.0169047619413,0.100003625732,-0.746803456041,-0.872807204527,-0.875942638481,-0.991104646941,-0.577305484564,-1.00205524358,-1.29116744502,0.763283977518,0.251487006326,-1.90311366002,1.83285807778,0.457172023961,1.65336333419,1.90633031358,0.378453066,1.83519066238,-0.262286278415,-0.265116559445,1.09539858726,-1.135405206,-0.687570263172,-0.113223611749,0.194387344184,1.48217511875,0.33638141167,-0.849772543465,-0.216758929313,-1.32429259193,0.485922069843,0.423013200447,0.431523345534,-0.410452677858,-0.386182777424,0.135273087479,0.300835699714,-0.387363768223,0.17162066872,0.419311632819,0.0961399293456,-1.92694788985,-1.23386780874,-1.73553744504,-0.586989540154,-0.145210008563,-0.230655136144,-0.24421911352,0.0469888633288,0.145617320937,-0.635380932829,-0.331861649287,-1.06663828442,-0.559642833738,-1.65551559821,0.348856151964,-0.656657412265,-0.63661994522,-0.214184769388,0.589702221854,-0.465300889184,1.81761532899,1.84172650867,1.85837439858,1.56539314326,1.2046249103,0.155021027884,1.6488126467,-2.32190662479,-1.16966898338,1.25582944858,1.24252894552,1.73877277424,1.65255094727,2.6714630256,-0.0624392555857,-1.07054751239,0.916322693067,1.19117889795,0.80478920125,0.0632669574643,-2.31202742709,1.56912157515,1.82819964089,1.85105788495,1.83584358511,0.378525915098,-0.041096193138,-1.83483975147,0.0160570216109,0.594114799235,0.597276011961,-1.2007175013,0.70105723169,-0.0377276609352,0.243540099693,0.0888448381866,0.636309075363,0.752470245317,0.0596014514574,0.191964376081,-1.21512295238,-1.21512295238,1.21512295238,0.177784125118,0.314726202987,1.4718346308,1.47732940523,1.47717757284,0.688768757332,0.347232332204,-0.452679275224,0.276121860569,0.375795026312,0.239421477437,0.417655692884,-2.09089864197,-1.21864823709,-1.29769679323,-0.474309030229,-0.588499874494,-0.686853632892,0.274405719738,0.256119248991,-0.70947353573,0.28438517525,0.0368419124028,0.325557142652,0.310573700876,-0.117400621031,0.704240173478,0.721579739439,0.377741905186,-0.0241469553839,-1.08987574001,-0.172503337393,0.445870065124,1.25125433413,0.478337209301,-0.597098092448,0.305030664579,0.0713913551956,-0.0388974132148,1.29931425578,55854806108.0,01030320,0.17039404
44,600383.XSHG,600383,2011-05-31,0.10125644939,-0.432751737393,-0.203598487698,-0.182830909976,-0.205238034845,2.00077017566,0.459179653211,-0.0768276132705,0.1805508378,0.131263448211,-0.718974474032,0.547221391521,0.303686861012,0.90186775377,-0.445739809394,0.126605503764,-0.808925627969,-0.98455419946,-0.642623547933,0.1647480068,1.51504755099,-1.30507659204,0.216537161254,0.592380726907,-1.24039462695,-0.214171065878,-0.316401220796,-0.0953351766051,-0.0992212915458,-0.786014580573,-0.692960215087,-0.784258866186,-0.771380224814,-0.731789732748,-0.217282308957,0.16261301949,-0.592380726907,-0.226708872649,1.0385415321,1.86809455684,-0.487324939711,-0.16453480032,-0.489966865537,2.31058392666,0.196176960078,0.501187777099,-0.685876329966,-0.534187452405,-0.109233662927,-0.257241743372,0.175326152174,2.06178738934,2.35580652508,0.860015739033,0.154945386497,0.648456791786,-0.799395873902,-0.642514249089,-0.792888972613,-0.781618349986,-0.721767034,-1.26480588457,-1.25593442195,2.02598120881,0.41893240306,0.109614142818,0.00655199459697,0.127656006046,-0.90186775377,-0.247333657067,0.0071902421598,0.07460399902,-0.265484797291,0.0565100985316,0.0572034792876,-0.467836468257,-0.0403138182968,-0.124639946349,-0.362302915916,0.0914336195546,-0.268789878669,-0.315700984721,-0.592719436268,-0.158283089447,0.316328086436,-0.0713504049893,0.845960292062,-0.0997722415146,0.516931725902,-0.160683442412,0.60292739245,-1.07865192818,-0.771103153568,-0.357745402514,-0.196176960078,0.28459823095,0.748485543561,0.0817936860318,0.705776141571,1.00335971977,-0.343463612751,-0.111478121763,0.0808732090559,-0.658647164207,-0.0125632815648,-0.736021823144,-0.0131960675203,-0.545453545653,-0.56040321502,-0.507783336356,1.51966838806,0.859861226617,2.16426401435,2.45030256914,0.831802660868,2.16756724196,1.67505661143,0.544572887881,0.529165405718,-0.264228914329,-0.298911551832,2.02440191352,-0.172241257697,-0.0809659406231,-0.0220574703219,0.398962183441,0.228026941346,-1.17572773213,-1.06255223243,-0.204549373702,-1.34391213961,1.04723779919,0.811910780707,-0.80583983184,-1.16517753202,-1.21545730427,0.831280295018,0.456262657011,0.587526591471,-0.236109550481,-0.724210041429,-0.83776870546,0.093076207233,-0.0816266652113,-0.935776339975,-1.23760576942,-0.509050613843,-0.858113566598,-0.106427747477,0.730301027475,-0.145882095155,-1.1152440796,-1.01799980716,-0.989671291213,-1.06732552321,0.0346712525647,0.363636476452,-1.13340372404,-1.08798406018,-1.01244303501,0.884627152321,-0.827691474316,3.61496917978,3.60250442593,3.62744426028,1.40964049926,0.553921898357,0.0575095469266,-0.325160246049,-4.40434312384,-3.69405407458,1.59832270041,1.75634879067,3.17542333382,1.38393357096,1.30454114002,-0.765979631827,-1.01293057446,-0.19126529652,0.0122011999685,0.300869421769,0.340290905088,-4.18345846174,1.4134634086,6.46353113424,6.45599273173,6.4529777091,-0.169056543098,0.847641355673,-3.03674469974,-0.626699993234,0.637225038541,0.649382626858,-0.951287870236,0.404084736358,1.21954716493,1.57128695423,-1.00512413322,0.498881375654,-1.20466732861,-0.217689348783,0.0565304980774,-1.05508476053,-1.05508476053,1.05508476053,0.662319800529,0.0614193407689,5.53696840973,5.52793627052,5.52610025152,0.473589930149,-0.376995103535,-1.2172700388,-0.0225672464718,0.369179873932,0.965355451909,0.597277595638,-0.281571033629,-0.864597833472,-1.25207807494,-0.733406753082,0.536619117785,-0.0458728322335,-0.787579029267,-0.777285299765,-1.24585797054,-0.781971455597,-0.578512236881,-0.755055772934,-0.738900388574,-0.813373564365,-0.237795732864,-1.29734289404,0.909971172535,-0.995867952182,-1.34722931749,0.936554503942,0.577420651151,-0.995077776764,-0.273418435585,-0.448882184896,0.327556955439,-0.13670028313,-0.72994417999,0.533606231303,26381900574.8,01030320,0.09760274
59,600576.XSHG,600576,2011-05-31,0.1172908705,2.60899654081,0.126095194632,0.363871521377,4.1336758748,-1.30626749754,-0.878428334567,-0.481007665693,0.892313995021,0.0134023463787,2.65871015663,-0.644977445928,-0.771434440041,-0.0548175431731,-0.159779035183,0.776279005378,-0.67957930599,-0.555502575711,-0.509912331883,0.271464982248,-0.639056719522,1.21836301203,-0.666735084391,-1.81984599249,1.43277726134,-0.478108022583,3.21145123517,-0.766963292903,-0.479124386762,2.30965823482,3.32388340975,2.50678346754,2.19809471923,3.006517797,-0.492701158799,-0.190401677151,1.81984599249,-0.740441318237,-1.37092550354,-1.01156684847,-0.507872189812,-0.164503857764,-0.0578708404216,-0.565001206959,0.603445187881,2.11083808895,1.15329325855,2.63366837,-0.453309183745,-0.20713825975,0.0880824822483,-0.432088057536,-0.0966328285215,-1.11178258801,0.0450072010654,-1.29337881264,2.31674857858,3.40451649163,2.53477941897,2.17067046345,3.18542268294,-0.327007328027,-1.42197376287,0.0,-0.572175945102,0.103982174727,-0.558359255344,0.0543451314613,0.0548175431731,-0.483489186162,-0.557969691473,7.66702044243,-0.412599573773,-0.676972707922,-0.676613664196,-0.72073151213,0.530311582902,1.80783708191,0.500276068379,0.126417966586,-1.35285333609,0.0430272958301,-0.592719436268,1.11467999211,-1.07954031581,-0.758021316176,-1.1055748809,-1.65653893169,-0.748135771608,-1.35814864115,-0.308771346425,-0.758231519774,-1.2460931899,1.88133135766,-0.603445187881,-0.321854164496,-1.79487812182,0.541379746194,-0.767640267442,-0.306125309293,-0.0522004169159,-0.818762221667,0.0492928386701,-0.378149872008,0.300252690421,-0.213650779218,0.125462611651,-0.293823228256,0.198332321219,-0.33570557791,0.523708142762,0.0,0.250203932295,0.246605655215,0.528887031597,0.110751610903,2.08889085406,0.281502589748,0.41043583693,2.71165021141,0.835517244018,-1.29699985041,0.461325126616,2.23423053721,0.15115819839,-1.08843410683,-0.399047147355,-1.22567211159,-0.233369526969,-0.363820293166,-0.215395757373,-0.92571647056,-1.59501623046,-0.622168735198,2.52828652138,2.01738296349,-0.697363495752,-1.47587547931,0.190095629014,-2.35880930248,2.2306242277,2.7447439147,0.0301732788422,-0.187303732945,0.212988573624,-0.746029837654,-0.847314742414,-1.0734803281,-0.288913409985,-1.01546676095,-0.874547917049,3.36149724453,1.26976912565,1.84146594539,3.58985120223,-0.908532363184,-1.14949924304,2.97455305941,1.5392544165,-0.389635036819,-0.462680180305,-0.973124538086,-0.713281204711,-0.712316360113,-0.707364564527,-0.157609011462,-0.351024653354,-0.235573069737,-0.434362025969,-0.0750586555412,-0.00223270193471,-0.702954723727,-0.721390205763,-0.769910454938,-0.63718965411,0.177100745149,-0.737498424761,-0.397487608944,-0.233950958154,0.09055996089,-0.73749639159,-0.598884329874,0.0394438893731,-0.15478412761,-0.505780870698,-0.498489770417,-0.504934747758,-1.539588277,-3.14033810131,0.0618056796519,-0.75152165172,-5.38529556887,-4.27391009932,-0.614165290912,-0.187132232118,0.821118936082,-0.00850405111413,-0.223717725072,0.498881375654,0.100091054009,-4.06435264996,-4.33024493502,-1.22775754648,-1.22775754648,1.22775754648,-3.38292193046,-2.93081822848,-0.468086630594,-0.470002322488,-0.469336618762,-1.5706089281,-1.82544997501,-1.20640379313,-2.76465641988,-3.07069936378,-2.75051907992,-3.20862416996,2.26173403533,1.36280754605,1.18332246478,0.544575258289,-3.77158055929,-1.5807051852,2.35184094086,2.6101165771,3.1956467148,2.32487932412,0.974352057489,2.0914115223,2.12161594689,0.75975536127,0.247950191945,-0.301014278494,0.679546500703,-0.285276678455,0.0127362014398,-3.22846737248,-2.97585969401,0.50711335622,-0.437315682831,0.572707901353,-0.975749872843,-1.60261972254,-0.72994417999,-1.48134890251,3458956407.4,01030320,-0.09394704
68,600657.XSHG,600657,2011-05-31,0.123758221581,0.27314769634,-0.131602126346,0.145415845203,-0.277655089707,0.765305691728,-0.323667363473,-0.481007665693,0.30429646285,-0.131743136508,0.476364340774,-0.644977445928,-0.771434440041,0.308884938923,-0.112118906148,0.519330183841,1.22081665539,2.11345090731,0.100559261946,0.587819652548,0.535909246211,-0.0929964363445,-0.382670889031,-0.414096262845,0.180950425849,-0.00888676621902,0.274703328048,-0.136326563985,-0.133746453696,-0.680970312285,-0.708788558658,-0.691174754884,-0.692079238424,-0.726142826562,0.0734539528553,-0.104700017533,0.414096262845,-0.239042478643,0.476825290664,1.4207685133,-0.332430285102,-0.170901858324,-0.424997773455,-0.139382466876,0.026284545282,0.926135459427,-0.250283532684,-0.428592258325,-0.388772261994,-0.224032069667,0.113953345283,0.787783684902,-0.249691503541,0.168069759945,0.129013197694,0.184931859421,-0.658697758175,-0.729704698042,-0.681911342454,-0.706050545119,-0.738434489361,1.87965882647,1.30734635189,0.0496819284929,0.0282585094813,0.109969574235,-0.0328346887127,0.153239821486,-0.308884938923,-0.207328496238,-0.0322137798483,-0.332291242155,-0.272289879938,-0.0321429646657,-0.0314899938575,-0.323325014615,0.0718922613509,0.196847655884,-0.339261470615,0.124559241996,-0.250526771562,-0.309607525907,-2.05810714972,-0.170299817731,-1.27820323448,1.11406043116,0.13017983286,0.0933150999023,0.677523195794,-0.24712466695,0.549662384608,-1.39741569273,-0.745837726103,-1.43833269579,-0.026284545282,-0.277332550964,-0.47750462801,0.088486686908,-0.371749084771,-0.650484976822,0.21739857427,-0.221813708221,0.0802171944679,1.40100438137,0.741038832766,2.04840240207,0.278716941262,0.41647500946,1.12127181679,2.06000843037,0.698358277042,-0.566466617607,-0.387816095057,-0.548226203834,-0.878653789924,-1.2604588098,-0.398211970464,-1.18636163841,-1.31114291049,-0.343070045708,-0.336585762157,0.400568636375,0.47682157628,0.259910819422,-0.149234237613,-0.212122448719,-0.399047147355,-0.327103836221,1.60838126538,1.64729397138,-1.16027317338,1.33565181775,-0.236367632751,1.52452748555,-0.409983904656,-0.410573204684,-0.385802655832,-0.0849805658422,0.403424578312,0.389826907955,-0.820536851496,-0.565096264831,0.316083833824,0.869533815729,0.0318648190245,0.568585544474,-0.451800411066,-0.225668662463,-0.739339261456,0.0342002537032,0.985139499471,-0.526623371011,0.257052915222,-0.356253739012,1.03178000766,-1.68861471604,-1.3268631369,-0.532345702424,0.0154214218275,1.09969125112,-2.14016644806,-0.204236618973,-0.522726901419,-0.514074617694,-0.485739762251,2.24596714955,0.466091590662,2.95051877231,0.0906532850664,1.59300541768,0.016055459702,1.77970469469,1.94338120119,2.07056093228,1.11213304854,-3.83860043695,1.14381702951,0.0307591011079,-0.508181033817,-0.364720146241,2.44837634741,3.42313289225,0.482482811476,2.24905710609,-0.726387953726,-0.728930741623,-0.719934017624,0.526504226493,0.151627332045,-0.978715417364,-0.685013300403,0.575485257444,0.570244727506,0.369007071316,0.190944362848,0.26248470132,0.334031035737,1.65165765448,-2.38710031823,0.491518568794,0.568110118975,0.457623136781,0.341739808746,0.341739808746,-0.341739808746,-0.551123250317,0.382596359086,-0.548224063084,-0.547664621131,-0.52039906816,-0.853346170818,0.5700715432,0.0430568006986,0.482432893268,-0.415377198363,0.358293165756,-0.583280852173,0.381798662239,1.39590356204,0.551796099261,-0.840197030744,-0.169498989206,0.196304150843,-0.680935616396,-0.700423488437,-0.357557033468,-0.689695258827,-0.0645105357146,-0.7121745429,-0.698491497334,0.42614849587,0.254417974211,0.788926490558,-0.383671756374,1.04897154775,0.978745760255,0.202771814103,0.135382391652,0.66011430495,0.333079354431,-0.622264152583,-1.09159936869,0.799049377111,-0.0388974132148,-0.0812532740183,9343716509.46,01030320,0.03915171
69,600658.XSHG,600658,2011-05-31,0.118554994883,1.21916491642,-0.294462860991,0.14337033061,-0.276517821643,-0.2947568719,-0.871953476283,-0.481007665693,0.484144119045,1.47933460193,-1.28744940081,0.897868108418,-0.771434440041,0.139188892231,0.0924383676703,-0.00347418984821,-1.31636119881,-1.25586625565,-0.949755219363,0.666697417009,-0.0563734342275,0.718911801163,-0.559610829814,-1.0638822315,-0.0928866944142,0.861127646623,-1.04861986788,0.310834291614,0.07298348064,0.315896375843,0.478968049005,0.338234234344,0.304250107973,0.426966543551,1.15716084972,-0.0593807616912,1.0638822315,-0.200783129437,0.861157455858,0.968782823468,-0.729150267824,-0.168336344146,-0.432216561464,0.0348796322577,1.62457555556,0.453542127868,0.403105663237,-0.186344460141,-0.395209146108,-0.22263166174,0.0858619585819,0.133167464091,-1.00870802446,-1.11178258801,0.0466824070604,-1.27552106818,0.310150197033,0.534172775542,0.338086547102,0.311266495628,0.453677744661,-0.259286014793,-1.95947388467,-1.1652455821,0.69627789924,0.11148567469,0.376963836509,0.155191078602,-0.139188892231,-0.156455710992,0.377765145764,-0.5863786635,-0.233903658641,0.467357503349,0.468238157072,-0.45444475612,-0.0392756492937,0.790103052326,-0.0880008319572,0.120898856142,-0.276037124175,-0.263003850163,0.140854004919,0.260682167454,-0.192527810513,-0.11905596303,-0.322350062319,2.20279430488,2.39159133361,1.04695131215,1.08664798692,-0.424702385888,-0.408544269449,0.0841526415593,-1.62457555556,-0.325564298958,0.094909297276,1.59664288433,-0.350128459296,-0.387853337053,0.60061428317,1.31848574127,0.0892667581516,-0.245915434257,1.44487476974,0.0195505796773,0.964712511901,-0.150489503156,0.243629965173,-0.369186107016,0.523708142762,0.133545560552,-1.78348490489,1.17788933556,0.326586487668,-0.00351592415565,-0.541619876326,0.225940328505,-0.420671144584,-0.219936815502,-0.259486305632,-0.55165600335,0.944099135359,0.701788100961,0.0289955688773,-0.0667006018551,1.48217511875,-0.49243695445,0.136911003937,-0.323546982867,0.448529735931,-0.513630253962,-0.0680946412925,-0.828073701433,-0.106687643386,-0.132965796232,-0.0872880774607,-0.328208469969,-0.212595390962,-0.750165358264,0.381236930655,0.300269743496,-0.71043800721,-0.661052280217,-0.413437524974,-1.04905614174,-0.329147503562,-0.62574982051,0.125841738053,-0.0992016965442,-0.191170384119,0.510729324926,-0.312356134203,-0.0265437816261,-0.111788070639,0.107467084039,-0.175845367371,0.32230820727,0.143365718063,0.0165541759219,0.14449450578,-0.611926027247,-0.698409721665,-0.697417713859,-0.694894736151,-0.61707908375,-0.566961211231,-0.484953367995,-0.426006538699,0.0031561028647,0.0521155119309,-0.689224630196,-0.707981285019,-0.774696878396,-0.62248071232,0.125233746864,-1.12092063413,-0.508488403642,-0.336993811552,-0.206477188882,-0.655396037564,-0.547262414108,0.157987868215,-0.618060762185,-0.688143816738,-0.680465917435,-0.687415809365,-0.421063377216,-0.322941837814,0.103906346409,-0.552359235612,-0.365878267613,-0.167110816186,-0.298634467748,1.06101975933,-0.297518815545,-0.248774489775,-0.301858365887,0.498881375654,-0.0303847842527,-0.567502358317,-0.554925412674,-0.665518109297,-0.665518109297,0.665518109297,-0.357082410365,-0.377806716829,-0.686836763866,-0.687619395322,-0.687159427538,-0.207809689266,-0.376995103535,-0.41378636245,-0.389000274698,-0.291012333614,-0.471993817546,-0.304736742105,-0.172153726982,-0.208801447864,-0.407723525637,-0.427041202411,0.0919621755383,-0.463298557155,0.32028817667,0.353045276816,-0.0550515845652,0.317094275621,0.235927078348,0.293951101468,0.290992299834,0.112673079245,-0.484683615201,-0.0423198346045,-0.707300788586,-0.122505599901,0.0831121555528,-0.596750565396,-0.713684697195,-0.0144807871774,-0.379141201865,0.151691468027,-0.113314737091,-0.294425792434,-0.72994417999,0.431732486306,5481920448.9,01030320,0.08791821
87,600895.XSHG,600895,2011-05-31,0.200637415195,-0.147289716592,-0.153201034752,0.723793237993,-0.0890279184327,0.939849551277,0.157548990884,2.52934636112,-0.209052176347,0.441043257595,-0.242987661883,0.605662511004,1.81299176441,-1.32181780191,-0.607974888629,-0.329191257053,-0.192043169302,-0.126450951963,-0.157279672094,0.154202851123,1.06195610015,-1.00243839655,-0.242423114186,0.0178040278121,0.193990288719,-0.409679922697,0.00943304895627,0.753856593679,-0.184692119795,0.287442139395,0.451870612999,0.331939096068,0.273034963202,0.42755070626,-0.405509736817,-0.155867853783,-0.0178040278121,-0.91978201764,-0.380531077846,0.283814819293,3.81811423532,-0.163495924927,-0.38787257798,-0.571796166694,1.07642093499,-0.536714743982,-0.903672728606,-0.500024301379,0.205509596073,-0.271112450461,0.15697599132,1.32419337643,1.63046774102,0.367066157273,0.388312749639,1.07160769319,0.27105022157,0.430653674811,0.334765520763,0.276389047228,0.490448137326,0.288906423372,0.980174449449,0.429293036721,-0.148945893724,0.108940372563,0.441354425515,-0.0529170170189,1.32181780191,-0.263512063983,0.44218408062,0.222081313507,-0.299093572811,0.428544221949,0.429407183755,-0.641154982674,-0.135876952621,-0.389474025832,-0.221121377216,0.100452523352,-0.125932993756,-0.103248542418,0.873547861644,0.0658491459559,-0.772832651896,-1.15267638724,0.434767262307,-0.244587747577,0.589034018507,-0.505600877576,0.25794356259,-0.256633742885,-0.341590886668,-1.17992548574,-1.07642093499,-0.106511776819,-0.57941179598,-0.429105380847,1.20334269809,0.281122710402,-1.01168396948,0.163627717563,0.0740008116906,-0.538434038979,-0.68085194899,-0.540132681672,-0.961913346063,-0.437156953355,-0.713282763366,-0.0863564437814,0.367886461621,0.437308420892,-0.18843483651,-0.196862763997,-0.465489716078,0.453554216078,-1.23953835152,-1.5968420174,-1.1924133417,-0.136821885113,-0.189848955836,-0.184186257189,-0.299788958772,-0.323848147075,-0.396294480881,-0.642032709137,-1.02612123606,-0.650881192753,1.23634585044,-0.234070985777,-1.1516405724,2.03644858448,-0.0593693750687,-0.432053038675,0.12160490567,0.0741311043228,-0.0217778710165,-0.555799622719,-0.185345920056,-1.04374755454,0.327357635141,0.336739037771,-0.19737364477,-0.175672481137,-0.634914727067,-0.277084916714,-0.465494482971,-0.574277260831,0.040260661208,0.504355304698,-1.17710401739,0.301475544567,-0.13655318007,0.517425643335,-0.150248880447,0.924619236432,-0.791076374197,0.454296710421,-0.485861045519,-1.34283751648,0.246932570768,-0.0290016978729,0.768215037079,0.765198468572,0.748058994814,1.33648618333,0.493693100581,1.63409615323,0.433889190476,-0.0436068307198,-0.365784178208,0.453799619714,0.507241130391,0.670539699428,0.247046591317,-0.826729758051,0.784620214655,0.609985705643,-0.264448427043,-0.47814240872,-0.00272729836589,1.05659004348,-0.17851506348,1.34052796634,-0.615995319971,-0.606610865372,-0.615063816581,-0.769986758141,0.0919308586936,-0.332091729075,-0.784535972428,0.353881141201,0.420183935655,-0.156045681884,0.103224809409,-0.667038760664,-1.52826131823,-0.926983492405,0.498881375654,-1.07419149035,-0.980878951291,-0.940391065454,-0.139778610611,-0.139778610611,0.139778610611,-0.988079270227,-0.786635950961,0.1010769715,0.100364355044,0.106406389294,-0.279535964994,-0.961948032402,0.0168492595368,-0.738497322628,-0.410085076458,0.304755535139,-0.630138739848,-0.536305927806,0.362631887882,-0.496546897751,1.32011776656,0.999292953965,-0.447626654939,0.29605747829,0.356022906727,-0.545868047939,0.305220815102,0.52188577125,0.260599033664,0.274615128054,0.0436509691619,0.397303053895,-0.293897201717,0.903330403571,-0.612526153092,1.06729663648,-0.390482308368,-0.831090058918,-0.807303885141,-0.0553781914384,-0.555067088012,-0.256517586124,-1.16788050362,0.652149353561,-0.380473350534,14464760397.0,01030320,0.01070664
109,600208.XSHG,600208,2011-05-31,0.108904299924,-0.694404230384,-0.284532328391,0.154808365108,-0.283171114522,1.36094286913,0.4101906311,0.671167938292,0.0654362944651,-0.431128895966,-0.132282191344,-0.13069559448,-0.378601656964,0.0672110746731,-0.183990380733,-0.0445901439596,-0.117420291238,-0.151689282772,-0.100403436644,0.511050919222,0.559907734074,-0.134453723398,0.0383644156032,0.518277476013,-0.197205597372,-0.0870903089464,-0.462360438288,0.127555492272,-0.0841481109975,-0.85998420225,-0.928062731291,-0.88489714342,-0.83932760971,-0.917831646899,-0.0193342158081,-0.188972726041,-0.518277476013,0.100886804927,0.648296564366,0.670565461106,-0.179116188194,-0.164615083707,-0.330122273907,-0.389645750373,-0.309356566875,0.729758121381,-0.298682732382,-0.254670762193,-0.460732033677,-0.204693103052,0.155856917885,2.18036216326,2.47204903615,0.471105767493,0.212996858243,0.940392092572,-0.866613001259,-0.873590274161,-0.886182137516,-0.84390365992,-0.94499284115,-0.447687755896,1.04424228389,0.184673874114,1.16896034221,0.113068447882,0.197953573602,0.106792103093,-0.0672110746731,-0.0939566181137,0.198676079446,-0.21857379484,-0.179254678611,0.241755305212,0.242533124665,-0.240772549129,-0.212333908335,-0.389981370812,-0.0350160450116,0.102708336221,-0.25636948866,-0.279267435354,0.140854004919,-0.0999547004747,0.746764410225,0.454856356425,0.539197238118,0.798083896074,1.41493300652,0.948645605815,1.060015483,0.0826724054697,0.347313102203,-0.486677571393,0.309356566875,-0.264192491414,0.226305946616,-0.460339384936,0.235089281583,0.529061671023,0.0238650127402,0.0714370199074,0.0992845879084,-0.758824768564,-1.1785137226,-0.885270692837,-1.29761330616,-0.612342617366,-1.14927258643,-0.0914422625648,0.789903514713,0.186152536365,2.56302653145,0.406936545237,0.157467514436,-0.631987366978,-0.603990933797,-0.14428575917,-0.242576791402,-0.239572381581,-0.293941303849,-0.186900436684,-0.415416313952,-0.653302229093,-0.187068186305,-0.0240387467352,0.228026941346,0.646381008349,-0.783964392238,0.979413056231,-0.873042995421,-0.232851923336,0.619954923784,0.993492455257,-0.828129600257,-0.909024845419,0.794837531168,0.782682781247,0.404057367186,1.02807803206,-0.80535694563,-0.939538911167,-0.230588701875,0.220900726055,-0.341980947078,0.879051285366,-0.0818625564277,-0.12915483457,0.016177571755,0.678554145396,0.749695542414,-1.06945407326,-0.553616557138,-0.916864676017,-1.15535804343,0.712213023373,0.819978995028,-1.02287534764,-0.589439345253,0.872603699325,0.468831348712,-0.280529373738,1.15113097065,1.15137573127,1.14432251315,0.176682022199,-0.0827483626609,-0.28533526435,-0.289626256112,-0.836534544595,-0.875689564518,0.430891000785,0.486982544511,0.828207193009,0.292373152209,-0.19616910605,0.250096393977,0.289682565011,-0.323166512126,-0.245233793491,0.0386840721664,-0.0355641764903,-0.733814714663,0.176163933185,0.268953283057,0.281198652652,0.266178389494,0.434493038074,1.06607617862,-0.560007595379,-0.923349169702,0.62491743512,0.634556495442,-0.765567569056,-1.7100642584,-0.92856068785,-1.58264530045,1.57351701367,-2.24967261852,0.491518568794,0.477670657974,0.647951811491,-0.610768201557,-0.610768201557,0.610768201557,0.952814635987,0.375680679673,1.35625278825,1.35384192086,1.35318460497,0.742563464128,0.597926444575,0.269695638843,0.305374917445,0.525297470105,0.745760424631,0.759978594509,-0.240317712484,-1.12113378755,-1.31541176633,-2.0709112143,0.551465038385,0.343712219339,-0.866024144022,-0.895388676766,-1.2129172683,-0.860918551256,-0.773977672536,-0.819865913565,-0.8117075979,-0.778862509324,0.568287174287,1.61403292488,-0.71109948641,0.914779657591,-0.81857975652,1.11115060279,0.850777110826,-0.786440119405,-0.210797708819,-0.429721697216,0.496504136882,0.856042628372,1.34319612034,0.566257588495,29055517396.7,01030320,0.10070671
115,600275.XSHG,600275,2011-05-31,0.608555319902,-0.182385240931,0.0585675729495,0.341783451171,-1.72565555593,-0.369908693443,-0.884658858576,-0.481007665693,0.300532909777,-0.782670513085,0.831836336893,-0.644977445928,-0.771434440041,0.603469649193,-0.71854638799,-0.99616038672,0.230819806397,-0.0128784633236,-0.00940145992369,-2.1307214809,-1.67963115323,-0.652233419073,2.56538729924,1.63314429543,-0.431923129026,-0.719561460754,2.58643085155,-0.0186733992459,-0.0365286495447,-0.955885517686,-0.956565219535,-0.954311534806,-0.960936006269,-0.949598971355,-0.789328732907,-0.220477849009,-1.63314429543,-0.137856568243,-0.948160121825,-2.12988195732,1.29870526139,-0.162348332447,0.107130028357,-0.645153847553,1.26999173513,-1.87401222307,-0.419680731627,0.267093726203,2.84731960278,-0.29156285194,0.112631605005,-0.77038213302,-0.429306100093,-1.11178258801,0.0487373264142,-1.32521218321,-0.940150167754,-0.95639986532,-0.958110032973,-0.956615947333,-0.923279521686,-0.535504284767,-0.0257472908646,-1.18072236567,-0.0352053930621,0.117287141779,-0.0498727483467,0.152639896162,-0.603469649193,0.0951195418047,-0.0492593399305,-0.637906881815,-0.0349869265011,-0.0661045858906,-0.0654670955101,0.0422389673734,-0.131221312744,-0.0527660742033,1.24757757786,0.188286023499,0.419508348744,-0.0744861858144,0.140854004919,-1.00066924407,0.370350459057,-0.555634100247,-0.918471174238,-0.681447857533,-1.67891082159,-0.275090945476,-1.12323047796,0.473793276247,-1.34799708068,0.637610941231,-1.26999173513,-0.444906957455,0.2543569167,-0.221622353687,-0.644052097501,-1.10458059174,-1.03960672213,-0.309605644954,0.127006217464,-0.213858600863,-0.709289764625,-0.474836301181,-0.699191638159,-0.325675167167,-0.60003865348,-0.722638511311,-4.32492045348e-15,0.0,7.08344524538e-17,4.73412355483e-16,1.48544128151e-16,-5.07449793557e-17,-7.58165519055e-16,1.18022643622e-16,6.5908150486e-18,0.0,0.0,-0.0228433649472,0.10371474977,0.179952073238,2.63178890663,1.64326085924,-0.399047147355,-0.455839779842,0.158847054346,-1.58167790733,0.817769623164,-0.680058597791,0.36193633688,-0.689514803967,-0.826254507452,-0.750265337071,-0.570464585918,-0.260441376031,-0.449574824442,-0.389497284828,-0.928576551893,-0.970310645663,-0.701261677106,-1.61123004322,-0.351233621539,-0.430132697746,-0.365456966033,-0.27781547044,-0.542261788752,-0.499060252776,-0.607271187018,-0.615835803609,-0.750951573377,-0.784772674163,-0.875021474165,0.0981718494858,0.420910233844,-0.610422179833,-0.677777489872,-0.440010244252,-0.385020644311,-0.0802608924805,-0.155889842365,-0.152259676401,-0.155870768005,-0.712929664589,-0.507739732736,-0.556630176012,-0.463125778703,0.25114384944,0.290996396975,-0.276365443909,-0.299900662678,-0.422728492644,-0.21988792937,0.130555988745,0.891819923749,0.336011286527,0.403976152586,-0.400677608951,-0.121305180581,-0.362721819136,0.144443974284,-0.712563459797,0.539882950972,0.549297448701,0.544280272632,0.0310709667008,0.155304611079,-0.677383227154,0.813646117934,0.554770821085,0.528113478074,-0.519933719325,1.24595238342,-0.448063166945,-1.02380720508,-0.926983492405,0.498881375654,-1.07419149035,0.0997019671844,0.209995513685,0.223115008642,0.223115008642,-0.223115008642,0.791788250872,0.369729978783,-0.106752730692,-0.105148849879,-0.104090108215,-0.24367282713,-0.0427362870405,-1.01338240251,0.293057840866,0.53720474439,-0.114471335118,0.585563123719,0.0673075468838,-0.313477219369,0.46162369112,-0.145184895794,-0.0102296468452,-0.153455831567,-0.955521858039,-0.952854151201,-0.39214477082,-0.957732921638,0.416913592843,-0.962389035609,-0.977852818857,0.624587062358,-0.169853425774,0.285116533391,-0.543211503212,-0.540312339917,0.0253507592525,0.384287880287,0.199389531627,0.583613830585,-0.139085404818,-0.505265286057,0.0894218806416,-0.324910554737,-1.42099094677,-1.2677704609,2625600148.08,01030320,-0.07364341
130,600533.XSHG,600533,2011-05-31,0.102295144642,-0.451162569914,-0.276091375681,0.159763295343,-0.286291734138,0.514465929623,-0.265515806054,-0.481007665693,0.322913505386,-0.138239417711,-0.968879228202,3.64460072411,3.65310322198,0.300304801731,-0.339934322936,0.272530892537,-0.221892320528,-0.2337138579,-0.176238417244,-0.705438239639,0.812371826384,-1.62844343106,-0.299553887145,-0.245981424996,-1.20127503834,-0.140855244571,-0.215259356394,-0.089817105227,-0.213743780628,-1.0792441744,-1.0443666471,-1.07940292694,-1.0662834902,-1.05586094983,-0.0847277822946,0.0855768026532,0.245981424996,-0.41385246564,0.50047650083,1.33223523385,-0.348235862103,-0.162975546409,-0.476560544949,0.681020865548,-0.0352792565952,-0.187742556373,-1.75065872332,-0.537293193407,-0.266479002534,-0.243393264979,0.148776795798,0.0578000612071,0.385115729839,0.192841095712,0.133234716802,0.1406757101,-1.08593240385,-1.02205583797,-1.09012082994,-1.07813479047,-1.03385909671,-1.36264334405,-0.0367515827471,0.343310905752,0.794770579162,0.109482675451,-0.0027414924761,0.151147581919,-0.300304801731,-0.25198828111,-0.00210733606683,-0.309192385669,-0.273359250068,0.0382061078714,0.03889114528,-0.55098412095,-0.134239095933,0.138841213188,-0.370047791966,0.123481107461,-0.20241198718,-0.305329794719,-1.32541329299,-0.166924332258,0.368607801876,0.214882943253,0.656680960905,-0.0611547732312,0.169529770627,-0.481871913977,0.389867361083,-0.430250018901,-0.426230068674,-0.768428289912,0.0352792565952,-0.220907589369,0.201245565785,0.0315961794608,0.363644351971,-0.351121639183,-0.192777033749,-0.12834003863,0.0794465921789,-0.694711101776,-0.91546392798,-0.773334040567,-0.969211171283,-0.558194321217,-0.792553640287,-1.46609880918,-1.19941994786,0.114030069524,0.409708939133,0.342121930122,0.417033027149,-1.2604588098,1.12919604277,-0.0104827627053,0.588530190111,-0.261210356986,-0.29286374331,1.04895596034,0.540595426817,0.262916787323,-0.105930320435,-0.0786289738749,0.228026941346,-0.865297580455,-0.818184630876,-0.128923021782,-0.0254785358841,0.156253096564,0.839333045982,-1.15481491546,-1.21486749137,-1.28508088754,0.855141628491,0.610772571746,0.803426245571,-0.0827501582874,-1.03286812738,-1.12262213596,0.466599538554,0.054341665355,0.546869858167,-0.0878772017681,-0.522904538727,-0.714083756955,-0.336997056028,0.610075839541,0.4891189976,-1.01333738782,-1.06491437072,-1.10096140301,-0.905790122011,-1.01668039651,0.419062693283,-1.30805077183,-0.969530638991,0.374304444556,0.802434958585,-0.420002066042,0.508135603698,0.508993789776,0.515808954435,-0.782592714109,-0.63474610566,-0.720914865333,-0.574600563332,-0.495395959423,-0.449124702944,-0.503146803287,-0.492630344866,-0.368363629997,-0.514459017186,0.0609826480616,-0.807371695868,-1.33770196742,-0.34730711624,-0.353365441113,-0.609244209796,-0.573831592556,-0.633422346245,-0.783166892629,0.597735218032,0.598217119463,0.597119320993,0.036992321649,0.815769132754,-0.244491038791,-0.998515142571,0.613887670305,0.632404946029,-0.358470020791,-0.633041098776,0.26248470132,0.79785297084,-1.00512413322,0.498881375654,-1.20466732861,-0.0756311388137,0.198776139176,-0.793267894024,-0.793267894024,0.793267894024,0.822860678955,0.2346329856,0.162834987559,0.159344596693,0.158655355326,0.419795223353,-0.293430399412,-1.171622105,0.166807805931,0.4869295863,0.889132384589,0.702707842907,0.0343165270121,-0.883906631476,-0.99764278,0.752903832745,0.305858740302,0.0844805191444,-1.08092634966,-1.07521526069,-1.14813388722,-1.07869380067,-0.766738211957,-1.05146598689,-1.03813979903,-0.836380934393,-1.30774760011,-0.438012357974,-1.58954418694,0.122502634448,-1.57412537709,1.19525482114,0.817535833712,-1.09939660544,0.0685609102471,-0.60351773212,0.519030427742,0.153567670967,-0.0388974132148,0.344218219061,5155500000.0,01030320,0.07959875
139,600555.XSHG,600555,2011-05-31,-0.387900711481,-0.196783096688,7.3729013597,-8.43380430314,-0.161230705398,-0.361471095972,-0.880505175903,-0.481007665693,-5.35588663655,-1.06108256466,-0.954865877501,-0.644977445928,-0.771434440041,-0.938094999693,-0.826830201158,-0.402205734757,-0.206967744915,-0.303119267624,-0.259656895904,1.52465128286,0.413996927871,1.12061109309,-0.597114051586,-1.31716050695,-0.105926557284,-0.409679922697,-1.30662246809,2.11031678279,-0.240479729366,-1.04270084571,-1.03762813127,-1.03293081727,-1.0453475652,-1.02531758534,-0.403153211898,-0.218283826652,1.31716050695,-1.13612353502,-1.12554419807,-0.983608970744,-1.84502400408,-0.161098504091,1.95720226954,-0.665169993793,0.776889360477,0.128392764874,-0.00828753419485,4.18032738917,6.08142888338,-0.295030528712,-0.187213988579,0.33324705155,0.303637334226,-1.11178258801,0.0457219556232,-1.3058015914,-1.03733832515,-1.00305315611,-1.0271597056,-1.05950442011,-1.01042803627,-0.592477107088,-0.112071445486,-1.17642325912,-0.776579163683,0.107129409584,0.831902156086,0.19343931763,0.938094999693,-0.34233309844,0.832903737049,2.04156047055,-0.333313416978,2.74366824544,2.74558648992,0.925258706348,-0.233206908727,-0.568228573734,0.0293665300439,0.0945838773988,1.83293735027,4.38245013761,0.140854004919,-0.171109934244,-0.0897110368143,-0.567199084014,0.291176045568,-0.73696046819,-0.685865609814,-0.948824019075,-0.355223388148,-0.0827031293178,0.215511788929,-0.0580798984251,-0.776889360477,0.129287880039,-0.594629731167,0.134222192895,0.332966437446,-0.990712328342,-1.3111314204,0.102045064656,0.0668247569177,-0.562476664025,-0.702180310716,-0.684717524187,-0.640809036403,-0.532712770088,-0.594376447985,-0.85487513352,1.43851126246,0.0,1.526243987,-0.452709928927,-1.87196016435,0.167885378432,-1.65200680457,-2.25678561013,-1.1924133417,7.94582864316,7.94340288468,-0.962552621442,-0.260451817319,-0.528253964385,3.28772929419,-0.884902185343,0.228026941346,0.346714731559,-0.415000024356,-0.746872321444,0.110681124977,-0.395165891628,0.350718137449,-1.20089380462,-0.90922736409,-0.945832217466,0.0922297209932,-0.171817442287,0.613905977674,-0.184399291554,-1.02487212759,-1.01714360471,0.311064544151,-0.189997484926,-0.0398180663227,0.30460102995,-0.634261169018,-0.657172754956,-0.530553126573,-0.100836023653,-0.618879326837,-0.802219767819,-1.00933631865,-0.775411823637,-0.749382828792,-0.230071172435,-0.0668404742699,-0.854683785135,-0.915049365915,-0.824803477561,-0.15707832271,0.153385668987,1.0652290369,1.06298401071,1.06972111425,-0.646727549016,-0.58216956867,-0.593366633229,-0.567630340735,-0.513411724526,-0.502717662272,-0.352623600463,-0.333982285833,-0.180026110106,-0.399410370891,-0.0318306093682,-0.382725784269,-0.323643859929,-0.235239233509,-0.441070452925,-0.00624383001126,-0.410026121668,-0.491002018307,-0.647188671644,0.93661859129,0.932568054546,0.934831006757,-0.482142232882,0.361654827522,-0.239844436012,0.298363443113,0.537553627229,0.542391942366,-0.933075919375,-0.113489273166,0.528454056772,-0.820727606278,-0.926983492405,0.498881375654,-1.07419149035,-0.0065217393692,0.106616991422,-0.61989318618,-0.61989318618,0.61989318618,0.565218462771,0.0593285539697,1.34090858981,1.33656409237,1.33653377756,-0.42298851645,-0.599834314532,-1.07432312178,-0.0179483427547,0.2659834968,0.674074444652,0.34606725338,0.140679109597,0.180854780844,0.136861018019,2.35650865797,0.0185973834463,-0.356268683782,-1.04059853235,-1.02921505282,-0.74790435501,-1.04193174022,-0.126045950643,-1.04883215012,-1.03395649972,-0.0742618022294,-0.488239635723,-0.0492844025932,-0.705938151738,-0.848777237246,-0.752851271075,0.776596797525,0.43773656115,-0.410892336159,-0.35616340174,-0.149375869848,0.031497132718,-0.645663271137,-1.42099094677,-0.429345983019,6452325000.0,01030320,0.00606061
155,600614.XSHG,600614,2011-05-31,0.144789990882,-0.0650597376219,-0.089397362795,0.394183319271,0.541782261984,-0.553104665653,-0.498732871418,-0.481007665693,0.0539449124146,-0.271877202466,1.97952975932,-0.644977445928,-0.771434440041,0.162069258077,0.0935822107672,-0.167316606484,-0.908422798721,-0.98455419946,-0.790501760103,-1.65745489413,-2.29111262396,1.81469335686,-0.283786961729,-0.253170546352,4.05378969815,-0.409679922697,0.334056038896,-0.232104517189,-0.161156064134,1.67002181048,1.2601197439,1.8380998907,1.54034080355,1.71332064584,-0.411990180342,-0.216464192303,0.253170546352,-0.0257214361951,-0.971811331991,-0.466388232898,-0.0890243992892,-0.122073669488,0.759914715465,-0.616634829182,-1.19196838033,-2.48503548144,2.09707765266,0.242247798184,-0.565212977132,-0.148143297225,0.17806876325,0.55738528879,0.477095785332,-0.443782233496,0.112752531503,-0.441642044127,1.6631722646,1.09054171539,2.01423621557,1.50343581102,1.75658427133,-0.205075496432,-1.17411747185,-1.04358086678,0.532260800459,0.109990702919,-0.128424841464,0.205464820748,-0.162069258077,-0.214853813524,-0.127846013037,0.0550588127627,-0.31298149658,-0.274946503422,-0.27440420762,-0.387843307757,-0.226584551173,-0.493648861695,1.11658204394,0.0848303059371,0.438392596432,-0.141231102358,0.140854004919,-0.0948239625558,-0.859965510963,-2.43783520838,-0.703084349129,-0.0973586497469,-0.0729961226778,-0.373396651813,0.0157735850767,-0.922825458487,3.04566075543,1.36560268214,1.19196838033,-0.22121676724,-0.300416317549,-0.7648709248,-0.388110639184,0.00747156127125,0.547175911703,-0.428372189846,0.0826034833405,0.339121775187,1.8998798199,0.518601487713,0.98660598756,0.1871410493,1.79507427062,-0.59514900889,-1.21370360197,-1.98770346417,-0.906207367281,-1.7455909357,-3.33248446166,-0.374885413096,-0.879880428884,-0.189642707124,-0.806542243144,-0.208400546847,-0.0992126450467,-1.23683553825,-0.147804548612,-0.677951165886,-0.481534823115,-0.625020112977,-0.399047147355,1.18113031262,-1.28673866761,0.152625685967,-1.08964280175,0.351055805027,-4.51174808241,-0.399185579276,2.95862032021,2.37924821157,-0.820636722448,-2.30093161814,0.344575212988,-0.750944767484,1.38782710836,2.48356482742,0.410184112653,0.251346083712,0.658125901772,0.720452254988,-0.400525664902,-0.68775843602,0.143811893446,-0.447681094296,-2.40220393283,3.51065478994,1.71844663625,4.01942383424,2.95652986739,0.607530495975,-0.883453402249,3.86715475422,0.693015144757,-1.55198631668,-0.536008510011,4.41743541576,-0.0760844187576,-0.0774526510051,-0.0609562830656,2.14347679271,1.21979840824,0.241713567549,0.717334341094,-0.743279825348,-0.651777106419,0.334235966054,0.365764673006,0.619964449589,0.267833861593,0.147807741424,0.0427588185939,-0.795397237395,-0.28810397489,-0.119972731397,-0.230575139121,-0.382917836775,-2.67422186892,2.14803592697,0.347368278788,0.350352904726,0.346236714701,-2.5976613815,-1.62275618219,-0.169790785169,-0.996544905476,-1.14435099767,-0.33473607507,-0.437219484258,0.117001321456,1.02944699218,0.243377516786,-0.379999006702,0.361453675946,-0.291336460776,-1.26542197246,-2.63892422776,-0.78063329993,-0.78063329993,0.78063329993,-2.26658021737,-4.36509797277,-0.267768861297,-0.266362744485,-0.255494381915,-2.28787168538,-2.18756369288,0.133273320228,-4.39974833574,-3.90685462464,-1.66252553568,-3.12662286653,1.01485385837,2.87836413674,1.51507882466,0.658368177109,0.175272293081,-1.73972889887,1.71764846325,1.86991117539,2.40067776742,1.70112305928,1.4376775346,1.38080828174,1.48661484615,0.894923660182,-0.290779718809,-1.0391737582,0.57388930807,-1.11593975455,-0.409353542214,-2.80155861858,-2.83511471219,0.381930761804,-0.344981425361,0.929226613554,-2.09241029115,-1.87035546103,0.652149353561,0.917170711961,7745045435.4,01030320,0.13406593
156,600615.XSHG,600615,2011-05-31,0.121042276885,0.522905437844,-0.218742549914,0.131226610245,-0.270188677633,-1.3503861216,-0.836036337877,-0.481007665693,0.442494131701,2.54175499073,-0.709632240231,-0.644977445928,-0.771434440041,0.924271445328,-0.0375784643374,1.78139319845,4.08136031452,2.6560750197,4.58619836443,-2.2290023318,-2.42550415598,0.932089535117,-0.660927924618,-1.76841612433,0.259189603067,-0.771371307811,-0.50475523175,-0.226586445811,-0.351633909945,0.695599505058,0.394320820339,0.61687104362,0.713270135175,0.454255287239,-0.841466846727,-0.148241684749,1.76841612433,-0.247222931598,-0.711648020167,-0.247384857414,-0.541063901514,-0.162986209046,-0.311559676169,-0.263557420854,-0.965247840721,-1.27393458681,1.1774928584,-0.537293193407,-0.486011514157,-0.195290364111,1.49230596191,-1.1356808154,-0.801933962699,-1.11178258801,0.0520430662443,-1.10315501293,0.708677820496,0.341927080917,0.594608156563,0.812251977353,0.375359492255,0.823554113851,0.5614519531,-1.13601165757,1.38613876195,0.264763947227,-0.0693448164997,0.277941799133,-0.924271445328,6.53744729669,-0.0687399800244,-0.129732039125,0.354430455975,-0.170415279653,-0.1698253363,0.0570591288053,-0.0327758085785,1.14930329806,0.059011316376,0.126281739219,0.0115364349913,-0.222594165046,0.873547861644,0.601066122545,1.03778815951,0.911673215235,-0.977213035632,0.146414118792,0.7856766347,-0.341193058358,0.46233254617,1.21920655056,0.393633052555,0.488863933767,0.965247840721,-0.0735328038323,-0.62461133482,-0.318670866391,-0.444207397171,-0.762975801549,0.585690053301,-0.340763534818,0.465965230995,3.22824388484,-0.104986182379,1.8944895052,-0.246726474546,3.80552130959,0.487104801429,0.862958169899,-1.21370360197,0.0,0.250203932295,-2.00143810063,-0.822994381012,0.624955518666,-1.64016996155,-1.048589909,-0.74717745875,-0.562079829918,-0.361544758129,-1.02332008459,0.500066250775,1.04867679681,-0.229916272776,-0.639490597067,-1.02612123606,0.728617012468,1.57328358473,2.19490165215,-0.415907534606,-0.1842948787,-0.110474505808,1.42366949739,1.8738791323,2.69011529356,-1.22847959237,-0.187454193664,-2.86050043608,0.811458953413,0.576889050714,0.60170012594,-1.24457643616,-0.219410698003,-0.962348606603,0.998690242317,0.912354467219,1.80665648679,-0.164574900628,-1.42690861056,0.792226553512,0.885310718942,1.83796224686,0.567350179469,1.0693861328,-0.47469749744,1.12851826872,2.08517910725,2.65315461611,0.978089599429,0.76496498791,0.469285356684,-0.596398749689,-0.583602464829,-0.603830786318,0.806041182532,2.49342622062,1.37689336207,2.83599666563,1.5944354051,2.00559455461,1.07261786193,0.952639726784,0.312473423057,1.3755040781,1.23221343516,1.56075882916,0.784482717647,2.39094274588,0.198784124347,1.24823495872,0.64641502427,1.20226397865,0.803476260677,-0.558040953312,-0.577271266905,-0.554554807931,1.21431008484,0.637725068231,1.0512386019,2.5031244266,0.297252714531,0.30188783697,1.40772523371,-0.0218277276659,0.102530643316,-0.098100781173,2.04236085856,-1.9748172191,1.53532527489,1.40382193078,1.2830485471,0.909594621078,0.909594621078,-0.909594621078,0.840338919751,1.20443640095,-0.679847687974,-0.666316640688,-0.678335122524,1.20878425636,1.73997740093,1.3837647521,1.13523795196,1.49110971762,-1.64619202125,1.57869002083,-2.0665481273,0.235568619211,2.11483184164,-2.21446535804,-0.860627040446,2.43701741717,0.67929927267,0.577925905832,2.43855957499,0.676123746444,1.26755021097,0.748184365642,0.606875901179,1.34644329697,1.43323877746,-0.199285268375,2.41097962074,0.805797250174,1.45394943154,-2.5734658492,-1.11364091439,3.98440764553,-0.449352068384,0.266900097908,0.329165976214,0.42793053169,0.652149353561,-1.18288410631,1949772667.96,01030320,-0.06557377
165,600753.XSHG,600753,2011-05-31,-8.66289625571,-0.190074777246,-0.023359321003,0.431843532822,0.184894357669,-2.14702403198,0.0,-0.481007665693,0.212616309985,-0.799746452248,-0.854436864143,-0.644977445928,-0.771434440041,0.991005845712,-0.78031391522,0.296972618407,-0.928322232872,-0.858362545416,-0.915629478093,-0.895672848046,-1.17374302909,0.482605264957,-0.494401940746,-0.956598420508,0.872063157943,-0.644290550879,-0.160751764799,0.513426340779,-0.316561397664,-0.0491666357216,0.0110283048968,-0.00175918932635,-0.0752099030644,0.0326567150381,-0.687409030184,8.60181157856,0.956598420508,-1.06086336784,-1.11076219171,-1.5334472326,0.990496509869,2.97108216537e-17,-0.504404441555,1.16872433088,2.79902346829,-1.38403466814,0.499904062633,-1.07752036542e-16,1.32006517286,-0.286139049808,-3.91313730349e-17,-1.89144156386,-1.53173896993,-1.11178258801,-6.19950755542e-18,2.15500859464e-16,-0.0547829072832,0.0480113489162,0.0171647018859,-0.0893300637867,0.0349783829275,-0.366436246182,-0.977047146635,0.0,-0.324501883877,0.11118283022,0.3504110163,0.133397291397,-0.991005845712,-0.303066115874,0.351200636545,-0.643237387158,0.0205369927263,0.508376084828,0.509275435691,4.91753641,-0.049115685932,-0.0754274833034,1.04545563124,-8.6925769711,5.37298703058,1.83981185646,-0.592719436268,1.62761876457,-0.483551559795,-0.830302464721,-0.115665735194,-0.565595452683,-1.69202032934,-0.946281630118,-0.742943096392,-0.504561115314,0.247935754175,0.567308979674,-2.79902346829,8.46693907729,-0.350309945849,-0.329825867851,-0.429598866445,-0.73864105171,-1.1604448414,0.644192348283,0.0996455391665,0.014546337071,1.35245186892,0.252751938573,1.0376907641,-0.163230278721,0.93441903548,-0.280038931101,-4.32492045348e-15,0.0,7.08344524538e-17,4.73412355483e-16,1.48544128151e-16,-5.07449793557e-17,-7.58165519055e-16,1.18022643622e-16,6.5908150486e-18,0.0,0.0,-1.30830893164,0.031000639811,0.0813563260648,4.94285059181,-0.61582940011,0.855101030047,0.109478929101,-0.910316042594,-0.235711075336,1.36633217614,-0.797707498307,-0.546737816998,-0.862230080808,0.0667584411122,-0.165782007455,-0.0646353050337,-0.72618142795,0.382423897541,-0.555228026993,-0.055575792689,0.0741601189913,0.118216093847,-0.0114233890814,-0.017701227651,0.0322106491442,-0.5079011948,-0.722760072974,-0.123016852961,0.421147625776,-0.870053554125,1.06161987428,-0.10245652643,0.445659122642,0.354869755033,0.120338963192,-0.484384641065,0.567267702873,0.0340381382555,-0.434929575579,-0.0852608789179,0.295242509877,-0.873401046118,-0.873803657247,-0.868963596489,-0.736595051669,-0.652323706895,-0.706736376616,-0.632503651122,-0.0806226032452,-0.0465972347884,-0.712337919905,-0.725222171227,-0.758403322921,-0.66721972134,0.0774997617696,-0.245233419691,-0.622781594793,-0.221247881378,-0.414473226058,-0.614449620858,-0.696800277576,0.0923628151459,-0.736528858634,-0.640513918296,-0.640231670828,-0.642987409952,-1.07616684631,0.167137146036,0.424644217172,-0.895460320856,-0.474360039845,-0.157135450721,-0.965184069715,-0.371955735321,1.11082616605,0.157831810814,-0.301858365887,0.498881375654,-0.0303847842527,-0.59864424819,-0.738041632342,-1.19827682692,-1.19827682692,1.19827682692,-0.405794914807,-0.826843389408,-0.852958361462,-0.85537048929,-0.853387900149,-0.87127773975,-1.15693234202,0.0988554572859,-0.867826626707,-0.851977255457,0.030715459776,-0.675695019532,0.545502779363,0.973720207399,0.141369638426,1.61072737462,0.537483928694,-0.559081535996,-0.0377310193954,0.0142076900211,-0.187912416933,-0.0435050036846,0.297462493276,-0.10508996532,-0.0747645365872,0.089665709217,-0.695582986196,-1.09052968046,-0.00107670024776,-0.920909360587,-1.4141196701,-0.42561445021,-0.593803921219,0.103747218659,-0.346159348689,-0.186517696513,-0.988622039048,-0.86833457839,-1.42099094677,0.261013152122,1053440000.0,01030320,0.07168894
171,600759.XSHG,600759,2011-05-31,0.100150719877,-0.415802717765,-0.286270171596,0.365992810016,2.99981412058,-0.134871550331,-0.0608858508504,-0.481007665693,0.22762034157,0.848267285029,0.55156932287,-0.644977445928,-0.771434440041,-1.45337990552,0.523476574664,1.00837183451,-0.122395149775,-0.202165944389,-0.0890281895536,0.128050865045,0.469673419712,-0.489677214573,-0.468934787554,-0.665162500948,-0.0537671058051,-0.539693312481,-0.756701432897,0.0729660004251,-0.118168026872,-0.920595428638,-0.900391804576,-0.921632772557,-0.90861071243,-0.900112044729,-0.56575343127,0.0811754803438,0.665162500948,-0.457775205353,-0.214972606686,-0.0004236042079,-0.262885746299,-0.162069431305,-0.471404267799,0.933637802754,-0.827913205764,-0.078286335167,-0.12928553344,-0.537293193407,-0.676262502805,0.117711921993,0.154220162841,0.349818060328,0.668177711637,1.38269092371,0.275761242855,1.23931520641,-0.927004486348,-0.885907880816,-0.93381119026,-0.9101126828,-0.864500572827,-0.493625913584,0.602080725744,-0.332938554319,0.101612890343,0.113169396038,0.163877454334,0.135744499226,1.45337990552,-0.122581530731,0.164584959282,-0.629022706244,-0.099371341093,0.225215554616,0.225985834899,1.00114507513,-0.0257923487625,-0.0218180304323,-0.0204219588493,0.415294980517,-0.152500980476,-0.223484589667,0.873547861644,1.65786311441,0.16471691166,-0.171098389983,0.504387246181,0.86566446557,2.05074413221,-0.132717163886,0.148316744125,0.0382318721052,-0.045564294873,0.812687254762,0.827913205764,-0.300830069217,0.308452512179,-0.726943919836,-0.612789841748,1.34175048639,0.137481730454,-0.00920693032793,0.103103223043,-0.746803456041,-1.15007590697,-0.903926801549,0.103569135993,-0.590046260128,-1.03602847654,-0.316642424967,-1.21370360197,0.0,7.08344524538e-17,-0.739258753648,1.48544128151e-16,0.996325007607,-1.26730940631,1.18022643622e-16,0.618212582308,-0.213331853397,-0.277656670211,-0.841319270636,0.0476891240639,-0.143490072977,-0.505693850594,0.732728461732,-0.399047147355,0.128423348898,-1.14766410802,-0.796803936928,0.984143387444,-0.575735084716,0.80567844769,-0.973077198781,-0.867037775969,-0.802593890102,0.291983169782,0.229494491176,-0.130688781026,-0.379322451748,-0.861734991081,-0.979716530988,-0.255098733879,-0.525645087408,-0.509219796565,-0.0172210744222,0.564666624908,0.642207447053,0.581830304497,-0.0478838253311,-0.220797334799,-0.721520548721,-0.902587954277,-0.775411823637,-1.26646704955,1.77240524879,0.262021745595,-1.09816026385,-1.04308492056,-0.841609596016,0.735351623991,-0.158937795832,-0.123267873197,-0.127294485814,-0.125563550842,-0.952685029651,-0.633381777041,-0.830955025778,-0.617099898174,-0.187147084355,0.0210190446928,-0.615690167015,-0.645535369373,-0.697047701711,-0.504741767937,0.509380296354,0.117380516451,-0.612904405434,0.562994357097,0.247141936277,-0.697230936651,-0.738992129958,0.195826994559,-0.953234493458,-0.0456659789374,-0.0534255784884,-0.051684968194,0.0692184625202,0.63963043257,0.556069708402,0.320338725259,0.443060825006,0.448506149758,-0.423713262313,0.906695544184,0.908807761881,2.1001014062,-1.00512413322,0.498881375654,-1.20466732861,-0.100800611451,0.164316631755,0.102384442855,0.102384442855,-0.102384442855,0.678503356822,0.237849580676,-0.0124359457492,-0.0150190648326,-0.015716396067,0.652905619468,-0.182010793913,1.03787614429,0.166807805931,0.562342323434,0.9172623261,0.705311058889,-0.409229406819,-1.15048182195,-1.01983087255,-0.311497623301,0.593120097157,0.0382945014356,-0.922562440243,-0.917317390497,-1.11299713817,-0.918430625643,-0.0717499962945,-0.886629236516,-0.890448565118,-0.278452211224,-1.23425530957,-1.49165038699,-0.438510937263,-0.693872889698,-0.424706786921,0.798155157291,0.501743701125,-0.438710690474,-0.380219582376,-0.39216384474,0.239060812778,-0.116818916411,0.191221160121,-0.591226012876,6539830041.2,01030320,-0.00932836
181,600890.XSHG,600890,2011-05-31,0.273409410933,-0.166882014329,4.2909605672,0.19746248573,-0.31634418009,-1.62117579637,-0.73964646644,-0.481007665693,-0.934514666754,0.912487664925,-0.115466170503,-0.644977445928,-0.771434440041,-0.737415124251,-0.782982882446,-0.249652081342,0.0865489088054,0.25843359287,-0.00940145992369,-0.669584710338,-0.506585066522,-0.275626695628,-0.547477434535,-0.999180139305,-0.105926557284,-0.727381815027,1.70764734707,-4.76086452674,-0.392727273675,-0.624261218424,-0.761262958543,-0.658943646912,-0.608567837158,-0.731122118223,-0.791685257825,0.00594260262273,0.999180139305,-1.10755487624,-1.37683830608,-1.35172102741,-0.888786595533,2.97108216537e-17,-0.453872925491,-0.625220253469,-2.71981619422,-1.2346591192,-0.177684733138,-0.515553006391,1.26072970343,-0.285761161955,0.2173398698,-0.318668708571,-0.670964986046,-1.11178258801,0.099976293781,-0.801902628075,-0.616283273299,-0.781421577715,-0.646902189798,-0.628767932373,-0.736663068985,-0.0160504786678,0.697147578491,-1.14375004936,-0.745259315675,0.103656323468,-5.12566560475,0.149389800719,0.737415124251,-0.498293761312,-5.12728664804,-0.518858929157,-0.433806433368,-5.23356373226,-5.23528167943,-0.890657459473,-0.182955660024,-0.312019358908,1.79228296464,-0.0229630395114,-1.32258635429,6.74210000406,-0.592719436268,-0.251851546757,0.101981253132,1.38005505781,0.132355457356,-2.14408446877,-1.554370498,-1.72510011394,-0.59925144733,0.78082460406,-0.0127192391689,0.958448464631,2.71981619422,-0.413834581343,-0.678517652498,0.647352260066,-0.268028516617,-0.407137478435,-1.24421309937,-1.92303449478,0.0478433042529,-0.442263538796,-0.908354474071,-0.404875893512,-0.903530744307,-0.414860596118,-0.730269379849,0.0416051036974,-4.32492045348e-15,0.0,7.08344524538e-17,4.73412355483e-16,1.48544128151e-16,-5.07449793557e-17,-7.58165519055e-16,1.18022643622e-16,6.5908150486e-18,0.0,0.0,-1.44024821268,-0.00893251893681,0.142678071258,-2.91794995276,-1.00930272086,-1.65319532476,1.10621374342,-0.0438420514341,1.07982298372,1.54016136854,-0.165205658862,0.247261409367,1.13527365266,-0.489206575684,-0.380861229658,0.90314319414,0.974109537579,1.36352349807,1.29370069397,-0.609829763067,-0.668610120298,0.493817945384,0.737867056729,0.917948072724,1.35163965632,0.481725764723,0.330838100872,-0.0459916829237,0.446622699583,1.23889178157,-0.656135039114,-0.0821910562124,-0.51954857595,-0.375030946659,-0.379896208512,0.136388987444,-0.584251293551,0.0705415038005,1.30496213117,-0.518683684861,0.176035080557,-0.894833463139,-0.893665755538,-0.893772909524,-0.779204578072,-0.632863692781,-0.622368728374,-0.499718227915,0.279115229877,0.200463676767,-0.641065943219,-0.656098392827,-0.771435261179,-0.617254462938,-0.16846718736,0.623884566149,1.04928546093,-0.471113644692,-0.194761026537,-0.618772472474,-0.531809046512,0.498260749767,-0.780425161961,-0.601047742714,-0.603554908753,-0.60215084025,0.656186662343,0.607580276795,0.42307904571,-0.203438812397,0.483413623108,0.31737899275,0.363248403057,-1.23526563678,-0.749863896438,-1.08029121651,1.7297982953,-2.38710031823,0.621994407055,0.787383151781,0.819047272756,1.51535321569,1.51535321569,-1.51535321569,0.419566456134,0.461402938442,-0.844677365481,-0.847324603749,-0.846832362757,0.222547965101,1.07145976794,0.957009932134,0.474734720406,0.32287380727,0.386423107267,0.336955997444,1.09989155774,-0.331748629613,0.225435883497,-0.267731116062,0.479829868111,0.814514599457,-0.631085559728,-0.676574620838,-0.297714757732,-0.631326925268,-1.34589505834,-0.600132902522,-0.582990899979,-0.885271595701,0.681086448759,1.72545471576,-0.646504938048,1.01112873219,1.78333877337,0.638729756053,0.961817121612,1.1956176255,2.17609801009,-0.631272901264,0.44179743051,2.19869759413,-0.0388974132148,-1.32821287281,3793726758.75,01030320,-0.07938931
217,600158.XSHG,600158,2011-05-31,0.117059397093,3.22597770097,-0.0737567739495,0.0061853314287,-0.230433741817,-0.206090593391,-0.423111413346,-0.481007665693,0.355581146062,0.777365015895,-0.318192643979,-0.46965408748,-0.0891459220653,0.289341293096,-0.0280464385304,-0.109008590955,-0.381087793732,-0.208475527091,-0.437869100313,0.653199617743,0.953482935014,-0.469166767294,-0.237135030148,-0.171878174103,-0.953517643814,-0.569997185288,-0.311556101543,-0.00468114682302,-0.227048599212,-0.519786604519,-0.328994336542,-0.51029444843,-0.522501149622,-0.444131324518,-0.602574133121,-0.209613958006,0.171878174103,0.00184039760791,0.0422343038675,-0.363876014586,-0.596383421017,-0.165987218785,0.115380071796,-0.551051726983,0.0351639397835,0.186984036226,-0.516479131023,-0.208084647158,-0.530416784536,-0.173261725127,0.356468454324,0.114632483903,0.139956290593,-0.0606522403019,0.116169951733,-0.33138988266,-0.517999642449,-0.327832113259,-0.509882178099,-0.531140141393,-0.445022859716,-0.0980950291152,0.448300341797,-0.820887147567,-0.0710583769665,0.117099331255,0.0709425836032,0.196084988308,-0.289341293096,-0.0580319426797,0.0716091770158,0.158115249392,-0.0694012016001,0.159277082238,0.160017306366,-0.257318753458,0.0499746437012,0.317257531103,0.171777414148,0.126557635867,0.0603256351691,-0.27137876561,0.140854004919,0.0588281361722,-0.624706791483,-0.208684587227,0.0692623469703,0.694299450062,-0.000893830073606,-0.473397284121,0.158845873582,0.280195326656,-1.41916136804,-0.947576145617,-0.0351639397835,-0.215600035903,-0.439686923404,0.352860221516,-0.593214410575,-0.103641824785,0.442706302618,-0.0443970177033,0.121365637884,-0.362121455311,-0.0978767284702,-0.218314806396,0.636310377021,-0.411675402227,-0.277292940304,-0.129069854182,-1.21370360197,0.0,7.08344524538e-17,4.73412355483e-16,1.48544128151e-16,0.453554216078,-7.58165519055e-16,1.18022643622e-16,6.5908150486e-18,0.0,0.0,-0.573821802565,0.475033524395,0.407203246601,-0.400852787952,-0.709105358363,0.855101030047,-1.280783151,1.16702793115,-0.280175725622,-0.664683399118,-0.0748561960366,0.285901874073,-0.546766916577,-0.698748196685,-0.768447291938,0.14931098886,-0.045053943529,0.364468513228,-0.439606212087,-0.478145641393,-0.528970788818,0.0412674076393,-0.340726936709,0.00901955324246,-1.05830749762,-0.670174805063,-0.85642424119,-0.320358430827,0.183434747816,-0.276645997994,-0.480480746358,-0.624495039222,-0.410338653157,-0.479302475472,0.0650020070527,-0.634035426509,-0.453222389564,-0.504660278775,-0.219389488358,-0.260322193519,-1.29260044866,2.0362959027,2.03379117849,2.02976030925,-0.0145884185144,-0.417745732076,0.296125545011,-0.468600988545,-0.159439506862,-0.449895831492,-0.140247111037,-0.0945771497084,0.0571667722444,-0.286644398103,-0.759160705512,0.695475751333,0.541550893658,-0.285254003006,-0.439891413909,-0.0619010340239,0.394001187996,-0.127830182067,-0.0144704888329,0.124435436552,0.136226899551,0.124650071273,-0.219999245589,0.286796992024,-0.436554696285,-1.20369106494,0.518924085438,0.523380069363,-0.0113250188307,0.252856826394,-0.55649935515,-1.06189225092,0.0888448381866,0.498881375654,0.621994407055,-0.188253863834,-0.0849137591278,-0.00430768504876,-0.00430768504876,0.00430768504876,-0.179872468957,-0.00548583680733,1.65166831877,1.64816398401,1.647244077,-0.24367282713,-0.321285300786,-0.526547916231,-0.00563126617568,0.117804083483,0.318366797161,0.0102523917097,0.437627381052,0.246611779248,-0.297031569501,0.0841516021373,0.421166861468,-0.0795213281691,-0.518093987282,-0.502842438318,-0.554652235203,-0.519299683597,-0.151384062672,-0.525675224975,-0.515998773386,-0.131780227298,-0.395487966829,-0.397863007395,-0.21938224681,-0.179157499717,-0.00917329370862,0.546108654833,0.0950685023855,-1.07157825113,-0.300095910388,-0.463007548688,0.142519566238,-0.148629103161,-0.72994417999,-0.646775617903,5399906386.56,01030320,-0.01460913
218,600159.XSHG,600159,2011-05-31,0.0549117223171,-0.248363064502,-0.233638348814,0.37320172963,1.50577902097,-0.414599358014,-0.885514028538,-0.481007665693,0.359846506212,-0.603373151872,0.911712435889,-0.644977445928,-0.771434440041,0.604899672058,-0.325255003193,0.396500154682,0.111423201494,-0.139070117367,-0.191405413364,0.67808618514,1.16562956772,-0.581537834834,-0.589230588878,-1.2469283214,-1.3447135299,-0.409679922697,-0.000257189549379,0.0150262509557,-0.107305231952,-1.15497972466,-1.08431027499,-1.14948879974,-1.16019026061,-1.11847762877,-0.411106483498,-0.174259538893,1.2469283214,-0.63522810792,-0.288882638454,-0.280002381422,-0.529999997613,-0.162287701763,-0.247621839518,-0.484278039237,0.783400916445,-0.31909002182,-0.540678730872,0.319891323243,-0.157383872785,-0.253796295297,0.184369058574,-0.343218351204,-0.00923970493018,-1.11178258801,0.0430862981911,-1.32521218321,-1.14576210769,-1.04546782476,-1.14796203868,-1.16059089139,-1.10646049244,-0.903746807378,0.755053968455,-1.18115227633,-0.105262947818,0.108738006723,0.0826700791954,0.15123907053,-0.604899672058,-0.276450688526,0.0833418352541,-0.492206402442,-0.315828520953,0.181991673057,0.182742250978,-0.746919749199,-0.143395617575,0.23472941438,-0.215167833042,0.131396424669,-0.164765782641,-0.237895517178,0.873547861644,-0.0558033504887,-0.284888641124,-0.585992182636,-0.442009409602,0.194685954146,0.09087272415,-0.418312190053,0.108677668522,-0.104927643805,-0.485603823217,0.10206742713,-0.783400916445,-0.240437324934,-0.686278042332,0.674124263571,0.522000825039,-1.0389226818,-0.121525871792,0.187087775813,0.0753901875648,-0.20183728834,-0.517334509088,-0.442188110936,-0.0934721449355,-0.39256423888,-0.520767776559,-0.81724220806,0.523708142762,0.0,7.08344524538e-17,4.73412355483e-16,1.48544128151e-16,-0.46058606439,-7.58165519055e-16,1.18022643622e-16,-0.954954204129,0.0,0.0,-0.538537469121,0.340333615783,0.326042113257,0.381808536201,-0.319347432176,-0.399047147355,-1.21275546173,1.41315041674,-1.64855711493,-0.369997793048,-0.323831515748,0.454174865532,-1.01528932801,-1.07564185057,-0.996830383556,-0.571053372069,-0.487044944484,-0.441981357949,-0.589918822788,-1.13191232801,-1.14735249242,-0.604982970089,-1.14185139258,-0.482920984774,-2.42610809772,-0.745389437909,-0.635641265331,-0.681753331775,-0.798489408178,-0.513951117611,-0.962812221305,-1.00893100924,-0.924145337537,-1.04168498333,0.194660425555,-0.273765017106,-0.985625452835,-0.961226123329,-0.717300411763,-0.15496308243,-0.942130606463,0.858035347156,0.857153685444,0.852086948758,-0.440701882022,-0.401814941597,-0.0803834825775,-0.397767137911,0.179534906666,-0.00103111433888,0.128375087048,0.144521483767,0.154761796822,-0.00247186420238,-0.439862880126,1.04248504146,0.119183462986,-0.162517723152,-0.55088459783,1.50793519743,0.428577076125,0.0633202384685,-0.44085559577,0.715565448393,0.721898193352,0.714627373027,-0.183343994716,0.0696225268115,-0.612000634894,1.19744830397,0.589272463463,0.568875559697,0.160226098596,1.09940303151,-1.14518111635,-1.42243339467,0.323266760631,0.498881375654,1.01342192184,0.0361383837447,0.179943617679,-0.078711405824,-0.078711405824,0.078711405824,0.548387564226,0.221605775543,0.513203450968,0.513089854935,0.513070117257,-0.387125378586,-0.237720596663,-0.82729794551,0.177585247937,0.435331397734,0.311107457416,0.529593980107,-0.22926252064,0.00941808729621,0.276202239261,0.255716310513,0.0614055234292,0.0121132059679,-1.15384516478,-1.14550958923,-0.627670791835,-1.15709859885,0.55084361357,-1.16312290954,-1.16998789938,0.624587062358,-0.804865831467,-0.351133185034,-0.897997644079,-0.605562094751,0.246603464046,0.624091363619,0.197267747982,-0.35525562753,-0.429161467119,0.100297683727,-0.142277111053,-0.389856352685,-1.34428475565,-0.774863796252,3718414479.36,01030320,-0.02678571
220,600240.XSHG,600240,2011-05-31,0.144431886149,-0.0634897906242,-0.312586082987,0.107614597049,-0.259640104282,0.415645932123,0.863675045259,-0.481007665693,-0.0884679358786,-0.598547342978,-0.715704692201,-0.644977445928,-0.771434440041,0.788419273116,-0.242135738156,1.15243302385,-0.127370008313,0.435101908531,-0.164863170154,0.610175382582,-0.0794119825752,0.614832191034,0.0213971275524,0.559200166805,0.428707820373,-0.130102257446,0.563593563498,-0.140070969563,-0.16957683539,0.046421369803,-0.299201494203,0.00557114946575,0.046398493494,-0.188880037997,-0.0723560264729,-0.0916117266408,-0.559200166805,0.160792891184,0.284659208067,0.395646330179,-0.487324939711,-0.164961305814,-0.461091713501,0.55137912431,-0.468593708269,0.441308785498,0.983896059612,-0.468966891356,-0.35772671208,-0.230122732716,0.169614031275,0.161890545971,0.487476736476,2.07793974757,0.184451348088,1.82939719736,0.0547925268252,-0.337333454189,0.0722107134533,0.028701034507,-0.304060741266,1.76835907614,-0.716891941158,1.44388218215,0.171258341836,0.116786157206,-0.0374814322492,0.0777917129341,-0.788419273116,0.0938482347974,-0.0368625689616,-0.390926800927,-0.0786783346776,0.00622925671817,0.00689971839935,0.13746892035,-0.471424781288,-1.02094941076,-0.209600654566,0.109921774532,-0.247478581676,-0.304786102266,0.140854004919,-0.380930111242,-0.412102615361,0.391248945705,0.523967866646,0.0450432645481,0.421887794742,0.0977927682135,0.175568608602,0.538147518311,1.47583552896,1.05616547683,0.468593708269,-0.259554823338,2.53318592764,-0.206005351642,-0.14473251729,-0.0545131788841,0.116780379345,-0.1957877061,0.119503587744,-0.165773350771,-0.112095636288,0.248087911395,-0.385385153718,-0.188711829849,-0.011169282071,1.90570570191,2.5766587918,1.60823788254,2.48327402803,0.874284033176,-0.0603534415945,0.282152913491,0.26965913398,1.23683330603,1.00408368087,-0.147640872816,-0.275744000256,-0.082253738352,-1.0340822659,-1.08195325187,-0.0744780016426,2.3804407683,0.855101030047,1.63967138271,0.220267995492,0.0183205742445,-0.902472316933,-0.546545258265,-1.18991458435,1.39402433793,0.694914530916,0.758836916863,0.28150897405,0.00761721900433,0.690117487741,2.2092514472,0.0764519071019,0.0680696240552,0.71440171768,0.433997877509,1.11261019915,1.645222844,0.714570659382,0.480854642661,0.719588657395,-0.794362732228,1.39684244417,0.0240153081171,0.815011973975,0.176274646419,-0.00495248783831,0.249684172705,-0.683919021657,0.220328987057,1.04846666675,1.34868177051,-1.38975977731,1.0271761259,-0.0674555485395,-0.0657458239151,-0.0588292409253,1.26477569261,0.282722218058,0.812432990754,0.242671449842,-0.485136580259,-0.802968626246,0.32472918627,0.402299910055,0.712164020459,0.173733050039,-0.866477512503,-1.14720690198,0.254642059905,-0.229347539825,0.0791148914578,-0.111117862526,0.637033911602,-1.10983230597,1.27111358111,-0.121812143062,-0.141178732279,-0.134341566685,-0.139386268572,-0.567658826437,1.02509534732,-0.280295191585,0.354957215817,0.280763533633,-0.427418048891,-0.941771369736,1.27346401697,2.6526123168,1.80793893611,-2.52452801793,0.621994407055,1.54460033705,1.06827766364,-0.198740049716,-0.198740049716,0.198740049716,-0.712311470995,-0.211991240673,0.120573581122,0.11847916719,0.127602670856,-0.0464255688787,0.709346050073,1.7123837909,-0.145738012262,-0.339964461228,0.826520579291,-0.483057036869,0.521326820356,0.554715944288,0.143251188675,0.586591105238,-0.417555584865,0.812025532634,0.0428395952183,-0.0321264576476,-0.313087085444,0.042035287599,-0.506117631083,0.0438845771162,0.0763682769049,-0.26694852621,1.71204446343,1.27471781684,1.39043136324,0.845241186477,1.07476578255,0.0396202766084,0.479818603454,0.986979968145,-0.368879996538,-0.179558838955,0.0250610496153,1.5094768812,1.72741812266,1.86465829881,5611500000.0,01030320,0.22413793
224,600246.XSHG,600246,2011-05-31,0.122443653606,0.367704963216,-0.223956079529,-0.0533796073451,-0.219995049439,0.659549703086,0.31013574554,1.7078635273,0.1332806112,-0.0550870183082,0.211979124213,5.22251095014,2.92946388474,0.321755144712,-0.151009571441,-0.145360479855,-0.192043169302,-0.221094692496,-0.187613664334,-0.461212434167,0.392878258553,-1.00483855528,0.123784816058,0.551458036114,-1.3447135299,-0.600301058095,0.369788793385,0.0041871821774,-0.135009569384,-1.01017358042,-0.909022839749,-1.00044790377,-1.0067859724,-0.952102525822,-0.638805703742,-0.0870148615356,-0.551458036114,0.154626088187,1.40513528967,1.23904230811,-0.10957164939,-0.165642460177,-0.46212296893,0.630451248899,0.3258161198,-0.1832355355,-0.758475129512,-0.534187452405,-0.40314571042,-0.220831137262,0.0569136436011,0.280588068102,0.604202082489,0.22917238817,0.185813848964,0.587119321674,-1.01427720457,-0.863605332046,-1.00153245235,-1.01817464376,-0.937075128861,-0.676854700914,0.991866010106,0.851035389123,-0.292769932605,0.114699112757,0.0404068403631,0.117196308024,-0.321755144712,-0.051511368029,0.041059991414,0.0799345043629,-0.107606879888,0.0620233487304,0.0627192425429,-0.0885831805281,-0.205988825732,-0.257395216077,-0.25780855651,0.104110010751,-0.270262211897,-0.317393612169,-1.32541329299,-0.136815001839,-0.0217474067424,-0.370594359969,0.55442660959,0.363637377886,0.326843863582,0.0977927682135,0.436319402805,-0.307598904356,-0.386226475189,-1.07949411209,-0.3258161198,-0.109345907311,-0.303671895723,0.44990873422,-0.565166031581,0.00517583015439,0.173588738202,-0.0495289054456,0.104827767943,-0.69871820595,-0.965230105341,-0.796654176457,-1.03489159826,-0.590046260128,-0.911459955667,-0.785121808781,-0.289810884198,-1.89945950474,-1.8233611566,0.379646180978,2.59149628108,0.282152913491,0.739490749377,1.17730231184,1.24154281844,-0.326572583797,-0.304245476497,1.00583066391,-0.499454752511,-0.422443894248,-0.107753643264,-0.403106765757,-2.28026941346,-1.24117209143,-0.318920123564,-0.471337275414,-0.236584868861,0.855307740318,0.604997324543,-1.42129912059,-1.14548905757,-1.17022414826,0.398429508068,0.0205028426955,0.524564098464,-0.473475085433,-0.980675488077,-1.00643612168,0.308931726124,-0.0547385720427,-0.411634137468,-1.73603931912,-0.567343667009,-0.611405373189,-0.466601162051,0.406050529109,-0.364120638322,-0.957069580246,-1.12115105057,-1.07703922945,-0.629726976055,-1.56629145002,-0.170302745688,-1.13401437806,-1.11618291007,-1.1985346605,0.175417304159,-0.949283052223,0.917954332295,0.917282021999,0.924267399218,-0.729216680216,-0.647186138156,-0.629909202608,-0.625606593912,-0.348011608542,-0.342451076684,-0.482446350812,-0.473776667138,-0.38573364529,-0.496735637199,-0.0258821993475,-0.0535971424778,-0.729314137162,-0.461797439563,-0.39931676556,-0.453684423217,-0.462725266093,-0.103116066337,-0.729683649004,0.457492057521,0.455512052593,0.455180051939,-0.378248647202,0.719759528941,-0.0229581373566,-0.300128911671,0.560756486137,0.578890044242,-1.18766625315,0.74937050463,1.97749410243,2.17521470901,-1.00512413322,0.498881375654,-1.20466732861,-0.177162231825,0.0280813698577,-0.589008622839,-0.589008622839,0.589008622839,0.484624352432,0.025554305674,1.17909295128,1.17455949282,1.17351774264,-0.0822887067426,-0.599834314532,-0.577992798049,-0.0256465156166,0.292444106321,0.810187064865,0.420258908866,-0.108149984727,-0.228444887082,-0.459909919325,-0.145184895794,0.278328926373,-0.113999513046,-1.00902777446,-0.992759957662,-1.00813590271,-1.0073103277,-0.223778668471,-1.00281399091,-0.987376500273,-0.384861297602,-1.33266493825,-1.23911842783,-0.839237406138,-0.977941118131,-0.562388046205,0.853781048542,0.471331468872,-0.730803410776,-0.320253330714,-0.411034646179,-0.163194381136,-0.527700495271,-0.72994417999,-0.658755962657,6181344000.0,01030320,-0.01574803
230,600322.XSHG,600322,2011-05-31,0.125497256964,0.188318493897,-0.237610561854,-0.490351091719,-0.188239448415,0.689009789172,-0.277121684111,0.146258779301,0.340376391646,-0.488667386624,-0.432167896349,0.6173507349,0.345037680283,0.603946323481,-0.455081194685,-0.0428295111639,-0.580082135237,-0.574431323818,-0.498537084793,0.53425026171,0.474473117284,-0.0593942142063,-0.167481555109,0.132829969498,0.402628094634,-0.116416637469,-0.875406854591,-0.0791751104265,-0.0584226548103,-1.11923391211,-1.06587254869,-1.09132172208,-1.1272328752,-1.04431678201,-0.001365713305,-0.164103182883,-0.132829969498,-0.447329396195,0.736988602488,-0.191469101971,-0.383008131505,-0.163203016006,-0.379622534541,-0.377140015892,0.0481870517191,0.270041992317,-0.734275529663,-0.493812819374,0.0181393477503,-0.264243783008,0.128523328943,0.0544858594517,0.381856594015,0.0318274132277,0.126690245381,-0.0526537843033,-1.12020106051,-1.042423982,-1.09690125872,-1.14030384224,-0.986218624459,-1.64577101173,-1.46034094176,0.51355552507,-0.0619921051746,0.114714137599,0.00854345611262,0.153833747557,-0.603946323481,-0.105193331663,0.00918258035123,0.19009828145,-0.121383700267,0.0417345879987,0.0424212337634,0.239543526197,-0.129254595067,0.0970698098466,-0.399534519603,0.121274658897,-0.234127086196,-0.309558285835,-0.592719436268,-0.776131950413,-0.427786529993,-0.779705660739,-0.185285719068,-0.181834361617,-0.626872824956,-0.508990729518,-0.230731916331,-1.18952812794,-0.134835471915,-0.518707036504,-0.0481870517191,0.134389314923,0.65539872111,-0.265126859382,-0.104997313716,-0.223019842862,-0.412307640857,-0.132922081257,0.109878220863,-0.442263538796,0.0443123497054,-0.395547839157,-0.363491678059,-0.398934626662,0.18700791023,-2.01017207523,2.27150799957,4.02731027034,1.76550149726,0.236371768617,0.111441464758,-1.2604588098,0.260553870116,-2.04190706919,-0.658130282159,-0.180755343464,-0.269979051375,1.46015415393,0.618077675134,0.283357369054,0.111956757576,0.906765364972,1.48217511875,-0.473061979658,-0.910754763602,-0.751792590123,-0.709023576862,-0.647440125059,0.527716395132,-0.986933088528,-0.89891435366,-1.03762891643,-0.0348861100543,-0.481801342142,0.417227285635,-1.15850493376,-1.11304676598,-1.07158968242,0.125602768091,-0.221094111276,-0.21458163858,-0.191824481962,-0.82777461869,-0.941372117498,-0.4689836107,-0.101714474474,-0.821718473118,-0.762071654447,-0.923157406547,-0.826376454274,-0.596394274221,-0.749674783965,-0.425263343111,-0.845698447512,-0.952191540357,-1.01615915042,0.238874512559,0.338157184432,1.56748634536,1.56929062333,1.58769946937,-0.0567384081137,-0.312387107263,-0.420275910886,-0.49395767306,-1.63963238139,-1.56081864121,0.298277295945,0.378085644759,0.952796406933,0.149594336321,0.0122535153247,-1.251266975,-1.44517519449,-0.28065697634,-0.304100758845,-0.128608037875,-0.147273421116,-2.736775111,-0.0570546835173,1.68118503467,1.70071745451,1.68063804144,-0.764478151795,0.496364827621,-1.50038217461,-0.860447208893,0.59882262568,0.610693856488,-1.17595392786,-0.280580632151,1.52436031505,1.17427304512,-1.00512413322,0.498881375654,-1.20466732861,-0.453599829603,-0.25640991234,-1.36954576909,-1.36954576909,1.36954576909,0.43477899905,-0.0791458640427,1.48672877511,1.48359686579,1.48830100129,-0.656098912566,-1.32406175027,-1.49483227599,-0.1380398394,0.105896809199,0.536146989502,0.30571740566,-0.0298908635143,0.268463850473,0.10604619508,1.08727994805,0.207702702159,-0.623981648705,-1.11411248744,-1.07618925178,-0.74515929649,-1.11708275355,0.250405999507,-1.13201996077,-1.11975863883,0.0580305754291,-0.705088502593,-0.725762550229,-0.3749341952,-0.843769650428,-1.40200305536,0.707397124199,0.240764312717,-0.716894233619,-0.386830884434,-0.170593007517,-0.597629990563,-1.1479991369,-0.72994417999,1.11841662518,5141505000.0,01030320,0.15319718
232,600325.XSHG,600325,2011-05-31,0.108476822814,-0.66576070761,-0.289249331376,-0.00926398359857,-0.227401026979,1.07592368676,0.352405575093,1.71048807309,0.408421431211,0.147411347202,0.773914487328,0.500468495935,0.138283583927,0.896624336597,-0.148149963699,0.277812790924,-0.609931286463,-0.770028387586,-0.468203092553,-0.747618862345,0.344881282828,-1.26514667872,0.0601331541923,0.516618448008,-0.471042717635,1.09573827481,0.028207886061,-0.17416476772,-0.123809943613,0.468449819701,0.621566513829,0.479888834742,0.483788005757,0.54271421173,1.40223944124,-0.194704624535,-0.516618448008,0.386195833381,1.55886815575,1.35553346528,-0.455713785709,-0.165833551365,-0.295059589292,-0.331782192064,-0.341914346714,0.433582464001,-0.58907793057,-0.447226704339,-0.41673949165,-0.217541290067,0.153046016894,0.643677282645,0.961258518377,0.435600186228,0.155905837934,0.783554510767,0.446578775209,0.575790924585,0.465586283297,0.470423918493,0.576335185887,-0.73877008291,-1.47818595539,1.80285757895,-0.0216059853742,0.111912474106,-0.0664682609771,0.174025734147,-0.896624336597,-0.139067511924,-0.0658621581923,-0.362497439098,-0.189476190505,-0.0416257550077,-0.0409771066566,0.162942932771,-0.085374221985,0.440880591194,-0.365007475806,0.116076189993,-0.29707901809,-0.330044207134,0.873547861644,-0.0458119134888,0.337239972612,-0.240488292587,0.654505336409,0.0643519986897,0.569369756887,0.162199955124,0.676011938094,-0.604231606125,-0.574032819343,-1.78767101442,0.341914346714,-0.289596606543,-0.0549987209856,0.0204411780005,0.229538039907,-0.646811807035,0.391675065001,-0.244174076241,0.0964055719217,-0.562476664025,-0.126314544105,-0.652069333942,-0.283215600644,-0.44989772892,-0.118751186463,-0.804478323059,0.556170993,0.132697060942,0.888223959647,1.42350261389,0.300897529708,1.93903217184,1.15560130797,0.961856809058,1.41963717163,-0.312645378633,-0.31317575946,2.5082798025,2.20765580022,0.7372585222,-0.513898803322,0.00196901520957,0.855101030047,-1.0474223435,-1.38062496337,-0.0241395221345,-0.690581202048,-0.497932613959,0.42052026724,-0.84740750108,-0.366856770133,-0.520995320826,0.679838299326,0.31760111886,0.498224261565,-0.347990201134,0.585947019236,0.365570654928,0.0524201780725,-0.103102541097,-1.30528454659,-0.0487624124619,-0.572398065977,-0.789125369798,-0.183887590593,0.703518491981,-0.306755472301,-0.216822998068,-0.640302105992,0.211637859514,-0.688700217761,1.60629334521,0.385806963184,0.0320730783987,-0.307177071177,-0.475094904247,0.764058456362,-0.321059899707,-0.554348433256,-0.558734802242,-0.556168033382,-0.153544461515,-0.165670693481,-0.613256000047,-0.499606040987,-0.601899385049,-0.311006487022,-0.305326751567,-0.319953122614,-0.232454252081,-0.213153608005,0.672626277008,0.36694884714,-0.0233302691897,0.323677679847,0.24635017285,-0.650447843807,-0.650547717732,-1.08916739564,-0.153617736893,-0.347602685594,-0.334649808479,-0.348807523343,-0.231389519517,0.376927397704,-0.300763844023,-0.674325478019,0.425440103168,0.52596192866,-1.27753007635,-0.642657376987,1.78913565651,1.96643115991,-1.00512413322,0.498881375654,-1.20466732861,-0.637891561455,-0.46396834076,-1.13931538782,-1.13931538782,1.13931538782,0.110784202065,-0.297391839935,-0.263522468217,-0.266305887776,-0.265486726106,0.383932085489,-0.40485000491,-0.833652758823,-0.359747217823,-0.137540798393,0.719445318056,-0.048319967884,-0.569209669847,-0.60745952521,-1.07592237053,0.143674051982,0.50548592507,-0.303998280507,0.468364666771,0.492131204773,-0.86319681285,0.478698923351,-0.426483564705,0.500781271728,0.523743953121,-0.666701580439,-0.396373372749,0.0872730959433,-0.698440868184,-0.711709864932,-1.26963318884,0.26052692607,0.0367194521316,-0.939441068135,0.0866611123673,-0.568736068665,0.16021879477,-0.233456267829,-0.72994417999,0.707633440815,8309353955.4,01030320,0.11414647
249,600663.XSHG,600663,2011-05-31,0.0615218974149,-0.255483895527,-0.0767359337296,0.12584460159,-0.267595486684,1.15758246907,-0.671843705164,-0.481007665693,-0.407366332955,-0.495163667828,-0.367706483123,0.547221391521,0.117608174291,-1.20836932125,-0.654300534051,-0.70834870794,-0.0129482619473,-0.0507359595367,-0.0018179618637,-0.223735528329,1.14931059597,-1.42093879955,-0.430782721114,-0.676775696983,-1.35775339277,-0.350049721367,-0.751856313644,0.338424648504,-0.205407217084,1.83938005865,2.37383870102,1.87444382235,1.84825279904,2.10498783353,-0.336875948567,-0.179552270799,0.676775696983,-1.01505283129,-0.841729676079,0.372348098744,1.30976916529,-0.160013842078,-0.266184437255,-0.611002937608,0.332327675768,0.182477015353,-1.21826752664,-0.537293193407,0.694521502036,-0.280581875494,0.158335180905,2.10573124966,2.01444222464,-0.694798435934,0.189208933114,-0.73280092124,1.80673546473,2.38775922361,1.81898754206,1.87148008526,2.12895830624,-0.396993779011,0.522389513941,-0.895261690855,-0.436593971486,0.107173545058,0.240880632939,-0.439295922274,1.20836932125,-0.338847256646,0.241622036017,0.334021925708,-0.343757135652,0.226538734664,0.227309618081,-0.803164940175,-0.120052935642,-0.356665717135,-0.159092120507,0.0984322099182,0.207474807329,0.0697584994955,-1.32541329299,-0.677162716347,0.241393827639,-0.428419278806,-0.368038176737,-0.502842066722,0.841392042621,-0.790348440757,0.229452977001,0.0119549518803,-1.23093393343,-1.42231796324,-0.332327675768,-0.115168757229,-0.521492788925,0.0282496790227,5.35771666592,0.232912356947,-1.08149085112,-0.00517473281616,0.0649483833144,-0.802902914481,-1.40601624769,-0.959895127683,-1.50195241231,-0.631453780713,-1.26251669631,-0.358851787255,-0.87154516046,0.580704854964,-0.94608361899,-0.517524544042,0.434158999122,-1.2604588098,-1.45851994746,1.40805578456,1.41963717163,-0.327977258996,-0.27094885586,-0.537934318122,-0.271180128624,-0.341282760904,-1.77427070855,-0.552569918988,-0.399047147355,-1.43750516932,-0.121495669882,-1.22523177636,0.275877716396,-0.295160619545,0.504033529668,-1.12420306602,0.443183321793,0.568591584234,0.23155511748,0.0773829954491,-0.346153392775,-0.92339260001,2.05058929475,1.61598855883,-0.831669816371,-1.14420497296,-0.893482777557,-1.08111174665,-0.244592889489,0.111248025848,-0.377790299163,0.771077488837,-0.531225463448,0.82652420915,-0.422498964833,-0.175277295526,0.358288493683,-0.770760821478,0.221375853252,0.801235426237,-0.148661206297,-0.974677809912,0.878382157209,-1.13882286484,-0.578301241925,-0.578467614383,-0.576558702297,-0.76066082725,-0.373761460258,-0.638373287991,-0.171283680428,0.112471524094,0.212253414081,-0.770637093754,-0.803794229035,-0.933371692328,-0.674632819871,0.267440656088,0.264163958978,-1.05878895363,0.0248361475016,0.39836982664,-0.609662107366,-0.722160113549,0.573659746911,-0.761867324289,-0.910219152958,-0.904115131246,-0.909723598218,-0.0542886192422,0.131372641882,0.282543767453,2.36218679976,-1.30683826469,-0.607239588114,-0.269217162395,0.39407289493,-0.196421979405,0.790753517256,-1.00512413322,0.498881375654,-1.20466732861,-1.7235916947,-1.45688298482,0.265932244182,0.265932244182,-0.265932244182,-0.727847685037,-0.451949233326,-0.555238289059,-0.557606611826,-0.559810161791,0.437726792285,-0.40485000491,-0.518325466945,-0.395158812987,-0.316149912659,-1.08268577357,-0.319054430006,-1.32617029246,-1.14767083576,-0.790139738431,-1.21483833271,-0.225423427972,-1.74479922017,1.84172097496,1.90965001195,-0.117638918821,1.85576346575,0.12733516965,1.87283266445,1.84836639599,-0.215181943648,-0.485576219543,-0.393084398702,-0.363298945055,-0.86509478157,-0.00195311917108,-0.865032375827,-0.714745589018,-0.424801513317,-0.299125367928,-0.485736912724,0.0926399221929,-0.352744468143,-0.72994417999,-0.85546661744,27342893760.0,01030320,-0.03444814
251,600665.XSHG,600665,2011-05-31,0.00897522021307,-0.223171823136,-0.24927893766,-0.315563446748,-0.195997045066,0.414001315667,0.21154686563,-0.481007665693,0.110649112052,-0.238653364312,-0.874055555124,-0.644977445928,0.944624559716,0.684504278231,-0.37577473997,-0.353840116193,0.768104528461,0.441411491234,0.479734164946,0.578118109325,0.486952330973,-0.372287633337,0.371027076546,0.821879600943,-0.67968052355,0.339118998918,-0.88267453347,-0.108736207095,-0.132946480426,-0.947312219216,-1.03662452253,-0.974204171757,-0.957596711712,-1.02267494451,0.493799085181,-0.187009251056,-0.821879600943,0.116366738981,0.816811436797,0.144025430686,-0.492066612811,-0.155383539536,-0.370341235672,-0.367070487278,-0.181493286054,-0.584360393212,-0.661676730117,-0.521764488396,-0.346815894579,-0.23203440068,0.03877055539,-0.382866024057,-0.0482286260904,0.460371521994,0.162249284635,0.152322065185,-0.914898100268,-1.02552638765,-0.981800020857,-0.923511435893,-1.02693445342,0.489955587785,1.22865407726,0.731090316421,0.321263929666,0.11189040637,0.000577610049996,0.111357534808,-0.684504278231,-0.0810179935709,0.00121322758554,0.216750808164,-0.206280578265,0.0185789371636,0.0192550280912,-0.470217217081,-0.201113945196,-0.210719477931,-0.266853026274,0.105043947169,-0.266436688185,-0.312416261636,0.873547861644,-0.0269091948404,-0.645618677659,0.357999617373,-2.56977016674,-0.0321916720187,-0.217200707886,0.148640547353,0.0448835312229,0.782838063515,-0.610667689167,-0.252156742106,0.181493286054,0.0167986643653,0.0088257534561,-0.117880840106,0.12172708315,0.715015891489,-0.216848372247,-0.168478732043,0.0941252766725,0.154794983171,-0.823041027166,-0.213650779218,-1.0129981226,0.0342517425276,-0.764242612815,0.220211485311,0.46332724132,0.0,-1.4245986395,-0.026297987377,0.43255343925,1.36769449655,1.17016973016,1.3179088505,1.41963717163,-0.303410386367,-0.279865669315,1.74680166622,-0.588857346723,-0.294990855219,-0.170658280848,-0.439282975981,0.855101030047,-0.282326116701,0.643195047379,1.00601895353,-0.0965012984657,-0.727781647386,0.133832948458,0.724430410178,-0.462486503207,-0.202145917188,-1.90710211409,-0.606425074922,-2.41916974546,0.092390178815,-1.0370847679,-0.92703866148,-1.11677893566,0.115572552264,-0.565181386122,0.17448933331,0.102524049324,1.12654741447,-1.04920064268,-1.7079311569,0.263739104757,-0.690943503781,-0.271166565987,-0.272006084285,-0.74169066683,0.963436944208,-0.656205913241,-0.469971756785,-0.175491179973,0.600874221199,-1.45704456336,-0.209004916146,0.125599585222,0.133182306499,0.112887204784,-0.142150072055,0.360121121561,-0.00078194988711,0.480363844714,1.42264010193,1.1851622331,0.697145611841,0.665882808379,0.294626331974,0.613734449705,-0.441905421284,1.65601420281,1.11372236294,-0.244173359179,-0.442945512237,0.47896087549,0.379547687538,1.15800197477,-0.141493192106,0.257216400767,0.256397924911,0.266843510975,1.34357183462,-0.515672776867,-0.349553173202,0.701885132594,0.581067394515,0.473855313762,0.206425437183,0.758945862509,1.38667626115,0.281029008217,0.557688683075,0.498881375654,1.40484943663,0.776718121002,0.772567006932,0.94749840336,0.94749840336,-0.94749840336,0.226011122871,0.934081584829,-0.113135557197,-0.094599946864,-0.0975702059161,-0.136083413539,1.54499309131,0.235059480788,0.992051936725,0.8348866015,-1.25055800517,0.619404931484,-0.546371970906,0.176571373315,2.13581290196,-0.826191748428,0.00533694951219,0.573996994262,-0.951639278299,-0.988112628737,0.474195698088,-0.958332303058,1.61866404909,-0.96123488242,-1.02650963357,2.13156979916,0.53637656907,1.01356063844,-0.16915378407,0.746343389056,3.14936259967,0.0529279060941,-0.488068369546,-0.292664330323,-0.45073737258,0.384316533066,-0.0602170514944,0.519384818597,-0.0388974132148,-0.240637512677,3600510505.0,01030320,0.024
313,600215.XSHG,600215,2011-05-31,-0.0111126967437,-0.217877256985,0.268598337446,0.413324279132,0.299714479781,-0.199440622503,-0.786436480078,-0.481007665693,0.539091993915,-0.314752658408,-0.489155522533,-0.644977445928,-0.771434440041,0.656857169501,-0.658494625406,1.43920903628,-0.754202184055,-0.953006285949,-0.619873053753,0.224222684816,-0.751369642717,1.18628816363,-0.63675846076,-1.5737568384,-0.992637232423,-0.686324955095,-0.710672799995,0.837415960261,-0.0380443883707,-0.100207668469,-0.00640581266053,-0.069047222895,-0.105408740796,0.0169677737132,-0.742492800153,-0.18881922897,1.5737568384,-1.00511043462,0.29648481315,-0.755286302686,0.522651430644,-0.161707528848,-0.105308590196,-0.655179348351,-0.742671018549,-1.739445457,0.064311265352,-0.456543927346,0.338376331848,-0.274535669839,0.064310983355,-0.63891879672,-0.30002704572,-0.681587056858,0.0618262692551,-0.903614129147,-0.111522814204,0.0912509842861,-0.0669402901469,-0.12016754108,0.0374744752763,-0.67043761902,-0.57765608243,-0.89569160151,-0.149357996988,0.132172064864,0.884122702497,0.0755149963297,-0.656857169501,0.748202254461,0.885147271846,-0.486875897099,-0.13753535561,-0.155198709104,-0.154601829716,-0.626632414845,-0.0421322261159,0.229994194568,-0.406717409182,0.12841817199,-0.242937474957,-0.135463859016,-1.32541329299,-0.177995924609,-0.093196351177,-0.483352951701,0.628397842456,0.26468011541,-0.915281995373,-0.481871913977,-0.403533511539,-0.95192292107,0.924628119771,0.772786141445,0.742671018549,-0.218794873912,1.92749696496,-0.593083902313,-0.308055890806,0.0616508156293,-0.958727024779,0.390347186747,0.476799498122,-0.618576122464,-0.0196727354736,-0.717365714432,-0.202939523229,-0.529527576197,-0.532092187548,-0.510324912287,-1.21370360197,0.0,7.08344524538e-17,4.73412355483e-16,1.48544128151e-16,-5.07449793557e-17,-7.58165519055e-16,1.18022643622e-16,6.5908150486e-18,0.0,0.0,0.168355501747,0.385034912889,0.207606977933,0.178963871525,-0.711321558629,-0.399047147355,0.772103067002,-1.27752552644,-0.61912756796,0.676116488955,-0.885814441132,0.213606811076,-1.31947444245,-0.596086865591,-0.6549209396,0.411351814637,-0.154981481405,0.599233185648,-0.658761913462,-0.0499848397052,-0.0795020859097,0.347732942052,0.0489992268605,-0.050562955543,-1.43086333595,-0.398645489382,-0.667753266719,-0.0788507668198,0.346642738708,-0.40000660976,-0.343161101375,-0.918293693695,-0.42281978719,-0.149394195784,-0.552918916909,-0.125961772223,-0.610596652408,-0.869602675811,-1.1284354559,0.416252518895,-0.0635718523757,-0.024616250254,-0.0255439265461,-0.0191989555938,-0.909811610826,-0.696872942987,-0.813270692449,-0.616426776608,-0.156373440118,-0.0648716796859,-0.787645495432,-0.806127283207,-0.838411819007,-0.727915156161,0.215371941547,-0.837639408862,-1.40449058118,-0.263311421066,-0.428672255237,-0.717897297591,-0.779952013464,0.153100896178,-0.910945884369,0.19830079577,0.19271379853,0.195506355029,-0.651773970951,0.294344310686,0.310019863359,0.150806961804,-0.125308336262,0.0764054583904,-1.18507940217,0.373135324641,1.83222970282,0.542381030421,-1.00512413322,0.498881375654,-1.20466732861,-0.729184224919,-0.616231280528,-1.01226752499,-1.01226752499,1.01226752499,-0.0659402326545,-0.498911521432,-0.309474318515,-0.312548904213,-0.312917035601,-0.24367282713,-0.822673525529,-0.675012848625,-0.529107020784,-0.334672339324,0.615999726694,-0.139432527252,0.694107831836,-0.114097984515,-0.404670444101,0.413275736573,-0.0658658153079,-0.639008237301,-0.0946377355911,-0.0501313786937,-0.582651832107,-0.0956226452876,-0.23101812905,-0.110771950252,-0.0850299377392,-0.399240903869,-1.42924976691,-1.59100138971,-0.642005455559,-0.793224065697,-0.829866466142,0.237371650765,-0.0637116404267,-0.723848822198,-0.192772163811,-0.499348716201,-0.0843523631292,-0.169835894328,-0.576531797766,-0.687489013924,2922552792.0,01030320,-0.01847951
336,600376.XSHG,600376,2011-05-31,0.137698885381,-0.0243212150188,-0.160648934202,-0.157754957604,-0.207518065023,1.61943367301,0.391254724797,-0.481007665693,-0.439381624432,-0.503701637409,-0.20515161499,1.47059107935,0.324362270647,0.556278894635,-0.523139858947,-0.2208605568,-0.803950769431,-1.02241169567,-0.578163814423,0.755276724693,0.647262229892,-0.00659072227492,0.258192988897,0.801971264882,0.15487070011,0.455446768725,-0.639207291016,0.138000413095,-0.0640224676956,0.754188458385,1.01936834421,0.810201734664,0.711179446409,0.920278042588,0.338857571794,-0.199487174826,-0.801971264882,-0.368041929091,0.686729780885,0.707842631401,0.960465913568,-0.165365649749,-0.298153355581,-0.534084507061,0.605221066781,1.89965196803,0.451504862935,-0.531081711403,0.0532354501635,-0.265777563119,0.331619737105,1.43589425041,1.74031268918,0.896347031491,0.18387061001,0.569261577211,0.76485594616,1.05688876233,0.818666733562,0.708782213766,0.893473112697,-0.190162935371,-1.15556920645,1.82607275431,-0.101141915185,0.110315145599,0.037087737837,-0.0386642911354,-0.556278894635,-0.209030407232,0.0377394277616,0.127909052449,-0.243889075831,0.114730020631,0.115449939263,-0.363559669748,-0.4759901456,-0.705719063274,-0.359036369554,0.111762564934,-0.268719652249,-0.304254719831,-0.592719436268,-0.312070207594,-1.12484940253,-1.33771612751,-1.01854990106,-0.244587747577,-0.0762734996144,-0.181022554068,0.548423663496,-1.03824680934,-0.339064343921,-0.804257861053,-0.605221066781,0.136965797187,0.474865554673,0.367361723414,0.0676755194641,0.230157479607,-0.589954118978,-0.0753716258619,0.0856056811058,-0.722760830995,-0.133423998014,-0.843294448236,0.402779969995,-0.545453545653,-0.809540256769,-0.409760646591,2.19035087397,-0.0726398446515,1.60599649042,1.6247690503,-0.0250311244005,-1.2604588098,0.744953907695,0.816147613756,1.83519066238,-0.268622260164,-0.278397493082,1.93634186766,-2.6892222934,-1.13245351261,0.209048698196,1.59645992421,0.855101030047,-0.833436510797,-0.252234530321,-0.871519127982,-0.548535676885,-0.360138099886,-0.930649530845,-0.260948911804,0.348959908322,0.32557423626,-1.09848180806,-1.20337275494,-0.877300554264,-1.05251945102,0.809835013582,0.816169046414,-0.670366222498,-0.800877342573,-1.3596219087,-1.52756185032,-0.733202551239,-0.76988336066,-0.506260953867,-0.780225802738,-1.36236551727,0.225007745197,-0.068157218087,-0.256404666743,1.09246261869,-1.575222958,-1.16427956753,0.9324388028,-0.368502725292,-1.49434607666,-0.473256381705,-0.582124169917,-0.264311803578,-0.256954998365,-0.25229644896,-0.167319949264,-0.081862450597,-0.34677831982,0.279327309056,-0.763389929004,-0.270311450517,-0.276122752654,-0.30860180892,-0.234637709185,-0.0612268862758,1.16970692103,0.161064171866,-0.947082645403,0.583057079685,1.4737405468,-0.191274257966,-0.456750379416,-0.446181503339,-0.165651537941,-0.169655928191,-0.163010397532,-0.165909213639,-0.695834884245,-1.41815563884,-0.146508859667,0.00113176176487,-0.157859593397,-0.115708344733,-1.17234013604,1.50325943615,1.28001466255,0.640621751676,-1.00512413322,0.636309075363,-1.07419149035,-0.900677919837,-1.14514465025,-0.97366182081,-0.97366182081,0.97366182081,-1.79774259156,-0.756399957249,-0.0513523910542,-0.050372037997,-0.0490721634337,-0.763688326158,-0.794818624154,-0.693567933298,-0.633802171706,-0.945912419256,-0.890313270335,-1.37596011868,-2.59731370626,0.535105969192,0.249470025352,1.08727994805,-0.960656835557,-1.53424260451,0.767805086753,0.833473340091,0.781093240623,0.77370875008,1.58608647648,0.669258043696,0.658410588465,1.2026472343,-0.482282941427,-1.07327924199,0.311545563305,-1.49823183928,-0.920077152605,-1.76249890834,-0.987748418085,2.07885037499,-0.348556671518,-0.172824501463,-0.916216104143,-1.26596191277,-0.576531797766,2.09701208341,15843555000.0,01030320,0.24622642
352,600565.XSHG,600565,2011-05-31,0.140800395227,-0.0450068687,-0.244561934675,0.233952496718,-0.362834819514,0.150648167482,-0.00737664465382,-0.481007665693,0.381524571914,-0.0688220128524,-0.853969752452,-0.411212967997,-0.0271196931584,0.592982814847,-0.12584502331,-0.476566578717,-0.211942603453,-0.240023440602,-0.187613664334,-0.0524822001395,1.01299918491,-1.14012022882,0.488630172501,0.689157360537,-1.09695613538,-0.556311565311,-0.747616834298,-0.348181090106,-0.285404544017,-1.05950565002,-1.05251021517,-1.07218450172,-1.04662520833,-1.07163334297,-0.586962155536,-0.196634302001,-0.689157360537,0.51368504636,-0.652519994753,0.0554921512349,-0.193341207495,-0.162753303595,-0.30434088816,-0.339984207447,-1.19788797666,0.270041992317,-1.48446312498,0.0217401870165,-0.499830604687,-0.189310844548,0.149466303642,-0.395386341799,-0.0605409169831,-0.0102838575759,0.141186361258,-0.284804462322,-1.06205670045,-1.03388984344,-1.07448433093,-1.05081412255,-1.0628459756,-0.243073545986,-0.589843115924,-0.239647942217,0.442010185803,0.136275255289,-0.218040609669,2.17573057074,-0.592982814847,0.460128187582,-0.21750123165,0.218527643278,0.031550116275,-0.313759784822,-0.313235180938,0.357331074284,-0.0434541183249,0.21308269524,-0.044956180713,0.118812059406,0.0470068312987,-0.313111777642,0.873547861644,-0.329217673797,0.230937884551,0.246686648613,0.452172258276,-0.541459535006,-0.223755461759,-0.604754046898,0.0628449873556,-0.342677276037,-0.898693562264,0.00679334023192,1.19788797666,-0.173088078537,-0.593796908844,-0.705749417061,-0.515789197728,0.638338472186,0.299722551936,-0.51726381681,0.208077015897,-0.590526393244,-0.744837034169,-0.666061415475,-0.18834387279,-0.491305249504,-0.775567023804,-0.263554690986,-1.21370360197,0.0,7.08344524538e-17,-1.76264741337,1.48544128151e-16,0.453554216078,0.0474906956921,1.18022643622e-16,6.5908150486e-18,-0.432341637607,-0.325608114172,0.593576956066,0.936946927822,0.707800036764,-0.218976335805,0.0463256117093,-1.02612123606,-0.72579776195,-0.186865100102,0.383696081712,0.450491690698,0.682985831529,0.67355298773,-0.176846883341,-1.02267047882,-0.988404599593,0.596168688447,0.54634445329,0.374949078962,0.289750764204,-1.0213426433,-1.10388404065,0.0964687344807,0.0300310261866,0.416611060721,-0.176991369382,0.64836107771,0.320094584025,0.705569075049,0.653017784322,0.156729150741,-0.873045674218,-0.716652265035,-0.683883507392,-1.23484371704,1.85472869568,0.273106988961,-1.09013452539,-0.860750609667,0.0720424129746,0.207045182631,-0.710868193583,1.27618623664,1.27301165485,1.27098108689,-0.787771982046,-0.62322203652,-0.651256253435,-0.538012991813,-0.0962161815246,-0.118937405009,-0.478317959286,-0.478495396242,-0.469374558119,-0.478154964589,-0.0690269489697,0.0756704356485,0.365407683428,-0.388164051832,-0.459212162757,-0.474278195336,-0.467179894877,0.0400024004631,-0.788206976166,1.15845707386,1.13559036975,1.15156191594,0.198424649983,0.766800527875,0.562171431525,-0.428685454389,0.561563542099,0.583271381231,0.439489011051,0.69830192928,-0.627822521269,-0.707827326287,0.245126119816,0.361453675946,0.752470245317,0.256691220244,0.457623136781,0.392278185121,0.392278185121,-0.392278185121,0.743237581994,0.32630594526,0.996108884412,0.993104609578,0.991217842849,0.419795223353,0.26366762808,1.27483549031,0.249948072839,0.541173835818,0.692222794014,0.701406234916,-0.0427497971856,-0.850676759,-1.03175919111,-1.61924085959,0.926937107933,0.438296758599,-1.06298713085,-1.07557702881,-1.14044772337,-1.06202528879,-0.64004765181,-1.033887346,-1.02633162083,-0.583299864089,-0.204312272417,-0.374450084189,0.0529838310147,-0.163930514676,0.422460358817,1.06404159442,0.785001817812,-0.549984107732,-0.429277600405,0.680996309504,0.385481703362,0.416001711658,-0.0388974132148,-0.620820167859,3564000000.0,01030320,-0.0121417
356,600620.XSHG,600620,2011-05-31,0.119062714117,0.984894381646,-0.291980227841,0.287289860286,-0.517162645253,-1.06050459493,-0.851551564331,-0.481007665693,0.521930191901,2.28765759166,-1.69710635297,-0.644977445928,-0.461303295507,-0.434250276789,2.13477021708,-0.0139344199874,-0.251741471754,-0.284190519518,-0.198988911424,0.0609836749414,0.333362008655,-0.491204588307,-0.612556554668,-1.32656166564,-0.653600797811,-0.898452064743,-0.799701866266,-0.117013314162,-0.0509281683925,-0.33066134925,-0.271817312842,-0.307674931131,-0.337242895076,-0.276977337955,-0.998470319418,-0.209174187891,1.32656166564,1.97811197847,0.414740863979,-0.112255115094,-0.318205265802,-0.385072010522,0.397944059581,-0.497878965662,0.427041217117,-1.13035377899,-0.903672728606,2.70510041305,-0.684242431126,0.178173978537,0.0949202852846,-0.796404754211,-0.454896351752,-1.07297416197,0.0552371256748,-1.18312665118,-0.333117430887,-0.27992714881,-0.319448992782,-0.337541238233,-0.271182105489,-0.404686516641,-0.289906236525,-1.1480491559,-0.0636405182277,0.125215563052,-0.096340183712,0.169896748105,0.434250276789,0.796224851417,-0.0957472310636,-0.382042625356,7.77247050612,0.207132093964,0.207894131422,3.8519132362,5.64478347009,4.07059569205,0.0172486967683,0.115899837146,-0.269661654922,-0.318774385833,0.140854004919,1.49016899612,-0.126306837622,-0.625024002851,0.099721089915,1.41596338861,0.159697639818,1.30796991173,0.149555465238,0.0339670761295,-0.419071530893,-0.312687002443,-0.427041217117,-0.252289143352,0.894078027963,0.087371186762,-0.618925424653,-1.97971329349,3.96819453914,-0.11569360098,0.21111072528,-0.570490872373,-0.652414133355,-0.638077252408,-0.465661231133,-0.459453310593,-0.549078804031,-0.535716669306,0.523708142762,0.0,7.08344524538e-17,4.73412355483e-16,1.48544128151e-16,-0.146350342979,-7.58165519055e-16,1.18022643622e-16,-1.04400138072,0.0,0.0,-0.903293035787,2.57003431542,4.6179630832,0.385911012565,1.3481151297,0.228026941346,-0.786936571295,-1.47845974819,-1.13338676101,1.29060072212,2.68273914195,0.131340015251,-0.7642721626,-0.465767915617,-0.527647255533,-0.0392865118116,-0.227263246418,-0.0620707374532,-0.430848486678,-0.266876334228,-0.357135332898,-0.52392936935,-0.723513018273,-0.603436774948,-0.40090665016,-0.218186699696,-0.153931607215,-0.24484636328,-0.122919868709,-0.490252314345,-0.227603043566,-0.602557667712,-0.469624039816,-0.426312026403,-0.170187634177,-0.105638826052,-0.355953928881,-0.575933100002,-0.58243616531,0.45452829539,-0.0874133382396,0.469497433926,0.468240459041,0.47172442964,-0.873505170087,-0.654558320907,-0.824253557093,-0.619116824027,-0.176497844093,-0.092978933859,-0.716373984333,-0.730764941439,-0.748014578984,-0.65213264164,0.192694985258,-1.34004665439,-1.16132358602,-0.209318195925,-0.189562927515,-0.75721117135,-0.779278733315,0.246791131517,-0.874025045118,-0.176846330565,-0.180332300513,-0.178464765889,-0.371065234027,-0.193510512458,0.346764709018,-0.0258947514248,0.0431645958146,0.0952608550724,-0.695943579896,0.370052659569,0.282344768924,-0.0169990079789,-0.926983492405,0.498881375654,-1.07419149035,-0.399421473248,-0.332942074171,-0.603748982616,-0.603748982616,0.603748982616,0.111431544316,-0.101662029573,0.0453324728221,0.0427328074381,0.0416363072495,-0.171946551403,-0.71125392003,0.157552587884,-0.124183128249,0.0900204434865,0.21401378833,0.107872991033,-0.367394233472,-0.498834987389,-0.457069843478,1.77704010213,-0.0701898698516,-0.446428215357,-0.326260540107,-0.297246832927,-0.484378737091,-0.3246719738,0.254025729797,-0.339856561495,-0.338164049383,0.0609064966826,-1.32747847512,-1.67851884017,-0.398566211386,-0.739316944301,-1.11776055201,0.0547909742221,-0.273060960126,-0.417846924738,-0.404682229513,0.110060181536,-0.118141799418,-1.44754506214,-0.576531797766,-0.566256845318,2570637395.7,01030320,-0.00695469
357,600621.XSHG,600621,2011-05-31,0.134661126485,0.00260818195164,-0.158166301052,0.439260927221,0.153578280535,-0.608378079595,-0.884170190026,-0.481007665693,0.224308414866,0.560018007633,-0.406009641706,0.9563092279,1.15137865607,-1.84329947348,2.19139045037,-0.928324240768,0.0417751819667,-0.359905511944,0.460775419796,-0.800344640729,-0.894400630375,-0.147327302009,-0.602012828824,-1.33209175899,-0.601441346332,0.00284376519009,-1.7838667145,-0.190916055832,-0.24868998134,-0.32653135497,-0.306513500744,-0.344018862776,-0.307915177663,-0.315504259471,0.0884767992103,-0.213298290064,1.33209175899,0.255056879853,-0.223841810498,0.0182149809397,-0.297658015701,5.2621534363,0.764039737184,-0.612558587137,-0.653877073534,-1.02347299829,-0.685876329966,1.47833271712,-0.70964246552,0.587782182928,0.191656253305,-0.304920908697,0.0284214201534,-1.11178258801,0.049474417052,-1.32055364117,-0.334521884029,-0.253585107789,-0.369153686987,-0.27708699434,-0.29627722749,0.112611285752,0.357668770091,0.0,0.0533968085407,0.113413080193,-0.0905870726668,0.135659009868,1.84329947348,-0.0772245775006,-0.0899915873995,-0.493983237557,0.0668671064189,-0.0724999561212,-0.0718653808862,-0.161196019673,-0.150824006964,-0.036531034848,-0.0845586648238,0.323767671712,-0.186281099493,-0.294585200844,2.33981515955,0.050997009875,0.581211977999,-0.0482204374546,0.156287326812,0.590515004051,0.59558877238,-0.0640726620473,0.11239383186,1.17558159571,-0.313798916457,-0.417732790561,0.653877073534,-0.202923743162,0.186254763959,-0.710211417645,0.0808231971174,-0.415402110455,1.68141738176,-0.32133567408,0.112734319309,0.0105392328967,-0.0410010971999,-0.292939241243,-0.399980804157,0.368697101093,-0.458483516122,0.304315513182,-4.32492045348e-15,0.0,7.08344524538e-17,4.73412355483e-16,1.48544128151e-16,-5.07449793557e-17,-7.58165519055e-16,1.18022643622e-16,6.5908150486e-18,0.0,0.0,-0.844335025631,0.0572254007798,-0.16693662261,0.197197099811,1.67021376542,-0.399047147355,0.391061896084,2.17126031888,-0.216394464966,-0.29269677521,3.55426396028,0.858030045033,1.07437218378,-0.316229264387,0.0311152598821,-0.749796451903,0.339233917758,-1.01050261233,-0.251159233951,-0.256444053241,-0.453527238642,-1.18830001265,-1.72653367632,-0.62949749244,-0.873557125374,0.243643781975,1.09604323594,-0.523559841973,0.386295600183,-0.123865231387,-0.725449724182,-0.178198721366,-0.566352828576,-1.05023182996,1.31788848616,0.64446264173,-0.192473125904,-0.194655446884,0.0851647769665,0.928342118108,-0.428346586095,0.639700149043,0.636608641943,0.62154740399,-0.24110063054,0.576578167801,0.346377747066,2.11210807556,0.640543503164,0.973217536051,0.335120792068,0.261784314266,-0.06255999755,0.515760574609,0.92222279785,1.20363224107,1.26917050975,-0.0992224965801,0.126973548183,1.4176224157,0.368795438811,0.478433606074,-0.247543033455,0.384069057334,0.372202681907,0.383397961644,0.52273392676,0.751668821205,0.401301152159,2.36385436275,0.490878890757,0.468456880688,1.47064160927,-0.370496243451,-2.06319165443,-1.44661760201,0.63582932389,0.498881375654,1.53532527489,-0.0393700341669,0.238845333852,0.889940808043,0.889940808043,-0.889940808043,0.679150699073,0.459794640905,0.250681582548,0.249708419823,0.241545222524,0.975673860244,0.402942134953,0.449595067623,0.391594453498,0.91823752149,0.144142643287,0.956521401146,-0.786240541314,-0.977539242944,0.332719748616,-0.659879020921,0.521196656579,0.232994839562,-0.332778739671,-0.34335835406,-0.209323873389,-0.32752617104,0.0983773273312,-0.278508880433,-0.317544240711,-0.0426266684415,0.10028535998,-0.0418961990821,0.196221991728,-0.296966493687,0.441050233488,0.377900218134,0.187366090969,-0.341346450373,-0.397556622904,0.0252096293015,0.827962416668,0.225140591156,0.652149353561,-0.974273263266,3836282809.32,01030320,-0.04574238
365,600732.XSHG,600732,2011-05-31,0.24788699286,-0.162472545848,0.123612561481,-0.138880553142,-0.209386041554,-0.841842111315,-0.701163818148,-0.481007665693,-0.349257073504,-0.737938976799,-0.732053601353,-0.644977445928,-0.771434440041,-0.329858607616,-0.797471561673,-0.674068151741,0.320367260074,1.18594225009,-0.0207767070137,0.265137888842,-0.131248716358,0.46471317265,-0.262439972174,-0.0773135778127,1.06766110099,-0.634515108038,0.0548560419515,0.160466846563,-0.247132138658,-0.012395445277,-0.250569482069,-0.0713694294589,0.0080401621058,-0.217810000724,-0.678277496125,-0.139845817428,0.0773135778127,-1.06438725526,-1.11076219171,-0.540942573488,-1.04684236554,-0.163677398833,-0.406435175717,-0.602013924999,-2.77842019793,-0.431765543649,0.862898060368,-0.531081711403,1.83713575639,-0.288695349993,-7.9204916572,-1.03858697879,-0.693054684412,-0.656815721091,0.114896795176,-0.898179163441,-0.0121156208411,-0.315884319275,-0.0498646797211,0.0053622086193,-0.29557939522,0.911043240584,-0.128573887561,-1.01821613814,-1.53690968441,0.109862522236,-0.0401367142701,0.169967239331,0.329858607616,-0.290988699304,-0.0395190198835,-0.630799541358,-0.258013094303,0.440232312371,0.441100601856,-0.75388343951,-0.195916651926,-0.193131518629,0.0781188563816,0.079232484336,4.23406402542,0.522250134004,-0.592719436268,-0.882122194264,0.0531868520549,1.50582425628,0.29552729456,-0.787645895312,-0.6039311864,-0.986112390444,-0.152692486237,-0.869243649286,0.348997464034,-0.109109893687,2.77842019793,0.627734138952,-0.705016544615,1.15155832607,-0.474008799852,-2.31718576767,-1.22640030888,-0.0880180635124,0.0819331452899,0.158802087345,-0.176080721467,0.761130900965,-0.0131960675203,-0.0963412070075,0.10773703331,0.997816375676,-1.21370360197,0.0,0.250203932295,-2.07989789788,-4.06783088325,-1.14619127474,-1.72120680994,-3.19907620387,-1.66733161685,-0.473226651908,-0.10274165581,-0.615590009248,-0.123963856822,-0.0971981672919,-2.07147232961,-1.00203488764,-2.28026941346,1.33613011096,0.197015782058,0.291851066369,-0.659189925769,-0.693773182918,-0.282486897077,1.55352818502,0.443652094994,0.519810729713,0.413613993005,0.595606098606,0.186694388814,1.81893748128,-0.00313327838834,-0.0860346328977,-0.244306500912,0.609173164864,-0.124645642827,1.71444621513,1.21845769874,1.24508915656,0.964254578963,0.332505809218,1.35826812681,0.0202876288329,0.940252579917,-0.234562682185,-0.258793832572,-0.00552053336253,0.0846578517352,-0.488465849757,0.280435855684,1.46239274464,-0.415641265507,0.222525977992,-0.518521308179,-0.515546626759,-0.518432008353,0.0602008171329,-0.37313519135,-0.00615088034868,-0.350724232496,0.19741607927,-0.106538155112,-0.313036331967,-0.286341222542,-0.268447337569,-0.405420532166,-0.75250454797,-0.327075968733,1.14547047159,-0.484255615719,-0.549986333616,-0.317298934845,-0.0627039331534,0.318559806576,0.0636658283586,-0.553276015085,-0.573475416464,-0.557770973208,0.683666194288,1.16043990351,1.14734991202,-0.520998200814,0.272032215717,0.265507092334,-0.0451750688252,-0.873966378265,-0.529979099403,0.126900412852,1.57351701367,-2.38710031823,0.361042730532,1.37779925568,1.2033108497,-0.0590575927891,-0.0590575927891,0.0590575927891,0.064013724378,0.440655900204,-0.560403322038,-0.562053335421,-0.560270778371,0.473589930149,1.43357348581,2.5499093775,0.451640201821,0.0900204434865,0.340144816395,0.227620926202,0.821882575466,-0.712235689079,-0.962141831913,-1.35664181616,0.235953191845,1.37667495073,-0.0229092003863,-0.106066295699,-0.649082248291,-0.0214706009916,-0.62194900036,0.0170135233752,0.022638099199,-0.399240903869,1.66225297769,0.377915306698,2.19652838984,0.513106659773,1.00837337301,0.0992384567042,0.52755873548,0.993934556724,-0.476543847738,5.68401916512,-0.0859613839049,1.88722284887,2.03424288711,-0.851568403235,2110400006.0,01030320,-0.03407756
370,600743.XSHG,600743,2011-05-31,0.127081454396,0.134235421813,-0.25523725722,-0.218276239198,-0.20235365932,0.525334699246,0.622394948824,-0.481007665693,-0.180348811575,-0.262039976644,-0.0318531779864,1.26020304921,2.24717536676,0.613003134962,-0.415427967327,-0.145981879665,0.0119260307409,3.89275322933,-0.407535108073,0.397585044141,-0.0957309543215,0.478895928747,0.342964544684,0.877733543781,-0.301524500329,0.470109932986,-0.846941778981,0.209341193054,-0.121410023805,-1.08246272166,-1.0831059445,-1.0576637161,-1.10696480911,-1.05430318261,0.31529232261,-0.171561571369,-0.877733543781,-0.0235819331145,1.10062595879,1.56521754819,-0.430424862508,-0.164698085021,-0.414685219156,-0.275991610132,0.955661169774,0.0936243181385,0.161109664748,-0.226719093172,-0.094430605979,-0.258197577354,0.12460657192,0.234925732805,-1.23467477496,1.13167472128,0.189990695912,0.783554510767,-1.08138197567,-1.06998924955,-1.00374646991,-1.1198133413,-1.03063833239,1.41648181,-2.720464222,0.746567099996,0.457258006544,0.112203110892,0.251059214019,0.0946916093094,-0.613003134962,-0.134043798749,0.251805097884,-0.0373366131811,-0.181851720356,0.385981930414,0.386825491424,-0.0644185799603,-0.342466135987,-0.58192688819,-0.137929817468,0.109761544339,-0.27636282947,-0.287457700535,-2.05810714972,-0.343124673945,-1.39844657999,-0.0568941752801,-0.522507515956,0.498798516878,1.48375792219,0.830848250808,1.57284602362,-1.31833006377,-0.149573637936,-0.982048536033,-0.955661169774,0.149951267801,-0.159215078126,0.464410236118,-0.617172400966,0.80087623526,-0.345870746601,0.491701969656,0.0980756876633,0.807952963577,1.4164369541,3.80674064814,0.855245133607,0.292252447707,1.97060264094,1.54285773413,0.0640341833945,-0.39252419758,0.210327680585,0.49563022908,1.69505868563,-0.746254902036,-0.757869893103,1.26234658925,-1.1924133417,-0.313332772879,-0.318725196233,0.499786975716,-1.24209230176,-1.02964941038,-0.107753643264,-0.133610295179,0.228026941346,-0.399006520451,1.30171528066,0.0272499507363,-0.888738633561,1.7617120846,-0.318634428576,0.125404851131,-0.782189826525,-0.814567372575,-0.461911012988,-1.54846292518,0.3438237762,-0.633962529213,-1.14724840575,-0.879370715225,0.114606375355,0.128544138301,0.223297349526,-0.605156670987,-0.745952729361,-1.07780737213,-0.137416086476,-0.196709737667,-0.131916482759,-0.439627396365,-0.30500990125,-0.638119349269,0.261709126832,-1.5419419769,-1.45434343561,-0.350632515337,-0.177681381906,0.37985974045,-0.979100985805,0.0460989825986,-1.06798815918,-1.06170417113,-1.0079117469,1.33305709847,-0.360495618281,1.70658376493,-0.429891620784,-0.0192355282856,-1.062570161,0.454797567323,0.61073824902,1.02613879041,0.0416906599789,-2.66322735304,-1.97048058911,-0.952726753608,-0.486837847907,-0.39939852374,0.100969287415,2.71593134692,-1.20170738027,1.33358812962,-0.653813860549,-0.626751329344,-0.648691320654,-1.70821989346,0.304857176957,-0.877774085944,-1.12049280664,0.536006769968,0.577442638273,-0.541265490463,0.866620898249,1.02859256015,1.75062944868,-0.379999006702,0.498881375654,-0.160860622514,0.073679292085,-0.0332244979962,-1.53870894557,-1.53870894557,1.53870894557,-0.163041570412,-0.717479156832,-0.902024851073,-0.900611240938,-0.888590093288,-1.66026677276,-0.989802933776,-0.895478786052,-0.741576591772,-0.408762045982,0.24758823465,-0.169369511044,0.396810449059,2.10427208224,0.780351203046,1.00674957473,0.0658737131244,-0.287773252329,-1.07460653008,-1.05289695052,-0.497006006283,-1.08063465479,0.739069588645,-1.14077968754,-1.11186674083,0.506674290967,-0.424116091563,-0.546971414343,-0.116800720204,0.0598465318406,2.01488230165,0.411701597028,-0.0492127855151,-0.313528096059,0.21973326746,-0.606646622541,-1.48420043795,-0.0505476940144,-1.42099094677,-0.158091790729,5955605799.3,01030320,0.03184713
372,600745.XSHG,600745,2011-05-31,0.11907194221,0.981357995935,-0.193171428468,-0.0465305823947,-0.221038918677,-0.146669885777,0.971792961889,-0.481007665693,-0.102317811188,-0.685783119138,-0.755876297545,-0.644977445928,-0.771434440041,0.99481924002,-0.498928513397,-0.427061727167,0.00197631366563,-1.35681957889,1.98505852985,0.774258004911,-0.483546518175,1.45794249196,1.24219836915,1.27534725567,1.17198000395,-0.644290550879,-0.664038527187,-0.173376471809,-0.159261390601,0.15904204139,0.0578251467612,0.100697683409,0.260694092014,0.0929089258712,-0.69447860494,0.0133335972441,-1.27534725567,0.111080907841,-0.673214803648,1.62113330363,-0.46835824731,-0.157930028224,-0.492029376397,1.32497721843,-0.192148559455,-0.815506177994,0.838698460519,-0.484495596367,-0.0463455568559,-0.261020621906,-0.178543372358,-0.539492744056,-1.71280207129,0.575971088906,0.172077159805,0.261021379307,0.0887522037893,0.0402452828268,0.0265742765128,0.245551569934,0.144377011032,0.137617533452,2.18420540964,-0.116263584277,-0.118862355506,0.108517329357,-0.0910296196702,0.0364808551277,-0.99481924002,-0.279423906527,-0.0904343292198,0.156338414278,-0.294288351187,-0.137556308467,-0.136951387299,-0.463194008049,-1.42615336888,-0.335695457968,0.456405999506,0.105869735,-0.0211345909026,-0.24400333768,1.60624171837,-0.382145286012,2.86757819991,2.20984264312,4.17031452203,-0.38940325364,1.58863398416,-0.0657675880186,-1.05076529287,2.28685829372,0.988633869349,0.11563923438,0.192148559455,0.16659534323,-0.410803130996,-0.153576844779,-0.914894257159,1.41750961325,-0.453710343075,-0.259203176057,0.0755162340358,2.64721377957,4.69389520605,2.07638656513,3.50435568831,3.77048417679,4.64316363426,0.509468428707,0.523708142762,0.133545560552,0.250203932295,-0.48682288425,0.633248423307,-0.917656204624,-0.408227760715,1.13194536389,-0.480035928978,-0.240110342296,-0.206874412343,-0.146338531999,-0.553692326333,-0.524646802903,0.00255738786341,-0.281280933489,-0.399047147355,0.945616730143,1.04155372281,0.951895998063,-0.248356597466,-0.751374440448,2.53078822679,1.85191315956,0.360210465155,0.48921183006,3.18719961617,2.92129657748,1.67145438409,1.02851733543,0.11730646857,-0.0450711427627,4.73172301996,4.22064559619,3.2131771075,1.30429005984,4.9304494064,3.65234822511,5.44572301907,2.41870393438,2.080605996,-0.318125201318,0.765260244592,0.507024698307,-1.06561615388,3.00157877627,2.58253269026,-0.705596969613,0.500733666748,2.22274555439,3.10069388566,0.669553837942,-0.868587649797,-0.885307744407,-0.896952302889,-0.354703284935,0.464069739791,-0.0966876870324,0.371671783661,0.18493505445,0.710689821413,0.0685129097891,-0.0113718147147,-0.262066583268,0.367095506638,1.36222179036,1.18599789984,3.7434064441,0.348077501438,6.09515932219,0.333025143573,-0.166171551983,0.925940616897,-0.355834598455,-0.59512825177,-0.636196160768,-0.616121431393,1.236558822,2.55728696563,2.5050505603,0.725131074895,0.747051904042,0.802416468809,2.10925582052,-2.34226976025,-1.79642263823,-0.388026749195,1.18281380959,-0.0508294231799,1.92675278967,-0.273574110062,0.55659404763,2.60613983913,2.60613983913,-2.60613983913,2.13550892988,0.707633291494,-0.897448859528,-0.909782360431,-0.917021618655,2.8584885981,0.653636247324,3.25473578992,0.519384123005,1.27810181097,3.36638207247,1.79345533934,-0.00952603643296,-1.29012760024,-1.80504084234,1.75253085808,2.77143464114,2.59438175296,0.137183448911,0.0960507700774,0.454431276745,0.156003383393,-2.77568852285,0.371841644911,0.410438846187,-2.95305897693,-0.0337744541958,-0.543661408794,0.48312657045,2.25546504271,-0.34669570571,2.12998271622,2.90855361645,-0.0770720843851,-0.0618899506796,-0.537253067865,1.86738983774,1.44983278105,2.49517108055,-1.36245631462,3168988993.28,01030320,-0.08264463
375,600748.XSHG,600748,2011-05-31,0.122168601711,0.39259583207,-0.280808378666,0.0958874416153,-0.25510751417,0.955008624699,1.30433190999,-0.481007665693,0.293507610706,-0.120606654445,1.24803285272,-0.09563092279,-0.213198379879,0.49907798002,-0.406086582037,-0.357050681879,-0.152244301001,-0.208475527091,-0.130737428884,1.01384394188,1.23474521276,-0.308792525271,0.999076272294,1.09783125912,-1.00567709529,0.372355504577,-0.0111587078682,0.0296097253119,-0.0781272595495,-0.300156357022,-0.156029538671,-0.291307571614,-0.296764837577,-0.243457525372,0.48761320727,-0.00629511734285,-1.09783125912,0.298476207077,0.896634271107,-0.247384857414,-0.182277303594,-0.158031427814,-0.487904354677,1.35772107272,0.398035195079,0.893298593065,-0.879473128757,-0.521764488396,-0.0737011671467,-0.259464613098,0.0881067141534,0.619495884652,0.937478897731,1.01937799913,0.215587843515,0.718334922293,-0.305140724306,-0.161587094113,-0.293572662558,-0.313097959813,-0.243134616193,-0.423734045439,0.348078973244,1.30932014719,0.35711691357,0.114487356391,0.0738191391258,0.145617770245,-0.49907798002,-0.0697812800219,0.0744869988478,-0.138616214696,-0.149020668566,0.0845174095416,0.0852235566245,-0.198216663892,-0.129718869404,0.0148799231104,-0.0779728858697,0.127711220798,-0.233840126513,-0.304322424929,-1.32541329299,-0.454650713971,0.0392455946042,-0.279520112802,0.23460980867,0.0546976316189,-0.243419723379,0.252878494589,0.199104309742,-0.835702982927,-0.743732273814,-1.86123020972,-0.398035195079,-0.125474686287,0.444959662141,0.647352260066,1.75349996523,0.849545734937,-0.35116644107,0.0204847058951,0.105996562492,-0.734782143518,-1.08609082179,-0.866614584125,-0.991104646941,-0.59641664791,-0.996393038082,-0.438435383643,0.515917058705,1.20350356862,0.569213945971,-0.404951791473,-0.276568837752,-1.2604588098,0.0215406936789,-1.46133813538,-0.420671144584,-0.276900877826,-0.29850746663,1.09720804026,0.342717684962,0.138469716196,0.124264186669,0.453030951695,0.855101030047,-1.14903332242,-0.977879077854,-0.628239176625,-0.0243013630236,-0.359971300878,0.297120073503,-0.506488167314,-0.733906186786,-0.738735316912,0.462948074679,0.168146695172,0.665082777895,-0.212883155748,-0.230457053898,-0.339797069088,0.205548693481,-0.211894940992,-0.0485379753236,-0.777054729729,-0.624190431313,-0.645910585572,-0.550812193369,0.255896725998,-0.345040275483,-0.863927972185,-0.813267894295,-0.896062785961,-0.436568242352,-1.27644178821,0.0698775272469,-0.741538320108,-0.913406714465,-1.06167482232,0.334563953796,-0.746630422379,-0.0548288825816,-0.0543150965407,-0.0490770326396,-0.773923696387,-0.612125897766,-0.734737305477,-0.617095020482,-0.0892642172042,-0.0168659417407,-0.645773278522,-0.662736928091,-0.702102508421,-0.595068584571,0.174374564777,0.363569139591,-0.98259349286,-0.370256740326,-0.284074307811,-0.660044181261,-0.695117703896,0.354583771878,-0.774753765882,-0.187714386627,-0.18590926502,-0.188021517082,-0.254924127321,0.21167967111,0.0746082930979,0.553529134783,0.331014555609,0.3715589189,-1.15395919492,-0.577021163156,1.32280198967,1.01132432708,-1.00512413322,0.498881375654,-1.20466732861,-0.24285882142,-0.132596100792,-0.892238881093,-0.892238881093,0.892238881093,0.213226113399,-0.0822016293647,-0.0409111352526,-0.0441244111801,-0.0445504660097,-0.0284939999467,-0.349140202161,-0.839558854401,-0.119564224532,-0.0184680555492,0.465368426991,0.09095208715,0.058347022968,-0.412531018491,-0.419971352727,-0.399030637778,-0.237674915846,-0.637533234739,-0.299054141925,-0.284445807144,-0.565632469283,-0.297128970434,-0.397525722386,-0.294311901025,-0.275444228472,-0.451007486431,-1.11121268044,-0.629851467951,-1.09694818562,-1.00924874698,-0.491265177485,0.559416284319,0.256324059451,-0.849031416613,-0.327047127935,-0.481803366933,-0.0167734905517,-0.159232498745,-0.72994417999,-0.884772124903,8146948964.96,01030320,-0.03723404
380,600823.XSHG,600823,2011-05-31,0.073928135788,-0.274887959822,-0.212039440409,0.142156279106,-0.27585304176,1.20577688174,0.030739502226,-0.481007665693,-0.0124441637982,0.226851585918,-0.768488313176,-0.644977445928,-0.523329524414,-0.680690883924,-0.307906716224,-0.102069626408,-0.415911803496,-0.530264244903,-0.305157884263,-0.60167390778,-0.56802119545,-0.0613579804352,-0.215528502725,-0.118236268605,0.793823980725,0.861127646623,1.1510642729,0.273390235835,-0.0406127236038,1.37915628235,1.50359522446,1.41543031768,1.36495524596,1.47139383254,1.14125430652,-0.195241160169,0.118236268605,-0.539705588028,0.843419048234,0.293134111867,0.0421618898179,-0.164031774722,-0.207402877753,-0.526429170404,1.20783597362,0.642837004542,0.693500861425,-0.493812819374,-0.199685054547,-0.250261932432,0.168329740305,1.40238398822,0.627136741995,0.601568135866,0.228967155395,0.60264779512,1.3672258986,1.49796149023,1.41944039827,1.34919029547,1.47474055353,-0.412798814047,-0.6735700339,0.582341229845,1.23778158718,0.120309013111,0.217868188758,0.108275418457,0.680690883924,0.312205465789,0.218599461361,0.120801711992,0.0736305252943,0.367457409746,0.368292526886,0.500176003749,-0.116525740333,-0.478259397307,-0.300238535052,0.106747966744,-0.266313186549,-0.283705196773,-1.32541329299,0.06409389351,-0.556743161411,-0.562862215102,0.0322767305374,0.344328643744,0.143310755135,0.12575904674,0.137168254112,-0.925781930597,0.757034117589,-0.170454462459,-1.20783597362,-0.0942992508851,4.2470964142,0.597154753495,1.8151479649,1.30639622719,-0.417603335327,0.484920546568,0.150651389558,-0.690703997601,-0.631085771629,-0.805982230812,-0.68459598772,-0.539083157871,-0.917122161161,-0.417812081781,0.523708142762,0.053786597222,-1.18534112925,0.174968449034,-0.702042203953,-1.2604588098,0.0156222721671,0.255422344675,-1.72669640125,-0.297761798865,-0.240507770649,0.387751677645,-0.628790505471,-0.587772128838,0.52995351602,1.86008998232,1.48217511875,0.648964338321,-0.877850687989,-0.0780802454314,0.561145939582,0.666936060287,-0.737447207318,-1.04686786743,0.782575119567,0.541983845404,0.282190726435,-0.119828183197,0.480189778643,-0.338835685578,1.47156646562,1.36212788885,0.0698019934137,-0.171474124029,0.0790805685186,0.0811684191355,-0.403425854671,-0.572565707458,-0.111764872625,0.377858386484,-0.61467447809,0.875890772643,-0.339461200619,0.0712251016365,1.48903630204,-1.3935718471,-0.561981344628,0.953724456976,0.07218415525,-0.732294317187,-0.0880811992912,0.042522759719,-0.473167645293,-0.473016026849,-0.468319651409,-0.746501633853,-0.518929631518,-0.717683988926,-0.509361426007,0.0361622590581,0.147528396874,-0.769330587295,-0.800057987021,-0.906619219656,-0.671436080455,0.288201165727,0.16237365265,-1.60814881891,0.0461672602683,0.656377127359,-0.7186502146,-0.75623951481,0.240647509528,-0.746374957613,-0.196659312925,-0.199043323689,-0.200917447367,-0.442812053568,-0.365831070097,0.392619341704,-0.67078476208,-1.72610383697,-0.901884500581,-1.00883555508,-0.777298912051,1.03592095796,1.02553678282,0.0888448381866,0.498881375654,0.621994407055,-0.806825648986,-0.994885170213,-0.617787420498,-0.617787420498,0.617787420498,-1.63898190433,-0.841157237496,-0.22900728756,-0.231981624381,-0.232917570434,-0.297467533926,-0.544124511783,0.151015861977,-0.71386316947,-1.14172092971,-0.459289972993,-1.38246815863,0.183445246467,0.295268611655,-0.394765679585,0.11216216677,-0.116745523772,-2.41509569674,1.38706238535,1.43111427423,0.263375203753,1.39167099452,-0.118806490063,1.34579896834,1.38013356079,-0.26694852621,-0.352401811286,-0.138744927983,-0.407943377611,-0.719915608748,-0.709779195385,-1.04628228942,-0.926216692362,-0.146617970171,-0.331294288103,-0.169507929708,-0.430291829895,-0.0929612763482,-1.42099094677,0.6730413919,15416740601.5,01030320,0.11085801
404,600007.XSHG,600007,2011-05-31,0.114180082814,-2.15004146478,-0.137312182591,0.364171027588,3.92665462874,0.50037943215,0.340066694212,2.28526360219,0.447462021758,0.186574642457,-1.37620062191,0.512156719831,1.44083439097,-3.47495556289,5.24449831636,-1.31307428995,0.0169008892785,-0.0570455422389,-0.0245684560437,-2.24039109993,-1.30141498452,-1.45039529298,-0.413263915096,-0.403036076144,-1.0447966839,-0.507434351106,-0.748828114111,-0.0659711539148,-0.289993864351,0.107260457944,0.326935662017,0.102348408557,0.133539562757,0.192327855473,-0.503894652161,-0.218553402112,0.403036076144,-0.815575632303,-0.942247319284,-0.270683088848,1.28606079979,-0.166353720811,1.40238684827,-0.657244986758,0.116262409564,-1.62870151554,-0.831073929059,3.74862938984,-0.735583091457,6.90395536558,0.161985386972,0.758815106595,1.0744833111,1.81618929963,-4.12332969999,2.24556028571,0.0936958788478,0.35233872996,0.0713527816491,0.129584054004,0.190594979038,-0.354363595513,0.0933739689755,0.875540296449,-0.477804297813,0.108019161942,-0.15210110615,0.213013381136,3.47495556289,-0.308253868662,-0.151532700423,-0.12795520401,-0.316772899769,-0.16313778939,-0.162544528803,-0.134769707722,-0.0551448040557,1.10076729499,-0.253119481895,0.128810640859,0.363725565734,-0.193517902988,0.140854004919,-0.12668854542,0.924515442721,0.362336486286,0.919931524927,-0.657311939856,0.0384346931651,-0.883569369179,-0.0566916000105,0.718781167784,-0.531923773568,-0.023336071864,-0.116262409564,-0.236778720119,-1.92608549336,-0.460339384936,3.99298772551,-0.630282542994,-0.756046354619,-0.402712751135,0.0702709820242,-0.730775039344,-1.32070280078,-0.908590828726,-1.48735676187,-0.612342617366,-1.20023243588,-0.409965999526,0.221154378546,-0.0590638508933,0.409708939133,-1.11450126221,-2.03840320446,-1.2604588098,-1.20994624396,0.0841998661486,0.41043583693,0.0403763968985,-0.226081928941,-0.459675475998,0.295036301383,0.449887990804,-1.16300173028,-4.31577574414,-2.90734350216,-1.17099162718,1.22537782524,-0.30769278379,0.669445842745,-0.902475808738,0.881712910497,-0.204880892829,-0.426859739905,-0.395495486014,1.04342924172,0.922449473255,0.745723810083,-0.098848501434,0.241338168563,-0.0631216015452,0.562048575016,-0.00330579001922,0.802040939511,-0.45015968778,0.489809758254,0.0905093336732,0.628323817377,0.941701238985,0.267020265418,-0.288958629622,-0.356332204574,-0.558032072554,-0.73827192818,0.333755527833,1.00842813225,-0.594719648064,-0.474727519028,0.131780721061,0.905678829394,-1.15312775636,-0.753399014194,-0.753195581558,-0.752897309027,-0.86528658943,-0.645801374658,-0.55311904355,-0.586214349199,0.0680511308153,0.096611416477,-0.736264468007,-0.756633006985,-0.842321036719,-0.680431595567,0.0806769536737,0.425442106667,-0.515543538898,0.0971748682133,0.0159599247167,-0.311527990417,-0.562958505629,0.625042767186,-0.865829560759,-0.485511379043,-0.487217574826,-0.487842558889,0.243311060483,0.765762586212,0.458723380185,0.800202819033,0.344801761628,0.461493684402,1.498577,-0.991857857098,-2.06410085774,-1.28510503298,-1.00512413322,0.498881375654,-1.20466732861,-0.457865841914,-0.146620318928,0.710248803152,0.710248803152,-0.710248803152,0.815254407497,0.243317792304,-0.710900099213,-0.713802571243,-0.714709314295,0.724631895196,-0.0984460897896,0.42474580717,0.145252921917,0.453853824399,0.635055493524,0.555626139927,0.573868074226,-1.18331012497,-1.23273005823,0.297732157462,0.5380604693,0.0152475864112,0.102778691211,0.11110588953,-0.989469504769,0.108081411733,-1.05631663515,0.164745131608,0.17653011011,-1.02043989461,-0.90620521794,-0.964574366932,-0.45056888292,-0.121031098399,0.0458494156981,0.871879424642,0.739029838825,-0.988123188186,-0.257557946835,-0.535884918362,0.873014998386,-0.30370376357,-0.72994417999,-0.46987760684,9125979758.04,01030320,0.00220751
410,600136.XSHG,600136,2011-05-31,2.82779708696e-17,1.06713753322e-16,0.274804920321,0.364454635353,3.74813101288,-2.48681609285,-0.748075998923,-0.481007665693,0.983391979394,2.04284059431,-0.292501501027,-0.644977445928,-0.771434440041,-2.9043764396,0.11912803993,-0.0264659828274,-1.70937502328,-1.91206285668,-1.36684761266,-1.11754292348,-1.54427968168,0.875576706976,-0.722989917049,-2.39552871025,0.16791056298,-0.507434351106,-0.919618567773,0.248755988611,-0.307172237713,0.544299300843,0.887379457507,0.620648126586,0.522843233401,0.832097290815,-0.511847923761,-0.220893276862,2.39552871025,-0.846787206655,-0.962942128179,0.321091989588,-0.368783112204,-0.1632985616,5.91206684309,-0.660207691935,1.76427802905,0.111652401631,1.61308565569,-1.07752036542e-16,-0.710929258912,0.628105039756,-0.143224269239,-1.8573175606,-1.49999257282,-1.11178258801,0.278821285806,-0.625654454463,0.51691378854,0.995983460143,0.62469112015,0.500854492222,0.938590652894,-0.398199103918,-0.292087915308,-1.12913308709,-0.107735567397,0.10987472992,0.345764272764,0.199150606713,2.9043764396,-0.22736183408,0.346551847432,-0.630799541358,-0.273748111933,0.417517721551,0.418375657244,-0.755192851363,-0.0675061082729,5.5123010098,1.00998023527,0.135837038271,0.432958524453,0.42190092052,-1.32541329299,6.02277088918,-0.196013124876,-0.458777361195,0.824204047101,0.421563580311,2.13595593256,-0.40899009721,0.864297547209,-1.39297248896,0.421846113224,0.657697215962,-1.76427802905,-0.243322985071,-1.53727103489,-0.67228441268,-0.79013740476,-1.11881412466,-0.466708865864,0.45504562864,0.0787877128984,-0.478327476365,1.59417330182,-0.367563676089,1.3733907242,-0.433971759464,0.0567771838608,-0.434536344807,-1.21370360197,0.0,0.250203932295,0.181791040099,-0.321524514181,-0.289184761802,-0.124598791343,0.518492642808,0.825989327687,1.40087904385,1.46659057335,-1.43316118844,0.276559765246,1.6204118917,1.17495396662,-0.832006699583,-1.02612123606,0.208937133035,1.55705090742,0.0292545046426,2.34260086842,-0.961281725772,0.0590449522542,-0.635702394951,0.262236866073,-0.02830869017,0.559106149701,-0.396704495174,0.868682598249,-1.46666916798,0.545998254619,0.679378494823,0.580197075452,0.248781713235,0.502911993031,-0.652618490958,-0.401614187571,-0.869079363103,0.213183515978,0.38045288077,-0.362741999389,0.74879705867,-0.0516408598601,0.427977516095,1.03092532299,-0.601254136586,-0.179540448493,0.25121063287,-0.141178016361,-0.405146717395,0.556664183195,-0.412849620283,-1.02527707247,-1.02540849751,-1.02387862604,-0.9676677494,-0.772073294027,-0.617445739937,-0.68284631552,0.0938176566224,0.140689475993,-0.895545070242,-0.922795971291,-1.03534112789,-0.820648094024,0.130346637718,-0.200237165681,-0.391608329564,-0.550318432731,-0.328049450987,-0.796744895997,-0.676112917066,0.426771330254,-0.968313987937,-0.762238519085,-0.758457604489,-0.763669826452,-1.11134572718,-0.226539298943,0.394343475893,-0.807796191809,-2.63505061422,-1.7053512899,0.0717791937713,0.44295905253,0.170972839892,-0.056601494288,-1.00512413322,0.498881375654,-1.20466732861,-1.82341638279,-1.69369192536,0.0883460049733,0.0883460049733,-0.0883460049733,-0.536719885217,-1.34117694203,-0.885165029173,-0.887871371228,-0.887948661604,-0.620235774702,-1.37977155302,-0.516312300896,-1.34665297872,-1.35340580588,0.521628310013,-0.877444258133,1.24611101618,1.16704243629,-0.40339240997,0.740649210718,-0.147734581336,-0.252188815532,0.558542540742,0.666086013829,-0.219755095765,0.550253648158,-0.274454892529,0.500011836268,0.551721621579,-0.545912887795,-1.31769222026,-0.677304294936,-1.36929201631,-0.0444468791101,-0.551599279655,-0.413903736263,-0.472508622812,-0.237027621694,-0.271104065104,-0.217092978709,-0.589584886685,-0.725188738013,-1.42099094677,-0.0163355632514,1083084280.0,01030320,0.04532305
456,600683.XSHG,600683,2011-05-31,0.100465644099,-0.420384399819,-0.222963026269,0.111701779837,-0.26132128316,0.394551938445,0.369875475746,-0.481007665693,-0.319550094579,-0.331271773468,-0.971681898342,-0.644977445928,-0.419952476235,0.112971806365,-0.211251974541,-0.316763260848,0.484537591816,1.11653684037,-0.229322903664,3.38059868196,1.08403470898,1.09835507583,0.233472007071,0.592380726907,2.12388999343,1.34012434583,0.652622629769,0.0828196993144,-0.00840327354952,-0.0880455473847,-0.238096059146,-0.0837358788715,-0.110228939896,-0.155109869968,1.69827788412,-0.16230487316,-0.592380726907,0.172623084689,0.66603497199,-0.0283814819293,-0.11115220709,-0.125473796379,-0.410560197437,-0.16983137122,0.166578978406,2.16492233943,0.81449886067,-0.462755409351,-0.36139141339,-0.229455871798,0.128062922746,0.272609434247,-0.0790093533222,0.76258181835,0.205313246746,0.487737091619,-0.0612433917346,-0.253983367588,-0.056063928887,-0.150307469406,-0.139935959407,1.22210194839,0.443753179792,0.157159592204,1.51966021925,0.124043155856,0.0963890363033,0.0412757582793,-0.112971806365,0.387889242631,0.0970668316839,-0.458446535271,0.165165830854,0.18816651328,0.188919905824,1.12952695548,-0.342917513815,-1.05883116925,-0.041707196429,0.111013676726,-0.270327595116,-0.294958604718,-1.32541329299,-0.518514899119,-0.661302592291,0.57339744004,0.491333499205,0.457767456827,0.346508125201,1.10542625816,0.288292229849,-0.289834584864,0.549857612378,0.187841248952,-0.166578978406,-0.610626296715,1.48757750026,0.236848206329,0.0104100790186,1.06075299769,0.00171938132134,0.0580574554365,0.179160809558,0.916144776283,0.932994088303,1.43741484176,0.249525640384,0.225363375994,1.46100414645,1.1778308917,0.523708142762,0.133545560552,0.250203932295,-0.237798310386,0.552970429684,-1.08905750721,-0.553911982543,0.535501498291,1.00408368087,-0.273224812943,-0.260415701596,-0.304364093746,-1.46798285647,-1.83344522727,0.550465897841,2.33634490124,-0.399047147355,1.17553309768,0.675660401985,1.3181826664,-0.950736404212,-0.238967886973,-0.941867730275,0.620994582069,0.599753571042,0.599633946201,0.227867456852,0.0680009446229,1.69324605096,0.474244011938,-0.217619726097,0.0716060404697,0.837062645233,0.828922560822,1.51044691251,0.993763304233,0.0274616574104,-0.332118391108,0.132257292612,0.178511337401,0.468356695262,0.775847920502,0.995729304636,0.274043529681,1.93005358784,-1.42419560354,-0.67283377829,0.76686432892,1.10094025472,0.782796678022,-1.87858173344,1.07366702334,0.270548882304,0.273280753322,0.299375305193,1.90864741953,0.404619871483,1.83528474835,0.0154660938668,0.621323334587,-0.15294502045,0.938101543849,1.02796223993,1.15200499503,0.600320739727,-1.90323362973,0.867366929001,-0.30694670649,-0.423136395589,-0.402448319007,0.979831221144,1.37703899395,-0.975510388839,1.91109181038,0.271772233399,0.301683027639,0.268059100281,-0.201449370905,-0.415281576463,-1.50159273691,-0.737729992057,0.415419158306,0.412203643283,1.0831859295,0.225794846294,-0.430098185769,-0.834384570424,0.0107041973719,0.498881375654,0.491518568794,0.481936670285,0.149891721672,0.378239747239,0.378239747239,-0.378239747239,-0.599512083633,-0.0498748488531,0.355020014001,0.348282087378,0.372636173091,-1.21197754946,0.0686833184579,-0.0490879923357,0.0282406944166,-1.11261425924,0.327440971841,-1.39938906251,2.07015919772,2.01157646617,1.38205677217,-0.712398829607,-0.65638753083,-0.733592776561,-0.0833584163451,-0.0922634505077,0.735525269191,-0.0958509810668,-0.777597402826,-0.150605032119,-0.0995379757834,-0.212306022395,2.20082452316,1.84880043447,1.58046080477,0.833138837584,1.30523043417,-0.357479387244,0.345792603174,2.09971414073,0.0859062460094,-0.438043787177,-1.04171972464,0.430581380586,-0.0388974132148,-0.277385055879,6141046279.13,01030320,0.02050663
492,601588.XSHG,601588,2011-05-31,0.168121918345,-0.120848925575,-0.138553499166,0.146525787527,-0.27828141125,1.22014939947,-0.0178830184732,1.02285707482,0.186321619179,-0.694877912823,0.306335685601,0.009563092279,0.0349065357485,-0.351308950596,-0.279119998287,-0.102173193043,-0.0527471302483,0.176409017742,-0.0738611934336,-1.3360385491,1.05619646306,-2.37772934549,-0.219778435296,0.117345708117,-0.953517643814,-0.311925494288,-0.141371287788,-0.211608823499,-0.243090168455,-1.44937710997,-1.49404071212,-1.4625110532,-1.43979084573,-1.48602724176,-0.258816060644,-0.213727397866,-0.117345708117,-0.395477909771,-0.47809231978,-0.228746272266,0.381981795336,-0.166643911804,0.264912109127,-0.613508854185,-0.132360636478,-1.00995193567,-1.96845512196,-0.5279759704,-0.278297645414,-0.241970628355,0.160817849727,1.10717453556,1.13254421227,0.508262771144,0.214716736398,0.646127520769,-1.45420810665,-1.47274369532,-1.44934517894,-1.44440612775,-1.48291416217,1.11967600858,0.313323951169,1.15842150734,-0.416813014849,0.108798106091,-0.182194302387,0.121112320576,0.351308950596,-0.275589480553,-0.181639144205,-0.0995258421816,-0.292635688259,-0.196437820591,-0.195859738865,-0.251962068603,-0.193421177366,-0.134955960939,-0.392193571329,0.0827563710936,-0.0333297720464,-0.30897355999,-1.32541329299,-0.537417617767,0.227452570188,0.198981090572,0.249839180143,-0.592144962128,-0.485945616684,-0.825094423169,-0.171273302926,-0.861572113895,-0.834687812687,-1.15115325437,0.132360636478,-0.304385614742,-1.1223362399,-0.163616346093,-0.528352534152,-1.06004340807,-0.318429420712,-0.435153612934,0.0752727351713,-0.694711101776,-1.15718536088,-0.628749198052,-1.31950678182,-0.580490678455,-0.990730832588,1.20105177484,-0.416416000126,0.678282310101,-1.02583612241,-0.872299279411,1.48544128151e-16,-0.546286715684,0.419440724548,1.18022643622e-16,1.09313085746,0.021189131415,-0.287906964833,0.961649853226,-0.110255459043,0.00801070926512,-0.632870617885,-0.414839590694,-1.02612123606,-0.422687045197,0.873523576675,0.00793334036642,-0.958584223282,-1.00159148611,0.628680190007,0.675451451073,-1.26924518272,-1.26113392259,0.590373793175,0.212399877264,0.288929341341,0.743140192577,-1.42867011739,-1.44895478399,-0.476814072561,-0.354477719218,-0.191271971048,0.581199246864,-0.401477170732,-0.723871471268,0.0144773947751,0.584805056623,0.111537366502,-1.30097318123,-0.841943534652,-1.18728924674,-1.11347849498,-0.757545422787,0.269411907839,-1.33448336698,-1.06106282809,-0.0648120317159,0.420986628093,-0.44145940332,4.21217695659,4.21129525143,4.21195140469,0.107777284236,-0.475364875726,0.272934797118,-0.453248451369,-0.562873622119,-1.24024258534,0.359858654212,0.490662386836,0.96033538629,0.017660071005,-1.79242160555,-1.59478431637,1.81711934798,-0.500044445757,-0.454447597242,-0.0157051017263,1.55845302911,0.00425769070627,0.106438932846,1.8674117648,1.86447806896,1.86632028517,-0.149363672285,1.0233871208,-0.599369212077,-1.10894835943,0.635543671953,0.644570979987,-0.375707027816,-0.611994407599,-0.297858397506,0.726695852094,-0.0674364434429,0.498881375654,0.361042730532,0.443115958251,0.618300607431,-1.31339201756,-1.31339201756,1.31339201756,0.936307408569,0.192495590107,2.77259695979,2.76822926399,2.76601839707,0.258411102965,0.319377430829,0.0998256577917,0.11446023047,0.497513830108,0.766631026397,0.844583113923,-0.129998534924,-0.354939265691,-1.07602887338,-0.969745892171,0.506783141434,0.30720590594,-1.45220866483,-1.46893028845,-1.27001448551,-1.45059570105,-0.440962485865,-1.43221816468,-1.42267697918,-0.577548021583,0.838062439724,0.976664808678,0.333364438217,0.249971451279,0.777908721395,1.18753639604,0.840875453813,-0.403937747581,-0.34473256832,-0.542458080814,-0.227555212163,0.837486686101,-0.0388974132148,-0.317778457091,12121272000.0,01030320,0.01666667
500,600052.XSHG,600052,2011-05-31,0.118330958672,1.35513354032,-0.24381714473,0.0106585643887,-0.231362236034,0.437240461244,-0.154588045263,-0.481007665693,0.117473688292,-0.562724992343,0.759434024937,0.675791854383,-0.771434440041,0.476197614173,-0.24289830022,-0.549063223246,-0.177118593689,-0.164308448176,-0.138320926944,-0.268868794625,1.09555398316,-1.41482930461,0.256376223828,0.788146031507,-0.888318329465,-0.996206493152,-0.610742215405,-0.177317951364,0.0329006094613,-1.18181044612,-1.10240390686,-1.17103216184,-1.18617868347,-1.13600251004,-1.11069981866,-0.215329561266,-0.788146031507,0.211889258874,-0.250449421934,0.0275342735135,0.434140199439,-0.160437211503,0.109192539217,-0.58363231146,-0.296925414573,0.018292683544,-1.58126152438,-0.301256877228,-0.329796094364,-0.234812987837,0.143674878326,-0.293996317725,0.0391644975009,0.0243960124977,0.159211577764,-0.242101160345,-1.1786263112,-1.08025866295,-1.16484392257,-1.19491611353,-1.11410980771,-0.557061896618,-1.55862037645,0.165757805301,0.032379542114,0.107906945154,-0.176662464843,0.101151305235,-0.476197614173,-0.313605661064,-0.176104871451,-0.0835343261529,-0.302857200153,-0.105799987322,-0.105180590948,-0.644904662073,-0.249778923249,-0.217484077662,-0.285978128357,0.105711316341,-0.169728853283,-0.318025526416,-0.592719436268,-0.562261190848,-0.45044107335,-0.441429885544,-0.241851955965,-0.481119740813,-0.476113485874,-0.523397600274,0.243698269796,-0.346517291537,-1.26883207462,-1.897331217,0.296925414573,-0.388842703377,-0.561013993739,-0.278512861134,0.0139161263929,-0.582531335763,0.00845935610099,-0.359824832146,0.0724195014173,-0.718753726821,-1.02210573661,-0.791990149279,-0.991104646941,-0.574120290673,-0.88881113369,-0.530561510571,-0.0852949276996,-0.569012116437,-1.18534112925,-0.043354465039,-1.77509138538,0.110751610903,-0.0645040498385,-2.40022695803,-0.301941575796,-0.0947712892641,-0.34555645364,0.614536453282,-0.435680901974,-0.24208582015,0.198564591932,-0.634276008206,-0.399047147355,-1.18132494707,-0.402715836127,-1.27425223098,0.885260867165,-0.628276772328,0.474118331186,-1.30078510279,-1.15252065559,-1.11346097209,-0.119082529595,-0.410601217075,0.214141606243,-0.631737670169,-1.16399003032,-1.1521168312,-0.076991053377,-0.426361501171,-0.189518088297,-1.26927894282,-0.469110205125,-0.704770239247,-0.149900557568,-0.312583529673,-0.319949046894,-1.00326257894,-1.1005815983,-1.096801025,-0.820321655771,-1.22878350409,-0.449281370405,-1.14308695197,-1.05248453719,-0.757514281851,-0.17440314786,-0.774048131122,-0.205164773087,-0.204663361715,-0.198626116661,-0.902945857987,-0.716042060602,-0.736718486646,-0.664562285146,-0.255689321886,-0.160832390117,-0.637601414852,-0.648396550767,-0.636155497261,-0.582073662101,0.212495687523,-0.772050010608,-0.913923509699,-0.218691926029,-0.0878396151318,-0.735105103742,-0.582226867338,-0.261733215883,-0.903711647066,-0.0841355405202,-0.081212079127,-0.0854780469098,-0.502382789341,0.347716753764,0.0673326913784,0.126932827966,0.499285723695,0.49666173755,-1.16558052544,1.46202538078,1.21634852194,-0.254302308596,-1.00512413322,0.498881375654,-1.20466732861,-0.0658193104975,0.0905893135518,-0.993315633845,-0.993315633845,0.993315633845,0.468602631702,0.0417981108067,-0.395527315429,-0.397840579942,-0.397459315284,-0.494714792178,-0.571979413158,-1.04225799507,-0.00255199703093,0.289798045369,0.488053863693,0.420258908866,-0.155716402267,-0.0648387979241,0.0166193068483,0.222453765012,0.0338757095008,-0.4112125292,-1.17969124305,-1.16468329958,-0.759433600794,-1.18144490131,0.199729775449,-1.19011233796,-1.18310150432,0.144308213033,-0.612707552437,-0.158288646751,-0.7909444439,-0.481324110852,-0.172415630666,0.782984459678,0.372668529351,-0.494347399103,-0.115443985917,-0.590265969614,-0.38041218585,-0.356720741487,-1.42099094677,-0.39559536687,3870743568.48,01030320,0.00926908
501,600053.XSHG,600053,2011-05-31,0.0401689855007,-0.236952914001,-0.237362298539,-0.450245209943,-0.189722841542,-0.330294888367,-0.736836622279,-0.481007665693,1.4981456784,-0.598361734944,-1.04314998692,-0.644977445928,-0.564680343685,1.00196935435,-0.708442440635,-0.58448301243,0.295492967386,0.769509791747,0.134685003216,-2.004601419,-2.44086318822,1.64384569495,0.138967781274,0.709065696598,0.832943569334,-0.601278602379,0.381901591517,1.52776610445,-0.379380351234,0.334353177863,0.111188457245,0.354349788329,0.322892082804,0.204734358719,-0.640278531816,-0.00302641431313,-0.709065696598,-0.754536867944,0.559604526244,0.144025430686,-0.547386132314,-0.171858359617,-0.481716822098,-0.151475440574,-0.761021767186,-2.22040897018,1.2742912578,-1.07752036542e-16,0.906483962089,-0.282938117403,1.71634754768,-0.393422370389,-0.0586095772352,-0.903703367567,0.0676559861176,-1.08219157378,0.27442090911,0.0330766064365,0.491130510887,0.275081142913,0.0931936980301,0.437411182524,-0.916735315962,-1.06894559541,1.15371252147,0.121198765469,1.93694202377,-7.85691810933,-1.00196935435,0.267750730434,1.93843006238,0.245180169993,-0.340118499624,-0.33448960557,-0.333974450778,-0.697043061327,0.054720559144,0.353617254659,0.198015157501,0.119461766121,-0.260954789592,-0.0030183257728,-0.592719436268,-0.618564288537,0.70145532351,-0.477570459817,1.53345763281,1.14081392709,0.428442548615,1.93339759515,0.491442492316,-0.338862747365,0.703555629455,0.831687784912,0.761021767186,0.596713292486,-0.96451640956,-0.118996340252,-0.725859869566,-0.127976574624,-0.979428375888,1.53439158986,0.151086822822,-0.193823079991,-0.766165395895,0.0661908514563,-0.881637268648,-0.230119350434,-0.475470132605,0.406610610755,-1.21370360197,0.0,7.08344524538e-17,4.73412355483e-16,1.48544128151e-16,-0.517719831919,-7.58165519055e-16,1.18022643622e-16,0.113611914961,0.0,0.0,-0.335878733446,0.957211515843,0.81120533258,0.363575307915,-0.983132003014,-1.02612123606,0.866394610992,-0.483879222641,0.870073752251,-0.193421863978,-0.862647912202,-1.84057015133,1.65051941324,1.21994051642,1.11981524031,1.63500437938,-0.500871124649,2.06552365566,1.60260182418,0.152288967687,0.751899589769,2.11275279832,0.990393584861,4.43300491832,1.44977310599,1.11313742143,-0.0578104733862,1.99380802862,1.45357248943,-0.533114198786,0.598732780459,1.7577109848,1.25693283482,1.38391008857,-0.0591196847813,0.771942940441,1.71965906217,1.30271260777,0.167388549699,1.43428744794,1.02002368014,-0.75739032345,-0.76158379776,-0.755005542937,0.188249306694,-0.317272245156,-0.126081083085,-0.429840405012,0.0917744009512,-0.0143971439297,-0.314027211893,-0.307805982253,-0.323780999606,-0.282642343695,-0.260223916346,-0.799037786017,0.735802284379,0.0866044766026,0.162094065314,-0.467250002827,-0.340602152139,0.38278858192,0.194879774209,-0.579258077282,-0.577871008903,-0.582941901727,-2.11404701919,0.969636570402,0.507549393069,-0.715320686668,-0.123492460347,0.726212500476,1.33745128199,-1.07413500627,-0.243503375193,2.70906923109,-0.223717725072,0.361453675946,-0.0303847842527,0.659402782439,0.0276806779109,0.0160480498803,0.0160480498803,-0.0160480498803,0.531394830119,-2.56589551713,-0.727533570359,-0.733907368227,-0.731145011324,-0.799551464022,-0.934093131027,0.844781988631,-2.69845213326,-2.06519620199,1.24846970195,-0.619725875921,1.46183272019,2.97534316034,0.0635515602195,-1.82056679289,1.18436248844,0.464201491086,0.344745595035,0.336598741518,0.231532524922,0.35003171177,-0.987541759641,0.277112302372,0.408213686977,-1.58124453904,1.24871442508,1.53177985185,0.421340722528,0.445112126519,-1.9082451781,0.139693650341,1.60436393562,2.54480780976,-0.455797465748,1.05600365351,-1.47776435485,-0.446849603947,1.34319612034,-0.616298058449,3569485920.0,01030320,-0.01171181
514,600175.XSHG,600175,2011-05-31,0.11018275148,-0.80514957319,-0.302407287071,0.269443598078,-0.444822507072,-0.15038814907,-0.721687897237,-0.481007665693,0.140004826024,-0.137125769505,5.18598153351e-16,-0.376148296307,-0.461303295507,-0.252160698596,1.10702719457,-0.200975762872,-1.34843810858e-17,-4.27553954574e-18,0.0,0.0,-5.32873475616e-16,0.0,-0.482949832368,-0.739818761177,9.04822249743e-16,-0.311925494288,-2.10123552795e-17,-0.336159577461,-0.126757213553,0.0,0.0,0.0,-5.15806845642e-16,-4.94134011091e-16,-0.252041051504,-0.204580742773,0.739818761177,0.65438883719,-0.386443880388,-0.112255115094,-0.387749804605,-0.164409984741,0.0627860448731,-0.398185312351,-1.6164034375,1.42965667025e-15,8.39592279345e-16,-0.42238077632,-0.664243821715,0.0509369154268,0.104626264723,0.00857802772783,0.336711527408,-0.561033222793,0.0897910413314,-0.808114017454,0.0,-5.05322513305e-16,4.91610654246e-16,5.16289950051e-16,-9.53537788292e-16,-4.30802241569e-17,-5.67830040615e-16,-0.959748289082,-0.143176448039,0.110501547544,-0.188832507439,0.0451257790457,0.252160698596,-0.201812664223,-0.18828027151,-0.541957785643,-0.264679297712,-0.242528592253,-0.241971519679,-0.298684264282,-0.331446068743,-0.534912920057,-0.163728508891,0.102997909951,-0.140002493845,-0.316289813906,-9.76534921653e-16,-0.0845624867181,1.93473812674e-15,-6.41985562896e-15,0.0,0.0715927739929,0.09087272415,-0.40136293034,0.210872160312,3.01824681279e-16,0.0,0.0,1.6164034375,-0.132173540175,0.240501781679,-0.869727938527,-6.48749086713e-16,-0.189961314779,2.31834499844,-0.485189518421,0.0826120774181,2.78048707272e-16,2.46658731939e-16,1.61815948762e-16,5.06388349278e-16,1.10508612369e-16,-1.96447215936e-16,-4.73740376491e-17,-1.21370360197,0.0,0.250203932295,-0.978049440916,-1.28004375804,-1.2604588098,0.928880237754,-0.768510755386,-0.895589419735,-0.317367478238,-0.292836804297,-0.553013093098,-0.452965403521,-0.732659781696,-0.142396777006,-0.337956996174,0.855101030047,0.0,0.0,1.01159177313e-16,8.71282942437e-16,1.64608088436e-16,3.4596398063e-16,-3.57747158683e-16,2.60221400731e-16,0.0,-5.5047068717e-16,0.0,0.0,-7.55186671252e-16,-1.66450182764e-15,0.0,0.0,4.13173427323e-16,1.67501162397e-16,-1.54834147088e-16,5.40868444404e-16,-7.89695984679e-16,9.77385438968e-17,0.0,0.0,0.0,6.74975749197e-16,2.88684216197e-16,2.37222647749e-16,-1.43579595414e-15,2.56397758724e-16,0.0,4.05268769044e-16,0.0,0.0,0.0,1.51700286676e-16,-4.54512706954e-16,-4.54449405673e-16,0.0,-1.70821813165e-16,1.25241449057e-16,3.46580898045e-16,-8.37202011057e-17,3.99706286826e-17,0.0,-2.10506229428e-16,4.49787708605e-16,0.0,2.54861563524e-17,5.53834559025e-17,0.0,-1.26154175173e-17,3.82188689978e-17,-3.73719977538e-16,4.02899807866e-16,-3.10035935786e-16,-5.43647967841e-16,0.0,2.45129502747e-16,-2.46867638851e-16,1.4099784666e-16,-7.9018061644e-16,2.17211174375e-16,1.01444757632e-16,1.4933535187e-16,-2.60585421595e-16,-2.30913086874e-16,-9.69188174161e-16,7.7834676051e-16,1.92536838624e-15,0.0,4.88241268601e-16,0.0,1.77608440929e-16,2.22428712536e-16,-3.89644924163e-16,3.89644924163e-16,7.79289848325e-16,0.0,8.92784478507e-17,0.0,1.87902893141e-16,3.75114916284e-16,3.11063135874e-16,2.41602756678e-16,8.61711151996e-16,-5.34168047426e-17,0.0,2.51858941505e-16,1.80634395077e-16,-3.22992855974e-17,0.0,-6.30623519397e-16,-3.88724672351e-15,1.60022163806e-16,-5.11744314133e-17,0.0,9.88660421731e-16,-3.04762717283e-16,5.07007278832e-16,-8.03741582158e-15,0.0,1.05404714136e-15,-6.38582798517e-15,0.0,-1.60539276305e-15,-3.95188454525e-16,5.8044118069e-16,-2.94841526929e-15,0.0,0.0,-4.82571522924e-16,0.0,0.0,-5.3591157367e-15,2.94303347899e-15,3.83608015783e-16,-0.00677400897323,4952471356.8,01030320,0.04623201
529,600223.XSHG,600223,2011-05-31,0.0770904615035,-0.281812547473,-0.324254458792,-0.139148006034,-0.209358571311,0.664984087898,0.85646718415,-0.481007665693,-0.0791343242569,-0.444678282476,-0.264941911315,-0.644977445928,-0.771434440041,0.982902382809,-0.297802768869,-0.701720443297,-0.689529023065,-0.688003812457,-0.377201115833,0.014163183737,-0.135088474416,0.111017055209,2.38760386039,1.58779752996,0.637345626288,-0.448781694061,0.110574913359,-0.0734599650707,1.72063368845,-0.302748284466,-0.188775858162,-0.282494378028,-0.292205974574,-0.217531828006,-0.450578275882,-0.0356951376202,-1.58779752996,2.80685478939,0.547778921161,-1.84098388753,-0.512613862912,6.86878562625,-0.494091887256,5.08596725259,-0.106906372241,0.575231691444,0.233708464295,-0.531081711403,-0.305091785194,-0.238458494188,0.171334496536,0.532099156878,-0.455620604158,-0.253042948091,0.175181874916,-0.308873596163,-0.330055723039,-0.180532881716,-0.291413995438,-0.314870896773,-0.186127087711,-0.420719520573,0.0448975459116,-0.294246595383,2.35540563716,0.111423227691,0.0293431652762,0.0899821955165,-0.982902382809,-0.159449433945,0.0299914459061,0.033736791391,-0.211946851163,0.0951028499234,0.0958138220746,-0.236546719965,-0.499635895503,-0.403341455282,0.592670156586,0.109574050557,-0.260230730982,-0.301593704315,-1.32541329299,-0.427781849606,0.142062368303,-0.0149711091235,1.12008897856,0.29605680839,-1.37083738955,3.76391764417,-0.823459968711,-0.302798884981,-0.194630316915,-0.445419277352,0.106906372241,-0.0630722858379,-0.0705573562143,-0.240585856169,-0.422586771697,1.59933151771,0.047454924469,-0.0880180635124,0.0909597914333,-0.233894121734,0.570411938955,-0.134362317194,0.0962713107731,-0.0613040742054,0.277603198139,-0.194638779513,-0.248907692898,-1.93509648836,-1.34484613608,1.08919565172,-0.578949280398,-1.2604588098,0.80368285962,0.304181063725,1.18217803405,-0.168890321038,-0.234742821768,0.585283629829,-1.28858165075,-0.968928858764,-0.239488717626,-0.0598238627945,0.228026941346,0.0302568099498,0.262823933285,0.945700104171,0.0816441944185,-0.852510239143,0.555138660407,-0.866741300726,-0.116063107413,-0.167999319024,1.04352220795,0.321010636078,1.00920127768,-0.432449818347,-0.285616958755,-0.29262029178,0.889557769161,0.515194220278,1.5932801546,-0.492471212235,0.561439117133,0.0165717098024,1.26183507016,0.743212211634,-0.0926666323228,0.0944382221616,-0.51789866588,-0.308409391883,0.146326697407,-0.746946834693,0.178882420348,-0.104451711708,-0.102849482538,0.138020990333,1.15306121642,-0.34847760845,-0.551799690184,-0.551465028601,-0.54411495767,-0.436374956276,-0.306007819172,-0.324655717645,-0.0785148465749,-0.138361959681,-0.0506439416196,-0.361276764014,-0.372638755734,-0.38029858396,-0.324854021273,0.207795092906,-0.178746091755,-0.318234922899,-0.456300608666,0.145863990822,-0.263547203936,-0.305135924821,-0.140396681591,-0.434378472497,-0.131996959056,-0.138229937901,-0.136236283458,-0.53142600349,0.756665768924,0.465338675194,-0.596386896137,0.288913136256,0.403793041029,0.0708302484373,-0.962504338361,-0.756085914308,-0.291425405581,0.0888448381866,0.0865982765287,0.230566892271,-0.605043266657,-0.38984033061,-0.273143770492,-0.273143770492,0.273143770492,0.290098005791,-0.392603054178,-0.559888407166,-0.564040675761,-0.564783237067,0.168753258305,-0.850528426903,1.03279471914,-0.48137834904,-0.317472943135,1.21035816829,0.21200163031,0.17911044756,0.617260387045,-0.807925713422,1.06977334515,0.407762292382,-0.107362001519,-0.300471141831,-0.267971443529,-0.934568334369,-0.299612122032,-0.730540909058,-0.282178495701,-0.244351337121,-1.02043989461,-0.828609826799,-1.15732852964,-0.140866555469,-0.253666797224,-0.5233825056,0.538390229731,0.580956957227,0.0481105100302,0.963019477715,-0.582481953308,-0.280652897759,-0.560836106469,-0.0388974132148,0.367312650433,7587337440.0,01030320,0.0817942
530,600225.XSHG,600225,2011-05-31,0.146106548742,-0.0705104974786,-0.212784230354,-0.31097559112,-0.196255265352,0.56208830179,2.00019592482,-0.481007665693,0.272080448542,-0.268536257847,2.56762337707,-0.644977445928,-0.771434440041,0.776979090193,-0.506935415075,-0.636680596491,1.57403161156,0.479268987447,0.650362871296,0.624516794302,-0.903040086006,1.34295306944,2.69220398947,1.58282044594,0.467827408982,-1.0548591502,3.22235275349,-0.0523730494475,7.80834606029,-0.492243815084,-0.360278254725,-0.484386457126,-0.530689680623,-0.449277519811,-1.18669774728,-0.201619637413,-1.58282044594,1.07675191592,0.145708348343,-1.3889981977,0.413592949338,-0.164957333459,-0.411591452867,-0.307678796825,-0.416501260527,0.546257985831,1.73408365493,-0.534187452405,-0.051594634207,-0.260731648841,0.241864760651,-0.266377969763,-1.5640889107,0.519822727835,0.222623708694,0.209777416935,-0.446625333792,-0.348228704417,-0.492751217234,-0.483445230707,-0.461502437159,-0.298896823024,1.11571024489,1.04148580922,0.299422456712,0.111432148691,-0.0591662354197,0.178025736244,-0.776979090193,-0.168184543383,-0.0585569181571,-0.175929752097,-0.306301405247,-0.233707391935,-0.233146298471,-0.38040346768,0.0054043073685,-0.0321340450226,0.180979942606,0.13341818733,-0.205636348517,-0.304244461483,0.873547861644,-0.522430462267,-0.769347337534,-0.771031922914,-2.65244389759,-0.372508111266,-1.30856722776,0.683389691304,-1.72091341479,0.540806644088,-0.745416635645,1.28824338082,0.416501260527,0.305107029776,-0.115454050572,-0.0230633276944,-0.867270446993,0.605279944103,-0.516295823172,-0.259569739468,0.0907162925688,2.51097223764,2.20558633797,1.80120896164,3.18325137865,1.53447806524,1.76676324314,-0.389606722865,-0.820903114089,0.0,-0.467568598476,-0.183217581867,-0.805868409039,-0.403452296861,0.270114397174,-1.08884420031,-1.72669640125,-0.288437146481,-0.293927834342,1.35143618635,0.236030589203,0.158309104347,-0.24997282389,-0.0685257079565,0.228026941346,-1.23213043653,1.13149152949,-0.623865604466,0.0220007694881,-0.792110464918,-0.341070827437,0.312620477708,0.0611331626961,0.305174969824,-2.57109794828,-1.52426710989,-2.83890651574,-1.0913623723,-0.549266311472,-0.442647846477,-1.03814484539,-1.33933844755,-0.577555217521,-1.53117806162,-0.320233796947,0.460627193701,-1.00968390783,-2.71539167397,-0.53843574507,0.285859590809,0.353516553456,0.0545835895918,-0.0861475307666,0.194155249764,-0.634035426509,0.349176983853,0.234806648753,0.131316880822,-1.13250626897,-0.85510918306,-1.20195218644,-1.19432556699,-1.18256833067,-0.106378999276,0.193697071026,0.199380802318,0.388512017053,0.79691356107,0.622154575311,0.247610267105,0.232607149996,0.0297216418063,0.154872621437,-0.353977388728,1.28160246836,-0.900753923888,-0.487636095702,-0.664390770021,0.862238319103,0.26714171166,0.629091972588,-0.108392685416,-0.924808075439,-0.893090573147,-0.91306766312,0.449439299961,-1.41797770598,-1.15381897472,1.23166761026,0.29974113708,0.0287975377223,0.550398621863,2.08511928852,-0.615225125932,-0.552804524936,0.323266760631,0.498881375654,1.01342192184,0.156439930926,0.0372972846331,0.772017929833,0.772017929833,-0.772017929833,-0.0821237889475,0.612582907004,-1.03189194117,-1.01885997453,-1.01522401753,-0.853346170818,0.402942134953,-0.794796228567,0.696442098829,0.461792007255,-2.06904856138,0.274478813877,-0.528072719143,1.02374906878,2.63648277283,-0.565343365285,-1.30744600996,-0.227205959645,-0.48850702926,-0.482277312116,1.29002709023,-0.505285575149,2.50549797012,-0.557636390218,-0.646096415153,2.93682775013,0.121229169111,-0.307453538435,0.490067675698,0.512326521859,1.14779743305,-0.932901286204,-1.58609140614,-0.097935850121,0.704191564537,-0.636591131209,-0.385239248177,-0.644337846689,0.191221160121,1.22126834248,3958858788.24,01030320,0.16297468
574,600675.XSHG,600675,2011-05-31,0.0587374260439,-0.252283927029,-0.210549860519,-0.0873506121143,-0.21529214382,1.17796141211,1.48318459919,0.791897044859,-0.593938203975,-0.351503049216,0.375468215726,1.11994436245,0.345037680283,0.26646092725,-0.551926576884,-0.0757637011071,-0.316414632743,-0.37883426005,-0.271032142993,0.0,-0.11684962364,0.146801239823,0.636599198887,0.987782401452,0.0766315228917,0.274601076168,1.13955711468,0.544169881314,-0.215091104029,-0.530268245172,-0.315001163239,-0.496948755285,-0.546282734336,-0.434423096642,0.446668586812,-0.163049424484,-0.987782401452,-0.328901608028,1.41400449348,1.43940709844,2.18697868883,-0.162617198165,-0.434279072324,-0.334203721991,1.12910534237,1.51977449444,0.257908064144,-0.459649668349,0.455080091731,-0.276914140446,-0.151769320134,0.788520174181,1.10369482478,0.654413652168,0.239040727445,1.37674219641,-0.526117381607,-0.40091278646,-0.495933867475,-0.564331846454,-0.429402152759,-1.42812619675,-0.942348065042,2.73791325323,0.283350429445,0.111563146531,0.295313914367,-0.0238056406748,-0.26646092725,-0.142368809152,0.296079279916,-0.140393049811,-0.214280022356,0.339891158752,0.34071371061,-0.469622029875,-0.283806363184,-0.847606542639,-0.247868420809,0.111705773339,-0.283140284439,-0.290715751914,-0.592719436268,-0.520540190403,-0.516662046241,-1.39554104635,-0.180934470076,0.153654894095,0.766012373081,0.477456185789,0.781303232665,-0.871579941902,-0.516343426632,-1.35011594866,-1.12910534237,0.0637421712267,-0.0516295761307,0.384094225604,-0.0664307925995,1.59060773946,-0.678055217883,0.281844417339,0.0923835436178,-0.590526393244,-0.595538502085,-0.670725442653,-0.34889602762,-0.494490443395,-0.594376447985,-1.33212602126,0.326334013316,3.45881553171,-1.8233611566,0.39670265864,0.240421441179,-1.20332504227,0.337493349769,-0.0121836482536,-1.72669640125,-0.361868784009,-0.22884317782,1.35746769634,-2.38048533472,-1.26772206819,0.546363421477,-0.241128599259,0.855101030047,-1.15678331233,-1.25515075503,-0.647191322649,-0.697644239211,3.00996172977,-0.0169895105532,-1.08843553667,-0.610150061631,-0.747604563188,-0.213691167378,-0.553095522857,0.38368947529,-0.739565392883,-0.514190109233,-0.475875425706,0.153416278932,-0.24118022629,-0.547715637058,-0.634280301019,-0.874010189979,-0.840338603208,-0.682331061816,-0.0823476982357,-1.40859128071,-0.576493674948,-0.891897918737,-0.437381110229,-0.00580717250071,-0.793392696912,-0.519487911724,-0.183226079417,-0.860476834425,-1.71441669645,-0.162920414912,-0.926633640652,-1.27377001949,-1.26833251287,-1.25775515608,-0.0339071637474,-0.151593466643,-0.527709161235,-0.267796143282,-0.969736411119,-0.870827083394,0.0266060761459,0.0636167676777,0.374195407337,-0.0520754804618,0.14062776457,-0.130217357438,-1.06231652125,-0.347720443834,-0.36904364789,-0.306256174761,-0.471652485917,-1.54728611718,-0.0341599860511,-1.20987059193,-1.17819204945,-1.20265901496,-0.736331872108,-0.0924298222347,-1.05567783287,-0.537345457867,0.521748781305,0.530538861049,-1.09687948312,0.271898421263,1.29206434505,0.847102042935,-1.00512413322,0.498881375654,-1.20466732861,-0.46383825915,-0.441128899795,-0.749046814696,-0.749046814696,0.749046814696,-0.0665875749062,-0.260722656071,-1.12077895541,-1.12116899569,-1.1124735076,-0.727825188294,-1.04551273653,-1.76463290913,-0.290463662066,-0.219568687908,0.323811301969,-0.220132222692,-0.21169058413,0.404930537237,0.487681387016,0.0316317934509,-0.086044736512,-1.10252779227,-0.522855106964,-0.48277822182,-0.294969699212,-0.522953056065,0.402434671683,-0.562608127033,-0.544451142475,0.244965456903,-0.824171999568,-0.726208779646,-0.558511968387,-1.6493621165,-1.4398467288,0.299119051579,-0.234868854505,-1.05071448539,4.89219011816,-0.648372646528,-0.62498334375,-1.19969069037,-0.72994417999,-0.190730840427,9349441380.18,01030320,0.02874433
578,600679.XSHG,600679,2011-05-31,0.126486453819,0.152630234467,-0.184730475758,0.396409229942,0.501247171264,-0.890608564495,-0.747709497511,-0.481007665693,0.186773245548,0.646325743621,0.106878993955,-0.644977445928,-0.771434440041,-1.23315638425,1.85929467126,-0.690017413537,-1.04274397924,-1.35681957889,-0.839794497493,0.694958434223,-0.910719602122,2.28337889682,-0.460045615611,-0.879177113604,0.272229465937,-0.634515108038,0.42066254554,-0.39942032433,-0.203133608845,0.446176333313,0.701568467751,0.503530576266,0.413982230846,0.653009694627,-0.680634021044,-0.219580202965,0.879177113604,0.44408826968,-1.13441340188,-1.15135623707,-0.356138650604,-0.163442193597,2.34804807746,-0.617854766607,-1.39560249423,-1.01123965591,2.5084708501,0.236036316179,-0.730427002538,2.68252569783,0.176724993968,-0.425950646878,-0.892224095912,-0.81948082596,0.134440865118,-0.940882465418,0.459808723803,0.812414139721,0.500789162489,0.40825486672,0.714210738529,-0.338706497739,-0.0651613559077,-1.09774960929,-0.340161807881,0.109268101927,-0.281103557665,0.214103745413,1.23315638425,-0.20769758537,-0.280591941045,0.101256525735,-0.145909773642,-0.301410104377,-0.300879871246,-0.335050202575,-0.230537331291,-0.253505571232,0.402964598553,0.059621631084,2.8667749929,-0.276899808596,1.60624171837,0.568121384329,-0.628192105846,-1.0601565171,-0.422428789138,-0.732133284655,-1.03326756509,-0.938654463247,-0.426449852122,0.367139394416,0.805880610687,0.703569924468,1.39560249423,-0.15587717701,-0.494577485646,-1.0169739578,-0.348667606224,-0.465449048803,2.15562275019,-0.546405607918,0.105818951556,-0.510384309759,0.584630846773,-0.619421143696,0.534140823947,-0.443527341138,0.0114795399063,-0.334633475576,-4.32492045348e-15,0.0,7.08344524538e-17,4.73412355483e-16,1.48544128151e-16,-5.07449793557e-17,-7.58165519055e-16,1.18022643622e-16,6.5908150486e-18,0.0,0.0,-1.02497874984,-0.0733023867692,-0.13026381421,-0.0443931749716,-0.84540167472,0.228026941346,0.524533944654,-1.20382039707,-1.1219061341,3.87567232371,-0.726113657303,-0.263789898026,-0.685648044037,0.288019392147,0.22579521565,-0.451684727214,-0.677084380017,-0.00124390689703,-1.29874190892,0.493993021558,0.500371972285,-0.281819772757,-0.636683492058,-0.395321141986,-0.88552036734,-0.539521636541,-0.501769636099,-0.517666995548,-0.272603802777,-0.639462406114,0.527655003838,-0.198717509961,0.410295909547,0.185642191878,0.2934323962,-0.56567642575,0.916212853305,0.380820110933,-0.238730547657,-0.459658408476,-0.404505100231,-0.841885901904,-0.842250187266,-0.842281011267,-0.964669385502,-0.716701986957,-0.823941573938,-0.657177458685,-0.0468446646429,0.0620681194915,-0.8537152418,-0.88158711256,-0.963668154599,-0.771897697616,0.272387878254,0.0854977771562,-0.425237807619,-0.267816123698,-0.175472550654,-0.757022066543,-0.804881968113,0.396890986941,-0.96586375779,-0.547655747806,-0.547332896721,-0.549183566543,-0.613467725669,-1.06217130396,0.382885931673,0.842108905411,-2.89451910602,-2.62742713055,-0.767569453733,0.628914684941,0.456966576802,-0.0102111716324,-1.00512413322,0.498881375654,-1.20466732861,-1.2193490395,-1.23009134296,-0.745537205225,-0.745537205225,0.745537205225,-0.85893449101,-0.555041105505,-0.65381205659,-0.656375972242,-0.656802287301,-0.745756757226,-0.906238229653,-1.06568833728,-0.493695425619,-0.571494794536,-0.565457816759,-0.824078330503,0.0822902410936,0.434010858669,0.481504222049,0.147175372561,-0.428221586073,-0.540644003977,0.457992227464,0.535153782729,0.556547453688,0.449643195447,0.482068738061,0.385365952796,0.384716005728,0.495170605953,-1.02294922773,-0.712059353196,-0.87961038931,-0.597866912397,-0.865054443198,-0.889518414081,-1.13945594874,-0.181390913065,-0.466589566095,1.49626027895,-0.317660375599,-0.403110597165,-0.72994417999,0.341590306403,3476081277.46,01030320,0.07934893
580,600684.XSHG,600684,2011-05-31,0.112237730901,-1.14048544593,-0.236865771909,0.316063868157,-0.763576219914,-0.542950946663,0.420452670644,-0.481007665693,0.273033881988,6.09410716076,-0.495695086194,-0.644977445928,0.0762573550197,0.80891626752,0.0318146835377,5.45863014223,-0.057721988786,0.37200608151,-0.111778683734,0.706347202353,0.656861625037,-0.11852539732,-0.347373739128,-0.187362435483,-0.118966420154,1.6431630739,-0.223132675179,0.0171940647113,-0.0661697643659,1.52498780448,1.05730475462,1.46766597617,1.5422863056,1.21216467614,2.11037517923,0.133386613856,0.187362435483,0.188354724987,0.642383761824,0.167323662121,-0.444649881808,-0.162437187758,-0.480685566668,2.19012198524,0.30687341153,0.231410384833,-0.443880331476,-0.524870229398,-0.447440981088,-0.208983241622,0.126981298619,-0.774555572267,-0.433410197057,2.51721810184,0.164683917347,2.15471871605,1.5142159644,0.987278638812,1.53844384208,1.4968672249,1.05271306867,0.207266881495,-1.15866191593,0.443909998985,0.225655972587,0.116898373994,0.0997081388294,0.140632390803,-0.80891626752,0.0799048676198,0.100387395336,-0.289647199412,-0.0489720657362,0.177140012882,0.177888379313,0.0470599837428,-0.120214142009,0.501931103769,-0.12475825956,0.137302931685,-0.265643008555,-0.29376863633,0.873547861644,2.77987448562,-0.0339460070117,1.03599679073,0.484806625717,1.15288188593,0.254741570978,0.652033560834,0.00214765283808,0.0865379077983,1.75586068336,1.17152583846,-0.30687341153,-0.212199079314,1.50991228076,-0.0453733306149,0.207040902589,0.10526970685,0.776335054211,0.0642890334092,0.124654304902,-0.245915434257,-0.353817069186,0.0428707155668,-0.275917775424,-0.252415707671,-0.147062213935,-0.0384932084882,-1.21370360197,0.0,7.08344524538e-17,4.73412355483e-16,1.48544128151e-16,0.453554216078,-7.58165519055e-16,1.18022643622e-16,0.0542471305668,0.0,0.0,-0.456207357753,0.24199076215,-0.0136322596266,0.0522429349413,0.5490445691,2.10924920745,2.02071255362,-0.408419209234,0.0842886209793,-0.403743415048,-0.654593949192,-1.73960635645,1.27995492002,0.915706708749,0.67147484104,0.978321888953,0.559441702188,1.39033792662,2.06024257556,1.6357031021,1.44427589515,0.861201280208,0.540531189127,2.08865537967,1.72510635716,-0.0105985757876,-0.315721561603,-0.0186072789467,0.670157789875,0.909796881758,0.611880406042,1.38011461098,1.47639277491,0.459995968509,1.02836213686,-0.00771917631667,0.484305993358,1.0685435178,1.0520559372,-0.249443814936,1.03432857166,-0.546471378918,-0.546989747947,-0.545497698322,-0.272972465292,-0.461562918714,-0.40639530439,-0.390394505682,0.048591196487,-0.0092151518766,-0.694570964327,-0.700880690729,-0.745543748452,-0.673833835753,-0.141840439228,-1.36060862052,0.335070601826,-0.463067250111,-0.419387322981,-0.660261076248,-0.58878374902,0.24134564839,-0.271610158949,-0.465419854173,-0.464399348541,-0.465756313095,-0.0740053024747,0.215609021691,0.270988400016,-0.877605404113,-0.313285120754,-0.0555040802233,-0.178365396108,-1.70733623621,0.022455026003,1.09394354073,1.7297982953,-2.38710031823,0.621994407055,1.6904979581,1.02860916091,-0.193826596457,-0.193826596457,0.193826596457,-0.972543056186,-0.540727257417,-0.517728924753,-0.520639172557,-0.520011041586,0.0432322757812,0.737200951448,-0.0561583285214,-0.447506388448,-1.0041257602,0.24758823465,-1.12995620838,1.83005788643,-0.0659431139278,-0.157512843519,-0.62486581513,-0.000572591697572,1.12242138418,1.5179648366,1.41912026963,0.697643461615,1.52510471549,-1.11423231979,1.52930932544,1.60199676834,-0.957169627037,0.760510239116,0.685214866194,0.500501580703,0.960448359238,0.555245177898,0.0108757969194,0.720994677837,0.0550650986089,-0.408896208742,0.512455468769,0.205271376489,0.849415506133,0.652149353561,-0.320159588743,2616681024.13,01030320,0.01644031
583,600687.XSHG,600687,2011-05-31,0.111378075579,-0.964002577567,-0.25623031048,-0.164645267229,-0.206869767286,-1.23912424309,-0.72681891701,-0.481007665693,0.726015129889,-0.664623803218,5.18598153351e-16,-0.644977445928,-0.771434440041,0.55484887177,0.041727990377,-0.617210069103,-1.34843810858e-17,-4.27553954574e-18,0.0,0.0,-5.32873475616e-16,0.0,0.018088019749,0.445833253124,9.04822249743e-16,0.72427144685,-2.10123552795e-17,-0.295168190081,-0.363844028267,0.0,0.0,0.0,-5.15806845642e-16,-4.94134011091e-16,0.952437747432,-0.198482302126,-0.445833253124,0.562012645357,-0.732342829062,-1.06282295762,-1.05790626944,-0.166016697842,-0.252778116667,-0.377637163324,-0.507663044076,1.42965667025e-15,8.39592279345e-16,-0.515553006391,-0.570077121051,-0.143808701259,-0.0489335207327,-1.23694809126,-0.888119998948,-0.814526558807,0.0761213604123,-1.04647608485,0.0,-5.05322513305e-16,4.91610654246e-16,5.16289950051e-16,-9.53537788292e-16,-4.30802241569e-17,-5.67830040615e-16,-1.10935719697,0.0888376891819,0.173319003056,-0.106740038294,0.249647821043,-0.55484887177,2.79982519998,-0.106151663841,-0.451339194813,1.30414223498,-0.0866138766302,-0.0859857348198,0.205141705684,0.474334284045,0.937233096483,0.745442666245,0.118358722992,0.0766750723201,-0.239411701038,-9.76534921653e-16,0.212615254319,1.93473812674e-15,-6.41985562896e-15,0.0,0.0643519986897,-0.879230849071,-0.0327165315779,-0.326113442002,3.01824681279e-16,0.0,0.0,0.507663044076,-0.020972565634,-0.966522754249,-0.185926349014,-6.48749086713e-16,0.419325723637,0.660792629417,-0.297142489009,0.866727121042,2.78048707272e-16,2.46658731939e-16,1.61815948762e-16,5.06388349278e-16,1.10508612369e-16,-1.96447215936e-16,-4.73740376491e-17,-4.32492045348e-15,0.0,7.08344524538e-17,4.73412355483e-16,1.48544128151e-16,-5.07449793557e-17,-7.58165519055e-16,1.18022643622e-16,6.5908150486e-18,0.0,0.0,-0.949132511714,1.10681185682,2.32561196142,0.382720197615,-0.744043103732,0.228026941346,0.0,0.0,1.01159177313e-16,8.71282942437e-16,1.64608088436e-16,3.4596398063e-16,-3.57747158683e-16,2.60221400731e-16,0.0,-5.5047068717e-16,0.0,0.0,-7.55186671252e-16,-1.66450182764e-15,0.0,0.0,4.13173427323e-16,1.67501162397e-16,-1.54834147088e-16,5.40868444404e-16,-7.89695984679e-16,9.77385438968e-17,0.0,0.0,0.0,6.74975749197e-16,2.88684216197e-16,2.37222647749e-16,-1.43579595414e-15,2.56397758724e-16,0.0,4.05268769044e-16,0.0,0.0,0.0,1.51700286676e-16,-4.54512706954e-16,-4.54449405673e-16,0.0,-1.70821813165e-16,1.25241449057e-16,3.46580898045e-16,-8.37202011057e-17,3.99706286826e-17,0.0,-2.10506229428e-16,4.49787708605e-16,0.0,2.54861563524e-17,5.53834559025e-17,0.0,-1.26154175173e-17,3.82188689978e-17,-3.73719977538e-16,4.02899807866e-16,-3.10035935786e-16,-5.43647967841e-16,0.0,2.45129502747e-16,-2.46867638851e-16,1.4099784666e-16,-7.9018061644e-16,2.17211174375e-16,1.01444757632e-16,1.4933535187e-16,-2.60585421595e-16,-2.30913086874e-16,-9.69188174161e-16,7.7834676051e-16,1.92536838624e-15,0.0,4.88241268601e-16,0.0,1.77608440929e-16,2.22428712536e-16,-3.89644924163e-16,3.89644924163e-16,7.79289848325e-16,0.0,8.92784478507e-17,0.0,1.87902893141e-16,3.75114916284e-16,3.11063135874e-16,2.41602756678e-16,8.61711151996e-16,-5.34168047426e-17,0.0,2.51858941505e-16,1.80634395077e-16,-3.22992855974e-17,0.0,-6.30623519397e-16,-3.88724672351e-15,1.60022163806e-16,-5.11744314133e-17,0.0,9.88660421731e-16,-3.04762717283e-16,5.07007278832e-16,-8.03741582158e-15,0.0,1.05404714136e-15,-6.38582798517e-15,0.0,-1.60539276305e-15,-3.95188454525e-16,5.8044118069e-16,-2.94841526929e-15,0.0,0.0,-4.82571522924e-16,0.0,0.0,-5.3591157367e-15,2.94303347899e-15,3.83608015783e-16,-0.493098900059,1795473166.45,01030320,0.0
586,600773.XSHG,600773,2011-05-31,0.163753970875,-0.114553117717,-0.267898686285,-0.356870045847,-0.193821401813,0.481859620752,4.94479043842,-0.481007665693,-1.2472910175,-1.34487724923,3.44439201927,-0.644977445928,-0.771434440041,0.79652273602,-0.681371487343,0.094603413536,-0.241791754678,-0.454549252477,-0.714666779503,1.59678014769,-0.687053695246,3.04401101613,2.41115692182,1.5568290072,2.50204601665,-0.0968657517873,1.15833195178,-0.0322715037132,0.124560704583,3.59596631512,3.26994660856,3.52505705662,3.62655781863,3.43061992367,-0.0328842340891,0.0325720309426,-1.5568290072,-0.135213652673,-0.951116523096,-0.797223119268,0.26027885243,-0.165678420445,-0.497185653546,1.17327387196,0.194401081177,2.10053632695,3.08926124647,-0.534187452405,0.737587699662,-0.281115364228,-0.18379068126,1.1196948533,0.108813437159,2.45611547361,0.240380892241,2.03126735216,3.64682188181,3.23980761742,3.45069080802,3.58038786324,3.47714341132,0.192111800332,0.600466443274,0.222935922395,0.0937829283411,0.11066869891,-0.00805205651785,-0.153175037342,-0.79652273602,-0.189202118908,-0.00742023791062,-0.273655683383,-0.258304740703,-0.0211164642681,-0.0204584673469,-0.22136944621,-0.138198324305,-0.945862353738,1.9448974156,0.108385955901,0.366366926702,-0.0210176234746,0.140854004919,-0.608977909794,0.42611548886,2.20261452827,0.341215408977,-0.55835467738,-0.426952831826,0.0723688786438,0.288292229849,0.494887874668,3.418746901,3.25696974056,-0.194401081177,0.216424510228,0.126783678937,0.36289972283,-0.861134864088,0.321986724282,-0.92647143119,-0.161330745545,0.0847548674261,0.888095047063,1.92120818162,0.924371852191,4.21224473461,0.260400508796,2.03854910687,0.181698475846,0.745104781385,0.0,7.08344524538e-17,-1.42492915566,1.48544128151e-16,0.453554216078,-1.57870943047,1.18022643622e-16,6.5908150486e-18,0.0384935343978,-0.245976390381,-0.725815854321,-0.831436385684,-1.34227007215,-0.543527799286,0.376441677798,-0.399047147355,1.75764345144,-0.096488572416,0.924378939894,-1.03156894063,-0.0473899593378,-0.761130072782,1.02345984471,3.89851058891,3.87282928452,0.762485281628,1.28604509212,1.37202659857,0.574603577223,3.37152221452,3.47327025454,0.777356771969,1.59117005542,1.5780279753,1.0595938215,0.827944482032,0.53783973788,0.479764663795,0.195998637464,2.02336490749,3.48456103495,4.07724604217,4.32313142906,2.59072483188,0.947776494689,0.480031531797,1.9447286842,4.05762160545,1.86292957864,-0.793362744076,1.2369812015,-0.24202878103,-0.244470301844,-0.244962423769,1.46565545738,0.647246784131,0.884899451052,-0.203356947529,0.034439604054,-0.0424101863057,-0.213955876634,-0.20955365585,-0.208962426283,-0.2433630158,-0.192039696531,0.76299507484,0.966740378432,-0.391562286437,-0.240789806102,-0.0886185717393,-0.262205152692,-0.125456509935,1.46435610243,-0.432166515399,-0.434168061046,-0.434892656947,1.20779341941,-2.59189714053,0.308369096582,0.103292838247,-0.299228896082,-2.0512421975,1.12578447552,-1.15511634491,-1.24341889147,-1.22581646641,1.96422021774,-2.38710031823,1.01342192184,0.479377062898,0.205587902271,1.66275681345,1.66275681345,-1.66275681345,-1.14991483316,1.65492054131,0.00438946024636,0.000178865883355,0.00183718704445,0.186684827237,0.960040162445,0.914236217337,1.96510098647,-0.955173632589,-1.27415085934,-2.29619696829,4.0121782008,-0.128186379592,0.333891279903,0.626856291897,-1.10623333853,3.42397850618,3.57964301878,3.50073403175,3.02051198123,3.55983338593,-1.49068426994,3.6463813987,3.66305790311,-0.747227375536,0.80158803489,0.841767961389,0.409827831611,1.7549269234,0.205689141667,-1.23205679704,1.230930014,1.17475385977,0.280139166561,-0.283837934684,0.29376751915,0.94086979304,-0.72994417999,0.65921860498,12245245307.5,01030320,0.10954396
590,600777.XSHG,600777,2011-05-31,0.143828776788,-0.0607543982788,0.00990796320803,-0.128512073786,-0.21047386318,0.00585041427113,-0.590724725907,-0.481007665693,0.326325793505,-0.553444590624,-0.537268026607,-0.644977445928,-0.606031162956,0.306501567481,-0.580713294821,-0.373517776851,-0.366163218119,-0.43562050437,-0.324116629413,1.27198935285,1.17522896286,0.000609753897545,-0.0522791844236,-0.12210733395,-0.810079152247,-0.996206493152,-1.09888798013,-0.818202527128,-0.470872030931,-0.897638356989,-0.805479092216,-0.88993325404,-0.888313608993,-0.849818417219,-1.07122802627,-0.214510977279,0.12210733395,-0.791411832804,-2.24010747713,-1.67323662121,0.326662275833,-0.165892091335,0.431975488766,-0.643445935157,-1.64067378247,0.626096641298,-0.443880331476,0.847867293643,-0.0986312117181,-0.257930832987,0.15959744287,-0.432210805749,-0.0969949547242,-0.686541324011,0.0865523097411,-0.842276659035,-0.906274757978,-0.804833564497,-0.890554822196,-0.903049999499,-0.83052150924,-0.842866986217,-0.190699788138,-0.812718845125,-0.696219027346,-8.71457787688,-0.770339270011,0.119922968621,-0.306501567481,-1.93622400645,-0.770043023405,0.248733840222,-0.670414990616,-0.867731164801,-0.867459072829,-0.249164688735,-0.129751110677,0.00929912833202,-0.126496905204,0.138750981489,-0.555750772857,-0.229210799616,0.140854004919,-0.455865888741,0.264048370996,-0.331562539755,0.824204047101,-1.50206905855,-1.44621705909,-1.74289683664,-0.625264590695,-0.534729024696,-1.13113549494,-0.151725368453,1.64067378247,0.244198989041,-1.06744567765,-0.706864917207,-0.614542865435,-0.524678911618,-0.768563450639,-0.950725049325,-8.61572884404,-0.594533497419,-0.531553416906,-0.670725442653,0.402779969995,-0.510416412851,-0.515105571065,-0.574493703973,-1.21370360197,0.0,7.08344524538e-17,-1.90933312126,1.48544128151e-16,0.110751610903,-0.92176464266,1.18022643622e-16,0.41043583693,0.0132691542294,-0.241140837465,0.142721584288,0.214573966592,0.469727378955,-0.5763476102,-0.838524935659,-1.65319532476,-1.17314440216,-0.994550476165,-0.43416191206,0.532501399978,0.305111944854,0.666074188109,-0.800684151934,-0.919540374519,-0.941397594328,0.836238494181,0.320940094342,0.922430103272,-0.246312725715,-0.861204006719,-0.903388876707,0.755151139076,0.316817485747,1.06625960419,-0.469924096639,0.1673634626,-0.130999755739,0.485707029938,0.808135856027,-0.227180433061,-0.849218751226,-0.89823087818,-0.725487287503,-0.963908679055,0.57057183511,0.308210259621,-0.909380937465,-0.861663193805,-0.456897265073,0.776447720859,-0.715636490756,1.57095576101,1.56561548342,1.56788199214,-0.803053476548,-0.645093366238,-0.752308831338,-0.594874692251,-0.379789914349,-0.275987388184,-0.550622840162,-0.554788268718,-0.495654485863,-0.514012605967,0.221024443169,-0.359342198829,-0.662760694578,-0.314534215026,-0.385209176451,-0.567484027292,-0.648817693443,-0.180609480067,-0.803139793601,1.08666984422,1.07020135033,1.07791811523,-0.405926615975,0.82208574916,0.463773503731,0.0391316389469,0.492762021335,0.547281827398,-0.335383350749,-0.0932064282019,0.610556211596,0.236291611778,-0.926983492405,0.361453675946,-1.20466732861,-0.201051900769,0.0252765262304,-0.158730501752,-0.158730501752,0.158730501752,0.680283548014,-0.0273586833226,0.896477489677,0.891432912472,0.889709299188,0.150821689373,-0.599834314532,0.466985911689,-0.11186605167,0.32287380727,0.907280733951,0.537403628053,0.0935490812085,-0.582194113609,-0.706677009478,0.593593746396,0.511251331129,-0.113538574745,-0.897339841929,-0.882893762469,-1.03888055813,-0.896424764922,-0.723301448478,-0.87893488192,-0.855528399928,-0.819125406872,-0.855416750739,-0.729411464195,-0.603640276068,-0.651782202777,-0.966717820307,0.978606613117,0.699776841381,-0.654302936411,-0.307901726242,-0.32505251501,0.251932978983,-0.0187375072639,-0.576531797766,-0.302877870431,3458590732.87,01030320,0.01808318
604,600064.XSHG,600064,2011-05-31,0.132360495724,0.0296617328938,-0.247044567825,0.258682145034,-0.413770144271,0.858834314542,-0.200034220389,1.21182437205,-0.0686967370669,-0.698775681545,-0.790442562607,0.219951122417,1.33745734279,-1.15927186954,-0.265203240609,-0.740143664897,-0.381087793732,-0.568121741116,-0.195197162394,0.927373665336,1.70031587729,-0.838136622071,-0.210629725487,0.0847181573506,-0.431923129026,0.460334490145,-0.193456319756,0.0355219446455,-0.134756946246,1.42566856275,1.58772631149,1.40818391407,1.47279994147,1.51743141745,0.637252539591,-0.132402919472,-0.0847181573506,-0.56777083432,0.246225991547,0.199941186129,0.845085201461,-0.0374223642562,-0.420872751736,-0.314407714835,-0.167878214485,1.56548856329,-0.80687432921,-0.500024301379,-0.305091785194,-0.238458494188,-0.134487566004,0.435005320264,0.756053670165,-0.627090118171,0.445582458587,0.193472519817,1.39236560983,1.66975369944,1.33298301258,1.50224416487,1.5426450013,-0.480626836126,0.728729976109,0.699276927963,-0.71187895135,0.112238794892,0.00765836210567,0.0323998631116,1.15927186954,-0.132239362997,0.00829709671059,0.213197137936,-0.188476259993,0.0168146970999,0.0174899838495,-0.321479934276,-0.443755320465,-0.426171979375,-0.396109914547,0.108922894616,-0.229676789503,-0.294964759727,0.873547861644,-0.706056871995,0.97505250098,0.411487667297,1.20711395841,-0.27355084879,-0.423675454889,-0.502211025633,-0.172512024039,0.96729473727,0.124977340514,0.456834468656,0.167878214485,-0.314897662382,0.308603934419,-0.365521872524,1.0122631162,-0.62982339677,-0.522554371181,-0.233360455641,0.0963883837665,-0.47432037219,-0.296941437916,-0.614757116518,-0.494852532011,-0.297008422147,-0.469807927111,-0.416123920643,2.5896439319,0.133545560552,1.80537774897,0.0112262634793,0.686767085722,2.16756724196,0.227774920205,0.745844344427,1.77582587799,-0.23383413396,-0.270760282765,0.571260369101,-0.758722275725,-0.516230092779,0.327564682052,0.514237188452,2.10924920745,0.628297698542,-0.273293138713,0.225518555287,-0.579926953164,-0.0904982363698,1.22573769304,-0.00767613643498,0.519593353612,0.595642785377,1.00856690385,1.0676478789,0.156399621449,-0.164715665998,1.62033578999,1.09171482538,-0.05383412283,0.0807631128755,-0.194996614525,-0.184022225521,0.477409734278,0.821290758904,0.0577576281854,0.959474546292,0.31505204586,0.15272099151,0.0466973343684,-0.00470179706742,-0.557933464413,0.982431553947,1.06200680852,0.305558840049,0.324969961649,0.321394296277,1.23565631307,-0.445035626199,-0.0743950418098,-0.0768501901552,-0.0794031154588,-0.265886802101,0.112107815482,-0.358998541386,0.371523014039,-0.0551546728022,0.100829000527,-0.453137318143,-0.480340835708,-0.548628054104,-0.387983619955,0.391484959648,0.535952931459,0.224069807128,-0.259785353184,-0.42981364246,-0.270926247435,-0.551563505707,0.260335025449,-0.267160361925,-0.403244137132,-0.396761862631,-0.400800240993,0.593544124473,0.270671826904,-0.0834740246005,0.324915957234,0.294091745346,0.0809041526195,1.76751850704,-0.308924782679,-1.96638888696,0.0270203139568,-1.00512413322,0.498881375654,-1.20466732861,-0.897691711219,-0.44914273873,1.46832444879,1.46832444879,-1.46832444879,0.566513147274,0.451913982969,-0.221267680223,-0.224280845846,-0.226318479038,1.10119484277,0.152248022582,0.034106701033,0.39929262636,0.562342323434,0.440868155353,0.541308452026,0.2793053968,-1.71214363427,-0.924688331681,-0.635369776867,0.768388441329,-0.141102685114,1.41534570346,1.42098476687,-0.187363405229,1.42352383572,-0.954964187032,1.53487293568,1.51643197955,-0.985928839572,0.0384941045831,0.881544512708,-0.80853080191,0.624176242446,-0.10403144884,0.142887481417,0.376204835427,-0.619529993518,0.393808767685,-0.573193472849,0.890714226918,0.57505264541,1.34319612034,-0.204660607861,7010251738.56,01030320,0.02742011
606,600067.XSHG,600067,2011-05-31,0.11128099405,-0.948102859249,-0.328226671832,0.148597457628,-0.279468125752,0.546071167607,-0.697987472575,-0.481007665693,0.241871662541,-0.691165752135,-0.720375809102,0.0329395400721,0.117608174291,0.639220220827,0.847565452102,-0.653976224543,-0.520383832786,-0.49240674869,-0.434077351283,0.473088358786,0.617504104943,-0.290900432964,0.191297103694,0.620031193658,-0.314564363199,2.42519850117,0.473958857321,-0.250826545079,-0.131809676307,0.0440857868313,0.0950446937833,0.0455802505066,0.0419267425221,0.0543541870833,2.97109590569,-0.209905662794,-0.620031193658,3.45600519467,1.86929028918,1.1691476138,-0.400394266206,-0.1621620499,-0.0888085033177,-0.258450194098,-1.01911616736,1.37168666575,-0.0566867338928,0.0869607480659,-0.62692111015,-0.0653191712377,0.0805573742676,0.305996948228,0.615186577305,-0.822783670729,0.0786453374448,-1.04181754282,0.0422086266764,0.0878942231192,0.0460022805954,0.045006241634,0.0306035113915,-0.393188638614,0.358947409671,-0.928364811278,0.71894357872,0.113120565302,-0.134620499513,0.140918855145,-0.639220220827,-0.0610871804877,-0.134044398521,-0.488652732214,-0.156047957993,-0.13402782834,-0.133421298815,0.0389059190192,-0.139894215285,0.0285782375664,-0.162358666869,0.126940413027,-0.299693136049,-0.338472465992,-1.32541329299,-0.422921150525,-0.298829898574,0.0139413502949,-0.0329920043443,0.592928595818,0.202303539993,1.59187001193,1.08726734748,-0.57115819829,-0.0678820891335,-0.225013127605,1.01911616736,-0.296656167948,1.26335901739,-0.550694896764,0.704899629727,-0.979692818981,2.6221252903,-0.371921424682,0.10238418522,-0.546448247327,-0.225846898828,-0.512148518604,-0.115365620594,-0.465823698375,-0.198022063383,-0.570525325184,1.06324071372,0.466157407628,0.728718952809,1.7612208716,-0.20538901674,-1.2604588098,4.36201997778,3.75471087932,1.83519066238,-0.241335697256,-0.305376915063,0.550150084135,0.392783137721,0.0212369680323,-0.199831446105,1.15628344198,0.228026941346,-0.510089709261,-0.326817101712,-0.387692707869,-0.741199635049,1.04640380415,-0.0656017080857,-0.372118259771,-0.350449708086,-0.442059028965,0.0162143300718,-0.0733882073025,-0.105970465618,-0.00292448316013,0.119836452881,-0.0126048754014,-0.746070402872,-0.69992488031,-0.647717599677,-0.121254428944,-0.55383989627,-0.637174994977,-0.424586432542,0.0871320229361,-0.0644872525227,-0.177128251096,-0.373557854259,-0.487305646364,-0.134864556524,-0.710604488293,-0.288545341594,-0.348189899284,-0.407926360081,-0.149802665413,-0.116687305935,-0.321059899707,0.393496499255,0.395304187286,0.405200713412,-0.0938319762491,-0.3539047691,-0.267345998332,-0.44352477135,-0.658386716044,-0.597753831939,-0.314678244283,-0.294072194078,-0.103968322724,-0.327225212656,0.0788477667064,-0.501592343592,-0.913688338524,-0.322648787355,-0.0594749055049,-0.520020789283,-0.325138013381,-0.215935306507,-0.0937994334334,0.369226300882,0.37249549141,0.369773611507,-0.0575985455336,-0.0759191359264,-0.269888391348,-0.519616179431,0.376680472128,0.379930402075,-0.714493511287,0.252815906061,-0.0945583452882,-0.893280228305,-1.00512413322,0.498881375654,-1.20466732861,-0.00865474552489,-0.0292175785286,-0.775719846672,-0.775719846672,0.775719846672,-0.295908567577,-0.0513223166372,0.369963134785,0.368907850492,0.369007992642,-0.0284939999467,-0.0427362870405,-0.846192600359,-0.027186150189,-0.0991729145879,-0.0282666756498,-0.200608102828,-0.539011540547,-0.285768926912,-0.633438553574,0.0561410375046,-0.24805264675,-0.660487962104,0.0445683351027,0.0457928297232,-0.400928958084,0.046316583459,0.0802786758816,0.0396230884172,0.0376208378746,0.00626399286709,0.0779306601157,0.544409715486,-0.415629761789,-0.278574027583,-0.821733395973,-0.0341039907422,-0.247953186986,-0.403937747581,-0.172224867453,-0.494767175006,-0.106878653988,-0.48926318628,-0.72994417999,0.38963318246,6310611767.46,01030320,0.08391608
611,600082.XSHG,600082,2011-05-31,0.150146488495,-0.0846119856899,-0.272367425955,0.371894210649,1.66195834109,-0.329579837734,-0.660726495657,-0.481007665693,0.360498855411,0.623495955392,0.0190619962277,-0.644977445928,0.0349065357485,0.197819829712,-0.259102744092,0.615957854334,-0.749227325517,-0.864672128118,-0.593330810543,0.21789559141,-0.386592627211,0.706474615047,-0.55312238314,-1.02848963406,0.493907134722,-0.311925494288,-0.160146124893,-0.12607871714,-0.241363910348,-0.873257149382,-0.818239260494,-0.852889862587,-0.893220920124,-0.808148143984,-0.262056282407,-0.153110338247,1.02848963406,-0.598101436816,-0.590435568067,-0.0563393596507,-0.316624708102,-0.369575017009,-0.337341061916,-0.430384322415,-1.019708127,-0.740818403524,0.790299260821,-0.524870229398,-0.434322007903,-0.212851034946,0.149239404895,-0.442030662802,-0.140329390317,-0.245611547361,0.0896570248518,-0.509190903617,-0.860124427745,-0.793966761398,-0.843839051695,-0.8839545965,-0.741198978737,-0.262501831343,1.02471905581,-0.789503669763,-0.364475900414,0.111449521164,-0.0881530641476,0.181875757011,-0.197819829712,-0.15844469131,-0.0875565073878,-0.463777040614,-0.179185238992,-0.0956556069563,-0.0950315865584,-0.531640536751,6.22602269849,0.295441696969,-0.266747653811,0.128220805347,-0.0651913779051,-0.257790557622,0.140854004919,0.167248729563,-1.24509274804,-0.81295498907,-0.659571859208,-0.275964440557,0.271128455661,-0.675940937693,0.00276701339438,-0.376328385319,-0.318852001949,-0.730427229611,1.019708127,-0.0165410161389,-0.813964846775,-0.635472907862,-0.00653581662339,-0.384639313489,-0.15570717246,-0.321885519195,0.0899600137424,-0.410206705402,0.342909413874,-0.414203947868,-0.137259096253,-0.344786330513,0.0284661563892,-0.313522127129,-1.21370360197,0.0,-1.90311366002,-1.44880822439,0.824310048129,-0.517719831919,-0.885798850396,-0.830876558823,-1.63764922466,-0.333655733204,-0.306279372014,-0.265913217558,0.414835777626,0.44147128068,0.171214749504,-0.705064051995,-0.399047147355,-0.303853866471,-0.339540010949,-1.45684886862,-0.0537306845353,-0.0946682115771,0.137572348268,-0.594134725711,-0.73531250639,-0.692171773961,-1.17725519726,-1.16292882656,-1.10494635185,-1.38320152613,-0.86373399103,-0.818465765864,-0.743537952955,-1.10322447197,-0.604884199691,-0.469645172236,-0.637016729901,-0.554464733902,-0.485061012432,-0.776037839522,-0.853192799969,-0.488842837725,-0.649218912887,-0.48210517385,-0.671606524513,0.342303102215,-1.29175986624,-0.541505512623,-0.732897571845,-0.752616991878,-0.997634519687,-0.0468828122709,0.474612932383,0.471855773114,0.473292100081,-0.465682181341,-0.438531609156,-0.47106747365,-0.462259988282,-0.404804846151,-0.311666841355,-0.237958131432,-0.235151814186,-0.141624749126,-0.248854689031,0.19094490155,0.562391972063,0.0596851556584,0.0120102087426,-0.261530565446,-0.475048782656,-0.31429512149,0.21774855484,-0.467541804528,0.240427547582,0.245510068746,0.240672620191,-0.517979924023,-0.073205659865,-0.307452506445,-0.0705563143196,0.41952169278,0.40700080561,0.44749654976,1.87036938192,-0.634679886034,-0.398730123873,0.0888448381866,0.498881375654,0.621994407055,-0.206171115542,-0.149425162556,0.0693941138324,0.0693941138324,-0.0693941138324,-0.259171894792,-0.0419941909175,0.284203996743,0.284421424442,0.286238228908,-0.835414601886,-0.516269610408,-1.24100356867,-0.0256465156166,0.12574226634,-0.0355260153945,-0.0222878080646,-0.586607050697,0.447463435441,0.422395143484,0.96648438807,0.00303078708887,-0.339582717304,-0.868319683869,-0.842264419769,-0.40587006342,-0.87213554641,1.38338158025,-0.910866453491,-0.924894029677,1.2889248719,-0.0227212770451,0.039921941483,-0.0744199333504,-0.280505992155,0.526198498724,0.209691781435,-0.490897414407,-1.20371543412,-0.397307765863,-0.17228124269,-0.612111177544,-0.901470189588,0.652149353561,0.00215649702868,3430875036.06,01030320,0.04708098
624,600173.XSHG,600173,2011-05-31,0.126291569427,0.159118280733,-0.276587902311,0.18452627911,-0.3045594458,-0.14953008831,-0.476376285267,-0.481007665693,0.335207778758,0.577279554831,1.67403871403,0.827738765038,0.779221282631,0.868977227866,0.282888243294,0.374336894783,-0.157219159539,-0.271571354113,-0.176238417244,1.11085937411,1.31346025295,-0.328430187559,-0.332288100613,-0.391975889444,-0.966557506683,-0.0479885375827,-0.493248073524,0.0485288271795,-0.107852582083,-0.847537253974,-0.749219653652,-0.842062224753,-0.851203883395,-0.803919918662,0.0325093323975,-0.00921156169427,0.391975889444,0.471020837871,1.45835051254,1.19244584524,-0.487324939711,-0.165055178837,-0.461091713501,2.05897045678,0.553128619039,0.514064979594,-0.516479131023,0.251565021191,-0.557326496121,-0.154678534219,0.146657605552,-0.248333982427,0.0839474379048,-0.375248204541,0.0945709624371,-0.337601272038,-0.840377816574,-0.71966286167,-0.845637940962,-0.847275146599,-0.799575332056,-0.406869197558,1.45834569476,-0.660100562655,0.2928288045,0.117243945358,0.0629767375406,0.147416046404,-0.868977227866,0.0523052025889,0.0636398242501,-0.367827944441,-0.0324037726801,0.213086404179,0.213851155738,0.289717807671,-0.1073821152,0.475380049823,-0.135787244048,0.120446063188,-0.277701974659,-0.315774844827,0.873547861644,0.616323316882,-0.229123611321,-0.399506819388,-0.150475727131,1.39182747093,1.00526088945,0.786780175554,0.748477123181,0.0655537523002,-1.21240595328,0.968763038142,-0.553128619039,-0.257596696817,2.71966241702,-0.239470356023,-0.66596489359,-0.739100197933,1.38822847885,0.189287156274,0.130532653961,-0.566483768199,-0.780384303713,-0.712701687254,0.942819036242,-0.497675637286,-0.803878051275,-0.309625755214,2.37279209231,-0.0641548485526,0.329956435714,1.19494581322,0.650909581904,2.16756724196,0.00333016595036,0.351238897228,1.83519066238,-0.222058771654,-0.336168207448,0.290644366801,1.06270657701,0.40479847228,0.0604478876697,1.49213555581,0.855101030047,-1.27303316109,-0.499673178936,-1.34787402899,0.485022094605,-0.813034473847,0.393098001965,-0.375018329718,-0.950010632607,-0.889955965925,-0.305293896919,-0.238220729338,-0.341961166482,-0.457362571209,-0.807418414328,-0.865961802987,-0.705564235671,-1.21634170303,-0.518062288769,-1.94098556141,-0.501156921477,-0.302184730377,-0.70471947648,-0.232726221325,-0.458557405265,-1.01771992968,-0.86139838606,-0.832617021291,-0.864765258216,-0.086732593514,-0.214643719153,-0.806616590663,-0.857100273112,-0.684605068352,-0.200188934131,-0.94093853217,0.304192292521,0.30415894607,0.301181217471,-0.774864002718,-0.595178171594,-0.673844186418,-0.549563367677,-0.0355490745722,-0.0126901188912,-0.498241632343,-0.50880223131,-0.539115171532,-0.484177127469,0.0542089721554,0.679939697167,0.346829160586,-0.112814014629,-0.398932717268,-0.307604445848,-0.560881809391,0.505800649482,-0.775835866329,0.0958288268744,0.0887979051519,0.0947092901801,-0.0898167489317,0.0396482543623,0.286566747227,0.671983215413,0.440841421111,0.3992943468,-0.595108388726,0.998111567687,0.00203629130097,0.306771301747,0.323266760631,0.498881375654,1.01342192184,-0.0410764390915,0.0877844699245,-0.751854502272,-0.751854502272,0.751854502272,0.369397431626,0.205201140656,0.524535549208,0.522099660041,0.520896639651,-0.207809689266,-0.209865695288,-0.507192416142,0.166807805931,0.3599186606,0.200402526309,0.382512277128,-0.316423980548,-0.33295333798,-0.0194851573562,-0.117174331161,0.122230557344,-0.0830244592528,-0.846639585318,-0.837450120942,-0.618886604571,-0.848388625373,0.304701953856,-0.852241390208,-0.858999648294,0.339870858267,-1.17922337254,-0.996183225379,-0.841334198348,-0.786255922865,0.120872838479,0.500064256812,0.0374267133468,-0.751667176512,-0.384781961462,0.262395931453,0.00897084185879,-0.346117345904,-0.72994417999,-0.739939865805,4017316928.4,01030320,-0.0234657
635,600340.XSHG,600340,2011-05-31,0.131579490618,0.0406633767781,-0.128622966566,0.346727996131,-2.41542237209,-1.83790764328,-0.885025359988,-0.481007665693,0.306705136817,0.148524995409,2.13554506379,-0.644977445928,-0.771434440041,-1.8509262621,2.52768032085,-0.326809224447,0.424839289364,0.586531893384,0.331855952776,-0.860241124972,-0.749449763688,-0.370978455851,-0.693402600218,-2.06427611857,-0.353683951808,-0.702943207924,3.01825210496,-0.48849776229,-0.138251566318,1.1495001177,0.490839306684,0.965873509622,1.24424700706,0.608196069672,-0.717749288509,-0.220306246123,2.06427611857,0.155129500677,-1.08119817901,-1.69187520635,-0.520516651413,-0.164019857657,4.36312118743,-0.633027852993,-0.710113238711,-1.71240333176,-0.516479131023,3.51259307366,-0.708690161712,0.560129683538,0.0878511776997,-1.23142442167,-0.882688105907,-1.11178258801,0.0436223641095,-1.32288291219,1.13945168809,0.336522126496,0.928454329282,1.30687232475,0.445035360399,0.0731581155876,1.07350714727,0.0,-0.314199302295,0.109700535659,-0.244814703379,0.276407490117,1.8509262621,-0.234415537476,-0.24428711178,1.25975302026,2.56681837611,-0.322139925125,-0.321619141086,-0.00662590224768,0.0774506568831,0.906792397692,0.53534753657,0.14582139918,1.26959856237,-0.223418936239,1.60624171837,0.397186799979,0.875721041644,2.6435295344,0.872067786014,-0.408711987782,-1.9935390075,-0.823399497198,-0.698968496895,1.90502312414,0.314046956041,1.75511355023,0.710113238711,-0.145210540434,-0.265967757797,-1.01920495809,0.00369015488473,-0.448919784762,2.38237475885,-0.544572790867,0.0805065284128,0.00653212872245,-0.595538502085,0.0428707155668,-0.50944818245,0.0119553852899,-0.373550433707,0.108438149691,-4.32492045348e-15,0.0,7.08344524538e-17,4.73412355483e-16,1.48544128151e-16,-5.07449793557e-17,-7.58165519055e-16,1.18022643622e-16,6.5908150486e-18,0.0,0.0,-1.32987157985,0.202653620697,0.886955723701,0.0631828719125,-0.359304219324,0.855101030047,1.92426823466,-0.792300091393,0.11636148348,0.785985955932,-0.796354573017,0.476611264393,1.95567121766,1.25228586732,1.57125987578,0.327682203757,1.56840014556,-1.36593221325,3.13939840945,0.824765044455,0.999276829655,-0.420465975946,1.99572857272,-1.57905762899,2.30955866733,1.59283337657,2.45064511454,1.04744220278,1.13963868094,3.21104856228,0.699380121132,2.32104039316,1.21636914921,0.212137416412,1.11351456818,0.500354477969,0.0094788799083,2.17988848182,2.59522544738,-0.292957329267,0.912736993754,-0.885295779198,-0.883142851397,-0.888776159956,-0.598764343019,-0.408114894279,-0.638674695446,-0.320753250866,0.240902184009,0.278020948651,-0.663155529441,-0.691849333496,-0.836903089522,-0.565765041427,0.122404452041,0.370063540721,0.982261675996,0.216649268957,1.15535913322,-0.587002231316,-0.692198263023,0.800973760521,-0.600262103288,-0.585915994326,-0.591730730593,-0.587570717278,2.69529175723,-0.158183426576,0.675927604293,-0.355566814849,-0.286316000689,-1.38692197664,2.51615838002,-0.59090679609,-0.145758541639,0.100291010488,2.19864214019,-2.24967261852,1.53532527489,3.06927313714,3.03607581416,1.69223753301,1.69223753301,-1.69223753301,-0.0408557204004,2.25754962876,-0.810579146738,-0.812003364562,-0.813582180852,2.21295211655,3.02130286416,1.21137224973,2.37926268644,1.911833409,0.692222794014,1.24027194318,-3.48891492849,-1.47059960655,-0.949041982069,-0.581099307891,0.771271144359,2.34400006813,1.10947210391,0.878583041816,0.965012161462,1.13647721929,-0.437342755575,1.33345840731,1.26098370233,-0.312963266265,1.0893917485,2.18679944815,-0.469823775845,3.01728401128,1.51544540088,0.429799973128,0.782880034167,-0.403937747581,-0.0680284243592,-0.398596978088,0.988864494233,2.98069801841,0.958974118009,3.03138356484,1803479216.75,01030320,0.33505155
649,600634.XSHG,600634,2011-05-31,0.116793722532,4.38314878726,0.512392912783,0.402566416059,0.410194303483,-2.23168602695,-0.885636195675,-0.481007665693,0.075873881655,-0.88623979627,5.18598153351e-16,-0.644977445928,-0.771434440041,-3.66943867258,3.85015358131,-1.97869705336,-1.34843810858e-17,-4.27553954574e-18,0.0,0.0,-5.32873475616e-16,0.0,-0.650221987607,-1.77671126435,9.04822249743e-16,-0.800697636334,-2.10123552795e-17,-0.0854814777157,-0.466156399027,0.0,0.0,0.0,-5.15806845642e-16,-4.94134011091e-16,-0.847358159023,0.294290773662,1.77671126435,-1.06061166159,-1.25858225525,-1.97611362985,5.56146937852,-0.163194653153,-0.477591800378,-0.310790095883,-0.817257932362,1.42965667025e-15,8.39592279345e-16,-1.07752036542e-16,-0.733320886452,4.14395139912,0.23138556315,-1.74500294555,-1.38773344998,-1.11178258801,0.0430639621112,-1.32598860688,0.0,-5.05322513305e-16,4.91610654246e-16,5.16289950051e-16,-9.53537788292e-16,-4.30802241569e-17,-5.67830040615e-16,0.0,-0.493876325081,0.115823158744,-0.848448816125,0.155450546305,3.66943867258,0.0313901518225,-0.84818695469,-0.563279807014,-0.0852750984678,-0.787899301922,-0.787590820893,-0.572589416531,-0.222302910067,-0.161507014885,0.919939465413,-0.22653174129,-2.58202274007,1.82966840179,-9.76534921653e-16,-0.952197272682,1.93473812674e-15,-6.41985562896e-15,0.0,-1.17623416991,-2.65556914868,-1.23187665629,-0.905215562143,3.01824681279e-16,0.0,0.0,0.817257932362,-0.284907408822,-0.321350442321,-4.72489644319,-6.48749086713e-16,-0.93607392776,-1.102673629,-0.820778320423,0.118111347177,2.78048707272e-16,2.46658731939e-16,1.61815948762e-16,5.06388349278e-16,1.10508612369e-16,-1.96447215936e-16,-4.73740376491e-17,-4.32492045348e-15,0.0,7.08344524538e-17,4.73412355483e-16,1.48544128151e-16,-5.07449793557e-17,-7.58165519055e-16,1.18022643622e-16,6.5908150486e-18,0.0,0.0,-1.38144099027,0.0161002074424,0.147487619901,-1.97802703464,-1.07696201133,-0.399047147355,0.0,0.0,1.01159177313e-16,8.71282942437e-16,1.64608088436e-16,3.4596398063e-16,-3.57747158683e-16,2.60221400731e-16,0.0,-5.5047068717e-16,0.0,0.0,-7.55186671252e-16,-1.66450182764e-15,0.0,0.0,4.13173427323e-16,1.67501162397e-16,-1.54834147088e-16,5.40868444404e-16,-7.89695984679e-16,9.77385438968e-17,0.0,0.0,0.0,6.74975749197e-16,2.88684216197e-16,2.37222647749e-16,-1.43579595414e-15,2.56397758724e-16,0.0,4.05268769044e-16,0.0,0.0,0.0,1.51700286676e-16,-4.54512706954e-16,-4.54449405673e-16,0.0,-1.70821813165e-16,1.25241449057e-16,3.46580898045e-16,-8.37202011057e-17,3.99706286826e-17,0.0,-2.10506229428e-16,4.49787708605e-16,0.0,2.54861563524e-17,5.53834559025e-17,0.0,-1.26154175173e-17,3.82188689978e-17,-3.73719977538e-16,4.02899807866e-16,-3.10035935786e-16,-5.43647967841e-16,0.0,2.45129502747e-16,-2.46867638851e-16,1.4099784666e-16,-7.9018061644e-16,2.17211174375e-16,1.01444757632e-16,1.4933535187e-16,-2.60585421595e-16,-2.30913086874e-16,-9.69188174161e-16,7.7834676051e-16,1.92536838624e-15,0.0,4.88241268601e-16,0.0,1.77608440929e-16,2.22428712536e-16,-3.89644924163e-16,3.89644924163e-16,7.79289848325e-16,0.0,8.92784478507e-17,0.0,1.87902893141e-16,3.75114916284e-16,3.11063135874e-16,2.41602756678e-16,8.61711151996e-16,-5.34168047426e-17,0.0,2.51858941505e-16,1.80634395077e-16,-3.22992855974e-17,0.0,-6.30623519397e-16,-3.88724672351e-15,1.60022163806e-16,-5.11744314133e-17,0.0,9.88660421731e-16,-3.04762717283e-16,5.07007278832e-16,-8.03741582158e-15,0.0,1.05404714136e-15,-6.38582798517e-15,0.0,-1.60539276305e-15,-3.95188454525e-16,5.8044118069e-16,-2.94841526929e-15,0.0,0.0,-4.82571522924e-16,0.0,0.0,-5.3591157367e-15,2.94303347899e-15,3.83608015783e-16,-0.493098900059,1186891121.63,01030320,0.0
651,600638.XSHG,600638,2011-05-31,0.131652121432,0.0395940506343,0.0573262563745,0.382190505931,0.888357837038,0.238670900421,0.00141938924152,3.47155830151,-0.444449875904,0.468698854718,0.143313705778,1.57578509442,-0.0684705124297,-0.643510289424,-0.640193135857,1.79672106044,-0.276615764442,-0.347286346539,-0.229322903664,0.989379180715,1.23474521276,-0.664234212693,-0.435032653685,-0.603225455425,-1.1751953126,-0.136945067435,-0.27642898696,0.732178456123,-0.191555048368,0.0833634565627,0.208108387087,0.0738943835508,0.10644772083,0.111268325294,-0.0800147324578,0.158696731832,0.603225455425,-0.96143940115,0.13388274326,-0.219426979692,1.06478272177,-0.165640578536,-0.478623055808,-0.164593895506,0.9136320358,0.396882436891,-1.07306992755,-0.537293193407,0.463602152116,-0.277069741327,0.295232227261,0.0229395686682,0.350834449314,0.35880904535,0.198009348608,1.23155096969,0.0685280785502,0.1859799223,0.0495723839097,0.100286997348,0.106506190557,-0.410955661274,-1.81474786725,0.679071127185,-0.208288763635,0.113584457297,0.716839935181,-0.0217673943867,0.643510289424,-0.069391685939,0.668867892622,-0.547288290986,-0.14147952596,0.707955742026,0.657539151993,-0.377725125253,-0.170742665664,-1.02027295078,-0.326722147486,0.106399246425,-0.222187989327,-0.143471525599,0.873547861644,0.570146675613,0.678800780153,-0.0120798631817,0.495684748197,-0.029778080251,0.215413047739,-0.397125615411,-0.0672207294677,0.524214718709,-0.772787515399,-1.23095548101,-0.9136320358,-0.280939626134,0.118644733501,0.330550218595,-0.526307339851,-0.609161816719,-1.00301828762,0.654639405473,0.102813889098,-0.590526393244,-0.652414133355,-0.684717524187,-0.553235133768,-0.484934861722,-0.673647324906,-0.415025149097,0.523708142762,0.0,7.08344524538e-17,4.73412355483e-16,1.48544128151e-16,-0.546286715684,-7.58165519055e-16,1.18022643622e-16,-0.984636596326,0.0,0.0,0.22897217715,-0.695544442482,-0.638873583165,0.458843925707,0.289423226178,0.228026941346,-0.760672716576,-1.07966235175,-0.359628953181,-0.153005595768,0.895395101978,0.631173123214,-0.596068105676,-0.565616607503,-0.649599391834,0.903174182885,0.788631800944,0.620392063638,0.130921336399,0.213570809889,-0.0799441379616,-0.0431570012234,-0.248360172882,0.277901094373,-0.0377699581635,0.308072144733,0.219187028208,0.222927896015,0.607685636145,-0.0889856663704,-0.258633454904,-0.532743122814,-0.637079254766,-0.853654357605,0.459059331017,0.747924913148,-0.480091166147,-0.585971525527,-0.400691693696,0.882209734858,-0.718020639342,0.536225321177,0.535431407313,0.536121883834,-0.649935206904,-0.460395726565,-0.713559465853,-0.36515976348,-0.152007171646,-0.0711539585604,-0.594255511735,-0.608002226959,-0.624536169174,-0.549637713199,0.188715604466,-0.068914949847,-0.472742385011,-0.205738153994,-0.339106169064,-0.584238917318,-0.691095896183,-0.130483109744,-0.65023579755,-0.340389969342,-0.342078825436,-0.341984436635,0.192717606809,0.499056062075,0.325512615255,-0.527228718699,0.421942860666,0.43641835396,-0.118620837823,-0.387014417796,-0.650015845575,-0.62965204541,-1.00512413322,0.498881375654,-1.20466732861,-0.195506084764,0.019266147029,-0.0344903264953,-0.0344903264953,0.0344903264953,0.599203930986,0.208578565486,0.263373108996,0.260238811351,0.25858935578,0.652905619468,0.0129735157087,0.43658225334,0.128316941621,0.390348361549,0.445405242693,0.489244132387,0.269588465021,-1.46343828458,-1.22484884776,-0.0121347137878,0.667782105612,-0.0438447037113,0.0789164128065,0.0761535234809,-0.809393665858,0.0849909560614,-0.853611738914,0.132843153708,0.141461600973,-0.885271595701,-0.817506260693,-0.64872866683,-0.624502524295,-0.597515646111,-0.779906177963,0.671998829767,0.5098772051,-0.883804359506,-0.24669948461,-0.462372208546,0.922894642431,0.0713913551956,-0.72994417999,0.708425012457,5011194412.84,01030320,0.11422172
652,600639.XSHG,600639,2011-05-31,0.0886817174793,-0.320897018775,-0.26914000286,0.0539401607798,-0.241756976023,0.411355628324,-0.591946397281,-0.481007665693,-0.0380865054042,-1.04437784156,-0.317258420599,0.488780272038,0.655168824817,-1.91766066248,0.193668481741,-1.00796698311,0.967098869966,0.416173160425,1.46938066178,-1.62413220219,-1.25149812976,-0.791224428826,-0.444019152328,-0.651337267572,-0.927437918074,0.986253314987,-1.09464850078,0.507711195423,-0.141872497958,0.425355465601,0.27529282366,0.343857891203,0.507859963911,0.282094191742,1.27351426757,-0.216013759876,0.651337267572,-0.580104440315,0.754727010112,0.162664015834,0.227087140728,-0.160392261169,0.882634111619,-0.62949462069,1.73468004737,-1.36922588527,-0.58907793057,-0.0279516690212,-0.263429034407,-0.243748924136,0.136876727498,0.816752263209,0.712839943307,-0.688192746396,-7.56212555826,-0.472698991019,0.381187436935,0.246657647461,0.275263798858,0.578631202154,0.2624448631,0.295003378732,1.89894891091,-0.767148315711,0.0830682434961,0.113655825296,0.475873091787,0.113829227143,1.91766066248,-0.0390238524243,0.476717942605,-0.541957785643,-0.141715620664,0.604747698304,0.605690977394,0.340189682749,-0.227564685884,-0.554361144284,-0.182888735128,0.103995521794,-0.266836857701,-0.24417157459,1.60624171837,-0.873345932034,2.522532078,1.3410232376,0.967795263841,1.02737511401,0.648026803365,0.438472888448,0.188575180285,2.30356915763,0.513222742555,-0.770056906782,-1.73468004737,-0.421770146718,0.671563045301,0.874914289855,0.562320369843,-0.457184416782,-0.303505190843,1.24828884823,0.105217366126,0.291036525096,-0.865697750618,-0.260291050997,-1.06408289914,0.846476184758,-0.707620557872,0.416680905315,0.778866145632,0.416095930645,-0.547321101895,0.164734562437,1.55591016335,2.16756724196,-1.10386991995,-0.322878741738,-0.420671144584,-0.290678649458,-0.265210845993,-0.494055082942,-0.466077784006,-0.953899019256,0.0700203325196,1.90496803771,0.228026941346,1.55312982863,3.92702179362,4.05421651633,-0.77062895656,-0.573622297278,1.83276692889,-0.0972560747969,0.187701927059,0.565930810351,1.75710003377,2.14747725257,-0.394126699319,1.2839509932,0.325827150804,0.232365636647,1.97351583495,2.46191193634,-0.117611252867,1.4095567832,2.14363345936,2.2733844959,1.69872002989,2.97692878745,1.20042775532,0.0898038100785,-0.0514382051579,0.600633203558,-0.372466892672,1.41168952702,2.66012939382,0.0703698086586,0.819225531129,1.28808589733,2.29942072245,-0.0349620693389,-0.214230181489,-0.220672086313,-0.255091167623,0.499502835244,2.94643981869,2.101194866,4.10333092788,1.50629623356,2.06132807512,1.1631150564,1.02864240655,0.374071750723,1.47680126426,1.58901219047,1.56559767244,2.00361008992,2.07953449226,5.13361642811,2.92003402271,1.36468726324,1.72447184775,0.499573969907,-0.493806699361,-0.524872273206,-0.499808773987,1.53994491963,1.90729082701,1.67196359365,2.6336683389,0.509979215192,0.692726567779,2.30741640505,-0.350677162258,-1.54529630076,-0.859381692299,1.02653252796,-0.188257122888,1.53532527489,0.47639085428,1.03662299985,1.56589159207,1.56589159207,-1.56589159207,2.24814648168,1.16567643028,-0.563306171172,-0.561278497471,-0.59222885818,2.55365192626,1.35000878169,1.96772843651,0.996670840442,1.98989220709,-0.0827117237352,2.30628888778,0.982531968527,-1.163733614,0.0243585135313,-1.48619067759,2.49887506973,1.07328536135,0.401312231254,0.322072360087,1.55849381348,0.419502872593,-1.62823402095,0.60823589302,0.559109150154,-1.69340546792,-0.0373304747185,0.750330470228,-0.796500665169,1.1133798973,0.864716796869,0.965298983631,1.53646685896,0.110701807238,-0.40963448463,-0.261354167925,2.39997571448,0.667832356766,-0.0388974132148,-1.17735909404,9566897912.0,01030320,-0.06504854
654,600641.XSHG,600641,2011-05-31,0.115084212073,-4.06559707513,-0.229169609144,0.232826143095,-0.360994313226,0.245106356119,0.0342823492116,3.42956556879,-0.141910389519,0.0224971400635,-0.683941097279,-0.644977445928,2.6193327402,0.745041912866,-0.3891195761,2.99674766067,2.75307308498,1.53927888141,1.57934138365,-1.79580733661,-1.55291913731,-0.329084776302,-0.408527349025,-0.500365719109,0.0114322085433,0.0585637893833,-0.523530068855,0.0792723677143,-0.248395254346,-0.0126802724686,-0.254096449931,-0.0990680378718,0.0115536807265,-0.222678023298,0.155932325001,-0.164176008492,0.500365719109,-0.540460706762,-0.179495791437,1.11323185836,0.570068161646,-0.162905507517,-0.339403572776,-0.408269516905,0.541881386003,-0.960374706061,0.354706463539,-0.142864086108,-0.134110248164,-0.255530133683,0.0372505540708,0.386642524277,0.708494428874,0.267155103013,0.141566074617,1.23543308805,0.0542026565057,-0.285844151545,-0.165076618462,0.053638410113,-0.27400027427,0.0144900777551,1.61764021189,0.216917173227,0.191451401736,0.110228752758,0.0501428744397,0.0822836537971,-0.745041912866,-0.220861764381,0.0508003114609,-0.21857379484,-0.251874631998,0.107452530369,0.108169131766,-0.365821381131,-0.543890267356,-1.46098662328,-0.214763905266,0.107626379642,-0.179312943468,-0.259076954483,0.873547861644,0.765384755367,2.80832785574,1.33234949977,-1.83005783808,0.0740063657606,1.16912973628,-0.353057540157,0.283337345399,2.2936292945,0.406265766287,-0.349059445874,-0.541881386003,-0.325255121086,-0.695022676731,-0.0119083262342,-0.289941312706,0.402337313372,-0.239475430436,-0.0348663690392,0.0836290432641,1.9259350282,-0.517334509088,0.798443118388,-0.728382939037,1.09492130826,-0.1810354469,-0.120919742907,0.523708142762,0.133545560552,-1.18534112925,-0.759726526842,0.310530888943,0.0536178433736,-0.9458935919,0.131257699651,-0.36130636019,-0.316829517523,-0.294453145104,-0.201828423911,-0.872561579021,-1.00680405432,0.290642394774,0.380450392985,-1.02612123606,0.633894913483,1.98655877443,2.53385349448,-1.12809711519,1.52776720886,0.600011458129,0.743119749836,0.701008582533,1.17968265268,-0.871892106298,1.28656239818,-1.22675821018,1.4144807808,-0.408711627521,0.0283831731809,0.12052266487,1.68385227752,-0.284909036586,1.42976245918,0.428639351458,1.34461857849,-0.584991803075,-2.61071302266,1.19265223174,0.286464079342,0.6424008314,0.727524732899,1.88988340871,-0.918605568455,2.92987031573,0.532460424118,1.25726591767,1.19299325469,-0.257804050329,0.118815514484,0.293322201774,0.315545382165,0.287797108412,3.17100866891,4.40030565914,4.54982022,2.8324993601,4.01538355653,3.72608446524,3.92401165101,3.8195955688,2.77036057408,3.85256774902,-0.275589467922,1.79893155921,0.170921121531,2.99683696805,-0.427151122783,4.46730985629,3.64774759905,2.81985172292,3.17304254929,0.281001362313,0.33116396383,0.319427954395,2.97174600856,-1.95665460126,-3.50596598509,3.74978195428,0.679326457894,0.462941090372,2.31407202164,-0.0103018339237,-0.370748022349,-0.0148447844678,1.26095445041,-1.01282332114,1.1438977601,1.37140023721,1.4809903688,1.52237243463,1.52237243463,-1.52237243463,2.29702082168,2.5393233574,0.405737143316,0.433984982565,0.396734735049,1.19085268743,2.63133424492,-0.0506645681576,2.48857674108,2.23597587563,-2.1026230077,1.75831192358,0.304005022789,0.751786154771,2.1684027723,-0.831443729297,-3.03836504382,-0.413701596023,-0.0320913597724,-0.134367694005,1.48876932708,-0.0440758431327,-0.299793004559,0.0549822039365,-0.0686230971696,0.949566163998,0.637622376055,2.35268382179,-1.33127166737,1.25923709574,0.882808728469,-0.389950003189,0.584139632696,2.71867252422,-0.41242168349,0.303552551165,2.91647138347,1.55719216133,-0.0388974132148,0.438028662922,6739487133.28,01030320,0.08851675
659,600647.XSHG,600647,2011-05-31,0.129725862716,0.0717899789872,-0.201860644493,0.273430005232,-0.458332372629,-1.54967073306,-0.775563604846,-0.481007665693,0.399940891619,-0.283941724701,1.40638371564,-0.341083624618,-0.606031162956,0.362272459231,0.462852890531,-0.422504795226,-0.455710671797,-0.195856361687,-0.479578339643,1.85830000847,0.0482599728516,1.91746378951,-0.196095604939,-0.336674955941,-0.66664066068,0.245274747645,-0.352133975286,0.0698128167805,0.00304897535868,0.911498516345,1.23477145456,0.978156023858,0.880960796618,1.13533337128,0.380685889096,0.14776564814,0.336674955941,0.452646282002,0.101362329282,1.11323185836,-0.2850135541,-0.161790739234,-0.480685566668,3.08048551866,1.20310029655,0.902312634812,1.3226904575,-0.506235783384,-0.509434339815,-0.184731732913,-2.38501914254,-1.70891497088,-1.35224508211,-1.11178258801,0.0625856959728,-1.11713063903,0.895189197702,1.34736239178,0.978297399585,0.883750746573,1.12633437311,-0.46944180903,-1.45255722332,0.0,0.67855745892,0.108175044677,0.114090916442,0.154178704618,-0.362272459231,-0.311678195601,0.114776504497,-0.060435469667,-0.309398412248,0.206249973932,0.207011609301,-0.689781777413,-0.143356928047,0.515967648212,0.708211062558,0.124033534793,-0.0190762303044,-0.265757190812,0.140854004919,0.0293939028482,-0.558485818593,-0.896801121384,0.0213986080571,1.70318080897,0.402223533123,0.202878178435,1.22600411209,-0.731156012255,0.0378116157605,1.10203818534,-1.20310029655,-0.201068675931,-0.44104972357,0.645121259774,0.0258951215881,-0.992548913235,1.41711408505,0.253435753052,0.0715285820423,-0.31403620522,0.0940785270669,-0.0830580182367,0.417375620434,-0.360712299969,-0.0394803095426,-0.597103862151,-4.32492045348e-15,0.0,7.08344524538e-17,4.73412355483e-16,1.48544128151e-16,-5.07449793557e-17,-7.58165519055e-16,1.18022643622e-16,6.5908150486e-18,0.0,0.0,-0.899221766544,0.596025035228,0.724032263433,-0.132824332156,-0.410439781343,0.855101030047,-0.518270254173,-0.506692715066,-0.483364598852,1.06497592386,0.307243265515,-0.678863276958,-1.06813504704,0.458652837437,0.105616928604,-0.0811213172514,-0.622367507153,-0.0542795244366,-0.95961387209,0.962508634726,0.979458162665,-0.208333114995,-0.178857592087,-0.260880371421,-1.37069629152,-0.829966888122,-0.922515393102,-0.335984652907,0.349175945727,-0.932547256979,1.2375764113,-0.226633195185,1.08427714736,0.797596410158,0.314073879018,-0.563828885189,0.931043022198,-0.0686275773399,-0.944948886639,0.0989664768965,-0.788353022641,-1.08052261043,-1.08049161338,-1.07919940507,-0.805182815401,-0.722789176497,-0.692126046808,-0.643715027357,0.0312405002624,0.0289859835876,-0.849934482432,-0.865681427078,-0.935041857553,-0.795723621007,-0.00215360678773,-4.36093464371,-1.06443306183,-0.379420255708,-0.42668531631,-0.738679944162,-0.732172327404,0.550760792223,-0.805728110197,-0.906019027972,-0.900803020216,-0.90627247981,-0.901558312595,-0.333365737657,0.327762549233,-0.597569038394,-2.43362289703,-1.63884885347,-0.603154925188,0.155671035964,0.019858867138,-1.05664895219,-1.00512413322,0.498881375654,-1.20466732861,-1.3029628808,-1.44205738279,-0.844508192294,-0.844508192294,0.844508192294,-1.23099445018,-1.11907105204,-0.994328305631,-0.99652586563,-0.996003503929,-0.566441067906,-1.12907744065,-1.18669659536,-1.10339071628,-1.10335304591,-0.411196847184,-1.14557550427,-0.05136120978,0.471959172251,-0.484334571609,0.590092425817,-0.353991983072,-0.91216027417,0.926027296175,1.00945961628,-0.0166207652854,0.92769269118,0.478449007771,0.849957002003,0.873064280184,0.106921236738,-1.15991720444,-0.962399704584,-0.844765818491,-0.845844572209,0.318141285326,-0.677927105259,-1.21018207026,-1.1133057826,-0.418153690669,0.560868054318,-0.554186429621,-2.26798279541,-0.0388974132148,0.529347628467,1222322570.0,01030320,0.0971979
660,600648.XSHG,600648,2011-05-31,0.121239996863,0.49596803094,-0.26616084308,0.325077902473,-0.929474512047,1.19476510199,0.0628694593714,-0.481007665693,0.178091983126,-0.584441132365,-1.01652462059,0.6173507349,-0.233873789515,-0.478104311327,0.273165576971,-0.93536677195,-0.366163218119,-0.164308448176,-0.233114652694,0.109913197281,-0.635216961464,0.944090328738,0.578819581261,0.972851149406,0.598226037679,0.167071204918,-0.942632884224,-0.2169298209,-0.0582963432415,1.47611145839,1.54913038676,1.53671664846,1.40999216646,1.54992199098,0.282595539366,-0.212754109753,-0.972851149406,1.25923894339,0.553691723703,0.223239417563,-0.297658015701,-0.159875855006,-0.102214823906,-0.491843485768,-0.638486123065,1.14182860121,0.669301261576,-0.36958317928,-0.602685283058,-0.106775691626,0.154112220718,1.20254989719,-0.990239588116,-0.27863999505,0.853238253448,-0.202503553058,1.47191383577,1.54686210418,1.57273343903,1.46219322829,1.51859662771,-0.333269197056,0.402796755756,0.00927032693756,0.0158954115832,0.11473057102,-0.117582439879,0.122447154421,0.478104311327,0.0100650020215,-0.116998838439,-0.287870364298,-0.136077123614,-0.114841717648,-0.114226442687,-0.144292703019,-0.189661844888,-0.153558610201,-0.129078530554,0.0978509791941,-0.251053469715,-0.324857586298,0.140854004919,-0.331513003918,-0.692670421555,-1.14689389535,-1.34706919996,-0.0708091403021,-0.430230208762,0.363048682725,0.194768785848,-0.643362383544,-0.189577231422,-0.460891137617,0.638486123065,-0.312991065506,0.585895912643,-0.288552362448,-0.444499567786,-0.566920364168,0.555360166793,-0.348461366431,0.108735208545,0.102702628905,0.705491563222,0.341368454953,0.293312591701,0.120251977587,0.928756829985,-0.412742264525,0.389311942778,2.10376165472,-0.1485585848,-0.306024221033,-1.25007330709,0.739223053725,1.0395091937,-0.678930783177,-0.687812674356,-0.337122591142,-0.312461875603,-0.229874945366,-0.138268271896,-0.210222560393,-0.0247924545648,0.0736696120497,1.48217511875,-0.0567152991184,-0.325939659695,-1.06541416037,0.251549477279,-0.59226671976,-2.0861240722,0.313264937696,1.53917506654,1.5042970664,-0.956770278224,-1.27353826788,-1.24578142572,-0.676688325505,1.50642402724,1.60677914109,-0.911780807107,-1.29275383761,-0.4880081877,0.0405195456136,-0.505815494021,-0.596853464853,-0.120986544528,-0.53209408946,-1.1715343161,1.53402766248,1.34424472869,1.48991400345,1.04545496226,0.430941246494,-0.706089508389,2.46230157858,1.04472507178,-0.563488830866,-0.145494864034,0.207029012181,-0.837767190103,-0.836949676248,-0.83657451182,-0.371992788441,-0.305698891899,-0.409802442467,-0.28096591306,-0.0273615820288,0.00879785833005,-0.651396107934,-0.666143580922,-0.714766798331,-0.604343316063,0.0890742760315,-0.212409101355,-0.137388289165,-0.44123829775,-0.209688348977,-0.645820154071,-0.611931988742,0.501053305217,-0.372407886146,-0.715384599367,-0.705689472448,-0.713706891053,-0.829192370151,-2.09050459256,0.00810073384966,-0.438605169848,-2.42380371616,-2.52129706582,-0.563078233892,0.750625394837,-0.675495446925,-1.35874154105,-0.0674364434429,0.498881375654,0.361042730532,-0.557690530001,-1.1944297597,-0.395278180066,-0.395278180066,0.395278180066,-1.80777639647,-1.42384343547,-0.61057773902,-0.609988830657,-0.609749445834,-0.87127773975,-0.655544117281,-1.03344129797,-1.27429015382,-1.72517736965,-2.89389103988,-1.49180322987,-0.688838482645,0.722605440976,0.842406860302,0.131419429955,-1.31436449723,-1.7181569864,1.49384749822,1.5498298742,1.88076368373,1.47972297937,1.34718427735,1.34449684679,1.30427046615,1.04447156536,0.443542118322,0.611101243663,0.0836737498939,-0.368510450224,-0.324620229538,-2.29959483438,-2.97515243279,-0.689075879305,-0.474967753145,4.86004240761,-1.48420043795,-1.15595168359,-0.0388974132148,0.0994191399781,13099721021.3,01030320,0.05632716
661,600649.XSHG,600649,2011-05-31,0.130301884763,0.0612529112553,-0.221225183064,0.217271308542,-0.338589582953,1.19512262731,-0.402342999982,1.90732900772,0.21015745531,-0.484769617902,-0.0907092509311,0.839426988935,1.15137865607,-1.08681737769,-0.456987599846,0.0961569130616,-0.0825962814741,-0.107522203856,-0.111778683734,0.236876871628,1.5889628936,-1.32689621681,-0.490119565942,-0.817240068081,-1.4751121586,1.44765421708,0.188096821404,0.419224979397,-0.222880317441,-0.198843324944,-0.141692270943,-0.207204524251,-0.186481005168,-0.194304406009,1.8490954789,-0.201014299684,0.817240068081,-0.848800856613,0.571430131327,0.488839255917,-0.485744382011,-0.163729248521,-0.0145581123671,-0.637104095037,-0.271471150336,-0.00295470057244,-1.92005592226,1.8479158964,-0.126251594851,-0.256085851114,-1.25287589903,1.60307731675,1.03090745803,-0.384331027656,0.195373691176,0.191919672472,-0.201997685587,-0.14944017023,-0.216026697544,-0.20035660786,-0.210390178929,-0.641146041122,-0.94919677829,-0.0203935082467,-0.139879621932,0.112527084046,0.468571066229,0.132509401917,1.08681737769,-0.11499469859,0.46941270257,-0.543734620757,-0.180157393656,0.586664237652,0.587599273916,-0.468253099301,-0.1698270135,-0.0860817278803,-0.364146934023,-0.217579501949,-0.257119579478,-0.233923484766,0.873547861644,-0.655694628739,0.162974254479,0.0544187934806,0.180219196269,0.2429577895,0.726683849842,-0.277633334433,0.0938130151707,0.26684872411,-0.938276065292,-1.45000445003,0.271471150336,0.0135007670666,-0.488974862741,-0.378907874276,0.686492881013,-0.0976729238812,-0.74738067276,0.484553983158,0.0985569560073,-0.554462455676,-0.865697750618,-0.647405306764,-0.830552492111,-0.481749667831,-0.764242612815,-0.593812881354,0.523708142762,0.133545560552,0.250203932295,-0.135459444414,-0.0507200823598,-1.2604588098,-1.03421465138,-1.65637301159,-0.776859850947,-0.279172267509,-0.306306311027,0.141816857789,0.0178882593267,-0.11282920038,-0.0516864662858,0.0151684432642,0.228026941346,-0.783922686327,-0.784841834254,0.237181414378,-0.791818068049,0.665749934005,0.349471670846,-0.504554787349,-0.821098002237,-0.855809367761,-0.657604936212,0.498564184421,0.627352741256,0.239783547712,-0.113546791225,-0.29409379862,0.19882010871,-0.191503543778,0.170065593606,-0.538685499232,-0.636400154123,-0.668990623487,-0.560661115032,0.344947124333,-0.0262024493404,-0.823930980947,-0.791178531758,-0.629798593246,-0.564770941712,-0.265271821548,0.201052907081,-0.558080407269,-0.559415327093,-0.178242544299,0.266171184743,-0.611926027247,1.00315510494,1.00444148696,0.998468533096,-0.0851462756722,-0.188504866569,-0.399401241333,-0.384224224656,-0.233972839847,-0.285861603504,-0.133340340921,-0.116468621852,-0.0239043662553,-0.181475339764,-0.159277433926,0.468888808415,0.330837520672,-0.221666890452,-0.250656727508,-0.328695331938,-0.395157380358,-0.759087341483,-0.084811581444,1.24653234617,1.24940583331,1.24772723376,0.128797135766,0.484176426952,-0.677150897015,-0.447028647282,0.56196707008,0.57548668426,-0.449204793818,-0.182576435065,0.00676853024478,-0.345050667576,0.166985479001,0.498881375654,0.752470245317,0.0425374022118,0.152295873352,-0.118019031894,-0.118019031894,0.118019031894,0.259025577708,0.197642142228,1.25486221134,1.25093788763,1.25048030595,0.294274240829,0.0686833184579,-1.08138133046,0.160649267641,0.23952288728,0.405478874097,0.210700022319,0.280469101205,-0.614620847173,-0.637947173981,-2.0534046114,0.0753866331206,-0.0992494874299,-0.201536208445,-0.208474501958,-0.605710323675,-0.197289150977,-0.585751697461,-0.174901436438,-0.162613822168,-0.548788809048,-0.120036745558,0.557356017051,-0.734292121736,-0.547831889128,-0.382630597374,0.726293958069,0.50846268267,-0.855986005192,-0.0574520001139,-0.556043841873,0.514203365415,0.105852390842,-0.72994417999,-0.200158484978,18154950610.6,01030320,0.0278481
663,600734.XSHG,600734,2011-05-31,0.139800527612,-0.0389273290508,-0.158414564367,0.189397101437,-0.308784369189,-0.701620682156,3.67926106173,-0.481007665693,0.291600743816,-0.232157083109,-0.269145916525,-0.644977445928,-0.771434440041,0.409463213789,0.588294350151,-0.607785505315,0.380065562526,3.07250747804,0.214311732846,0.0538129690813,0.114495799351,-0.319265945158,3.54929535279,1.45396927088,0.480867271852,-1.12719742722,-1.4998215983,-0.271716386724,2.41130534687,-0.782169413486,-0.86414719176,-0.771640611243,-0.815923510468,-0.825311400717,-1.27447830049,-0.21740066526,-1.45396927088,4.61637098309,0.122057138177,-0.77858453412,-0.441488766408,-0.1733055513,-0.0908710141774,-0.327957275474,-0.182085245687,0.233985825332,0.161109664748,0.201873165153,-0.616144088483,-0.085769572716,0.119634625576,-1.14599166531,-1.29901253031,0.523951283796,0.271606731988,0.573920119245,-0.775829150185,-0.891369729494,-0.72619169364,-0.788622904206,-0.842733573957,2.54101114415,-0.435679140104,-0.219872052094,-1.85381709387,0.109688327975,-0.152986200157,0.165656775878,-0.409463213789,-0.308253868662,-0.152418184064,0.248733840222,-0.0366812532009,-0.202612660814,-0.202037393711,-0.29939848893,-0.0878310070172,0.219509064984,2.31292830563,0.122439022456,0.0177557109986,-0.323037755333,0.873547861644,-0.232678789271,-1.04991514373,-1.55745081909,-1.64512975592,0.192272362378,-1.29545772001,1.13423999967,-3.39256755625,-0.986449078132,-0.734889374202,0.010864882407,0.182085245687,-0.202923743162,-0.387597672614,0.0996416883682,-0.651648533479,-1.03570865823,1.90287369595,-0.381818636756,0.08284125282,1.04036500569,1.30268569156,3.12579268016,0.942819036242,0.76366114359,2.18010424423,2.79901763671,-4.32492045348e-15,0.0,7.08344524538e-17,4.73412355483e-16,1.48544128151e-16,-5.07449793557e-17,-7.58165519055e-16,1.18022643622e-16,6.5908150486e-18,0.0,0.0,-0.31446687298,0.606157329239,0.525638381925,0.365854461451,0.113952311002,-1.02612123606,-0.265534471881,0.506752813835,-0.690198115548,-0.734921379793,-0.530810551816,-0.764869472592,0.871045057497,-0.169972025567,-0.147156590274,-1.59705972267,-1.84332737972,-1.93085448091,-0.220337142099,-0.814727257893,-0.64822660902,-1.17479940486,-1.26728312608,-0.631102860926,0.328259484964,-0.406234699881,-0.480845710875,-0.0903998654631,-0.989787396251,-1.56378466545,-0.00630986660026,0.444711169433,0.10970859824,-0.492977430071,1.01745033978,-1.0848353234,0.270664325006,-0.267114627491,-0.678753130443,-1.07801365033,0.410873716318,-0.81081015858,-0.807299481444,-0.816377228821,0.852687959666,-0.108317203245,0.829213101718,-0.254880013515,-0.0734321562105,-0.758985751944,0.442085813835,0.551230646546,0.85580704452,0.17413129078,-1.75695026179,-1.59704784744,1.9241222327,-0.506235127272,-0.133892061539,-0.381856816988,1.09449546534,0.203366894274,0.852339039991,-0.688992179506,-0.700463426546,-0.68532848314,-0.972297073049,-0.648811036734,0.599221974736,-0.956848911143,0.381388298573,0.375666422327,-0.479376055737,0.764674709102,-0.245277964797,0.511571569639,-0.145577084258,0.498881375654,0.230566892271,0.511372155234,0.234437722438,-1.50501669465,-1.50501669465,1.50501669465,-0.179225126705,-0.44406857539,-0.738312366758,-0.728068316371,-0.720446564354,-1.24784068732,-0.0984460897896,0.338604129765,-0.419792966145,-0.459037204072,-0.855831406548,-0.164163079081,-0.759068043465,1.3070228558,1.21058719291,-0.652876379763,0.0906649591752,0.021700722618,-0.775931290045,-0.778203634223,0.11733809049,-0.782513753073,2.10008817765,-0.854312947215,-0.875109800969,1.76920372123,0.500128914533,0.256038191132,0.520729785662,-0.849826951612,0.763717343856,-0.47272345859,-0.868574903324,0.646205127792,1.05608371584,-0.619177536849,-2.01195925236,0.512757696358,1.34319612034,-0.129707556945,1933571167.0,01030320,0.03454545
665,600736.XSHG,600736,2011-05-31,0.147502726888,-0.0757930487285,-0.293221544416,0.205181822392,-0.324327032735,0.810210871489,0.425583690416,1.2931852917,0.0606691272389,-0.396605801571,0.0625033834012,-0.457965863583,1.52353602951,0.246917281423,-0.034337575563,-0.440939656263,0.176096362483,0.567603145277,0.343231199866,1.3538197609,0.216249387887,1.09399115087,0.444995368623,0.785380984831,1.61533534151,-0.267936001503,1.00752761504,-0.231316221278,-0.193954968176,-0.572337221382,-0.820905992292,-0.595544609878,-0.585628335419,-0.696767787485,-0.305946559013,-0.2179106457,-0.785380984831,0.662443437023,0.397002456354,1.18312655267,-0.196502322895,-0.156976244858,0.392787782431,-0.586308835827,-0.363816853151,0.425856142504,0.741900061123,-0.242247798184,-0.424397221774,-0.215562936011,0.163851243664,0.353377758509,0.675782361894,-0.414882341768,0.204553820028,0.320806002074,-0.545217944333,-0.889207747725,-0.591136622524,-0.5404407943,-0.649595073506,5.31808700334,1.05554226117,0.854474674362,-0.123807594665,0.113083472724,-0.138160875541,0.0815967393012,-0.246917281423,-0.0681408838834,-0.137586333083,-0.060435469667,-0.161033722626,-0.14593644877,-0.145335347447,-0.0828693833495,-0.263616877788,-0.401819420342,-0.223334198945,0.109560916935,-0.237246713303,-0.325670047474,1.60624171837,-0.641382570334,-0.767604680352,0.193198598689,-1.52764603313,-0.198729503991,-0.371237423904,-0.0505132542768,0.146458662456,0.907162813134,0.63912878942,0.694341095538,0.363816853151,-0.342620611549,0.7665047902,0.207845202533,-0.114931114609,0.160826399878,0.387342224071,-0.36752266376,0.100923192032,0.76387481766,1.10362098211,1.14358112955,0.132760436871,0.782772306936,1.51762620139,4.56133785314,-0.599506475467,-1.16296184336,-2.14237117027,-0.370838836149,1.48544128151e-16,-0.574853599448,1.16197499268,1.18022643622e-16,1.12281324966,-0.329740574671,-0.318671318206,0.978990444448,-1.06090304416,-0.621438969336,0.117426726062,1.30294375369,0.228026941346,1.20050528741,0.00924319055595,-0.562635594237,-1.24110570979,3.43422427398,-0.154100836927,1.67146436286,0.0531640182732,0.23510792424,-1.7547614448,-0.882713539103,-2.4968445798,-0.115414490112,-0.600272044559,-0.577179020914,-1.68979242556,-0.818272613056,-0.748459776252,0.94885865447,-0.051947213134,0.872385443162,-1.02484244369,-1.22157583844,0.106133101883,-0.313793033501,0.620716778268,0.0452227390667,-0.831432556382,1.74478223654,-0.785533752514,0.0348646396022,0.230517503301,0.52680001361,-1.4127252432,2.30865599109,1.44929707851,1.44707642176,1.38049961312,4.02705445293,2.99470099027,2.60609113124,3.17943743412,0.338677699779,-0.190004142262,3.87905252859,4.00012664113,4.34034213401,3.38267213418,-1.30940719319,0.854403069232,1.22096041883,-0.13154585077,-0.244704516852,2.29338536532,2.99855195209,0.541545359239,4.01016466597,1.36097652713,1.33221389171,1.39570514572,0.740935062856,-0.357290292986,-0.848549400045,-0.239368512922,0.595796165823,0.579437711366,0.90959392964,0.429182540483,-0.502867313787,-0.454062506386,0.63582932389,0.498881375654,1.53532527489,0.751548648365,0.656366342373,1.04436362475,1.04436362475,-1.04436362475,-0.163203405975,0.627057584845,1.41748132886,1.46301077014,1.47180195298,-0.0822887067426,1.09931466932,0.409598551774,0.714917713697,0.695968401515,-1.02914814295,0.219811278256,-0.793193675131,-0.217435191166,1.47013462438,0.842187507512,0.333965094836,0.899327246747,-0.575510823444,-0.610704994693,0.49231308432,-0.57795343688,1.7960308333,-0.592852859328,-0.660723128356,1.95326268145,1.74923151206,0.624267835701,2.08836283305,0.515594115215,1.18340036266,-0.428542128697,-0.880598343982,0.0620196871875,-0.276827777048,-0.312250455809,0.205271376489,0.137662577592,2.72528965389,-0.323434012937,6558865920.0,01030320,0.01612903
707,600162.XSHG,600162,2011-05-31,0.137055555464,-0.0192669468783,-0.144015292097,0.212440873397,-0.332606564006,0.305599639683,1.4952791458,-0.481007665693,0.228172329354,0.907661856031,0.218985799564,-0.189136713963,-0.25454919915,0.296014733135,-0.231841150284,0.244775034346,-0.609931286463,-0.277880936815,-0.544038073153,-0.614749900819,-0.695693150876,0.0942159441396,0.495962117242,0.773214779461,0.624305763419,-0.668729157981,0.596903758361,-0.0464608301139,-0.195891745565,-0.960385787314,-0.939475196403,-0.932852107884,-0.986256570213,-0.92325601491,-0.721873207117,-0.21488234765,-0.773214779461,0.251910551793,0.642383761824,1.3135966487,0.0405813321178,-0.164412284526,0.0834111534705,-0.569591106866,0.63955472552,0.273905153066,-0.201884332986,-0.341631510259,-0.386150689639,-0.224587787098,0.0404249336376,-0.286999669574,-0.862529747288,1.93096315535,0.221171863498,1.53823832025,-0.949166756923,-0.942716796496,-0.914964365787,-0.987424360086,-0.898748033441,-0.729078979642,0.152095491671,1.76416562001,-0.437006074749,0.109688797501,-0.0219922871275,0.135494030404,-0.296014733135,-0.245447201508,-0.0213666052506,0.198982457021,-0.259221343671,0.0534226784202,0.0541146518646,-0.426768551036,-0.121716585349,-0.0500602343108,-0.121807830588,0.204026534092,-0.202850296908,-0.311923860924,0.140854004919,0.325086430277,-1.47860881034,-1.14255702644,-0.809689949436,0.0112529798001,0.326843863582,-0.0962762555023,0.649998794729,-1.2019911871,-0.643091654413,-1.23991287379,-0.63955472552,-0.0856938001213,-0.632447435774,0.193343700634,-0.487156477505,-0.168840588504,-0.00839058084814,-0.104330135265,0.0821193503039,0.0826671080337,1.01830753521,0.462633161579,0.446566921312,-0.000785390274518,1.77808765413,-0.65691757147,-0.826097170127,-1.48199769668,0.529337694261,4.73412355483e-16,1.48544128151e-16,0.453554216078,-7.58165519055e-16,1.18022643622e-16,6.5908150486e-18,0.0,0.0,0.864542542382,0.084642196338,-0.0100250981447,-0.0630822339642,-0.500163300934,-0.399047147355,-0.659061737665,-0.475104802477,-1.14723640619,-0.382161912606,-0.405600096258,-0.186508968615,-1.0046557382,-0.651870876551,-0.738735316912,-0.909264532491,-1.21762218552,-0.353311816917,-0.802697539641,-0.978270441263,-0.854640358771,-0.198913530697,-0.538370993961,0.117630628505,0.184345388576,-0.701703902245,-0.768838646263,-0.428806612942,-0.726150004529,-1.10882003101,-0.0797048492633,-0.668471109593,-0.48210517385,-0.36819346936,-0.308434041126,-1.53933030142,-0.487419014306,-0.759362511865,-0.93654043392,-0.954624633994,0.458556688045,0.377428274161,0.382064617557,0.387897557235,-0.204269438204,-0.422392863743,-0.373839773981,-0.140915166859,-0.788167148986,-0.769216828576,-0.022811548379,0.0153785598397,0.286928486963,-0.0914513768489,-0.0424038907651,-0.441328167195,-0.471096186784,-0.388678935863,-0.413472764118,0.00470967542183,-0.144167568908,-0.999805621252,-0.205160832266,0.839034885617,0.85100346626,0.838505108685,-0.868474924626,-0.0771720797909,-0.830452105012,-0.801482866858,0.529819340926,0.532886005865,-0.506466495134,0.77017167381,0.479543300096,-0.0424296842711,-0.926983492405,0.498881375654,-1.07419149035,-0.0995208077575,-0.153432082023,-0.897854256246,-0.897854256246,0.897854256246,-0.341708031887,-0.234989895464,0.876345509519,0.881214571722,0.888071404704,-1.39129323878,-0.906238229653,-1.28028456165,-0.196545953151,-0.227506870764,-0.135341936884,-0.224037046665,0.253122047696,1.18712090909,0.95008123585,0.413275736573,-0.0667306262167,-0.524142412819,-0.952829558219,-0.924970177649,-0.245558645852,-0.960758370713,1.01778882097,-1.01397080507,-1.00873802868,0.992704982799,-0.280640741266,-0.150041875248,-0.285928981023,-0.655425569369,-0.598737890429,0.250679280251,-0.298168733265,-0.605620816361,-0.404864724676,-0.0734028955294,-1.22193005152,-1.2169212082,0.191221160121,-0.450424510212,3892809978.33,01030320,0.0040568
717,600266.XSHG,600266,2011-05-31,0.137434230636,-0.0222786819351,-0.26417473656,-0.120395019543,-0.211358405008,0.970668233565,-0.143959504306,1.50314895529,0.379216259362,-0.0944359215971,-0.32940332454,0.664103630486,0.0349065357485,0.373712642154,-0.191997282411,-0.274818773657,-0.376112935194,-0.391453425455,-0.312741382323,0.631265693935,0.545508641356,-0.0358290194601,-0.0357660876399,0.396615422307,0.637345626288,1.10746880621,0.154180986634,0.228260294921,-0.0385917385024,1.40783838055,1.29911711212,1.41045016385,1.42273956046,1.37433937104,1.41961881251,-0.0670282553503,-0.396615422307,0.125554016915,2.20927643531,1.18778619895,-0.419360958607,-0.174756924409,-0.46418547979,0.359096806633,0.427041217117,1.01048113577,-0.0566867338928,-0.301256877228,-0.309831212517,-0.23779163327,0.0998790142262,1.0852026054,1.39544783545,-0.276988572666,0.154610345298,0.0529398351299,1.39096115669,1.27069738038,1.40352714706,1.39700146432,1.36373154327,-0.186799181559,0.580895266208,-0.00577654598199,0.195572434369,0.11330415009,0.274292931702,0.151906487453,-0.373712642154,-0.141487096228,0.275049043451,-0.135062544468,-0.173241207619,0.399875320915,0.400725214827,0.0257522817643,-0.0587816196939,0.235405874353,-0.231430316539,0.119736213541,-0.296914349242,-0.3069526654,0.140854004919,-0.390651509404,-0.0287180354677,0.0573100394224,0.393430396882,1.06599258229,0.710296965159,0.864746770235,0.613456521907,0.251369723577,0.994950226215,0.213084810438,-0.427041217117,-0.113056041772,0.776233669163,-0.0989173376241,2.12952354612,-0.3180631111,0.0893390534568,0.381549664903,0.10218079205,-0.630597434987,-0.581319594267,-0.670725442653,-0.68459598772,-0.523157188415,-0.503781160076,-0.0526865632679,0.669790968833,0.343124964194,-0.387816095057,2.12281819803,2.82055615622,1.73906398549,0.140819650301,0.842794820679,1.15249564185,-0.287779638941,-0.280848943307,0.874192958366,0.955423463959,0.268327529546,-0.126442702256,0.260221528556,0.228026941346,1.07865822372,-0.752376479649,0.594720938394,-1.00606352865,-0.67427623217,-0.317387961972,0.202740049717,0.740854304647,0.522028041282,0.594650239953,0.336130081394,0.648511619246,0.245466149475,1.54793451057,1.27384027073,0.263121748719,-0.0762260777263,-0.497310366916,0.750192569442,-0.103008821993,-0.234167154754,0.0973293849471,0.690954602333,-0.0235003170308,0.316033643393,0.302650223211,0.75768747348,0.497602093655,0.309517193383,-0.00217655463355,0.225737636888,-0.0856016423183,-0.269268494604,0.16816505177,0.804258233073,-0.0991356276775,-0.10140107938,-0.103222741767,0.221950188922,-0.121383504649,-0.250812653707,-0.415580470959,-0.592424260494,-0.470764450367,-0.404645862309,-0.397835526845,-0.259480078091,-0.387532572043,0.242090055157,-0.151178403427,0.29462115969,-0.222567404867,0.0159577731856,-0.636734429888,-0.508070037725,-0.881122014638,0.224086108181,0.0352766893881,0.0267038551192,0.0283248246424,-0.0540266826292,0.680532747955,0.489928986216,-0.551828128221,-0.00942855104513,0.10578388766,-0.947843068681,-0.961958733923,0.449309551289,-0.262485648223,0.166985479001,0.498881375654,0.752470245317,-0.337137693502,-0.418690150777,0.583902862212,0.583902862212,-0.583902862212,-0.860229175513,-0.384079077227,0.109318256822,0.105859622145,0.105767597247,0.258411102965,-0.154155892539,0.947126014482,-0.328954526375,-0.534449941207,0.386423107267,-0.89957159398,-0.212039695451,-0.154756891925,-0.707955043609,0.26622027225,1.15611199875,0.677800299532,1.40721212401,1.41088308783,-0.341086682348,1.41955650155,-0.473540058474,1.43401770314,1.46771582726,-0.580423942836,-0.214947941085,-0.696814122863,0.35396528264,-0.414583516549,-1.361254714,-0.669144069798,-0.241587836049,0.0828834529234,-0.307453783569,-0.431420931436,0.33077499699,0.0568116862683,1.34319612034,0.811002072803,11906388000.0,01030320,0.12397311
725,600393.XSHG,600393,2011-05-31,0.130566290772,0.0566952590019,-0.133091706236,0.0445045612146,-0.239246195804,-0.274377928856,-0.190993852219,1.92832537407,0.142714584237,-0.546762701386,0.29092099983,-0.644977445928,-0.00644428352279,0.643033615135,-0.105255847567,-0.218996357369,-0.749227325517,-0.807885883799,-0.745000771743,0.611018995036,0.774934185319,-0.315993001443,-0.000112073169813,0.381684170261,0.402628094634,-0.86912573622,0.298323284406,-0.268957351035,-0.231974750397,-0.584186032556,-0.582018437407,-0.597139378242,-0.565418344014,-0.598183376039,-0.964300708101,-0.180916040977,-0.381684170261,0.231270639721,-0.268187829559,0.246537648998,0.00106738961564,-0.111569508187,-0.351778637934,-0.252300975677,-0.499375609208,0.284206915062,-0.0566867338928,-0.468966891356,-0.43153933645,-0.21362903935,0.18111317169,-1.12058278518,-0.81678113701,-0.563510356369,0.132430617924,-0.0969099336245,-0.591592987069,-0.567897430947,-0.62072143216,-0.572411788667,-0.599431669207,-0.413730091238,0.616992859841,-0.0737024294474,-0.153066926357,0.112870777305,-0.171573174303,0.0904216408163,-0.643033615135,-0.0872309939457,-0.171013340517,-0.335844912384,-0.185837554477,-0.194453050519,-0.193874064093,-0.358262503613,-0.19393703774,-0.238116106843,-0.233748510731,0.102494575195,-0.175969923696,-0.315856911613,-0.592719436268,-0.417115315512,0.537645548465,0.548821849535,0.565304732071,-0.350785785357,0.031879939292,-0.410685023182,0.272808215942,0.528674913703,-0.464128209872,-0.129196168417,0.499375609208,-0.362356465696,-0.596863209217,-0.227199854417,-0.586494486441,-0.314849087537,0.379157968982,-0.451099121276,0.0931799281395,-0.281979371825,0.570411938955,-0.222978833574,0.31520606736,-0.370267881642,0.130385855287,-0.290122560268,0.523708142762,0.0,7.08344524538e-17,4.73412355483e-16,1.48544128151e-16,-0.517719831919,-7.58165519055e-16,1.18022643622e-16,-0.954954204129,0.0,0.0,0.769847835533,-0.454157438111,-0.263728789042,0.0449496436271,-0.494068750203,-0.399047147355,-0.113548558509,-0.101753224514,1.58478833594,0.558791593861,-0.421798133285,0.719672252056,0.0538697924396,-0.431547471918,-0.523212632395,0.650770856732,0.761543774498,0.371745585285,0.31072395774,-0.5313065463,-0.683885474533,0.0119313861706,0.409672701093,-0.0131397180764,0.471536195508,0.0877566788428,0.0927988141599,0.0848339094735,0.164374407911,0.445705657585,-0.569139064468,-0.428983915303,-0.589234907637,-0.744254720817,0.271972528601,0.598274127704,-0.679513319619,-0.375712139987,0.570454931058,0.830436710863,-0.241190922062,-0.456183516141,-0.456148360686,-0.45601076023,-0.70761238395,-0.633039192322,-0.583219248899,-0.596972100031,-0.19906688445,-0.213545912312,-0.567543474019,-0.565294474261,-0.528836615354,-0.574122378786,-0.059845844714,0.111737277832,0.205726455462,-0.43658090537,-0.505431352821,-0.321509615722,-0.49397047071,0.0832870099343,-0.707706047917,-0.287390589844,-0.291348608726,-0.290295507737,0.526043853052,0.363152429064,0.421672836974,-0.645408679385,0.521748781305,0.397573107269,0.4937348861,-1.40756751814,-2.08883556963,-0.878295503755,-1.00512413322,0.498881375654,-1.20466732861,0.0753856970095,0.30215466144,1.33706505459,1.33706505459,-1.33706505459,0.726892190138,0.440012581188,-0.415815490844,-0.418431964581,-0.419690334376,0.652905619468,0.152248022582,0.776370725469,0.390054818925,0.510744134869,0.73668624995,0.637627443358,-0.178350452937,-0.842511513397,-0.668548991232,-0.582849968181,0.224134109425,0.595753282045,-0.588717262561,-0.599072758221,-0.935666357777,-0.588742302447,-0.694343606158,-0.542573211414,-0.542047970529,-0.637942367905,-0.565431915226,-0.788985915596,-0.0968728515301,0.544328514292,-0.741730542477,0.887316274845,0.695886904697,-0.598666227782,-0.451019410559,0.723113605432,0.448233513613,0.246347382323,-0.0388974132148,0.705900819352,1974000000.0,01030320,0.11398176
733,600463.XSHG,600463,2011-05-31,0.158229676184,-0.104724929114,-0.24977546429,0.427958157729,0.203947718284,-0.590287298577,0.617752597602,-0.481007665693,0.25828075394,0.423224886294,-0.956734324261,0.699168302176,1.89569340296,-0.0896147662308,0.241519251292,0.486810260438,-0.306464915668,-0.164308448176,-0.240698150754,0.0757468928887,0.829650737645,-0.881775871601,-0.0576321529292,0.393297366296,-0.718800112159,-0.157473497401,-0.653742648774,-0.274869570369,-0.221448786327,-0.456526485249,-0.417971420062,-0.453246506456,-0.451127358137,-0.430222688592,-0.104463678487,-0.184233227354,-0.393297366296,0.579380376247,-0.291839039724,0.36302880617,-0.273949650199,-0.165369831175,-0.339403572776,-0.222015341154,-1.00076541873,-0.274663673213,-1.19406792679,-0.363371697276,-0.559924665677,-0.152589036676,0.167671073066,-1.26567117314,-0.91636584276,1.88720046217,0.226108137164,1.54988467533,-0.462102407413,-0.402306695758,-0.447336182049,-0.455601401067,-0.406829962809,-0.197746538955,0.0583951849744,0.69368808945,-0.365300106941,0.110341439072,-0.16604133676,0.149494787651,0.0896147662308,-0.211265446971,-0.165479067763,-0.5117515887,-0.251221899581,-0.184970260177,-0.184386951294,-0.275531481965,0.0230596286762,0.114319539162,-0.125847108347,0.135372560921,-0.162892674496,-0.313165121052,-0.592719436268,-0.185151953812,0.0601574807802,0.0948962366663,0.362971653938,-0.222865421668,0.162975016754,-0.312379316845,0.161942676364,-0.762292421122,-0.0754617173729,0.0608091330886,1.00076541873,-0.241313328904,-0.38896047278,-0.538424395158,-0.431936231361,-0.624772788313,0.764299384962,-0.425439682565,0.0841704701512,-0.690703997601,-0.787493757622,-0.638077252408,-0.757574239916,-0.555009127326,-0.690633941389,-0.144052617645,-1.21370360197,0.133545560552,0.250203932295,-1.2714208567,0.528887031597,-0.889089320859,-7.58165519055e-16,1.18022643622e-16,6.5908150486e-18,-0.432461184432,0.0,-0.243144267344,0.224706260603,0.213618913736,-0.279601819854,-0.542857747235,-1.02612123606,0.456075700388,0.74453960027,-0.820676351631,1.52250377563,-0.679965931676,0.375647469517,-0.440431018522,-0.708123660712,-0.771994990448,0.364496832544,0.047473299582,0.265278857159,-0.231178015785,-0.388065706168,-0.48876861055,-0.0903548306848,-0.28229301624,-0.346047409102,-0.0117537203069,-0.31191382997,-0.246977872429,-0.341266756146,0.485499255681,0.0123580816287,-0.421341618255,-0.545713023753,-0.812855225738,-0.580155265636,-0.74289532485,0.0920480139794,-0.865937266237,-0.801432640656,-0.319212222744,0.313008648086,-0.306755008188,-0.612378074164,-0.612449568135,-0.609864220094,-0.985600301106,-0.796581925058,-0.70695317847,-0.692394398609,0.000957489135639,0.0564734478294,-0.878816302161,-0.901793666802,-0.983288387653,-0.804347843069,0.141703038898,-1.5095402351,-0.281783390742,-0.291694669595,-0.292571779702,-0.80126317537,-0.647324705377,0.510966877064,-0.986532746716,-0.453525250861,-0.457547002436,-0.455668311592,-0.241922546349,0.437365257957,0.53344808961,-0.375811714851,-0.239439500227,-0.230483726196,-0.981524128411,-0.273269532688,0.257259520819,-0.773863083478,-0.536280288331,0.498881375654,-0.421812299038,-0.11530505331,0.0124543839341,-0.771508315307,-0.771508315307,0.771508315307,0.322141447251,-0.0924947336072,-0.712206579877,-0.714851114749,-0.715390340527,0.114958551509,-0.237720596663,0.286152664922,-0.118024589959,0.206447125378,0.476257436608,0.280986853832,-0.275810696826,-0.726190227671,-0.816268436223,0.798421000273,0.420590320862,0.162563467247,-0.456624531392,-0.449245099934,-0.803903548818,-0.454908993862,-0.270835162239,-0.44559474984,-0.435091984538,-0.35035024256,-0.647454335965,-0.898114426174,-0.116166676936,-0.58130021408,-0.659237973623,0.55808552137,0.288504444743,-0.619529993518,-0.2490636265,-0.414091697464,0.205271376489,0.00114385945507,0.652149353561,-0.17570854634,1753920000.0,01030320,0.03017241
754,600606.XSHG,600606,2011-05-31,0.0667196270546,-0.262424503045,-0.185723529018,0.302739175313,-0.617544407591,0.0359540459263,-0.274434007087,2.67107183405,-0.215826571879,-0.488667386624,-1.33883168671,0.161510002934,0.489765547732,-0.490021168539,-0.106780971696,-0.251930547312,-0.356213501044,-0.479787583285,-0.255865146874,0.0,0.517670395436,-0.488804429582,-0.308962134822,-0.108282100574,-1.24039462695,-0.0577639804236,0.544213086487,0.0841992171589,-0.187934116728,-0.63531251346,-0.546375989835,-0.611800055826,-0.647826326209,-0.57748732578,-0.0702940671692,-0.214260513513,0.108282100574,-0.342619598368,1.03558513083,1.30427735612,0.0342591013174,-0.159324324862,0.40103782587,-0.61188716293,0.550760780505,0.443884225997,-1.50866272483,-0.5279759704,-0.410724316794,-0.219030612784,0.154209148339,-0.568461322363,-0.230740232265,-0.520573374373,0.197562627009,0.21133026428,-0.633164800061,-0.570628355287,-0.604116300465,-0.660215765014,-0.558501122627,-0.462529986128,-1.59006691861,0.18252432084,-0.0760036161258,0.111896979738,0.117852565972,-0.00148841862431,0.490021168539,-0.139600640669,0.118539809969,1.50673310115,-0.194920256622,0.172949942731,0.173696399239,0.00700388477208,-0.582347658255,-0.998964461629,-0.344407159238,0.110798466472,-0.280989297614,-0.301936333144,-1.32541329299,-0.270484226567,-0.558485818593,-0.846204317402,-0.100436363722,0.46500823213,0.677523195794,0.0164363215903,0.2195432081,-1.32851629958,-0.131887838711,-0.522507142534,-0.550760780505,-0.328449959094,0.212753656076,0.326088218011,-0.395122733932,0.104351414403,-0.0175376894777,-0.0176378887616,0.0953513650728,-0.634604539161,-0.616866863811,-0.759341959033,-0.166450397131,-0.491305249504,-0.611363064468,-0.454295564191,-0.515752321853,0.0,1.64587274213,0.690074074426,1.56768426908,2.16756724196,0.578327578979,2.16268200614,1.6570963092,-0.316291556809,-0.270032929402,0.0347575554606,-1.40420900593,-1.42884194771,-0.739535003355,0.24689173578,1.48217511875,-0.856686480548,-1.21829819034,-0.922908600852,1.29805615024,0.769925181296,0.0540590858406,-1.14257017568,-0.872194281183,-0.854922443133,-0.130765286373,-0.501317888974,0.299449456379,-0.589196097875,-0.610173341184,-0.592405258254,0.0216702415986,-0.318293056207,-0.195272426732,-0.273247527078,-0.521336457119,-0.633951939923,-0.336017666052,-0.230642454261,-0.885356446287,-0.871735949065,-1.01369339474,-0.836777399302,-0.272468787171,-1.36406958091,-0.563828885189,-0.630486525983,-0.968526796438,-1.50770575426,-0.156574694072,-0.391392283005,-1.37336451277,-1.37088961853,-1.36488099644,-0.931379508138,-0.645238814487,-0.825279400011,-0.595345389579,-0.192720058735,-0.0328767085035,-0.689404231609,-0.713628166302,-0.750841783742,-0.605238453369,0.385492029158,0.0630027679625,-1.00093684453,-0.178155283813,-0.135472361097,-0.704479212548,-0.757931939446,-0.303202664311,-0.932208493483,-1.18101297834,-1.17060498435,-1.17968680911,-0.681436308004,0.0325754233169,0.118445321946,0.502537114441,0.30491974617,0.351060520848,-1.09167978266,1.57422893335,1.33997826435,0.321932157778,-0.0674364434429,0.498881375654,0.361042730532,-0.271014502675,-0.237176698896,-0.975065664598,-0.975065664598,0.975065664598,-0.018846083842,-0.229200024328,-1.2321938262,-1.23344513027,-1.23144456691,-0.638167343634,-0.794818624154,-0.840698839996,-0.258131336046,-0.128279585061,0.318366797161,-0.0561296158299,-0.0358839411982,0.175667842039,0.0861301632028,0.997996273282,-0.211586453432,-0.542579944839,-0.629923619806,-0.602078216448,-0.417399309204,-0.632126100496,0.261265190377,-0.661303021556,-0.647075485206,0.155811898046,-1.10774304098,-1.33907946571,-0.393243585006,-1.4809054255,-1.39121428881,0.275963776274,-0.0835149544523,-0.403937747581,6.14788956644,-0.648874606474,-0.557404471172,-0.533002193062,-2.11203771354,-0.224665753389,3095111388.6,01030320,0.02551834
763,600696.XSHG,600696,2011-05-31,-0.363866429128,-0.197139538735,0.224407467374,0.14124429808,-0.275358577384,-1.22711139245,-0.782649298817,-0.481007665693,-1.67518191158,-0.911668096981,5.18598153351e-16,-0.644977445928,-0.771434440041,0.485254425654,-0.671839461536,1.17759971616,-1.34843810858e-17,-4.27553954574e-18,0.0,0.0,-5.32873475616e-16,0.0,-0.603148306992,-1.55384850234,9.04822249743e-16,-0.507434351106,-2.10123552795e-17,-0.219688856589,-0.34388680039,0.0,0.0,0.0,-5.15806845642e-16,-4.94134011091e-16,-0.530700123108,-0.120581432062,1.55384850234,-1.00322263778,-1.09893658663,-1.06748260391,-0.509452747512,-0.158115474485,-0.371372491102,-0.537995644792,0.919551632135,1.42965667025e-15,8.39592279345e-16,-0.534187452405,0.941648666825,-0.283271547862,0.211409661754,-0.924553888755,-0.580916270301,-0.722046905277,0.0605977848588,-0.959516633553,0.0,-5.05322513305e-16,4.91610654246e-16,5.16289950051e-16,-9.53537788292e-16,-4.30802241569e-17,-5.67830040615e-16,-1.10677773304,-0.175732605837,0.111596013373,-0.058059867911,0.298670718888,-0.485254425654,0.0613683912543,-0.0574500636063,-0.643237387158,0.466755983416,-0.179457009979,-0.178871188039,0.264600907573,-0.343123857964,-1.84504677303,0.236072178817,0.105145574234,1.10866503361,0.352854030647,-9.76534921653e-16,0.105814893956,1.93473812674e-15,-6.41985562896e-15,0.0,-0.625935246876,-0.869398718261,-0.858992942595,-0.374423565393,3.01824681279e-16,0.0,0.0,-0.919551632135,0.101461871581,-1.01736277155,5.90805094872,-6.48749086713e-16,0.265052592584,-0.951024196459,-0.282479952603,0.0938302133425,2.78048707272e-16,2.46658731939e-16,1.61815948762e-16,5.06388349278e-16,1.10508612369e-16,-1.96447215936e-16,-4.73740376491e-17,-1.21370360197,0.0,7.08344524538e-17,4.73412355483e-16,1.48544128151e-16,0.453554216078,-7.58165519055e-16,1.18022643622e-16,6.5908150486e-18,0.0,0.0,-1.09388875148,-0.614486090397,-1.69456951022,0.906013849408,-0.627138539702,0.228026941346,0.0,0.0,1.01159177313e-16,8.71282942437e-16,1.64608088436e-16,3.4596398063e-16,-3.57747158683e-16,2.60221400731e-16,0.0,-5.5047068717e-16,0.0,0.0,-7.55186671252e-16,-1.66450182764e-15,0.0,0.0,4.13173427323e-16,1.67501162397e-16,-1.54834147088e-16,5.40868444404e-16,-7.89695984679e-16,9.77385438968e-17,0.0,0.0,0.0,6.74975749197e-16,2.88684216197e-16,2.37222647749e-16,-1.43579595414e-15,2.56397758724e-16,0.0,4.05268769044e-16,0.0,0.0,0.0,1.51700286676e-16,-4.54512706954e-16,-4.54449405673e-16,0.0,-1.70821813165e-16,1.25241449057e-16,3.46580898045e-16,-8.37202011057e-17,3.99706286826e-17,0.0,-2.10506229428e-16,4.49787708605e-16,0.0,2.54861563524e-17,5.53834559025e-17,0.0,-1.26154175173e-17,3.82188689978e-17,-3.73719977538e-16,4.02899807866e-16,-3.10035935786e-16,-5.43647967841e-16,0.0,2.45129502747e-16,-2.46867638851e-16,1.4099784666e-16,-7.9018061644e-16,2.17211174375e-16,1.01444757632e-16,1.4933535187e-16,-2.60585421595e-16,-2.30913086874e-16,-9.69188174161e-16,7.7834676051e-16,1.92536838624e-15,0.0,4.88241268601e-16,0.0,1.77608440929e-16,2.22428712536e-16,-3.89644924163e-16,3.89644924163e-16,7.79289848325e-16,0.0,8.92784478507e-17,0.0,1.87902893141e-16,3.75114916284e-16,3.11063135874e-16,2.41602756678e-16,8.61711151996e-16,-5.34168047426e-17,0.0,2.51858941505e-16,1.80634395077e-16,-3.22992855974e-17,0.0,-6.30623519397e-16,-3.88724672351e-15,1.60022163806e-16,-5.11744314133e-17,0.0,9.88660421731e-16,-3.04762717283e-16,5.07007278832e-16,-8.03741582158e-15,0.0,1.05404714136e-15,-6.38582798517e-15,0.0,-1.60539276305e-15,-3.95188454525e-16,5.8044118069e-16,-2.94841526929e-15,0.0,0.0,-4.82571522924e-16,0.0,0.0,-5.3591157367e-15,2.94303347899e-15,3.83608015783e-16,-1.46767412108,2315845740.0,01030320,-0.09264706
767,600716.XSHG,600716,2011-05-31,0.135931767742,-0.00965502648433,-0.319289192492,-0.0803727328224,-0.216198661843,0.148717530772,-0.115861062696,-0.481007665693,0.158471326437,0.165972150641,-0.209355620201,-0.644977445928,-0.771434440041,0.733601729943,-0.390835340745,-0.377556875618,4.45944956338,1.97464008786,5.23837919759,-0.486520807791,0.19129096051,-0.869338685485,0.202262578572,0.685286295191,-0.0537671058051,-0.779191662084,1.44116578817,-0.0174909553792,1.5925958615,-0.389079406261,-0.56900019831,-0.50178901716,-0.278122862747,-0.56171493264,-0.848241855868,-0.123625421817,-0.685286295191,-0.166802786392,-0.309577447349,-0.881096752432,-0.213888457596,-0.157787859725,-0.450779159202,0.329229436371,-0.132360636478,-0.116274082527,-0.153485133289,0.729849135553,-0.142072280227,-0.254952187554,-0.100285333419,0.189631642147,-0.606144395758,-0.0218438142671,0.138796400705,-0.15281243803,-0.421008108489,-0.549634374429,-0.581837748775,-0.265984339933,-0.554099411388,1.50496041875,1.41165137561,-0.524248795724,0.59407628995,0.109342287084,0.0426195753805,0.124647380547,-0.733601729943,-0.249527686902,0.0432737005155,-0.337621747498,-0.270942751332,0.102159810178,0.102873999041,-0.366178493455,-0.168131122519,-0.139522065758,0.102758450709,0.0741668008843,-0.160835524698,-0.247318835809,2.33981515955,-0.571037453078,4.97445073214,3.80291915707,2.48638116209,0.112623834044,-0.51871938605,0.118979342855,-0.098808117839,4.32854016319,0.791142444666,-0.0371793152594,0.132360636478,-0.184166952275,-0.244314377381,-0.131266841859,-0.968945820845,2.89320557517,-0.264991049245,-0.066574104018,0.078567131574,4.35424015781,1.35245186892,2.34690014145,0.760373405753,5.00633940654,1.13259622778,2.25218944103,-1.21370360197,-4.09283099631,-1.98286616344,0.0282827411413,0.0252764182699,-0.174917226743,-0.93314622249,-1.4959228082,-1.72669640125,-0.0653926569116,-0.27531297604,-0.151314527741,-0.102507234212,-0.156115138164,-1.51125639054,-0.33512156348,0.228026941346,2.43060090923,2.03657296937,1.64565388182,-1.09435149319,-0.388901662205,2.78506741389,2.82794781171,-0.322792089206,-0.164451620513,3.08583543203,4.25778029894,1.01347260258,2.30902999834,-0.694100104689,-0.486853051659,4.0437393445,3.68227607587,3.02031601121,1.89183341896,4.99318789481,4.51008838218,4.52616936935,2.42816260252,3.54889781931,-1.2156899241,0.155978882514,0.836734655692,-0.938268139183,2.92117499738,4.73861252499,-1.30787629926,0.308543447154,3.64721511113,3.49594164083,-0.337748939811,-0.898551307336,-0.951118064337,-0.994634320662,1.14402064361,3.42687461894,1.97751557755,2.0483907783,2.91054717962,4.49181805808,3.43005735029,3.12585587208,1.75993139693,4.48517778597,4.36808507583,1.80873707604,3.31586524758,7.01866573248,0.68971832831,2.70510632686,2.2043947257,2.28172628775,1.14762901229,-0.86643584059,-0.952699300103,-0.896741026251,3.30255607582,2.22212818883,4.50910588303,2.23108608131,0.748396997312,0.677352769239,2.72534232952,-3.96806186311,2.05419580865,1.82220657326,2.276782781,-1.9748172191,1.92675278967,0.830043274895,1.67492527103,3.90329149944,3.90329149944,-3.90329149944,3.46288421703,1.94119750306,-0.898904917005,-0.913526969774,-0.9446572936,4.1495615612,2.85417345592,3.30588961159,1.66949114857,2.4807365137,1.76841991117,2.94537841135,-0.0461536325692,-2.57176998287,-2.35594455476,2.5368266678,2.75831834235,2.47628936037,-0.421596293733,-0.530308987116,-0.620533639683,-0.405017626107,-3.26797184228,-0.153623586614,-0.172849554531,-2.86678133933,0.879564942402,1.97155306344,-0.582121737441,4.27624688656,1.78325578286,2.46586728444,2.99802216017,-0.369164804688,0.617622495185,-0.631294322089,4.59789809403,3.18481338339,2.03424288711,-1.71468623461,5739654913.5,01030320,-0.11612903
771,600766.XSHG,600766,2011-05-31,0.258755895599,-0.164543113699,0.0824008511902,-0.181566598869,-0.205347915818,-1.69546955716,-1.17004129162,-0.481007665693,0.351165243789,-0.814780703033,-0.271481474976,-0.644977445928,-0.771434440041,0.147769029423,-0.631995593663,-1.24109547859,-0.142294583926,-0.183237196283,-0.331700127473,0.248687445986,0.1442539243,-0.00157220857896,-4.93408913476,2.6036756784,1.5370961643,-0.839799407697,-0.113511852084,-3.97966327879,-0.544932714127,0.0878637261911,-0.0188505610485,0.109986509665,0.0576069082675,0.0702100320393,-0.92689087502,-0.225440049214,-2.6036756784,2.24429133232,-3.37536556509,-2.74029562091,1.08532997187,-0.169671682672,0.423725445327,-0.642143445575,-2.46527355184,0.00284004055022,-0.153485133289,0.335420028254,0.002430333713,-0.263510235999,0.209671573289,-1.5272476154,-1.51773675675,-1.11178258801,0.0252621064044,-1.17225671976,0.122739969816,-0.0769568867284,0.05770889844,0.0734313620799,0.0814379082583,0.178739241917,0.497400101656,-1.15449781573,-6.63545125758,-0.0410624844341,-4.56163944882,0.131730998809,-0.147769029423,-3.27558694862,-4.56301219805,0.716041475283,-1.01296063037,-4.49103919548,-4.49241868421,-0.599253803364,-0.022020119776,-0.0218180304323,-7.26709700258,0.202503215046,-0.446851994612,0.182116135349,0.140854004919,-0.927083660763,-0.192527810513,-1.17146948586,-1.21218048121,-5.03074022295,-2.82271537245,0.0,-6.27259414305,0.647825837128,0.099711913049,1.03987930813,2.46527355184,-0.251000902219,-1.01111660413,0.282583712316,-0.714757386215,-2.3139717441,-0.886513009282,-3.02474082401,-0.764193897403,-0.00949628797465,0.186501427881,-0.0130976105681,0.577927775264,-0.195082217632,0.606011116809,0.0601002024191,-1.21370360197,0.0,7.08344524538e-17,4.73412355483e-16,1.48544128151e-16,-5.07449793557e-17,-7.58165519055e-16,1.18022643622e-16,6.5908150486e-18,0.0,0.0,-1.1769728016,0.0911983865802,1.78513893271,-1.26100533232,-0.720218950873,0.228026941346,-0.162201272988,0.165866590477,0.840005443656,2.65926036789,-0.58961646885,-0.430816422882,-0.472976247926,0.6546000356,0.392093583333,-1.88221815204,-0.935737410314,-1.87374528499,-0.707637957047,0.0460920953686,0.066154065164,-0.860588830649,-0.632108620237,-0.889333807608,0.630194061503,-0.62793555826,0.264280161676,-1.40677152097,-2.88280805717,-1.09794256983,1.46043118364,0.471056280715,0.0982675587091,1.18134982358,-1.1371345121,-0.36983712628,1.00257677804,0.316026637091,-0.40707758723,-0.869712845611,1.43963383135,-0.777361842227,-0.775898822038,-0.777616556809,-0.835057257511,-0.646585112332,-0.651122294566,-0.565098818322,-0.0218798376768,0.018838937885,-0.740807444055,-0.758116912076,-0.816557293179,-0.684835327925,0.101333884567,-0.656491449172,-0.618313342464,-0.0186221952713,-0.370886434237,-0.633489342886,-0.63288983064,0.415182225137,-0.834484583615,-0.512909773847,-0.514833629285,-0.512498523128,0.530004652139,-0.854249347287,0.419508498311,-0.651236583602,0.0974391092619,-0.760508144546,0.355292861353,0.513969470071,-1.72374114426,-1.68271507941,-1.00512413322,0.636309075363,-1.07419149035,-0.204038109387,-0.330137230543,0.233643837053,0.233643837053,-0.233643837053,-0.309179083738,0.734813519884,-0.785619674198,-0.786561970365,-0.787473535656,-0.351262240722,-0.237720596663,0.144624666145,0.859643363501,0.444592611066,-1.57269120634,0.105269775051,-0.987415940267,0.569339765307,1.65772163407,1.35513097235,-1.65135248134,-0.0587791046471,0.0934264918364,0.114667914096,1.46845589403,0.0894149617835,2.10732763823,0.0454234480353,-0.032130486138,2.10281058663,2.17401400001,-0.598519384712,3.9487903874,-0.500406856053,-1.33776839913,-0.967234970277,-1.17234359525,0.423658293276,-0.453425028623,1.61845943031,-0.327314500253,-1.77094862743,0.958974118009,0.29457252877,1417250447.64,01030320,0.07487923
772,600767.XSHG,600767,2011-05-31,0.117808613781,1.8036257459,0.465222882932,-0.0130720460866,-0.226692294707,-1.34917053553,-0.739035630753,-0.481007665693,0.623345402049,-0.232713907212,-0.765685643035,-0.644977445928,-0.771434440041,0.369422573558,-0.455081194685,0.0659154556295,3.34508125095,2.83905291806,2.73961658682,-0.853914031566,-0.916479239209,0.115817372657,-0.482236103234,-0.711062275755,0.715584803506,-0.409679922697,-0.754884513177,-0.584078641517,-1.1414601499,-0.784163203827,-0.982314952374,-0.832017981904,-0.785085851169,-0.930210332874,-0.414052139646,-0.201472980316,0.711062275755,-0.732890130894,-1.4152715226,-1.0721422502,0.255537179329,-0.167544591054,-0.0217769003762,-0.599616243473,0.424673378583,-0.774299130011,0.378906063388,-0.534187452405,0.0882459717532,-0.267177971047,0.167237101675,-1.16563137941,-0.818350350556,-0.614704450287,0.0737760720193,-0.858581556154,-0.746335634212,-0.999781736332,-0.853774455493,-0.748513838546,-0.951649087413,2.40319424588,1.19413880011,-1.08399246833,-0.522723553509,0.091157533091,-0.559908169857,0.0529128097504,-0.369422573558,-1.03763550671,-0.559519287844,-0.0941953368387,-0.303857130664,-0.6846912582,-0.684335732754,0.230496680664,0.224496656555,0.473688899891,0.311044686431,0.130917726777,-1.15836065937,-0.0326567453101,0.873547861644,-0.57454795797,-0.995892771107,1.07358298798,-1.24916609764,-1.38138947017,-0.751413148545,-1.3725555119,-0.358939551486,1.12360545671,0.137188963788,-0.0811519707508,-0.424673378583,0.314536954865,-1.79873938896,0.53134024488,-0.865517423306,-0.346989323173,-0.503297300382,-0.795302163417,0.023384559482,3.02388157195,0.584630846773,2.48215692961,0.47575822219,2.56329569206,0.979716679434,2.63201502936,-1.21370360197,0.0,7.08344524538e-17,4.73412355483e-16,1.48544128151e-16,0.453554216078,-7.58165519055e-16,1.18022643622e-16,0.0542471305668,0.0,0.0,-1.08046864175,0.33616149472,1.10819496126,0.0650061947411,-0.640370558937,-1.65319532476,0.841422421259,1.17975084039,0.797545347277,-0.738452898374,-0.479862721394,0.132586481855,2.46640575832,0.0470699666557,0.365929306817,-1.6667843984,0.024076957296,-2.25025466529,0.89128462854,-0.995480581453,-0.73253575868,-1.60842606942,1.04896997036,-0.644216906282,1.05188744532,0.0181064520903,0.833034534216,-0.953055359361,-2.01757485673,0.946055085708,-0.777032745628,0.657498606712,0.134670866307,-0.281015633795,0.641882449759,-1.02756156601,-0.0782808254252,0.472078524796,1.05268697566,-2.35340281343,0.423986533543,-0.550851526564,-0.552772629406,-0.589083323761,1.22956577038,1.70131385292,1.53827149645,2.87144041825,2.6754231897,2.19084589063,2.44270672459,2.41077063464,1.80511974905,2.2638162909,-0.927905036452,1.65722703144,1.3787602774,-0.347610365179,-0.487748994868,2.54747956447,2.13262384825,1.53723100485,1.22714811393,-0.282490571017,-0.278392650682,-0.257124663955,2.2803682873,0.147438496049,-1.00381930027,0.0655071172705,0.611668266409,0.517746921807,2.03742195866,-0.147084866405,0.367733200792,-0.335133110279,2.04236085856,-1.9748172191,1.53532527489,1.14615478717,1.11916554088,1.58694924889,1.58694924889,-1.58694924889,-0.163041570412,1.3765242375,-0.419869949074,-0.393918789225,-0.392015064883,0.276342671897,2.2135107243,0.475353891051,1.49089353818,1.02143389862,-0.666181155717,0.344765645389,-0.32948656249,0.0209966732747,1.84971076133,-2.42804591337,-0.284086434615,0.611701747242,-0.79290694891,-0.856317719812,0.356707193433,-0.798839761286,1.15895830227,-0.780299174741,-0.851374769404,1.84972951633,2.67195405187,1.42611950408,2.72468087021,1.21018643497,1.54905655821,-0.114482072836,-0.215772801695,1.22343597982,-0.448862649537,0.580596987593,0.335602059317,1.26957505613,1.34319612034,-0.587357147307,1902836815.56,01030320,-0.00896057
775,600791.XSHG,600791,2011-05-31,0.0535304931846,-0.247065455248,-0.324999248737,-0.245314495748,-0.200381295865,0.0535442915015,-0.878672668841,-0.481007665693,0.704989413386,-0.0840418716718,-0.886200459065,0.406962704762,-0.130496741337,0.617293203558,-0.283123449126,-0.780845352469,-0.246766613216,-0.277880936815,-0.225531154634,-0.354073652492,1.37297650284,-1.69041116539,0.485937467132,0.788146031507,-1.16215544973,2.13193521594,-0.705222040836,0.160466846563,-0.215891077298,-0.876162386737,-0.861738530781,-0.880280708684,-0.868829551187,-0.866035886709,0.0702137310925,-0.0906694195882,-0.788146031507,0.351586224724,2.10284598956,0.651926875958,-0.213888457596,-0.16648815367,-0.46727924608,0.582950737983,1.02432848725,-0.82452021974,-1.55706192453,-0.537293193407,-0.192940787452,-0.250862107258,0.137912090715,-0.824023102173,-0.483504321768,-1.10682832086,0.0445828155467,-1.31744794648,-0.875264432611,-0.807621383093,-0.885490257029,-0.876368751473,-0.852073790488,-0.365189692858,1.38655008236,-1.17169424192,0.822381497801,0.159252933856,0.186004804508,0.182234212392,-0.617293203558,1.76024465213,0.186722050298,-0.151054060496,1.70150350985,0.307252717575,0.308060392138,3.06126655161,0.240739810088,0.47521093483,-0.167715100418,0.115231381054,-0.270784066849,-0.31284506059,0.140854004919,-0.682428473685,0.0322749658789,0.232230418904,0.278122298591,0.84394213966,0.0548215778479,0.612202800508,0.319879618221,-0.188898248235,-0.321799635154,-0.632710217408,-1.02432848725,0.449905333048,0.304742667282,0.775634776859,-0.599934334709,2.45104776206,0.0142364773407,0.440383092234,0.36345220902,-0.682689789253,-0.85858829671,-0.768670013389,-0.867041618209,-0.574120290673,-0.809540256769,-0.445740080889,0.523708142762,0.133545560552,0.250203932295,2.05459228738,1.54199531112,1.25342696149,2.13942506851,1.18410585403,0.885354112081,0.0839512147722,-0.154275988561,1.50478732786,3.08022511972,1.30117810055,-0.487460622308,0.118515076255,-0.399047147355,0.793200261776,-0.339101289941,-0.0994014097075,1.86584585993,0.0994487676291,0.557631593614,-1.03494535765,-1.03532735525,-1.05669779592,0.371562266352,0.335495205774,0.417069088417,-0.0287583560089,-0.83109406998,-0.918074828207,0.0564034655067,-0.284134885511,0.0780904734171,-0.449004766425,-0.550429699376,-0.424690459716,-0.665505362125,0.228746466905,0.301982548771,-0.934048641964,-1.00376331434,-0.897102880464,-0.797245169886,-0.498824693215,0.0624873650028,-1.12415667756,-0.86768624912,0.155522869147,0.213995257837,-0.453380146252,0.133108043969,0.132497393145,0.131920154913,-1.00605196381,-0.774559136833,-0.791223882793,-0.664523263606,-0.0130032745522,0.0242890657981,-0.794624461473,-0.813092200072,-0.8772065818,-0.741089989172,0.0936167011731,-0.871105996345,-0.0292095485699,-0.489765229943,-0.486041754979,-0.660267663219,-0.701342961159,0.528001465307,-1.00716356437,0.128713279143,0.122800678233,0.126447831879,0.123891777377,0.453305076351,0.329229897479,-0.569217612143,0.414746611671,0.352312331416,-0.645883463718,-0.230889708005,0.424366708522,-0.250075153027,-1.00512413322,0.498881375654,-1.20466732861,0.0787985068586,0.253270243935,0.423864670356,0.423864670356,-0.423864670356,0.533984199126,0.268889723157,0.173109458595,0.16962243865,0.168072258747,0.132890120441,0.0129735157087,-0.69455026131,0.229932823398,0.400932605357,0.565184348481,0.484037700423,-0.0927599939752,-0.673584628948,-0.54276913216,-0.46905704936,0.0910973646295,0.332649700127,-0.877785243236,-0.879526536122,-0.851667567066,-0.877529979193,-0.430103294995,-0.861149085336,-0.853866947718,-0.358978006321,-0.868931788251,-0.410718933382,-0.938326132987,0.0577838635345,-0.0874333464546,0.937619114301,0.545947527075,-1.0159415425,-0.407776352057,0.202513219413,0.185963127181,-0.0942867007962,-0.72994417999,0.324363498443,2513484000.0,01030320,0.07771128
805,600113.XSHG,600113,2011-05-31,0.113251254104,-1.48987875225,-0.286021908281,-0.210050331885,-0.20299096896,-1.11205974558,-0.781427627443,-0.481007665693,0.235900158331,0.252836710731,1.36714633368,-0.107319146687,0.531116367004,-0.31937177327,0.220167513484,-0.40738406651,0.0318254648914,0.939868524706,-0.267240393963,-1.39846587071,-1.52124113334,0.303247949389,-0.453946475738,-0.645807174222,1.08070096386,-0.214171065878,0.639298551824,-0.0462637561361,-0.0969476833067,-0.121569707844,-0.464108747611,-0.144029314356,-0.139324358556,-0.313640502257,-0.162493104603,-0.1847522607,0.645807174222,-0.110168881317,-0.416007893095,-0.168170870536,-0.688055767622,-0.165292474786,-0.236278029789,-0.390590513943,-0.866982541571,0.16316121161,0.693500861425,-0.226719093172,-0.579423294283,-0.134739392778,0.199701245795,-0.800700941671,-0.459121157451,-0.779846688733,0.0773945169685,-1.01386629061,-0.105343220381,-0.481076794665,-0.086451319888,-0.159026831506,-0.379668183702,1.56094618425,-1.07795578396,-1.11408621417,0.139114287301,0.11685940331,0.0751467801363,0.137928227406,0.31937177327,0.0957551953084,0.0758152243088,-0.364274274213,-0.132910676995,-0.0314813746419,-0.0308281022668,0.0217645274834,-0.154847717883,-0.0213106854524,0.337475612634,0.277886675186,-0.126458481109,-0.221196978025,-0.592719436268,-0.20905039096,-0.88262005432,-0.0077429942689,-0.518156266964,0.771534386629,0.29079271728,0.218132512177,-0.0548335183416,-0.415985890528,2.0813636072,2.11422357008,0.866982541571,-0.21760969207,1.5917938574,-0.57969790056,-0.22683245997,-0.389689921946,0.533214535374,-0.1056131072,0.124270436104,0.00252502454817,-0.0410010971999,0.667850357406,0.0451865342362,-0.242860125998,0.243629965173,1.12678068554,-1.21370360197,0.133545560552,0.250203932295,-1.2611869701,0.82698598125,0.824923705019,-1.30737256731,0.238980451042,-0.331623967993,-0.309537161171,-0.266342284558,-1.00839209737,0.0667616774957,-0.160924686806,-0.0174991632506,0.839888262828,2.10924920745,1.59962976814,-0.118863343833,0.693126311976,-0.40178146028,-0.43143540932,-1.33325824374,1.33344509904,0.484904136713,0.293644949664,-0.134979755662,-0.327056288289,0.61896828867,1.5618741497,-0.144343884197,-0.0399629857194,0.208189739021,0.195608822673,0.357525956855,1.51129010095,-0.520354503102,-0.572276743901,-0.501941734031,-0.0542372719662,0.636109480686,0.037364429878,0.784715096,0.122189732273,0.871099291125,-0.845668287759,-0.907471429542,0.524958103383,0.94826492833,0.873919711168,-1.79225978487,1.48731680308,-0.18734843661,-0.185751418419,-0.179858162229,0.347250557399,-0.431132981269,0.0996678131051,-0.576171180321,-0.029768845929,-0.464467614038,-0.226111816411,-0.167337241895,-0.0154420695754,-0.385672057874,-1.11212126229,-1.16484747884,0.179622455014,-0.496293249272,-0.459991016998,-0.220363950638,-0.00672341994509,-0.217890095322,0.345882740375,-0.144230406774,-0.133686215765,-0.142842548816,-0.270441887273,0.0287424530334,-0.232715569117,-1.27988213218,0.171822767097,0.233155612965,-0.222432857507,-1.18376057788,-0.238223423409,0.968321148308,0.0107041973719,0.498881375654,0.491518568794,1.29461201561,0.787392608962,0.185913148254,0.185913148254,-0.185913148254,-0.761185811,-0.201537306676,-0.408776114785,-0.410736475041,-0.405581476973,-0.87127773975,0.597926444575,-0.303571584996,-0.0548995724918,-0.739519664993,-0.296862246204,-0.941223049691,1.26417752706,1.24514769547,0.751169423718,-0.0944157473966,-0.528395516336,-0.475836078928,-0.120653853852,-0.173160367789,0.234826595145,-0.119654986049,-0.00659485107614,-0.176736244072,-0.148016777756,0.161563740553,3.15362207056,1.98171466751,2.92192394435,1.0102423975,1.84674352449,0.0159326961239,0.0996657002843,0.423658293276,-0.326906108945,0.120920714795,-0.89529883406,0.250323655667,0.652149353561,-0.584684212368,2561544000.0,01030320,-0.00870647
817,600185.XSHG,600185,2011-05-31,0.164357204603,-0.115490279956,-0.228176555884,-0.281947720964,-0.19797490257,0.553722209382,0.337012515776,-0.481007665693,1.18125450963,0.320398035246,-0.0654852196691,-0.644977445928,-0.771434440041,0.598702906308,-0.63066111005,-0.505979503069,-0.430836379108,-0.675384647053,-0.176238417244,0.0040398342874,0.299764125647,-0.442765021328,0.57525093559,1.07515787639,-0.27544477459,0.470109932986,0.876103755305,-0.129428974762,0.0710467032511,-0.301409596665,-0.175642920923,-0.300064808415,-0.297752107272,-0.241371229984,0.60102096897,-0.134015946361,-1.07515787639,-0.428199721592,-0.374618275305,-0.29864096657,-0.616930671118,-0.166298525982,-0.461091713501,-0.0897411033658,0.959804887208,0.915833697431,-0.00828753419485,-0.534187452405,0.793207925596,-0.281759996448,0.128184082272,-0.172230090265,-0.489419049746,-0.00698101280703,0.188471842476,0.160086301908,-0.307865363401,-0.18007772766,-0.30815750323,-0.27534312192,-0.198097595104,-0.203911399943,0.566950103292,0.788268433516,0.148592662356,0.108344543675,-0.037702705751,0.312074550438,-0.598702906308,-0.293633838077,-0.0370839398718,0.573894666139,-0.300204606713,0.0267385474578,0.027418357709,-0.305171804829,0.0715376073436,0.445277581019,-0.237717540181,0.115403023912,-0.144200338664,-0.26611007799,-0.592719436268,-0.418465509701,-0.0862257224517,-0.0886978806403,0.597939099511,-0.512496433793,-0.210645954013,-0.437803838723,0.0151542245204,0.0783821226654,-0.735731555117,-0.0673087273554,-0.959804887208,0.266717444034,-0.251620500493,0.612771755539,0.112961964714,1.31649744411,-0.825371809496,-0.0559437651234,0.0738948180672,-0.418220913751,-0.126314544105,-0.582108926273,-0.195641698009,-0.204637799305,-0.10176456998,-0.29561908492,0.475013867406,-1.84854952815,-0.627073605314,-0.176394990802,-1.16337307397,-1.2604588098,-0.338572492153,-1.02364358763,-1.72669640125,-0.141962398607,-0.259607531193,3.34756441765,3.76564500868,1.22783248375,0.399130103072,2.11257385674,-0.399047147355,-1.18907493699,-0.0284868161477,-0.601815511497,1.77049485824,-0.775968027559,0.469132464772,-0.266426821703,-0.31716681079,-0.12808771078,-1.93087048133,-0.0443014983499,-0.631857569588,-0.668355732397,-0.241045506755,-0.357380917371,-0.410446943812,-0.66009136815,-0.541584119537,-0.945436815628,0.0176192811054,0.280595488639,-0.0605009602569,0.364395616927,-0.162163820959,-0.355956108648,-0.427464005036,-0.419699503682,-0.598958328209,0.306799347628,-0.0631453931478,-0.115792429097,-0.141908083671,0.0773388212936,0.223463476233,-0.733517605153,-0.206740884842,-0.207845983906,-0.206096697378,-0.839088441749,-0.454214776996,-0.671632102462,-0.233323051466,0.0671868032308,0.22144239896,-0.588795497058,-0.624454880995,-0.745006256499,-0.498504057174,0.401161881556,0.893952506741,-0.490615394326,-0.316278429068,-0.0351120436352,-0.436444002953,-0.617933060848,0.492396383323,-0.839355162573,-0.18101826387,-0.180990367232,-0.182401968017,-0.0227133511669,0.333585919411,0.273507347838,1.90840407645,0.0726221384291,0.146193897562,1.16348230385,0.185488318473,-1.3961102772,-1.18789400346,0.166985479001,0.498881375654,0.752470245317,-0.22024895617,-0.0560639389613,0.252595728194,0.252595728194,-0.252595728194,0.126644087232,0.0562727886477,-0.161594473734,-0.162895433153,-0.164673726678,0.240479534033,-0.0427362870405,0.368207372697,0.029780328989,0.223646521567,0.25212532199,0.273177205886,-0.467385534441,-0.437261004151,-0.135892766134,-0.322001585038,0.512260277189,-0.332945205777,-0.302369921704,-0.293016928755,-0.324067319524,-0.301924021797,0.13457463023,-0.290583098413,-0.301671438351,0.00338807161365,0.183560306166,0.372888165165,-0.08351344864,0.00288421065637,0.798656349376,0.201707203744,-0.0400183897175,-0.348301038952,-0.0592769517484,-0.448322384601,-0.251690523797,-0.254663058996,-0.0388974132148,1.34065775334,4274198560.0,01030320,0.17432432
832,600239.XSHG,600239,2011-05-31,0.352150913324,-0.174479436407,0.22962099699,0.68230290927,-0.0801605239598,0.70795863095,1.28747284502,-0.481007665693,-5.54556971144,0.116229197426,-0.0369914065768,-0.364460072411,-0.440627885871,0.95763864552,-0.814057286577,2.10099983419,-0.510434115711,-0.631217568138,-0.506120582853,-1.91981836736,-1.70650945963,-0.241151688499,0.094327268161,0.482884878571,-0.862238603726,-0.278688988628,0.176589663179,2.55452152872,0.00629097229225,1.7070493454,2.23858091727,1.71530272674,1.69659075147,1.92923830996,-0.250862789044,0.106255855652,-0.482884878571,-1.06187019282,-0.135149772376,-0.396493538595,-0.823983729829,-0.163292080389,-0.486873099247,-0.454814257296,1.37003291318,-1.01574667679,0.427305263086,-0.531081711403,2.77259993968,-0.291407251059,0.1868737564,0.734879205027,0.719961758627,2.50483243395,0.180341509381,2.20363340741,1.73061410446,2.41196772999,1.68390479572,1.68703651231,1.87363221469,-0.360365968033,0.138701742075,1.58962189415,-0.216530828901,0.111249972482,2.28876689154,-2.95946222307,-0.95763864552,-0.0673411907659,2.29040980953,0.618315543996,-0.219293562836,3.05990827685,3.06197067024,-0.875004035952,-0.110354760607,-1.76995971601,-0.136682909986,0.110826273521,-0.196551713477,0.317829978319,0.140854004919,2.96242073999,-0.535831275235,0.334869649839,-0.616059369287,-0.140803301566,0.546428118331,-0.118310293129,0.302537522644,-0.133557847865,-0.957225135891,-0.557250969095,-1.37003291318,0.141809583845,0.0811298733752,-0.323132866975,0.315436200575,0.658081759791,-1.24517595291,3.44400367509,0.0898998551994,-0.338078830265,0.129625796611,-0.381555757623,0.161951737749,-0.367082687751,-0.169711035912,-0.176650395825,-0.507311980792,-1.08150588081,0.967976463066,3.55556232164,0.559927855798,2.16756724196,1.77658030352,1.08035183559,1.83519066238,0.704339465405,2.65491086563,-0.133823148769,-1.44295013009,-1.48294936994,1.12709174237,-0.648713901115,0.228026941346,-1.40994964962,0.149633913174,0.550438520282,-1.0335308954,0.0702033415085,-0.20645243427,-0.0044538364939,0.489591868726,0.457282543464,-0.284004629262,-0.00348134738662,-0.0495731571829,-0.659413782991,1.82020455057,1.55739210352,-0.489923736112,-0.571966573174,-0.791309677823,-0.867825010985,-0.380734343639,-0.183768946761,-0.743950097408,-0.807866359964,0.231203225927,0.245207736994,0.112864094627,0.443578933637,0.997592621161,-0.553444299732,-0.467756776015,0.280958206944,0.192371486307,0.145561090975,-0.415641265507,-1.57869827903,-0.873622403772,-0.871943901195,-0.873784320607,0.322746477737,-0.0884713305525,0.173264110706,-0.264415902373,-0.160730338772,-0.18161713092,-0.384635216444,-0.380434591328,-0.342569888547,-0.394075633706,-0.0717753407132,0.390089243292,0.599873345109,-0.406785809318,-0.0828921694772,-0.192757185267,-0.312434478156,0.477176956122,0.325060762657,-0.669847525013,-0.671923663758,-0.669064493201,0.343045410248,-1.73904271778,0.233852261491,-0.258653993121,-0.204399820542,-0.544218749826,-0.613190347076,0.887926751534,-0.1903861839,0.0177666368617,0.166985479001,0.498881375654,0.752470245317,-0.803839440368,-0.821385557267,0.588816315471,0.588816315471,-0.588816315471,-1.71342626328,0.246373557626,-0.796442152321,-0.797467880626,-0.795384526421,-0.136083413539,0.152248022582,0.115215463314,0.451640201821,-0.44977599074,-1.28685470389,-1.20935429583,-0.386682633979,-0.230452734362,0.0741308427494,-0.125927632608,-1.81278385098,0.00353975357881,1.70747440393,1.73369156408,1.3828100682,1.70466226386,0.13457463023,1.68683643894,1.66551764657,0.316863488239,-0.949917636206,-0.710839282892,-0.767957594547,-0.365169336018,0.125437316635,-1.44205119033,-1.45029725282,-0.30657350748,0.20218055083,-0.581572819018,-0.0360817398596,0.463716991784,-0.0388974132148,1.4638885746,8950041814.32,01030320,0.18603914
848,600503.XSHG,600503,2011-05-31,-0.0412246857626,-0.212474556731,-0.128374703251,-0.02233494237,-0.225027597975,0.234023071306,0.454292967714,-0.481007665693,-0.357035083189,0.742470705431,1.68618361797,1.58747331831,1.81299176441,0.236907121366,-0.693191199344,0.752872945859,0.101473484418,-0.17692761358,-0.312741382323,-0.66789748543,-1.6316341775,1.92095492947,-0.102240223809,0.124534829473,2.09781026769,5.84660349549,0.612650395933,4.31518044627,-0.0281499821449,3.17225738479,1.77261971611,2.99324377509,3.2323758742,2.36580257442,5.10168899757,0.884511756759,-0.124534829473,-0.865161762523,0.642383761824,0.847632020008,0.0595480245188,-0.164570969658,-0.498216908976,1.15314582168,1.05984606526,-0.709913117537,2.04867845297,0.270199467205,1.35664227256,-0.286361336781,0.189931382242,1.26932492515,-0.364002674868,1.48673053393,0.181949707136,1.20903468319,3.21332337512,1.48871617346,2.99512901998,3.25073784678,2.24254392796,0.0534024280929,0.289693093438,-0.517800135902,1.8814868844,0.153169281455,3.86423422393,0.0411467743346,-0.236907121366,1.67334466669,3.86657068985,0.326914585251,0.421231369302,2.42037125378,2.42214213263,3.62455172347,-0.0758050120432,-0.509376556071,0.626600089758,0.0894377618319,-0.265884563225,0.269260803066,1.60624171837,-0.0165126995837,0.79207349694,1.72122207895,-0.0786801187614,3.28891060035,1.89998479313,4.79612756071,1.39323146229,1.98043864979,4.06596293455,1.93480427823,-1.05984606526,-0.0539000089759,1.21388180025,0.73882327204,-0.706284438394,2.15076613198,-0.969799840488,6.11661749857,0.340337005043,0.647668796606,1.00408862739,0.527929542069,1.13986031717,0.1871410493,0.713593021201,-0.00622346161982,0.523708142762,-0.909260460003,1.9648827558,-0.810895959828,0.361908804862,-1.2604588098,-1.03512517777,0.481073160746,-1.2517781261,-0.342771178644,0.469537276646,-0.981853453411,-0.17641337876,-1.11081054372,0.513087779856,-0.197847511712,0.228026941346,2.25149003115,-0.361914782366,1.67535772607,-0.529308520164,-0.845541747241,-1.88668941565,1.37050154836,2.93565043335,2.98501773225,0.243268863003,1.03289431719,-0.00254903395057,2.64410510724,3.16506300098,2.82706383013,-0.978258703391,0.925606887188,-0.795720315763,1.81512920818,0.415188865046,0.951376224612,-0.405136187804,-0.904352946644,1.91729242794,2.51773200115,3.63748533846,2.37815470883,1.54117206645,0.650733129616,0.868015049615,1.88331433773,3.74688670625,1.7522173856,-0.167050169744,4.32564569518,-0.926694452826,-0.926861380592,-0.929960871613,0.223281784016,0.183567381796,-0.0783300341245,-0.000925391813987,0.202092830135,0.177858350122,-0.503622610064,-0.519819278323,-0.617892504284,-0.478963362225,-0.0385441515537,0.560932836332,0.110952471854,0.0784195959715,-0.51043796558,-0.421048011581,-0.551840858202,0.313952090084,0.223662981171,-0.830199843801,-0.824393216019,-0.830995190251,1.45352964976,-3.05250599503,0.197975596877,-0.00984731305966,-1.31215138311,-4.3327843151,0.589981341615,-0.849032255472,-1.40017430648,-1.06594327501,1.96422021774,-2.24967261852,1.1438977601,3.68528531491,2.85496305423,1.0970077668,1.0970077668,-1.0970077668,-0.179872468957,1.98590817461,-0.817741625838,-0.81892666065,-0.819674462028,0.993605429176,1.9906715133,0.064279936762,2.14369859686,1.33234606049,-1.55272802204,0.456703932613,-0.724331466986,-0.821964542904,-0.166707589073,-0.733406753082,-2.66635221791,1.62429100575,3.13875766825,2.88380807399,1.83245065378,3.1479727242,-0.752259290797,3.28377014155,3.20452676205,-0.226685628662,1.89056173256,2.55222180133,0.408392891584,1.90028581386,0.138051874448,-1.89530905061,-0.38445460152,0.778342310786,-0.323413815136,-0.19367765005,1.84003648456,1.97072458908,2.03424288711,-0.146608794908,13832654175.0,01030320,0.03293875
861,600807.XSHG,600807,2011-05-31,0.11898580505,1.01525203022,-0.194661008358,-0.037282430638,-0.222505829658,-0.667584272019,0.455636806225,-0.481007665693,-0.187524652768,-0.570149313718,1.91086434088,-0.644977445928,-0.771434440041,0.543408688847,-0.126988866407,-0.095648495035,-0.201992886377,-0.309428850326,-0.240698150754,0.42204980531,-0.511384764095,1.1614137914,0.189058589592,0.763813620765,0.754704392115,1.15439093185,-2.03702419546,-0.140662191496,-0.257910725866,-0.349346013023,-0.318556805636,-0.292398728915,-0.411404271582,-0.293584249251,0.429289215539,-0.203352766204,-0.763813620765,0.574346251351,-0.324359453702,-0.31261990543,-0.231274592297,-0.16050014197,-0.250715605807,-0.437780995648,0.126325723332,0.28678235556,0.959696459763,-0.32920854625,-0.334431126849,-0.234079440828,0.118092595252,-0.968006756216,-0.831145476385,1.13332614366,0.187958112638,0.785107358111,-0.320561619801,-0.354942226751,-0.231663196557,-0.428106345912,-0.3023966797,-0.510699328752,-1.13683713661,-0.211703749652,0.26892681523,0.134008382263,-0.0445621843049,0.0519844253116,-0.543408688847,0.718880173484,-0.0439464380867,-0.328737571927,0.0216896903992,-0.0277323645067,-0.0270773832532,0.0415247427261,-0.689453168452,-0.956854828301,0.233648612162,0.109050698348,-0.155321539896,-0.273266301674,-1.32541329299,-0.562261190848,-1.53611649732,-1.54588583533,-2.11288902257,0.194685954146,0.0154930546092,0.340167182112,0.288292229849,-0.720332605735,-0.89195611494,1.99370592169,-0.126325723332,-0.126814457065,0.0135955540371,0.312702216259,-0.777574068336,2.19851733921,0.280946907907,-0.214665721723,0.159208226128,-0.0335389130203,0.229158151334,-0.0783939910588,1.15445596761,-0.0995264008986,0.453131568463,-0.460309471562,-1.21370360197,0.0,7.08344524538e-17,-0.650565069806,1.48544128151e-16,0.453554216078,-0.807948844356,1.18022643622e-16,6.5908150486e-18,-0.362556178255,-0.329931825832,-0.618002613244,-0.981632743959,-1.56230692255,-0.399485295831,0.695965610262,-1.02612123606,-1.03020014369,-0.797126022483,-1.32618840037,0.353571125187,-0.260781490613,-1.49779183539,-0.055688405557,0.285675526141,0.411162462827,-1.56250727225,-2.03630605423,-0.249415793594,-0.843368529809,-0.4055881901,-0.0922479200705,0.180256772995,-0.318559087838,0.304612445789,0.00479325198264,-0.617788700089,-0.62846904167,-0.309838241877,-1.58202668226,-1.5522040984,0.0392786435645,-0.0605070030801,-0.0359046321512,0.707854520606,-0.917605320389,-1.60029913993,0.341064009106,-0.471624732957,-1.20041698892,-1.84534224332,0.384648081867,-0.443757006703,-0.441515086811,-0.427549257713,-0.539855668004,-0.439645911033,-0.608570964864,-0.396606247094,-0.0100488027198,0.0147653831162,-0.451402865515,-0.461909828714,-0.498672639989,-0.416515880205,0.0621314414124,-0.357387331086,-0.883821599273,-0.204862496049,0.0211913724701,-0.476272127154,-0.581366018925,-0.0785415783789,-0.539444956551,-0.321702477234,-0.31376880383,-0.321448729505,-1.55658240696,-1.05936886147,-0.0189718412884,0.941348891244,-0.118717379238,0.0118198568924,0.335728988372,2.46106802618,-0.586010123008,-0.839925937821,0.166985479001,0.498881375654,0.752470245317,-0.158391777655,-0.630255498664,-0.497758776606,-0.497758776606,0.497758776606,-1.06786420275,-0.978505847231,-0.339810614212,-0.339007107939,-0.334225501716,-2.18028227178,-1.21264214477,0.396294677338,-0.920174202168,-1.14436699066,-1.29592887857,-1.14557550427,0.552514098401,1.91770960586,2.27430210045,1.29035654164,-0.563276222989,-1.41762521448,-0.331758499739,-0.281996915256,1.14563701208,-0.343053004026,1.76345326069,-0.483445055715,-0.467490302625,1.72894082368,-1.02465165456,-1.2808549995,-0.322175121171,-0.694395704635,0.292746188677,-1.03111159181,-0.653921124511,2.68389958133,-0.430198371457,0.737366188442,-1.69337313878,-0.920026131859,0.652149353561,4.50957822871,2235212352.0,01030320,0.47557471
1,600070.XSHG,600070,2011-05-31,-0.776276327669,-2.39335903066,-0.070159949043,0.245225997086,0.340575416393,-0.578986646703,-0.423378042337,-0.301132992492,-0.402276588969,-0.3668381679,0.450334395683,-0.733767495849,0.856986119424,-0.451183976318,-0.0627365278927,-0.657548271255,0.821384597942,0.618425209108,0.0600874218497,-0.52398674464,-0.866138669772,0.685808891284,0.512363759127,0.49681100802,0.303005689122,-0.392293100911,-1.67987168883,0.33677951847,-0.0074428708246,0.485675464072,0.332603298083,0.514644295032,0.412948041514,0.450722778507,-0.372415070088,-0.805762785883,-0.49681100802,-0.106874368674,0.689227655031,0.9889051799,0.504615772246,0.244438203167,0.174847491359,-0.517898365357,-0.642896383849,-0.716673601103,0.319476228949,0.00943497175859,-0.63367426432,0.425907765117,0.287486320256,-1.30762126528,-1.15442462799,-0.219519327895,-1.02575274285,-0.564101377981,0.554419849481,0.324458400325,0.535719175256,0.414236155258,0.450903770709,0.000779518190538,0.836210045489,-0.410985984182,-0.490701322226,-0.370471527477,0.254132434778,-0.408028977392,0.451183976318,-0.0982714879941,0.266735496357,-0.642241643669,-0.159423085513,0.0187241174058,0.0321834838539,-0.0611549542115,-0.312749671377,-0.544006929011,-0.140729175738,-0.602680334868,-0.48480196635,-0.43277088249,-0.823655583199,-0.404457955313,-1.18290532272,-0.324430191702,-0.908272793624,0.365784327744,-0.227131128318,0.715027421774,0.123947450321,-0.086824576122,0.658207438,0.762635633992,0.642896383849,-2.20695170396,0.326349333228,-0.540422903388,0.184480602094,-0.693265083124,-0.242851232901,0.103784828472,-0.25949328,0.859231364614,0.603320820273,0.765021106392,0.28709551957,0.403075817316,0.766434134074,-0.0584667546089,-1.16101554674,1.84778612338e-16,-1.44222201479e-16,0.0,0.0,0.0,0.0,-1.93561950606e-16,0.0,0.0,-3.24597977789e-16,0.370903847189,-0.599629240146,-0.896257215577,-0.449885605303,0.287835668733,0.688363146222,0.164445254098,0.0455564607999,-0.0105006218972,-0.11966170171,0.012762731266,-1.08752748592,-0.0578741182148,1.07328842035,1.00332911548,-1.2864419686,-0.935542601082,-1.16263355358,-0.533554955643,0.406847035019,0.628730055021,-0.678009094778,-0.501092004769,-1.03698089484,0.00492659900333,-0.559208217364,-0.257248099439,-0.860770896667,-1.81885180875,-0.227559530429,1.12930783722,0.505187615008,0.916151868658,1.37341010583,-0.392006411238,-1.24174685083,1.2729646469,1.03932158667,0.334096967425,-1.5307771909,0.515439706596,-0.536991702973,-0.534893158143,-0.534505174224,-0.05566139712,-0.173450550729,0.074810695965,-0.253071876142,0.429721942836,0.298588937139,-0.318958677015,-0.314942328829,-0.379266517572,-0.383807207401,-0.416797451595,0.975325665421,-0.285378549786,-0.510744562935,-0.547964613288,-0.214966121266,-0.222754267173,0.233975923089,-0.0587032838805,-0.460671152443,-0.456509718748,-0.457701107069,0.153688382574,-2.25842032813,-0.0807235777029,-0.336770519516,-0.556128795315,-0.81910166608,-0.0549692381538,0.553424501845,-0.0162186426541,-0.238822175185,0.26887866002,0.550977746769,1.00170999379,0.246573791723,-0.263508160771,0.064670965957,0.064670965957,-0.064670965957,-1.6098374131,0.22769865365,-0.60950560018,-0.607349274023,-0.606947178827,-0.778571756002,-0.00804001858479,-0.170523548009,0.672143560118,-0.772836378869,-1.03440250826,-1.12413733348,-2.02361458433,0.981841364056,1.4488727106,0.105448866971,-1.86253224469,-0.386454006001,0.498048788433,0.512785247155,1.53310506036,0.479279740606,1.12522587992,0.388761382824,0.349760726139,1.34186878093,0.329346194147,0.275609089104,0.289021761031,0.318424366499,1.53451230132,-1.4026383173,-1.23444867817,0.33024659191,-0.315484326537,0.42685824837,-0.720904247304,-0.294498708857,0.638445564429,-0.64721731171,1478502237.6,01030315,-0.01998097
19,600152.XSHG,600152,2011-05-31,-0.0939797356518,-0.146441010836,-1.09320147551,-1.20822235564,-0.194093955185,0.246368101317,-0.389179581841,-0.301132992492,0.165840074415,-0.44547217291,1.31727770367,-0.308875434598,-0.336434003914,-0.190671086404,0.513069115155,-0.69102507321,1.95728671598,3.43572213663,1.78202817623,-0.401339606232,-1.47481546589,2.41005162948,0.882594420942,0.868328290249,3.38650752999,4.32192043607,0.448389776678,0.0736215691538,-0.39888382591,1.1239624031,0.00838611616631,1.03122904974,1.05788420189,0.426859573789,4.31539720511,-0.832302460755,-0.868328290249,2.21997058792,1.67655377334,0.0203359936904,-0.620353334688,0.0824160716168,-0.0812611319315,0.576780146362,0.185078373974,-0.513071325538,2.70812976737,-0.0593567210635,-0.319428155667,-0.423626734979,-0.259752105067,0.0780389647951,0.399515669557,-0.612269563105,-0.362463701777,-0.547740303966,1.17810557643,-0.202945740584,1.17505937574,1.09603772244,0.202278561849,4.12776354944,0.792173781059,-0.432216029407,0.436423448018,4.01449674324,0.0471386669542,0.0270627083487,0.190671086404,2.65824640016,0.0594813456849,-0.355605136103,4.56578927041,0.249752725899,0.264187499328,2.67269062103,-0.21919246606,-0.00555846821869,0.171419825629,-0.298294217886,-0.517132205653,-0.66326265379,-0.0655652134028,-0.568779046643,-0.734754229819,1.05588801354,-0.589994730972,1.0179105636,-0.389247026597,2.27319855881,-0.203226171883,-0.563672023922,2.25910110563,1.62961556551,-0.185078373974,-1.31209440843,-0.0560699512868,2.10317448388,1.21533925833,-1.65796568766,0.894107485512,0.17961823944,4.34635968127,2.2503302602,1.77742915924,3.31530086939,0.637707747009,2.24329463374,2.61335961459,4.10354179699,1.31094451253e-15,1.84778612338e-16,-1.44222201479e-16,0.0,0.0,0.0,0.0,-1.93561950606e-16,0.0,0.0,-3.24597977789e-16,0.240959682031,0.586300533805,-0.157413703853,2.25714543958,2.09659185031,0.0275345258489,0.874492651188,-1.00561591413,0.479664488903,-1.23397101018,-0.158222512123,-2.72866729162,1.92599587175,2.99702019098,2.61541043453,-0.81258001333,-0.600554017954,-1.00787999817,2.52731545312,0.790773570182,1.46020413785,-0.779910347988,0.178195614511,-0.6087275265,1.21563361299,-0.393117334595,-0.360168615322,-0.528851409778,-0.457811273669,0.824573704306,2.27169958039,3.9154327817,3.65058031271,2.42166458178,0.598553582796,-0.675350528734,2.57131594527,3.05734593966,1.03705931998,-1.79192597336,3.80773197491,-0.176027728766,-0.177275240399,-0.187106921806,3.97799523756,3.1642601908,3.14418550168,1.05729289554,0.405541898799,-0.45942775056,2.96273523033,3.02349148059,3.05731693545,2.82889567419,-1.99527147934,-0.736491554926,0.824400836513,-0.296534600399,0.394610288767,0.437695982618,1.77956461639,1.13079433929,3.9780345517,0.232908545921,0.278429361544,0.257385864279,0.498365606367,-0.509880378717,-2.1873967447,-1.34578075562,0.40294284772,0.482802389946,0.931184315025,0.219584944906,-0.584911457235,1.35824376346,1.77075803242,-2.35313412683,0.307754275201,3.46844642291,2.24346840989,0.262105914941,0.262105914941,-0.262105914941,-1.29593462657,-0.0253468674106,-0.134415058569,-0.122218932593,-0.109452896688,-0.71560709219,2.33428539578,-0.339623395336,0.429111636036,-1.89572073182,-1.25965227958,-1.84578236138,1.09039396228,1.45540738108,0.840600563209,-0.34432590085,-0.595253233667,1.16492327206,1.12228393489,0.927903981191,1.2554720887,1.09964044338,0.5449874874,0.944095253055,0.912239866702,0.803105511258,3.46293999841,1.951031942,3.7070953398,1.6801955244,1.01432109658,-1.87066360445,-0.949254421439,1.67262629223,-0.329317474656,0.994459531132,-1.66382029304,2.73781067129,0.99702265951,0.284842116049,3759660702.0,01030315,0.06104367
22,600156.XSHG,600156,2011-05-31,-1.96925593309,-0.441020335418,-0.316963741421,-0.985930216613,-0.21869285381,-0.946837922977,-0.395934833297,-0.301132992492,-0.632533882372,-0.513285967422,-0.527223688445,-0.733767495849,-0.83690050725,-0.0717272359223,-0.105414569512,-0.128434593975,-0.541697943706,0.0143264527207,-0.497174958208,-1.79961629351,-1.42008173849,0.0884184580587,-0.630951010045,-0.409837058008,0.41759528456,-0.705904370771,-0.761709137611,-1.12242434864,-0.629926897474,-0.965454550295,-0.94575988267,-0.946272531791,-0.988154209017,-0.950598867855,-0.704492816094,0.974306875315,0.409837058008,-0.489384592934,-1.10236411588,-1.03929525276,-0.467579752265,0.217002307069,-0.665188793033,0.18225765542,-1.33739980093,-0.693641669478,0.501468879495,3.4518859334,-0.311491371065,-0.431924781532,-0.220661243186,-0.534246772784,-0.287128473495,-0.612269563105,-0.090995419103,-0.223493564405,-0.972302617028,-0.89657867151,-0.903315448593,-0.989395310663,-0.976420844449,-0.0916773485727,0.0526012447204,-0.457692083676,-0.534033346541,-0.248615642233,-1.12344677867,1.21719674396,0.0717272359223,-0.578224196095,-1.11257660984,-0.34930543264,-0.236509394942,-1.21108060951,-1.20281350096,-0.669118863832,-0.404599050534,-0.985460711973,0.357316561674,-0.668540350628,4.12118908475,0.264734967048,-0.823655583199,-0.323832752859,-0.518274464603,-0.668307375237,-0.344109325708,-1.21608011586,-0.547020534744,-1.32246683647,-0.967160697513,-0.881734912769,0.445659408682,-0.0722796058934,1.33739980093,0.784704937922,-1.23071630978,-0.523900419717,1.00505323533,0.119528462608,-0.0941081776564,-0.97071627155,-0.411064121412,-0.53913175497,-0.351782854433,-0.199461466869,-0.684392527293,-0.539028238103,-0.437451846683,-0.126826776056,-1.16101554674,1.84778612338e-16,-1.44222201479e-16,0.0,0.0,-0.775621913888,0.0,-1.93561950606e-16,0.0,0.0,-3.24597977789e-16,-1.20221331403,-0.499501397389,-0.597808112319,-0.40001924395,-1.30020778496,-1.95495133527,0.288703548589,0.742964267553,0.037326471928,-0.109517429294,-0.561253971168,-0.340612707413,-0.271200179076,-0.420520101969,-0.513748566784,-0.224449385255,-0.707029002709,0.133722547625,0.0130805250932,-0.997911057575,-0.811228019755,-0.252109361522,-0.267278714035,-0.0504377191135,0.296668553681,-0.445632198239,-0.736178075857,-0.0894767305918,-0.269441261305,-0.752905621613,-0.190273507345,-0.3140674638,-0.350176446132,0.184357474335,-0.778587139827,-0.471876219747,-0.241834360304,-0.423405253835,-0.385806758509,-0.288386377201,0.312098253649,-0.243423555174,-0.241544084461,-0.23744988398,-0.231614146388,-0.62195300772,0.067194289761,-0.682487530199,-0.251677523655,-0.733247872453,-0.277764512229,-0.218056592603,-0.0346542363727,-0.447935716757,-0.962654130839,-0.324819949046,-0.472776900649,-0.509655266075,-0.198840885432,-0.313752856658,0.571012478367,-0.156395454415,-0.230192938844,0.0272674579804,0.0339346968554,0.0288045856438,-1.45850584605,-0.0334488034811,-0.0666810694836,-1.13300147344,0.514386165568,0.53549694272,-0.444617649215,-0.150712679916,0.339535105532,-0.0404153104096,-0.172850567156,0.550977746769,0.307754275201,0.157526196858,-0.000685624008944,-0.773760557264,-0.773760557264,0.773760557264,0.0329726247146,-0.901273671082,-0.29709261299,-0.297349739301,-0.293682043462,-0.942279881913,-0.747721728386,0.108892188998,-0.996126427226,-0.62598027637,0.12653310017,-0.286006297145,0.243932048826,1.56743295629,0.376082490341,0.056319623101,-0.0109887395886,-0.492101048577,-0.958461919581,-0.946089502066,-0.374142150615,-0.964622206915,0.304686738982,-1.01633626253,-0.996997671283,0.176413518052,-0.0953804418425,-0.0975631558541,-0.0711806700474,-0.452905282292,-0.612606020854,0.197090090427,0.0497993313987,0.492669758497,-0.307774047258,-0.23897244922,-1.36659675688,-0.487026288549,0.99702265951,0.697663280026,2489065245.38,01030315,0.09693053
37,600370.XSHG,600370,2011-05-31,-0.516798006601,0.27016525001,-0.615516716073,0.46296952543,0.15425717166,-0.525174790543,-9.37479462941e-16,-0.301132992492,0.262291676737,1.24580171959,-1.03052091988,0.658432023996,0.472011886089,-0.222346350935,0.0891880224382,1.60300223759,0.378980615126,0.33834305842,0.35543648328,1.18363879781,0.853255318644,-0.138644926586,-1.14424504235,-1.69425515155,0.125912677991,-0.0351557117459,-0.387334786003,-0.300925988338,-0.577688023934,-0.835580213852,-0.837740361689,-0.837210100801,-0.851490340703,-0.848374796388,-0.0333726062558,-0.432442927147,1.69425515155,-0.635178072376,0.191063109014,0.053449470142,-0.81479243959,-4.16886711048,1.02448784912,-0.64847808504,-0.651945288306,0.312393103901,-0.567737942466,-0.363186697694,-0.522523235024,-0.0687293566784,-0.163639719185,-0.803717823634,-0.589325156239,-0.612269563105,-1.82838108396e-17,-2.06414103166e-16,-0.815451236394,-0.818123950078,-0.832820207455,-0.831032327233,-0.857265049922,-0.0332982178787,0.414262836989,0.0,-0.354385995734,-0.0091857769359,-0.0206696362985,0.0889919673318,0.222346350935,0.461632958458,-0.00841225539724,-0.739887047346,-0.0122023844259,-0.0333981906079,-0.0201588854909,-0.234062121168,-0.185324350571,0.807376397573,-0.782795660088,-0.243266063801,-0.468999802236,-0.373522827788,-0.0655652134028,1.22355699698,-0.617019620666,-0.209002885341,-0.440216819136,0.287214901737,-0.185154690371,-0.341561006389,-0.382695197654,-0.701589687695,0.0299848052461,-0.800826397566,0.651945288306,0.389630281392,-0.297394730258,-0.391720550354,-0.546949043127,-0.630928720347,0.0478254673336,-0.179715461762,0.0762597205314,-0.179552667077,-0.686373313725,-0.185012289741,-0.932742855062,-0.179782333702,-0.490635564709,-0.133741500239,1.31094451253e-15,1.84778612338e-16,-1.44222201479e-16,0.0,0.0,0.0,0.0,-1.93561950606e-16,0.0,0.0,-3.24597977789e-16,0.330576347658,0.506978476556,0.314524105771,0.706539060363,-0.642288297603,1.3491917666,0.273429273186,-0.338090128126,-0.179523073897,-0.0174386489024,-0.361008832626,-0.130380995722,0.563703132218,-0.430132207115,-0.414646733905,-0.71662963186,-0.510267532314,-0.83642297925,-0.126474828466,-0.853039023524,-0.801438332711,-0.731205535539,-0.402870759025,-0.690342060266,0.191064672441,-0.570461402431,-0.392528513252,-0.682546649954,-0.401847699502,-0.333053364096,-0.543614858367,-0.20050666953,-0.115826890781,-0.608344279993,0.72872419241,-0.564689062443,-0.463708334824,-0.464501637491,-0.123663556256,-0.793749171534,0.224222047853,-0.402581451334,-0.402359204389,-0.408678559098,-0.350180653671,-0.398431006605,-0.461310050636,-0.419534730009,0.311194957031,0.251710772571,-0.183685842836,-0.184039039744,-0.240354585384,-0.199901863472,-0.225156700011,0.400169155178,1.07595930072,-0.331075681506,-0.156536992664,-0.242433458756,-0.296671857982,0.149508557325,-0.350198670638,0.0941954266635,0.106402204798,0.102196615683,0.0673635991937,-0.0285219280158,-0.540612628823,-0.333810465551,0.582180290125,0.509579104204,0.189161931786,0.578966880444,-0.391369845217,-0.62635748255,0.00384112371457,0.550977746769,0.585336562637,0.281298915589,0.224991327557,-0.510958631926,-0.510958631926,0.510958631926,-0.0845943280211,0.287845627502,-0.385652539758,-0.382527816129,-0.380325936188,-0.488934302468,0.238520551349,-0.654281756834,0.319953229457,0.0213162369513,-0.00407750867234,-0.0984922347785,-0.468873922057,0.182270826325,0.424948700038,-0.349169629119,0.0183798746085,0.10253352358,-0.834167310774,-0.841494647695,-0.319697682358,-0.842025134136,0.566477798235,-0.864809575078,-0.891009964704,0.697591043014,0.0364547857981,0.494247310756,-0.295237992373,0.231759988106,0.291219865932,0.0889114060875,-0.168187587955,-0.142691451976,-0.329339072077,-0.122144426783,-0.805174521923,-0.400179608579,0.99702265951,-0.293675505754,2076023974.92,01030315,0.01075269
96,600987.XSHG,600987,2011-05-31,-0.684976685202,3.54052587876,-0.906108278067,0.594596461862,0.103685287088,-0.194601574931,-0.438155154897,-0.301132992492,0.745107212057,0.200098009911,0.150752710307,1.36357204054,1.42161499498,-1.24565132546,1.34436314323,0.144092911797,-0.553654808106,-0.282231118597,-0.435876096402,-0.11681810701,0.968384883182,-1.32750056026,-0.956853703277,-1.16641923724,-0.947062624744,0.255018416951,-1.27448855254,0.808792983115,0.136301680528,-0.520750652125,-0.368571874452,-0.496746624831,-0.530546554778,-0.428611742238,0.252738002089,-0.965000835119,1.16641923724,-0.337424144189,1.34344374558,1.48146814212,-0.655074603421,0.00974157270471,1.9919381736,-0.688036929824,0.222405104859,0.363984630741,-1.20471221938,-0.217004350448,-0.705147295792,1.18501114517,-0.327673318611,-0.121651703741,0.175573775181,-0.171828227905,-0.079730901671,-0.217544082945,-0.520347453068,-0.345521622333,-0.49013812563,-0.537778170566,-0.417369073767,-0.308931354615,-1.60831623793,-0.336680825897,-0.0280416876102,-0.424381903257,0.942922041503,0.13313588505,1.24565132546,-0.416321925935,0.956391549454,-0.566645202114,-0.215222991859,1.00341312556,1.02102986688,-0.751588411206,-0.174936017268,2.03189864993,-0.532404138069,-0.367291899932,-0.54577715358,-0.387150271963,-1.58083697174,0.358961930426,-0.357497095114,-0.248681021903,-0.0133497704028,2.26192647538,0.57042119268,1.23293382828,0.852941103678,-1.04837245886,-0.00129442601882,0.469120379793,-0.222405104859,-0.578698581664,1.42218089823,-0.386213055797,0.43667144852,-0.0493244035571,0.442345673947,0.915785659759,-0.379785970782,-0.880550282869,-0.911461440885,-0.726856432022,-1.02039591192,-0.835955975414,-0.862921590887,-0.426483131449,2.15524396308,1.70880888481,0.478118191673,1.79564137213,-1.8282774177,0.633841564038,-0.253067498629,-0.894041702154,-1.31781545449,-0.123694628408,-0.746863932624,-0.254344735295,1.30279977223,0.714882658922,0.23162133319,0.06152429716,1.3491917666,-0.161268348404,0.0749565134689,-0.753698603432,0.783568707639,-0.452092054635,0.0376563231289,-0.907747679394,-0.854812488979,-0.80844612245,-0.0499843214445,-0.238100207422,0.223455107368,-0.431662075826,-0.469425386923,-0.497708297409,-0.27282036577,-0.437015060279,-0.124491031415,-0.507607824355,-0.629088056452,-0.698151708731,-0.480319300006,-0.0201758770934,-0.333449378488,-0.522055846696,-0.705240510161,-0.790501395424,-0.195716159414,-1.11914405341,-0.320757873307,-0.656307271041,-0.746683569713,-0.69851113275,-0.139506595457,-0.49207121102,-0.352586088621,-0.352276705814,-0.350320089325,-0.652651433647,-0.814980259315,-0.802646339209,-0.75084840087,-0.0878903855362,-0.0706673348477,-0.94159873327,-0.933215682209,-0.892133226342,-0.931994498803,0.0645049292967,-1.13770714466,-0.493104857353,-0.545393135462,-0.354174723276,-1.01500426756,-0.875157971333,0.0987924222793,-0.651956744344,-0.212121049665,-0.20436266266,-0.210986562791,-0.642987263446,0.0635124162752,-0.0766283616495,-0.244490468996,0.0881844122782,0.218041312466,-1.35926076913,0.418691797978,1.77800892963,2.18678443958,-0.172850567156,0.550977746769,0.307754275201,-0.321061648901,-0.309414497192,-0.70105647132,-0.70105647132,0.70105647132,-0.0849852405822,-0.388953816135,-0.45270820564,-0.454544897707,-0.455600973857,-0.375597907607,-0.655261514661,-0.856385720745,-0.450334394329,-0.195578929816,0.203186539458,-0.210243039623,0.229810202699,0.170942674072,-0.167088672532,-0.160956187815,-0.314775198611,-0.571175479347,-0.515699749515,-0.484253044847,-0.446171167626,-0.518428553457,0.0194517042729,-0.540725492672,-0.524399678519,-0.00264133714971,-0.589819368635,-0.879258377676,-0.245458779791,-0.777372874276,0.368615402527,0.347962439506,0.0393130801762,-0.629960951737,0.103419250222,-0.945786286074,-0.484036448377,-0.384484425452,-0.0780637029017,-0.717766442738,3286670400.0,01030315,-0.02611386
113,600272.XSHG,600272,2011-05-31,0.883040238484,-0.266639337485,2.07942146845,0.7935234462,0.0575849730533,-0.859855781435,2.29518846547,-0.301132992492,0.0303618121951,-0.524213308718,-0.619863563462,-0.733767495849,-0.83690050725,-1.40338121414,0.808916083014,-0.759780740994,1.06052188595,-0.0241161954131,2.54547763691,1.97414181135,0.949511184077,0.387007866943,0.982305254921,1.11166429418,-0.301193995913,-0.0239951683345,0.725199903321,-0.721421759202,1.17073655557,0.185987432991,0.0345846832961,0.0831118531173,0.336733328464,0.0310143312332,-0.0202789367405,-0.872222248722,-1.11166429418,0.732861284875,-0.874288781563,-0.8075009176,0.483783011007,0.164198747111,-0.225322232532,-0.225678126456,0.751766015599,-0.613490547423,0.43322163554,-0.956515048285,-0.537639861911,-0.023050129314,-0.933581677774,-0.374048831259,-0.803277077632,-0.612269563105,-1.16698739416,2.42848779632,0.108664344834,0.0478156059675,0.00846416310889,0.272573163921,0.0188300724324,-0.0114999788228,2.56508748321,0.304466539882,0.643604689276,-0.689503199703,-0.696968239792,0.617255759516,1.40338121414,-0.944185107548,-0.685561592506,1.22247058138,-0.342080110807,-0.658865886772,-0.648267317629,-1.15198403976,-0.183797486122,-0.215192126752,2.15543887832,1.21957923532,0.108143150744,0.272527672194,2.96406932201,-0.561456640561,2.6048575868,2.22098238712,3.03463073546,-0.655618210347,-0.383457173087,-0.0729619818137,0.643295870033,2.53183210738,0.808573862996,0.367993275405,-0.751766015599,-0.0116036682249,-0.442495533068,-0.386213055797,-0.477615608007,0.154025284727,-0.0855964148384,-0.725716020731,-0.657050538824,0.837438692621,0.323481527047,0.176217138446,0.119093827255,1.8693856312,0.200752769622,0.345959480467,1.31094451253e-15,1.84778612338e-16,-1.44222201479e-16,0.0,0.0,0.0,0.0,-1.93561950606e-16,0.0,0.0,-3.24597977789e-16,-1.24977908271,0.00113781639496,0.292686366508,-0.898682857481,-0.629671635774,-0.633294094524,1.98084557223,2.13922578529,1.81381504336,0.0660565163678,-0.803138191274,1.85423597274,2.56223149187,0.493066800683,1.01748652018,2.61857824967,2.63017050924,2.64754898323,1.88792698544,0.0823712265725,-0.0506792206218,3.26340677381,3.29182057835,2.98290281593,1.72381764181,3.00229717259,2.32358743101,3.37656787048,2.42227226464,2.09268878787,-0.879171204137,0.828314038144,0.978154665814,-1.34977271756,3.61578410247,2.33749713416,-0.556289806077,0.734970107705,2.30488795208,2.16776452293,-0.374562331176,-0.665436363466,-0.686589377091,-0.698478166133,-0.347370266033,0.395555996424,0.255519906196,1.23972680425,0.580368949008,1.77825893177,0.209201265503,0.0704161535811,-0.362605046092,0.801554698584,2.40874626412,1.73613948071,4.11657694956,4.36432518546,4.25471569492,0.865995368263,0.225001771267,1.49205751253,-0.347998652182,-0.965855456011,-1.01306982914,-0.998306171284,1.87055837273,2.11849703116,1.69914887378,3.61903676314,0.871045136326,0.674306418988,3.09531284491,-2.0712387776,0.14361764853,0.0447163155191,1.15233711437,0.0229574061154,1.8344568561,0.258607250488,1.14136590573,2.24179148449,2.24179148449,-2.24179148449,2.09484092797,1.3839220345,0.642995243284,0.628625443157,0.622433927195,2.40744023287,1.34804311605,1.95412570709,1.02639348336,1.66949357192,2.39958592553,1.80505961046,2.43505608664,-1.17077845465,-1.04575538868,0.468036525952,2.93325368104,2.58176463902,0.153184640148,0.0596626853543,0.284602098851,0.18420878969,-2.33862149363,0.481243699035,0.590763671296,-2.32555834258,1.19574384917,1.04476143297,1.01820807833,1.99813307895,0.533739387671,1.09157051746,2.30068904458,2.95768016905,-0.351400837578,1.51772674029,2.59752251267,1.91538307543,0.99702265951,-0.235894466521,2772630000.0,01030315,0.01577564
114,600273.XSHG,600273,2011-05-31,-0.494333760486,0.2081451921,-0.98572240464,-0.255814376372,-0.655189683349,-0.208362622117,-0.50528546624,-0.301132992492,0.293513004656,-0.654055834701,3.37701701436,0.161217909766,-0.246606682803,-0.400762126657,0.130590361727,-0.654706555147,2.4833887496,1.23899938612,1.63156733361,-0.203217305727,-0.868026039683,1.36678742976,0.0449150341825,0.525990486007,-0.322028467811,-0.0351557117459,2.13496513847,0.332602408163,0.0148200048117,0.645832861807,0.964620598154,0.797596476131,0.451098949304,0.90475164721,-0.0303081304118,-1.03182788348,-0.525990486007,0.276110237841,0.158052205363,-0.563289028769,0.830995698332,-0.0391323460033,0.598066991346,-0.504366634769,-0.380478154594,0.163146186971,0.70621061136,0.769009913336,-0.232363988785,-0.502737976491,-0.294368711673,-0.169904095767,0.121461421522,0.0497951191071,-1.27943494536,-0.565588748346,0.715639171904,0.950880604757,0.909018417942,0.515870815035,0.870360027614,0.259510581058,-0.137016706614,-0.49590616508,0.113238766667,1.03342840176,0.0435698088882,0.0948242403076,0.400762126657,3.06309292981,0.0559079982595,-0.635941940206,0.396345827336,0.227213349461,0.241552961233,-0.134859622154,-0.0916201138621,0.0200413001232,0.0194752963481,-0.246845708122,-0.495673172998,-0.326100888433,-0.0655652134028,-0.737666799831,-2.06274998252,-2.77365334856,-2.83915970704,0.428639868549,-0.290819516928,1.25667738846,-0.333460332177,-1.03481066798,-2.43617530798,1.63331533762,0.380478154594,0.52381488077,1.31422939734,-0.424765517694,-0.639901560541,-0.139500306993,0.0761270787034,0.110784835638,1.38331039537,1.33140592447,-0.297031688367,0.638590806526,-0.00508133662955,0.894289604967,-0.369763478287,0.00341792147472,0.418886616026,1.84778612338e-16,2.26429558698,-1.46437000788,4.07621931251,2.47698611209,-0.313134767353,2.02658750894,1.76029363629,-1.37509511626,0.0682688307957,-0.78963197267,0.34573363887,0.332722221823,2.4969788918,0.636646941259,0.0275345258489,-1.88437174111,0.959849901997,-1.41526500074,-0.915987086367,-0.736849644686,-2.55174694269,-0.582144744396,0.987653301784,1.30361512037,-2.75249967443,-2.61342095372,-3.08278483202,-1.96065586341,0.462542978995,1.24870194504,-0.822253317124,-1.17936182318,-0.77233160271,-3.37782169847,-0.746823724923,-0.608505260174,-0.736780428031,-2.47778929669,-2.39805940683,1.55959174412,0.300944068405,-0.136844788122,1.52560233176,-1.53953997116,-1.92356427217,2.57459850105,0.317984095761,-1.38472529832,-1.7680467285,-0.765917991873,-0.427003071974,-0.415739806129,-0.428485975851,0.976131205319,1.95696755726,2.23681164723,3.48737626687,2.23809771496,2.29741554648,1.36107224539,1.28267642153,0.6926572714,1.38580205941,-0.566532679955,1.98534455989,0.0122354413312,1.50724864764,-0.242921163171,1.91426885165,1.73833919767,0.462734264618,0.986156698041,-0.163177821383,-0.199724483441,-0.153831936831,-2.17375772865,-2.21940133804,0.654745057626,0.110050362811,-0.785606526453,-0.508441258594,-0.110659789015,2.64172290503,0.291036189934,-0.070759395055,-0.437888103461,0.682982831932,0.0301719877648,-0.673470084176,-1.89440960889,-1.19597786371,-1.19597786371,1.19597786371,-2.4664245625,-2.72378537392,-0.474519508341,-0.454917417645,-0.451731845801,-2.21416609091,-1.76478407936,-0.281412939714,-2.40900693503,-2.5328502842,-3.29974716654,-2.24543354481,-1.51682294063,2.06826041797,3.06670733699,4.52915669878,-2.21060470925,-1.63047688553,0.692079364473,0.835143158987,3.20228453437,0.662027437108,3.23127634168,0.261843849602,0.132456155824,2.99333007935,-0.423197292104,-1.72842563266,0.598350349577,-1.34059572269,0.187282928043,-3.3190381556,-3.12960026276,0.430566783037,-0.302968621096,0.324648205088,1.26430809693e-15,0.0,0.99702265951,-1.52215070424,3181500000.0,01030315,-0.0960396
198,601718.XSHG,601718,2011-05-31,-0.122107086492,-0.137129343312,-0.802609913521,-0.0740040644824,-3.63522104776,1.73615550078,0.235681177834,-0.301132992492,0.0504326658574,2.55236892,-0.920367038639,-0.733767495849,-1.11303973369e-16,0.637410829178,0.233574331722,0.814044811796,-1.65368633295,-1.47395321074,-1.43894838051,0.832083437515,0.841931099182,-0.347086151073,-0.703241364679,-0.465069641341,-0.978314332591,-0.166850124001,1.04959349744e-16,-0.647626143786,-0.244446082323,-1.67710649064,-1.45479460526,-1.68787446476,-1.64522665512,-1.59640708431,-0.166538011114,1.20860588867,0.465069641341,0.257214011384,-0.0430142077886,1.4360681243e-16,-0.648130349674,2.34850654103,-0.723453504832,1.09815150785,-0.929067987305,-0.197073223643,-0.52223977983,1.72636097178,-0.522501015582,-0.0687933107944,-0.222309653024,2.19624474026,0.770310166787,-0.435531957261,-0.0504168065994,1.24454098581,-1.69850816481,-1.41119403439,-1.70239247733,-1.64474087663,-1.57675388298,-1.43469581453,-1.26974465449,0.723759933065,4.53626487359,-0.45908317658,-0.586333639749,0.023868353892,-0.637410829178,-0.483614639047,-0.574787822319,-0.494198612289,-0.231587683246,-0.496864118621,-0.48558157507,0.327288566025,-0.165203670172,-0.0135228405917,-0.78049055977,-0.0482706436252,-0.455431778866,-0.588076754895,-0.823655583199,0.837674069998,0.776806236081,0.0855772194355,1.01762152274,-0.110870190032,0.118812618903,-0.0952215694857,1.82016797709,-0.0527679092708,-2.0042958016,-2.17868319485,0.929067987305,-0.415477314879,1.02504757648,-0.573467870728,-0.81133038364,1.29665686652,0.748769135395,-0.556549180879,-0.395510505525,-0.644463002939,0.603320820273,-0.611263015002,2.77059879726,-0.58301753252,0.5730387958,-1.20911750125,-1.08308315307,1.84778612338e-16,-0.658540150794,-1.37402327218,0.0,-0.775621913888,1.57807408732,-1.93561950606e-16,0.0,0.77079821253,-0.380814355937,1.90231479095,0.306722791042,0.188350501142,-0.939050864291,-0.2695053676,0.0275345258489,-1.43192293459,-1.1829801663,-0.0150078872839,-0.865655888611,-0.891280902728,0.845271807124,-1.21993976554,-1.5809633413,-1.53568964794,0.937186057163,0.593660226921,0.978786324553,-0.133321558253,-1.63115516667,-1.72803720623,0.555400527806,0.326745085528,1.96253036908,-0.147305208669,-0.03130728906,-0.512832013099,0.560088351048,0.919011013984,0.173845056695,-1.47914387467,-1.08193334569,-1.41263115672,-1.40674306952,-0.377624572719,0.665676057394,-1.44693427807,-1.1109920915,-0.261636204631,1.0869241107,-0.918168627496,-1.0074062623,-1.01131216847,-0.995045322873,-0.305941405058,-0.322216462089,-0.708051173691,-0.518510475901,-3.87079085017,-3.32529367342,0.876448712875,0.91101648824,1.69399850314,0.87437907637,2.3804755821,-0.904226421493,-0.764673653943,-0.158102304403,-0.211661556496,0.0968974573558,-0.149641298515,-3.64098680356,-0.30501576159,-1.21387131961,-1.16786526322,-1.20430503454,-0.231617182816,0.927986877352,-1.43343158973,-0.127631661922,0.887993667466,0.79553420363,0.582590567227,-1.21436552695,-0.912545760126,-1.31033978037,-1.14465486694,0.286967576442,-1.49653059313,-0.15603135726,0.241111109812,-0.282841224654,-0.282841224654,0.282841224654,0.824961473402,0.151590346931,-0.902226697474,-0.907721077393,-0.906438548742,0.669615511667,-0.531981229694,-0.578320488509,-0.0507734343974,0.662964438639,0.924328392869,0.841919199213,-0.237342524998,-0.878930775619,-1.06115761095,-0.361624930381,0.493327860287,-0.00279181667347,-1.68304396213,-1.68075521393,-1.30984304295,-1.67678722519,-0.746384827274,-1.60337751742,-1.59127312382,-0.942679326959,-0.417811567212,-0.323934710538,-0.3847941855,-0.313190961179,-1.74537681956,1.2003912118,0.661179554191,-1.0360188682,4.7178810157,-1.15721936157,0.445214147416,-0.190910500218,-0.292823006251,1.11264179299,15659420000.0,01030315,0.13300493
207,600107.XSHG,600107,2011-05-31,-0.176456165379,-0.116388011211,1.68931224823,0.12059568028,0.675305613316,-0.173857309769,-0.517529359504,-0.301132992492,2.1796157252,-0.240852350609,-0.136384812754,-0.733767495849,-0.83690050725,1.55857923644,-1.66258322393,-0.532651382801,1.37737879256,1.74424561874,1.20247530097,-1.02003731658,-0.561328429235,-0.429827794498,2.23291755196,1.39876951509,0.219667801531,-0.615503969139,0.716880473286,-0.146372906994,-0.467425435153,1.13027613569,0.622188670776,0.981909442256,1.23336676405,0.715375001992,-0.611722774634,-0.196453020384,-1.39876951509,-0.987090641244,-0.967319510036,-0.919258900624,-1.57171609796,0.409737687339,-0.927700131906,-0.822051399503,2.44730448824,-1.25654207839,0.000989090492101,-0.0593567210635,1.25168734027,-0.836818290029,-0.854256159429,0.527899727371,0.902177810166,-0.351371192573,-0.121429378481,-0.750022673601,1.07837560229,0.520367285087,0.967811224544,1.24475947332,0.617421850472,1.38956717998,0.638954973244,-0.611609911553,-0.369281379093,-0.496014608858,0.24342586058,0.698680885054,-1.55857923644,-0.640853057804,-0.0387857085129,4.18963091244,-0.229388293333,0.468102935145,0.1623320779,-0.64322262915,-0.19000673488,-0.0186427942601,3.44062835133,-0.183019546838,1.65307598622,4.45341188126,-0.0655652134028,-0.263757528764,1.54904399504,2.29071971805,0.691854564492,-0.883469545767,-0.412406440637,-0.942569873532,-0.431930063132,1.14721046135,0.822140758484,-0.097869696333,-2.44730448824,1.73675566925,-0.320485570866,0.797898273919,-0.919521018662,1.48790240669,-1.50876315801,0.100284824889,-0.413115147683,0.695786324663,-0.236197059405,1.00704482328,-0.114647657704,0.648682711141,0.0315318486317,1.39364180059,-1.16101554674,1.84778612338e-16,-1.44222201479e-16,0.0,0.0,0.0,0.0,-1.93561950606e-16,0.0,0.0,-3.24597977789e-16,-0.994371585677,0.361337978001,1.07520535676,0.540317855852,-0.280899790315,0.688363146222,1.90695110475,-0.89476325653,0.121211688846,-1.13799058655,-0.314614110534,0.592105450088,1.20492883563,1.26727817873,1.53199641193,1.31524172765,1.50413978129,0.775027974605,2.13170114138,1.03802601361,0.894025579195,1.25446341142,1.65603456304,0.610964212479,1.81551236901,1.60355407547,1.57441627395,1.08372588689,1.52267537944,2.82350034571,0.195901699527,0.697715668836,0.443249178487,0.231561480239,0.183073955048,1.04406687761,0.294093114384,2.23694035482,2.39524015466,0.704125195614,0.147585821868,0.577328692837,0.579090847111,0.572900698666,1.77124139201,1.90715092641,1.09437377568,1.39709533689,1.34329889731,0.800499117456,1.24966337333,1.26122435795,1.03474656929,1.10795044168,-1.59008326314,0.288142571367,0.58888240064,-0.314330486346,0.721879414607,0.579953225247,0.636097960066,1.35955268082,1.76821493467,-0.158227664166,-0.191560549774,-0.170754809412,1.93325058638,1.23394234951,1.22715975831,0.588742632157,0.862907151137,0.745163667565,1.01499117627,-1.32389017654,-0.479244431676,0.396034941718,2.38917895046,-2.35313412683,1.27929228123,1.75694477335,2.07105682577,1.20592501228,1.20592501228,-1.20592501228,0.853791274779,1.47170936526,0.66881457506,0.667239559688,0.660460217504,1.40000561188,2.42674560951,1.59761094774,1.67722473768,0.887767241694,0.176636186185,1.18285385806,2.58545760631,-1.052128373,-0.803852618482,-1.05289415046,1.51928698852,2.189416487,1.09597277371,0.915760746285,0.000205839199458,1.11496507748,-1.35592818912,1.31716299168,1.34012057427,-1.27520977233,1.93613549913,2.6767830447,0.953543526124,2.70076510654,2.93259580989,0.378136909321,1.67389721014,2.17422724787,-0.330786099281,1.73474781523,1.18542601906,2.69072512191,-0.292823006251,0.217190463227,5090400000.0,01030315,0.05516266
237,600400.XSHG,600400,2011-05-31,1.26409012522,-0.281374171215,-0.356770804708,-0.596902006921,-0.308955450603,0.79937734831,3.54026574944,3.4859493721,-3.40342673519,-0.782612791121,-0.158507767982,-0.12807030215,-0.528921120582,0.868834190442,-1.14951894099,-0.280015889784,-0.798770528315,-1.1609202188,-1.82345942274,0.631478401414,-0.698162747742,1.39493228545,1.93454371941,1.33676312436,0.23008503748,-0.392293100911,-0.235316109895,-0.154727127607,-0.362597091605,-0.602000676948,-0.466545527109,-0.582392128784,-0.609142070292,-0.49594202008,-0.388294626735,0.0885727953536,-1.33676312436,-0.28468865027,-0.379125226788,-0.228015079697,1.74763719287,0.583954434348,-1.00325217578,-0.0872221697131,0.597934639828,0.410969771256,1.0019486685,-0.486438480667,1.67027891008,-0.859537989743,-0.419916987526,-0.146000603102,-0.907172796658,3.59015795365,0.162620909044,2.64266912888,-0.585331154782,-0.406654513726,-0.594337500768,-0.62188070806,-0.443407615197,-0.602820294493,0.0259010958849,3.77876344086,0.248651342653,-0.0959538279711,-0.548860630056,-2.83099835464,-0.868834190442,0.0776223363783,-0.537267674353,0.0948236615002,0.000101894812443,-0.375714970265,-0.363920932809,3.02567621993,-0.385592415677,-1.73951611058,-0.462290670069,-0.461922041422,-0.293344095582,-0.395765322878,-1.58083697174,-0.807269025387,-0.776531026616,-0.104396888951,0.0752688274336,-0.841565851897,-0.447145561697,-0.691778519094,-0.495458921812,0.356263820188,0.674412340944,0.240042823207,-0.597934639828,-1.12291612078,0.157939164505,1.95997962541,-0.625425348813,0.900246015842,-0.926132993115,-0.4900491128,0.039170328801,0.357999908763,1.41242138547,0.0750728985537,1.39006315172,-0.348407962299,0.713250416048,-0.623969265179,2.29752962123,1.84778612338e-16,-0.57735026919,0.0,0.0,0.0,0.0,-1.93561950606e-16,0.0,0.0,-3.24597977789e-16,1.70481344709,-4.0221809562,-2.68209900418,-0.162560380363,2.9798764596,0.688363146222,0.225129537454,2.43419024813,0.830605179981,-0.103274800115,-0.245820684585,0.188667834343,-0.204145934799,-0.601402444245,-0.700402770816,-0.144853977762,-0.0952810249229,0.341694114663,-0.649075776089,-0.599372159583,-0.579422215803,-0.0856658851699,-0.262161025313,-0.246432079662,-0.585163336878,-0.719822890557,-0.735904922983,-0.645921867457,-0.023874725353,-0.0122817071893,-0.215087599553,-0.298032099059,-0.555100945206,0.617332149184,-1.49788189894,-0.866925755324,-0.378897811955,-0.280395132932,0.209153667977,-0.574510900463,-0.291795207113,0.0862719439589,0.0875587283249,0.106190842855,-0.317554863576,-0.568428540627,0.459212077565,-0.625502165006,0.0387236911234,-0.29028212131,-0.354144494376,-0.31989773997,-0.241297998714,-0.528148789918,-0.723073039406,1.18179921477,-1.11946002329,-0.0931842992615,-0.551049442895,1.73961976882,0.828144956382,-0.539266558426,-0.318050496024,0.859629638146,0.870487598077,0.862574852288,-0.0424730848646,0.0472525624937,-0.391217662524,-0.838253731728,0.565568039365,0.524129469687,-0.166778289807,-0.0254831450498,-0.116785520981,-0.440424629476,-0.0845047217205,0.550977746769,0.446545418919,-0.372977428146,-0.290841704594,0.57560059745,0.57560059745,-0.57560059745,-0.512936766792,0.15840311096,-0.0762347557867,-0.0775619441652,-0.0757748578458,-0.413376705894,-0.47034108721,-0.658009520002,0.223152378339,0.101522262162,0.309387952549,-0.264224360608,0.157811938021,0.866047946894,0.0524508109761,-0.388611416451,-0.219288355097,-0.512303954404,-0.598648247901,-0.567625347471,-0.419794344495,-0.602427062826,-0.0372045697446,-0.615902205787,-0.603652283832,0.0948796107727,-0.724071658604,-0.196879681935,-0.9240561025,-0.0603137359481,-0.128883917133,0.36850675938,0.0596500522441,-0.582189432153,-0.171731892689,-0.724933448731,0.0215851993341,-0.56864124081,-1.58266867201,1.75154010902,3233074845.0,01030315,0.18854485
343,600448.XSHG,600448,2011-05-31,0.803556652077,-0.262634625464,-1.10912430083,0.10273410214,0.771338114303,-0.639062860165,-0.00793007779611,-0.301132992492,0.0989372288745,-0.597062250689,0.246618849627,-0.733767495849,-0.83690050725,-0.184206746704,1.44525960032,-0.735799429448,-0.517784214905,-0.232804856711,-0.447021344003,-0.321892067182,-0.60379425222,0.42933095821,1.19429915847,1.24349300723,1.04262944149,-0.615503969139,-0.400948398788,-1.02774318169,-0.485831749655,-0.8785764471,-0.873773305178,-0.851926890893,-0.905116464513,-0.853453235835,-0.570213056384,-1.38368074758,-1.24349300723,2.35437889326,-0.877289772804,-2.11548323744,0.393507712302,0.144407355551,0.859297787102,-0.191567505805,-1.30007307005,-1.04004192112,0.319476228949,-0.0593567210635,-0.527700364957,-0.0535882197116,-0.678111793843,-0.820197871372,-0.607806606258,0.709054442497,-0.354822274747,-0.155074527616,-0.862963170952,-0.877914652887,-0.831332847669,-0.914761840849,-0.83961134745,-0.35359909093,-0.626544247222,-0.294220735448,-0.364316251306,-0.174187804076,-1.03600975606,2.5232343245,0.184206746704,0.0970045759785,-1.02502959792,-0.557195646919,-0.109175485174,-1.0561223965,-1.04720105155,0.134461218543,-0.154871887404,-0.115637472089,0.750576280473,-0.156520508239,0.12167692669,-0.55905969704,-0.823655583199,-0.693732363337,-0.82210571403,-0.602177147634,-0.426487177217,-0.941087124839,-1.05073779011,-0.745201529507,-2.20756166325,-1.09993432011,0.338254819399,0.711763767455,1.30007307005,1.01743822668,0.118386084221,-0.562452881615,1.46295866947,-0.275066765849,1.37183017367,-1.01971632171,-0.0861131925741,-0.633566666942,-0.53428674132,-0.470383538009,-0.910829590847,-0.616009503332,-0.108679771617,-0.437398033641,1.31094451253e-15,1.84778612338e-16,-1.44222201479e-16,0.0,0.0,-0.775621913888,0.0,-1.93561950606e-16,0.0,0.0,-3.24597977789e-16,-0.590751910876,0.243005072924,0.735507190448,0.856138144422,-0.614571068646,-0.633294094524,0.284162547794,-0.233503055517,-0.153981903373,0.640768565167,-0.592800930086,-0.282132759443,-0.0762750503651,-0.462900747382,-0.674323341111,-0.557132611414,-0.698048309304,0.0181130658899,-0.352810025118,-0.904792445624,-0.757459662084,-0.216754941634,-0.289357772337,-0.334051112828,0.377259828591,-0.739832336117,-0.653918378426,-0.718961071129,-0.386065946928,-0.692997444537,-0.313589167101,-0.297582832374,-0.136844788122,0.171335679603,-0.453715992363,-0.757454197272,-0.40261260271,-0.575614082191,-0.565953069658,-0.820796071328,1.01204245098,-0.329932018998,-0.329186334018,-0.326473688329,-0.520887346014,-0.708202802204,-0.633863272752,-0.724594043914,-0.541496247425,-0.661407375166,-0.677512021743,-0.645249197145,-0.468305925337,-0.748572753412,-0.0910672141709,-1.8394550558,-0.385747836011,-0.450278367961,-0.603181572983,-0.811483305914,-0.572871300973,-0.188182327789,-0.520231716344,0.155020803224,0.161699401275,0.156496544117,-0.926169681873,-0.0519139096379,-0.154858123298,-0.931888632819,0.341269026075,0.4072718469,-0.918458076461,-0.23323228198,0.689945842332,-0.224624227035,-0.172850567156,0.550977746769,0.307754275201,-0.0291643205608,-0.163285166752,-1.35405922489,-1.35405922489,1.35405922489,-0.211445454082,-0.389148466535,-0.234101644975,-0.235301951677,-0.233687325241,-0.9800586802,-0.809361870869,-0.523005293114,-0.450334394329,-0.500587758083,0.144947054859,-0.438479852908,-0.162720529345,0.951772507749,0.632855574233,-0.488253826552,-0.0346079425407,-0.268389253793,-0.870644147861,-0.846357563526,-0.231098609792,-0.878557454746,0.472701896413,-0.933885329813,-0.922032209158,0.52493100407,-0.0808170869368,-0.219404960698,0.0361744502301,-0.504401035417,-1.2490931366,0.180558333028,-0.0946249468026,-0.195240123519,-0.184819929786,-0.729997955,-1.07962230818,-0.962067164528,-0.292823006251,-0.614466996356,2053116000.0,01030315,-0.01713396
359,600626.XSHG,600626,2011-05-31,-0.175963331898,-0.116595367566,-1.18475772107,0.0645338516589,1.0874392223,0.130836921583,-0.703298774543,-0.301132992492,-0.0231604642376,0.476174073822,-1.27802148149,0.378184068703,1.01097581276,0.323890353724,1.96934131249,-0.00326046492473,-0.583546969107,-0.446985324884,-0.469311839205,-0.237479056942,1.24016615029,-1.62101119819,-0.734888716333,-0.626598894484,-0.863724737153,0.161269852295,-0.242879228109,-0.757623381859,-0.189227138816,-0.470355067109,-0.493563625602,-0.469742303664,-0.45592872143,-0.471751174107,0.161639492908,1.47142953872,0.626598894484,1.09687060122,0.548181066701,0.682605522723,-0.877290723309,0.0736499488278,-0.75290599651,3.02670441089,-1.22655072133,-0.524126652718,-1.38670486993,-0.403315185174,-0.773583670221,3.51919248299,-0.530057677543,0.109514371286,0.434813574098,-0.612269563105,-0.148635493682,-0.854138599149,-0.482529531255,-0.509369926937,-0.470970828775,-0.471781638243,-0.434031597192,-0.651741085762,-0.36359207054,-0.627532445472,-0.159391886316,-0.16363171836,-0.564920491353,-0.0152676403871,-0.323890353724,-0.292093883997,-0.553347737767,-0.350880358506,-0.0563747468918,-0.547577715608,-0.536509285784,-0.542824919304,-0.190498724535,-0.204667777545,-0.600020414057,0.584747674238,-0.509693799572,-0.708687467705,-0.0655652134028,0.287391316138,0.0514091280734,0.237075559035,0.623206354901,0.695775916973,0.0449919866504,0.339582376374,0.136653222057,0.0151763247947,0.574544915821,-0.257576525824,1.22655072133,-0.197262359824,1.07742080802,-0.601005343512,0.486957236629,-0.487494565217,2.63731651064,-0.625382584681,-0.124604118923,-0.677152010929,-0.540370204216,-0.614875309284,-0.728219055723,-0.634338376006,-0.205377440754,-0.633802197027,0.418886616026,1.84778612338e-16,-1.44222201479e-16,-0.463027020487,0.0,-0.775621913888,3.8838381072,-1.93561950606e-16,0.0,-0.848628540517,-1.51755617236,0.933076084252,0.0713573424842,-0.350313734007,-0.495002789384,0.51935141331,0.688363146222,0.622673516173,-1.3164853235,0.0636188533502,-0.284311046308,0.655173531055,0.24418677229,-1.0496531731,-0.872725957658,-0.854643969356,0.430325960568,0.249371249328,0.67845267221,0.0748539707178,-0.396520022055,-0.521757962267,0.00912091173059,-0.0658510754341,-0.319772439421,0.486087153253,-0.325904664938,-0.507502626173,-0.277176001806,0.437100403741,0.258119119232,-0.582439949407,-0.77463493344,-0.462622196906,-0.504169922135,-0.0199427432888,-0.0197110886661,-0.71639813914,-0.495671358429,0.30775922256,0.143389356434,0.497047012359,0.328713710074,0.329269144662,0.331791959355,-0.404648776492,-0.482906210686,-0.792313576206,-0.579048958386,-0.623480069802,-0.563169153244,-0.467384454271,-0.453536342633,-0.305334416688,-0.468865145211,0.323880348659,-0.886319107434,-0.306024130813,-0.322098633931,-0.0733449501839,-0.783048014082,-0.870047678386,-0.563374580367,-0.404431098072,0.104003749637,0.123937716936,0.10747455915,-0.202322449875,0.343428050966,-0.562029000389,0.0719613898024,0.644593928606,0.668319549857,-1.37916044086,0.0501828083068,1.46136686953,0.419861705642,-0.0845047217205,0.550977746769,0.446545418919,-0.0876125488503,0.0262974897653,-0.895823380453,-0.895823380453,0.895823380453,0.120927950951,-0.132404587859,-0.227527034812,-0.229645014563,-0.229403094576,0.0903406045994,-0.254600588518,-0.608799346172,-0.221719618286,0.0585950937395,0.630133349345,0.0530342802654,0.109427252112,-0.284202782327,-0.625223842477,0.358706659313,0.114410581348,-0.130507638544,-0.47142068498,-0.46747176883,-0.854335597351,-0.467633417966,-0.43770581711,-0.444400745942,-0.412785096506,-0.472660332054,-0.896522957702,0.14893467197,-1.42124190913,0.138284841701,-0.686253344289,0.466894791279,0.363910220292,0.0818346900707,0.0931280791394,-0.979529239964,-0.0957099126348,-0.161612825048,-0.937745839132,-0.909712870572,3840046161.21,01030315,-0.04279991
360,600630.XSHG,600630,2011-05-31,-0.667034559631,2.13239393716,0.662290015435,0.119041234996,0.682803121939,-0.0567857143056,-0.724831138559,-0.301132992492,-0.000301992011122,-0.506322465616,-0.732321919203,-0.733767495849,-0.83690050725,0.532042092067,0.701177222512,-0.212230564086,-0.452021460703,-0.282231118597,-0.207398520578,-0.462414901877,0.4116107596,-1.03589446143,-0.559310943458,-0.219649388985,-0.61371107438,-0.425774731145,0.730494086071,-0.977617858007,2.74929714694,-0.676451297444,-0.477701728248,-0.669760711807,-0.667326559798,-0.5757226656,-0.429247167559,0.0268184272288,0.219649388985,0.662652711262,-0.568187674975,-0.964789930745,-0.349527438574,0.0666736423976,-0.272702327841,0.775344228039,-0.205155630738,0.96281485299,-0.772479674331,-0.185474824571,-0.424492539213,-0.283679140608,-0.485819740044,-0.211772325155,0.0745085485004,-0.612269563105,-0.151797463487,-0.900247080463,-0.681538595221,-0.434435285001,-0.684701623565,-0.660589108974,-0.549008366552,-0.356269241973,-0.0442770483082,-0.653008499741,-0.373795131625,-0.445583281046,-0.920021868913,-0.14520573619,-0.532042092067,-0.466776318394,-0.908895806592,0.749992821651,-0.344064175834,-0.977234578964,-0.967980168221,0.109760194692,-0.213446931691,-0.193005660856,-0.583788665986,0.2556893612,-0.286277710533,-0.637417501044,1.44879756367,-0.330761481195,0.00077058650217,-0.0382666613481,0.106472559066,-0.692283942484,-0.593339362824,-0.779332897271,-0.97986646925,0.171884340208,-0.442595387599,-1.82103855738,0.205155630738,0.654039934593,0.198074978937,-0.474332968706,-0.800663701314,-0.842751312309,1.33395282913,-0.918216217803,-0.476252573053,-0.826068602885,-0.923628366678,-0.734081020586,-0.801263269772,-0.692990768561,-0.867756474344,-0.382202900096,-1.16101554674,1.84778612338e-16,-1.44222201479e-16,0.0,0.0,-0.775621913888,0.0,-1.93561950606e-16,0.0,0.0,-3.24597977789e-16,0.108258081008,0.0843609584266,0.297539197456,-0.836943552949,-0.48304236907,1.3491917666,-0.773065001012,0.200750181446,-1.21995016732,0.803467088147,-0.363913040581,0.447015958921,-0.913985283513,-0.880153493452,-0.883703905313,0.083124993191,0.0449805490989,-0.0101543338829,-0.492409057974,-0.589547144746,-0.748094527793,-0.61981032403,-0.947647437639,-0.529349963097,-0.680085831943,-0.477014000266,-0.457393603193,-0.45515044445,0.15620986691,-0.0742799602184,-0.921534426196,-0.847347018389,-0.723244123933,-1.02829716011,0.632272184722,0.0159861585245,-0.622610831069,-0.541664895693,-0.0431584934061,0.248592049999,-0.821096074582,1.29482441592,1.29557734085,1.29433451107,-0.597913513613,-0.680802421248,-0.680248869846,-0.558205846986,-0.10851530103,-0.0240607342954,-0.770490832454,-0.770167359874,-0.744570445234,-0.746914291633,0.21620899637,-0.735236228011,0.204556969209,-0.429565831007,-0.40193295245,-0.82071449543,-0.646537527603,-0.0253192462317,-0.597899275802,0.282194487485,0.286991161419,0.286845922938,-0.0560529943362,0.193781488369,-0.182794672689,-0.221516915836,0.547543411011,0.545323491632,0.313652566358,-0.0421157803287,-0.993915810986,-1.03052947743,-1.32134655781,0.550977746769,-1.49653059313,-0.341346622248,-0.136302052978,-0.321527802495,-0.321527802495,0.321527802495,0.237322166003,0.082878755443,0.750263083658,0.750816110357,0.750361942899,0.140712335649,-0.28542065976,-0.832280135595,0.00483556518071,0.386197168545,0.30853148954,0.333358333097,-0.332697139918,-0.671797974312,-0.458921469581,-0.117362633396,0.198087823385,-0.0049793924637,-0.677296978605,-0.657659563689,-0.728538440882,-0.677213573047,-0.115351154596,-0.651041379533,-0.656318647017,-0.135333774487,-0.685698022268,0.0140252066855,-1.01654216018,0.0681835675958,-0.00377464004451,0.520663128451,0.145764418344,-0.806715574199,-0.328377986845,0.0936229627622,0.0830797240557,-0.385530770994,-0.794572970232,0.0250706790467,3092992426.16,01030315,0.03846154
411,600137.XSHG,600137,2011-05-31,2.3447544738,-0.303209251122,-0.22938820219,-0.118021365923,-1.64790569805,-1.59114247556,-0.673322346207,-0.301132992492,-1.29765967179,-0.994731769214,-0.188005041619,-0.733767495849,-0.83690050725,0.477741638586,-0.982401935621,0.531744575018,-0.703115613112,-0.677641213687,-0.508320205809,1.36636813762,0.680560971839,0.114023928275,-0.957503991324,-1.04188539369,-0.978314332591,-0.213724406328,-0.304140485645,0.605506948194,-0.783838746361,1.89412350337,1.82988709882,1.8448048429,1.95747912346,1.8241130079,-0.213619503626,0.377789086072,1.04188539369,-0.79939339602,-0.337111349413,1.12549827026,-1.21755915689,-0.0544452192964,-0.163856162943,-0.387614744812,0.6171635618,-0.472535125878,-0.203752641373,1.76648945926,0.284422700712,-0.719430510082,-0.394988993848,-1.21022566784,-1.04520092338,-0.612269563105,-0.144946528909,-0.761921636521,1.86266068573,1.85295795534,1.77715945481,1.95525518499,1.78811145853,-0.226451579175,-0.140812936306,-0.624347938688,-0.0460966977416,-0.410346769573,1.04463449638,-0.37995987565,-0.477741638586,-0.384341230594,1.05823195108,-0.267409287622,-0.184216208179,0.978056327063,0.995566011524,0.611748743921,-0.373909075119,-1.87519488279,0.224197018322,-0.602001879697,-0.388487467176,0.880241195604,1.44879756367,0.0596881076437,0.827444777652,0.74327239214,0.465939547473,0.669586108304,4.34685314456,0.229768410525,1.66928693772,0.712130623837,-0.431666499567,-0.498678341773,-0.6171635618,0.203531640287,-0.884717909505,-0.51839292516,-0.857044736466,-0.463286268993,-0.642691291276,0.907618984732,-0.348644555237,-0.800643818892,-0.625538684763,-0.817163789069,-0.362997985474,-0.711319641234,-0.983793677308,-0.308248121672,0.418886616026,1.84778612338e-16,-0.658540150794,0.0,0.0,1.06752263417,0.0,-1.93561950606e-16,-1.85648454538,0.0,-3.24597977789e-16,-1.35594036353,-0.724463953194,-2.1689121315,-0.504501143928,0.111636100865,-0.633294094524,0.395210658152,-0.28603757586,0.631659493886,1.91348458905,-0.7097679055,0.626157065361,-0.157052023703,0.12780680517,0.0871960062744,0.537155641908,0.737162407139,0.0802654882233,0.345458134767,2.12372144287,1.46797095588,-0.546729055694,0.227416029314,-0.471954012962,-0.178859839697,0.774558092565,1.41225645497,0.0682767300687,0.374614527143,0.321778432624,0.559291342641,0.130879348806,-0.316547810387,-0.72147112173,0.650160139683,0.827503577991,-0.428739067101,-0.402823973132,-0.0156830953398,0.766259965409,-0.791463400535,-1.08958792486,-1.09101278437,-1.09410792541,-0.786820276303,-0.812814318843,-0.977489325589,-0.779776582279,0.18035493083,0.319544278756,-1.17622725823,-1.18585804308,-1.23291618858,-1.11635981117,0.244834050853,0.0715407016557,-0.447366954769,-0.276298205019,-0.281828762861,-1.22122357967,-1.19196143242,0.709350400177,-0.786040936336,-1.45324670905,-1.45430035073,-1.45575045939,1.01395661902,0.546377271768,0.366582891162,0.329433068853,-1.94967468898,-2.92117477947,-0.304464047213,-0.0105889962725,-0.331656941296,0.443183902802,0.180532814585,-1.69310870101,-1.49653059313,-0.0466987890477,0.24882057089,0.478884152846,0.478884152846,-0.478884152846,0.531288411913,1.07890485642,-0.960227720807,-0.963813705569,-0.966593318965,0.934067099676,0.762461762458,1.59055317281,1.11289637159,0.865173995156,0.084994644243,0.662928503317,0.0902894497105,-1.45078082664,-0.942010089722,-0.277897627449,0.175167873152,0.516307050256,1.87833116477,1.83423343281,-0.381243602996,1.89606225138,-0.552972029766,2.01660267211,2.01954345401,-0.573378688105,0.0463032060456,-0.729522365617,0.58274882084,-0.438299154953,-0.490535835517,0.320837517171,0.171980046401,-1.04079602016,-0.2630781846,-1.0956684705,0.657028621457,0.183681203748,0.638445564429,-0.389034610277,1578813629.12,01030315,0.00246305
435,600483.XSHG,600483,2011-05-31,0.884898071364,-0.266728204494,-0.818532738836,1.41122477665,-0.00498334616885,-0.807995118532,-0.618013724912,-0.301132992492,0.252256249906,-0.343912177339,0.680320951072,-0.435439027311,-0.747073186138,-0.479627070998,0.463896588941,-0.28438242917,1.15019836895,0.277933182781,1.05201445835,-0.746936401098,-0.592470032757,-0.0241609647099,-0.715271693562,-0.526033907849,0.813450250617,-0.453676089674,-0.752633395753,-0.753446271553,0.539838213715,-0.249431564311,-0.40455194495,-0.306332263966,-0.16317712079,-0.347629745451,-0.452370030746,-0.501328454448,0.526033907849,-0.13146318218,-0.769254088126,-0.853031947721,-0.356471692321,-0.499703800963,0.425193670625,-0.322917083245,-0.985623640161,1.3469874725,1.04744683114,-0.277197081667,-0.662295374152,0.655263213679,3.21802260271,-0.447095529341,-0.189393237808,-0.480417698428,-0.121462315666,-0.663755192434,-0.280786981137,-0.365983667174,-0.369998743737,-0.161856183628,-0.349888532756,0.309941437788,0.682455299365,-0.581887848239,-0.520040713689,-0.362472690695,-0.730872391419,0.324570456329,0.479627070998,-0.343396249439,-0.719508393047,-0.470574724303,-0.171988830685,-0.639143932388,-0.628462096795,-0.330077391298,4.77277209214,0.197248585423,0.0909814291228,-0.150575337037,-0.039294693499,-0.132301402168,-0.0655652134028,-0.172109349412,1.14520162601,-0.33164439835,0.831647282206,-0.592762669542,-0.532545900969,-0.795656594897,-0.929043382305,2.50718414432,0.969869176025,1.28399518741,0.985623640161,-2.36753327371,0.68356536585,-0.545930397944,-0.726758830911,-0.846987764149,0.333607903948,-0.708216002815,-0.24038455191,2.68618370007,3.32871219778,2.15936669919,2.14972297784,2.69785067604,2.54083636274,0.291987284638,-1.16101554674,1.84778612338e-16,-1.44222201479e-16,0.0,0.0,0.0,0.0,-1.93561950606e-16,0.0,0.0,-3.24597977789e-16,-1.11569876376,0.274213751186,0.786461915395,-0.248045571255,-0.00167729319378,0.688363146222,1.40124874345,0.000733429681691,1.87341110791,-0.89413788424,-0.474563363692,1.23464462525,-0.674461285353,0.262376277201,0.343892107228,1.12143168361,1.38850972073,0.548918657395,0.979484968752,-0.35118102047,-0.378234157557,2.45838390262,1.74651003754,2.35430542244,1.08729697432,2.40341548846,2.668062264,2.34196706839,1.2097034987,-0.280361449261,0.0312606694777,-0.39804577484,-0.225119956954,-0.219318162366,-0.0832170375369,2.18399897124,-0.0471587051232,-0.210974671652,-0.156038375891,1.60654135223,0.438803480611,-0.281825279717,-0.278306977279,-0.272777545813,0.397480821725,1.03153981619,0.632032784731,0.775595673462,0.511991870649,1.07293842226,1.28906555154,1.20905073295,0.917847241457,1.5662728477,1.05339870606,-0.0360241780615,-0.684791136583,0.302180500043,1.41463676777,1.24444127184,0.913471585769,0.292549487509,0.392828056174,0.529716614392,0.437022817297,0.497260318455,1.54105760279,1.64020186237,3.08688273671,0.18049375652,0.918595182022,0.802203121143,0.4176016043,-1.48564464416,-1.90470918458,-0.910624791915,0.00384112371457,-0.769073104865,-0.802574874543,0.0698538544238,0.655669857797,2.55195111718,2.55195111718,-2.55195111718,1.76295616364,1.25370091635,-0.309754481708,-0.313626074417,-0.321344192245,1.77779359475,0.7932818337,2.64638890244,0.972844076355,1.78358946694,0.999268906139,1.68194431699,-0.0846002257265,-1.83687380713,-1.77359133358,-0.804480086389,1.48012883626,0.379519222902,-0.268790573577,-0.317930079699,-1.19858695565,-0.240719781621,-1.02771253274,-0.0687518326135,-0.0588278370898,-1.10574714152,-0.521964224346,-1.27738950806,0.135089932896,-0.319940700804,0.565345941883,1.13073312723,1.17897792895,0.363686655619,-0.340105386421,1.41232686473,2.18300386455,-0.137546877586,2.07210902192,-1.90086760184,2639625964.8,01030315,-0.12896175
458,600689.XSHG,600689,2011-05-31,-2.03548677916,-0.436109863495,-0.324925154079,0.0186938742511,2.01469354861,-0.674595116332,0.48604768492,-0.301132992492,-0.0376560807714,-0.587634740551,-0.134541233152,-0.733767495849,-0.83690050725,0.930891851563,0.807872326561,-0.497788377866,-0.64333129111,-0.672149406811,-0.441448720202,-0.837804523886,-1.15868100589,0.901656656743,1.17348994094,1.21848202609,0.0738264982465,-0.693627773019,-0.500025247396,-1.05141347342,2.75665967274,0.608236155524,0.599373975082,0.621898905358,0.602570247582,0.658338120236,-0.695299388562,0.215536835534,-1.21848202609,2.00634044613,-0.862284816599,-0.952372377076,-0.446746991025,-0.132648262073,-0.993007830845,2.70170599746,-1.19374844267,-1.92446809552,1.04744683114,-0.881990714395,-0.740820362678,1.98661203531,-0.0748947160494,-0.657179020775,-0.88802534844,-0.612269563105,0.0671360083562,0.36550510012,0.615627395068,0.640480501275,0.593557826525,0.622641726675,0.706467232893,-0.278117136488,0.628876355591,-0.125441875913,-0.339941987629,0.35150526455,-0.980692456034,-0.0974758979856,-0.930891851563,1.23595343049,-0.969642712823,-0.254809880696,-1.3527382271,-1.26461162855,-1.25657052893,-0.104979351366,-0.114019780827,-0.274356035809,1.11545445161,4.37710280075,0.08529273257,-0.45199810976,0.691616175135,-0.172896704905,0.300803945311,-0.068325855713,-0.0994720697085,-0.749901521556,-0.499254243287,-0.589384415803,-0.693986605188,0.0646684064929,0.67893463944,-0.0340486274053,1.19374844267,-0.0780360436549,-0.574921868163,-0.589990354399,-0.754949348487,1.78505924284,1.53568160792,-0.956716257217,0.456314888512,-0.713473130918,-0.540370204216,-0.762979374841,-0.0123857580345,-0.616009503332,-0.867756474344,-0.38402998369,1.31094451253e-15,1.84778612338e-16,-1.44222201479e-16,0.0,0.0,0.0,0.0,-1.93561950606e-16,0.0,0.0,-3.24597977789e-16,-0.615224154182,-0.0365726698381,0.263569380825,-1.09102453699,-0.395001725739,-0.633294094524,0.505845950257,-0.00890593184911,-1.15421921376,3.18542028429,-0.529126170658,0.103538796159,0.185392442416,0.261939363331,0.29471375407,-0.258996565968,-0.0987105453817,-0.639656776815,-0.485660606604,0.730071249219,0.47374332594,-0.91181992238,-1.1872322231,-0.694351600714,-0.23511485192,-0.205802592951,0.0643109509471,-0.439553029002,-0.455641282691,-0.204359687342,0.138206576389,0.0825313417511,0.115369979969,-0.469173848792,0.785469189923,0.29799441133,0.226499261639,-0.0336182977412,-0.149384177922,0.365978031758,-0.100715550323,-0.546091561907,-0.547356242594,-0.548776621781,-0.740738350195,-0.752717991132,-0.896817218097,-0.689527403059,0.116174294774,0.279261310929,-1.05759947638,-1.0690158268,-1.10930380967,-0.993622406599,0.316404493304,0.202371981818,-0.371454741453,0.246941264637,-0.504578794774,-1.07418601202,-1.08877314346,0.659348576892,-0.740286098752,-0.719205198255,-0.715237246726,-0.719544334726,0.200322330069,-0.709226651977,0.115537486511,0.723865413993,-2.75244321151,-2.5638319494,0.481038048891,0.279746607588,-0.999670635502,-0.98834208954,-1.32134655781,0.550977746769,-1.49653059313,-0.43795810548,-0.397372439495,-0.0553908273443,-0.0553908273443,0.0553908273443,0.119950669548,0.270521741829,-0.480607797238,-0.482939997776,-0.485149671067,0.20367699946,-0.00804001858479,-0.665909047906,0.231390748647,0.355696285718,-0.2597317168,0.247177627665,-0.972347317752,-0.505348015444,-0.0323307908927,-0.531847380972,-0.617707015421,-0.41045299923,0.609586470609,0.633627300082,0.101655158932,0.604000451818,0.183559532461,0.605609389089,0.561438421021,0.211585007467,0.259589553576,-0.0696747154799,0.430257509443,0.0993690734586,-0.487496743765,-0.327753081368,-0.31277074875,-0.22390303527,-0.361551625425,2.52900684873,-0.0376317503978,-0.381345388827,-0.292823006251,0.288981502098,2291301310.2,01030315,0.06140351
516,600177.XSHG,600177,2011-05-31,-0.403177487758,0.0477413796773,0.702097078722,-3.7514677362,-0.122336295476,3.06676660818,0.76976824607,-0.301132992492,0.439026693707,-0.601561744163,-0.956777735785,3.69595824911,3.33365368721,0.0258842935491,-1.32440613327,-0.636270055519,-0.230819469295,-0.150427753567,-0.0290745589595,0.241192365832,2.16875214623,-1.92129353073,1.24567191423,1.20493441131,-1.26999693916,1.22598569374,0.384859583678,2.93494212917,0.0160470924452,0.188330084902,0.285017606021,0.193671385594,0.205034304314,0.229865269399,1.22445543335,0.401094008328,-1.20493441131,-0.668780148711,3.03600280554,2.23066054684,1.67819465541,0.0955732105399,-1.04038792615,-0.325848464708,1.70190098359,0.843048808541,-2.27391904134,-0.904921278669,2.90773541797,-0.8969991132,-0.139451827883,2.74973679402,3.02970905651,1.46089060704,4.07997212617,0.612408580704,0.165278506475,0.243749815043,0.183242969563,0.202014262625,0.228692143999,-0.876413954584,-1.18648812683,1.80649223951,-0.433376665059,-0.483733866885,2.65597391315,0.163121599466,-0.0258842935491,-0.534614156995,2.67159831363,0.471230943414,-0.254166035649,2.46002032788,2.48378689127,-0.0436251953496,0.0425686509456,-0.16541479942,-0.889214458093,-0.310099186755,-0.586265666375,-0.346581214018,0.691616175135,-0.871438498044,0.21471842464,-0.222228930861,0.324898680494,0.541256045826,0.458966512613,1.86362214565,2.21087045797,-0.815725178548,-0.654389700501,-0.789727081231,-1.70190098359,0.969483730509,-0.161544832044,3.07800102044,3.37458052349,0.23088662524,-1.23617395376,2.55495400453,-0.429010601282,-0.985881530837,-1.41638886127,-0.939981794653,-1.69240268118,-0.872613720761,-1.33674016966,-0.797901032656,0.972678928687,-1.06064918002,-2.28233778289,3.45199819338,-0.305321112336,-2.51034619441,-0.830532377498,-2.48685858805,-2.77991727261,-1.7214400758,-2.10346939255,2.0794800453,0.387345209886,-0.0203212295918,-1.912632205,-0.521247198173,-0.633294094524,-1.14996806702,-1.04995697718,-0.709502362279,-0.929252673373,3.35859180917,0.272316367516,-0.886227945185,-0.822043948711,-0.858369602171,0.23251723346,0.112074176042,-0.0313100622541,-0.118263120651,0.340387380521,0.0544600203434,-0.811138128573,-0.634760218185,-0.838971952791,-0.330705906622,-0.607881222062,-0.722357702783,-0.288688901605,0.443314468817,-0.304188315135,-0.510167726474,-0.693455899435,-0.600289424489,-0.876918796347,0.490173052227,0.217080651032,-0.540144990902,-0.789500574907,-1.08696603807,0.566149456804,-0.594252845667,1.3380234128,1.34123340916,1.34283695461,-0.181758806478,-0.112191925065,-0.537358817396,-0.21652315679,-0.0862551511602,0.0618761563327,-0.24862066326,-0.259551392725,-0.267895845994,-0.194315437021,0.346918405748,0.183945395983,-0.26854446064,-0.256245756224,-0.154165995609,-0.488922126956,-0.659162819985,-0.80088324097,-0.181033985103,0.260703249073,0.281116101742,0.263324022143,-0.141960077152,0.297234225681,-0.539288797651,-0.957680864232,0.647284171644,0.650333681412,-0.705438866416,0.2964126753,0.0424488894738,0.874840770657,-1.23300071238,0.550977746769,-1.35773944941,-0.317279704717,-0.194473441115,-0.564986438912,-0.564986438912,0.564986438912,0.132459871502,-0.25892734839,0.936935234767,0.938414467998,0.938810266945,0.392570990896,-0.192960446035,-0.879529302498,-0.36177191352,0.173820651085,0.39118016989,0.186567021648,-0.846742628069,-0.828717509436,-0.964257744113,-0.213545237591,0.225203289932,-0.333952187036,0.187326504057,0.200518588405,-0.822886308234,0.20208752947,-0.0919071791408,0.222627593092,0.23332310804,-0.282414548403,-0.667509073868,0.277471778567,-1.17573553674,-1.06209878051,-0.764256699235,0.373963844347,0.00197567052019,-1.13633905933,0.367966059447,-1.08680901605,0.0204464118392,-0.464006686629,-0.937745839132,-0.800439474759,22733705406.0,01030315,-0.03330069
526,600220.XSHG,600220,2011-05-31,0.142132304688,-0.20055304424,0.642386483791,0.25756460851,0.322716489736,0.768979811242,-0.166256283795,-0.301132992492,0.601266094144,-0.531712464509,-1.18999055548,-0.733767495849,-0.83690050725,-2.47452230245,1.53421084467,-0.881350742297,-0.499848918305,-0.381083642369,-0.313278372789,0.909544788088,1.34585886527,-1.40812604912,-0.548256046648,-0.383262890555,-0.842890265256,-0.579790230223,-0.0356497890374,-0.530667055201,-0.540349500229,-1.36727649092,-1.20161228699,-1.38916034725,-1.33453193347,-1.31987786534,-0.578849306489,-1.3344978044,0.383262890555,-0.690917987238,-0.931307615143,-0.497062075866,1.21987390814,-0.038145958321,3.03237945572,-1.01922381523,-0.421198224651,0.275542013301,-0.954472324878,0.0380981771011,-0.644214673732,0.502444853459,0.0267011556217,1.3896132145,1.8703726918,1.38234056,-0.374551648846,0.140912175011,-1.37922571016,-1.15577301426,-1.40789523986,-1.33656576482,-1.3078496866,0.16405845504,1.20093095227,-0.207177550027,-0.473549062601,-0.677906373142,-0.850429136627,0.827897675012,2.47452230245,-0.889430280677,-0.839215531797,-0.565070276248,-0.321716528668,-0.699718506566,-0.689292417926,-0.239241368104,-0.199128336196,0.354260497921,-0.121712098116,-0.26550322532,0.419215184474,0.125366938836,-0.0655652134028,-0.683418006383,0.138760612284,0.690368210058,0.709328654206,-1.01179960825,-0.36464014918,-1.10877479482,-0.50181180768,0.562247469764,-1.06478828902,-1.63204186534,0.421198224651,0.529974173856,-2.70029898885,-0.39722804491,-0.23837716155,-1.33115368864,-0.641201732783,-0.773549403033,-0.616611137518,-0.760690586904,-0.765458331376,-0.705182666331,-0.260736085804,-0.667330346818,-0.882261124714,0.696591101987,-1.16101554674,1.84778612338e-16,-1.44222201479e-16,0.0,0.0,0.0,0.0,-1.93561950606e-16,0.0,0.0,-3.24597977789e-16,-0.827546715819,0.423755334525,1.13343932813,-0.787077191596,-0.831814214528,-2.61577995564,-1.11529133368,1.15119122838,1.66983295462,-0.92261987987,1.7915538015,0.763103778963,1.30816118379,-1.18206097778,-1.06439709684,0.641985981715,0.656786654351,0.711680313381,0.118631546024,-1.32370103998,-1.44928086237,0.148009132567,0.306041888264,0.215709427439,-0.00197003041825,0.215303736377,-0.194039362032,0.614313364071,0.823062890131,0.490370559296,-1.38446348862,-0.653540282459,-1.02590184564,-1.12433289626,0.128308995746,0.14568615665,-1.21990200161,-0.82047176259,0.609945670979,0.331925741253,-0.852772381323,3.9148854239,3.91038245056,3.90927547272,0.0328377096148,-0.041766541029,0.698193828269,0.928089384481,-0.337856903372,-0.4754438327,1.33933859496,1.34962200512,1.43028245605,1.22402452399,-0.192480448195,1.22239315981,0.451033444242,-0.27697116187,-0.177405045309,2.45382734056,2.6786405545,-0.0631777695761,0.0308308582477,4.09560142516,4.09682191846,4.09067626027,0.545575052418,0.90212175178,-0.571481402397,-0.331548454163,0.86136026139,0.777800945697,1.32857861981,-0.923854402814,-1.4413454976,-1.35321393969,-0.0845047217205,0.550977746769,0.446545418919,0.0175942620708,0.379180549124,1.04117355147,1.04117355147,-1.04117355147,0.531288411913,0.477045817095,4.19240378902,4.19441621194,4.19614212956,0.63183671338,0.300160693832,0.0727893114685,0.354966303265,0.694594983792,0.824978683848,0.655352177565,-0.478674328932,-0.44161484581,-0.907019755944,-0.230152305942,0.501485808675,0.079049254067,-1.37511225545,-1.38785589048,-1.19960144884,-1.3674534594,-0.636979608481,-1.29480981474,-1.28629052095,-0.672498340092,0.716345037288,1.41445627314,0.0535542439798,0.720654329462,0.906230733301,1.05802549517,0.599215342422,-0.763721206574,-0.338150819825,0.449243043926,0.580729859302,0.336447652851,0.35209982663,-0.552702327207,9095035662.6,01030315,-0.01176471
561,600510.XSHG,600510,2011-05-31,-0.357493317524,-0.0020070557079,0.323929977497,-0.587336189787,-0.312789427788,1.26602062005,-0.133324432947,-0.301132992492,-1.15270350645,0.107537001288,-0.242390639887,0.766915103465,0.523341783867,1.95225752418,-1.50891907952,-0.0571837608278,-0.912360740119,-0.705100248068,-0.80924189104,-1.52452918955,-0.821785476877,-0.615626165158,0.0079569968057,0.459294536322,-0.33244570376,0.500550372002,-0.462209656324,1.93243565559,0.321942509653,-0.160439360611,0.0127481379387,-0.130182738026,-0.163438428377,-0.0490939555415,0.531605303894,2.52485613498,-0.459294536322,-0.994522629892,0.569188005388,0.740554106513,-0.828680947083,0.191642597948,-1.18701011299,-0.152778518778,0.363794237001,-0.845652418203,-0.749730593013,-0.827530624244,2.44216602306,-0.886222844651,0.624199260506,1.03774192496,-0.418496618225,0.961536736561,-0.102819868688,0.0129983236242,-0.167164134081,-0.0259541175735,-0.140524385938,-0.174366830625,-0.013959201961,-0.350442165844,-1.35733335015,0.161163734617,-0.172481768661,-0.502288789382,1.89937600317,-0.451534024218,-1.95225752418,-0.552239881131,1.91404865945,-0.572944905577,-0.281266210671,1.66550730843,1.68591942342,-1.89381156251,-0.252110532558,-0.596913116917,-0.745385802847,-0.56009102926,-0.523816496898,0.237284282087,-0.823655583199,-0.314148280298,0.0222919666699,-0.252288125226,0.0503058421276,0.295071844337,0.343169442414,0.283191420938,0.584531675753,-0.68461208416,-0.958891132574,-0.579765013889,-0.363794237001,1.62192884814,0.556893530465,1.0677655072,0.511338224803,2.54338412207,-1.23255645456,2.05562016,-0.45328107882,-0.7752190349,-0.370033243122,-0.68350890064,-0.333780299854,-0.755308935651,-0.302075109891,-0.33994198057,0.418886616026,-1.38685938477,-0.658540150794,0.395266968708,0.534007841895,0.525421296505,-1.24463248764,-2.38364628546,1.2216245454,0.0369694057939,3.61298533858,1.09817755669,-0.798584564066,-0.770083610948,-0.71583953252,-0.687038020031,0.0275345258489,-1.36711046869,-0.835963151192,-1.12654961236,0.367653538582,0.4950790675,0.207174146992,-0.707832467388,-0.514893497939,-0.671342834859,0.110341254952,-0.0520341906617,0.266334302584,-0.504682940399,-0.061499532081,-0.201020843094,-0.301787477995,-0.531676475773,-0.0979569872311,-0.43428767605,-0.230408649657,-0.358465768682,-0.152611422065,-0.107616649949,-0.372918812815,-0.544039434089,-0.643379943593,-0.684361013853,-0.528585787258,-0.403819029443,0.0362145985992,-0.604322305996,-0.814317231704,-1.07445185285,0.384374796933,-0.431784046578,-0.242629059952,-0.242681842065,-0.242540331629,-0.638964845848,-0.765059033398,-0.879944906805,-0.726197785571,-0.431857771595,-0.368611689265,-0.950970116022,-0.938639451041,-0.825168571118,-0.949580393323,0.270742105061,-1.90401616612,-0.471824027678,-0.426376666538,-0.482603482034,-1.02204261213,-1.01424110706,0.00968203006777,-0.638240789188,-0.248878115108,-0.249959828719,-0.249023505066,-0.468342016209,-0.0493087611452,0.166882340353,-0.439279691847,-0.146404780632,0.0510152420235,-1.00604516209,0.221824917898,1.26280958477,0.602837236841,-1.32134655781,0.550977746769,-1.49653059313,-0.617428547639,-0.531236718219,-0.572323548503,-0.572323548503,0.572323548503,0.0725525215209,-0.359756256012,-0.318251709417,-0.320439783969,-0.321933803166,-0.0859604540734,-0.747721728386,-0.125947640549,-0.481228282984,-0.0261295807791,0.161648083531,0.0634517281746,0.0575185353839,-0.425903191164,-0.231449610339,-0.054394165901,-0.374833237696,-0.344890065987,-0.155715226138,-0.111101555523,-0.330180778731,-0.159361471385,-0.132934136188,-0.162231420868,-0.150971643793,-0.16251174358,-0.874101378366,-1.22503813054,-0.418809099092,-1.00782827005,-1.57326292338,0.338011284566,0.0135740999027,-0.868818549659,-0.163092924309,-0.808363072537,-0.09457112514,-0.603170643689,-1.58266867201,0.757019135705,7175614754.0,01030315,0.10209038
638,600493.XSHG,600493,2011-05-31,-0.16013889686,-0.12304050438,-0.50405693887,0.64407209612,0.0897129443281,-0.637625138817,-0.208476605395,-0.301132992492,-0.734003198109,-0.537176135156,1.08176040948,-0.281754664731,1.2547928272,-0.160935123784,-0.254091877546,-0.535562409058,-0.637352858909,-0.60075591742,-0.681071543627,-1.73109279108,-1.44178649246,0.242051279356,-0.0437409029853,0.453562853146,0.00090584660425,-0.359927525018,-1.27978273529,0.637531460545,-0.0411001316291,-0.877148000813,-0.810960191656,-0.848028777587,-0.906423002451,-0.800648386953,-0.49694422484,-1.0965229358,-0.453562853146,-0.203569284811,0.530175119254,0.343192389094,0.817107190839,0.241940415004,0.845211812821,-0.741038675455,-0.209680082966,-0.391462726558,0.524217960814,-0.371785659297,-0.280025185155,-0.462494848988,3.06546059012,-1.09323217579,-0.913999278196,0.776383054247,0.0887098648414,-0.0732691575436,-0.858228885658,-0.783151073933,-0.841912746519,-0.899066143815,-0.753325193184,-0.368070847682,-0.219543762688,-0.171086473146,0.0644902393129,0.241454354036,0.544994367152,-0.431914505233,0.160935123784,0.936134411672,0.557963311525,-0.418602170733,0.420554496737,0.463876802063,0.479215611231,0.292627451911,-0.331665825378,-0.790049146963,-0.337863275832,-0.551625449985,-0.518618946743,-0.268458365947,0.691616175135,-0.472013056588,-0.672722016395,-1.0915408319,-0.894543151705,0.719346744775,-0.0606728399066,0.998466171464,0.00165439736147,-1.06405137718,0.507841013004,1.27412912844,0.209680082966,-0.305049988833,1.87314428688,-0.529407914274,0.659147965608,0.600668350066,-0.302220778556,0.35811842218,0.363198295817,-0.513706970978,-0.21186320782,-0.520955657955,-0.457955463738,-0.57568598345,-0.422947196313,-0.456067972011,0.418886616026,1.84778612338e-16,-1.44222201479e-16,0.0,0.0,-0.775621913888,0.0,-1.93561950606e-16,-0.548288181795,0.0,-3.24597977789e-16,-0.262272363408,-0.831093603922,-1.44705352809,0.307608169538,1.38378988399,1.3491917666,0.0732124199375,0.193520660298,-1.38171091397,0.866673708586,-0.347104937038,-0.111874683074,-0.252799246926,-0.704514117619,-0.688480745808,-0.95183144925,-0.911347043607,-0.854022871921,-0.970730118376,-0.859860212169,-0.812127072647,-0.652591429934,-1.01937519818,-0.809919681735,-0.387446986783,-0.71813746647,-0.519172646834,-0.844156734833,-1.32286091613,-1.14053770824,-0.872896918465,-0.651259390061,-0.549846470871,-0.592880898749,-0.0199813781807,-0.617045024989,-0.455669422704,-0.849589973232,-1.46984536944,-0.476374514052,0.483763399855,-0.35503013039,-0.35479030057,-0.358265331087,-0.605535284888,-0.667460086914,-0.677209686262,-0.543509490249,-0.0527314665794,-0.0219729147097,-0.691331751181,-0.688019932318,-0.665037187701,-0.701363437706,0.0828443424355,0.079344902715,0.0786189249421,-0.331553337044,-0.697265895459,-0.203512377389,-0.620138239916,-0.22425507173,-0.604875032231,-0.255498548641,-0.239701707646,-0.254255531983,-0.732997094031,-0.468621193871,-0.355696921469,0.41371361035,0.00411431734176,0.00549482778625,-0.400310566486,2.18734271191,-0.568343898216,-1.46780665842,0.26887866002,0.550977746769,1.00170999379,-0.229263549176,-0.286636544006,-0.666371953255,-0.666371953255,0.666371953255,-0.083421590338,-0.176979529646,-0.511966245804,-0.513217303846,-0.513553222023,-0.803757621527,-0.747721728386,-0.918101938752,-0.199064099939,-0.0860016841055,-0.118843551852,-0.124062334192,-0.914831019138,0.347538717132,0.838126032004,-0.0765369237014,-0.634955249155,-0.646003439466,-0.869732938816,-0.835563576942,0.0167758947558,-0.87775391588,0.947442399387,-0.928781643476,-0.955763689931,0.958179805496,-0.716396376965,-0.748143493402,-0.523799981447,-1.12870923087,-0.953389509213,-0.0489602405706,-0.322303704407,-0.157022907851,-0.317568477659,0.166321074614,-0.97143749617,-1.22365354998,-0.292823006251,2.36689612703,1708160000.0,01030315,0.24203822
679,600884.XSHG,600884,2011-05-31,1.71128125195,-0.292767377533,2.03961440516,1.50280616477,-0.00999360943877,1.06104263361,0.760901978534,3.13897646272,0.097264657736,-0.457792214567,0.860069962298,-0.299835177975,-0.131114412802,-1.55917180091,-0.635062982765,-0.578950562316,-1.09769213833,-0.941247943747,-0.820387138641,1.49447729434,0.725857849689,0.266810287747,-0.214333134161,0.13727815425,-1.00956604044,-0.202563862917,0.66620758125,-0.136626316278,-0.37486796794,2.123960511,2.88560211371,2.27421874497,2.05674697257,2.67895634486,-0.201640188963,0.468803261951,-0.13727815425,-0.825642547416,-0.604199569867,-0.248711002479,1.55319808797,0.144486902945,-0.660066620567,-0.412635121939,0.750634902542,3.05135041274,-0.453992535875,-0.171143221899,-0.284472529868,-0.458385797034,-0.383180996842,0.956826375253,1.38502650436,-0.536524874886,1.63504484846,1.5464771699,2.12575168278,3.04494804025,2.2895689325,1.98963077008,2.7722183083,-0.580313212944,-1.81260550048,1.22478900036,-0.59993413352,-0.485874819481,-0.459639178408,0.117720548704,1.55917180091,-0.445455854834,-0.447933988718,0.233417137686,-0.214653918945,-0.402480479786,-0.390799446797,0.120118688565,-0.195916265801,-0.191867893374,-0.668260988048,0.221255116967,-0.274113160009,-0.0498710286397,-0.823655583199,-0.402883244328,-0.387880220057,-0.819805714837,-0.206812906524,-0.807519100627,-0.309636540835,-0.834239880195,-0.335048553644,-0.801500517101,-1.17859946784,-0.599497131818,-0.750634902542,-0.0230423553851,-0.789732243408,-0.391720550354,-0.299329631985,0.314405247213,-0.962095191021,-0.455049076968,-0.410448813531,-0.836964938882,-0.284864762575,-0.788265434814,0.411270683454,-0.711319641234,-0.867756474344,-0.629058736514,0.516892505047,-2.61048052015,-1.14567944042,-2.09679715781,-0.692142282547,2.47698611209,-1.25737402949,2.21627498397,1.76029363629,4.130288727,1.74648334372,0.734196022459,0.0778591504554,0.349707130139,0.419213835423,0.278846297179,-0.633294094524,-1.34935928377,-1.39986580074,-0.575912024291,-0.466517785473,2.02240203138,-0.42352098808,-1.39085011839,0.486076178759,0.240692078252,-0.0811992662704,-0.436460183116,0.407850587282,-1.34547664603,2.1994428948,2.31949891294,-0.103773867026,-0.239874252548,-0.243778675244,-1.11102397871,-0.780532206665,-0.956449715841,-0.394439290696,-0.124310785094,-0.891565660546,1.59030272136,-0.372955958455,0.697565736312,1.84056699185,-0.883876879042,-0.34931567106,1.28562593349,-0.198334721123,-1.43662804248,0.132485313499,-1.55884747673,0.16299843158,0.164101121434,0.168101871601,-0.321035060268,-0.326189899276,-0.771424377356,-0.652716001884,-0.0221605764475,0.113348776581,-0.817606252347,-0.82446140263,-0.83079207816,-0.76594788045,0.299743935287,-0.639604516193,-0.899187554944,-0.210342377782,0.000807200319963,-1.13981361043,-1.07473250347,0.176295248371,-0.321043552763,-0.216643061245,-0.201215011772,-0.213689735701,-1.23271548522,-1.34548466961,-0.292944849497,0.128258376354,-1.95794718632,-0.968116607026,-1.44298204039,0.573258292557,2.52245091713,2.49521489072,-0.614579794331,0.550977746769,-0.386201443389,-2.60913787988,-2.85984439393,-0.975864575987,-0.975864575987,0.975864575987,-1.36424659662,-2.39463154614,0.175206733051,0.174110874666,0.173930013747,-0.526713100755,-1.48740343819,-0.891526594877,-2.59642985953,-1.57376696865,-0.588613512179,-1.63553932175,0.247944813845,0.241152591623,0.151408932743,0.234845607867,-0.564408419285,-2.16366631417,2.15468378298,2.35639253381,1.08300824515,2.15089886334,0.134717916929,1.98075954163,2.04353954713,0.0293327441363,-1.22088329796,-0.953195038974,-1.11972629273,-1.4223290074,-0.335744762326,-1.02385241962,-1.00184456015,-0.768498358532,-0.06110990258,-0.853998790754,-0.359908611439,-1.02589424258,-2.22759150489,0.845943924441,6795595405.38,01030315,0.10982068
728,600398.XSHG,600398,2011-05-31,-0.111414093393,-0.140770612051,1.72911931152,0.162402502356,0.516953096789,-0.113062235634,-0.729475373935,-0.301132992492,0.597920951867,2.35267711436,0.0,1.04716305876,0.266692294977,-0.357451050667,-0.748252571409,1.47956086226,-2.59273167181e-17,-4.76338315688e-17,4.22929558172e-17,0.0,0.0,-2.81928422384e-15,-1.16180281964,-1.68852346837,0.0,-0.169082232683,1.04959349744e-16,-0.174220309038,-0.559982902365,0.0,0.0,-5.01771031366e-16,5.15750578244e-16,-4.85006486383e-16,-0.138400551091,0.353896026976,1.68852346837,-0.994838884728,-0.286094498315,0.392862603771,-1.22450341063,0.0804273867736,0.105057891512,-0.699614406104,1.0288887146,-1.02282323167e-15,-1.57853461679e-15,-0.581027058298,-0.38477701522,-0.344227699946,-0.238524623271,-0.125363426205,-0.118297930077,-0.612269563105,-0.152686767495,-0.907683932287,0.0,0.0,4.98505986234e-16,5.09710398121e-16,0.0,-9.46734744102e-17,5.28898711981e-16,-0.658316011047,-0.393204267517,-0.446445609175,0.188108560558,0.191252527423,0.357451050667,-0.504813963609,0.200628568987,0.435007648502,-0.22635836457,0.246935303844,0.261358182066,-0.171114350709,-0.196792799095,1.01786338172,-0.825680130584,-0.266764184874,-0.406302171059,0.112091928563,-5.04585961208e-16,1.46031479364,1.40550186964e-15,-2.66979277485e-15,0.0,-0.218248405575,-0.0215913287143,-0.673970848957,-0.131756205867,0.0,-1.04599164888e-16,0.0,-1.0288887146,0.53525356793,-1.11752020156,-0.143883295297,4.2294272553e-16,-0.571618394597,-0.775049203096,0.0512847747251,-0.379512500613,0.0,0.0,1.25326633858e-16,-2.53423025793e-16,-2.5436420572e-16,0.0,-6.50411310329e-17,-1.16101554674,1.84778612338e-16,-1.44222201479e-16,0.0,0.0,0.0,0.0,-1.93561950606e-16,0.0,0.0,-3.24597977789e-16,0.524630896687,0.661721506271,0.666354349449,-0.0272088281193,-1.07389641339,-0.633294094524,-6.87480496067e-16,5.35092055709e-16,0.0,-4.33169415551e-16,-1.61215927033e-16,-1.02730672018e-16,0.0,0.0,-4.13628333251e-16,0.0,1.29068900911e-16,-1.32698173675e-16,-9.69875222102e-17,5.55819500052e-16,4.43621875957e-16,2.01038983862e-16,0.0,3.09836850374e-16,0.0,-2.01610411076e-16,4.12950617886e-16,1.5569865473e-16,0.0,9.77031767203e-17,0.0,1.5347268228e-16,0.0,0.0,6.86293545083e-16,-1.65132940612e-16,0.0,2.93888253551e-16,1.90648872149e-16,-2.70523341397e-16,0.0,2.48128031574e-16,0.0,-2.48758243201e-16,-1.33126701411e-16,0.0,1.63844447498e-16,0.0,2.95856965622e-17,-6.76700714701e-17,0.0,0.0,0.0,1.37844734814e-16,0.0,-2.09893500603e-17,3.52633837127e-16,-6.72334929477e-18,0.0,-1.66800954933e-16,2.64140157201e-16,9.91306705076e-17,1.11623852156e-16,0.0,-3.71364130032e-16,-3.72864814306e-16,0.0,2.75867263347e-16,-5.49438447527e-17,0.0,1.49338488129e-16,1.12181602612e-16,5.06794523119e-16,-1.18775861045e-15,-7.50284175278e-16,-4.97939235982e-16,0.0,0.0,0.0,0.0,9.72638772344e-17,1.85132454585e-16,-3.70264909169e-16,-7.40529818338e-16,-4.34000125893e-16,1.08052678369e-16,1.46420357046e-16,1.46643399244e-16,1.46740370101e-16,2.18452560942e-16,-1.33660752786e-16,0.0,0.0,1.56772140674e-16,0.0,-1.3142830144e-16,0.0,0.0,4.10808451541e-16,7.68231235584e-16,0.0,1.78580662531e-17,-5.05822631054e-16,0.0,0.0,1.01955125806e-15,0.0,0.0,0.0,0.0,0.0,0.0,0.0,5.78177029401e-16,0.0,1.78193569922e-16,0.0,3.31481506025e-16,0.0,2.34162716412e-16,1.26430809693e-15,0.0,0.0,0.308685228168,3278282675.46,01030315,0.06311637
825,600232.XSHG,600232,2011-05-31,1.07339343685,-0.274784340681,-0.0383142984136,0.724310234868,0.0709007840453,-0.264536449063,-0.721453512831,-0.301132992492,1.11753305223,-0.430366730531,-0.72172133649,0.55898920115,-0.567418543915,0.515234808846,-1.02519595018,-0.0857395422058,-0.0335312066881,0.51408087846,-0.251979510983,0.4696040406,0.434259198525,-0.25609150485,-0.678530418867,-0.441100784423,1.66766359843,-0.615503969139,-0.434982430753,-0.74509205094,-2.03073508023,-0.69602101158,-0.75962051722,-0.681370310133,-0.730969474467,-0.724062243666,-0.613672895626,-0.32349057767,0.441100784423,-0.812438908009,-1.01833636113,-0.521897183205,1.51847681924,-0.0280673035354,0.149876900588,-0.730734425466,-0.628191914107,0.363063353476,-0.24925080401,0.0380981771011,0.416095112665,-0.746067399402,-0.48504599665,-0.494457107975,-0.242506594169,-0.612269563105,-0.151402217262,-0.892810228638,-0.6730281538,-0.760131273488,-0.63516973638,-0.737977216659,-0.723455878684,0.368547966575,-0.380369917062,-0.648762490696,-0.535387472301,1.77610106888,-1.01816546573,-2.37175322746,-0.515234808846,-0.426073615233,-1.00716286079,-0.313082137728,-0.204856636601,-1.3082816704,-1.30042494649,0.082270345568,-0.108992438254,0.561903063361,-0.632195772659,-0.356676871925,0.795385526616,-0.00656081813055,-0.0655652134028,-0.298164963796,-0.990478864754,-0.377334373785,-0.793443061216,-1.17417642199,-0.484779609512,-1.26459190852,-0.754339020934,-0.258088688271,0.412495886377,0.0498128737945,0.628191914107,-0.433075295125,-0.90839148426,-0.534915408831,-0.946949630358,-1.13567169662,-0.806329931452,-0.945049578607,-0.17550375421,-0.0088434031278,0.0193083822358,0.349607263976,-0.487173149358,-0.154121911959,0.239431837277,0.294940276459,1.31094451253e-15,1.84778612338e-16,-1.44222201479e-16,0.0,0.0,0.0,0.0,-1.93561950606e-16,0.0,0.0,-3.24597977789e-16,0.0613816712959,1.06873468527,1.69758092575,1.0864732421,-1.24946514816,-0.633294094524,0.319252099394,-0.553529858339,-0.621360283607,-0.61204907821,-0.380612236326,-0.587116791895,1.27541376217,-0.08060111093,-0.205266169703,-0.610916699845,-0.743155222458,-0.0331029205906,-0.0608466848906,-0.715989453515,-0.558993736205,-0.287681643067,-0.494690442842,-0.250317343979,0.421258490735,-0.630421641167,-0.548126851483,-0.719018043987,-0.497277984599,0.0328419326129,-0.483042055335,0.144288231392,-0.126335839451,0.263302104899,-0.540441666009,-1.2500762085,-0.134849838169,0.00721337490904,0.429031980548,-1.37434377047,0.670755791259,-0.422648353563,-0.41850191297,-0.413788795399,0.206633017973,-0.23513695845,0.0936407211124,-0.452812369394,0.104734752759,-0.567755465635,0.251942851268,0.31702923788,0.446570722923,-0.00682984752147,-1.48590776726,-0.310098846272,-0.134665808286,-0.567082178983,-0.461747351436,0.0515909573535,0.338776691377,-1.40572672478,0.2048661814,0.085201908619,0.0958432341536,0.0965418285289,-0.78393799846,-0.171013067852,-0.634183985354,-0.660084990989,0.553932738226,0.563082010616,-0.803938675253,-0.165489815179,0.509740640155,0.263151677735,-0.0845047217205,0.550977746769,0.446545418919,0.35521873372,0.0841184478528,-0.653698763962,-0.653698763962,0.653698763962,-0.748461584824,-0.486473666943,-0.449733609254,-0.44756092281,-0.441787969853,-1.09339507506,-0.28542065976,-0.269646898152,-0.372069876404,-0.541255601852,-0.225473196448,-0.66008738116,0.154210738644,1.20897081673,0.981787600691,-0.170643644353,-0.375610185162,-0.312591152849,-0.688516239973,-0.686415418573,0.0945537065511,-0.694977521561,0.492238542626,-0.775289743464,-0.765968288402,0.582484350385,0.224059846081,0.525757326927,-0.0420570025535,0.208312881741,0.526445567469,-0.0563433555255,-0.203141758696,0.191709185115,-0.228965058209,-0.829468558532,-0.997629608551,-0.246366813934,0.99702265951,-1.19757666328,2556676993.44,01030315,-0.06782413
826,600233.XSHG,600233,2011-05-31,-0.362254387635,0.00257984915551,-0.512018351527,0.353403754762,0.222195584064,-0.803065788197,-0.732008593231,-0.301132992492,0.752355020324,2.18094644674,0.672485737763,0.161217909766,0.112702601643,1.37887059278,-0.582875160133,3.64023544643,0.630074767535,-0.150427753567,0.5449056925,0.824635230729,-0.113078075504,0.8383836353,-1.16212796366,-1.79273588975,0.177998857735,0.231581275787,2.94497509922,1.58573550014,-0.0112994319585,1.59020727128,1.52018355298,1.5539151992,1.63760960206,1.54217770823,0.231843848608,1.66382380227,1.79273588975,-0.644191335204,0.878290103218,1.65117470893,-0.668963110914,-0.137787023708,-0.510243075943,0.116760526182,1.44513831962,1.09547877915,0.728959692679,-0.99377721523,-0.465234601415,-0.208117352535,-0.115633987769,-0.528901892436,-0.998414549905,-0.612269563105,-0.153147888092,-0.916608154477,1.57288297335,1.36807333583,1.46590837222,1.66877284642,1.58706284389,-0.095827363767,1.30919049079,-0.662562020092,0.145286409651,-0.471304447648,1.67275351599,0.0833245642635,-1.37887059278,-0.528981193611,1.68714109794,0.15782069613,-0.234802176197,1.88949236179,1.91085014574,-0.404977270072,-0.170966169702,2.9384148911,-0.222656282866,-0.318385708263,-0.509948304935,-0.0180736588988,0.691616175135,3.85119848282,1.49080967223,0.808200251969,-0.37531305734,2.61286991154,0.916364939901,1.06524493448,1.30399600031,1.02508670365,-0.00732415734699,0.939608066671,-1.44513831962,0.08518522313,0.731058198898,-0.490855452376,-0.691711160411,-0.307747965752,0.0342066468248,1.9867867562,-0.408226868404,0.757532228644,0.627654671858,0.273749084057,1.03945092428,0.736661299974,1.32728061507,-0.182823775948,1.1734138821,3.34918020013,3.23857416624,-0.244689075867,-1.78448634182,-0.0166800411589,-1.5631710339,1.52168408276,1.76029363629,-0.869197984342,-0.679033659627,-0.830993510651,0.808662366421,0.241731641562,0.566438330847,0.62422741477,0.688363146222,-0.0832456983746,1.16275846222,1.79603638544,-0.0147074986366,-0.413393483626,0.827505746981,0.3263622955,1.4512189181,1.43512995874,0.419626781556,0.723095560511,-0.153881810529,0.0871715324404,1.57980987313,1.34814718435,0.385276038268,0.72748068609,-0.00624556286329,0.357867274679,0.812267328454,1.17631048943,0.269482951104,0.0556011942506,1.00080010841,1.96595788534,1.32668902724,1.41112335104,0.996591920762,0.297259378128,1.28680815851,0.691282364063,1.36478376834,1.22527652931,1.0539073997,-0.11604279552,-0.623845477075,-0.623386903338,-0.628631978148,-0.303042958607,0.0292335282438,0.0627023856479,0.287690455141,0.154508346687,0.287897667327,-0.60557273957,-0.61987654624,-0.67378362075,-0.604719841518,0.240322014633,1.12748237871,-0.247263630966,-0.114862745037,-0.685445186069,-0.0331873854487,-0.426358663526,0.832926334867,-0.304732248138,-0.659047210719,-0.679179559985,-0.661432184705,1.26970075146,-0.469094857233,0.753030242907,1.73618325268,-1.14569555709,-1.1752319657,0.742971935909,-0.374542816985,-0.300242990958,-0.382609687599,2.21248725959,-2.0891239565,1.27929228123,-0.372633615039,0.0119298577556,1.10253846805,1.10253846805,-1.10253846805,1.14697569557,1.39345990414,-0.542093436081,-0.542886814228,-0.548731619303,0.770358973766,0.7932818337,1.28294333621,1.56394714595,1.08997679821,-0.894799037826,1.21884140538,0.63741452642,-0.494561644385,0.198818175468,-0.129817934659,0.156831912966,1.1972221852,1.57575281123,1.5545454992,1.04445750365,1.57479019385,-0.549064700523,1.68163659183,1.63310513058,-0.463068107669,-0.292745222838,-0.374648305379,-0.165404300175,0.663901997919,0.170365317295,-0.0130076807901,0.156250669567,-0.343331834231,-0.256771737683,-0.0760702591745,0.903006720343,0.0528880110221,-0.0780637029017,1.12503061745,2498100000.0,01030315,0.1340819
2,600071.XSHG,600071,2011-05-31,-0.0531643346648,0.277506706046,-0.715881474152,-0.36776425719,0.0728924834888,-1.41170591043,-0.631840613724,0.0,-0.428566999089,0.107238459012,0.390223386507,-0.570527219468,0.397169858769,0.525427731339,1.51716929036,0.206729976409,1.67612822253,2.9014784977,0.396745835588,-0.579776526379,-0.598786995814,0.16182552449,-0.582574421515,-0.919933058389,1.84082619525,-0.648486026529,-0.0859168793725,-0.496207754161,-0.257466196145,0.0722095437023,0.0195348050416,0.0734886679565,0.0451184862558,0.0627280138097,-0.625947246225,-0.285981391309,0.919933058389,0.510813122871,0.249047156249,0.916299919885,-0.509934335558,-0.508726039266,0.311336552341,0.0160573035068,-0.840798363054,0.507152933969,1.20340870604,-0.599426952817,-1.10139421162,0.153716323577,-0.454163672878,-1.23379142942,-1.3011222423,-0.570612765512,-0.383737910649,-0.841038858564,0.110293463628,0.0260013197258,0.0607230606625,0.0350623280383,0.0808135389843,2.71513886961,1.28647120706,-2.1048878786e-15,-0.489220725849,-0.796217198756,-0.43362670056,-0.0954194925152,-0.525427731339,-0.921535973861,-0.43362670056,-1.01661835488,-0.846610544812,-0.362504665721,-0.362504665721,0.0377038455311,-0.375625210004,0.300771359596,-0.211935575897,0.0728618572925,0.0234529509319,-0.693070736996,0.413366660163,0.181806369557,-0.558324992268,1.88718953326,-1.35342200218,0.1123182287,0.267475897434,-0.179670683841,0.402287199291,-0.0906048463361,0.478775573782,0.935007925548,0.840798363054,-0.3161456093,-0.370314187543,-1.03304377969,-0.953411505763,-0.643748312791,1.96907154011,-0.381997229009,-0.71138042441,2.70266866177,1.85372912966,3.52180187745,0.785359113086,1.65444690572,1.80782532999,2.66705329624,-0.0436212612897,-0.0505058923975,-0.457351324239,-0.0822419473457,-0.355287846155,-1.47639563492,1.88805668783,-0.178201041285,1.02556705672,-0.385776585279,-0.271209481361,-0.26674301198,0.111946710156,0.00371802973228,-0.857098169788,-0.43409650491,0.577683516126,0.342316845332,1.08309500589,0.787676806491,-0.875089207363,-0.268517648178,-0.710206042546,1.00251276867,1.10667971856,0.970529710128,-0.972981982942,-0.301359709155,0.0571318995074,-0.63180648142,-0.0945631332813,0.187231170654,-0.123214286216,0.870984627076,0.119212534436,-0.0949924268061,-0.425724547147,0.0442771400475,-0.968515391758,-1.93374510428,1.72623423135,0.612982936698,1.61087825663,2.67345500842,0.389902599483,1.67386045643,-0.556905425765,0.65231375057,2.17309432842,1.61105892231,-1.55706406074,0.159917946689,-0.532590045874,-0.5321816665,-0.541237751988,2.35328735571,0.553656108174,1.9960611066,0.6193455617,1.26418256779,0.1463436708,0.47259228059,0.55898542699,0.608843233878,0.0844558288355,-2.49427078682,0.0334055375846,1.11334544587,-0.996850630955,-0.810075653658,0.870574198409,1.18616332381,1.31026866645,2.35063203641,-0.00508436728075,-0.0287713997557,0.0013937443071,1.00205954751,-1.64294138232,0.381085838299,-0.814333091583,0.297675383504,0.239269132483,-0.338923310356,-0.588232139525,-0.529380411141,-0.134820482302,-0.889189608224,0.0743000991376,-0.955046603183,0.391025826595,0.00747731472499,-0.788234430913,-0.788234430913,0.788234430913,-0.438609249344,1.02875593358,-0.743945832226,-0.741194152489,-0.73726912692,-1.11188458139,0.854458770881,0.319005437722,1.32128300352,-0.802044156647,-1.2775737981,-0.635442519848,1.02890602875,1.03289350303,2.37393061877,-0.541004517286,-1.45384623257,1.74275396696,0.0747692438029,0.0715844374295,1.5444360956,0.0535251602894,0.2910705917,0.0137001827645,-0.00571602897417,0.993073478525,0.195959421991,-1.21277683681,1.2560269536,1.14551475753,1.94652172301,-0.313027344713,-0.591521199863,-0.584629102313,-0.532995778869,1.38549819049,-0.773482578999,0.0652766975514,0.434213340551,-0.368011553307,2586075045.84,01030312,-0.00734619
28,600203.XSHG,600203,2011-05-31,-0.876978437846,-1.66894255131,-1.09296066104,-1.54120227756,-1.02383551868,-0.700552116474,-0.0313919145421,0.0,-1.1808767895,-0.0148088458944,-0.988866084321,-0.570527219468,-0.67058389198,-1.52011909383,2.1426882709,-0.086779308697,-0.58065267729,-0.525729465878,-0.585644225964,-0.874416046267,-1.21073785456,1.19665122852,1.01749709088,1.49867563688,-0.624684701638,-1.37777194579,-1.06991255281,-1.15473570407,-0.547911729055,-0.85148352572,-0.816291111361,-0.833336788561,-0.865061136481,-0.832822429574,-1.50459786347,0.353437169177,-1.49867563688,2.58470935707,-3.09208803193,-0.906077161389,0.144958136721,-0.386363319393,-1.5779244529,4.0092540723,-1.96649885171,-1.39067662159,0.0323787095797,-0.4947694987,-1.77129249601,4.29748862028,1.82658922262,-2.0444537698,-2.3939773612,-0.570612765512,-0.429600862307,-0.161336526705,-0.856138971201,-0.812464895627,-0.810170068956,-0.872370612112,-0.849862689098,-0.0883227673251,-2.02226896958,0.10915727464,-0.412324069708,-0.340002227738,-1.27131282619,-0.112534267719,1.52011909383,-0.315588490524,-1.27131282619,-0.963173011239,-0.406396961509,-1.42915411658,-1.42915411658,-0.0156285370077,-0.542219580723,-0.119904436445,-0.240716517329,-0.212613713291,-0.415687502511,-0.791221218237,-2.06619582653,-0.0701378783757,-0.625107742434,-0.932134101449,0.219099053632,-2.03687014584,-1.00682248213,-3.20955574343,-1.74532982976,-1.46932159953,-0.495084009121,-1.3868904308,1.96649885171,1.0834195549,-0.480215031081,-0.995315224261,-0.956252825211,-0.464734830681,0.799154617235,-0.927367189217,-0.317664307424,-0.437159997865,0.111373242064,-0.342904497734,0.340816218886,-0.441185841525,-0.430819700436,-0.253317624928,-1.34290621092,2.9361178692e-17,-0.457351324239,1.01452115037e-15,0.0,0.0,-2.75956293658e-16,-8.14473012542e-17,-2.5202394048e-17,-8.08643533159e-17,0.0,1.81729797944,-1.88398121969,-0.0906269747244,-0.317282616857,-0.991523202415,-1.56314363187,-0.481900872383,-0.374981642189,0.368426830288,3.43699838266,-0.329259444147,-0.151331395161,-0.380303814514,-0.998769685334,-1.06606606726,-0.0852666644677,-0.74802692276,0.241993389325,0.0545564771866,-0.870313400288,-0.757904701169,0.0614158543104,0.0505089604204,0.00828403830613,0.676052860462,-0.359103583434,-0.756987752114,0.0938271333234,0.0734934732149,-0.98027103158,-0.594018902909,-0.708626914482,-1.07379101745,0.06882180964,-1.86711465571,-0.624755052187,-0.605313542773,-0.931726181033,-0.805535447502,-0.085782428908,0.399295643163,-0.970306915609,-0.970708662428,-0.965708233765,-1.42014505119,-0.927845621464,-0.846682797672,-0.738077772447,0.0961652146671,0.122345442786,-0.857059709389,-0.885846639614,-1.07836215435,-0.817869978199,0.0652900854401,0.0313448108197,-1.39518255182,0.136786701691,-0.0480369997425,-0.694312403212,-0.689841361985,-0.244154972915,-1.42102727226,-0.920806224438,-0.916846308465,-0.923187094581,-1.52664035746,0.421667012863,0.178360655424,-0.794564187033,0.320612171709,0.420216375022,-0.111622278942,1.09423344226,0.598901567284,0.494151736185,0.100107439336,0.297200396551,0.298452063495,0.586072886339,0.39643487886,-1.26099061924,-1.26099061924,1.26099061924,0.214005351717,-0.424583960705,-0.980780756099,-0.983406878864,-0.983554394394,-0.809204889789,-1.4041804976,-0.633909915247,-0.558861049936,-0.0892394467922,0.470984433967,0.192336248994,-0.322341240188,1.08386975782,-0.0657142243888,1.13347394614,0.299857005528,-0.45971063936,-0.846101532289,-0.830584335614,-0.744608677407,-0.848480853161,0.278646846932,-0.884895937009,-0.862683399303,0.0659226608765,-0.582377000994,-0.147364661409,-0.571030169485,-0.786353499441,-0.831512341805,0.559495751721,0.18408464546,-0.14463656404,-0.458487100426,-0.866036056072,-1.00345783409,-0.417858927327,-1.49664534692,1.70581552603,1650132526.0,01030312,0.07725948
29,600206.XSHG,600206,2011-05-31,-0.334355694825,1.06584761205,-0.917611080308,0.462527604162,-0.218525625371,-1.13875478553,-0.475850288309,0.0,0.475630929105,0.0489889809159,-0.269904509001,-0.570527219468,-0.428828325773,0.193598491628,-0.372436287117,0.0893398452574,-1.0532769495,-1.41523382284,-1.08305691536,0.308669973215,-0.42236873023,2.38709575979,-0.448535695728,-0.2162756528,0.70110889386,-0.591176963536,-0.810924891564,-0.605842984123,-0.765378154552,0.893993116882,0.767235941773,0.895755238555,0.886876979835,0.845820184155,-0.547911382638,-0.369155180123,0.2162756528,-0.583698181337,-0.81566125705,0.184009652933,0.650806115309,-0.682016168796,0.787478431846,-0.50610761479,-1.02197970819,0.720946558079,1.35450935075,-0.866884891118,1.52001861172,-0.457444807761,0.146013668708,-0.849840959731,-0.783518037303,-0.570612765512,-0.326591640656,-0.404776014357,0.905737292914,0.695095946234,0.893485982251,0.887794227626,0.884316265412,0.209518172543,-0.858664588337,-0.489003735326,-0.525652533216,-1.18053947001,-0.720137200902,3.06935512657,-0.193598491628,-1.38102929976,-0.720137200902,-1.13808504499,-0.932603617569,-0.724336281561,-0.724336281561,-0.106809707155,0.423896914765,0.328291073055,-0.217229213339,0.0187789199971,2.06770024048,-0.206691455622,0.413366660163,0.0251192597696,0.160702617862,-0.327010979852,-0.839648588445,-0.922060510308,0.0138763435293,-0.877411137201,0.111881805794,0.284895259462,0.710920228776,-0.748891332882,1.02197970819,1.31051601653,-0.529239494137,0.136541438707,-0.953979769653,-0.428067153148,-0.344072185731,-0.595642158375,-0.892410847418,-0.187637190476,1.11597483491,-0.384349070122,0.551974093631,-0.17647433661,1.62255815506,0.0815688354759,-1.34290621092,2.9361178692e-17,-0.457351324239,-2.68474268113,0.459921216209,0.101933774349,-0.73871833547,-0.133597427358,-0.0526971214916,-0.537730970446,-0.586263051402,-0.661923835672,0.30307523969,1.44817258072,-1.08071886655,-0.895679762826,-0.849534582538,0.637902057976,-0.70350749008,-1.31109729441,1.03443555484,-0.323235600167,-0.591829335157,0.23537348811,0.897145933169,0.725163250777,-0.195278687507,-0.159255456388,0.0924207868453,-0.271884442151,0.927453801358,0.862285671029,-0.154061941426,-0.609401591123,0.0734415282413,0.486897988696,-0.261379692891,-0.243448547165,-0.232220563503,-0.153801757044,-0.400502129675,0.467925544306,0.72896353077,0.323783257932,0.340202133242,-0.105447136187,0.173608885386,1.12296232382,0.772324062396,-0.232115034691,-0.0995618037076,0.692839095774,-0.968681720543,-0.968287207883,-0.969903767441,-0.890916301292,-0.42786523338,-0.725170703175,-0.271983385579,-0.350938988758,-0.195494299734,-0.866130151414,-0.892649874991,-0.984508557115,-0.86129663715,0.337277529366,0.166592956259,-0.441560571328,-0.107503636048,-0.604901122675,-0.542353676139,-0.767089613911,-0.164157815481,-0.893772625522,-1.28248010036,-1.28280184705,-1.28378532738,-0.181847922205,-0.835978340419,0.398469180697,-0.075373306175,-0.474376423063,-0.491955826769,-0.406795038201,-0.0293589721691,0.105738083888,-0.672408779872,1.0894044869,0.297200396551,1.41267310054,-0.686930180704,-0.789165399966,-0.727974158046,-0.727974158046,0.727974158046,-0.336278461252,-0.362690936816,-1.13119996321,-1.13280982313,-1.13297084456,-0.268705440502,-0.149380904,-0.29854719549,-0.343106814294,-0.446937810283,-1.24563031967,-0.517931212211,1.53359261395,-0.266286012395,0.599498785684,0.956365647121,-0.602431929731,-0.570565432221,0.89468678107,0.89406211353,1.0940740721,0.890772867295,0.0633019376257,0.880344306041,0.863734069047,0.177053752033,0.222414865328,-0.0718486242557,0.326064690958,-0.55636976624,-0.685015994125,-0.60797103312,-0.621025226217,-0.563339140784,-0.530127543736,1.04335670175,0.215229935026,0.176236075514,-0.531216003183,1.7283326903,3199425000.0,01030312,0.07817811
36,600360.XSHG,600360,2011-05-31,0.705193171087,-0.132226816446,0.235351207182,0.614534288068,-0.23929996075,0.380650705613,-0.414612241548,0.0,0.58544676581,0.0891367667459,-0.118267703295,-0.372726508945,-0.368389434221,-0.0907008304577,-0.803177193103,0.023853334431,-1.31322029922,-1.20593868002,-1.40637516346,1.46006041317,1.52295768045,-0.507256438342,-0.251453331965,0.244690753082,-0.206013039902,-0.478806251785,-0.0607265901324,-0.0497845628745,-0.498806407168,-1.01791064614,-0.914435149583,-1.00112423378,-1.02920128648,-0.949879511716,-0.479837544189,-0.385449243827,-0.244690753082,-0.791358054461,-0.102885750239,0.491714683672,1.36892958491,-0.343521695648,0.635506626447,-0.567147584666,0.852207648904,1.86227559756,-0.345372902183,0.351211588752,0.51271552252,-0.379698364978,0.319676454123,-0.398230045429,-0.622496428418,-0.127226412808,-0.169319268208,-0.33648440891,-1.01134597117,-0.869881987913,-0.997143680634,-1.0349406827,-0.942381742585,-1.92854933768,-0.356831948815,-0.236847113058,-0.503605240196,-0.758858418622,-0.252982250197,0.292202813472,0.0907008304577,-0.812442570869,-0.252982250197,0.105733861671,-0.513083554448,-0.0835927951774,-0.0835927951774,-0.534792151647,-0.32792685993,0.180024070588,-0.487958509446,-0.0189830917017,0.0164755754044,-0.372735121977,-0.826414583182,0.0276822320964,-0.400272483539,-0.964223963958,-0.610842614715,-0.553574775074,0.273776507469,-0.473567420256,0.389841253855,-0.700252127322,-0.449803046196,-0.471727790345,-0.852207648904,-0.465570642687,-0.480872709736,0.51382699303,-0.595405255338,-0.329158443495,-0.835059183309,-0.240901514533,-0.652608906423,-0.478747132429,1.02179343558,-0.280737639152,1.66333132913,-0.52942300983,0.896928386574,-1.11364713849,-0.0392514688582,-3.39770605343,-2.45306619365,0.429485725027,0.235134075103,1.46981926238,0.0243588145613,1.69280318499,1.64982526516,-0.303690261931,-0.00190626472522,1.49175503728,0.750862080312,0.712932201165,0.0217552137145,-0.381852433918,-0.849534582538,-0.216782851639,-0.412781570542,-0.930857989231,0.421054449557,-0.254526736558,0.372257887522,-0.960684668004,-1.21785326792,-1.28001695345,-0.636567905593,-0.631699181054,-0.357969975252,-1.54220866991,-1.00579770201,-0.986211700028,-0.443377836146,-0.802759461452,-0.723657595447,-0.641955485988,-0.569134968899,-0.519177212068,-0.5485825793,-0.564543170517,-0.684267996058,-0.906223856305,-1.18923571902,-1.09749986676,-0.666429532212,-0.871852243329,-0.396327976564,-0.875393416349,-1.03850187678,-0.557042094099,-0.259024729816,-0.53375318835,0.537703606945,0.539261015998,0.548764261421,-0.663935999107,-0.695108910114,-0.543084088742,-0.609554721459,-1.46357443777,-1.44292170687,-0.22756668127,-0.174928822238,0.257100652625,-0.335619384101,-0.0326224076242,-1.09135985307,-0.946166513695,-0.794086445271,-0.378761329005,-0.394149251826,-0.255073184978,-0.88616032933,-0.664230401243,1.37567618292,1.3800824209,1.37295258582,-0.42082855264,0.261155008142,-0.407871106039,-0.333112805453,0.489283547695,0.52302763836,-0.971038413765,1.42365099409,0.908961197956,1.2845649946,-1.01285173917,0.297200396551,-0.955046603183,0.31398529516,0.403637796714,-0.098110829747,-0.098110829747,0.098110829747,0.453715222825,0.393320888321,0.535984069019,0.535436580645,0.536123352365,-0.52814517616,-0.902260660161,-0.804092454811,0.363429034292,0.493964406725,0.245296814657,0.467915864249,-0.781037714883,-0.0487383716187,0.367231228698,0.823534422859,0.175718697916,-0.00818496403888,-1.01407289505,-0.992424866679,-0.589021009838,-1.01490112347,0.672065431241,-1.0409874408,-1.03849868285,0.634278812791,-1.42878082155,-1.62838221727,-0.333280819472,-1.08423701703,-1.08041134761,0.613650814388,0.0673187106545,-0.634305679215,-0.35380197098,-0.755951073383,-0.456587542452,-0.544999881243,-1.49664534692,0.256987499442,4109164800.0,01030312,0.01815182
62,600651.XSHG,600651,2011-05-31,0.170871994996,0.0706139265423,-0.22086805597,-0.0764965449329,-0.0893858293705,-0.286077011291,-0.613241092359,0.0,-0.469926210315,0.0671888740439,-0.143131937025,-0.0195109544394,-0.489267217325,-0.278179949976,0.681105133614,0.0259417038455,0.32914904672,0.193722587545,0.58327559411,0.482995660613,0.492801022485,-0.158101506144,-0.380191091195,-0.147911990911,0.0731014012555,0.5662413675,-0.513364599915,-0.047634852483,0.0373920269796,-0.162837353427,-0.085760525529,-0.153041012168,-0.157543002008,-0.109418163939,0.809580576285,-0.0945878627314,0.147911990911,-0.0129308049203,0.19113414632,0.265110203671,0.0184961420742,0.409890969108,-0.85195841848,0.175604284773,0.152233818229,0.310462799788,-0.458698385712,0.0401463779023,-0.400497369463,-0.218951898364,0.409769485057,0.374722873815,0.867318306349,-0.570612765512,-0.36076194224,-0.796046742034,-0.165057372317,-0.0667670346109,-0.161997621043,-0.172499459506,-0.0922506238353,-1.3931227179,0.164163354879,-0.673855394507,-0.209327652275,0.0479217406532,0.00496122078514,-0.0847650890777,0.278179949976,0.125268411977,0.00496122078514,2.09778757937,-0.379988088134,-0.0967845728382,-0.0967845728382,-0.273159098845,-0.340848760064,0.0754006665582,0.0273059997629,0.376814639597,-0.0448788431278,-0.325491866083,0.413366660163,0.00117784366945,0.369955235051,0.209348150653,1.28824696724,0.579939720113,0.212345559629,0.53287032459,0.378086749833,1.04096396535,-1.04547092467,-0.318060920608,-0.152233818229,0.40656853733,-0.145346982701,-1.10850089056,0.974707871529,-0.0051666056011,0.438559976318,-0.113815303622,-0.110873449752,-0.135653272271,-0.642077952573,-0.270376496055,-0.170408109443,0.0661778762288,-0.276430387993,-1.30154951338,1.50134312948,2.9361178692e-17,0.0,-0.352726574171,0.0,1.25937534115,-0.613941550677,-8.14473012542e-17,1.19581929539,-0.291344537169,-0.6933604696,-0.97048192867,-0.409561134716,-0.74453545389,-0.542105575428,-0.0744017139816,0.577683516126,-0.645461586793,-0.992565765719,-0.917318991642,-0.535549916848,4.20102970222,0.424616815791,-0.71673705753,-0.134793916073,0.00531330711934,0.664752627676,0.647847987812,1.50036897188,-0.282560497374,-0.14150365398,-0.178089813168,0.315123370502,0.096236247775,0.633100417389,-0.531009765913,0.0219520785282,-0.36587468243,0.127128846296,0.131632326265,0.299899729155,-0.085033235491,-0.514327906375,-0.0892498538105,-0.308270616761,0.307024352841,0.350017914085,-0.0911299764919,0.148981294016,0.417361944127,-0.15612391478,-0.589666226943,0.297817046288,0.293460161897,0.300409777941,0.401723279213,0.503041374367,-0.44419258711,0.106494127348,-0.283429901366,0.248432268631,0.40701213916,0.371280839477,0.355943258851,0.706892165465,1.20414315015,0.414150710383,-0.521319999153,1.55121786238,1.76239435371,-0.142626462629,-0.398267324486,0.0298634593074,0.399193563172,0.252151290164,0.262390695557,0.248555331618,-0.118681235746,-0.168109415242,-0.987315852645,0.579284263669,0.447672774584,0.483785367765,0.398831598024,-0.20659764472,-0.858156066739,-1.21920932298,-1.01285173917,0.297200396551,-0.955046603183,-0.556694996612,-0.258070256839,-0.0407200936833,-0.0407200936833,0.0407200936833,0.3155686589,0.047636888228,0.786661136075,0.777290895607,0.77862963774,0.293413986756,-0.839520680481,-0.146884754593,0.0101611099988,0.136266043235,0.634173943313,0.0914637105798,0.635232824376,-0.238150520747,-0.0455429925642,0.978504184498,0.0803813185735,-0.596598513779,-0.161945757213,-0.144728748332,-0.115608961508,-0.16116363578,-1.01342260891,-0.125498203109,-0.108681663885,-0.851702634673,-0.97715208715,0.902490969013,-1.92709197141,0.458747316984,-0.283039492943,-0.0115940000357,0.617893846503,1.97016628121,-0.158631111873,-0.755710789879,0.553854916935,-0.0919157545623,-0.316890688874,-1.02574570911,6306690652.16,01030312,-0.03417969
65,600654.XSHG,600654,2011-05-31,0.28335474784,0.00710972220026,0.69932930134,0.24624267425,-0.180190386551,-0.587299276122,-0.561127339098,0.0,-0.873535064699,0.0250279705387,-1.30649791521,-0.570527219468,-0.67058389198,-0.0968621160756,0.000673143912343,0.118916589323,-0.509759036459,-0.538810412304,-0.52346763979,-1.40159762411,-1.2666561441,-0.216952280915,-0.560487060863,-0.612784891758,0.32895630565,-0.523754536485,0.00224913296787,-0.174467765577,3.9352683841,-0.986403537395,-0.978647795463,-0.977947449658,-0.986005349638,-0.961685698112,-0.479505476684,0.348166286449,0.612784891758,-0.46251821373,0.115401748722,-0.114154136542,-0.31120834397,-0.404751961548,-1.2444611389,0.917189785362,-0.59328286423,-1.88602000299,-0.269822579831,0.200039710582,0.102830351494,-0.325679094012,0.322872261119,-0.120010297186,0.20036777529,-0.568853295859,-0.357985605237,-0.622505721134,-0.988903849267,-0.977190116697,-0.97386699653,-0.991837506955,-0.939714560712,-0.752915454463,-1.08329052307,-0.598018816382,-0.439614316555,1.88090309867,-0.0286470490497,-0.283864368961,0.0968621160756,3.30102044782,-0.0286470490497,-0.0886128424945,0.137744078709,0.136898345725,0.136898345725,-0.625046952867,-0.30034741766,-0.0695930660255,-0.227028438636,-1.34840787699,-0.0488407527978,-0.306108285752,0.413366660163,0.063157023667,-0.0663587327054,-0.0404943503088,0.395903669696,0.119800172562,-0.430316663932,0.0909680374618,-0.204106919987,0.59918113543,1.21921498161,-0.945601016918,0.59328286423,-1.12540791883,-0.280376631506,-0.391658337345,1.71572398352,-0.623816139362,-0.0210105259439,-0.212882507403,1.02960053069,-0.624302103406,-0.265352355254,-0.601933075159,-0.659405293063,-0.65074911625,-0.307308250482,-0.620352622187,0.0,2.9361178692e-17,0.0,1.01452115037e-15,0.0,0.0,-2.75956293658e-16,-8.14473012542e-17,-2.5202394048e-17,-8.08643533159e-17,0.0,-0.690231917599,-0.800009416478,-1.25041987434,-0.663534018292,-1.94557260434,1.29129256546,0.93295275848,-0.304940598477,-0.58458091529,0.0894970953471,1.31509761133,0.580555363024,-1.60719051481,-1.12404055435,-1.12781391796,0.359952785716,0.166386833517,0.451687799862,-0.350912519575,-0.960955591375,-0.980626890858,-0.101238194201,-0.166489889203,-0.25316834449,0.377903542129,-0.288103356301,-0.287299981969,-0.323819432668,0.447796946187,0.140464381596,-0.695268962798,-1.35457736959,-1.07254318327,-0.954376677895,-0.118925187143,0.117067530034,-1.1310823047,-1.077882022,-0.0405209322769,0.302040297307,1.01958091505,1.03441108163,1.03388305851,1.04124368145,-0.674703613999,-0.543332477372,-0.52962163064,-0.660019816021,-0.954406110722,-0.772394418612,-0.141864567649,-0.127399318211,0.098022606679,-0.149481884914,0.365220792412,-0.245517859394,-0.522125649939,-0.51111018429,0.00779633018916,-0.400034846398,-0.2358947184,-2.2627874695,-0.675924733133,0.956598708652,0.955336333089,0.955146601987,-0.23732347971,0.801466701763,-0.111656805482,-0.0382883812202,0.510839768922,0.575326460126,-1.060795311,-0.169785423149,1.85880889641,2.07927989228,-1.01285173917,0.297200396551,-0.955046603183,0.444831912042,0.594275022592,-0.115328050566,-0.115328050566,0.115328050566,0.63535237169,0.359165108471,0.938325846026,0.935893066148,0.93547615334,0.0988341850124,-0.52582078208,-0.131957259474,0.285188487301,0.662445519964,0.625840861985,0.622864402638,-0.365815011703,-0.461533957181,-0.569358452529,0.414977778538,0.41590162162,0.161194832425,-0.985037388717,-0.972635252374,-1.02032243589,-0.98325103727,-0.350822887963,-0.986639608349,-0.974870508725,-0.381776877783,-0.824461344154,-0.716630784442,-0.380261229954,-0.395308293899,0.30570997981,0.988708190542,0.488376171494,-0.719465525332,-0.345982485845,-0.147349079451,0.198932476003,0.0606533901363,-0.531216003183,1.43330079964,4794524027.9,01030312,0.06614173
145,600584.XSHG,600584,2011-05-31,0.698898752834,-0.130821983032,0.376561931491,-0.360112895014,0.0667229452176,1.2483054528,0.0121239467662,0.0,-0.0677435356297,0.0356500304668,0.794354734739,0.418476333148,0.518047641873,-1.286870424,1.06522435113,0.00731616524646,-0.450681002432,-0.408000948045,-0.610514860434,0.677050229145,1.21343813413,-1.34459632099,-0.179637856472,0.329657018573,-1.27595173101,-0.182147572762,0.417101708891,-0.256156760451,-0.0688519759039,-0.456023134926,-0.346075016282,-0.450015644206,-0.463641008763,-0.413074823869,-0.0743831210369,-0.42353044574,-0.329657018573,0.304990947739,0.50297343055,0.482173442409,0.343684128309,0.263205683547,1.39044570291,-0.469888792571,0.263120761703,1.6274315243,-2.12080547747,0.150618135027,-0.805309303443,-0.0619181809156,0.269872136105,0.643560373739,1.22973854387,0.458676981837,2.81488707016,0.544075586027,-0.452201988772,-0.351644146338,-0.442427222121,-0.461246300752,-0.415944355846,-0.334641972584,-0.00440487278911,0.469381020736,0.00697780179761,-0.0965698740069,-0.294992587491,0.038685321411,1.286870424,-0.0235592522174,-0.294992587491,-0.720239631033,-0.148154968379,-0.217395111452,-0.217395111452,-0.0426255743226,-0.323819476765,0.242579895014,-0.420974294564,-0.0152274241639,-0.0957170335024,-0.657140197846,0.413366660163,-0.0070195995662,-0.896690926446,-0.368269374507,-0.0596282234569,-0.138326890698,0.130437629175,0.18400009791,0.483185844622,-0.763639689844,-1.51103575474,0.56934513866,-0.263120761703,0.828213433522,-0.0690151538334,-1.03304377969,-0.969891158561,-0.431639901215,0.25478737983,-0.28493138288,-0.0680179897954,-0.416366430582,-0.0298988569301,-0.342904497734,2.17455565746,-0.562511947945,-0.384502906703,0.0145146252445,-0.0436212612897,0.371956263849,2.03729226252,1.01452115037e-15,0.0,0.101933774349,-2.75956293658e-16,-8.14473012542e-17,-2.5202394048e-17,-8.08643533159e-17,0.0,0.914836327626,0.587037626426,0.402244341661,-0.169404414161,1.36951415695,0.577683516126,-1.4819730837,-0.256023044138,0.280079134153,-0.935874722301,-0.282775921085,0.0706249311942,0.120548330799,-0.680817614202,-0.552042292598,-0.42871378873,-0.452684356205,-0.495309096788,-0.84343242816,-0.447894331605,-0.436238309024,-0.559362402756,-0.578407931391,-0.602988409963,-0.764085870653,-0.623167790692,-0.627556109256,-0.538969274788,0.0737916211793,-0.438270083349,-0.632604169285,-0.500092274974,-0.102976029729,-0.365071149608,0.387321189218,-0.900676866306,-0.43307426683,-0.648004128094,-0.444626438776,-0.635401685028,-1.15753302515,3.1259071193,3.12516760034,3.13111911335,0.780858679303,0.0392219310428,0.186400594308,-0.232592516233,-0.534023275062,-0.74307571326,0.379261493579,0.434383247985,0.747641314917,0.247419322606,-0.508569096207,0.433077161788,1.2546028837,-0.744507868255,-0.368875044453,-0.164242292592,0.146495678272,-0.279759341575,0.780057016113,2.52954879741,2.54970068268,2.53115512335,-0.254182551351,0.159206947101,-1.73536292483,-0.254810093675,0.487273248412,0.550505941826,0.833964786539,0.703823800991,-0.0324152351821,0.304270641468,0.842080225007,0.297200396551,1.13411784128,0.260179209714,0.234129129875,0.255559581245,0.255559581245,-0.255559581245,-0.26323986125,0.0994436415575,3.18056536318,3.18221441152,3.183419685,-0.290325418474,-0.0866409243201,-0.895840273254,0.112110913654,0.120713940474,0.227241805113,-0.0374867508981,-0.550471462386,0.455613504759,-0.447376210371,1.02278125925,0.271266303013,0.160997112818,-0.454196756038,-0.446776443271,-0.604978719332,-0.451804061462,0.547827983565,-0.474139548304,-0.473492192118,0.418366978544,0.783668190939,0.827069736289,0.238488499063,0.147681812392,1.74197965267,0.205026250631,-0.187716093417,-0.584629102313,-0.390129314056,-0.326529507001,-0.378721904901,-0.12196725276,-0.531216003183,-1.10213268197,7319886373.8,01030312,-0.03729604
253,600667.XSHG,600667,2011-05-31,-0.349000922055,1.15892977161,-0.985888793161,-0.451841359601,0.152155045877,1.12714342449,2.17019482673,0.0,1.10671544523,0.0105106097432,-1.18322734799,0.333704600066,-0.469120920141,-1.02897661171,1.67864615887,0.00994785028097,-0.533390250069,0.0498321768605,-0.797044618956,0.258862633959,0.0344285645846,0.334823104018,1.23792895019,1.19445734147,0.794147040912,-0.164168258882,-0.445665697583,-0.114992444748,0.371625024336,-0.441869634815,-0.528879926943,-0.419896218027,-0.474180905553,-0.456319087625,-0.0551232057684,-0.463105270159,-1.19445734147,1.15162922276,1.14001653976,0.36767854725,0.438530624295,-0.104012891974,1.47845815136,-0.36792359985,-0.584372306272,0.0150986852485,-0.0809467739492,-0.268011681444,-1.31068574864,0.43681139844,0.00102936105491,-0.447306421254,-0.824381527171,1.75188717722,3.30457240771,1.78055535994,-0.431265907185,-0.548293270718,-0.399407472329,-0.472866383699,-0.44246484511,-0.453631923354,0.117382747913,3.04592876255,0.319807380186,3.59283918419,-0.311796722408,0.633300022786,1.02897661171,2.00359133037,-0.311796722408,-1.01661835488,3.89207418947,-0.1844156673,-0.1844156673,4.21628940053,0.367429483376,0.563117879087,-0.241967117761,-0.0915243884997,-0.081884350289,-0.764307083178,-1.44593334485,0.0152131683161,-1.60458807821,-1.02152728987,-0.945731358083,0.331165086681,0.100509731509,0.230516128134,0.243255674281,-1.41820512845,0.902886001175,-1.13708120015,0.584372306272,0.183910443026,4.26629292521,-1.22168655686,-0.372645810628,2.60557203475,0.750778774891,-0.232395744512,4.07487296721,-0.000495084935294,0.707855437819,0.50670923622,-0.248203115928,-0.209563274724,0.696222280398,-0.885411485525,1.50134312948,2.9361178692e-17,0.0,1.01452115037e-15,0.0,0.101933774349,-2.75956293658e-16,-8.14473012542e-17,-0.0526971214916,-8.08643533159e-17,0.0,1.79408535226,3.05532606498,2.10696097391,-0.266787620814,0.703464894578,-1.56314363187,1.25526357805,1.74125846427,1.14932867431,-0.0314599394294,-0.325574638023,-0.912812330193,-0.22526751262,-0.18254290202,-0.386839709591,-0.964914664424,-1.1887501715,-0.489558315148,-0.627194930939,-0.507858679962,-0.309351444687,-0.405372739833,-0.302820423274,-0.15179446915,-0.48882885796,-0.841575338933,-0.987589936363,-0.57448485771,-0.491347845267,-1.06551303891,0.11456573644,0.00148804509425,-0.0281059792626,1.0746645788,-1.20439349897,-1.61988290639,0.343314860359,0.0840965581092,-0.271973145087,-1.55361921704,1.47212707116,-0.494905158664,-0.493001422419,-0.482218297184,0.180243096383,-0.507516729332,0.821294828302,-0.350098388883,0.0894616420143,-0.441850647775,-0.222703527561,-0.171836637442,-0.0600102388948,-0.426312567661,-1.21348224473,0.432334609406,-0.751467573718,-1.06178288845,-0.450734776192,-0.270953121017,0.591894151135,-1.12187026363,0.17982733163,-0.55127824405,-0.523638121555,-0.54816960987,-0.919450583873,-0.231190388787,-1.5313769131,-1.51669211228,0.357814818681,0.392215228572,-0.38812646544,0.40780725308,0.0611365890047,-0.764220273367,0.471093832172,0.297200396551,0.716284952387,0.550609784567,0.0473334601857,0.164451787744,0.164451787744,-0.164451787744,-0.73178695723,-0.407849920913,-0.184552972036,-0.183413830486,-0.179517972028,-1.50104418488,-0.902260660161,-1.13421406623,-0.236415159306,-0.839628404985,-0.585928047845,-0.717596442886,0.134106591152,2.29721283513,0.903778038138,-0.738238759372,-0.225602266065,-0.76452836646,-0.433895334515,-0.419284039134,0.16409422435,-0.440653624591,1.05720151904,-0.514741908134,-0.507274276792,0.983547956426,-0.0665141094444,1.34029782308,-1.20897010328,-0.185921032718,0.364808686107,-0.0590356251816,-0.604022905945,-0.974945063684,-0.470178157699,0.497001778623,-1.95052128617,-1.35639033259,0.434213340551,-0.389095029438,3999012259.93,01030312,-0.00820633
324,600288.XSHG,600288,2011-05-31,-0.378523670523,1.38718175302,-0.71277794175,-0.927247791547,4.34743479407,0.307616927436,-0.553757717425,0.0,-0.81078315801,0.0624097654167,-0.0198613698004,-0.570527219468,-0.67058389198,2.43630645657,0.646444694666,0.137610042374,-1.32503590603,-1.16669584075,-0.54833827426,0.929968016798,0.398291237351,1.14727977317,-0.191817458204,0.0420413267673,0.933704261491,-0.586682135066,0.907525152534,-0.522004278858,-0.0231410311063,-0.119689581467,-0.235080999621,-0.153789320893,-0.074767327224,-0.187713855064,-0.552892395207,-0.100043905275,-0.0420413267673,1.22048884753,0.756899704852,0.780337231884,-0.478318836896,0.119259131924,-0.901704584995,1.01303665727,-0.639815778008,0.559121230291,0.787881933106,-0.390112044582,0.167141726655,-0.335571562538,0.0900331843609,-0.189655448173,0.106479042618,-0.419298375304,-0.374180904425,-0.693207618538,-0.150357570352,-0.206723405408,-0.169866085308,-0.0759838948418,-0.19725435843,0.489363544803,1.03655845776,-0.574319885717,-0.386915908851,-0.185199872247,-0.452111248969,-0.409450870114,-2.43630645657,-0.333961190947,-0.452111248969,0.8442513375,0.972251338625,-0.569804028963,-0.569804028963,-0.274085467773,-0.420297545489,-0.0505596078184,-0.304668454453,-0.868665804602,-0.0823358340865,-0.790123715867,-0.206895821511,0.0451348531787,0.841886669563,1.99491978597,1.85818184726,0.119800172562,0.195018882033,0.12585506013,0.494940348645,0.612605583935,1.63057020818,0.36700368453,0.639815778008,0.915501324312,-0.0654390261482,-0.429386892777,-1.13525595042,-0.326337852915,2.03551881782,-0.423525400291,-0.217098400015,0.352995558865,2.29324232654,0.589598380996,0.763131968376,1.12502389589,0.835172661596,1.13308870402,1.50134312948,-0.0505058923975,1.37205397272,0.933903002081,1.98648199093,1.36459730176,3.0428633455,2.47923532528,1.25257004161,-0.355586007615,-0.815534708808,0.875771174567,-0.871000013162,-1.14794167984,-0.0960664437182,0.94238442307,-1.56314363187,1.57116025196,0.350443453406,1.3436936058,-0.825355604232,-0.28818737329,1.1553653364,0.535169910506,0.102827508113,0.0686861012563,1.66703076425,1.61746812998,0.887283369194,1.95704215242,-0.0833640100241,-0.239801954494,2.34566236925,2.06429872301,2.57071425025,1.07754276642,1.51271787078,1.21576898153,1.78372089771,2.04090800118,1.83055829919,-0.430062604537,-0.0618431541169,-0.511017804774,-0.147335773694,-0.574893042218,0.865675074898,-0.462218274636,0.612160518771,1.68993705421,1.31971380065,0.402790208075,0.677645294129,0.673100138445,0.674811961034,0.911061099202,0.768783551256,0.534298509393,1.04926153155,-0.182326775548,0.509014890633,0.692473635561,0.642987777285,0.59118609237,1.12942835351,1.57537639363,0.855670054086,0.717502359625,0.827819388536,3.44484193478,0.439790762534,0.334197075589,0.39492091013,0.916086407389,0.269556875704,0.259931218541,0.262013471958,1.07408711638,1.78287830567,1.49946785154,-0.753503898122,0.512753186312,0.628990483015,2.86908546411,-1.96237427156,-1.88508473276,-1.83350154963,1.0894044869,-0.371500495688,0.994840211649,0.506586623747,0.885272903908,2.33023468995,2.33023468995,-2.33023468995,0.636631506541,0.540947211968,0.407338981381,0.401022060338,0.397255992122,1.67709257693,1.1054186896,1.54808513491,0.493829945944,0.874990924357,1.56539578176,0.770533479492,-0.117125764553,-0.981731371438,-1.64356606449,-2.11887845397,1.38598836248,1.06602565953,-0.130098301623,-0.162879471183,-0.925462718342,-0.119049293443,-1.51451364787,-0.0297554382688,-0.011158948076,-1.62962027277,1.72416285228,0.423159774957,1.70162902877,2.23663796551,-0.309100837813,1.22614009752,2.05358977295,1.97016628121,-0.28471349353,-0.184673843359,0.968534707616,1.31356969963,1.39964268428,-1.18605233911,4612608000.0,01030312,-0.0407197
331,600363.XSHG,600363,2011-05-31,0.486598087681,-0.0737494309883,0.0274145362211,0.771140577431,-0.25696128394,-0.499961647381,-0.468656133818,0.0,-0.868543435757,-0.0169037976213,0.125471827354,-0.330340642404,-0.0863412736455,0.382837978466,-0.155502716289,0.083210565919,0.0573900901973,-0.32951526949,0.670322814754,0.730738659772,0.766879399374,-0.246180182479,-0.343967819725,-0.143028872204,0.0265823277293,-0.342837690566,0.0195674568204,-0.52487055938,-0.426506175174,0.146757038214,0.0382883242996,0.121255708232,0.190670491917,0.0563321910647,-0.264325733685,-0.244912944384,0.143028872204,-0.346418940573,-0.454818656727,0.486944063041,0.163024135957,0.0934367833658,-0.366523299077,-0.206228044383,-0.488336292728,-0.663778299617,0.599006127224,-0.265104529941,0.316122189892,-0.356282637903,-4.02259937082,-0.280410657878,-0.0158681919272,-0.238952735811,-0.33426216148,-0.467443605237,0.124717511733,-0.0568206275472,0.103968797678,0.158172996501,0.0411841345569,0.0424288507676,1.81129904359,-0.506066965404,-0.484918815016,-0.924395244019,-0.494121586262,-0.218192605964,-0.382837978466,-1.03159636109,-0.494121586262,0.606176624897,-0.988180500344,-0.572630838461,-0.572630838461,-0.439508490536,-0.434182681499,-0.0561362898409,-0.119065645238,-1.27011716322,0.291093103484,-0.376905630986,1.03288542183,0.0480029412587,0.797364836119,1.06889803928,1.75209907762,-0.549833803142,0.0816079014045,-0.493653887853,0.290965131784,1.29902564612,0.339743884801,-0.282258953575,0.488336292728,-0.992256898982,-0.506439967439,-0.31620122648,-0.530054908038,-0.466239145657,0.0109620135359,-0.485067148094,-0.859163970643,0.113869535118,0.0956763421762,-0.197848494376,0.718677678956,0.661778762288,0.819733730352,-0.0820664045985,-0.0436212612897,2.9361178692e-17,0.0,1.01452115037e-15,0.0,-0.582008969668,-2.75956293658e-16,-8.14473012542e-17,-0.790456822374,-8.08643533159e-17,0.0,-0.54755918469,-0.800009416478,-0.603017947205,-0.992953754379,-1.06660056343,-0.849534582538,-0.24297394643,0.0663881094601,-0.398936016139,0.0237996196055,-0.306811551467,0.800235214237,-0.109995564813,0.38370389604,0.598959310317,1.58170335685,1.4997776256,1.82643829088,2.1850927995,0.168125873955,0.0511852192793,1.71222447002,1.57054012653,2.87636722055,2.33023399009,1.3763333887,1.12121274048,1.68027356688,1.51205740126,1.25571947982,-0.017850940329,-0.0350385018192,0.809190751792,-0.320892957393,1.34401481098,0.820441990616,-0.144983034393,0.665680514784,1.20379661435,1.21092341413,0.467439658948,0.25971546689,0.258304066164,0.25623976093,-0.323763495517,0.301562967242,-0.305822983123,0.368011278397,-0.444979035914,0.306199441565,0.000793851977745,-0.0640977717335,-0.173296199113,0.364055146538,1.69823680977,0.617592794324,0.0289394877614,3.45020906061,1.44923188799,-0.101185325842,-0.362576912616,0.229969024943,-0.320466618492,0.780122994951,0.756076104491,0.762794460942,0.654379577465,0.634597194673,2.15322102167,1.0446060106,0.344106030799,0.3701977296,1.24157991397,-1.66006565434,-0.725313797081,-0.572564104616,-0.641865346334,-0.371500495688,-0.955046603183,0.22593897352,0.515042926195,1.37180939768,1.37180939768,-1.37180939768,0.507694713544,0.375669914841,0.234807833475,0.228221677669,0.225868239898,1.22307303953,0.28979895376,1.39002194782,0.23302812264,0.583388997598,1.94524540564,0.45023717195,-0.164962974957,-0.52174700112,-0.311747552995,0.149315330014,1.38514745946,0.860331361955,0.138570668213,0.111286582898,-0.079704115146,0.148346759992,-1.59319736473,0.231227382163,0.273559700315,-1.55024092194,-0.433902822449,-0.729463856723,0.0967918621313,1.21634727382,-0.754118044917,0.954469659187,1.67553818103,1.28888751227,-0.534217232614,2.60377903201,1.36148455293,1.19567536055,-0.316890688874,-0.457303190158,4386643852.5,01030312,-0.01098901
351,600563.XSHG,600563,2011-05-31,-0.018527906607,0.234778745532,-0.16810800513,0.547371543723,-0.230626205012,-0.80942966136,-0.629559540349,0.0,0.820766415892,0.218745538042,0.87104863878,2.3117117053,2.55282365745,1.5596435315,0.109683622486,0.511275360048,0.0928369106133,-0.0155725552689,0.060992270247,1.15571816486,0.433732406776,1.54896593386,-0.722986928519,-1.29886307,-0.857280069269,2.66757367724,-1.25805252558,0.939798787312,0.00627690366445,2.56769282873,2.53557920654,2.59181775001,2.5329530784,2.55130206614,3.3432556366,-0.174910190397,1.29886307,-0.401441780458,1.57659153768,0.887676196096,-0.528000334793,-0.604712142998,-0.19432503037,-0.174040356615,1.63633674918,0.474919433719,0.674556449577,-0.256383075431,0.00665257120601,-0.309639689782,0.260117144713,-0.0557779817675,0.286959456201,-0.570612765512,-0.383506549232,-0.82577367617,2.57916020321,2.46221737882,2.63781973383,2.53373565163,2.53698538523,0.388282519525,-0.822836332935,-0.686178838453,-0.324672636486,-0.193745075264,1.03421448448,-0.104771401645,-1.5596435315,-0.0816662138431,1.03421448448,-0.657076952179,-0.20773916776,1.55407217443,1.55407217443,0.0549078398985,-0.222961410948,1.33148767601,-0.252468735081,-0.0264307368517,-0.186888891229,-0.320713509608,-0.826414583182,0.464099464406,-0.898917018118,-1.43640336945,-0.205232024921,2.90682426139,1.92453633661,1.54987989449,0.991395283242,-0.316278377815,-0.474037927761,1.20332154365,-1.63633674918,-0.828777035722,0.557355256628,1.11748387995,2.05611405337,-0.160111048099,0.659031487688,1.07048808703,-0.181080950176,-0.707476372535,-1.19146944866,-0.798794794002,-0.992812463713,-0.783104868707,-1.20276626265,-0.0652256630515,0.345290265112,0.858058552608,1.12258961404,1.67225292936,0.725966756631,1.46981926238,-0.501095613832,0.0189938834423,1.39444690716,-0.478351311964,-0.548311053691,-0.934813745442,0.966564277929,0.00209139172441,0.00732807198804,1.8698732901,2.00490161479,-1.15966226412,-0.651810529244,-0.487054237739,0.898128642559,-0.321004104281,-2.65886876418,-0.479938094982,1.88302205479,1.78679296452,-0.35459099038,-0.767743489151,0.117305987398,-0.503472717001,2.52594047368,2.71886239935,-0.0616476439936,-0.100719813522,0.0152895197616,-1.72995087552,-0.637279414429,-0.743505591173,-0.403114293843,0.0931925351459,-1.46394734273,2.46486849791,1.68330637151,1.25466755207,3.35378595929,-1.38771655685,-0.90293852052,3.32116268895,1.10018359353,-1.41676065295,-0.796531470991,-0.626359158519,-1.21251136429,-1.21288113639,-1.21361573613,-0.915934515116,-0.634616891014,-0.712038592077,-0.507697520565,0.213106420876,0.228588698072,-1.0608375911,-1.09865527206,-1.36204215271,-1.0258623351,0.0471488758199,-0.263678733537,-0.340854223064,0.721918433123,-0.481869747221,-0.682167985499,-0.845549487653,0.492494907788,-0.916910047443,-1.40740416558,-1.40600865626,-1.40956536332,-1.28308306664,-1.54720966647,0.424302758983,-0.237196577214,-3.29935554562,-2.7820226179,-0.000318801442742,0.939969260317,0.409382947952,-0.820491415936,-0.518203215389,0.297200396551,-0.39793608466,-1.90245856557,-2.61582536783,-0.665561732577,-0.665561732577,0.665561732577,-2.90759533905,-3.12036900121,-1.37688819424,-1.37942759645,-1.38001156739,-0.874064823703,-0.839520680481,-0.693949596684,-3.10997706698,-2.60997610255,-1.44492984811,-2.9409519803,1.5471380132,0.693992230698,0.309582086856,-0.176724947719,-1.43198275418,-2.67357707634,2.57702063414,2.58984358694,1.99169523115,2.57939931572,0.489850507982,2.48149938494,2.50126551967,0.342162801751,0.796749884401,1.58415205216,-0.383943831703,-1.48749071402,0.262274405026,-2.33735253844,-1.97546006313,-0.549145833097,-0.242300693403,-0.644986604895,-0.213936485897,-0.790035174244,-0.531216003183,0.0784873203349,4968000000.0,01030312,0.01086957
413,600207.XSHG,600207,2011-05-31,-0.410085682046,1.71765208954,-0.435011791736,0.412066601299,-0.210636398914,-0.480104537185,2.61658333951,0.0,0.229614931292,0.0527697141106,-0.692946682887,-0.570527219468,-0.67058389198,0.682100422767,-0.13266760357,0.137711914053,0.423673901163,0.586150980321,0.483793056231,-0.0613274041185,0.515640887226,-1.60211783207,1.19438529633,1.43714834118,0.70110889386,-0.366435540034,1.55381351085,-0.190232308448,-0.0187283408907,-0.700863652769,-0.802826568736,-0.6829475212,-0.725947728858,-0.730296038382,-0.306830374277,-0.451341449925,-1.43714834118,1.33918251785,-0.00487911805258,-3.6849636793,1.25150058988,-0.946206181888,0.559520723748,-0.432810540672,0.451232540809,-1.08807641516,-1.32752709277,-0.709898709942,-0.328371050426,-0.238441782503,-0.00645146056508,-0.828009189603,-0.754086595195,3.04333790296,-0.0872037622129,2.49319834854,-0.690665442874,-0.833382384017,-0.651855746179,-0.729685769507,-0.731352799485,0.269071631357,-1.02345559808,1.56142774574,-0.332604284584,0.0811138515478,-0.379013262078,0.230959531121,-0.682100422767,0.183639096575,-0.379013262078,1.44186745281,0.0229114651268,-0.251316825437,-0.251316825437,0.215699018024,-0.180615380972,0.355204625424,0.397123965661,-0.0244797870481,0.0126725211446,-0.55939494825,-0.826414583182,0.138724025207,-1.17495238547,-1.32867311674,-0.481879247704,-0.374008122371,-2.24646750649,0.641760122614,-1.97557982032,-1.04986838998,1.7300607746,-0.504311603038,-0.451232540809,-0.408611595307,-0.345569028158,1.49476943427,-0.419243449573,-0.573609627048,0.0323697138833,-0.371990440748,0.0342574201421,-0.125256488629,-0.751956251791,-0.032070204824,-1.18174319375,-0.0992668143432,-0.492575425413,-0.72750177257,-1.34290621092,2.9361178692e-17,0.0,1.01452115037e-15,0.0,0.101933774349,-2.75956293658e-16,-8.14473012542e-17,-2.5202394048e-17,-8.08643533159e-17,0.0,-0.185215736032,0.53242947513,0.969941006409,3.38929054503,-0.459310220227,-0.135925533206,1.59254073751,-0.840810171008,-0.558879767324,0.344305062008,-0.33099355842,-0.678335390556,-0.923154266392,-0.589251911738,-0.646830659897,-1.128329578,-1.44262995873,-0.728320312884,-0.126336328333,-0.720254272163,-0.593487919213,-0.398468273491,-0.46412379938,-0.825277081292,0.479077513003,-0.560914141523,-0.612820636202,-0.418866830023,-0.788005069805,-1.36107588849,-0.0584255652294,-0.639045925875,-0.186580919417,-0.25778125423,0.0875154237451,-1.18338364307,-0.216575923133,-0.681305458947,-0.856470299283,-1.07100772708,1.98058626586,-0.88885808416,-0.889447966509,-0.880254275771,-0.432574083879,-0.31501343693,-0.579448425278,-0.386751008079,0.111461178836,0.0134604896423,-0.136858416497,-0.132799364036,-0.160096098135,-0.140730346738,-0.218637709216,-0.817104750523,-1.20773446892,-0.631861717824,-0.393342036995,-0.27169352355,-0.438080542852,-0.630620113754,-0.42943772214,-0.570629673119,-0.565646571002,-0.572580509131,-1.34892556412,0.0228165333474,-0.0999606059671,-1.03845845322,0.458378223778,0.4995868446,-1.03487785302,0.959978522861,0.889839533377,-0.416668551451,-1.01285173917,0.297200396551,-0.955046603183,0.874057730036,0.400276435049,-1.08738364264,-1.08738364264,1.08738364264,-0.182782279112,-0.381029610561,-1.10268136056,-1.1021007919,-1.09656574083,-1.24160444922,-0.965000639841,0.0171585257434,-0.409492732953,-0.2305043802,0.091829233527,-0.1653972893,-0.655943543523,1.22814144782,0.699638806399,-0.287417634604,0.27000494849,-0.0960383759792,-0.694085851291,-0.684559107078,-0.242827367754,-0.69456193804,1.380218883,-0.758491936692,-0.749484176825,1.16135770228,0.795715517942,-0.991934228267,1.78587853112,-1.03092742076,0.0915594338302,-0.106701031578,-0.41099656404,0.252776051173,3.51328786809,-1.09890252604,-1.36924524771,-1.95279698914,0.434213340551,0.178398887509,3238400000.0,01030312,0.01494565
461,600703.XSHG,600703,2011-05-31,-0.715754621758,-3.18234951953,-0.227075120775,-0.247739360014,-0.00931990899819,1.65806870133,-0.0766624476774,0.0,1.97525888099,-4.06888414059,1.61172264355,0.220675622624,-0.126633868013,-0.733234902045,-1.35665682995,-4.19640167997,-1.02964573589,-1.2451815193,-1.09549223259,-1.54649170195,-1.5722377827,0.317444351737,-0.665812217802,-1.01808374439,-1.27595173101,2.10572011849,-0.374030812556,3.52446724794,0.297627603798,1.33066832818,1.37904390072,1.3446157554,1.29956465412,1.36967864469,0.826848086526,-0.345985515296,1.01808374439,-1.31769637942,-0.0494275872283,0.420155374198,0.461113123339,0.278920799715,1.06791561231,-0.661152821544,2.55511428082,-0.716404422475,0.561230966048,0.947177646923,2.22384497842,-0.489228563307,0.143607836475,2.75204025569,1.37859839981,-0.0418921346092,-0.281138020736,1.10085302808,1.35914027561,1.33390968161,1.34311838146,1.29531920163,1.38786507012,-0.310815390532,-0.608601698568,-0.0510474966508,2.41833325842,-0.254691440588,3.11792721424,-0.0411836295404,0.733234902045,-0.260382481597,3.11792721424,-1.1575197154,-0.0720159528515,2.32296435809,2.32296435809,0.607685412763,-0.347963983556,-4.13329700934,-0.133233406288,0.200732375852,-0.00115012909546,3.0461029552,0.413366660163,-4.11210796611,-0.807647259557,0.0122247095272,-1.14957668013,0.920368165863,2.1923122631,0.503269214447,1.56321733187,-0.682441783601,-1.11116020891,1.51588478393,-2.55511428082,-2.77204219764,-0.236558791132,0.362912771301,1.08381453833,2.64449618474,-1.38192861946,3.88489728535,-0.196348576213,-0.447556781506,0.692158537931,-0.52940507348,0.907608408991,-0.485304425678,-0.724159394078,-0.53157174282,0.637095293036,1.29135307184,-0.540506110464,0.217484260759,0.482684471004,1.62765220331,-1.53162260537,1.36414497712,0.968816310499,-0.282658828155,3.83332506562,-1.12787486418,-0.223893420311,-0.225637929378,0.10110449321,0.39720438729,1.29129256546,-1.49105979005,-1.46395310753,-0.80281119847,-0.918682859491,-0.240277425482,-1.20875409867,0.411408943287,1.26003822637,1.5549677005,-1.02604011627,-0.85145191146,-0.603319231959,-1.40004025405,1.3182598663,1.35817949324,-0.570844403794,-0.748447395921,-0.935790644523,-1.06618388098,-0.711953921239,-0.410095590748,-0.907714859547,-1.63225362346,-0.342573659938,1.10655107555,1.60921164612,0.877821631386,0.579237708973,0.175543270151,-0.810210697743,1.0039425404,0.439442902008,-0.508872935627,-0.646847456031,-0.70498686904,-0.606725635702,-0.606679296689,-0.608595891438,0.492194825343,0.294157121045,-0.537576124835,-0.317767070705,-0.0954485744912,-0.045031221227,-0.448833106128,-0.462596858713,-0.528232363868,-0.442051933903,0.110397725576,0.249373156274,-0.44182912159,-0.279419703608,-0.400425318099,-0.56618662036,-0.737209917138,0.0733548716584,0.48968581828,-1.41410381717,-1.40507121463,-1.41127206815,-0.197566484229,-2.25155143615,-0.474695034918,0.988796333916,-0.351118434494,-0.970763812322,0.204989327684,1.26262464571,-0.952490869791,0.0224355290643,1.21306661784,0.297200396551,1.55195073017,-1.3136487896,-1.54163021848,-0.278174264147,-0.278174264147,0.278174264147,-1.66696244691,-0.597196727329,-0.493132271707,-0.493461890349,-0.492605615752,-0.765964933846,-0.0866409243201,-1.14021689747,-0.326510334629,-1.3061914878,-1.64422937654,-1.34674990413,-1.69909990337,0.263302781628,1.25114495147,-0.144523438807,-2.3667515684,-1.15594728132,1.33541722168,1.35000171598,2.29356190242,1.32643330175,1.00750653997,1.26684797451,1.2307037718,1.05022661112,0.439485793686,1.55130662673,-0.782754347767,0.277903680226,1.19074272177,-1.75552128665,-1.82693979488,-0.641402333058,1.52039883647,-0.920683618641,-0.568858926829,-0.695257372234,1.39964268428,-0.052686443061,23551864686.6,01030312,0.00551809
464,600707.XSHG,600707,2011-05-31,-3.5200303536,-0.5436040896,-0.315525794243,0.612761065748,-0.239080292551,2.03081021898,0.565722908169,0.0,2.0558380339,0.581286754479,1.5788037989,-0.570527219468,-0.67058389198,-1.4769900945,-1.51065791751,0.471239790297,0.317333439915,0.193722587545,0.259957346004,-0.85759798366,-0.616113789755,-0.65300097452,-0.316137745304,-0.0150911620973,0.980223335017,-1.07437102407,1.20902142688,-0.79716720896,-0.802376864822,0.282106594657,0.50312232696,0.232026185878,0.355604441674,0.334096396378,-1.13168605578,-0.423752637518,0.0150911620973,-1.33715435816,-1.02058421526,-0.731949508335,1.24698409007,0.512821719611,1.84800110261,-0.699458830128,-0.61209404214,-0.0296335191806,1.46783483428,-0.465697983667,-0.128738093218,-0.284109416825,-0.162004673003,1.08362390549,0.444575774263,2.1222555393,-0.11831297428,1.9396346291,0.240322014922,0.588282487784,0.178750024633,0.370111756016,0.32053833245,0.434467099754,1.52897175885,2.20888253149,3.36730790124,0.0155770879092,-1.01084873497,-2.92639087041,1.4769900945,0.113312970553,-1.01084873497,1.51960613448,-0.0584830475896,-1.19924027735,-1.19924027735,-1.0337079883,4.29839508923,0.564330201266,-0.552955468849,0.0259967718952,-3.61784191023,0.881473702565,1.65240418351,0.535089729648,3.18150901707,1.81842554217,1.09480191673,-1.09975667704,-1.18796502063,-1.04973188553,-0.840233020028,2.53522041971,-1.51932663528,1.11804045364,0.61209404214,-0.956749960356,-0.394387966635,0.17426999414,0.0757143982382,1.8064047039,-1.55068802349,-0.785270795915,-0.0232172338573,-0.0732725704235,-0.532199653355,-0.197848494376,-0.903903884873,-0.143385398496,-0.199235731772,0.692190615181,1.4493911528,1.34822297748,1.78782790384,-0.148035505222,-3.95045940042,-1.47639563492,-0.771528167328,-2.85676543549,-1.58496726948,4.37919973819,1.59857626889,1.6536772659,0.185667714404,0.680399441008,0.844102292122,-0.71473611887,-0.849534582538,-1.10407300171,-0.495607884139,0.583673944507,-0.670628838934,-0.319616514136,2.50872980838,1.96355912421,0.182596402284,-0.0781004561037,2.43166776175,2.65113811797,1.28471466037,0.963063507946,0.334219591997,0.0511666032488,2.73694890111,2.7999043049,0.908889383084,1.01192020781,3.51858182718,3.37849305756,3.03797188789,1.71224246304,1.65996423804,-0.526753717808,0.569246690654,-0.0892498538105,-0.750841435193,1.20585939746,3.18839395277,-0.614817023579,0.270161136841,1.52711733674,2.89823008314,-2.28627749174,-0.527929823795,-0.52817587813,-0.5386255478,-0.0289972495722,0.171938422184,-0.33902122164,-0.0999656554498,0.0627306187868,0.0379301889437,-0.254271814845,-0.26073817677,-0.318017708743,-0.272742184484,-0.0534426263096,-0.040141685529,0.690647333421,0.0537887493602,-0.583369012406,-0.118203001339,-0.433729824542,1.54259843916,-0.0252637483901,-0.0840112414223,-0.108388916149,-0.0891239467729,1.87785395773,1.47446614764,1.92342825781,-0.883433842037,0.545329722886,0.631837072592,0.784284528607,-2.0281637625,-1.73013981875,-1.16159067895,2.07870153446,-4.38370584912,-0.39793608466,-0.726061879211,0.488152032872,2.07699806707,2.07699806707,-2.07699806707,2.19640854405,1.20526566838,-0.210850143598,-0.214267933007,-0.220191483782,2.52027171782,1.60733852704,2.91887939924,0.968015079223,1.72646855049,0.707088404936,1.974764402,1.04467330179,-2.22475584653,-2.08295676325,1.55209356199,1.56289333429,0.932103579212,0.263766318048,0.232830870342,-0.850993407369,0.274282367195,-2.44629450544,0.442798964922,0.431719233887,-2.31545786391,1.29524150393,1.12279060673,0.599964551633,1.4558455485,-1.50818594776,0.930525065363,1.67303783982,1.06889124313,-0.189756370695,-0.132149630885,2.57836149327,2.87624760594,0.434213340551,-0.651887443216,9342087483.84,01030312,-0.01892744
513,600171.XSHG,600171,2011-05-31,0.289802244632,0.00396557122531,0.860712986264,0.31535156907,-0.193816091115,-0.418008997675,-0.529894180579,0.0,-0.155453587024,0.828621992744,-1.06941219359,-0.372726508945,-0.207219056749,-0.499106048563,-0.916673140247,1.10982240857,3.21215710722,1.42333155158,3.28173943407,0.369797162303,0.479412136258,-0.478423508421,-0.774103391743,-1.58306057872,-0.322310723718,-0.669836461762,0.520224455467,-0.686815408867,-1.58376247069,-0.717100445005,-0.762675041903,-0.739091461925,-0.721030580356,-0.770893088494,-0.64852783654,0.606414852162,1.58306057872,-1.2061373013,-0.717654624864,-0.145163170648,-1.07901331147,0.933413002948,-1.24719444475,-0.0732619953555,0.164114562173,-0.152647081361,-1.17642644806,-0.613962710334,0.0547619701806,-0.317860191797,0.151459706847,-0.0911418408179,0.239285384688,-0.570612765512,-0.358857659808,-0.420844627403,-0.697453230217,-0.761072181332,-0.754885376172,-0.684805143213,-0.792092664696,2.01419115037,1.99159403152,-0.494691478685,-0.520678448815,0.142060216871,-0.485719518804,0.669743813517,0.499106048563,0.232779477133,-0.485719518804,0.625611295314,0.0361815955293,-0.594303044619,-0.594303044619,-0.489267735783,-0.354225016743,0.525172194891,-0.443296655687,0.388697651172,1.23699234855,0.429319610503,2.27266666518,1.16006849743,0.563625210535,0.0443145720361,-2.00239894585,-0.8135723243,-0.498048221807,-0.87106804217,-0.199958271509,0.993911704867,-0.434496805207,-1.2364417154,-0.164114562173,-0.439680166605,-0.395634815752,-0.995315224261,-0.181140879845,-0.479777980438,-1.04051750223,-0.452044746834,0.0854245992923,2.86901720003,0.0642825423996,1.16982239443,-0.437133845963,2.95594513822,0.572710830443,2.48931278405,-1.34290621092,2.9361178692e-17,0.0,-2.30460212451,0.459921216209,0.101933774349,-1.41380548188,-0.133597427358,-0.0526971214916,-0.342439085375,-1.0656019814,-0.283727861136,-0.376796243938,0.205421142709,1.17352202821,-0.353412615896,-0.135925533206,-0.0847583534059,2.55395692386,2.12987336413,-1.04455185507,-0.313452268138,0.301687158117,2.49970771866,-0.331969140397,0.0535199624885,-1.56224099197,-0.281005253852,-2.94122108805,0.454150484979,-0.769452864558,-0.740051927857,-1.20414491156,-0.371264200933,-0.660407308299,-0.565882187731,0.0558151959456,1.26990771807,-0.941799941886,-1.59012957535,-0.0431151647858,-0.970256333803,0.0355146762494,0.1690518203,-0.857342434281,1.80333600513,0.582968298137,-0.280656536568,-0.0214898043956,0.457464497113,-0.192461459615,0.000915243191247,0.703715218469,0.710703269743,0.659771556808,2.37282456995,3.91705387844,3.26066868692,3.89234245101,3.61091566028,3.52687709989,3.80096800904,3.75112803341,3.27035502876,3.66957856464,0.00461874535027,2.44065674727,3.21851094998,0.0160825517571,-0.793568820722,4.06572369497,3.60057947167,2.45659413085,2.37369702386,0.337515840391,0.328713819426,0.369340074715,2.2215275222,-0.0362686060873,-0.987128069625,2.79862525392,0.536198604456,0.56209562796,0.483386535162,0.321683047736,0.0649854489693,0.348828886758,1.58405301068,0.297200396551,1.96978361907,1.49833060777,1.30400252851,1.14081168503,1.14081168503,-1.14081168503,0.75111407572,1.77124298683,-0.0520144084036,-0.0160578878566,-0.0199838771012,0.552853722413,2.73665816128,0.28020304561,1.91164349445,1.38821031545,-1.08660735099,1.03883363321,-0.996184698666,-0.311967538669,1.41088360192,-2.09271472798,-0.161588524037,0.740183747576,-0.721353238017,-0.74933629179,0.167640382015,-0.724968321663,1.36365388997,-0.716123272307,-0.781916777424,1.64080898127,1.10121869411,-0.043381439741,1.35116446388,0.626072222998,0.907095256137,0.0985063753031,-0.331235679237,-0.279472987059,-0.490070404403,0.0252941860432,0.559287403276,0.386596562901,2.36507202802,-0.426364302991,4871630198.79,01030312,-0.0097268
713,600261.XSHG,600261,2011-05-31,0.800682065128,-0.151970937766,-0.42725296073,0.171068536979,-0.163533260842,0.154145024908,-0.263534997248,0.0,-0.995473428832,-0.00655997346944,1.24331174378,0.150032511723,1.62609398699,0.967279928513,0.0517803009495,0.050696521783,-0.0135035506347,0.259127319674,-0.0757962193361,-2.4931545721,-2.38423435331,0.826562799252,-0.0194098316263,0.567464899573,0.70110889386,1.40902170563,-0.355925292165,-0.189515738317,-0.141717937413,1.88671403055,1.77715113129,1.86159315258,1.91881666548,1.83869920508,0.972957788563,-0.335912821371,-0.567464899573,0.480653255822,0.168859911733,0.675383577989,-0.166680350087,0.135332891822,-0.211818187826,-0.104262851662,-0.393290341179,-1.41896316263,1.31673418957,0.990784919472,0.183380402853,-0.33797296542,0.288161248802,0.648251497899,0.666892617949,0.0874288849295,-0.264764751227,-0.14205419105,1.84885792059,1.91853934867,1.85857469582,1.91156130603,1.79696537062,0.00724781934055,-0.419804019239,-0.387572312083,-0.43826996942,-0.572276382487,-0.132832685538,-0.669142185194,-0.967279928513,-0.552939165848,-0.132832685538,0.688773974168,-1.02667701725,-0.544362743474,-0.544362743474,-0.261116302788,-0.429575506134,-0.0927484196405,0.180855748609,-0.617390705073,-0.0677534648143,-0.424081348273,-0.206895821511,0.015009757814,0.650442785752,0.887819529413,0.984559038474,0.293755367368,0.766799242701,0.813023688439,0.862095738995,-0.553328560571,1.27278682507,1.39641080405,0.393290341179,-0.348693636374,0.363805909189,-0.165287004751,-0.880673727899,-0.327654128519,0.496666591547,-0.178859427317,-0.526105719262,-0.956999179924,-1.42692294699,-0.73662793542,-1.45958250262,-1.0698756657,-1.29539985012,-0.313936711018,0.597281628661,1.37394983956,-1.53836354517,-0.37465776013,-0.174604511215,-1.47639563492,-0.0571686464193,-0.861340601946,-1.6417180157,-0.460233323559,-0.363490023741,-0.710047574947,-0.963833870364,-1.5513479058,-0.799389602883,0.362375006629,-0.135925533206,0.278175388701,0.958577594847,1.4246981168,0.265713689159,-0.284426391603,-0.342555307097,-0.0925707354937,2.30714540056,2.22606934098,0.951039007909,0.572113176911,0.902810479623,0.747362972082,1.89746666059,1.81959642684,-0.0533212850263,0.314011601642,-0.377285380475,-0.274544747637,0.536148102461,-0.138431134489,0.907828796809,0.614120917734,1.43494118539,2.2912555217,2.15599877615,1.77501440281,1.39653426494,0.120498910045,0.370372802012,1.03218145479,2.3693343138,1.3450704635,0.460614231493,-0.425421676077,-0.935976129028,-0.937944824853,-0.940703835436,-0.643420490179,-0.775870118221,-0.16623992628,-0.370781447633,0.0443309172891,-0.0138045328848,-1.06186397876,-1.0839473608,-1.26712708984,-1.05492620453,-0.130889864485,-2.06468485139,0.418874468239,-0.367744130186,0.307515253583,-0.659386318389,-0.600057974604,0.612828660096,-0.642127890173,-0.773278196533,-0.77601711227,-0.778264300529,-0.218037169655,0.316336608547,0.722046149843,-0.335078612722,-2.36979800126,-2.40005677162,-0.995478391955,-0.499974416428,0.617957197501,0.323006094417,0.594755963117,0.297200396551,0.855562582018,-1.15712199557,-1.05327238796,-0.582345165284,-0.582345165284,0.582345165284,-0.65926001117,-1.51527658169,-0.918150731205,-0.921480213533,-0.923058279788,0.50961376647,0.1643189944,0.987570767509,-1.53568242449,-1.52392092645,0.688338971947,-0.963018288925,2.51303741209,0.0401512311145,-1.03886674989,-0.603394940803,0.476656864464,1.58121704823,1.87991285036,1.85279312787,-0.00346172534003,1.88618523269,-0.822925189134,1.94891327181,1.9790376741,-0.959658551796,-0.10180425925,0.489936567455,-0.53443658445,0.889387464426,0.321241488369,-2.05270278757,-0.0159426518511,2.11209935807,-0.260109925238,0.00438073213291,-0.0382860942113,0.890537071148,0.434213340551,-1.26400560831,7339446784.8,01030312,-0.04389995
750,600602.XSHG,600602,2011-05-31,-0.117734575239,0.374163067628,1.77935857737,-3.44460689744,-0.569078413368,0.032982996596,-0.62113711558,0.0,-1.94816146674,1.82076167038,0.0459763195129,-0.570527219468,-0.67058389198,0.204160695545,-1.29603504262,1.23918246198,0.128283731029,-0.00249160884302,0.0734275874819,-0.0500075542875,0.51406572414,-1.57723461857,-0.803637348272,-1.78522169316,-1.18291358395,-0.225972150345,-0.987256916245,1.71942708927,0.186518327087,-0.929123742562,-0.861992339026,-0.925129325488,-0.928543067142,-0.901843211583,-0.126849786768,4.28156560846,1.78522169316,-1.31585868143,0.204498687073,-0.918003712968,-2.28491876042,0.0410747987891,-1.6446171157,-0.419919095476,-0.790305201294,-0.464456859293,-0.647574191594,-0.942470830203,-1.38668499842,0.596721881798,0.237578925336,0.741713125389,0.662027916774,-0.55477753863,-0.381548875704,-0.789619296816,-0.930592513622,-0.850430843726,-0.926224780786,-0.931915205413,-0.906743652875,-0.743579766405,0.0938660103574,-0.671959480054,-0.330722198594,-0.421640696236,2.26511736718,0.110530907427,-0.204160695545,-0.618606186021,2.26511736718,-1.17695438582,0.60548332854,2.58679991131,2.58679991131,-0.496281671948,-0.293904641854,-0.725095668099,-0.336807172386,-0.556948456077,-0.0690354558442,1.45943533561,0.413366660163,1.47069667522,0.19854617629,-0.294921117344,0.239899596699,0.297496339299,-0.950116991811,0.0169652621055,-0.573336634576,0.358976874183,-0.794831228481,0.22419808569,0.790305201294,0.338513571629,-0.320166190118,0.853383991921,1.61855085841,-0.590157091781,-1.34078135126,1.09050166355,-0.381328539546,-0.655492454329,-1.16007564889,-0.767711364711,-0.992812463713,-0.750015930593,-1.23364412514,-0.749932621958,-1.34290621092,2.9361178692e-17,0.0,1.01452115037e-15,0.0,0.0,-2.75956293658e-16,-8.14473012542e-17,-2.5202394048e-17,-8.08643533159e-17,0.0,-0.656262219287,-1.05120691244,-1.86691567932,-0.912402213073,-0.612941616038,0.577683516126,-1.11315970806,-0.47059322567,-0.553372378474,0.469560062487,-0.277715473923,0.503155208193,-0.0764862776603,-1.13134334044,-1.10181482293,0.2339095528,0.257778917729,0.216062592111,0.0248025007942,-0.898892832958,-0.944921344233,-0.323611733011,-0.473709553047,-0.178225508745,-0.906377217523,-0.0873681971431,-0.269949216009,-0.00193125688094,0.106545304693,-0.36878673268,-1.02326444948,-0.965771027068,-0.955246770877,-0.978832462871,0.251419305815,0.212057007026,-0.859735300354,-0.947187513214,-0.336876144895,0.41438665152,-0.566951555015,0.548807756322,0.549098900308,0.554515126915,-0.711394444971,-0.488477965443,-0.585993220871,-0.653947888931,-0.226857854834,-0.117029049551,-0.0629618130861,-0.0676741240187,-0.0418911930684,-0.0304422325597,0.239454946939,0.51021050997,-0.443440423162,0.361708295554,-0.352444562416,0.00481172476558,-0.331166811692,-0.889765835017,-0.7125655485,0.684060099864,0.682035948992,0.680382139064,0.0928979200542,0.45000160284,0.0497292869062,0.552509618676,0.52290156462,0.569328289232,-0.20972078082,0.204002065683,-0.375548647804,0.118781883231,-1.01285173917,0.297200396551,-0.955046603183,0.613587361851,0.694155483506,-0.301130558572,-0.301130558572,0.301130558572,0.648015806716,0.556305851229,0.830419233723,0.829122306131,0.828344739336,0.163694118927,-0.21212088368,-0.240815420762,0.484346243278,0.650781442893,0.511955417164,0.666541171848,-0.394619062288,-0.323252653451,-0.262930784851,0.398877024082,0.459523465531,0.042365348758,-0.92845756126,-0.922485173887,-0.891330950813,-0.927691841243,-0.272139171101,-0.928351558042,-0.922555509424,-0.257945090494,-1.29804298553,-0.988055865254,-0.716859746053,-0.665854341942,-0.509825842496,0.82243872128,0.426617743449,-0.25818302553,-0.392288669783,-0.111632273335,0.323879661842,-0.348509316101,0.434213340551,-0.187944097403,7729694910.38,01030312,0.0
816,600183.XSHG,600183,2011-05-31,0.373649676344,-0.0330570454219,-1.0433041426,0.794908276757,-0.259371357893,1.6032092274,-0.534456327329,0.0,-0.325882060871,0.00700811232473,-0.920927192158,3.41374423536,2.63340884619,0.924150929187,0.465938565556,0.0339386306278,-0.427049788821,-0.434162840897,-0.511032322555,1.45553247324,1.70095110912,-0.797165624127,-0.0987350097404,0.425854457089,-1.27595173101,0.982013000979,0.415527315813,0.0297547216083,-0.205645372588,-0.326021410846,-0.306407691535,-0.320495875729,-0.323535351443,-0.311263373587,1.05132571965,-0.326370918914,-0.425854457089,0.616318607603,1.73696602672,0.932997092096,-0.220878347793,0.84851225087,-0.188858418665,-0.00503964887051,-0.394280403175,1.48402533952,-1.78082902688,-0.331969014516,-0.573667458705,-0.163506538315,0.00616419701487,1.23861143062,1.70477661358,-0.399944209114,-0.33545456263,-0.649822363313,-0.329682427226,-0.304880133021,-0.320722829683,-0.327137657034,-0.310675794682,-1.17221131332,-0.172317223704,-0.544933211694,-0.280040311593,-0.397276274409,0.0746983806925,-0.185526048725,-0.924150929187,-0.38398064808,0.0746983806925,-0.725098298637,-0.411192602694,0.224529440187,0.224529440187,0.00964810087048,-0.311851725374,0.112740189665,-0.310698746944,0.0325685531872,-0.191278874426,-0.682804868668,-0.206895821511,0.018366031099,0.0137805674947,-0.597482678142,0.100535958154,1.09058238874,1.16846313243,1.41350335133,1.27488626261,0.084124825327,-0.467660327349,-0.683723707496,0.394280403175,0.32297928598,-0.286405352507,-1.29714366772,0.587720162736,-0.0230303459377,0.929268951813,0.00576581609307,-0.353504912174,-0.811444208947,-0.657774852461,-0.778072507808,-0.526042424803,-0.915460621165,-0.801354050299,-0.391353204485,0.0418324573704,-1.7891001508,0.540506110464,1.92080637023,0.213793523733,-1.47639563492,1.29350276507,-0.389481317778,-1.75521950814,-0.480154006288,-0.663206827583,0.570610051401,0.199319752228,-0.681096571583,-0.308866784183,0.127339329938,0.577683516126,0.66302412849,-0.734636842841,-0.631852669586,-0.905788962382,-0.282832679347,0.280060644267,-1.03306472825,-0.917877285612,-0.989693725612,0.194917513296,0.058409637577,0.210782328968,-0.111901543608,-0.288187078964,-0.346043640933,-0.301526600151,-0.39586624972,-0.638045588211,-0.648086176402,-0.534495174476,-0.663923894275,-0.413259778631,0.25082762316,-0.354392652434,-0.78748401939,-1.1463204985,-0.915316077295,-0.485772281907,-0.786757220811,0.0243397072564,-0.715282392101,-1.10708676056,-1.07959749587,0.265147132521,-0.102174421714,1.07492352524,1.07647847196,1.08368752539,0.0121484868808,-0.329731947389,-0.392491645609,-0.628569159025,-1.36721841786,-1.29751598985,-0.191368258722,-0.147919421473,0.242197388911,-0.284887257958,0.085120900622,-0.748375483561,-0.130579367889,-0.300366042682,-0.383791233665,-0.345420438834,-0.370508882438,-0.812247462743,0.011943466447,1.03603815016,1.03823936642,1.03633148565,-0.204701980291,0.231854034372,-0.373077595097,0.272536664193,0.477899925249,0.527195858811,-1.14912089968,0.236173584796,1.61963243675,1.85305512847,-0.394541084444,0.297200396551,-0.258658455029,-0.0167998437785,0.10495680302,-1.20862157258,-1.20862157258,1.20862157258,0.213621611262,0.0315905487011,0.295675386545,0.293802432694,0.294164473693,0.142074140955,-0.4630808024,-0.892236300708,-0.0135481466651,0.341035396247,0.316822429392,0.31296732586,-0.62614901908,-0.73542987656,-0.482148708625,-0.0821330152903,0.0265635256037,-0.12022607454,-0.325337051111,-0.317344990706,-0.576166188301,-0.321901471911,-0.114771737377,-0.321173044875,-0.315984909182,-0.219843002097,-1.46739311304,-1.01218790178,-0.898687299483,-1.43282189753,-1.87093880868,0.479158282724,0.122826285658,-0.740755486861,-0.222593845928,-0.857831959386,0.363717895007,-0.149707097251,-1.38948268976,-0.504223937571,10180053922.2,01030312,-0.01290323
830,600237.XSHG,600237,2011-05-31,0.743520611752,-0.140493353204,-0.374492909889,0.975796797582,-0.275808815403,-0.835176592376,-0.618154173474,0.0,0.826471134682,0.0221637787245,-0.473020784542,-0.570527219468,-0.67058389198,0.0580502080332,-0.350824484008,0.00741803692522,0.671801644074,0.0498321768605,1.54079502119,0.555766123812,0.280941587476,0.537443556753,-0.231322280399,0.228576461351,-0.624684701638,-0.236085514403,-1.33441058983,-0.22391110458,-0.421527755444,-0.767915591077,-0.777685306572,-0.785507389225,-0.751327271127,-0.793017611282,-0.137808014421,-0.383634677642,-0.228576461351,-0.42889915046,-0.254350545436,-0.252502134859,1.5179740786,-2.80202446464,0.620746774843,-0.515725042159,0.138372950295,0.682792619007,0.145704193109,-0.186611439353,0.278776688754,-0.351356893426,0.349480047457,-1.00717404693,-0.995619008522,-0.570612765512,-0.317942283068,-0.812918785733,-0.775279454474,-0.762927195083,-0.797391518635,-0.737684296966,-0.807566102797,0.258700570005,-0.0221451536402,-0.671011522827,-0.439211012415,0.360845662725,-0.347925612481,0.820911302875,-0.0580502080332,0.572542573477,-0.347925612481,-0.0788955072862,0.281679007976,-0.312564364576,-0.312564364576,-0.110912198119,0.477002107723,0.280646811428,-0.250669926241,-0.0323197621404,0.0819524311791,-0.361608136404,0.413366660163,-0.00915540983851,0.904217236385,0.417932256961,0.672550892479,-0.497460196104,-0.509074289368,-0.317104409503,-0.282239799666,0.746504846468,-1.06843028615,-0.567870151254,-0.138372950295,1.45106431526,-0.317960226297,1.15521243538,-0.52721358859,-0.587148461829,-0.426644744214,-0.362984331314,0.272880393875,0.6648990681,0.111373242064,0.112985798534,1.34103773084,1.44488363099,0.0477871681371,0.160496608097,0.0,2.9361178692e-17,0.0,1.01452115037e-15,0.0,0.0,-2.75956293658e-16,-8.14473012542e-17,-2.5202394048e-17,-8.08643533159e-17,0.0,-0.110482399747,0.843695937514,1.42702628662,1.4007495104,-0.238024631764,-0.135925533206,0.260001975988,1.04251567104,0.789512602774,0.351673003213,-0.291772105636,0.809341114805,0.994470539749,-0.628574606047,-0.403089143985,0.403667998883,0.826601858105,-0.691306191055,1.1298058024,-0.719182258328,-0.858114793705,-1.00949391733,-0.962897249817,-0.859591845967,-0.0327010963906,0.0868583783911,0.679054369357,-0.276868359967,0.736702323652,0.315262218469,-0.884175132661,-0.419608875976,-1.03760382639,-1.25967954195,1.06398404187,0.929001392892,-0.769316468685,-0.563032875165,0.389237078074,0.882774270716,-0.231473323459,0.261852380951,0.262014293804,0.262920758905,-0.568952188199,0.243330610108,-0.117417255704,0.794568613294,0.670669816151,1.09033188099,0.396486265808,0.330684732077,0.0385805366252,0.588344138856,0.998993055638,1.6818775813,0.0794269370244,-0.178949745093,-0.348233694669,0.609884779459,0.16231171251,0.183548139221,-0.569315966038,0.481967553426,0.487303934809,0.488747684615,1.22795356119,1.12173606319,-0.690511376883,1.35994307952,0.520527958238,0.553192773824,1.456353148,-1.31061473242,-1.39896805916,-0.192827828672,-1.01285173917,0.297200396551,-0.955046603183,0.98105846814,1.11192471906,0.896183672556,0.896183672556,-0.896183672556,0.904226517403,1.03769603703,0.242857535378,0.243882549708,0.24214378374,1.20145306156,1.35637860832,0.676242110724,0.960902302224,1.10827246576,0.623063168209,1.02219486399,-0.655943543523,-1.44214086594,-0.89516164269,-1.62780544306,0.931585395662,0.4380022819,-0.772863035754,-0.790677328713,-1.06597921583,-0.768390696018,-0.38395287401,-0.731884143719,-0.742399385432,-0.426229314245,1.46143377149,0.302482355165,1.48969420858,0.23626990801,1.45754244931,0.841012565087,0.498877604603,-0.307859602432,-0.547129743633,2.09662738856,0.72588365106,0.460569481543,0.434213340551,2.05255039281,2932000000.0,01030312,0.09140518
847,600460.XSHG,600460,2011-05-31,0.230832751727,0.0345756489541,0.44018434574,0.275532735013,-0.186146532857,0.118806099983,-0.571304435695,0.0,0.646059402953,0.142639869835,1.9622733191,-0.0477681987998,-0.187072759565,0.362593754293,-0.298222170781,0.101428617803,0.0337588765867,-0.00249160884302,0.0982982219515,-0.548080946852,-0.37983932692,-0.526215077195,-0.502365748975,-0.386696495653,-1.36898987806,0.420159442223,-0.644826421887,0.5750645909,0.321840827032,1.24033506344,1.42277107373,1.25943327888,1.2303497252,1.34635611281,0.598053575837,-0.320137205149,0.386696495653,-0.443060234989,0.681167307253,0.391531650408,0.275936631177,2.90729028082,0.300403328931,-0.3705223515,1.39179143634,0.426240270075,0.485680643695,-0.169168530333,0.514213746567,-0.379862283263,-0.527080737373,0.56435254658,0.948802051026,-0.547739660016,-0.362630630608,-0.661873823098,1.25422653748,1.42563569489,1.23335022332,1.25574870884,1.37316719554,-0.116689396285,-0.268517748907,-0.611290217554,0.740722468255,-0.075595284782,0.562018293298,-0.0136749497606,-0.362593754293,-0.0187243310534,0.562018293298,-0.438436909992,-0.0340449856602,0.741835578458,0.741835578458,-0.0808713771855,-0.196754125443,0.399211920514,-0.226103336947,0.00113528202391,-0.136235753473,-0.214086933135,-0.206895821511,0.0726969762167,0.162928709534,-0.751055591577,-0.642043429315,1.0924528747,0.486422096147,1.136521535,0.680938088765,-0.0713743826968,0.21601843681,1.98814893333,-1.39179143634,0.705418604104,0.429135322228,0.891112547353,1.09461155223,0.235711829885,-0.104973194839,0.45857298489,-0.0335331973957,-0.998586314488,-1.55249814609,-1.02673994214,-0.970585319003,-1.00369778947,-1.63505633749,-0.288131213195,0.652632332793,0.0442772836836,-0.956280041591,0.773074305049,-0.0835514920334,-1.21334073338,-0.62090121198,-1.00219411961,-1.55659189637,-0.461234820406,-0.423017472206,-0.663622320588,0.494203769224,0.29651287115,0.19007186719,2.36894824644,1.29129256546,-1.04741471502,-1.02258335588,-1.90543634114,0.25159180185,-0.270511655545,-0.17295790901,-1.38960354356,0.639301409053,0.613042153458,-0.449433696548,-0.332732245677,-0.588524039193,-1.57009907453,1.29054716822,1.18186706775,-0.619060084885,-1.25580895003,-0.293833629273,-0.79206511117,-0.551534273078,-0.350443729823,-0.635638757626,-0.467623785817,-0.806133473616,1.21679469377,-0.380790739618,0.207734679708,0.369391295955,-0.268984415271,0.1758705396,0.519536547307,-0.805789005229,-1.95984923232,-0.00766226371345,-1.09463085673,-0.486469672537,-0.486921728161,-0.487271838145,-1.07585861128,-0.729990721015,-0.851291301916,-0.544039947361,0.0890262891667,0.137613810863,-1.01855447434,-1.05379483564,-1.28026965349,-0.97303672215,0.116282919641,-1.40091785296,-0.664994389342,-0.147721164523,0.0672540141461,-0.701536492636,-0.850707339868,0.624095865368,-1.07561040353,-0.750419088529,-0.752517716512,-0.752468988071,-0.0942772543341,-1.2904610375,0.536275091036,0.745561225656,-0.833372278156,-1.43895518063,-1.06107233846,0.421910167041,1.10387576802,1.50243265804,-1.01285173917,0.297200396551,-0.955046603183,-2.28643835716,-1.86864268907,-0.199262002059,-0.199262002059,0.199262002059,-0.503589299783,-0.415185390411,-0.812172089049,-0.814243518679,-0.815935392368,-0.160605550645,-0.714040721121,-0.611012752131,-0.347848665627,-0.229208371636,-1.54145470683,-0.554328519886,-0.182309652261,-0.706637374805,0.137390585206,0.565922351563,-1.65366581155,-1.38807009967,1.24279331739,1.27487902897,1.17652223782,1.23838773676,0.415308039376,1.23009525281,1.18909467949,0.440593196776,-1.66752476949,-1.58121270445,-0.658039807265,-1.20510965396,-0.451122005061,-0.956398440442,-1.18910275058,-1.06720156364,-0.480538702858,0.248644690095,0.31301468916,-0.988837393093,-1.49664534692,1.10294365673,7006051200.0,01030312,0.05266419
854,600800.XSHG,600800,2011-05-31,1.99075209514,-0.275108887043,3.21784584588,1.21770911322,-0.293589387043,-1.4946682437,2.23055553758,0.0,-0.59685620339,-0.0129921299436,-1.43712269241,-0.570527219468,-0.67058389198,-1.28511005668,-1.16650014725,-0.0823988265105,0.293702226304,1.63262669439,-0.212584708919,0.0272908488443,0.0974350880073,-0.35084766781,3.62336390064,2.15838497411,1.93386434231,-0.682197240054,2.89598360942,-0.754173001132,0.605271313958,-0.943234288196,-1.0259692378,-0.937663496631,-0.959170507813,-0.986785920908,-0.665795346781,-0.460772256493,-2.15838497411,0.438386202,-0.811206410132,-0.529198131492,-2.30298475966,0.239176553638,-0.570427915673,-0.557652932965,0.72052940353,-0.859810607263,-0.420923224536,3.88049351372,1.92618196969,-0.477213352984,0.349875034838,-0.501073921239,-1.04475249039,-0.570612765512,-0.491659113153,0.767429307371,-0.943510521409,-1.04720363569,-0.903831501286,-0.954533263614,-0.993531102762,0.466069811767,-0.367167934273,-0.197980866769,-0.735370686325,0.0757466165946,-0.442868974764,-0.720773059553,1.28511005668,0.203857857806,-0.442868974764,1.24752074864,0.0768460050301,-0.424694474693,-0.424694474693,-0.358120363336,-0.163604271934,-0.0116440658792,4.37249150105,3.96552285865,1.30918962426,2.030153453,-1.44593334485,-0.0836239946666,-0.812099442901,-0.278876186089,-0.315474903173,-0.879039333098,-0.984770347003,0.232630493144,-2.34619241773,-1.4400953747,0.870360239074,-1.03450253056,-0.72052940353,1.10783057521,-0.392647858528,2.28706909835,-0.731788588833,-0.831787684755,-1.33049453421,-0.460550516855,0.0273015132991,0.352995558865,0.142767041841,1.38740639946,-0.703859582483,-0.088237168305,1.68431388003,0.0857722498986,-1.34290621092,2.9361178692e-17,0.0,1.01452115037e-15,0.0,0.0,-2.75956293658e-16,-8.14473012542e-17,-2.5202394048e-17,-8.08643533159e-17,0.0,-1.30904658851,-0.649837000416,-0.0938802507401,-0.121313941739,0.0270482536095,-0.135925533206,1.53588245082,0.928560004685,0.225234720189,-0.843775457243,-0.204636224129,-0.37897890937,0.232245954643,-0.82462632482,-0.970736052152,-0.684282302298,-1.14018362928,-0.893472305626,0.745973189745,-0.953793626604,-0.859529612028,-0.842628711363,-0.533768082527,-0.705233086185,2.09703483207,-0.656672441799,-0.731609992966,-0.444964950775,-0.171861005171,-0.354194568761,-0.663522116349,-0.479329085759,-0.931537921562,-0.219914232332,-1.23429320721,-0.814734006171,-0.795835705601,-0.813453597251,-0.13080405705,-0.692741664033,1.72373574482,-0.897543945954,-0.895241187208,-0.885348349049,0.846254652312,-0.417375912185,0.877368779153,-0.458177264922,-0.348846953526,-1.29802030306,0.401286415049,0.535434420521,1.04398329571,0.0250861489964,-2.19564719496,-1.19450555949,0.285404988007,-0.997626885836,-0.640604422478,0.0636666001222,1.29411248418,-0.65901347104,0.84553031356,-0.943741375157,-0.934102661253,-0.940395496219,-1.14521300029,0.325528112826,-0.867429807618,-1.26701708941,0.498753752751,0.556983385455,-0.544585419016,0.47931023224,0.2482779713,-0.542504456731,0.471093832172,0.297200396551,0.716284952387,1.39988992872,0.939534885077,-0.882211761217,-0.882211761217,0.882211761217,0.213749524747,-0.22285854951,0.553733337543,0.554978536274,0.560238237683,-0.83082486776,-0.02390094464,-0.513489482415,-0.262495341637,-0.00888691586313,0.173076776478,0.268250633574,-0.924683193915,1.16719409847,-0.207708556503,0.416990372845,0.154380783907,0.108271884347,-0.939492331826,-0.943565415211,-0.721558652582,-0.940514843645,0.94538781613,-0.982744680357,-0.974398189299,0.68508159732,0.0319028169538,0.579552608806,-0.450346879419,0.139985687146,-0.306205132827,0.48117231398,-0.0541978724619,-0.613015717685,1.85036584101,-1.10214573738,-1.40908348087,0.0329135456457,0.434213340551,-0.92136443715,3881571148.45,01030312,-0.02992126
3,600072.XSHG,600072,2011-05-31,-0.039606156344,-0.48117005176,0.147415774132,0.179723499203,-0.118159512202,-0.475811292993,-0.147384494473,-0.246180258261,-0.261376068936,-0.276858838966,0.181347234981,-0.652956607932,-0.627871122551,-1.02231509142,-0.63768204895,0.49160336939,-1.25029219021,-1.37191140075,-1.0917810552,0.897293172387,-0.143532648305,1.51078545564,-0.540559971001,-1.00893002355,2.07128088064,-0.579956164414,-0.837332352058,-0.15099695605,-0.00681946402687,0.567863636461,0.494511304048,0.595486510553,0.53098677045,0.588496428138,-0.610376767492,-0.221574052134,1.00893002355,-0.851398544893,-0.736467931388,-0.565518857244,0.0426327728744,-0.283679953898,1.26888211715,-1.03804054333,0.108492586891,0.647638161744,1.23900827437,-0.673864376244,0.919101510276,-1.01025601796,0.303870575754,0.0465178081423,0.371128829492,0.387319419627,-0.120154319182,0.676687026059,0.594571203966,0.508631462261,0.603955487563,0.539199377455,0.590889440062,0.337873168832,-0.090199379801,-0.423038850572,-0.570772466396,-0.463053512459,-0.149617595181,-0.652249920359,1.02231509142,-0.340200441654,-0.149615921751,-0.148243869928,-0.336444816073,-0.147785836249,-0.147784148126,-1.34876157795,-0.16818688572,-1.70225010233,-0.0713612592107,-0.920547861667,1.19204286226,0.174388482668,-0.293957745473,0.0170100149899,-0.916013226879,-0.799767852304,-1.32618064607,-0.447086861143,0.0945535400343,-0.495247429951,-0.094698470712,-0.0218006422669,1.52702957132,-0.165872602674,0.181133866608,0.237048938498,-1.14305396492,0.0665647985263,0.32060934722,-0.771400080659,-0.957807677279,0.0787587675911,-0.497124079167,-0.266890614372,0.806313633487,-0.183998938278,0.00100298589171,-0.10948573243,0.290620188014,0.260841359625,-1.22564604267,-3.45824738396,0.773048388628,-1.92028770385e-16,1.5230887468e-17,0.0231982195932,2.29941250791e-16,-2.73155817347e-17,4.92200928976e-17,0.0,0.0,-0.400250581361,-0.328761534536,-0.766781478084,-0.119335895646,-0.35495250204,-1.74371458116,0.742006620162,-1.57415911511,-1.67997517344,-0.432286221941,-0.264867026788,-1.18715640017,-0.646996504038,1.34398677124,1.4695543092,-0.89242494022,-0.650449173901,-0.585051734161,-0.618172650846,0.547231784137,0.65365622184,-0.569398449089,-0.938768597621,-0.428347534975,-0.710861219421,-0.293861980049,0.0204085703446,-0.628779317609,-1.10126021668,-0.785846639627,1.05320232031,0.335998175616,0.609699355689,1.2356639653,-0.308522453262,-0.886270564924,1.56872866455,0.670918547534,-0.449405211125,-1.0418903488,1.28676297014,-0.279632254387,-0.277897145576,-0.276988019915,0.171266132567,0.242499114123,-0.390212811148,0.0504691124688,0.0553877174746,0.0936615491776,-0.364341937168,-0.363153335781,-0.317175688169,-0.371448079136,0.156179006496,0.313231193528,-0.254184493625,-0.425116634728,-0.531035800765,-0.518451979196,-0.541552188603,-0.309359921211,0.168459546052,-0.491896128903,-0.488148311028,-0.488836098959,-0.215228207071,-1.84561393896,-0.132159642735,-0.659919712732,-0.256351813903,-0.561906474732,-0.583984592005,0.489410347208,-0.189592025227,0.334113969795,-0.699221761506,0.369725102519,-0.713720434989,-0.666799909941,-1.06272877869,0.733970885655,0.733970885655,-0.733970885655,-1.57425621685,-0.51838530054,0.0585686998609,0.0600130336827,0.0602374150797,-0.824938926339,-0.393758010875,-0.374320125513,-0.274073552904,-0.998924777066,-2.08877165434,-1.5255605796,0.769229150677,0.363118219889,1.05459660724,-0.89462973233,-1.80650882179,-2.14685927626,0.576395465618,0.601741945957,2.06295113985,0.566876880824,0.714100838014,0.494539142425,0.47637806022,0.901381987334,0.378579607353,0.126981147339,0.462375395913,-0.264048551493,-0.317481812149,-1.74617288208,-1.52457450882,-0.0165167946206,-0.421278333819,-0.231767832191,-0.16868242124,-0.94399195943,-0.217320147443,4.61401363165,7949904960.68,01030331,0.56479844
13,600093.XSHG,600093,2011-05-31,-0.658892360103,1.08246467753,0.16555772791,0.182888280307,-0.11837290748,-1.29158880961,-0.245608180822,-0.246180258261,-0.336469643534,-0.598134271988,-1.10321959128,-0.652956607932,-0.727407268343,-1.15937692692,-0.3800249456,-0.224754803949,1.07358099973,0.905215895281,0.7225108995,-1.91270546229,-2.18891334117,0.232866366312,-0.468485032232,-0.744880296634,0.807118840813,-0.520936381146,-2.36225999731,-0.147149780105,-0.247236216626,-0.829369761411,-0.873233319516,-0.840790955022,-0.819945787505,-0.860567017705,-0.520801826044,-0.0977278454888,0.744880296634,-0.767607151601,-0.779268060236,-1.05568594212,0.464922045594,-0.154387388717,0.588607942505,-0.973640625906,0.272753686702,-1.4958489782,0.159030777272,-0.420947703611,0.0335987386536,-0.654803251356,0.39609768424,-1.2236190891,-1.01714852893,-0.710646350014,-0.112497777767,-0.18894765991,-0.83610790492,-0.894368819782,-0.847858014697,-0.812705205076,-0.856023365079,0.984389204596,0.884046024367,-0.694302571898,-0.37154965001,-0.185309548267,-0.154382813858,-0.733507124629,1.15937692692,0.0455645070072,-0.154381139333,0.578505651424,2.40613576844,-0.144191607587,-0.144189920281,-0.458990955837,-0.363466449681,-2.2328250609,-0.0525689550802,-0.569294576309,1.46112886786,0.166731989191,0.293928374664,-0.161199823331,0.224338625436,0.489658250289,-0.307522295622,-0.552855146941,-0.883605330633,-0.494677538631,-0.629907387873,0.150777586223,-0.286862230722,-1.04633542168,0.0103379143401,0.12079132292,-0.586373904896,0.0539714582646,-0.630944250683,-0.625551287202,-0.86504050355,0.0760208781534,-0.21475826374,2.18669360996,0.698333808516,2.19633489652,0.570698972382,1.75462405259,1.53402065286,1.21482789359,-1.22564604267,1.22497337109e-17,-0.365888405706,-1.2303845263,-2.15512812305,-1.06711810129,-0.892907085603,-0.0496778480247,1.0907053108,5.48038351417,-0.42364188279,-0.394356936117,-0.385159374222,-1.30022378463,-0.118546350526,-0.144980024797,0.426241342061,0.584198101185,1.41897239581,-0.475986553088,-0.0104167069981,-0.155063324477,0.098112997709,1.53769473769,-0.609257145179,-0.49730041692,-0.449264304503,-0.195068757045,-1.31229825493,0.432529206947,-0.80703042352,-0.882465904161,-1.48634852553,-1.07594206389,-0.903690801181,-0.3254255353,-0.263829357487,0.289415621707,-0.468515179677,-1.10497830059,0.401829845865,-0.737380063694,-0.162724728268,-0.562606583456,-1.1395979429,1.12802298198,0.223802853753,-0.659553383424,-0.17235889193,0.988963804622,0.336668138781,0.233364783266,0.272622020871,0.273002524832,0.264670718909,-0.217099218552,0.000297688987767,0.188107520289,0.310953844351,0.729895593297,0.568237842581,0.450776540474,0.433111544607,0.222526630824,0.352920966635,-1.03365829416,1.13454443718,1.51935073885,-0.570880488598,-1.25399301291,2.18582492714,0.667772117371,0.500713109922,-0.220308760336,0.324745525305,0.320646356198,0.325425369044,0.370327046081,0.430328774187,0.273039849904,0.704501096785,0.526038203743,0.454197775105,0.641205942979,-0.187934224253,-1.78630189586,-1.55081238332,-0.699221761506,0.369725102519,-0.713720434989,0.87784121311,0.938763034169,0.635119587924,0.635119587924,-0.635119587924,0.566523182001,0.683733813684,0.10070052415,0.103398894542,0.101592219998,0.272521174146,0.659810720925,0.470001384362,0.685151493517,0.648647256529,0.136740203054,0.749526288306,-0.932855776858,-0.344966248125,0.266456909225,-0.89462973233,0.147188455779,0.760089368968,-0.832438508976,-0.844831359157,-0.802557844355,-0.83097282314,0.498840532413,-0.809505292782,-0.816907347249,0.435462590218,1.62350270826,0.614731625514,1.89998404048,0.885873222757,1.1535373328,0.555770475306,0.127340224066,0.203707133654,-0.650184535984,2.77026328701,-0.538489941768,-0.162639886062,1.27308806477,-0.775271410424,2086235325.0,01030331,-0.0015456
18,600099.XSHG,600099,2011-05-31,-0.472858400236,0.222207948882,0.16275085959,0.119117125083,-0.108812016957,-1.43502861225,-0.370664658857,-0.246180258261,-0.158751914084,5.8398177775,0.10867124656,-0.234100777316,-0.478566903863,0.419495576171,-0.943466216434,5.76286162771,-0.0496243754102,0.0960843687729,-0.103894336411,-0.992958357489,-1.55631247709,0.972780677742,-0.725108325009,-2.3822756141,-0.243108084582,-0.610507581636,-0.86078275583,-0.167740299245,-0.481872231507,-0.561318488737,-0.572572270435,-0.562312160951,-0.560986652966,-0.569818397484,-0.655828740749,0.970383180329,2.3822756141,-0.988335821899,-0.822068189084,-0.768588078122,-0.551020262688,-6.67024083533e-17,0.0755975829124,-0.908811947379,0.0926192786884,-1.1644300171,0.551749867125,-0.98014878714,-0.721405140062,0.687441451887,-0.0337060691561,-1.25922241819,-1.0560634646,-0.727132322531,-0.150287710894,-0.997288539326,-0.561341066008,-0.582617741374,-0.563656263173,-0.562874894536,-0.567250406027,0.507062821616,0.30594934273,-0.99113041356,-0.598992188802,0.0949779501636,-0.156203234476,0.184516454905,-0.419495576171,-0.0280677493409,-0.156201559532,0.0366632867707,0.740786458769,-0.157676721137,-0.157675030767,-0.614843287028,-0.011535970711,0.433248114043,-0.139408622082,1.56663996584,4.63919180782,0.185737549639,-0.881138966186,6.12097370082,-0.270334552509,-0.0317107844091,-0.378591482863,-0.621898333504,-0.40079614447,-0.621763303026,-0.374712648537,-0.95048210963,-0.156717527437,0.699978135588,0.197638667765,0.19506874043,-1.2047053207,-0.0467752638293,0.0534738095509,-0.567861792297,-1.01671383079,-0.0120893819327,-0.0867075144546,-0.733723011037,-0.481731421521,-0.704290486868,-0.536597452064,-0.772982435571,-0.455420090894,0.428487511181,-1.22564604267,1.22497337109e-17,0.0,-1.29680275597,0.0886031380703,-0.893658686601,-0.959183138811,-0.220525862665,-1.15367905853,1.58044039082,-0.554223332408,-0.391290323958,-0.268270303259,0.208606558157,-0.122406348891,-0.625776917133,-0.658736619548,0.123358499753,0.975485776465,-0.706118124954,1.63036413325,-0.315428628802,-0.205311970352,-0.745737276877,-0.639601155066,-0.64984258323,-0.288020131316,-0.249048928897,-0.0144597603569,-0.0242954913569,-0.544887786864,-0.579074050595,-0.432159596533,-0.645328481696,-0.567558491902,-0.620923360083,-0.609980507791,-0.561982699544,-0.627221130395,-0.661650215222,-0.0786430872279,-0.455926847455,-0.685889360652,-0.610603405418,-0.497206575407,-0.497580739957,-0.257735843847,-0.672101572266,-0.604188275582,-0.114030767089,-0.312288294867,-0.190529406906,-0.691891426116,-0.692088583305,-0.692212222595,-0.99510339552,-0.931120645607,-0.879734889613,-0.873689731375,0.424966817098,0.370659142986,-0.772512161259,-0.76358852439,-0.70670617172,-0.792752502187,-0.41700426505,-1.27430367014,0.242878240883,-0.880736577549,-0.990423639425,-0.811932234272,-0.613321384761,0.593721494978,-0.996172064617,-0.303833132546,-0.305554184842,-0.302932464357,-0.0927914359707,-0.1202170626,0.431499955391,0.0236569219651,0.116806185607,-0.0909521762453,-1.28266332984,0.269654533283,0.578863132167,0.235836626979,-0.580205291463,0.369725102519,-0.544958952824,0.521298446182,0.47464559518,-0.813758004538,-0.813758004538,0.813758004538,0.150052927639,0.28439868081,-0.568288154301,-0.568974018486,-0.569688240899,-0.453218569723,-0.0744947588141,-0.417830257286,0.321361119347,0.0290388782506,-0.021143534157,0.172552094932,-0.0301258581116,0.15613531963,0.391800265391,0.452182171088,-0.29805629715,0.0182888875701,-0.561429575473,-0.563349388881,-0.355276121317,-0.562292685387,0.165859747187,-0.561792884184,-0.559787139767,0.268066399638,-0.982221913329,-0.365774274266,-1.15674252328,-0.40149822785,0.560889895327,0.303742818598,-0.0378323074194,-0.178014342022,-0.65379825354,2.96446010333,-0.557214373187,-0.448500400709,-0.962524253549,-0.0756663357403,2009330400.0,01030331,0.07197383
64,600653.XSHG,600653,2011-05-31,-0.768842160867,2.25941143102,0.118662488897,0.068675837052,-1.05710115527,0.250631474974,0.0572889895459,-0.246180258261,-0.202621781807,-0.26666813241,-1.43063615768,-0.652956607932,-0.727407268343,-0.819383733038,1.02194176264,-0.633984108459,0.841193680734,0.963011004317,0.456541398287,-0.626649503916,1.31412473155,-2.01653203071,0.296449132656,0.556712650732,-1.27388636321,-0.613979333593,-1.00865057961,-0.157390854098,0.159686427747,-1.14210774476,-1.18034402865,-1.15532793327,-1.12645873127,-1.17147275223,-0.660746059493,-0.613336996528,-0.556712650732,0.639521246266,-0.443287048781,-0.439475892561,0.232356938879,-0.142499021461,0.473359094326,-0.128638247333,0.052106805514,-1.36981641553,-2.32000847743,-0.685466058475,-0.873360782809,1.70804003752,0.401592438287,-0.200331940164,0.10131860884,0.903330359413,-0.205785714199,0.244492441842,-1.14938544922,-1.20008951707,-1.16494735932,-1.12785232098,-1.16236567655,-0.333101774949,0.506569262524,0.690420612885,-0.742407345207,-0.290791409331,-0.156578026956,0.397227501381,0.819383733038,-0.31799642069,-0.156576351927,-0.055330323527,-0.242831569188,-0.157865891067,-0.157864200654,3.89496319946,-0.340166827981,-0.807399799052,-0.160335710702,-0.62541894703,0.358061298465,0.128070390457,-0.881138966186,-0.431724571688,-0.0377513741063,0.552642428978,-0.0777319235443,-0.444148853204,-0.319282905248,-0.477580799026,-0.211158912853,-0.0256918159609,-0.75437609044,-1.50576642566,0.239762861762,0.098177082104,-0.451384963302,-0.399388791158,-0.0978407257721,-0.112846057834,0.678541151771,-0.0110937857735,-0.31571478281,-0.288603749101,-0.8750864982,-0.392115557714,-1.03407845435,-0.688728885966,-0.561997273595,-0.162173891492,0.142562519541,0.0724979712946,1.03337679876,-0.829107722085,0.643499697267,1.50999320261,0.337342152079,-0.0449539397858,1.53404049486,0.775960977598,-0.302458340531,-0.0517588589285,-0.358324918242,-0.428416778786,-0.205747222679,-0.182671409601,-0.116247638744,-0.485608116425,1.39397587726,0.0311744583094,-0.414746290704,6.00128715436,0.250943755578,-0.133874998321,-1.33903058296,-1.4465596302,0.0283570936853,0.280995440779,-0.0615130260702,1.37930087793,-1.10874542482,-1.21260610688,-0.356494451591,-0.675652521837,-0.605495357698,1.13864441828,-0.619647813515,-0.654634277263,-0.577017504895,0.133229114196,0.460059709922,-1.23194437891,-1.0961355997,-1.12278866991,-1.34013281424,-0.60702642312,-0.0313281755017,-1.49418062293,-1.1442934634,0.279587502686,-0.31792426579,0.26434708288,2.98501108631,2.99113371291,2.98732677797,-0.339515233397,-0.560593007856,0.0414396157646,-0.569317550804,-0.991512864339,-1.63254423673,0.84009929993,0.930632831597,1.13178485501,0.471660291622,-2.59099716147,0.733521114584,0.286316245337,-0.537815352699,-1.04434657119,4.08838079755,1.60708594689,-1.44046189431,-0.340805099178,3.50895811323,3.51887375701,3.50937496428,0.544255253283,0.803627814693,-2.74508614986,-0.733024274561,0.571398469178,0.512428875479,-0.277137290235,-0.324263374571,-0.868758077089,-1.07488029769,1.08602528915,0.369725102519,1.81770179749,1.07400769097,1.18968164959,0.143687422059,0.143687422059,-0.143687422059,0.685077928145,0.921415159462,1.91242079776,1.91379832327,1.91440418181,0.272521174146,0.819442346955,-0.803602493947,0.913686472162,0.920547181091,0.470350702571,0.89196929305,-0.560434402248,-0.438972032454,-0.551878965673,-0.242092748134,0.348194984888,0.600843982931,-1.14608997878,-1.1589765064,-1.29264352509,-1.14234358865,-0.16712103804,-1.1106785954,-1.10733307638,-0.0527762989746,1.05272718229,0.819632980598,0.734895296937,0.47465114484,-0.794572216223,1.24157159383,0.550689545016,-1.06625085273,-0.36045560804,-0.605823165926,0.313471687804,0.458085802886,-0.962524253549,-1.03167247287,6129794912.67,01030331,-0.02849003
86,600893.XSHG,600893,2011-05-31,-0.433478453138,0.113346609318,0.144745826217,0.144127432299,-0.114511309512,0.294070658109,-0.17940757068,-0.246180258261,-0.103578840646,-0.237919612861,-0.718111776353,-0.262659129403,-0.345852042807,0.251827699737,-0.421160920417,0.256368930953,-0.282011694404,-0.343158459903,-0.151388890199,-0.0288750391944,-0.690693559393,1.07373544451,-0.42267755473,-0.493746045488,-0.515389139314,-0.375122798952,-0.330543070552,-0.150915677685,0.278810915725,1.24256988985,1.31152561515,1.26109145053,1.21895103889,1.28056645682,-0.295402566852,-0.0930051323596,0.493746045488,-0.463222090257,-0.528887306476,-0.334440088658,0.197676177351,-0.35274964035,0.308135081893,-0.523327133178,0.112204255974,-0.673836597226,0.40448020843,0.247309192889,0.723519114056,-0.95990825856,0.303096049253,0.63288090258,0.208308738645,0.776388371031,-0.132208735596,0.199653810626,1.26431660529,1.29782636896,1.26006248318,1.21394725948,1.28273572877,0.252881702957,0.15872157845,-0.269654128565,-0.510963502492,-0.057634104142,-0.15071520173,0.0401833458215,-0.251827699737,-0.111698463034,-0.150713528048,-0.0902878954401,-0.0184233634515,-0.150677433743,-0.150675744964,-0.295457508165,-0.107607869301,0.781685400274,-0.153408733643,-0.135242308553,-0.011348193609,0.140034509474,0.293928374664,-0.177028399032,-0.0637868045245,-0.115689689327,-0.56100239678,-0.310469491986,-0.170887008202,-0.331118729746,0.0243075548636,0.130602461987,-0.362005303452,-0.449618821846,0.177274534994,0.183220239428,0.267396091998,-0.443465482074,-0.0140106051225,-0.747633633815,-0.316051181694,0.0558600559303,-0.119318227578,-0.364599720651,-0.0343864323568,-0.444144712573,0.145432954298,-0.214802669436,0.0182562766664,0.305323028941,0.139494787339,-0.581396068499,1.32624626016,-0.876153968097,-0.106752058799,0.122317885128,-0.596218191162,-0.451210048332,-0.738052323473,-0.269820655758,-0.384813686597,-0.303556466709,-0.144558912981,0.686805648492,-0.152759972397,-0.435348604438,0.968730322865,-0.344742229852,-1.52013438148,-1.18796258832,-0.408368133891,-0.384565883679,-0.381253720874,-0.313591467715,0.990782496157,0.927074206079,-0.0777975561054,0.113074614638,0.150467407278,-0.37245824937,1.25700932209,1.25930071604,-0.281336791404,-0.63829483963,-0.261251414467,0.294955004633,-0.398212015366,-0.152973605311,-0.622725718618,-0.316338514278,-0.155358878236,0.640549259447,0.356771651226,0.67544842687,1.20847279631,-0.229830818151,-0.0566723174807,1.30890057082,0.471802528265,-0.498618810919,-0.0500619386844,-0.214470274789,-0.916621893773,-0.916338140376,-0.916230883623,-0.291455737621,-0.157201413866,-0.636315573613,-0.116999094618,0.401232428851,0.399291887533,-0.630806334867,-0.630548899497,-0.60492872112,-0.632407881655,-0.164700440937,0.032517159535,-0.52553455942,-0.115968753824,-0.41550068902,-0.760637139924,-0.67187733484,0.654289455407,-0.291807482276,-0.907924441439,-0.905606178246,-0.906794091896,0.256648081318,-1.7901883985,0.35053893634,-0.248316670205,-0.665868519897,-0.882904625215,-0.623919338414,-0.0328888538048,0.312878958517,0.608294151481,-0.699221761506,0.369725102519,-0.713720434989,-1.24669157661,-1.40923543809,-0.32020759658,-0.32020759658,0.32020759658,-1.06368950208,-0.344390366643,-0.806577510586,-0.807060834316,-0.807230510931,-0.0637972437446,-0.10642108402,-0.42515272209,-0.213441823876,-0.844275377593,-1.27285877951,-1.16785258454,1.27997969662,-0.330406854105,0.275418355268,0.316788381856,-1.31837989581,-1.5887640673,1.24792211342,1.26657845243,1.82104987436,1.23980328822,-0.0931253079895,1.1958892431,1.18337961414,0.0532412883929,-1.22302454489,-0.789489404275,-1.04592094532,-0.581297289871,-0.811393080506,-1.30048724203,-1.14346541095,-0.897412507719,1.34133170072,-0.709010638379,0.332196119223,-0.0823266938512,1.27308806477,1.92827154168,14741925883.1,01030331,0.28256174
97,600988.XSHG,600988,2011-05-31,0.0804042447101,-0.575670026285,0.145772729261,0.164694994443,-0.116952320591,-2.63639352084,0.0,-0.246180258261,0.137929257689,-0.453318968289,0.362662587536,-0.652956607932,-0.727407268343,0.800075041728,-0.594418351298,-0.957353877391,0.114983308877,0.246351652267,-0.0563997826232,-1.16235326974,-0.99189096944,-0.493166664687,-1.81782795252,3.9922292064,-0.884913427879,-0.613284983201,2.93948545536,-0.0984911322447,1.20300635841,-0.4840087052,-0.509452563587,-0.487937934669,-0.480408814486,-0.510812860999,-0.659549954933,-3.06492516253,-3.9922292064,-1.89537090417,-0.548147364458,-2.16556427003,-0.0491692429342,-0.383668407244,-0.953482840208,0.0817405330704,0.125471498651,-1.40529224799,-0.7245871749,1.34946900482,-0.692426036784,0.562211964957,-6.56917530091,-1.92903971599,-2.14339865383,-0.727132322531,-2.3530708837e-17,-3.45700560891e-16,-0.489028817976,-0.546194596236,-0.483262206064,-0.478158141956,-0.516075012822,0.538250378706,-1.73852499559,0.0,-0.0122746766967,0.862526811524,-0.0954065400056,1.51355928793,-0.800075041728,0.361313662615,-0.0954048790387,-9.5750085254e-17,0.783559405618,-0.0938183577743,-0.0938166819125,1.20706798681,0.316682614432,0.697215755127,-1.4676919052,0.017891080379,0.0397777913988,0.247465107557,-0.293957745473,-0.660740817331,-0.0672581952469,-0.178673868015,-0.030352465384,1.96207964871,-4.7523490691,1.58176616293e-16,-4.82375609666,-0.528228627095,-1.9431085142,0.182778440284,0.163479477311,0.0127008203049,-0.552561745997,0.211388211536,-0.23981485768,-0.496156187714,-0.433462766587,0.615385097381,0.810526462334,-0.69029674158,-0.581998401851,-0.704290486868,-0.408215257925,-0.857235985176,-0.443578181705,0.568075606271,-2.27057794956e-15,1.22497337109e-17,0.0,-1.92028770385e-16,1.5230887468e-17,-1.37556168587e-17,2.29941250791e-16,-2.73155817347e-17,4.92200928976e-17,0.0,0.0,-0.502071688218,-0.204140501681,0.728238060651,-0.140302704947,-0.422253883635,0.968730322865,-1.35016644432,-0.501727835604,-0.350856401749,5.32969508502,-0.397786006506,-0.177727882347,-0.273929902055,-0.686634370391,-0.692917122762,-0.0299817576599,-0.202780210167,-0.266446412182,0.394220526618,-0.463841621306,-0.499505121389,-0.298597928592,-0.329713057291,-0.401004579397,-0.520859646747,0.16597479002,0.0843831057884,0.405061234223,-0.298431880281,0.0595903874513,-0.518760935206,-0.538521287998,-0.665832625209,-0.680746966119,-0.342716357725,-0.0144320808491,-0.750153609285,-0.697416927547,-0.242824647536,0.280718318353,-0.0257599044138,-1.02341566556,-1.02425247673,-1.02451206584,-1.13338957197,-1.0238346544,-1.08444486339,-0.921316088359,0.552680940922,0.512285864443,-0.887317473154,-0.881825971058,-0.835430237789,-0.895661482875,-0.401977992884,-0.516328795976,-1.17215599281,-0.907556997505,-1.11265655357,-0.906436228446,-0.771618811607,0.892248408303,-1.13450598221,-0.953453633132,-0.953047491988,-0.952874705947,-0.2768271462,0.311915881955,0.66940922328,0.862492076971,-1.33331242558,-1.76435340706,-1.08971036144,1.29323396072,1.38454357168,0.250792087573,-0.699221761506,0.369725102519,-0.713720434989,0.565922922093,0.529468149811,-0.205116442792,-0.205116442792,0.205116442792,0.226994618188,0.00436130033519,-0.985258035835,-0.986246280829,-0.986936723858,0.130913419245,0.0532105420101,0.870005370798,-0.014445379886,0.222097932494,0.257856494613,0.322997515673,-0.238794820077,-0.361920693974,-0.529631201803,0.174268603716,0.216414770783,0.103194147677,-0.484767291185,-0.49128482711,-0.786849969973,-0.48414963319,0.0851371325863,-0.475089070369,-0.474893617053,0.00581236772849,0.922062165381,-0.404593820806,1.96903167151,-0.387082844167,0.311457216066,0.476299229065,0.0394502531837,-0.824004531628,0.995305965098,-0.70129328234,-0.100026172703,0.241648556082,-0.0518848358876,-1.23827044115,992392488.0,01030331,-0.0502008
106,600038.XSHG,600038,2011-05-31,0.553360469674,-0.805369645337,0.141185895664,0.143441499576,-0.114406473961,-0.347885484325,0.0,-0.246180258261,-0.139950542202,-0.468873204612,0.231546113581,-0.234100777316,0.301132904842,1.2977558813,-0.646395580562,0.22078377404,-0.185183644824,-0.0541829147215,-0.293872551563,-0.16371828162,-0.57591059224,0.575481606028,-0.422846586013,-0.46456663726,0.145864850749,-0.525796833885,-0.28103666259,-0.149290110384,-0.0575041465199,0.780869633631,0.900948589762,0.781364182463,0.778478677546,0.817872371079,-0.525586244281,3.94402561175,0.46456663726,-0.467812166581,-0.498927216283,-0.425471118707,-0.0471291981385,-0.235473112826,-1.72248842894,2.62755244854,0.112362199339,-0.671969448149,0.453570094662,-1.13793166548,2.45822474607,-1.21857741861,0.336736804083,0.00559771525005,-0.394094465542,-0.727132322531,-2.3530708837e-17,-3.45700560891e-16,0.779016695472,0.919018522984,0.790438554659,0.781693740791,0.786923234777,0.512603132478,-0.568676019274,0.0,-0.466738564393,0.0941301054174,-0.145441336115,-0.175717045922,-1.2977558813,-0.0285198072528,-0.145439663646,-0.0700493011746,0.126070120862,-0.144867214479,-0.144865527019,-0.374994230442,-0.138553264984,0.0179390254043,-0.0892943347291,0.135603921006,-0.0922444216564,0.147492769265,0.881109595376,-0.831866537855,0.548913657983,0.104754936082,0.092834125833,-0.0651458290929,0.199057692883,-0.133366441652,0.0459450140591,-0.122338213236,-0.561483048071,-0.14718273195,0.177110308117,0.263932351999,0.824647478825,-0.500135513252,-0.19591496163,-0.44699823783,-0.334284038733,0.110368945645,0.0757114115356,-0.570874500573,-0.258058926939,-0.496173867432,-0.28785695092,-0.678197192265,-0.538313455217,0.452033909533,-0.0660432702125,-1.11030172272,-1.99294096904,-0.964711607648,1.02411308083,1.08873462409,-0.758594521523,-0.311461096264,-0.876594568493,-0.742024138263,-0.577223474102,-0.358659653949,-0.225062280919,-0.050346017836,-0.138021796822,0.611524059882,-0.658736619548,-0.979848907456,0.105445663243,0.843794147603,0.0993787067182,-0.304104105953,0.198012127243,-0.360689576935,0.580228042387,0.431555067109,0.238818151681,0.183916564453,-0.133603006191,-0.139777218695,0.800143254357,0.779442000858,-0.824446975585,-0.435616038402,-1.30171065612,-0.014989360357,-0.395576015949,-0.420619052921,-0.415195179748,0.309795363262,0.32564590803,0.8842736555,0.502983426773,0.522910581731,0.0301888065485,0.622198787497,0.629309125416,0.641601702712,0.599663514648,0.268537357779,0.783651869015,-1.09324095475,-0.747190527433,-0.748125059728,-0.749204152021,-0.723067125882,-0.770404155989,-0.672100084581,-0.77305674626,0.486881088684,0.434970806087,-0.780320694458,-0.773546019278,-0.729546173189,-0.790357567231,-0.429900212645,-0.159652263254,-0.282501673743,-0.682855930266,0.032963824225,-0.776873864358,-0.657431727117,0.91981339339,-0.722569356093,-0.761864313896,-0.762121261857,-0.7616841373,0.10781611406,-0.265916679613,0.580954653887,-0.941363079995,-1.02507681435,-0.866450071608,-1.17834335582,-0.0691952775705,0.819585060418,0.472207290161,-0.699221761506,0.369725102519,-0.713720434989,-0.670197712675,-0.630942589872,-0.427531862688,-0.427531862688,0.427531862688,0.149628304622,-0.652004877621,-0.810105067174,-0.811029917875,-0.812037586859,0.502633775861,0.21284216804,-0.434632903796,-0.779337961473,-0.274195238362,-0.0649400503011,0.150945571741,-1.11027938118,-0.587496759756,-0.804747595301,-0.00693511420411,0.000603818887148,0.382177721043,0.781132672965,0.782607626344,-0.134973183104,0.781885987138,-0.150303826665,0.775583886918,0.768216212127,-0.2620215372,-0.200839317732,0.378712898212,-0.771986596155,-0.0414109590525,-0.222432407812,-0.885092569494,-0.604002831053,-0.398238270297,-0.644297333985,0.958647705064,0.642709606924,0.0469911580129,-0.217320147443,1.01023250123,7613989500.0,01030331,0.18608773
126,600435.XSHG,600435,2011-05-31,-0.816279589141,3.21701848146,0.164667745272,0.261629565709,-0.121417979886,-0.186087455475,-0.337466423889,-0.246180258261,-0.13536211216,-0.501483465593,-1.68837368362,-0.652956607932,-0.196547824119,-0.27047104233,-0.810838159696,0.513016530672,-0.795200357183,-1.22164411725,-0.417358391412,1.04895359924,0.443327634881,0.134856113576,-0.570005220377,-1.29498389438,-1.15719448261,-0.583427916371,-1.18648280821,-0.125502642221,0.236487657431,-0.305340709794,-0.270615854236,-0.323741488298,-0.279132708231,-0.314640619888,-0.594694507713,0.470831253928,1.29498389438,-0.875293942228,-0.383366868394,-0.13137086778,0.209916446126,-0.330887961839,0.00624429374276,-0.811054416268,0.22410713022,0.0408147118465,-0.331868085046,2.73238952675,0.593331590824,-0.92030618402,0.260614001341,0.184089071718,-0.227746087194,-0.661188432462,-0.146780008184,-0.754412620241,-0.320878211789,-0.26179432924,-0.337813200079,-0.287562867792,-0.327202309508,0.192924351361,2.08970954777,-0.880352558777,-0.290049406943,-0.135186961804,-0.130396095124,-0.26227628277,0.27047104233,-0.142837275668,-0.130394426113,0.0182645647112,-0.0283278366715,-0.125004371875,-0.125002688928,-0.749882270333,0.0826494705724,0.0786515828536,-0.132601228386,0.309757959252,-0.204115713802,0.160438258089,1.46829081609,0.442167772126,1.3716332592,1.39418103868,2.26518228249,0.0964446075435,0.970298340909,-0.131086876372,0.399144715634,1.35529363984,-0.657154898403,-1.25124436798,0.0609197925118,0.184395808718,-0.12900083076,-0.399388791158,-0.512554637398,-0.500625092249,-0.933964710381,0.341596153611,-0.171602769128,0.297650888571,0.844877856691,0.0501322585882,1.66194762256,0.69092298882,0.361671643148,0.794596163136,-0.0353659481899,1.18891965263,0.187309465828,-0.712875820173,-0.146262098615,-1.46359676342,-0.872713600641,-0.774404103678,-1.79097338563,-0.558412563862,-0.543094231588,-0.35108895518,-0.242800311143,-0.428416778786,-0.0749459144497,-0.353190002231,-1.20122560035,-1.05923724216,0.292516382675,-1.11450309649,-0.327730008464,-0.0759634341144,0.933090796797,0.153258211399,-0.479991663061,-0.300712104924,1.79190748037,1.61988805816,1.50113687089,0.940190786971,-0.272277027917,-0.396244267971,2.09511614437,2.05332354643,1.78035003722,0.374352139616,2.38997638286,1.87391251786,2.50785987808,1.74615100842,1.23513095054,-0.66199334216,-0.510291689665,-0.144442490749,-1.16282373308,2.0420565898,1.34063471029,-0.799080033669,-0.150624116536,1.3917763834,1.5531156082,-1.20449557609,-0.119365728909,-0.126318266068,-0.131089944766,-0.394873838843,0.0404196823469,-0.328060930776,0.741219002924,0.373791019041,0.720544091698,-0.0702317662697,-0.121443230299,-0.263943501371,0.149738654632,1.46462229583,0.958119843664,1.75551052255,1.77522980043,1.17331338471,0.115095538281,-0.268576093506,1.40285694158,-0.39474822357,-0.134791953422,-0.151115842621,-0.143347985007,0.803539090965,1.06740741401,1.70099940946,1.59974578405,0.51604701557,0.477615086507,2.07776527436,-1.31508688071,-0.274731965183,0.637940807331,-0.223155881332,-0.52884729854,-0.713720434989,0.318336362848,0.622479065145,1.84887230792,1.84887230792,-1.84887230792,0.965753741902,0.651281168395,-0.0548747698833,-0.059444636086,-0.0610049036479,1.35228030527,0.500179094895,1.73600734465,0.529685521649,0.768930122785,1.42251940541,0.86796204506,0.180268175359,-1.15550220955,-0.990756044893,-0.0171150983569,1.32681598414,1.41877746151,-0.311290146724,-0.326950597304,-0.731872409634,-0.306798879945,-1.70421415772,-0.254579027099,-0.238248601263,-1.72115833176,0.0671811684257,0.0123010632379,0.0941329338902,1.06525027754,0.900878734357,1.19051940138,1.46046439447,0.768948549559,-0.242851906603,-0.611997441756,1.24657252019,0.824259509744,2.01829217087,-0.683449150169,9189104400.0,01030331,0.00810373
204,600104.XSHG,600104,2011-05-31,-0.493817506851,0.28713557059,0.123249322494,0.0998620495099,-0.0980104172406,2.48471124929,-0.161682259385,2.47551736023,-0.123611254734,0.00408285021012,-0.473485897802,0.498896926263,0.11864997089,-0.00167016106264,1.26409688534,-0.290959747045,0.618489166698,0.801184699016,0.656018524196,-0.392737756851,0.64700267434,-1.09574042883,-0.0881984533296,0.0625761146683,0.184762144282,1.07259776711,0.414658649298,-0.141080995517,0.550918498315,0.121410478039,0.0232060188011,0.104354165234,0.14040725522,0.0453286597836,1.92217528626,0.278366803583,-0.0625761146683,0.799273902649,2.7667226148,1.34963396725,-0.0226486605895,-0.0676165767923,-0.784179222529,1.52603659506,0.165115283316,0.481928681195,-0.356413028162,-0.418627367165,-0.940579220059,2.54115660686,0.226505607869,2.85405392628,3.35543741623,-0.547435222094,-0.114421185749,-0.182720072241,0.109763884394,0.0440334162329,0.102407526681,0.135473436361,-0.00532553857447,-1.2066156928,-0.0771215303792,0.410635518113,0.342577802807,0.375115828933,-0.140221012284,-0.146728538299,0.00167016106264,0.00543771941988,-0.14029965367,0.447874724801,0.415216839056,-0.137273393021,-0.137352780095,1.79851395589,-0.20886440221,0.801922919424,-0.227966746307,-0.268412690904,-0.567356753009,0.12604207544,1.46829081609,-0.0464149771577,1.02970127304,0.148493949061,1.2346790675,1.29662085056,0.598263556767,0.993308698295,0.620610474459,1.32207840857,0.467279844564,0.276227793903,0.122258531139,0.244473586645,1.72879811187,1.22515210261,6.1422492857,0.0953642670881,1.48599624924,0.191758931656,0.401964998068,-1.18969884034,-1.33785717665,-1.35465492261,-1.73215663498,-1.09946494029,-1.78171392006,-1.76186153428,1.76590414324,0.0703795240815,0.675425234828,1.59515766065,0.0736771230286,0.915275209404,1.42758322736,-0.278787397612,0.370285636691,-0.506546454476,-0.327189675686,0.525147553569,0.586793717786,-0.330014799909,-0.1083699912,0.416539358792,1.51121930367,0.470440426461,0.728745948248,3.12000083092,-0.771923072254,-0.113470548251,0.286728518396,-0.235507760323,-0.169269001819,-0.31658167212,1.30239175326,1.1153836615,1.03239880343,1.69878685238,0.142880115055,0.0654518735696,1.0979119297,0.85932137159,2.31338726831,1.71006422138,0.786725996362,0.288283267566,0.917434019912,0.952831564778,0.0141733498338,-0.0898201819186,-0.172692806775,-0.0721185124509,-0.750424336668,1.05079545051,1.22743087612,-0.136098203007,-0.40451495438,-0.510602531816,1.17704263939,0.533329774983,0.983672030904,0.980056785561,0.978021695527,1.5938477425,0.798541030538,2.06168607973,0.356746526214,-1.73511758488,-1.65969694374,0.304729393057,0.349002262864,0.664374016811,0.259679772138,1.02339738028,-1.20638165313,-0.346833908187,-0.28611089382,0.642033055034,-0.196685481921,0.675229506962,-1.7132989916,1.59621632245,0.809321215733,0.805187826949,0.805310033655,0.415963031132,0.537058113092,-0.0859055936918,-0.542033586638,0.537534170596,0.476943310783,-0.0185360272729,-1.7095984259,-0.249516603009,-0.218621453057,-0.104139411288,0.145082002254,-0.0386745063295,0.386971978082,0.49034265142,0.557450711135,0.557450711135,-0.557450711135,0.880404515631,0.18871670315,1.08047910197,1.07790572808,1.07600701576,1.13986867292,0.372473794071,0.21138524106,0.0321944116742,0.656733499638,1.02024029416,0.718316865918,0.534490045588,-1.27727168681,-1.25601484775,3.89301681474,0.375649196159,-0.25301095185,0.117246719136,0.0937020130629,-0.716949928971,0.123140549518,-1.20306125874,0.164106904123,0.173398559432,-1.27755842672,0.189320821461,1.04972073969,-0.933225006628,-0.510625463743,-2.30280464311,0.871613372572,0.970818759275,-0.434942258343,-0.164255303989,-0.568578238058,1.21536513449,0.335574153752,1.60395868788,0.498642799812,1.52962078986e+11,01030331,0.13232628
213,600148.XSHG,600148,2011-05-31,0.31545570761,-0.710568191775,0.162271638169,0.269213742051,-0.121584450548,-1.07859460064,-0.191648807763,-0.246180258261,-0.18359658407,-0.443664614709,-0.862339897704,-0.652956607932,-0.445388188599,1.00566779498,-0.353479070225,-0.126378396318,0.134348918794,-0.0657419365288,0.599025059651,0.972817618825,0.089485405313,1.24830306204,-0.0501664148137,0.251046390766,1.05995124878,-0.236252720673,-0.426950286057,-0.144494686848,0.0110388864238,-0.0927585168941,-0.236229745282,-0.12819555293,-0.0582622124711,-0.188171570772,-0.0644214863825,-0.0879490512449,-0.251046390766,-0.0426450968619,-0.391926894163,-0.765086884659,0.107914206338,-0.124752835847,-0.495547151426,0.0595021239462,0.239269693279,0.682647206931,1.06719367256,-0.824686245246,0.109385876273,-0.70404022086,0.236618293508,-1.22371403131,-1.01725230209,-0.727132322531,-0.135313741318,-0.293571132747,-0.104000578522,-0.241071584652,-0.133781648121,-0.0798968345323,-0.183460934347,0.716760269214,2.30309464491,-0.633232728877,-0.29426130581,1.49641544232,-0.144932689178,-0.324458358337,-1.00566779498,0.386868230456,-0.144931016825,0.784571338491,1.03744140666,-0.142705272426,-0.142703585458,0.649567597021,-0.297765264416,-0.535513128735,-0.00256539306436,3.78510791491,-0.00147770670523,0.142428388513,0.881109595376,-0.0676673305475,1.44626815973,1.88930666559,1.95721580444,0.146390742504,-0.613984616282,-0.0176785036607,-0.431988275819,1.93107226562,0.870108688066,0.439679208779,0.0451540123024,0.0994454594959,0.0284256724997,-0.248268708017,-0.362174142416,0.00822062865744,0.00833338476048,0.137747840022,1.40410978698,0.3193640233,0.119870460459,0.128175990877,-0.0872597725787,0.827835006929,0.634035554495,0.93567272698,0.142562519541,0.0724979712946,-0.365888405706,-0.934269919053,1.5230887468e-17,-0.398060358929,-0.641265196077,-2.73155817347e-17,-0.599510078452,0.207791324785,-0.1219195939,-0.331874713369,-0.278731192879,-0.6666531487,-0.0954740875722,5.26607716654,-0.116247638744,1.82052619158,1.98421625064,-0.249590209621,0.732182979133,-0.31469247347,0.892832938627,2.21689904961,0.216706803942,0.570494747252,2.09323047955,2.05289851625,2.27381714962,1.90924042898,-0.0820209498137,-0.180303215191,2.33106993302,3.03883595118,1.82119131791,2.31052344098,2.77605255803,2.1154235098,2.9430399025,2.06716695417,2.15236815597,-0.495972349581,0.494131773058,0.198767660812,-0.81500336303,1.57102453568,1.4132879173,-0.469431054315,0.926401676616,2.34154567389,1.13605375995,0.91215880208,-0.831332929637,-0.835444567298,-0.837826905609,-0.81082194767,-0.550798592458,-0.564467548482,0.252057093941,0.554710174187,0.731725759362,-0.572421347956,-0.59904608561,-0.655424016286,-0.444140266321,0.606479047321,1.37647699334,2.44666965671,3.2834492467,3.2127506628,-0.36620362731,-0.493717954418,0.813303791148,-0.811829988003,-0.667963275494,-0.678511629397,-0.673521699885,1.28822227576,1.10173676913,1.44663500617,1.56857772524,0.0781970893854,0.0720127110644,1.05103218473,-1.65667565061,-1.37714416129,-1.5442644755,1.32405822924,-0.0795610980105,1.81770179749,0.752122511937,1.05848237355,2.38478755777,2.38478755777,-2.38478755777,1.02477634116,0.971693905685,-0.779857988258,-0.783377542336,-0.784954977689,1.54699096826,1.26641089984,2.16682766023,0.887257256944,0.919536400703,1.70151943418,0.856758662664,-0.131365992081,-0.839828075586,-0.421976960868,0.974415358128,1.55854342814,1.90899968729,-0.101927275029,-0.141773605971,0.485487854999,-0.0943108349239,-2.1380982112,-0.0300949348402,-0.00336170612902,-1.98899223669,1.72758296871,1.57925992321,0.929481708673,2.18648035499,1.16333030173,1.63637521541,1.78569517034,-0.251422318114,-0.628025079592,1.67861557553,1.89568614272,2.44821948105,1.27308806477,-1.76122015369,2085952473.0,01030331,-0.10515604
215,600150.XSHG,600150,2011-05-31,-0.674695562495,1.20174074747,0.134887556994,0.0667055379874,-0.418621739233,1.51754300811,0.109191834775,-0.246180258261,0.0052005252398,0.498600294694,-1.57336580504,0.184755053301,0.350900977738,0.239851422849,-0.685910433219,-0.0746557845245,0.424833067536,0.581563284678,0.466040309045,-0.856586280116,-0.0736272322196,-1.18891326566,-0.0830260960914,0.236217511175,-0.554286432847,3.07232689433,-0.254980658399,-0.137586025821,-0.0356199251583,5.15970405213,4.9434632591,5.13924227096,5.18759294074,5.05537304597,4.98367135628,-0.410815945285,-0.236217511175,-0.400401045663,0.41699554106,0.782440626173,-0.43473770933,-0.298136749203,0.251020608459,-0.769950518684,0.162509217791,-0.647696510153,-0.994581549174,-0.40934602138,-0.734726451988,0.750249376204,0.0914749499045,1.69452470472,2.17242337183,1.21161804548,-0.10606522325,0.969383646495,5.13664733921,4.83196869126,5.12281200147,5.17944975943,5.0735681339,0.22089138548,0.668499411575,1.57806368005,-0.331326015835,-0.198575824883,-0.13700850531,0.0120886674453,-0.239851422849,-0.18530412774,-0.13700683478,-0.105926809191,-0.0930663491291,-0.134706086834,-0.134704401683,-0.0982262591538,-0.159916456999,1.27354510483,-0.203815335884,-0.264159988682,-0.497551229999,0.133681232892,2.05617693623,0.249679008872,0.920352465282,0.941044864223,1.23231009459,0.0744095480021,1.20229756023,0.321406831832,1.60384207614,1.28874809637,-0.190415709537,-0.708558485329,0.124968274612,0.168185326929,-0.887930578577,-0.355312100242,1.14279835782,-0.396012099727,-0.701946595524,0.257717177201,-0.246831974102,-0.983424060416,-1.03705623566,-1.09450914831,-1.33898616543,-0.899362759979,-1.45014046277,0.209178038811,0.142562519541,-0.375200539752,1.06591785003,0.371955264338,0.102651152227,1.50999320261,-0.365287568264,0.109754055039,1.53404049486,-0.638707957803,-0.636825991825,0.175026693426,0.419419483879,1.01135954374,-0.112668625743,-0.410764995992,-0.658736619548,0.517395721985,-1.79912778201,1.38768490492,-0.753471975759,-0.386602580095,2.26085460053,0.223079092612,3.89288360174,3.41503369991,1.33938639533,1.24978327306,0.908615886739,0.495456476569,5.22951861306,5.0117940164,1.31193239366,1.06163526084,2.34144937622,0.722200569218,0.792625896179,0.444221631896,0.975711888251,1.51018089001,1.01172038438,4.63663649104,4.83790140808,5.03000941114,0.831195326511,2.23392501091,0.901336249323,3.24874695692,3.9439528011,0.965183078025,1.38916009046,0.560087215558,-0.88759235106,-0.889946867131,-0.892726654397,1.06402555402,0.868025083159,-0.00166481049986,-0.00328440284629,0.423864582181,0.417018854937,-0.64717628573,-0.646432796016,-0.621923820987,-0.63406550961,-0.196252927169,-0.270664386779,1.04895563999,-0.284057305744,0.00414379340323,-0.844880415713,-0.685092283899,0.576094905874,1.06585474875,-0.947744576489,-0.948809000448,-0.949061735211,0.727651633502,1.19715113357,0.774713325461,-1.17800986948,-1.14456437548,0.674484889751,1.06788867081,-1.34750804035,-1.08066244857,-0.247876604703,-0.461188821419,-0.0795610980105,-0.713720434989,-3.9241601313,-3.34817331041,1.10183892936,1.10183892936,-1.10183892936,-0.452232358645,-1.50720064291,-0.831713598967,-0.833112243866,-0.83394741028,1.15756964228,0.340547468865,0.97949802633,-1.67326729971,-0.83113523254,1.85940317139,-0.821347971878,3.19506782828,-1.26239715439,-1.63481127567,-0.468088396327,3.49827033491,1.76550595584,5.1536916672,5.1303315428,0.650420536014,5.16283070587,-1.21651502784,5.20870507986,5.2321141904,-1.31103766484,-0.460436379543,1.41509630885,-2.41553194797,1.11810668438,-0.902870931468,-0.535895573164,1.3367744139,-1.08093244795,0.95423588965,-0.707786407897,1.20912365735,0.520702868,1.27308806477,0.0670293694532,45100223541.7,01030331,0.0869693
247,600660.XSHG,600660,2011-05-31,-0.434935787755,0.117101393689,0.154193334222,0.150504196318,-0.11540082892,0.562333470626,-0.116438647128,-0.246180258261,0.02668780739,-0.38273491656,-0.489219874677,4.78264973939,2.75635783438,-1.48938989006,0.715954954888,-0.553503724508,0.240859773333,0.23479263046,0.276062093893,-0.240465796016,1.33570047725,-1.61881231414,-0.320616466482,-0.151725112976,-0.632081019914,0.0762049554558,-0.933088167459,-0.101227503867,0.192822442168,-0.505740993917,-0.518855298333,-0.513932247799,-0.494294368202,-0.518970392351,0.406710809511,-0.733127226015,0.151725112976,-0.451701898698,1.0397374158,0.582872598758,0.326198999483,-0.149994024949,2.96599789919,-1.01188611615,0.316661942228,0.584621880409,-1.46093546838,-0.0612955544532,0.143013801215,-0.724106881801,-1.65056667491,0.921979934731,1.25288938522,1.06983868184,-0.320978247314,0.403918686164,-0.511392415119,-0.542447909742,-0.519819116295,-0.499210419209,-0.510273403102,-1.71617258927,-0.661872689451,-0.0480984189996,-0.309634736673,-0.0888048668678,-0.107373128481,-0.154651115715,1.48938989006,-0.126057949645,-0.107371464763,0.499391146568,-0.115511163442,-0.102763393015,-0.102761715121,0.166896148436,-0.200956273236,2.24494602402,-0.150467868703,-0.245703657074,-0.554910143122,0.139479002908,-0.293957745473,-0.560899032135,0.725954584826,0.419675829525,0.261031202302,1.90038148199,1.66629599888,1.30048011986,1.36455723327,0.306834509768,-0.0718910690456,-0.179125420097,-0.0353171575162,0.203235853392,0.684724351217,-0.393092121027,0.531935974484,-0.118533754514,-0.212063788247,0.653715549509,-0.151099027343,-0.516591663751,-0.558859867929,-0.678275909439,-0.873600711678,-0.457031624551,-0.704100183864,-0.748378297334,0.142562519541,0.0724979712946,0.675425234828,1.58962280818,0.0749941243558,-1.21579759959,-0.570536220544,-0.15517846536,1.53404049486,-0.503634186302,-0.327931615741,-0.279406895953,0.0801228031879,0.0463296105349,-0.198027225949,-0.169289466607,-0.116247638744,0.082212106768,-1.82493063986,-0.519356705045,-0.702902303881,2.56763784196,0.32474982889,0.313143897963,-0.821665214388,-0.906022739391,0.673631889914,0.604269447888,0.750691995861,0.334307434482,-0.472571871734,-0.561161548082,0.198632306021,-0.0149205021315,0.56282512557,0.10574545719,-0.225521473836,-0.439792656768,-0.0825722047265,0.371571113722,0.337814063957,-0.90767982598,-0.71268355568,-0.807193128247,-0.84955880696,-0.453547429283,0.712099989214,-0.882888120615,-0.720584765055,0.00547827577808,0.722271022062,-0.129973094024,0.000577253149192,0.00414593106316,0.0127433379199,0.693209941286,0.846002782036,-0.240977450252,-0.0385669956011,-0.652639043301,-0.480037307401,0.922973402117,0.90404015243,0.846132608688,0.957979078553,1.05448324296,0.582524305754,-0.164834168008,0.367123849191,-0.331506540831,0.262189054489,-0.111924358378,-0.900600723795,0.693822264049,0.120124202737,0.128678685902,0.117134189571,0.245738878754,0.478886065693,-1.06324422827,-0.0365923169567,0.559400909432,0.499546588073,0.510299189327,-0.927838649127,-0.495130014595,-0.223603344054,-0.699221761506,0.369725102519,-0.713720434989,0.439751180556,0.556879427126,-0.0194172191972,-0.0194172191972,0.0194172191972,0.633273920159,0.456870016336,0.0267667459273,0.024924049439,0.0268658653256,0.414128929047,0.21284216804,-0.263553498831,0.394430126125,0.50713800211,0.348693713282,0.627089323554,0.313077117877,-0.714402992908,-0.334388566507,-0.311316640373,0.187292455535,0.252258586235,-0.508445585756,-0.515344416671,-0.620739198379,-0.506327094255,-0.742269667067,-0.483394832756,-0.477856741755,-0.683301950161,0.013931176931,0.462231513677,-0.523234630457,-0.0793436553048,-0.781553328114,0.814434917033,0.511858846674,-0.464305448779,0.503650920432,-0.71395230674,0.489793417001,0.530231551821,-0.962524253549,-0.398233974635,19989803593.4,01030331,0.03807615
260,600715.XSHG,600715,2011-05-31,6.22429214746,-1.21529891418,-6.92719313733,-6.90468369195,-0.125920508523,-2.09055949942,6.74913261799,-0.246180258261,6.90765417722,-0.199302198541,1.20480496883,-0.652956607932,-0.727407268343,-3.69302483748,-1.67378174964,-1.33141180588,1.36406514847,1.51784405107,1.48242376011,-1.28068509473,-0.839997719674,-0.922855390739,4.66698958013,1.64017756282,0.145864850749,-0.71188273878,1.5226902275,6.92623539999,-3.06152643823,-0.640609310837,-0.565461339052,-0.599595763747,-0.662209465315,-0.559466708704,-0.808132721311,-1.08633060674,-1.64017756282,-1.2245447496,-1.46621012824,-1.12570981139,-6.31210676588,-6.67024083533e-17,0.601866659553,-1.4627141222,-6.91746007078,-1.76331808343,-0.822766947363,2.53980160171,-0.77007535816,0.935775436382,0.0833205010794,-1.35739266424,-1.16336491389,-0.727132322531,-0.203146989199,4.30986167206,-0.647948282963,-0.569682752286,-0.598801897583,-0.668006881464,-0.542892304321,-0.0789649029255,-1.5604038708,-0.340665573938,-2.55120731343,-0.326750001212,6.92702662015,-0.286247158029,3.69302483748,-0.252926673025,6.92702666672,-6.75982464202,-0.306971020766,6.92649392222,6.92649400313,-3.28068626204,-0.663488119984,-1.66089517189,6.71022014548,-1.17241534468,-1.00318344944,-6.92644843488,-0.881138966186,-0.791575617887,-1.13991792847,-2.26939868837,-0.935300116247,-3.77144284394,-1.10515413467,-3.35439218317,-2.17444013692,-1.32440879725,-0.713705870663,1.1359618472,-6.91658753827,-6.91307284384,-1.64140675238,-1.88540294204,-0.310801923634,-1.27780821727,-1.94097942996,-6.76571592763,-0.369805606374,0.590778207407,-0.6668396929,0.583431095894,-0.777314066074,0.733049763623,-0.372526726571,-0.375079584453,-1.22564604267,1.22497337109e-17,0.0,-1.92028770385e-16,1.5230887468e-17,0.0231982195932,2.29941250791e-16,-2.73155817347e-17,4.92200928976e-17,0.0,0.0,-0.491865619625,-0.31557171719,3.58534814911,6.92612611991,-0.6549952473,-1.20122560035,-1.15024338193,0.661013446385,-0.243364828957,0.805531782487,-0.363781764821,-0.745810992083,-1.25596679343,-0.455716455151,-0.535516925677,-1.48657498936,-2.03419412066,-0.219524457908,-2.09653409295,-0.681280059931,-0.522400522739,-0.252609826535,-0.248656075126,-0.238155122971,-1.25822005032,-0.546509196005,-0.855720921085,-0.165197789864,-2.02804605166,-2.72256579379,0.247966228868,-0.617269108207,-0.0214917276421,0.656152176109,-0.621266011788,-1.82062459921,0.427994689899,-0.57194437802,-1.51387421362,-0.747590194463,0.237589642304,-0.688171655528,-0.686779143083,-0.682471848488,-0.681450094321,-0.583577800973,-0.546319801307,-0.426975165254,0.705247745282,0.631074350642,-0.430015062385,-0.436151096587,-0.499720594684,-0.445409499186,-0.617981962378,1.13253145197,-1.41848796743,0.518107777574,1.19273685331,-0.244006295503,-0.317454952861,-0.168722242195,-0.679082908109,-0.56348786142,-0.559443896715,-0.562605155277,-2.51258448988,-0.336287498091,0.0676902773623,-1.09074380887,0.386608935961,0.385834716171,-0.380038263117,1.82739183996,2.11116326298,1.95465753392,-0.699221761506,0.369725102519,-0.713720434989,-0.440506247831,-0.68998226409,-1.048882877,-1.048882877,1.048882877,-0.614353426259,-1.29389687106,-0.812773740418,-0.81202668586,-0.809380377342,-1.92239902682,-2.78823240133,-0.115061258027,-1.25972781454,-1.15963885887,-0.471004045662,-0.618086605558,0.27575088318,2.70450198063,2.12315164076,1.47832457369,-0.353381745688,-0.629001666289,-0.631305587862,-0.583754357243,0.317413599108,-0.633709624836,1.84421744242,-0.672003197767,-0.667891805982,1.17758570179,-0.457791316993,-2.18107681034,1.83482397244,-1.69780376355,-0.334648310629,-0.401117785106,-0.765955255846,0.438612657147,1.24061072635,-0.685488650407,-2.27049984804,-2.83747755883,-0.0518848358876,-0.560352435498,1811988480.0,01030331,0.0210396
292,601766.XSHG,601766,2011-05-31,0.0536223457676,-0.556457589468,0.155630998484,0.128560751553,-0.111531968809,1.82846930406,-0.00822611131941,5.10761176494,-0.175762679119,-0.229230694639,-0.386949024991,-0.0817895661825,-0.0472436054303,0.457420452984,-0.1534731237,-0.291063192268,-1.27934060509,-1.16384900822,-1.11077887672,-2.53096631531,-2.37187566476,-1.27787965387,0.20916137848,0.458172354092,-1.13774583584,-0.340405279382,-1.36105803629,-0.147176872894,0.266630075533,-0.844646426949,-0.86203699953,-0.858197688833,-0.825833024413,-0.856169598461,-0.242773966239,-0.394536475322,-0.458172354092,0.171873470174,0.237234999899,0.264263993587,0.0650732656276,0.0138296284461,-0.125322975417,-0.193238253272,0.148768145018,-2.04712474307,-0.430047857509,0.0941669874408,-0.00286289170691,-0.628892869659,0.256419867268,2.22211857062,1.32438909369,-0.685917391238,-0.106022834094,0.116204135863,-0.855506108786,-0.835197935212,-0.870535757198,-0.829029429518,-0.855772250628,-4.04272073362,0.15161168734,0.358087048537,-0.139263427522,0.153479237647,-0.145387794333,-0.28988341792,-0.457420452984,-0.00551803703207,-0.145386121875,0.0973790695672,0.20846096059,-0.145867112678,-0.145865424991,0.374286293439,-0.241471379495,-0.44752391504,-0.151296094221,0.273577375834,-0.420831458339,0.130876565415,0.881109595376,-0.27908397104,0.942916504978,1.06176454004,1.36260360453,0.159611778229,0.213688274282,0.304310092227,0.479966989688,1.00438313673,0.725632574003,0.103261535749,0.139256012927,0.202586196679,0.833580952451,-0.248268708017,-0.361707122246,0.202617975926,0.0652359276098,0.11534692644,0.100413538542,-0.158324940729,0.906580613817,0.21922701188,0.0250746472927,0.00636289827748,0.480090735038,-3.54675000954,1.33284261402,0.660720147481,0.219850517094,-0.0348563923534,-0.30430225788,-1.01755826852,0.0299869553244,-0.410269510262,-0.793469221481,-0.0368392018342,-0.0148329126798,-0.032496701302,-0.240071383416,-0.545808613237,-0.139951796004,-0.151325024109,1.51121930367,0.385243189222,0.0627096799246,0.877618715875,-0.80996422182,-0.419355357716,0.543931501151,0.380485931322,-1.06805857467,-1.14762880323,1.15363811595,1.10018557897,0.884104418089,0.820162534934,-0.80929987972,-0.923570188623,0.92059842039,0.833603073091,1.61647303975,0.338121134016,0.999531117771,0.557908598183,1.17688052371,0.792056488175,0.816369102274,-0.979166011592,-0.773289473005,-0.846642570955,-1.3327685393,1.06272081084,1.02298813082,-1.21190393448,-0.793909776549,0.846070097699,1.08328057768,-0.445429235548,3.44014040602,3.42282459725,3.42132720712,2.95552630466,2.42365882379,2.96295104248,1.45220640539,-3.79485236983,-3.489483771,4.00026437593,4.00616590677,4.06159509974,4.04383486727,2.89009057854,-0.688337809035,0.310509564273,-0.221178548401,0.67161488367,2.24750610676,3.9477256611,1.42273373355,2.95463249617,1.77708288237,1.79292735576,1.77116923831,0.638693429153,0.847984099915,-2.394664072,-0.630009035871,0.57279479534,0.515321462712,1.64057258203,-1.49256128244,-1.98396158025,-1.36990807824,-0.461188821419,0.145082002254,-0.544958952824,0.723127928604,0.918848858341,0.116856355532,0.116856355532,-0.116856355532,0.846434674329,0.793737616025,4.12841386466,4.12158438722,4.12032037956,1.06906479547,0.564031745307,0.100928499253,0.745783222545,0.829576946108,0.728263519864,0.928780406636,-0.0698240661283,-1.14264456289,-1.20002529139,-2.01137399389,0.452034457394,0.625367900443,-0.84910464995,-0.860173154399,-1.27811374128,-0.84500607448,-1.11561175959,-0.803882013463,-0.798664376167,-1.14085153775,0.379357566926,1.55692508756,-1.22473148761,1.01000089783,0.23196135062,1.31270431531,0.799774268529,-0.860708519674,0.36117221174,-0.695466919028,0.887687584658,0.697664138972,-0.0518848358876,-0.0108243754701,78617600000.0,01030331,0.07878788
299,601989.XSHG,601989,2011-05-31,0.0395096842625,-0.545933230357,0.158164025993,-0.225415432778,-0.128652563947,2.20384331666,0.36851020113,-0.246180258261,-0.210679512613,-0.386382116801,-0.0258167938688,-0.253139678707,0.0,0.89655060555,-1.19919823722,-0.0448635601315,-0.311060109279,-0.435630634361,-0.341367105351,-0.338311232697,-0.175464751949,-0.173055925063,0.233400464361,0.672951932691,0.982156661712,-0.132100161963,0.0,-0.133386643628,0.048716909051,-0.339422457815,-0.426585302071,-0.347863902115,-0.337687919761,-0.371415581394,0.0999764402806,-0.407093336112,-0.672951932691,-0.892844234056,-0.477527151859,0.0,-0.0287687949768,-0.318871924183,-0.411915243898,-1.08952045957,0.176329262246,0.676112185163,-0.0373287676554,-0.511440825012,1.5318046199,-1.12131085992,0.332469601472,2.48653262794,1.52103923528,1.67487387321,-0.106303662256,1.3604761521,-0.333833335244,-0.416131050777,-0.356665898459,-0.329547976755,-0.353300894131,-0.299998970637,1.00279344089,2.87757313039,1.18285162668,-0.303459207303,-0.137249443333,-0.378149056058,-0.89655060555,-0.229605803101,-0.137247772747,-0.0111733905841,-0.194746949201,-0.134489892629,-0.134488207527,-1.08785139552,-0.0688168101173,-0.630541479525,-0.201029486415,-1.68307856948,-0.135481330751,0.159028763818,0.293928374664,0.174078189261,0.0507690893154,0.424924511082,-0.579954180044,-0.328097539619,-1.45028645827e-16,-0.238796335881,-1.76635333774e-16,0.278208130282,1.22723195125,-0.0894140406222,0.110598422859,0.0714792848066,-0.100330613076,-0.141225315792,-0.5013461533,4.69386703351,-1.47373742318,0.240543143455,-0.338464172504,-0.201751210187,0.104444771177,-0.314071825425,0.217647938501,-0.235866056838,-0.159372361169,0.392078892728,0.747417052087,0.576688408025,1.45641046523,-0.00718212999342,0.348491399973,0.667476045568,-0.561941044893,-0.98540533835,0.370285636691,2.40336416914,3.1841652896,0.344025772901,-0.310113861736,-0.14011624418,-0.111177262739,-0.251030291081,-0.387492129146,1.11716490914,-1.5120709884,-1.28528603936,-0.783540429307,-0.419858397193,0.0257979561809,0.112357221813,-0.226012300308,-0.232375805366,-0.400643626657,0.09131167988,-0.682528592527,-0.00578945193651,-0.314537982561,-0.393826913702,-0.861797853511,-1.10805431811,-0.691216041629,0.0434983085356,-0.354857229462,0.209192151698,-0.853095782383,-0.668680385371,0.379121327056,-0.215157402857,-0.0951810283014,-0.419273608283,-0.754389715479,0.413941851403,0.105530191184,-0.568204871073,-0.341221377683,0.388170877445,-0.583122315731,1.1572006263,-0.0874358745865,-0.0827671090012,-0.0761740457589,2.40738355012,2.71335680752,0.934083693256,2.41313267159,-1.03151075839,-0.881151817249,1.96441528175,1.9360495748,1.77839417917,1.93890048011,1.0982452102,0.580217203162,0.12246149436,0.0381192353617,1.07205287526,1.66444544486,0.54290610306,-1.84306069011,2.41408280389,-1.70262031813,-1.71077294375,-1.69896798292,0.79833311802,-0.0759598577149,0.929185635152,-0.342804231918,0.543688850962,0.471592814726,-0.0735028297295,0.299874381397,-0.933644463046,-0.668724048824,-0.699221761506,0.369725102519,-0.713720434989,0.47169052626,0.495965477536,0.070255029459,0.070255029459,-0.070255029459,0.209415225314,0.84081680567,-0.358087033455,-0.353074284518,-0.347160155907,0.0778105111567,0.627884395719,0.74816322917,0.966544902596,0.454577421897,-0.430992413629,0.285386160488,-0.13039563936,-0.542652565623,-0.0367516694757,-2.36665544083,-0.0467981357644,0.527272230396,-0.341401159231,-0.35099115238,-0.181311412532,-0.343452747654,0.128861882161,-0.335133000103,-0.348713890156,0.385243733044,0.681796057662,0.670807570252,0.310682340992,0.700453791582,0.270902803549,-0.0121000786679,-0.162658796237,0.108276764735,3.55703174752,-0.748799324989,-0.00796438489183,0.439028435243,0.776036925996,1.3688485417,1.03865696625e+11,01030331,0.22377363
308,600184.XSHG,600184,2011-05-31,-0.623899145674,0.854601339888,0.172061447189,0.150244209739,-0.115367311337,-0.406450811588,0.124273038861,-0.246180258261,-0.178448589388,-0.30689460566,0.743274980503,-0.652956607932,-0.727407268343,0.307051643166,-0.419742438527,0.118166112241,0.35705343283,0.581563284678,0.456541398287,0.376877756041,-0.171149602808,0.543722918982,-0.179847214589,0.103235945806,1.42947553734,-0.479275357662,0.567086273812,-0.145009449826,0.560415424566,1.89016252589,1.98998093716,1.86260796148,1.94980095396,1.9747122859,-0.429233376997,-0.44693081039,-0.103235945806,-0.265668805322,-0.582387467536,-0.42897231217,0.240517118062,-0.193341880794,0.580448732015,-0.652441392836,0.156586341596,-0.570209823474,0.699019525821,-1.0033521516,0.132798944888,-0.718118275407,0.274029384892,-0.0278219429822,-0.901130134045,2.19583060476,-0.111914926864,1.26581681953,1.84489332038,2.22197335494,1.81149174463,1.95207095676,2.02670991378,0.625754421383,1.34009863825,-0.0665613947968,1.28393719947,-0.25203991711,-0.146217691967,-0.301706341142,-0.307051643166,-0.201099563013,-0.146216019319,-0.0663695567627,-0.206847978982,-0.148218224659,-0.148216536438,-0.748643380578,-0.222881654514,-0.46776143419,0.0199295663226,2.52659285203,0.122044359053,0.153112656582,0.293928374664,0.0313996292642,2.50504233007,1.12649827925,1.68241494711,-0.0093236782549,0.0673824602935,0.143030848623,0.154768705896,2.2447181275,1.58164386644,0.298995454603,0.131126782507,0.181271269289,0.0239069968865,-0.456058822336,-0.534738095509,1.2542324658,-0.32566851288,0.108875551406,-0.252983096638,0.54735193795,0.104444771177,0.830569581474,0.466388439645,0.648796214018,0.787980373953,0.714084299627,-1.22564604267,-0.390735819315,-2.28581043044,-0.909363082929,-0.187528140201,-1.46359676342,-0.729080966578,-0.145730648883,-0.959719915506,-0.0575024379263,0.278233408906,-0.382761308889,-0.27645708644,-0.402521521187,-0.131442254154,-0.296946674994,0.426241342061,0.952579337203,-0.218702738532,1.61989160367,-0.0876379627031,-0.383154919293,3.9777776999,0.11772805883,2.40906151827,2.00588090667,2.00812193556,1.87659176587,0.951992432155,-0.0539994527196,1.84432823021,1.77666083902,3.2281898347,2.53284551074,1.56948041558,0.489298384191,3.01290747187,2.87438560902,2.98192792246,1.81337567495,0.989285850535,1.6595819986,1.71111454187,1.21261833841,0.939393519801,0.411824411187,2.3712964841,1.4698397268,2.24736648738,1.10680938481,2.96784678189,-0.29333431017,-0.833537524621,-0.83514124842,-0.836382231494,-0.578082564298,-0.501930936772,-0.592963492827,-0.211817987886,0.573540526974,0.544185206299,-0.7656845826,-0.764741225814,-0.747393344746,-0.75769902147,-0.358824469352,-0.262112064425,-0.0221485711,-0.434992800446,1.29477183081,-0.800557006968,-0.684008472858,1.09589176752,-0.57686442233,-0.717491572389,-0.72363963507,-0.718715494806,1.09550994396,2.05333999361,1.0964758599,-0.929686318078,1.70476794651,1.1415903085,1.21861466019,-2.23623938421,-0.555257753027,0.722427414561,0.728975879017,-2.32599210066,-0.713720434989,-2.48621001411,-1.32137878003,2.76677721543,2.76677721543,-2.76677721543,2.83401008891,0.348846891876,-0.783414103774,-0.784768996583,-0.786263500116,2.14882392659,0.372473794071,2.88844623716,-0.182348629503,2.16582861998,2.24600204846,2.49645370042,0.518101866287,-1.25451869442,-2.09500101135,1.13322311091,2.02443096778,1.49030021833,1.877140137,1.87276970936,0.303669209023,1.88933109549,-1.6941238309,2.01858692966,2.01574109711,-1.91366395093,-0.669809444337,-1.60735301611,0.814503562245,0.627763044453,-1.01693021667,1.50891490827,2.19408046608,-1.08827324556,-0.41251419163,-0.085514136252,1.78646029278,1.4749324907,-0.217320147443,-0.698226328452,7351346300.43,01030331,0.00655084
312,600213.XSHG,600213,2011-05-31,0.770511510293,-0.869584680231,0.131190706035,0.20399502273,-0.119539133156,-1.18059911103,-0.245999900409,-0.246180258261,-0.20508386622,0.0433438881019,1.69930138489,-0.652956607932,-0.727407268343,0.822696898073,-0.450138479032,-0.412197549088,0.802462460902,0.801184699016,0.826998917833,-0.197046883489,-0.639774799528,0.711560218732,0.121873624304,0.597850832824,0.301454024882,-0.61502085918,-0.768935341058,-0.161481865138,-1.54170855565,-0.289462833548,-0.102263421433,-0.248363769602,-0.312999187208,-0.150597762861,-0.662739567092,-0.409482473343,-0.597850832824,0.224794350147,-0.811368156872,-1.12921100485,0.0609931760361,-0.0459351388464,-0.293606691785,-0.251006665663,0.0957781459925,0.161245827288,0.649929639589,-0.850209946154,-0.623498686897,0.314940475145,0.271135870793,-1.0265190593,-0.801715445051,-0.727132322531,-0.10713025081,-0.558866367439,-0.286071785045,-0.0292945908782,-0.234381281811,-0.321594894237,-0.134121274367,0.406120443639,-1.07402206559,0.0,-0.515807186188,0.323447172639,-0.157996884203,0.626230617313,-0.822696898073,0.0937485620823,-0.157995208847,0.379799453181,0.248637976958,-0.162081678068,-0.162079986697,0.136915016363,-0.0935281515231,-0.747567133739,0.193254579248,-1.70360883599,3.53164850141,0.150596671622,-0.881138966186,-0.17271151475,-1.15727488209,-1.41386359452,-0.305153322714,-0.613084309687,-0.896145828975,-0.508924821635,-0.694183369601,-0.637756895139,-0.745080040205,0.067241057627,0.194354130221,0.161100975155,-0.575466756864,-0.374202110634,-0.588445415145,-0.358838939278,-0.201645012796,-0.0305079108773,0.266640302292,-0.61430077003,-1.07562045886,-0.912407106305,-0.825457388876,-0.551816867857,-1.24882800656,0.428302503765,-1.22564604267,1.22497337109e-17,-0.365888405706,-1.37982554305,-1.1234770834,-1.46359676342,-0.788108076467,-0.490182291303,-0.848886119489,-1.44471284483,-0.452577544921,-0.387840385279,-0.30511082757,-0.235065522045,-0.10126408512,-0.440884159394,-0.658736619548,-1.05488056525,-0.0711426451864,-0.259343305994,2.27774704981,-0.385160942571,-0.534829994635,-0.740779581169,0.210334561866,0.404673963492,-0.691324331546,-1.34787479283,0.30278867675,-2.01885587653,-0.338040143839,-0.139810215716,0.217485780619,0.109296408103,0.461707756566,-0.593553985349,-0.77870224121,-0.901411063295,-0.49269207916,-0.497883576854,-1.3519318168,0.382641096406,-0.171097914214,0.385495022964,0.750754784902,-0.20245365431,-1.1211262806,0.307463004415,-0.451646775015,-1.13918773333,-0.690923068644,-1.20308728974,-0.774844047736,-0.775869911524,-0.776052763199,-1.00110910847,-0.829891004019,-0.965915528336,-0.805011889527,0.624942858491,0.62806072487,-0.754915178285,-0.759968352802,-0.762719553536,-0.734056279951,-0.228026230676,1.37466263286,-0.496117682987,1.14256537992,0.548674020201,-0.821057480345,-0.698407520636,0.800365124679,-1.00122136845,-0.78315564263,-0.782266258943,-0.781867328298,-1.84236367674,-0.387793420423,0.526505903592,1.31706004835,-0.636572783613,0.00435304082878,2.19346844435,-0.108981193751,-0.211494306036,-0.189914407297,-0.699221761506,0.369725102519,-0.713720434989,-0.856170782337,-1.05359168626,0.0420118015358,0.0420118015358,-0.0420118015358,-0.716178025562,-1.51024783965,-0.746892522406,-0.747996511422,-0.748396679051,-1.62148254766,-1.95814794597,-0.460238576174,-1.58620635546,-1.16064963926,-0.150910989399,-0.954988319025,0.844118817403,2.02377152562,1.21664292937,0.339184346992,0.0423759226196,-0.359622760355,-0.280138114215,-0.228675549121,0.30641808704,-0.285606208448,0.808277221714,-0.337855223661,-0.321660561626,0.689346812598,-1.28743423234,-1.49977245528,-0.311449223535,-0.588361115608,1.26506196722,-0.505944953596,0.348201659515,3.55111084343,-0.621239710899,0.127481680523,-1.25938055141,-1.52115795091,-0.962524253549,-0.279467384575,2567400000.0,01030331,0.05055698
368,600741.XSHG,600741,2011-05-31,-0.235686805953,-0.262405899596,0.142212798708,0.143799279272,-0.114461405555,1.33661105336,-0.258241137491,-0.246180258261,-0.0762720862465,0.272688420923,-0.75107820409,1.41276419306,0.981296567755,0.0302665773058,0.561543069121,0.0980977388655,0.0375208692126,0.153879477809,0.114580611013,-0.0527248643853,1.5816639783,-1.4633840378,-0.366863425317,-0.651601860494,-0.00972432338329,1.91623349266,0.193182613678,-0.134361984008,0.539357022878,-0.483072393441,-0.502124227933,-0.488758096739,-0.475294649091,-0.499250288659,0.940439244013,1.26013552113,0.651601860494,-0.0637504478037,3.11768367136,3.10023069896,-0.0654896013002,-0.232416533247,-1.0340550438,1.63900085323,0.134079412054,1.01219901895,-0.847311890479,-0.903577684416,-0.859041398319,1.57303076999,0.0480137835858,1.17860873076,1.02531484141,-0.713943544517,-0.139881172944,-0.433069096529,-0.48803378568,-0.473196654364,-0.486561671604,-0.477073178258,-0.513754368934,-0.792824317942,-1.01852956939,-0.0324759010175,-0.0173289553365,0.0176245853832,-0.132564537331,-0.0819868607974,-0.0302665773058,-0.085718428923,-0.132562867821,-0.0461309624972,0.0555806239537,-0.130409227005,-0.13040754283,0.381471854018,-0.163739343991,1.94754248173,-0.248517368783,-0.280764280704,-0.569387242174,0.12690963047,0.881109595376,0.285320976536,0.342365909999,-0.152430460229,0.497928493104,1.51697144597,1.12287440407,0.489524771278,0.742798479328,0.306388571193,0.464181161153,-0.357868547383,0.154529112505,0.219322591046,0.899231595843,-0.405685461289,1.11687873835,0.0289400951375,0.826407618752,0.261948460877,-0.0131381361957,-0.809718982587,-0.605136935774,-0.847370662731,-0.98593513155,-0.699260579667,-0.739625911431,-1.10584205732,1.49747757554,0.664957041907,1.5865746703,1.81378433329,0.0183630672859,0.469236714499,0.960647721237,-0.0819578876573,1.53404049486,-0.501692674186,-0.349695190677,0.607754418614,1.02524143922,0.0446032600282,-0.15091770045,-0.099337807521,1.51121930367,0.00427599770236,0.190111290572,0.384983592693,-0.579211619964,1.44021595188,0.0668013302432,-0.577175622825,-0.750660231252,-0.856470825494,0.457506865768,0.241448950863,0.464783222243,0.627558277527,-0.463831398531,-0.505793947245,-0.0748137907365,-0.13280015611,-0.10251591387,-0.113313635424,-0.142810328109,-0.469074084382,-0.0418510233463,-0.241998204403,-0.0611402828089,-0.700124035742,-0.780865212671,-0.544196843526,-0.790644607472,0.198994119087,0.563414356271,-0.763795447613,-0.803543138537,-0.595110962091,0.289940816226,-0.0173101863373,1.57712289017,1.57931005902,1.57886715386,0.04157399496,0.0342709323839,0.120660848937,0.09410610797,-0.862655695712,-0.634402439331,0.123606465239,0.124283424369,0.246524394152,0.206836384091,1.39431760132,-0.506462494662,-0.61433503688,-0.340370608545,2.41225003531,-0.0764541619732,0.119931902875,-0.559507472955,0.0432253026568,1.7978816888,1.79535777123,1.79860839086,-0.139300157227,0.157624018126,-0.681182715631,0.0234842665334,0.538537356382,0.4757736307,-0.394789637621,-0.350455938461,0.580715019628,-0.311858179247,-0.104139411288,0.369725102519,0.130086975835,0.491850822484,0.529702434232,-0.363984599861,-0.363984599861,0.363984599861,0.548094543094,0.138285597091,1.73537447788,1.73466790004,1.7334179845,0.396427959685,0.0532105420101,-0.511381057626,0.071060904641,0.44446961801,0.393030927156,0.531860573191,0.134898794768,-0.611352736537,-0.465537381196,1.92624387642,-0.0210120284686,0.102233680933,-0.484718186468,-0.49124675814,-0.68278530219,-0.483164843623,-0.496738380991,-0.458954431474,-0.455909864795,-0.476846648445,-0.303792878114,0.745558347962,-1.37164318715,-0.795235778518,-1.97906061137,0.548623168364,0.421506441263,0.291796704964,-0.0907319398093,-0.471907127196,0.570932619817,0.362798964671,-0.879806597771,0.397836749028,26193649774.5,01030331,0.12173287
369,600742.XSHG,600742,2011-05-31,-0.748132625874,1.95724721433,0.120168613362,0.104197586209,-0.101490659599,-0.178265816845,-0.349120081592,-0.246180258261,-0.157520871877,-0.363533479995,0.871019887986,0.508416376959,-0.0306542477983,-1.63044381785,3.76508309812,0.0173070192442,0.0472036741707,0.48909111022,-0.0184041395928,-0.000132942169403,0.615933600524,-0.735037460066,-0.606752621147,-1.50689336725,0.0875189104496,1.2913181404,0.607473080308,-0.137829860916,0.567538119254,0.96224800518,1.22001653384,0.997086104748,0.948009295898,1.12806796336,2.26545729481,0.588676836833,1.50689336725,0.10693739041,1.85507987035,1.60522109008,-0.018568570998,-0.569173498585,-0.00395471937042,1.80461697465,0.0598460304089,1.51772963144,-0.0618737107712,-0.922140375986,-0.876533615664,1.73957681152,0.194910772098,-0.355847281597,-0.0686618301709,-0.550732416598,-0.144697640865,-0.829143672267,0.965600028644,1.27870042648,0.980191888484,0.941153542968,1.1440512791,0.118640571281,0.411550937645,-0.853368209535,0.45545669243,0.0645054125228,-0.134438499732,-0.120848118739,1.63044381785,-0.0883244098267,-0.134436829792,-0.13352489228,0.113849278905,-0.134489892629,-0.134488207527,0.887434429999,0.199072620502,1.02541552221,-0.223648458179,-0.149543199139,-0.578564860737,0.128441230661,-0.881138966186,-0.120576835341,-0.178342698364,-0.0177143002561,0.564259734529,2.55555725236,1.75616957033,1.06796446124,0.709069498817,0.208152618675,0.737639972222,0.580023147124,0.23171574478,-0.051986426681,0.763100000646,-0.399388791158,0.147811884042,0.291996066624,2.29966253978,0.204701681725,0.036949575877,-0.364599720651,-0.296623150143,0.0501322585882,-0.384143596524,-0.425436543449,-0.206739997925,0.119781614637,0.6293093623,-0.140052899092,0.480178927228,2.14034062914,0.0877251371855,1.41087353708,0.391812783309,0.112116009158,-0.183883343391,-0.562850305841,-0.279705512189,-0.191002217294,-0.120453384728,-2.06327070856,-0.12065180418,0.984351519476,1.51121930367,-0.0707556600938,0.354604509384,-0.273454168831,-0.476477737005,-0.191901764187,0.564805946128,-0.753173820438,0.788084510113,0.618751186276,0.463379504355,0.340821028992,0.656191530117,-0.984976160122,0.962327590455,0.993632555719,0.123393115496,-0.00326948776352,0.101991294976,-0.0983632163076,-0.430116493693,-0.565206088016,-0.367953776466,0.669915294945,-0.0647020873914,1.09773934865,0.25322325169,0.512390730342,1.80327961806,-0.71204830925,-0.168186542188,0.889457212595,0.250394431668,-0.453020696325,0.292912509985,-0.959453751869,-0.595369354382,-0.595621174377,-0.595489246281,-0.187023147505,-0.477423711347,-0.0566347097396,-0.658613056818,0.394473710265,0.323568294996,-0.657852652349,-0.648054840553,-0.60183855131,-0.669215439387,-0.482220430888,-0.683544077658,-0.507389570218,-0.0405047735372,-0.284772383031,-0.751838027624,-0.489029495823,0.805428081123,-0.185645180169,-0.404489837485,-0.4061505075,-0.404419549618,-0.0359418054936,-0.22653026409,0.425408706867,-0.786367296212,-0.344821955035,-0.0920823401098,0.30579149735,-0.208719880106,0.409208361947,1.77638609462,-0.699221761506,0.369725102519,-0.713720434989,-2.09568921984,-1.99002651899,0.0518969313089,0.0518969313089,-0.0518969313089,-1.04627995841,-0.821581376244,-0.409627438209,-0.410740804325,-0.411478578154,0.0247076030687,-0.713021262935,-0.917295811106,-0.788665919785,-0.915030004803,0.0761820572743,-1.18145669174,2.46557821546,-0.0304896400732,-0.413327217297,0.0643247748656,-0.715151795484,-1.18062973252,0.968732334055,1.01961552145,0.539287324759,0.966120419462,-0.439559862316,0.935598969455,0.944848075618,-0.482426521464,-0.915274468103,-0.822238343954,-0.509506673653,-0.41468115857,-1.12914611949,-0.8796470023,-0.390907535273,-0.266103913332,-0.170816131009,-0.264852581522,0.360282766352,-0.651325242054,-0.217320147443,1.04978228587,5203475640.0,01030331,0.1902439
403,600006.XSHG,600006,2011-05-31,0.453603010286,-0.769411418372,0.12852075812,0.164139745461,-0.116900368338,0.896918607394,-0.343440147585,-0.246180258261,-0.196802309558,-0.387133010969,-1.18263871265,1.86969782646,1.89371123752,0.242512817713,0.0346783670283,-0.362440396543,0.695951606363,0.835861764438,0.684515256469,-0.834265289873,1.09491515518,-2.10928422268,-0.0792059891116,0.112324613943,-2.44080516921,-0.287634649636,-0.260191859238,-0.15817654496,-0.10860173885,-1.03834469006,-1.04650452396,-1.04601480281,-1.02554316529,-1.04872739767,-0.160907254173,-0.0288873564653,-0.112324613943,0.0667967229473,0.553955953373,0.729922724222,-0.0797699148704,-0.191652125498,-0.445571987171,0.312528341899,0.0991739283443,-0.618755699466,-2.59000285171,-0.170351367424,-0.538967854324,0.0821092539761,0.258611923404,0.170607277772,0.506760351951,-0.727132322531,-0.143436563455,-0.890174031422,-1.04623705182,-1.06255936067,-1.05395294923,-1.02790626145,-1.03963132405,-0.415353109896,-1.34187327885,-0.725547607863,-0.46652796945,-0.18705511098,-0.152535622348,-0.0418254875873,-0.242512817713,-0.151718884053,-0.152533948248,0.337482392444,-0.104608255422,-0.153677128341,-0.153675438879,0.0876072041102,-0.316055155123,-0.703572526892,-0.257836013113,-0.630098550201,-0.511570266093,0.12601267957,-0.881138966186,-0.22683860229,-0.0151873344106,-0.159428702305,0.097572071649,-0.228205269699,0.115454370604,-0.0968933971623,0.0809467862872,-0.887317068262,-0.913183615282,-1.31173158596,0.190823252362,0.180126636033,-0.114146333917,0.532518388211,-0.541042867814,-0.203239808653,0.307071734719,0.0254943730758,-0.251713817384,-1.00513719514,-1.26844157488,-1.19856745803,-1.48341613384,-0.973084615884,-1.59224337304,-0.470572843915,-1.0042580354,-1.38569986043,-2.12310517411,1.08871865946,-0.842077799823,-0.670639439149,1.62848251365,-0.0642432317613,0.647370126732,-0.196459233659,-0.291576553063,0.943069291924,-0.403807047021,-0.542355912223,-0.166884057323,0.0146110690183,-0.116247638744,-1.44504518579,-0.50334051422,-0.598211526784,-0.0069998372766,-0.277216032472,0.233051374169,-1.17870936866,-1.36816083245,-1.47765102716,0.0863680312008,-0.0358935730735,0.134578723135,0.294230661215,-1.00933915414,-1.09142348905,-0.0916473096233,-0.214406686995,-0.422215149819,-1.27910386988,-0.92247971948,-0.878479155216,-0.75525912366,0.0504269581843,-0.196021470822,-1.15175881621,-1.16834436041,-1.0774218108,-1.26649006488,-0.574603611774,-0.00936325245333,-1.41388372644,-1.26395414991,-1.5018395704,0.136539934942,-0.508802121122,1.79308266753,1.79526278206,1.79635491293,-0.840994563732,-0.692480138184,-0.857066663699,-0.372421094215,0.0960117378661,0.0358561136424,-0.224434451229,-0.216027268724,-0.184127591702,-0.274042578774,-0.316505009528,0.142715685623,-0.895582369513,-0.440252698207,-0.672015909771,0.0200706264557,-0.321061164285,-0.868160299169,-0.841692394081,2.19143593502,2.17965725174,2.19086171355,-0.187919682328,0.693462369704,-0.187243811042,-0.479926425135,0.565216675682,0.507702735682,-1.72771510542,0.193937532169,2.31191724035,2.02971867744,-0.699221761506,0.369725102519,-0.713720434989,0.835708459203,0.937591612061,-1.48806507121,-1.48806507121,1.48806507121,0.616968396334,0.636806983877,1.22856349473,1.22866635677,1.22795944687,-0.0106943356566,-0.0744947588141,-0.803407381248,0.607418507583,0.720412664127,0.470350702571,0.768732086699,-0.473447671591,-0.318620677995,-0.377013879421,0.0429468081447,0.333946596759,0.432954396205,-1.04110409369,-1.04699662872,-1.20350133797,-1.03793619869,-0.0561274429643,-1.01259906636,-1.0073770031,-0.111364965678,-1.19346744634,-1.32798751003,-0.362299935842,-1.3933351308,-0.0847547857716,1.1782668752,0.441963589658,-1.77096742321,-0.461169565482,-0.51212596168,-0.0891035877082,-0.00745846382462,-1.70772835965,-0.81215226475,9060000000.0,01030331,-0.0054213
422,600316.XSHG,600316,2011-05-31,0.704487133211,-0.851797417044,0.173636031857,0.241593400567,-0.120907581582,0.144231332949,-0.348630432108,-0.246180258261,-0.0648569676042,2.70515644069,2.23425659862,0.0800410956466,-0.362441400439,0.607123914086,-1.21196457423,1.95721529717,0.211811358458,0.385059913954,0.209569718589,-0.461535329517,-0.763188064963,0.409957853016,-0.658171937221,-1.73267501781,0.593183726381,-0.600786676156,2.66459461115,-0.148992089713,0.0803045115823,1.47922022291,1.38410240781,1.5113566694,1.4116143356,1.42277699222,-0.639481978437,1.93209425741,1.73267501781,-1.03684662854,-0.734327924946,-0.477989020658,-0.353135917501,0.868372676436,-0.890248958906,-0.785128661672,0.124602810142,-0.315810761786,1.58263747799,-0.998711478709,2.29182903292,-1.20490987337,-0.357385078165,0.942677336705,1.10231452746,-0.727132322531,-0.14852326225,-0.784305041052,1.52220730239,1.25669310366,1.57817378615,1.4214838934,1.38311223606,0.209298766976,-0.505414301723,-0.917278510371,2.27878771174,-0.438615634482,-0.142576850731,0.22382462747,-0.607123914086,-0.312598317389,-0.14257517892,-0.0718891733806,-0.335725943017,-0.141651325676,-0.141649638947,-0.288767503487,-0.174858198314,0.713933705729,-0.131804005963,0.283115379707,0.973395747221,0.207463358656,0.293928374664,1.41357742498,-1.01668355783,-0.930984891238,-0.935300116247,-0.40154773809,0.163526280915,-0.49182808203,0.0293987217331,-0.475622260371,0.667919595462,1.74117384282,0.164382725136,0.123018717364,-0.545342252776,-0.481245502859,0.671808515624,1.11529016117,-1.33548828739,0.143721416977,-0.483503736411,-0.777149280494,-0.720829605385,-0.782334219157,-0.98593513155,-0.75191904817,-1.02383173197,0.16769433057,-1.93122444919,-0.996611722277,-1.01670943104,-1.1528965917,-2.44881941902,-0.571519773614,-0.980515743438,-0.904311580248,-0.738052323473,-0.325431109938,-0.0286824603665,-0.378784296245,-0.234613527963,0.348440949194,-0.178551779653,-0.493236931498,-0.658736619548,-0.220818975686,-0.71782677012,-1.33550411005,-0.575111376298,-0.216820622156,-3.19706724512,-0.135527563557,1.52878179145,1.64347181092,-1.13341179473,-1.06124704982,-0.836469369749,-0.145468794059,1.42671762108,1.71097548855,-0.631549524603,-0.928472555226,-0.65377841164,0.727216729013,-0.855904444337,-0.793934677384,-0.744530963025,-1.34930342364,-0.656348450394,1.63322383162,1.36358745279,1.23826047617,2.3046167964,-0.361749705099,-0.965682209792,2.36271819157,0.893839320806,-0.705623727231,-1.2884384586,0.755839017664,-0.393041252095,-0.392212830434,-0.392017527765,0.396623653398,0.0401442522477,0.178116697997,-0.0450116927947,0.270879266761,0.191216387092,-0.558460706261,-0.545879054729,-0.488318260187,-0.591224981814,-0.474914581886,-0.808249848185,-0.612685492407,-0.767657924258,-0.348654118657,-0.543480425215,-0.510719073436,0.332510445818,0.397786350941,-0.448131613351,-0.440253618812,-0.445846853202,-0.599922207808,-3.75150348344,-0.283038554016,-0.383074234683,-1.45457589669,-2.05279019306,-0.88588877991,1.27536986118,0.131675286749,-0.744763952851,-0.699221761506,0.369725102519,-0.713720434989,-0.350124695096,-1.3668299578,-0.729028320768,-0.729028320768,0.729028320768,-2.80523834103,-2.32704892601,-0.359689506688,-0.359265462312,-0.359465340154,-0.771836018251,-0.138347409226,-1.718623664,-2.03394835444,-2.28766977267,-2.95821360446,-2.72272201273,-0.176368794977,0.430148157291,1.03188128967,0.648655865237,-2.75211526319,-2.8189298721,1.49368140141,1.50301531298,3.76882629777,1.48060403331,1.06053539234,1.34994325216,1.32120442111,1.16363601924,-0.108181649912,0.992931902868,-1.34734591848,-0.400318525792,-0.453316051802,-3.08544206392,-3.01472623496,-0.831345329237,-0.414485948199,-0.322236210589,-0.589982128171,-0.67582757188,-0.879806597771,0.48863062372,20430592446.9,01030331,0.13127413
427,600418.XSHG,600418,2011-05-31,-0.201947177505,-0.307764791081,0.123317782697,0.097767971224,-0.0959459203427,0.84035717102,-0.287718036386,-0.246180258261,-0.0979831942524,-0.0774428022428,0.326324593326,1.25093353123,1.61169215777,-0.239199652678,1.85803551681,-0.545538442292,-0.0593071803683,0.0498482815438,-0.00890522883525,0.854791560829,1.35123501416,-0.403358986751,-0.0320462613519,0.384506307089,0.515389139314,0.284510072875,0.432897852231,-0.152839265657,0.270243036607,-0.493578796966,-0.469875927649,-0.48675111191,-0.490171320132,-0.462923781858,0.718761199006,-0.665286840949,-0.384506307089,1.41897920717,1.23233799561,0.775438239246,-0.0654896013002,-0.334199882218,1.1199765257,0.0227430055224,0.12333926322,1.15643628512,-0.356413028162,-0.0311311806529,-0.920959309931,2.25648047469,0.261914621315,0.505183628937,0.682240768537,-0.554029611101,-0.181528519323,-0.665980875343,-0.496033451266,-0.476970102905,-0.497812946425,-0.493218234384,-0.431232965001,-1.42142994774,0.52883015486,-0.459964802166,-0.107042401193,0.225346548188,-0.149430198941,0.053021984096,0.239199652678,0.0420012269962,-0.149428525554,0.17557363832,0.177669231346,-0.149650511269,-0.149648822722,0.058121627939,-0.0962016737985,1.27266521269,-0.223506729748,-0.283217941956,-0.56351422067,0.125835550611,-0.293957745473,-0.373169910526,0.0264693542585,-0.554829379627,0.0620374780287,0.501889703104,0.525110649772,0.776749996636,0.326595587743,0.25642187313,0.98514730972,0.739056956192,0.165696540153,0.0362740781735,2.37512454095,1.1432953909,0.396266614881,0.0523002779336,1.91657218088,0.0742785848748,0.149524881959,-0.342886585922,-0.196356169813,-0.275049959281,0.0491463086937,-0.27799283164,-0.159372361169,-1.1241073349,1.72346718111,1.28636822443,1.5865746703,2.23443312116,0.150502200449,1.50999320261,1.87774260751,-0.388618264167,-1.01513681351,-0.159986541765,-0.187704945412,0.387629164543,0.92972896878,1.29966007834,-0.163550422372,0.012443847031,1.51121930367,0.544988009046,-0.3074000624,-0.651127262425,-0.557571445061,-0.136641037308,0.294183677316,-1.17870936866,-0.537341841747,-0.550091018,0.284487605059,0.179824773001,0.572283520468,-0.76532850025,-0.474892441812,-0.517195338451,-0.331033691879,-0.423998462183,-0.483894153941,0.04892632145,0.00219925775263,-0.408406300906,0.0694927020873,0.471831169466,-0.560776046891,-0.349643153502,-0.821415356039,-0.52381463146,-0.428095687546,-0.391047521032,0.031187374713,-0.322018615669,-0.493683263689,-0.452160674806,0.157751680049,0.213648774421,1.25748888688,1.2576341034,1.25571593409,0.489358972022,0.297545786816,0.365738509774,0.999445183743,-0.685087281067,-0.365198548855,0.551737837025,0.527877352989,0.513512189673,0.779399655104,1.75079690137,-0.36292557219,-0.17610605524,0.926275628617,1.38927752182,0.822104271685,0.311349122268,-1.08886769677,0.492742099956,1.37336811603,1.36084339605,1.36663373431,-0.183819851783,0.338390147974,-0.077995734997,0.328810384062,0.524126728122,0.47394798138,-1.54457039766,0.489075585547,1.74157497187,2.65210269819,-0.342172351375,0.369725102519,-0.207435988494,-0.0332229600695,0.0580878937553,-0.553920307644,-0.553920307644,0.553920307644,0.251028280909,0.243413884647,1.12529758106,1.12100694925,1.12018603064,-0.116900151833,-0.649168612523,0.13741457388,0.201652321009,0.325197532142,0.147554157657,0.262979395697,0.381670273608,-0.0780125105955,-0.105754804001,0.251636483277,0.408594249685,0.00106451730714,-0.493223123464,-0.480330480756,-0.509605987124,-0.491604490218,-0.30838561359,-0.48526263578,-0.481175441421,-0.306660521355,-0.839120273717,-0.435931675113,-0.84245735292,-1.1427395587,-2.03401644878,-0.122713162301,0.206327547035,2.39860561879,-0.377205013489,-0.450776725148,0.155874390026,-0.389967057233,-1.70772835965,0.295703607926,12887366350.0,01030331,0.111
432,600480.XSHG,600480,2011-05-31,-0.416820979359,0.0717699093897,0.131943768267,0.194030669882,-0.119037859083,-0.0756795316727,-0.274007850854,-0.246180258261,-0.171398074932,0.59224752442,-0.372338903608,-0.652956607932,-0.478566903863,0.870602005625,-0.310316692708,0.609530924279,0.366736237788,0.292587739496,0.0480882357103,0.53373622172,0.804074103075,-0.266228761892,-0.430960087563,-0.852509261411,-0.515389139314,2.19397364922,0.272002026354,-0.126477982601,0.267455895207,-0.138273124285,-0.0773615738263,-0.116095750159,-0.157076609721,-0.0873951036603,0.245502495007,0.753916235021,0.852509261411,-0.415026288853,0.977677228966,1.55620438159,0.148715102253,0.5023866995,-0.59141787469,0.178954966787,0.195440409435,0.269540473731,-0.626407402436,-0.697067740706,0.0635119509571,-0.674942355116,-0.131369476859,-0.448320995001,-0.32321739604,-0.0512074493287,-0.14463405713,-0.471680140076,-0.126640026203,-0.0547988210887,-0.10462176978,-0.153763950135,-0.0877430330796,0.11384929275,-1.38841383758,-0.432980452924,0.897284883527,-0.169998469616,-0.130476407798,-0.311477519955,-0.870602005625,-0.151266826142,-0.130474738769,0.257447951485,-0.122779768789,-0.126787974068,-0.126786290716,0.045237174486,-0.282686099059,-0.30058192817,-0.212642359719,0.202265115693,-0.486236305068,0.13247901719,-1.4683201869,0.481462488029,-0.577552631443,-1.24415622416,-0.807375579214,1.05276619164,0.771740450496,0.568169773459,0.90253383986,-0.206009236493,-0.3949288147,-0.685451008798,0.0907269707201,0.158626092439,0.394230641968,-0.405685461289,-0.402804897272,0.488424734136,0.0277684081984,0.327408908342,-0.2185661015,-0.0280461323578,-0.312048839424,-0.197006226992,-0.271809176653,-0.372778074946,-0.0646370876567,0.102012493309,0.142562519541,-1.30237427004,-1.21195573864,1.05550954463,-0.19279614551,0.766595711102,-0.151754409333,-0.523643307996,-1.18138750754,0.133181787755,-0.170145697452,-0.0815145800382,-0.231884600236,-1.25706502196,-0.170568601217,-0.23091168215,0.968730322865,-0.717480142775,0.530386478505,-0.238177011737,0.0927727585901,-0.370278335621,-0.58776162297,-0.221460955819,-0.130428669164,-0.12614686577,-0.996194762158,-1.03204245039,-0.725467433145,-0.995769946536,-0.15630986065,-0.0575090278545,-0.634271639548,-0.671561436931,-0.841680658372,-1.06958377829,-0.934623087577,-0.962898587805,-0.73887316025,-0.639298975173,-1.04735723309,0.0424907244551,-0.0556276927839,-0.203616654812,0.631793420551,-0.858616104165,-0.556796719198,0.635672971287,0.0500045794093,-0.524261031461,-0.720844950632,-0.303192314593,-0.516833897662,-0.516950454638,-0.51459539328,-0.488959255225,-0.581584716134,-0.332559465444,-0.70114090249,0.32409986871,0.283199485499,-0.500188924852,-0.495441861987,-0.468316477075,-0.509216739175,-0.315626222578,0.820786124186,-0.841972174143,0.065623108372,-0.10881134196,-0.151861082387,-0.391912956764,0.0549854258931,-0.489193337115,-0.309810047053,-0.308147152368,-0.308899013152,-0.841680284719,-0.770635878979,0.0872129479913,0.76982115067,0.0916316449879,0.0741070706734,-0.832652846977,0.934785376269,0.425437772307,0.45506919363,-0.104139411288,0.369725102519,0.130086975835,-0.310030622831,-0.505366139949,-0.296906933543,-0.296906933543,0.296906933543,-0.427604223701,-0.641492048866,-0.502349818431,-0.502740796336,-0.50302864161,-0.860340865065,-0.808800238553,-1.15993566756,-0.676730420041,-0.348992987126,-0.599149407713,-0.547665344785,-0.975421916253,1.04504620081,0.509312096972,-0.22784077032,-0.4776554919,-1.19625332487,-0.13262754414,-0.107996911608,0.353934407047,-0.135583365706,0.989903104565,-0.175664349303,-0.180260250843,1.01297944772,-0.966169119923,-0.591547933813,-0.864203408388,-0.913057322668,-0.323933650504,-0.805621323253,-0.949501337279,0.0201871934252,-0.373794786825,-0.350576931644,-0.593102866741,-0.55876088493,-1.70772835965,-0.323050016458,4720378635.9,01030331,0.04597701
434,600482.XSHG,600482,2011-05-31,-0.435846519607,0.119458411615,0.128657678526,0.115010692927,-0.107276539243,-0.298111420316,-0.368020551647,-0.246180258261,-0.215267942656,-0.576680152922,-0.77617764339,-0.652956607932,-0.461977546231,-0.138066647845,0.397100489987,-0.48750567186,2.19678637487,1.71434742179,2.71728215859,1.04925936623,-0.400715537113,1.75539044262,-0.173660669657,0.158724656535,1.93514035327,-0.513992877232,-0.747439137601,-0.155358894973,-5.2027736255,0.0765660727497,-0.047142380077,0.0597084017408,0.058679720644,-0.0136131459879,-0.491032112566,-0.5823893352,-0.158724656535,0.195273859278,-0.704367834752,-0.936645364367,0.309878641117,-0.0336262102724,1.09753869685,-0.457812436889,0.115205179912,1.13683121982,0.625384696473,-0.200515741224,0.00838744982031,-0.637054760632,0.224620439592,-0.0979842368277,0.213186077249,-0.727132322531,-0.156688473544,-0.984833363988,0.106542344188,-0.0818463293078,0.0510954844199,0.0982761029819,-0.0406201075599,1.14993167042,1.54196244912,-0.984029269022,-0.519597895168,-0.264508222201,-0.156524485173,-0.583973554472,0.138066647845,-0.22021895352,-0.156522810156,0.25284827097,-0.0839206863574,-0.156028240322,-0.156026550327,-0.158436301251,-0.28311086428,-0.972819520797,-0.0559571503807,-0.770612444236,0.664328351404,0.137251700464,0.881109595376,-0.618457489233,-0.209585214866,-0.372875085638,-2.46565661483,-0.470590924653,-0.682957357162,-0.408623949287,-0.477172381786,0.292945680927,-0.577363800555,-1.12109490458,0.174154224328,0.186901627468,-0.59115227451,-0.323828749588,-0.532402994655,-0.397230891873,0.47597611367,0.00209786333538,-0.171016947934,3.00093616228,0.382107178245,2.57354626925,1.42925489569,3.534480288,1.74717501826,0.0407624245944,-1.11520768339,-0.656247870031,-1.47228414877,-1.08094350956,-0.301668255226,-1.46359676342,-0.55293164391,-0.41578073654,-1.79097338563,0.18199694953,-0.554717959111,-0.34974731236,-0.336493496428,-0.632126138568,-0.154339062637,-0.31856667265,0.426241342061,0.145625959486,-0.377551582188,-0.213275489083,-0.680578755034,-0.309772502005,-0.926225837958,0.0074193293399,1.02082306595,1.4164398394,-1.802236766,-0.576099974269,-2.71912524404,0.339190738788,0.0287428246341,0.0711942476945,-1.43593948251,-1.1500729876,-0.855109469642,0.509823152312,-0.0802690206123,1.09274099418,-1.10160997802,-1.94116255067,-0.392291408405,0.996963684209,0.961993505883,0.792481773571,0.0998661770969,0.813295799158,-0.198599512563,1.12505233613,1.10895786701,0.391248849196,-1.26835390768,0.576986651711,0.513761649875,0.522138716333,0.513835060849,2.43998511618,3.90026985292,2.21167067393,4.20446331442,0.982710186901,1.1050953773,1.60092566666,1.51699675323,0.982176149334,1.6924279834,0.186799690964,0.477497661965,0.88702535756,-0.207487961226,-0.763797500482,1.54391211521,0.702515049669,1.53355622462,2.43258066419,0.213242677923,0.229284913167,0.233515578868,1.3188593758,-1.96928205226,-2.50476667572,0.627432966784,0.414874373329,0.239095188398,0.629510878626,0.905022021329,-1.04003813251,-1.11806321139,-0.580205291463,0.369725102519,-0.544958952824,0.93718950087,0.678238757462,0.793281664294,0.793281664294,-0.793281664294,-0.283232398168,1.69570785129,0.42629558381,0.444048056977,0.446033796368,-0.09919918247,1.29833722505,0.196350086055,1.98951099748,0.924590302646,-2.74950428062,0.129339048549,-1.93984470471,-0.0740732806119,1.82391726857,-0.671688079383,-1.45106366623,-0.51957248867,0.0752818279294,0.0454020063295,1.95221062545,0.0711141166569,1.52132698402,0.046226675991,-0.0166068735473,1.91133900384,0.826410694513,0.47562947531,0.775029178237,0.443671976978,1.15376775559,-1.62551953394,-1.46642317033,0.732244561513,-0.450223158904,0.00989674056074,-0.121871342692,-0.836453956301,1.27308806477,-0.497124851195,6827410000.0,01030331,0.027684
475,600877.XSHG,600877,2011-05-31,-0.0782030213369,-0.445513303831,0.146525791493,0.126301466923,-0.110963659571,-0.331660432291,-0.33070926102,-0.246180258261,-0.158304262372,-0.436584755417,1.05832913649,-0.652956607932,-0.727407268343,-0.744864676845,0.152817644459,-0.797324116502,1.28660270881,0.835861764438,1.49192267086,-1.53997550193,-1.85060564851,0.350226282679,0.436711290702,0.877207790289,0.223659437816,-0.690010701451,0.795727710584,-0.18529642609,-0.0490394948612,-0.57436771788,-0.642458685236,-0.599885232712,-0.568538966978,-0.643600355157,-0.777432704287,-0.397647909854,-0.877207790289,0.539169577609,-1.90491144893,-1.80844253676,0.440441508045,-0.215804361187,-0.734204058274,0.427636405579,0.102095880601,-0.533333629211,0.993558843211,0.606961342046,-0.634110599904,0.349085190633,0.0438634906354,-0.231567927546,0.0671772386114,-0.727132322531,-0.152258806677,-0.885191961287,-0.566454152756,-0.654973394133,-0.603892223475,-0.548143277356,-0.658327019518,1.65294638579,0.308430327677,-0.927220112724,-1.25267889288,-4.83663569882,-0.185785069522,-0.378900685197,0.744864676845,-2.45588465241,-0.185783387778,0.375199772666,-5.96014879799,-0.191916478386,-0.191914780238,-1.06505582403,-0.0465416221867,-0.275065056199,0.079260630695,0.118895378957,-0.862524440058,0.1374190308,1.46829081609,-0.590453086068,-0.211320910227,0.58763363936,-1.84024776711,-2.06152222354,-1.337153354,-2.5861786836,-1.17529863877,0.462229718008,-1.03984229973,1.3928626157,0.187785055134,0.178239537962,-1.4770723887,1.35738217535,-0.0999423165405,-0.750883746204,0.0247629922029,-0.27791355643,-4.00770640164,0.970758065158,-0.335187373347,0.375314476457,-0.127379208247,1.19644428645,-0.206739997925,1.36176162402,-1.22564604267,1.22497337109e-17,0.0,-1.92028770385e-16,1.5230887468e-17,-0.943218519369,2.29941250791e-16,-2.73155817347e-17,0.952163065777,0.0,0.0,-0.32487900438,-0.22915567251,2.28195351661,-0.147057702085,-0.452751658108,-1.20122560035,-0.389277149319,0.740034698559,-0.298355691486,-0.52021366944,-0.196355503942,-0.124796254012,2.01198096037,-0.483632944247,-0.186062578652,-1.81887094028,-0.619311090596,-3.23342838091,0.636432420179,-0.56766413107,-0.635025150738,-2.6533172058,-1.93622859859,-1.33883863352,-0.0715716428374,0.242999285321,1.42275622996,-0.632941427308,-1.16615573869,0.726614850148,-0.763880068347,-0.0634426663338,-0.746703982761,-0.733996338734,-0.483955130236,-0.200289122028,-0.768918332049,-0.292417651249,0.980171216201,-0.972721614757,-0.322908323438,0.777095870762,0.789217522722,0.77394335956,0.259183395175,0.991945927539,0.548573379084,1.18179299358,0.995566413657,1.51572755595,1.05454888781,0.936476187504,0.415388605912,1.41022499389,2.0283312011,1.64649966947,0.974451214625,2.05261056809,1.1294331971,0.962233284002,0.589624646722,0.255440997718,0.256570279274,1.05902240112,1.03979472796,1.05747737566,1.57836647158,-0.110301102483,0.91139393083,3.10324805059,0.530471200395,0.449052763387,0.418282423002,1.53090459565,-1.04926631432,-1.46113834538,1.68110763937,0.594368202784,2.83027069047,1.24004698459,1.24333278212,0.330798807051,0.330798807051,-0.330798807051,0.226485070568,1.38611266243,1.01575399171,1.02957094592,1.02722069131,0.591138622674,2.03264270479,0.499245334708,1.50756648469,1.16515603516,-0.592661034951,0.741523872309,-2.89342110608,-0.609146767746,0.834261923028,-0.974033608722,-0.159186641148,0.850565336186,-0.579529574185,-0.612115740507,-0.0988450720249,-0.576670613075,1.77358515464,-0.560660280222,-0.593388973889,1.9308685594,1.77444832646,0.615642951483,2.14304350323,1.02451698778,1.47601403915,-0.425793011455,-0.566498058996,1.26078198937,-0.474782404431,-0.0468200334274,-0.0438528784452,0.874625409944,2.01829217087,-1.32291817291,5931244005.2,01030331,-0.05909618
476,600879.XSHG,600879,2011-05-31,-0.779145786638,2.43144633244,0.199034767147,0.0980111358808,-0.0962012125991,0.205446967517,-0.200462498462,-0.246180258261,-0.164347560477,-0.491721841418,-0.870206886141,-0.652956607932,-0.262905254647,-0.120767581228,-0.846097566682,-0.0857244234483,-0.86297999189,-0.562779874241,-0.892303929292,0.60712029923,1.09577818501,-0.475289258072,-0.369060831987,-0.308145875118,-0.379248611948,-0.513992877232,-0.753953138649,-0.142787841182,-0.192215980844,-0.369601264188,-0.33948771577,-0.364064515235,-0.371157951809,-0.355282606444,-0.485981893315,-0.28935887587,0.308145875118,-0.776832304998,-0.507487242052,-0.110363706999,0.383320253764,-0.183113228739,0.621244784468,-0.974669652549,0.212498292877,1.02293512614,-0.282778198814,0.365646351644,3.6318844631,-1.28824326315,0.182372211002,0.164625918486,0.500222642758,0.0015476627261,-0.125537742073,-0.00461106491225,-0.374334105225,-0.338976071032,-0.354329993652,-0.37550465008,-0.358496365522,-0.217112380423,-0.947084000125,-0.13757284017,-0.56340164338,-0.328545437145,-0.147154673168,-0.264429598683,0.120767581228,-0.243380273592,-0.147153000304,0.0817401558166,-0.209443909463,-0.14492126303,-0.144919575558,-0.200062997023,-0.269093611976,-0.402649416056,-0.195688096177,0.51585560356,-0.116253271979,0.145097382745,-1.4683201869,-0.592334804858,-0.339762366957,-0.612564876758,0.00281315532828,-0.37657467061,0.470768490291,-0.369301448197,0.184679311254,-1.26978132182,-0.723776591751,-0.284128511982,0.0729904679845,0.195347164736,-2.08423696247,-0.443465482074,-0.407008078808,-0.348682338062,-0.986659670837,0.118333714918,-0.348227859068,-0.429739124837,0.382107178245,0.0111103924439,0.795367812125,-0.467563318252,0.409039279904,0.310335048019,-0.045080433497,-1.14843377255,0.219850517094,-0.826340295849,-0.0356339871297,-1.46359676342,-0.690350897985,-0.233122951302,-0.239300241399,-0.544405940739,-0.333867136178,-0.23743264202,-0.258264234928,-0.0917784299949,-0.169077238212,-0.430361382757,-2.82869254277,-0.408640157782,0.883563095365,0.101106234431,-0.631831413674,0.503415350234,-0.200093359108,0.276787462776,-0.539769362538,-0.687087485833,0.0193841788898,-0.379401713737,0.20272936008,-0.23520372042,-0.36905604524,-0.339996787228,-0.0678554260054,-0.0789327510239,-0.423731815563,-1.06944649391,-0.891007663529,-0.94735129599,-0.600448640979,0.301611305003,-0.613993597712,-0.364394271168,-0.163362685292,-0.635588052466,0.182006166768,-1.28354463654,-0.325320222457,-0.29174179305,-0.618200438473,-0.833868778156,0.070752783449,-0.534151275351,0.669567360488,0.672387446686,0.684163299087,0.590410954132,-0.0641302539543,1.10160473549,-0.457740655881,-0.613496174939,-0.768379530688,0.0221854703865,0.060826026146,0.225539358218,-0.0902264772302,-0.480927751796,-1.4523325403,-1.27690206684,-0.471827153033,-0.883376000625,-0.195447817601,0.564381170345,-1.40408361467,0.590614190731,0.730719249099,0.737267478436,0.731948453249,-0.718949218852,0.171182171427,-0.811574873783,-1.01583011838,0.48727998531,0.461776985917,-1.18394139329,-0.275489615011,0.540356375183,-0.249168568577,0.252909998843,0.369725102519,0.63637142233,0.18514249566,0.128607504626,-1.06088624887,-1.06088624887,1.06088624887,-0.0620038066889,-0.484866136391,0.310389699752,0.310245181714,0.311948298308,-0.347012753547,-0.457610661287,-0.614067723144,-0.541475024516,-0.20546217193,0.209734396627,-0.0579174857773,-0.263808356904,0.388297777945,-0.0995986801985,-1.15727332347,-0.0337313212857,-1.19119486669,-0.368290902298,-0.362126326346,-0.570474000356,-0.367550548376,0.105317786236,-0.375022516829,-0.365811119687,-0.0444064894456,0.729460835943,0.411520633115,0.693919688829,-0.345131488059,-0.222086773614,0.342031962932,-0.0903011046916,-0.956138888593,-0.513992994147,-0.52139300013,-0.423022614683,0.267512126455,-0.962524253549,0.148164013557,9002552702.4,01030331,0.0954955
483,600967.XSHG,600967,2011-05-31,0.0900107064756,-0.582329972285,0.139405930388,0.148996751198,-0.115203447599,-0.415306716483,-0.36498472485,-0.246180258261,-0.0689977459352,0.130340340917,-0.945130585544,0.498896926263,-0.561513692023,0.242512817713,0.188077051445,-0.239650916146,2.18710356991,0.754948611787,1.95736929799,-0.160660611724,0.200816253153,-0.503893108656,-0.251922153358,-0.201951963205,-0.0291729701499,-0.305687759813,-1.41642704519,-0.157580503617,0.252075003779,0.125963909961,-0.0948626176883,0.0487375279367,0.1725690124,-0.059125979947,-0.184297743335,-0.392814074063,0.201951963205,-0.0232497743546,-0.30846664291,-0.0823541592918,-0.018568570998,-0.156933286695,0.836443961156,-0.396213758659,0.0912767600842,-0.885758017421,-0.160053483235,-1.11936897391,-0.513526055382,0.0232615371136,0.320544816093,-0.925215720286,-0.744121340258,-0.692511780245,-0.14939223996,-0.971132671117,0.123556411266,-0.116422893245,0.0190351909432,0.195574452937,-0.100593165654,1.41445702037,1.50450977225,-0.964146064318,-0.518123730565,-0.0162393312421,-0.153740312463,0.41681048761,-0.242512817713,-0.103534828978,-0.153738638086,-0.0866081510282,0.154106170057,-0.153677128341,-0.153675438879,-0.130189614835,0.408132067967,1.37033323989,-0.191493820426,-0.261270108044,-0.210660432671,0.129859769815,2.05617693623,-0.15721500707,3.07955749463,3.38518090944,-0.0587801402802,-0.286965428476,-0.235679582969,-0.288376880735,-0.123336284353,2.43487496691,0.965005867545,0.26025644983,0.199034596221,0.0840083785557,0.0817148814553,-0.273455388541,-0.453476585798,-0.322478306926,0.43951039959,0.019271897081,-0.0590762814788,3.57633423259,0.798600788846,2.19633489652,0.273815148437,3.26065625178,1.11955383125,1.53499163576,1.74545259522,2.44798344631,1.5865746703,-0.524690836125,0.207133257519,1.06395470771,0.0519408979497,-0.957849206956,-0.571801629448,0.0384637323803,-0.562631986361,-0.0308196477773,0.312991302536,1.76059566361,-0.135039070813,-0.285953898407,0.426241342061,2.33074146459,2.05436777043,1.95398703262,-0.382855506637,-0.396822869947,1.4109664836,3.22331127821,0.200017598505,0.502482316413,0.944190609796,2.23777104984,-0.72130923757,2.76513212294,-0.016697413245,0.0513460093884,0.803366114349,2.3581326332,-1.24380309415,2.66431130551,1.97146852948,3.14174623136,1.21988482432,0.751200301776,3.23771931434,-0.672560248565,0.703461421714,0.823383837025,-0.0797088348041,1.05096862406,2.84607674384,-0.621621014401,1.53712498082,3.29038138839,1.72147743048,0.186891333845,-0.555575367149,-0.553871237025,-0.566820361133,-0.0302156526631,0.726125614717,0.659845496194,0.167793013564,1.00210841584,1.10053435468,-0.0118596126614,-0.0584955861836,-0.29972623732,0.0581891258601,0.0680509903419,1.91566291168,3.7643807665,2.99490182481,-0.563074071001,0.0999982600555,0.0357917449781,1.43736005217,-0.0301249753029,-0.533809288296,-0.549024639866,-0.533454662488,3.43994324137,0.897849251868,1.61502077921,2.51080721021,0.577661602062,0.448460020101,1.81671584459,-1.29538666418,0.0939030336519,-0.603430935197,4.06143704024,-4.12313690278,2.66150920831,1.61788264866,2.11674510546,2.2259194007,2.2259194007,-2.2259194007,2.2232323423,3.22570533481,-0.652129765375,-0.651646505412,-0.656552779379,2.69755397683,3.37354836344,2.15381249552,3.22235615439,2.76623217087,-0.18605634186,2.5508701292,-1.11331981971,-1.60753672863,-0.875153390947,-0.290956672068,0.577420272924,2.67148221922,0.107484701383,0.0181731749473,-0.226471551382,0.1142971392,-1.27033010424,0.221820030564,0.182692893914,-0.94555598207,2.09002628613,1.97670093757,1.04642099179,3.65951580915,1.5837366974,0.732411061169,1.51861573296,1.22407800133,-0.488767140527,-0.240450147162,2.55104124239,2.53942259763,2.01829217087,0.270178577712,2856562700.0,01030331,0.10831765
489,601299.XSHG,601299,2011-05-31,-0.327122483726,-0.116407824105,0.146046570073,0.0508663169884,-0.170770199995,1.95070664827,-0.200560428359,-0.246180258261,-0.221423153688,-0.465333274966,-0.497086863114,0.0610021942549,0.0,0.500002770808,-0.32369095053,-0.473540566675,-1.38585145963,-1.23320313906,-1.20576798429,-2.42914590777,-2.18028304289,-1.3929260235,0.352364680838,0.762403561194,-0.904362074646,-1.92720947922e-16,-0.727245734353,-0.153706234884,0.159892882666,-0.845907983845,-0.86541582425,-0.858940659179,-0.826378138941,-0.855331994795,-0.274138485796,-0.466988450856,-0.762403561194,0.162963322015,0.0703144973928,0.0,0.0875137583808,-0.200746763999,-0.404775934718,-0.171371437103,0.10904538867,-1.80672929946,-0.577317516204,0.483983510399,0.416601542276,-0.856339174595,0.0302581288859,1.88336476217,1.15731430321,-0.723835128027,6.90691341815,-0.500327043352,-0.858550316503,-0.842370163645,-0.872073561196,-0.828024096184,-0.851035712543,-3.03003218423,-0.647115926928,0.0498973756158,-0.37218143484,0.098070089826,-0.151357703125,-0.544502867498,-0.500002770808,-0.0224835045475,-0.151356029295,-0.0203727516138,0.185616772357,-0.152488060212,-0.152486371021,1.01256229526,-0.185939573353,-0.846115053077,-0.218754398301,-0.461258351323,-0.429347965027,0.128478163934,0.881109595376,-0.575510025091,0.892581339503,1.03727069277,1.36734155035,-0.247302321301,-1.45028645827e-16,-0.0809364401979,-1.76635333774e-16,0.568780267181,0.681863670814,-0.635837897422,0.180559072538,0.184550488888,2.85348089035,-0.323828749588,-0.342092275074,0.425250674574,-0.173995185637,0.047895286657,0.0645808088528,-0.0931855365436,1.03769897271,0.362307187743,0.153456841431,0.0800847541821,0.94192519341,-3.14957693061,1.64881903085,1.10206331689,1.1960820551,0.18377028029,0.285275336267,-0.175041111476,0.457156829519,-0.247294676019,-0.738052323473,0.124167624359,0.0118769292875,0.301668192448,-0.457021137692,-0.652842344647,-0.145829520787,3.76015816308,0.697485832463,0.123358499753,0.65133737469,1.34472977834,-0.804041647636,-0.419968820493,0.59835416127,0.864274404103,-1.0592588118,-1.17612925044,1.25055155782,1.12059957149,0.750823307301,0.681880828182,-0.811385325958,-0.924616782617,1.04301539035,0.867041222637,1.32544005024,0.36660688717,1.02916093593,0.531128075418,1.29474030477,1.28077083918,0.906010537061,-0.998124980131,-0.697890927175,-0.793385823299,-1.34466467573,1.34156171132,0.874302497879,-1.24108710761,-0.802110076423,0.94279422836,1.23616909797,-0.175038257099,-0.185210200609,-0.207145786565,-0.207196936411,2.62677213705,1.93245496876,3.24292291195,1.44365969037,-4.21456251816,-4.12711966863,3.42418803075,3.48224564874,3.78101813607,3.28814117986,2.04131726535,-1.12215331002,-0.310818853862,-0.0495532614608,-0.0946285988702,1.96181901166,4.26116365038,-1.08342970652,2.62383385384,-1.15986249895,-1.1331914906,-1.17966458877,0.548618934309,0.987703227793,-1.32045705713,-1.03752089534,0.572306759012,0.515416301638,1.47207009484,-1.59500849496,-1.96424718336,-1.12975939949,-0.223155881332,-0.52884729854,-0.713720434989,0.679409533422,0.890734727761,0.278548835393,0.278548835393,-0.278548835393,0.79505528936,0.74772494524,-0.0725675552038,-0.0788371699129,-0.0777852768749,1.0513638261,0.436326444483,0.118913299171,0.685151493517,0.846760212716,0.750972824532,0.94238451383,-0.384843686398,-1.0530192023,-1.72333477745,-1.62860658975,0.655126116473,0.569724860449,-0.850391193537,-0.860277844069,-1.42537506362,-0.84537044662,-1.08534077912,-0.80680293947,-0.799494051083,-1.23012950606,0.650736692346,1.15688973395,-0.313479780989,1.41091736712,0.264220542395,1.33363571421,0.767762619651,-1.18370361448,2.56788357468,-0.748293669558,0.798746535417,0.467614486708,-0.217320147443,-0.587020993917,55029000000.0,01030331,0.01823708
494,601777.XSHG,601777,2011-05-31,0.0745200823118,-0.571531541321,0.126603872438,0.136630755061,-0.113249186307,0.377587659018,-0.240124106609,-0.246180258261,-0.177889024749,1.20851709461,0.0,2.53605937517,0.0,0.22454840238,-0.222573455782,0.350607529641,-1.61823877862,-1.98453955653,-1.67121461141,0.0,0.494246394746,-0.708957478651,-0.483427397587,-0.714744186496,-2.24631870154,-0.261249334763,0.0,-0.147203965682,-1.43256877545e-17,-0.423089305398,-0.334405890922,-0.417568029082,-0.430238455521,-0.407332390749,-0.121037102194,0.135240815105,0.714744186496,-0.228813192483,-0.00244572164845,0.0,0.199716222147,0.208827389535,0.0633587671766,-0.283335252706,0.149715805209,-0.531466480134,-1.46093546838,-0.0241701713144,-0.604692199876,0.257420876636,0.231868838547,0.259852956005,-1.0142428804,0.436777337178,-0.137507380173,-0.0955338448774,-0.420736106346,-0.372125325828,-0.406556931963,-0.435655435632,-0.43448879374,0.309514235941,-0.90933224561,-0.0750827682416,3.14938720745,-0.0510508390543,-0.145414565224,-0.305220715226,-0.22454840238,-0.108028816455,-0.145412892761,0.274926737442,-0.0365549394267,-0.144813165927,-0.14481147848,0.219920629954,-0.256637996515,-0.41584779811,-0.232205312193,0.60037849702,-0.424789468735,0.133129495027,-0.881138966186,0.519207553164,-0.74591508148,-0.476099156266,-0.33358099761,0.127293690901,-1.45028645827e-16,0.261568243216,-1.76635333774e-16,-1.21749862019,-2.35871942677,-2.89085575421,0.138270651664,0.118502056408,0.0,0.438068336248,0.0,0.431344635303,-0.0832316225709,0.122564998594,-0.0925169079601,-0.0389026997221,1.26137146729,-0.105955205989,1.61380429976,-0.130549119831,0.397197370715,0.276718359657,0.142562519541,1.83787064892,-0.235724200639,0.41900151035,1.46882052898,-0.27416077701,-0.0679773358243,0.327841152069,0.425702534699,0.209732836901,0.335857419816,-0.032352953857,-0.250532273036,-0.52854510817,-0.161444968718,1.15956614449e-16,-0.387492129146,-1.562191387,-0.883126328239,-0.696157515892,0.26634974044,-0.418429028924,-0.564650630317,-1.24894339118,-0.824396175277,-0.818254316737,-0.485513687863,-0.664478173167,0.0514585821215,-0.0825920413782,-0.423563885144,-0.390001751583,-0.161162737672,-0.307010007582,-0.497221854161,-2.04907911815,-0.914157069638,-0.77998518589,-0.919614544601,-0.423863791453,-0.487960512485,-0.537247111512,-0.929588944001,-0.540909389967,-0.296671704072,-0.605609548625,-0.720688837329,-0.538100729952,-0.796775900777,-1.00377395041,-0.739904779569,-1.78752612337,-1.09086997253,-1.09132999348,-1.0887903331,-0.817370151664,-0.704452267388,-0.868261275058,-0.678689563204,0.353246484056,0.334424128456,-0.614438520381,-0.610878029425,-0.574051590514,-0.625613585803,-0.224447472115,-0.270018856418,-0.498317075617,-0.635790231632,-0.841193624359,-0.609695805349,-0.621280108165,-1.82262134743,-0.818111845248,-1.19901127919,-1.19172042787,-1.19690698129,-0.691579805536,-0.193742599004,0.0466557500853,0.869589716567,0.327881897747,0.285842875519,-1.05401702504,1.29492805761,0.668441350932,-0.422184063942,0.728975879017,0.369725102519,1.31141735099,0.402375350478,0.238721182731,-1.24305506897,-1.24305506897,1.24305506897,-0.266077628311,-0.285274749873,-1.11320732598,-1.11405267608,-1.1128244029,-0.824938926339,-0.361831685669,-1.42745813169,-0.263190934874,-0.397510445784,0.0150832137646,-0.310793831278,-0.18643889989,0.623075884968,0.734517132296,-0.455872415343,-0.102818627625,-0.299625604458,-0.420970442769,-0.417649920293,-0.15696420724,-0.422127586217,0.451752340563,-0.440942054432,-0.433024665013,0.471731764844,-0.904468877889,-0.729466830137,-0.601567289159,-1.11698273043,0.985328689968,0.181387730702,-0.307374179327,-0.985502079029,3.93398809864,-0.756973461603,-0.859926014464,-0.252481762094,-0.962524253549,-0.524030165724,9952115610.02,01030331,0.0248566
517,600178.XSHG,600178,2011-05-31,0.3278532802,-0.71635110785,0.15973861066,0.37311371909,-0.123027382492,-0.203863906907,-0.246685409686,-0.246180258261,-0.058366017788,-0.300887452321,-0.401933764872,-0.652956607932,-0.727407268343,-0.654377251468,-0.512045081528,0.480224394795,0.453881482411,0.500650132027,0.475539219802,1.12050307481,1.14238179573,0.0791206694232,-0.56949812653,-1.12229919978,-0.554286432847,-0.506702198122,0.45048565506,-0.150400914706,0.114369573136,-0.562925002597,-0.484795295786,-0.558655203016,-0.554336255719,-0.527127923703,-0.496879734856,1.01516561306,1.12229919978,-0.79244756465,-0.364106810412,0.201242511245,0.122194519909,-0.211884128902,-0.64547264419,-0.431715177852,0.114415463086,0.619630925595,-0.7245871749,0.0,-0.560291849652,0.135040807264,0.0312518610008,-0.523325341601,-0.251717687567,0.18783915217,-0.133967885595,0.0053530753579,-0.572069681554,-0.494856070577,-0.566177093778,-0.562685772423,-0.515183123567,-0.0304295042404,1.57814404604,-0.0466781900922,-0.517913135622,-0.513774577567,-0.147502694757,6.43559255074,0.654377251468,-0.352645330051,-0.147501021813,0.000785778754626,-0.399466020674,-0.149596462717,-0.149594774183,-0.932494620234,0.0778896014745,1.52871382454,-0.239499897369,-0.20967333347,-0.247701944019,0.138222517908,-0.881138966186,0.639526866365,-0.0898222349426,0.211478127749,1.22046523005,-0.314876503895,0.238769270966,-0.408054057967,0.0408538471896,-0.0419613813874,-1.36404205166,-1.61416767586,0.174975358714,0.0992598432922,-0.84097790324,-0.298642069064,-0.140573071396,-0.653583506557,-0.747628918656,0.0675583108005,-0.555901472282,-0.397169422744,-0.643701158977,-0.522188444862,-0.408215257925,-0.351714687545,-0.396210544949,0.461351555738,0.142562519541,0.0724979712946,-0.268265251906,-0.455505180225,-2.33511830443,-1.46359676342,-0.409195453515,-0.650401512407,-0.350134037416,-0.619570195517,-0.208973893646,-0.147398825651,-0.0299439484574,0.816281936488,-0.13767088788,-0.354939446486,-0.658736619548,-1.40196249196,0.220752184273,-0.3369530516,-0.0675923270039,-0.353733244547,0.383645584361,-0.427205327676,-0.698165094148,-0.757690866418,0.703501858768,0.423218917305,1.25952382276,-0.404856447591,-0.553556700638,-0.576036149445,0.560899881994,0.42106644531,1.45853505256,-0.0862655966411,0.16888327477,-0.170063121783,0.286139052791,1.25072701174,0.145444382976,-0.678564709922,-0.716910020967,-0.217423959759,-0.502304919593,0.341547436267,-0.0820164594596,-0.838221173177,-0.730855043538,-0.148759793939,0.443546641907,-0.960862038215,-0.0984694691042,-0.101821094599,-0.100847176791,-0.668450231349,-0.574679290075,-0.608249106097,-0.0366170386432,0.260667904758,0.419261578477,-0.344311723565,-0.363448085028,-0.391998833299,-0.221303700783,0.635061184095,0.147700402314,0.198340540114,1.28105449489,1.16895799181,-0.204751493197,-0.376189520967,0.630662325333,-0.669071160445,0.182535378155,0.170481948469,0.175552545396,-0.316282941147,0.805391444689,0.95959805584,-0.1303254495,0.444034543965,0.460220046887,-0.0985926411203,-0.0912794028954,1.20080039179,1.39505121229,-0.580205291463,0.145082002254,-0.713720434989,0.0551199110244,0.17757294872,-0.378106213822,-0.378106213822,0.378106213822,0.226315221362,0.0316337111649,-0.0574926716988,-0.0603980203266,-0.0607850549687,0.00700663370606,-0.713021262935,0.505764394282,-0.023773338198,0.0856425800183,0.748269335881,0.234970939708,0.101993055804,0.245760680218,-0.16423798013,0.438948191689,0.603692910546,0.517219345149,-0.563305375665,-0.553099318487,-0.746402193438,-0.563129756519,-0.859990146693,-0.546443119964,-0.53025466357,-0.889757251877,-1.04211943525,-1.59851903372,0.201908675674,-0.373003148061,-0.964048184442,0.622648847411,0.505039797209,0.519361430848,-0.628775890812,0.815339284359,0.0716144486396,0.166780326056,0.527883958663,-0.407748753546,4362035200.0,01030331,0.03707627
576,600677.XSHG,600677,2011-05-31,-0.789832361652,2.62822992208,0.130574564209,0.0884306743698,-0.0811588938104,-0.0796226718085,0.413460023697,-0.246180258261,-0.200271610322,-0.170017326015,-0.754075152066,-0.652956607932,-0.727407268343,0.579179268013,0.745540434314,-0.183376714514,-0.40788815886,-0.169773132794,-0.654831160352,1.08075336616,0.262091370956,1.11601025309,0.409801510561,0.682518951782,0.787670194046,-0.420949924784,-0.517494900619,-0.154004255556,0.290062708783,-0.417441867106,-0.413305524482,-0.402013896652,-0.431070994073,-0.401441851927,-0.365175332816,-0.397870155178,-0.682518951782,1.4391395424,0.205134903263,-0.173385189341,0.114034340726,6.62729904392,-0.447611789794,0.842762903922,0.0739819615945,0.57295219868,0.846289184516,-0.219078432793,-0.45763399179,-0.0918501027237,0.146349421837,-0.75754777586,-0.666187695754,0.0575999692843,-0.0936716935834,1.13379196095,-0.413958064569,-0.420966060491,-0.388249278038,-0.437476980189,-0.396622466416,0.294062678725,0.704898519503,2.12343158052,-0.0293328671061,4.11914835468,-0.15256239324,-0.675651995189,-0.579179268013,6.43051022894,-0.152560719133,-0.0102534544811,1.79581254365,-0.159487347606,-0.159485656824,0.719688757159,-0.0959767980931,-0.816198720421,-0.162036451872,-0.614647997305,-0.446589801222,0.127079222026,-0.881138966186,-0.312512151892,-1.03924759752,-0.94673093591,-0.499409101172,0.0200564011335,-0.0538423570113,0.382385203089,0.293503003091,-1.02301186107,0.199631064892,-1.14997925024,0.217017439272,0.198286087961,-0.708741718053,-0.399388791158,-0.478695675019,0.248728945445,1.27962435088,0.0342058394684,2.77375973817,0.210798349657,0.474661313934,0.609445673323,1.0039888776,-0.0778906513278,1.3800758334,0.335988008081,-1.22564604267,1.22497337109e-17,0.0,-1.92028770385e-16,1.5230887468e-17,0.0231982195932,2.29941250791e-16,-2.73155817347e-17,4.92200928976e-17,0.0,0.0,0.0179107360691,-0.365602058847,-0.80476118923,-0.152935426868,-0.0993639186293,-0.116247638744,0.0773713546521,0.254618435204,-0.517904116223,-0.197888959049,-0.10245275679,-0.739101349055,-0.451993806213,-0.284576239389,-0.374554172692,-0.687240313848,-1.01410151864,0.0866938183068,-0.603994229379,-0.435350745498,-0.34449806759,-0.243212207213,-0.318911081155,-0.5642395217,-0.49276613466,-0.948928567555,-0.990290442866,-0.784064755752,-0.406598206406,-0.921420848441,-0.324396048266,-0.46671125043,-0.33445730646,0.524728192635,-0.983915038615,-1.00623283696,-0.147840544859,-0.555941851081,-0.866843813751,-0.995982803836,0.246039360381,0.0735118158945,0.0749150527836,0.0775505434104,-0.375019279764,-0.580025963375,-0.24375180787,-0.781272505277,0.104093821403,-0.0244264463484,-0.396448609372,-0.376318615861,-0.300846708564,-0.466099290625,-0.636997414049,-0.355396931119,-0.462027097213,-0.97256037899,-0.985566188497,-0.300546252414,-0.246750628427,-0.101028639362,-0.373526298649,-0.0762860694333,-0.0686738854976,-0.0733078263946,-1.06076751649,-0.394281200883,-0.599082326353,-1.20935809048,0.34774226501,0.323233121972,-0.752565046292,0.316277702779,0.135902591037,-0.0737453223566,0.609959408974,0.369725102519,1.14265586883,0.183556854384,-0.0424201230676,-0.400700796161,-0.400700796161,0.400700796161,-0.46174391421,-0.648348241532,-0.0928676649588,-0.0929062008378,-0.091535332009,-1.26746316041,-0.840726563759,-1.53759351141,-0.608325392419,-0.810919624766,-0.110899357366,-0.596480082366,-0.128282426766,1.41596409607,1.22272112756,0.0307308271613,-0.430392545914,-0.961003003885,-0.412995836717,-0.398501227969,0.0488089471694,-0.416110521959,0.683829857539,-0.447986056265,-0.438032345759,0.683766939579,-0.197389469417,-0.242745268379,-0.0326380654428,-0.409171086763,0.297286213965,-0.231794680161,-0.501527671038,0.00550559820687,-0.590140689135,-0.203436269029,-1.37640824778,-0.380438373412,-0.217320147443,0.468765853529,3408501120.2,01030331,0.1291866
581,600685.XSHG,600685,2011-05-31,-0.462249560645,0.191292643991,0.139542850794,0.0696999657407,6.85468797794,0.601506305418,-0.136808065634,-0.246180258261,-0.119470476403,0.187408297634,0.0,-0.291217481491,0.516794554059,1.22789426612,-0.835053671965,-0.108172036967,-1.67969890741e-16,-2.00517064884e-16,0.0,0.0,0.0,0.0,-0.010748319783,0.414164066272,0.0,4.20758978427,0.0,-0.138236252741,-0.0218906730777,0.0,-6.4364594122e-16,1.71400059068e-16,-1.76057803798e-16,-3.234528261e-16,1.21222078001,0.332705785234,-0.414164066272,-0.326014808761,0.342095315576,0.505846342563,-0.536739949118,-0.253024037827,-1.10850783953,-0.062008772181,0.109519218765,0.0,-1.70314756158e-15,-0.576410245505,0.126816543799,-0.714568577262,0.322298461002,0.502905015876,0.472515208561,0.0856261225634,-0.132267020686,-0.0818331520059,-1.75003210305e-16,0.0,1.72891686674e-16,-1.76814925223e-16,0.0,1.1228259088e-16,0.0,0.0271737130963,-0.28099382438,-0.0512503319358,-0.133635372988,-0.173868444525,-1.22789426612,-0.103242320918,-0.133633703233,-0.104086936985,-0.104089069325,-0.138597582528,-0.138595896492,-0.373507562736,0.0516291163203,-0.0744496489751,-0.176173862852,-0.144255567877,-0.492206520604,0.136048731022,-7.82595571263e-16,-0.0712093894458,0.0,-3.88480474261e-15,0.0,0.224247952883,0.980748756194,0.525997815768,1.51983782279,5.11061959672e-16,5.37535885864e-17,3.77271360089e-16,0.180066391906,0.227180343668,-0.670670577542,-0.179005336578,0.0,-0.22050603072,-0.680307600356,0.266926441673,-0.102134139226,-1.88331422754e-16,2.67593053298e-16,0.0,-2.78384507587e-16,0.0,-4.10848757411e-16,-7.46907245656e-17,0.231015464706,1.81244928237,0.415096824695,0.37749011681,-0.00490395616147,0.27099738343,-0.479406647382,0.171558521164,0.758203922749,-0.553697463009,-0.574997653938,0.00928588937059,-0.0999864267771,-0.260960779644,-0.148461337854,-0.488628320886,-0.658736619548,-2.68715722778e-16,-4.47608232644e-16,0.0,1.2644958123e-16,0.0,-2.06922227142e-16,-4.58678993621e-16,0.0,3.59566507991e-16,2.64769079177e-16,0.0,0.0,0.0,1.81592974894e-16,3.2904856617e-16,0.0,2.06602037021e-16,0.0,-4.28775447014e-16,2.10448341197e-16,2.46805524125e-16,-2.96031712925e-16,-1.89788614386e-16,-2.86291218585e-16,6.29885787379e-16,0.0,-1.8249033168e-16,-6.28922122586e-16,0.0,2.3448041637e-16,0.0,-3.53559678791e-16,2.01013829815e-16,0.0,3.12702385338e-15,-6.04834255188e-16,-4.03515767209e-16,4.02671175807e-16,2.17775744445e-16,0.0,2.22745723355e-16,0.0,1.07522949039e-16,0.0,2.68053832978e-16,-2.62192281444e-16,1.06753562711e-16,-1.38922020772e-16,-6.76070185762e-17,1.35703227388e-16,9.15681126991e-16,-1.91190001299e-17,2.81335708424e-17,-3.71114788887e-16,-3.53460350725e-16,2.08185585831e-16,5.48959945979e-16,2.22195647479e-16,0.0,4.44041676214e-16,-5.40799160561e-16,-2.81603254555e-16,0.0,0.0,2.40812963964e-16,-1.40389811908e-16,1.10797906932e-15,-7.2079535256e-16,0.0,6.9545117048e-16,0.0,0.0,0.0,0.0,-2.60107959059e-16,-1.95976762063e-16,0.0,1.56781409651e-15,0.0,-6.76613596427e-16,-1.50313625693e-16,0.0,-1.50203732675e-16,3.0706287101e-16,2.76916729183e-16,-1.63101071294e-15,0.0,1.40273957548e-16,-7.50368836752e-17,0.0,0.0,8.39697374803e-16,3.46059260178e-16,0.0,7.7165310068e-17,1.42177639038e-16,-3.48910000049e-16,-1.69060191732e-16,4.35981095181e-16,1.74933768394e-16,-7.46834211144e-15,7.05932910149e-16,-1.75452227684e-16,0.0,0.0,0.0,1.54145069274e-16,0.0,-4.0931311388e-15,-3.77862130074e-16,0.0,5.093701578e-16,-1.24645667892e-16,0.0,-1.73235790705e-15,-3.02256119231e-15,0.0,0.722294440117,12856670304.2,01030331,0.15582917
582,600686.XSHG,600686,2011-05-31,0.42933401118,-0.759901125112,0.121948578638,0.161347933999,-0.116629620751,0.58638016129,-0.218971248931,-0.246180258261,-0.105705186275,-0.0618885659195,-1.01593348148,0.489377475567,0.218186116682,1.29243309158,0.163557578771,-0.315683155482,-0.301377304321,-0.204450198216,-0.369863837624,0.482978901442,1.44012708647,-0.915704428093,0.991235315392,0.718395273374,-0.729324253747,-0.255000181241,-0.263448859761,-0.156794812755,-0.0503814518314,-0.65974949437,-0.636606886926,-0.656283436217,-0.652813673079,-0.635934460739,-0.111069564199,-0.0412775332629,-0.718395273374,1.41681917125,2.14398074007,2.30545978276,-0.0879300940534,-0.287682796442,-1.04425405691,1.81570759514,0.108571558574,0.740528828306,-1.3382107528,-0.613535628644,-0.701185420908,0.598529965023,0.285340394553,-0.683018140313,-0.426264145697,-0.727132322531,-0.139626838004,-0.718292611762,-0.667129747121,-0.635686879368,-0.665599042127,-0.655634313792,-0.613057145461,-0.182236550216,-0.232410796434,0.062679435783,-0.20749618916,-0.0572351183791,-0.152107288085,0.134847988795,-1.29243309158,-0.125951583078,-0.152105614083,0.274926737442,-0.029805520176,-0.152488060212,-0.152486371021,0.107181662241,-0.185864614784,0.646182011184,-0.231297364433,-0.296025552824,-0.517341281981,0.124352189795,-0.881138966186,-0.14946675323,-0.0360156787451,-0.26965101501,0.370003956071,-0.0401727616128,-0.0371216925555,0.187482371595,0.682340872752,-0.495768614376,-0.127667370454,-0.84040702789,0.181051753169,0.147798480557,-0.0683882509831,-0.153818656054,-0.120724714139,-0.106955229129,0.970867947606,0.0394327193041,-0.121563875488,-0.549161365844,-0.150079101968,-0.483166578717,-0.376119709391,-0.615007030061,-0.135688542791,-0.586067927834,0.501998475906,0.563977724747,-0.0404778930391,1.07764895452,-0.224843177805,-0.224600944243,4.37655692613,-0.353976270415,-0.405550935424,-0.2255819154,-0.285641032626,6.59660838695,6.59134435919,1.14774123376,-0.151619518335,-0.0316317037478,0.426241342061,-0.0315455679551,-0.756531056899,-0.0240239169082,0.163160274852,0.255748158229,0.291201613748,-1.27992898935,-0.889635796534,-1.03459862055,0.359132716847,0.0937622582773,0.454891093824,-0.663368474144,-0.641421457571,-0.685641400081,0.0710689414885,0.00649154423883,-0.00956452600661,-0.238400820191,-0.54867723148,-0.703478338367,-0.328224168768,0.624892290373,-0.219761462451,-0.328603899139,-0.859892139077,-0.76445623198,-0.574814703578,-0.804767001855,-0.0296385660365,-0.780603113402,-0.754102495608,-0.373038695095,0.460966915666,-0.245452574403,-0.393784788328,-0.393766414667,-0.391547873668,-0.727246145842,-0.759741076432,-0.764729145472,-0.862025768654,0.0434654527082,-0.0109650533674,-0.49795344467,-0.481602342927,-0.389664349514,-0.51894459285,-0.269538576141,-2.23505529143,-1.19250037464,-0.0659324560867,-0.529954079544,-0.598267376026,-0.488940061326,-0.015895964331,-0.727945453277,-0.500169624093,-0.499453544573,-0.50052566793,-0.340973257275,0.708459169497,0.29477552809,-0.838310307516,0.503412297284,0.461239565338,-0.420471998939,-0.25036220186,1.47502038562,1.51788565631,-0.699221761506,0.369725102519,-0.713720434989,0.191711580947,0.289795186617,-0.723379675184,-0.723379675184,0.723379675184,0.33663228099,0.204257406528,-0.554793531528,-0.555974767214,-0.555838831073,-0.046096274382,-0.649168612523,0.0283695298325,0.172113786355,0.341370018361,0.383839065743,0.415825541237,0.203168499592,-0.0962905377194,-0.514786371619,0.503082091852,0.284876538132,0.152177951584,-0.660159519612,-0.65151712531,-0.912512965032,-0.657561228165,-0.231026441265,-0.645426745154,-0.637944492326,-0.381988807116,-0.950781616084,-1.1920382537,-0.130304407937,-0.816153910131,0.0910578094027,0.688165827716,0.293649263795,-0.361534282251,-0.304165817292,-0.662142377097,-0.0547754634398,-0.986190416354,-0.962524253549,-0.474971787524,3686833818.01,01030331,0.030012
605,600066.XSHG,600066,2011-05-31,-0.320044468882,-0.129124758032,0.126056190815,0.117869541005,-0.10837312283,0.191678297862,-0.264802440568,-0.246180258261,-0.0800771257939,-0.493223629753,0.181347234981,0.679766489484,4.6807233197,0.287756530401,1.4384688377,-0.249374767163,0.0181552592964,0.165438499616,0.0100925926799,-1.08254808545,-0.475799132168,-1.08690688674,-0.241171763805,0.0377018650311,-0.515389139314,0.562250229434,-1.00930197972,-0.145849326265,0.183222288457,0.592069759404,0.522982205113,0.56192740845,0.62173347268,0.541290178072,1.14497312367,0.0915140476622,-0.0377018650311,1.54291126792,0.853556855308,1.1150540052,-0.034888929364,-0.211711398361,-0.546542216992,2.13470585456,0.145135447618,-0.703244195182,-0.994581549174,-0.369900301795,-0.86518793226,1.62956031664,-0.396944384562,0.367897191995,0.722400982149,-0.702403363755,-0.131912011499,-0.467943587474,0.582670223636,0.537712886006,0.542365464151,0.624025621784,0.529738741785,0.395071426656,0.050611809711,-0.63181249997,-0.296577850186,-0.027261312942,-0.143272893908,-0.0703264519848,-0.287756530401,-0.0896539919203,-0.143271221937,0.299765012222,0.0308194409039,-0.141218937266,-0.141217250635,0.431275222173,-0.0291637273963,2.59338331025,-0.134651861621,-0.265320716638,-0.543431624277,0.128686196243,0.881109595376,-0.11072548403,1.72571511288,0.914801456436,1.16834782607,1.30102786247,1.49490918821,1.64868371647,1.3193731273,1.68264132405,0.828663797437,1.05100788937,0.143033231102,0.196182437652,0.653976581527,-0.26715871841,0.246820160241,-0.152456802575,2.22572930629,0.143721416977,-0.0828508582618,-0.885714954137,-0.643701158977,-0.89939981759,-0.937791808748,-0.867767678877,-1.15409273305,0.374049079132,0.920743921514,-0.425337123797,1.13099995256,1.31841503705,0.182988233187,1.26219403877,0.374311763009,-0.138644786524,1.53404049486,-0.41058028417,-0.365028618473,-0.24136173885,0.297982200039,1.31864993392,-0.150303609801,-0.0425330914552,0.968730322865,0.999050557515,-0.509791228683,2.44184936396,-0.384450045841,0.171599469219,1.26782743232,0.379246507395,0.412122227614,0.538107875424,1.38922929745,1.56195098908,0.809081815826,0.903582843659,0.648365703898,0.444819041567,1.54960331105,1.84177345874,1.33590630776,0.62373146668,2.32892189751,1.99538007702,2.15487214609,1.52520280373,0.793773400805,0.130950151228,0.412752380123,-0.229258792572,-0.649590418313,0.581699791533,1.67686699388,0.00239235825116,0.343941541881,0.708857059229,1.31937652323,-0.117298516909,-0.712903768637,-0.71362934724,-0.715290469009,-0.390733130397,-0.574774631263,-0.468910521471,-0.707438011198,0.382321506763,0.324680492555,-0.661689720557,-0.653330953817,-0.606389733855,-0.67729000737,-0.415930126501,-0.214866117486,-0.532132737312,-0.64216195145,-0.506335179745,-0.605503711901,-0.561906964887,0.647913880625,-0.389798026086,-0.601587100089,-0.607545129092,-0.602320825681,1.18228630779,1.13680328197,0.928835059697,-0.0550551880167,0.382040373663,0.450783573781,-0.467439377378,-0.487292303417,-0.0118108290191,0.488513440259,0.49094293893,-1.87670590013,-0.713720434989,-0.0961955707467,0.298932279056,1.64269674409,1.64269674409,-1.64269674409,1.34715013512,1.04162707088,-0.618723222732,-0.619891720661,-0.621322028535,1.47618709081,0.819442346955,2.44246451718,0.857718722289,1.20457647032,0.830996088597,1.11203573296,0.344171531761,-1.59442697125,-1.9736708245,0.0195328445932,1.18933641479,0.715843867661,0.58362367997,0.553432421981,-1.12535466291,0.591004225233,-1.39141402615,0.651176283322,0.651883936324,-1.3584665855,-0.0784528637286,-0.245244065393,0.162677264353,0.107691871779,-0.0942021205058,0.803884130594,1.18107278445,-0.449623853561,-0.340962584019,-0.489753766967,1.44786015795,0.552011400556,-0.217320147443,-0.0108243754701,11151677458.4,01030331,0.07878788
610,600081.XSHG,600081,2011-05-31,-0.214066539107,-0.291923438043,0.145088127232,0.213856184381,-0.119967040964,-0.667473760249,-0.370664658857,-0.246180258261,-0.146105753235,-0.519934007991,1.16547002664,0.422741320696,-0.727407268343,-0.0602208480714,0.831561228944,-0.400508238823,0.289273798123,0.593122306485,0.162075164801,0.991469405192,0.687565076266,0.473264904676,-0.154627747271,-0.0307023214714,-0.690426960213,-0.0119775442516,1.39566720707,-0.13596045852,1.03175200351,-0.413913450162,-0.347422971682,-0.397527127682,-0.420664262166,-0.369002918661,0.260786053266,0.0640111888513,0.0307023214714,0.452273132686,0.511155824525,-0.267917412853,0.101794071951,-0.319585376419,-0.445571987171,0.615147927243,0.156744284961,0.72185733754,0.674474582705,-1.04279787119,-0.905172384645,2.05494455145,0.169555989461,-0.777865408989,-0.529933534325,-0.727132322531,-0.150287710894,-0.997288539326,-0.413948212764,-0.357825472373,-0.397797288937,-0.42810050493,-0.358288546666,0.563287653459,-0.172466121772,0.0,0.215167862095,0.0344817338653,-0.136553400156,-0.220347565367,0.0602208480714,-0.0584354043607,-0.13655172973,0.139696130304,0.0922032124322,-0.133598091532,-0.133596406633,0.520723062491,1.61274124948,0.175439717918,-0.068570980728,-0.0970040975051,-0.468173612353,0.133134771209,-0.293957745473,-0.173818408156,-0.600116671139,-1.31413864493,0.0786202883849,1.23786069178,-0.204328337114,1.25545870557,-0.022149342821,-0.210799479894,-0.414295586022,0.898430581092,0.130962555629,0.0308912082665,1.85085429222,-0.248268708017,-0.596618268133,-0.273929753115,0.981487084123,0.222124614511,0.0217670432702,-0.712009876309,-0.736255294667,-0.574217599721,-0.664979646203,-0.825640904074,-0.561997273595,0.563509286876,1.51435010265,1.72488679756,-1.60244835384,0.803673757154,0.388879440674,0.717035878335,-0.132700044036,0.212499059235,1.53404049486,0.0772939747009,0.0546621391054,-0.307773058428,-0.170938547672,-1.08960902282,-0.137407706173,0.56377989839,0.426241342061,-0.341353703371,1.24077140876,0.154436995449,0.839472688387,0.0424716894576,-0.269426337068,-0.490829089254,-0.39715251607,-0.442242734812,-0.176857343035,-0.47342298766,0.48504895436,-0.836321641466,-0.424719058795,-0.372302272627,0.0155284788571,-0.116252633583,-0.186506334966,-0.42918084052,-0.670288620277,-0.690223542664,-0.589228859778,-0.00585713960566,-1.70305161153,-0.00287369029052,-0.255706964585,-0.241093625384,0.342320767298,-0.693424281175,-0.516246092032,0.370088827627,-0.468843520381,-1.23628529439,-0.374898808204,-0.442612662855,-0.382936790019,-0.382974219689,-0.38374207964,-0.788916956355,-0.870492730023,-0.572771812131,-0.846980687906,0.275213225877,0.168698723226,-0.706162080437,-0.687025837538,-0.598098234246,-0.74706194479,-0.60124452788,-3.56031766302,-0.326489526354,-0.639037440871,-0.729264777943,-0.69410465501,-0.459456290614,0.438645014249,-0.789285567822,-0.0407874267034,-0.0433801441815,-0.0402423230116,-0.886687087855,0.0260770364348,0.359544343331,0.516119007234,0.0909131470596,0.106091498362,-0.489613219391,0.172340332896,0.758660307129,0.61448970551,-0.461188821419,0.369725102519,-0.376197470659,-0.0914386469186,-0.179242225223,-0.694430366562,-0.694430366562,0.694430366562,-0.14709825915,-0.349113521591,-0.332875845668,-0.333687041392,-0.334310634785,-0.771836018251,-1.00035818979,-0.658105806926,-0.365798476306,-0.317658795076,0.18756578969,-0.293988757685,0.0721924455492,0.897183264148,0.825300476985,0.885849495998,-0.0757814423475,-0.917205720391,-0.410324540109,-0.390354468212,-0.163640053852,-0.407789050112,0.317214649562,-0.428562891832,-0.417043545786,0.153679002741,-1.14108125823,-0.93488264343,-0.741719141458,-1.4801918937,1.19466780231,-0.0716609698549,-0.0397264878263,0.989172477834,-0.658254002372,3.44332997803,-0.568136958182,-1.11823074931,-0.962524253549,-1.02886965355,3336278400.0,01030331,-0.02819549
629,600303.XSHG,600303,2011-05-31,0.149994632045,-0.621385211177,0.133312972326,0.145854943317,-0.114766974186,0.196784987546,0.0289872494113,-0.246180258261,-0.167704948313,-0.0494451768609,1.27748095725,-0.243620228012,0.135239328522,0.0602072695262,0.0517001497113,-0.266857009949,-1.25997499517,-1.34879335713,-1.39574619944,-0.101036048746,-0.487881549763,0.560338391012,-0.0460420515257,0.35628360077,1.46837283088,-0.0626651228236,-0.324029069504,-0.148910811348,0.117259941995,-0.640560031271,-0.657722276803,-0.620186656181,-0.658334196576,-0.62077565527,-0.232009025204,-0.313694738817,-0.35628360077,0.357816562053,0.329255276922,0.961001492808,0.0875137583808,-0.240279527888,-0.184477251474,-0.102712492737,0.13305278018,1.03787231876,1.36173298995,1.67663644373,-0.66447638441,0.454272164228,0.275856098339,-0.459524175885,-0.181982122845,0.88189859514,-0.0871914512652,0.615656666905,-0.637180260197,-0.677819261069,-0.605167238182,-0.661616544823,-0.598180779044,-0.424060215671,-0.633834160935,1.65049535433,0.377957753286,0.0942797250785,-0.149590824289,-0.260062023954,-0.0602072695262,-0.0260201929167,-0.149589150866,0.156254980158,0.160176653643,-0.147677739146,-0.147676051048,0.430036332418,-0.246930861898,-0.301461820307,-0.22658932312,-0.0802716769584,-0.486762692544,0.128125413496,-0.881138966186,-0.0922403641544,-1.84287454977,-1.6867950355,-1.37119113132,-0.0886498926037,0.0632022941796,0.223955416085,0.302412545112,-0.948813436253,-0.213655835124,1.29091786629,0.155596587206,0.097558361425,1.03401278224,0.387694975201,-0.422419744443,-0.148191030064,0.139569883233,0.0909548205408,0.0575997729596,0.417073129578,1.2999356905,0.674482116897,1.40518323428,0.227528465991,0.965609011788,-0.81602373603,1.07515310903,0.43192784846,0.740507337362,0.449443198946,0.240497291142,1.50999320261,0.555949571333,-0.398459739664,0.869037718765,-0.392413277941,-0.257199997198,0.15020630126,-0.170483726385,-0.241970924071,-0.164076785785,0.487639906641,0.426241342061,0.5890388533,-1.17824651493,-0.766296804703,-0.353014844403,-0.101004984639,-0.927716869742,-0.122720182979,-0.281541838401,-0.236262229986,-1.35165335359,-1.80685238898,-0.343044751715,-1.24559305922,-0.667213520602,-0.54725018367,-0.37315991815,-0.412008704822,-0.403713091637,-0.981008202344,-0.96968484161,-0.902717091383,-0.830277088867,-1.15908283195,-1.60246689479,-0.209956688295,-0.212286014607,-0.309472659412,-0.135224138168,-0.336411266225,-1.78852201937,-0.00883193910768,-0.434688873334,-0.749965757766,-1.78296928898,1.15156748091,0.880999423681,0.883290542264,0.890027719912,0.222335380892,-0.095225101478,-0.0942186345748,-0.422891883826,-0.163634548784,-0.339226860314,0.296832214478,0.316146012654,0.335146999535,0.199951354325,-0.751623089959,-0.136818059131,-0.32511490596,-0.822850794571,-0.535256572438,-0.122121674779,-0.0407239261418,-1.91787993535,0.224363401212,0.880462935313,0.893045564242,0.884884523202,-1.80408506086,-0.355041424259,-1.78376443137,0.824969547597,0.466945138283,0.40764766908,0.423038415838,1.0300707181,-1.02202715953,-1.5074141423,-0.699221761506,0.369725102519,-0.713720434989,0.272579286025,-0.00962030405779,-0.510849385061,-0.510849385061,0.510849385061,-0.601275037358,-0.761703960288,0.671907661012,0.674907775844,0.6800204368,-2.1702125979,-1.38347409226,-1.09055588741,-0.717151572726,-0.861458644201,-0.49587614125,-0.658098685542,0.45461923489,2.22423106103,2.05644731196,0.155944632241,-0.47140010199,-0.698219302922,-0.634860769378,-0.614837671921,0.24397928637,-0.639480491702,1.41706027349,-0.679136615702,-0.669728943297,1.40357055907,-0.348517505731,-0.131254825172,-0.408707719019,-0.413865917311,0.75847744495,-0.27025399847,-0.639234586622,0.335841490619,-0.495194645928,-0.271742942244,-1.83671718683,-1.49529438054,1.27308806477,-0.256641640461,4664988687.52,01030331,0.05295567
639,600495.XSHG,600495,2011-05-31,-0.313522057746,-0.140608368625,0.145019667029,0.179253113055,-0.118126739454,-0.540582217846,-0.300155133262,-0.246180258261,-0.183148932358,0.158552507489,0.707686223287,-0.652956607932,-0.113601035958,0.766807605928,-0.425416366088,1.13906702382,-4.29069294705,-4.50440631052,-4.13143249763,0.15611398953,-1.06179638553,2.10179148609,-0.585927967169,-1.21940444356,1.54616741794,-0.444557838092,0.548847070879,-0.154193905074,-0.185299741075,0.0720027849147,0.0282606681153,0.0693187714056,0.0661626564438,0.078332065085,-0.378598283983,0.325482812213,1.21940444356,-0.613839594739,-0.586667480421,-0.148876835097,-0.0328488845683,-0.186883260553,0.164328996997,-0.400672874113,0.104859889492,1.21945256646,2.51534531639,-1.14257233837,-0.106375205887,-0.545921693976,0.231240449122,-0.458669695987,-0.291047715885,-0.188041021221,-0.144867197491,-0.408158745853,0.0802577286912,0.0841854065014,0.068955423257,0.0797321821668,0.0969386566457,0.29927113982,-0.727268733779,-0.682940740639,-0.530548832221,0.0916364443994,-0.151598641148,-0.309263261139,-0.766807605928,0.0499787195583,-0.151596967263,-0.0323319209525,0.211216640639,-0.152785327244,-0.152783637986,-0.144808513945,-0.298814684375,-0.478320139834,-0.176603477158,3.27375570808,0.108316905053,0.14182087387,-0.293957745473,0.912265401534,-0.30157706901,1.07051234264,0.388955739335,-0.30165546817,0.366264337442,-0.421731449651,0.0809467862872,0.584165148015,2.06271446609,0.219478550069,0.184911084783,0.0794917175992,-1.25970851006,-0.273455388541,-0.504148274324,-0.568064924321,-0.161372438456,0.0533710655324,-0.0346670650691,2.1432673405,4.94039836094,3.26293257114,3.05008009669,2.16536010691,3.19188793932,0.511282534388,-1.22564604267,-0.965541163151,-0.951627328506,-1.04773439473,-1.16254812278,-0.918438602985,-0.630184668431,-0.466956409129,-1.79097338563,-0.203531884939,-0.286877599384,-0.303460635079,-0.276911907727,-0.295487789776,-0.146531338672,-0.538278593283,-1.20122560035,0.727000288603,0.822281307964,1.17062663244,-0.533425565696,-0.326875844205,-0.0584453396199,2.32472893124,0.866978935819,1.00609817334,-0.171580911411,0.0731684067918,-0.441878494953,-0.374950418464,0.0479309745776,0.0878100850819,-0.205661663155,0.177811176523,-0.380995966577,0.284430875092,0.0932567476984,0.476302683549,-0.238686731788,-0.160392673097,1.08537399045,0.129697251811,1.72518946873,0.300678721142,0.609700595743,-0.186671246748,0.0159808895256,0.983108144918,2.15525243928,1.48348183585,-1.01596488256,0.747389299588,-0.563417107744,-0.56269225144,-0.560496356716,1.34897280391,0.998261146243,2.02845648567,2.64750765871,0.260648887154,-0.0266568769132,0.240591353646,0.258669896478,0.216744915403,0.0869383843944,-1.43484618254,0.174109851512,0.545019803507,-0.783818629167,-0.523158082827,0.50094032406,0.608938943441,-1.48171561349,1.34515037391,-0.236239137113,-0.237837754683,-0.232685003717,0.400243631345,0.580732725596,0.0889000923666,-0.687210531084,0.376902435647,0.339300416633,1.18683527199,-0.148645378418,-1.68424492488,-1.07115122014,0.49094293893,0.369725102519,0.97389438666,0.00800371310766,-0.0100888729008,0.385873101501,0.385873101501,-0.385873101501,-0.138096251205,0.323402799091,-0.353514431617,-0.353872122163,-0.355360088855,-0.0637972437446,0.500179094895,0.317078937579,0.397539445562,-0.340906744017,-0.414771481724,-0.253176436101,0.408408881941,0.0863636781607,0.550885414046,-1.34356703347,-0.153070259902,0.576256034303,0.0718150349043,0.0700040787247,0.206673084712,0.0666136283326,-0.0763080966144,0.0585263576115,0.050922738413,0.148099129722,2.14337821716,1.2450458227,1.99659171627,1.58549408954,1.02530704549,-0.18516701106,-0.112841851534,-0.0385391874481,-0.551751079912,-0.362705568299,-0.104707280558,0.689496695696,-0.879806597771,0.0832429759848,4669577100.0,01030331,0.08867314
684,600990.XSHG,600990,2011-05-31,0.0545543525777,-0.557142769098,0.141185895664,0.185234185284,-0.118523550394,-1.03308688497,-0.292026951839,-0.246180258261,-0.156177916743,-0.168622808276,2.10314012467,-0.652956607932,-0.246315897015,0.919172461894,-0.645787659752,-0.103827337576,0.424833067536,0.36194187034,0.24756536162,0.654208415633,0.117965389644,0.745211807654,-0.23214549333,0.0377018650311,1.00160530848,-0.635504195726,1.78715867003,-0.145524212805,0.107143650988,0.930847065564,1.29484889582,0.98513103646,0.879552822296,1.0942997895,-0.693572484623,0.405435567422,-0.0377018650311,-0.422766417556,-0.569547428882,-0.341442475585,0.103834116747,-0.27769446514,-0.884129551038,-0.0624375332824,0.172775536529,-0.505326393062,0.625384696473,0.532710575769,0.843847804426,-0.992024575108,0.352475767138,-0.96309766243,-0.732394972976,-0.727132322531,-0.14230795216,-0.611178103858,0.940369556272,1.22539043007,1.01050025336,0.883799773921,1.088953305,0.480129262484,-1.19532523647,-0.830644547016,-0.402085916793,-0.166656963852,-0.145253939875,-0.237167806651,-0.919172461894,-0.113400328114,-0.145252267449,0.3236833509,-0.115431288658,-0.145704967024,-0.145703279374,-0.621037735803,0.138693493599,-0.295302575349,-0.00886787922455,0.537810426301,-0.0167833608151,0.15376614938,-0.881138966186,-0.188540090452,-1.53044938475,-0.166426944382,-0.805006606306,-0.0754288568789,0.441507327493,-0.0165387210203,0.100038662048,-1.42185356842,-2.14839629021,1.02144391204,0.114293527596,0.222942107017,-0.0675052913805,-0.330125419718,1.4657428059,0.0555503903226,-0.455502483888,0.131027565947,-0.22549831896,-0.332030018558,-0.57428555721,-0.561210311006,-0.857552937411,-0.509690093055,-0.609364910352,0.474066610849,-0.0726900233174,-0.18595258871,0.0246042094943,-0.812503164669,3.63572671268,0.964835042171,-0.76180476785,0.678591338808,0.924454616773,-0.305599950467,-0.0929839317692,-0.372028166331,-0.254625664626,-0.195359460392,-0.162409968309,-0.394001664475,-0.658736619548,-1.6541656772,2.23014973955,0.167717807532,1.01601095733,-0.31351462494,-1.29376517273,-0.384238631545,1.6759502394,1.43684356865,-0.747755320609,-1.00492871143,-0.593061731952,-1.40711255888,0.85221807365,1.15107548757,-0.604275130851,-0.381763171641,-0.628836843489,-0.297354652505,-0.686323789759,-0.69120306373,-0.576884184064,-0.624576217627,-0.201871855725,1.90006776786,1.24887480533,1.46575226246,3.03991132462,-0.511214221202,-1.48439231563,1.87984316314,1.53187041973,0.19860402903,-0.627492777719,-1.32279162916,-0.929557742279,-0.929986213225,-0.92941290967,-0.855195875787,-0.797639955419,-0.607731852982,-0.655227466412,0.590798503886,0.538344164071,-0.821318576249,-0.817350592523,-0.788895974394,-0.836002462231,-0.472749382724,0.736229286335,-0.689389310398,-0.797058244957,-0.752072782771,-0.648418749894,-0.652727190192,0.841243810046,-0.855438441507,-0.817205448918,-0.816203807973,-0.816272629665,-0.837296307503,-1.74180152517,0.496290681597,-1.23893846999,-5.16925085562,-5.245724401,-1.02761736644,0.445272529436,0.426117579097,0.132626331192,0.49094293893,0.369725102519,0.97389438666,-1.73303040799,-2.19900822296,-0.837058667575,-0.837058667575,0.837058667575,-2.96710463483,-2.55101788645,-0.892885766926,-0.893647381515,-0.894082365834,-1.01964958933,-0.904579214172,-0.711819185111,-2.32933370099,-2.98106511932,-1.55239950601,-2.57067610879,-0.574472171623,1.270149559,0.327940221637,0.184448587869,-1.56303514562,-0.0460623842301,0.94529956307,1.00539676085,1.6828205798,0.930205143928,0.882272951765,0.826034438832,0.823804431538,0.747935479302,-1.20544802377,-0.997631846074,-0.771734945872,0.0632420409869,0.38404039756,-2.24359141048,-2.43851655517,-1.00752447186,-0.165574486321,-0.440337487459,-1.19384504144,-0.742528358631,-0.217320147443,0.287247760684,2744784000.0,01030331,0.1101114
710,600166.XSHG,600166,2011-05-31,-0.65293455362,1.04036724109,0.123865464321,0.0662700510518,-0.380088063841,1.11708803858,0.0646337317954,3.74116275484,-0.183932322853,-0.250470272515,-0.157682504818,0.860636052705,1.24672628987,-0.177987570805,2.02713882215,-0.363578294003,-0.00121035061976,0.304146761304,-0.084896514896,0.475028959711,1.39352347575,-0.874691554094,0.00121909500331,0.453388844546,0.0486216169164,0.819159874251,-0.0517438257132,-0.155846565163,0.482581920289,-0.606419147771,-0.540025039278,-0.596392307192,-0.605804978379,-0.563135776935,0.432626408298,-0.56333179869,-0.453388844546,2.09115538418,0.943437125888,1.07303968364,-0.0144884814065,-0.0525064094396,0.450921265477,1.06594734922,0.0940407689753,1.39496457966,-1.01912649229,0.39813106189,-0.685085919088,0.53272773751,-0.405405721247,0.850678334355,0.669476669637,0.0510055802775,-0.0287156097079,0.700351859201,-0.615851102569,-0.526908081471,-0.598685102342,-0.609120227926,-0.548061798355,-1.69450437977,-1.89876943432,1.91323770222,1.31531584603,-0.139027199772,-0.15256239324,-0.313610521567,0.177987570805,-0.152835733012,-0.152560719133,0.110258175009,-0.127771942791,-0.153271764206,-0.153270074837,-0.483520972988,-0.294567032161,-0.478320139834,-0.227506128907,0.274839441804,-0.549102559183,0.125284566487,-1.4683201869,-0.531787735565,-0.350176539124,-0.50759124561,-0.0801008964524,0.293291139446,0.876244603345,0.731728582344,1.38428550489,-1.05769437411,-0.633140101963,-0.145143836962,0.19616062587,0.0446268073395,0.717341917712,-0.241972037886,-0.141740621823,-0.0919234593293,2.60821858199,0.0349525365878,-0.204164663818,-0.408025990108,-0.288910305502,-0.144977072133,-0.496478016396,-0.488626705653,0.0537820042335,-2.33733551002,-0.350319787622,-1.42948110283,-0.82146312344,1.49276288992,-0.551898507395,0.964835042171,2.2167860422,-0.475616907567,-1.79097338563,-0.546624811729,-0.52578229698,0.266785479135,-0.234158706675,-0.730528117445,-0.158725424415,-0.258746123578,0.426241342061,-1.02002715002,0.253812095896,0.402829683929,-0.62158080451,0.259846089574,0.0653102984592,-1.05394069335,-0.757335913427,-0.886590616294,0.196666319386,-0.358897791734,0.395757175704,-0.919842984073,-0.605958648752,-0.590410608544,-0.248674739832,-0.0640920279557,-0.247237422998,-0.393939489303,-0.620838455948,-0.902064077339,-0.365208200599,0.223253755043,-0.517357487862,-0.371013362429,-0.774047046972,-0.708569521477,-0.0723445598681,-1.23640207351,-0.335457879249,-0.561815655653,-0.659998083462,-0.510913723813,0.33236430644,-0.766518522455,1.6372948782,1.6405513041,1.6542855007,0.692360958133,0.00252988347346,0.9645201205,-0.605655624848,-0.818550708968,-0.999263433685,0.501191891118,0.539354848655,0.668099694892,0.393020488273,-0.521262213483,-0.619499062514,-0.46037755274,-0.6613298498,-0.620921607725,0.244241278555,0.793819741929,-1.92575564537,0.695375551519,1.04461055355,1.05626705838,1.04729975421,-0.936098164398,0.497992717861,-1.75519253182,-1.30225421951,0.536571654503,0.498432230696,-0.372834103476,0.737296284938,0.317481328619,0.502069273323,-0.699221761506,0.369725102519,-0.713720434989,0.0598768348526,0.0824534735912,-1.48524074841,-1.48524074841,1.48524074841,0.140881070487,-0.30492916885,2.20054442723,2.20038075856,2.20115133436,-0.541723416537,-1.00035818979,-0.31353678131,-0.364243816587,-0.210516073873,0.171885555515,0.114134458155,0.226672598853,0.882529328609,-0.293438654374,-0.00591711578883,0.0765720541278,-0.171755465368,-0.604955996683,-0.589597944264,-0.698100479712,-0.604786355233,0.021231729361,-0.605477617694,-0.595877998639,-0.220172489555,-1.25717428755,-0.986078584589,-0.869036829336,-0.77037571564,-0.282111912596,0.396998156799,0.0640745984739,-0.0752431754939,0.164480722779,-0.510736916448,-0.696087239546,-0.843260159031,-0.217320147443,-0.87964792986,18544013364.0,01030331,-0.01251422
714,600262.XSHG,600262,2011-05-31,0.00879764597933,-0.522006757688,0.148648057784,0.244665535559,-0.120993423836,-0.32338630217,0.561530027446,-0.246180258261,-0.0552324558077,-0.319016182932,-0.168546441232,-0.100828467574,0.583151984587,0.700272734327,-0.741129906804,0.152716816919,-0.262646084488,-0.285363350867,-0.645332249594,0.978627191628,0.225844118171,1.03461547239,0.138945783815,0.603112693324,0.748772900513,0.0890504376967,0.332582236097,-0.143681903198,0.258165423874,0.29515051682,0.145668033279,0.270181286779,0.286785372872,0.199329377211,0.41534934244,-0.30786079907,-0.603112693324,-0.10380111377,-0.250686468966,-0.299428154024,0.511843075896,-0.465610274036,-0.526144190765,-0.350593577474,0.180830648154,0.415644888976,1.21446333125,0.0802449687637,1.47908538916,-1.11375265911,0.113585489461,-0.895973519333,-1.64082523128,3.02672361962,-0.101762723853,2.223619803,0.320306807104,0.13669254152,0.277931307057,0.298546466266,0.177303939951,0.763146545603,1.02744695433,2.74407161309,-0.423777195955,0.247540131249,-0.148653843089,0.304106745288,-0.700272734327,0.0208874633485,-0.148652169881,0.199491976998,0.155144542249,-0.150623385192,-0.150621696425,-0.670841103958,0.363669143769,0.862635476873,-0.163431591114,-0.238509240401,-0.363285855691,0.134179455198,-0.881138966186,-0.154337084215,-0.508124816994,0.685609028431,-0.814482497938,-0.310469491986,-0.277481244108,0.0529880200386,-0.0660606570708,-0.697865099502,1.2485353997,0.724784691276,0.105917956859,0.141487529632,0.897102105037,-0.418278801551,-0.523296101325,-0.583706090193,-0.631820222294,0.0984217917346,0.150794161212,1.9912753974,1.62387516541,2.41745880468,2.17547639912,1.50186340377,2.51689911555,0.860576535091,0.142562519541,1.22497337109e-17,-0.365888405706,-0.0846700646013,2.40169646909,0.171877717895,-0.250547151147,-0.683468870079,-0.294717139407,0.504426640227,-0.144672422243,-0.176292062091,-0.0185734162626,0.963021729551,-0.109071809085,-0.392121664679,0.968730322865,1.41148263779,0.74729175233,1.48998866049,0.00871776344212,-0.396037637593,-0.677969045907,1.56041750968,0.927060075395,1.41222954606,-0.904408700179,-0.107027793707,-1.15157305335,0.585881801125,0.268722483624,0.285495945281,-1.02519130559,-0.348666672753,-0.736781736115,0.199794304631,0.165654915934,0.538436275146,-0.18285030117,-0.569232324963,0.76564964969,-0.101001718226,0.831132571237,0.215204928607,0.843657945633,-0.461899117274,-0.489212340588,0.0633489269846,0.550302486281,0.92326268703,-1.43128470343,0.665708691515,-0.692725589376,-0.692385602231,-0.692858434691,-0.626790290892,-0.63352145007,-0.45237723099,-0.284386798894,0.599031790511,0.54197143744,-0.662429548846,-0.661750023136,-0.663018962619,-0.672128375464,-0.497325811672,1.31695069073,0.321231603347,-0.872606176958,-0.769983742191,-0.596761651628,-0.534464098829,0.868433761323,-0.629342769222,-0.691402744164,-0.692949437275,-0.690430046136,1.24773137508,-0.924448193977,0.546203861948,0.697741261295,-1.09146331161,-1.93563250686,0.726470758818,-0.0467966791702,-1.02866113612,-1.07384281155,3.46635469002,-4.12313690278,1.81770179749,0.891205903865,0.708695732257,1.40545362953,1.40545362953,-1.40545362953,-0.802206648659,1.20556625554,-0.774721612009,-0.774897607481,-0.775234072387,0.0424085724314,1.45796885108,0.238356702328,1.55265161654,-0.0538451136235,-0.889504088817,-0.66290013514,-0.34344197027,-0.0765313601216,-0.0423623139543,-0.951637643586,-1.42416548962,-0.378704032988,0.291971123411,0.254153207845,0.552246321124,0.288920025343,0.556019051088,0.274545725524,0.248296474818,0.915331669882,1.46929502508,1.49207395566,0.614675882551,1.11618367411,1.46034528886,-0.945844678505,-0.729776410074,0.181684740827,-0.644213130858,1.27887964532,-0.249821624056,1.54707823964,0.527883958663,0.974595663237,2946100000.0,01030331,0.18234276
723,600391.XSHG,600391,2011-05-31,0.459674555967,-0.771741029113,0.152413368946,0.124322003676,-0.110427192035,-0.677687139617,-0.023894894785,-0.246180258261,-0.0835464265578,-0.458897039246,-0.804274030666,-0.652956607932,0.267954189578,-0.490701467329,-0.331593921061,-0.370509123983,-0.70805511256,-0.655252048699,-0.7783170002,1.51371942348,1.02242064961,0.67790862981,-0.151348540394,0.215648420128,-0.748772900513,-0.409840318522,-0.839937952477,-0.146878852222,-0.103956503184,0.574299547814,0.589788726067,0.56311423121,0.573248013166,0.551587240526,-0.439068014485,-0.712180604255,-0.215648420128,-0.338300013041,-0.565267415997,-0.26441621939,0.454721821615,-0.223960246746,1.85226566723,-0.980872396482,0.170801244464,1.28013491145,0.330845379083,-0.74347446963,1.23797784994,-1.0750198984,0.284507413221,-0.65054790419,-1.36395843563,1.1769975032,-0.021276312721,0.572063553223,0.580896898752,0.592360984736,0.574581484615,0.572504776836,0.526933187234,0.639385545596,0.601478831898,-0.178759478487,-0.419354702145,-0.0522976695634,-0.148332592391,0.0427429477559,0.490701467329,-0.115128784835,-0.148330919257,0.0716208586839,0.0761483808419,-0.147947981903,-0.147946293743,-0.33559753623,-0.192485954999,0.491320995082,-0.0495882290185,-0.110269476649,0.0189676832488,0.147185996982,-0.293957745473,-0.697932435763,0.234752797604,0.816826067365,0.481345682748,-0.260523357026,0.249219686251,-0.144764268055,0.203134791156,0.262902367582,-0.328694456778,-0.752734543404,0.11634636356,0.139167327085,-1.1361461045,0.645858450566,-0.378286338307,-0.486405850547,-0.533042216573,0.0824922531879,-0.0252451075349,-0.234320912279,0.397532867526,-0.0669333398447,1.7421864939,-0.320119606443,0.515616462605,0.752570046791,0.514269404715,1.14372611208,-0.496052610773,-0.840177427029,0.320834372101,1.50999320261,-0.575506924534,1.97215487823,1.03528841279,0.16563277598,0.828010989399,-0.336570463238,-0.161387300629,0.693711050518,-0.159953605713,-0.429055827343,-0.116247638744,0.240988776169,-0.883932667547,-0.144796301783,0.928994675089,-0.402368573444,-0.140452087745,0.547808161447,0.240678571753,0.238205442296,0.500821301642,0.535068711127,0.544926970635,0.453561093422,0.594869918787,0.554591006291,0.0688942445245,-0.046646036888,0.0220124547719,0.100377789055,-0.258527740684,-0.123560185496,-0.642394707496,0.809685334294,0.703422828455,-0.0194686976649,0.352824292137,0.0633245741806,0.606301699619,-0.472470575307,0.233940510544,0.230044132888,0.580157946987,0.732422780446,-0.128863059397,-0.651039042076,-0.830249656182,-0.830841909483,-0.831761617651,-0.939156325216,-0.872261838738,-0.945780275252,-0.876024312871,0.537066646944,0.505274023876,-0.834526681598,-0.830663085271,-0.792161371294,-0.836443901961,-0.355985555263,0.134117526793,-0.100501933564,-0.401493914026,-0.573138988068,-0.902552104511,-0.744539257194,0.883435113751,-0.940100982338,-0.825872571061,-0.826475855191,-0.825045323381,0.43331627428,0.176770302428,0.62946553242,0.0315878116886,-1.02650025364,-0.400854172423,0.49074504173,-0.484756230228,-0.366107374309,-0.514226702309,0.847992349061,0.369725102519,1.48017883316,0.0123075965712,-0.0314087552572,-0.170518488587,-0.170518488587,0.170518488587,-0.248413310833,-0.0215398719611,-0.841152853837,-0.842204841846,-0.842937952902,0.254820204783,0.564031745307,-0.306397951987,0.0384130505489,-0.37729483801,-0.0227656273475,-0.58527669997,1.39348940167,-0.446314757143,-0.588932596917,-0.315388634035,0.0559292674247,-0.53634864112,0.572859925989,0.556420836191,0.0931836922996,0.570569841703,-0.688454590667,0.566638326206,0.570891861134,-0.51869569609,1.40816349832,1.2204032745,0.836570688763,0.607516287996,0.0479687461031,-0.160321610736,0.222617498535,-0.163332746804,-0.274119334622,-0.569332783911,0.369644982061,1.47221000961,-0.962524253549,0.451801345685,3814828243.2,01030331,0.12740385
756,600609.XSHG,600609,2011-05-31,-0.0208481896053,-0.497477326946,0.130711484615,0.164943933789,-0.116975410482,0.0439721468739,-0.183618556237,-0.246180258261,-0.151701399628,-0.420172354331,-1.20623967796,-0.652956607932,-0.727407268343,1.25716960963,-0.420046398932,-0.547607346764,0.821828070818,1.2519865495,0.7225108995,0.268024707734,0.319051339618,-0.0241476440822,4.08656996299,1.48088669495,-0.0291729701499,-0.559125652672,-0.0484868251894,-0.14560549117,0.130576284238,-1.00202564973,-1.059739009,-1.01084432347,-0.995551955056,-1.03727407798,-0.575689735269,-0.574499626208,-1.48088669495,4.152414659,-0.0559458827082,-1.01367162056,0.471042179981,-0.347252303122,-1.44099566702,1.75899679347,0.112520142704,-0.844680737735,-0.626407402436,-0.174992040316,-0.477634062567,-0.0527068327056,0.486425010742,-0.360309565508,-0.073539168775,-0.727132322531,-0.160323343724,-0.84658091774,-1.00643575999,-1.07405811993,-1.01184826509,-0.993874235003,-1.0344098753,0.712291359027,0.457975943648,-0.816442257941,0.569809746655,1.90652293335,-0.149349886266,-0.175595160116,-1.25716960963,0.48031126,-0.149348212898,0.113937919421,0.737271968271,-0.148542515967,-0.148540827672,-0.276378605936,-0.013247524691,-0.29794225176,0.361366643326,-0.116986323365,-0.320695623714,0.130888625259,0.881109595376,-0.341955516484,-0.820549982012,-0.0264621028517,-0.790792768858,-0.135658019625,-0.883605330633,2.92979940418,-1.09193078128,-0.262513969468,-0.194676399228,-0.822396788829,0.17694608124,0.119244521223,0.19634381339,-0.367905440504,0.151314535323,-0.463655063824,0.00773230156137,0.0747763829544,4.50578891617,-0.46230882693,-0.983066323171,-0.249035381852,-1.06617400289,-0.541285174157,-0.905412640077,0.371871037285,-1.22564604267,1.22497337109e-17,-0.365888405706,-0.715643246409,0.0464590955996,-0.571519773614,-0.00584353594137,-0.140219422604,0.536536330716,-1.54137241232,-0.387039506761,-0.172315049447,-0.182763901155,-0.00891360567705,-0.144952248432,-0.27079640005,-0.116247638744,0.886261033215,-0.339653634716,-0.709853353352,-0.101988815533,-0.312698719447,-0.189656136619,0.649854064758,-1.03771456478,-1.08188345342,-0.972078190498,-0.875992315936,-1.04879996694,0.804754867901,-0.982351026361,-1.03574098383,-0.823887910413,-0.890374872232,-0.762838053587,0.914626493408,-0.709443577898,-0.528213537116,-0.760754441672,-1.37680442359,0.295362510697,-0.971908650818,-0.709374153615,-0.66254517165,-1.15036111396,0.886737127115,-1.271501523,-1.10276922785,-0.714374829228,0.728795979173,-1.47247852726,0.910750515734,0.292273958159,0.292970183311,0.288684824631,-0.331754853096,-0.498560701436,-0.330437160238,-0.406992578813,0.155347557935,-0.32928539262,0.280182729833,0.326630680276,0.341407593629,0.0955289935881,-2.31000030947,-0.364403798519,1.63921763721,-0.86390964045,-0.334838812351,0.0188787540326,0.319045551202,-0.441559339487,-0.332097690515,1.21539813468,1.21501875931,1.21844276188,-0.282976892017,0.220468694213,-0.862035828282,-0.791783422039,0.551795676644,0.489659630069,-0.497550269731,0.780490683484,-0.250907472073,-0.824983164257,0.847992349061,0.369725102519,1.48017883316,1.06585296441,1.04278531731,-0.41199808733,-0.41199808733,0.41199808733,0.217992610243,0.549657157091,0.287920169139,0.29049922909,0.294327638062,-0.594826324625,0.404400119277,-0.245717902742,0.621410445051,0.483890053169,0.150257646308,0.456637862821,-0.743442925572,0.803272021338,0.503389750022,-0.190174828955,0.292591519021,0.792937331589,-1.00404967419,-1.01536131396,-0.868530916761,-1.00208001053,0.996629989115,-0.988069248975,-0.98860066957,0.987870019133,1.5082412909,1.31801804488,0.883178056647,0.674466777551,0.943391740661,0.737175932464,0.197614317163,0.203707133654,-0.102401089898,-0.632705466759,-1.27966535211,-0.253843002639,-0.0518848358876,-0.820790912831,5179242205.68,01030331,-0.00632911
765,600698.XSHG,600698,2011-05-31,0.243821287781,-0.674884036662,0.168159215622,0.088203703952,-0.0806147917147,-0.944657119303,-0.357346192911,-0.246180258261,-0.230711926701,-0.535595514909,-1.16016160283,-0.652956607932,-0.727407268343,-1.1254441424,0.914947700063,-0.907803615293,0.318322212997,0.627799371907,0.276062093893,-1.38709200712,-1.12479756298,-0.675095567298,0.671969029397,1.05515434539,-0.884913427879,-0.715354490737,1.15790616883,-0.182858075139,0.00164518763184,-0.9592312744,-0.9497505646,-0.956327668242,-0.960525868809,-0.953823260603,-0.813581642082,-0.873530709278,-1.05515434539,1.038227876,-1.28002956776,-1.37429454729,0.30375850673,-0.202436519295,0.851742480826,-0.417108716333,0.103438399205,-1.62234832814,-0.528227629973,2.64189640535,-0.538856823277,0.0818436303054,0.24551804142,-0.420882696054,-0.995875030759,-0.727132322531,-0.150690407882,-0.964905083448,-0.960920421312,-0.963584392431,-0.955835214402,-0.959633178855,-0.942926283219,0.13130459046,-0.506902892691,-0.982609040115,-1.27879266586,-0.193837868949,-0.179949015187,-0.292219562543,1.1254441424,-0.182644963553,-0.179947334785,0.661299900692,-0.58581389182,-0.210563228585,-0.2105615262,-0.876001247402,-1.8785415287,-1.05200981312,0.649385388932,-0.881012640505,-1.1975657378,0.150907212605,-2.05620630703,-0.740658521224,-1.66062653684,-1.34038205271,-1.83077187548,-1.92931186629,-1.79070137736,-2.42603922264,-1.51577042317,-2.19985814537,-1.41245897997,-1.1353671695,0.186389126678,0.203792702003,-0.747488062967,0.664748460959,0.0254525993059,-0.633676568175,0.321497731498,-0.219173383039,-0.241364309627,0.178228647564,-0.126940568046,0.49238007489,-0.327976386589,0.132743222685,0.953767102599,-0.557988847798,-2.27057794956e-15,1.22497337109e-17,0.0,-1.92028770385e-16,1.5230887468e-17,-1.37556168587e-17,2.29941250791e-16,-2.73155817347e-17,4.92200928976e-17,0.0,0.0,-0.431347945291,-0.331035640975,0.812829235475,-0.160304514656,-0.640803859949,-2.28620356196,-1.71806360513,0.372343974157,-1.05204177716,-0.0464077347308,-0.159308486888,-0.298501456858,-1.18821161876,-1.05258312963,-1.09321885856,-1.88797132731,-1.87618801996,-1.67546192528,-1.11492257159,-0.950067500776,-0.958385647229,-0.913506390275,-0.968918177851,-0.935605240088,-2.34782952655,-0.869481322229,-0.935847133682,-0.626167062573,-1.73688161867,-1.28353227541,-0.775699874169,-1.00841650884,-1.19116770394,-0.422430860672,-2.55976285122,-1.61111302552,-1.03369662872,-1.1442934634,-1.65762228403,-1.38865626882,-0.452470667278,-0.613349345863,-0.607510161914,-0.598276228104,-0.612127708207,-0.632395516038,-0.489531678996,-0.554446892811,-0.0753614443117,-0.0762561050267,-0.0249865214992,-0.0207948647941,0.000533928900709,0.00476937334431,0.0250897648793,-0.830702081681,-1.27415282605,-0.585014513031,-0.218112698618,-0.0130667743899,0.0310704046777,-0.683456147394,-0.611308506906,-0.363142199236,-0.353993436166,-0.360010826907,-1.17145279311,0.0946881881291,-0.684798025007,-0.20786650525,0.528654620727,0.466811352222,-1.61120107763,2.37530538018,1.45169598027,0.382445163782,-0.81823823155,0.594368202784,-0.713720434989,0.711575399307,0.642158956551,-1.59115285313,-1.59115285313,1.59115285313,0.0566358640582,0.203800327017,-0.709304741026,-0.706992523954,-0.703430225398,-1.56837963957,-0.744947588141,-0.768792093084,0.238964154258,0.148310964118,-0.0952191231909,0.250175530102,-0.958214327987,1.26378376334,1.33645356668,0.342238342238,-0.0966327420476,0.0437732718253,-0.958617989957,-0.955060064179,-0.510391380843,-0.958256874764,2.13683692035,-0.962029292975,-0.962218982639,2.00898678167,-1.17157727351,-1.48188400843,-0.145186485003,-1.21747320451,-0.352966923102,0.284002637519,-0.117387884511,1.51770990569,0.592029119692,-0.693629606729,-1.82579460184,-1.48032073453,-0.217320147443,-0.494117820216,4859087200.0,01030331,0.028
791,600991.XSHG,600991,2011-05-31,-0.112799375975,-0.41089802894,0.136256761053,0.142852355676,-0.114314859234,0.15289331292,0.0671799091085,-0.246180258261,-0.139838629274,-0.414057930397,0.0652155009059,-0.652956607932,-0.445388188599,-1.85599703258,1.04939951923,-0.642259726346,0.0568864791288,0.130761434195,0.124079521771,0.0,0.0187169593994,-0.072521803158,-0.230083311686,0.0420070236221,-1.50727012441,-0.722297994651,1.48881742205,-0.156848998331,0.00185164255034,0.000961362204977,-0.325872773262,-0.0311945024881,0.0193720075552,-0.181352384408,-0.846009365692,-0.791133255507,-0.0420070236221,-0.128416523078,-0.674407744559,-0.117366093926,0.411880880905,-0.496551571001,3.14652043129,-0.954946641886,0.205469813126,-0.421771471883,-0.0618737107712,0.843635659557,-0.533002349264,0.067910461397,0.336006118705,0.0370235870536,0.360751513314,2.06394282462,-0.279262018555,1.14873817136,-0.00894051295492,-0.423463851488,-0.025269136897,0.020218439519,-0.191470619408,0.470439249307,-0.948769710446,0.954583189674,-0.556873200137,-0.256678126604,-0.15719375746,0.251553648427,1.85599703258,-0.168312068583,-0.157192082288,0.276766609648,-0.085398369862,-0.157352429829,-0.157350739533,-0.410178699486,-0.0133099901648,0.242311520326,-0.179238740169,-0.133860850094,0.29508052861,0.132651623708,0.293928374664,-0.545734592477,0.913409683837,0.90780321436,0.396062658059,-0.563138174727,-0.267030828823,-0.477580799026,-0.145610139407,-0.281890719804,1.71566192399,0.162729306234,0.0802985640191,0.0910308582619,-0.455124556913,5.88468799945,-0.340457704477,-0.598331595944,-0.0279319682526,-0.00636470401752,-0.209583509861,-0.809718982587,-0.620562625055,-0.89939981759,-1.03407845435,-0.709792273367,-0.419894363327,0.378577556101,0.213631648894,1.22497337109e-17,0.0,-0.336505852077,-1.40312036521,-0.720199271916,1.78640592168,5.40525519086,1.0907053108,0.556292749613,5.46785677781,-0.217451747169,-0.15911319419,0.641920535319,-0.156005880113,-0.313827506497,-1.20122560035,2.62457511803,0.261875488975,0.380003288162,-0.613835899808,-0.36627855832,-0.150143794341,-0.356558163845,-0.966709581647,-1.16252676427,0.861496704006,0.911266218669,0.282435403674,2.4298511849,0.0628562270644,-0.105041066579,0.0250874949691,-0.076410351482,0.121977157811,2.79588555407,0.0177309217285,-0.309120378377,0.285534942774,0.728934534921,0.787697381223,-1.03100767993,-0.964556963406,-0.825602868178,-1.25572689381,0.754857597792,0.894577811462,-1.16032972713,-1.04079453295,-0.64189726431,0.911537172851,4.60750217421,-0.400395048582,-0.400510150273,-0.401106051399,-0.611960670006,-0.491500913453,-0.539720905505,-0.259413038222,0.0649001470055,0.121714367967,-0.600514866339,-0.596605433029,-0.513705129204,-0.605467788444,0.238554398197,-0.0712757191263,-0.625057075954,-0.600108600653,-0.732321471875,-0.604165276479,-0.50118408928,-0.544318603621,-0.611809126549,-0.308620859769,-0.312023834486,-0.308206606804,0.780949430586,0.755573851298,0.630144772363,-0.843403642752,0.543431276233,0.502660466133,-0.606938104975,-1.39815849407,-0.527940459517,-0.993163582702,-0.580205291463,0.145082002254,-0.713720434989,1.18024565647,1.17351602451,-0.60687636,-0.60687636,0.60687636,0.625630705866,0.514614394573,-0.373488758035,-0.374179947186,-0.37551957856,1.06906479547,1.10677927381,0.687770110364,0.506365625869,0.644604134974,0.378972786172,0.736722422711,-0.229134419647,-1.69070175205,-1.65624082056,1.00291931376,0.452451483388,0.421556857518,-0.00538740127142,-0.0528920763392,-1.05388383447,0.00148949422113,-0.769177205267,0.0336885514311,0.0353663337271,-0.86464782329,0.579282446832,-0.349995106067,1.35016288306,-0.740859186508,-3.00547896681,1.06646257374,0.564138225905,-1.81501220886,-0.060685457139,-0.502500569515,0.822152074691,0.927713791235,1.27308806477,-0.388995538066,7870366702.9,01030331,0.03904699
809,600118.XSHG,600118,2011-05-31,0.544953588227,-0.802519298078,0.136804442676,0.196242125015,-0.119155915458,-0.152603085141,-0.333843017713,-0.246180258261,-0.226906887154,0.439279655475,1.21267195726,-0.405450889841,-0.528334976759,1.41219586046,-0.668787330401,0.394261413995,-0.0883555952426,-0.100419001951,-0.0469008718656,0.920837230588,0.420888859347,0.676646695225,-0.418012291339,-0.553061563854,-0.76822154728,-0.444557838092,-0.507723899048,-0.145388748863,0.156486376511,0.463006575389,0.5327382218,0.468863135943,0.442569193934,0.486445346752,-0.422588351667,2.64355709998,0.553061563854,-0.473212256374,-0.488227184071,-0.316934121341,-0.191972378637,-0.283717504015,-1.50932905488,2.12452992442,0.123655149951,0.536076004417,0.281755492851,0.0384789127325,-0.670265688026,0.475691091129,0.175620678103,0.542495917816,0.91323982668,-0.723835128027,-0.147871528967,-0.775586418315,0.480309970631,0.56440356694,0.485126063442,0.450421476355,0.454932612868,0.468015165775,-0.68235950762,-0.917278510371,-0.320375078782,-0.14989956181,-0.140381637632,-0.426090806577,-1.41219586046,-0.174827020842,-0.140379966326,-0.0801685983074,-0.0949434065538,-0.140273087618,-0.140271401202,-0.0444584437828,-0.336044106715,-1.11712183126,-0.00237051647191,-1.02155332505,-0.0590569904531,0.154802542226,0.293928374664,0.642072721199,-0.292898592204,-0.171675625939,-1.05848670746,0.171363809984,0.669326380704,0.0427299762758,0.420145778971,-0.194601840044,0.0342388378,1.25931499398,0.165368086399,0.14860281744,-0.0560787553471,-0.241972037886,-0.185173497702,-0.350104262232,-0.326269596079,0.168113522876,-0.197915904417,-0.853145252044,-0.535721334007,-1.01646541602,0.683033392254,-0.783514129272,-1.24882800656,0.512716341859,0.142562519541,-1.60036917803,0.610343132295,-0.876153968097,-0.275328228682,-1.46359676342,-0.809440681094,-0.143762353783,-0.405550935424,-0.447469014374,-0.257447310549,-0.383815456819,-0.32785189196,-1.396899413,-0.15626906182,-0.344743058702,0.968730322865,-0.529658960679,-1.49110616639,-1.55214735714,-0.323174182169,0.173470530686,-0.676478014123,-0.447449251815,0.11535781092,0.12614686577,-0.663869000892,-0.449007133169,-0.702269078886,-0.332903484494,0.475713245509,0.492304770823,-0.881737844648,-1.25336488538,-0.750529047191,-0.587057869838,-0.8071769585,-0.657704832661,-0.876631075366,-0.782423837359,0.268979369966,0.420369916591,0.0799780472312,0.134991061767,0.256215398815,-0.0761392931397,-0.222254045076,0.377226329537,0.392824882877,0.281929929717,-0.46722625913,-0.83693283976,-0.19087623384,-0.190426926552,-0.191924659462,-0.345764607581,-0.288070058168,-0.644604162925,-0.560569578764,0.339833530011,0.381004001,-0.534448747995,-0.539088289471,-0.5262618785,-0.505305574839,0.0592505921918,0.301202938462,0.102666960685,0.0649956231265,0.220450026821,-0.662829068818,-0.626413082189,0.570656915619,-0.346088465399,-0.278638955449,-0.277328097595,-0.277441443112,0.0586688879977,-1.35314899566,0.0484305383243,-0.306111199293,-0.0966554819173,-0.191528856939,-0.61875791668,1.14457949471,-0.285476038002,-0.660365434068,-0.699221761506,0.369725102519,-0.713720434989,-0.194958370226,-0.414229499986,-0.854710685027,-0.854710685027,0.854710685027,-0.657070501696,-0.332353939517,-0.242792522023,-0.242754712754,-0.243578662088,-0.276208876097,0.244768493246,-1.09547961374,-0.183903289221,-0.534976578649,-1.34585297308,-0.607683464762,-0.462924735409,-0.270530558355,0.312433023703,-0.46096240742,-0.805020897192,-0.0198736576965,0.466106271081,0.468519582557,1.22768491957,0.459712080068,0.515657743788,0.421039106376,0.401411005257,0.658657510992,0.302130324853,0.297751874984,0.137095711472,0.0745451212735,0.385307722951,-1.16604980192,-1.25976808793,-0.655166186617,-0.445304292872,-0.34099223394,-0.128112819831,0.198088858612,-0.217320147443,0.970725062443,13403494379.8,01030331,0.18193601
838,600343.XSHG,600343,2011-05-31,-0.069002420307,-0.454283603091,0.165352347301,0.252510953848,-0.121199556971,-0.489903170855,-0.360284089811,-0.246180258261,-0.149575053999,0.299935152138,0.975163830156,-0.138906270358,-0.428798830967,0.531939509177,-1.0657596194,0.499154870712,0.541026727033,0.523768175641,0.751007631772,-0.628789872843,-0.90472495679,0.367262399571,-0.485624804256,-1.05724346996,0.437594552248,-0.548710396801,0.498689262812,-0.148368955581,-0.0834142387923,0.324462002827,0.491168713372,0.325643540628,0.338531608383,0.400581866642,-0.537015687849,0.391322989366,1.05724346996,-0.945090102805,-0.704367834752,-0.628540339585,0.309878641117,1.05859406256,-0.056989587559,-0.987989830765,0.196230126261,-0.829276757853,0.355390322198,-0.0496938722223,1.64894478824,-1.13710339452,0.0816106972935,-0.506235743642,-0.233038518445,-0.727132322531,-0.149551199298,-0.936258180171,0.312514029421,0.564635504675,0.322926673403,0.324426334285,0.393331640405,0.396313492924,1.50064215461,-0.955624690873,2.79263937346,0.000518070799263,-0.147529465648,-0.179617391727,-0.531939509177,-0.121883061871,-0.147527792699,0.408317472373,-0.0683850408633,-0.149434317063,-0.149432628566,0.0928105410816,6.3392287982,-0.346336319292,-0.139200458449,0.801437195885,1.01500826498,0.171906416019,2.05617693623,0.420915418736,0.670412333268,0.267464064361,1.5000040332,-0.408892757938,-0.139535762348,-0.478150690346,-0.147519326984,0.861502978821,-0.193127057523,0.88279905285,0.0899058363342,0.108416909341,-0.43704985446,-0.216785357363,-0.197549532227,1.87683212032,-1.17900629455,0.0837367483869,-0.124492981457,-0.288603749101,-0.635988314337,-0.483166578717,-0.713122969005,-0.0357638765251,-0.822519275754,0.584167046717,-1.22564604267,1.22497337109e-17,-0.365888405706,-1.14182688675,1.77085283336,0.964835042171,-0.814722054084,2.92677800151,0.924454616773,0.36921418929,1.70869383426,-0.277394431723,-0.259628698791,0.0566877135746,-0.161532695954,-0.150502524198,0.426241342061,-1.08440915316,-0.153389254592,0.119782376422,-0.0940161195165,-0.387995140597,0.950237662314,0.951860361601,0.255850576696,0.273831001306,1.15184949507,0.802653886216,1.13928631493,-0.235388949204,0.329803568288,0.315791599737,1.28307398192,0.965813154899,1.94664358877,0.285717727514,0.927956329129,0.692068249447,1.17254759669,1.39024063151,0.196663455208,-0.175490134518,0.390982096663,1.16527900716,-0.602005872573,2.07176372503,0.658032486325,0.0895389541552,-0.0515836015533,-0.0846485845492,1.03634831073,-1.35095735608,-0.545871386119,-0.549625090265,-0.551990392856,-0.651982410118,-0.381846440202,-0.661764426879,0.100380854786,0.578193718548,0.702355817807,-0.570602888166,-0.59178134166,-0.642780640242,-0.465624293232,0.352014854175,0.879991571477,1.66423572839,1.40372086442,2.70986274354,-0.552351360931,-0.602100036339,0.968380271877,-0.652351562591,-0.29647529886,-0.303091239541,-0.298704010753,0.0528946217104,0.657420906354,0.975834081582,-0.317675359841,-0.187823379422,0.218689012887,1.8595821538,-0.747006486498,0.196960180135,0.704995689876,0.133893528799,-0.304204198275,-0.0386745063295,-0.767601391061,-0.495291909824,1.03899774723,1.03899774723,-1.03899774723,0.320581530974,-0.443881340228,-0.512566510809,-0.514290395655,-0.515348623365,0.732746377576,-0.170273734432,0.957909380098,-0.658074503416,0.038135901749,1.40305428712,0.170151370133,0.38891557393,-0.423845389317,-0.470875286012,1.21160898889,1.2375029171,0.516002753941,0.322907095165,0.333041632636,-0.0556484174734,0.326785184221,-1.02479881817,0.350132137292,0.372451399835,-1.13806160124,-0.596810010153,-0.254982024341,-0.664202176775,0.0910561545474,-0.345017336557,0.679486955,1.43943899195,0.746926156732,-0.565546358971,0.0706638366101,0.906412016078,0.886876574857,0.527883958663,0.333104031529,4441329214.22,01030331,0.1149303
851,600523.XSHG,600523,2011-05-31,-0.328222235397,-0.114407099586,0.164120063649,0.203433747985,-0.119512877716,-0.387963302099,-0.313277739414,-0.246180258261,-0.137152719005,-0.0672520956862,-0.0692725395225,-0.0246728620076,-0.428798830967,0.16799376152,-0.198155303243,0.602393203851,0.00847245433833,-0.0195058492998,0.0575871464679,1.28653455018,0.5020136632,1.03966321072,-0.547760703627,-1.13712807938,0.418145905481,0.00676991631612,0.157355607916,-0.139021943603,0.216358302877,0.418418423844,0.551335345531,0.446853845576,0.397988736679,0.506593356664,0.282050134321,0.450551368138,1.13712807938,-0.568748844966,-0.139406133961,-0.0403398377307,-0.00224821263205,-0.11120475339,-0.079427416408,-0.226338610298,0.192755372227,1.09155285471,0.8217442414,-0.0914599282536,0.0217389332268,-0.646544769957,0.211146601211,-0.307426754044,-0.417858519592,-0.362792329902,-0.145121532431,-0.583776718115,0.426706300121,0.585170914939,0.461221970916,0.379132393758,0.511442023369,0.453698218712,0.476219679536,-0.756792643827,-0.344804092208,-0.0877575292403,-0.139471427323,-0.216426905261,-0.16799376152,-0.107443800334,-0.139469756226,0.263887504206,-0.0591994406997,-0.136273494822,-0.136271809314,-0.259034149365,-0.0129102111329,0.480762289438,-0.16600927695,-0.0163058405134,-0.280786407288,0.140096316174,0.293928374664,0.348745968683,-0.468203823687,-0.294144862277,0.109416936189,0.365272333948,0.316102344074,-0.120828832609,0.0624913063851,-0.570254741501,-0.270206807385,0.0573863985181,0.0935188276321,0.126607297302,-0.0384715020957,-0.323828749588,-0.36754487438,-0.347869809965,-0.0704085143232,0.207190672123,-0.187419941361,-0.646870472123,-0.46630573224,-0.808348796587,0.0491463086937,-0.572880255259,-0.881728821699,0.451205580877,0.142562519541,0.0724979712946,-1.86277676397,-0.737782656297,-0.363567317604,-0.175041111476,-0.582652311521,-0.0870754549161,1.53404049486,-0.344291513351,-0.347222057161,-0.300537770364,-0.19413443335,-0.364541810041,-0.1554795167,-0.295732508458,0.426241342061,-0.461888431057,-1.58706054403,-0.595306349141,0.576145928519,-0.400841051131,-0.541539637664,-0.823407842959,0.499209535989,0.473981869204,0.0380156464885,-0.25498427474,0.827027712516,-0.77551608337,0.388431186789,0.525879135666,0.201424304113,0.0353094138174,0.564173694194,-0.47414977019,-0.360354324874,-0.505962430913,-0.141799983988,0.0466447693806,-0.17695534041,0.711680850885,-0.043705870889,1.29085973312,0.756986094463,0.613052075483,-0.450351322887,0.486648838661,0.043396570773,-0.385129918682,-0.354096951891,-0.753843945341,-0.644830929443,-0.645609034627,-0.645921483018,-0.870601701846,-0.731691093522,-0.970031609186,-0.69987074704,0.522715778391,0.49761221009,-0.774528015117,-0.772297084626,-0.742878014606,-0.775378462143,-0.319365580103,-0.566745099124,-0.286900459004,-0.233772381777,-0.564749709436,-0.876721412524,-0.744360004525,0.892810959019,-0.871297736868,-0.667514728397,-0.668250652033,-0.6674178611,-0.624257340597,-0.518726104026,0.564652895248,-0.202761909876,-1.63969078745,-0.884279789638,-0.12352651832,0.0800171245445,0.723458817638,1.19859440271,-0.461188821419,0.145082002254,-0.544958952824,-0.927751159941,-1.12973412324,-0.793281664294,-0.793281664294,0.793281664294,-0.919572450357,-1.24178980679,-0.633721949094,-0.634670763601,-0.635231685355,-0.63022826335,-0.681094937729,-0.364484150063,-1.21308802298,-1.49319638714,0.0686122890519,-1.32950138768,0.952819885634,0.632719119968,0.833170964379,0.27912244049,-0.311609641955,-0.757384054308,0.42568326799,0.458412270804,1.04390278929,0.421935552251,-0.0695812120644,0.371840379894,0.394131595572,-0.0639360450133,-0.554231477911,-0.351758962783,-0.481070191703,-0.339961899366,-0.110677350591,-0.743167474495,-0.40662923265,0.130299157563,-0.615022713317,0.509913563764,-0.354366366146,-1.05152996256,0.527883958663,-0.715393049613,5475530448.0,01030331,0.00474684
852,600760.XSHG,600760,2011-05-31,-0.471518896155,0.218233907029,0.119004789912,0.0794750091918,-0.0407581028424,-0.243618516472,0.0159625731555,-0.246180258261,-0.223661412246,-0.427252213623,0.826814905338,-0.652956607932,-0.727407268343,-0.586511682435,1.71963221238,-0.49991909869,-0.45630218365,-0.909550528459,-0.246377997775,1.24892521046,0.108472061534,1.64833632536,0.121231305431,0.34480317786,0.418145905481,-0.548710396801,-0.383306479038,-0.157824338712,2.16952505939,-0.185482948755,-0.199968524485,-0.159429254341,-0.211578151394,-0.156825164027,-0.561735182076,-0.677732579077,-0.34480317786,0.852194782622,-0.511767254937,-0.677557048073,-0.018568570998,0.289297291714,1.29030004469,-0.238486841503,0.0752455085161,0.480061532119,1.55809253488,1.05942694905,-0.512255232637,0.0204362671616,0.0787171831943,-0.547345720956,-0.520697722925,0.562070728308,-0.525135022885,0.263175204848,-0.176815268604,-0.191642084968,-0.134764674727,-0.214492055821,-0.14885909488,0.151699128958,-0.628681868907,0.154994314769,2.09177940207,-0.13598493333,-0.155212711493,-0.610077431343,0.586511682435,-0.106699234361,-0.155211036777,0.0725407947868,-0.0426653604051,-0.155028342123,-0.155026652355,1.86665289242,-0.390551479088,-1.12152129194,-0.107019246615,-0.522910303089,0.365731928387,0.131425288318,-0.881138966186,-0.637828123833,-1.71443309304,-1.63955690148,-0.686557960905,-0.106277940237,-0.605624284054,-0.276979054331,-0.424987921374,-1.8319875913,1.39727220346,1.2953354721,0.215703624255,0.0537838733882,-0.0635060037688,-0.418278801551,-0.531935974484,3.36518046247,1.40665326696,0.0140450172454,-0.167013836443,0.417073129578,0.659769585312,0.0891541247325,1.14841884601,0.627732826616,0.361671643148,0.0621812376672,-1.22564604267,1.22497337109e-17,0.0,-1.92028770385e-16,1.5230887468e-17,-0.868878770218,2.29941250791e-16,-2.73155817347e-17,-1.12597060953,0.0,0.0,-0.208539405581,-0.395620263841,-0.828930096323,-0.143811794369,0.254506876352,-0.116247638744,0.829140158248,0.215107809117,-0.407092340411,-0.163720261834,-0.180595645222,-1.19684810677,-1.25637993474,0.158749745058,0.442242734812,-1.53832575376,-1.72937813983,-1.14478862899,-1.15722209027,-0.226243869048,-0.0515073207046,-0.404424306791,-0.44411659755,-1.54332814793,-1.32437301483,-0.840793355549,-0.63038244718,-0.662484490248,-0.782744361834,-1.56016039239,0.288082649829,-0.601718905735,-0.937376289184,1.98512056071,-2.52323897537,-1.66349091894,0.313219054342,-0.746220653981,-1.83370037389,-1.25441768867,0.700915850167,-0.323471298712,-0.318012132563,-0.31493744146,-0.483773408673,-0.150441269617,-0.520792576357,0.114969752944,0.486602538377,0.704894637778,-0.272134807917,-0.308182813878,-0.412423637215,-0.134144427642,0.824517361348,1.16295159276,-0.848845276113,1.96898282179,0.0609206953612,-0.246976259829,-0.398398426137,0.0508600539753,-0.481301992501,-0.119844487854,-0.116971947638,-0.115422654037,-1.41202354285,-0.630377754068,-0.167239099163,2.14187257959,0.07563489866,0.192466049934,0.22433147578,1.17814695943,0.610618704486,0.214656249541,0.252909998843,0.594368202784,0.805132904495,-0.0805656781686,-0.459446393335,-0.951443740664,-0.951443740664,0.951443740664,-1.28517286737,-1.24971251832,-0.131778676711,-0.130420442217,-0.128431859384,-1.42677188467,-1.032284515,-0.952955526068,-1.25039985623,-1.19703773325,-0.170916805415,-1.15504871895,-1.87008712571,1.56379551889,1.26129430835,-0.545456275888,-1.34771072405,-1.41613617797,-0.177715495353,-0.153555952442,0.320555173984,-0.18067688001,1.81730990422,-0.241862070335,-0.235433632796,1.61002586079,-1.27345242097,-0.973444960866,-0.910281442919,-0.90867899755,0.651906900693,-1.10716960663,-0.965033616615,1.18737401328,-0.548916241286,0.965783892656,-1.55116960769,-0.969855529803,-0.962524253549,-0.343807950977,4253115008.7,01030331,0.04379562
859,600805.XSHG,600805,2011-05-31,0.816490785682,-0.88120532675,0.150907244481,0.0777899295904,-0.0233038215464,0.388706021368,0.41277451442,-0.246180258261,-0.0918279832198,-0.17334271447,2.34776600322,0.498896926263,0.28454354721,-2.13877023688,-0.773147069469,-0.771049029711,-0.0786727902845,-0.0657419365288,-0.274874730048,1.88339171393,0.939569786104,0.454546208338,0.0765056281365,0.321363981087,1.99348629357,0.805272866423,0.235523620488,-0.0145034883873,0.523459994153,-0.229026373496,-0.272047099024,-0.218876530952,-0.229735420779,-0.220273641695,1.00688949731,0.0899027690652,-0.321363981087,-0.824533098172,1.22591797628,1.5071876731,2.45600576624,-0.196961712138,-0.804577248755,-0.939425490017,0.265962121998,1.92663527922,0.723564468937,2.37737805048,-0.43121584375,-0.140435086855,0.146086375101,0.164151207431,0.497628313714,2.75140787858,-0.238006771875,1.67434657061,-0.225384666806,-0.289457364526,-0.222555763725,-0.23276722416,-0.19051811632,-0.596707426973,0.0515770148139,2.06094150859,0.17810315207,0.126148712889,-0.0591855238813,-0.137241759701,2.13877023688,-0.00450755464087,-0.0591838712412,-0.0783287261014,0.197398303002,-0.0455259771865,-0.0455243122963,1.23977467635,-0.239909742651,-0.151880157026,-0.158896281326,-0.0502692180491,-0.553892011588,0.151902903478,0.881109595376,-0.514188130414,0.550649353344,-0.743781915692,0.486083628564,0.767779421569,0.0234907160969,1.68971589153,0.546152158992,0.97208855284,1.36357402136,2.50915762166,0.0173996700589,0.196677414195,1.52602903607,0.715121822006,-0.35493532977,-0.512000485611,-1.39118866384,1.17839472539,0.0695602890004,0.199941782292,0.204711751507,0.271256166739,0.362077906907,-0.0252321828245,0.184043005313,-0.569913416678,1.70097047829,0.276575052829,1.5865746703,1.79717977588,0.603989657451,1.50999320261,-0.8413360317,-0.24335808582,-0.350134037416,-0.16858466685,-0.710030743884,-0.163019381339,-0.205504965544,-1.17247384714,-0.134249525692,-0.12039641635,1.51121930367,1.1529864748,-0.935538383253,0.490815063975,-0.547548627212,0.006074942946,0.0735109732716,0.431302312323,0.220651525228,0.319820359302,0.317934815692,0.188817721248,0.738567572975,-0.315037326327,-0.233655381413,-0.211877010985,0.0222206220777,0.116924667697,0.0678511490914,0.398769146014,0.0765581356663,-0.114793124607,0.0506236381963,0.221950288845,-0.734305232139,-0.0345980491173,0.266739966146,0.122498738243,-0.0105979469432,0.1894459593,0.541449433222,0.457235423531,0.126912246188,-0.217063608232,0.188903228419,1.36140214648,1.3865488791,1.38904927924,1.38937666334,0.817167611459,0.505941950648,0.322724994663,-0.317437674855,0.11184240586,-0.00305480061051,0.365785083986,0.366952438192,0.299514643294,0.328590687091,-0.576764371665,0.463784916431,-0.288824927556,-0.640390355028,-0.320746344677,0.267997101634,0.0487881951272,-0.570570970371,0.820136918174,1.5862190563,1.57837038704,1.58479495097,-0.322767574113,0.0257718689972,-0.31658424283,0.644758564022,0.481179531201,0.435127247798,0.264297409027,-0.275256296278,-0.170057347373,0.566990457956,-0.223155881332,0.369725102519,-0.0386745063295,-0.181367159289,-0.164482306668,0.425413620594,0.425413620594,-0.425413620594,0.433870951717,-0.00340905135371,1.46069787297,1.45956628496,1.4593903464,-0.134601121195,-0.649168612523,0.0372873278774,-0.145036796255,0.340359237973,0.106461130164,0.134140498147,1.48230902081,0.21402624347,0.128255826129,-0.317424630865,-0.131176395217,-0.130711519872,-0.227409469027,-0.213695409101,-0.0717489887153,-0.228389934565,-0.500101823266,-0.229711415551,-0.223630519399,-0.340139759471,-0.188547556471,-0.138876156062,-0.140977850964,-0.38470905344,0.304659743514,-0.0505593969772,0.285693706086,1.30482677503,-0.605823521635,1.83862488926,0.769099519004,-0.279706573012,0.527883958663,0.971648963195,8998209274.05,01030331,0.1820331
4,600073.XSHG,600073,2011-05-31,-0.119857331618,0.993122915992,-1.08826708833,0.460893042088,0.262857975663,-0.353455743743,-0.364821043439,-0.196116135138,-0.396233174914,-0.636905220141,-0.72900903765,-0.903209245027,-0.967675138378,-1.41921553532,1.17395148944,-0.915649204286,-0.613973898895,-0.665316970281,-0.506507470727,-0.733564142623,-0.887604357812,0.460071784458,0.398116829223,0.874969047395,0.0342686658827,-0.459526597501,-0.432827400313,-0.809953114199,-0.828791309327,-0.387209771752,-0.401521537279,-0.39154977939,-0.382890940495,-0.396554239931,-0.429195933576,-0.713859717196,-0.874969047395,0.671583127295,-1.89194686592,-0.897214620079,0.216660587761,-0.709184091631,0.430793466973,-0.0448011454272,-1.77322152988,0.352678121665,0.237970359905,0.309065833661,-0.717912689566,1.076935785,0.56496410398,-0.740788704822,-0.535490088781,-0.15252941737,-0.327624310946,-0.499042813303,-0.388571703306,-0.398455645627,-0.394321054761,-0.38378818053,-0.396831387628,-0.351183725156,0.0363131808123,-0.363650203013,-0.228518104763,0.71483231445,-0.870236020628,-0.744777204746,1.41921553532,0.0683467811074,-0.870236020628,-1.50754775641,0.33252034713,-0.541454926439,-0.541454926439,-0.210746294137,-0.940354148088,-0.696729711893,-0.376220500838,-5.03188258166,4.61176302837,-0.904006146211,-0.178003811715,-0.770256769659,-0.218237455937,-0.339934609791,0.36999477639,-1.01648231693,-0.647823736665,-0.961976601727,-0.633613534021,0.0219097854558,0.571662630988,-0.283705369282,1.77322152988,0.461969658124,-0.553241938504,-1.16479383262,-0.418924918108,-0.335661429867,0.518154804573,-0.485937155812,0.940937982766,-0.708597056186,0.0136617772073,-0.756424065122,-0.176482532372,-0.6017926601,-0.179473547225,-0.0389324787351,-1.26383123675,-1.08403571401e-16,0.0,6.6833142201e-16,0.0,1.05684297638e-16,3.81124543685e-16,-4.87999227457e-17,-3.71832772424e-17,0.0,0.0,0.283421975789,-0.850813952611,0.073793242407,-0.304050051525,-0.774305549246,-1.35641144512,0.27059930833,-0.707606363524,-0.226891557913,1.83432083433,-0.767205496837,0.0690922993318,-0.00498445328015,-0.476179702856,-0.450305987187,0.337260805887,0.0681385510415,0.627735309323,-0.270885592226,-0.390063761149,-0.397757580206,-0.0680844650695,-0.156703982823,-0.0627645909311,-0.309966805514,-0.181432511154,-0.452558924733,-0.0318109098652,0.668358071723,-0.424839167786,-0.605601867592,-0.368270705046,-0.397926543576,-0.447586583285,-0.13106435357,-0.172072967386,-0.346377516314,-0.317229212761,-0.260637827815,-0.024999800429,-0.0693719842046,-0.216519144159,-0.216502511912,-0.214764116487,-0.668190511955,-0.651452802946,-0.640441829144,-0.714333634381,-0.240406355819,-0.221082475482,-0.640217855239,-0.65841998277,-0.68020995471,-0.582261848582,-0.145200080358,-0.124183560332,-0.473691621554,-0.206889155336,-0.444941712552,-0.532214193176,-0.574187780473,-0.052987402324,-0.668600636036,-0.21985954841,-0.218322995722,-0.219594493729,-0.335343101706,0.547099967927,-0.0247385836708,-0.226144127182,-0.0702064063916,0.302437634744,0.429016435545,0.189449822979,-0.633766814658,-0.8085047789,-0.034084442341,0.679890828308,0.642759215199,-0.208729166702,-0.159961282337,-0.434426387853,-0.434426387853,0.434426387853,-0.0847037593991,-0.128633172018,-0.245395535957,-0.245378538174,-0.244121413009,-0.188887423352,-0.440805386221,-0.296132962512,-0.152566293551,-0.0461344557042,-0.0516681978822,-0.025841629547,0.252531668314,0.297510562467,-0.740437888378,-0.488034970441,0.192414158311,-0.303848449792,-0.388404888869,-0.392915474849,-0.602246779989,-0.387880668193,-0.355941243744,-0.3791239127,-0.377180762974,-0.373780618219,-0.475294770364,-0.232857841378,-0.828401831329,-0.496486040395,-0.300666545277,-0.0334518798167,-0.112277581682,0.664501771636,-0.633852118188,1.58552830812,-0.0871107169995,0.0564538164107,-0.722920732476,0.343808199684,3781404000.0,01030314,0.02827521
11,600090.XSHG,600090,2011-05-31,0.0341250245066,0.208734926606,-0.499875890812,-0.0961128501647,-3.9752248365,-1.00473174134,-0.793915015397,-0.196116135138,0.343777202606,-0.424943368791,-0.419433964262,-0.903209245027,-0.967675138378,-1.5307907787,1.46230486438,-0.868926589378,-2.24391302838,-2.66396511208,-1.82342689462,1.56720891737,1.17077514683,0.154437591756,0.281365936908,0.299313502706,2.3712793228,-0.454713400669,-0.453984733204,0.049871000355,-0.367865031373,-0.368594213728,-0.381248322168,-0.363584919927,-0.371491574864,-0.361553056899,-0.42493967618,-0.737419886893,-0.299313502706,0.0292421003846,0.760401166135,1.10154663981,-0.33260821178,0.0947445293525,1.32613439193,-0.555271267987,-0.172840210769,1.97070099287,0.404549611839,0.0181510907942,-0.617908244722,0.143685366834,0.350517837574,-0.684177535772,-0.47605868736,-0.683396210511,-0.312628115761,-1.00826700155,-0.367116592144,-0.387340355014,-0.360544130178,-0.374362406555,-0.342321984978,-0.670087387801,-0.97723350278,-0.881418825398,-0.190338387244,3.01226699143,0.137054702399,0.215831772863,1.5307907787,4.9860381812,0.137054702399,-0.785360454154,0.195120066071,0.168738389756,0.168738389756,-0.798439167757,0.0453926196677,0.101371419383,1.36605668472,0.225144277058,0.227648223841,-0.373436200981,-0.178003811715,-0.753628643043,-1.27584554238,-1.37304548795,-0.551432214845,0.333643402658,0.046769667535,-0.105039079057,0.735938137612,-0.729590970016,0.293775749654,-1.07726839192,0.172840210769,0.235970442204,-0.527079850673,0.367416765913,-0.443729454761,-0.235045925773,0.23192565783,-0.0859551898465,2.15597794195,0.283515138797,2.44228096261,0.926974793793,1.91636599927,0.0371549187325,1.94461839879,-0.76511512324,-1.26383123675,-1.08403571401e-16,0.0,-1.15763510693,0.0,0.636337509844,-0.335780980023,-4.87999227457e-17,-3.71832772424e-17,0.891876646259,-0.410842402637,-0.594448897393,0.626605394519,0.530036889949,-0.591486227555,-2.1632090116,-0.735680783795,0.251702962351,-1.23395658078,-0.513973832565,-0.230845781225,-0.0975538297007,-0.386531348556,-0.818060905719,-0.316730097204,-0.358507511673,-0.912471833542,-1.25153029528,0.377678776332,-1.53596036639,-0.385162610511,-0.33900513413,-0.150800364337,-0.213142411618,-0.372147928448,-0.108246906386,-0.910726377587,-1.10253396008,-0.661468457429,-0.842452134208,-1.42461468792,-0.248517970223,-0.367977828777,-0.24975995628,0.0244626901375,-0.679632485476,-1.26991663612,-0.0793337165812,-0.353601721884,-1.17101991697,-1.39185930457,2.16966860943,0.0780322269056,0.0779682574882,0.0863887614017,-0.150003789586,-0.365655191831,-0.452261199599,-0.671079753546,-1.06785954834,-0.74755212207,-0.0922937949681,-0.0582188636657,0.263515694705,-0.136058278866,0.0360285174233,-1.11421115767,-0.542990628261,-0.216312988398,-0.0331990795344,-0.478133261113,-0.403784232925,-1.41693802549,-0.150097428567,0.308843353458,0.31958972999,0.311086071069,-1.54605612422,-0.477472571918,-0.761723465363,-0.75883524142,-0.0673158673627,0.317021304459,-1.3668884771,0.59712852433,1.96824210608,1.36211001085,-0.41388251414,0.679890828308,-0.0786108392689,-0.461365688183,-0.462683431837,-1.36255070625,-1.36255070625,1.36255070625,-0.38151038506,-0.451766300112,-0.0896432579368,-0.0895525398077,-0.0844891433819,-1.6141830595,-1.49913543512,-1.49304584785,-0.472031363459,-0.42430740874,-0.323614359642,-0.44231885684,0.481548306508,1.97961955975,1.44443018957,1.43545095673,-0.926768496822,-0.485126428634,-0.367463327352,-0.361297411812,-0.130592687212,-0.368433603945,0.849380417649,-0.375027242969,-0.371585477794,0.91856119564,-0.387045982497,-0.497168915262,0.449286254755,-0.997542431157,-1.0626803501,-0.398551416033,-0.427476605038,0.373825917797,-0.570375932088,0.157386191339,-1.02178662296,-1.22304222,-1.82171291325,2.34533762362,4010291441.4,01030314,0.16238532
57,600573.XSHG,600573,2011-05-31,0.0102112592995,0.269172062956,-0.34312302352,-0.104994408349,-1.93284002823,-0.84426196169,1.34954676316e-15,-0.196116135138,0.20459644286,1.74412400032,-0.573107921555,0.559258498045,1.35283530859,-0.993704979834,0.123578950924,1.11835085156,-0.219091738658,-0.934140989354,-0.0236370153006,-0.276069383874,-0.044895278086,-0.442027349144,-0.824028792441,-1.70433742999,-1.25108719542,0.0169798888224,-1.22659216531,-0.471863783118,-0.251975371824,-0.390396415086,-0.388120248106,-0.394619568401,-0.388838084764,-0.393165355422,-0.421822417242,-0.354899388133,1.70433742999,-0.675404357086,0.0807369829203,0.650986547651,-0.480393539011,0.151388875265,1.61764073959,-0.811395960014,-0.269584573298,-0.119203471114,-0.642519971744,0.165846267942,-0.634536158103,0.240427161991,0.194470940299,-1.14275693753,-1.45247510184,-0.683396210511,0.0,0.0,-0.389565121494,-0.383453787971,-0.398387364977,-0.384692838147,-0.395436404522,0.136097040749,1.23768756553,0.0,-0.221321594205,-0.963170854606,-0.341960447506,0.560620265428,0.993704979834,-0.408073733369,-0.341960447506,-0.675062757082,0.0454912089122,-0.0927393953764,-0.0927393953764,-1.62290717987,-0.495784063296,1.40017432315,-1.15955082855,0.224210705261,-0.106690750714,-0.645587759543,1.36634319328,1.18754784624,-0.685288543775,-0.543169536641,-1.80149456639,-0.474052952939,0.00335757977248,-0.666129123663,-0.167353564512,-0.691936951606,-1.15604982177,-0.422833542154,0.269584573298,0.185954222287,-0.746064762752,0.999000462193,-0.647126655319,-0.260752634237,-0.302338793469,-0.286454538317,-0.976053928746,1.07720489478,1.11232283727,0.749054589192,1.12049402245,0.995576286981,0.439356389803,0.22235999454,-1.26383123675,-1.08403571401e-16,-0.213644070208,-0.232994704565,0.0,-0.0478546501306,0.085431519384,-4.87999227457e-17,-0.523036256426,-0.755320011896,-0.617135496618,0.977353199884,1.0849842176,0.705160714258,0.368811906,-1.24984263213,-0.735680783795,-1.55762216512,0.352487928298,-1.86847012455,0.956682071518,-0.877691458179,-0.0162335838181,-0.374144830514,-0.48622861691,-0.409790556642,-1.35766766811,-0.786864196487,-2.02393271554,-0.986192377137,-0.396063756986,-0.40014739537,-1.09570313731,-1.62378798801,-0.793865459148,-0.786957871661,-0.11599452661,0.580545114671,-0.778104658204,-1.3189424175,-0.621667228366,-0.629935609884,-0.414209209301,-0.414067089806,-0.615868385769,0.677070617076,-0.656892520423,-0.485173389597,-0.412946342032,-0.784445827639,-0.628417966285,-1.25454316263,-0.657068671588,-0.656604159983,-0.66215245151,-0.658981011122,-0.456885684538,-0.538481555509,-0.416360168116,0.296053013094,0.168172392865,-0.477409079158,-0.509103429339,-0.676719384302,-0.424562343059,-0.123486890605,1.49324867353,1.20528408722,-0.0296011852213,-0.63146945299,-0.38216075844,-0.415982245189,0.792865851337,-0.659546364396,-0.542423102265,-0.546780897499,-0.541952872984,-0.0196065636783,-0.389365758451,0.33536309545,1.41020206621,-0.104068688457,0.151256773086,-0.883053539961,2.05449659338,0.394160990293,1.122506424,-0.983579621839,0.679890828308,-1.16066592097,-0.20178970811,-0.171443268627,-1.06418053946,-1.06418053946,1.06418053946,-0.183078194204,-0.044832289405,-0.804808647904,-0.801226800959,-0.800151140528,-0.42127258142,-0.0794243939138,0.328852124538,-0.0240815570503,0.0164359783435,-0.812883769899,0.00303583613589,-0.739241810701,-0.123653544635,1.30962762155,-1.25159657902,-0.0200278455958,-0.122817780607,-0.391447796905,-0.395650951257,-0.043318725655,-0.391650625984,1.26587900221,-0.386490988261,-0.393055696555,1.40461895749,-0.911266071435,-0.87235435186,-0.0318687802875,-0.830023747073,1.35920653283,-0.295380602491,-0.455495590481,-0.546647619359,-0.404539064212,-0.619205556595,-0.585424960812,-0.695551872915,0.375871448301,-0.542238195995,2492500000.0,01030314,-0.03109328
157,600616.XSHG,600616,2011-05-31,0.153681368304,0.0145244143961,1.60833658523,0.382330563159,0.274633807688,-0.751738845493,-0.804247306506,-0.196116135138,0.234000828722,0.390918200275,-1.15244760476,1.4184582971,-0.0437682011602,0.29530093744,-0.437903547348,1.16587328298,0.352227131472,0.480107110987,0.503130754256,0.460329986938,1.00223333088,-0.844908784979,-0.771601353898,-1.44613499021,-0.403920832289,-0.103350031966,0.297465366011,0.223782594846,-0.436043161579,-0.348029596693,-0.363556139832,-0.353849541901,-0.345220313862,-0.365042801066,-0.071970048766,0.0323935552575,1.44613499021,-0.614819674896,0.321106023325,0.924198518427,-0.42866867448,-0.22229131266,0.320277324179,-0.385663166094,0.935074042592,0.495444845595,-0.90428736764,-0.747178463517,0.155339255952,-0.841312972555,0.178787439008,-0.433911805476,-0.213325319921,-0.683396210511,-0.300346749014,-0.818007414735,-0.347953147048,-0.371010950863,-0.354731123134,-0.34277793807,-0.371564099474,0.0115717220086,0.282013166898,0.0,-0.187950164714,-0.720087443623,0.250013948742,-0.203793335901,-0.29530093744,-0.348782345738,0.250013948742,0.674770964232,0.117933293728,0.512644453709,0.512644453709,-0.732877924231,-0.255480767008,0.813857583736,-0.522988021986,0.229347251649,-0.143979119849,-0.0399196657889,1.36634319328,0.297988013187,-0.142998222942,0.125812097574,-0.430793918024,0.250375737133,0.392789543524,-0.168434967214,0.812488281859,0.272554835113,-0.684298549212,-1.44349263399,-0.935074042592,0.313155966767,-1.30429389919,-0.53511824418,-0.252509026743,-0.13857666498,-0.170682372754,-0.00502340415558,-0.575918451033,-0.153014226996,-0.473714181768,-0.22266345132,-0.314040651823,0.174072257054,-0.221286380808,0.0317256046641,0.179783820967,0.420573439922,2.52812149746,0.335273876057,-0.669069834253,-0.761794295322,-0.591529400608,-0.111784664919,-1.02541203703,-0.561131367605,-0.71412944256,-0.55816491182,0.111402750391,0.00927393871422,0.423250575703,-1.6400559403,-2.59787276778,-0.485254530824,0.0290066709854,-1.50906306835,-0.0373362464197,3.66734030878,-0.102387873601,-0.212510888958,-0.417219237743,-0.373746423612,-0.196034068154,-0.109429348823,-0.428647586405,0.177194632285,-0.346871618515,-0.361310944366,-0.443612351976,-0.551563879758,-0.312063762354,-0.193408402924,0.0576555922483,0.394279921522,-0.415506585247,-0.124889153435,0.29563398482,-0.407189522822,-0.320704153294,-0.413341671997,-0.544899702293,0.237746989349,0.00476091214112,-0.473546368919,-0.284090782401,0.411038187676,-0.258616517396,-0.34752440363,-0.709199544289,-0.703170966031,-0.702024617661,-0.394938734417,-0.253782263238,-0.382158695566,0.155847094418,0.0586312780061,0.0444124177916,-0.183799413834,-0.19693022197,-0.252590914965,-0.169057381662,0.00780298664154,0.65864325567,-0.394381020199,-0.242023828296,-0.382047573903,-0.106649580303,-0.248402365221,0.22203742152,-0.394513612879,-0.575246738046,-0.572006371332,-0.571243752982,0.00560730153871,0.314133775268,-0.276254802783,-0.183498281973,-0.0441621199072,0.377793824597,0.855822501601,0.599635206835,-0.927593257927,-1.07891864195,-0.41388251414,0.679890828308,-0.0786108392689,-0.0285043870467,-0.0444709384797,-0.407641592087,-0.407641592087,0.407641592087,-0.064732151405,-0.0703954026791,-0.6721239964,-0.667639984336,-0.664889938809,-0.0959333601253,0.204517814328,0.652504026521,-0.0702739547649,0.0126542488131,-0.465283412761,0.0476354775794,0.326693230108,-0.627206937472,0.252451279558,-0.431032975356,-0.0409866908167,0.0302668972965,-0.349288045868,-0.356674625193,-0.322470502512,-0.349383809959,0.0353150023626,-0.342656355602,-0.345113132337,0.163742083121,-0.231921772602,-0.631618936671,1.48870697693,0.12464211727,-0.268867175008,-0.12920137955,-0.223421498991,0.0710385700487,-0.399583501241,-0.770934185488,0.118948956793,0.34011567354,0.375871448301,-0.816797780717,5198257180.2,01030314,-0.04948982
332,600365.XSHG,600365,2011-05-31,0.890493925073,-0.282015734342,2.68970419148,0.80767064158,0.235594031589,-2.49542784113,1.34954676316e-15,-0.196116135138,-2.3560354926,-0.670138414993,-0.0402601783321,-0.903209245027,-0.967675138378,-0.489190835869,-0.972466342435,-0.669572322345,-0.32831446383,-0.641940968622,-0.537862695105,0.401053257399,-0.057410759468,0.534316752283,-0.144851294425,0.30855443213,0.881435029015,-0.470596950213,-0.444500411563,-2.48352774924,-0.14635191721,-0.337003102007,-0.363756952451,-0.341317121303,-0.338089658296,-0.358694406021,-0.440226234432,-0.774149587342,-0.30855443213,-0.807830283719,-2.80369150194,-2.93432141972,-0.0567422676158,0.681506896258,1.54316246944,-1.10817677717,0.366632590448,0.671774273046,0.309361467877,-1.22383108068,0.456750192502,-0.910939254285,-4.35809220561,-1.55764833319,-1.39304370042,-0.683396210511,0.0,0.0,-0.333552665865,-0.375820395622,-0.33962848368,-0.335413375013,-0.363532732299,0.292062106642,-0.597629529717,0.0,-0.271028465802,0.0266798865714,-2.94596833688,0.4128758118,0.489190835869,-0.159844567476,-2.94596833688,1.16717139759,0.217082588747,-1.94328154903,-1.94328154903,0.284500509476,-1.95638596104,-1.46408367238,1.70261879169,0.205979906151,-0.988044088015,2.95032005429,-0.693197972582,-0.663926641084,-0.930880757136,-0.612124243965,-1.33558114418,-1.9443220185,-2.70096012261,-2.09362963974,-2.111031318,-0.845126477649,-1.07640350303,0.0304326183846,-0.366632590448,-1.26636860789,-0.492994611806,0.691795099349,-0.419977231784,-0.304426397003,-1.13204384757,-0.995319374796,0.0847242767413,1.14665274843,1.27753502675,1.3649322205,1.66090092029,0.523972121653,0.807309325333,0.0959571429208,-1.26383123675,0.311215232358,0.178036725173,6.6833142201e-16,0.0,1.05684297638e-16,3.81124543685e-16,-4.87999227457e-17,-3.71832772424e-17,0.0,0.0,-1.19313465936,-1.67665348511,-0.809506748625,1.17232667081,-0.412797718047,-0.114950122468,-0.620363404573,-0.585145601827,-0.962332056877,0.564642707373,-0.869427607545,-0.48138390798,-0.118994108485,-0.337238085069,-0.31434204234,-2.02822114892,-1.2310724777,-2.42974480086,-0.329541168174,-0.340188231281,-0.338929556551,-1.32458673561,-1.3135530307,-1.31605499924,0.390252030093,-0.990472692332,-0.659684705093,-1.18367066546,-1.84237012758,-0.688588300493,-0.348655693994,-0.286265349617,-0.505288379169,-0.21747600353,-1.84724716246,-0.911828030075,-0.287271246467,-0.343826972622,-0.644222706733,-1.434035007,0.647604749098,-0.645258795219,-0.641354220478,-0.64127741551,-0.558343561146,-0.538185365024,-0.562747618737,-0.691997460563,0.152794077809,0.0436377020399,-0.504102249542,-0.527401906882,-0.642988512169,-0.436069691043,-0.189074375468,0.689742934014,-0.0915302820834,-0.00529939312257,0.0608604349313,-0.4802541027,-0.514115625225,0.111282592246,-0.55895829011,-0.554785233157,-0.549006469404,-0.55029700128,-0.174986622309,-0.796941199465,-0.275856296949,-0.243544620068,-0.0861926767235,0.203175851853,0.0892788533575,1.61964074025,-0.723904776861,-1.0672664464,0.0292152362923,0.795427831812,0.883215900021,0.0631165807356,-0.0448061789553,-0.496716610564,-0.496716610564,0.496716610564,-0.307701028087,-0.0790061355715,-0.644565909279,-0.641549540607,-0.639617473765,-0.591688364003,0.256143670372,-1.33815712516,-0.0687212691274,-0.107673508971,-0.519906326026,-0.159961414607,-2.60229813676,0.48622157902,0.516510740332,0.854825983537,-1.19372317797,-0.147528137205,-0.337540941847,-0.344617746118,-0.164315720657,-0.337465702115,1.97897506367,-0.339335307792,-0.345399119464,2.16801555992,0.0168890708911,-0.564720162401,2.12335119038,-0.41894704568,0.240283082099,-0.51329074816,-0.443787033154,0.906731649835,-0.641475464667,2.48677423509,-1.00966546568,-0.522940615173,-0.722920732476,-0.0266330877096,1621200000.0,01030314,0.00345423
409,600132.XSHG,600132,2011-05-31,0.0535657430238,0.166668396434,0.831387590829,-0.0604353258748,1.64983853733,0.268596992827,-0.512512028121,-0.196116135138,0.140396867062,-0.649735193488,1.48645717999,0.1570798687,0.450414579212,-0.906385224148,-0.176268229873,-0.839666635106,-0.0846637692161,0.0359630794746,-0.0487211948033,-0.448579865994,-0.816683296647,0.740198503552,0.364128214284,0.914650685508,1.04210451168,-0.325960385425,0.703832070149,0.262069102588,-0.192418221403,0.741742452588,0.966272271428,0.820212556485,0.698378429718,0.953636711541,-0.286101758875,-0.865973838466,-0.914650685508,-0.0169313142075,-0.466309798692,0.243565187722,0.0688752605304,0.257524093938,1.23003339819,-0.793603345077,0.24365246859,0.0972008262115,2.28451545509,0.94012704511,-0.237387167842,-0.648789516417,0.120256717269,1.07385483323,1.36955462865,-0.196013386774,-0.329253208009,-0.650131308718,0.745133462736,0.973584036405,0.844967331565,0.685335649724,1.03518589401,-0.326176012541,-1.34658188159,-0.820144432216,-0.174162159972,0.641664746731,0.436863829911,0.627664615403,0.906385224148,0.032723994778,0.436863829911,-0.161653238566,0.053048468942,-0.151694720626,-0.151694720626,-0.69278651632,-0.501984858899,-0.369643429596,3.1359071442,0.243807297821,0.0527067913893,1.15033551597,-1.20777439465,-0.802704087001,-0.635602257834,-1.186746805,0.64039095892,0.187330218949,0.427263848512,1.08636640527,0.953062183114,-0.850115421182,1.01409355544,1.05386964379,-0.24365246859,0.154462528266,4.41908446654,0.739497795443,0.525601771547,-0.240228729899,-0.450845438679,-0.0686707632542,0.54583277963,-0.986388470782,-0.738053684941,-1.18069532225,-1.01165682904,-0.738709998421,-0.932104551719,-0.129192372648,0.742864015715,-1.130230094,-0.331148308822,-1.86074707957,0.0435818301609,-0.315582017077,-0.953696627074,0.573211033423,1.46254420976,-3.43052409838,-1.06663729087,-1.23899358557,-0.460623714779,-0.393203622417,-0.587131133978,-0.0979433642031,0.505780538859,0.220523991486,-0.937740172298,-0.284529697997,-0.501485295705,-0.13388033978,-1.61215896137,-0.380206103323,1.57072256597,1.40893252037,0.341506542729,-0.55507098031,1.66163707239,-1.00342006155,0.73913364901,0.936051166992,0.51168530468,0.242855317612,1.57007703638,-0.0908800697623,-0.0530130927338,-0.777923720693,0.715623136526,0.40845856501,-1.24515518701,2.41343466772,0.549879171475,1.25947179339,2.85272601911,-0.408117426024,-0.605315972228,3.11216206354,0.351717500074,-1.16052069611,0.0253665456676,0.835919120013,-0.69345205684,-0.693843434505,-0.688004077932,0.0387271644333,0.0432596015708,-0.388754808419,-0.0321727387145,0.00633102747811,-0.00820809345419,-0.653398439688,-0.687434346294,-0.809157150396,-0.550210078668,-0.0369249547572,-0.280865782315,-0.622144798451,-0.122565548692,0.0102899208865,-0.567643787795,-0.637334260951,-0.0663171870862,0.038263004767,-0.85627932916,-0.85330759434,-0.856382593977,-1.41066661785,-3.26976134281,0.0143297475298,-0.302801897958,-1.63244855879,-1.78978108262,-0.712975979358,-0.430172097918,1.39042508373,1.28429758452,-0.667081228673,0.564353824805,-0.679752551325,-2.39767577898,-2.32427379305,-0.359055218373,-0.359055218373,0.359055218373,-1.46263058752,-2.19643917088,-0.577969802996,-0.57833568608,-0.576218491441,-1.0254739924,-1.52494836314,-0.691536671744,-2.25490264668,-2.47125446544,-0.0519602990226,-2.40021103014,2.7943375494,1.48360790381,0.983200643543,1.38772835619,-1.2404623868,-2.13748468598,0.759201446716,0.856382779264,1.86593579291,0.750673982816,-0.188710751457,0.657919910073,0.681514453109,-0.376639781524,-0.0940967444377,0.110862700257,-0.737598448613,-0.890761449508,-1.15357430081,-1.73031345487,-0.660366217933,0.0952615578686,0.437061325738,-0.804162770357,-0.955793655538,-0.52656183037,-0.173524642087,1.69972096568,24822882745.4,01030314,0.11912654
451,600559.XSHG,600559,2011-05-31,0.0118324817373,0.264723856307,-0.706607933183,-3.0227760064,0.179407180551,-0.80213089985,1.8262324536,-0.196116135138,0.00415654590268,-0.594227739352,1.58667932605,-0.281660454221,-0.51646477369,0.302924090714,0.127712688117,-0.564596404399,0.327021887201,0.550235115962,-0.0299080601763,-0.298488146969,-0.662325692935,0.630425268915,0.762304838293,1.3163593234,-0.345495565866,-0.223679952755,0.406170283276,-0.580882991605,-0.0796215851362,0.145245890524,0.223504785392,0.149882518067,0.137071298985,0.178069167058,-0.184850790685,-0.704314827935,-1.3163593234,0.973717861909,-0.739833189497,-0.0919582851604,-0.177433618188,0.198875760866,-0.185053734539,0.113820016742,0.100448948915,-0.0620967815421,0.713911079716,0.962505102254,-0.130853976466,-0.721627281422,0.32393206989,-0.647626201752,-0.891268529314,1.91295912932,-0.0531293002779,1.67775069472,0.15403875424,0.242956012985,0.152048507784,0.135000460245,0.169105670984,0.238557561651,0.560931924725,0.537083376758,-0.200623665608,0.0517428103202,-0.532207599241,0.515718295709,-0.302924090714,-0.153473569151,-0.532207599241,0.309738109636,0.188638920738,-0.221567698699,-0.221567698699,0.989637625095,1.1523694348,-0.280847720869,0.913199728416,0.228651138787,0.211599728794,-0.545910754656,0.851149032416,-0.865261795782,0.294241093331,0.977463219612,-0.00647990851624,-0.51687632378,-0.237962555143,-0.202683320586,-0.0427856025089,0.467380319985,0.0237659767682,1.07400966216,-0.100448948915,0.281664272745,-0.1299024873,1.33673555054,-0.217482014378,-0.199250025278,0.429634958563,-0.360065860981,-0.0722812630851,-0.0736452513968,-0.382847477552,0.0100014316196,-0.54002899092,-0.388810133823,-0.421987982007,0.220910206652,0.0803280863016,-2.2925516144,-0.0569717520554,-1.31174184066,-2.20977627172,0.130630261167,-0.0824355647316,1.95586148819,0.625251242089,0.0716851355023,0.533038981751,-0.425123631383,0.0924614767102,0.700552192566,0.982880100247,0.822556920781,-0.114950122468,-0.432817170733,0.507296815726,1.20311623972,0.975850468834,-0.851113709395,-0.352152473306,0.877940952474,0.33265533855,0.353158800987,0.0135233716884,0.30240755406,0.53965349446,0.376522396374,0.160809915822,0.144368210813,0.0489662261187,0.356018579168,0.189588906666,-0.0442826830923,0.151284650565,0.373779199756,-0.264886996365,-1.2191296967,1.23659297989,0.618084033053,0.395490307467,0.36956549735,0.153765480864,0.937145530404,0.438003916983,0.168313730792,0.341986258598,1.33684059956,-0.450668773993,-1.46358939089,-0.879488071302,-0.878388836305,-0.877728511913,-0.610312917288,-0.626528704304,-0.488985635814,-0.648855859422,0.199260568309,0.0329567897679,-0.830924113637,-0.867268773607,-1.04009058253,-0.741060058621,-0.316138206077,0.124974604392,0.995666324271,-0.396161128377,-0.828296728917,-0.561582488166,-0.619218636221,0.520585394944,-0.611751053019,-0.658818963503,-0.662433311332,-0.659367828498,0.557951429717,-2.4976011063,0.347554422073,0.087439834257,-1.03497531893,-3.89905167555,0.284385558518,0.112385404409,-0.415092164068,-0.657642867491,1.42180816622,-1.63084924176,1.00344424243,0.0208763980039,-0.0538576717975,0.757808474834,0.757808474834,-0.757808474834,-0.102763799199,0.168437112768,-0.645490510959,-0.644849853686,-0.644375086571,0.0434977347152,0.694963446745,0.860828321308,0.228229859038,-0.127613537404,-0.97529200399,-0.233759382464,0.0560632730298,-0.0298008188184,0.78419621955,-0.163256161236,-2.20102692692,0.926764405213,0.146719658502,0.152253177526,0.777587338503,0.143042268413,-0.400115336046,0.129161655094,0.123879275763,-0.047836001449,-0.219987633311,-0.0959305889499,-0.426712123152,0.79981174876,1.30020203559,-0.493209546088,-0.253479287949,-0.34075222289,-0.572609425258,2.31413390822,0.354638126164,0.832600940386,1.23073176495,-0.8407161198,4165000000.0,01030314,-0.05109244
460,600702.XSHG,600702,2011-05-31,3.13787828553,-0.389301745102,0.942704844413,-0.108392267805,-1.59727347162,0.0620721798886,-0.595778138827,-0.196116135138,-0.1016992432,-0.208883053733,0.189415573057,-0.336502994586,-0.452006150163,0.536469786478,-1.229766277,-0.140560347274,0.553869085635,0.374915103523,0.164494330969,-0.566753346036,-1.34400224555,1.89008452364,-0.400530650303,-0.214373456435,0.735371862958,-0.228252489745,1.03651289077,0.145262807781,-0.152406345761,-0.13405562875,-0.159013722022,-0.139785333539,-0.134644066288,-0.149707431227,-0.198818508618,0.250113687527,0.214373456435,-0.921614769678,-0.623792963095,-0.0392331679932,0.499915798287,-0.685973354277,-0.729626032364,-0.872691518474,0.704417991818,0.165829040873,1.52301030339,-0.0198916063499,1.99490769508,-1.03698169582,1.17235169463,-0.212482088035,0.0191354938135,-0.0637496465029,-0.289629640558,-0.512099843771,-0.128617297963,-0.149229170113,-0.141592189382,-0.126911462703,-0.14927149856,0.68170873188,0.202420401861,-0.452498073126,-0.215621703099,-0.319350157445,-0.014123837819,-0.436712659923,-0.536469786478,-0.247565678812,-0.014123837819,-0.153774831633,0.274238953438,0.297020810437,0.297020810437,-0.850793829853,-0.684773529299,-0.570295225138,-0.801649153111,0.252725520691,0.136584043453,0.514642248116,-0.178003811715,-0.566135280232,0.457496032849,0.705273585438,-0.697030159284,-0.641777822068,-0.356707383434,-0.689447151491,-0.359424835534,0.505600366289,1.50028619349,0.272344333279,-0.704417991818,2.41630714005,0.400360279384,0.514341069881,-0.0691057860329,-0.255984454441,-1.26819366148,-0.128251198449,0.202554647893,0.72996562654,0.0632254340522,0.543762045422,0.324622045626,0.257743963806,0.0295906206895,0.519820860398,0.991001050689,-1.08403571401e-16,-0.291980229284,-1.09021341093,1.29877797937,2.42118662282,-0.904263375309,-1.2440670821,-1.40817453653,0.0618905328297,-2.5714911238,0.383202936117,-0.555330083185,-0.15663284221,2.67918904818,-0.588087967913,0.505780538859,1.02598073883,-0.0495530629334,1.45846982668,-0.567205515073,-0.431443523939,-0.133867325636,0.0435057291869,0.0596940200632,0.0940060470504,-0.475221592204,0.165271300962,-1.03660559412,0.413433574085,-0.131997708403,-0.149808393189,-0.767145478235,0.11058623571,-0.637891488895,0.451904378343,-0.027580251289,0.380140692128,-0.425681552483,0.0396039069787,0.58766704983,0.202028882727,-0.0442634110215,-0.181752036775,-0.241132231355,0.32573703996,0.529368088072,-0.0661690156751,-0.0160103074676,0.715802765753,-0.586486760675,0.404005425253,-0.215399529091,-0.212932115472,-0.218617125994,0.0679195123256,0.0538816239228,-0.0105258941606,0.0569305552183,0.365400206335,0.102695818282,-0.145392151326,-0.143835760305,-0.215725330538,-0.196268419452,-0.456989357181,1.15179239465,0.839548020221,-0.275037832929,-0.723006784521,-0.145152752804,-0.188088575921,0.26575127449,0.0662713486352,-0.263430643266,-0.264170377748,-0.263155891549,0.841383667358,-0.257475416317,0.063685433036,0.829908893816,-0.0824632338013,0.143292579869,0.342249507635,0.350188160572,-1.00698110056,-1.52848501163,1.61170720212,-1.74638624526,1.24390092725,0.177064502248,0.120467375534,0.324268524766,0.324268524766,-0.324268524766,0.0177791204791,0.261963510657,-0.115290717111,-0.113419818613,-0.113546831005,0.384329299881,1.05634443905,0.552210131321,0.286067399033,0.230619387199,-0.956889632141,0.0835718793181,-0.449637327287,-0.562280962506,0.402696420244,-0.481406831478,0.411055257283,0.197345179979,-0.135084849017,-0.142554788101,0.106717548148,-0.135553776673,0.133129063889,-0.133963417023,-0.144752669537,0.452517576925,0.207042863735,0.145798426003,0.198740943805,0.517988357588,0.992928233927,-0.445334796222,-0.342487624244,-0.0682436099157,-0.548017734833,0.36162097081,0.279217591965,0.767419066833,-0.173524642087,0.899335810068,6540247000.0,01030314,0.06549768
470,600872.XSHG,600872,2011-05-31,-0.316080315291,-3.14347258685,0.277073103593,-0.227696817747,-0.0810236739982,-0.00628753319389,-0.283986060053,-0.196116135138,-0.136004360038,-0.39073010653,-1.01798289212,-0.903209245027,-0.860244099167,-0.169711412286,-0.662839344375,0.0530619013815,-0.345117960011,-0.197796937111,-0.437525977095,1.4220569258,1.47198106542,-0.361861003517,-0.484482529202,-0.582923465216,0.121906565517,-0.383478087562,-0.201555864924,-0.258367833164,-0.247105505381,-0.485660422446,-0.509930820126,-0.493774031787,-0.479758650382,-0.506035957842,-0.353422562473,1.05345506348,0.582923465216,-0.705517453559,0.00613969451865,0.267531150071,0.00729804085091,-1.51597917526,-1.19331332713,0.0252127943523,-0.604637083071,1.47277073467,-0.666317007735,-0.921727309237,-0.0360522028968,-0.7705279082,0.401614001749,-0.37865081763,-0.155311362486,0.420009513118,-0.275021278006,0.0493524663522,-0.486541788475,-0.515940599186,-0.497024033539,-0.482054582778,-0.508946588486,-1.16192614011,0.133651130432,0.0836528672132,-0.213265323536,-0.0757277588541,-0.189932589646,-0.215443159659,0.169711412286,-0.184951781302,-0.189932589646,-0.802430335844,0.440889988528,-0.0201370040974,-0.0201370040974,1.07500874077,-0.359186826812,-0.412053320332,-0.882948269922,0.237298322943,-0.0780352531901,-0.40775739296,-1.20777439465,-0.399314723483,-0.773304250297,-0.292755073201,-0.464073448182,-0.493085562202,-0.227747946257,-0.541523412458,-0.212587740658,-1.2645794742,-1.36304272708,-2.30280008441,0.604637083071,-0.445732110734,-0.0506317534094,-1.01405331296,-0.443879785286,-0.226407918897,-0.737299255082,-0.277913998118,-0.0224358150043,-0.401042275741,0.0054011677331,-0.22266345132,0.688168504174,-0.525727472144,0.37245585607,-0.841741924027,-1.26383123675,-1.08403571401e-16,0.0,6.6833142201e-16,0.0,0.636337509844,3.81124543685e-16,-4.87999227457e-17,0.0271848366126,0.0,0.0,0.579741191307,-0.331823053748,-0.179675450672,0.15105722719,1.37373604948,-0.114950122468,-0.927901435379,0.299806694964,-0.111615277743,-0.271008137505,1.11796390862,0.0579088097927,-0.200676975379,-0.60035556938,-0.595760032883,-0.438010741453,-0.374468845444,0.198566801338,-0.634369988181,-0.496362734055,-0.497280220853,-0.295269486484,-0.296458217539,-0.532711263629,-0.252379602011,-0.883795902183,-0.864436534375,-0.922166489056,-0.736041783137,-0.18848387262,-0.736083865207,-0.434176479667,-0.517801836358,-0.472318094193,-1.18162711355,-0.748256691512,-0.71099656846,-0.442299595008,-0.218828041959,-0.967168318308,-0.223133259539,2.04241567448,2.04331725019,2.05089334854,-0.344848034763,-0.492373493567,-0.275413702206,-0.609033994571,-1.07980863371,-0.92348491299,0.0792999374463,0.148217682561,0.585818979075,-0.10677149055,-0.450244645722,-0.165231477558,-0.796252686634,-0.482703287878,-0.943906729522,-0.0258044164484,0.276612975553,-1.37440033,-0.345956795117,0.974092219072,0.990665259987,0.977331510942,-0.216109603217,0.316106677001,-1.20993921221,-1.0144907481,-0.0247613635534,0.400463145813,-0.962768697764,0.0693647337139,0.456635108293,0.969443778574,-0.983579621839,0.679890828308,-1.16066592097,-0.123343654466,-0.0910693645932,-0.897242742595,-0.897242742595,0.897242742595,-0.099140378892,-0.0707798103975,1.53797898526,1.53659790765,1.54107840412,-0.669150083359,-0.414992458199,-1.28564895738,-0.0656158978525,-0.060917580232,-0.0779573005228,-0.0120446181652,-0.261660470657,0.312459960937,0.298053793866,0.624166747612,-0.337165677273,-0.260816569412,-0.487634914211,-0.496975918237,-0.520905574316,-0.487025626481,0.265651340796,-0.474986517479,-0.473494872101,0.41534845396,-0.416870130218,0.0309036391767,-1.58584530238,-0.0637193197187,0.130381575788,0.0821605480525,-0.193771470736,-0.455811415034,-0.501191930109,-0.243949915726,-0.613707661137,-0.293596986004,-0.173524642087,-0.488556179144,5504763010.54,01030314,-0.02749638
471,600873.XSHG,600873,2011-05-31,-0.37386573461,-1.90470620528,-0.722510397981,0.0408010444041,0.494272296475,1.25155184,0.62951003039,-0.196116135138,-0.481015820816,-0.480272628853,0.932173033307,1.91204116039,2.19079741444,-1.37278360174,0.886203051648,-0.637513010261,-2.21030603602,-2.53539710296,-2.04918451014,0.163946339243,-1.20132575779,2.61886948388,-0.171787271764,0.261262616844,2.67801197152,-0.0032355378701,0.843178641945,0.633902474392,0.161370994799,-0.332235403811,-0.343687503085,-0.322503183209,-0.337067534902,-0.317388053511,-0.278008875094,-0.825800728599,-0.261262616844,0.167762344161,0.329394610926,1.47541565245,-0.032111379744,1.18874394994,1.99323545676,-0.557806715616,-0.611196022903,-0.179315775927,2.45109470702,0.367248782234,-0.711865590858,0.983703445789,0.198135678038,1.34090138707,-0.60950091406,1.778883557,0.947892583868,1.38303486415,-0.33230885186,-0.343877763719,-0.320719442497,-0.337851075179,-0.303081518759,-2.14448298279,-1.32569654763,0.288922084372,5.08425805027,-0.598410991229,0.437713147553,-0.835429806841,1.37278360174,-0.319119525583,0.437713147553,-1.12807115577,0.110693976677,0.34396671758,0.34396671758,-0.654581762898,-0.999666106035,-0.770681958862,0.045177988368,0.121885647792,-0.145839665243,0.168871498004,-0.693197972582,-0.389967019872,-0.726457180696,-1.36820656112,-0.580551803733,2.02040839859,1.32742625653,3.03633648236,1.57590199313,-0.368228231546,1.49722287354,1.09160324142,0.611196022903,-0.948364246687,0.153134432915,-1.1075505973,-0.468233330364,5.04118688233,0.346282514731,-0.0389822187545,-0.614026591768,1.38475967523,3.32616617635,2.54194280478,1.94584273915,0.577217753222,3.75929537629,-2.01743511854,-1.26383123675,-1.08403571401e-16,-1.07534182005,-0.0307296165469,0.965307957636,0.963559847223,-0.661216554136,0.387544848246,0.290334055022,-0.992945589779,0.126967312547,-0.611079057448,-0.949308575753,-1.39171665576,-0.541402651428,0.224667696434,-0.114950122468,0.461452402716,-0.454366750656,-0.218024151746,-0.428006439328,-0.0570308329717,-0.45031865926,-0.766973034905,-0.0425382994451,-0.161405417129,-0.927392565872,-1.35484320484,-0.199229470286,-1.44209663597,-0.349246930464,-0.295824275408,-0.38289222419,-0.293442552239,-0.439208502007,-0.250071638769,-0.771360224616,-1.01473259593,-0.379480685244,-1.05678086613,-1.37912616077,0.122806512683,-0.268098406907,-0.213670420329,0.214518975052,-0.884496626984,-1.04297982406,0.139097806445,-0.260973645422,-0.883611904177,-0.600178582915,2.51692722002,0.221574284644,0.223244159586,0.234691923052,0.168895596941,-0.222496471353,-0.0567928618931,-0.471495111919,-1.81661054796,-1.35629233807,0.0851635809298,0.170399218381,0.804466678549,-0.0796408634339,-0.184357117982,-1.83841043104,-0.984595810957,-0.309046833802,-0.163188507697,-0.0415368209919,0.00325273393294,-2.1647781559,0.170721951018,0.0248964127012,0.0468723851086,0.0283506121882,-1.62702904817,-0.557121965123,-1.19132751382,-0.52353520092,-0.0763465941862,0.296841878072,-0.530488231231,0.112824609463,-0.446534930529,-1.23174739294,-0.983579621839,0.679890828308,-1.16066592097,-0.610614333835,-0.59996440661,-0.165955527969,-0.165955527969,0.165955527969,-0.367473197727,-0.564013353887,0.263592300479,0.264363264063,0.26690622385,-1.42827493305,-1.86051642743,-1.24804027201,-0.5814957009,-0.450091928265,-0.465575513902,-0.371087774822,-0.0444491422999,1.90634739595,1.2804061788,0.815057149757,-0.924406936797,-0.610471206638,-0.330129502471,-0.318414465949,-0.0681426252748,-0.331668296092,1.07971675608,-0.340995831697,-0.339642304518,0.932857012165,-0.06073883703,-0.240906811669,0.665748143014,-0.661590015301,-1.9900869136,-0.594197620275,-0.473553564467,1.07629256457,-0.208999839249,-0.128202514059,-0.874985940325,-1.59240617014,-0.173524642087,1.09454349683,32742580530.3,01030314,0.07857734
506,600059.XSHG,600059,2011-05-31,0.327717541105,-0.123996499704,-0.579388214801,0.743952096114,0.238896856275,-0.0187822843766,-0.899669053811,-0.196116135138,0.620178429706,-0.64189465422,0.044093461269,-0.903209245027,0.0421766302089,0.30223107678,-0.983758502572,0.345261535842,-0.168681250118,-0.244548940428,-0.0800764191816,0.446270762624,1.03393921705,-0.889319118494,-0.660033725361,-1.00202679378,-0.91514191349,-0.295877905228,-1.85036870398,0.13163540672,-0.197288087847,-0.376524021649,-0.3757643658,-0.381449811735,-0.372233959223,-0.382690359512,-0.276989771211,0.100899279451,1.00202679378,-0.856441425168,0.0724483953201,0.233978802783,-0.147876552742,-0.322998009154,-0.0769401165882,-0.779769586963,-0.109437125723,0.523998190381,-0.499737755801,0.085285262225,0.544899205517,-0.925639239586,0.289819797818,-0.165129304383,0.0184267718204,-0.683396210511,-0.304160436583,-1.07355215389,-0.378414342548,-0.372155086329,-0.38432715419,-0.370630016745,-0.388210508764,-0.48252248019,-0.545549818186,-0.890609984375,-0.207119630891,0.393056712771,0.2287810077,0.489023997561,-0.30223107678,-0.0626354640114,0.2287810077,-0.102565186563,0.262866377665,0.240249015753,0.240249015753,0.767484058903,3.05879954978,0.25219159331,-0.871379672344,0.2259178257,-0.0962725817764,0.109290659944,-0.178003811715,-0.257031888712,0.138084194662,-0.51050678054,-0.830148279914,-0.346772378493,-0.0936812046378,-0.506546370717,-0.0713179290012,0.298203796788,-0.558702431192,-0.122353727864,0.109437125723,0.110621150314,-0.0961702601126,-0.407275018649,-0.554523051813,-0.292471395486,-0.953656137589,-0.0955124610211,0.444769990402,-0.232383202594,-0.0276412701635,-0.332152807997,0.491656904959,-0.122581975976,-0.187836113942,-1.04674277926,-1.26383123675,-1.51350457385,-1.07534182005,-0.155941337701,-0.670568575924,-1.14851160313,-0.577111368843,0.154055554766,-0.212041725578,0.299516110712,1.03899993857,0.159451691746,0.501592988223,0.51160280318,0.053067621725,0.71237771334,1.12651120019,-0.967583761934,-0.20158925387,-0.555678352194,-0.168320294743,0.42328396469,0.115068867437,-0.971613150198,-0.462234271107,-0.423113198218,-0.081854073797,-0.150196064485,-0.52806210339,-0.329911390618,-0.37685955556,-0.390551648987,-0.695210965174,-0.645554922816,-0.684919233958,-1.12932818018,-0.359052976156,0.0312453395314,-0.551694929548,0.629290675338,-0.463593425341,-0.413929094588,-0.428370638326,-0.48824106068,-0.533878050693,-0.538777274057,0.197804563958,-0.390133960719,-0.349613508165,-0.413448700879,0.590276461474,-1.17334338801,-0.2026265972,-0.196790591814,-0.189608941319,-0.303872392614,-0.157352760996,-0.35834395176,0.0872217453661,0.0857559064066,-0.0728601070817,-0.042070398737,-0.0275705922187,-0.000206134007876,-0.126649424618,-0.38886241131,0.106759876919,-0.969109125486,-0.46702071801,-0.573905104758,-0.100114034269,-0.167679589654,0.140294476728,-0.302730178102,-0.166670216389,-0.153723852569,-0.161248939554,-0.219087740296,0.632850466682,-0.841277037396,0.247081580242,-0.0349930475294,0.397886495066,-0.0754518881353,0.01790275612,-0.530836895855,-0.65257161085,-0.983579621839,0.679890828308,-1.16066592097,-0.1910285187,-0.13590777821,0.121202398729,0.121202398729,-0.121202398729,-0.00222101838352,-0.116601210432,-0.247556172749,-0.245006217233,-0.245400364315,0.136451797942,-0.208489034024,-0.0252820928367,-0.137815779995,0.0625043198951,-0.401313263003,0.145498000171,-0.516964236017,-0.701182996714,-0.291280850819,-1.27545787929,-0.0319340440546,-0.338698502341,-0.377871113615,-0.382920032821,-0.460797389702,-0.376496820356,0.237253710031,-0.367769447473,-0.36972126541,0.0465163876159,-0.268715435267,-0.249020758512,-0.0394373777791,-0.555594167162,1.46172121659,-0.020209927726,-0.247013368232,-0.782821750603,-0.3915879059,-0.69328458143,0.139150885597,-0.419132446181,-1.27231682287,-0.547163437837,6869145847.66,01030314,-0.03142329
524,600197.XSHG,600197,2011-05-31,0.014864197066,0.256551407784,-0.0818682446996,0.0153146182934,0.569529670192,-0.609959561412,-0.840106434474,-0.196116135138,1.11515225838,-0.202111678911,0.0465990149206,2.00344539433,1.69661463406,-0.394247926908,-0.312984025825,-0.146292365651,0.142183429218,0.339851101035,0.0139892539534,0.856268141935,1.3468262516,-0.78842795056,-0.572513041893,-0.744911522172,-1.13423666258,-0.177713923014,-0.459821238829,0.419757600578,-0.289947168281,-0.330741579562,-0.318361488111,-0.333683004115,-0.328059400051,-0.332041520967,-0.148462787316,-0.337682341047,0.744911522172,-0.488416367558,0.462012012528,0.593468238014,-0.204527594847,-3.35333099737,0.736714963692,-0.565991318487,0.597288641222,0.416296977592,-0.737708115706,-0.76955652066,-0.255939871481,-0.633460477691,0.248929731217,-0.369585315261,-0.145794238579,-0.571062622884,-0.299390095183,-0.956038879682,-0.330972500271,-0.321784012943,-0.33458402324,-0.329405798382,-0.334713782135,0.161161257328,-0.634095349542,-0.853845348466,-0.205814069241,-0.247260564942,0.219438513642,0.460246618342,0.394247926908,-0.234720924126,0.219438513642,-0.979694491853,0.180078917468,0.625096277796,0.625096277796,0.220354256817,1.15668303174,1.42588531941,-0.325510031757,0.222393297501,-0.167733164716,-0.154832275049,-1.20777439465,-0.172812674448,0.0997547740799,0.0665352439092,0.0725589756078,0.117147472292,0.586867112345,0.0173805670383,0.344140581143,-0.0510617408703,-1.70000792177,-0.146660646586,-0.597288641222,1.03684744507,0.270804992872,1.6534814526,-0.362701301694,-0.201599563148,-0.280321166797,0.155213397665,-0.192855420369,-0.887177251283,-0.878484046002,-1.05751979599,-0.80531964986,-0.791955629991,-0.890291718136,0.147810375231,0.0476784764366,1.1923299333,-0.840333342818,0.316010534341,-1.94599773768,-0.494066928375,-0.348482579434,-2.61968472682,-0.881876099712,-0.359703234382,1.62096361422,-0.463927338177,1.67216370172,2.03087878776,-0.114603480959,0.67370741597,-0.114950122468,-1.51605020397,-0.0329168839859,-0.653219820029,0.468800720795,-0.462648168261,0.00199136209741,-0.621213855466,-0.469104447042,-0.451948504642,0.15621045627,-0.018588448169,0.542832179201,-0.210687422759,-0.327881165059,-0.340172677416,-0.16209321253,-0.32789229169,-0.129094875531,-0.642883853067,-0.590599038037,-0.705596570656,-0.525823112201,0.106711232012,-0.0307965581105,-0.446266078353,-0.388573921721,-0.474639476778,-0.329036623388,-1.24469610565,0.158016941065,-0.573495583791,-0.394586056326,-0.235218661515,0.0168091567677,-1.23035599572,-0.140382729208,-0.139087280935,-0.135567927075,-0.659831851923,-0.654709739571,-0.581155091096,-0.741989994374,0.00982691483372,-0.0990133013204,-0.692759259997,-0.714626557021,-0.800937727573,-0.635685375789,-0.307881106372,-0.622901274292,-0.633720704763,-0.329047090259,-0.757005885099,-0.453367933115,-0.533399807572,0.179891778522,-0.660290322531,-0.424754257608,-0.425304283694,-0.424311994119,-0.252487624789,0.241884624793,0.1178527075,0.0933154738764,-0.0766115112051,0.284908601634,-0.131506501501,-0.0204794807074,-0.211114168797,-0.718795631016,0.0292152362923,0.679890828308,0.76298755761,-0.197565689837,-0.164235598401,-0.229491555134,-0.229491555134,0.229491555134,-0.0363154063163,-0.14497050005,-0.335110994724,-0.334820573656,-0.333914766359,-0.15790273561,-0.208489034024,-0.760969968214,-0.163046921603,-0.0753569111661,-0.1276144944,-0.0329005656028,0.412373333079,-0.0564818080148,-0.361071041098,-0.0691365879564,-0.789994812047,-0.388696271403,-0.331537292508,-0.334459411245,-0.42847948265,-0.33158336245,-0.264437766832,-0.3257605915,-0.324654460636,-0.193653330004,-0.409127780349,-0.339741560901,-0.204027165844,-0.330339927844,0.67493453124,-0.0102420846687,-0.186315275026,-0.540591872404,-0.298230993466,-0.663950172601,0.0489156036088,-0.114950369599,-0.173524642087,-0.0781858228616,5556600000.0,01030314,0.0
525,600199.XSHG,600199,2011-05-31,0.0402097483934,0.194958712274,-0.876991484588,0.0386035966098,0.499559836191,-0.398478152963,-0.885082289892,-0.196116135138,0.20459644286,1.33240659171,2.87230674413,-0.903209245027,-0.967675138378,1.67786373581,-0.157414355358,0.912064841373,-0.462742433273,-0.548436961988,-0.418712842468,0.351655982783,-0.444556316887,1.08090547247,-0.660628526122,-0.993873032529,-0.389314515683,0.0410458729801,-0.110360464534,0.214048736945,0.0399533787478,-0.222027702047,-0.224773948402,-0.220676917964,-0.224733484199,-0.219078704003,0.0618322964086,3.30586769712,0.993873032529,-0.150145917177,0.627783764532,0.171667300676,-0.408963964183,2.64229418062,-1.76511423985,2.95249828543,0.492892182222,-0.017513488806,0.90428736764,-0.395842966362,-0.661264782079,0.430566836728,0.31343699658,0.0904407092143,0.272655475343,-0.683396210511,-0.304289714127,-1.03811164262,-0.221073231767,-0.209079391282,-0.220836331079,-0.220464977963,-0.221326169908,0.131430755077,-0.229690877543,-0.905928582671,0.134300662045,1.53544094687,0.415630888869,-0.163597586376,-1.67786373581,0.224984282919,0.415630888869,0.160048377895,0.47637731637,0.505002096733,0.505002096733,1.39196669508,-0.0626270370779,0.48677130144,-0.0616648238465,0.229890515831,-0.185089648258,-0.0397788127438,-0.178003811715,1.61718268528,0.0855586923827,-0.620592365917,-0.977826194988,1.2293655761,0.276598367454,0.997466424174,0.172946622189,-0.081653574041,1.60575192326,2.6440051171,-0.492892182222,-0.888468279626,1.48073291386,1.16882206029,-0.384950219419,0.300164980277,0.527366260629,0.0317822571762,1.61499477608,-0.450647885491,0.0797466530005,-0.510073012598,1.32683120162,-0.434449246596,-0.43871311544,-0.428098787248,0.100420153911,-2.02696739603,-0.918669501894,0.624224001797,1.0514856037,2.42118662282,-0.568872493549,0.0696618342311,-1.40817453653,1.86665253833,1.33722013057,-0.82525536118,0.0583671840841,-0.322539623134,2.19577366122,0.703658495485,1.74724186151,0.945671268424,-0.616569495394,-1.34432328816,-0.469081576433,-0.185314201799,-0.287122552653,-1.33586678278,-0.255616293365,-0.201373341856,-0.571084264757,-0.422383697551,-0.879007326,-0.221534940381,-0.21510653182,-0.225654402688,-0.773785765966,-1.02664463594,-0.589995988715,-1.82256679611,-0.0523989550671,0.195605174824,-0.30892004423,-1.41899076796,-0.638192540367,-0.0476592905079,-0.427345571383,-0.359298045297,-0.335219501115,-0.305206918367,-0.0777615649716,-0.133125547743,-0.324625536387,-0.835810644169,0.542721828873,0.0239213738637,1.59822569987,1.59878290297,1.5927488492,-0.218072755371,-0.282575574146,-0.385481825294,-0.336282290264,-0.0982338688679,-0.164752678122,-0.326935405773,-0.326351243205,-0.312623131708,-0.334137112197,-0.275458108009,-0.749540627782,-0.736495981076,-0.295189320984,-0.877824417326,-0.375087314415,-0.400865509793,0.17832356855,-0.217504121509,1.43185255286,1.42450265428,1.43268337146,-0.180726865798,-0.732881452413,0.330433430689,0.76618027476,-0.0846120051771,0.186015531392,-0.62914342289,0.82611504245,-0.219106284624,-0.431658315772,-0.983579621839,0.679890828308,-1.16066592097,-0.178557607608,-0.206894948926,-0.277455026621,-0.277455026621,0.277455026621,-0.167700056049,-0.169726357116,0.993551317317,0.994412532107,0.994924245936,-0.235364454966,-0.0277985378698,0.655932981935,-0.143638351135,-0.0894524485065,-0.903727224579,-0.0309754012239,-0.208799447664,-0.22518208267,0.64363468106,-1.34173926892,-1.21330444651,-0.353186726435,-0.221600941771,-0.220299611427,0.0625341293278,-0.222183351827,0.559093525376,-0.226302406067,-0.232815520442,0.555447455905,-0.316544396606,-0.479598172849,0.634177692562,-0.815978894743,0.265416295428,-0.486006506215,-0.433301757936,-0.0197976342759,-0.53650904086,1.87762745445,-0.15175688917,-0.53621840423,0.00942425601205,0.505454813045,8953535282.22,01030314,0.03910615
569,600519.XSHG,600519,2011-05-31,-3.55991365633,-0.499205166973,0.572404592694,-2.7732367119,0.178188306647,2.38661221191,-0.930665927139,-0.196116135138,2.96517820218,1.24518059235,-0.512139449368,1.16252644206,0.106635253736,1.84834516357,-1.02297859448,0.507024426543,0.436244612373,0.655427123425,0.296186273359,-2.43055051519,-1.84295276998,-1.07014888675,-0.569454066549,-0.695988954635,-1.4409693113,4.32479105306,-0.28253738047,3.01091057372,-0.167015945091,4.69034791814,4.61992497852,4.66315979739,4.70938697965,4.62935456102,4.32864041475,1.34203693691,0.695988954635,-0.751117285361,0.917884330538,0.660572932591,-0.756259483175,0.118487972153,-1.29982526185,-0.073358292402,2.82295555769,-2.33534377521,-0.928084403631,-1.05823345781,3.31256646412,-1.07098368885,0.24401714371,3.04859128547,3.44266770445,-0.683396210511,-0.305608345083,-1.1462984665,4.68744958109,4.62407779437,4.64768841981,4.71062326008,4.61545964972,0.849327740294,1.90608506405,-0.94269321858,-0.135058996409,-0.132995192151,3.1368446128,0.0981762680156,-1.84834516357,-0.199166643155,3.1368446128,-1.16221091915,0.195976066398,2.92435396251,2.92435396251,0.276482227893,0.587018635646,2.0087562552,0.944948135302,0.22406368247,-0.202574496153,2.23314329987,1.36634319328,0.797640747545,1.98925324798,1.81096836604,1.60133739222,2.20002864851,2.93495032985,1.41209010649,2.15907491022,2.30504911429,1.51910373034,0.231369813148,-2.82295555769,2.03408442242,-0.027450653098,1.39779500154,4.24327565905,0.0323867671146,-0.726065772086,4.85779750794,-0.0841710029943,-0.976467348832,-1.24195086287,-1.29018467892,-1.72892416617,-0.784349111195,-1.23315695352,0.763215659801,1.28283833271,0.584089997898,0.726389838707,1.02875417783,1.03200196198,1.40977212547,-1.00347316531,0.429741708514,1.41469889732,0.402146512629,1.58115266626,-1.14777967739,1.03573690603,1.47324766298,0.0813757299704,0.194150433942,1.12651120019,2.35155940925,0.291950721572,1.21544747642,-1.20158818814,-0.110423055428,4.33704327009,2.42904952734,4.3025916295,4.49431030774,2.04016519981,2.02585303483,1.71788597194,2.29578022987,4.64399596713,4.64795273486,2.83834913247,2.40206869919,2.43244519702,2.84100152515,3.23601734304,2.80511140185,3.27118144063,1.32159415736,1.90787668501,3.13615653432,4.7287153092,4.53908570362,3.46913204642,1.33730507536,2.0147726761,3.18729257998,4.83520935325,2.42052292401,1.52963326586,0.421281973043,-1.24653567777,-1.24814849281,-1.25057096731,4.35860501981,4.27635275649,3.77662135342,2.15380624027,0.323460538584,0.181545864023,-0.447861595225,-0.477365843093,-0.645139279257,-0.375624986367,-0.141294864819,0.985111125618,1.08045201645,0.0652988448172,0.125663000461,-0.372390031587,-0.392406956472,1.13453959899,4.35630080669,-1.1818610011,-1.18815015881,-1.18551362953,1.68677339795,1.08428760794,0.509952929138,0.427273198542,4.75017657391,1.00436674903,1.82694867109,-2.58497636873,1.39332022578,1.3742512584,1.80160623802,-1.63084924176,1.7248142969,4.30252234904,4.46300487669,2.77165137508,2.77165137508,-2.77165137508,4.74234830017,4.5534528382,-0.987798958617,-0.988366496945,-0.989153037121,1.76314790442,1.85654520773,1.33839273091,4.52101747522,4.31798142233,4.59215573301,4.26920009969,2.5751666352,-1.75692560566,-1.68426915972,0.214547759676,2.11442882357,4.3609269164,4.68359967941,4.65307237436,4.3970368032,4.68617840205,-2.03455675123,4.72687781595,4.72187438359,-1.9663345791,4.26861240167,4.17034313364,-0.157695476886,3.55810721266,1.3101111878,4.64343097949,4.90801394112,-1.33389472351,3.44562315689,-0.92087148051,1.92634818705,2.41024369472,1.84111082137,0.568445851884,1.9234644e+11,01030314,0.04332679
592,600779.XSHG,600779,2011-05-31,-0.00959144411895,0.328397950546,-0.409004663396,-0.83946777179,0.141341209197,-0.28365035697,-0.252989186724,-0.196116135138,-0.404074344478,-0.749167486934,-0.53162708888,1.21736898243,2.5775491556,1.82894077342,-0.728273379458,1.40508507315,-0.219091738658,-0.302988944574,-0.180413137192,0.781412271941,0.902109479825,-0.388962694227,-0.601913193815,-0.790029001123,-0.666834531192,0.113243825453,-1.2710955207,0.537212819246,-0.224664634338,-0.131801262593,-0.104962643189,-0.129479414491,-0.131314095865,-0.118268034975,0.143000923365,2.09354593953,0.790029001123,-0.351258382908,0.453723424928,0.636606970242,-0.458225739926,0.122343744916,-1.54488279587,2.05957590478,0.922502741246,-0.135734354938,-0.785302187688,-0.968721229238,0.644765742652,-0.940206792587,0.0554079351269,0.163543377255,-0.0957787150665,-0.683396210511,-0.288724697745,0.351529457183,-0.132950234278,-0.108456607243,-0.134105148098,-0.128216986569,-0.115529250276,-0.610372115463,-0.47259813503,-0.385096240627,-0.234249838835,-0.873833658663,0.32475390121,-0.754421098586,-1.82894077342,-0.385501217801,0.32475390121,0.67345789641,0.0654727022595,0.713529265669,0.713529265669,-0.98663295313,-0.942780546368,-0.715284039089,-0.0330767606596,-0.619016004559,-0.168339575625,-0.0382294292481,0.336572610351,0.338704452954,0.173574398905,0.194766804898,0.257676362109,0.227774513633,0.752854506731,0.254204287164,0.701838527901,0.309682315947,-0.514065483324,-0.357552103302,-0.922502741246,-2.77117759476,-0.669500451741,0.766211305256,-0.386904516246,-0.42549670138,-0.12282773519,0.199136175829,-0.844047329242,-0.321673300143,-0.052423098586,-0.441642164675,0.137936026372,-0.267105833093,0.0128654872563,-0.495348597366,-0.149223786134,2.50150390385,0.491381361478,0.691645697803,-0.779227347049,-1.14851160313,-0.758366625311,-1.6702553708,-1.40817453653,0.271409859565,-2.58524399674,-0.796530539268,-0.86217871682,-1.74810899997,-1.84139808393,-0.48351397195,-0.735680783795,-0.957663180296,-0.68450055943,-0.469775354952,-0.391038815934,0.136158196044,0.185483431201,-0.973344942429,-0.267203306509,-0.311787015188,0.319853284835,0.276383869815,-0.055221231132,-0.00629995192963,-0.106585784239,-0.157840465528,-0.617512333639,-0.943336758156,-0.761281684137,-0.367786370061,-0.755613519354,-0.658030484905,-0.695518676191,0.643781898967,0.26083830661,0.0558806209339,-0.331058190818,-0.379791098375,-0.437640214767,-0.0404492509257,0.407057988065,-0.371088307359,-0.261089666185,0.236106287316,0.726950187046,-0.485736785954,-0.200651148369,-0.199645749189,-0.200104395366,-0.420429073983,-0.375562537042,-0.503403395559,-0.365967170063,-0.127993225124,-0.142789661391,-0.558383121977,-0.576223039058,-0.617830208105,-0.510748199392,-0.150159428457,-0.202631368472,-0.565203853888,-0.213770437748,-0.285965835842,-0.49014728926,-0.554437186152,-0.107678725098,-0.420492905208,-0.566457192315,-0.559094120189,-0.564743000142,0.181788027435,0.221399948866,-0.358597915653,-0.660106656191,-0.0711218418681,0.316596200464,0.81832517799,-0.519448559464,-1.37146424752,-1.16795800122,-0.983579621839,0.679890828308,-1.16066592097,-0.320565079077,-0.22960749115,0.248897355286,0.248897355286,-0.248897355286,-0.0336049738028,-0.0663591216358,-0.272055962007,-0.271806868537,-0.271277346293,0.446298675366,0.0238273181741,-1.42936001757,-0.0776492115428,0.0415329106813,-0.194505655563,0.0408974022534,-0.608953249508,-1.10531953785,-1.28532181285,0.302039193992,-0.26956602156,-0.277468753007,-0.13167492957,-0.127327115532,-0.553223481368,-0.131156405847,-0.236040136066,-0.129109782943,-0.132555848174,-0.356625638389,-0.348121423538,0.368031768211,-2.57491753746,0.136724135823,-0.947914350888,-0.0600812999553,-0.273343059334,-1.36417345828,-0.351307476993,-0.713890934098,0.268443229937,-0.0171775592697,-1.82171291325,2.11813205799,9658548449.46,01030314,0.14716168
613,600084.XSHG,600084,2011-05-31,-0.520371964439,-1.11903039394,2.45116721952,0.371886485662,0.276502891494,-0.0528588785114,2.29969449914,-0.196116135138,-2.60107204145,-0.262964955275,-1.01241499512,-0.903209245027,-0.967675138378,0.988314871458,-1.41618774213,-0.178151723605,0.25980790248,0.573611117621,0.220933734851,0.0111947669691,0.590056810698,-0.851968889282,0.365062901195,1.02825975901,-0.593802948164,-0.507658565816,2.14909677553,2.20170252025,0.0910869764021,-0.445905070532,-0.477195410146,-0.454075509157,-0.441286463824,-0.470429616862,-0.477933078122,0.102107493282,-1.02825975901,-0.863682907892,0.113891333321,-2.93432141972,4.73396542345,-0.290350775303,-1.29101600409,-0.944262312061,-0.090853462864,-0.0420593466045,-1.11846069155,-0.0266050234929,2.13676018306,-1.04208033937,1.53156166936,-0.194158200267,-0.524555520888,3.04173050177,-0.210912543588,2.83609582623,-0.446453962482,-0.476792534002,-0.455983644866,-0.44202212894,-0.47990292347,-0.540867531408,-0.628396312475,1.75338008141,-0.208393349574,1.7026618521,1.46199022341,0.0518855775839,-0.988314871458,0.259065698686,1.46199022341,2.02329161772,0.178171259597,-2.9777291541,-2.9777291541,2.32774732209,0.486997106563,-1.2705885459,-0.053778461588,0.210588103712,-0.0507718449447,1.67503658433,-1.20777439465,-0.359766746667,-0.800276805522,-0.254043658563,-0.728229718807,-0.401491130124,-1.59012140633,-0.111597274384,-2.9454278903,-1.43968612685,-0.14427900344,-0.624928209238,0.090853462864,-1.0527190759,-0.181520639601,0.644092403256,0.153834382797,-0.35570160582,-1.48612323161,-0.0530131062236,2.02137998887,-0.242304324544,-0.45719296282,-0.0858017554732,-0.638284790527,-0.153008051158,-0.296549481258,-0.568109297117,0.0,-1.08403571401e-16,0.0,6.6833142201e-16,0.0,1.05684297638e-16,3.81124543685e-16,-4.87999227457e-17,-3.71832772424e-17,0.0,0.0,-0.102599315174,-2.07063197768,-2.12754395264,0.114038931792,0.144835896592,0.505780538859,0.348074326843,-0.0791284921734,-0.33177634648,-0.0158858970427,0.398707617231,-0.104044686866,0.427386340384,-0.569696127521,-0.549495791247,-0.717562185804,-0.487256758777,-0.606239320871,-0.00959493168518,-0.453158549281,-0.458141459535,-0.985962574695,-0.792842870186,-0.959089756213,-0.879969572662,-0.622421066085,-0.771219775721,-0.62182534822,-0.825156917714,-0.342142337145,-0.697282724868,-0.366255027192,-0.474095413422,-0.526619889883,-0.424816144126,-0.776255389104,-0.643581430008,-0.436542064656,-0.480925666126,-0.821325961771,-0.14884410404,-0.571420967298,-0.5710112491,-0.56290557558,-0.484977260532,-0.464749977582,-0.460103638985,-0.505248259302,-0.0644285522036,-0.00154559101303,-0.0946399430892,-0.102938555751,-0.121025001253,-0.0135300889945,0.128679952858,0.212313841563,-0.463210733407,-0.27209052975,0.183477328362,-0.246939887095,-0.192358804592,-0.361140661827,-0.48519642041,-0.715516717039,-0.703795053569,-0.714895500568,-0.12504496088,0.060470726684,-0.707998975159,-0.880272750657,-0.0289205607507,0.385909840669,-1.141092654,1.13434057977,0.469579440791,-0.16821875955,-0.223983478241,0.679890828308,0.282074187965,-0.0110048827721,-0.0302232182651,-0.786989048397,-0.786989048397,0.786989048397,-0.1504103497,-0.0673585817037,-0.717385296097,-0.714752572282,-0.711580804533,-0.467749613034,-0.00198560984784,-1.04247378478,-0.0590169838933,-0.057823437889,-0.196550363546,-0.025841629547,-0.752018947663,0.12666508265,-0.156179669514,0.710332554136,-0.15926148873,-0.243999512712,-0.447682709417,-0.458047336628,-0.481562035296,-0.446865712739,0.650597002288,-0.437626062294,-0.438027172287,0.709842274375,-0.447108696666,-0.404006077487,-0.103379659594,-0.44443846678,-0.855849318552,-0.126800366259,-0.273983826153,0.373825917797,0.9074287832,-0.904797309566,-0.883066711846,-0.46258702855,-0.722920732476,-0.313931648301,6665635839.0,01030314,-0.01579587
626,600300.XSHG,600300,2011-05-31,-0.0755108771,0.623573704131,-0.667987661531,-0.00910532638212,0.687927845303,0.642510166651,-0.369075516248,-0.196116135138,-0.144825675797,-0.472075701437,-0.859854617229,1.1076839017,0.600818034108,-0.667295416911,0.440465194786,-0.602987597248,0.82272502452,0.807371134206,1.06752479307,0.856648120971,0.39064347401,0.440713433952,-0.0812925844894,0.173201995277,-0.360101882472,-0.416207826017,-0.269405242814,-0.561415275804,-0.0998249499752,-0.526282628577,-0.567487260407,-0.53951193987,-0.516867109149,-0.560419485437,-0.385134677436,-0.422136487804,-0.173201995277,-0.0209463937372,0.279663085325,0.267531150071,-0.172507440613,0.457009600546,0.178528358421,-0.168459819244,-0.440117008941,0.301081726701,-0.642519971744,2.3879873423,-0.618134403074,0.144910365609,-0.994073125349,0.107414415778,0.35496847254,-0.670713386102,-0.163933083843,-0.362876638423,-0.528619172538,-0.570777585563,-0.544489471824,-0.516607628353,-0.569803456109,0.917226670046,1.12752177163,-0.179827023468,-0.237593350378,-0.533462984525,-0.464262187907,1.06580600034,0.667295416911,-0.352002097579,-0.464262187907,0.635378929564,-0.0442665396613,-0.385332491057,-0.385332491057,1.79712574679,0.209129570242,-0.395619487672,-0.728149416621,0.227896767031,-0.0339125888393,-0.856796900609,-0.693197972582,-0.450277684515,-0.022331528516,0.0919396097655,0.134958094653,-0.469294800623,-0.151138379618,-0.525492268327,-0.0991543450913,0.426284062171,-0.487808455167,-0.882581547685,0.440117008941,0.0451678254849,-0.224588064545,-0.624799312836,-0.160055753762,-0.243061996154,0.233947684769,-0.370029824546,-0.930019294739,-0.153014226996,-0.936308312321,-0.605876199691,-1.04113356892,0.432693896105,-0.764853217387,1.4414450862,1.67865206461,-1.08403571401e-16,1.11807063409,-0.223363033707,-0.739510692776,0.398357628114,0.786079205846,1.99102553841,1.46254420976,0.688745103875,-0.207444650327,0.860438135258,0.149285297754,0.109125242048,0.305663049145,2.70251087961,-0.114950122468,-1.11403044327,2.89458849469,1.32975388404,-0.0697399656913,0.31858700288,0.230631592674,-0.186822637532,-0.609276544101,-0.537724416156,-0.384393150478,0.0473456645598,-1.3683405046,0.1297814779,-0.539798730007,-0.54820647834,-0.756768030758,-0.462117641519,-0.892586206977,-0.433888784385,0.138608633636,0.520627518184,-0.0564380062614,0.384518592315,-0.00667030529634,-0.758198085066,-0.440886791839,-0.531947483615,-0.682267116142,-0.0814085305717,0.0312859940702,-0.698074659169,-0.407884936257,0.208250501172,0.120598059282,-0.378622189653,2.1525810412,2.15445357049,2.14457181906,-0.226771751724,0.367956271712,0.418071001439,1.99051975243,1.21102641387,1.79513631271,2.28883781318,2.22260869423,1.82986562049,2.46182180467,2.71061127573,1.49271518779,0.0378382925144,0.536276130799,2.79353184775,3.06464791168,2.5078305999,1.54286227046,-0.229206472232,2.34505439872,2.30687873678,2.33621671798,0.546247196689,0.909689526953,2.1370374896,1.52831408693,-0.0222564259631,0.415992455027,1.05333005612,0.621745432013,-0.864060127438,-0.284411136561,-0.920279943206,0.679890828308,-1.04043757856,0.0175575265036,0.0612974315837,0.229587386246,0.229587386246,-0.229587386246,0.0492486685041,0.046464543717,2.56641839043,2.5659038981,2.55057865711,0.585729770206,0.462647094548,0.978645276918,0.030262440261,0.190051743146,0.0762721016356,0.229563511382,-0.828522453514,-0.124625590724,0.807530714711,-1.38548498608,0.31442809293,-0.167931183937,-0.529474214987,-0.544984371742,-0.479064032819,-0.527519795201,0.454968879235,-0.508316937118,-0.509362424287,0.35816518786,-0.383428219014,-0.492439163799,0.444784670626,-0.199784651621,0.873838241023,0.0999134948115,-0.1388402789,0.767449469871,-0.519843149116,-0.117867307113,0.0650771466514,-0.445688024295,-0.173524642087,-0.899719176843,9112400000.0,01030314,-0.05504587
630,600305.XSHG,600305,2011-05-31,1.34346332735,-0.328022303581,0.374759673065,-0.875246983844,0.143664188701,0.0871649446605,3.0126225857,-0.196116135138,0.344267275703,-0.661585099428,-0.10289901962,0.0108330943931,-0.151199240372,0.101257035915,-1.09536940679,-0.839599983729,-0.135074257757,0.129467086109,-0.0612632845546,-0.79132095602,-0.200087247224,-0.917104045104,4.32830534614,2.32416421467,-1.03199244634,-0.329570283049,-0.426261331485,-0.303792503367,-0.489940737484,-0.268030946623,-0.244601241375,-0.26809305159,-0.265301023713,-0.25701346223,-0.298570794626,-1.02986804458,-2.32416421467,0.506964866576,-0.283960871488,-0.00568082070489,1.07874166327,-0.245882553904,-0.540627411354,-0.7654020504,-0.418800454485,-0.7493807999,-0.666317007735,-0.883684612093,0.346023423206,-0.889419005533,0.188691425585,-1.40093087202,-1.22851895203,0.753386611882,-0.3636410349,0.513809692999,-0.270586282923,-0.232308543666,-0.271627480125,-0.266521259766,-0.256454646174,0.031164471433,0.571147431964,3.56710211959,-0.311691934752,-0.820878126226,-0.593358469442,2.43053270542,-0.101257035915,-0.291135086707,-0.593358469442,-0.740716148196,0.142023588645,-0.238490060576,-0.238490060576,-1.05549584201,-0.400974797184,-0.506945450852,-0.526467299453,0.221166489273,-0.018238858685,-0.895648865537,0.336572610351,-0.737989215848,-0.0833746798139,-0.0060486585372,0.492713043846,-0.840430681251,-0.4843899945,-0.46282506854,-0.260605558414,-0.283646551668,-1.20287485532,-0.124205683577,0.418800454485,-0.192563590168,-0.512135689559,-0.567556077523,-0.297157192719,-0.296686742842,-1.07969581681,-0.383450673429,-0.602441716985,-1.05583632443,-0.746314294415,-1.08489213515,-0.893749869507,-0.761529554808,-0.639414716638,0.109225669501,-0.77458939047,-1.22604871397,-1.85870341081,-0.310048071429,-0.463742225368,-1.14851160313,0.944677555256,0.682922870119,-0.451268287769,0.397462137438,-0.762626415531,3.51672824579,1.39562110597,0.677509584104,0.762947874648,0.251844479359,0.505780538859,-0.707286596076,-0.280611103871,-0.10925987298,3.89583632658,-0.854449378271,0.162288045491,-0.734646246594,-0.422551314588,-0.397471675733,0.645198033696,0.280646690768,0.777271695854,-0.236849808833,-0.259520951579,-0.281938849898,0.240738316991,0.0969845248193,0.36709351375,-0.652039817073,0.120232988186,-0.229430740662,0.395600367769,0.90516587249,-0.101922156819,-0.491336964541,-0.414975856006,-0.296005341544,-0.477156868066,0.671659622721,-0.032079479427,-0.4945343552,-0.38420219806,-0.420571462816,0.524995809009,-1.06968410127,-1.08404834908,-1.08334873541,-1.08029441147,-0.83190929894,-0.753832259062,-0.721072673513,-0.787732741762,0.0905802706282,0.00911125717617,-0.884099248065,-0.927320638659,-1.10049308408,-0.759314699977,-0.160760188325,-1.45749144971,-0.231692607162,-0.209987690112,2.35236063796,-0.688549889447,-0.706932939582,0.338477011943,-0.832840716066,-0.90349387069,-0.905713766228,-0.904105482461,-0.17126009327,0.686807467874,0.321710580769,-0.313373017585,-0.330201855826,-0.212671287012,-0.0341735167368,0.130071442087,0.815891761975,1.46798976953,-0.79368058594,0.564353824805,-0.920209236148,-0.337863439624,-0.248716198261,-0.111140131983,-0.111140131983,0.111140131983,-0.131779692528,-0.170994902587,-0.942268252836,-0.941483112353,-0.94073144587,0.120959454071,-0.363366602155,0.661717056193,-0.178573777978,-0.124175601467,0.0327490317083,-0.0977144330243,0.133363358492,-0.416138860877,-1.28011740991,1.43147407335,1.14461484002,-0.186994636691,-0.268408591042,-0.266895390771,-0.605993783705,-0.267368049428,-0.469531766807,-0.262546072301,-0.259926040877,-0.673992765243,-0.76582189897,-0.773040400563,0.119097532293,-0.489281451959,-0.354085884,-0.0621185233539,-0.0473853783886,0.458606375167,-0.493103272552,-0.600815111613,0.0529559893695,-0.215137323394,-0.173524642087,-0.718084746783,1907250000.0,01030314,-0.04287567
681,600887.XSHG,600887,2011-05-31,0.148685536118,0.0202952490003,-0.758858888947,-0.320649355483,0.0277434556999,1.79646755894,0.0454316917902,-0.196116135138,-0.231568614089,-0.560638156351,0.792140423673,-0.903209245027,-0.838757891324,-0.388703815436,2.35166329808,-0.846465075506,0.503458597094,0.854123137523,0.227204779726,-1.82068416321,-1.43494807692,-0.520599477671,1.37443979334,1.6006537992,-0.0241566005402,-0.0792840478085,0.720612023821,-0.782049388217,4.86145020261,0.272861551512,0.327897815865,0.283436430394,0.265267090871,0.305509667503,-0.0231130096454,-0.960939445549,-1.6006537992,3.95018235473,0.776978341335,-0.49458645262,-0.42866867448,0.289461053859,0.641414811573,0.919202731893,-0.495867997516,-2.21261448622,0.142782215943,-0.704660154944,-0.758559443338,2.00402810121,-0.0175453028751,1.18534122407,1.47940653758,-0.67252521816,-0.335717085245,-0.357280768222,0.273417681779,0.336195775286,0.288411033118,0.26244613348,0.310798599428,-0.146870100962,0.14400026105,-0.17369958415,-0.15875016391,-0.224757832328,-0.611194139917,0.554988231426,0.388703815436,-0.23002830708,-0.611194139917,1.15535378719,0.121259466427,-0.381511312569,-0.381511312569,0.0548003253239,-0.476642476867,-0.443065552932,0.0488022357294,0.225233957994,-0.195070345578,-1.08441542142,0.851149032416,-0.619704812463,-0.319029635987,0.373807097599,1.15206373509,-0.295622241098,-0.572490996136,0.479368993376,-0.528531063281,-0.0521806332195,0.437314170248,0.854321415809,0.495867997516,0.365024639273,-0.297975270438,-1.13617221496,0.339642911909,-0.135881606834,2.75069721524,-0.423306527689,-0.388273966056,-0.272067690394,-0.721532465993,-0.195291112151,-1.0706103088,-0.388810133823,-0.656139850071,0.158989002896,1.59577228573,0.795515865854,-0.448652547437,1.16359756984,0.898613953291,-1.14851160313,3.0517699117,0.432554832532,1.46254420976,0.25352406338,0.00608679782878,0.974329534419,0.581146337684,0.222802110459,-0.968201821897,0.00578135729351,1.12651120019,0.14493860757,1.09233577538,1.41039185887,-1.03774403013,1.09674475048,-0.415525580694,1.68149254764,0.47262235573,0.379804084139,0.771175111135,0.498125019117,1.0862490663,0.540407531781,0.282288005139,0.293527077861,0.764545136642,0.822177207615,1.80488641569,0.263670808151,0.10299942331,-0.0510303487576,0.269490921637,0.860726120028,0.686221621398,0.349311207076,0.584171537018,0.942282856812,0.464253471071,1.30543186292,-0.366590234866,0.663446764462,0.429494918903,0.810878801838,-0.775360558537,-0.542749393662,-0.289325914701,-0.293824076799,-0.292723817946,1.83422842965,1.09792465964,2.24924512857,0.668181210058,0.570955731506,0.058277377556,0.189647758716,0.231451434439,0.247753394216,0.00891581184148,-1.01086377648,1.04572018671,0.692659154989,-0.417581199932,-0.558742158832,0.608446733837,0.60591490115,0.191457327065,1.83787981726,-0.49818474433,-0.48744394121,-0.497938173395,0.242060584068,0.377627708992,-0.42182750797,-0.739403776178,-0.0120806689133,0.388035360646,-0.174246259468,-0.842071452719,-0.239410372974,0.327244077473,0.852111058524,-1.05316422424,0.522530872787,-0.0784886032792,-0.149485017473,-0.0893385540343,-0.0893385540343,0.0893385540343,-0.753524380253,-0.210665779126,-0.60407201964,-0.604675778533,-0.595817963055,0.24489820504,0.10126610224,0.305996489338,-0.119183552345,-0.699342283675,0.677124147544,-0.857833501943,0.412261811933,0.423742478691,-0.588059795666,-1.91175921977,0.430242932485,0.348616253728,0.275603658019,0.28761713225,-0.0291113365644,0.274900377886,-0.737731612929,0.25808814277,0.266173759653,-0.794077624053,0.413568996428,0.850785885478,-1.6478088659,0.643417672222,0.303341323425,0.148806856377,0.0691176795881,-1.17038955572,1.80332322066,-0.917982681197,0.0,0.79035342975,0.675292317563,-0.750005167373,27864391065.0,01030314,-0.04501446
737,600543.XSHG,600543,2011-05-31,0.127910686636,0.0459403089301,0.127135578357,1.1747436308,0.223064007853,-0.931725219969,-0.853477634733,-0.196116135138,1.06418465622,3.81723386043,3.09080372594e-16,-0.903209245027,-0.817271683482,0.675072573282,-1.15172938462,3.778473938,0.0,0.0,5.43926438236e-17,0.0,9.2633170631e-16,0.0,-0.840258356074,-1.78043920171,0.0,-0.377942911206,0.0,-0.136370147477,-0.167344990121,0.0,-2.09832275717e-16,-9.88765313902e-17,9.55608357947e-17,-1.02378710466e-16,-0.347847464758,0.412980911888,1.78043920171,-0.986788114187,-0.590638612694,0.0710102588111,-0.881877011322,0.238143762421,-0.120185563768,-0.91597205431,0.418010952469,0.0,0.0,-1.05823345781,0.0364664120199,-0.800921121052,0.0638670430263,-0.810901685911,-0.609095930064,-0.542073309948,-0.302958155417,-0.929924818746,0.0,0.0,1.98576438845e-16,9.62272302734e-17,0.0,-4.18213343459e-17,4.74725602418e-16,-0.823208151875,-0.211322902544,-0.314903509683,0.173575360991,0.795545519369,-0.675072573282,-0.246675109154,0.173575360991,1.04505609012,0.20722635641,0.349971426633,0.349971426633,0.106211660175,-0.290438875556,2.36632464647,-0.842907585073,0.226475384888,0.119891513462,0.865366330313,3.42913920592e-16,3.97612962056,-3.15216335194e-15,-2.68614399044e-15,4.61846257869e-15,-0.481190181412,-0.148584727396,-0.693819281708,-0.223722307094,-9.35318624485e-16,0.0,0.0,-0.418010952469,0.630542843769,-0.394582800162,-0.630523636367,0.0,-0.232696387903,-1.13586323179,-0.120524043031,-0.123193739107,1.72104031544e-16,-2.86597463614e-16,-2.37417196747e-16,0.0,1.31952067252e-16,0.0,-1.88255894086e-17,0.0803280863016,-1.08403571401e-16,0.608885600093,-0.656788222316,2.60867819955,0.398357628114,-0.840755378251,0.000740295794167,0.984091085375,1.51958292188,0.550411031771,-0.0396062846641,0.569781573475,0.897182451439,0.155412320766,-0.316037047175,-0.114950122468,-2.62239479838e-16,-5.13051914147e-16,0.0,0.0,0.0,0.0,-1.6022296739e-16,2.27684403167e-16,-2.02617855152e-16,4.04032697009e-16,-1.65333868006e-16,-1.02291275013e-16,1.09607861881e-16,1.06955681295e-16,-9.2588102749e-17,-2.06486136126e-16,-1.40832012634e-16,5.08726975127e-17,-1.11180102766e-16,0.0,2.0620949786e-16,0.0,0.0,0.0,0.0,7.65077594454e-17,0.0,1.49225504587e-16,6.01681178715e-16,-2.04505254776e-16,3.59403788318e-16,0.0,-7.72911843686e-17,5.42892010705e-16,0.0,0.0,0.0,0.0,-3.62735250387e-16,0.0,8.69056197208e-17,-1.32965868395e-16,-6.41929717025e-17,-5.71047784212e-17,-2.60393976474e-16,0.0,0.0,-1.1276527465e-16,-3.31704921408e-17,4.51267164911e-17,-3.47346965372e-16,-1.73877853161e-17,0.0,0.0,9.41442324211e-17,-5.44082130747e-17,0.0,0.0,-4.4064477892e-16,-2.20562570532e-16,6.85263493359e-17,-1.32248207107e-16,6.55452373745e-17,1.62510434002e-16,-9.8038991348e-18,-7.70547336145e-17,0.0,-1.52231200446e-15,-5.41347935587e-16,0.0,-5.6221408536e-17,0.0,-2.13568438332e-16,1.39571498313e-17,2.32619809274e-17,-8.64450493284e-17,0.0,0.0,-1.58378135956e-17,1.60041862433e-17,0.0,0.0,1.52859471819e-16,1.34374663056e-16,-2.23891461117e-16,0.0,-1.47299699866e-17,2.38554727131e-17,0.0,0.0,-7.0750482016e-17,0.0,-3.78888391886e-16,0.0,5.46220482016e-17,-2.28807396508e-17,1.94609919061e-16,1.99555738231e-16,1.73333741629e-16,-1.94674136841e-16,7.006156338e-15,-9.46928730697e-17,-2.82230660637e-16,6.34861786474e-15,3.97921913686e-16,-3.84738470975e-16,-3.5149097827e-16,0.0,0.0,-1.61555165958e-16,1.81890530726e-17,0.0,1.37759752373e-16,-2.05695828096e-16,0.0,0.0,0.0,-0.623373872942,3516264000.0,01030314,-0.03652968
745,600597.XSHG,600597,2011-05-31,0.108958243898,0.0719403900479,-1.2177585874,0.551578686728,0.252868387166,0.784495975546,1.21419615082,-0.196116135138,-0.265873730928,-0.402669109507,-0.91080087481,1.63782845856,0.665276657635,-0.338806812187,1.92286368143,-0.553265670399,-0.571965158445,-0.630252967793,-0.381086573214,0.447790678766,1.15325347289,-0.955820746117,0.322747075596,0.751575460384,-0.301676616049,-0.42583421968,-0.180398532033,-0.789836474538,-0.292842764544,-0.439256462241,-0.455244819043,-0.445497911937,-0.433432252487,-0.451793633767,-0.396584609304,-0.675861392225,-0.751575460384,1.62824752311,0.486877775329,-0.0584059378722,-0.31536659027,0.532476205602,0.425988417286,0.954521072544,-0.273957199853,0.276535868903,-0.88049033165,0.463474427952,-0.751441244263,1.78958709942,-0.183614404074,0.0990240040106,0.339072850695,1.20272096239,-0.0634585760997,1.35878609328,-0.441010575151,-0.451650666601,-0.449726278149,-0.434278368079,-0.453450775187,-0.60664756252,-0.387974449816,1.87592886778,-0.156075354676,0.221928147389,-0.633276398601,0.283493332044,0.338806812187,-0.1629273086,-0.633276398601,1.84865359736,0.178220173901,-0.379327782004,-0.379327782004,0.118946577982,-0.364399089783,-0.428487152992,-0.692051912901,0.227299127882,-0.11235648768,-1.07993159949,-0.693197972582,-0.39239382754,-0.133060965754,-0.475424561024,0.0101598565625,-0.380079444703,-0.326063556778,-0.371010333968,-0.288441974504,-0.207456564408,-0.699177531834,-0.720535422875,0.273957199853,-0.0838863715841,-0.34571029426,-1.11518302868,-0.534078100389,0.0599592850635,2.37145482928,-0.432863798863,-0.28004684637,-0.867335007384,-0.15981102175,-1.00277511765,-0.196133692294,-0.609399178896,-0.714677817088,-0.981591346354,0.53591571934,-0.767785748937,-0.213644070208,0.267852180051,0.383046818573,0.338862657681,3.07168052699,0.365039856104,-0.92972141215,0.195608151925,0.0857086937511,1.35581532719,0.232626901951,0.0768655902019,-0.639392256893,0.504418705667,1.74724186151,0.046205199831,-0.910475323467,-0.891947020428,-0.227651048339,-0.676927232749,0.172643128397,-0.590618859385,-0.565799609827,-0.539823188459,-0.0687832696621,-0.135769487025,-0.0744315432649,-0.585204447559,-0.442109886601,-0.456033105699,-0.604427915473,-0.732595962343,-0.729048734214,-0.621219510652,-0.564482025683,-0.605733909844,-0.44933960438,-0.0484744571276,-0.556128145479,-0.728485646076,-0.463033406209,-0.528864457931,-0.592212157944,-0.709718968954,-0.0836560276225,-0.65086517846,-0.472029915463,-1.03995152491,0.410693542989,-0.40280935656,0.235824784632,0.235931905499,0.239724627128,-0.467590328758,-0.432982756419,-0.569074652259,-0.455731042863,-0.463926359768,-0.360763283006,-0.177188173935,-0.164251030872,-0.0338157513174,-0.200643099912,-0.0888837441593,-0.827302525682,-1.10848929473,-0.201430135135,-0.061778844739,-0.320105749299,-0.395270285703,-0.230783207902,-0.467131228391,0.352705465874,0.355506824901,0.353015272108,-0.237812970064,0.478822678112,-0.308327142677,0.520526392081,-0.0301156308584,0.386590874621,-0.777648134154,-0.401559495471,0.239613736191,0.563977141696,-0.983579621839,0.679890828308,-1.16066592097,-0.211344035157,-0.141187815701,-0.484881468249,-0.484881468249,0.484881468249,-0.025302491051,-0.0857717114155,0.00852616373905,0.00884671969496,0.0102661968271,-0.0494563285118,-0.518244170287,-0.824326325907,-0.102880353152,0.052190512085,-0.0265474998033,0.0880639295355,-0.445542908085,-0.57079474549,-0.684810499549,0.0104010796041,-0.12029574832,-0.407862769848,-0.440972426169,-0.447448067672,-0.62098179857,-0.439950470394,0.12050789466,-0.427868152154,-0.427644250757,0.0350797343959,-0.538703635742,-0.559462476459,0.141081092589,-0.771568015417,-0.641181048438,0.041561596038,-0.185732759736,-0.298361994205,-0.612067804595,0.245154381549,-0.0157305685614,-1.10474919022,-0.173524642087,-1.25689375723,9033554829.6,01030314,-0.07897793
748,600600.XSHG,600600,2011-05-31,0.0502696979498,0.173413799005,-0.681618345644,-0.256836562821,-0.0341252893006,1.94712740998,0.326834679066,5.09901951359,0.319273547721,0.50656615448,-0.924442222468,0.0473947879699,0.278524916474,0.0790805900263,0.379971479763,-0.293458604905,0.28501314675,0.830747135864,-0.0675343294303,-0.775741815564,0.380631088905,-1.57847639653,-0.17289190175,0.240606421662,-0.842110330461,0.212395680183,-1.30027804882,-0.264208147905,-0.116079774455,0.257855160104,0.259532931694,0.258185119694,0.25718424667,0.248250198802,0.240295370595,-0.359067725848,-0.240606421662,0.309580688979,1.35717947335,0.612641007893,-0.416353230544,-0.334616061294,-0.0473089768536,0.221287410965,0.229988010606,-1.54586883867,-1.4992132674,0.264309719374,-0.713065851058,1.00158180629,0.215382275355,1.684811828,0.412172461983,-0.67252521816,-0.235475277082,0.877541256036,0.254923773325,0.236685102566,0.268068303179,0.254133575914,0.239488113629,1.22903437658,0.935164237998,0.411470870735,-0.179893894045,-0.236885053497,-0.14152148407,0.388264594721,-0.0790805900263,-0.224376615018,-0.14152148407,0.710223795434,0.180225660381,0.0524653871816,0.0524653871816,-0.253196020161,-0.209738666107,0.490747228696,-0.448038586552,0.222278047384,-0.241556684569,-0.767895153669,1.36634319328,0.0580935810949,0.732900017774,0.742775268369,0.912867112084,0.209931442449,0.397896847967,0.297196900971,0.483322661594,0.672618085424,-0.396784090887,-0.302687915331,-0.229988010606,0.226708179256,0.203615103137,0.388405952194,-0.432304334848,-0.13871487309,0.721256177144,-0.212436523263,-0.222274905016,-0.0339607635975,-0.308501992285,0.461645027914,-0.490901091116,-0.365990577436,-0.0540350464765,0.661187896947,0.997530972662,0.640331361788,1.19640679316,1.24065093671,0.467725722967,-0.732046810105,0.414986531145,0.418489212442,1.17547233513,-0.496827671798,-0.126375083569,0.487015450397,2.13433077954,1.09227653641,-0.116781027747,0.177051708018,1.12651120019,0.231861799073,-0.142900511472,0.12143124058,-1.00488392045,-0.833101097466,-0.246116424343,1.61048906617,0.0840985256228,0.0549506320205,1.14907601676,0.751008960794,1.17732529432,1.32107091888,0.31111086522,0.230638713938,1.54301352935,1.29039913385,2.22499158293,1.65906929589,0.37641458998,0.0607252845628,0.665420783814,1.34004395915,0.622849216555,-0.279623686068,0.0756866493095,0.167717992257,-0.513447672116,2.33120058303,0.815249526641,-0.139249291812,-0.0290771458725,0.827943842959,0.859467466582,-0.14884410404,-0.945903866834,-0.948465042873,-0.947957319538,0.427223626825,-0.083424566331,0.163688295061,-0.0587512136431,-0.0139407530598,-0.151968946578,-0.467039999246,-0.469286114927,-0.487309483352,-0.442636970987,-0.41255706399,-1.37289585349,1.83147804625,0.400208314834,-0.35820809482,-0.415648068298,-0.322728967902,0.742095053493,0.429155216973,-0.723518340975,-0.722541872857,-0.722557978634,0.239637954424,0.850528532132,0.154116738388,-0.848101965571,0.00262811268278,0.545571093253,1.0314092576,-2.17078457779,-0.510860415685,0.242521133709,1.35850848759,-1.74638624526,0.76298755761,0.363725881176,0.253306414005,0.39029616084,0.39029616084,-0.39029616084,0.117779814792,-0.173416671213,-0.843455489432,-0.843132276094,-0.841639073141,0.756145552789,0.772402230811,0.0612715753292,-0.222825318646,-0.113518000063,0.63535368446,-0.0582485632578,0.410222568129,-1.08081727264,-1.21361196575,-0.332936518698,2.15496893734,0.361806102121,0.258378771754,0.256456854278,-0.130280436902,0.26056851073,-0.990154997514,0.25525219183,0.261245777769,-1.15433220048,1.29794136026,1.19096791242,0.233774151279,0.955285129166,1.12733237115,0.448424211925,0.617614076542,-0.237804524655,2.45462689045,-0.912557396683,0.62265038162,1.12591937138,0.375871448301,-0.285111648122,46771024362.9,01030314,-0.01386482
788,600866.XSHG,600866,2011-05-31,-1.05111525452,-0.672740915885,0.840474713571,1.42163408304,0.218066409116,-0.194534900187,0.173065876084,-0.196116135138,-0.324192429553,-0.558767118571,0.417420955345,-0.903209245027,-0.00079578547564,-0.0546710992392,-0.518965125479,0.131044011856,-0.0510567768555,-0.0692289279887,0.133139106591,-0.451239719242,0.353097029864,-1.15942504438,-0.434349322167,-0.358966822712,0.0342686658827,-0.296359224911,1.70698147444,0.540457438546,0.377158725441,-0.382166751933,-0.354726290862,-0.375095932938,-0.385330587647,-0.360884501452,-0.276869876636,-0.0794870454536,0.358966822712,-0.651098786361,1.65556862695,0.420913309103,0.0171503959996,1.4386842725,-0.173841951937,-0.584495638022,-0.196889656822,1.06150238258,-0.713911079716,-0.637525983513,-0.636482560764,0.252710257817,-1.32718333704,-0.356855035338,-0.18781132817,1.0450915733,-0.256650938904,0.927904087841,-0.383501188008,-0.348297096131,-0.372645245803,-0.387363474107,-0.356251387422,-1.82332387026,-3.14413032908,0.506446180167,-0.210431299466,-0.880975244462,0.706097522322,-0.688688318173,0.0546710992392,-0.387419367834,0.706097522322,-1.58764489357,0.0628313298219,0.643656287596,0.643656287596,-1.7705378937,-0.891376849481,-0.614560548593,-0.691414045366,0.301763191143,-0.271057616281,-0.22788805442,-1.72235081671,0.565296383754,-1.4575553881,-1.76257909774,-1.31686140847,0.324127098027,0.182113235265,0.163846929331,0.133279729261,-1.6225131367,-1.304839648,0.184607931418,0.196889656822,-1.47940065568,0.00812507952885,-1.08083708749,-0.430650699071,-0.167531264029,-0.59575736933,0.0657410717752,-0.882307902539,-0.172856470895,-0.0937261459568,-0.236349620905,0.37374994543,0.0751875127106,0.0128654872563,-1.46945768821,1.6535369801,0.85488174996,2.44978533838,3.0995634123,-0.600127717401,-1.14851160313,-0.323422667081,-2.15411270187,-1.40817453653,-0.751061488995,-0.220473687841,0.0561431217105,-0.733378055788,-1.33026969986,-0.970379368685,0.180562042479,0.505780538859,-1.49668144934,-0.520449350364,-0.185048485063,-0.211677383909,2.02076806994,-0.370791622538,-1.71310885709,-0.42983165028,-0.433059553915,-1.20603420947,-1.70026200659,-0.466377192249,-1.80643254355,-0.401862046992,-0.347117996294,-0.467678672695,-0.24934625149,-0.869467549646,-1.22758639016,-1.02145432147,-1.23486577082,-0.507419620559,-1.06757270421,-1.75787319463,-0.1172907315,-0.51010895951,-0.383236832963,0.0720439665587,-1.50233226096,-1.45853944095,-0.233533368998,-0.480049850688,-2.22657668665,-0.265095683278,-0.884825039912,0.856000887051,0.858009106308,0.872852549862,-0.343716416498,-0.27263338398,-0.47739076286,-0.505935036765,-0.269841479932,-0.0337316664847,0.0378433690537,0.0265505293614,0.0463894047909,0.125236102406,0.459773042584,0.0742731356472,-1.3845903034,-0.218396950027,0.718480459184,-0.381565732127,-0.294271446096,-2.14595963624,-0.342015622487,0.706386737361,0.708892236665,0.706552237849,-1.933406829,-0.252971244434,-0.295294525959,-0.638737990966,-0.0554564154814,0.37008122354,-1.76931490374,1.02556769874,3.07897859256,2.22819984531,-0.983579621839,0.679890828308,-1.16066592097,-0.576319328331,-0.555293613231,-2.27074215337,-2.27074215337,2.27074215337,-0.401481993054,-0.581696108934,0.892447524577,0.893339233477,0.897780956274,-1.6141830595,-2.04120692358,-0.52176066932,-0.601680614187,-0.468312988729,-0.431107579329,-0.366916585335,-0.81874045589,1.96145235354,1.03302640286,2.17647689283,-0.572534493088,-0.606720343501,-0.380662043668,-0.371728170927,-0.181801738,-0.380570895382,1.65713524832,-0.388580636321,-0.38625820623,1.23592832249,-1.38555430401,-1.43401707596,0.344849502963,-1.6843422058,-0.862695641896,-0.432602149981,-0.536290461188,-0.29230624725,-0.558611317022,0.922275531251,-1.37868736515,-1.88331045766,-1.21133385683,0.053114907087,5630525146.95,01030314,0.00879765
818,600186.XSHG,600186,2011-05-31,-0.0536530099119,0.503499969405,-0.765674231003,1.62324619788,0.215055682708,0.125475297461,-0.749546941809,-0.196116135138,-0.266853877123,-0.703995289105,-0.610412831478,-0.903209245027,-0.967675138378,-0.384545731832,0.0127746295737,-0.78174658895,-0.0342532806752,0.58529911845,-0.387357618089,0.288959441924,-0.266002115836,0.723800841947,0.387410415517,1.00542922749,1.65556980912,-0.575043321458,2.43289686155,-0.920270170406,0.16104194977,-0.520751662516,-0.571326325176,-0.530945475158,-0.514650715265,-0.555356330606,-0.544174830549,-0.50495954589,-1.00542922749,0.24899600679,-1.99140991712,-1.07456274146,-0.0739838891261,-0.358537072577,-0.404484336898,0.02659172201,-1.95960473679,0.153305644037,0.261767395896,2.34323122801,-0.726071886019,1.21648632113,0.0597951122052,-0.31104531592,-0.209882955954,-0.572874454942,-0.320449407215,-0.929924818746,-0.521980961689,-0.579406637783,-0.532083732273,-0.516074042872,-0.562250702385,1.74178430414,0.770653816315,-0.743551440739,-0.295069905941,-2.0476139209,-0.899962138087,-0.951002230619,0.384545731832,-0.693912340983,-0.899962138087,-1.24887339542,-5.05732239753,-1.03220342087,-1.03220342087,-0.218764575719,1.05836896812,-0.592825479591,-0.467928456072,0.239146721199,-2.02836192216,-0.809470277469,-0.693197972582,-0.511487166814,-0.942237622494,-0.534701414689,-0.873827663246,-1.03908354043,-0.758907608292,-1.1521642662,-0.792977016137,-1.13582787341,0.228133179261,-0.311947693891,1.95960473679,-0.154897054182,-0.48185513213,-1.15906950908,-0.489580264939,-0.327990879761,0.0130974090637,-0.497934581329,-2.26075556919,0.561306553393,0.501037736183,1.51548008593,0.737296403978,-0.00848419404128,1.16689969415,0.11325285808,0.0,-1.08403571401e-16,0.0,6.6833142201e-16,0.0,1.05684297638e-16,3.81124543685e-16,-4.87999227457e-17,-3.71832772424e-17,0.0,0.0,0.467865569122,-0.422741167417,0.463981412359,-1.95027542333,-0.979829970115,-1.35641144512,0.604119814857,-0.250573558549,-0.425438324118,-0.590025035687,-0.0787234408861,-0.118541802935,-0.518460849762,-0.556058315591,-0.566742224519,-1.00700013166,-0.910206780039,-0.633649718279,-0.138037438411,-0.53458448375,-0.529583120477,-0.596414526669,-0.570754927583,-0.565640135972,0.526685516816,-0.741714614264,-0.724176075292,-0.666104834125,-1.00661531311,-0.203404671691,-0.679461741832,-0.442919697709,-0.47210051445,-0.523662861405,-0.419726930344,-1.20360393129,-0.665162906903,-0.406086614434,0.0511363834194,-1.84882387182,1.77921862937,2.36560689603,2.36655832085,2.36729495091,0.260189113238,-0.223078168768,0.0594579703495,-0.309816095029,-1.8350496082,-2.04067238121,1.46414140215,1.73208322467,2.95523229564,0.780585025094,-2.13392653431,-0.873085763968,-0.142370411157,-0.5199463936,-0.669404800603,0.636070811994,1.27151754295,-1.59845832975,0.261775133159,3.13100129312,3.15450806821,3.13654043982,-0.579828095891,0.345692758096,-2.09999461256,-1.20915990583,-0.0228627915843,0.412379071068,-0.432018612469,0.182090460238,-0.370042229953,-0.854794614155,-0.160683799607,0.679890828308,0.402302530376,0.0218821166404,-0.00575066354362,0.0551747626551,0.0551747626551,-0.0551747626551,-0.116173307424,-0.107336984418,2.94276036983,2.94538717467,2.95508653792,-1.04096633627,-0.311740746112,-0.381210105393,-0.0993868104674,-0.071231388042,-0.139882742298,-0.0194244149508,-0.409569372848,1.14426326232,0.630410378501,0.495580851723,-0.0903826546709,-0.0997355459205,-0.522961131899,-0.5360589672,-0.541514094755,-0.522155276774,0.915641556103,-0.510166702111,-0.50879839412,1.01863191131,0.237035019048,-0.380860888445,2.22930166167,-0.00764158236444,-0.728111338266,0.0477460242123,-0.209965395795,0.161874774373,-0.592183511234,0.468984550685,-1.33693671229,-0.413097087518,-0.173524642087,-0.695567223431,5904855169.16,01030314,-0.04136691
831,600238.XSHG,600238,2011-05-31,-0.191241782084,2.8025127646,-0.752043546891,0.235674484689,0.311965865941,-0.840544515057,0.278819914498,-0.196116135138,-0.285476654835,-0.041469720952,0.744256509444,-0.226817913856,-0.237144071741,0.0825456596964,0.836598205329,-0.190682182382,0.091772940677,0.164531088597,0.233475824602,2.07866069916,1.68140678722,0.0439811212186,-0.26738025128,0.0851413737099,-0.0825818669631,-0.464339794332,-0.830439346014,-0.378418747272,0.368932599692,-0.413883257659,-0.437286855301,-0.426121782202,-0.402020786737,-0.435111446333,-0.446880383319,-0.246220554073,-0.0851413737099,0.469538589531,0.760401166135,0.123735375978,-0.15772890789,-0.418834255843,-0.173041110322,1.02898316606,-1.24140082514,1.35404893267,-0.333158503867,0.640261079386,-0.706327927347,0.904939335359,0.154106284127,-0.578863401867,-0.379470004302,0.784187756877,-0.243374135063,0.942826408375,-0.417388995832,-0.431222171517,-0.435537510475,-0.403942543791,-0.439641026106,-0.729072817275,0.928569924299,0.037697072327,-0.216035661671,-0.879088787836,-0.190781907288,-3.68099569883,-0.0825456596964,-0.390673372354,-0.190781907288,-0.739403080374,0.109691233437,0.0530112698228,0.0530112698228,-0.377243552875,0.40252249979,-0.448896912908,-0.00559046867067,0.24902524483,-0.201444299665,-0.685167465204,2.39549603742,-0.257661061071,1.44838253531,1.13109914646,1.46613930095,0.218258209002,-0.157522510171,0.321972305538,-0.0741015706102,2.63128521471,0.0412706622065,0.959188408007,1.24140082514,0.519395688398,-0.140022155456,-0.783172263867,-0.379989312088,-0.296894055007,1.09555583058,-0.315939736622,-1.00989395772,-0.00419739774801,-0.0937261459568,0.0373737707889,0.570261544645,0.196891813441,0.113216287855,0.523229133679,0.0803280863016,0.311215232358,0.178036725173,6.6833142201e-16,0.0,0.636337509844,0.259134473499,-4.87999227457e-17,0.697019210746,0.0,0.531591310916,-0.574795071874,-0.528812300032,-1.10291596304,-0.669877911927,-1.02693639385,-0.114950122468,0.43121824915,-0.577289628435,0.196111426891,-0.185206739997,-0.314178622624,0.695781916836,1.58913029532,-0.538113826209,-0.529055574035,1.58432469644,1.59067299887,1.16649933904,0.560769766226,-0.427177634042,-0.442499506849,2.14409615258,2.1606995262,1.16134719363,0.251117052836,2.6545528776,2.40728595738,2.72315336133,1.52828848854,1.00679627772,-0.843495790236,-0.346615089127,-0.398107898028,-0.760493960428,2.04980347286,1.52553227607,-0.77404145784,-0.354036799744,1.31416263059,1.99075427915,-0.611855584824,0.87243940241,0.859510565739,0.842253883662,-0.438696625987,-0.346255796386,-0.498967255875,-0.20718684061,-0.269067850035,-0.0409463711119,-0.0229982255854,-0.036215314082,-0.0246158997297,0.0722943601608,0.437219956352,0.180375828482,3.08324023964,-0.024088328529,2.66083181914,-0.188094199694,-0.307314770993,0.512940371331,-0.438856440105,0.900538646871,0.884398077453,0.893555853655,1.26015140371,1.31173712066,0.835591233361,-0.0539849130633,-0.0229775889591,0.414092500436,0.14825623986,-1.50759565796,-1.22207491755,0.606428981883,1.61170720212,-1.28423823125,1.7248142969,-0.108257874919,0.0505697363634,1.7725162028,1.7725162028,-1.7725162028,0.271390011136,0.191194049698,0.777818468808,0.774758242055,0.773767857001,1.59273212183,0.694963446745,2.1248926004,0.157970833942,0.363323714355,0.444319538604,0.406357773507,-0.295562898906,-1.90172695406,-2.14434691165,0.406763789614,1.32458539358,0.172593605105,-0.417327579115,-0.429628152059,-0.690145242165,-0.415190943823,-1.48553588976,-0.39031045978,-0.389443785062,-1.55461506318,-0.225736293086,-0.111920235281,-0.388592115132,0.760360201968,-1.04637529056,0.402295653543,0.120146018982,-0.371030957664,-0.453660403584,0.177352717696,1.61658527874,1.25869726195,1.47466362908,0.699444658732,4473036000.0,01030314,0.05210421
842,600429.XSHG,600429,2011-05-31,-0.0662960484793,0.569429492368,-0.590747118228,0.439151701948,0.265764720263,-0.0456305100586,-0.670535303913,-0.196116135138,-0.664303159354,-0.277487772329,-1.26074320147,-0.903209245027,-0.967675138378,-1.53564187624,1.33325160567,-0.663906955345,3.72972986371,2.57225925942,4.06508424364,0.242222020557,-0.727406196122,1.68078659287,-0.459076039535,-0.382884522397,0.209544465151,-0.437145232234,-0.589683488984,-0.675625875171,-1.08097142028,-0.451081662227,-0.513932306867,-0.471695485795,-0.435438842096,-0.500935340851,-0.407015437288,-0.333936878173,0.382884522397,-0.138028980739,-0.889027766301,-0.609623071894,-0.256252459378,-0.116866367916,0.41958168437,-0.229755377704,-1.21899111404,-0.154769918128,1.35643105146,1.71888343371,-0.753382243823,1.8451093412,0.359686249552,-0.0440952036039,-0.140124462634,-0.674337050219,4.93848354478,-0.63707427825,-0.454866717601,-0.518060015521,-0.482952643892,-0.431298956765,-0.510627572313,2.89385774668,0.933861410063,-0.645512411649,-0.212055290787,1.35393687005,-0.600153010575,-0.272612162342,1.53564187624,0.204638191496,-0.600153010575,0.609117573118,0.516169102999,-0.300174799031,-0.300174799031,-0.632413572641,-0.270578356304,-1.12719010286,-0.522176190577,0.203821171401,0.235428284003,-0.606641892584,0.851149032416,-0.447760995082,3.40602220135,3.0884450491,2.7286814763,-0.622745212805,-0.592920213906,-0.649369291162,-0.555671568969,1.75496872683,0.87449368907,-0.980040717035,1.21899111404,0.0741895827205,-0.342611636182,-1.17624247968,0.270039878755,-0.174648981695,0.37773626712,-0.411919140757,1.81955927554,3.84519791879,-0.465453572294,2.24084707392,-0.824970809782,4.50218145177,-0.0122222128935,3.57596101154,-1.26383123675,-1.08403571401e-16,-0.526988706513,-1.966695459,-1.49937271982,-1.14851160313,0.151685808207,-0.737704758887,-1.40817453653,-1.31446406881,0.635099775616,-0.234632707122,-1.54785282408,-1.22120135314,-0.600196414707,-0.522637215702,-1.35641144512,2.04024210925,3.27121310142,2.13363967435,-0.260967548435,-0.846529854747,0.804303185696,1.49359309058,-0.341134602763,-0.193982013311,2.37967251371,2.9732789528,0.352341434191,2.41339990047,-0.503422438138,-0.464930411009,1.71365294084,2.12517156005,0.0848898129498,2.0317169527,1.62814028543,2.00008079423,1.14753712955,1.8628825951,2.89444132497,-0.692746474641,-0.25087039106,-0.230173675463,-0.420973326981,0.756846795192,3.15977204604,-0.454851414559,-0.024798880246,1.72116516665,2.69514963402,0.699434392469,-0.620252293776,-0.630785656655,-0.666326077715,0.445570307023,1.91193481268,1.79534866049,3.60218248196,3.92095575928,4.00112178612,3.84588241374,3.71461861821,2.61322986672,4.0537709982,3.51635587969,2.4304561016,0.880376554647,4.94648856068,0.0861494229935,3.63300729271,3.81417588031,2.27306003868,0.44296756597,-0.507361019201,-0.561472598419,-0.520661852509,3.06607521142,1.23085931694,3.34594183552,3.65583310494,-0.015330317679,0.419714283884,3.08509812155,-0.33742484521,0.0664994789711,0.0287203558074,1.48510784486,-1.39977523475,1.36412926967,0.219204113116,0.345413734686,1.96312428429,1.96312428429,-1.96312428429,0.534387557549,0.436907463304,-0.379984349661,-0.400290951341,-0.437090317522,3.00253541411,2.60512012037,1.96541566691,0.402906993253,0.697147293807,0.309953013997,0.758662854838,0.978677710208,-0.0738780811216,1.25916197662,-0.355472191174,0.85473334696,0.275556859118,-0.456299260887,-0.479470554326,-0.193979500077,-0.454252199807,-2.45421062811,-0.419752108347,-0.423799312715,-2.26082839952,1.28373911847,1.19198046368,0.179893652013,1.72207532258,1.62909580571,0.322916698977,0.400801885648,3.92854938037,0.198139598021,-0.784106332122,3.31624088872,2.19297078288,0.92526753869,-1.97767061159,7788000000.0,01030314,-0.12727273
863,600809.XSHG,600809,2011-05-31,-0.116369647479,0.955031230884,0.0271772281993,0.387469515562,0.273744137603,0.282124368074,1.34954676316e-15,-0.196116135138,1.09946991925,0.554233069348,1.54603367793,0.449573417315,0.729735281162,1.92734875205,-0.184434881401,0.316801398087,0.184192169669,0.480107110987,0.108054927088,-1.78268625966,-1.54675304394,-0.229540984173,-0.466808449433,-0.487252666476,0.0196623492769,2.32731436797,0.0333634864812,1.04596912552,-0.232495906051,1.18358458956,1.15936541684,1.20243329438,1.16138149822,1.17734343299,2.34516452103,1.23317687077,0.487252666476,0.0442269507724,0.818421279336,0.684538894939,-0.436057940842,0.163159128961,-1.31824461898,1.85518324069,2.04353487427,-1.75926752075,0.42834664783,-1.25068474925,0.0387076695975,-0.801781931002,-0.349223771148,1.23568369467,1.539445415,-0.683396210511,0.0,0.0,1.18708208008,1.13162029508,1.2246628907,1.16713896187,1.14911048718,0.278548241983,0.519555445763,0.0,-0.136173500257,0.215190802295,1.10018090806,-0.00320034402985,-1.92734875205,-0.0928120743539,1.10018090806,0.762746508326,0.249341572498,1.23593895329,1.23593895329,1.44715133891,1.94589153885,1.76171864167,1.85677977746,0.224888989823,-0.160252621377,0.496307876751,-0.178003811715,0.579497702701,0.321213648556,0.570993365912,0.754789343836,2.64491589003,1.71813504639,1.83545804923,1.29475419062,-0.0419328956449,1.68145968778,1.70784150463,-2.04353487427,0.191511580056,0.582475082677,1.83475169775,2.26146834571,0.0520123187373,0.824604220709,0.739833708874,0.250266040092,-1.03599408053,-1.04369623549,-1.16700915266,-1.56188930684,-0.829988223969,-1.01573021888,0.1966750097,0.987484938857,1.34543142389,-1.62369493358,0.229325496619,0.828173094768,-1.14851160313,-0.816038752369,1.07676023262,1.46254420976,1.74187781732,1.2351593367,-1.2954353409,0.744041291342,1.20902575262,0.44938113716,1.58333698778,-0.735680783795,1.40910415356,-0.473313510013,1.59300500462,-0.826435269246,-0.731911968088,-1.75505910548,0.369659932685,1.34072548207,1.01427207644,0.633764870914,0.508809993907,0.503812672303,1.51865863748,1.28668670611,1.17019571832,0.382901501145,0.592777540207,0.812512501009,1.3980456945,0.17620571062,0.102527718923,0.257854033822,0.807992203797,0.57428049305,2.27405837948,0.981036110057,0.631985389415,1.42098659414,-0.230630036861,0.124123780822,1.40029233936,0.797193721254,0.721942177538,0.0196208702633,0.937850751977,-1.1051675405,-1.10387291886,-1.10079296248,0.180127546359,-0.0967922289254,-0.110875361079,-0.184719673815,0.0561350768934,-0.0714037889308,-0.749303806193,-0.775167188136,-0.884794404174,-0.6816936902,-0.323408756897,-1.01737587429,-0.506072872995,-0.494081874991,-0.698753160016,-0.58903045967,-0.610524647154,0.372977631327,0.182353762691,-0.816710162584,-0.818546308454,-0.817361101158,0.40177668684,-0.378406847688,0.259587949102,-0.970083811994,-0.722323196696,-2.21891922803,-0.343349562359,-0.828434671395,-0.580503819666,-0.926717153315,1.29520880896,-1.63084924176,0.76298755761,1.05706830916,0.525773110578,0.803280337413,0.803280337413,-0.803280337413,-0.860686322575,-0.157655954758,-0.858117646135,-0.857321362583,-0.856374442311,0.523760394722,0.772402230811,0.851285819052,-0.0310686424189,-0.597235586355,0.354352387345,-0.937406962936,0.148721413394,-0.765874339866,-1.21583023585,-1.37753121933,1.1903700655,0.465511285106,1.18996328678,1.20258624619,0.0391153561015,1.18899185158,-0.586277582178,1.13938921621,1.13854306639,-0.662556112023,0.16125519464,0.299990489581,-0.526508780534,0.439627514486,-1.45670427519,-0.406263761756,0.0025944334834,-1.05533036358,0.0415469102103,-0.800260000048,0.105481004258,0.691373547688,2.57345580986,0.533310092055,29356585458.7,01030314,0.04097256
5,600074.XSHG,600074,2011-05-31,-0.368813373658,-0.379690772142,-0.125214923065,0.0104179853384,-0.127109450644,-0.121990643728,3.50811603002,-0.291530651095,0.161601689181,-0.163934092381,-0.95705317212,-0.719408418119,-0.950635953191,-1.11426556599,0.636337212014,-0.595784811581,0.0406195808535,-0.140799002227,0.0162512750506,-0.373632319563,-0.444626210986,0.332826061601,0.878890148192,0.311352049522,-0.253423527247,-0.334127550643,-1.73841716983,-0.419245665104,-0.159462666934,-1.39294005207,-1.4353646126,-1.4008350276,-1.38442407909,-1.41976354517,-0.310199821926,-0.543959863268,-0.311352049522,0.229029242959,-2.0100902194,-0.939281394244,-0.0896426653755,0.115630840759,-0.123619824192,-0.415391661857,0.101063304484,-0.512000667153,0.713433833015,4.19479919045,-0.141972686555,0.547887372442,0.0124709772755,-0.680610934675,-0.574023370289,2.85256782215,-0.305297826642,2.23126850588,-1.3999972728,-1.408245114,-1.39383791732,-1.37704693611,-1.40367531259,0.407892629901,-0.496408551339,1.50149248012,-1.03949826938,-0.20285522416,-0.921726172855,-0.175857776896,1.11426556599,-0.210800036049,-0.921726172855,-0.362778933483,-0.232391015097,-1.15852046265,-1.15852046265,-0.612276492077,0.105988880534,0.157228058642,0.15439832117,-0.0714562248721,-0.0286453108762,-0.197980887461,-0.707440192448,-0.336503527243,-0.32532974115,-0.265923429116,-0.285429882565,-1.19796267957,-0.777552594199,-3.04032925224,-0.663147213251,-0.130142948365,-0.633853960533,-0.857555654065,-0.101063304484,-0.141498407343,-1.23695665909,-0.427279241375,-0.418649853128,-1.00072282694,-0.289511980318,-1.14842939805,-0.205475612241,-0.0826093030413,-0.195979370436,-0.231082613961,0.107016418685,-0.0715476876296,-0.160007682476,-0.684425414983,-2.57914737496e-15,-7.73564212149e-17,3.93374321702e-17,-3.72480450954e-16,4.5110256648e-17,4.92669936463e-17,2.37877774227e-16,-4.34154062156e-17,0.0,1.18817628437e-16,0.0,0.201088657024,0.78840950747,0.133927299022,0.428695195449,-0.15035782986,-1.12247603436,-0.81022975807,-1.1291290199,-1.59092588083,-0.116869442902,0.808807592002,0.556921717171,-0.768051358996,-1.04585688876,-0.987892598223,-0.722163391772,-0.471625273761,-1.73027001127,-0.696145951869,-1.35411275007,-1.4125942463,-1.34263422135,-1.8803166681,-1.07883860589,-1.05539195244,-0.0694730720366,0.253532493955,-0.298994337998,-0.467879602864,-0.305022601691,-1.11667969369,-0.852256761811,-1.04519853956,-1.27463916576,0.1573374012,-0.238323286541,-1.12951708011,-0.835751961721,-0.40805237972,0.0847509637786,-0.527892932817,1.09294901866,1.09572487995,1.09859330826,-0.44873318629,-0.39729612739,-0.666356439471,-0.364076795161,-0.332622519991,-0.260473215182,0.227706409707,0.24277727296,0.33258862915,0.181665842382,0.00194176371821,-0.429758961482,-1.26659666275,0.00811599131728,-0.283466707165,-0.0687821134344,-0.368029436078,-0.416274344606,-0.448729954136,1.24920161946,1.25581426028,1.2584123674,-0.0915372073415,0.507104137684,-0.769449030969,1.81540461626,0.62166977204,0.586631242783,0.59256928967,2.28704887624,-0.515236036743,-0.668431375177,-1.0190613978,0.512764709609,-1.17533773627,0.136325932597,0.32808707917,0.223146984306,0.223146984306,-0.223146984306,0.504282726134,0.461836996176,1.22829601586,1.23405862281,1.23506014807,-0.0297639598023,-0.258662907603,-0.0257750899344,0.414727418472,0.695797174653,0.38721014589,0.670032552889,-0.926769573639,-0.625332770393,0.0576707681141,0.00153650425901,0.128295614471,0.229660216307,-1.39500552255,-1.40447279604,-1.11350414559,-1.39356247354,0.877059469723,-1.37420782267,-1.37555987613,0.76506697113,1.07313909038,-0.830808218133,2.25915429585,-0.42411777384,-0.255741166104,0.683292684856,0.170624647539,0.89028467526,-0.554088079998,-0.210910029237,-0.119224009641,-0.880443706867,-0.0426340090138,1.98416396119,2816885808.0,01030303,0.19014085
6,600075.XSHG,600075,2011-05-31,-0.0987491216242,-0.0862425497436,-0.160759067097,-1.40628880467,-0.261119242005,0.179740957511,-0.493077647507,-0.291530651095,0.164884357263,-0.257735557016,0.224354283605,-0.719408418119,-0.470064769322,0.0523724257423,-0.349878119065,-0.332600588947,-0.681506300987,-1.18803536207,-0.556412702924,0.416733711286,0.948061299669,-0.589304212499,0.079594288599,-0.277481115264,-0.277056998224,0.0296831236237,-0.632687447004,-0.189568986718,-0.141936820201,-0.0505347889894,0.0543355049554,-0.0518762178759,-0.0444262426431,-0.00149191351264,0.091097523063,-0.144808019662,0.277481115264,0.099794386187,0.0336825928656,0.562120190763,-0.130779095612,0.162370846452,-0.123266431731,-0.290957929969,0.219238394567,0.193110727846,-0.393326852756,-0.0397985761555,-0.0949037780357,-0.938367979152,-0.0986133738303,-0.0742583869398,0.0958093886714,-0.562087891402,0.141676347482,-0.772588950722,-0.0417838978977,0.0757948622062,-0.0610737125056,-0.0704782509125,0.0242055300944,-0.0576848117218,0.44301589104,-0.633653086853,-0.203412540082,-0.0684025741874,-0.178041230422,0.485738797928,-0.0523724257423,-0.0742837061403,-0.178041230422,0.605679671178,0.689195833293,0.152586419471,0.152586419471,-0.450108881997,0.101900751359,0.142610947522,0.121218288839,-0.0679901423834,0.0536263890741,-0.193252349964,-0.0594991768265,-0.449353568538,-0.185324523911,0.199820658542,0.385740615942,-0.208633949813,0.115560513177,0.000161516885837,0.351986504914,0.449360729929,-0.891982742926,0.553054596277,-0.219238394567,1.00389942136,-0.572000172889,0.0613771285953,-0.473725364563,-0.653874599562,-0.114583971655,-0.183183670773,-0.0231853367157,-0.133352990047,0.717270085547,-0.342227000169,0.615996946579,-0.177632007404,0.0160661537571,-0.00516305833805,-1.71986844402,0.156525726437,-0.3125284894,-3.72480450954e-16,4.5110256648e-17,-1.232043749,2.37877774227e-16,-4.34154062156e-17,-1.41685923398,1.18817628437e-16,0.0,0.231133288564,1.02808260842,0.128229868732,0.0642321275378,-0.672655364429,0.662666574504,-0.245383165235,-0.176077294846,-0.522680823186,-0.426304550584,0.852966988721,0.26050965169,-0.0620365876933,-0.155982587765,0.064064492124,0.298805033684,0.296091471169,1.17394521467,-0.164070633202,0.0130989739332,-0.120487055313,0.199227469781,-0.050874461602,0.326637798208,-0.370747383898,0.102926184999,0.0185645628854,0.0870345061692,-0.324595193882,0.084160208203,-0.57667852725,-0.436951416499,-0.136950127352,-0.474000855404,0.64315780613,-0.0797165910146,-0.285311975467,-0.179160030325,0.285788535256,-0.12891866885,-0.55651537918,0.633017705056,0.627030681606,0.629714668852,-0.28553955443,-0.200486917063,-0.36529169569,-0.187050631591,-0.0781972363521,0.113644229093,-0.186980247534,-0.209423263019,-0.253599149468,-0.114847804628,0.482079012353,0.911515912451,0.0715426357057,0.68497984016,-0.36077400902,-0.0349113515647,-0.361152826886,0.331079792146,-0.286551626928,0.272445006215,0.281306835803,0.274583593634,0.122080125589,-0.473727367863,-0.485140262156,1.19009315903,0.351118444055,0.172895150115,0.62185616365,0.0294455996905,-0.748114047879,-0.361511759926,0.418962827045,0.351751636544,0.986840174797,-0.145540806768,-0.0540297798505,0.626406243268,0.626406243268,-0.626406243268,-0.10393820344,0.275824958094,0.321489570744,0.317495227905,0.320340807875,-0.00527462578776,0.0219149575119,-0.249573090115,0.259311086088,0.0524266665681,0.594887632557,-0.0834327245836,0.348399259291,-0.365834456467,0.237485841388,0.412952719283,-0.284942431679,-0.194806635576,-0.0516649979853,-0.0472723340377,0.0224427291492,-0.0539537167177,-0.557811888236,-0.0410717812983,-0.0219562008452,-0.352919614939,0.082642058712,0.198357504685,-0.0876321794451,0.181493056493,0.500353305926,-0.0133791688825,0.291740576872,0.939170423004,-0.528684927542,-0.253529696543,0.382939096611,0.366178775125,-1.32560187286,-1.30494707198,5385909760.0,01030303,-0.04153094
9,600078.XSHG,600078,2011-05-31,0.414060674499,-0.137893019637,-0.167502168377,-0.088404822796,-0.117564825245,0.355657297958,-0.0618256976864,0.445640642052,0.153637183013,-0.17381813101,-0.485030526464,-0.514427840586,-0.444771549119,0.513287290782,-0.906055754148,-0.371763520216,-0.444558746008,0.602890586649,-0.432593464443,1.7421057585,1.15195571561,0.586370793829,0.311840282443,0.121554565842,1.28275208627,-0.327263198298,-0.267350687497,-0.182261990071,-0.105901257485,-0.525411898833,-0.59630676783,-0.496827571447,-0.549820509483,-0.54306597772,-0.336585976587,-0.350268828882,-0.121554565842,0.0931766246056,-0.211645630213,0.313740175465,-0.0912631914151,0.224665632022,-0.125023970238,-0.515086197248,0.089648665101,2.00201373017,-0.0165572575996,-0.162925421137,-0.106274348071,-0.839945824247,-0.0170249397369,0.0298561433949,0.210823868882,-0.321455185968,0.0274741898223,-0.173198543289,-0.537943625956,-0.673228084688,-0.454805402864,-0.552908883662,-0.54950731059,0.861982601139,1.08118145859,-0.209523207475,-0.23802681451,-0.200757349905,-0.227453854114,0.688378978807,-0.513287290782,-0.261564902447,-0.227453854114,0.298712881308,0.0984417672785,-0.0299613837322,-0.0299613837322,-0.588962755322,0.102890706882,0.101250156423,0.1269176042,-0.00972717873043,0.181319427449,-0.164848589176,-0.0594991768265,-0.260675906024,-0.591791283637,-0.495932292079,0.0349421687223,-0.35765819968,-0.0236883046401,-0.291473372181,0.208230171773,-0.713550554748,-0.17381567903,-0.209019932107,-0.089648665101,0.575576769068,-0.758858763454,-0.236065879213,-0.750242415078,-0.100218116608,-0.746428889739,-0.331109287703,-0.224484708182,0.706224376773,1.81004721236,1.64778677193,1.41072092873,0.410964863603,2.9182486958,1.02070949588,-1.71986844402,-1.70151347227,-1.41092076755,-3.72480450954e-16,4.5110256648e-17,-0.261323936756,-0.604106984461,0.403672113136,0.933416450735,1.18817628437e-16,-0.409138939284,0.518161613182,0.27510961626,0.12575455811,-0.0193843993596,-0.543482219443,-0.527428498075,-0.152744318005,-0.229464009735,0.349564767129,-0.872741461668,0.489189970134,-0.626037999944,0.235196991362,0.0180081369977,-0.0604347651118,-0.171321341492,-0.810841451924,0.217751840911,-0.129472847294,-0.575433576909,-0.352850678432,-0.129849766017,-0.0294621079335,-0.122456416966,0.581591186788,-0.427328750858,-0.711015836615,-0.149030126853,0.140917732587,-0.571024769587,0.142163052314,0.121837589367,0.421971972472,0.310043914845,0.338915306061,-0.540187642543,0.0906620218799,-0.0912485044786,-0.090251124293,-0.146945556034,0.727728595783,1.25305379518,1.25057311636,1.23852666219,1.13646271419,0.362448080544,1.29983642412,0.320261838958,-2.2125455032,-2.31026031262,1.49888683876,1.66810420312,2.44128478644,1.04696682627,-1.57791469028,-0.346833743489,0.198913117641,-0.463380691749,-0.322752649062,0.699020248521,1.99642022696,-0.723954976925,1.1411267697,0.783041095383,0.805193405407,0.78559924052,-1.2129757194,0.305140206713,-1.06959126303,-0.958263271945,0.534230522427,0.544564821658,0.589469319895,-0.253335017599,-0.895470912548,-0.826215688235,0.0594567708348,0.512764709609,0.554404592582,-0.0116541055699,-0.228438998258,-0.220580193248,-0.220580193248,0.220580193248,-0.22082465469,-0.909283804717,1.00844455364,1.01169495582,1.03663993671,-0.960358652356,-0.884567375936,-0.349691791971,-0.889279479958,-0.937767413424,-0.0102872091632,-0.514852359265,0.439794727037,2.30417612893,0.566369165694,0.503881665357,0.190614357134,-0.0489814742029,-0.516551419652,-0.494977255136,-0.482005993003,-0.523933037544,0.401566037261,-0.581588026767,-0.554146953554,0.149940460385,0.999792363306,0.29076182273,1.04291840011,0.243904408347,-0.466706242293,-0.196788336774,-0.371382837121,0.37087360548,-0.588477195252,0.246073652386,-1.53799369718,-0.628212846647,1.88181778675,0.838741704173,6020144279.5,01030303,0.1094619
12,600091.XSHG,600091,2011-05-31,7.64117315287,-0.156554909013,8.05382405933,-2.85407024882,-0.212464992474,-0.556552980587,-0.522004553029,-0.291530651095,-8.02069067087,-0.221881691402,-0.273527329556,-0.719408418119,-0.950635953191,-0.550362397771,-1.47565537322,-0.622942439514,-0.100420630443,-0.292572387711,-0.181085636278,0.671022285152,0.94894779713,-0.312541850821,0.0420373913964,-0.241806403443,-0.513391707995,-0.958783614007,-0.534921271924,7.47882776457,-0.135568699457,-1.16861637706,-1.16348567338,-1.15436957925,-1.1729508062,-1.15046238325,-1.01503285974,3.53382489931,0.241806403443,-0.0336116657639,-0.443763872049,-2.3164929716,8.05898554105,0.0976331281136,-0.1331119457,-1.03259280868,0.67716686864,-0.759520340787,-0.628807849728,-0.892029483574,8.05728350981,-1.3609235894,0.0957240721432,-1.06498344604,-0.998636577103,-0.562087891402,0.20334476285,-0.80642550598,-1.17735347756,-1.1451758971,-1.14001872239,-1.1796780464,-1.12498716549,-0.302742078058,-1.5969272131,-0.657969243113,-0.247783858308,-0.108473082435,-0.576836041834,0.174636897095,0.550362397771,-0.111328338377,-0.576836041834,-0.148766875757,0.113105564857,2.89619896909,2.89619896909,-3.40958205369,0.103883980691,0.0276012638853,0.117597361036,-0.245493317657,-7.55077519409,7.91872001948,-1.35460430038,-0.524884059579,-0.585016837642,-0.790839921354,-0.174463026812,-0.483607726987,-1.68347019057,-0.484582960888,-0.763171846343,-1.06801191565,-0.477194128456,-0.736808034534,-0.67716686864,-0.761297433817,0.0144711421856,1.51318228575,0.130585936768,-0.595777521476,-1.68728578539,-0.538080844163,-0.115703997569,-0.534689423637,-0.765784586562,-0.723293467166,-0.848438256484,-0.495884966728,-0.736801283928,-0.323259004722,-2.57914737496e-15,-7.73564212149e-17,3.93374321702e-17,-3.72480450954e-16,4.5110256648e-17,4.92669936463e-17,2.37877774227e-16,-4.34154062156e-17,0.0,1.18817628437e-16,0.0,0.166668593706,-1.78008722442,0.118346694202,4.52815478545,-0.337686428885,0.0676190382147,-0.35204302718,-0.728234336798,-0.456335163366,2.18824495183,-0.480709918042,0.249755472443,-1.33973287661,-0.972730352267,-0.984934200032,-0.463821369732,-0.756708760176,-0.151149358182,-0.828247352382,-1.15755792185,-1.11487927743,-0.228470128225,-0.29620153676,-0.750678385856,-0.758432154571,-0.808208232546,-0.944949537255,-0.471199692225,-0.505173934221,-0.758499390674,-0.779405159928,-0.853056531387,-0.938379749826,-0.584821998289,-1.39942816291,-0.929029863834,-0.850506721843,-0.800857446258,-1.09179201979,-0.210413804121,-0.222084690098,-0.0587502604524,-0.0580203630834,-0.0517650336478,-0.635976214929,-0.613177685959,-0.770138669455,-0.53103232385,0.0960207208357,0.0989597762278,-0.672416448285,-0.691050488538,-0.754049669899,-0.617115132904,0.0648941805315,0.0767822963588,-0.986131856447,-0.263966701656,-0.42487931763,-0.492530708375,-0.766958069154,-0.0718617509337,-0.636562285796,0.0324174911586,0.0358707096461,0.0335498663873,-0.910106230533,0.345065100494,-0.0612141134217,-0.591609503796,0.461795439771,0.455514607891,-1.02249083864,1.18410105354,1.69225996657,1.33205241685,-1.0190613978,0.512764709609,-1.17533773627,-0.141312805678,-0.0535640676518,-1.7129234368,-1.7129234368,1.7129234368,0.0302978817372,-0.0442836442569,-0.229933339196,-0.229312679859,-0.226910308927,-0.715465312211,-1.03564776484,-0.915754765182,-0.048328092399,0.109520473246,0.446074146888,0.155063341068,-0.726915973779,0.898294371833,0.207975272699,0.992811080313,-0.191509939019,-0.17189431213,-1.16533561421,-1.14976197423,-0.887314503865,-1.164907862,0.759584621703,-1.17745970155,-1.16266641867,0.472706462221,-0.864028182567,-1.33103087937,0.175454181025,-1.02914158995,-0.731729983571,0.577881051236,-0.0467629179293,-0.564066320122,-0.490398698849,-0.37177942688,-0.904886793599,-0.999812220963,-1.32560187286,1.74042663122,1867719300.0,01030303,0.17297297
15,600096.XSHG,600096,2011-05-31,0.0544037769086,-0.117217126941,-0.089899358737,0.538395499135,-0.153110514696,1.31320342797,2.15939906007,0.507426675293,0.138407755679,-0.147460694667,-0.812320145038,1.2931281613,1.55339284697,-1.01690503894,-0.581791305119,-0.426078776083,-0.74920560241,-1.02108463804,-0.564151405329,0.391376283274,0.547364447463,-0.148580184437,0.533398078521,0.131775972038,-0.548841914461,-0.361584960022,0.47075534775,-0.123806016896,-0.134444277458,1.06519458191,1.8236433201,1.14283278928,1.04220735227,1.50495842813,-0.372463553788,-0.543415596224,-0.131775972038,0.0565102146803,-0.0965300793839,0.614020492467,-0.0801688208362,0.26590363427,-0.118333072973,-0.841712447633,0.509975974147,1.70608614989,-0.18139395548,-0.220867465834,-0.128976818693,-0.390552933648,0.000932003394432,0.737329811788,0.825371140949,1.72237034115,-0.765692847394,1.89152186941,1.06041193647,1.98013694202,1.10158566186,1.03303298902,1.55917410199,-0.645492418681,-0.618022002389,3.11009974038,-0.00618086901513,-0.189013694026,-0.212480331783,0.478526036646,1.01690503894,-0.271997011525,-0.212480331783,-0.0385182399581,-0.254014644959,0.00241162570286,0.00241162570286,0.0442794768505,0.10216178991,0.101813493363,0.118509884843,-0.0150323074008,0.134057362427,-0.186636735577,-0.707440192448,-0.250216923787,-0.104031171966,-0.493069111212,0.099374536579,-0.379771475467,0.23880371975,-0.298041725538,0.536683152994,-0.794767568508,-0.701042860067,-1.22417529204,-0.509975974147,-0.107663224756,-0.820574573891,-0.349377501235,-0.210502403015,0.709238934038,-1.01583452572,-0.282629463667,-0.200989929235,-0.663855172378,-0.0867016577541,-0.770926775541,0.37490090705,-0.536949864705,-0.415011169434,-0.381905077784,-0.0513094599407,0.278413097872,1.14018387848,-0.572725270525,-1.10801433742,-1.64806652567,0.0163935986492,0.0320170388657,1.29042035221,-0.198251322266,-0.203152504389,1.62222889842,0.061401101242,0.124399461053,0.097603745896,-0.261711754946,-1.12247603436,-1.27092024159,-0.690665907802,-0.298544401334,-0.567440029088,-0.585269269338,0.373428533778,-0.936052947157,0.211667378473,-0.0237013208977,0.131456734162,-0.152081146131,0.378109811861,-0.921165920603,1.13718227072,1.06218912995,-0.12240981415,-0.12730394893,-0.362437773526,-0.978824019086,-0.641884528881,-0.792285268491,-0.359466251462,0.177648871463,-0.568730484019,0.6985337958,-0.242457452654,0.0634072782667,0.831555175479,-0.690175302437,0.0123776192911,0.470382964752,-0.373715468595,-1.26298150854,0.433316133338,-1.16662542007,-0.929511570109,-0.928046345083,-0.916486434915,-0.290239412434,-0.358639709884,-0.462837468967,-0.428554854418,-0.153258337875,-0.0962414304791,-0.578233168591,-0.586878708124,-0.586322725022,-0.537902764869,0.0663676273335,-0.727903711104,-1.1217439578,-0.309747209137,-0.177904389172,-0.564194305223,-0.662432365774,0.110990759976,-0.290098479759,-0.919372409736,-0.912555131362,-0.91837406318,-0.499155293797,-0.284943369274,-0.00137548605096,-0.831662530947,-0.575907717111,-0.162760249864,-1.06498575505,-0.0292124990993,1.69108587066,1.62178905163,-1.0190613978,0.512764709609,-1.17533773627,-1.99975417389,-1.85307600337,-1.36433136611,-1.36433136611,1.36433136611,-0.478833386027,-0.966611742819,-1.04022059235,-1.03976348449,-1.03731861134,-0.164455296883,-0.884567375936,-0.555650580546,-1.00211599525,-0.892603655903,-0.260955258357,-0.657646182012,0.114828528409,-0.16748567957,-0.533417946916,0.296682919385,-0.191783667025,-1.4040205655,1.07785306108,1.19981267767,0.0307738393416,1.07437946638,-0.00120487023611,1.03047219689,1.0347907177,-0.175164425523,-1.30750594073,-1.03194381669,-0.714023869218,-1.14132392079,-0.690300149487,-0.641427341674,-0.813465113116,-1.05903451603,0.467113169452,-0.511105932253,-0.12685180366,-0.541021932003,-0.684117940935,0.359649974672,12825302089.9,01030303,0.0757166
21,600155.XSHG,600155,2011-05-31,-0.156090685584,-0.0579610763861,-0.133558082275,-0.660112714911,0.398337514604,-0.927645125389,-0.704123529043,-0.291530651095,0.100845422536,-0.261766694339,-0.452610328398,-0.719408418119,-0.950635953191,-0.785040662388,1.72311725896,-1.30060101807,-0.343009793874,-0.368459080454,-0.316512928367,7.93025364058e-16,-1.2797068189,-0.836068575065,-0.390407438882,6.7819030111,-0.667009269346,-0.485143302225,2.68564518551,-0.284362456731,-0.0422741087947,-1.1762822359,-1.35302083186,-1.19937442413,-1.16694683315,-1.28917775851,-0.481614912998,-4.08611782088,-6.7819030111,-0.0660026006312,-0.302228358735,-5.9124424468,-0.148978849595,0.49889023989,-0.119935118797,-0.150588811071,-0.585157957249,-1.64364965472,-0.393326852756,0.0809140169633,-0.147917190213,2.05586814146,-0.244495151965,-0.857876913996,-0.769847664987,-0.736740661475,0.208143277845,1.19407450592,-1.17939918333,-1.37334599789,-1.17474237033,-1.17662815818,-1.30268878339,0.259490376849,-0.482483083899,-0.201106076462,-0.322355550196,-0.1015578673,-0.281358534505,-0.101553531969,0.785040662388,-0.103924143045,-0.281358534505,-0.451410189713,0.0694205798328,-0.490377517919,-0.490377517919,-0.213885872811,0.112180434759,0.0771749145789,0.0881440926022,0.573461075922,0.18614528585,-0.165098030375,-0.0594991768265,-0.595719893821,-0.260972504193,0.342979701879,0.219290332312,-0.27978101104,-4.43803588554,-9.11542141402e-17,-4.93489689253,-0.449224004122,0.254684955753,0.261355123081,0.585157957249,-2.27426838244,0.127635807534,-0.427279241375,-0.956110878511,0.0771080396397,0.850820604458,-0.419988965102,-0.108482859294,-0.530076361181,-0.422340346705,-0.543345413306,-0.634130665791,-0.465086293245,-0.384653611462,0.270789497968,-2.57914737496e-15,-7.73564212149e-17,3.93374321702e-17,-3.72480450954e-16,4.5110256648e-17,4.92669936463e-17,2.37877774227e-16,-4.34154062156e-17,0.0,1.18817628437e-16,0.0,-0.872058910321,-0.421939652349,0.123676742623,0.282834975884,-0.620266857922,1.85276164708,1.11966276745,-0.0183887573506,0.523822042321,0.9747160467,-0.393797109295,0.160361357456,0.67356550784,-0.908429432246,-0.854764679595,-0.0184943199674,-0.0218401933032,0.515978275888,0.603630723034,-1.1514783419,-1.18228393174,0.153954683747,0.197933363652,-0.00560304046866,0.939256635401,0.0637360731132,-0.173927458584,0.116623210004,-0.233289329966,0.641050794508,-0.976925821676,-0.535498023983,-0.757076506701,-0.840836617146,-0.10564713866,-0.631002766595,-1.07477511987,-0.565962031311,1.11436428729,-0.904619025698,0.468620133972,-1.21808268694,-1.21571476105,-1.20402477411,-0.576755281272,-0.583327655526,-0.667068911284,-0.483439249382,0.0766902881501,0.010014919753,-0.573967855174,-0.581009000203,-0.612031135887,-0.547483084306,-0.138260196844,-0.0481727458308,0.00960561703889,-0.643521660747,0.222047760226,-0.348521554696,-0.505057780446,0.375380152129,-0.577526395262,-1.05346146946,-1.04981985779,-1.05216395297,0.0946497180652,0.722998939477,0.131890256742,-0.262590175006,0.512353698497,0.518902911185,-0.423545316618,0.379879038586,-0.0931172459879,-0.370150312493,1.94686356594,-2.70749675171,0.698549786654,0.615264500568,0.665495567117,0.353070301894,0.353070301894,-0.353070301894,0.173208783878,0.39633513241,-1.18363132296,-1.18253320261,-1.17908430139,-0.250167965934,0.475156124236,-0.0702071213207,0.412598427618,0.350677895481,0.641846554701,0.280387706776,-0.351904735643,0.295100965034,0.0285988700398,-1.69928197886,-0.1921486377,0.256748150101,-1.17995235139,-1.21576782538,-1.03019304366,-1.17917019128,-0.180214162457,-1.16506230168,-1.14703696104,-0.0161203086759,1.12197520771,0.925239853891,0.573091216178,0.892335969304,0.691512014067,0.982902260949,0.370657743496,-0.60073063093,4.47180474739,-0.512097454543,-0.43196356442,0.725322304491,1.24033385483,1.24465919362,2330625000.0,01030303,0.1380531
31,600251.XSHG,600251,2011-05-31,-0.209070888263,-0.000942519665462,-0.093442344155,-1.79602625795,-0.234893202098,-0.270837840743,0.182727182746,-0.291530651095,0.0175948073909,-0.143933449509,-0.104865108663,-0.719408418119,-0.647117310748,0.103022410911,-0.921213915172,0.0592618364261,0.576572383782,0.89126001907,0.244542996,0.958882665118,0.188332975906,0.998329617263,0.119016825542,-0.100109654803,0.66828184086,0.8437953117,1.02362020916,-0.0483662136772,-0.0325219103039,2.65228119811,2.52992181843,2.55778644953,2.697148641,2.45962148291,0.991453865203,0.132359972642,0.100109654803,0.0432024977549,-0.309776919445,-0.0199046212029,-0.0860276457486,0.180033466549,-0.128150315545,-0.433196014009,0.0567476457029,1.31379943467,0.76053003241,-0.981356802482,-0.0517626948218,-1.11547899458,-0.0342598613276,0.522084947187,0.754585050253,1.03540277886,0.554086218281,0.701027557874,2.67023021385,2.45592881822,2.50455238139,2.64979929374,2.32485803383,0.381522238134,0.800142086731,-0.485418057346,-0.165545917722,-0.144492140402,0.0525510134733,0.177951637487,-0.103022410911,-0.133848446863,0.0525510134733,0.63162052666,0.0591778077931,0.459230758841,0.459230758841,0.85203188562,0.104445877234,0.0362292138565,0.191095945275,-0.776698006389,0.189253465837,0.190775027498,1.88277005465,-0.31713063969,0.581316947906,0.693242161245,0.290881852153,-0.149024249867,-0.156534877959,0.105912005939,0.0346990641307,0.564649084711,0.766828914446,-0.296040604604,-0.0567476457029,0.858946423231,-0.633544867401,0.132196892359,1.79272688876,0.592177657298,-0.891652142215,-0.0141258228542,-0.161406964212,0.212626694082,-0.437951448517,0.324639317077,-0.410893592154,0.0242704076506,-0.251080356389,0.308464853947,1.68229602821,0.156525726437,0.502407716972,-0.44389305394,-0.366892001627,-1.92541504346,-1.33366654437,2.30949931217,-0.375597854678,7.77848211011,-0.260466893659,-1.28860001556,-0.813405717242,0.118587600346,-0.0718790799229,1.65492353754,0.0676190382147,0.909347546715,0.000889778581479,0.259398617397,-0.825794723002,-0.0790573934967,-0.285937081273,1.43331358062,2.42437550861,2.53925764588,0.499061943734,0.767974975293,0.773073189038,0.893597118033,2.58392147306,2.41627964977,-0.0488814346665,1.1372556413,-0.657415663058,1.22337228016,0.430813684835,0.563946546714,0.288702270983,-0.310323072232,1.14008939571,1.56804229874,2.10651577864,2.91864465805,0.566058533702,2.01991151539,0.0251684818336,1.59455801127,2.5927539826,1.61401919404,0.0874039773643,-0.206267022372,-0.488129306914,-0.489053874183,-0.503889360011,0.746522741241,0.530048407181,0.937206897811,-0.192088209555,0.489402303302,0.246826426844,-0.0364537219386,-0.036436838348,-0.11220541578,-0.0381395778186,-0.378559074712,0.850723595933,2.76430447145,-0.415891466786,0.197397927069,-0.326486430479,0.00359539713525,0.39919537982,0.746672825718,-0.469348896844,-0.470291269752,-0.473577128483,1.17787198429,-0.511746033294,0.201557495014,-0.185811634083,0.121564896531,-0.888361220389,0.826478293055,-0.758927425065,-1.84821061124,-1.84548122483,1.49748099568,-1.74141831331,0.842694980725,1.31922668213,1.20874884688,1.19863681144,1.19863681144,-1.19863681144,-1.17764802265,1.19042096481,-0.408692360571,-0.408524053076,-0.405923913704,0.606958724577,1.10106059257,0.864857509311,1.59951082905,-0.181913584721,0.782723321135,-0.54599356529,-0.120048435152,-0.796111593918,-0.320144269411,-1.81555177876,-1.02428177545,3.06061696511,2.63147566497,2.5183442251,1.46164201489,2.64088121688,-0.720039059311,2.72791172049,2.71779679311,-0.561080297283,0.971568141674,1.65106020301,-0.351227500514,1.15749420584,0.391781701254,-1.45058543531,0.780953938489,1.32414568649,-0.337383916158,-0.152183127431,0.457945737798,1.63252301162,1.59699892098,1.81738700394,10189494000.0,01030303,0.17839375
32,600256.XSHG,600256,2011-05-31,-0.489577996237,-0.236919164031,-0.162359125028,-0.806939262777,-0.901705777171,0.906239704344,1.0804254841,1.22542299261,0.149278230313,-0.152538377256,1.94571241903,-0.421254850798,-0.24242578749,-1.0799361316,-0.775375044356,-0.0992547901378,0.0519027977573,0.0185630525324,0.070422191886,0.149587849978,0.303577645788,-0.0920771039156,0.21336240157,-0.0672408191919,-0.0289055529643,0.34269759054,-0.239335818615,0.218240420735,-0.0772501200117,1.93521033172,2.18153178293,1.89312522007,1.96086654454,1.98491157705,0.392355274481,-0.353738531289,0.0672408191919,0.0294134890781,-0.117288621337,0.360079730558,-0.127288731834,0.197296137477,-0.121671453756,-0.751264371371,1.28751435094,0.400442705392,0.454404736346,-0.78580240163,-0.109589862679,-0.802057899045,-0.00845427663401,1.924590925,1.69381830329,1.56479473082,2.28277623757,1.81280008779,1.94811298535,2.37474076738,1.83097928239,1.98317597374,1.86360064477,0.0388083207047,0.142012086653,-0.173984209864,0.0179794299142,-0.175627258306,0.626536036156,0.0946705634299,1.0799361316,-0.18486169681,0.626536036156,-0.440601499929,-0.133421324577,1.97446745045,1.97446745045,-0.207028891413,0.102075883155,0.118002018051,0.189808411683,0.580495061432,0.0742486651011,0.172117548889,1.23482903903,-0.134217302613,0.0145216329543,0.279035329188,0.131590720507,0.1730604192,0.975061836941,0.94534756501,0.786977351148,0.658159644569,-0.336645920248,1.37743386651,-1.28751435094,-0.497536805925,0.75009850559,2.29219968716,1.32667411269,1.32142605536,-1.04925237643,1.65283428053,-0.190581290116,-0.451654299446,-0.836034544714,-0.553930592945,-0.723425495246,-0.304248776167,-0.827873957842,-0.284354602773,0.211780418161,-0.258931838395,0.289815663136,-1.04511006467,-0.259786821958,-1.92541504346,-1.24346255767,-0.663115600047,-2.10111671181,-0.294838140667,0.125932410759,-1.10862392177,-0.433923307397,0.121797674705,0.0162369910227,0.214741786608,1.25771411079,-0.45469688492,-0.774206230174,0.767942096648,-0.901972449894,2.66287099578,0.232279931167,0.570519999312,0.944950027182,1.02924190218,0.0102182069827,0.364214200415,-0.72424245516,0.259449933418,2.07774623506,1.61373144376,-0.962542440027,-0.0552345001376,-1.85353371419,-0.219853987405,0.203616535805,0.700017016427,-0.158691560331,0.270877831655,0.158971912112,0.613540056503,0.633865067817,0.415620584974,0.0658818246389,0.635187730219,0.146681675987,0.97279352635,0.776235248831,0.429729144127,0.105634942517,-0.730509724175,2.0085669508,2.01286101584,1.99142004597,0.781954456934,0.902431221116,0.321044509532,0.661587415395,-0.0306462837645,0.255073387928,0.343176827542,0.318572423678,0.257451288873,0.499332152906,0.768749914723,0.621848152876,-0.229651092166,0.271233633115,1.0496612809,0.0240068076217,-0.16301540791,0.250451118738,0.783382803969,0.441371336823,0.443639860148,0.449423911025,0.764637913895,-0.57263462522,-0.23303684884,0.207155780586,0.470709480004,0.427204881986,-0.358663069856,-0.151651359673,-1.08690333788,-0.72240664128,1.40760448162,-1.74141831331,0.698549786654,0.165452162331,0.244491739506,0.548310260018,0.548310260018,-0.548310260018,-0.597240166023,0.818065513285,1.83554017336,1.8430156355,1.84289942476,0.668182059613,0.669402338546,0.0305423715164,0.921427241862,0.487021314413,-0.182249459269,-0.147993761464,-3.04476463269,-1.43920398942,-1.38368123751,-2.20908033226,-0.150815708818,-0.640151539198,1.92356702143,1.88667407083,-0.455762995897,1.93597999017,-0.0347691125275,1.99504531418,1.94135072943,-0.0465258016024,-0.0952719581267,0.910041910932,-1.03452509805,0.355124035868,-0.486240045644,-1.05033958484,1.32314410178,2.27741776749,1.39985199854,-0.439169093814,0.610501618178,0.23435441608,1.24033385483,-0.509387011767,45634586810.7,01030303,0.01450512
47,600387.XSHG,600387,2011-05-31,-0.28500323368,0.686279593519,-0.16715929882,-0.68077171335,0.601923814412,-0.428355105702,-0.543579203397,-0.291530651095,0.104504790235,-0.198857695537,-0.541379918341,-0.719408418119,1.27516742473,-1.31292606337,1.83670330257,-0.873771689783,1.65976120654,1.05062207383,0.704995789101,-1.43935858981,-1.14141321504,-0.120225911302,0.00219639320322,-0.369072931571,0.880983079654,-0.135061332648,-0.50176081488,-0.230448670661,-0.0916946179981,0.112411248024,-0.195187820108,0.056583285774,0.114465226411,-0.0994397929901,-0.103856295908,1.35968215751,0.369072931571,0.111489775745,-0.241839873054,0.46573391617,-0.132150309953,0.00310460133683,-0.13092798029,1.63825674724,-0.73489116798,-0.700608831748,0.454404736346,0.822089338713,-0.14519181328,1.14762917258,0.0721848328411,-0.154051463647,0.00611256133765,-0.736740661475,0.211792148623,-0.854072900119,0.146945138948,-0.261646310956,0.0263018214817,0.136245913888,-0.13249195661,1.01230921289,1.37505018436,-0.716421541814,-0.471731244537,-0.26278338871,-0.213478566605,-0.141657622808,1.31292606337,-0.277792627679,-0.213478566605,-0.50113016272,-0.446351142148,0.00421012622703,0.00421012622703,1.44618932382,0.108823434746,0.0927704530148,0.139324594564,0.548344879796,0.121206535599,-0.143526789364,1.88277005465,-0.459158864386,0.575671576243,0.641704905643,-2.03047317869,-0.19901948208,0.546111455621,-0.100334289482,0.445963136934,1.07320843845,0.915261534335,0.391886131828,0.73489116798,1.38569869759,-0.6063944739,-0.420197264999,-0.162643682734,-0.213810911074,0.281685727215,-0.336703113553,-0.280990404957,1.54580174359,0.319186989349,0.949164915766,0.151663833413,0.763438571241,0.653574871152,0.310978724187,-0.144233037195,-0.852017950623,1.10475186951,-0.0144523319887,1.81519319143,0.709395875487,-0.769088147788,3.74856778157,0.665663524628,-0.0282611974149,-0.279790970386,-0.954317027742,-0.431926031556,0.123212998298,-0.132622924575,-0.149742256808,-0.527428498075,1.18375883472,1.01820329007,1.76936188729,-0.675801369278,-0.433135987074,-0.253002407331,1.29557948506,0.447941739491,0.639719473601,-0.656251876705,0.319264870274,-1.21186626514,0.743113544376,-0.0165869029644,0.0607506619175,-0.236216918591,0.641321559927,-0.49875672547,1.20289930171,-0.0170334132192,0.830442037236,-0.936021991773,-1.25221441913,0.830000956117,0.261900383699,0.743658434969,1.12582118702,0.0332873708492,1.43977388465,0.282264818937,0.20942191725,0.762817632399,1.29186323499,-0.255583061067,0.76011715351,-0.025024444363,-0.019639288032,-0.0609158588588,0.343978718238,0.785469523469,1.027319448,1.08444444492,1.30697218239,0.763672202296,0.779659990765,0.779708344112,0.588321073979,0.584437136159,-0.72313590305,1.27991971806,2.77953898008,-0.462339954574,-0.58961836155,1.65163323905,1.10208562192,0.893361354391,0.343879600593,-0.100160901724,-0.0956757089716,-0.0870601135357,1.51014009935,-1.76879291502,-0.393716841537,0.982603311291,0.506263571773,0.157744867827,0.691671825345,-0.126639296228,-0.493890973004,-0.713140590947,2.12661659405,-2.06344445944,1.56342095108,1.16161619704,1.06391235309,1.12977035349,1.12977035349,-1.12977035349,0.22695687661,1.56620062844,0.139719696113,0.16001702911,0.15190035103,0.300842049395,1.38163845768,0.219834998381,1.76983009741,0.884973668421,-2.56128105016,0.594837933464,0.0370056345907,0.150002468863,2.14402809535,-1.68884750964,-0.666610514489,1.39679684195,0.102240646381,0.0249585948564,1.42831757412,0.098104394832,0.228150785422,0.124578951328,0.0457256985564,0.690222680849,1.60922191184,1.36246941302,0.786649027057,1.47222383652,1.40099792275,-0.603224467744,-0.317675320946,0.792513179772,-0.460153263087,-0.0852183253389,0.564734854064,3.45719146342e-15,0.598849922907,-0.21658655331,4945941000.0,01030303,0.03512881
49,600389.XSHG,600389,2011-05-31,-0.104241626719,-0.0842423527873,-0.113443068289,-0.276711076624,-0.0881172698552,-0.0111329047338,-0.184282931062,-0.291530651095,0.164130958031,-0.221300277365,-0.285105971722,-0.719408418119,0.187558955971,-0.846946199817,0.154080652934,-0.887641894607,-0.783055253121,-0.990729960941,-0.71892545343,-0.47184770975,0.119186173977,-0.66676479925,0.357661789336,0.172260757363,-0.501574972506,-1.73239612325,-0.599526989959,-0.236373262537,-0.128227521214,-0.485373439639,-0.264078505092,-0.457036804392,-0.497563707033,-0.351388723775,-1.85787118129,-0.529808920117,-0.172260757363,0.141426122681,-0.330535461398,0.504659142448,-0.105473958224,0.216180223958,-0.120260239861,-0.614141349827,-0.566357374736,-0.0247248520854,-0.44042305215,0.561350137576,-0.131173357598,-0.302486059888,-0.0767855929949,-1.06329965309,-0.996776504647,-0.270999941281,0.191960785869,-0.39348142344,-0.475710213376,-0.221639573059,-0.473308263969,-0.503870793346,-0.304209064115,-0.148107411974,0.10406174098,-0.0322958378116,-0.504022413299,-0.0948091501211,-0.336261449718,-0.222036520727,0.846946199817,-0.103356409217,-0.336261449718,-0.397366740792,-0.419912533977,-0.968778657348,-0.968778657348,-1.20780532656,0.674510198048,0.111923908965,0.113524754782,-0.0948909874211,0.412857567145,-0.213243796719,-0.707440192448,-0.474787911706,-0.449527917733,-0.162848917913,-0.20667921074,-0.44995708992,0.214795302885,-0.4333498047,0.446428367786,-0.381402822037,-1.30300055181,-1.96076151694,0.566357374736,-0.833581687525,-0.639705040716,-0.498099005139,-0.730871028297,-0.489988812125,-0.454125837527,-0.469090325343,-0.0973787654456,-0.442428174535,0.334798091161,-0.463956566015,0.821375054326,-0.489040817065,0.447143476948,-0.233546342434,-0.165721614435,-7.73564212149e-17,3.93374321702e-17,-3.72480450954e-16,4.5110256648e-17,-0.261323936756,2.37877774227e-16,-4.34154062156e-17,-0.375597854678,1.18817628437e-16,0.0,0.939661541101,0.99013436744,0.128019075857,-0.0625050298223,-0.851365940739,-1.12247603436,-1.24938796899,-0.53100008457,-1.23345866309,1.87674300659,-0.669398802269,0.335788906415,-1.24042829413,-0.609619274501,-0.657045067113,-0.475773135876,-0.331817039527,-0.0842304791314,-0.924163835547,-0.437301138652,-0.497882213828,-0.309535448757,-0.781101108276,-0.41828290507,-0.85278693112,-0.655580898942,-0.38736099938,-0.924443607208,-0.943392629969,-0.225901239794,-0.453377750522,-0.742188473867,-0.502443607918,-0.389255275551,-0.311349670955,-0.453209777255,-0.668551391576,-0.626907633223,-0.527553429845,-0.503945948276,-0.728250057357,-0.76690085382,-0.766029950654,-0.759672243744,-0.644380091484,-0.62518219347,-0.786286866389,-0.539156647477,0.0604169389763,0.0888187860549,-0.801753980471,-0.823702944719,-0.890058489978,-0.731705755313,0.113958270055,-0.83944288076,-0.40247535393,-0.445224947239,-0.274230588194,-0.636604559362,-0.869232650628,0.364784394047,-0.64528250834,-0.601548762302,-0.59967184484,-0.600426737681,-0.168284613995,-0.715457340252,0.110909777205,0.224411453885,-0.379254463118,-0.724714281609,-1.0409097252,0.616519613839,1.61091860156,1.85898320687,-1.0190613978,0.512764709609,-1.17533773627,-0.651726492878,-0.529754790807,-1.05904706796,-1.05904706796,1.05904706796,-0.174231050175,0.152553322406,-0.892414044165,-0.891790028704,-0.890501212415,-0.323635967977,-0.625572423523,-1.0552923701,0.186925397032,0.033679446465,-0.0506321986112,-0.11761209705,-0.311227833629,-0.27126022316,0.567007232044,0.423387188504,-1.11269592134,-0.109260156915,-0.480490057696,-0.437683174985,-0.0766974821408,-0.488158643917,0.34003159306,-0.496381874864,-0.503604272784,0.486739766648,-1.21961712597,-1.38669308769,-0.243091366811,-0.632824809565,-0.880550308635,0.162071066941,-0.365537121074,-0.985705894414,-0.146589734993,-0.442476752709,-0.237454816936,-0.310588800444,0.170980140316,1.14760412199,1871100000.0,01030303,0.13121693
72,600722.XSHG,600722,2011-05-31,0.735316398655,-0.14424308409,-0.146701415277,-0.896931694446,-0.49237360757,-0.516180908476,-0.585161630084,-0.291530651095,-0.0746965985395,-0.273860106309,-0.497767032847,-0.719408418119,-0.950635953191,-1.14972055561,1.26383165755,-1.1666777799,-0.252744058644,-0.368459080454,-0.285558118747,-1.67364693876,-1.42420590499,-0.0479019682357,-1.15110024815,1.08096381017,-0.241606791758,-1.02742713745,1.85949241949,1.21574420623,0.118734472053,-0.929959407489,-1.01723517333,-0.941778925019,-0.922272102462,-0.973729226003,-1.08014401837,-0.997334311161,-1.08096381017,-0.159212769813,6.62168895262,-2.21269236819,-0.106471205018,0.448075076439,-0.117767645035,-0.444114705108,-0.847023213684,-1.35000546626,0.0540870414921,-0.129125895063,-0.139427932134,0.244295336863,-0.0819065976258,-0.637393582461,-0.526281510579,-0.736740661475,0.219402293498,-0.956273107838,-0.925782388407,-0.980361662371,-0.941691692967,-0.926091835121,-0.95787096291,-0.638001381977,0.375229197306,-0.741205316464,1.521028796,2.40722224449,3.33125328652,0.670852111155,1.14972055561,2.59088360754,3.33125328652,-0.362778933483,-0.294723097937,-0.86626412747,-0.86626412747,1.04985579897,0.0904467631764,0.00524568217295,0.0229073905814,-0.186318153623,-0.00512340868602,-0.175064833034,0.587664931102,-0.572722018107,-0.212422307893,0.187413541452,-0.493045290104,6.17537262512,-1.33454786547,-9.11542141402e-17,-3.69691759646,0.828263742569,-0.181357290202,-0.0362658751657,0.847023213684,-2.40230378927,0.343698182704,-0.257311808342,-0.424347319828,-0.424521209207,0.214024893676,3.73498056924,2.58743580886,-0.40091061244,-0.328673735835,-0.479834335473,-0.580553768118,-0.396644796616,-0.184293728853,-0.411646451558,-2.57914737496e-15,-7.73564212149e-17,3.93374321702e-17,-3.72480450954e-16,4.5110256648e-17,4.92669936463e-17,2.37877774227e-16,-4.34154062156e-17,0.0,1.18817628437e-16,0.0,-0.636660680681,-3.06833014205,0.0651004138719,0.0394846352722,-0.12106951206,0.662666574504,0.551811671463,-0.427192583397,-0.275842994842,0.361751081481,0.452720448867,0.392920483662,-0.347707304405,-0.775540864202,-0.795103649395,-0.305643162971,0.0159221581887,-0.20556388817,-0.149425356837,-0.876436684173,-0.985446978269,-0.596962003554,-0.965544459709,-0.571554498193,-0.133064655471,-0.611941173403,-0.242344765828,-0.903185747273,-0.386628785193,0.398720255353,-0.812812460012,-0.638118457747,-0.672776272637,-0.938027352082,0.468841525987,-0.110414661117,-0.905340070994,-0.491555249277,0.778555743917,-0.105109572568,0.0663994403477,-0.653565616888,-0.652526260617,-0.650265157585,-0.519276436382,-0.542231182518,-0.637382585726,-0.508315186875,-0.387147243695,-0.334465845042,-0.469581481645,-0.461945778326,-0.383932827554,-0.478700922695,-0.0839267606574,-0.389800705839,-0.00338117719769,-0.127583412869,-0.420809647303,-0.237937931387,-0.533327215799,0.162254046699,-0.520033349082,-0.351770071871,-0.347300302991,-0.348395240581,0.353732902262,0.0721952513425,-0.158268223851,-0.439478399994,0.516402441961,0.417748398297,0.056769066364,-0.382050944095,-1.12777753034,-1.26047551664,0.508839341098,0.512764709609,1.27513056294,0.199980837903,0.334374193852,0.683203321995,0.683203321995,-0.683203321995,0.316477410429,0.574283703282,-0.611291647719,-0.609489725495,-0.608253855212,0.0314593752341,0.194578259121,-0.688459748334,0.577595218847,0.62080829424,0.186807985189,0.379887657733,-0.508591427445,-0.410070291764,0.124109426813,0.988339164932,0.100466600544,0.545454132218,-0.932732243053,-0.947305089197,-0.712361189824,-0.93225573299,0.102284876829,-0.913772547039,-0.916644001072,0.297290156875,-0.41897705613,-0.0244408334644,-0.534185983267,0.633810993455,-0.044866944813,0.764296926798,0.145780354343,-0.973484457478,0.751992846782,-0.473045404996,0.609230319175,0.367216762204,-0.541708508048,-0.634192953586,2949940000.0,01030303,0.00571429
73,600725.XSHG,600725,2011-05-31,-0.187636398956,-0.0303518003663,-0.162016255471,0.0172018140314,-0.127673376905,0.857528482911,1.7734659289,-0.291530651095,0.126353367965,-0.243704098257,-0.775268490105,1.36766655313,1.19928776412,-0.852573975947,-0.109016943684,-0.442979445827,-0.17940314877,-0.224274364243,-0.196563041088,-0.622563690328,-0.0394968714769,-0.68299659329,0.481003242823,0.184285941124,0.136528743875,-0.512600711604,0.544508778073,-0.173572588653,-0.10011697124,-0.596046103682,-0.539550955797,-0.585884689313,-0.601187834445,-0.561203841365,-0.506102783151,-0.556137838384,-0.184285941124,0.149872792917,0.345060722158,0.578802430596,-0.106969828414,0.0252639472365,-0.119150587533,-0.636470564956,-0.0862710712729,1.10738081385,-0.393326852756,-0.33916580709,-0.133686338306,-0.179932905003,0.0327210073369,-0.0552689443002,0.116786872483,2.14231322386,-0.551159239483,1.78725003586,-0.588342377083,-0.541533306913,-0.594570138082,-0.60873211855,-0.5391552745,-0.394981790941,-0.555729663877,3.60717808854,-0.0243010932121,-0.232969154596,-0.203496218384,0.282657600087,0.852573975947,-0.259956323269,-0.203496218384,-0.33035286413,-0.307066951421,0.0761501471937,0.0761501471937,0.652493726917,0.106708948742,0.107861953136,0.113014741476,-0.0637485500903,0.0396087457122,-0.218789344517,-1.35460430038,-0.297163491783,-0.271134173187,-0.264014641872,-0.507363594072,-0.293241265867,0.152373419036,-0.0563263219875,0.426888672019,-0.495535307915,-0.46553891119,-0.377397209662,0.0862710712729,0.0999617592983,0.221863643801,-0.406033312246,-0.81177505544,0.248797912192,-0.486718556123,-0.268334130939,-0.22920220943,-0.525463298726,-0.640895772069,-0.590978721681,-0.285880830917,-0.45482006875,-0.415011169434,-0.249750900026,-0.651828077948,-7.73564212149e-17,0.502407716972,0.0714358124014,4.5110256648e-17,-0.261323936756,1.70905748213,-4.34154062156e-17,0.0,-0.334155129487,-0.238840373748,1.40112374592,0.267120512895,0.124531959432,-0.0167596653314,0.166953878693,0.0676190382147,-0.680034621424,-0.744546944125,-0.98726031099,-0.207219770145,-0.0581397845245,0.214804389892,-0.9476158095,-0.531197368123,-0.596397904183,-0.233272508015,-0.0938328341303,0.293281773529,-0.427282526769,-0.548924417466,-0.625807768577,-0.214327342264,-0.514542297617,-0.0734657968944,-0.315412997625,-0.497560658413,-0.459928403251,-0.628556568856,-0.60917223356,-0.353058643443,-0.327766302205,-0.605052984325,-0.709152401035,-0.420664476476,-0.842510952174,-0.176927146337,-0.535580519884,-0.543352476349,-0.444353516601,-0.373404074665,-0.290627916915,-0.353918188779,-0.351651855882,-0.338510040478,-0.403193826186,-0.419194089268,-0.579842337605,-0.352258775149,-0.636273608035,-0.452950912312,-0.388366648183,-0.380642172425,-0.263180366488,-0.393760444128,0.128494452531,-0.300535830433,-1.20091345344,-0.328632563089,-0.35798103017,-0.338056013701,-0.517319833496,-0.539487874308,-0.403296367821,-0.272792297468,-0.265460918166,-0.269811502427,-0.0285607706461,-0.132810943056,-0.269047711064,-0.188020895843,0.433420212465,0.39192722073,-0.927658300243,-0.0921996088698,0.8439678405,1.04454339913,-1.0190613978,0.512764709609,-1.17533773627,-0.191109262966,-0.115038077878,-0.418660005309,-0.418660005309,0.418660005309,0.10184276391,0.312828540492,-0.372047867188,-0.370768436625,-0.367653562346,-0.348125301992,-0.344994558408,-0.455011752794,0.319987325443,0.100999009563,-0.178281099652,0.00543364382793,0.319968288641,-0.305242514001,0.384679772516,0.13718460414,-0.855847809193,-0.665633469012,-0.594170171614,-0.579942056199,-0.230823020701,-0.5972603813,0.0603295739648,-0.604045327929,-0.603351437074,0.217768098452,-0.725004898775,-0.34846427677,-0.619043595843,-0.558187908226,-1.32810154262,0.313290776244,-0.06265595843,-0.344080455275,-0.372738748451,-0.361135671529,-0.134479597679,-0.461096926913,0.598849922907,-0.23783307816,5496816200.0,01030303,0.03363229
94,600985.XSHG,600985,2011-05-31,-0.249395148107,0.118845807198,-0.0216683169773,1.40262982532,-0.168022845943,-1.16458286008,-0.574314040514,-0.291530651095,0.171611136121,0.696752487045,-0.713129777145,0.771359418485,0.66813013984,1.64390751528,-0.730234441485,3.92893242607,-1.23438392927,-1.57505749506,-0.862091447923,0.982097211889,1.0216405889,-0.0452309135202,-0.11769275497,-0.987768636028,-0.0170888174758,0.0708692376916,-0.597811793905,-0.0199281726732,-0.0604378487776,0.408638309809,0.698910341265,0.450329721135,0.399320392108,0.594478662663,0.150134171262,1.99035159508,0.987768636028,0.0450233848809,0.241268012394,0.462026751762,-0.164062207349,0.131834186858,-0.130039787237,0.904245278977,1.51983583486,0.0793978150518,-0.157845855783,0.121956298624,-0.137577132377,0.0777839195534,-0.104529939233,-1.19996751367,-1.14775238568,-0.736740661475,0.220264526661,-0.938319017293,0.411213129178,0.734393327225,0.425599146192,0.369596630872,0.64406077963,-0.11937153617,0.613630442371,-0.737464369347,-0.0340581370105,-0.218772428821,0.243213864486,0.154037137062,-1.64390751528,-0.230741686735,0.243213864486,0.10631820315,-0.289032669026,1.2334852345,1.2334852345,-0.509421771096,0.102967396174,0.30162021108,0.12763512292,0.0117967053439,0.0352757937819,-0.125050065247,-0.707440192448,1.82785210943,-0.12774173295,-0.0454585023767,0.256875880229,0.506682449547,0.994268570433,0.398203730342,0.430610518832,0.353637944154,-0.13439362063,-0.185591289511,-1.51983583486,0.46215200926,0.467414996787,0.316328278145,-0.686050956923,-0.0425545988061,-0.00277856989175,0.715557682503,-0.225272890208,-0.456267361901,0.935825510911,-0.463956566015,1.10711850858,-0.352157823807,0.538216150861,-0.180253062699,-0.165721614435,-1.70151347227,-1.55264880345,-3.72480450954e-16,4.5110256648e-17,4.92669936463e-17,2.37877774227e-16,-4.34154062156e-17,0.0,1.18817628437e-16,0.0,-0.661454794088,0.434891683563,0.124809001497,-0.0343828795205,0.040145830166,0.0676190382147,-0.169769835875,-0.879991017083,-0.629473355138,1.24104282831,-0.737976422905,0.182541852152,-0.813282555808,0.0142257299377,-0.130943255348,0.42518258457,0.147837001342,1.43946796748,-0.478289068421,0.468063335734,0.387167634584,0.526650599192,0.180976258095,1.58710049779,-0.392033245226,-0.301225334625,-0.526758133849,-0.213187096876,0.214119018702,0.0313736457459,0.32980072112,-0.306688946753,-0.136950127352,0.627099056253,-0.827791946487,-0.165415370049,-0.0936237257257,-0.122527233694,0.106785142356,-0.0166757863801,-0.475920596,-0.768663773221,-0.768291317315,-0.762033766466,-0.60948890232,-0.599794631379,-0.752394395958,-0.554238864294,-3.68014743773e-05,0.0671392585349,-0.803210639718,-0.826146659496,-0.886119401887,-0.720736963977,0.184982603685,-1.05577711356,-0.887731915501,0.148924649639,0.0750232430474,-0.666614375207,-0.86381767262,0.401415443418,-0.610119286926,-0.703302851912,-0.700473088042,-0.702764248482,-0.246396652259,0.108245110219,0.1187215608,-0.362984385207,-1.19488914443,-0.797340076337,-0.213471100294,-0.674956637068,0.442755784342,0.426865973964,-1.0190613978,0.512764709609,-1.17533773627,-1.00053658284,-0.92863728898,-0.11834545154,-0.11834545154,0.11834545154,-0.435191007901,-0.353677776481,-0.798313960789,-0.79856073804,-0.797676061724,-0.225678631919,-0.603989510821,-0.76190816485,-0.294226536103,-0.535554327575,0.252285918884,-0.649291224298,1.74776224614,-0.0671496357831,0.144009121106,0.146128434901,-0.492337017438,-0.432013423405,0.415581681126,0.477953997577,0.410255908607,0.413467870473,-0.496277444035,0.391971473953,0.418070505328,-0.483897122931,-0.138875083417,-0.376339201322,0.190152346198,-0.0551636829532,-1.28076614008,-0.0156784159245,0.179393221609,0.0653376820808,-0.429305110308,-0.249402117112,-0.0404034714444,-0.612643040461,-0.0426340090138,0.109772459784,1616760000.0,01030303,0.05811623
123,600378.XSHG,600378,2011-05-31,0.0593295273867,-0.117778010471,-0.0692128954899,0.916688720895,-0.161552064651,-0.997733689924,-0.579978892845,-0.291530651095,0.224349082367,0.370773016971,0.808303803536,-0.719408418119,-0.849463072376,1.76884414536,-0.865188817821,1.37728096377,-0.365576227682,-0.656828512875,-0.212040445899,-1.6543610076,-1.9126660058,1.54199198475,-0.075550219901,-0.681326869875,0.301963040715,-0.430228483468,0.362697996346,-0.120053775375,-0.0401009470468,0.16639378599,0.356876667794,0.176172840184,0.175069432984,0.282650871294,-0.414985126767,1.55296499162,0.681326869875,0.0450634925269,-0.196548508793,0.143210612724,-0.162940304706,0.0329386475237,-0.13019292397,0.546830287025,0.833614573125,-0.392807613983,1.25504012605,-1.05378435835,-0.123918321605,-0.546709069813,-0.0323210997832,-0.434777164936,-0.302452791679,-0.736740661475,0.219564743224,-0.960416359502,0.174367740199,0.525924053325,0.13787719333,0.156806958045,0.28539023453,-0.150835104431,0.665106415332,1.03832140577e-15,-0.142779482192,-0.203132720754,0.0954751108218,0.343774015213,-1.76884414536,-0.211497875545,0.0954751108218,0.037142588531,-0.275113004459,0.640879311782,0.640879311782,-0.701417250261,0.114781602809,0.230639756678,0.154704162483,0.056986889067,0.104899653583,0.0115063379594,2.52993416258,0.563028371174,0.130816289209,0.0251666256698,0.00988513677802,0.142294122453,0.378052537566,0.135469596048,0.250100948416,0.874590355884,0.478533687364,0.0412288657273,-0.833614573125,0.678235788962,-0.110158290166,0.422557923791,-0.0547716465443,-0.00917045692085,-0.287449150028,0.270537759304,-0.207422885483,-0.244066488968,0.0928260130802,-0.395152898363,0.0802279698488,-0.146833333921,-0.172150705664,-0.0258048757957,-1.17800783415,-7.73564212149e-17,-1.05660067783,-3.72480450954e-16,4.5110256648e-17,-0.178119381421,-1.21925103629,-1.5253053178,-1.9523650862,1.18817628437e-16,-0.339654493182,-1.23230279335,0.163262169148,0.129609056403,-0.0805032060155,-0.425972563845,-0.527428498075,0.0811061774328,-1.41435248741,-0.779270664179,0.0824327495466,-0.316381870602,0.542134720707,0.489920047096,0.140305965273,0.185605351168,0.360544038677,0.426409207956,0.953676296565,-0.233938006686,0.241585289661,0.0526260597106,0.326819381935,0.0787127723668,0.598425170498,-0.514116583545,0.734014206828,0.774567244241,0.492922963597,0.133568757531,-0.0805784927669,-0.197728386627,-0.00332634932927,0.648312326945,-0.933878967054,2.70398639337,0.278427560174,0.0594527073213,-0.0158397575806,0.130651579121,0.180259452862,-0.508309153727,-0.335250975264,-0.339939871414,-0.342735682568,-0.448600071548,-0.380058035267,-0.713153730248,-0.452142293173,-0.0404295519315,0.0925084982342,-0.509915483296,-0.532868678951,-0.586305118368,-0.425542734902,0.342198728544,0.333295094475,2.04578510571,0.192152518089,0.1719090758,-0.560607848352,-0.795920947084,0.31503478705,-0.449108533719,-0.125971205425,-0.131396313411,-0.128666169166,0.267098477159,-0.0515988761428,0.279994737999,-0.00729324170397,0.0540631567524,0.0525091356624,1.24447966492,-0.527577863233,-1.27744345031,-0.395208389917,-0.839308369691,0.190738563478,-1.17533773627,-0.562703581029,-0.370015506658,0.517781830203,0.517781830203,-0.517781830203,0.182867342971,0.423176536955,-0.270508707912,-0.270446852909,-0.269063669254,0.166150712314,-0.1939141695,0.0365404190908,0.370018610526,0.190474378237,0.0214596677795,0.157341965899,0.578214571221,-0.61455260885,0.256946865065,0.152090988742,0.886704675985,0.519704535074,0.165849584511,0.190699203647,-0.00879893407247,0.16485954885,-0.568999968999,0.189319004562,0.19507194299,-0.416069484864,-0.216606417677,-0.162176058036,-0.127043209253,-0.0942627434232,-0.154619663175,0.0796519037416,0.315671476936,0.43198079016,-0.486193377844,-0.0804087410855,0.718562033447,0.0796943412949,1.24033385483,-1.59479832788,3663582763.2,01030303,-0.0619469
134,600538.XSHG,600538,2011-05-31,-0.121457153025,-0.077186437985,-0.0416690411112,1.08121048428,-0.164129376146,-1.09078800695,-0.550810929777,-0.291530651095,0.0269584835611,-0.24606851534,0.211617777222,-0.719408418119,-0.925342732987,-0.671359584564,-0.354285337688,-0.841835251784,-0.388142661489,-0.618885166504,-0.301035523557,-1.28149967176,-0.515546007837,-1.00167396743,0.312502846089,0.042188353025,-0.607925591903,-0.752853043667,-0.514910651294,-0.1808795853,-0.117945546973,-1.05046400086,-1.12910353335,-1.05458349353,-1.04141076991,-1.08984912706,-0.744906974256,-0.433609720039,-0.042188353025,0.123241316008,-0.407908208676,-0.694608543354,-0.0720661906381,0.201392914109,-0.121207331657,-0.653832267469,-0.0936570144031,-1.00978008461,-0.69945214882,1.19629837738,-0.135339676244,-0.0826007796929,-0.0364593528727,-1.11512305813,-1.05402540136,-0.736740661475,0.217340431586,-0.919674384804,-1.06779832583,-1.13181065681,-1.04101938568,-1.03883489392,-1.0796782539,-0.364766728797,-0.888410459794,-0.732788185451,-0.292619797667,-0.105331820985,-0.324781749264,0.116308847277,0.671359584564,-0.109092886431,-0.324781749264,0.869411701911,-0.0308622865899,-1.31948625956,-1.31948625956,0.600723517357,-8.03489653471,0.0448571638276,0.182573222918,-0.407777113021,1.24550421247,-0.0870554711428,-0.707440192448,-0.418154899934,-0.111934692294,-0.088406215378,0.68821478727,-0.446111302827,-1.16328782516,-0.395253355227,-0.852030938996,-0.510630496523,-0.371954372554,-0.997097679195,0.0936570144031,0.398326551199,0.169388093337,-0.115672280814,-0.698585383663,-1.71479661506,-0.648650733954,-0.475305687399,-0.112226723921,-0.317875488249,-0.000840597789859,-0.432201027099,-0.294810313862,-0.266605953021,-0.317866983926,-0.312309147586,-2.57914737496e-15,-7.73564212149e-17,3.93374321702e-17,-3.72480450954e-16,4.5110256648e-17,4.92669936463e-17,2.37877774227e-16,-4.34154062156e-17,0.0,1.18817628437e-16,0.0,-0.874392473936,-1.09502161086,0.118882710371,0.12310116217,-0.705442729046,0.0676190382147,0.211301314079,-0.516664762979,0.337574587644,1.03583538572,-0.344759806505,0.388215530242,-0.712617636586,-0.86127542423,-0.823454965399,0.18494501302,-0.188184964088,-0.293277545516,-0.152070575906,-1.02090430034,-1.04729735907,-0.331982272012,-0.0283181928778,-0.549400083079,0.171869040541,-0.170020687677,-0.175976157077,0.0303513901482,0.0653125761265,-0.18706033471,-0.832300051728,-0.728092535085,-0.7334031533,-0.892987743209,0.126491809168,0.00342401551137,-0.896201179469,-0.678879115054,-0.177708515107,0.572701385569,0.180889225799,0.016078278113,0.0148778881084,0.0187457951564,-0.590416181703,-0.558133144404,-0.716201526339,-0.49260002331,0.0803348803533,0.077449059324,-0.572998442317,-0.58826953107,-0.63986207115,-0.533047793986,0.0395735614202,0.139468618411,-0.613011268188,-0.284409682307,-0.303897230682,-0.470414944774,-0.666017394721,-0.0308914863481,-0.590784138001,0.141393750031,0.13874550296,0.142016773881,-0.47734087021,0.421458645744,0.123649555123,0.331902080651,0.497315508485,0.521530818231,-0.098699845797,-0.123765313938,0.153536823887,0.327763160248,-0.210172771323,0.512764709609,0.121969010368,0.105555480216,0.239136049221,-0.334174350702,-0.334174350702,0.334174350702,0.432737843961,0.055128965169,0.59538563759,0.595266378125,0.594831991782,0.0437040422414,-0.38816038381,0.461826338437,0.00170319268366,0.317444187117,0.702694735508,0.485463941572,-0.673258384519,0.118002736466,-0.940544157397,0.581394865289,0.28295193777,0.138599790648,-1.05160492335,-1.05815486501,-1.23055624379,-1.04991148021,0.0575325537739,-1.0331408078,-1.02191551811,-0.233636527304,-1.16001423356,-0.678864875924,-0.869493338616,-0.484161501675,-0.251834405433,0.87200780746,0.257031637847,-0.808495058842,-0.623811480373,1.80815747161,-0.426878368408,0.0153391423911,-0.684117940935,0.0908346978446,1770229440.0,01030303,0.05678233
150,600589.XSHG,600589,2011-05-31,-0.612580779161,-0.205784087854,-0.169902255273,1.25397676008,-0.166378143607,-0.152964626922,-0.564792267446,-0.291530651095,0.159126234561,-0.177306615232,-0.405523850254,-0.197639675307,-0.267719007694,0.275232360487,-0.682289244944,0.338181165373,-0.506616438979,0.238634461485,-0.537065946911,-0.288988510566,-0.238958800119,0.111128520212,-0.0703543260448,-0.642245022654,0.66828184086,-0.272348379541,-0.716160321633,-0.102477486143,-0.0971761752429,-0.562184329867,-0.568768551683,-0.53300859231,-0.582885124585,-0.536951707301,-0.259705454014,0.350815157544,0.642245022654,0.0364804562941,0.0110369107352,0.510219889059,-0.123798368057,-0.0515262933836,-0.125678924266,-0.320025256271,-0.0258406274803,-0.349879847707,0.454404736346,-0.29812352543,-0.122593007255,-0.579673068229,0.0602313651126,-0.0702359926861,0.100252895095,-0.67852307145,0.22623767814,-0.903101378147,-0.566363720101,-0.570612937573,-0.487493243557,-0.592334685834,-0.523952284301,-0.963074332908,-0.34560676903,-0.722968199269,-0.180181483419,-0.191233666782,0.0380766085535,0.264476320168,-0.275232360487,-0.199445359501,0.0380766085535,-0.656775295612,-0.232522332687,0.524876027974,0.524876027974,-0.340397179618,0.123411360338,0.143203933774,0.119921588341,0.0390588040494,0.0507166278516,-0.125013914349,-1.35460430038,0.0471509575417,-0.466464032722,-0.898686400668,-0.0366493511185,-0.03172774352,0.710969251427,-0.00377949512858,0.417584054988,-0.823388719729,0.255713357277,0.235609361987,0.0258406274803,0.647092041353,0.144177013658,-0.39895133587,0.0838667098264,-0.593609720055,-0.497238990606,0.0896707234786,-0.200619020046,-0.313262425794,0.170881522139,0.282298598521,0.303465043486,-0.400066871447,0.14963940883,-1.13496597096,-0.165721614435,-7.73564212149e-17,3.93374321702e-17,-3.72480450954e-16,4.5110256648e-17,-0.261323936756,2.37877774227e-16,-4.34154062156e-17,0.0,1.18817628437e-16,0.0,-0.518815718134,0.107338445592,0.125013771719,-0.0242589054119,-0.214183035684,-1.12247603436,0.00348984597047,1.16501675602,0.272827618421,-0.703556044967,-0.0559303800102,-0.43313490971,-0.703775447735,-0.324677942643,-0.476336244234,-0.367900785036,-0.905731069601,0.162192224013,-0.43528536414,-0.599295471808,-0.392351017162,-0.0836000344189,-0.0631480960922,-0.571629886221,0.00231656142916,-0.896685417843,-1.04483511686,-0.497928756086,-0.286311841583,-0.562000579687,-0.0889319460192,-0.420906039374,-0.382922043183,0.387677977507,-1.0582902705,-0.398209068322,-0.201691118011,-0.347925764284,-0.352771694391,-0.298031278437,0.152266779436,0.0835123845099,0.0832815666126,0.104058029292,0.152732162879,-0.392184355222,0.739146718701,-0.449393495863,-0.793831959767,-1.15013031722,-0.0161541629399,0.0732968904839,0.42170057316,-0.239258279809,-1.45083584471,-1.49357846569,-0.817303531371,-0.708571213249,-0.356716448232,-0.158643583795,1.33059949433,-0.853626873458,0.152915582703,0.136630148026,0.156156498998,0.138509424275,-1.30138810203,-0.163777526332,-0.588737653938,-1.24891843552,0.417157192498,0.436163656007,-0.777146927294,-0.0516151309249,0.509929725306,-0.426018530188,-0.0304197432178,0.512764709609,0.410259398511,-0.146245473617,-0.29503584267,-1.36149151218,-1.36149151218,1.36149151218,-0.0769300104197,-0.840799562668,-0.00410948251667,-0.003495815382,0.0028932219457,-0.825667315276,-0.94931611404,-0.941860658591,-0.90418241594,-0.481869106371,0.205326996739,-0.195085341306,-0.293471233152,1.48680445515,0.27668704277,0.125259496458,-0.466059128877,-0.434636563239,-0.553860346258,-0.527137375279,-0.442016664079,-0.555811545502,0.597357450628,-0.60974189854,-0.583638762191,0.365117794942,-0.964442242834,-0.47925525807,-0.807821708878,-0.299134619578,-0.272458467576,0.0559519726929,-0.421071423513,-0.704612844886,-0.366903351877,-0.368695737363,-0.466288637506,-0.863835913602,-1.25439715641,-0.0520432553152,5409552700.0,01030303,0.04671858
159,600618.XSHG,600618,2011-05-31,-0.231307728012,0.0483082316192,-0.129215067892,-0.2429828029,-0.095030569733,0.345928290416,-0.0830387617357,-0.291530651095,0.142981965302,-0.131917559411,0.273370535443,-0.719408418119,-0.900049512784,-0.656164589013,0.841005773849,-0.40276750747,1.90235036997,2.50005790521,1.18866468942,1.21067121087,0.150213585099,1.51076119115,0.0624722491129,-0.195709865696,3.52793182909,0.0550812272989,-0.17473010058,-0.222746701223,-0.0829695357563,0.809344427833,-0.251726937981,0.598813956872,0.896863309578,0.0587626843594,0.119192133781,-0.292508488807,0.195709865696,0.152431660729,-0.264485555184,-0.255309561074,-0.130779095612,0.142449054016,-0.121247382803,-0.268382798373,0.0748767788406,0.330570915602,1.98503121667,-0.131540146926,-0.146126051889,1.39918169184,0.00752379264517,1.18877340873,1.04341296776,-0.736740661475,-0.182010980437,0.292226726998,0.812053112567,-0.450752893206,0.590565205099,0.942889944594,-0.159613957767,3.56973336008,1.09183926684,-0.501317082593,-0.0881864990348,-0.0518193776995,-0.197506809452,2.38094517369,0.656164589013,-0.039096036631,-0.197506809452,-0.351970243699,0.22936540476,-0.106397656009,-0.106397656009,-0.477536807592,0.107820574775,0.152484168623,0.161867682712,0.107614010231,0.119832735462,-0.117317388103,0.587664931102,-0.219077681218,2.55719702991,3.34931961197,1.00679705056,-0.163445951467,-0.48945159182,0.151233644105,-0.18535512867,1.77891616065,2.76089946847,2.08544229659,-0.0748767788406,-0.51791481362,0.228993474027,-0.186492044578,1.00381766635,-0.56542830158,0.355328768598,-0.298789405012,-0.0558832999163,1.51812336886,-0.0632850050366,1.70071267012,-0.687707563464,1.02351625843,0.66571789434,3.54708946214,-2.57914737496e-15,-7.73564212149e-17,3.93374321702e-17,-3.72480450954e-16,4.5110256648e-17,4.92669936463e-17,2.37877774227e-16,-4.34154062156e-17,0.0,1.18817628437e-16,0.0,-1.08499659017,-0.0524436217114,0.127236130891,0.433944663506,0.300468433619,0.0676190382147,2.32647153406,-1.11528801974,-0.799893772894,-0.857092548779,-0.525615347455,-0.203264328316,2.16959584453,2.38882088224,3.01186175701,1.33193738681,2.02125812601,0.389285860107,4.30142024731,0.306799282452,0.814506938666,1.47235330292,2.34139915484,0.0368945440592,2.15224489397,1.53056952133,2.02536684277,0.748639728115,0.947958821315,4.18986970525,1.48744718729,2.98821175096,2.18708029805,1.59367276772,0.766102053124,1.7621676151,1.41118615281,4.01288670364,2.56166103755,-0.186128525914,2.86763307254,-0.0305399576617,-0.0426033675165,-0.0851086196044,2.70566618936,3.14633714879,1.59170422783,2.07195779019,1.58072376454,0.53009574677,2.76180900003,2.84631658676,2.8246298172,2.36254489982,-1.95839406778,0.577444245354,1.37097129749,-0.139615010545,-0.137781159098,1.16295334206,1.10894093778,1.43848787974,2.71454871913,-0.0254449106433,-0.0636466562835,-0.0259161001345,2.89506404469,1.26782884698,0.753209955885,1.38885977019,0.608843080559,0.423402380124,1.86389463717,-1.97547571091,0.309824644818,1.22438425863,2.30636962215,-2.70749675171,1.27513056294,3.94857358251,3.84398132314,1.43860446906,1.43860446906,-1.43860446906,1.86399321183,2.66426812878,0.234973681604,0.226272791411,0.196476900222,1.6477554202,3.5399297278,0.826722321227,2.74384341338,1.47721539441,-0.109496199609,1.9179594187,1.80937969078,-0.655938516383,-0.458365392491,-1.27146874078,2.30014485547,3.86956116978,0.767411771199,0.484179075321,0.624781996062,0.767908773245,-1.98149516543,0.969610659816,0.916463199274,-1.38670637444,2.66774398376,2.16536725372,1.39714983591,3.03990009862,2.6661523956,0.371656278081,2.46287605216,3.13902907148,-0.632859084685,6.36557595959,1.98731843861,3.76870042039,0.598849922907,-2.2480270305,20780507568.7,01030303,-0.10795771
196,601678.XSHG,601678,2011-05-31,-0.243259721873,0.090083699801,-0.141444082076,0.793792466742,-0.159266131576,0.128845673161,-0.562622749532,-0.291530651095,0.128344494507,-0.310334146896,0.0143949056518,0.0259755001832,-1.09691857176e-16,-0.528976848477,0.531765933764,0.457767973354,-1.56723882793,-1.75718555764,-1.1368153833,-1.25042789378,-1.29655027066,0.487747235102,-0.106115327049,-0.859900848712,1.74360477032,1.07306468001,-0.657843655796,-0.0165709039436,0.0,0.904736141473,0.905112892205,1.00170174023,0.808582668843,1.03009481156,1.24620364618,0.0369091397497,0.859900848712,0.0638499138887,0.318640759673,0.0,-0.145488485818,-6.83876099145,-0.120260239861,-0.348502383056,0.573092215442,0.437890331292,0.666337633621,-0.58300524519,-0.149818012615,3.20923221373,-0.146928648592,0.605058521677,-0.315163286797,-0.655236035441,0.230386394229,-0.885837829545,0.952158597503,0.771694983201,1.03598013127,0.807838152886,1.14312560484,-0.326761150363,0.440878814354,-0.723903436048,-0.0224426086791,-0.165526382266,0.217758876524,0.0931767963005,0.528976848477,-0.175387638566,0.217758876524,-0.373587623267,-0.0611966499382,1.07341868784,1.07341868784,-0.0164048085282,0.104115154662,0.165648463424,0.124405038648,0.134860766117,0.0297580391559,-0.142001221456,-0.0594991768265,0.224062265039,-1.01632323268,-1.02752953967,-0.999555292977,0.589366872053,-5.55306191422e-17,0.431045497129,-8.07046879998e-18,-0.95041947782,0.551550195531,-0.469567034378,-0.573092215442,-0.292603256849,0.0,-0.0944263516851,-0.58121756964,-0.336074911226,0.247649027416,0.578819717274,-0.167329920325,0.42021450456,2.87940768646,0.726876143351,2.67870750699,0.256971496188,2.0803800958,-0.339398167067,0.218168914098,0.271724156757,-0.489688534264,0.763908976547,-0.137729174112,1.40276716995,-0.699238979938,0.266647767572,1.29042035221,-0.257086339902,-0.26688084253,-0.788342315641,-0.102375517744,0.120930412589,0.0781057216867,0.0,0.960190342649,0.117660965799,-0.730705943968,-0.93658181903,-0.610843617666,-0.797056473487,-2.11549182558,-0.630317263438,0.999668849318,0.933587027314,-1.14632143562,-1.13685078898,-0.447864278437,-0.757859332606,0.837274583273,1.18679098379,-0.343423468436,-0.526272677466,-0.0975571044209,0.267883788316,-0.423580401281,-0.6116440785,-0.228166378193,-0.777910195399,-1.07256459192,1.65183894312,0.358119513576,0.983781066612,2.32556641191,-0.636183864223,-1.02112407414,1.54009021778,0.166909920777,-0.954432079374,-1.23311652839,1.16459751395,-0.817051103279,-0.8127077026,-0.803037494245,0.0351283133733,-0.141656945076,-0.186297122606,-0.15828094133,-0.263537961798,-0.175520251922,-0.283256000039,-0.284196225572,-0.245271471193,-0.275703968628,0.0865098846222,0.31372699216,-0.222907949005,-0.16502609473,-0.346202772815,-0.288504849423,-0.446554173624,-0.321921641681,0.036556485437,-0.770382880353,-0.755120039163,-0.766867611369,-1.0102623179,-2.56485024071,-0.450297517105,-0.4603693131,-1.19849558819,-1.08812197267,0.150648695765,1.91506658268,0.0211222865655,-0.52884449731,0.149333284887,0.512764709609,0.698549786654,-0.787022527774,-1.51310609833,-0.45699803345,-0.45699803345,0.45699803345,-1.92860099216,-1.49824828634,-0.83262106271,-0.826507414635,-0.816511678941,-1.42565599863,-0.906150288638,-0.754825599448,-1.32359361429,-2.32506170106,-2.44223026163,-2.44029034152,1.47771904968,1.72093221648,1.86020820701,0.52624124226,-1.3607847373,-1.31558327967,0.931584535449,1.03065077951,2.55843267173,0.905281089683,1.12040022634,0.707048967588,0.707052485941,1.26091039424,-0.629769842423,-0.590574519371,-0.250643519536,-0.656411040919,-0.506864107787,-2.68987959097,-2.16272944803,0.603080907264,2.18869898888,-0.509550983258,-1.43501847792,-0.951026828245,0.598849922907,-0.0588957181519,11134200000.0,01030303,0.04623592
209,600141.XSHG,600141,2011-05-31,-0.234644389376,0.0584878362324,-0.173102371134,-0.0747152208537,-0.119055909707,0.429650702254,1.62931351638,-0.291530651095,0.131196648743,-0.29719418966,0.545854581095,0.249590675674,0.845182681265,-1.28141051705,1.06230156958,-0.309988658393,-0.546107698142,-0.413991096099,-0.359075791595,-0.329346107261,-0.597103774215,0.00654645481168,0.312363359005,0.0872827921254,0.195612421318,0.173834522861,-0.470887285908,-0.181867017279,-0.0776825900113,1.22915596447,1.5686484675,1.27794759467,1.2019369828,1.45570268542,0.250553421734,-0.512188274558,-0.0872827921254,0.185352016522,0.0770868169488,0.582509595003,-0.120432660128,0.0712581017745,-0.118860805715,-0.407276418473,-0.0265120768558,2.42489789583,0.407308536951,0.730347767942,-0.143451878638,0.78352170091,-0.0436327705868,0.175597777053,0.35570284575,2.72604159317,-3.53021230674,2.31551462306,1.23877719122,1.56230856464,1.23865787781,1.2129421254,1.50838077837,-0.322863868706,-0.538681306956,1.37991169882,0.901688825367,-0.19407523191,-0.1770429956,0.234600977578,1.28141051705,-0.207795777879,-0.1770429956,-0.267662463382,-0.048633933804,0.230821192272,0.230821192272,0.831803790494,0.103545515451,0.154648568444,0.129168496259,-0.0201372820119,0.0445508004259,-0.197492850334,-0.0594991768265,-0.225852249258,-0.0916113543075,-0.300281599517,-0.306907338518,-0.131718207947,0.51249967201,0.309530960018,0.711609953191,-0.68862665307,-0.0634339155098,0.698518146458,0.0265120768558,0.648245513487,-0.192065779803,0.316328278145,0.0663944786126,2.00688486472,0.102425774941,-0.199343612119,-0.185910152516,-0.271744863698,0.295770336632,-0.0881826888372,0.419548321778,-0.187898231898,0.228569059555,-0.298878117833,0.197841881573,-0.345144857215,-0.489688534264,-0.143284548574,-0.503739590823,1.06994894861,0.161234204375,1.0155890536,1.4094216527,-0.301674132939,-0.294921311312,0.0275298631751,0.191224030926,0.125182406019,-0.00476088120261,-0.103639075139,0.662666574504,-0.0520934623671,-0.336237439512,-0.650096463854,-0.744892795994,-0.519962715126,-0.168985381968,-0.749346728735,0.628992957432,0.336237125764,-0.172240708118,-0.164612288391,-0.293552366375,-0.54693040386,1.33160103031,1.15157452623,-0.694365592407,-0.702817834493,-0.486570927295,-0.430259867443,-0.643318086418,-0.624766288786,-0.590988838026,-0.13216193864,-0.386699167906,1.19530034805,0.0721269116382,0.182351444138,0.594504602464,-0.295064615264,0.0264475680878,0.703470393102,0.0186626846742,-0.55756557642,0.110940969688,-0.340340586913,-0.157652382047,-0.155360373497,-0.152026694201,0.041995823943,-0.115998024015,-0.055145264627,-0.157141637182,-0.376567570052,-0.253657754171,-0.349189796604,-0.348197760499,-0.288929787357,-0.322540242293,0.115742157243,-0.384914434618,-0.428948434489,-0.175241620946,0.0172347893583,-0.418953115068,-0.359382656982,-0.191442449293,0.0425946438221,-0.182289442378,-0.174870489722,-0.178906738317,-0.150550963782,-1.02338542444,-0.252684944726,-1.19131360879,-0.25558066065,-0.0470726146754,-0.757485640396,-0.163051088589,0.163438366105,-0.294411332235,-1.0190613978,0.512764709609,-1.17533773627,-1.14170484147,-1.19036754464,-0.963911961088,-0.963911961088,0.963911961088,-0.515052982627,-0.480594541182,-0.0796964110988,-0.0782028982964,-0.0761902117421,-0.127721295861,-0.38816038381,-0.695608712786,-0.440062409642,-0.810797604544,-1.18426026277,-0.698661428971,-0.329208942849,-0.431165952715,-0.449233067856,-0.301063103168,-1.04690995727,-0.871897913496,1.23796281073,1.31081265643,0.568130446754,1.23090937713,0.200180583512,1.18563015812,1.15685832587,0.149940460385,-0.193607475497,-0.309830157185,0.050861654625,-0.34644405227,-1.19618022883,-0.972165185413,-0.897679959906,-0.667948534078,-0.53558877701,0.215946864567,-0.267965993012,-0.481856668495,-0.684117940935,0.551802595904,7035490519.75,01030303,0.08925106
210,600143.XSHG,600143,2011-05-31,-0.0253525063799,-0.105360049125,-0.142015531337,1.26622158412,-0.166522841733,0.663080699528,0.12439125661,1.92211378122,0.104720047158,-0.16145339249,0.719920168332,0.473205851164,1.04752844289,1.86170245151,-0.469941438537,1.02598014578,-0.0214381121171,-0.087678317307,-0.0495276953924,0.154587906205,0.695409523389,-0.582934774331,0.11216452257,-0.126164219616,-0.537025178972,1.30645265973,0.0402411381905,-0.120251261771,-0.0866022837529,0.566253782729,0.610806107441,0.561028604368,0.56649084394,0.606502255889,1.5015229125,0.940732600173,0.126164219616,0.204146459413,0.326189320383,0.350811819539,-0.135889985429,-0.0114449008978,-0.13110467652,2.71419047009,0.0507046013236,0.098121628002,-0.0872015566914,0.488922581705,-0.11717650347,-0.690668150693,0.0430298704451,1.23348746578,1.54046566301,-0.0598641481259,0.289605567568,0.578801633778,0.574869590404,0.68109253541,0.541738666565,0.559152323801,0.611571056057,0.106512966048,0.123481563643,-0.285277386592,0.011242423482,0.0082863846716,0.0420695478417,0.0899900930909,-1.86170245151,0.0146139489966,0.0420695478417,-0.248206821771,0.586374160126,0.4673240112,0.4673240112,0.341529620485,0.102516846584,0.101754194737,0.145225581854,0.336625821411,0.0259245600728,-0.174197211475,-1.35460430038,0.28735099278,-0.51388515469,0.0843390302493,-0.0348595631225,0.44130406896,0.856620313741,1.35455597917,0.739523804286,-1.12892084859,1.17064791267,0.478649346715,-0.0507046013236,-0.475620835386,1.91294529614,-0.533508887021,-0.365853328373,-0.422353407786,0.716324069495,0.0803476803948,-0.00159146736341,-0.816086233395,-1.3512009045,-0.977337778497,-1.34848930143,-0.636190034816,-1.31359488538,-0.113065216312,-0.149459988416,0.129769961975,-2.11956094701,-0.497573144183,-0.136428959488,-0.87149067588,-0.286357549118,0.0470334055029,1.4094216527,-0.338890826678,-0.25101043058,-0.644244762429,-0.320078584444,0.119719859219,0.0424843313044,0.381367691967,0.662666574504,1.15822055792,0.00237274288395,1.32892262752,-0.521674340452,1.68596987771,-0.0117055104875,-0.234119186094,-0.110593703044,-0.29883235273,-0.0197437156392,0.119027659578,0.0231328695991,-0.083328470216,0.629509958984,0.465533115871,-0.2008916956,0.189036868837,-0.52332935656,-0.341215992773,-0.873736085499,-0.570722808271,-0.904331407452,-0.0191525596066,-0.0247778688775,0.103299226549,-0.122741944196,-0.721855176031,0.657323004313,-2.05038294767,-0.451930691,-0.154031798707,-0.251083682046,-0.140895662172,-0.36734976161,-0.167852686464,0.466326666253,0.468612589742,0.466064027066,-0.333697342022,-0.44372135098,-0.382010335743,-0.393860330482,-0.126856390942,-0.0702805034984,-0.570532049992,-0.580558434182,-0.587482093439,-0.523449013729,0.080770817426,-0.388975366622,0.403954618954,-0.326181313926,-0.163987933082,-0.484820012558,-0.504965039169,0.111596231866,-0.333851430831,0.981928969607,0.976488231585,0.983362818748,0.284149811566,0.129146230161,0.0125689127019,-1.1502246874,0.204002757158,0.232680035414,-0.554865826098,-0.787198271775,-0.122007832809,-0.12413981365,0.149333284887,0.673777782675,0.842694980725,-0.0647390081503,-0.0682340019103,0.348100557506,0.348100557506,-0.348100557506,-0.882078228175,0.22203169055,1.07963002898,1.0795519765,1.07896768788,0.0926827102706,0.259326997225,-0.133585015156,0.306148884889,-0.291840466235,-0.0162397485899,-0.558146231056,-0.76765410545,-0.194002398768,-0.958968323255,-0.736329533556,-0.60274064646,-0.0516581475027,0.56473309264,0.563936840844,-0.421188888598,0.571505319594,0.0099832105277,0.565309979683,0.562115429884,-0.0137814246046,-0.550584685024,0.0693554264399,-0.803174230278,-0.30971261582,0.615466463347,0.323902685669,-0.182127780124,-1.56622414887,0.730699128534,-0.49513191286,0.00536329266962,0.117061876142,-0.0426340090138,0.0577541658819,21799365000.0,01030303,0.05445227
227,600249.XSHG,600249,2011-05-31,-0.107272675827,-0.0830903843073,-0.0377831861366,-0.151871662475,-0.109744684368,0.00389080078968,-0.448120415175,-0.291530651095,0.0227071593229,-0.131995081283,-1.04736658102,-0.719408418119,-0.267719007694,-0.984263937387,-0.716612129376,-0.103567374831,-0.410709095297,-0.861722583279,-0.150130826658,-0.791137014576,0.226452366713,-1.20857797501,-0.0754804763593,-0.698763386327,-1.4350970761,-1.01369843276,-0.275926667767,-0.307270878651,-0.162306157182,-0.850034790933,-0.849369430837,-0.85564637004,-0.856519189658,-0.861827829955,-1.06267980089,1.31328339199,0.698763386327,-0.000931955845837,-0.462635273825,0.625141985689,-0.139006381659,0.186281321149,-0.129603936535,-0.429753183483,0.0251895250556,-0.141634513433,-1.54718373792,1.19871262924,-0.124620886412,-0.528084598645,-0.0574180337054,-0.549742805351,-0.607711349219,-0.596242210883,0.569194042836,-0.474274830894,-0.837867760476,-0.835479610226,-0.852953481542,-0.838039163516,-0.848716160469,-0.120899286767,0.923051571385,-0.383009630021,-0.718677376863,-0.349784121021,-0.382679368944,0.139440898254,0.984263937387,-0.317439373291,-0.382679368944,2.18158664171,-3.48469000035,-0.508362523161,-0.508362523161,0.0747930440749,0.103156538514,0.0319300635272,0.107381261165,-0.326402283438,0.927554843501,-0.128155427411,0.587664931102,-0.120073906179,-0.638083331273,-0.267832216361,-1.45774101996,-0.492260747947,0.562117066864,-0.467505242158,0.272897260144,0.0349702454898,-0.872100313473,-0.954102258168,-0.0251895250556,0.197237909235,-0.788233663985,-0.370623430364,-0.605906592007,-1.02977136598,-1.08576447258,-0.521299366612,-0.348333604601,-0.230227301603,0.178687073044,-0.479834335473,0.0266510721758,-0.0544373134724,-0.245008844795,-0.237550839634,-1.71986844402,-7.73564212149e-17,3.93374321702e-17,-2.27975214028,-1.79924093701,-0.427733047426,-0.706952384976,0.66145307374,-0.19709590394,-0.439865522702,-0.164751041277,1.24856702461,-1.35466747023,0.121273703844,-0.136747506619,0.0581918401378,-1.12247603436,-0.874826575868,-0.256651688613,-2.29083262467,0.357617406379,0.0294042826557,0.176492626326,-1.02889593009,-0.862536226584,-0.742345548309,-1.17840497354,-0.577034293948,-2.04095499183,-0.537172484631,-0.809670846649,-0.879782833566,-1.07892769323,-2.04052778224,-0.778417314124,-1.11892458448,-0.301566657849,0.70831720968,-1.18180218395,-1.18747475663,-0.257049540327,-0.79610880997,-0.785850894176,-0.78363685442,-1.04351485707,0.432300359241,-0.523559521238,-0.754731138659,-0.61370783524,-0.245766750308,-0.859041612816,-0.469141595546,0.471817724879,0.474964925588,0.471979185746,-0.528837503594,-0.392896196686,-0.644572497359,-0.356847639079,0.187683868548,0.2855082375,-0.356425307485,-0.386511668668,-0.490761414684,-0.2912828308,0.380432742106,1.02167732461,-0.21341759937,0.0499542221636,-0.107135373823,-0.247943030808,-0.542810116798,0.120173750314,-0.529270931784,-0.289373064129,-0.293819134258,-0.286884901518,0.24124264457,-0.507269284895,0.237230698368,1.8341063518,0.491429520087,0.378150617125,-0.970237651622,2.04009082481,0.67824028841,1.10345498099,0.418962827045,0.512764709609,1.13098536887,0.169680163422,0.229356093049,-0.167332931942,-0.167332931942,0.167332931942,0.0397775786251,0.528995736766,0.304220488681,0.311035269956,0.312730897865,-0.299146633963,0.216161171822,0.427132834478,0.571208246284,0.501507802675,-0.590990499907,0.262158708128,-0.83580271349,-0.61123801895,1.00416244012,0.348855265493,-0.337224480795,0.203268217571,-0.850679578891,-0.858551835995,-0.259981906374,-0.85384679923,1.09522704462,-0.859958135311,-0.885556649559,1.30067142345,-0.976497020375,-0.913365836365,-0.39098811942,-0.69376862587,0.979794609567,0.283046834384,-0.405178383013,-1.26679894394,-0.300556536608,-0.407935887647,-0.403994986351,-0.147624829027,-1.25439715641,-0.675883430618,3240000000.0,01030303,0.00277778
242,600409.XSHG,600409,2011-05-31,0.162711151928,-0.126808235297,-0.133900951832,-0.0619985243941,-0.120387429797,0.727808382356,0.228166530169,1.6643168839,0.119949474493,-0.235680584546,-0.317912124527,1.62855092453,1.83161826921,-0.643220703915,0.175382209614,-0.452886734987,0.999693017673,1.07338808165,0.93328751005,-0.394346838221,-0.364841439529,0.355838225304,0.154376801181,-0.036175761145,0.928250021609,0.655025622222,-0.18044742076,-0.0933931119336,-0.105933692735,-0.450817846371,-0.645568573501,-0.479363753063,-0.449993766733,-0.571946512018,0.732148201411,-0.427350649029,0.036175761145,0.109773168499,0.299769357897,0.595484670429,-0.12953253712,-0.0270104902126,-0.11981025346,-0.540907426197,0.307198262754,0.306823640641,0.266019938767,-0.534720207943,-0.140005078399,0.304378519836,0.0457040242993,0.515630407571,0.622726580578,0.376379659789,-0.166640737093,0.683764009273,-0.445768519902,-0.66340436613,-0.473669455579,-0.42130106685,-0.578312976231,1.60120546862,1.50343334285,0.419423526554,0.542304378793,-0.088948422045,-0.0283060071133,0.128031362655,0.643220703915,-0.0756793851326,-0.0283060071133,-0.0947234268357,0.261494441842,0.511387274042,0.511387274042,-0.154230134643,0.102823235053,0.0990264579767,0.118000704892,0.0663815766335,0.0280218035913,-0.184764119045,1.23482903903,-0.288368438538,0.0856533159064,0.102472509072,-1.06219787284,0.0211518290133,0.379653098691,0.387037529635,0.44456744438,0.307893092672,0.680785986982,0.58961357703,-0.307198262754,-2.09855612741,-0.0344680124861,-0.236065879213,0.761865247146,1.58242934646,-0.256919261723,0.0542431597602,-0.0840608073749,0.586284752941,-0.391118143082,0.483417011659,-0.16086806968,0.653932176635,-0.141793147693,1.48086892338,1.33325184115,3.54558922488,-1.12746469577,0.946421283376,0.365128831795,1.40276716995,0.245224614796,-1.27753526828,0.576412549259,-0.225461514597,0.0313677799693,0.747142542882,-0.0224844840921,0.122954024193,0.157222704536,-0.141221429838,0.662666574504,1.21029861258,-0.195850152212,-0.155781330925,-0.772352209176,-0.147405465612,-0.0419516396183,1.25680988779,-0.0508316714953,0.100304869973,-0.632866961487,-0.181888679374,-1.80158602406,0.267939826999,-0.44150024793,-0.49516416509,-1.3360759893,-0.437695568322,-0.66288999371,0.830825302858,-0.153643378846,0.260245110562,-0.474767476483,-0.189799881319,-0.00726032377707,-0.299926885468,0.20016502225,-0.105770588725,-0.735349112154,1.26137468843,0.227264110004,0.156050790743,0.275993399825,0.590709897601,-0.160346675941,0.601940476241,1.2839320625,1.28607934847,1.24349671781,0.805306009761,1.42994870707,0.843325930528,1.41000060522,1.87470273913,1.35503934123,2.14767302381,2.13821442549,1.83501841634,1.9772015101,-0.322205726785,1.12117180282,1.87046338352,-0.164282569031,0.0155290741858,2.14724786501,1.5653092139,1.72013322077,0.804719709431,1.05413307578,1.06387678127,1.07007279124,0.438090754437,0.115691916426,-0.667430422554,0.181575207288,0.541545479107,0.526965807804,0.490909580484,0.0560329421309,-1.40624959952,-1.34134952027,0.149333284887,0.512764709609,0.698549786654,0.656839844625,0.636621410799,0.390698366551,0.390698366551,-0.390698366551,0.360566944069,0.548878258651,1.31473018788,1.33801648545,1.33225491444,0.153906045307,0.842065640156,0.155693515463,0.545660356029,0.398398092108,-0.934915000119,0.410269322147,-0.906706656088,-0.447398149981,0.888313518443,-1.29233767922,-0.045977882581,0.379553921096,-0.455673636565,-0.496712933649,0.178651045257,-0.456398706392,0.588966390055,-0.447311719511,-0.484835198527,0.664494956065,1.91536929962,1.70267546926,0.855528361438,0.821510746965,0.630639231531,-0.111539331062,-0.157831522807,0.713073839688,-0.447660583098,-0.204311644483,-0.351871727221,0.729474252808,0.598849922907,2.33226498447,10118992103.8,01030303,0.21465969
243,600470.XSHG,600470,2011-05-31,-0.0233551457846,-0.10573972413,-0.172073762464,-1.34628413001,-0.26815494064,-0.0176189097615,-0.556716839655,-0.291530651095,0.0976703829153,0.192201385744,-0.539450144647,1.40493574904,0.0105064145461,1.077190459,-0.464799683476,1.01047815215,-0.484050005171,-0.550587143036,-0.420985410835,0.0638726003599,0.253933787993,-0.123718829007,-0.073736887817,-0.678520993664,-0.111622701384,0.0159544189344,-0.819072084874,-0.253949551769,-0.105955316235,0.172739695626,0.281972719874,0.211317730195,0.138002169184,0.247878093157,0.0749621047451,0.526069145805,0.678520993664,0.0763554778952,-0.0870943784963,0.452758840744,-0.155460953754,0.915539989988,-0.126658999358,0.135215305927,-0.411924018377,0.498628553789,-0.393326852756,-0.855815705638,-0.122737246198,-0.57621504331,-0.0567628660112,-0.287071106177,-0.517911184526,-0.675418133316,0.224438235016,-0.873408074553,0.189871146702,0.22994893857,0.224349748293,0.128004362021,0.254584175441,-0.168561058381,0.534868825783,-0.695846332671,1.92385531853,-0.199192269112,-0.219967092948,0.0853238491055,-1.077190459,-0.212680654352,-0.219967092948,-0.349808505742,-0.118582436878,0.0581651419521,0.0581651419521,-0.943125844566,0.100404941468,0.0878783164332,0.111556370093,0.525259515099,0.0653095428838,-0.191101371516,0.587664931102,0.158515347952,-0.623405364949,-0.429124738521,-0.541369565996,-0.198058035307,0.322032898215,-0.156165293019,0.319885576154,-0.869256047387,-0.492620151309,-0.0957385832929,0.411924018377,-0.802053449206,-0.300952547015,-0.427279241375,-0.806077588739,2.07452026906,0.193396590767,-0.277035637817,-0.186825834577,-0.38245836262,0.0225760549277,-0.368689949266,0.946387815563,-0.362424048302,0.30749871028,-0.10060165154,-1.53285974479,-0.872827989649,1.28191191437,-1.14710223613,-0.703810116121,-1.81447563634,-0.00974627398178,-1.47212235262,-2.04161606157,-0.354729994681,-0.354949294336,1.07909196708,-0.342048618698,0.122658914168,0.0886046577994,-0.20222795906,0.0676190382147,-0.41864284708,-0.693631836407,-1.0771067226,-0.0601790414941,-0.82408581183,-0.696612301249,-0.832327270256,-0.071760990561,-0.134148186723,-0.46424569279,-0.533835638093,0.159260801522,-0.36525843776,0.202296232414,0.240038474619,-0.26582154337,-0.500850320469,-0.221415768447,-0.0792846058917,-0.66115998217,-0.718341086533,-0.61780811135,-0.431381982821,-0.508431260977,-0.110117742156,-0.482388325555,0.208334392994,0.101439410591,0.303949511044,-0.576002057662,-0.0379221818796,-0.435314525854,-0.876467021364,-0.563536714969,-0.0925304591931,0.0108153280076,0.0104836770396,0.00829566831889,-0.473159741506,-0.522795028363,-0.617613821243,-0.545460118939,-0.254523669058,-0.155188137998,-0.658525326362,-0.667913505746,-0.653590131748,-0.61509641424,0.123011719029,-0.459589548644,0.560795133965,-0.325331428267,-0.253260325191,-0.572114268154,-0.723101323564,0.00493226716895,-0.473855902499,-0.147053917474,-0.145926053214,-0.145494637971,-0.556620718218,-1.24279904675,0.0165021822454,-0.437674169556,-0.595709134727,-0.559514488665,-0.64752717944,0.548049090159,1.1809646774,0.727019071648,0.149333284887,0.512764709609,0.698549786654,-0.355766416545,-0.594023074225,-0.941903093081,-0.941903093081,0.941903093081,-0.747394987484,-0.537922479284,-0.347132598589,-0.346542538077,-0.344867430027,-0.727709979218,-0.560823685419,-0.845836564858,-0.458158831906,-0.804832579966,-0.745756525002,-0.883989581898,0.581010725549,0.421272223554,0.757310520947,0.849709788131,-0.210944627434,0.0301945220054,0.183045745893,0.223777230696,0.644776660524,0.174463753957,0.409957097834,0.101255909952,0.106064669455,0.472706462221,-0.503464618877,-0.811671595248,0.138222942065,-0.616067510303,-0.799326028655,-0.764348625844,-0.793553142833,-0.081319561151,-0.290707592626,-0.421117408543,-0.634100105924,-0.217169963326,-0.0426340090138,2.53296749625,4290160000.0,01030303,0.22879637
271,600810.XSHG,600810,2011-05-31,-0.200869031171,-0.0136624952189,-0.171045153795,-0.205707533165,-0.101656455524,0.572673731488,-0.375562093825,-0.291530651095,0.114352794483,-0.230176531663,0.0,-0.123101283477,0.314025056989,-0.388845222843,1.74027870117,-0.692643132665,1.6879692488,1.03544473528,2.46555058625,0.480663001626,-0.107757175946,1.22906765154,0.203179844482,0.0201421827982,-0.383407617621,0.482730378371,1.79717362953,-0.289102130232,-0.126692252715,0.23643570594,-0.222419052862,0.03766554184,0.42783498775,-0.194193905517,0.601546227262,-0.330198981624,-0.0201421827982,0.3515500798,-0.202209929326,-0.0866335805366,-0.14511451827,-0.130489230845,-0.123756469277,0.732792318753,-0.67848942044,-0.890130353073,0.24247183907,-0.800287912804,-0.15107692219,4.52452206157,0.0544217658642,0.15258594016,0.346402483469,-0.336203642108,0.191560909619,-0.585452083885,0.140689675038,-0.237407353209,-0.0528319766804,0.474817774348,-0.332331261995,0.0323877211746,0.978477689317,-0.433044797709,-0.299124493533,-0.243824821373,-0.330771158197,1.85495420152,0.388845222843,-0.243870531493,-0.330771158197,-0.650290081741,-0.329872439594,-0.166647423569,-0.166647423569,1.31762092259,0.362643975099,0.111360572025,0.116863175214,-0.0643336694481,0.0905222869932,-0.227877680348,1.88277005465,-0.32325152134,4.11080331153,3.64422724124,3.92236169608,-0.368234114187,-0.294183134652,-0.231701356629,-0.0574166444837,3.18597604607,0.568347420414,1.65291351021,0.67848942044,-2.25542833759,-0.153336542015,-0.533508887021,-0.565644493992,0.307762110847,1.86098859788,-0.451687311586,-0.2319376647,1.04759099845,-0.56284026301,0.340517086535,-0.482329455718,1.93378816359,-0.572870470884,0.0762597946654,1.68229602821,-7.73564212149e-17,-0.489688534264,-3.72480450954e-16,4.5110256648e-17,4.92669936463e-17,2.37877774227e-16,-4.34154062156e-17,0.0,1.18817628437e-16,0.0,1.29698846961,1.03407443595,0.127163859048,-0.00138622316639,0.0512261450858,0.0676190382147,2.35251056139,3.95991014473,2.43169940208,-0.45435448878,-0.329466136296,3.36040181949,2.44336361471,0.419699766776,1.09013559829,4.06900970136,4.11001218789,1.211183441,3.59622163877,-0.354396115902,0.191674933481,2.7647182626,3.59610455393,1.30569825239,3.45138264102,3.78793858356,3.6944303067,3.66832312095,4.6054406835,3.2159499803,-0.300400155553,0.916483641855,1.6506767539,0.986230674372,0.864651342625,4.42778336895,-0.0095459236939,1.94822919325,2.81664914733,5.55737378304,0.065646218075,-0.158159840482,-0.159013372385,-0.167683234474,0.188690791093,1.73899503243,2.16053147896,3.45944940054,1.74852967535,3.06072833174,1.54992947217,1.32471256641,0.470831101043,2.40684791496,4.64814715284,1.6151685622,0.913936038783,6.10908927638,7.57349332081,3.30194160978,2.15562963678,0.797394059758,0.182319322942,-0.130775842482,-0.195286293103,-0.174394458259,3.44957685118,2.90812871498,2.70705019423,3.11755688759,0.570975421097,0.611656084881,3.57244840643,-1.3567999166,-0.0117758809797,-0.431007137421,1.67723402378,-0.936352947982,1.85171133923,1.79722569431,2.94585534798,3.0743603364,3.0743603364,-3.0743603364,4.62687769915,2.54939133566,-0.0658777640498,-0.0974250404477,-0.116935787941,4.75790084005,3.4967639024,3.65344057204,2.10621065244,4.02002015748,3.66838215657,4.49660318586,1.5356831248,-1.42529510283,-1.12039910982,1.22087876473,3.86851508627,2.63716724909,0.182219655787,-0.0307500097297,3.42028602113,0.223484158861,-3.52265329064,0.632041235411,0.614579624655,-3.74196263422,-0.446225635178,2.7124364915,-3.29978533923,2.42839955895,1.5125677391,3.48448304269,3.94092881872,0.291434265397,-0.396381693254,-0.263775291235,4.2342762735e-15,3.45719146342e-15,0.948458665804,0.126271411659,6864185600.0,01030303,0.05927835
302,600028.XSHG,600028,2011-05-31,-0.164494076454,-0.0518405427316,-0.163959182959,-0.66141964244,0.408072427951,3.77457615228,0.0365257810877,2.43557702298,0.1285059372,-0.264324916102,-0.473065929559,4.1442216488,1.90749792982,-0.756901781739,3.69841929082,-0.324674757619,0.170376575247,0.102038414549,0.0897689478987,-1.37864362133,2.28135348046,-3.2276898742,0.0664825027604,-0.220361492404,-2.42770285714,1.05933597532,1.23230239573,-0.217217082138,-0.0914243242484,-0.7877094971,-0.783151307157,-0.806413442805,-0.763859582825,-0.815902485942,1.24867141604,-0.295638024311,0.220361492404,0.334175447576,1.75286729459,0.916154391672,-0.153217148468,-0.0767879477092,-0.120780904754,0.604571473285,0.290412028367,-1.10385582772,-3.07781021824,-0.343994310815,-0.141815570495,0.525861257195,0.0203664165302,4.47722102722,4.90151325406,-0.301273088093,-0.768991826453,0.531844781583,-0.802008736275,-0.776145773861,-0.804520970219,-0.772158151195,-0.829395693757,-4.52163850527,-1.45239878494,0.782763015283,0.00799007554917,-0.206351681251,-0.166561529968,0.234145734263,0.756901781739,-0.217624669765,-0.166561529968,-0.457895403583,-0.269335030488,0.202944434148,0.202944434148,0.235589257875,0.103617042964,0.204340816388,0.10859045938,-0.108793674426,0.00440297597575,-0.234334230783,-2.0017684083,-0.41286598278,0.487603778302,0.143511434829,0.677476059294,0.34900517872,0.936648369957,0.728591904217,0.782790273484,-0.490054499069,-0.887526336325,-1.31480037109,-0.290412028367,0.557890196352,0.407011075112,5.07541640307,4.15451675154,0.0823107630504,2.66693639251,-0.140297672588,-0.216185615076,-0.908347482496,-1.77270065341,-1.13082288326,-2.13428380064,-0.697787381782,-1.59895593031,-3.28497513197,0.967365255713,1.20891912859,2.06141611177,3.77536203923,-0.176410559182,0.515251913038,5.2327980173,0.755931047166,1.4094216527,-0.36426827744,-0.330855871013,2.04781256267,3.28700158492,0.127290334773,-0.072254041927,0.189211704278,1.25771411079,-1.35905233409,-0.552750227673,0.70015761529,-1.02480165294,-0.785148643962,0.649004376969,-1.58629391186,-1.21379576223,-1.22949511722,0.207669870146,0.524738747038,0.802112593089,0.210660337271,-0.707778547162,-0.875070564286,0.662121559685,0.326065851301,2.77437495333,-1.11578874793,-0.171640421517,-0.538648490057,0.283352849832,0.463860542976,0.069422797379,-1.32800870614,-1.0081868364,-1.21553120428,-1.24145208554,-1.48868369138,0.682618816516,-1.23497988831,-0.962435171414,-1.36161989514,0.698345387945,-0.711679167357,5.63753431767,5.64160718757,5.68831897877,0.584747487298,0.695570852812,0.28256521076,0.362470345012,-2.56995153796,-1.89838237558,1.95448767702,2.05806884647,2.72655301589,1.63018305398,0.329291149561,-0.170526818615,-1.58127667694,-0.504441600273,-0.292742614625,1.24982006011,1.28961153929,-4.53509779123,0.588190111256,6.86126670431,6.86064370278,6.85826624591,0.136599018641,0.901014673371,-1.45024232087,-0.496427142931,0.656917656319,0.630987128379,-0.890736092149,-0.59215227703,2.17140850958,1.49765953538,-0.569678827534,0.512764709609,-0.454611765918,0.154882159605,0.378383996628,-0.468357449195,-0.468357449195,0.468357449195,0.728397069541,0.345966076967,5.75847062973,5.75516166288,5.75443676763,0.619203391584,0.151412433719,0.250267896591,0.261440076942,0.663415612656,0.897805750052,0.733074506548,-0.331249931409,-1.63522945564,-1.7312678817,-0.696082295129,0.238972971499,-0.0863478334682,-0.793089297244,-0.812222571067,-1.3780168942,-0.785448597777,-0.706053958356,-0.740711078177,-0.726499896872,-0.825374197337,-1.09483513887,-0.687268080477,-0.77422002732,-1.11595316621,-1.30838602947,1.28905584785,0.540000830209,-1.79232073219,-0.470104942924,-0.432572936053,0.877474408843,0.433647935266,-1.96708580478,-0.180889461241,6.98822373858e+11,01030303,0.03764317
304,600160.XSHG,600160,2011-05-31,-0.178006301306,-0.0402647695786,-0.105442778635,-0.0980861601882,-0.116471660631,0.26624308579,-0.390507661678,-0.291530651095,0.253247324341,-0.153739966266,3.99127253511,0.566378840952,1.98337759043,-0.377589670583,0.997462034985,-0.23294491563,-0.201969582577,0.147570430194,-0.200432392291,2.26925454365,0.37627043756,2.58144320058,-0.00578924232083,-0.407553519603,2.41715869317,3.03626945058,0.781205833527,0.0250987255831,-0.0666978520217,2.57753484381,1.91786916394,2.61978718274,2.56791782512,2.39678796092,3.41613266726,-0.117458600687,0.407553519603,0.173648605435,0.369593544466,0.652945718745,-0.141374842794,-0.0773932761825,-0.122225101945,0.0798349177429,1.02699199326,1.6955825475,2.47954131031,-0.0929121171278,-0.144802642438,1.05585995692,-3.0716039213,1.24611591286,1.55441620643,-0.145249946828,-6.18507820077,-0.400386842881,2.52148542606,1.71829568994,2.67716913531,2.56279180854,2.41270864606,-0.406455096751,0.193343289902,-0.653293059217,0.452400189508,0.0353700522959,0.359508221256,0.290282925624,0.377589670583,0.0285943944958,0.359508221256,-0.503291900677,1.2674309557,1.22089573083,1.22089573083,1.24116558,0.110234812676,0.378411930755,0.163398555986,-0.063793881149,0.0260647379339,-0.124507801773,0.587664931102,-0.169932349911,0.247110945464,-0.694446165507,1.09270687437,1.41044241648,0.626139511837,2.17034546616,0.522260996595,-0.0088609157534,3.44787168616,3.43683729642,-1.02699199326,0.727835090708,4.12131039104,-0.0590164698032,1.21538359648,-0.040386797385,1.02182923557,0.755957535866,0.176560852521,0.217239756537,0.647020127395,0.541635499672,0.562420048906,0.106400203605,0.532144639267,-0.732385135288,-0.132036817681,-0.52500305165,1.99055209383,-0.70155748711,-0.214766890596,1.40276716995,-0.950781688698,-0.303348482698,1.4094216527,-0.35844898852,-0.358485189226,-1.22209345254,1.18586739989,0.135294441386,0.400573045148,5.63706560512,0.662666574504,1.36202602182,-0.319430510751,0.642444884699,-0.988779627049,-0.074581197338,-1.73707914335,0.192006299668,2.80715510308,2.36446561939,0.90304106881,0.0238462628531,0.977585711257,0.615294879497,2.51060137366,2.78621494625,1.00830416005,0.564040786976,0.97787051289,1.13858094995,0.698615885657,0.112475320836,1.19918186968,1.1351310346,-0.758355435501,3.96724323313,2.57650536874,3.27201276248,1.37973462558,1.52447108901,0.410173444362,3.70472806443,1.71246250451,-0.325502345865,0.759160622447,3.06347086344,1.1728334342,1.15797342145,1.15035226409,3.1601950488,2.16463218005,3.46079253843,2.31855384356,-0.838520173123,-1.0084942391,1.01214011149,1.10032408501,1.45578625346,0.738589345328,-0.964129374723,-0.47256151363,0.0285863163078,-0.293510913992,-0.365575441537,0.630260330601,1.14143898135,-1.1114569868,3.15666014739,0.647724054725,0.670816871095,0.642208511418,-0.871214229623,1.49631630878,-0.707401932068,-0.875405913813,-0.180083503105,0.508869084282,0.934868675915,-1.25595801081,-1.35702367144,-1.2536148744,-0.210172771323,-0.292300655719,-0.598756959989,-0.159869032686,-0.760282329156,0.419096905914,0.419096905914,-0.419096905914,-0.299971180594,-3.07581593947,1.53229216178,1.52766350035,1.53044447985,0.104927377278,-0.474492034615,0.589478513292,-3.31739354961,-1.96119520178,0.955346964511,-0.95310786844,1.02345622573,0.864652833225,-0.84495384233,0.465125065391,2.94559549325,-0.544754902793,2.58897417199,2.61739472487,0.326111695663,2.59831443128,-0.577391029572,2.54376877689,2.61528745244,-0.968046125685,0.654623128453,0.775905113831,0.0989610017263,-0.0855514524007,-0.186418877933,-0.852250608913,-0.209712252718,-0.564066320122,-0.47703618862,0.294805766238,-0.262880796999,-0.179802428479,0.598849922907,1.69438142016,22095216000.0,01030303,0.16972973
318,600281.XSHG,600281,2011-05-31,0.140791751534,-0.125245527494,-0.123500575282,-0.212666325787,-0.100490446305,0.102967836775,-0.420519326156,-0.291530651095,0.117043506026,-0.273705062565,0.157584113778,-0.719408418119,-0.87475629258,0.238089038029,-0.374518477733,-0.667000737191,-0.297876926259,-0.284983718437,-0.231387201911,1.03388350853,0.877141502818,0.235435297358,0.571791898224,0.276078177159,-0.749726417766,-1.37064475469,-0.00949954737612,-0.496857818678,-0.226138729121,-0.555043066224,-0.281612674193,-0.534930447922,-0.523444080881,-0.363753896354,-1.42620128417,-0.511099740469,-0.276078177159,0.19754474089,-1.70248637046,-0.438814199242,-0.119560069184,0.164057118627,-0.123902538161,-0.300745405323,-1.0410720832,0.705960531334,0.0776351411894,-0.112226132027,-0.130375052573,-0.336276977306,-0.0208890920563,-0.163312324836,-0.00256777679143,-0.689390354921,0.208668115423,-0.788471415435,-0.58798733724,-0.139472709682,-0.59191045441,-0.526522210326,-0.288605995226,0.520462555037,1.69473617527,-0.644875928204,-0.983743733385,-0.240228465509,-0.913740294278,-0.0379475049608,-0.238089038029,-0.247572629159,-0.913740294278,-0.578952729166,-0.431993752281,-1.36534802293,-1.36534802293,-0.968839524811,0.109453171816,0.0896276258775,0.147958986502,0.079564545906,-0.033106735388,-0.186972938931,0.587664931102,-0.364374337863,1.33440952773,-0.445349430099,0.68821478727,-1.29410735691,-0.639904337507,-2.3651025271,-0.332833308624,2.1709930169,-0.208781330828,-0.137961631487,1.0410720832,-0.147650258722,-1.18761823393,-0.55475481615,0.0644953230459,-0.369025492827,-0.137893953942,-1.14842939805,-0.254679034356,-0.488558799086,-0.414534795799,-0.479834335473,-0.589483251064,-0.386378572122,-0.870374539001,0.234639389963,-2.57914737496e-15,-7.73564212149e-17,3.93374321702e-17,-3.72480450954e-16,4.5110256648e-17,4.92669936463e-17,2.37877774227e-16,-4.34154062156e-17,0.0,1.18817628437e-16,0.0,0.302306978815,-0.0384626908224,0.130349842794,-0.0148848553113,-0.872716606038,-1.12247603436,-0.334016008259,0.7537413228,3.36997091409,-0.0832095170659,-0.672727255823,1.56714243014,-1.11085621905,-0.539770824125,-0.628693751109,1.26751100245,0.843422894317,0.884329833264,-0.928690099286,-0.565556541607,-0.607549571618,2.65746057301,1.36509355739,1.61478723435,-0.677191150704,2.84302557868,2.53076297497,2.90223278859,0.886282376455,-0.91487069722,-0.172505875063,-0.615624938412,-0.559028696537,-0.463926206051,-0.32617121563,1.46414051786,-0.187937086266,-0.600464473566,-1.27134294887,2.30552741293,-0.829935064172,0.237859196077,0.237015366086,0.236349389218,-0.407858388615,-0.420725445697,-0.367152038758,-0.450303356815,0.233520232937,0.179970887551,-0.39348981873,-0.407826331682,-0.481458385117,-0.339282774487,-0.00933988039904,0.170147562218,-0.145986167757,-0.296397543177,0.243212640833,-0.482145449597,-0.139439553458,0.615247932721,-0.405988886971,0.302725618303,0.291000511492,0.299249273459,0.0939870844465,1.17025498672,0.497255406264,-0.129314785597,0.664674912705,0.637178636647,-0.4977877834,-1.6957614764,0.114212438032,1.36506925759,0.0594567708348,-1.09736602105,-0.887047348132,-1.18187085183,-0.628718633027,1.37186790156,1.37186790156,-1.37186790156,1.21973154786,0.28156879775,0.30120399976,0.300148966283,0.297187610963,1.13347940589,-0.884567375936,1.60904700237,0.115604203404,1.0443250393,0.895821570243,1.28526125728,-0.396622795007,-1.16204851434,-2.18768471772,1.11653407251,0.647922612224,-0.471681721708,-0.556979257881,-0.506309233121,-1.49381932587,-0.541176566291,-0.789964564085,-0.474980776764,-0.473992369523,-1.32589538859,1.60113911794,-1.18866100394,3.31991558116,-0.827337841454,-0.208587473363,1.040383437,0.686691767244,-0.490737698506,-0.513117020956,-0.0997823376988,1.93392388048,-1.26553691321,-0.541708508048,-0.610928568248,4897107278.0,01030303,0.00735294
326,600328.XSHG,600328,2011-05-31,-0.424956615877,-0.278318408799,-0.096413880312,0.868141532597,-0.160690813473,0.253866729257,1.54397914509,6.45166918362,0.0937957582931,-0.248626737103,-0.0512173999585,-0.477158644671,-0.59653087034,-0.710754017474,-0.82004821495,-0.313368792342,-0.224536016385,0.322109823502,-0.409377357228,1.36174433832,0.447190234411,1.21098666577,0.418286362954,0.121754985571,-0.844260301675,-0.340991902988,0.388997669175,-0.108994537207,-0.101619804489,-0.14018980032,0.0156917131161,-0.122734198689,-0.16479649431,-0.0473489416551,-0.328233524752,-0.46925921144,-0.121754985571,0.052475385498,-0.132385742757,0.20623240765,-0.0896426653755,0.105988822933,-0.121650250208,-0.761642046244,1.24185579341,1.33754670963,0.784078132107,1.16008459945,-0.125545410037,-0.502243379818,-0.118194865428,-0.342449185205,-0.200458818663,-0.736740661475,-1.72303407734,1.67400115704,-0.137932068868,0.0886617979267,-0.112083818499,-0.15537822908,-0.02123674105,0.524614799044,1.23601611142,1.53422576739,-0.0763386601368,-0.159143960593,-0.146097716116,0.0475386539064,0.710754017474,-0.184696107777,-0.146097716116,1.45956616413,0.233611340178,0.192153431003,0.192153431003,-0.0297759222557,0.100515919723,0.0774121090798,0.125674238428,1.95461614138,0.0894018633357,-0.14995441908,-0.707440192448,-0.161553278915,-0.684375378908,-0.108448481445,-0.580744901909,-0.33458347712,0.0723453628197,-0.104932136832,0.210091095179,-0.72970975513,0.134704778014,-0.450000255947,-1.24185579341,-1.88439480127,0.232529869819,0.812066624492,-0.706941668157,0.72484710427,-1.02161045054,-0.121651586421,-0.140276731346,0.0603956330654,0.41285360022,0.504587370936,0.660644361307,-0.181054082236,0.744647545065,0.466242428291,-2.57914737496e-15,-7.73564212149e-17,3.93374321702e-17,-3.72480450954e-16,4.5110256648e-17,4.92669936463e-17,2.37877774227e-16,-4.34154062156e-17,0.0,1.18817628437e-16,0.0,1.61989533481,-0.545770754509,0.122670959475,0.0211114970751,0.518510888036,0.662666574504,-0.278432699922,2.64600377275,1.18184309249,-0.556810578824,-0.410726312715,-0.286609217476,0.727638893503,-0.260881343564,-0.271467169456,-0.613277380292,-0.590870763527,-0.8657751973,-0.649741251644,-0.170256045552,-0.0639545959571,-0.784944669829,-0.348841231295,-0.694421519697,-0.899497515365,-0.722629191707,-0.6701802033,-0.690052359723,-0.22544584444,0.0623599967093,-0.155189757853,0.122237474155,0.143665720287,0.787108193039,-0.532759311914,-1.31659299887,0.122236892099,0.226897121515,0.546559036449,-1.01699796015,-0.578358825088,0.104112181196,0.1049521011,0.107250654183,0.0227299861046,-0.333997705201,1.04580879006,-0.359039217197,0.129434588069,-0.283718914458,-0.149699714197,-0.111731098084,-0.0320456265574,-0.297031942498,-1.06126844933,0.64768028391,0.137475591061,-0.752471038079,-0.427449134962,0.028435886082,1.27047200787,0.231378754189,0.0215086584195,-0.367326637116,-0.36820143288,-0.363850592806,-0.165725929724,-0.273790007942,-0.0533749520809,-0.956485820438,0.258235505751,0.270426336622,0.0484100038977,1.11364639983,-0.266100710834,-0.335094104011,0.149333284887,0.512764709609,0.698549786654,-0.185706817128,-0.283393037703,-0.371092451875,-0.371092451875,0.371092451875,-1.32038006259,-0.293919752371,-0.114696699638,-0.110818151434,-0.103763653926,-0.605263309145,-0.150748344097,-0.00786947927862,-0.05577956039,-0.819319068227,-0.65779122014,-0.881710957067,-0.465322469959,1.59534953,0.138226644808,0.693192749806,0.000190907737406,0.176394417641,-0.135049521705,-0.113378320486,-0.0762809266312,-0.140527071751,0.740005480366,-0.19285335569,-0.198426674164,0.641106115352,-0.175856950538,-0.153040795172,-0.0818279722116,0.122063736875,1.02585804352,-0.489146441428,-0.728154194566,-0.319637581403,-0.576005062434,0.166240464806,-1.3460275477,0.124327785696,0.170980140316,-0.664885927692,4043669017.8,01030303,0.0035524
334,600367.XSHG,600367,2011-05-31,-0.122136974715,-0.0768801092881,-0.0860135037624,1.63104258337,-0.170148223563,-0.554964571193,-0.569975004686,-0.291530651095,0.116828249103,0.424611956797,1.94301073586,-0.719408418119,-0.470064769322,1.45031201641,-0.834538615575,3.53730311339,-1.21745910392,-1.49917080232,-1.25676527058,2.05746644772,0.349675513741,2.22557652618,-0.11811121622,-0.972937576057,0.91643328612,-0.272348379541,0.489050772326,-0.198258388136,-0.134098301458,1.0477983283,1.32185187728,1.17438464488,0.967200452516,1.35826717497,-0.214716111174,1.7914219904,0.972937576057,0.0305605677522,-0.253162714119,0.237743305113,-0.161818402063,0.181708929288,-0.129721734022,0.448906350191,0.974618941974,1.91296144907,1.96148311697,-0.802702164666,-0.1114752554,-0.777964486292,-0.00322630584894,-0.101760338349,0.0654282052197,-0.736740661475,0.220989302364,-0.918293300916,1.07699736917,1.31983000421,1.17587620889,0.943626715343,1.44813559572,-0.268811850223,-0.53776443212,-0.735126277399,-0.254985485874,-0.0406085152812,-0.106168323234,0.124161794472,-1.45031201641,-0.0805760893938,-0.106168323234,1.63899041454,4.7157871032,0.286574708521,0.286574708521,0.486554777068,0.102542286781,0.136888630187,0.134684473504,0.560196510744,0.180621107595,-0.0585974840076,-0.707440192448,1.31328206857,-1.16761919325,-1.09815466772,-0.0366493511185,-0.142294122453,0.149172296787,-0.242867557337,0.121697233378,-1.27942875854,1.68142066933,0.900622371046,-0.974618941974,0.438698075876,-0.642614011448,-0.172328091825,-0.745684441718,-0.326970145257,-0.304364358413,-0.0296642279939,0.0162121737129,-0.0779962405862,1.55246403247,0.00708392791213,3.30377131318,-0.43086554493,1.31536963492,-0.295177516194,-2.57914737496e-15,-7.73564212149e-17,3.93374321702e-17,-3.72480450954e-16,4.5110256648e-17,4.92669936463e-17,2.37877774227e-16,-4.34154062156e-17,0.0,1.18817628437e-16,0.0,-0.992237436482,-0.393977790571,0.123285270141,0.184969892834,-0.552715815209,0.0676190382147,0.416108279035,-0.116264401313,-0.605812734287,-0.287826434646,-0.0083851426069,-1.34320732845,-0.696973764004,1.13104445454,0.828070825142,-0.634422812702,-0.869965101068,0.353467541546,-0.917949670117,0.982362937335,1.32117190429,0.079161918037,-0.140507276929,-0.30394826192,-0.549665118852,-0.7522746651,-0.76065230976,-0.647198354367,-0.246627376282,-1.13936878933,1.81982198371,0.369016374054,0.57382787356,2.46364837069,-1.11124699711,-1.19252163221,1.36626850097,-0.203512132876,-1.53524515231,-0.806457523029,0.565785807152,-0.0347168993162,-0.0346694635268,-0.0295638373981,-0.340719648902,-0.407304868533,-0.524824845073,-0.343993168766,-0.243316260667,-0.15920888064,-0.620272648333,-0.62805844155,-0.610607430336,-0.593194496879,0.087702664063,0.0716691390575,-0.783837561608,-0.272610684917,-0.478709681751,-0.425238294219,-0.711291436917,0.070424143317,-0.341087629044,-0.283225250236,-0.274580488106,-0.281231597954,-1.08471346943,-1.41870637656,-0.223947437087,-0.472567115913,-2.46272424076,-1.85909415651,-1.02794292556,0.591507550394,1.44807149812,1.19719268881,-1.0190613978,0.512764709609,-1.17533773627,-1.82476190654,-2.27431268708,-0.991600536967,-0.991600536967,0.991600536967,-2.41993547048,-1.74954127128,-0.0674163002016,-0.0672349121381,-0.0626974236001,-1.15627332447,-1.40255728076,-1.20252119839,-1.62058783851,-2.16144959834,-0.643901961478,-2.46459567305,1.50063935121,1.51868027765,1.08966333103,1.02858640336,-1.22227836634,-2.22222605978,1.07699325301,1.22915232023,1.3233455857,1.0604728484,0.723223359221,0.887244135816,0.916909265024,0.666833840136,-0.385635531299,-0.760422358153,0.244199848986,-0.836937480663,-0.851385885957,-2.38372600407,-1.64501822069,0.786402461304,-0.596702912722,0.886448985303,-0.912514587618,-1.31847425424,-0.684117940935,-0.715320372188,5229952000.0,01030303,0.0
341,600444.XSHG,600444,2011-05-31,-0.0543781013504,-0.0991523627993,-0.118814691342,0.574790647288,-0.154133807955,-1.1796065656,-0.282754938609,-0.291530651095,0.0135049258453,-0.269247554949,-0.868283582176,-0.719408418119,-0.950635953191,-0.440057985625,-0.324102567721,-0.914449853511,-0.190686365674,-0.30774972626,-0.181085636278,-2.48794181013,-2.0633705741,-0.369250397089,1.01251877408,0.433808504146,-1.28147951475,-0.821496567114,-0.65384153167,-0.221759269243,-0.132757644459,0.19088053597,0.389940585017,0.235165451568,0.147375893486,0.32920813711,-0.82197732528,-0.649071436197,-0.433808504146,0.324790258424,-0.392811087256,-0.694608543354,-0.10759310766,0.885381660691,-0.122418289824,-0.555023031356,0.227295787073,-3.11689405904,-0.299134453967,0.790704064502,-0.125447231549,-0.505062421872,-0.393111252415,-1.36918870448,-1.33468966753,-0.736740661475,0.211717171826,-0.740133479351,0.203920580511,0.499941029602,0.271255404175,0.159188612327,0.335583440111,-0.0290824876257,-2.08606959765,1.03832140577e-15,-0.229431323545,-0.104343933108,-0.313302048811,-1.20893289729,0.440057985625,-0.101475790914,-0.313302048811,0.225213790775,0.152807249643,-0.119886409941,-0.119886409941,1.24390837256,0.0996008099992,0.0481185882154,0.241857269634,-0.341331544572,0.292639349054,-0.100847038841,-2.0017684083,-0.473896521174,-0.951965995728,-0.745983421108,-0.945861653097,-0.42688236736,-1.16488838629,0.089491122546,-0.880875251794,-2.31993276074,-0.139878428755,-1.45125290489,-0.227295787073,0.72860407213,0.0157259923054,-0.243147855589,-0.886981615882,-0.556757095896,-0.513329066875,-0.422475109924,-0.106674676997,-0.677694359743,-0.88286785015,-0.813267494096,-0.43768204099,-0.547216089199,-1.10716349118,-0.175592689637,-2.57914737496e-15,-7.73564212149e-17,3.93374321702e-17,-3.72480450954e-16,4.5110256648e-17,4.92669936463e-17,2.37877774227e-16,-4.34154062156e-17,0.0,1.18817628437e-16,0.0,-0.69033264382,-1.27477643658,0.118159991941,0.564056478902,-0.295373881267,1.85276164708,-0.433665362846,2.32321187624,-0.720758588289,2.8838834191,-0.655970213793,-0.783317871424,-1.44175813257,-0.329973312528,-0.261112775785,-1.11614735147,-1.12338288241,-1.51448983385,-0.762881050075,0.205180837918,0.322111728913,-1.08383887264,-0.768145605203,-1.12638718829,-2.85954425452,-0.811497347241,-0.859806681861,-0.493296500165,-0.733417989408,-0.807156239109,0.0724809922213,-0.69310261612,-1.0382697532,0.0718080889642,-2.57473004703,-0.948216157648,-0.137673182877,-0.766006494486,-2.05617721259,-0.464558900428,-0.522620376908,-0.935974150139,-0.935225125984,-0.927095405192,-0.670896648998,-0.651317488193,-0.719370396071,-0.564635014644,0.305765473684,0.268275113697,-0.871575342606,-0.901091294182,-1.02498923937,-0.782379363229,0.0776227685205,-0.299559233829,-1.05680998662,0.140392990448,-0.518918543571,-0.662961327109,-0.823652837873,0.506969376316,-0.671742198176,-0.699515809719,-0.696745654681,-0.698730480156,-0.855757152339,-1.19145122399,0.153500424443,0.362624208592,-5.65109270757,-5.70123361662,-1.08952014618,2.58419940498,1.48854649797,0.242256131445,-0.659555341586,0.673777782675,-0.454611765918,-0.449252218434,-0.716738238579,-1.66748577382,-1.66748577382,1.66748577382,-1.15913578439,-0.985389680155,-0.969299993198,-0.968636347748,-0.967749323138,-0.715465312211,-0.58240659812,-0.293971921976,-0.888214984531,-0.6855320884,-1.0638866877,-0.746512550424,-1.79269979027,0.331406566552,0.211045967008,0.724496157471,-0.456113677998,-1.24256363205,0.202922485372,0.252249033999,0.493983566041,0.202209235378,1.47562179059,0.103333686466,0.0875700971979,1.22582713317,-1.95859504197,-1.05865878969,-1.55538200829,-1.25955641153,0.174365927214,-1.33314697101,-1.56390891055,-0.496848416974,0.208554418216,-0.454828209523,-0.979893434786,-0.906393383844,-1.32560187286,-0.317575409384,1349250000.0,01030303,0.02801556
345,600469.XSHG,600469,2011-05-31,0.0323935443891,-0.11450935384,-0.134129531536,0.795817806766,-0.159306765981,0.497290468972,-0.163913568424,-0.291530651095,0.111823525632,-0.268704901847,-0.708498320278,0.789994016443,0.187558955971,0.743463334495,0.24890262938,-0.388547633617,0.384757696418,1.14927477439,0.0936382991012,0.352447274073,0.382475919785,-0.0555042008876,0.356319226158,0.182883003018,0.136528743875,0.839676700293,-1.33020050897,-0.248024959893,-0.0497450280377,-0.0514147551255,-0.179459435672,-0.0666995737676,-0.0588118304862,-0.166047766828,0.984999697876,-0.3830609183,-0.182883003018,0.367432707595,0.229945171329,0.484269738207,-0.133895491842,-0.408788996471,-0.125417413845,0.426331218596,-0.0379267162388,-0.274527917542,-0.463971151848,-1.07309837325,-0.135973359908,-0.0409165445244,-0.0232557182173,-0.219438756283,-0.243653834591,-0.138263836025,0.0993644418209,-0.358263784294,-0.0503724807802,-0.268053083929,-0.0246590311107,-0.0741792388609,-0.2157750038,0.636545294791,0.141239981528,-0.0827986238897,-0.142547171626,-0.281109263812,-0.272374421106,0.339861767969,-0.743463334495,-0.295285926235,-0.272374421106,-0.0450034538286,-0.583271616251,-0.0938081523401,-0.0938081523401,0.445070039606,0.10566885022,0.098077679973,0.115906483588,-0.0566043752383,0.031239756262,-0.2280367443,0.587664931102,-0.298589716633,-0.0114470766949,0.58921325642,0.444803619811,-0.234593012693,0.101155463058,0.130871748697,0.344077580437,-0.331646875813,-0.235176969931,-0.367613820446,0.0379267162388,-0.796670579249,-0.185791529204,0.330492230898,-0.69364757919,0.068003273671,1.0993916545,-0.383318328972,-0.294876317723,0.0465564457002,-0.453562550328,0.494002191298,-0.348387211535,-0.116034660438,-0.062863496968,0.426364791192,-0.064667224171,0.595766193012,-0.277096480428,0.60823671484,0.255098169223,1.40276716995,3.00190987111,-0.11501821779,-0.286346879309,-0.29074457191,-0.289905274375,1.78266139694,0.684551163723,0.125037862333,-0.313354610515,-0.237834000279,0.0676190382147,0.741095370126,-0.0480480433999,-0.0248485709422,-0.568030554103,-0.783283562229,-0.712743570119,1.35849505958,0.0616318984237,0.134572982361,0.430604490316,0.0698244980571,1.33576889687,0.738545293033,-0.0401019149226,-0.0119128258206,0.328351810988,0.319972438422,0.743187581583,1.1208766023,0.384828137872,-0.123783751407,0.451196576527,-0.292534431677,0.843937616292,-0.175902283905,0.35966906713,0.574982671287,-0.296805552075,1.36413739818,-0.505652313679,-0.301670591297,0.27978344083,1.3497536722,-0.656256138488,0.205745560798,-0.443017641721,-0.445856085958,-0.447788137996,-0.066097884824,-0.316978222909,-0.0566854610472,-0.427690203949,0.247427889272,-0.0174141832371,-0.240443226897,-0.227039129048,-0.232766405472,-0.265148593225,-0.583017866623,-0.216430147184,1.1207257624,-0.397557792998,0.0817336580111,-0.329803315799,-0.0419452926767,0.0171426169593,-0.064968371012,-0.386908638669,-0.388106755634,-0.386609109422,-0.229962026368,0.210887804949,0.128851326909,-0.517361571798,0.215162318977,0.215240288654,0.155618297116,-0.418763362218,-0.262680178068,0.284298481713,0.149333284887,0.351751636544,0.554404592582,0.731534530556,0.478279263246,-0.0324398699652,-0.0324398699652,0.0324398699652,-0.560305120601,-0.326504996571,-0.40247763258,-0.404037149647,-0.3997358516,-0.372614636006,0.302492822627,0.528712315448,-0.22077635162,-0.661671990087,0.0842920283953,-0.492825652565,2.158327505,0.531737901894,0.178384945715,-0.962906579511,-0.346622475662,0.957447686524,-0.0513109593686,-0.0850734093485,0.194063599113,-0.059103061255,-0.675286736256,-0.0798049984913,-0.0490461169808,-0.490913775145,2.25746892382,1.73205575316,1.28229953511,1.45784590156,1.2237400142,0.0375579963565,0.256300923342,0.694741684284,-0.552040211951,-0.0798179985753,-0.176432464783,0.868564521406,2.30968756934,-1.02696815586,4611788420.4,01030303,-0.02195122
362,600636.XSHG,600636,2011-05-31,-0.14281547581,-0.0663165151815,-0.125557792621,0.762951097843,-0.158633820584,-0.0730808711212,-0.566359141495,-0.291530651095,0.203415346561,-0.206881209247,2.87933693239,-0.719408418119,-0.444771549119,0.594327267053,0.201691969276,-0.266046917059,0.796595113405,2.20409980351,0.701126437898,2.1799678253,-0.252256262029,3.31392858988,0.148657830762,-0.183283842477,3.50429835811,3.84145798061,1.59649569121,-0.0309874108415,-0.115307479976,3.57687177079,2.00310220015,3.49239318938,3.54492331957,2.76390037057,4.30756707221,-0.0721483692498,0.183283842477,0.236393006755,0.273349395412,0.489830484818,-0.135142050334,-0.0669837883282,-0.125412701945,0.438233575559,0.775198477459,0.613254823313,3.51565769699,-0.459878400209,-0.13715885468,0.0448199211379,-1.9791853303,0.628257446675,0.871872952354,-0.736740661475,0.194210089773,-0.936247391461,3.59338452711,1.55301874383,3.66177746381,3.58536107131,2.56898938413,0.499413996476,-1.24476455036,-0.738867224516,0.684013824436,0.23920795076,0.211769467591,0.242212076762,-0.594327267053,0.694735418619,0.211769467591,-0.291441580907,2.84416126186,1.00237791714,1.00237791714,1.5103020999,0.109562675276,0.208817862593,0.189857579633,-0.0410195572553,0.0521596604359,-0.13641229258,0.587664931102,-0.207786734485,0.204206120827,0.63597854391,0.5396623836,1.06239868453,-0.0300905491374,1.7887241361,0.182642474936,0.499254461851,4.30692975877,2.73114598483,-0.775198477459,0.124569164816,-0.117402197676,-0.37770540674,-0.337745825986,0.770370934114,0.990474215148,0.48372467782,0.324344982548,3.14192135304,4.21415689136,4.3946408882,3.29484183023,2.4676318373,3.85933299291,0.900934253755,1.31931330456,1.67417214394,0.644135752863,0.259316128255,7.119256224,1.40276716995,-0.760089175243,1.34407207379,1.4094216527,1.11737619237,-0.166560103779,-1.12554225798,0.752458542327,0.13025950299,0.396823425107,1.55179885218,1.25771411079,1.57835024887,-0.833524802273,0.864023401593,-1.02037271533,2.04205702085,-4.38059082938,1.79584332349,4.82595183127,4.5874553273,0.0630464277503,-0.203787464745,-0.267581795244,1.83131468143,3.51433454714,3.74592250295,0.0354374320119,0.108415359872,-0.108755126125,1.47227842616,0.0794990001423,0.0929566917808,0.151186965719,0.475605166663,0.49572804748,4.10396260872,5.34478279323,3.75529561119,4.61014130935,0.0940615236807,0.3615681667,4.56881025814,4.53556385285,1.02884630032,-0.380274699592,5.12428700157,0.635158969787,0.634833852041,0.641099672872,5.85761655629,4.96579523158,4.43964382568,4.87104158861,0.334403428147,-0.152958945156,2.11408937978,2.19249920228,2.34409746418,1.82369419391,-1.14439437417,0.255680326025,0.357751600997,-0.200696441937,-0.191260346565,1.2023565004,1.30329071595,-2.96470553142,5.85224514683,0.655965214602,0.632866982961,0.642411953323,-0.313913113352,0.655515567652,0.893548283124,-0.90321583307,-0.72366984204,0.12471685427,0.618358143282,-1.76904201228,-1.44970680299,-0.0446463050965,1.67723402378,-2.86850982477,0.121969010368,3.56241614958,2.01396523841,-0.194311544337,-0.194311544337,0.194311544337,-0.648752481188,-2.3184023141,0.914292340374,0.913261927504,0.917027508999,0.00697004121953,0.885231465558,0.806592342374,-2.44237830837,-2.16997106202,-0.788085694259,-1.71492810363,1.65438701949,0.754713771971,0.579848317339,-0.693101018209,0.784877857812,0.278108003033,3.57323524433,3.39290923593,2.96540740463,3.55837923071,-0.166229061502,3.47428367414,3.47022393178,-0.102659019313,0.647168910607,1.45118766281,-0.584382864958,0.921557537168,0.547961273162,-2.47215858261,-1.1691403988,-0.142426745831,-0.57697762853,0.548352960165,-0.164990773755,1.83389250496,0.598849922907,0.433593139827,11413377523.0,01030303,0.08092486
364,600731.XSHG,600731,2011-05-31,0.228623105406,-0.130730105515,-0.100528314991,0.0816998805025,-0.132569822758,-0.611684023323,-0.34289879634,-0.291530651095,0.156812222634,-0.17963227138,-1.07476936748,-0.719408418119,-0.950635953191,0.0591257570982,-0.460793121091,-0.592754346661,-0.156836714962,-1.01349596876,0.159417269544,0.394590605135,-0.0589998156108,0.758551090108,0.303244390929,0.0948987418402,0.112895272898,-0.519465063949,-0.83450884936,-0.230053697869,-0.0387494782981,-0.759059830399,-0.844186828847,-0.791038597912,-0.7427002818,-0.835338351129,-0.515973862592,-0.339723654899,-0.0948987418402,0.127781501529,-0.366391124771,-0.509250322983,-0.103728776335,0.251332513161,-0.124793087163,-0.357699658891,0.337413484651,-0.431168596613,0.619241434226,1.18905562179,-0.104384497886,-0.859340833577,-0.223549841901,-0.989399851688,-0.920203521865,-0.458848698425,0.187437185795,-0.600644006654,-0.748262466622,-0.838273675106,-0.810103022371,-0.728705811209,-0.841898152803,0.153332957201,0.854217020694,-0.575200788151,-0.326769450962,-0.216641254975,-0.316296753277,-2.26713175817,-0.0591257570982,-0.206364615522,-0.316296753277,0.328977212703,0.228358636568,-0.154957170162,-0.154957170162,-0.503593336907,0.106246600799,0.109581613268,0.141078806998,-0.00727023534859,0.835910497744,-0.159227124492,1.23482903903,-0.397355787531,-0.108547469296,0.657929597222,-0.655915997742,-0.422075133493,-0.831971672426,-0.420869933321,-0.496594568383,1.36170106942,-0.45456929494,-0.10037282029,-0.337413484651,0.543664040037,-0.133715249233,-0.420197264999,-0.641230885548,-0.0603305704593,-0.372644041039,-0.431176616802,-0.254099488748,1.14907837246,2.16129700313,0.758631682268,1.6607464512,1.08853568023,1.04822312478,0.276148061464,-2.57914737496e-15,-7.73564212149e-17,3.93374321702e-17,-3.72480450954e-16,4.5110256648e-17,4.92669936463e-17,2.37877774227e-16,-4.34154062156e-17,0.0,1.18817628437e-16,0.0,-0.195617157488,0.279104167942,0.127495104995,-0.041132195593,0.136564009118,-0.527428498075,0.543799663054,0.260408531513,0.99223838756,-0.189208757198,0.608411733206,0.569020168824,0.799056572681,-0.447984412801,-0.232268393416,-0.571858735094,0.287937014624,-1.50171066393,0.121898541872,-0.762220911804,-0.841065411049,-1.90202725557,0.420831582901,-1.25700757853,0.18921624287,0.226354868338,1.09309045406,-0.628592652641,-0.271449054648,0.672873884913,-0.918602243612,-0.465668142849,-0.468377074974,-0.9492872543,1.0869185824,0.00726127427411,-0.727131686252,-0.225816742011,1.15633523805,-0.315718035675,-0.259745803734,0.0834031774294,0.0842610962182,0.0746316682734,-0.333371614281,-0.106444448117,-0.32303000979,0.0169989673695,0.407673432454,0.477970843801,0.19417345635,0.164819023204,0.0294468745089,0.240901394455,0.434755188147,1.27668741347,0.953645659621,0.386532799438,-0.00225724482642,0.218156607904,0.013235477222,0.21170091775,-0.334267596357,0.186203469198,0.17709277067,0.190234272822,1.2986090782,0.503984854929,0.23264948883,1.56182488187,0.582032913752,0.476657314581,0.437836168,-0.722972583863,-1.14001160978,-1.08032090825,2.3962461362,-2.22445753251,1.85171133923,0.425004451497,0.61845863505,1.36405830323,1.36405830323,-1.36405830323,0.316477410429,1.12326222422,0.0958136502333,0.101749250565,0.0994776203655,0.582469390562,0.949980203661,0.654770913087,1.13326183189,1.06392440577,-0.0565847380379,0.652563095851,-1.0662099121,-1.12056967438,0.233936597316,-1.82449560952,0.0822180668208,0.609694291414,-0.766772426738,-0.803377286336,-0.487421214628,-0.764529385595,0.303670330578,-0.721076090114,-0.752714837882,0.594328433927,0.330351155115,0.218313826664,0.222700119445,0.937563458229,0.731579024661,0.3184198658,0.269819141699,1.32414568649,-0.614037876018,1.15354315876,0.660082279301,0.712866459542,-0.684117940935,-1.43417035786,2024881374.2,01030303,-0.05063291
373,600746.XSHG,600746,2011-05-31,-0.203276555583,-0.0101470498349,-0.160873356949,-0.252825849378,-0.0931118329309,-1.01844919578,-0.023015432778,-0.291530651095,0.158803349176,0.503412939277,-0.694217994939,-0.719408418119,-0.950635953191,-0.4693224215,1.17481919656,1.14276960153,-0.0552877628284,1.20998412859,-0.285558118747,-0.649706852707,-0.758446312051,0.496787727985,-0.0286999957676,-0.457858871666,0.443763866578,-0.464550245191,-0.942566200763,-0.262836439582,-0.0629353630252,-0.656932991331,-0.655030885148,-0.616600955524,-0.693744809259,-0.635582745485,-0.452571160026,-0.191751052232,0.457858871666,0.1218375484,-0.290905517669,0.00604552964903,-0.152095245825,0.990989860417,-0.120074119831,-0.110061777444,-0.223918193245,-0.854052762267,0.525049035437,-1.10689789933,-0.147851280712,2.02621181906,-1.15029791625,-0.772845370354,-0.681804235392,-0.736740661475,0.39297357809,0.868138708333,-0.658488106177,-0.691611963802,-0.538782452158,-0.701273951462,-0.648226727214,0.628734543393,-1.64830667292,-0.376930590956,-0.206200266882,-0.254425191284,-0.241429141623,0.561579489045,0.4693224215,-0.266769129198,-0.241429141623,-0.237398131987,-0.414966238078,0.0437771377587,0.0437771377587,-0.553992150188,0.121992608438,0.334175156333,0.144685567765,0.0252767674011,0.1705865425,-0.134839728505,-0.707440192448,0.5298686434,-0.83002596781,-1.70324022422,-0.716768789606,-0.154792930507,-0.103716360856,-0.162076811041,0.0300467556149,-0.692362176418,-0.790856593118,-0.24557891286,0.223918193245,-0.757068035994,-0.149286798447,0.0967870104772,-0.786706201959,1.18312032469,0.937665759702,-0.31184166533,-0.259466081077,0.134204632346,0.303575887538,1.04972412234,-0.384105143317,-0.11945673527,0.629288824775,0.0735593556317,-2.57914737496e-15,-7.73564212149e-17,3.93374321702e-17,-3.72480450954e-16,4.5110256648e-17,4.92669936463e-17,2.37877774227e-16,-4.34154062156e-17,0.0,1.18817628437e-16,0.0,-1.01732324534,0.259131409529,0.130217344415,0.0151121050107,-0.239939908086,0.0676190382147,-0.579383765785,0.227288995425,0.370347744905,-0.438115050877,0.823154374562,-0.932532108469,-0.472518200873,-0.185233202363,-0.325704469638,-0.749084332476,-1.50294135312,0.00380380254954,-0.447764080126,-0.759445848281,-0.355081251038,-0.247365384033,-0.0254297023515,-0.109174592845,-0.464204769942,-0.780858933563,-0.964316654846,-0.400867884465,-0.347892131629,-1.32678942723,0.261844704866,-0.159281416715,-0.0826746341872,0.654952498582,-0.762269532951,-0.810074842189,0.264118183028,-0.317779691,-0.894939970919,-0.631902834291,-0.031519455104,-0.435156517149,-0.432484451603,-0.410130612282,-0.05683178778,-0.422626589899,0.0944516969661,-0.4205345149,-0.338572477509,-0.686842112753,-0.181784374834,-0.12222721617,0.0778294009371,-0.321434828016,-1.15942103848,-2.82742528667,-0.82379692849,-0.654002589852,-0.402110787972,-0.294684353171,0.359824080352,-0.275401218099,-0.0567309239518,-0.199688304691,-0.18582381335,-0.196716602686,-2.00469167921,-0.116458777132,-0.378969362228,-1.14772085741,0.162970953644,0.281614849954,-0.633872837865,0.494718079882,1.48618265153,2.26214006271,-0.210172771323,0.512764709609,0.121969010368,-0.0337336668202,-0.356509852896,-1.1463725765,-1.1463725765,1.1463725765,-0.318393987754,-1.35443137803,-0.388403971755,-0.385876879808,-0.378610651404,-1.46238999966,-1.31622562996,-0.873513902466,-1.40449526677,-0.733252285027,-0.393233912284,-0.429024157295,0.425017969858,2.55360676325,1.35669409853,0.341402073192,-0.354378102494,-0.883407608685,-0.64412333453,-0.612085487125,0.00911295284126,-0.645975890804,1.14837042825,-0.741403670349,-0.707284756864,0.797811348128,1.02999872047,-0.084954216929,1.45786009563,-0.923416415531,0.6348185569,-0.305560408379,-0.666226140202,-0.044655250343,-0.617852800773,1.32412269375,-1.0243888999,-0.850342081573,-0.541708508048,-0.0506213969614,2552490695.16,01030303,0.04681873
421,600315.XSHG,600315,2011-05-31,0.0878247952072,-0.120744652893,-0.089327909476,0.196383433877,-0.13961097235,-0.276331089899,-0.577206731066,-0.291530651095,0.142067123377,0.197317829269,0.0,0.547744242995,0.870475901469,1.46606978958,-0.0503875807828,1.1751722649,2.44665765594e-17,0.0,0.0,7.93025364058e-16,-9.84209892067e-16,1.82490242783e-15,-0.0762825270888,-0.676917635829,2.45985221537e-15,0.414086854924,-2.47949238401e-17,-0.134667768669,-0.0752607580136,0.0,3.20771794084e-16,8.90582963512e-16,0.0,0.0,0.533207984974,2.97329787707,0.676917635829,0.140928787871,-0.113514340982,0.323008086484,-0.160571843571,0.120257279805,-0.131938682729,4.54218592982,2.67540021005,1.01402967054e-15,-8.1698882719e-16,-0.850987201914,-0.125984336838,-0.489407341667,0.0412916704398,0.920582610463,1.18550183595,-0.736740661475,0.220102076935,-0.949367688398,-3.00322597325e-16,3.16130971912e-16,-2.91638721147e-16,6.0872919024e-16,2.96117715133e-16,-8.98619278934e-18,-1.4695009503e-15,-0.742140553243,-0.0610061627393,-0.208926849648,0.048058956774,0.229052699669,-1.46606978958,-0.206979660502,0.048058956774,6.74285373062,-0.277082768313,0.623793556803,0.623793556803,-0.281769988659,0.102303370141,0.205556438205,0.178930627883,0.196487991727,0.0680550019494,-0.0740809137459,4.31270404162e-16,0.442750075449,-1.25352432054e-15,-1.05958977398e-15,1.98706384238e-15,0.74127546224,1.40241165714,0.859302136029,0.733010572364,-2.7195173962e-16,0.0,0.0,-2.67540021005,0.0734319002247,0.302231090109,0.0259672467134,2.10848623752e-16,0.103555216977,1.37230410198,0.187873443961,-0.217402660852,-1.60047754739e-16,0.0,0.0,0.0,-1.18727070933e-16,4.21295747887e-16,1.70831315778e-17,-0.121002142882,0.205577961283,0.714999770808,-1.06658210077,-0.227931563666,1.01447924505,-1.05598396298,-0.395323728351,-0.792102406401,-0.330396002622,-0.329375728965,-1.45574150947,-0.17427744803,0.124658435158,-0.00288607118249,0.182408002134,0.662666574504,-2.77972381537e-16,-8.23210556648e-16,8.87451555623e-17,3.27807233947e-16,-5.09700106472e-16,0.0,1.88784647116e-16,0.0,-5.47413631414e-16,1.04687384286e-16,-2.72791424743e-16,-1.01704148261e-16,0.0,-9.7292823728e-16,-5.24807007189e-16,0.0,-3.97943957489e-16,0.0,-4.28901998516e-16,2.20477033363e-16,-1.17016706775e-15,0.0,-3.05009394922e-16,0.0,4.94527383255e-16,-4.43961299021e-16,1.6026037815e-16,-3.28973755203e-16,-2.64939393754e-15,0.0,0.0,1.9346164544e-16,0.0,1.51048039355e-16,3.34497883927e-15,0.0,0.0,0.0,0.0,7.72794166127e-17,3.30876909446e-16,-1.60619898053e-16,5.17574277807e-17,0.0,-3.65168380442e-16,1.860075652e-16,-1.94977774381e-16,-3.44812968601e-16,6.99528762594e-17,0.0,-1.10909522904e-15,3.53146246197e-17,-3.07298054031e-17,0.0,-1.79393786747e-16,0.0,-1.20573047583e-16,-4.23142437072e-16,0.0,2.11510442119e-16,1.16541956501e-16,0.0,0.0,-5.94611702875e-17,-1.51092713114e-16,8.84109972472e-17,-4.28533269348e-16,-1.70885961413e-15,1.11232709822e-15,-7.43106631271e-16,1.59652760439e-16,0.0,-2.56053301355e-16,6.51947799832e-17,1.29261101457e-16,1.97054451669e-16,-3.94108903339e-16,0.0,0.0,-1.22633519914e-16,0.0,0.0,0.0,2.12411113131e-16,0.0,7.86322718222e-16,0.0,2.36518129616e-16,-1.83573509072e-16,0.0,-2.71914299165e-16,-5.50270508242e-16,3.54197976534e-16,-4.96482341982e-15,-1.01299711523e-16,5.94340865369e-17,1.19790270125e-15,-5.92920076513e-16,-6.93704276725e-16,0.0,-6.21063243267e-15,9.22718130614e-16,6.09516881651e-16,1.03867317914e-14,-5.48012451251e-16,-7.32617908282e-16,-1.82645583997e-16,-5.56131586268e-16,3.22781443553e-15,0.0,1.01407008593e-16,0.0,-2.43327385311e-16,-8.97204043135e-17,4.2342762735e-15,3.45719146342e-15,3.56095115573e-16,-0.715320372188,15601422520.3,01030303,0.0
437,600486.XSHG,600486,2011-05-31,0.624860749248,-0.142556119012,-0.124643473804,1.12377178544,-0.164722043815,-0.181489812299,-0.565153853765,-0.291530651095,0.22079734313,0.203558339933,-0.551028786813,1.01360919193,0.921062341876,1.0079688126,-0.812836402656,0.765942944409,-0.320443360067,-0.00420295529035,-0.266211362734,-1.57328866734,-0.948156768626,-0.842027081738,-0.0656292010949,-0.632224036187,-0.442491295064,0.935777633118,0.722317435673,-0.14987422115,-0.0825695010067,1.52565378506,2.15072509654,1.58858630867,1.52170413992,1.89101141291,1.0971883123,0.479126113235,0.632224036187,0.0384697955331,0.220509470441,0.649238554337,-0.156582856396,-0.057979527287,-0.126649575559,-0.276350491877,0.0661479369595,-0.176342069145,-0.157845855783,-0.416421866686,-0.137973389443,0.110466013764,0.0296323596352,-0.425516303747,-0.29222239317,-0.708019983729,0.223063660408,-0.906554087867,1.52901381001,2.14924015533,1.53976033803,1.48707224663,2.00491177188,-0.107774796205,-0.650967452339,-0.716421541814,-0.17739375662,-0.241749146847,0.0490571915961,0.468709852652,-1.0079688126,-0.252741372546,0.0490571915961,-0.568144039382,-0.4523917513,0.436749502289,0.436749502289,-0.38359616243,0.10612677378,0.203303090446,0.113607256934,-0.0738085581185,0.0328054087879,-0.161309416234,1.88277005465,0.342557779701,0.0980731335647,-0.0740903110442,0.546821535584,-0.00480723386667,0.8934332196,0.0264349303153,0.657643174407,0.325376566699,-0.808682219525,-1.29162918611,-0.0661479369595,0.168401105894,-0.335689079877,-0.441443194128,1.06079233335,-0.488688131272,-0.465471404127,0.129449040636,-0.251862442701,-0.650015985013,-0.65650687388,-0.448078796557,-0.393034626263,-0.523261565379,-0.597156517261,-0.186977232829,1.67881139407,0.935415758536,2.06141611177,0.511612552401,-0.222893231997,0.737130727265,-0.393916697157,0.795349009589,0.159907997536,-0.316938060889,-0.235715629427,0.892698573353,2.15055163123,0.129012813698,-0.296481320333,-0.494527962589,-2.31257110694,-0.547836482675,1.24311954261,-0.0923133141815,-0.283102234529,-0.677490387633,0.629512427085,-0.561960341939,0.45121982561,0.108193931818,0.477515761769,0.201048285572,1.15241758076,-0.645391335843,1.62422417601,1.45661640909,0.496389974865,0.16678163039,1.44820288868,-0.354371013225,-0.491230664094,-0.709909144181,-0.186318208348,0.198184792413,0.0464619473038,0.613707093003,-0.0472137048307,1.03863395864,0.0386210087421,1.35358520411,0.241334058801,0.257218319927,0.0120410038374,-0.0755751078601,0.462091126844,-0.631084384178,-1.10531752918,-1.10534504762,-1.09589152833,-0.455381360068,-0.57542344186,-0.362448793454,-0.54575285681,0.120996115317,0.0850160730737,-0.804456189569,-0.821954156444,-0.88708511513,-0.740633024963,-0.0275159774889,-3.29842105871,-0.980887189544,-0.495654478376,-0.250600551278,-0.664676955532,-0.61874074663,0.342684670046,-0.455054254618,-0.838269559297,-0.834439573241,-0.837710510617,-0.199526805009,-0.772543102894,0.149913939685,-0.991710156059,-1.92641883545,-1.80370902467,-0.502938316838,-1.00956513582,0.584602225516,0.669686692501,-0.929184883744,0.351751636544,-1.17533773627,-1.9537159398,-1.71871803405,0.113812607757,0.113812607757,-0.113812607757,-0.308198842044,-0.739398701054,-0.988514788106,-0.988402100923,-0.98743298614,0.104927377278,-0.58240659812,-0.549464402329,-0.756217551547,-0.4111409578,0.64515352105,-0.574856146483,0.357012231017,-0.582459944026,-0.248401684177,0.687230195965,-0.357115382553,-1.09272346073,1.53350076075,1.64124245338,0.49481667706,1.53107889866,-0.527044666135,1.52782263527,1.5453644379,-0.53769145657,-1.57401061798,-0.971935656568,-1.12915578233,0.00586622877035,-1.2123524009,-0.332090181941,-0.220855648931,-0.839048651182,0.0527931636641,-0.444597345538,0.599059927149,-0.0251423536936,0.88366878868,-0.550158782319,3699848607.91,01030303,0.01163332
445,600527.XSHG,600527,2011-05-31,-0.151182439213,-0.0612211040396,-0.164187762663,0.0746350491361,-0.132071307979,-0.62869324059,2.67627637845e-16,-0.291530651095,0.11419135179,-0.207191296734,-0.180512237485,0.230956077716,0.996942002487,0.578569493889,-0.0887838036395,0.550779935117,-0.969228332033,-1.17285802352,-0.595106214949,0.276017843164,0.443644244569,-0.155360554099,-0.0718363763058,-0.666295390174,-0.31250720469,-0.135061332648,0.0728298632169,-0.0961579214756,-0.0835858055058,-0.495459205353,-0.506794021966,-0.514374948771,-0.4658504135,-0.509283779707,-0.0563991832079,0.477017078438,0.666295390174,0.0958397722965,0.280897956122,0.584363177207,-0.14349399223,-0.148800417165,-0.126425760334,0.378918523915,-0.0251691781049,0.168450096156,-0.346230653361,-0.442978637172,-0.11111842974,-0.782681683328,0.0621567558876,-0.492026125012,-0.365695255191,-0.736740661475,0.0,1.91663891438e-16,-0.509523531811,-0.46858507798,-0.536270528689,-0.467512013594,-0.501981296271,-0.129648947141,0.372395847247,1.03832140577e-15,-0.0707632065377,-0.183141866086,0.0924804063556,0.0895206234216,-0.578569493889,-0.191378808037,0.0924804063556,-0.702171792705,-0.179732661406,0.69573357777,0.69573357777,-0.129202152537,0.114425808738,0.120581508248,0.128044300262,0.215127425666,0.0297610368495,-0.160145357309,-0.0594991768265,-0.369247272769,0.616318252216,0.514770553884,1.25378779401,0.47880049312,1.30477742855,0.526286620811,0.643221018008,0.960981988051,0.43499802287,0.344513931415,0.0251691781049,0.875864014525,1.18735673369,-0.561836792526,-0.229114127569,-0.489988812125,0.546759419588,0.222679471474,-0.193560154541,-0.105674615317,1.16218648718,-0.0299642008237,0.678503327198,-0.0167944903266,0.878220800138,0.240801930322,1.68229602821,0.224901568949,1.21104789643,0.500876534352,-0.421663542671,-1.92541504346,-0.455409676216,-0.415345550533,-1.98211541132,-0.311359570131,-0.257013228883,-0.825387638026,-0.240187550792,0.120442577649,0.0747310636505,0.612531571947,1.25771411079,0.762126892199,-0.527045513096,0.0461332916128,-0.435162425804,0.427154482345,0.84795669303,0.440607840045,-0.564482550251,-0.640773877059,0.835243673483,0.770954192938,0.61807422483,0.128834894095,-0.412964561835,-0.630889337958,0.805563267378,0.845586705049,0.285172449757,0.0794871146424,0.919253422927,0.935676630268,0.858817055642,0.772627386529,0.381688558961,-0.630380762135,-0.33078200524,-0.762850495336,-0.903655018995,0.0515264869806,0.8284346495,-0.797455456539,-0.43579372644,0.654275265847,0.668141848662,-0.270290915552,-0.334527048568,-0.333720276912,-0.331753210695,-0.349223865735,-0.345364872608,-0.504182953368,-0.379693625928,-0.836272869287,-0.451365699084,-0.246229259544,-0.247709744336,-0.12431260554,-0.186113523411,0.565355338962,-0.502293454671,0.359499823298,0.3581336962,0.10469161547,-0.340058938964,-0.398071912221,-0.368744801207,-0.349101459855,-0.146106482313,-0.16122197635,-0.153896593301,0.470461390821,1.32790873597,0.668640097742,-0.241150293826,0.557162061041,0.590075393684,-0.154668171689,-1.46153793228,-1.29972779078,-1.11729098491,-0.659555341586,-0.131287582654,-1.17533773627,-0.0250427756898,0.268941629937,0.620016571911,0.620016571911,-0.620016571911,0.791177703648,0.558156768864,-0.421302157786,-0.42228191861,-0.422086006817,0.790628729686,0.17299534642,1.90140202234,0.4392108133,0.717952980229,1.11474274249,0.698895134082,-0.0786367772563,-1.54282364563,-1.85026725599,-0.943528279528,0.449926021333,0.439511403012,-0.502187567204,-0.516406209087,-1.6421130873,-0.497051426423,-0.879469210195,-0.433200154016,-0.424890824253,-0.900218487618,-0.559446450472,-0.933672721479,0.185252957807,0.0578287275113,-1.20126810319,1.00890143904,0.602294241827,-0.729055718758,-0.43869516747,-0.320371535587,0.937225461992,0.557168397678,1.88181778675,-0.816626253695,3446040515.4,01030303,-0.00713558
454,600579.XSHG,600579,2011-05-31,0.0372544823609,-0.115137543393,-0.148644342765,0.475914819782,-0.151211104014,-0.591497987267,-0.580340479164,-0.291530651095,0.0752836628762,-0.284906973011,-0.193634698607,-0.719408418119,-0.950635953191,0.594890044666,-0.0289524720228,-0.779594164589,-0.0665709797322,-0.0952669865812,-0.0959599098227,-1.24757071879,-0.597103774215,-0.809563493657,-6.20002702617,0.749269158119,0.0656283309441,-0.752853043667,1.37123327611,-0.420233097084,-0.0883754107512,-0.719444431847,-0.84454798578,-0.721400577618,-0.731581813194,-0.777594361501,-0.779265923851,-0.858274081345,-0.749269158119,-7.9965275415,-1.50056237147,-1.47682023332,-0.123050432961,-0.0675350696164,-0.124074522492,0.0340452717396,-1.06994440634,-1.19336478719,-0.228490154875,-1.17449695147,-0.132293552437,-0.251141907282,7.03449815624,-0.995573759147,-0.921960256963,-0.736740661475,0.219514758693,-0.96179744339,-0.705488618802,-0.862423649896,-0.708723104601,-0.729391179347,-0.777385464128,-0.0510800727158,0.142301626075,1.03832140577e-15,-4.28557381687,-0.804301343103,-0.720082738799,0.0556619018201,-0.594890044666,-0.852788716932,-0.720082738799,-0.317382436389,-1.5264820945,-1.29520650248,-1.29520650248,-0.27422730912,0.106291582018,0.0670348496643,-0.296499276048,-0.489387664111,-0.034346924041,-0.200594597407,-0.707440192448,-0.444837189845,-0.992612671701,-0.374724302053,-0.641597693773,-1.22680608277,-1.50420734464,-9.11542141402e-17,-2.1877087139,-0.392081213573,-0.205696126258,-0.0578923144847,1.06994440634,-1.23614346216,-0.349777624403,-0.55475481615,-0.553869729479,-0.730181209585,0.558104986188,-0.922190219215,-0.842315098994,-0.511624111361,-0.773590137468,-0.590978721681,-0.919874120048,-0.424021395267,-0.833945469436,-0.170657271859,-2.57914737496e-15,-7.73564212149e-17,3.93374321702e-17,-3.72480450954e-16,4.5110256648e-17,4.92669936463e-17,2.37877774227e-16,-4.34154062156e-17,0.0,1.18817628437e-16,0.0,-0.364800519559,-0.905280405941,0.1263267102,-0.304355522418,-0.624899855097,-0.527428498075,0.335988194945,-0.126150829996,-0.0178143323107,1.62872250044,-0.688824345855,-0.191838012866,-0.0232669904252,-0.54531835448,-0.513809287996,-1.29620176924,-0.789879430864,-1.64686188071,-0.248633668176,-0.697755455885,-0.710791107662,-0.837597450782,-1.20494053832,-1.35146297859,0.0262764854951,-0.788479750252,-0.539676133031,-0.9864896758,-1.13831217397,-0.456778345506,-0.648559901264,-0.468167422775,-0.809619803276,0.11744032427,-1.8464328999,-0.994263262801,-0.457534386259,-0.461060666476,-0.278501226292,-1.03665747108,0.435478353973,-0.875045954474,-0.872917566094,-0.865024228792,-0.599271337402,-0.585990671303,-0.69462597059,-0.535267415758,0.225779597454,0.17140978263,-0.686537284421,-0.705980656205,-0.791424127955,-0.627730097619,-0.0161783557464,0.555071304983,-0.669703619952,-0.380813554495,-0.10294374313,-0.631450125711,-0.705767330572,0.354289547946,-0.599840358291,-0.589972318011,-0.58519426284,-0.587925060522,-0.00196357569214,-0.76584242142,-0.0275577373742,-0.18290612013,0.0235104539695,-0.237894501318,-0.475255707372,1.38940439931,0.0137959280544,0.203978767768,0.0594567708348,0.673777782675,0.698549786654,0.312022866801,0.242861746811,0.43045632166,0.43045632166,-0.43045632166,-0.39002830103,0.318020087873,-0.800097648305,-0.79857200459,-0.796282341372,-0.519550640094,0.0434978702131,-1.28665986205,0.396630996208,0.145310620715,0.0148457350831,-0.229264713772,-1.85935847666,0.69192242873,0.666146791184,-0.399445241543,-0.957948355372,-0.792882517685,-0.718066828471,-0.728242433776,-0.287474570009,-0.719286295927,1.36653800314,-0.744814686793,-0.756849524259,1.44100446773,-0.420542711818,0.628689218601,-1.18758857189,-0.236050158085,0.0982295215949,-0.21642036921,-0.282601024669,1.33636712342,0.0894698639599,-0.456176775725,-0.693851159073,-0.457982965676,0.598849922907,1.44945024028,2011572000.0,01030303,0.15247776
457,600688.XSHG,600688,2011-05-31,-0.204952219067,-0.00759804991738,-0.161787675767,-0.518741860461,0.0231873041656,1.48336178436,-0.554185735422,-0.291530651095,0.112254039479,-0.273278692272,-1.10603170133,1.40493574904,-0.115959686472,-0.259969149468,3.757516086,-0.283530368518,-0.213252799481,-0.216685694969,-0.227517850709,-0.545777112546,0.666155107188,-1.3565133131,-0.0294148670699,-0.467879858133,-1.05696154047,0.324850274444,-0.170156244436,-0.243087799996,0.200838901476,-0.641465894246,-0.694505337933,-0.652096793082,-0.632370862552,-0.689432730488,0.414565203225,0.0682725281769,0.467879858133,0.341041876562,0.377142105176,-0.0180510389992,-0.156956823944,-0.127635539471,-0.124331321014,1.69614548338,0.0251895250556,-1.01708693844,-1.59427993732,-0.78580240163,-0.141290923244,0.455855046192,0.0083728364939,2.2326314896,0.264765970112,-0.695600231191,0.140451726467,-0.876170242329,-0.643931472591,-0.707361947361,-0.648157838746,-0.637980203864,-0.704254413684,-0.30163117067,0.391429617348,-0.713615831477,0.0247164363464,-0.200180156989,-0.199004161685,0.191452447067,0.259969149468,-0.207488255389,-0.199004161685,-0.645966605828,-0.248937031469,0.12201191056,0.12201191056,0.352157941653,0.108179318434,0.153966634254,0.123577517058,-0.0183191578574,0.0243426343532,-0.219111087512,-0.707440192448,-0.445193746058,-0.0261250430183,-0.034960172532,0.265824820209,0.38361726256,-0.252568545419,0.574235600319,-0.0383421795686,-0.32522453137,-0.233120166884,-0.604989737733,-0.0251895250556,0.567502464132,0.0730498273229,4.31056295442,0.0284113672782,-0.293152443087,3.84522505464,-0.226069668959,-0.214029705414,-0.470106549266,-0.500395855763,-0.490419515112,-0.95559205183,-0.420599320436,-0.451440238999,-0.3454914654,1.61376488999,2.46495362691,2.06141611177,0.361308299718,0.255260696051,0.903539837935,1.57278732645,-0.23765187866,1.4094216527,-0.355612921276,-0.302322021548,-0.495188386535,0.448872614452,0.124839114765,-0.0433819676171,-0.0366388083137,0.662666574504,-0.0285581876656,1.33308604363,-0.276642340141,-0.465279201552,-0.824171892525,0.211443708877,-0.116109973357,-0.781592715498,-0.820003500842,0.289493499903,0.227031977611,0.594943469237,0.247273528183,-0.576821108671,-0.699653016636,-0.00170060693502,-0.16720516222,0.189636487959,0.409561829399,-0.21444235369,-0.589622216559,0.0673102071034,0.253679856385,-0.137287833685,-0.735669436234,-0.54237104378,-0.798071826007,-0.650010905868,-0.712910992665,0.100634570834,-0.66827722483,-0.549451392909,-0.168906998976,-0.132660098265,-0.190449354645,0.303173556882,0.304527392374,0.30145602006,-0.298363949718,-0.373622096586,-0.0519915291,-0.285765458654,-0.539426625501,-0.438622926551,-0.170141932864,-0.153844831687,-0.029742006897,-0.189325719627,-0.0414759901661,0.684639697458,0.219142547125,-0.126776269998,0.19010538923,-0.21366232235,0.362503333462,-0.259255301021,-0.29885792821,0.582614453209,0.58690328881,0.582005335432,0.0139527526153,0.532563839059,-0.246159915205,-1.16219486931,0.557944591291,0.560312355548,0.0686864598945,0.177341449837,-0.363527189881,-0.561620797246,-0.929184883744,0.512764709609,-1.0311925422,0.234274624526,0.305500037534,0.603687411777,0.603687411777,-0.603687411777,0.314599357272,0.307305617746,-0.156768337029,-0.156788490954,-0.154321527692,0.068193376256,0.0434978702131,0.0369166803778,0.264633563224,0.340452139062,0.404406370901,0.235574751766,0.0543540373563,-0.585991376256,-0.884793110061,0.451709319249,0.0738237413084,-0.102729074063,-0.643651283041,-0.659065631496,-0.964793828654,-0.6400304305,-0.373208555633,-0.625671518485,-0.613593792953,-0.343564078654,0.606585264144,0.650145744583,0.160329311511,-0.21649084428,-0.635878064802,0.728216434754,0.27383807148,-0.667948534078,0.694022428238,-0.497819320974,0.12995059498,0.0412888193684,-1.32560187286,-0.650860427264,63432000000.0,01030303,0.0045403
469,600871.XSHG,600871,2011-05-31,-0.140468033064,-0.067651417982,-0.144987067494,0.00388069672693,-0.126556426297,0.763746144908,-0.577568317385,-0.291530651095,0.137815799139,0.291158054839,0.161443661167,-0.123101283477,-0.950635953191,0.936496055751,0.517809741456,1.90877788813,-0.506616438979,-0.70236052852,-0.432593464443,-0.717207611781,-0.00226397813023,-0.84264347898,-0.111049682624,-0.884151635962,-1.04514480498,0.215020636929,0.268362213375,-0.159748540943,7.94477645517,-0.512026260108,-0.404044874506,-0.510614796488,-0.518004583932,-0.456287743086,0.297630877532,0.717651145395,0.884151635962,0.140768357287,0.371480684643,-0.051415518666,-0.160322531872,0.692444019245,-0.126607168464,1.16875303,0.105763450112,-1.11938289212,-0.652355949426,-0.44056438531,-0.140869673905,0.403289308696,-0.228122644992,1.73039347219,-1.00628354165,-0.736740661475,0.220089580802,-0.949367688398,-0.502169135051,-0.283251373148,-0.513137847857,-0.508754041334,-0.470741818603,-0.101766992863,0.749555413425,-0.741205316464,0.195929323951,0.0870843176489,0.0864909974233,0.169572315208,-0.936496055751,0.0970536318471,0.0864909974233,-0.505453638634,0.953800777652,0.526674528498,0.526674528498,-0.0253188843465,0.11078896655,0.275410218728,0.130808539048,0.0202875613399,0.0242751148743,-0.170795411945,-0.707440192448,0.629228974652,-0.450656992066,-0.0702727365552,-0.645177269765,1.07585893936,-0.292582573527,0.880977702108,-0.0583471061868,-0.372048704147,0.205321682626,0.120268352286,-0.105763450112,0.124184674105,0.544246047303,-0.384787383117,-0.351039914953,0.351118139269,1.83479065319,0.0952645493288,0.0806460544049,-0.38245836262,0.053798258551,-0.453371386376,-0.384105143317,-0.35900197347,-0.263223379578,-0.162307837496,-1.71986844402,-3.55955267098,-0.985736659882,-3.72480450954e-16,4.5110256648e-17,4.92669936463e-17,2.37877774227e-16,-4.34154062156e-17,0.0,1.18817628437e-16,0.0,-0.973568927564,0.315055133085,0.123333451369,0.24983831953,0.360924186954,1.85276164708,-0.728607422403,-0.142463437324,-1.04705133936,1.107584175,-0.909018764584,0.175820490123,-0.830966933509,-0.667111861814,-0.674055856716,-0.555262988811,-0.267272442812,-0.815162355855,-0.432262256634,-0.457420349194,-0.553292000879,-0.851375204737,-1.2465527237,-0.629462168864,-0.956581410706,-0.742047380161,-0.681227365273,-0.710087881436,-0.313317607862,-0.170424515044,-0.489763868197,-0.624997238135,-0.65314471128,-0.63875100365,-0.248502592841,-0.380301860763,-0.497197175478,-0.424249348666,-0.0616871341506,-0.593196046337,-0.875128400534,-0.793935177289,-0.793390154979,-0.787229732692,-0.586928474609,-0.585538225085,-0.685071630439,-0.544308381908,0.0648610141277,0.0871699254731,-0.692268341434,-0.711620335476,-0.772076286071,-0.625086743726,0.0998070303274,0.660829811915,0.111002510501,-0.0784292072302,-0.037651699623,-0.550973403391,-0.714117333217,0.493749906708,-0.5877340397,-0.501875363875,-0.498991563352,-0.500866343766,0.0704471891591,-0.133354892055,0.0611279086207,-0.661110870373,0.101967617241,-0.0385518251623,-0.228753830662,1.11167429483,-0.433237178022,-0.070446921542,0.329086312993,0.512764709609,0.986840174797,-0.0525247827779,0.00884136697195,0.238766180956,0.238766180956,-0.238766180956,-0.0938324888331,0.342983698684,-0.782982138074,-0.782018626405,-0.78068279936,-0.213433964912,0.000332044810787,-0.691104643851,0.366825124244,0.259498234071,-0.450113733474,-0.00519993871705,-0.673870681087,-0.331046751258,-0.0568621417205,-1.00613509486,-0.300362442675,-0.0526217498906,-0.511611738,-0.507093626295,-0.421188888598,-0.512347012335,0.479882602608,-0.521955840798,-0.535463661172,0.575617361357,-0.365474822091,-0.146318231529,-0.341320762393,-0.244941466802,-0.083116857421,0.232463399459,-0.272736378841,-0.887934398926,0.235423268872,-0.470452623112,-0.232369620923,-0.28152516223,-0.684117940935,-0.516221444049,37080000000.0,01030303,0.01402373
515,600176.XSHG,600176,2011-05-31,0.289899781974,-0.13359320021,-0.100071155582,2.00758616584,-0.172880639557,0.997639428255,3.02130031584,-0.291530651095,0.16466910034,-0.222036735145,0.408840648791,-0.719408418119,-0.672410530951,-0.722009569733,-0.729366352968,-0.687164984541,0.305775178092,0.0640950681778,0.132331811126,0.651022060241,0.973769726028,-0.325486192904,1.27827653971,0.286099163626,0.91643328612,0.425069818676,0.50220060874,0.0719030014021,-0.118421263973,2.37067511212,2.41527255002,2.34315695718,2.45356865183,2.42590760076,0.528462273704,-0.607979274353,-0.286099163626,0.111457689629,0.416772048904,0.6807494518,-0.0431460336235,-0.00324053819638,-0.119152943483,-0.81264512133,1.06190736079,0.509132156175,0.101183240887,-0.78580240163,-0.11797564665,-0.676309829832,0.00049076800848,0.655011045665,0.901427436937,1.51045831346,0.039120585592,1.03732148462,2.29737075147,2.36434755789,2.2595987987,2.4478213033,2.52158005943,-0.260788630199,1.12591529929,1.08718258692,0.149699521192,0.149410052776,0.12841685995,0.233960791666,0.722009569733,0.0866570061332,0.12841685995,-0.267662463382,0.821301329087,0.672353070955,0.672353070955,1.19076676672,0.375256414027,0.102999465867,0.159136778129,-0.0333272252935,0.0581536200971,-0.168113015292,1.23482903903,-0.362829260941,1.35360379139,0.419331191659,1.78714461683,-0.149024249867,-0.033291671386,0.759463164997,0.554827156206,1.5372400477,0.881667084568,0.761337803527,-1.06190736079,-0.225701873098,-0.200336382865,-0.207737973707,0.278720070972,-0.343445436057,-0.983860656215,0.259350107603,0.165294485902,-0.37323223771,-1.05458997008,-0.670367568972,-1.12525222779,-0.345313674144,-1.09502046799,-0.28842641861,1.65964590626,1.92537904361,-1.26919273166,1.47785417679,-0.103273486571,1.40276716995,-0.461623252497,-0.830172678885,-1.32760825862,0.0327945143834,-0.253806254447,0.485783418027,0.177243100037,0.124146509603,0.492063774129,0.0180499974895,0.0676190382147,1.12567177376,0.974208682433,1.38967287024,-0.579545791889,-0.444355171036,1.61755264536,0.646018688728,1.57736848762,1.56619117398,1.84395387725,1.23525144182,1.67645515449,0.346800945314,2.5109299996,2.03454152207,3.44490514914,1.84367569349,2.20438347051,0.777204208099,2.70345540983,1.50304753876,3.22871887676,1.44186489066,0.526039608571,1.00816378875,0.981839811921,0.632145158769,-0.110720852258,1.14339892151,1.03692570894,0.758258047796,0.991701258165,0.923637479588,1.31792609918,0.305170900795,-0.7575700241,-0.758546773017,-0.759139251804,-0.198291412621,0.187475925874,-0.0230642421399,0.558326674361,0.522624715709,0.461274848389,-0.463385406195,-0.495482880477,-0.65769173984,-0.389758922645,0.14019374871,1.32814780689,1.13396230268,1.26651435061,0.849216394023,-0.0885071227567,-0.435282561736,0.564287381943,-0.197104355668,-0.605766160771,-0.600293207038,-0.610512972449,0.36071351781,1.23824379788,0.0349456572974,0.256820654444,0.571281628586,0.527264433605,1.88529287211,-1.2939571072,-1.56944893174,-1.26639491222,-0.389925799428,-0.292300655719,-0.887047348132,-0.932653676446,-0.364194104174,1.20999622719,1.20999622719,-1.20999622719,0.971917962237,-0.385710728407,-0.701572160118,-0.703906228836,-0.704888883231,1.25592607596,0.324075735328,1.0094746416,-0.51138360327,0.577348829456,2.38395642693,1.00195223661,1.53368295601,-1.11486981885,-2.10326056378,-0.268269057043,2.19996040534,0.457819848383,2.35493778738,2.35732666457,-0.0679498164388,2.38119502905,-1.60669445984,2.54967312515,2.5728254243,-1.86851649313,-0.62849726514,1.19044086532,-2.02501383361,0.863955788488,-0.243839174294,0.395886804601,1.89693766744,0.450312945564,1.09898662215,-0.480484285923,1.81569307318,0.824969064084,0.598849922907,0.700275274192,11744732160.0,01030303,0.09970888
532,600227.XSHG,600227,2011-05-31,-1.33458452989,-0.172642774437,-0.0565267218964,-0.734596980166,7.8464510837,0.669500520831,1.05969453515,-0.291530651095,0.163646629954,-0.102614291947,-0.580361346969,-0.719408418119,0.819889461061,-0.698935687601,-1.19926934469,1.53579759033,-0.275310492452,0.102038414549,-0.262342011531,-0.667564196377,-0.676888545673,0.292760240868,0.141230143572,-0.121754985571,-0.0998059658956,-0.485143302225,-0.665847904048,-0.17179521109,-0.11102602698,-1.0373152761,-1.11942452755,-1.03466304232,-1.04828711511,-1.08207819678,-0.475540402572,-0.394830693133,0.121754985571,-0.00431704116381,-0.130498602579,0.81050020606,-0.163563583952,-0.0112179027203,-0.119341419462,-0.943571047926,0.541534094794,-0.309692151619,-0.110749656389,-1.1213834105,-0.112706162961,-0.761087821196,0.0406164465916,0.0173212403716,0.105833112463,2.8789597963,0.532130512951,2.28858348724,-1.03126303527,-1.12880303283,-1.0126165909,-1.05319335642,-1.08993027032,-0.762151858992,0.316528526386,2.84028392958,-0.259167076073,-0.256245568944,-0.0293042419354,0.29581697718,0.698935687601,-0.272103461617,-0.0293042419354,0.318168522919,-0.484389470791,0.389089238399,0.389089238399,0.108392252929,0.102383746418,0.125028905141,0.110319671161,0.0635856964128,0.0855766635967,-0.0995636819517,-0.0594991768265,0.690913199436,-0.782604845842,-0.480661994123,-1.08188554079,-0.38073292224,0.370049731945,-0.302639572889,0.465968063553,-1.14355675154,-0.228320959774,-0.0236504522296,-0.541534094794,0.345266833052,-1.39586631517,-0.441443194128,-0.624898147674,-0.301823648772,-1.37930522297,0.0418124356485,-0.265296309893,0.115752382526,0.576770169242,0.462246652381,0.669573844252,0.0208483328192,1.24858300739,-0.187627338522,-0.165721614435,-1.70151347227,-0.950304650909,0.237844092157,-0.679593618745,-0.094914826086,-0.934069311115,-3.2728349852,-0.673101105909,-0.206518725835,-0.228643839646,1.15055735279,-0.170282896347,0.123929694074,-0.666568818305,-0.999006277259,-1.12247603436,-0.149239064326,-0.24083340272,-0.897254030318,-0.735739658267,0.393869946806,-0.134706435619,0.210370845743,-0.732925744659,-0.794610583029,-0.85764031491,-0.736284226835,-0.346363774688,-0.193453558661,-1.02535900758,-0.992567084203,-0.346377229843,-0.713764135479,-0.183839669033,0.134421095735,-0.819962163173,-0.794551352999,-0.730344416333,-0.801811534832,-0.358672895185,-0.782634532269,-0.492910294043,-0.621965172653,-0.543338148011,-0.35227204902,-0.756353219511,-0.691124453643,-0.544093059074,-0.0881326198289,-0.964822026295,0.0596204398934,0.735011082641,0.746327773647,0.734171272446,0.233322046459,-0.0357660408117,0.222239104715,-0.139015624661,-2.97633312285,-2.53805153943,1.15253199563,1.29582674683,2.11935792924,0.808141094401,-0.553578431525,-0.445430541995,0.24112019891,-0.549738020835,-0.360161612295,0.349438647468,1.31053851523,-2.03227882016,0.233251035976,0.473417758873,0.511634030098,0.488391733519,-0.462159343539,-0.0773955370751,-2.06568493048,-0.961014807047,0.622010002583,0.585954357634,-0.127733414854,0.382199869473,-0.330135902051,-0.77857814956,0.149333284887,0.512764709609,0.698549786654,0.271152189593,0.222137553969,-0.438538982863,-0.438538982863,0.438538982863,0.021533633671,0.150344153308,0.485122471124,0.499968267268,0.520388198295,-0.923624651335,-0.323411645706,-1.33184441601,0.187989892459,0.0106714945202,-0.208043796785,-0.0272266454173,-0.140254221903,0.870786373413,1.34931645636,-0.238456287838,-0.335855840766,0.359211204018,-1.03484709549,-1.04034747103,-0.284558681442,-1.03891830717,0.765178662085,-1.06313004883,-1.05571357688,0.921772203905,-0.217547353608,-0.360945355435,0.0699194014938,-0.139353262364,-1.00393126189,0.471938822145,-0.157648844181,-0.790162903438,0.0529232957474,-0.457120542215,-1.02947409591,-0.473552771862,-0.0426340090138,-0.556310750985,5939953287.5,01030303,0.0112
533,600228.XSHG,600228,2011-05-31,-0.309437548552,-2.24707482312,-0.14007260385,-0.0998331485074,-0.116270966311,-0.854644476965,-0.475359917875,-0.291530651095,0.232044517381,-0.234440234601,-0.341841318338,-0.719408418119,-0.950635953191,0.206010714089,-0.00631539454733,-0.707445788234,-0.027079720569,-0.0269689631131,-0.227517850709,-0.726136283616,-0.636109662483,0.144824902777,1.20039043952,0.315160024379,0.254696098761,-1.18530724138,-1.36221750198,-0.479479015842,-0.249773214599,-0.706211094954,-0.49678997492,-0.680239443952,-0.707873817058,-0.562484763939,-1.2547861931,-0.531985988294,-0.315160024379,0.298038458577,-1.74777773472,-0.388767479742,-0.126665452588,-2.21411631163,-0.124199387828,0.109049793926,-0.709376091712,-0.224293297432,0.383760437254,0.464780063081,-0.138115266312,0.122531513754,0.048572054308,-1.00642486923,-0.93394739057,-0.736740661475,0.216078322173,-0.898958126482,-0.700585687629,-0.433223250488,-0.716439470812,-0.706774030774,-0.496980312653,0.107304158742,-0.319768822511,-0.722968199269,-1.48994845807,-0.303930583745,-1.02554259435,-0.610074541906,-0.206010714089,-0.324334973736,-1.02554259435,-0.509777114547,-0.54645891845,-0.808712110697,-0.808712110697,0.525639571041,0.110950825199,0.180384171794,0.259845238939,-0.0907240170247,-0.027753711161,-0.177349569806,0.587664931102,-0.378696012403,-0.178550077916,0.135876285851,-0.489465714112,-1.79694401936,-0.963217684621,-5.36815368209,-0.605923818506,0.462259002142,-0.633511160025,-0.62352668572,0.709376091712,0.268368690809,-2.01479261743,-0.434361217751,-0.48132198683,-0.845941805473,0.462389660693,-1.10554339986,-0.283876542084,-0.0733831781312,-0.0867016577541,-0.0775975091984,-0.0269258254972,-0.23922935437,0.331784756657,-0.0849991149008,-2.57914737496e-15,-7.73564212149e-17,3.93374321702e-17,-3.72480450954e-16,4.5110256648e-17,4.92669936463e-17,2.37877774227e-16,-4.34154062156e-17,0.0,1.18817628437e-16,0.0,-0.529900145305,2.09263063183,0.149056204824,0.0653570135499,-0.760228730594,-2.31257110694,-1.21383468167,-0.016411471614,-1.14585041832,0.0490680862182,-0.606359039701,0.79015297958,-0.792537420428,-0.524136874944,-0.574949517293,-0.366651389364,-0.0724101093108,-0.313843306429,-1.14438042235,-0.649465699185,-0.763748742047,-0.669322985992,-1.41110847483,-0.454086419313,-0.763901005227,-0.238583214377,-0.124258048164,-0.425278565129,-0.37164237064,0.0244278086542,-0.50936281758,-0.620623498264,-0.73513534989,-0.503039550598,-0.781444323767,-0.0068086745226,-0.804812264217,-0.578682628708,0.0646760282601,-0.0129343569645,-0.655940719177,-0.219195096344,-0.216882722703,-0.213279821577,-0.502170183549,-0.543876194306,-0.582921566276,-0.464624907271,-0.0861353476942,-0.0739414219309,-0.548058276803,-0.555139480381,-0.559739577438,-0.531780989334,-0.0173700325289,0.298387520256,-0.936182647845,-0.520543702946,-0.375660093259,-0.199706458741,-0.487836913867,0.0775888940204,-0.502634905651,-0.0967368476045,-0.0986167062361,-0.0947454175457,0.120859830014,0.16114294694,0.083367764485,1.26851190945,0.381194824078,0.298775879301,-0.53189951306,-0.194556668505,0.204586514282,1.5638710079,-1.0190613978,0.512764709609,-1.17533773627,-0.8199069807,-0.53906903478,0.331061433888,0.331061433888,-0.331061433888,0.280704969343,0.485916939348,-0.140825044818,-0.138890168396,-0.13849696524,-0.139965962868,-0.733486987028,0.430585585111,0.469016685264,0.502359949043,-0.117432918845,0.316845704074,-0.054736801211,-0.34133127319,0.0431547586504,1.38335835689,9.96650687931e-05,0.0475928984541,-0.703500668242,-0.657780561828,-0.470758994243,-0.707615577551,0.239338866186,-0.698809251799,-0.711367974116,0.365117794942,0.583015590334,-1.71772779369,2.49020184367,-0.356861597958,-1.28031186558,0.125459979425,-0.130429728841,0.346430731608,-0.578840572037,0.237912360159,0.271064784332,-1.12956060585,-1.25439715641,0.525219310642,1988476800.0,01030303,0.08737864
534,600229.XSHG,600229,2011-05-31,0.0424191402527,-0.115785579594,-0.134586690945,0.0949282139054,-0.133480628089,-0.155678159638,-0.502117305482,-0.291530651095,0.0819028132724,-0.116529467899,-0.796881955483,-0.719408418119,-0.24242578749,-0.368585228775,-0.0141281911982,-0.442862889484,6.37614587231,4.83736804167,6.85726420112,0.421019473767,0.286734194036,0.242832064263,0.0235379169618,-0.341815848381,0.573747956952,-0.615565996774,-1.57261488461,-0.248814905476,-0.404456921703,-0.664548082894,-1.05773892338,-0.79476532662,-0.551958676523,-0.981483077317,-0.601206837001,-0.0413292478669,0.341815848381,0.0994013312567,-0.234291312344,-0.151508957666,-0.133521524294,-1.93259631645e-05,-0.124147556934,-0.146703330905,-0.354850821462,0.0771144232287,0.383760437254,1.80951835042,-0.141355423121,0.464180617058,0.0640420343549,-0.374721883288,-0.291499031659,-0.65290733184,0.174641145808,-0.753944318232,-0.710036510131,-1.08678528009,-0.848028141408,-0.529914782612,-1.03540287894,4.0246125005,1.82111323919,-0.643473073035,-0.179716862286,-0.0842198800746,-0.271875303695,0.0992941283545,0.368585228775,-0.0963661864677,-0.271875303695,0.063083444013,0.195354148885,-0.060535892643,-0.060535892643,0.20747563414,0.0982911928607,0.0678946797301,0.120749109931,-1.02601743447,0.202038200659,-0.18593540815,1.88277005465,-0.247602178228,4.7509884581,4.56617148034,3.63062625273,-0.33746781744,-0.419026902349,-0.342049693033,-0.141158197769,2.94337370704,1.08734738926,0.434366637633,0.354850821462,0.127260599794,-0.198853378178,-0.321049595729,-0.800000290926,-0.545050968221,-0.0085544947061,-0.37088760486,-0.0895201270018,5.92821107589,1.20901979261,4.19352247506,0.857092986108,6.59465408401,1.95894986391,5.54347941717,-2.57914737496e-15,-7.73564212149e-17,3.93374321702e-17,-3.72480450954e-16,4.5110256648e-17,4.92669936463e-17,2.37877774227e-16,-4.34154062156e-17,0.0,1.18817628437e-16,0.0,0.0529073674858,-0.759479269527,0.121689266941,0.288834367948,-0.567295176946,-1.12247603436,2.6329308557,1.5743149035,1.74074532558,-0.704146569982,-0.835477157182,2.08267089777,3.39321874777,0.0301118395899,0.46443438074,4.21495325993,4.48941709068,2.68472708094,3.62861087669,-1.02451918572,-0.697067915934,3.00247401289,3.72917533828,2.05832013268,3.34850667885,3.38761608991,3.33760763373,2.73160158949,4.34881722183,4.20069333482,-0.9272324628,0.891115950606,0.594614232644,-0.226875633035,1.27544117328,4.33952641741,-0.649085552627,1.0597477415,3.1595910125,2.84749047028,0.425686464428,0.104447891936,0.0699589639957,-0.0140715023714,0.920172435266,3.02033468388,2.62368472446,2.70069431294,4.88804889662,5.39103619856,4.81873706342,4.56336883781,3.16692386358,5.43039261963,4.27670755573,1.69579532557,2.85720999945,4.07307436593,1.26378821779,5.65229055564,4.94896663068,3.19909922512,0.921653015192,0.182982729342,0.0131251910564,0.111298069474,3.75814105273,2.77281538436,6.39492387225,2.84053889434,0.670867108592,0.661227967796,4.33917828474,-2.0940184616,0.595129952223,0.355216187476,2.93550522052,-2.70749675171,2.28414692144,1.41177292822,2.12107904411,2.79037494277,2.79037494277,-2.79037494277,3.21485001836,2.13296296062,0.145617418029,0.0408648158454,-0.0727473990079,3.91301881655,3.5830955532,2.68025181983,1.88160211728,2.45547942524,1.95272801513,2.72990940017,2.46851694645,-1.63996900942,-1.25758337508,-1.50251770211,2.35452548597,2.15081571051,-0.698392396773,-0.843381338222,0.81389819743,-0.681140493631,-4.12960667208,-0.436126355941,-0.437294883383,-3.85422906964,3.04739235041,2.83325188949,1.23724881059,4.2717533524,2.03107664944,2.05435138254,2.94058066031,3.52400433496,-0.556498948066,0.0175076919283,4.86172548477,4.68835697247,2.52330171867,-0.557093305478,3906409892.7,01030303,0.01114488
540,600299.XSHG,600299,2011-05-31,-0.265066528278,0.235223099305,-0.143387009564,-0.509792190408,0.0149127517063,1.04860089633,1.00196125288,-0.291530651095,0.102997991771,-0.226377959954,-0.497767032847,-0.719408418119,-0.52065120973,-0.185682504553,-0.292717829038,-0.601612628734,0.271925527381,0.534592563181,0.136201162329,-0.592920499835,0.112980691752,-0.814905603088,0.676459518423,0.326383529222,-0.501574972506,0.0777335900363,0.641703221134,-0.247629987101,-0.221111265376,-0.02046363853,0.0173349771616,0.0126145717366,-0.077542173754,0.00340975020315,0.144249489287,-0.58219462313,-0.326383529222,0.241406462499,-0.0625615561884,0.115406879668,-0.127288731834,0.197360994099,-0.122286356638,-0.459853358943,-0.282334288911,-0.459025976855,-0.770096447912,0.172655587734,-0.12838100442,-0.411977653256,-0.00227029584604,0.0357494186968,0.217334122479,0.788560197161,0.07236029884,0.58777867905,0.00983213269359,-0.00377369879851,0.0657866315606,-0.0728427709906,-0.0264877738492,0.264676634837,-0.906479098488,2.22630098402,-0.220603522013,0.344867554086,-0.305316170234,0.354301516887,0.185682504553,0.328062160649,-0.305316170234,-0.451410189713,0.419206867735,-0.163050422521,-0.163050422521,-0.0273759787661,0.113869811372,0.0830454784768,0.112748901206,0.0138156809585,0.062540245017,-0.225701396271,-0.707440192448,-0.346903083444,-1.1902006799,-0.779387197887,-1.28413158434,-0.401884751253,-0.161336561332,-0.200830095849,0.0933181514308,-1.23900396592,0.15732961153,-0.863477179117,0.282334288911,0.744752682001,-0.418338071857,-0.2998036666,-0.774931437445,0.435662394693,-0.295700471191,-0.406315168579,0.299099975866,-0.317875488249,-0.914090053773,-0.246960383419,-0.687707563464,-0.280294252347,-0.84001698103,0.0722803015309,-1.71986844402,-1.70151347227,-0.844008623991,-0.771341604427,-0.172834968965,1.40276716995,2.35505515412,-0.728812204084,-2.16061736206,-0.193462114373,-0.343601538641,2.2826274014,-0.152307413776,0.123809241002,0.0799805317069,-0.199085296642,0.662666574504,0.270389876096,-0.399510583084,-1.1586399431,-0.500415439924,-0.438759925837,-1.40437172291,-0.125972414767,-0.127236294108,-0.108508735728,-1.5023049081,-1.32223798183,-1.38624009987,-0.425905333349,-0.0308091035199,0.143326164348,-0.691928518816,-0.966664572371,-0.768978346408,-0.520048214057,-1.013827548,-0.963545922615,-0.884029767824,-1.43236733101,-0.838700416368,-0.133113100381,-0.205518095347,-0.176213250067,0.84340770413,-1.08290894943,-1.21810335729,0.465539352244,-0.108281907157,-0.589419900791,-1.22304868196,-0.163333352827,-0.513976697677,-0.510407837736,-0.498716132235,-0.0995026260314,-0.210514691401,-0.180695138348,-0.331969441061,0.433523580532,0.180857477548,-0.211037895573,-0.209823685678,-0.274172913358,-0.225291882421,-0.439402202062,0.225527494866,-0.274105887822,-0.484971763552,-0.105471177072,-0.468951396453,-0.243118543427,-0.0907322915187,-0.100176859229,-0.170194616504,-0.153247381163,-0.164000874585,-0.859135927721,-1.9082556619,-0.737234549557,-0.467184550896,0.106934983172,-0.00908741282725,-0.718910919231,1.56382746674,0.139541600577,-0.637746734459,0.149333284887,0.512764709609,0.698549786654,0.186592167784,-0.301555813451,-0.736013682696,-0.736013682696,0.736013682696,-1.26707912537,-0.756851136931,-0.54435968945,-0.539183638567,-0.531881917828,-1.25423066053,-0.323411645706,-1.67810439859,-0.607188191726,-1.10819668709,-1.48254862738,-1.23945505554,-0.676932163928,1.31868969454,1.81339008858,0.156562904123,-1.66945868522,-0.429229683173,-0.00779792748025,0.013893644335,1.34917202729,-0.0188229911575,1.63225492128,-0.142449960407,-0.153648535397,1.69360394743,0.706551994214,-0.340179645042,1.28117365258,-0.766409678862,0.829248041416,-1.29087619847,-1.51860461119,-0.270751833659,-0.355444879497,-0.468773105562,-1.50239732509,-0.387399844297,-0.684117940935,0.6688845034,6058180620.4,01030303,0.09749784
544,600339.XSHG,600339,2011-05-31,-0.16108266782,-0.0544128408881,-0.154701704931,-0.815782894086,-0.818132202681,0.0269889207354,-0.398583089469,-0.291530651095,0.217191789662,-0.210602259084,0.200425089794,1.46083954291,0.642836919636,-1.53972544141,1.49627905192,-1.02681016822,-0.546107698142,-0.148387671501,-0.479025678873,0.673165166392,0.456055209017,0.31351228135,0.0839358240695,-0.14921248849,0.892799815143,0.647474834643,0.741756324285,0.0254936983748,-0.0373547625494,-0.176793007097,-0.296293703522,-0.15659228103,-0.175025485428,-0.201349992963,0.654508365035,-0.44517539473,0.14921248849,0.106131394247,0.448853431922,0.250718380539,-0.104850678978,0.0813865442662,-0.116634433209,-0.653291251243,0.79735630685,0.909182403598,0.289568038465,-1.06102711394,-0.138236075,0.132961969353,0.0623305758882,0.134906114254,0.326871722679,-0.270223706747,0.197346619106,-0.526756018641,-0.193369004442,-0.382236015579,-0.14615075443,-0.197117148719,-0.167082093303,-0.436615524105,-1.07926519548,-0.583150300775,0.278631885671,7.56123309352,0.284141492191,0.289870361369,1.53972544141,7.4559367078,0.284141492191,-0.0450034538286,3.32281387833,0.941228899318,0.941228899318,3.44705649597,0.105892650221,0.166063553801,0.132200242024,-0.060344536282,0.0202140965747,-0.147033426498,0.587664931102,-0.494457929435,0.215496864152,-0.812790974666,0.861824222884,0.339390710987,0.08354929069,1.1804946152,0.284528031433,0.102829701379,0.205321682626,0.551509850611,-0.79735630685,-1.27267007973,3.84684044666,0.153442821488,-0.733150014977,-0.714139479069,-0.329530887961,0.491804648492,7.48481642338,0.0419433832452,0.826547798229,0.456954062562,0.785657122544,-0.0612814631352,0.829648707384,-0.231328674196,0.528301353185,-0.964243518225,-2.11956094701,1.28460585191,0.165545886981,1.40276716995,-0.800156029194,0.456229396366,1.4094216527,-0.27272484277,-0.37312214947,-0.571904290371,0.85032505855,0.127639648681,0.21534181516,2.79224334732,0.662666574504,0.466684082117,-0.356504618313,0.19912798185,-0.732491770686,-0.106890151663,-0.111181668518,-0.241601038198,-0.00418198442127,-0.195534949201,0.787295167886,0.129777413968,1.65621001791,0.104876767106,-0.16538142739,-0.129187765677,0.796631445571,0.43586349482,1.92994398605,0.800823083531,-0.0208748509479,-0.593726201001,0.480690560426,0.787352809444,-0.870397545997,-0.0117610828245,-0.187623251076,0.457193303142,-0.333548390892,1.28508915991,0.374359029243,0.529740065208,-0.0782665249433,-0.589532478323,0.510049449354,1.08023661941,1.05243576619,1.04414705345,1.03862159833,0.400739046052,-0.017449582284,0.355364230217,-0.11630639952,-1.11388265897,-1.11078154244,0.327636291279,0.399193890013,0.751515134505,0.162839028509,-0.650363967853,-0.879167673915,-0.262118077757,-0.256036423545,-0.320065196201,0.0195384987719,0.4854136327,-1.54588306818,0.402322114684,0.0339813826087,0.0477509440209,0.035211169077,-0.759170101497,0.578886150713,-0.606752210965,-0.806637620456,0.503541727427,0.580678635155,0.243020557766,-0.954021519933,-0.667132738951,-1.23192436832,-0.569678827534,0.351751636544,-0.598756959989,-0.211779490519,-0.248464622801,-0.455578106481,-0.455578106481,0.455578106481,0.372819005141,-0.560124628722,0.855450377144,0.851847964948,0.858977860953,-0.127721295861,-0.776652812431,-0.360027910854,-0.707250761891,-0.316552710916,0.892514603895,0.00163593577615,0.915855308811,0.57259719234,-0.464746055992,1.42211495686,0.641626868089,-0.383726237077,-0.17235844831,-0.152814939011,-0.592393203052,-0.16978009154,-0.666895675683,-0.178083827632,-0.134296144389,-0.853440806192,0.0749448942935,-0.41720042788,0.515953962685,-0.761670517394,-1.52907257989,0.358745121614,0.403174539003,0.34032001314,-0.472015829831,-0.104255727429,-0.0365895744349,-0.685302135997,-0.0426340090138,-0.0938082681074,6735502115.2,01030303,0.04377682
545,600352.XSHG,600352,2011-05-31,-0.0293940628853,-0.104574812184,-0.127386430257,0.957948396463,-0.162245327251,0.996514304934,-0.451736278365,-0.291530651095,0.0670500855541,-0.210679780956,-0.370787923755,1.18132057355,0.744009800451,1.34113315949,-0.944184872846,0.168475129875,-0.365576227682,-0.588530489407,-0.273950065139,0.847452840615,1.154615208,-0.312747316568,0.0665522463021,-0.214148480795,-1.1278619534,0.795058410053,-0.189595133048,-0.0169658767353,-0.0697143302689,-0.44995480266,-0.287607879282,-0.442881920017,-0.448454286465,-0.376819306607,0.958044057862,0.662271973638,0.214148480795,0.0552829207143,0.805522925475,0.91059364506,-0.147482979405,0.0641130639015,-0.129926701649,0.118443802934,0.484460897879,1.3211062885,-1.05267364428,-0.68440382341,-0.0696103401451,-1.06379655693,0.0202995626839,0.844999016114,1.11130561241,-0.546563200729,0.252579526082,-0.648981942737,-0.45035022455,-0.227975159666,-0.446695009442,-0.454215871706,-0.370338737494,-1.23373508045,-1.06080361043,-0.510201831995,0.614785275581,-0.192621149754,0.290630018534,-0.0288568650013,-1.34113315949,-0.202591551128,0.290630018534,-0.228751180159,-0.276513725422,0.883676882545,0.883676882545,0.493411758467,0.106363846928,0.0640995677153,0.113326416274,-0.480133154126,0.0137416479213,-0.174873233273,-0.707440192448,-0.121737835172,-0.037415786344,-0.18670875847,-0.142246842884,0.25093760784,1.34639201779,0.579490283005,0.909333065116,-0.727972124392,-1.08429382782,-0.0105201140717,-0.484460897879,0.786662169523,0.747417689425,-0.257311808342,1.05927300889,0.853614508685,-0.58635325917,0.571361282807,-0.195066973122,-0.673081297288,-0.633090221163,-0.839730443193,-0.830579290593,-0.519839490548,-0.943232678132,-0.812661648074,0.452220174308,-1.03856508617,-0.135368444537,1.82140675435,-0.335199270162,-1.92541504346,-0.199581742433,0.163410246941,0.10040734729,-0.328683660135,-0.166148953211,0.961247004537,-0.977182336227,0.11854544177,-0.147246442732,0.155484780794,1.25771411079,-1.42465065294,-1.34663045093,-0.926669937322,-0.672553481698,1.03881521,0.343182404647,-1.18669499265,-0.809078206801,-0.848108283663,0.00609284391512,-0.0367823519049,0.210881319448,-0.426182451538,-0.37727213297,-0.498576498016,-0.338882611347,-0.528496101099,-0.25392153972,-0.843891497437,-0.645614260828,-0.758182014149,-0.444087238147,-0.13424987174,-0.279812452039,-0.885807410696,-0.847458144353,-0.816548589637,-0.765573060213,-0.522272369927,0.0878437082916,-0.732066687676,-0.736121803341,-0.966396000719,0.125090375478,-0.934632960078,2.16253241671,2.16438002787,2.15398875118,-0.26332098958,-0.264290534608,-0.599721698203,-0.296874804359,-0.952420492602,-0.579963466669,-0.105307581393,-0.0963034931038,0.0729555127972,-0.0919646631287,0.462361568397,-0.137309381279,-0.424203259672,-0.1637110085,-0.0792116400938,-0.321664787712,-0.587999327533,-0.432420261684,-0.26308537457,1.47201720966,1.4758130998,1.47807241555,-0.167149607895,0.178371207712,-0.648284252015,-0.391795166989,0.554372170587,0.550616971219,-0.576637987356,0.47334960068,1.34942395932,1.06388078859,-0.929184883744,0.512764709609,-1.0311925422,-0.253589723525,-0.132502285329,-0.553553067285,-0.553553067285,0.553553067285,0.236615435704,0.126043293226,2.08816301919,2.08895737442,2.08907459903,-0.0420086268096,-0.280245820304,-0.721725672704,0.0804758543031,0.235638135758,0.114716118799,0.243170167869,-0.173195777272,-0.715601134578,-0.397230660327,-0.00442604958192,-0.300362442675,-0.214774618393,-0.449317800446,-0.435296617029,-0.569899205533,-0.448183469219,-0.0291750721456,-0.445407091039,-0.44184132276,-0.0418480334599,-1.12323675006,-0.614923191215,-0.884227490902,-0.8969538145,-0.803323644224,0.492455180366,0.0109635280271,-0.924598709734,0.410690637792,-0.444282520773,0.0930829238882,-0.303322890891,-1.32560187286,-0.89284907732,14390476114.0,01030303,-0.01250441
551,600426.XSHG,600426,2011-05-31,-0.406883388302,-0.299060744621,-0.180302631822,-0.657233762993,0.377999499151,0.656462327051,0.232385037225,-0.291530651095,0.121725344111,0.937690463974,-0.120303298219,0.510475047079,-0.166546126879,0.00284799579908,-0.367573769599,2.32208668063,-0.162478323414,-0.171153679324,-0.266211362734,-0.245773738884,0.578391858585,-0.91702207952,0.00526510903779,-0.343218786486,0.207429156807,0.620017425264,0.134005189144,-0.145727006837,-0.0975113394926,0.468391394937,0.542836372635,0.477770476912,0.457735115633,0.497606758147,0.736324427329,-0.152835958566,0.343218786486,0.0688072189278,0.0770868169488,0.651092136541,-0.119684725033,1.05968383271,-0.122331119684,-0.572630650335,-0.135286875682,1.08957035763,-0.864288846701,-0.527477452355,-0.14433746613,0.954599966347,-0.0573912921669,0.475593553139,0.446226371954,1.96067434298,0.364244968783,1.43783581217,0.492787759903,0.47643173211,0.464279484049,0.441817298476,0.511601393528,-0.396414436534,-0.559018004456,0.84589149788,1.31659549736,-0.261418105465,-0.0956868576022,0.164024037299,-0.00284799579908,-0.274303430198,-0.0956868576022,-0.369264147353,-0.501154349813,0.284776207997,0.284776207997,-0.341768575898,0.102103166846,0.143796920027,0.112056383139,0.0834372131213,0.0431324631267,-0.175834847167,0.587664931102,1.07355744162,0.000972740963448,-0.277376152583,-0.296168610541,-0.13556399504,0.863022558238,0.042198978373,0.710679491488,0.541990992277,-0.664020405222,-0.938654801511,0.135286875682,-1.21845688945,-1.01929720195,-0.483935052386,0.382413964915,1.52823431094,-0.445461950306,-0.100519355431,-0.275890403607,-0.40091061244,-0.453562550328,-0.426908437279,-0.348387211535,-0.434287619762,-0.457511750593,-0.195218957373,-0.165140842078,-0.574798502176,-1.4817847855,-0.304324819306,-0.333411475054,-0.816020972324,-0.0911655493899,1.82834989784,1.4094216527,-0.318530004294,-0.137286183291,0.643298962024,-0.0544408975527,0.12350208567,-0.248111221814,-0.527282928624,-0.527428498075,0.271892127673,0.165004494721,-1.04801055372,-0.600509429909,-0.313225578439,-0.291986307099,-0.0123842964553,0.179138677756,0.174264824766,0.138245903096,0.202153974594,0.985234891819,0.00995958892241,0.542533625934,0.39650354112,0.254871044375,-0.254149707159,0.664803362679,0.277930135382,0.226913397249,0.0245591469016,0.0747434668474,-0.121420072297,-0.365645723872,0.125153168687,-0.00632548524053,-0.0861390273679,0.129885479353,-0.20272359542,0.131332640936,0.202156498487,-0.206779409605,-0.524774811671,-0.351499706086,-0.174631686918,-0.55251470103,-0.550232086597,-0.551019555661,-0.167455685096,-0.352202683591,-0.155643372085,-0.396949336669,-0.250138497666,-0.292688731758,-0.430517395509,-0.418873032467,-0.351309853221,-0.458838870317,-0.265150856832,-0.639730519443,-0.0813019426172,-0.244609189005,-0.403593341626,-0.181508927004,-0.262860079945,-0.230798122171,-0.167024680023,-0.385786641697,-0.384778736372,-0.384039620487,0.0761615840296,-0.742255252439,0.00666444542892,-0.0887748322851,0.0670599635042,-0.088362608718,0.211357442363,-0.0419470064011,-0.346056642662,-0.788116115591,-0.659555341586,0.512764709609,-0.598756959989,-0.119468133377,-0.219590466483,-0.0643882267492,-0.0643882267492,0.0643882267492,-0.0865885695131,0.191986990812,-0.589116720527,-0.588105814115,-0.585230045053,-0.188944630897,-0.0428337805915,0.0293029225711,0.228440718696,-0.151236315461,-0.771550862518,-0.420669199581,1.54839848353,-0.365400771807,0.589857983205,0.638039126778,-0.682486738828,-0.543255965745,0.470896000237,0.481892652664,0.903874187509,0.467214154081,-0.434742999834,0.446357274222,0.44936373334,-0.182181077736,-0.308031454767,0.436900251856,-0.846338201875,-0.656348426069,-0.376305617483,-0.124450487529,0.0474992533159,-0.026323094939,0.547500551594,-0.488341910546,0.484643016864,-0.073927746411,1.24033385483,0.820779579838,9695187500.0,01030303,0.10819672
601,600061.XSHG,600061,2011-05-31,-0.242932347754,0.0887160068865,-0.158016110644,-0.546579681917,0.053806319731,-0.755633624704,-0.547195066587,-0.291530651095,0.0752836628762,-0.186415435145,1.48526841554,-0.719408418119,-0.950635953191,1.56061642856,0.553802026882,0.393428871984,-0.0496461543765,0.0261517218066,-0.0998292610252,0.162087990547,0.504812569352,-0.361853630184,0.00282408507847,-0.352438094036,-0.430674559575,-0.340991902988,-1.36450443005,-0.287719725461,-0.103490237237,-0.14592650263,-0.0745975201531,-0.15990121504,-0.12935423746,-0.141539448249,-0.307352395164,0.955767977271,0.352438094036,0.259751699755,-0.317325480155,0.0134598584639,-0.154588362809,0.258391075538,-0.130115177629,3.62614709328,-0.475711709047,-0.0612591212564,-0.534615450939,0.259568654779,-0.131732331127,-0.277471760064,-0.0360515444099,-0.136839358004,0.0266766957149,-0.667655787979,0.22668753892,-0.863740487336,-0.147737931214,-0.0232253734078,-0.176113240249,-0.141996416174,-0.158680440825,0.352903725952,0.89819943766,-0.728579619944,-0.198534018183,-0.109560869085,-0.284353238971,-0.187608744981,-1.56061642856,-0.111103610403,-0.284353238971,-0.455733665627,0.137924589414,-0.0983044036505,-0.0983044036505,0.929515775426,0.0996535338873,0.0449757610781,0.167687001204,-0.802296803941,0.211308924884,-0.159078905809,-0.0594991768265,-0.154422154662,-0.224842125551,-0.276421758961,0.487758531715,-0.149024249867,-0.0492972826293,-0.0963932774674,0.0486559896784,0.751042514029,0.0232946129703,1.22115709667,0.475711709047,-0.512531943663,0.346036767018,-0.47685307601,0.328098115707,0.27524508953,2.61206510678,-0.398856734112,-0.164154010394,-0.668468234833,-1.06239552098,-0.702123107888,-1.16097015958,-0.554060238862,-0.906803608567,0.0719840995286,-1.71986844402,-7.73564212149e-17,-0.0645044265913,-2.08113580638,1.09698713839,1.12541865216,-0.574753193064,0.581991466952,1.11191840147,-0.336589866461,-0.261782575479,-1.27255676571,-0.817400268924,0.118665894842,0.00236339687385,2.28549713194,1.25771411079,-0.351041526129,0.242612959883,1.91260456488,0.0995579749718,0.420698430193,0.351920175285,0.0433895101409,-0.234152333673,-0.191836951462,0.437629394282,0.464171559448,0.718841872956,0.134024561981,-0.0795370281445,-0.252578315194,0.488472130854,0.397984084884,1.17008292204,-0.215821766391,0.483991842989,0.311798533101,0.630632219206,0.499616397312,-0.36470101805,-0.303852243228,-0.240807927903,-0.386963835227,-0.030716283865,-0.583907623633,-0.124484609913,-0.25657016162,-0.443896572728,-0.580403463917,-0.0770148389561,-0.647655274177,0.00974117022679,0.0103316398899,0.00867877419645,-0.49790748646,-0.55873731237,-0.546384102446,-0.533239725637,-0.03952984698,-0.0942625788752,-0.668840159973,-0.671947651491,-0.676087478325,-0.64064857552,-0.1741185966,-2.22980735299,0.15645629033,-0.471509773523,-0.295502724724,-0.563928521833,-0.570286571299,0.413020321318,-0.498036383677,0.0214454066567,0.0114086999481,0.0198867936252,0.29817664995,0.698102441933,0.396797329385,-0.0168633619682,0.274906802369,0.334790150864,-0.390314123119,-0.703119258504,-0.182418981301,-0.524849428205,-0.749431855639,0.512764709609,-0.742902154061,0.0839456968648,0.205139058717,0.73787051027,0.73787051027,-0.73787051027,-0.10393820344,0.439303471372,0.0557215396677,0.0554592226967,0.0555733197384,0.337576050416,0.17299534642,2.10366459709,0.425372372745,0.399250238476,0.733118825912,0.0297389753593,-0.324861637214,-0.287182645669,-1.15621058372,-1.6530721866,0.520456604171,0.0485029673761,-0.149919143605,-0.163112185575,-1.07309826116,-0.137562810915,-0.429148959452,-0.114590440307,-0.101544624501,-0.497930427358,0.105112688505,-0.541758602858,0.680384223233,-0.726500538769,1.08827535934,0.412335264209,0.550048154664,0.578638033392,-0.553766174318,0.316136724262,0.764328797561,-0.140358919473,-0.684117940935,-2.14230494071,5037433715.6,01030303,-0.10051107
603,600063.XSHG,600063,2011-05-31,-0.0781377984558,-0.0928747817566,-0.127157850552,0.772171166696,-0.158825595156,0.33739058992,0.143675860291,2.25661058187,0.12102575911,-0.126180940913,-0.59386976283,-0.719408418119,-0.647117310748,-0.554301841062,-0.35375112937,0.120803585563,0.576572383782,-0.163565010049,0.677910330683,0.464234245449,0.254820285454,0.368782567387,0.0476343106174,-0.25483368585,0.313779776204,-0.0526891045122,-0.119843826851,-0.164488214444,-0.0936947917462,0.00598611283072,-0.180416501545,-0.0246694271298,0.0063937115565,-0.110028752934,-0.078039626599,-0.147665421645,0.25483368585,0.0697136517263,-0.0738843972536,0.33598316191,-0.109961568795,0.247181689344,-0.123487891007,-0.545629022348,0.0426472088179,0.24471538305,-0.299134453967,-0.447807140897,-0.131444539003,-0.290495734352,-0.0449364205907,-0.0142031052912,-0.0861676999631,0.211817938654,0.650143991115,0.891617134431,0.0360036411624,-0.227654821017,-0.0306515282744,0.0238112707532,-0.134792409075,0.0861665657097,0.457175747537,0.535860505567,0.388514783686,-0.1057869154,-0.154083594693,0.299828808899,0.554301841062,-0.112369183727,-0.154083594693,-0.341161553915,0.233523795118,0.122911160822,0.122911160822,0.85443182911,0.117057947464,0.105845799878,0.113821429189,0.112459551706,0.0704487316364,-0.168467294095,-0.0594991768265,-0.0156029358802,-0.029512266016,0.457506936549,-0.353441826414,-0.2595906288,0.0179262845925,-0.0904817594458,0.135188928074,0.393450355895,0.416829595955,-0.203098407055,-0.0426472088179,0.17339948514,0.632085555688,-0.39895133587,-0.178976420608,0.385802962007,-0.619358543824,-0.21612508967,-0.0945853556153,0.92303831216,0.764103390982,0.404028164368,0.37490090705,0.934542312813,0.252855105932,0.0828724081969,1.29375932082,-0.20839317219,0.289815663136,-0.524413189305,-0.0641045210171,1.40276716995,-0.258503586479,-0.0299254735127,1.4094216527,-0.182733218479,-0.0943620639243,0.83377609208,-0.102375517744,0.123761059774,0.0683567095821,0.662004206106,0.662666574504,1.39006805126,0.115078029871,0.721739938364,-0.687611869572,-0.0748394394241,-0.180411697417,0.486859289417,0.325391750745,0.65919559503,-0.526267579822,0.0746004603645,-0.881531593189,0.395447783607,0.0507266444657,-0.0962166527206,-0.318525464073,0.083189022591,-0.165762006512,0.753220138997,0.142662414041,0.809981402122,-0.483914716022,-0.391216743452,0.507082511742,-0.285533907015,-0.0682326490088,-0.30381839889,-0.319325356511,0.0306831071732,0.0967973120714,-0.389723811142,-0.00446963456484,0.930852675952,-0.651902475168,0.343585236703,0.378136903508,0.384780125868,0.387127668547,-0.0113731032774,0.425908012981,0.0188202527994,0.209827324682,0.765389641692,0.934250340759,0.517103281816,0.461370253442,0.203482932721,0.65118318866,0.917803610177,1.42690243919,-0.482893579779,0.310269726333,0.2119553238,0.18634808034,0.121794512617,-0.475711501849,-0.0114849010128,-0.0819930741612,-0.0854671136936,-0.0764689484237,0.723922030352,-0.115582682284,0.00821585104933,1.7555369699,0.477037768108,0.321132997579,0.888164072928,-0.843066563489,-1.54022959806,-1.81471291774,0.508839341098,0.512764709609,1.27513056294,0.666000513654,0.597734442209,1.37825757292,1.37825757292,-1.37825757292,0.0742979842736,0.882904626322,0.00205875124971,0.0129857385484,0.0191031319024,0.104927377278,0.820482727455,0.959996282369,0.933136691562,0.534741511039,-0.739803985576,0.0927809290188,-0.251814656628,-0.424350908061,0.640065829125,-1.4354389714,-0.693892072405,0.550004476828,0.000732717283609,-0.0421153661476,0.165737824459,-0.00246027134496,0.158225280648,0.0070980042318,-0.024083591346,0.542872984359,-0.142708240447,-0.214214062185,0.0233675002538,0.545559275643,1.82883364359,-0.0950908714535,0.393309893175,1.44636005585,-0.455578093003,-0.211734736698,0.274878681341,0.357874878492,0.88366878868,-1.31699843956,5743331170.5,01030303,-0.04237979
627,600301.XSHG,600301,2011-05-31,0.074182945343,-0.11938041157,-0.0327544326401,-0.685768789195,0.674261480262,-0.284471688046,1.55844259785,-0.291530651095,0.188508804612,-0.149941394558,-0.307877301316,-0.719408418119,2.10984369145,-1.5740548758,0.375777104906,-0.802555764172,0.0913940569204,-0.0421463016615,0.0820302454936,-0.650421146454,0.0863857679331,-0.833602986097,0.440098655619,-0.0305640087236,-0.749726417766,-1.68503209207,-0.303369804632,-0.21998189168,-0.18527031416,-0.960707454976,-0.969165185538,-0.971542619318,-0.941156393757,-0.978323468301,-1.80566835732,-0.471708413139,0.0305640087236,0.0708126012252,-0.209758490036,-0.833627208633,-0.101983594446,-0.596829962944,-0.11799146026,-0.77206890441,-1.24384979459,-1.39750001618,-1.02912554458,1.483594349,-0.144916707783,1.08205825441,0.0678660743665,-1.18584236175,-1.13214844452,-0.346294691045,-0.051488873341,1.3238963914,-0.977009565836,-0.941013398363,-0.969519864727,-0.944939458932,-0.971340278788,-0.132247134912,-1.06712522115,1.41404784126,-0.25730859154,-0.101702165529,-0.26438854253,-0.0580920216783,1.5740548758,-0.0927587111062,-0.26438854253,-0.263338987469,-0.298750170705,-3.18093430207,-3.18093430207,-2.04641415162,0.117567120118,0.152899259,0.12757262129,-0.0793905549474,0.040055973043,-0.187558583483,0.587664931102,-0.42784134371,0.250498168462,0.24563155241,1.13745157427,-0.399961857707,-0.748742493961,0.431702332465,-0.458910869404,-0.252818147472,-0.0829735444559,-0.495570253083,1.24384979459,0.475224693441,-0.196457755222,-0.363541453988,0.356585449208,-0.785243365681,-0.803569288796,-0.458524209848,-0.111218314563,-0.631563735193,-1.19508988638,-0.839730443193,-1.26812395492,-0.451397993919,-1.01001930567,-0.193420588073,-2.57914737496e-15,-7.73564212149e-17,3.93374321702e-17,-3.72480450954e-16,4.5110256648e-17,4.92669936463e-17,2.37877774227e-16,-4.34154062156e-17,0.0,1.18817628437e-16,0.0,1.51780192666,1.297714847,0.127645671335,0.120476428141,-0.905503970654,-0.527428498075,0.136188735245,-0.686711336329,0.0248707066582,3.32175771747,-0.722424510611,0.655725738998,0.0675354873868,-0.851189005403,-0.758123671998,0.583785114389,0.310434714883,0.371834735591,-0.0918771464427,-0.905611365158,-1.01191840946,0.223321345666,0.114713193313,-0.4016608114,-0.372997902462,0.538882823136,0.329406800217,0.923817484144,0.585674955674,0.127958569553,-0.977065018759,-0.645616297525,-0.712616794215,-1.22663642473,1.46346039096,0.414010703124,-1.03328455235,-0.713730066827,0.104866207153,0.683243618304,-0.50378982009,-0.849815806697,-0.850844419348,-0.843974606273,-0.671283891885,-0.626229562959,-0.800012426324,-0.543691258828,0.217540424549,0.25657909527,-0.759335495388,-0.790620233695,-0.905683640156,-0.654483289775,0.236196916398,0.192977562953,-0.336542398575,0.937722912812,0.0535106456563,-0.595043090292,-0.854287680381,0.417864096441,-0.672142365252,-0.532505006534,-0.530463248877,-0.532347373922,-0.0559714959835,0.953277100641,0.14055075047,0.780285144488,0.405317169593,0.524278175598,-0.0639850091767,-0.771914458007,-0.0913169655845,-0.0970109936017,-0.659555341586,-0.131287582654,-1.17533773627,0.0454239091515,0.272201615328,-0.313585409664,-0.313585409664,0.313585409664,0.611600049393,0.279359628652,-0.73684577834,-0.736732729781,-0.736034524902,0.472267387497,-0.172331256798,0.0734029587042,0.191183378741,0.574792390351,1.06778382035,0.626738681098,-0.659910319333,-0.845179915424,-1.43145645547,1.25367281085,0.638798345362,0.309906881835,-0.964376551791,-0.974174727719,-1.45382999695,-0.959052650944,-0.448728100788,-0.92152957936,-0.906916336443,-0.64761900792,-0.50062252961,-0.516543833858,-0.152295880582,0.247856970761,-0.16715763928,0.867939908847,0.654723007616,0.957502578408,-0.457735545962,-0.35040085363,0.316831548446,-0.0490160565128,0.598849922907,-0.369541173322,1641334017.2,01030303,0.0243553
634,600309.XSHG,600309,2011-05-31,-0.209842488246,0.000369947793784,-0.126700691143,0.886849418133,-0.161028772796,0.961900216878,-0.166083086338,-0.291530651095,0.111231569093,-0.150522808595,-0.485802435942,2.70935760607,2.94451995816,-0.0849453118275,-0.00424533731506,0.0776777386298,-0.117345455799,-0.186331017872,-0.119176017038,-0.0136282711694,0.629808711302,-0.726760797475,0.0336507305076,-0.34201626811,0.254696098761,3.02254074589,0.0173718574702,0.108240498241,-0.0941596969958,0.652676610752,0.777425858516,0.683475874513,0.669037335164,0.779033987097,1.13895057147,-0.108069994173,0.34201626811,0.0906017137358,0.624357468432,0.712260349263,-0.151970589976,0.463348810954,-0.123136854495,-0.316779158918,0.879944580033,0.947543386227,-0.605259750031,0.47443707053,-0.133658679174,-0.181436394098,0.0255007919304,1.70569784236,2.06211264962,0.415967621006,0.435210506954,0.0823019760082,0.629106153174,0.728253503126,0.652558819593,0.6481645108,0.864304098177,-1.55314017784,-1.61397557002,-0.448943822956,0.267016357339,-0.161752428581,0.599583695961,0.0557330335881,0.0849453118275,-0.162968461092,0.599583695961,-0.198486848764,-0.0833455501607,1.49786481155,1.49786481155,0.630894235511,0.101084821537,0.100864715359,0.141001304976,0.435637919836,0.020352561468,-0.123007539494,0.587664931102,-0.0663527701438,0.471796737646,-0.282148120695,1.13745157427,1.26718684725,2.67165662873,1.59824188873,1.60392272654,0.512160388825,-0.0277826626958,-0.139248919542,-0.879944580033,0.408707800402,0.00386195480922,-0.391869359493,2.38488359447,1.47490639598,0.0568372255135,1.15374070744,-0.17251105806,-0.705372734473,-1.03117331736,-0.829145263554,-1.21454705725,-0.557482313693,-1.0828774448,-1.02852943588,0.37091204421,0.457528076628,2.06141611177,1.11819757216,-0.106361496303,1.40276716995,-0.782158084103,0.155902063622,-0.792102406401,-0.310115446292,-0.156034649222,-0.790675879256,-0.385988687206,0.116871144074,-0.00251110917847,-0.461254619248,0.0676190382147,0.556318426193,-0.299163331951,0.395926794474,-0.901086662372,5.61538145946,0.577757939461,-0.842529795853,0.158461519161,-0.0599416987466,1.09089831615,0.521636675057,1.63981237335,-0.212356378098,0.721525223168,0.59047472581,1.38505775012,0.771044607556,3.71907393093,0.201330008644,0.723352510514,-0.11874434836,1.19637635539,0.95251930677,-0.369577499531,0.584670581347,-0.226761974718,0.167916472552,-0.131462777397,0.570000898827,0.664711608957,0.128862588455,-0.363129491995,-0.865823327438,0.904192031795,0.220810006252,0.408213772111,0.402127583918,0.410481205547,0.43185865085,0.18585484153,0.36525967207,0.158043238526,-0.843093963816,-0.478830825616,0.201947171422,0.2121880122,0.365999181043,0.262150845665,0.504466272417,-0.5371286884,-1.05705973266,-0.172741664885,0.178708582377,-0.025153151041,0.159001813753,-1.76254109297,0.436227033898,-0.155790103383,-0.15690619557,-0.163798176866,-0.330629850585,1.1997100657,0.164177745478,-1.14770412058,0.437571025092,0.604966866945,0.23526460226,-0.781005381067,0.632325310818,0.153078240715,-1.0190613978,0.512764709609,-1.17533773627,-1.0411723711,-0.832002007753,-0.202121142662,-0.202121142662,0.202121142662,0.503656708415,-0.560235087177,0.218913449374,0.212224812222,0.215083277866,0.337576050416,-0.625572423523,0.577227888449,-0.751959569838,-0.143566998146,1.14582822617,0.192280879975,1.12215843252,-0.434139790382,-1.27732355278,0.293701642464,1.16992191936,-0.8369405602,0.655282683601,0.70831525255,-0.718192966958,0.661957621663,-0.980161937069,0.689335922801,0.726490658824,-1.15515685139,-0.950748540003,-0.630683066258,-0.638558893149,-0.730887491705,-0.853021274145,0.397832321329,0.809634482841,0.199773488377,0.793943320976,-0.501003701146,0.737631518495,-0.28152516223,-0.684117940935,0.993454942201,36110989824.0,01030303,0.12035928
636,600423.XSHG,600423,2011-05-31,-0.300528903983,7.69001324379,-0.137329647397,-0.403573179829,-0.049720234443,0.147046197473,0.333026562686,-0.291530651095,0.159502934177,-0.261766694339,-0.0299898893199,-0.719408418119,-0.419478328915,-1.04504391959,-0.0503208047431,-0.686698759169,-0.365576227682,-0.573353150858,-0.281688767544,0.227803015254,0.964018253961,-0.81244001412,0.19320651802,0.0139291711888,-0.79699335972,-0.478278949881,0.0642538829468,-0.183644394842,-0.130941270461,-0.701862031551,-0.504609022521,-0.675626990484,-0.71134620033,-0.5843629215,-0.449533904813,-0.485110989104,-0.0139291711888,0.0856363871675,-0.245614153409,0.38602988141,-0.083160561217,-0.0784417915739,-0.118391971716,-0.70916347236,0.283026085237,0.855751034935,-1.21751034216,-0.334337303365,-0.126779746417,-0.465144786391,0.0299465727131,-0.52953729003,-0.407133536022,1.13708950277,0.0286488263055,0.756961455342,-0.700923820813,-0.471841854241,-0.676380037718,-0.72015584368,-0.554241575082,-0.525815923879,-1.27052666512,0.800064895698,-0.319103202263,-0.275448333284,-0.286349708615,1.04689731624,1.04504391959,-0.279401206857,-0.286349708615,0.292227667437,-0.521946301603,-0.101901404699,-0.101901404699,0.168733689237,0.114018765574,0.122271519067,0.114652284199,-0.0611200460863,0.125561898858,-0.192363037866,-2.0017684083,-0.407101657342,-0.673084635583,-0.470163664278,-0.0187514711583,-0.404769091573,0.181183519274,-0.320374126953,0.280340953769,-1.01354829144,-0.96877005668,-0.150319596812,-0.283026085237,-0.796286088537,-0.867574414741,-0.200655997331,0.0462634296053,-0.457905351092,-0.633179506772,-0.403829023756,-0.286067224482,-0.530076361181,-0.391118143082,-0.665074979152,-0.0983616890612,-0.420599320436,-0.433225704216,-0.376373409222,0.237334401906,0.547457173846,2.06141611177,0.398884362889,-0.345763513983,-1.92541504346,-0.0294583090806,-0.242031652263,1.17141905172,-0.11152385084,-0.357333967634,0.517578222278,0.486820855436,0.126778409219,0.0334852432079,0.544300159019,-1.12247603436,-2.09064885194,-1.26160716425,-0.872154587928,0.235083465837,-0.298735328053,0.292100053226,-1.38768474691,-0.800000429857,-0.83011136133,-0.225328237422,-0.373802508814,0.385988009805,-0.881840330456,-0.672944197149,-0.672679337309,-0.0453616091329,-0.259418437092,-0.104336227866,-1.09213466099,-0.704445972732,-0.889733489757,-0.459540119143,-0.204882450686,-0.546786317352,-0.632106805973,-0.830363069658,-0.772666276015,-0.19072542065,-1.38581844265,-0.632281852849,-0.71794710027,-0.783431970372,-1.28946281434,-0.323132868516,-0.921074959169,-0.0508924848143,-0.0499698228408,-0.0419939486299,-0.553667436817,-0.535094278482,-0.740957593515,-0.536366030472,-0.356827813603,-0.15605318848,-0.563673721556,-0.577143359126,-0.558183210398,-0.492985828195,0.34186041164,-0.30363331865,-1.25535809081,0.271880739037,-0.0836843851024,-0.571585817999,-0.78148210897,-0.165306246023,-0.554371127087,0.0556546830453,0.0596938787335,0.0573789878891,-0.54838700345,0.0412431091902,-0.188255981902,0.0241184436963,0.400758080314,0.42318338787,-0.911519157992,0.963862619895,1.83381679742,1.57875316323,-1.0190613978,0.512764709609,-1.17533773627,-0.528644683356,-0.422873841209,-1.35013209643,-1.35013209643,1.35013209643,-0.174946498997,-0.0574282003921,-0.271365328773,-0.271046796682,-0.26869097915,-0.58077397513,-0.884567375936,-1.41210980173,-0.063231028381,-0.0370487021059,0.226491581368,-0.122928888322,0.00922778028011,0.258857318467,0.158565009716,0.980885972631,-0.392061324631,-0.617292749218,-0.696891947397,-0.659566307991,-0.563650872889,-0.700382781112,0.208571644085,-0.719379239294,-0.706632814614,0.208412562167,-1.0683385373,-1.10507747301,-0.322247592476,-1.13190821271,-1.45666122514,0.313998236873,-0.11764222499,-0.405187639955,-0.349602633867,-0.436364086671,-0.345515232205,-0.711251812975,-1.32560187286,0.295101722619,3310590882.77,01030303,0.07117008
646,600623.XSHG,600623,2011-05-31,-0.10526916514,-0.0838557746008,-0.150930139808,0.727791301065,-0.157880597459,0.660565717987,-0.111724609711,-0.291530651095,0.0877147502056,-0.283085209029,2.02946459737,0.603648036867,-0.444771549119,0.248781812676,0.0244683597777,-0.508484110627,0.283208744284,0.322109823502,0.116854406316,0.822095412603,-0.220342353446,1.7123230893,0.379142800178,0.137988983647,-0.182523114316,-0.272348379541,2.23168996321,-0.278240378459,-0.0861373785034,0.605835336429,0.799763414827,0.632521633122,0.542731531795,0.672956519018,-0.27071550416,-0.374896912636,-0.137988983647,0.263425560124,-0.389036806901,0.146917777131,-0.128036666929,0.184130243181,-0.124774239565,0.0462427284623,-0.268233852026,0.421449910165,1.37278062454,-0.100154872715,-0.132567172113,-0.237836028788,-0.1114626831,0.781763236683,0.711493371684,-0.307482964362,0.144650427088,-0.331332648476,0.655328381621,0.791449199867,0.660094589999,0.560797207334,0.632558517308,-0.128175831334,0.65049846211,-0.440526691943,-0.185060005319,-0.319781189223,-0.343748210883,-0.962731621646,-0.248781812676,-0.306758880663,-0.343748210883,0.0847008235813,-0.761425813693,-0.262867201612,-0.262867201612,-0.27594155447,0.0995941734258,0.074002438129,0.145524756326,-4.35787465836,0.1428394626,-0.19460800865,0.587664931102,-0.333532225471,-0.893254130434,-0.057865619466,-0.919014833157,-0.443226962507,-0.0460961603807,-0.0694630287022,0.283132338879,-0.567329310936,-0.0493790946889,1.48196165655,0.268233852026,-0.159953961481,0.0166956492161,-0.384787383117,3.33825968896,-0.438395138302,0.406486959811,-0.489601020127,-0.336024055888,-0.682307422198,-1.54633967715,-0.823852673735,-1.59851482391,-0.574592687851,-1.37431000132,-0.281911897949,-1.71986844402,-7.73564212149e-17,3.93374321702e-17,-2.01671969808,4.5110256648e-17,-0.70508156521,0.123952746688,-4.34154062156e-17,0.10040734729,-0.473804685899,-0.332582703401,-0.212535493695,-0.637645443208,0.122911865618,-0.33810210278,-0.56599923368,0.0676190382147,-0.664010604606,2.0780284449,0.134860619807,0.140599463491,-0.490006633141,-1.53342187387,0.956175466873,0.715483998872,0.881815058958,-1.35346180862,-0.928597332867,-1.42613492783,-0.376443935535,0.548120266973,0.744369463614,-0.719850822172,-0.528035454767,-0.725705618309,-0.870418843666,-0.742401115138,-0.549544140565,-0.805782079694,-1.21912342678,-0.0846002404094,0.576847705244,0.834632224277,1.41163362443,0.916300755332,0.736132703356,-0.881703672427,1.10475911997,0.915116291645,0.485818340822,-0.997814631142,-0.655940719177,-0.690431191581,-0.690502215728,-0.688531431589,-0.357709930558,-0.453334745489,-0.00499400114681,-0.407975042983,0.498116231289,0.261547584132,-0.612293320323,-0.624687329693,-0.733238438509,-0.598124952824,-0.356860406565,0.775551963094,1.35398856657,-0.599462792986,-0.447089078525,-0.42145796076,-0.245936588199,0.510501295677,-0.358520402219,-0.615162164273,-0.6062871004,-0.613279019567,-0.210411054251,-2.38716665266,-0.0874146165758,0.430103765922,-2.76835333775,-3.5303434959,0.484504584569,1.15263154872,-1.05000541691,-0.630572343344,-0.0304197432178,0.512764709609,0.410259398511,0.199041282106,-0.33392281126,-0.552843103801,-0.552843103801,0.552843103801,-1.42733966144,-0.319214738547,-0.521715593266,-0.519436193535,-0.51736106755,-0.960358652356,0.0650807829142,-1.01869542669,-0.115391304318,-1.44649879531,-1.9395713767,-1.34958858905,-1.16952475304,1.36738628633,1.75464810523,-0.0312575418661,-0.994810393491,0.685230011934,0.617113948927,0.634832632421,1.89652596694,0.592051881843,1.17354360996,0.473870498237,0.438726780836,1.51117098987,0.376391458718,0.706034787873,-0.202287121627,0.381794048589,0.978431786077,-2.15291697408,-1.716262885,0.731405995092,-0.629989329797,3.1035201251,-1.15787529523,-0.0988394363093,0.88366878868,-0.556303510368,13448751956.6,01030303,0.01120051
680,600885.XSHG,600885,2011-05-31,-0.0658201106726,-0.0899279859819,-0.123043415873,-0.154981248664,-0.109318023111,-1.06583674271,-3.72324876411,-0.291530651095,0.182858310372,-0.253239288463,-0.265422280039,-0.719408418119,-0.950635953191,0.0641907556151,-0.329244322782,-0.808500137668,-0.314801751615,-0.565764481584,-0.266211362734,-0.296131448034,0.255706782914,-0.56053900787,-4.17901611083,0.703172620372,-0.856077037163,-1.23335770779,0.0905535557751,-0.138025037398,-0.0951327544949,-0.898026790203,-0.850705711489,-0.881666623843,-0.904225972647,-0.862579304532,-1.27225041058,-0.825209858405,-0.703172620372,0.646509729628,-0.619267908559,-0.687194214539,-0.0296832019098,0.0245180960818,-0.125214802167,-0.0722398249449,-0.182959781341,-0.997906447127,-0.746548348215,2.01714401059,-0.120208188144,-0.632746233295,0.0856425121126,-1.55562200094,-1.54064102338,0.14739047236,0.187524658725,-0.175270169121,-0.90108175929,-0.842544857088,-0.866892194123,-0.917833149051,-0.833713209614,-0.157759558131,-1.7191128492,-0.404987694333,-1.25972868654,-0.120272237633,-0.471023150696,-0.299669732399,-0.0641907556151,-0.124717394472,-0.471023150696,0.00687825713537,-0.127249397835,-0.951692902368,-0.951692902368,-1.58493930349,0.103379969816,0.115333579915,-0.204743548815,-0.0504065734119,-0.139221518982,-0.164689525224,-0.707440192448,-0.436992953167,-0.531950344011,-0.481616387745,-0.0420187151066,-0.639362104267,-1.32654505984,-9.11542141402e-17,-1.47218366416,-0.384388178811,-0.53032820717,-2.06194235804,0.182959781341,1.08002858218,0.281640140417,-0.250229831966,-0.895337900375,0.637267926857,-0.219788316488,-0.640012781879,-0.128813319221,-0.451654299446,-0.328673735835,-0.617441670778,0.0891574527943,-0.379534422459,-0.287509425955,-0.235577441878,-1.71986844402,-7.73564212149e-17,3.93374321702e-17,-3.72480450954e-16,4.5110256648e-17,-0.261323936756,2.37877774227e-16,-4.34154062156e-17,-0.375597854678,1.18817628437e-16,0.0,-0.498105341053,0.562717337405,0.131476079014,0.00198843486983,-0.693779239657,-0.527428498075,-0.449188629139,-1.24529455692,-0.702693384531,3.35276028074,-0.455861290649,0.152295723022,-1.32510925658,-0.814625737156,-0.747029678779,-0.14397607773,-0.447822246184,0.70739100385,-0.622734824586,-0.880964419395,-0.847195792714,0.0367353235914,-0.169712814441,-0.324229574491,-0.626309511488,-0.481115084938,-0.712346502517,-0.24346139263,-0.228632689697,-0.492821121917,-0.642769302583,-0.816017202883,-0.6733536715,-0.537411883686,-0.519084339563,-0.567048453883,-0.732843493456,-0.697524374253,-0.742264369004,-0.374492490495,-0.350885698731,-0.660116218727,-0.659957123288,-0.65169662468,-0.659960062783,-0.626001164628,-0.80439552498,-0.549682777964,0.166599069402,0.175744152198,-0.773220311174,-0.798501772306,-0.889706741704,-0.695228741552,0.123735531597,0.0902277627284,-1.55805029494,0.0299148129485,-0.0356562204633,-0.648614577852,-0.876726934389,0.257918605386,-0.660739585733,-0.355249211594,-0.353961982695,-0.354624730319,-0.750719882676,0.0611814875409,0.0959158981795,1.06948755109,0.0287159812811,0.0712031107858,-1.29074075233,0.521606048085,2.25195148937,1.75950389449,-1.0190613978,0.512764709609,-1.17533773627,-0.192048818764,-0.137625119514,-1.75552124585,-1.75552124585,1.75552124585,0.0126799545021,-0.109233215748,-0.360529979787,-0.360521509649,-0.359627364522,-0.641997310167,-0.798235725132,-0.292710340014,-0.123907267737,-0.00381499374127,0.420941202642,-0.0188716877034,0.0228207640941,0.521453379962,0.539331104111,2.01091714865,-0.181382002803,-0.202194253884,-0.894243187725,-0.8753745662,-0.632382531976,-0.894567273794,0.202977603703,-0.912560510739,-0.892453512312,0.119534967458,-1.33856839533,-1.49848148495,-0.290193356779,-1.07778550164,0.452381919092,0.326378797868,0.0049351333544,0.43198079016,-0.55493051401,-0.161355878836,-0.524768391652,-0.615757001698,-1.25439715641,-0.87328734459,1105417720.68,01030303,-0.01112656
683,600889.XSHG,600889,2011-05-31,-0.0863893293662,-0.0903715154191,-0.115843155185,-2.12145386354,-0.224335194271,0.036453193378,-0.100997548914,-0.291530651095,0.296352523262,-0.264053589551,0.290738498693,0.286859871589,-0.545944429933,0.618526704411,-1.14050642971,-0.423514536535,-0.410709095297,0.19310244584,-0.239125904316,0.944239643308,0.304464143249,0.899500592789,0.393910995132,0.190699372462,0.99915043454,-0.203704856095,-0.46459823371,-0.0491561592607,-0.05786465228,-0.469957109831,-0.625072917549,-0.430364790859,-0.512103242903,-0.509437490416,-0.170486082138,-0.369794409096,-0.190699372462,0.0580022191096,0.269575115057,0.441637347521,-0.111582094835,-0.0116178518902,-0.125839128848,-0.700507212751,-0.243390225134,0.34609798,0.50150093574,-0.952385780133,0.0968503157018,-1.26190003886,-0.113113973105,-0.666766414918,-0.558729441204,-0.00552773076998,0.112647830987,-0.311306932098,-0.465414057912,-0.700741615289,-0.385292435764,-0.521022131014,-0.525319219823,-0.112070709474,-0.432234206584,-0.170710881137,-0.0635615789722,0.0965636013174,0.167847135421,-6.53247709875,-0.618526704411,0.108822280977,0.167847135421,-0.604893584648,-0.211905471018,0.302761213239,0.302761213239,-0.468622731774,0.108023727659,0.122390116318,0.122579991032,-0.0897609063774,0.028848310532,-0.144296803498,-1.35460430038,-0.569928994441,-0.959869516056,-1.05329816747,-1.13199960468,-0.17882909984,0.0867504129386,0.398203730342,0.254753256932,-1.37497548481,0.369180325367,0.661959165704,0.243390225134,2.52571365634,1.00152483868,-0.406033312246,-0.689849268056,0.0242136849644,-1.10845560578,0.141258228542,0.0960851494007,0.337179380369,1.13876983446,0.906824197211,0.776727639598,0.287770169671,2.09859463058,-0.362448068336,1.68229602821,-7.73564212149e-17,-0.0645044265913,2.99163272167,0.357002490394,0.98674439327,0.346570186554,2.44339524802,0.963166775858,-0.147670330524,0.788460437084,0.653799998291,1.23180474424,0.127844418903,-0.130748114555,-0.449234745461,0.0676190382147,0.102137699506,-0.380232047152,-0.0616184546982,-0.490967039689,0.0620001726317,-1.10997606604,-0.362671008614,0.0533106028916,-0.148693644499,-0.937271608865,-1.22903761127,-0.286223810147,-0.170234413507,-0.52097295527,-0.271796692415,-0.357280577175,-0.389175088101,-0.379937461164,0.694423958186,-0.834645267642,-1.0133075574,-0.498663963209,-0.725464612665,-1.09703697131,0.391771262777,-0.0382912754947,-0.11327677395,0.956006726312,-1.06842298689,-0.957169761428,0.246160261181,-0.291162276584,-0.801234527083,-0.762988915818,1.48396375758,0.143034374035,0.147986112232,0.161758280031,-0.0548627988832,-0.233319720936,-0.108552710562,-0.425213799794,-1.08673392047,-0.816123392561,0.0303216162273,0.062363217853,0.31008696082,-0.011086512216,0.102422464871,-0.268091121049,-0.700422383242,-0.219608634383,-0.115880191467,-0.421753131058,0.00158229804601,-0.874414741697,-0.0535578320663,0.0894221580057,0.112123845784,0.0976417874113,-1.31332862863,-0.756585661022,-0.95983387834,-1.34349157572,0.282425897375,0.36867422505,-0.64993960728,0.00775244466454,-0.0431007599984,-0.321613360356,-0.0304197432178,0.512764709609,0.410259398511,0.0651545809071,-0.319951445299,-0.863097146348,-0.863097146348,0.863097146348,-0.595719837277,-0.897133374676,0.208817158106,0.21377255449,0.222094070954,-1.3766773306,-1.01406485214,-1.34068655626,-0.875441039403,-1.1482475664,-0.746417918272,-0.777653756448,-0.478935863659,2.13386196754,1.47537443964,1.14485620326,-0.912235778396,-1.05471469987,-0.457022355104,-0.429488769697,0.430250573069,-0.465867402433,1.17913765035,-0.561970353509,-0.542566400425,1.01532756676,0.173268842779,-0.375854599342,0.605803501942,-0.519828485673,-1.25914267405,-0.537784359625,-0.797389393989,0.0836698374848,-0.588990874527,0.749358822126,-1.7490293317,-1.18249794688,-0.684117940935,0.126056464724,2858815024.73,01030303,0.05926321
712,600260.XSHG,600260,2011-05-31,-0.345392404687,-0.500245352197,-0.154473125226,0.166090815482,-0.137924148984,-0.0309218384409,-0.215138296952,-0.291530651095,-0.00107873071867,-0.220253732098,-1.03540198411,-0.719408418119,-0.495357989526,1.77222081104,-1.09656779556,0.825270123028,0.333983220351,1.885375694,-0.0998292610252,0.528163535789,1.13954475117,-0.653820457167,0.0484712331177,-0.252228229368,0.0774450664327,-0.0664178092015,-0.620681074626,-0.178114775758,-0.105901257485,-0.92901175165,-1.03207872328,-0.935779393153,-0.941344552457,-0.998732834644,0.00928146076861,1.00965041466,0.252228229368,0.0436115957436,-0.122950041869,0.491684067022,-0.134768082786,0.0150057915005,-0.130694741265,0.192169559496,0.522733512281,-0.364036877011,-0.887836946398,-0.643361541749,-0.0157163313108,-1.1796028045,-0.226364388833,-0.451521550318,-0.320950178883,0.290217626553,0.26685010974,-0.0281847350393,-0.928690333792,-1.02921330629,-0.891223374388,-0.937074859542,-1.01241502424,1.00978387151,1.14805127749,-0.153876619111,-0.23942067791,-0.282974040927,-0.161071238447,-0.403450982014,-1.77222081104,-0.297320305783,-0.161071238447,0.715928306976,-0.547334369052,0.253302448824,0.253302448824,0.124849008286,0.0929255233177,0.0191808591024,0.115556474456,-0.241389113342,0.0758407258798,-0.159462105331,-0.707440192448,-0.047633568981,-0.682117230243,-0.624775431082,-1.07114681282,-0.304778627147,0.312429531469,-0.212653131893,0.242657254791,-0.497992486182,-0.358927953256,-0.373535345497,-0.522733512281,0.249913136671,-1.33169784314,2.35593747454,-0.708081161497,-0.366424131121,-0.774277098666,-0.112950079542,-0.28750449759,0.572445565576,0.50652021109,1.65837195157,0.142734350467,0.133776802257,0.592859755209,0.460803082431,-1.71986844402,-7.73564212149e-17,3.93374321702e-17,-0.889437802963,4.5110256648e-17,-0.261323936756,-0.850721684447,-4.34154062156e-17,0.0,-0.218277702757,-0.689625857218,0.288597292578,-1.73215260423,0.117708292922,0.081855341727,1.16434421439,-0.527428498075,0.0575709027313,-0.057934472083,-0.949371343815,-0.746664371038,0.00300620274562,-0.320888163824,0.364769066442,-0.648451986984,-0.603300833297,-0.830318624651,-0.914622652161,-0.967046683667,-0.0205570018516,-0.914356466655,-0.863932473261,-0.635313288978,-0.801599169985,-0.387323554886,0.109088928789,-0.520199696918,-0.582797613218,-0.404638640015,-0.548058981182,0.0698996488891,-0.539791300073,-0.288769109683,-0.483966844288,-0.535041377956,0.00882365920883,-1.33705837894,-0.581183588595,-0.300092832976,0.549179022646,-1.16985235827,-0.0925304591931,0.758200968445,0.761906262132,0.767436656034,0.399826907534,-0.168478522403,0.47691285292,-0.224020373037,0.347677217375,-0.682404641069,0.761047616787,0.878979726306,1.12598893279,0.387093257015,-2.63120402864,-0.324039912998,0.237873500351,-0.620566795816,-0.319989079094,0.756890884109,1.63525402025,0.230975106262,0.400056463193,0.495805404206,0.528347739192,0.506775644525,-0.61050398466,-0.0469921576297,-1.42144093182,-0.797228173774,0.568661853403,0.549721093817,-0.42818924021,1.00073136341,0.107739255886,0.508147851149,0.149333284887,0.512764709609,0.698549786654,0.520134476032,0.404463879754,-0.863807109832,-0.863807109832,0.863807109832,-0.453077228445,-0.142812586043,0.129281038284,0.142376428877,0.157606025565,-0.813422648269,0.0866636956154,-0.715152166691,-0.0344896518442,-0.0788038741538,-0.385297193049,-0.147993761464,-0.366069196254,1.19459392689,0.751248890622,-0.131130318702,-0.273902068777,0.159799043182,-0.927640830565,-0.947288399981,-0.416190222482,-0.928884944954,0.952579014879,-0.960903444312,-0.956240914587,0.891366710979,1.31549179331,1.2273685673,0.529788437145,0.647468857636,2.83359797502,0.272434924959,-0.251911015426,-0.392966203019,-0.361595332694,-0.395784130183,-1.23796713243,0.487623263379,-0.541708508048,-0.756954627962,3598504800.0,01030303,-0.00293255
721,600319.XSHG,600319,2011-05-31,0.387337106212,-0.137098290821,-0.162244835176,0.746064427747,-0.158276535141,0.0328792722402,-0.257202838731,-0.291530651095,0.195612283086,-0.268084726875,-0.911510512931,-0.719408418119,0.440491158007,-0.0596203192429,-0.467003292788,-0.636346418966,1.10688357826,0.747075302859,0.871377890809,0.269946346316,-0.0855947394298,0.0205181256314,0.338081290005,0.136786465271,0.597381427929,-0.28607708423,-1.55374772801,-0.171202751903,-1.33841913282,-0.721627424762,-0.9110911507,-0.760556296732,-0.707138287596,-0.852673503294,-0.255908884998,-0.438984357101,-0.136786465271,0.144394088481,-0.0191573321052,-0.0347332788326,-0.0957508019863,-0.366405193899,-0.123033192706,-0.44140962398,-0.669760578559,-0.625256901583,0.430856636648,-0.112226132027,-0.141947465694,0.54431658584,0.0623773735806,-0.758813762492,-0.660413402145,-0.208124944054,0.182476221074,-0.491538379495,-0.709039017238,-0.927096463738,-0.773737594378,-0.682100777785,-0.87097053757,0.409966728394,2.38621146545,-0.289018333709,-0.403199627382,-0.0673813867196,-0.234441497868,-0.402384005493,0.0596203192429,-0.0819954239622,-0.234441497868,-0.380072837138,0.00481232542864,-0.419336747214,-0.419336747214,-0.134002039516,0.105603221884,0.129417003408,0.118510718199,-0.100278409398,0.0798998884644,-0.204806177058,-0.0594991768265,-0.295796692968,0.652448630858,0.778183193625,-1.16421578861,-0.324007562613,-0.372610629744,-0.180468200442,-0.118827116893,1.08697169865,0.233431324268,0.117951233788,0.669760578559,0.865482765322,-0.263478159347,-0.179410068202,0.238078141844,-0.3724939751,-0.397398004529,-0.309355520507,-0.0562310272811,0.88613381252,-0.0320628014132,0.499294781117,-0.393034626263,0.756594421578,0.246783594338,0.350908292806,-0.165721614435,-7.73564212149e-17,3.93374321702e-17,-0.621037351744,4.5110256648e-17,-0.261323936756,0.416633615655,-4.34154062156e-17,0.0,1.06114982149,-0.350262177853,1.16718399354,1.92485946116,0.129572920482,0.204842879047,-0.903689650083,-1.12247603436,1.05857120333,0.147703244526,1.20454449899,0.073870136834,-0.80626710789,0.368051444155,0.303213828674,-0.271976404273,-0.118123529851,-0.319692970904,0.465215821303,-1.23353130948,0.600246522131,-0.755575364947,-0.781002442734,-0.36866710697,0.727101187698,-0.233791003205,1.01259919436,0.378380231894,1.18136893802,-0.606013224074,0.299724275799,0.629255467529,-0.286647483685,-0.135763192611,-0.410637188629,-0.615638572781,0.358388392115,0.869365409636,-0.306742676093,0.157543727488,1.1209244871,-0.338506742115,0.345091681249,-0.537225354951,-0.530875119287,-0.535111920578,-0.293141717195,0.0254381862051,-0.276700715205,0.156083364129,0.710184397301,0.553753180256,0.193712891561,0.172973706135,0.0152713272448,0.155785132356,-0.0107136384838,1.24599531685,0.641962597943,-0.267057104595,-0.243578748149,0.433021531372,0.0371869235385,1.14089844559,-0.294122743554,-0.416213435344,-0.413211674991,-0.407999439691,1.25143743742,0.497784799083,-0.133244963786,1.64405293513,0.582815444002,0.509824686844,0.984890367181,0.553292003458,-0.933417692529,-0.930652232955,2.3962461362,-2.38547060557,1.70756614515,0.674926293734,0.796593551047,1.34275939871,1.34275939871,-1.34275939871,0.835177806184,1.14645849976,-0.617004801653,-0.605060563133,-0.612529243575,0.496756721511,1.18739224337,0.630214330859,1.10771394164,0.969336158885,-0.937560573198,0.776368378338,0.41483343694,-0.484230368586,1.31330558673,-1.44885471755,0.456313008136,0.556160825417,-0.729969269584,-0.779711977378,0.214058263575,-0.731482111936,-0.132664819211,-0.688420369226,-0.722742650745,0.313662345374,0.493160065226,0.916589193007,-0.256586534205,1.33887768634,0.415767394671,0.467517193218,0.29594218528,0.658077373476,-0.5710874395,-0.132921558665,0.652454485282,0.79590542587,-0.0426340090138,0.650801134228,2591026740.0,01030303,0.09622412
731,600458.XSHG,600458,2011-05-31,0.429800651848,-0.138333960381,-0.11401451755,1.7627930727,-0.171197780523,-0.0795006924242,-0.568287601863,-0.291530651095,0.0558029113037,-0.124242894123,3.2297838353,0.715455624612,0.0863860751569,1.4323031328,-0.57070648252,0.23339701296,-0.371217836134,-0.467111781019,-0.316512928367,-1.0432827072,-1.30098275796,1.01867072625,0.0159533068025,-0.31195330871,0.0892618019212,1.92424437075,-1.23757992206,-0.126768312834,-0.0468042320405,0.979651720024,1.73210809541,1.10006732397,0.916722605043,1.50514629677,0.702724791538,0.667306443798,0.31195330871,0.11866904437,0.0638768357061,0.228475394094,-0.150599375635,2.16298145089,-0.129415460556,1.06871421156,0.519376265404,-0.765000481162,1.63180972121,0.53479336709,-0.111059568365,-0.78345222149,-0.0350821636378,0.416847888224,0.394764367331,-0.736740661475,0.222688776424,-0.927270346188,0.978938745704,2.1025241024,1.11522885403,0.91927901222,1.55969087029,-0.63571886188,-1.72504840735,-0.735593895788,3.71009126533,-0.098960499175,0.0690218880373,-0.0690463139612,-1.4323031328,-0.104420910144,0.0690218880373,0.011201733049,0.153945335425,0.599513799727,0.599513799727,0.866774395627,0.0966165641886,0.0417736353156,0.144249723061,-0.506766894617,0.0446360205716,-0.129576157713,-0.707440192448,-0.0746724151051,-0.580500540312,-0.867191411134,-0.362390766394,0.437458281867,0.97826295919,0.823833027899,0.823730588424,-0.864617262246,0.0459194464869,1.727833675,-0.519376265404,-0.193020162645,2.38009177255,-0.292721690224,0.241876452978,2.36847414176,0.329130823904,0.171713502616,-0.0955937649731,-0.350166925434,-0.0788961068482,-0.379275128905,-0.330528245644,-0.314515000661,-0.408939657839,-0.438727777481,1.46392562167,0.569010428551,-2.11956094701,-0.347268891501,-0.233945056303,1.40276716995,-0.726235897573,-1.07544000063,-2.16061736206,-0.2846443518,-0.0442839246625,-0.926022568913,-0.985171439592,0.115226959646,-0.111250090345,0.370643761445,1.85276164708,-0.976979683083,-0.318441867883,0.313594228672,-0.560353728912,0.817645210059,-0.402888780579,-0.195009504639,0.684972581921,0.458024517991,-0.40514692016,-0.896117717819,-0.206708975081,-1.24882038918,0.90617648943,1.27366513939,-0.380831313649,-0.133260148008,-0.172564326274,-1.15114512899,-0.592479543811,-0.893804536924,-0.0732496675334,-0.637881313684,-0.921357677198,0.807636469992,0.279367203106,0.49356943154,1.60611792281,-0.709713640574,-0.527396780001,1.15424621758,-0.0832763492606,-1.14582411795,0.287400386128,-0.90450406917,-0.227404351416,-0.226523508397,-0.214175633063,-0.146633312373,-0.194559980376,-0.233374978264,-0.304507463993,-0.0615772103365,-0.0350319567945,-0.443970697754,-0.451762839906,-0.463044684805,-0.414454183813,0.0366809299708,0.0749770723341,-0.943175537049,-0.296167924946,-0.164922962545,-0.416492740697,-0.512205297393,0.210389061988,-0.145664917443,-0.135621793742,-0.124056489787,-0.134024868015,-1.23825420784,-1.71999635748,-0.315891034885,-0.43037021628,-1.0884650305,-0.848484721803,0.0749467101398,0.271641739036,-0.319169846203,-0.781642430314,-0.300049285376,0.512764709609,-0.0221761837033,-2.33846403903,-2.45780329336,-1.02709871117,-1.02709871117,1.02709871117,-1.23077009767,-2.21479228339,-0.211234207504,-0.209617342619,-0.206780824178,-0.76444398024,-1.35939145536,-1.12513310486,-2.17731894698,-1.40730006237,-1.34167186095,-1.03893607041,1.04998907702,0.927165379184,0.44748942885,-0.547018449106,-1.35047431575,-2.26954964372,1.00429732372,1.17033952138,1.15713993736,0.991481794782,0.681268056356,0.862449336075,0.865748954754,0.407217708225,-0.367653628652,-0.216033897281,-0.274703475119,-0.599259336474,-1.11968040361,-1.51372629639,-1.60629035188,-0.777941466502,-0.061353220487,-0.375935989278,-0.509512803614,-0.876291758551,0.598849922907,0.60760872614,9105209344.0,01030303,0.09318182
744,600596.XSHG,600596,2011-05-31,-0.0176303564516,-0.106798499654,-0.102471242478,0.0841149129134,-0.132738306878,0.40311102862,-0.401596308794,-0.291530651095,0.0900287621327,-0.170058320238,0.00551794665748,0.994974593976,2.64100131572,0.120468516914,-0.420460393081,0.741466112366,-0.427633920652,-0.641651174326,-0.343598386785,1.17281364229,0.520769523644,0.799027842335,-0.0629092029689,-0.627814802142,-0.844260301675,-0.266170462431,1.23401759179,-0.248024959893,-0.112809965728,-0.235767660643,0.0999135099097,-0.211808028343,-0.246936319307,-0.0769980294969,-0.236356554565,0.244683083907,0.627814802142,0.0498764100406,-0.0757715374311,0.943958124727,-0.152593869222,0.02819330467,-0.124870833505,-0.241086070627,-0.135286875682,0.972660696282,0.477952836043,0.423737781421,-0.130407588246,-0.334942630734,0.0150916480527,0.219844113844,0.42070204436,-0.0629690862606,0.275072565122,-0.323046145147,-0.225119710453,0.159136300628,-0.228091996469,-0.248605430131,-0.0662289236688,-0.534322762967,-0.74615698423,-0.364304894436,-0.320264755096,-0.276724817619,-0.202497983562,-0.05294208167,-0.120468516914,-0.289927938239,-0.202497983562,-0.0406799779149,-0.729165459021,-0.221501689556,-0.221501689556,-0.508050374817,0.0999156785341,0.0766412269518,0.110767182837,5.97028610923,0.0649269800857,-0.186246305875,0.587664931102,0.169093182259,-0.363718268458,-0.297418418651,-0.668444513714,-0.254783394933,2.46838536594,-0.246151734015,1.27407405276,-0.111304581649,-1.21524362181,-1.75659763147,0.135286875682,0.481376544821,-0.885256393701,-0.158164139073,-0.267477070017,-0.204272584822,-0.219994599517,-0.274549492995,-0.288304270529,-0.650015985013,-0.508201406669,-0.792097134818,0.767798156653,-0.526683640211,-0.79751639987,-0.454622669344,0.746671759733,2.35495770635,0.00635959135408,-0.154020566623,-0.832856417572,-0.816020972324,0.0110370673724,-0.896494964866,-0.19709590394,-0.271801783148,-0.266058541393,0.575333921744,-0.587713547176,0.122032558195,-0.230113045621,-0.752291078093,-2.90761864323,-1.60191633899,-0.800899587619,-1.39860340188,-0.227002358136,0.769440020658,0.285378691197,-1.0843296525,-0.529432244828,-0.545612068558,-0.445339743189,-0.282475666878,-0.337340489833,-0.760529744237,-0.166202992248,-0.275962397546,-0.626434370359,-1.08804838123,-0.601959069812,-0.983112781107,-0.577988821522,-0.395865403737,-0.750470147509,-0.452192631811,-0.422562000351,-0.228463102704,-0.622522951008,-0.518610776095,-0.460370447456,-0.224946590706,-0.281812219186,-0.416729235599,-0.585739946442,-0.853496087693,-0.123544615689,-1.18846886598,-0.453414905964,-0.451328171934,-0.449567197607,-0.446331574481,-0.473291865361,-0.622113336862,-0.511756834822,-0.266750806171,-0.149277538483,-0.517385830317,-0.525395976587,-0.505972004501,-0.47219553587,0.165730629032,-0.402424121196,-0.877492327737,-0.311090127879,-0.186960594982,-0.418032625434,-0.654375420461,0.0772861580751,-0.446409713551,-0.532341238524,-0.528891671381,-0.529400024439,-0.123094313343,-0.297844106594,-0.0426428755538,0.242202705793,0.324410346411,0.231405898664,-0.925812792945,0.754975815041,1.18482353931,1.71357105808,-1.0190613978,0.512764709609,-1.17533773627,-0.605688258782,-0.501579202786,-0.579821716197,-0.579821716197,0.579821716197,-0.173426170251,0.127368794685,-0.451037327644,-0.44917094785,-0.447538631352,-0.225678631919,-0.452909121913,-0.840734904467,0.147539066222,0.194735110078,-0.444161194047,-0.062925101104,-0.674013550287,-0.523819582529,0.18189431064,1.28050430314,-0.604291771826,-0.11520237164,-0.231769499986,-0.193486559556,-0.0171300442649,-0.233113641621,0.423942198789,-0.251810264292,-0.265182129316,0.451656505579,-1.09812841462,-1.22997590044,-0.237410543965,-0.953538071865,-0.592721987632,0.0126200092083,-0.429839997583,-0.912377272798,0.526446550341,-0.496704053845,0.142663585012,-0.673884278127,-1.25439715641,-1.15980266382,7375945114.38,01030303,-0.03130755
766,600699.XSHG,600699,2011-05-31,-0.43977171403,-0.265386160402,0.103821940731,-0.352314050636,-0.0682564608949,-5.03917665946,-0.580340479164,-0.291530651095,-0.460706076521,7.82593512582,0.00976344878521,-0.719408418119,-0.950635953191,3.17016040171,-0.14761349466,-0.825284251069,-0.314801751615,-0.178742348598,-0.273950065139,7.93025364058e-16,-4.76630133158,-0.0431762560467,-0.498945825645,2.79635627355,0.491030808532,-0.560651178017,-0.420003136305,2.37558180912,-0.0980194917422,-0.398476783697,-0.477883409474,-0.363684757028,-0.433675275886,-0.401498414862,-0.560014063178,-0.816025352032,-2.79635627355,-0.215002505327,1.02631832625,-1.60842456978,-0.0927590616055,0.211326786734,8.06219116258,-0.994328206547,-5.90773715662,1.01402967054e-15,-8.1698882719e-16,-1.17449695147,-0.124428377331,-0.533271636024,1.09863873364,-1.10941687093,-1.04772182248,-0.736740661475,0.219514758693,-0.96179744339,-0.409131789377,-0.447869845368,-0.305928788396,-0.416212208421,-0.430050481896,-0.135163013867,-1.16361078664,-0.743543408412,1.96474197826,-0.0645953209107,6.87748249188,0.369865147741,-3.17016040171,-0.0642773974328,6.87748249188,-0.518424066375,0.0616290694778,-4.02982654948,-4.02982654948,-3.04924768118,0.0905116541157,-8.04246724113,-8.03989713406,-0.268399450322,0.00942425544803,0.428192436938,-0.707440192448,7.19954973073,-0.282424916512,-1.67460841556,-1.37899034813,2.66128466859,-1.35695572121,-9.11542141402e-17,-1.86111665609,-0.669887798246,-0.510445777716,0.0790751345356,5.90773715662,-1.18077679975,0.509509514441,-0.271475761095,-0.842161544507,-4.90883522893,-0.788716910702,5.94019102666,-0.0697460308585,-0.230227301603,0.0459927076452,-0.0934752786566,0.473125219451,-0.222118980213,-0.421082681028,-0.370903289128,1.68229602821,-7.73564212149e-17,3.93374321702e-17,2.12201525972,4.5110256648e-17,-0.261323936756,0.493981927293,-4.34154062156e-17,0.0,-0.337807234948,7.76412321494,-1.90961963254,-1.70419074246,-8.06194060333,-6.50060263892,-0.760196332013,0.0676190382147,-1.4612054413,0.0681174936266,0.552438604026,0.865764181495,-0.36513223774,-0.877416939831,0.180103353139,-0.138079194347,-0.208847741064,-0.998822025832,-1.4138719596,-1.7465302454,-0.349580266331,-0.463262588189,-0.175690034309,-1.17808061421,-0.296589375769,-0.905277968088,0.0179565085038,-0.855391513728,-0.969211133883,-0.499705882505,-1.17116964749,-1.11650690844,0.49625259379,0.323629450597,-0.204505794376,0.167813571036,-0.464319198074,-0.752515960748,0.401658500482,-0.186740112336,-0.706341902003,0.281822254999,0.371454460793,-1.22443909704,-1.22206986236,-1.20903408814,-0.504736676119,-0.549851529687,-0.548853306231,-0.472715323036,0.16806500705,0.0890147093692,-0.653555519111,-0.665839658446,-0.724640999529,-0.613905623557,-0.118289362115,-0.270313946989,-0.347531224467,-0.331519192274,-0.332569160975,-0.509096712908,-0.588812715402,0.298888869972,-0.504708374937,-1.04338266502,-1.03224711707,-1.03989288051,-1.45502069064,-0.835516030364,-0.0935746094803,-0.805325452865,-0.530248778208,-0.353661770054,-0.739573363683,0.533811454045,0.407845999129,0.641857166615,-0.389925799428,0.512764709609,-0.166321377775,-0.00883543817625,-0.31273290622,-1.44100742239,-1.44100742239,1.44100742239,-0.452987797342,-1.22961332398,-1.18998976037,-1.18699757294,-1.18461699146,-0.739954646225,-0.884567375936,-0.304130976724,-1.18627370417,-0.475051935424,-0.97129162995,-0.192806716475,-0.984345860935,1.45362757868,0.896289347818,2.41040825599,-0.84946082239,-0.590418949288,-0.387479055399,-0.361163117457,0.152408048151,-0.386509905206,1.66861618376,-0.462098562373,-0.475416348648,1.08783297297,-0.437575965944,-0.121428248963,-0.462263167326,-0.856140672508,0.483090875058,-0.695901810054,-1.01550767396,-0.185201775107,4.49686544699,-0.513047840356,-1.07905475703,-1.21986548173,-1.25439715641,0.172935340513,1781090369.31,01030303,0.06256517
774,600769.XSHG,600769,2011-05-31,-0.0224468245285,-0.105910577882,-0.116986053707,-0.438770090168,-0.0333450646011,-0.651394258187,-0.230204393578,-0.291530651095,0.126514810658,-0.208044037321,-0.39317329861,-0.719408418119,-0.950635953191,-0.999458932938,0.598541973515,-0.843700153273,-0.0665709797322,0.13998176092,-0.161738880266,-1.33042879342,-0.723872911086,-0.713610989645,0.166198331498,-0.0101211963314,-0.572475385438,-0.537312380045,1.78402379311,-0.263231412374,-0.139266317953,-1.033693877,-1.11657138777,-1.05020500509,-1.02295411203,-1.09763713631,-0.535905849926,-0.414900540391,0.0101211963314,0.137984886658,-0.330535461398,-0.726119440817,-0.131776342405,0.235842589905,-0.120797396402,-0.364585319944,-0.640216806038,-1.69160088301,-0.463971151848,2.11854258881,-0.139337906613,0.235311989519,-0.274338708978,-0.814566017729,-0.722002467918,0.0309552923119,0.175828278424,-0.260897370183,-1.04210020382,-1.11520643686,-1.02648963228,-1.0278690037,-1.10026563647,0.182172032052,0.137538013203,-0.488223767684,-0.263348666272,-0.0999150874601,-0.290841765314,-0.254942076637,0.999458932938,-0.102209113774,-0.290841765314,-0.602731846691,0.0252540969779,-0.586597295962,-0.586597295962,0.0566220433683,0.121895640728,0.102999465867,0.139844608131,0.109718766157,0.238428630344,-0.155962698376,-0.0594991768265,-0.44816504783,0.0901696132367,0.068114338671,0.527133867628,-0.36054254,-1.22250858676,-0.275052488788,-0.492407490718,-0.236429304262,-1.12234468419,0.0669746268214,0.640216806038,0.8235732778,0.0392829513723,-0.47685307601,0.162491750289,0.58827561474,-0.00236600383358,-0.433662761624,-0.106605131524,-0.442428174535,-0.65650687388,-0.347519589988,-0.580553768118,-0.43086554493,-0.433225704216,0.170752080172,-2.57914737496e-15,-7.73564212149e-17,3.93374321702e-17,-3.72480450954e-16,4.5110256648e-17,4.92669936463e-17,2.37877774227e-16,-4.34154062156e-17,0.0,1.18817628437e-16,0.0,-0.502772468283,-0.110364621109,0.125748535456,0.552057694773,-0.443953776654,0.662666574504,0.0831091795351,-0.210679795237,-0.0865580280283,0.329272205675,0.387241733263,0.273952375748,1.33877017675,-0.884222027061,-0.84588948502,0.265071350543,0.00680022374943,0.459548392937,0.189003130995,-0.991857418334,-1.04465317035,0.176419141399,-0.0178745424486,-0.0193681211793,-0.0801467848858,-0.0484103262346,-0.226699560291,0.128409076334,0.176604904913,0.0790857883588,-1.07728691901,-0.508155901592,-0.858698706669,-0.906618151157,-0.320046841509,0.232380455021,-0.914478962519,-0.604820842537,0.284524596603,-0.0906880628206,-0.326029363732,-0.491922442219,-0.490684012678,-0.484839393839,-0.519758473101,-0.571382966625,-0.61982457937,-0.507358985179,-0.00138988218937,-0.112729962079,-0.538618874394,-0.535379101629,-0.527395431437,-0.55120974146,-0.30745524152,-0.125915754238,1.05529229913,-0.571725705946,-0.513003033396,-0.44652080032,-0.457090023959,0.469631943073,-0.520352122586,-0.139837052062,-0.139737862787,-0.140862357886,-0.262798474504,0.636145206841,0.186335468103,-0.676963997191,0.543756977638,0.516056011885,-0.6191449659,-0.317885381335,0.214996831397,0.0555964628928,-0.0304197432178,0.512764709609,0.410259398511,0.386482663783,0.478046407147,-0.361152963098,-0.361152963098,0.361152963098,0.54005516722,0.195411202914,-0.396181187467,-0.395812568347,-0.393402932587,-0.0297639598023,0.151412433719,1.15909383571,0.140087598231,0.326817797168,0.655735813364,0.429257862406,-0.149214161684,-0.188891115278,-0.75949283057,-0.3785763031,0.301200471493,0.293846842036,-1.0366847245,-1.06050804453,-1.19723180302,-1.03398916487,-0.294891990286,-1.01760942836,-0.999869576229,-0.31783635387,0.568924689139,0.367581547301,0.391901242981,0.107865819611,1.2635344601,0.886333885183,0.326632194523,-0.57017703859,-0.447441413274,-0.345131801061,-0.145921288707,0.884134327593,-0.0426340090138,0.527760057232,2441101572.0,01030303,0.0875576
778,600844.XSHG,600844,2011-05-31,-1.21829386259,-0.174450545198,-0.122929126021,-3.02290248718,-0.210809883765,0.1102480465,0.555161091339,-0.291530651095,0.414743831161,-0.19660956126,0.598730380322,-0.719408418119,-0.950635953191,-1.62020264007,-1.18885228249,-0.408012542908,0.0913940569204,-0.186331017872,0.136201162329,0.552806670054,0.509245056655,0.0938693974348,0.107003500485,-0.390517842609,-0.997877863026,-0.694506048737,-0.645837283418,-0.257109334102,-0.217997481379,0.410465931784,0.569507812143,0.367121729044,0.458949594511,0.406883281986,-0.709788710858,-0.314347203959,0.390517842609,-0.0236970556857,-0.441876731872,0.00233836524161,-0.0938809642483,0.0181729565486,-0.117532050061,-1.01454254007,-1.2190061677,0.0168328790965,0.666337633621,0.957287443006,-0.142038481763,0.557265385674,0.0533387335532,0.661559129334,0.612909531504,1.33580554339,-1.09042985047,1.00624709714,0.384821834139,0.536424042364,0.327732637718,0.472059167591,0.373890974627,-0.118934457853,0.442815970963,-0.27545740041,-0.210381857081,-0.111359047018,-0.38567407341,-0.463685363216,1.62020264007,-0.0820427351145,-0.38567407341,-0.228751180159,-0.189712798265,-1.64321635391,-1.64321635391,-0.586905660902,0.158465372005,0.150290119489,0.173958831502,0.303937943679,1.60941664591,1.14934501642,0.587664931102,-0.156918048151,0.435666359004,0.638841724777,0.994268534589,-0.485530620533,-0.0605012104996,-0.427438286679,0.179851089826,1.49174014857,-1.4733724042,0.434624095244,1.2190061677,3.28508281098,-0.622080100397,-0.55475481615,2.04569441025,0.165554337621,-1.53814315536,-0.591532957843,-0.122925135844,-0.460880424356,-0.906284502867,-0.744463826444,-0.750213944083,-0.276872177516,-1.00394779407,-0.0971145461499,-0.165721614435,-1.6970541782,-2.01326492009,-2.24217607711,-1.7105012889,-1.92541504346,-1.36859112829,-3.30599612819,-2.16061736206,-0.210759449026,1.35551930137,-0.978819445697,-0.324073136126,0.125989441599,0.0897295438115,-0.746556529143,0.0676190382147,-1.48724446863,0.243601602752,0.0800255322922,-0.578069479352,0.761951000162,1.02943346781,0.441288008418,-0.21448381696,-0.144009514029,1.00584511645,0.943257399013,0.269830393602,0.382314060995,0.54965385471,0.14502494481,1.40230242642,1.38587864797,-0.00854124053609,0.22073456925,1.90317036338,1.80441701586,2.03034028765,1.08175137653,0.498625145335,-0.43419639239,-0.190747350984,-0.60637540334,-1.05773789145,1.08095267762,0.623780848821,-0.713423348965,-0.343438704243,0.745867322378,0.868478387373,-0.899984735533,-0.769735472343,-0.771167111449,-0.768353759805,-0.373353938116,-0.0991895382772,-0.401197015411,-0.199358055071,0.331020018634,0.421194956996,-0.338987029847,-0.375747923671,-0.520164530468,-0.241876738702,0.444154894723,1.34223118485,0.0168482522862,0.920542300268,0.434275229298,-0.245151074555,-0.477162570975,0.495566322379,-0.373975759502,-0.848036460122,-0.847725663864,-0.849603164387,0.750191188861,1.18086439906,0.28596308668,0.51090918851,0.482107203203,0.561964751645,0.57792585268,-0.41208947029,-1.57477149988,-1.67459266677,-0.569678827534,-0.292300655719,-1.17533773627,0.104615924418,0.460349343597,1.55787833439,1.55787833439,-1.55787833439,0.495339615862,0.618467085249,-0.416390676993,-0.415924767927,-0.417677012568,1.1457240729,0.626236513144,1.23109253962,0.559498796584,0.965075427043,0.976511549139,0.902452285657,-0.712016757286,-1.67655340822,-2.23023576744,0.563507203766,1.42348529544,-0.0594740335381,0.397070519168,0.36007806163,-0.710694967785,0.41360337954,-0.904642391914,0.512898067103,0.503234750861,-1.07095702482,-0.033829613097,0.987315305441,-1.02967197881,0.649171198874,0.438662829297,1.09132060224,0.867178250171,-0.973484457478,0.160364453084,-0.40828275102,1.25632151179,0.587270022972,0.598849922907,1.40632825073,11827247187.4,01030303,0.14944042
815,600182.XSHG,600182,2011-05-31,-0.177971766175,-0.0402975596926,-0.173673820395,2.02855532761,-0.173010966979,-0.0136478862751,1.1076649868,-0.291530651095,0.117366391411,-0.219052143088,-0.394331162826,1.2931281613,-0.318305448101,0.828442754057,-0.019804154577,0.120803585563,0.238075876669,-0.330515734083,0.0355980310633,0.056015369145,1.17323165467,-1.19625003017,0.589994962607,0.0223467998209,-1.04514480498,-0.292941436575,1.86578147169,-0.224129105994,-0.0723632090164,-0.5161045647,-0.582745324993,-0.542434040702,-0.507262432725,-0.582859972346,-0.263122366128,-0.254749962609,-0.0223467998209,0.236826169332,0.29033365701,0.7307961713,-0.129906504667,0.229994684475,-0.12528076876,0.273863009562,-0.266890953275,-0.693758656279,-1.64137613671,-0.983771054344,-0.138938906492,0.196672319768,-0.0194316782057,-0.57453197924,-1.17307003855,0.637970697631,0.421664698999,0.540821826855,-0.502253668347,-0.570826496672,-0.553016685147,-0.487439092224,-0.591098824348,0.105616550797,1.33427338243,0.367050266917,-0.297033698433,-0.282796443107,-0.207988275084,0.216448150367,-0.828442754057,-0.297237511267,-0.207988275084,-0.267662463382,-0.575436333366,0.0824448990283,0.0824448990283,0.401528207724,0.109531704601,0.114681295038,0.144659733758,-0.0344765419819,0.0642021092317,-0.217513217808,-0.0594991768265,-0.0459102139534,0.197431674831,0.337253340146,-0.186991542784,-0.10960493216,0.00672235672218,0.281943875917,0.676252408471,0.611855995537,-0.136793224185,-0.0290570620593,0.266890953275,-0.607116658621,-0.455413189033,-0.512262957892,-0.895717731489,0.0307170892277,0.782128355773,-0.256524943033,-0.29625563627,0.171109131987,-0.039868352319,-0.257545563058,-0.187656518516,0.0140041831563,-0.232865821607,-0.0107851262125,-1.70941454158,-7.73564212149e-17,1.38820794129,-1.14710223613,-0.232319788022,1.40276716995,1.46629948467,-0.222635512023,1.4094216527,-0.335345742623,-0.270663427762,0.425985850398,0.351006098229,0.124760820268,-0.347476152881,-0.366261977888,-0.527428498075,0.563829684076,0.324175996519,0.0848216040864,0.964381858943,-0.934297795454,0.305542777284,0.701792495324,-0.642400135688,-0.535750741252,-0.529874325819,0.0992788250849,-1.33929153654,0.102970529873,-0.468465832295,-0.616102561941,-1.22800711747,-0.793538559243,-0.88214350861,0.282588115245,-0.269600186539,0.467842166261,-1.02199160993,-0.468140594502,0.213809835782,-0.793269189463,-0.386790868383,-0.659496098778,-0.98899322528,0.676781272572,0.353893649175,-0.620069572035,-0.341086264998,0.509971338578,-0.308915436737,-0.237149135553,-0.673783537432,-0.673675682181,-0.669091962432,-0.577762213622,-0.505516150824,-0.646619107568,-0.396739107928,0.379116944753,0.307777653502,-0.607851369462,-0.633331932901,-0.756162108876,-0.559489227052,0.0277922754929,1.41568966337,0.116247177405,0.213299263706,-0.44675347128,-0.431933244173,-0.641602670837,0.548242376847,-0.578527854211,-0.54134056985,-0.540470241299,-0.538719375319,0.746858338581,0.0145751671181,0.111028414105,1.54881701641,0.31314871543,0.112931089336,0.756457574993,0.924083818994,-1.01149507089,-1.08119940512,0.508839341098,0.512764709609,1.27513056294,0.417018227215,0.51926193673,1.06800353037,1.06800353037,-1.06800353037,0.468420853944,0.878265371215,-0.773550855106,-0.771630867558,-0.771448523047,0.325331383409,0.73415107665,0.190630482608,0.84371907567,0.789533275168,-0.184895032348,0.520402855649,-0.774450597357,-1.02466340962,-0.161824056304,-0.89284657188,-0.0358499463649,0.262690364827,-0.521878857884,-0.553840121636,-0.505333101542,-0.521731015209,0.28129416905,-0.494598450023,-0.524552206668,0.547550752501,0.464295698657,0.11454713878,0.504746547478,0.294880723199,0.66361955998,0.35414662753,-0.131160443347,-0.832937932714,1.92810606771,-0.499424627628,0.407093777671,0.288329744193,0.598849922907,-0.592929956883,3155200000.0,01030303,0.00862069
823,600230.XSHG,600230,2011-05-31,-0.18377272203,-0.0345221851333,-0.104871329374,-0.949200842683,-0.416671214735,0.0958199944993,1.01726840705,-0.291530651095,0.0852392955859,-0.000324182372141,-0.282018333811,1.36766655313,0.971648782283,-0.620146821782,-0.346873197276,0.273842064003,-0.190686365674,0.109627083823,-0.177216285076,1.44853102856,1.14575023339,-0.376647163993,0.204993176566,-0.0596248694772,-0.371590882132,-0.389728804635,0.656568253602,-0.205565384783,-0.119891661972,-0.106869544127,0.124165197966,-0.0811218467491,-0.120237093203,0.0104462848753,-0.373222867592,-0.414832507011,0.0596248694772,0.102273038707,-0.260711274829,0.521341382281,-0.109961568795,0.140070977871,-0.11981260941,-0.555514864289,0.0453330063198,0.735644625035,-0.95848124549,-0.418836118548,-0.135607771714,-0.0652918614827,-0.0903368676513,-0.61915249224,-0.506130725637,1.89158946949,0.725495671899,1.78586895197,-0.104997896712,0.0998736506292,-0.0849287765574,-0.11363930944,0.0442928142943,0.0404190352417,-0.942285473679,1.77037305414,-0.310275400731,-0.296760071742,-0.307811757289,-0.0181586470835,0.620146821782,-0.273546451762,-0.307811757289,-0.661098771526,-0.523128159916,-0.0443493879255,-0.0443493879255,0.233189314385,0.0992973711182,0.0693178467357,0.116069821182,-1.29801703732,0.0665821351767,-0.204303679572,-0.0594991768265,0.00394822977869,-0.387428829442,-0.112266055934,-0.315856278498,-0.414383559307,0.34604131508,-0.166674658391,0.428284364574,-0.580380678369,-1.23512605126,-1.25017851075,-0.0453330063198,-0.0922835963078,-0.810022425156,-0.427279241375,0.920254821411,-0.369459053111,-0.409362420216,-0.358456880749,-0.283946087557,-0.659242109923,-0.851645646526,-0.501004694751,-0.937733085939,-0.530105715042,-0.542512912913,0.0704665451143,-0.165721614435,-7.73564212149e-17,3.93374321702e-17,-0.239908711013,4.5110256648e-17,-1.64806652567,0.412134129383,-4.34154062156e-17,-1.08960565763,-0.347827114031,-0.406014194962,1.24856702461,-0.705552821812,0.122586642325,-0.15174598678,-0.294466720981,-1.12247603436,-1.9233981764,2.12301169541,0.381058971912,0.535070173284,-0.80379946129,0.11263968705,0.944272520343,-0.222805112493,-0.362684447035,-0.30941492349,-0.359551405852,-0.465361206429,-0.643988949861,-0.0784416083328,-0.0893476708548,-0.697418106434,-0.397172692505,-0.510066862703,-0.585778044375,-0.579794731666,-0.567158995136,-0.330806705094,-0.119263457187,-0.210039179182,-0.163263188707,0.201764561402,-0.181409839838,-0.0473098239761,-0.141414602131,-0.308673030525,0.00050685698382,-0.0819694385691,0.0620918621867,-0.0616409653573,-0.605474826906,-0.607257572675,-0.606916113824,-0.60224793882,-0.510205473449,-0.596491012664,-0.359476668389,-0.516909699515,-0.0411832508789,-0.0488764150577,-0.750666887597,-0.761037617302,-0.783082939648,-0.702706260205,-0.0455486261215,-2.80893571528,0.763838666933,-0.506560847319,-0.355409482905,-0.62718156716,-0.377110353854,0.361151562704,-0.510225269859,-0.411542697245,-0.409752059002,-0.410546975133,-0.381304920596,-0.176163196901,0.108829068491,-0.831495162632,-0.867621384884,-0.637197013619,-0.388806355719,0.199479530992,-0.203216133613,-0.124505854013,-0.210172771323,0.512764709609,0.121969010368,-0.550489355656,-0.506702036972,-0.665727297771,-0.665727297771,0.665727297771,-0.273946729704,-0.229191097789,-0.48946691746,-0.488629221628,-0.488033872311,-0.250167965934,-0.474492034615,-0.649793367845,-0.274001122984,-0.0805081668904,-0.376037687274,-0.127486137984,-0.484283253688,-0.0488729251211,-0.276755757608,-0.357707364657,-0.192604851043,-0.14823252016,-0.102056494426,-0.0647125652517,-0.326630787914,-0.107598368525,0.34003159306,-0.1291002463,-0.137521542891,0.301967925017,0.314050597,-0.246563822045,0.664555034506,-0.122901210496,-0.914530040976,-0.0460992229423,-0.470029295401,-0.955152302074,-0.319583216986,-0.410509891765,-0.138293494688,-0.296056981337,0.598849922907,-0.0176950475421,3008246792.0,01030303,0.04913793
857,600803.XSHG,600803,2011-05-31,0.293610179688,-0.133747658905,-0.123271995578,0.681881826542,-0.15684095133,-0.504334021742,-0.562863807078,-0.291530651095,0.216761275816,-0.225098849073,-0.61779895664,-0.719408418119,-0.950635953191,0.619652259637,-0.72349006147,0.00401412981484,-0.461483571364,-0.823779236908,-0.362945142797,-1.65078953887,-0.976524687367,-1.1239260871,0.0179758695117,-0.38731112694,-0.737909682278,-0.560651178017,-2.28785163913,-0.19806090174,-0.294350059807,0.0595117453029,0.11804358795,0.0536420110988,0.0693926652142,0.0758245730426,-0.562292004587,0.398098357016,0.38731112694,0.0698179316057,-0.455086713114,0.0116062762602,-0.100986347653,-1.75757973892,-0.127719176742,-0.151818393402,-0.0614274443804,-1.12897313778,-0.581711650334,2.00748700314,-0.122949680522,-0.571065593158,-0.0342063782505,-0.355358264438,-0.732749553221,-0.736740661475,0.228599447239,-0.916221675083,0.0606873636201,0.110462622626,0.0392554660357,0.0546528369895,0.0748321542563,-0.053484003457,0.058934953917,-0.730917711892,3.3191125817,-0.120505334773,-0.382180251533,-0.909027136752,-0.619652259637,-0.124421699771,-0.382180251533,0.696472665365,-0.157802623834,-0.472392512677,-0.472392512677,-0.959582599923,0.122886702346,0.150201171552,0.139876275624,0.0057362914954,-1.58165741952,-0.0660771048642,-0.707440192448,-0.0566663263675,0.133074437874,-0.123718779401,0.147698812472,-0.505721002773,-0.236562934176,-0.535816117075,-0.00344986569947,-0.253415218827,-0.649965584401,-0.0962534985148,0.0614274443804,0.014220330698,-0.440526103521,-0.335213548482,-0.344582786026,1.22994483539,-0.472278744087,-0.543674670013,-0.129636273984,-0.39168448753,-0.0242572505074,-0.590978721681,0.401689355887,-0.331625374819,-0.378582099868,-0.136278605698,-0.165721614435,-7.73564212149e-17,3.93374321702e-17,-3.72480450954e-16,4.5110256648e-17,4.92669936463e-17,2.37877774227e-16,-4.34154062156e-17,0.0,1.18817628437e-16,0.0,-0.714251670872,0.339022443181,0.130349842794,-0.0362576895406,-0.797843483875,-0.527428498075,-0.866814567459,-1.11429937687,-0.627554926421,0.671186189164,0.332150088234,0.256476834472,-0.215754640019,-0.373344913483,-0.371313108428,0.1571754262,0.209786300211,0.352688882447,-0.0211448283112,0.169470152056,-0.0664953806472,0.110344821299,-0.317711900286,-0.286249472567,-0.347846823287,0.080764999006,0.211735092216,0.172246364836,-0.261764891257,-0.220628881587,-0.343523412078,-0.355274948516,-0.585011645392,-0.620379584241,-0.086006261534,0.280985732683,-0.316064345449,-0.448252941699,-0.495351138557,0.329304395583,-0.440519149183,-0.247312259933,-0.24881618981,-0.245141105057,-0.586978392638,-0.539002608968,-0.758179154848,-0.481544930183,0.129286118265,0.176873133518,-0.715205449191,-0.741825398954,-0.830635679342,-0.630244061204,0.20753342589,0.726870102101,-0.879490296081,0.417202240506,0.203285758296,-0.598781503897,-0.846397294203,0.360647002796,-0.587519825386,0.0696482873406,0.0644194311899,0.067543734303,0.139833457988,-0.164100044765,0.291411258182,0.249131754043,0.104179115772,-0.111416520532,-0.923605421471,-1.03418037326,0.533082896755,0.673326179539,-0.569678827534,0.190738563478,-0.742902154061,-0.059101673363,0.0302641281114,0.105293045948,0.105293045948,-0.105293045948,0.226778014405,0.264889571058,-0.214011180723,-0.214170437027,-0.214230407125,0.264108048373,0.0650807829142,1.06627902943,0.213537782714,0.250976770388,0.495017248841,0.227219794052,-0.713588318478,-0.953167395709,-0.428336394892,-0.324913318532,0.00995387327904,-0.312580260768,0.057227165117,0.0544818187968,-0.536158209254,0.0631261169719,-0.177417142266,0.0804608300015,0.0818741806956,-0.203231034378,-0.631011569348,-0.816110343175,-0.0273897521971,-0.694801770897,-0.498959731547,0.439572498399,0.0294140692979,-1.11403098224,-0.570744986649,0.317556014131,0.216398927196,0.0568586255548,-0.684117940935,-0.337910042451,3988336434.37,01030303,0.02658327
7,600076.XSHG,600076,2011-05-31,-2.62233612056,-0.145221576599,3.86882780894,-3.00950979197,-0.52313851451,-1.74333508997,-0.397150408549,-0.258190306284,-4.57903246355,-0.692203240789,-0.115257884215,-0.77170099334,-0.938227523457,1.75163624865,-1.9485251941,0.547965735212,0.203331321772,-0.0359643727907,0.0729631065648,-0.74453355147,-0.524540508506,-0.577142154896,0.475497260554,-0.24294319726,0.0429352997259,-1.30694368279,2.09221934459,0.0509111708383,0.29949128603,-1.06107795424,-1.00130309682,-1.05501160912,-1.06241203683,-1.02444380461,-0.678860858561,-0.0261475081364,0.24294319726,-0.996237657374,-0.558983234395,-1.43426884023,4.07464329619,-0.0149423449675,-1.11001854236,-0.528650813795,2.26143220662,-1.36540998133,-0.697380340091,-0.554430198199,3.59829356986,-1.2455591839,0.660055909418,-1.34018244791,-0.910091024235,-0.588359430629,-0.264650603957,-0.597478897563,-1.05822993107,-0.992726651239,-1.05927535891,-1.06518636865,-1.01297598255,-0.271268273615,-0.975315186993,0.0,0.068581011753,-0.977198301815,0.0425690566778,2.42121553279,-1.75163624865,-0.783605778778,0.0425690566778,1.04219790926,0.0226650189308,0.0299486249732,0.0299486249732,-0.601407517378,-0.673924055143,-4.31121485255,4.06043503695,0.137673791766,-0.988576447877,1.8725205452,-0.000422087708611,1.22397545007,-0.516679659806,-0.820957450525,-0.560607372031,-0.517030595565,-1.09921422838,-1.63443338031,-1.36639159452,-1.01722797328,-1.22132306586,-1.07992803117,-2.26143220662,0.161548929317,0.0841939909383,1.22291720704,0.977123472355,-0.283819149073,-1.58202308995,0.102433487351,-1.0230225209,-0.544412409925,-0.922985900051,-0.678932940958,-0.786212984707,-0.73305535872,-0.70908791245,-0.516767153432,-2.90893197548e-15,4.39765771482e-16,0.0,0.0,2.19017606031e-17,0.0,0.0,8.22364355878e-17,-6.77730558946e-17,-2.59036067085e-16,1.27617294705e-16,-1.45513899791,-3.28305033125,-2.40395155445,0.9439265161,-0.649225710583,-0.0341593492843,-0.362687611856,-0.243032522812,-0.947966320789,1.04561563378,-0.258531580826,0.519828692469,-0.925358220004,-1.04855307377,-0.924553732918,-0.595483677317,-0.725344303884,-0.266021900031,-0.688287355209,-1.05104409585,-1.06091913551,-0.118653992735,-0.225176264183,-0.42640570498,-0.563168049753,-0.585482765146,-0.799813837854,-0.103208840666,-0.602877806865,-0.918154601542,-1.12810136586,-1.17915661931,-0.913728399335,-1.01367404916,0.677662382873,-0.767044614354,-1.07111586143,-1.0824612116,-1.5787372074,-0.404964576175,0.309291849338,-0.570931118189,-0.571520971741,-0.570551633755,-0.766145375681,-0.952601730383,-0.702028471914,-0.614173091746,0.334162571755,0.332974858672,-0.585801376819,-0.576199976378,-0.555689116457,-0.631779109047,0.125012829904,0.355966575364,-1.1956969733,-0.780811516797,-0.895306062807,-0.438761452151,-0.546892608057,0.197097638241,-0.766087583245,-0.29524076723,-0.294326621272,-0.295835689625,-0.659942110097,0.530621662722,0.104187376487,1.52852088883,0.626189717189,0.563052846219,-1.04719747258,1.17905932141,0.71506859166,-0.0780402326379,-1.31110278533,-0.471404520791,-1.31351734373,0.591188251398,0.671932011031,-0.753518801018,-0.753518801018,0.753518801018,0.631213863675,0.477619235834,-0.525701060442,-0.525979115223,-0.525806677216,-0.709342167854,-0.765165062868,-1.01323534214,0.433795189159,0.652574008743,0.628705207086,0.749726551683,-0.338481683825,0.257106442052,0.496604148735,1.3610288438,0.601720644032,0.35582250616,-1.06030172751,-1.04972000685,-0.725389887149,-1.06152615295,0.608137004204,-1.06018737499,-1.06230419087,0.575891264089,-0.513202609984,-0.276408029382,-0.52384491084,-1.2953919362,-0.409463678198,0.73170420316,0.476964472655,0.107862789924,3.27133445943,-0.64495190782,-0.63004282289,-1.06791627212,1.54200106295,2.5934095189,1882510400.0,01030332,0.19223301
172,600850.XSHG,600850,2011-05-31,0.30607704588,0.42898494574,-0.417711630815,-0.145636948893,-0.0560652109477,-0.850304503315,-0.679623701346,-0.258190306284,0.19755848137,-0.599630072698,2.63535552537,-0.140489155198,-0.481231091367,1.6908039443,2.31358664875,-0.464230333971,-0.277380340447,-0.340278296404,-0.199102714524,-0.716354164845,-1.28684678881,0.765065415502,0.527306655323,1.10055261512,0.134345937852,-0.722717311548,1.29871269034,0.222860904698,0.264127119158,0.826738233626,0.980664775844,0.865764693038,0.800314478467,0.937440352173,-0.760295301924,-0.104138768698,-1.10055261512,2.38433386892,0.0630176102152,0.0579001261917,-0.728731730492,-0.0209637915229,-1.14406473847,4.457283707,-0.737530562383,-0.668586175379,1.26686739982,-0.547729521935,-0.381390322048,1.41331214574,0.218495596541,-0.603529720405,-0.284577368548,-0.588359430629,-0.299471089219,-0.787507295384,0.829258434988,1.00219022235,0.873984489155,0.791675810031,0.945204353821,0.0715791724673,-1.55753833417,0.0,-0.19724773254,0.804810415598,0.224538606521,-0.655423376931,-1.6908039443,1.16721013122,0.224538606521,0.161676724843,0.33535056302,0.225316599065,0.225316599065,0.451075287593,-1.01235397477,-0.298389668036,1.00306934277,0.0732312908887,0.691210776009,-0.319451095753,-2.21047333,-0.410323524298,-0.394231546859,-0.429399971491,-0.247096066497,0.368562207134,0.0808664071893,0.338716273329,0.325756428094,-1.1676751727,0.0483193679239,1.69802567687,0.737530562383,0.271073004435,0.968033347797,0.0137406427757,1.51462949789,-0.164205050052,3.23544095959,0.218084036913,0.983291633486,-0.852042710053,-0.841925262122,-0.859923992821,-0.592713704443,-0.896074167735,-0.74136363812,-0.00944787721372,0.0671409079241,4.39765771482e-16,0.0,0.0,2.19017606031e-17,-1.14286618622,0.0,8.22364355878e-17,-0.350312427688,-2.59036067085e-16,1.27617294705e-16,-1.03843353572,-0.787499269996,-0.570296785317,-0.309978703831,-0.585508544303,0.717346334969,-0.676313874157,-0.83711202302,-0.81271014185,1.14942536305,-0.178588571265,-0.845370065309,-0.747021819613,0.819632822003,0.495613214061,-0.137581654991,-0.328016783286,0.318536620236,-1.26767971188,0.798055433404,0.933034106729,0.465906704193,0.208987340532,0.337900190335,-0.815227059492,-0.554399851377,-0.815830633569,-0.133188620602,-0.550928888065,-0.575116962787,1.06797994133,0.219075668465,0.612025204676,1.3440245503,-1.07155584029,-0.305408018068,0.945435515312,0.297128486436,-0.568365979511,-0.0993949681417,-0.90633878481,-0.540699349106,-0.541349408987,-0.54232316252,-0.732700894596,-0.901608414598,-0.736231302415,-0.670646533969,0.432161435202,0.426034935699,-0.901363038957,-0.881812509453,-0.835043246831,-0.953615420837,0.153760784197,-0.751310157816,-1.20354808402,-0.698849511098,-0.589281674001,-0.980697042136,-0.768236518077,0.719099153047,-0.732965977673,-0.556431031116,-0.560611650182,-0.557313936183,-0.566917538081,-1.03581227133,0.552787670884,-0.651457351356,-1.64192561809,-1.37083853084,-0.188964176795,-0.276324426649,0.0169433399509,-0.81710398073,0.602036993262,-0.471404520791,0.564812457805,-1.511361742,-1.5960664125,-0.786195017793,-0.786195017793,0.786195017793,-1.30954072609,-1.33600159695,-0.508450974433,-0.509589791079,-0.511566319146,-0.632182574812,-1.01031503447,-0.963058518945,-1.26865978974,-1.55791188319,-0.783412771134,-1.56552064478,0.725787344322,0.229628265784,0.53546104053,0.209738818971,-1.25947516179,-2.03090253516,0.835989605967,0.882341517151,0.936020299061,0.827169378297,0.0288911331274,0.767842203137,0.779597144853,0.10602128757,-0.150937863205,-0.597213662398,0.154169466692,-0.587704515394,-1.41572761467,-0.868602789238,-1.0210309123,-0.397494355462,-0.627458546264,0.885578835695,-0.372458695439,-0.723672400955,-0.0358237962347,-0.00254864346366,2984499675.0,01030332,0.02578797
176,600855.XSHG,600855,2011-05-31,0.299917251986,1.19655754989,-0.283324795363,-0.0733629473075,-0.112662156111,-0.956388848667,-0.552624620109,-0.258190306284,0.220964728854,2.22181494439,-0.40092888119,-0.77170099334,-0.74781234342,0.841052692811,-0.153941360289,2.88847206653,-1.87975254784,-1.36277307974,-2.07635688004,1.39678672775,0.426422865626,1.66752308892,-0.718169924217,-1.41652272149,-0.124650870172,-0.85239684933,-0.883260620288,0.219828915965,-1.22798931003,-0.320672713135,-0.243362710213,-0.31426690722,-0.313097323301,-0.274253416523,-0.89279880299,-0.192798323623,1.41652272149,-0.41021218859,-0.299191716968,-0.350525525865,-0.749579712378,-0.62172970463,-0.460045707671,-0.0654379856504,-0.449133655808,1.04207664132,1.16069184631,-0.219396384968,-0.317264897964,-0.437012273092,0.120508177117,-0.594097751889,-0.5845741522,-0.588359430629,-0.249154576484,-0.481652064606,-0.324081071298,-0.232646552677,-0.327450350808,-0.32149381152,-0.261492352226,-0.45595023396,-0.49696401864,-0.644850587258,-0.337533635565,-0.726928251337,0.221890311923,-0.376567398182,-0.841052692811,-1.03709297813,0.221890311923,0.245204426132,0.217851560559,0.223019362444,0.223019362444,1.25945816491,-0.04895221001,0.644205441947,-0.0571412185654,0.557283764044,-3.64686603639,-0.277256265889,-0.000422087708611,2.15654446387,0.3046646055,0.325203519656,0.871765381694,-0.0484437557446,-0.214153751702,-0.186613986918,0.0884465499654,-0.0566880885309,0.505470495812,-0.383999503741,0.449133655808,0.240761913535,-0.0590020712761,-0.583290285831,-0.983745503867,-0.310268860999,0.140217271795,0.213697237516,0.00622398943393,-0.154747363095,1.69797472631,0.130763870006,2.17002601932,-0.313864135539,1.05531842418,-0.282039225655,0.0671409079241,4.39765771482e-16,1.41812521768,-1.92572585653,4.00786147479,1.88331470124,-0.776728488046,4.39286442138,1.93885789186,4.36926476067,3.04387718432,-1.07293287166,0.449812734168,0.199253922856,-0.781029544189,-0.432456810703,-0.0341593492843,-0.50167519762,-0.444316037685,-0.537844711547,-0.581659544723,-0.323718825658,0.700706761323,-0.860433908341,-0.448611344267,-0.561790406163,0.68923569595,0.544658489296,0.781542600711,-0.455655557919,-0.298382630899,-0.350087936867,0.86996749693,0.62802697779,0.85633915925,-0.143184893892,0.223962033876,0.298016207511,-0.00706930306293,0.516855617861,0.190269249591,-0.570604255762,-0.84273604728,-0.504044398773,-0.258047995714,-0.624547408188,0.363604392955,-0.787346188356,-0.831743805765,-0.875116038228,0.467301350829,-0.59644869205,-0.0504517387666,-0.0513819724038,-0.053695801043,-0.417694042489,-0.653688496711,-0.483501513802,-0.48983421223,-0.583920650728,-0.41064235313,-0.55924250403,-0.525221303631,-0.375061650175,-0.64614403679,0.0767125745684,-1.68065842811,-0.338056592286,-0.518187400274,-0.515522301001,-0.76675670374,-0.49610449957,0.252129363982,-0.417245471827,-0.218387548954,-0.222377808839,-0.220396094271,0.0384783456973,0.519823917085,0.392664760984,-0.00879584384644,0.516548048232,0.493333612183,0.205433832847,-0.516859198354,0.217963824925,-0.304298611253,-1.31110278533,-0.471404520791,-1.31351734373,-0.19434408665,-0.00150281779984,0.690001128302,0.690001128302,-0.690001128302,0.446988291107,0.213119982093,-0.0501327536361,-0.0517256872518,-0.0536919618148,0.177993152131,-0.642590077068,0.289571392213,0.152410663561,0.356085588066,0.66935997569,0.331985276704,0.40185522142,-0.390929060728,-0.386662642717,-0.0594411552384,0.301949319562,0.108165751873,-0.32078309518,-0.307077081863,-0.507745440645,-0.322804149834,-0.757004616279,-0.304120601735,-0.293202313399,-0.709920587821,-0.636456467306,-1.19595465345,-0.139930428686,-0.202054787536,-2.17679842794,0.599601299078,0.557965191161,-0.390170338862,-0.490633951183,-0.40214916619,0.664357918199,0.0173271183224,0.753088633358,1.43460149234,3002117040.0,01030332,0.11793372
200,600100.XSHG,600100,2011-05-31,0.311977451817,0.226261023915,-0.383477586012,-0.296482322739,0.155195546641,2.27086696761,1.28003476743,0.666921540335,0.21207035481,-0.418927248584,0.267925808844,0.207765652053,0.699343024865,-0.0803032502588,0.344080911286,-0.572342063657,-0.277380340447,-0.121172271402,-0.158292841361,-0.0998518063447,0.695149539977,-0.822341774529,0.393529024547,0.844764654466,-0.398882784551,0.324077307869,-0.825464505797,0.225096354017,0.259505560498,-0.179792872583,-0.157791169429,-0.167592634843,-0.183438196475,-0.156018075348,-0.106749387814,-0.274637509523,-0.844764654466,0.238468790796,0.467692858516,0.737261606841,0.176070683388,-0.306138374884,0.344682563852,-0.241364427411,-0.489290187103,1.80352277748,-0.485029233073,-0.0600691937865,-0.333680915476,-0.259150783676,0.0726118304158,2.58303686323,2.39788255984,1.68288374909,0.765926376088,1.25756022402,-0.186827780155,-0.162903094987,-0.160320471074,-0.19059285009,-0.151649869594,-3.0839234759,-1.19122058637,1.66601297165,-0.180349915604,0.387847948408,0.225232819668,0.281281545704,0.0803032502588,0.398823936627,0.225232819668,0.367015657178,0.228430123922,0.226816660291,0.226816660291,0.0588438808117,-0.211238562715,0.206611463573,-0.523478244955,2.13381796013,-0.0151627759404,-0.328494725075,-2.21047333,-0.575245635963,0.121934344641,-0.362873215345,-0.0342535287948,0.180400979981,0.248491497469,0.25480137399,0.459608551472,-0.713229981865,-0.881953232931,0.0512708478679,0.489290187103,-0.0219342075966,0.239285761562,-0.228094670077,0.960087762256,-0.167865501256,0.271856571762,0.219961839532,0.347825197273,-0.534158066587,-0.423111966158,-0.393157595912,-0.0767156237408,-0.500171345841,-0.493916407982,-2.36186884931,-1.5940234091,-3.46968869304,-2.74540967409,0.122520683441,-0.0701767674817,1.88331470124,1.98402012786,-0.488183835853,0.183827313539,-0.39026676974,-0.514435773763,1.95680656322,0.243158086538,-0.0210596117304,0.189174601435,0.118154143489,0.717346334969,-0.466540789323,-0.60573369136,0.51622068294,-1.07625523266,0.462434561828,-0.093864755428,-0.335286627925,-0.338758068401,-0.353458879613,0.269022532385,-0.129402015284,0.418321772584,-0.419368974153,-0.188692384906,-0.135879163696,0.288727159509,0.389725620487,-0.130689652692,-1.1711803184,-0.71984705084,-1.19582625402,0.0744359441522,0.124290526674,-0.506223907954,-0.0141820115617,-0.163257008533,-0.535482979152,0.152460389094,-1.51012063976,0.188687401394,0.121294814802,-0.0252122422431,-0.107183132613,0.468288970765,-0.328435638852,2.62472811584,2.62497148702,2.63784595592,2.51019032586,3.11532906743,1.30123318976,0.0973341336289,-2.85764561302,-2.06159835938,1.89311043742,1.86778657217,1.98211206568,2.00589868852,0.285844582443,-0.975917329771,-1.18522882567,-0.345432095138,-0.329980046675,0.18987957015,0.792747905426,-2.67031123438,2.51014256976,0.386053669498,0.417002546961,0.394124282021,-0.748995849062,0.0728375645228,-2.50310464861,-0.423612949856,0.659077227359,0.617055903109,-0.759608439439,0.083731824482,-0.0689745385855,-0.378831525084,0.160543198203,-0.471404520791,0.131351734373,-0.109957838499,-0.124265786597,-1.64442624075,-1.64442624075,1.64442624075,0.21259369129,-0.500146854119,2.42354163483,2.42366357327,2.42377189176,-0.246384609601,-0.806023391467,-1.04611506759,-0.643011514947,-0.288502200592,0.246931520667,0.0383883719464,-0.129215658631,0.351517982633,-0.280191335685,-0.0776289913336,-0.121670725817,-0.921120765947,-0.177043053588,-0.163146922285,-0.292979888936,-0.175876340027,-0.133923922527,-0.190142372546,-0.176881853904,-0.299136057451,-0.540806390975,-0.322073370743,-0.533620709581,-0.414770775886,0.355279631188,0.213045150222,0.0595311023479,-0.419466405261,0.410023268992,-0.543472110925,-0.247716696611,-0.468893038684,-0.824736225827,-1.19731250282,21904466210.2,01030332,-0.0508167
205,600105.XSHG,600105,2011-05-31,0.315408463161,0.16315472376,-0.446664892112,-0.318805304027,0.207228506619,0.43887903502,0.0402275932007,-0.258190306284,0.187376763714,-0.812548359308,2.22504682178,0.12070195024,-0.328898947337,0.0977579739521,-0.10223737744,-0.622568971407,-0.864916816492,-0.97325125752,-0.335135625069,1.11937632164,0.286026888822,1.54634335412,0.0616298372332,0.693118934936,-0.459823209968,0.832100239386,-0.448769830169,0.231023292442,0.32095380445,-0.0839571417482,-0.0401349001531,-0.0622713365963,-0.0766222037078,-0.0292235236048,0.834922628874,-0.181823348562,-0.693118934936,0.0497440514954,0.969789925852,1.34383435742,0.246953821802,-0.0838513291462,-0.911931583219,0.0679625312207,-0.371254322387,0.934779187386,1.10760406956,-0.471788524269,-0.215170820369,-0.870580026063,0.315325598262,0.117616211405,0.327769007494,0.70249100964,0.220283902839,0.175303253574,-0.100135427549,-0.0208196502923,-0.0744684015803,-0.0957340288108,-0.017986576214,-0.325684397716,1.11516254451,0.000525721985372,-0.119563137898,0.339480037728,0.230520838331,-0.303235172542,-0.0977579739521,0.272063688639,0.230520838331,-0.78497055643,0.215749061375,0.232542608285,0.232542608285,0.468078706403,-0.407823434591,-0.21197590766,-0.419158158147,0.110546463091,-0.143548057491,-0.319201047,-0.000422087708611,-1.15850676258,0.92067280448,0.517180730251,2.37029189714,0.417237119177,0.375886566081,0.70541288825,0.618594479677,0.947357120234,1.1497741051,2.43751724196,0.371254322387,-1.08565142424,0.801823212087,2.16002904435,-1.17583782119,-0.552921352104,-0.0382972770535,0.232743521227,0.32714740071,0.101611220346,1.00895930391,-0.0502271818566,0.837030977503,0.582739314044,1.00152554807,-0.548559215775,0.350115271077,4.39765771482e-16,0.0,0.440513296953,2.19017606031e-17,-0.0482901205446,-1.45232422043,8.22364355878e-17,-6.77730558946e-17,-0.842205570157,-1.81426142727,0.235328463131,-1.22696738141,-0.482996258351,-0.422388563462,1.04127800579,0.717346334969,0.701161604089,0.457746782367,-0.410672809971,-0.589272258204,-0.224604632382,0.498295589034,-0.96398407631,0.0846701930649,0.123765663765,2.1258632646,1.26670694781,2.42077773841,0.11449117604,-0.104203341352,-0.049312425777,2.01713672908,1.74624517441,2.84898919421,0.00596163120531,2.0846076279,0.281097593798,2.68738165452,2.00097726395,0.46300549047,0.555822628929,-0.291489065134,0.549148043919,0.158688076347,0.570557423406,0.953273013992,-0.150125622495,0.0208670983271,0.509351658411,0.901459074461,-0.0388858224506,0.149317440368,0.144127815923,0.141223789414,-0.041838643841,0.554128813189,0.0567599132752,3.26512756253,-1.20010474776,-0.00611501345455,0.114411687076,0.0572165815955,0.0502189699061,0.501978015526,1.60217229355,-0.502219113752,0.168526980631,2.52523421071,2.32193432157,0.950038260303,-0.0391201661789,-0.232917707084,-0.0418567301502,0.364259486782,0.346138640763,0.350392872361,-0.548390701856,0.655961347842,0.977241455458,0.184665615477,0.476349429959,0.48672524372,2.39646237531,-0.430735077695,0.387356981532,-0.129656115136,-1.31110278533,-0.471404520791,-1.31351734373,-0.709544338518,-0.523990684997,0.529503240022,0.529503240022,-0.529503240022,0.692111501639,-0.519161119584,0.143645759813,0.127289706905,0.124987023439,-0.130645220037,-1.41889832046,1.87105570687,-0.616287844918,-0.533379673966,0.884067972378,-0.140125795452,2.62356444308,0.401673315525,-0.171751507704,1.03546657769,1.09582853057,1.18772777056,-0.0808340589786,-0.0505216419189,0.0496085916725,-0.0833147466973,-1.94993800482,-0.0732658746817,-0.0257525083853,-2.02105477379,-0.347569838623,-0.504863158156,-0.164988247067,-0.282763793179,-1.24171610741,0.629597819803,1.24243162069,1.0599849479,-0.548367110017,0.221436728811,0.50073529636,-0.865648686801,0.753088633358,-1.03875407713,4685742145.8,01030332,-0.04065041
214,600149.XSHG,600149,2011-05-31,-3.6284265773,-0.144681051545,2.20192118058,3.24439968809,-0.407421493197,-1.76717634529,0.0487701322974,-0.258190306284,0.377259946429,-0.733676020094,-1.01587690473,-0.77170099334,-0.938227523457,-0.77163704248,-1.96912754742,1.85026161239,1.21816705312,1.19346387861,2.08625018262,-1.39172013096,-1.21884248754,-0.913226575628,-0.77408152913,-1.67718283377,2.25202572111,-0.527529553649,1.45510217661,-4.57946664939,0.0586156486351,-0.947707194983,-1.01616803984,-0.964762493437,-0.935583960722,-0.999408756283,-0.55877956072,4.56868949534,1.67718283377,-1.03187340983,-4.05867473359,-1.85886976564,-1.11650419358,0.912641800575,-1.38135640827,-0.527599485342,2.3107152223,-1.80984091268,-0.617748674959,2.09978212218,2.63725080577,-1.23951505201,-0.368571775757,-1.06825399967,-0.891629683703,-0.588359430629,0.20424095675,1.1399235968,-0.954256710838,-1.0138730581,-0.965234800629,-0.924387357041,-1.01286379663,0.831838998478,0.23886552267,0.0,-0.945628228953,-3.16165580714,-4.57916782533,0.184685587617,0.77163704248,-3.14856509946,-4.57916782533,-1.39750703255,-4.57039407201,-4.57865947885,-4.57865947885,-2.5449847454,0.169796548696,0.443310024602,0.548023857432,1.66751545895,-0.358366827262,4.08468152929,-1.10544770885,2.03236628852,0.355527667801,1.46376143199,-0.370774838405,-4.43209180454,-2.68830008422,-3.93117268004,-0.64160280418,0.0681599751349,0.512956595068,-0.369958524657,-2.3107152223,-4.13090568997,-4.34602693501,3.27096001277,-0.27588237734,-0.907985118892,-1.62986984658,-4.5809167045,-3.50085056622,2.17298857455,1.6304241947,2.08356206115,0.278033056742,3.19104025828,2.17421024742,0.932534171582,-2.90893197548e-15,4.39765771482e-16,0.0,0.0,2.19017606031e-17,0.0,0.0,8.22364355878e-17,-6.77730558946e-17,-2.59036067085e-16,1.27617294705e-16,-1.57297942629,0.261469257847,3.86965678689,-3.35575061478,-0.820919406404,-0.0341593492843,1.29172967297,-0.451742031438,2.19153169931,-0.493075242406,-0.269376545882,0.573661451057,0.613512331762,-0.669338205063,-0.565121288128,-0.307677846781,-0.213374810635,-1.36875918479,1.59782707119,-0.935069029102,-0.985651009715,-2.2032982746,-0.347683314637,-1.54089624816,2.33184818786,-0.019593755235,0.643298185866,-0.101895857603,0.554215024248,1.34688544208,-0.821569156047,-0.419871982979,-0.978570471366,-0.89379106953,-0.163077679899,0.41229262772,-0.845361321516,-0.260116706672,1.6355365351,0.935433200241,1.72473578654,-0.181227365335,-0.175132871435,-0.172157868792,0.0801313926349,0.505557097788,-0.179725879945,0.425227791708,0.482250753517,0.57629171287,0.960627546335,0.890180059823,0.65771265805,1.156399576,0.3454999675,0.646740069083,-0.402360927741,0.53080069058,-0.144031732368,0.52140903811,0.226226077062,-0.0158303471113,0.0826305912538,0.109418783332,0.11431280653,0.116364118825,0.298679450731,1.09748217483,-0.362889839721,-0.13105371964,0.682520183204,0.634924376,0.736074787072,-1.10169796072,-1.3041082695,-0.95935777339,-0.133785998503,2.12132034356,-0.0131351734373,1.14043909462,1.18818687981,0.520853653228,0.520853653228,-0.520853653228,1.00875878361,0.650602675306,0.298927747007,0.304336574994,0.302055127882,0.891719387772,1.03260139552,0.299191474108,0.521826102195,1.03691085036,0.664913360374,1.29886150317,-0.914590320929,-0.313372163583,-0.561133510389,-0.732391090761,0.560338737285,1.1263807695,-0.951883322233,-0.972389170679,-0.879986537642,-0.950203458802,0.536122652665,-0.91989591703,-0.933202104357,0.27765044067,2.34549820043,1.15500590078,2.45882078993,1.70177768198,0.235491448969,0.801745340223,0.718930813359,0.62054395191,-0.51737666828,-0.150509100582,-0.341678202222,-0.107145241871,0.753088633358,1.1362996209,2231539200.0,01030332,0.0988075
256,600711.XSHG,600711,2011-05-31,0.280724490204,-0.564337947573,-0.350518213089,-0.0977322695503,-0.0954766345726,-0.363129704799,0.0487701322974,-0.258190306284,0.168495724077,1.32977989666,1.32889141059,-0.77170099334,-0.938227523457,-2.90076769497,-0.58560028223,-1.28745610898,1.65881941016,-0.121172271402,-0.0630698039797,-1.12871252246,-1.44479226271,0.123664866079,-0.489737592734,-0.604091436943,1.30744912714,-1.03956319252,1.16544164986,0.233532819839,0.179940806595,1.52509743076,1.09242167417,1.48298825934,1.54742726367,1.32000879088,-1.08603307538,-0.249291791501,0.604091436943,-0.778632105157,-0.126830037136,-0.172597519029,-0.10746187027,1.89115500343,0.13834198141,-0.426472885722,-0.0700803376735,-0.74905926583,0.284743529864,3.88290652816,-0.374602926139,0.900897325395,-4.44261657302,-0.229128529472,-0.943755821677,-0.588359430629,-2.96095938423,0.573457991865,1.56054155088,1.02432308358,1.45891083206,1.53246513967,1.36985299838,0.207942785792,0.440352374983,-0.190626791896,4.46076592546,0.804645111734,0.231215051478,-0.112822551837,2.90076769497,0.75090243997,0.231215051478,-1.36618414456,0.282356701885,0.235782740534,0.235782740534,1.34879816204,-0.164594873419,-0.101472377768,-0.196765466581,-0.106552214392,1.13265177142,-0.134663870447,-0.000422087708611,-0.940773243013,1.4387225131,1.09691389096,0.368421542533,0.227622909576,0.304366527562,0.180082628003,-3.54426500809,3.08558931781,2.25522142854,1.85427657231,0.0700803376735,0.162357225074,0.186449971539,-0.379241740611,-1.31094862542,4.35302789384,-1.09821223103,0.240207392143,0.785566467321,2.3780754413,1.45479281252,0.930934836135,-0.0337157836823,1.19988194817,1.32428280477,0.213867201712,-2.90893197548e-15,4.39765771482e-16,0.0,0.0,2.19017606031e-17,0.0,0.0,8.22364355878e-17,-6.77730558946e-17,-2.59036067085e-16,1.27617294705e-16,-0.653513978551,-0.133528866104,-0.106641624386,2.05731941149,0.959897886248,-0.0341593492843,2.12358845766,1.00570695295,0.384384775193,0.240052134581,-0.301337219074,-0.143390893329,0.768426670351,3.00241401243,3.40589562929,1.10781578237,1.70327729751,1.57188554783,1.0468873728,1.46861175233,1.44364098584,1.00279339821,1.51641332215,1.47875225271,0.698592577027,2.56484837425,2.39606402618,1.59392206541,-0.234364435822,1.14462423041,1.63694228763,2.55103847662,1.54535805967,2.20448333919,-0.822216628868,1.44917170141,2.27789178019,3.25493559901,1.52373507493,0.0635623212104,1.1875131933,-0.80057184203,-0.801040412725,-0.800753042808,-0.346038857724,-0.167897812328,0.00322637589409,-0.118294973041,0.95559566942,0.761634419242,-0.677920897315,-0.674676633987,-0.719093088907,-0.720250675934,0.0289531068976,2.01720302045,-0.748931386851,0.227674034321,-0.764934945293,-0.460033864457,-0.476140289399,0.638151323904,-0.347330650834,-0.819347372401,-0.824442848907,-0.821360120853,1.50537769096,-1.99218495665,0.673114133806,1.13950178442,-1.64515697815,-3.03415288056,2.04225360294,-0.323517044078,-1.33201241075,-0.788016170776,1.19069538667,-0.471404520791,1.14276008905,-0.165919245168,-0.18795077041,2.21521159956,2.21521159956,-2.21521159956,0.530467100196,1.55493969131,-0.856486824056,-0.858628825618,-0.859985564628,0.602370913864,1.11431805272,2.55354813078,1.64736420459,0.864508324264,-1.38180014652,0.0565116376722,2.66825294717,-0.398845635675,0.942645319632,0.0933366679613,-1.87337277838,-0.822747764244,1.51566615654,1.46091184474,2.27470637875,1.50824709427,-1.76833659659,1.56251696596,1.55848041114,-1.10382356215,0.41376805806,0.400730796687,0.316074927566,1.19947292076,1.77135092865,-0.969527043699,0.872024242965,2.13661538807,2.10225294982,-0.589073292515,2.5678884198,1.3340113035,-0.737166946142,0.0541682991175,3771951803.0,01030332,0.02942449
325,600289.XSHG,600289,2011-05-31,0.293858224421,-4.33310835319,0.0209575922249,0.0693457851237,-0.187385650687,0.265891322042,-0.679623701346,-0.258190306284,0.210665979961,0.391643411224,-0.316120303963,0.468956757491,0.699343024865,-0.576466732669,-0.542810779183,-0.793070178433,-0.0770838145225,-0.291588068626,0.413045382926,-0.500625305014,-0.511378385681,-0.0898197448363,-0.265103603975,0.206512790743,0.332402320459,-0.153196867267,0.180867840644,0.227768615272,0.233994556691,-0.446898593317,-0.30320269122,-0.399775007732,-0.481911828769,-0.324696211535,-0.172311015945,-0.262380766416,-0.206512790743,-0.559165498169,0.112977517413,0.365230319819,0.267801803689,0.364127412017,0.186832018284,-0.398584687758,1.5069761641,0.750666510749,0.125480199601,0.0300176759936,-0.342011102557,-0.136081324129,0.866987999813,0.21257535206,0.408401627173,-0.588359430629,-0.299471089219,-0.787507295384,-0.432864133023,-0.284168950944,-0.393988881234,-0.47756109201,-0.292206364619,-0.702928479383,-0.145629065732,-0.724339751446,-0.249302081359,0.243669918007,0.22869531487,0.167474543081,0.576466732669,0.205204067426,0.22869531487,1.49115930369,0.201435744379,0.228110998835,0.228110998835,-0.130787467948,-0.234244600686,0.189593919969,-0.420750554962,-2.99924006951,0.127395594668,-0.285132203425,-0.000422087708611,-0.464951540829,-1.54147617432,-2.74453108539,-1.76000383449,0.202922207942,0.711136746639,0.179507868418,0.496432498079,-0.351837539464,-0.262603287834,-0.726023353227,-1.5069761641,0.545893561926,-0.0646083655362,0.807262763075,-0.710586704003,-0.101505063299,-0.69212199202,0.225784605638,0.121739046808,-0.503395036574,-0.585233242015,-0.640829561619,0.0952837364934,-0.150845326524,-0.623019310663,-1.31656769474,-1.68572806383,4.39765771482e-16,-1.74616130006,0.0,2.19017606031e-17,-1.14286618622,0.0,8.22364355878e-17,-1.6475089421,-2.59036067085e-16,1.27617294705e-16,0.131442822324,0.172529282918,-0.0368699433856,-0.516063446487,0.11158662507,-0.785665033538,-0.981673216859,-0.306739732374,-0.725337759593,-0.0478468479489,-0.0847206787744,-0.604199306837,-1.66705684375,-0.139457697944,-0.112121340862,-1.58468013002,-1.75249228577,-0.744509306229,-2.47909488398,-0.49592104878,-0.3070240838,-0.107437122452,-0.149968558137,-0.110114135939,-1.30504116254,-0.776224354531,-0.625915384144,-0.63637114357,-1.27259702204,-2.51282335719,0.742002430361,-0.875322075781,-0.178851582979,0.25054646334,-0.89839835912,-1.5929413374,0.295708063861,-0.542674650635,-1.7417341946,-1.11298930791,-0.414582691665,0.0248014011513,0.0255721128302,0.026548032403,-0.34751192911,0.0142491841899,-0.512465861335,0.356502021454,0.238097403866,0.722006486814,-0.108744135587,-0.158290262606,-0.268725443112,0.0892126751482,0.924815277984,0.803891136009,-1.59423430815,1.23673999711,0.548940661217,-0.0254762923291,-0.390803340102,-0.250675037192,-0.349278517445,0.0189970233353,0.0207050535673,0.0214804388444,-1.5107934773,-0.458817289731,-0.242657088998,0.683640261995,0.418521808701,0.494690631494,-1.24023453148,1.58813686379,2.31611810116,3.10019459167,-1.31110278533,-0.471404520791,-1.31351734373,-0.632264300738,-0.730763632441,-1.03607196961,-1.03607196961,1.03607196961,-0.77770816635,-0.665400917386,-0.0501758062,-0.0468764437994,-0.0460121063363,-1.80886636871,-2.15434823526,-0.546499448027,-0.57070040781,-0.451021779333,-0.714172618355,-0.625829316903,-0.381201671217,0.977642448946,1.84504099945,1.69750381156,-0.521431824961,-1.00651651743,-0.435734478811,-0.379737207816,0.339513297532,-0.440829327731,1.61633792575,-0.514168810505,-0.522169471331,1.64224288745,-1.6674649152,-1.77566653039,-1.17773120893,-1.98043646808,0.731494454152,-0.375211741443,-0.847428349367,-0.170449840868,-0.364259157564,-0.487139145735,-1.28129325833,-2.87276549492,-0.0358237962347,-0.210456698434,4972646588.22,01030332,0.01245753
407,600130.XSHG,600130,2011-05-31,0.31655937395,0.146553848013,-0.37546536276,-0.544342122722,4.44288318637,-0.803361256417,-0.560028153993,-0.258190306284,0.202590824579,-1.64292967709,-0.966090492996,-0.77170099334,-0.938227523457,0.0407276886177,0.849036667151,0.807996968383,1.56534769806,1.75340149806,1.5557218315,-0.546964740798,-0.0572851482058,-1.05996766074,-0.636125721357,-0.971938885119,0.408577852231,-0.237421721703,-0.315498789695,0.225507471133,0.32999357319,-1.08674432196,-1.12316619403,-1.10022815681,-1.08299332614,-1.1177083558,-0.194049871589,-0.218436305728,0.971938885119,-0.0775658803849,0.102985535973,-2.09745504754,-0.703714152228,-0.714105447814,-0.300131756279,0.00265574955159,-0.877469989623,-1.86531857352,-1.30788977276,-0.26034496214,-0.386415300882,1.98206799457,0.00840244553521,-0.246074100027,0.0189487890291,-0.588359430629,-0.231288568339,-0.506989184315,-1.07983101561,-1.11231440092,-1.10196844527,-1.0799281455,-1.12423948686,2.15043479673,1.70045882715,-0.656206182142,-0.204279038917,0.458234333807,0.227915396396,-1.15894936646,-0.0407276886177,0.431687704624,0.227915396396,-1.3035383686,0.309024630538,0.227416684781,0.227416684781,-1.34840517085,-0.204597052586,-0.206892745285,0.0288844002873,-0.155656536784,0.140944118578,-0.290615329921,1.1059300948,1.30883702444,-0.467700414627,0.211157651977,-1.1272287224,0.409972206932,-1.45904942218,0.412860259732,-0.764933799956,0.267010011657,0.0977276230122,-0.569772457777,0.877469989623,-0.108826001509,0.180254780823,-0.515274104091,0.671655567132,-0.423742848323,0.601926329429,0.223906803018,0.395160314768,0.614328387227,-0.774374730515,0.826150542952,-0.958212344941,0.664248718551,0.0655295036333,2.48732789584,-2.90893197548e-15,4.39765771482e-16,0.0,0.0,2.19017606031e-17,0.0,0.0,8.22364355878e-17,-6.77730558946e-17,-2.59036067085e-16,1.27617294705e-16,-1.1562739641,-0.0942906418703,-0.313550747351,0.496963502806,-0.631685133438,0.717346334969,0.948652509596,-0.13086093297,-0.958227134363,-0.722148711679,-0.13247245632,0.374480244283,0.616388725317,-0.968288760749,-0.86792873951,-1.49012176136,-0.837487669439,-1.61383985235,0.962523550932,-1.06553323927,-1.12694176841,-0.71721043126,-1.0548547222,-1.16196399138,1.68217611604,-0.911743912842,0.464115840786,-1.85405351913,-1.63840690516,0.938465959909,-1.07237119786,-0.701479636693,-1.27232470678,-0.956586916005,-1.2990928361,-0.895076639105,-1.03454110356,-0.567789322281,1.28564450617,-0.917144274709,1.31194782514,0.495317939328,0.503437318639,0.501936550225,0.382036961797,0.516150373963,0.177519865715,1.85362970679,0.622236082392,0.367289988571,1.69050117815,1.61698340165,1.31980215075,2.01191707276,-0.202942831097,0.224628781728,0.73156377828,0.392940754552,0.584751530603,2.46596065114,1.12526650777,-0.260753521848,0.383624625611,1.30457851112,1.28113054352,1.29995203201,0.614650682871,0.754737473236,1.1091413749,-1.28838378882,0.703754835067,0.640857390666,-0.779016551532,0.0421375155101,0.145373533398,0.0383530567747,0.602036993262,2.12132034356,0.709299365615,1.23548465833,1.22504287044,0.638103607541,0.638103607541,-0.638103607541,0.640920701941,0.948956596825,0.671232326857,0.682373181793,0.686199223723,0.177993152131,1.27775136712,0.840335367993,0.961980667377,0.998477166199,0.610283515063,0.951800964525,-0.524855764828,-0.226315376502,0.302191307962,-1.37624048853,0.451438982689,1.3169557728,-1.08954043509,-1.10608825073,-0.748708934988,-1.08810194006,1.44726075257,-1.07156689305,-1.08733168807,1.53813995852,1.53667816969,0.160249328219,1.96728225571,1.5128137662,0.797167325919,0.873264138406,0.384155465262,-1.84764964222,-0.412419979181,-0.475865922149,-0.699703939119,-0.513625293128,1.89227818169,-1.46377117953,3732480000.0,01030332,-0.06790123
436,600485.XSHG,600485,2011-05-31,0.311234840633,0.243503773165,0.0469973177935,-0.856084302295,-1.07393977311,-0.957405336297,-0.324823577531,-0.258190306284,0.260267719421,1.33848177446,-0.82153822169,-0.77170099334,-0.938227523457,1.22252193472,-1.05351142203,0.732769223144,-1.67945602192,-1.63056933252,-1.58663840208,-0.285522653775,-0.471892017205,0.226383625654,-0.468618807182,-0.348303476291,-0.200826401944,-0.0769934275398,-0.192427063542,0.233087442964,0.270393952702,0.274757768357,0.383246150134,0.294422831774,0.269979290704,0.359603677183,-0.0843204097691,-0.211926549204,0.348303476291,-0.601831901977,0.240375280767,0.284353953075,-0.816293254415,1.78879041199,-0.518852773667,-0.272020916272,1.74609005499,0.478765008166,0.895252962538,-0.27374631467,-0.00815598285004,-1.07358996378,0.224643013204,-1.30229470997,-0.877919423454,-0.588359430629,-0.161647597814,-0.0744483549903,0.267198215353,0.40868484935,0.285486270974,0.272073303746,0.390120877415,0.0489057874252,-1.80072914616,-0.436664681051,-0.116954750049,0.417007550062,0.234086179925,0.684649961475,-1.22252193472,0.390166814359,0.234086179925,2.12805802602,0.304477636,0.232602610735,0.232602610735,0.123399233581,0.749359221546,0.855046176981,-0.275281486817,0.255368623803,0.0189344915993,-0.262975969608,-1.10544770885,0.242617518895,-0.122961881253,-0.305850281505,0.33390653642,0.401980803462,1.27212204877,0.398491270119,0.696918429601,-1.14832724464,-0.594487021508,-1.52059875935,-1.74609005499,1.10078859933,0.109233868243,0.217789187996,-0.641268987049,-0.161725389559,-0.660062236308,0.241816937246,0.385907084319,-0.677718873314,0.806307709093,-0.707510475463,0.740281337372,-0.663190154857,-0.429364956642,-0.0944754360224,0.0691060076682,0.35669326652,-1.41307850872,-0.195471930071,-0.315111572126,-1.97989494233,-2.33555717333,-0.482850652131,0.107521636221,-0.411557123658,-0.362935047612,-0.410468095021,1.32090131215,0.215751660235,0.335039776432,0.176976264985,1.46885201922,-0.623612261711,-0.906291017452,-0.354082868438,1.50122500116,-0.272343359427,0.284041209856,-1.15382605092,-0.0180409193549,-0.103642732223,0.0743020989755,-0.0507693801961,0.00696843756494,-1.27056275552,0.281864219339,0.287102136127,0.0931231910815,0.0605472443108,-0.331963213488,-0.672915186317,-0.578089020399,-0.640344472115,-0.348098417767,0.0992366515243,-0.185411079944,0.943751501401,-0.283694567576,0.554060322103,0.0284256179573,0.850662333582,-0.0457374326576,0.184985341424,-0.0520441563951,-0.275760709471,0.511447961945,-0.757974416075,-0.647887911785,-0.648785866272,-0.649525478226,-0.777910744724,-0.94653547436,-0.770899253824,-0.735574972533,0.496207126794,0.501797763919,-0.886717751894,-0.871748327304,-0.840354481322,-0.922309573327,0.198314134007,-0.358679001979,-1.33439992943,-0.353103724042,-0.00128483773296,-0.970813264428,-0.769601308828,0.621193873531,-0.778520907795,-0.642145299065,-0.646632986411,-0.643241639041,-0.212587612516,-0.325147636432,0.598831597765,-0.306344310219,-0.55546501088,-0.172729336338,-1.26353284732,0.13899306413,1.99352093279,2.15006288252,-1.31110278533,-0.471404520791,-1.31351734373,-0.971585845933,-0.81775461033,-1.16004938031,-1.16004938031,1.16004938031,-0.421824822339,-0.515296431482,-0.685866284687,-0.686821679104,-0.688467003599,-0.0149058304741,-0.683448405668,-0.598809833939,-0.507821184212,-0.48616114771,0.126237676375,-0.390226862468,-0.72466020976,-0.0808546961806,-0.626437053207,-0.0412533191432,-0.174437606908,-0.679725761768,0.277942594679,0.30808047578,-0.153065601897,0.278882792418,0.0226290156023,0.264397680099,0.26655641312,-0.107811755636,-1.00344118833,-1.43458533472,-0.49004483846,-0.829344056712,0.531991503243,-0.166565991373,-0.473913527201,-0.910175517447,-0.493425882871,-0.484947924966,-0.228276385105,-0.529184338153,-1.61364865542,1.14256473035,1927731260.0,01030332,0.0992092
438,600487.XSHG,600487,2011-05-31,0.33438353427,0.0143616892843,-0.29771037802,0.784226065221,-0.326304890505,0.984270852328,0.408126276964,-0.258190306284,0.231009910066,-0.781999213838,0.30123120152,0.947807117462,2.4130796452,0.224491941362,-0.592335666969,-0.761875439763,-0.424264459458,-0.498521536683,-0.348738916123,-1.01536876737,-0.84481883059,-0.632051722227,0.478763835297,1.14562001771,-0.627409379866,1.95509829853,0.288980572458,0.234449268411,0.290525462228,1.94821956788,2.12107082503,1.97884183724,1.94417879928,2.04937947759,2.00433503802,-0.287522030639,-1.14562001771,-0.242648331307,0.575106658991,1.1456872589,0.401228887763,0.0179223726808,1.10711101597,-0.42860664702,0.203714193884,0.0715223989163,0.152024087978,-0.253644285876,-0.240745786046,-0.811049882748,0.16013881438,0.291707969273,0.176413164159,0.68615113065,0.515802262056,0.370761034189,1.92840802053,2.14909649594,1.99548273687,1.92340803632,2.03204909998,-0.0164660938376,-1.08728815243,0.68753921247,0.320573959628,0.178573256265,0.229140982569,0.445918774353,-0.224491941362,0.153427816934,0.229140982569,0.471425283789,0.189889487307,0.230485381461,0.230485381461,-0.878073314961,4.31467306352,0.345845911237,-0.552937586034,0.244865418438,-0.0730114031088,-0.314275445476,-0.000422087708611,-0.817243856463,0.381901107513,-0.473117554102,0.771096613862,0.319887295091,1.11120196211,0.445046796465,0.758291673945,-0.87520009408,-0.65237952242,0.0329095675271,-0.203714193884,0.62631898978,0.246493854182,-0.651306467571,0.94070229904,0.930151780876,-0.470132471411,0.229761128832,0.117062323837,-0.841788366716,-0.679803986265,-0.869449837656,-0.366964544136,-0.884429967091,-0.70908791245,-0.13863447606,0.580686974387,0.4137325007,0.585418239328,1.25420027859,-1.01393329568,-0.62777156708,2.0521995137,-0.109824079601,1.93885789186,-0.469770200944,2.63880240514,1.3164368669,1.04623374252,0.0899564127179,0.455478911751,0.395743974818,-0.785665033538,-1.14029473667,-0.850400643419,0.245086457573,-0.0669939757934,-0.325511094251,-0.645112203364,-1.12013115499,0.922684037444,0.564956120427,0.668101756458,0.294185375973,0.796521149498,-0.716024223348,1.92435413622,2.04499831752,0.909489222298,0.766180444893,0.855927691334,-0.39941601016,-0.26989876858,-0.736978716205,0.477694985274,0.514408495172,-0.618351164938,1.52186649363,0.0263755739952,1.14648107112,1.73429295154,-0.814466130257,0.437538379079,1.2233721451,-0.301044319725,-2.03599540432,0.706404137206,-1.24135510131,-0.609055926845,-0.609853469761,-0.611220601784,-0.641901268108,-0.734223866577,-0.703299332581,-0.497879808747,0.451646807931,0.444003894745,-0.905969099977,-0.886993860805,-0.842796739872,-0.956236988932,0.158555447457,-1.03158490379,-0.535082085221,-0.418398299199,-0.21170925795,-0.957257372995,-0.771204104871,0.886593969473,-0.641821870347,-0.707818619784,-0.712350163726,-0.709455605222,-0.475566069879,-1.17695028407,0.645984452329,0.07007412695,-2.75015735778,-1.71966823457,-0.37772487201,-0.0416125373792,1.45003047176,1.29298693546,-1.31110278533,-0.471404520791,-1.31351734373,-2.4052637882,-2.36380921736,-0.869807690131,-0.869807690131,0.869807690131,-1.27275691793,-2.29769058439,-0.716206502727,-0.717496263462,-0.719119886799,0.0815436608287,-0.806023391467,0.211715402692,-2.45550513514,-1.74129546191,-0.0891055510732,-1.65885546327,0.370739957471,-0.303080616152,-0.236156377914,0.779018088751,-0.723193370295,-2.26639878924,1.95458067805,1.99278897105,0.880169740038,1.95996230397,-0.566010031762,1.92550223654,1.97061517248,-0.687411846431,-1.29929683881,-1.62172636062,-0.775429559614,-1.61313419187,-1.12138785223,-0.989179936588,-1.0266243123,-0.895527484248,0.751396744956,-0.591843376318,0.444034387801,-0.118814525639,-1.61364865542,0.596688722478,5224691601.15,01030332,0.06420927
442,600522.XSHG,600522,2011-05-31,0.3062202428,0.421464890914,-0.438834764843,0.241123115633,-0.242859243827,0.800656223221,1.10519746725,-0.258190306284,0.211212125735,-0.784406116209,-0.101867056231,0.1859997266,0.508927844827,0.12183742776,0.587149060539,-0.421548724023,-0.718032697481,-0.681109890851,-0.457565244559,0.524791263848,1.45526213314,-0.689564760423,0.132962713609,0.824667028986,-0.88640618789,2.54333537713,-0.828184322949,0.231083247022,0.33051118776,1.51775582587,1.39062813004,1.45394777238,1.57954246329,1.40234942467,2.61095262883,-0.287330682853,-0.824667028986,0.448561195978,1.2220874572,1.50154327257,0.0384740029362,0.00126491305083,1.42281210711,-0.309196885719,-0.186899337805,0.202595993211,0.0989363112239,-0.345220194826,-0.336754764766,-0.216993723002,0.169278046613,0.827411808222,0.930477477818,2.74497588348,0.658001102395,1.5272195695,1.47887505061,1.39617102618,1.41966255822,1.6036919901,1.38759083914,-0.0659764452295,0.281002744071,0.927899304183,-0.151544241094,0.300336082673,0.230777954311,0.182853311344,-0.12183742776,0.299133844041,0.230777954311,0.443582716693,0.205116089531,0.233194063447,0.233194063447,-0.0581626960828,-0.237259118972,0.187825863491,-0.36691668536,-2.18504239611,-0.19281166527,-0.322474412501,1.1059300948,-0.475980950343,1.57435734591,1.6158225889,1.50741674429,0.683859398579,1.65207225341,1.20028089052,1.4293058121,0.508793078536,0.600793493003,0.224442923239,0.186899337805,-0.0445664888017,0.448720897135,-0.651306467571,0.321542352683,-0.0288864345747,0.606783868173,0.233895450565,0.221720702887,-0.380342916523,0.225373137271,-0.374105906242,0.374782696874,-0.197422129099,-0.171159151281,-0.0121145450055,1.49052815591,2.10589644803,1.91774940469,3.21827230322,0.0573408369978,1.17505959992,0.629213089598,-0.652919955255,-0.197701073051,-0.718196549805,-0.395350225741,0.127566492443,0.169913401302,-0.244122769213,-0.421050350847,0.166941423176,0.717346334969,0.660860371042,-0.355204112654,1.15736606448,-0.941533272886,-0.318207164717,1.68369293313,0.19150430595,0.494154230659,0.360863898196,1.3976389435,1.63084218787,0.284340988475,0.680382935244,1.63817807389,1.23041357783,-0.0315688663038,0.670284999713,0.0144206585819,0.432897250731,2.01643438276,1.95386836717,2.04753035982,1.60323825623,1.50176459195,0.150337613531,0.358320595811,0.268165731783,-0.864209555075,3.12486656634,1.57900699411,-0.150861321648,0.291332792979,1.11898548497,1.52356087181,-0.787886587191,-0.381030270592,-0.382977112073,-0.386190947715,0.113453803558,0.666142537038,-0.113013916801,-0.727203042824,0.0951712250373,0.260597530587,-0.480749936099,-0.479581159412,-0.459464318786,-0.470853136505,0.321390270317,-0.401400321433,2.63190643595,-0.184914092346,-0.265733339975,-0.762147745159,-0.503449230685,0.838761161344,0.114707122263,-0.572199558832,-0.573505856272,-0.570727768449,1.37449635666,0.139226955715,0.256282274713,0.074293976572,0.359920657234,0.374294615811,0.83391627184,-1.09640443123,-1.74606876163,-1.33603807923,0.0133785998503,-0.471404520791,-0.0131351734373,-0.432994318262,0.0274941748299,1.56745365524,1.56745365524,-1.56745365524,0.731143209194,0.660960039421,-0.471970384478,-0.472982736081,-0.475312378688,1.77905470776,1.27775136712,-0.0875167684322,0.535973927505,0.721754640234,0.575345823294,0.837624390453,-0.630028532004,-1.66182025049,-2.45288214328,-0.326802345838,1.2440311966,0.894605265488,1.50003056167,1.43488931637,-0.748996824468,1.51771545015,-1.21100813685,1.63781093535,1.63146579749,-1.37111486616,-0.376972185298,1.71504655374,-1.53075218121,1.37170723873,-1.44111104373,0.510941631909,0.894397842962,-0.976091666845,0.978301021713,-0.520407802701,1.32532850939,2.16642021229,-1.61364865542,0.191162863759,7304684310.0,01030332,0.03820817
547,600355.XSHG,600355,2011-05-31,0.332527233887,0.0222195722693,-0.247087694747,0.37544022607,-0.272331060539,-1.21827302526,-0.664247130972,-0.258190306284,0.195354393065,-0.75959650716,-0.812611003034,-0.77170099334,-0.938227523457,-0.37432605465,-0.00833819019813,0.383658429367,0.497099559795,1.47343268833,0.617094748743,-1.0206915404,-0.54757422345,-1.06162441492,-0.638252793283,-0.977420055705,-0.596939167157,-0.371111966839,0.420211750068,0.2247708863,0.18127181549,-0.855893259659,-0.91008974598,-0.868017479352,-0.85327378259,-0.891930260822,-0.436972956876,-0.27922592458,0.977420055705,-0.481207981679,0.00556371693792,-1.75373048887,-0.536930297135,-2.09020294893,2.00985106416,-0.440320561088,0.328442813816,-1.11484604061,-1.22825810763,-0.0660253504661,-0.261791722746,-0.746660135897,0.131727485503,-1.63065510544,-1.15673996355,-0.588359430629,-0.288897329297,-0.751311410085,-0.853595656899,-0.900374112971,-0.862596329125,-0.840750337328,-0.898421691202,0.509938780164,0.581293420647,-0.711091557415,-0.273117796504,0.651177004162,0.226895503007,-0.234226295409,0.37432605465,0.626006802932,0.226895503007,1.33454486377,0.246715260079,0.226730942506,0.226730942506,2.22605929521,-0.386673957089,-0.219048133573,-0.330526799051,-0.0308612329092,0.294895300351,-0.285693317613,-0.000422087708611,-0.171439490014,-0.036306293629,-0.17089600475,-1.14448622546,0.21381957631,-1.72948456783,0.127204746228,-0.38149714958,-1.0250419829,1.25058690841,-0.259430817507,-0.328442813816,-0.0199134682032,0.206166224882,-0.439700568824,-1.15703979625,-0.254299381299,-0.207096748414,0.222407716893,0.589778800673,0.0811025336703,-0.396091753515,0.873779767126,-0.764713064678,0.18683649215,-0.00978052293034,0.546690991467,-2.90893197548e-15,4.39765771482e-16,0.0,0.0,2.19017606031e-17,0.0,0.0,8.22364355878e-17,-6.77730558946e-17,-2.59036067085e-16,1.27617294705e-16,-0.693052543336,-0.274786473344,-0.214220620213,1.01886642252,-0.183502991364,0.717346334969,1.69215859106,0.815757849597,-1.6814590245,-0.152348642088,-0.268571765082,0.215135278864,1.0211383898,-0.855714660712,-0.762248938977,-0.936156377703,-0.688894035657,-1.44311313201,0.622085804504,-0.829929860209,-0.885603413444,-1.38987240906,-1.5932708777,-0.608870515898,0.314238833921,-0.433582657208,-0.451712090547,-0.368331122048,-0.408902548378,-0.312277707943,-1.06585685911,-0.575761934143,-1.19962298965,-0.979421769269,-0.809724463423,0.0372128932375,-0.76653641233,-0.639341093353,-0.0314403059858,0.0097370347274,0.822584705685,-0.378530565209,-0.377272563628,-0.378042615103,-0.396156202656,-0.747775514881,-0.135071923559,-0.555836583662,0.414570843756,0.196959011309,-0.387553770155,-0.369282361768,-0.353110400151,-0.441121934373,-0.217538511907,-1.35077324728,1.1727214285,-0.766072999291,-0.677564803829,-0.527323771358,0.164950614256,0.625033296257,-0.397108553262,-0.208436645302,-0.207600059958,-0.206040108594,0.0401179874343,0.744349398166,0.0284523013695,-0.888483360545,0.640799457101,0.590660299566,-0.388766185596,1.59360684426,-0.688430664598,-0.473758494322,0.307707796556,2.12132034356,0.420325549994,1.05664503067,1.02125092224,-1.30420916021,-1.30420916021,1.30420916021,0.77375112032,0.564033661808,-0.375333523409,-0.373747508271,-0.374611400591,0.12012345735,0.910026409721,-0.700439808025,0.504534315706,0.796425798034,0.199924444469,0.960862597388,-0.56492460473,-0.385515144958,-0.30805018652,-0.721478389104,0.599938648048,0.645405761174,-0.858229448048,-0.874151345902,-0.722223102874,-0.857656499716,0.952553468087,-0.848583253559,-0.865160988098,0.933217533657,0.716135524859,0.0376516731403,0.938932316908,-0.0847215272307,0.611922301117,0.444299115421,0.424966568959,1.49942594389,-0.600017846245,-0.146406681128,-0.638142952684,0.480208707792,0.753088633358,-0.209183245143,1569764548.0,01030332,0.01253918
579,600680.XSHG,600680,2011-05-31,0.307731409021,0.352689834246,-0.315373688371,0.443077478904,-0.284240944562,0.0551087508323,-0.667664146611,-0.258190306284,0.196973325182,-0.306728568857,-0.469256439361,-0.77170099334,-0.938227523457,-0.359117978561,-0.633936572709,-0.334496258349,-0.838210613036,-1.07063171308,-0.933680431464,2.25469249834,2.02013657106,0.925060534104,-0.472569083616,-0.351957590014,-0.612174273512,-0.798920751275,0.876461077407,0.213379516205,-4.31493168808,-0.364298225889,-0.317650630885,-0.369474967481,-0.353885424312,-0.354332156834,-0.841384684087,-0.0117806969803,0.351957590014,-0.597834080619,-0.843754705422,-0.382876072563,0.113526737728,-0.252564383101,-1.11620875984,0.249518867953,-1.05695751587,1.49077508504,-0.00723924228468,-0.415205035812,-0.306259223355,-0.524758489437,0.147429057727,-0.233764581793,-2.16274727742,-0.588359430629,-0.289261941708,-0.763979969939,-0.366995225911,-0.347177306396,-0.379757852448,-0.352436500288,-0.353447412868,0.111508507589,0.398900311652,-0.709198958268,-0.379381249321,-2.5915558401,0.214451089557,0.327891360092,0.359117978561,-2.48679469527,0.214451089557,-0.823254086187,0.0549681117553,0.214901888266,0.214901888266,-0.439442748377,-0.0817961044837,0.00858913800528,-0.536543137006,-0.0214145242042,-0.61509336815,-0.293802554225,1.1059300948,-0.318584788698,0.138888698741,0.127524015678,0.7222003552,-0.301989193105,-0.229798760128,-0.460199549147,0.0808479578086,0.0553604072538,-0.831546831276,-0.639257302989,1.05695751587,0.277943518372,-0.232326076174,-0.643749114044,-1.82730687291,-0.335419703143,-0.633588650153,0.199384909988,-2.26399096115,-0.0111865563683,0.833327921736,-0.250269923389,2.86877342027,-0.0809801226601,0.474355362122,0.0465603013599,-2.90893197548e-15,4.39765771482e-16,0.0,0.0,2.19017606031e-17,0.0,0.0,8.22364355878e-17,-6.77730558946e-17,-2.59036067085e-16,1.27617294705e-16,0.158964764478,-0.282634118191,0.0889253041317,-0.837234474004,-2.49535105907,-0.785665033538,-0.70163131543,-0.529128703175,0.210883745658,2.72110466432,-0.225222356023,0.657640554453,-0.084629475301,-0.478880513159,-0.385556469459,0.276739622412,0.370049946336,0.016415340037,-0.116947637675,-0.335487841122,-0.414806387113,0.0852220718951,-0.064580377989,-0.72098067614,-0.30822815019,-0.0818811904171,0.00119106948162,-0.208986038669,0.826288455411,-0.00869296673408,-0.563145337895,-0.464929207574,-0.310500638316,-0.584482602596,0.784578305789,0.204916812982,-0.535789628173,-0.546681549815,-0.304225364147,0.300492343729,-0.565340034089,-0.601414309084,-0.602345144941,-0.604259377835,-0.854709335168,-1.08339756329,-0.776494799308,-0.878764043891,0.557833427404,0.525656200545,-0.89768152486,-0.88165277509,-0.8532446593,-0.944423587907,0.156633061246,0.818338469389,0.668007167655,-0.301376416494,-0.343012761598,-0.920961082209,-0.752724767167,0.822123662864,-0.855200157038,-0.516827933705,-0.522660559938,-0.518245878247,0.297441353909,0.715467623252,0.655699283578,1.14213183023,0.0370965579776,0.155473673859,-0.419387237911,-0.462031065664,-0.0495681174054,0.140544094201,0.896366189969,-0.471404520791,0.853786273426,0.188502997065,0.338060095892,0.227728767448,0.227728767448,-0.227728767448,0.385681944163,0.437117304519,-0.595740047582,-0.596936412271,-0.598994970146,0.4866315243,0.0520015091269,0.407450732353,0.356768140252,0.602061166702,0.710649975053,0.491470015091,-0.554732768273,-0.243195557277,-0.921715195698,-0.210400194829,0.718144381673,0.562641759741,-0.36660105006,-0.368366252578,-0.778073661898,-0.363677593339,-0.268559449317,-0.342057413297,-0.342553170276,-0.307576835473,-0.369596385092,-0.24752064057,-0.348309296596,-0.642965881128,0.131473397141,0.325642927526,0.42289493933,0.598571902111,-0.823731343929,3.73484861117,0.448894465678,0.41408276644,-0.0358237962347,0.657205593532,3761097316.08,01030332,0.06808943
588,600775.XSHG,600775,2011-05-31,0.310565812892,0.260476259888,-0.255282013982,-0.116169639144,-0.0812729951077,0.165813494501,-0.664247130972,-0.258190306284,0.204560850409,-0.243223375546,-0.983601575743,-0.77170099334,-0.1384837673,-1.14867059552,0.788022005399,-0.848252207126,1.00451742547,0.463110461935,1.89580410786,0.75241808692,0.925486689421,0.145439349676,-0.394854991462,-0.132710766598,-0.88640618789,-0.203999160419,-1.77740050919,0.222972248916,0.154244940442,-0.712805087754,-0.739523110222,-0.738934496107,-0.691619288978,-0.752965179939,-0.224760318451,-0.275893065542,0.132710766598,-0.219833178382,-0.199271902572,0.0862068545521,0.0468131956909,0.269219284767,1.08131844317,-0.363953057585,-0.446699926639,0.0684741757932,-0.246134237679,-0.478489200533,-0.377394760595,1.0858963575,0.177909543722,0.173888294757,-0.250505335654,-0.544786419987,-0.259546030201,-0.758550587145,-0.717235210582,-0.730499867627,-0.760946123508,-0.680110097486,-0.765955047656,0.196804292111,1.19692809967,-0.709198958268,-0.303511185357,0.184226648422,0.2230644749,0.419072838857,1.14867059552,0.232607189069,0.2230644749,-0.851096653283,0.336143372325,0.224339416323,0.224339416323,0.373839419101,-0.279672912768,0.0576527052775,-0.427301096406,-0.0966631710305,1.65206092105,-0.309190722017,1.1059300948,-0.594968815328,0.585353356717,0.543791432709,-0.209704809873,0.0220258930345,0.226141485431,-0.0578678399865,0.301207130357,1.19383959854,-0.625928638383,-0.531249771572,0.446699926639,0.357964798347,-0.323510803404,-0.326340265924,-1.12355581433,-0.296099372467,0.0061492024557,0.216648070204,0.248912506444,-0.575175439938,-1.7741225983,-0.888501527325,-1.68920962594,0.0936828869989,-1.41915387719,0.0943442155056,-2.90893197548e-15,4.39765771482e-16,0.0,0.0,2.19017606031e-17,0.0,0.0,8.22364355878e-17,-6.77730558946e-17,-2.59036067085e-16,1.27617294705e-16,-0.0840811190522,-0.149224155797,-0.043744000627,1.14332019568,1.35150146902,-0.785665033538,0.213413347726,3.75879642628,0.801346926817,1.49961018315,-0.335120612024,1.06676951972,1.05236780554,-0.589073892046,-0.268369985774,-0.249879724383,0.533341268919,-1.32450601428,0.827139798133,-0.67655546601,-0.827612479674,-2.42400194886,-2.88767725893,-2.00654854963,-1.07950079075,1.28653314358,2.07147305514,0.611710437066,0.336630858294,0.413559145038,-0.893585170911,-0.344139638963,-1.11709671616,-1.1294052373,0.417658359338,0.632291318137,-0.731065203197,-0.447940105736,0.609029013995,0.881706675751,-0.129818822643,-0.537243532836,-0.537197619967,-0.539945313283,-0.747773130597,-0.369096529279,-0.243872630801,1.5840547568,0.978421661847,1.38885883192,-0.343159713689,-0.40791961905,-0.605669313513,-0.0758885148668,1.07964385447,1.55811941346,0.58650516109,2.54352934264,3.11302451426,0.833630098382,-0.0487458786852,0.735736651526,-0.749329386103,-0.399662067767,-0.407091472704,-0.400899006021,1.60612084856,0.898193701171,0.672629954113,2.63705772006,0.571406311592,0.516661720909,1.85703985821,0.536617333623,-1.54305625298,-1.02857141298,1.77935378009,2.12132034356,1.8651946281,0.920146573137,1.11068089951,1.28490048666,1.28490048666,-1.28490048666,0.937336889417,1.26570643371,-0.565686129092,-0.564714975187,-0.567897780048,1.60544562341,1.56375966732,1.7268878261,1.21035360059,1.41465906041,0.75956274353,1.29976766646,-1.8470798562,-1.1352403298,-0.170767247229,-3.28232571131,0.927627909605,0.730257012643,-0.720035179195,-0.746415761937,-0.583172484274,-0.710538444737,0.473501477413,-0.664146587456,-0.688912301346,0.218564994521,-0.327852852201,-0.10570501553,-0.376995804815,0.305280156814,0.750397007704,0.324017500295,0.400107013407,1.59463815968,-0.802153700455,1.65804437707,0.721058826758,0.394633960159,0.753088633358,-0.699420963585,4853661150.0,01030332,-0.01889339
589,600776.XSHG,600776,2011-05-31,0.303594477069,0.60075705161,-0.285692043142,-0.106607055381,-0.0887776923985,0.415592227504,-0.620395430276,-0.258190306284,0.224982801339,1.90021575844,-0.318180431345,2.81967670644,1.65141892505,-0.73298318242,0.660247794911,1.3947283347,-0.103790017979,1.35170711889,-0.498375117722,1.04297887346,-0.0901904552692,2.03058893497,-0.736022135025,-1.50056733713,1.21603848901,-0.0662982079289,-0.203306332153,0.226740822482,0.254773084429,-0.724563355355,-0.831864823073,-0.712922597938,-0.746158207736,-0.765765440788,-0.0819049813642,-0.210204419132,1.50056733713,-0.380228528401,0.232881294687,0.397580866516,-0.649509399322,-0.21145534844,-0.273307480562,-0.139783703666,-0.602458593481,0.407436587085,1.55885017197,-0.462854289249,-0.385733940675,1.89119340845,0.0455762999397,1.18630620346,0.864776824747,-0.588359430629,-0.259910642612,-0.640913959922,-0.725861243674,-0.848987777375,-0.666594967379,-0.752946509258,-0.775752618167,1.66052381129,0.330172911561,-0.669454376174,-0.273117796504,0.526141161242,0.228575327413,-0.575914939136,0.73298318242,0.435283740028,0.228575327413,-0.419536863291,0.186597774167,0.225016586819,0.225016586819,-0.785563188894,0.129038347483,0.887976228889,-0.369341471419,0.344335510573,0.0798619222921,-0.299442409844,-0.000422087708611,1.78868121716,-1.12892022454,-2.19140862714,-0.891376180622,0.39035694387,0.378121567284,0.250778056898,0.37427051648,-0.845936077746,1.54903273207,0.257925257978,0.602458593481,-0.156515451192,0.199335025994,-0.0542755389642,0.447841582728,-0.280749093225,0.213808983769,0.22627378111,0.514984638308,0.716871820603,1.04948962288,1.79778671611,-0.409964384195,0.477941508249,0.764836893153,2.05455299358,2.15145670319,1.19802197067,-0.191774940469,-0.625697230704,-0.0749113320045,0.949705704044,-1.76274703019,-0.678993297894,-1.53305042612,-0.293147758035,-1.03284872896,-0.534898284197,0.766334409652,0.0524928007523,0.550492007392,-0.17534458339,0.717346334969,1.10004047476,0.41006408564,1.17633302291,-1.001050851,-0.204419859875,-1.30617847882,2.85257925742,-0.0918432749678,-0.257468917525,-0.552511333683,-1.58579599861,0.26713541325,0.681297555985,-0.793877280062,-0.557143074476,0.322686533836,0.616410288776,0.345020282051,1.288446129,-0.705083882876,-1.05272933053,-0.193585841494,-0.116249980696,-2.36209206696,-0.438363179168,1.41907628285,0.255393808504,0.134815275208,0.129897468826,-1.00868252022,0.444739692162,0.085406795834,-0.356551598895,-1.17511060185,2.07530643202,0.471517636419,0.471717413443,0.483667723602,3.07329860901,1.66013841543,3.77841312336,-0.201925270177,-0.495765875828,-2.67412082637,2.63421579081,2.74150007749,2.84453513091,2.11925214714,-3.94409490436,-1.04796030908,0.769697744654,-0.942278336272,-0.479961016253,1.74832258769,3.8651551821,-2.34939948486,3.0712769628,0.988719473362,1.03164822963,0.99291489497,-2.33468556506,0.484891372936,-2.90467703804,-1.76376260643,0.658827701485,0.622414551461,0.462745066944,-0.518495380196,-0.399160368604,-0.081645985733,0.160543198203,-0.471404520791,0.131351734373,0.994761782028,0.581689033968,-0.648762694296,-0.648762694296,0.648762694296,0.0368488300497,-0.985860854852,0.754442169584,0.755857291811,0.773010781808,-2.00176535131,-0.806023391467,-0.801612590101,-1.07687815777,-0.948463462914,0.0862181385303,-0.342200208295,0.560511317293,2.52755459959,1.33044394677,0.0314980252376,0.700126422276,-0.915675765853,-0.718714065794,-0.718016175688,-0.274554962247,-0.721514127741,0.752165707282,-0.778490913741,-0.755208381103,0.530873781309,1.68141396107,2.09122471813,1.00792707008,-0.0911364236877,1.51989295913,0.196495345684,0.0164412060581,0.679136084708,-0.774393922529,0.89125012486,-1.94550390144,0.742767592576,-0.0358237962347,-0.618987844533,9143680465.92,01030332,-0.01373626
625,600198.XSHG,600198,2011-05-31,0.304984521404,0.493699307932,-0.347058389412,0.240962331701,-0.242818073858,0.624619047353,2.48225476964,-0.258190306284,0.202298246485,-0.527978440595,0.745188652349,-0.77170099334,-0.938227523457,0.900617657494,0.837744992736,-1.00163572362,0.750808492632,0.536145803602,0.385838800817,-0.342194531322,-0.962181092449,0.984467005656,4.14864660938,2.47693545101,-0.0180051256915,-1.00346682633,1.44014318227,0.225558860773,0.766509031809,0.26861538976,0.331844354603,0.259848801726,0.247016323811,0.262226592392,-1.0494565881,-0.285398856576,-2.47693545101,3.3484291679,0.355283067321,-0.746819722911,0.330345749349,0.846152650059,-0.41258737371,0.124305027084,-0.412019285975,0.492786834533,0.735989632275,0.0337402739184,-0.346103268494,-0.0638858390981,0.1178766897,0.483544617061,0.633467087487,0.402926561476,3.16124761097,0.466680130232,0.307102618853,0.322534501191,0.256544198542,0.259467580271,0.235902630124,0.217585651347,1.30734938358,0.193570835014,-0.298634634161,0.506536122941,0.225198537537,-0.782818046292,-0.900617657494,0.53663866382,0.225198537537,0.0885899862154,0.219316703244,0.224716574574,0.224716574574,0.551078445678,-0.352806083388,0.0490334299459,1.05400794543,0.0683276558358,0.309730098298,-0.326245482699,1.1059300948,-0.904570828257,-1.06675425951,-0.0112317899988,-0.62388488324,0.271938874272,-0.833249085134,0.596783326777,-1.05777185154,1.52704657804,-0.911897629955,0.107794789309,0.412019285975,-0.198142682694,0.155521129676,-0.583290285831,1.29786477284,-0.00479830407094,1.09739528134,0.219977619386,0.439388752004,0.173391623709,-0.531192816729,0.0450312664921,0.0737838164641,-0.127556925236,-0.698329337226,0.136378891752,1.85734677482,0.678331170368,1.25158382201,-2.31854026146,-2.16948267687,-0.27364401642,1.28104933904,-0.591292054471,1.93885789186,-0.76941005868,-0.352819672876,0.18687433962,-0.60177167529,-0.236561306248,-0.465211367131,0.0844191265151,-0.0341593492843,-1.29529947916,0.991636649001,1.03579097031,-0.713382556762,-0.316127785135,-0.861519892886,0.417506656677,0.40776806326,0.531344493324,-1.51695546029,-0.541696682311,-1.03147243874,-0.667927102182,0.218954092368,0.286637278942,-0.285524523934,-0.550235409476,-0.302449934897,-0.9747017474,-0.625637609146,0.295958538275,-1.51297881473,-1.89244154621,0.354447322016,0.19141051934,0.570783513122,1.34297219848,0.611752324055,0.840564631123,-1.09163284612,0.562977055941,0.848935744942,0.865400573175,-2.42444982022,-1.13367128529,-0.369124733832,-0.369003572511,-0.371713055137,0.429434473807,0.496532469635,1.05638696565,0.220670280246,1.29721040041,0.672331662125,-0.0292536729115,-0.030637618257,-0.150051938191,-0.133332206025,-0.584074965468,1.90618921774,0.887838267932,-0.0394207581222,-0.620658213214,0.0932763200208,0.370527531527,0.310840536503,0.430155422206,-0.583940451912,-0.576051296358,-0.580727425693,1.0930468332,-1.03402077544,-0.395532922212,-0.615751535391,0.447030139785,0.287988187583,0.210225076436,1.67905724298,-0.314704888405,-0.113813928797,1.04353078832,-0.471404520791,0.998273181236,0.317599152131,0.0738351630512,1.43867091854,1.43867091854,-1.43867091854,-1.47414826764,0.975236475923,-0.376487332119,-0.372969779119,-0.37159462114,-0.304254304382,0.910026409721,-0.912005411063,1.37698354312,0.0936384305034,-1.13215445806,-1.08797259291,-0.630139657947,0.308181119131,1.16102276327,-0.354084099981,-1.41965680083,0.264255754575,0.268810942709,0.253602757469,0.976324826191,0.264994894858,1.00578146705,0.23608617135,0.192484205791,1.56627588525,0.669319028199,0.546874997509,0.571843401563,1.07576715318,1.32363044597,-0.906283147785,-1.2820562456,-0.236365990266,0.475793202613,-0.641330540246,-0.706184042954,0.293500167502,-0.737166946142,0.51337368427,5891197488.0,01030332,0.05886736
642,600498.XSHG,600498,2011-05-31,0.35155983157,-0.0337382840349,-0.268392924758,-0.0136154757096,-0.148532962362,1.2333103216,-0.669942157037,-0.258190306284,0.208832490574,-0.489468002669,1.02364920349,0.860743415649,0.965924276917,1.01657923767,-0.240907063241,-0.321883223218,-0.170555526621,-0.30376062557,0.0457565244559,-1.24080386037,-1.39762798926,-0.280819834646,-0.0717679592702,0.430631765791,-0.0332402320459,1.36686121993,-0.264502218085,0.227237588997,0.315463392761,2.30178657973,2.3583457323,2.31613322411,2.26610970891,2.33284870805,1.45706797372,-0.255834313057,-0.430631765791,-0.0181499836438,0.695010436265,0.78174360855,-0.649509399322,-0.367422069266,-0.106171608784,-0.195933352299,0.0564735791355,0.0812767129103,0.709445743898,-0.475511122194,-0.217661810897,-0.86547744235,0.22144373597,1.59060193867,1.57852482857,-0.588359430629,-0.295278046491,-0.773028941264,2.31528344458,2.36290764561,2.33769097769,2.28390465096,2.30793921211,-0.0815877666355,-1.25153464838,-0.71487675571,-0.197474548875,0.359547926848,0.229106700439,0.0923718032897,-1.01657923767,0.381576285338,0.229106700439,1.327584222,0.202877569143,0.22802528105,0.22802528105,-0.0221385036892,-0.320833049753,0.151580705686,-0.420732459543,-0.31779772096,-0.101729018646,-0.317779717242,-0.000422087708611,-0.952451441321,0.18786794392,-0.233621231974,-0.632513634768,0.413604663055,0.62173669849,0.528386936219,0.541439543931,0.270322711513,-0.284562512318,0.836125576162,-0.0564735791355,0.0334340517804,0.52287473886,-0.477487336457,0.678704826483,-0.207540069145,0.137059871611,0.227031214099,0.264045045771,-0.821279680041,-0.909475793729,-0.878975682491,-0.678713384561,-0.744699559364,-1.16094807183,-0.13341530974,0.291817312002,-1.76168051399,-0.191774940469,0.431160573027,-0.223892295654,1.30383325471,-0.2932746612,-0.788916140156,-0.0450897184153,-0.65654201805,-0.560414749834,0.624124350182,0.00511285952134,-0.168508139558,-0.206936332502,0.239224917829,1.46885201922,-0.625678991611,-0.511540823235,-1.73680523106,-0.602421490579,-0.323549169165,-1.95001827152,0.0135788189238,1.96714041573,1.87914045942,-0.60368108415,-0.362482863526,-0.486281998733,-0.958557784318,2.30500374798,2.35345688486,-0.382132929921,-1.04605842624,-0.449763932585,-0.454971315728,-0.0466636167569,0.180970392673,-0.501106534281,-1.39905500024,0.183073195417,2.16453858286,2.03881426935,1.78409477943,1.46390752994,0.158898826434,0.0534423048257,2.26128599933,1.97258475785,0.401525912444,-0.105616973735,-1.06547153515,-0.498459895905,-0.49907092302,-0.499996243548,-0.0157677491371,0.43000953843,-0.282113556468,-0.242556719258,0.439881302252,0.549850557593,-0.624951209895,-0.627723006027,-0.639820092558,-0.592161907567,0.356850730527,0.00189685779788,0.438081782161,0.995379105731,1.23507340118,-0.706931057258,-0.626793584803,0.680864901732,-0.0138882341154,-0.646171575796,-0.649488476918,-0.647198013759,0.0716058011992,-2.732030491,0.463854794472,0.513798184231,-1.88634868779,-1.84703869835,-0.450752005649,1.8916004724,-0.0527300597565,-0.532049750625,-0.133785998503,-0.471404520791,-0.157622081248,-1.76244784176,-2.10392028342,-0.41618491607,-0.41618491607,0.41618491607,-2.17957996648,-1.4857969078,-0.56802711225,-0.568266927689,-0.569827402763,0.023673966047,0.0520015091269,0.617987653365,-1.19477670201,-1.93456198798,-3.37324857734,-1.96060783761,-0.204892425593,-0.337428336488,0.80733090129,0.378885694656,-2.57706319263,-0.632263510946,2.30775348805,2.31762574611,2.80989292114,2.30224263699,0.451584066075,2.25352523446,2.20787890747,0.58433204211,-0.774808190957,-0.723845278152,-0.607733540206,0.025652842094,-0.316355100135,-3.46367124727,-3.14859454161,0.796320350305,0.110169805702,-0.431991937001,0.0179675606341,-0.414436381099,-0.737166946142,-0.796857218501,11773970000.0,01030332,-0.02514071
739,600590.XSHG,600590,2011-05-31,0.320368391784,0.102494299479,-0.383841777978,0.168097976991,-0.22239188758,0.75833337464,2.79035567973,4.49688458534,0.208715459337,-0.154353134179,-0.593207436847,0.316595279319,0.889758204902,-0.00616387932403,-0.160082446374,0.00391597884515,-1.07856644415,-0.948906143631,-1.08331663306,1.11311423572,0.848707639606,-0.184254733478,0.269247250584,0.798479213967,-0.520763635386,-0.170576599135,-1.10084599249,0.223914392308,0.252610194976,-0.37048447862,-0.283137471108,-0.371031718732,-0.361899245113,-0.339077227488,-0.186458525174,-0.281406765098,-0.798479213967,-0.0487539954223,0.112977517413,0.636166148411,0.217766647161,-0.163874665612,0.822361012205,-0.361352730405,-0.385248265111,1.19326850823,-0.989363112239,-0.0853828596751,-0.332244494623,-0.277708394679,0.15906328944,0.0573475312252,0.276593085577,2.30107583757,0.951878705761,3.16146379075,-0.373331544041,-0.306619291739,-0.384473292541,-0.372322856414,-0.322172470866,-0.339367146011,0.817431134845,3.63620868403,-0.279695470211,0.154108284355,0.224324343204,0.0710432839849,0.00616387932403,0.0855360003736,0.224324343204,0.203440575487,0.198112940678,0.226148061573,0.226148061573,0.219944069196,-0.295157009871,0.136110211501,-0.537900293383,-0.176385539507,0.331796920431,-0.324192450827,-1.10544770885,-0.0274083775448,0.410158364347,0.494371556715,0.673304096539,0.0903160681401,0.391531574507,0.0392665297967,0.557221235333,-0.707176875816,-1.8885840462,-1.46119461707,0.385248265111,0.0762737269187,-0.159632697659,-0.0542755389642,-0.957310781299,-0.133150254353,-0.121118312642,0.217926238373,0.0948144845629,-0.770007963352,0.0767619677354,-0.688458785793,0.50378221705,-0.861141565803,0.0332537779632,-0.374137123838,-0.274131414305,0.478693850738,1.30709762057,-0.401231856461,-0.197694371961,-1.97989494233,0.674149502991,-0.599884406023,-2.33426003796,0.181831288402,-0.64961396341,1.84555589564,-0.0550524176367,-0.0186536916959,-0.201583482044,0.0495419324246,-1.53717071779,-1.26429853066,0.272878622105,-0.141404187072,-0.41971636705,-0.257296133543,0.69855345098,-0.274471449911,-0.6955261377,-0.750136640922,0.620518371481,0.600852652814,0.740091173134,-0.360057807374,-0.346819094307,-0.41399288704,0.773932838006,0.485473281234,0.325916717533,0.0889749270285,-0.545048223564,-0.828481488868,-0.197606852124,0.0248208158463,0.509538687966,-0.769096157428,-0.719482411699,-0.640605732293,-0.402841724362,-0.636519723116,0.275244263197,-0.818981251909,-0.703809239089,-0.151470400305,0.14820134968,-0.688578179086,0.0244969938281,0.0237661234619,0.0219167120032,-0.486671913151,-0.686098235457,-0.353223026391,-0.596628232673,-0.645608173293,-0.377923582111,-0.584837252428,-0.556700539888,-0.408094581569,-0.676342702719,0.216017702842,-0.931826991219,-0.523492350343,-1.19549653992,-0.526286770045,-0.827167667414,-0.371916577086,0.315959766804,-0.48693333817,0.0173708876908,0.0134536390168,0.0173230919095,0.344622881442,0.596250237148,0.297203268074,-0.986642950916,0.620799958315,0.556564400393,-0.318113220422,-0.703544338275,-0.1115579972,-0.0632808234675,-1.31110278533,-0.471404520791,-1.31351734373,0.0363116582952,0.20906412868,-0.0653961183329,-0.0653961183329,0.0653961183329,0.426041955901,0.404653924457,-0.0884140170727,-0.089850551147,-0.0918669393478,0.235862846913,-0.0297151480725,-0.770180639352,0.40235557736,0.25286369346,0.693498744548,0.36460715501,0.163363073302,-0.392078240962,-0.211549866039,1.07002346627,0.0853378076926,0.628344760879,-0.371929056854,-0.366851051941,-0.473198703104,-0.372677653402,-0.694383441028,-0.353055580219,-0.344604353534,-0.642394363651,-0.342779266475,0.462509318052,-0.736515923073,0.592784794827,-0.357184615805,0.700230021315,0.514253805983,-0.976091666845,-0.583306140855,-0.134658873179,0.264211506373,0.332397780062,0.139314763135,0.303465535606,4512277805.92,01030332,0.04540868
749,600601.XSHG,600601,2011-05-31,0.312731366025,0.210261482291,-0.431004637574,-0.134848996677,-0.0656813395295,1.07852697799,-0.372092293866,-0.258190306284,0.218838661374,1.16888773052,-1.06291647995,-0.205786931557,-0.214649839315,-0.529575164727,1.71869369667,-0.359609712223,0.256743728685,0.170969095266,0.181789435,0.0134919487478,1.76018464526,-1.5837386629,-0.430331512514,-0.22893576132,-1.96809873905,-0.35239533252,-1.33950994763,0.224265554845,0.244938407599,-1.28789259632,-1.22999264096,-1.29964799201,-1.27008233886,-1.26683910569,-0.377277369156,-0.284515511318,0.22893576132,0.307258889343,0.400246983799,0.486544869935,-0.10746187027,1.67384831302,2.06968983307,-0.350808341481,-1.00949979706,-0.940487677962,-2.3165575311,-0.409248879132,-0.384007144308,1.68213933884,0.142368085039,1.08495250788,1.14916291604,0.26131427689,-0.0240064126143,-0.188465393683,-1.29067200141,-1.19304491933,-1.31551858557,-1.27521156095,-1.26652863113,-1.5442108667,0.31531102692,-0.232263973138,0.154884627114,0.623339833422,0.225009985818,1.34385767204,0.529575164727,0.592576992325,0.225009985818,-0.889380183041,0.196414618786,0.224450849443,0.224450849443,-0.825910284375,0.0471104393859,0.450824264635,-0.640374647519,0.27253928229,-0.0589745077731,-0.328294925354,1.1059300948,-0.208939482359,0.996025489371,0.83080686637,1.19965793978,0.237793786719,0.588211680434,0.26112372942,0.504615597324,0.104984871206,-0.90191616428,-0.951399068782,1.00949979706,0.601261821303,0.412256428586,-0.78733883105,1.03351754717,-0.160662677919,1.02307493855,0.219346425228,0.591148412401,-0.811025336703,-1.32828908969,-0.802768923812,-0.915212504883,-0.989227772887,-0.935017992141,-1.36252490067,-1.68572806383,4.39765771482e-16,-0.191774940469,0.0,2.19017606031e-17,0.0,0.0,8.22364355878e-17,-6.77730558946e-17,-2.59036067085e-16,1.27617294705e-16,1.21991625287,1.10901490129,0.085488275511,0.103528994097,-0.429519783832,-0.0341593492843,-1.18214601714,-0.556096785751,0.327483899915,-0.89193529112,4.51804257715,1.30255700233,-0.578136426615,-1.48286463191,-1.37846210254,1.33977677886,1.36875790039,0.826154969039,1.3631274357,-1.2475144038,-1.36576214696,0.93900608925,0.779381133251,0.794731383235,-0.227197233297,-0.450875264164,-0.541957398677,-0.25568811678,1.395116298,0.704738892055,-1.59022855667,-1.39911231169,-1.54937719637,-1.47659880169,0.308946589183,1.02540373216,-1.53917817217,-1.24788890632,-0.817158149607,1.04614539501,-0.225537770213,3.2820570599,3.28000546582,3.26689265731,-0.219491875981,-0.43927146916,-0.398400831074,-0.581237172668,-2.32737671775,-2.0767627734,0.852849608536,0.894349100672,1.14966903288,0.610264494053,-0.452881159637,0.282717450612,0.736050127265,-0.880732687593,-0.95387180933,1.08742489826,0.301755348921,-1.65526385116,-0.219204263784,3.87246486364,3.86285463585,3.87239586792,0.859548465026,1.16279536795,-0.89911103975,-0.439562018706,0.709294309465,0.648223165256,-0.341483047364,-1.98169109449,0.160195138169,0.357131065098,0.896366189969,-0.471404520791,0.853786273426,0.942649572644,1.19062587919,-0.105760856703,-0.105760856703,0.105760856703,1.40745439323,1.09875190768,3.25254243014,3.24937743042,3.24273575363,1.20035775994,0.746593095322,0.169101297344,0.985560376226,1.35206706049,1.18389689083,1.4556277517,-0.0686837701414,-1.02772813455,-1.72183337398,-0.115823447134,1.18473033023,1.15424101998,-1.29230956557,-1.29847702884,-1.24819718193,-1.28964474849,-1.19535284304,-1.2468663858,-1.24564017499,-1.31765660535,-0.233718949933,0.280459845519,-0.481334177532,-0.760475763031,-0.378031432007,1.49861032417,1.28241407253,-1.43018069603,-0.546033852821,-0.334642680519,1.18276622502,1.01116111924,-0.0358237962347,-1.72107814869,8582024607.64,01030332,-0.08439898
769,600764.XSHG,600764,2011-05-31,0.316749755304,0.143979597439,-0.392218193196,0.129534194475,-0.209882098287,-0.367657695149,-0.679623701346,-0.258190306284,0.240645481947,-0.327650104846,-0.456208965942,-0.29285063337,0.01384837673,0.0134798856245,0.422132134437,-0.778430048371,1.79235042744,2.02119775084,0.997986898267,1.29158368435,0.321125883023,0.852163349889,0.0883701700175,0.632217039543,2.37390657194,-0.638492457112,-0.628277762237,0.223323411453,0.237432996334,-0.410161319419,-0.585146016365,-0.397623860549,-0.44687570381,-0.505197881839,-0.672994818149,-0.206724772751,-0.632217039543,0.243914099198,-0.129328032496,0.231784314691,0.451264044291,-0.837038625387,-0.777810204632,0.282676149939,-1.01619255228,-0.263782144628,1.0545162928,-0.507525464347,-0.338974630419,-0.184282516701,0.675129637133,-0.596655573859,-0.278740327056,-0.588359430629,-0.299471089219,-0.787507295384,-0.408454907497,-0.629666089503,-0.343530848613,-0.443023214805,-0.548750637775,0.776520437105,-1.09349487849,0.0,-0.349554901306,0.183631554511,0.223527283665,-3.11384403742,-0.0134798856245,0.182862032648,0.223527283665,-1.15040424957,0.206099328521,0.224450849443,0.224450849443,-0.620428290962,0.0892754157994,0.750288830643,-0.0592040962577,0.219332150694,1.51749120642,-0.313495389077,-0.000422087708611,-0.80738226678,-2.93173321055,-0.250728112126,-1.48388378558,0.0619829103835,-0.118048699942,-0.00958803488715,0.163263457356,0.0119651397084,1.11483897523,0.493381676466,1.01619255228,0.93791700423,-0.171669741217,-0.74199470989,0.965962145048,-0.408510648152,0.352491714916,0.215653939405,0.0805504795025,2.16273423121,1.03597951656,2.31218233719,-0.0444657436969,1.74715937844,2.14193452174,0.586058999921,-2.90893197548e-15,4.39765771482e-16,0.0,0.0,2.19017606031e-17,0.0,0.0,8.22364355878e-17,-6.77730558946e-17,-2.59036067085e-16,1.27617294705e-16,-0.30735772019,1.80745529265,0.475247321097,0.107543631941,-1.13330484774,-3.0401820863,0.62107582047,-0.253976092553,1.28080676112,-0.71615081621,-0.0440901237709,-2.43558975398,1.08154265445,0.479529800745,0.239740917644,-1.23468928359,-1.83465236617,-0.589910567675,1.05052597271,-0.508490690291,-0.204238995221,-0.0981696096589,0.351166372328,-0.0133385789461,1.92492171478,-0.841624945396,-0.926995578925,-0.544243498659,-0.67023194564,-0.392148121555,0.412376889688,1.3662245607,1.56107734986,0.976591002335,0.540925943959,-2.73440995243,0.605910356478,0.908037507847,0.893675560752,-2.23946860631,1.79413202353,-0.332769461688,-0.333021301523,-0.323842223659,0.994552114106,0.770935577961,0.773431365221,-0.0237473472973,-0.202977851324,-0.603315459511,0.737540830359,0.751262432475,0.755662034643,0.62956749925,-0.767380394785,0.370708842118,-0.173557129494,-0.399830918279,-0.180452984909,1.44337239991,0.474622724684,-0.889299017303,0.995664994399,-0.299234635312,-0.28850826661,-0.29641299838,-1.64670527706,0.0263984796312,-0.766289617024,-1.07139715853,0.5352001073,0.54106282165,-0.391655233969,-0.812815619693,-0.142932370179,0.229878466801,0.602036993262,-0.471404520791,0.564812457805,1.22245660599,0.505809053255,-0.172074355453,-0.172074355453,0.172074355453,-1.89307497176,-1.24618624544,-0.423641728959,-0.419098906663,-0.408892790132,-2.13679463913,-0.479156762669,-0.889526803861,-1.02028685653,-1.4887312517,-0.656366619247,-1.38247566095,0.137232601638,2.69873137982,1.33767612157,0.40252988158,-0.0247499442264,0.0101557501758,-0.40187913319,-0.410750167641,0.142884783031,-0.408677893653,1.3783774598,-0.497663933098,-0.48368682425,1.25678069114,1.53100344282,0.981636242508,1.4689241315,1.15451919151,-0.10648274842,-0.326892222836,-0.760419904935,-0.170449840868,-0.530319265891,-0.278438069406,-1.62635878756,-0.603089802018,1.54200106295,-0.370585066664,2997218284.56,01030332,0.00219058
839,600345.XSHG,600345,2011-05-31,0.313588979786,0.193667363107,-0.219044913365,0.0169903142048,-0.164124617941,-0.0648367894701,-0.671650664856,-0.258190306284,0.198358194825,0.924494566758,-0.0936265467033,2.42789004828,1.57525285304,-0.441495057377,-0.529340009705,-0.0423693554266,-0.557795476741,-0.583729435295,-0.511978408776,-0.475890065643,0.619467333731,-1.37214748534,-0.480317702775,-0.700925450619,-0.734055124347,1.50055146507,-0.410692390034,0.232153864512,0.297624176331,0.189978318998,0.124311598174,0.169613838327,0.205284539229,0.138002374153,1.4981302566,-0.181271585426,0.700925450619,-0.576535342692,0.660038501227,0.741305425178,-0.199192990571,-2.08083312789,-0.670513101762,-0.134315551533,-0.303109905644,-0.240615648892,-1.25480199601,-0.159834818171,-0.349180560417,-0.00320153994313,0.176217093308,-0.764352776801,-0.421136990428,-0.588359430629,-0.294366515463,-0.773028941264,0.185704523759,0.109913899889,0.168362645169,0.204998219051,0.135782927389,0.10378015849,0.876485715102,-0.712984156562,-0.147915179738,0.334025010208,0.232432067118,0.691484969592,0.441495057377,0.31435040126,0.232432067118,-0.318607557567,0.210801775865,0.234642694002,0.234642694002,1.1747292644,-0.587326036177,-0.0155006315113,-0.560067180866,0.00477603489817,-0.102833013207,-0.304524740491,1.1059300948,0.0757490408452,0.790689423044,0.768081639146,0.267752774701,0.385271505298,0.409411584137,0.361131897125,0.360242346345,-0.132087778603,-0.0275397712017,0.499142078142,0.303109905644,0.372918269858,0.596133457973,-0.575732932304,0.353851458044,-0.0990254028064,-0.553682137811,0.233974349835,0.272596767774,-0.923823113417,-0.652783773622,-0.91707906183,-0.624963584487,-1.00087197353,-0.935017992141,0.0522361447331,-1.68572806383,4.39765771482e-16,0.0,0.0,2.19017606031e-17,0.0,0.0,8.22364355878e-17,-6.77730558946e-17,-2.59036067085e-16,1.27617294705e-16,1.17611372522,-0.463129949665,-0.215595431661,0.115572907629,2.84155310146,-0.0341593492843,0.469171172832,-0.730412218048,-1.02072481705,0.858758121076,-0.31666720578,0.309880933978,0.0817904375068,-0.353042395294,-0.310460221516,0.640403487275,0.737737127851,0.419722644053,0.453875120309,0.24249895042,0.105691619864,-0.0101213255084,-0.299336990373,-0.054012394508,-0.653325449677,-0.0307086938833,0.0305319085782,-0.526262925048,0.789977815892,0.640919730647,-0.459925640426,-0.28927643357,-0.418570758368,-0.500927798608,0.24450087817,0.82884752515,-0.492698677818,-0.430481473594,0.00085416511864,0.515398441687,-0.345186454677,-0.572838565638,-0.573644526143,-0.575814055674,-0.790785717819,-1.04697796803,-0.756628498653,-0.868244248444,0.517952918123,0.484190512742,-0.909311194075,-0.890838272227,-0.853492972073,-0.960030373577,0.138736149339,0.0459299704718,0.443689718393,-0.627392840783,-0.304131871849,-0.988986508336,-0.75951901824,0.680864901732,-0.791430646503,-0.596019191579,-0.601598027748,-0.597093314514,0.560397503221,0.355926428441,0.646187495426,0.601563205486,-0.184282797277,-0.0795557592207,-0.777715049542,-0.467212308162,0.350733784249,-0.22468820837,1.19069538667,-0.471404520791,1.14276008905,0.249497969413,0.306353103951,-0.14996985587,-0.14996985587,0.14996985587,0.467321562844,0.299843583115,-0.68601158709,-0.687212157225,-0.689111999846,0.602370913864,0.664876438123,-0.657844752345,0.264021285446,0.288003061836,0.0906647538464,0.316580500837,-0.137819981621,-0.855632010133,-0.709286108839,0.238839356723,0.223838495583,0.290391755028,0.185043642437,0.161467438009,-0.27282762537,0.187828526221,-0.728825087416,0.216530484811,0.219532271579,-0.662089512367,-0.308912442738,0.974172659833,-0.996743533338,-0.154875626149,0.20416721737,0.216739303021,0.292589435646,-0.272986073265,0.0146259148655,-0.533330146229,0.580116568341,1.0986807475,-0.824736225827,-0.293984472746,2698740000.0,01030332,0.00710198
8,600077.XSHG,600077,2011-05-31,-0.483422623828,-0.103453624052,-0.735773320696,0.555803583134,0.0175559018637,-2.57145194703,-0.894612499232,-0.620802605657,-0.641788735222,0.155144459308,0.864800598529,-1.00876394446,-1.2775915142,1.66290535646,-0.193880498002,1.70273821913,0.0752498616117,-0.00067989532437,0.0884683630163,-2.10429142163,-2.49424032493,-0.00702727908169,-0.958584089364,-1.59188803383,1.07258661714,-0.931938935047,2.13123362703,-1.08684821962,-1.53101851683,0.717644557823,0.406665984516,0.666691593956,0.713720843464,0.498871282449,-1.07918963239,7.39431326848,1.59188803383,0.0113703277757,-1.2946416281,-1.8064526095,-0.532087766128,-1.24309531911,-1.83525156622,7.17721855971,-1.03677576258,-1.64711497648,1.35189503972,0.718766753329,-0.235111853546,-0.212925040316,-0.892669853535,-1.84559286771,-1.64891394351,-0.983760412566,-0.0550351069907,-1.26511537242,0.742778248809,0.308330836257,0.671733694899,0.750461764197,0.449754003822,0.258043995096,-0.0253340110973,0.0,-0.231736849857,-0.106802022987,-0.916083881527,0.218897445776,-1.66290535646,-0.101679272458,-0.916083881527,-0.80396799551,-0.138373024277,-0.677245654372,-0.677245654372,-0.195476526929,-0.187324702132,0.982631706901,1.77994943103,0.374669123161,1.89337312779,0.00980896170143,-0.919383790111,2.46421882091,-0.672525907919,-0.227123613095,-1.58306367333,-0.384629782354,-1.67175166638,-0.652462755604,-0.692136081427,0.117603063958,-0.0973953906988,0.47373557887,1.03677576258,0.040238073371,-0.163248752133,-1.85790370802,-0.351103623578,-0.426491871593,1.28685131135,-0.747625994647,-0.0526999569439,0.402705274369,0.6687633603,0.483979661548,0.602908614454,0.294276218808,0.812987061192,0.114961835768,0.0,-3.11717997879e-17,-2.74181828269e-17,5.33158058594e-16,2.29886829141e-17,0.0782489354103,1.59350272635e-16,0.0,0.0,-5.97388516103e-17,-8.16866495076e-17,-2.08548601144,-0.459272052343,1.46975454678,1.4129176867,0.039075960082,-0.171064589521,1.27130795828,-0.61194818845,-1.33028265758,1.98863106019,-0.134222332631,-1.04706060072,1.2619706973,0.894168298124,1.04000060616,-1.87380104521,-0.839115560915,-3.39868985215,0.465839599967,0.745597580193,0.607419018386,-2.86800608344,-2.29456151263,-1.62987043249,1.19362915406,-0.292400363599,0.864078825717,-1.05557813224,-1.70940000144,-0.0102454980664,0.202563921722,1.18324002895,-0.701610289478,0.51108628956,-1.73397961786,-0.717135571745,0.948334628664,1.14355992896,0.564576727364,-1.21185967323,1.64955725821,-1.09931861874,-1.09686527367,-1.09626893889,-0.655755614203,-0.509516889806,-0.551770202704,-0.165098755952,0.758957060932,0.824777483116,-0.720937193051,-0.740246214376,-0.797811206438,-0.600663969124,0.610636366335,0.823655569741,-0.621813595891,1.95529054536,1.50762694187,-0.669343300942,-0.488731160306,0.511179708216,-0.655775092033,-0.854395714385,-0.854229474732,-0.85209618507,1.00297138464,-1.20934107208,0.409052620138,0.545201932393,-0.0897525319329,-0.316471029921,-0.155318492078,2.10504113652,-0.432575502861,0.275306918855,0.665241012947,0.548217401036,1.62200659646,2.05595072381,1.10999684344,1.14717195133,1.14717195133,-1.14717195133,-0.772131438911,1.03476302256,-0.911509458819,-0.907700589839,-0.907382933935,0.0371171731686,1.6095588698,0.097225169352,1.3385159804,0.425966227023,-1.21607554591,-0.22274715719,-3.50692352562,-0.571198422374,0.51382017693,-0.786704009267,-1.14868364932,-0.275611765144,0.709802889816,0.633382109556,0.729928436976,0.715469013426,2.07387222111,0.709742423981,0.63608879071,2.11150933065,0.980764817866,0.607253872296,0.923722756696,0.3335200581,1.09362877606,-1.32144973923,-0.875739297859,0.914463975712,-0.585314653207,1.34441970237,-0.43381278284,-0.0606903608525,1.25473940076,0.362121189686,1424109832.15,01030319,0.02458101
20,600153.XSHG,600153,2011-05-31,-0.329275713258,0.76824772181,-1.1159022278,-0.382064633775,-0.100298465269,1.12906501305,1.38042914508,-0.380197421206,-1.71194234105,-0.865704466009,-0.992312383649,0.0162133304926,1.23002588159,3.25605857473,-0.11047366335,0.0390887941784,-0.118281634326,-0.333828604265,-0.154936656923,0.0644790007821,-0.433704711135,0.471594148696,3.61099018387,1.77163801539,1.9844184639,1.63100077894,1.20900131463,-1.10764520442,0.290541227707,0.303937727043,0.0775051364661,0.304058755977,0.294173066244,0.214745909049,2.234849007,0.0331705951346,-1.77163801539,5.19201499434,2.10989366384,2.88245381224,-0.515916322931,0.296339851407,-1.74880947344,1.90286588247,-1.21321958106,0.490349202564,0.705794553205,-0.566695276076,0.0526292604833,-0.217471777949,0.182055102266,0.529448930024,0.912058634753,0.467216162263,-0.0374116027871,0.0714353938739,0.326570903862,-0.00478434462691,0.302721240049,0.271085692336,0.26425502329,-0.386369972914,0.473447864077,0.621216487003,-0.144103074925,-0.140184395854,-1.04951315666,-2.10689689372,-3.25605857473,-0.13694216864,-1.04951315666,0.655144484647,-0.229944728223,-0.904506640354,-0.904506640354,-0.106844823189,-0.481661032017,-1.18712827954,0.265874761187,-0.326162175883,-0.542119122101,-1.27125447167,-0.162538150025,-0.672631868166,-0.550452303592,0.0386186173483,-0.53543105703,0.0232938868554,0.102641291338,2.14283261154,1.19544967778,1.18968191876,1.9711280723,0.883439810813,1.21321958106,0.274393657485,0.776602799376,-1.05285480183,0.904036759133,-0.0900858930192,3.25165213932,-0.879930302883,-0.16101881904,-0.0380232670172,0.123567698152,-0.176880459265,-0.268214098445,-0.0996150550693,0.242239932493,-0.218694241157,1.58554604709,-0.205320863408,-0.00872416702995,2.08033940803,1.25624807959,1.48944360871,5.65722381163,1.393455766,1.36449905144,-0.237821461681,-0.0409254188267,1.51611460856,-4.25152250706,-3.75259915334,0.0218638142732,0.386438429356,-0.171064589521,1.35286798448,-0.725469331588,0.0675620493714,-0.98256528776,1.00189430499,-0.643371839669,0.473095295596,0.797975363134,0.613395799513,-0.331509816288,-0.0464916086774,0.750018479812,0.0968092028968,0.296425491618,0.306517907959,0.198027585804,-0.0324948717707,0.441021384563,1.31338163219,0.199463333973,0.371839024059,-0.256426674755,-0.656323098295,0.246823269035,0.589463462467,0.942525253135,0.355374974562,1.16433228815,-0.652055607294,-0.40644918883,0.413140084308,0.793832370609,0.726896089437,-1.18974645443,3.21046916707,1.68981351688,1.69999380998,1.69808056999,1.23217249146,1.6055964054,0.280997325476,1.18139792941,-0.85142643258,-0.72959867424,1.2682286371,1.2374124053,1.17045274127,1.13792761481,-0.0633647871963,1.18632310967,-0.255238954708,-0.169075086312,-0.670048609464,1.43004236094,0.0307184015855,-2.02645516219,1.23506040822,0.93587334541,0.936308674685,0.940302520893,0.239452810347,-0.563030293185,-1.03715580598,-0.379860104232,0.349225055833,0.272792539047,0.366674502517,0.202216521683,-0.755861472601,-1.14975010509,0.363999799537,0.382270512074,0.968536312992,0.308252981785,-0.0284216537459,1.43734082159,1.43734082159,-1.43734082159,-0.357637267791,0.313322968075,1.44120035989,1.44447192649,1.45119578959,-0.701063616577,-0.0148757751368,0.473056891185,0.505626538326,-0.410366318336,-0.331829438392,-0.817486830633,0.893253707111,0.857396744897,1.83103530544,1.59360588304,-0.90530237503,0.249216051037,0.305492105102,0.297441690739,1.04989563403,0.298906493449,-0.0854741262495,0.276377954351,0.290386687646,0.332013809231,0.320839389561,-0.0394308995903,0.53725412611,0.264631500471,-0.445223792015,-0.132321259816,-0.116139991306,-0.0251164908263,1.67180494494,-0.548444924474,-0.598360303294,0.0269622734569,0.591489040254,1.30326970332,18282423554.0,01030319,0.08935129
25,600190.XSHG,600190,2011-05-31,3.5772663957,0.051780234736,0.627260331926,0.0387226431978,0.304691844985,-0.322455127531,-0.45573424368,-0.620802605657,0.444363126536,-0.825685441852,-0.330889520607,-0.0930055594619,-1.11405124926,-0.518107377008,-0.453875240394,-0.51173904424,0.0502780556843,0.161135191876,-0.00889364495932,-0.993587171433,-0.62818222974,-0.666816150325,-0.480343032611,-0.156558124317,-0.0879266423657,-0.51939095555,-1.67253162152,0.496624530178,0.205920387544,-0.912921877609,-0.917245269437,-0.916446905551,-0.908990107926,-0.918083528032,-0.554375930273,-0.199343465214,0.156558124317,-0.594122989969,-0.713456965391,-0.696518239137,0.00264795561133,0.25052908285,1.02324806584,-0.215673677811,0.922548108666,-0.731058899745,-0.69877172183,-0.500247979992,-0.297122786037,-0.184838758874,0.142974375021,-0.341697493359,-0.337314603674,0.165912892658,-0.098707824705,-0.213792950233,-0.914428168012,-0.911518122124,-0.911902862018,-0.912980217002,-0.906905314314,0.312113524196,0.442572128716,-0.399372290337,-0.192676067959,-0.148364864272,0.528306249873,-0.132580263942,0.518107377008,-0.146456730799,0.528306249873,-0.457248198245,-0.253403532188,0.67806623055,0.67806623055,-0.153812492627,-0.280752278868,-0.470532416699,-0.406584137967,0.232542702934,0.230084030346,1.4159792021,-0.162538150025,-0.552560053,0.311038561229,0.853463578099,0.594125436853,-0.579260029754,-0.637152637741,-0.687532881982,-0.0670465070063,0.124858087397,-0.123932828779,-0.773369617536,-0.922548108666,0.431339233894,0.486240367025,0.772454104301,-0.254794635274,-0.145875639643,-0.84391361926,0.449036852971,-0.188296505371,-0.404412054435,-0.882947370429,-0.511108566343,-0.992621407067,-0.291510803881,-0.766759455743,0.272381625727,1.13206902673,3.25916386994,0.361717386857,-1.15062170398,0.695685372779,1.48944360871,-0.721678453635,0.354199760472,-0.483735449674,-0.256842580479,-0.179691250154,-0.257493879906,-0.378887691083,-0.134486102633,-0.48397395752,-0.232945439684,-0.800140821954,0.181410848381,1.51753856123,0.310888842663,1.31814329864,-0.341675179961,0.532591072945,0.986872350292,-0.761889270664,-0.770865584204,0.625032163884,0.389082865119,0.854684097611,0.373072290206,-0.894357797097,-0.922187892929,0.616118764945,0.609203988014,2.36850722168,0.686303759936,0.357413331329,-0.012961640174,0.571878843138,0.582443804093,1.02807739201,-0.896275762314,-0.338844710887,-0.639925029589,-0.8295109204,0.3048121821,0.371231633002,-0.888248146592,-0.199081467565,1.45907526489,0.268288627078,0.0270882599877,-0.0401498660861,-0.0406468733882,-0.0459698524524,-0.676436432341,-0.791668401509,-0.381382598367,-0.647128096828,0.466044706518,0.392716554762,-0.764120778919,-0.745818142241,-0.693636708815,-0.796412700237,0.0135767825238,-1.07279176687,0.0522596079372,-0.631427329061,-0.636415678468,-0.795500644271,-0.228585745729,0.314569199229,-0.677421869995,0.0273913185546,0.0181089875265,0.0262314415422,0.092047911868,0.64734674688,0.567030971974,-1.08104311799,0.330129823311,0.293850481324,-0.472696027607,-0.966913247929,-0.0654844012682,0.557398262457,0.263586061734,0.216323623112,0.64180117126,0.581491861807,0.64593629939,-0.40039535668,-0.40039535668,0.40039535668,0.561522890953,0.357394201529,-0.24025322198,-0.239770726919,-0.241516567831,0.289652706503,0.276689417545,1.00946859181,0.300559062058,0.459088308027,0.660872386949,0.536762082774,-0.172835814828,-0.140138650089,-0.711049587384,0.344376402827,0.541520900518,0.570369264455,-0.91388203016,-0.917326894403,-0.856728121391,-0.914001596313,-0.693290135135,-0.906201016175,-0.899759614905,-0.6824956301,0.829805366547,0.244455560922,1.04747020798,1.14716964965,0.567405765022,0.801630718227,0.522925095614,-0.269976854833,-0.522279620499,-0.0411682105136,0.18586617717,0.706977065438,0.591489040254,-0.497868327757,7168604028.3,01030319,-0.03460387
58,600575.XSHG,600575,2011-05-31,0.0371982308999,0.0956986684173,-1.00005341802,0.503267023866,0.0217339835414,0.117902112491,-0.804564611707,-0.620802605657,-1.16973118077,-0.53694211907,3.64833300277,-1.00876394446,-1.05953782761,2.84239963146,-0.0767525407463,-0.255847686896,-0.0121514591343,-0.143457913442,-0.031361800646,0.645130047084,-0.60410406077,1.49271973914,1.85728434416,1.58016122566,1.18863794309,-0.472643309148,1.22034314168,-1.17293806368,-0.224107336553,3.59774453536,3.71656626834,3.62478519871,3.56402230013,3.68958239548,1.18446918169,-0.158955020955,-1.58016122566,3.01961101886,-1.32957622531,-1.40778230504,-0.378998103856,0.737351918645,-1.38309292708,0.10838591076,-1.42006756034,1.16909365072,2.33509143225,-0.29797459338,-0.249409202353,-0.211568570861,0.946767819169,-0.116885513131,-0.09606018353,-0.911558707407,-0.0426990878042,-1.19868398459,3.63812110584,3.77015568659,3.59725086292,3.56444638552,3.70315982656,0.092160192644,-0.044589915933,-0.770987687921,0.583054869538,7.47701259321,-1.19679574452,0.453031503311,-2.84239963146,7.47866308286,-1.19679574452,-0.620976991398,3.26392534974,-1.04757651046,-1.04757651046,7.47945213037,5.91633151675,-0.749629459869,0.802744883937,0.454054141084,2.07615342756,-1.02829890994,0.59521606826,-0.304669853948,-0.989917279169,-0.617661918608,-1.29757137268,-0.677908237341,-0.606559655712,-0.248124827958,-0.319545743964,-0.316197303035,1.11704157829,3.15649238401,1.42006756034,0.0846157880798,-0.762967746367,-1.88978683302,0.603136244323,6.24917295092,2.81672931429,-0.956096962208,7.42624503173,-0.32476231804,-0.62083407132,-0.564281219742,-0.616663183605,-0.227545554277,-0.511961630431,0.0724515248836,0.561903774622,-1.43711769158,-0.749607274804,-0.724180938899,-0.0285404411069,-1.33294573788,2.13614669327,0.114503152937,1.36449905144,5.45761806314,5.16639851881,1.50149534967,-0.508133134677,-0.194036092994,-2.60828863221,1.50395917989,-2.05829328682,0.126733735844,-0.967184418678,-1.34616194928,1.22185813754,-0.081048550252,-2.12888265601,-0.438046038112,3.37209830347,3.00075497182,-1.44985812852,-0.875477002686,-1.57624226966,-1.1577524649,3.63291505255,3.55092589083,-0.96685162547,-1.340401555,-1.08556066149,-0.663831520796,-0.574245804692,-0.0671206856271,-1.07149822629,-1.54598916469,-0.476576705942,4.00070272724,2.21502627067,2.32263461426,3.39691198615,-0.347036021179,-0.991157102019,3.0401939126,1.83297273199,-0.164666257447,-1.14098680698,-0.0762397114437,-0.653285968959,-0.653699881377,-0.657173825709,-0.642878979445,-0.513045479221,-0.569748497688,-0.426351170445,0.658493733988,0.699487572826,-0.882721664408,-0.885276336295,-0.881998274622,-0.828174526759,0.478609560869,0.704536349109,-0.550871809271,1.50363949126,0.893064271872,-0.904125262976,-0.533934572626,0.563686174918,-0.643605995285,-0.489784393956,-0.494664675849,-0.490012401551,0.113227106455,-3.70934260069,0.539713524839,0.645181627163,-5.92417051352,-6.54531616648,-0.469937918757,1.40970328281,-0.204507902557,-0.211396598294,-0.941378791906,0.382270512074,-1.15524210827,-2.82540172085,-2.95468772906,-0.0686595959226,-0.0686595959226,0.0686595959226,-2.91453481643,-0.830114239622,-0.363405503723,-0.362306900822,-0.363872124112,-0.778766857603,-0.348093138201,-1.15003118392,-0.324108019498,-2.06233010843,-2.76212287033,-2.73195227021,-1.4388748824,0.436336624782,1.27370889308,0.0560926766244,-3.44495529398,-2.17552446849,3.60436382323,3.63792982022,3.69383510438,3.5967121132,1.4380646855,3.52878703542,3.48732938798,1.60589621202,-0.173255019183,0.0718647595673,-0.340053086419,-0.105555659708,-1.33280812639,-3.96684927217,-2.72849382624,0.749325590684,-0.186533000396,0.251921265744,-0.549346148265,-1.04324811642,-0.0717613202559,0.771465696137,9128141082.4,01030319,0.05275229
61,600650.XSHG,600650,2011-05-31,-0.285232077218,0.3184449464,-0.107655555145,-0.175005822607,-0.21401696558,-0.926886157681,-0.850710647526,-0.620802605657,-0.47964424949,0.676604471052,0.253598857559,1.44446035297,1.74790338724,0.107504584126,-0.10357739512,-0.0743483139271,0.156408230876,-0.0197169644067,0.0959577482452,1.04134379688,0.158062595479,0.98639915678,-0.805304685885,-1.10001648826,-0.0713478815156,0.135076094077,1.04596255071,-0.320261686806,-0.032171885458,1.09841658139,1.15965310681,1.10058928199,1.08899826582,1.12048925071,0.288711887967,-0.130090417585,1.10001648826,-0.209115205362,0.217073669439,0.703358170831,-0.526697285063,0.190884647219,-0.648335138486,-0.150575115209,-0.383833948455,0.61868556114,0.593429251202,-0.223221385285,-0.271290957752,-0.20754038995,0.190084709708,-0.561670805138,-0.50402831164,-0.983760412566,-0.0474552217838,-1.14200399313,1.10839099147,1.14474266688,1.07719492765,1.13244005089,1.11747261905,0.0212710006314,0.682890760143,-0.786984377221,-0.189539062159,-0.146594955167,0.046356791592,0.297292521278,-0.107504584126,-0.145380045096,0.046356791592,2.90882316687,-0.248331708936,-0.0912094556542,-0.0912094556542,-0.147082148624,-0.250112368757,0.0670005683578,0.232891730896,0.129437081768,-0.2141879038,-0.320656008075,2.10890734843,-0.0033691021385,-0.0290236222532,-0.486993087064,-1.46886675307,1.5083493362,1.47098194212,0.215007135086,0.593454545768,0.875916588108,-0.544341716262,-0.725389615992,0.383833948455,0.105902659363,-0.799965007372,-0.223893551882,-0.504417121176,-0.238969717271,0.375195964154,-0.340557515366,-0.181692353015,-0.133602950691,-0.52647328364,-0.397167166203,-0.570814619768,-0.0827820946472,-0.542537369468,0.0079121767635,-0.0774359382187,-3.11717997879e-17,-2.74181828269e-17,5.33158058594e-16,2.29886829141e-17,1.04449387901e-17,1.59350272635e-16,0.0,0.0,-5.97388516103e-17,-8.16866495076e-17,-1.04313285262,0.0198817873222,-0.374490609239,-0.132131152543,0.156816565951,-0.171064589521,-0.467879862994,0.0402191950877,-2.6888961733,1.35556587138,-0.216279212445,-0.388074599482,-0.506007686486,0.881855602445,1.01626265984,-1.07767774806,-0.568774135927,-2.1146314246,-0.759124302584,1.14434674721,1.01651959486,-1.42333190032,-2.0889431639,-0.766609149066,-0.580811925469,0.0195690921717,0.950793618779,-0.717307187016,-1.50295400694,-0.427834694216,0.565019809312,0.00704420206136,0.768832932735,-0.0267266811673,1.00248568856,0.0451074173954,1.24998090735,0.82443751701,0.0137014703821,-0.280893161794,-0.265307914489,-1.06181956691,-1.06112717055,-1.06306593661,-0.626681415589,-0.298294419365,-0.469917635864,0.047348959002,0.802663871924,0.770685339202,-0.724419099042,-0.734316467728,-0.779482664012,-0.704457385795,0.323034410231,1.39086822216,-0.382732201125,-0.571215673599,-0.924198395191,-0.545782044405,-0.46076180249,0.50451645102,-0.626985550926,-0.950495094665,-0.952896289155,-0.949794691104,0.260632004934,-1.48341173726,0.605748035105,1.13247109452,-0.509954027553,-0.474125272951,-0.431575132027,1.35348007177,-0.0943952030517,0.281383716506,-0.941378791906,0.382270512074,-1.15524210827,-0.884374582586,-0.813361527159,0.158359575294,0.158359575294,-0.158359575294,-0.226986862127,0.107455973447,-1.00734562102,-1.00499207605,-1.00476128134,-0.0794376883702,0.0267763952463,0.0167187272472,0.221686955801,0.270706472315,-1.91993102074,0.00949946990658,-0.815790114746,-0.646055631609,0.95148705613,0.416841164604,-1.29951868276,-0.411319815383,1.09821963167,1.10418179259,1.1787611413,1.09160343555,1.08617120667,1.10031519288,1.03482728624,1.1725135389,-1.39453512849,-0.93048132475,-1.2472388561,-0.305947597002,-0.222897260151,-1.10815449248,-1.30278435855,-0.51483721884,-0.501889222574,-0.123083427537,0.0108156234949,-0.545607353887,-0.661390890749,-0.150840457648,5659519697.82,01030319,-0.01072125
70,600662.XSHG,600662,2011-05-31,-0.378746439,-0.791258380833,0.753969967628,-0.477099125367,-0.0840891493871,-0.466563854451,-0.817188147342,-0.620802605657,-0.491751037758,-0.744313426065,0.149416742621,-0.23583026171,0.153385804048,0.229930373072,-0.374921114363,-0.482579662219,-0.274355421372,-0.486125156924,-0.24480927967,0.39662935334,-0.348505036317,0.846905216151,-0.336148578578,0.00308875751035,-0.00503283811521,-0.654959130115,0.750366183094,-0.497277883026,-0.110926962836,-0.17756263264,-0.0985725562565,-0.162206108173,-0.185706872592,-0.127244955047,-0.722918251813,-0.168041210888,-0.00308875751035,-0.312959544213,-1.17395847409,-0.207241047303,-0.290594214375,-0.0916639487164,-0.493921485578,-0.18098210314,-0.301593185607,0.397969151347,0.368698647197,0.563397340425,0.291184755383,-0.21794005442,0.196680222651,-0.359005038194,-0.586592179322,-0.956684773131,-0.0600406506409,-1.11092141717,-0.173006567676,-0.109648817963,-0.170578709491,-0.187087913438,-0.112123185354,-0.0663802093735,1.04559454171,-0.761389674341,-0.0430510106679,-0.156533895474,-0.757135346118,0.257237450944,-0.229930373072,-0.155217037198,-0.757135346118,-0.197208350296,-0.26280132233,-0.550683846198,-0.550683846198,-0.174644509778,-0.288562452033,-0.601041706472,0.092622435782,0.313497919783,1.45906679894,0.153215692106,0.59521606826,-0.763450193559,-0.529525399993,-0.388624416126,-0.336827717446,-0.733897760566,-0.261693312833,-0.721571534054,0.11309014375,-0.342879239369,0.0345934460689,0.328296199187,0.301593185607,-0.00810838005163,-1.09065777241,0.34203191683,-0.540858359994,0.139076089269,-0.258067985072,-0.689795753308,-0.20713256273,-0.154842880397,0.155021294045,-0.27562967272,0.749624018732,-0.170313488842,0.333967149606,-0.00516004301458,-0.0774359382187,-3.11717997879e-17,-2.74181828269e-17,5.33158058594e-16,2.29886829141e-17,-0.791987779788,1.59350272635e-16,0.0,-0.175696366155,-5.97388516103e-17,-8.16866495076e-17,-0.57677849405,-0.45611972445,0.0964956781604,0.41959915903,-0.875720565454,-0.800140821954,-1.06386038965,-1.0057970524,-0.675728913247,0.543963825144,5.82538601827,0.0826296871143,-0.746962621632,-0.280924595714,-0.29678488493,-0.302562811929,-0.242653843175,-0.13899463442,-0.628776642902,-0.157034966143,-0.180981434171,-0.292633105578,-0.310433968442,-0.57306353683,-0.659603244844,-0.519999814536,-0.292994496194,-0.740100455621,0.116491034203,-0.467579730948,0.13673101537,-0.432354255358,0.110301104193,-0.192005789244,0.457828532003,-0.558897786658,-0.0283438253815,-0.27878236965,-0.34237837652,-0.419211345381,-0.337857341238,0.341216718396,0.341628361912,0.333516616485,-0.571658441147,-0.554867001086,-0.542393920637,-0.551031563141,0.130093272087,0.235873051766,-0.610208602434,-0.603372520505,-0.540583582274,-0.616626923118,0.404904426924,0.520384038478,0.191618562436,-0.265989722537,-0.554980163321,-0.603052092494,-0.464804025144,-0.0565298048563,-0.571733703642,-0.0317867598911,-0.0372086170109,-0.0310539176869,-0.170298599295,0.0991779833753,0.301019524629,0.669748219425,0.246993755253,0.23325563571,-0.792887391356,0.092214063595,0.335062857584,0.184810608569,-0.840965054103,0.382270512074,-0.991874537402,-0.458190669093,-0.30775286277,-0.233328431383,-0.233328431383,0.233328431383,-0.226822315016,0.0301803860211,0.464225289983,0.465052173129,0.462674255455,-0.370824842217,-0.556353990117,-0.552272596874,0.0387036692847,-0.0791455082927,-0.0418763968764,-0.16782396835,0.0623970032171,0.233399758545,0.202908113062,-0.0337006151435,0.305297898997,-0.0351407009977,-0.174501515054,-0.154002754793,-0.270975815579,-0.176262108755,0.28641330024,-0.192857540632,-0.192665188636,0.30246499061,-0.679017026175,-0.715374771872,-0.348299158196,-0.756173899556,-0.933567355228,-0.029712185995,-0.0690615287897,0.157105175411,-0.488639990389,0.135171008198,-0.30427537312,-0.414128402423,-0.0717613202559,0.00494532098173,7036459435.88,01030319,0.0
80,600794.XSHG,600794,2011-05-31,0.0706714873393,0.091869398006,-0.415378956136,0.14659684895,0.112663001481,-1.60622370318,-0.394159442086,-0.620802605657,0.168068922848,-0.0726001690769,2.1865777901,-1.00876394446,-1.2775915142,1.85813943399,-0.308537744986,-0.161044135106,-0.105795731362,-0.0197169644067,-0.0950215750916,-1.41632398378,-2.62852242111,1.19850979996,0.41246678563,0.889850098004,0.492329987388,1.98160812695,-1.26280811916,-0.48663756522,0.403048481104,2.02724336219,1.7447770524,2.04766997389,1.97959198816,1.92754607333,2.0821075281,-0.179771856099,-0.889850098004,0.461097137244,-0.462563039959,-0.45187964322,-0.440449588008,0.374221276453,-0.749184246724,-0.138102290961,-0.452617131928,-1.56303253465,1.57662564373,-0.224687134463,-0.229726712757,-0.213310313225,0.14656291563,-1.23005841026,-0.852009358484,-0.143721342928,-0.0253076430333,-0.547778276239,2.02259975232,1.77851506499,2.11532524915,2.01790178034,1.88645944988,0.210780784491,-0.316486151679,-0.683128948228,-0.140338667965,-0.130099631049,-0.24820838412,0.315936939376,-1.85813943399,-0.128196256435,-0.24820838412,-0.409092670847,-0.223783306115,-0.216670726366,-0.216670726366,-0.0427773242878,-0.178854846165,-0.138577389412,3.02394354463,0.00601500918888,-0.000786379376526,-0.104290372612,-0.919383790111,-0.0628953670426,-1.00038073097,-1.48976625498,-1.54830808891,1.72964126133,1.08161671628,1.84679948595,0.688141759627,-1.02350435603,1.58005003743,2.71455158852,0.452617131928,-0.533425067987,0.775501690417,-0.837643708092,-0.7524778397,0.331791311381,0.651292927525,-0.435624790153,-0.15641359522,-0.197322739807,-0.211937324709,-0.169284365923,-0.369080938886,-0.15348052842,-0.318315283194,0.12862975837,0.867249626547,0.517045766678,-1.4287501236,-0.666553808482,1.68495265561,-0.768467868567,-0.739763229313,-5.4421778453,-1.6645519365,-0.103113198846,-1.25670834399,-1.41241533217,0.473817003847,1.68810451144,-1.06425962718,0.819891796181,1.08708787534,1.34557770281,-0.355560300546,-1.3193072648,1.19768939265,-0.0553714766318,-2.92349531609,-0.483895762613,2.46865425804,2.40323695171,-1.15390163245,-1.24632672317,-1.7341197469,-0.312825250411,1.99600303404,2.20430674175,-1.13879944113,-1.051894185,-0.693221813666,-0.0375885108408,-0.0620161485843,-0.439150672794,0.275452488443,-1.2272152703,-1.54812362528,2.31026665241,1.08568161761,1.2673165194,1.50931963279,-0.0408224082153,-1.07992463999,3.05864471114,0.601753196584,-1.12008958006,-0.686117896285,1.54842775426,-0.867920541657,-0.86796755873,-0.868655234425,-0.588713018963,-0.635844975929,-0.474127724355,-0.478363313656,0.698439204229,0.654156623613,-0.869525151367,-0.863596422891,-0.853309006696,-0.847677822389,0.228804006269,-1.53813799696,-0.141378649492,-0.218311035689,0.00280159280707,-0.915153764723,-0.492434087055,0.485415113726,-0.588987347843,-0.658031176627,-0.660992543268,-0.658183529197,-1.04638258396,-2.20907283887,0.555778289806,-0.160572258884,-3.16190417548,-2.87603139606,-0.216568010324,1.5925069737,-0.71451434414,0.0648898043933,-0.539723840693,0.382270512074,-0.501771824803,-0.10418306353,-1.2486579879,-0.761707558758,-0.761707558758,0.761707558758,-2.03552415263,-2.67929489811,-0.799094551132,-0.797442503136,-0.797734828649,-1.03130239094,-0.473049649351,-0.286384885222,-2.57354048995,-2.10994309987,-3.08749002379,-1.72607329745,-0.226899425879,0.861088205277,1.32380265217,1.39669076951,-1.83110565372,-2.38808873624,2.03781329357,2.03608785495,2.1987023438,2.03887839886,1.51004289707,1.91890775141,1.90023775792,1.2578767927,0.225380221765,-0.058843536716,0.408156209356,-0.785144997579,0.851071175473,-2.70442859717,-2.21163240798,0.413354393558,-0.561830282654,2.42964472253,-1.11826044771,-0.870770352131,-0.735011680766,-0.0288466613958,2759516219.4,01030319,-0.00232558
88,600896.XSHG,600896,2011-05-31,0.134981802445,0.0859780013517,-0.373745790119,0.376351894612,0.0361887072739,-0.570217058553,0.127753625638,-0.620802605657,-1.05558146281,-0.085939843796,0.381822999021,-0.723114539968,-0.718828942313,-0.924755151745,-0.0039344643996,-0.270285137018,-0.0745809739529,-0.200569120689,-0.121234423393,0.89771121199,0.447000623121,0.522999786925,-0.363403426917,-0.110802631706,-0.0879266423657,-0.823250657162,0.401605001154,-0.840186306852,-0.326902425342,-0.439051958409,-0.346962419698,-0.427230194676,-0.448618571876,-0.387440760112,-0.998304366472,-0.188369635823,0.110802631706,-0.44411200519,-1.09773753472,-0.035087961288,-0.15691028394,0.77129367528,0.244899820199,-0.203144278914,-1.23265830682,0.63638712784,0.312515996195,-0.581841350919,-0.259710420351,-0.210110953061,0.0780898599118,-1.0324174144,-0.653856076045,0.989984277501,6.43872954145,0.842405170146,-0.428713553172,-0.326225933635,-0.436811894943,-0.444823087826,-0.37488849922,0.0171852411711,1.38071097396,0.439100331895,-0.236634626655,-0.138317270417,-0.928478950802,-2.16089378411,0.924755151745,-0.131745864647,-0.928478950802,-0.490957067424,-0.318046578666,-1.12901628268,-1.12901628268,-0.112241504555,-0.28215410482,-0.538369699246,-0.717692366026,0.797412522905,3.58456525546,-0.479679590387,-0.162538150025,-0.301611997874,-0.423146973366,-0.0788365121292,-0.339310259191,-1.21647412741,-0.3034110156,-1.18160907418,-0.081672987196,-0.257223776966,-0.376038490542,-1.02638915693,1.23265830682,-0.702998449394,-1.16707473413,-0.909380739337,-0.249328449451,-0.302144101578,-0.499238555107,-0.824074752711,-0.195800175568,-0.223872651939,-0.316782644352,-0.38957107286,-0.240704960143,-0.210712593855,-0.308123370181,-0.00587674797444,-1.94724257381,-3.11717997879e-17,0.176496609914,5.33158058594e-16,2.29886829141e-17,0.0782489354103,1.59350272635e-16,0.0,0.0,-5.97388516103e-17,-8.16866495076e-17,0.201258464044,-0.839127563393,-0.443063325412,0.254386015823,-1.22977284188,-1.42921705439,-1.09302151633,-1.08456682519,-0.878423401325,0.514337621727,0.008286870116,0.205491483955,-1.02823930031,-0.497935857052,-0.428360930222,-0.530137254228,-0.289995377025,-0.539841681311,-0.697561642,-0.413714612078,-0.453887078939,-0.423662656922,-0.661462601119,-0.84103635762,-0.678030528555,-0.68166788927,-0.238447677146,-1.02540965751,-0.246954854373,-0.0589731146325,-0.0351243620306,-0.713846904692,-0.538227709232,-0.177576660762,-0.702060004448,-0.441184312386,-0.644139226497,-0.627075311761,-0.267465710341,-0.585723882938,-0.715993747328,0.0885093200506,0.0900904955925,0.0831807322207,-0.670346276883,-0.659267015034,-0.582384628837,-0.547904411209,0.505794279077,0.47478886901,-0.686666155331,-0.680415315082,-0.662100301962,-0.700134361741,0.169072341993,0.292627583473,-0.585206624147,-0.551796060843,-0.820256605015,-0.658150019031,-0.486765837772,0.450855019738,-0.670766763055,-0.212925180123,-0.219591397723,-0.211793626001,0.0862394173092,-0.0645017747795,0.429892734448,1.02330458292,0.23624936258,0.21775932249,-0.378474571747,0.540157749497,-0.097360413491,0.80904165151,-0.941378791906,0.382270512074,-1.15524210827,-0.190107239638,-0.059103342609,0.00168437262347,0.00168437262347,-0.00168437262347,-0.013075618595,0.345621748757,0.402731928867,0.403881245718,0.401117382457,-0.331973221704,-0.306440967818,-0.673318536192,0.398360473817,0.204462310307,0.0156715350274,0.0408841492439,-0.597225259815,0.178682035689,0.324274781782,0.683070398091,-0.242309968165,0.167746209932,-0.436607553792,-0.420207852756,-0.298799050105,-0.439093610372,0.470357618718,-0.456185812714,-0.466916443068,0.551988347856,-1.0541124917,-1.20221152961,-0.450204000464,-0.157326231744,0.281265277013,0.16084752253,-0.0570414958069,-0.178866021714,-0.481035527543,-0.0319853455142,-0.257011723628,-0.585192414543,0.591489040254,-0.11907912119,3412323587.51,01030319,-0.00853542
102,600033.XSHG,600033,2011-05-31,3.19021522105,0.0523124850013,-0.648886713358,0.522645803053,0.0201018739348,0.484553743223,-0.102836291948,-0.620802605657,1.44965893807,-0.94343838869,-0.700602461823,1.44446035297,1.80241680889,-1.34380730157,-0.115496535879,-0.940026357726,-0.118281634326,0.0373942428403,-0.121234423393,-0.843425832684,0.998946342591,-1.67571418604,0.185886593455,0.497447014633,-1.14896733677,-0.409533986505,-1.58675905442,1.38654201937,0.0169658978636,-1.29092215998,-1.2679043304,-1.28633937461,-1.29383769014,-1.27595603659,-0.406901398925,-0.210682502239,-0.497447014633,-0.593082097421,0.572771386507,1.97638493847,0.447901691657,0.22374116577,1.5810581517,-0.21748029493,1.90445297419,-0.618211412032,-1.26059823184,-0.578909852563,-0.305349579443,-0.121851282164,0.147848313694,-0.090924195878,-0.378923061286,0.35127688571,-0.0673906451949,-0.0833680236543,-1.28872529886,-1.2556763246,-1.28358613249,-1.29158614295,-1.27383819943,-0.510524477092,-1.49932381055,0.234096605943,-0.1927367842,-0.155304394803,1.16920424356,-0.158914812946,1.34380730157,-0.15389277136,1.16920424356,-1.6707304775e-16,-0.264792434527,1.57060211254,1.57060211254,-0.161307883414,-0.259088766875,-0.520463411467,-0.794482126125,-0.0747577983657,-0.238010319381,0.261054526315,-1.6762294302,-1.16229655412,0.412185261957,-0.147841400697,0.450138015655,-0.376631279036,0.517037138829,-0.544157953556,0.450269002859,-0.620802444946,-1.09254931871,-0.69427758374,-1.90445297419,-0.363490892151,-0.973995278259,0.613038479312,-0.695213035844,-0.00918837827369,-0.898980049627,2.22146322534,-0.205233580621,-0.186702774955,-0.169999196851,-0.0933234324958,-0.130668406935,-0.163580304673,-0.104285109931,-0.231286441473,-0.0774359382187,-3.11717997879e-17,-0.718737145313,5.33158058594e-16,2.29886829141e-17,0.0782489354103,1.59350272635e-16,0.0,0.0,-5.97388516103e-17,-8.16866495076e-17,0.598025150303,0.05455739414,0.0333365974747,-0.244312916449,-0.787415111052,-3.31644575169,-0.984578576467,-0.121953866538,0.676346070592,-0.703065447629,0.0235227040132,0.621945107011,0.211329137982,-1.24054531517,-1.15135095229,0.489720247186,0.227155401926,0.496500303664,0.351180656482,-1.27809767197,-1.28211731375,0.462293026655,0.372010659043,1.30496605768,-0.193837909426,-0.168884315512,-0.44340756515,0.203475652274,0.477527135814,-0.231801405472,-1.28609954377,-0.956200507577,-1.16341615405,-1.15351044179,-0.752616186737,0.483155920015,-1.14303910794,-1.05985121008,-1.07938095925,0.678378269705,-0.401612898079,1.31615469764,1.31728578883,1.31851955139,-0.33395892374,-0.446699592266,-0.296774630526,-0.507019012642,-0.424697618669,-0.447559692403,0.0534231819071,0.0795994724661,0.17600860715,-0.0301207869501,-0.297315896891,-0.67933554495,-0.77228087285,-0.319052694488,-0.509934132855,-0.243961593312,0.00509987819605,-0.474982356745,-0.333844120463,1.89517897925,1.88089683249,1.89202390334,-0.176520346431,0.668820027814,0.205610493664,-0.649285035894,0.392362196713,0.324730978145,-0.903587851101,-0.752939986727,1.23499447194,0.885721242926,-0.338896365086,0.382270512074,-0.175036683071,0.598676697028,0.69451564009,-0.931172573892,-0.931172573892,0.931172573892,0.694312409053,0.473005724905,0.392307678233,0.392543566916,0.391137740207,0.347930137272,-0.0565279455199,0.521765732479,0.385740936816,0.765467557317,0.602217764047,0.776854879705,-0.244260512211,-0.644560356519,-0.885337458465,-1.0812890191,0.452553796049,0.20836860308,-1.28993314193,-1.2841353095,-1.0090237209,-1.2898102481,-0.425371236481,-1.29468387815,-1.29908433844,-0.544601143201,-0.322508546211,-0.167616591156,-0.335414991355,-0.770240791082,-0.509791032634,0.958685423055,0.497883360233,-0.805252999407,-0.320974365247,-0.456335971269,0.322405609036,0.270127646057,-1.39826204128,-0.759821070139,9385848000.0,01030319,-0.05263158
103,600035.XSHG,600035,2011-05-31,-1.30616349084,0.026721415877,-0.650696851011,-0.308118566991,-0.12082796636,-0.376345786868,0.00221957683082,-0.620802605657,1.68703846519,-0.205875646497,-0.18556882695,0.352271453429,1.16188410453,-0.426422865462,-0.391863127652,-0.200587101944,0.0128203467931,-0.0482725680302,-0.0276171080316,0.40193396585,1.21009336279,-0.618904099161,-0.31448446836,0.0592884386521,-0.916864684871,0.462309618891,-1.20609898388,1.4499002754,0.0871627311801,-0.772541337962,-0.701682932821,-0.760824508345,-0.777684837722,-0.730288437396,0.663417584963,-0.202639134105,-0.0592884386521,-0.541098699023,1.07773510984,1.05219468723,-0.220517960518,0.222300418658,1.10932074796,-0.213802942756,1.5186690321,0.0760219069889,-0.895411000335,-0.58965867987,-0.30967963019,4.72990958973,0.134492069547,-0.754100927287,-0.374818191029,1.16285182158,0.291334199659,0.599229722927,-0.772229352556,-0.699074042369,-0.759195051173,-0.776716808959,-0.724455140746,-0.0709903970095,-0.779206259748,0.25083160398,-0.165353759378,-0.142774925175,1.70510870928,-0.11863844388,0.426422865462,-0.140566626661,1.70510870928,-1.6707304775e-16,-0.241203916413,1.85123916545,1.85123916545,-0.142626268033,-0.243020778643,0.217654431883,-0.683539206058,-0.0898213550969,-0.494012397263,0.254381245985,-0.919383790111,-0.102239781859,-0.00984062728757,-0.44294741351,-0.041405249815,0.671172655599,1.06214845499,0.154150151078,0.328638272861,-0.790939480018,-1.23780687452,0.0362929085347,-1.5186690321,0.0106529302318,2.51795156176,0.79636644805,-0.622590852771,-0.0423477836111,-0.731741261103,2.63614837055,-0.173619757004,-0.346002247745,-0.704710327035,-0.549089033056,-0.790887726185,-0.251111698868,-0.776951368755,-0.0748160528889,1.53034622489,1.6518082714,1.41130178954,1.52711895603,-0.316773038582,0.0782489354103,-0.590492064993,-0.535245865344,-1.33084292935,-0.247049529217,-0.276371155968,0.0898597113069,0.555777529052,0.276950194405,0.0952918779206,2.86554254995,0.458011642912,-1.058848321,-0.777982513448,-0.0181394219705,0.527201631106,-0.489874352903,0.393773198593,-0.911176173924,-0.971205097203,-0.936352981376,0.0590972525692,-0.142977723077,0.101748007193,-0.354431449313,-0.75747581938,-0.757080550935,-0.147775319893,-0.0515539822304,-0.408621919304,-0.574828216633,-0.704234342582,-0.906228276723,-0.326561003289,0.0985540350104,-0.520841822911,-0.694653114045,-0.92101392641,-0.931679637171,-0.601268342579,-1.10877087725,0.0161614810989,-0.804612619021,-1.02749264384,-1.61115458684,0.344026401465,-0.65003972301,-0.11255437125,-0.111538374039,-0.114326256755,-0.716228661801,-0.685119138458,-0.5758048075,-0.631466981883,0.483218048835,0.498335938702,-0.68943978216,-0.687584328287,-0.673738404389,-0.673032093499,0.303670522485,0.295259560855,-1.0573103287,-0.387497377321,-0.321353868393,-0.808611293846,-0.46460076205,0.333404006235,-0.716511702994,-0.162314693615,-0.165500824112,-0.162058219204,-0.409709592417,0.419240287639,0.305329583523,-0.543339933595,0.337097721529,0.297214369867,-0.529794452735,0.451609201917,0.848414914892,-0.483621141498,-0.539723840693,0.382270512074,-0.501771824803,0.0109553324537,0.165895709054,-0.880812687319,-0.880812687319,0.880812687319,0.364559999793,0.0923630852781,-0.52833636805,-0.527508108298,-0.528081187818,-0.0794376883702,-0.514701819734,-0.980583626501,0.0134645952824,0.390774015956,0.300091121552,0.447315746663,-0.128277893632,-0.346626794666,-0.420409758291,0.2624597156,0.168779411105,-0.169948531998,-0.77022060001,-0.754548405913,-0.690520904617,-0.770662651455,0.0184944015861,-0.780977904744,-0.782651949866,-0.0882360556053,-0.849728243081,-0.67688169248,-0.651451201539,-1.12337940154,-1.24499667915,0.558719441427,0.189369180341,-0.583170343679,-0.318386291757,-0.431463333767,0.0143166345684,-0.370302085268,-0.735011680766,-0.700992930916,4602363325.3,01030319,-0.048583
111,600270.XSHG,600270,2011-05-31,-0.160950443607,0.145303293831,-0.245226016765,0.568194021115,0.0166759301996,-0.439093128382,-0.847765155878,-0.620802605657,-1.35263016067,1.46825353074,-0.328752451582,-0.00899102872769,0.984715484173,0.531949940516,-0.301125614173,1.41014871271,-0.343027887673,-0.333828604265,-0.181149505224,-0.21299303821,-0.339244202098,0.0306535528237,-0.970542057012,-1.64759037266,1.53679192094,0.170136828879,0.176186188437,-0.705247731044,-0.249878228785,0.425079121884,0.545152341869,0.459490944508,0.409617302279,0.547617832781,0.338747889674,0.266793478661,1.64759037266,-0.326797292196,0.255184139125,1.17451398519,-0.602164019985,-1.09993744699,-1.57333941332,0.0750144112297,-1.19826671508,0.882549539763,0.452972623699,-0.502202312229,-0.309693568772,5.6940375472,0.182395451882,-0.28884434569,-0.847624610708,-0.983760412566,-0.052562698082,-1.08959023759,0.431330356914,0.578667586994,0.429255057801,0.419202447562,0.622280609627,-0.5273497639,1.13725342858,-0.75695982192,-0.197634560998,-0.133745243504,-0.278831496447,-2.98196740129,-0.531949940516,-0.131593286192,-0.278831496447,0.924815438075,-0.221947850897,-0.392756720347,-0.392756720347,-0.121814927822,-0.181646718021,-0.883410090679,-0.677176625935,-6.53738352464,-0.33106029582,-0.590889463114,-0.162538150025,2.20582998268,-0.253987835941,-1.204937566,-1.44404133563,0.503204085925,1.01486839186,-0.330642772375,0.331717531848,-0.00707942108099,0.836303417547,0.08614712889,1.19826671508,-0.174434611603,-0.863223717036,-1.34777370806,-0.486196501767,-0.296426962726,0.245432940742,-0.619835266224,-0.15338444967,0.307125590695,1.18250542655,0.590324968345,1.06139425282,0.216844600866,1.70987540629,-0.448304437379,-0.146610398952,0.356220360229,-0.0704644260111,0.167118678207,-0.099439034049,-0.721428046124,-0.171528095136,0.165010652382,-0.381055755168,-0.253156734262,-0.182487168283,0.00389846903718,-1.17485048395,-2.0003858006,0.00860596944796,-1.01496082741,0.458011642912,0.430647353028,-0.218871577176,0.441192442142,-0.391990311752,-0.00473940682741,0.0363570623303,-1.34756149506,0.513244275563,0.262074194042,-0.713629636376,-0.489856168855,-0.896794804501,-1.48092619591,0.434414145253,0.422998530175,-0.684618590528,-1.22752296534,-0.484145042078,-0.166373162025,-0.312735970483,0.285081145042,-0.758396142387,-0.956114236885,-1.28211546382,1.49492835666,-0.530298273071,0.0786248896555,0.200204157701,-0.115602862498,-0.0957628059142,0.873317566198,-0.389088418136,-1.32939735823,0.257010885491,-0.00149181721672,-0.438543048383,-0.437106542794,-0.436475612234,-0.196568873175,-0.0427897756429,-0.221343511788,0.18349416682,-0.0525888868028,0.0401826679743,-0.363302921543,-0.354257394683,-0.292678527557,-0.353524555515,0.266930118283,-1.85370548362,-0.768746406613,-0.0232926036315,0.112734516194,-0.43825851189,-0.302818354214,0.373028175692,-0.196654175415,-0.456747907702,-0.459901316901,-0.455509953005,-0.20078745611,-0.616360293999,0.249298817905,0.461476523058,0.16997454441,0.160236828412,-0.444251288863,0.962144852316,1.13808866367,2.09030245314,-0.941378791906,0.382270512074,-1.15524210827,-1.74791255247,-1.28573169528,0.21431500482,0.21431500482,-0.21431500482,-0.128587690102,-0.151839845299,-0.676461742346,-0.674079873382,-0.6733080033,-0.40967646273,-0.931223523564,0.914829882683,-0.106421006228,-0.093636418732,-1.34113162871,-0.0987776738073,0.198447189268,-0.657597286217,1.14775429755,1.30689747774,-0.466602515063,-1.39987306692,0.431090651514,0.480861583243,0.830238519347,0.429703280632,0.81025472895,0.404033580396,0.379182988433,0.758830078205,-1.44068087552,-1.48321723782,-0.773158915992,-1.06250864533,-1.28449030799,-0.575963406977,-0.746523943294,-0.338309979672,-0.318934792929,-0.450027096595,0.0143166345684,-1.35992860166,-0.0717613202559,0.0239745438516,7587936813.6,01030319,0.0013096
119,600279.XSHG,600279,2011-05-31,-0.127254450846,0.130799703125,0.806463959562,0.248867682199,0.0635427453651,-0.636116778468,0.511649370428,-0.620802605657,-0.510343605455,-0.744798505146,0.623311798775,-0.664304368454,-0.40537676784,-0.551545257689,-0.190378062563,-0.550641927082,-0.430429208419,-0.981088953065,-0.398341676862,-0.141992839997,-1.11900644336,1.20175384509,0.289703494394,0.830169020685,-0.303450533417,-0.429401736226,0.166970953955,-0.681065190577,0.111587382772,0.937231678377,1.2707170278,1.00938422256,0.877015878784,1.16173868564,-0.433612347205,-0.207782841626,-0.830169020685,-0.167969335251,-0.983406125666,-0.818837537095,0.0770365943211,-0.36092149662,0.677110284079,-0.204011756863,-0.462087280377,-0.359879173002,1.49235166722,0.0420792159949,-0.139321374013,-0.216143289865,0.113889352512,-1.054656679,-1.44068507044,1.51969486439,-0.127997195154,0.912493331626,0.968250697655,1.33302206218,1.03355065825,0.858711205235,1.18723649603,0.134553110485,0.553798862183,0.399969968838,-0.0962384380399,-0.128961628103,-0.849004683097,1.31443681423,0.551545257689,-0.122899193085,-0.849004683097,-0.712472493454,-0.213613716782,-0.786198863148,-0.786198863148,-0.110814795688,-0.251396394209,-0.49067699045,-0.279990733461,0.0929207130202,0.6498124631,-0.453708834461,-0.162538150025,-0.780472259037,-1.23755230509,-1.16236008156,-0.982288571093,-1.01384537669,-1.07379792671,-0.558598593829,-0.268737970674,-0.760062331192,-1.10023120868,0.649912147043,0.462087280377,-0.561206238983,1.13341715737,-0.335484489375,-0.621549674519,-0.0958506746942,-0.376358835491,-0.773579078566,-0.12955107097,0.195615959742,1.1091137028,0.0206179676444,1.64825586993,-0.00198388462118,0.59895688793,0.103743209151,-1.94724257381,-3.11717997879e-17,-1.55223064156,5.33158058594e-16,2.29886829141e-17,0.0782489354103,1.59350272635e-16,0.0,-0.175696366155,-5.97388516103e-17,-8.16866495076e-17,-0.1101317503,-0.347364412158,0.132586581409,-0.408506225438,-0.059610229555,1.08708787534,-1.02740898129,-0.338184615372,-1.1845668044,2.91756846469,-0.497846087795,-1.48744834004,-0.450402701453,0.777967232656,0.707669357737,-1.41726451157,-1.3960027152,-0.508488878667,-1.81887289205,0.862766893104,1.17022243805,-0.2184534022,-0.416849613065,-0.451314316338,-1.18688914886,-0.824168895725,-0.558214400881,-0.932119769542,-1.53330368237,-1.2273994607,0.846571703788,0.233009534266,0.847189884486,2.39343168711,-0.897590946721,-1.34236779575,2.04676407568,0.833204616239,-0.471612911029,-1.43564544748,-1.32277077105,-0.994235318693,-0.994280483504,-0.994552640412,-0.704201006498,-0.569315686384,-0.544168287434,-0.293058432295,0.789489567044,0.756740616035,-0.829535334511,-0.833356181498,-0.854976946478,-0.808085886126,0.313617013526,1.34585480745,-0.301944401415,0.316000960839,-0.294545360791,-0.710105799784,-0.499071357021,0.639647306949,-0.704694267243,-0.788625048634,-0.789219081066,-0.788460174301,-1.27557705503,-1.81748551165,0.403212000557,0.8533373171,-1.41242982201,-0.717558673817,-0.0777571280586,2.39217680746,0.488571021709,0.727292731528,0.0627585861271,0.382270512074,0.478433600394,-2.33305619176,-2.33146592403,-0.187764724484,-0.187764724484,0.187764724484,-1.59486699096,-1.68437171,-0.699414528988,-0.698345768661,-0.697729126653,-1.75005737043,-1.55600607931,-1.84583586463,-1.64284963611,-2.04990932805,-1.15631423201,-2.00853541149,0.232740285654,2.09669943113,2.78399038384,0.97450476611,-1.6199366069,-1.35362430353,0.955432212027,1.04031264582,2.11157168831,0.938165610483,1.39407800064,0.809955173895,0.822888620366,1.56649778719,-0.253360868356,-1.04240503981,0.635720115573,-0.937189143064,1.03949990601,-1.56495931967,-1.57857733755,-0.047894199106,-0.577001931567,1.23726322599,-1.29681201246,-1.16483080272,-0.0717613202559,0.661356736454,3331978631.88,01030319,0.04517454
152,600611.XSHG,600611,2011-05-31,-0.391053929289,-0.498123150381,0.388322161745,-0.713907208004,-0.063556080843,-0.0451208848378,-0.820554423511,-0.620802605657,-0.180001239857,-0.466484382599,1.10789220005,-0.0593997471682,-0.555288677371,0.362063933828,-0.397646218726,-0.359968016843,-0.0371232650618,-0.0863467061949,-0.0613193415616,1.17028668559,1.47310105462,-0.118822065132,-0.510936793995,-0.278406990509,-0.452659381068,-0.460956397547,1.01264593374,-0.171780888337,0.141877797149,-0.0431494887546,0.05701465228,-0.0331495225082,-0.045567608674,0.000175406271371,-0.478757611903,-0.112393247653,0.278406990509,-0.376086615766,-0.0338202559931,-0.00337555070619,-0.266876097685,0.179639335346,-1.05505626732,-0.165054453669,-0.285643461903,1.18292299971,-0.221219188318,-0.0131306697226,0.17516212131,-0.217769854009,-1.00749984867,0.0739627366401,0.0695340143649,-0.930303380861,-0.070478987551,-1.09446593578,-0.041261182444,0.0316889431358,-0.0378548837688,-0.051625858444,0.00137014836743,-0.162325258008,-0.239573011709,-0.749576734551,-0.198707214594,-0.152024773246,0.00625509687872,0.602740094921,-0.362063933828,-0.150204978887,0.00625509687872,0.390289083958,-0.252080447861,-0.0680981689442,-0.0680981689442,-0.156820987412,-0.28197740407,-0.420257070243,-0.28796224189,0.0604863684828,-0.160545100798,-0.199814596726,-0.162538150025,-0.615246102514,-0.149353317947,-0.105263916262,0.14726792279,0.0232938868554,-0.211632069512,-0.263596942536,0.260124760394,-0.0437971524368,-1.13026041493,-1.48519792171,0.285643461903,0.00451942494681,-0.153173605162,0.812308010549,-0.552311320765,-0.292234394235,-0.338373196024,-0.29824270463,-0.192225168763,-0.32476231804,-0.578895943462,-0.488320286315,-0.46077806656,-0.241011922615,-0.562921195493,-0.0417279522931,0.0,-3.11717997879e-17,-2.74181828269e-17,5.33158058594e-16,2.29886829141e-17,1.04449387901e-17,1.59350272635e-16,0.0,0.0,-5.97388516103e-17,-8.16866495076e-17,-0.0972668024776,0.175922018002,0.0134866006878,0.314556234646,-0.618509014624,-0.171064589521,-1.14359784543,-0.313086403454,-0.416522828262,0.120620971055,2.28392835086,0.111350626635,-0.0338530767278,-0.32324948711,-0.478549731004,-0.151567234006,-0.144480261993,0.0668790023829,-0.429574870834,-0.0168329606701,-0.0551021295227,-0.0251433213425,-0.200229052843,-0.259839110229,-0.405690829785,-0.782716126914,-0.806553228393,-0.511852058994,-0.841376550037,-0.0331050121305,-0.227449424436,-0.174769200899,-0.374845128986,0.0283663548585,-0.639979653929,0.00265337749384,-0.135892558949,-0.0875002046461,0.166078993967,-0.123225911757,-0.608268840942,0.386950225656,0.388748115944,0.381257970952,-0.487795607845,-0.433920634715,-0.416718893167,-0.322935410886,0.233257619965,0.294994906323,-0.580030491129,-0.574664236165,-0.532547233029,-0.576035604176,0.319551115003,-0.00840805860747,-0.561222746108,-0.233243536226,0.347026699259,-0.679085037189,-0.381955512489,0.1487873602,-0.486850624436,-0.561444581104,-0.55998634201,-0.560861097576,-0.181020207828,-0.176950166412,0.201863681103,-1.27226186927,0.259918940498,0.222042673901,-0.650677627477,-0.237371937568,0.134589271533,0.349763681656,-0.941378791906,0.382270512074,-1.15524210827,-0.421243273367,-0.26876154984,-0.915984671592,-0.915984671592,0.915984671592,0.10161371736,-0.047095201405,0.480150195371,0.480878382832,0.478184855813,-0.0211602576008,-0.348093138201,-0.809753564702,-0.0969563534774,-0.00876108615851,0.192742094731,0.00949946990658,0.281985040042,-0.332561863343,0.273914282761,0.060818639349,-0.549945262353,0.0592697916645,-0.0414576939834,-0.026985969305,-0.137717166007,-0.0450092431112,0.0624810864397,-0.0372793876879,-0.0383492872685,0.138304887158,-0.0533849656848,-0.11342211409,0.0290726561041,0.185736007814,-0.783663744925,0.239823602672,-0.0734020962557,-0.679975603868,-0.411732670767,-0.191649874057,-0.00668943187258,-0.28971821179,-0.661390890749,-0.338325672545,11205942373.0,01030319,-0.02362407
183,600897.XSHG,600897,2011-05-31,-0.151753120028,0.140869401776,0.0715480724904,0.749563819404,0.00695997279303,-1.24587682925,-0.898960605951,-0.620802605657,0.812755398119,3.14298905683,-0.994449452674,-0.479472400839,-0.0919245933664,0.359906651204,-0.247014344166,1.36875661433,-0.0371232650618,-0.162494982524,-0.065064034176,-0.0391649667237,0.618326056178,-0.634874782882,-1.00136876582,-1.84205121626,-0.568710707019,1.77942455626,-1.62149339977,0.882094225226,0.160244365866,2.26443919155,2.35836170031,2.24475786214,2.3036054773,2.27311719254,2.41091553932,-0.159280627762,1.84205121626,-0.42635560291,0.623585346088,0.757722303257,-0.562274460098,0.187267186939,0.182469419861,-0.193605793119,1.21612271059,-0.106525499606,-0.867319674834,-0.359536058871,-0.308663022755,0.168934886381,0.10691383757,-0.833473700107,-0.454396698524,-0.983760412566,-0.0551370396387,-1.28035192927,2.23539942729,2.29779935139,2.223289043,2.28304947043,2.2880052611,0.120164376034,-0.401587762825,-0.81774724126,-0.170089626198,-0.148164713,1.30409176215,-0.231058199295,-0.359906651204,-0.145909751431,1.30409176215,-0.683579177015,-0.251451334235,1.39451611856,1.39451611856,-0.148901719353,-0.241241991089,2.71024412588,0.0958402923957,-0.0131034568571,-0.386544027575,0.31086334033,0.59521606826,2.14548828948,0.192452774168,0.198651231261,0.164645715003,2.95074610118,2.20521351083,0.709083327287,0.663507687729,-0.432470118996,-1.02411066261,-0.549587891581,-1.21612271059,-0.0719689939009,0.207880022322,0.892015823043,0.196816431504,-0.212432664436,-0.0288794623849,1.62905587503,-0.184721498566,-0.388482107156,-0.704710327035,-0.640242153169,-0.671681460209,-0.284777619712,-0.644456499593,0.0958169043913,0.00641189297352,0.604196964587,1.16434075361,0.366892730317,0.312700450157,1.48944360871,-0.596807383483,0.225790863578,0.337702106376,-0.268196062987,-0.213536574868,-1.23464514407,0.710241595786,0.565677420397,0.093252209486,0.0243583843484,0.458011642912,-0.990501930325,-0.747864659146,-0.519738224265,2.31802766397,-0.143493806908,-0.0290628554678,0.307581041899,0.575577297437,0.346852573741,0.343823472706,0.294353565453,0.425648830025,-0.238027395325,2.37161575763,2.09003251754,0.0894436631879,0.0475171736997,0.164488290618,-0.079448019516,-0.383811951711,-0.552303007853,-0.257979349728,0.395276105298,0.107751628371,0.601160425327,0.797730061594,1.63242657118,-0.109366235206,1.84150664617,0.240010055125,0.564995011727,0.244374351636,-0.106715126362,0.330647904092,-0.533520946715,-1.17485868597,-1.17601144486,-1.1761732818,-0.81337119424,-0.786569427417,-0.616952520165,-0.646460407632,0.713029634302,0.712919633988,-0.970674123635,-0.967010263026,-0.950570887579,-0.944632229065,0.376866805308,0.623464557243,0.557435817997,-0.00546893540466,0.0146034370263,-0.951249745986,-0.544181856937,0.51802065227,-0.813933617717,-1.16686466217,-1.16766889394,-1.16768773817,0.125682079966,-0.232584549977,0.640106061399,-0.253912816479,-1.86619424721,-1.07653043316,-0.151654943454,-0.462758390219,0.499037044082,0.405814144203,0.363999799537,0.216323623112,0.805168742126,-1.58207889258,-1.18857301388,-0.648997336428,-0.648997336428,0.648997336428,-0.407659589355,-0.759781380753,-1.17096880516,-1.17019448303,-1.1697608236,0.19252365522,-0.0565279455199,-0.989562922646,-0.828889499542,-0.874075452396,-0.0894641097969,-0.674686539648,1.29942391321,-0.719183929021,-0.690563960664,0.629509487212,0.405513717824,0.17956158744,2.25670436853,2.2452624476,0.345528486288,2.26261746097,-0.409376078353,2.33760861182,2.37625489814,-0.390290645956,-0.438003250365,0.359965942365,-1.03571609635,-0.343982119037,-0.358273241315,-0.303735251942,-0.172567368364,-0.54330935419,-0.380303021106,-0.281153984843,0.152606571972,0.118856164265,-0.0717613202559,0.537425435179,4225923900.0,01030319,0.03664553
187,601006.XSHG,601006,2011-05-31,-0.138714031063,0.135227182527,-0.232555053194,0.147310898558,0.112132640181,1.66459405814,-0.557984882318,1.93819206927,0.2917311173,-0.38984188785,-1.08741195523,2.477839081,1.40719450194,-0.792621590988,0.427109450619,-0.612374472434,0.0939787160573,0.132579588252,0.0285532811852,-2.00064745413,-0.668003816883,-1.93798275778,-0.601786288458,-0.41467878372,-0.71791955467,1.63100077894,-1.34078318016,0.490337069657,0.170148850567,0.358818202821,0.251536834493,0.338613331849,0.379267179936,0.282587153295,2.21791953274,-0.191383698827,0.41467878372,-0.203604597758,1.14760430427,0.318278899481,-0.236689403716,0.190560323194,0.65679269817,-0.196913524254,0.476952702689,-1.503842921,-1.54151148685,-0.36930772006,-0.259951315407,-0.210069647228,0.146070565215,2.32180338497,2.70905888256,-0.983760412566,-0.0835263664938,-0.379566688689,0.344196995441,0.220601869496,0.35308968054,0.359802152803,0.253285296275,-1.40151107599,-0.255053121503,-0.532760068808,-0.139852938035,-0.13859176359,0.617988221687,-0.17490364627,0.792621590988,-0.136369279723,0.617988221687,-1.6707304775e-16,-0.232532525509,0.740796865906,0.740796865906,-0.147805841528,-0.197443765102,0.355567282949,-0.230625887683,-0.0636061815024,-0.503409773642,-0.360317308184,0.59521606826,-0.746428128082,0.46799033822,0.053300508533,0.626398479536,2.03625055518,1.89094014998,1.23719817156,0.775130826018,-0.0763966476763,0.612131901132,-0.133511315683,-0.476952702689,-0.543888106414,1.43759850715,0.557243010566,-0.352925685519,-0.0685036938556,0.0103808629697,0.461449197454,-0.163594361577,-0.388482107156,-0.924885498287,-0.564281219742,-1.12099738581,-0.271311251375,-0.980789629005,-0.694259229829,1.93630947425,0.715606743357,1.8434836024,1.5501698082,0.388237268805,1.48944360871,-0.381225375013,0.00235938298357,1.36449905144,-0.229804073559,-0.243114445597,-0.578240419939,0.882043465929,0.385222904152,0.390023966728,0.792394381958,1.08708787534,0.806552501719,1.11056140182,-0.353472699482,-1.32599535632,-0.548940287158,-0.0450189329795,0.607067540238,-0.384812965504,-0.481940866192,0.488268056332,0.263308799847,0.755585799908,0.699166057596,0.404430144576,0.308896233086,0.615548365133,0.351425931369,2.76752896688,0.467152936864,-0.148548708627,-0.442959471218,0.249258861647,-0.175752469747,0.0988698146576,-0.553839676542,-0.117699458294,0.240340300715,-0.643243989074,1.47222670597,0.525609959917,-0.464001167113,-0.535578676168,-0.325074988289,0.333301490347,0.392033861214,1.39208710594,1.37628653114,1.40922056598,4.85244451365,4.6650706517,4.99078416712,4.12437329004,-2.05035863232,-2.3617168691,3.2759250062,3.2819000865,3.21156765884,2.99490913619,-2.07394696093,-0.145865014786,1.90154283567,-0.244971669638,0.359533492093,2.7807297961,2.92837516028,-2.49563731219,4.84714821909,0.27276016236,0.34968396981,0.274521230591,-0.0824135511867,-0.0899460009906,-4.53513593278,-0.751067292102,0.388000611568,0.319146923164,0.159440233027,-0.958618217435,-0.725721669122,0.158152656768,-0.13806888948,0.0503767341493,-0.175036683071,0.457761048212,0.322500162625,-0.384408091101,-0.384408091101,0.384408091101,0.365053641125,-0.323596912664,1.2508945013,1.24889096965,1.25843621911,0.347930137272,0.276689417545,-1.26498851807,-0.425064315507,-0.0563740776022,0.730593919833,0.158576696759,-0.00813653574213,-0.68399823704,-0.163379160535,-0.162876929617,-0.178737688535,-0.0758756215504,0.354242468735,0.327462699312,-0.129663071802,0.359499774685,-0.509345816656,0.396324907326,0.421874180811,-0.541317941132,0.54919236942,2.87727111365,-1.98792470044,0.384951619683,-0.185017812322,0.636798066113,0.307232281534,-0.959002530295,0.512720789401,-0.573968622246,0.276892465081,0.524603035988,1.25473940076,0.187587790462,1.25475720184e+11,01030319,0.01256954
189,601008.XSHG,601008,2011-05-31,-0.167532505465,0.148742308454,1.40742966032,0.934585334475,0.000778766428724,-0.81024815683,-0.51085701595,2.68425465672,-1.04996045397,-0.0802401645978,-0.92926884743,-1.00876394446,-0.84148414102,-0.120088732769,0.00866344291766,-0.0149627432261,0.00657739531124,-0.219606189771,0.0360426664141,-0.00733729166289,-0.52260871964,0.487065748551,-0.659712547321,-0.558908053907,2.76362022385,-0.367461104744,-0.642551952092,-0.568374552,0.0157158172703,0.173372412119,-0.130331279883,0.12193395012,0.208911642065,-0.0013240168085,-0.476500348668,-0.181074283325,0.558908053907,-0.332001754933,-0.923064548663,-0.574198941179,-0.0199920648656,0.153755783337,0.231231626042,-0.198614535363,-0.246766010375,-0.430685439802,0.565337925702,-0.588681513752,-0.292500328084,-0.19389159453,0.19642578653,-0.689616365078,-0.449732073231,-0.983760412566,0.000947604553263,-0.205260478401,0.178260852274,-0.191947518555,0.0815148638449,0.221635531269,0.0193341972394,0.200812431231,1.49654534716,-0.498059558172,-0.134428953813,-0.134820341765,-0.588708228322,-0.279965218874,0.120088732769,-0.132577849054,-0.588708228322,-1.6707304775e-16,-0.227019674149,-0.534175784263,-0.534175784263,-0.142750329673,-0.309554501175,-0.608100916077,-0.208247157597,1.32356473764,0.505704959057,-0.0120683903104,0.59521606826,0.14136941869,0.405209627424,1.51414868141,0.343388720629,-0.499274996576,-0.317316916523,-0.58438545146,-0.0955296526388,2.33189587416,2.22951891676,0.684022929392,0.246766010375,-1.06523605564,0.27422183707,0.405798166826,-0.534350995919,-0.183513470414,-0.17980227154,-0.668074150464,-0.163371404163,-0.0220933197382,-0.0546693452429,-0.214860925979,-0.579984332536,0.0148490758009,0.272815671531,0.27379509024,-0.354133781153,-0.0498862527056,-0.934828051747,-1.3427121387,0.756644910636,1.48944360871,-0.523320041049,-0.288700783309,-1.71589178375,-0.203976246054,-0.241790063325,-0.647243321897,-0.850160711016,-0.710136009454,-0.0740006021554,0.572184385166,0.458011642912,1.8536192068,-0.617353957171,1.0478747924,0.410256091302,-0.533560037774,0.66183530079,1.45772625865,0.770271797856,0.778883196684,0.36860752995,1.11762931158,-0.140459718655,1.17400889739,0.146436320987,0.027336923396,-0.346020943572,1.65536566816,-0.438961930906,1.71031474064,1.50920541188,2.00312498405,0.602937518183,0.451656026713,1.39691018127,-0.238846465171,0.740756720582,-0.0847576905904,-0.348102724651,0.416498920824,0.47543700367,-0.317001712993,0.885807211615,1.82204836957,-0.273374667402,3.32478947589,-1.0136436963,-1.01395004232,-1.01642327313,-0.493311296132,-0.113395951929,-0.46370001998,-0.125523380491,0.558348264327,0.698987212079,-0.397696256766,-0.431546309194,-0.519950504947,-0.28664849806,0.742219149729,1.40413430663,0.595305099111,1.21200963996,0.466754502341,-0.556688067112,-0.419429845587,0.155095243679,-0.49330427941,-0.83795217925,-0.843279775144,-0.838695027779,2.01585345163,0.807974569546,0.616621138223,0.951728616148,0.33167233513,0.240790746045,0.700879287998,-0.959063669,-1.61727461319,-0.7068155226,2.3722745556,-2.60477348925,1.29527145472,1.12796962185,1.10424402678,2.38698439696,2.38698439696,-2.38698439696,0.365876376677,1.77944612483,-1.06173072054,-1.06068848314,-1.06054921555,1.00840768599,1.65121104019,1.50817562745,1.9347891037,1.18570396006,0.184995257744,0.566577528145,0.977154622429,-1.18617703083,-0.71024936759,1.83462998199,-0.0193809017945,1.11646476015,0.160276878502,0.101128763205,-0.482578836054,0.161920070011,-0.817252610631,0.249448989759,0.224936055065,-0.416556262509,0.990251340763,0.514088785727,1.03044506787,1.80263206294,-0.826493347869,0.375040224733,0.584694709554,0.322243560439,-0.413372849028,-0.467837457935,1.40421803075,1.25127164946,1.25473940076,3.86749947836,4932244074.7,01030319,0.26582278
194,601188.XSHG,601188,2011-05-31,-0.262934019635,0.253289635523,2.02106632465,0.136844560692,0.120331835618,-1.00351897549,-0.826585668314,-0.620802605657,0.670933021265,2.01615035238,-0.380576375423,-0.597092743867,0.0,0.365839178422,-0.555663073438,1.90223106442,0.019063298275,0.808395540675,-0.031361800646,-1.5379220244,-1.6357609928,-0.272789437884,-0.983664761768,-1.7127422154,-0.270293011717,-0.846624480363,-0.93673059133,1.12440328071,3.33622177242e-18,-1.19756339459,-1.21501384067,-1.20347179541,-1.19766762221,-1.2172337327,-0.964821628487,-0.170580063959,1.7127422154,-0.660250281218,-0.942119783506,0.0,-0.697036486746,-2.76978461687e-17,0.494252010899,-0.216016897347,1.84663522576,-1.41920730521,-0.0807625608145,-0.516859804013,-0.232711387345,-0.213103431352,0.100893284172,-0.779783090591,-1.0323437723,-0.983760412566,-0.0513958945795,-1.00792229291,-1.19683160608,-1.212596213,-1.19768013355,-1.1887792247,-1.22658169149,0.685935207288,0.901314979356,-0.748592322901,-0.194295167727,-0.125032944563,1.26180270227,-0.276645737907,-0.365839178422,-0.122732220436,1.26180270227,-0.553559253041,-0.204877468803,1.73843407555,1.73843407555,-0.114319537035,0.810692915902,0.204569067736,-0.418651100268,0.537474348398,0.536791400367,3.72737647951,1.35206170835,2.88243160328,0.593551759814,0.0356822391114,0.321045844925,-0.640581888524,-1.9298314228e-16,-0.825750438881,0.0,0.495557070158,-1.0695036488,-0.644798207146,-1.84663522576,0.222439259777,-1.22247651832e-16,0.541301448067,-0.644455596062,-0.344593857548,-0.939005186515,2.1577089105,-0.130981073692,-0.0220933197382,-0.0756384091716,0.590324968345,0.116913837784,-0.0524827658875,0.272815671531,0.535449577422,0.0,-3.11717997879e-17,-2.74181828269e-17,5.33158058594e-16,2.29886829141e-17,1.04449387901e-17,1.59350272635e-16,0.0,0.0,-5.97388516103e-17,-8.16866495076e-17,-0.725310164367,-0.538080249656,-0.286067896279,-0.562501192254,0.0,-0.485602705738,-0.219099000951,0.646437544498,0.344749097008,-0.0134765812536,-0.564927081589,0.534186680696,1.40472267642,-0.851925857815,-0.779004308655,0.379450554994,0.269827507145,-0.143682903974,0.901512484232,-1.16971259916,-1.21529497402,-0.314401384528,-0.110267181331,-0.588326944411,0.984754861526,0.0222628012927,0.169929621671,-0.0246640571052,-0.038258209779,0.965645583135,-1.06970573087,-0.423196104095,-0.803307609835,-1.16400435341,0.997818129057,0.396318111126,-0.957802801597,-0.32198025858,1.38979615109,0.372552453716,-0.179567682875,-1.40035312275,-1.40142059599,-1.40098344667,-0.353402427973,-0.535646027559,-0.187277135704,-0.357110110443,0.254813452457,-0.0105245821126,-0.210057592156,-0.179668266833,-0.140668213056,-0.313299805926,-0.708220375177,-0.762316022703,-0.167129760649,-0.768919385271,0.06565176084,-0.26526891822,0.14018651084,0.3830674832,-0.353799727188,-1.07049400005,-1.06671219092,-1.07070091883,0.303208499636,0.684450052487,0.431447784105,-0.432071920913,0.386404909686,0.321097978519,1.15244299802,-1.86544925066,-2.08012055321,-0.800366223285,2.3722745556,-2.93666726717,0.968536312992,0.962135961963,0.929741921374,1.04325472507,1.04325472507,-1.04325472507,0.644454634599,0.547866450224,-0.979624000652,-0.978493910325,-0.977159109653,0.600465670606,0.776515462142,1.02749700756,0.559259570581,0.763397427254,0.535816304158,0.758024072103,-0.269576012624,-0.761191813605,-1.21684184503,-2.73380065181,0.507604322377,0.696962594902,-1.19855048819,-1.20712216838,-1.07565304569,-1.19898548032,-0.365389393499,-1.19409425978,-1.20618444162,-0.429689070785,2.42135683825,1.228769693,2.54755827585,1.37245639061,0.172577088638,0.868042421983,0.496881690818,-0.400948677442,1.1844004135,-0.597181053881,0.0545782619137,0.603773157299,0.812351410304,-0.113189303537,4476708000.0,01030319,-0.00813008
206,600106.XSHG,600106,2011-05-31,3.46458333442,0.0519240613998,-0.337543037062,-1.17913209232,-0.0480543097454,-0.471217365424,2.05606882453,-0.620802605657,0.160285987533,0.320677695594,0.128046052377,-1.00876394446,-0.350863346192,-0.0618421019052,-0.593130987442,0.30699950655,0.206351842731,1.35095200952,0.0360426664141,-0.797724555674,-1.18475836632,0.310639601816,0.945062240781,1.24594719267,1.05600785629,-0.238905077138,-0.0123716863512,3.62971447312,0.0204276595066,0.73913370431,0.585461491088,0.727716877033,0.721182891185,0.615306074672,-0.187570654599,-0.0555352591246,-1.24594719267,-0.601592924721,-0.649939515914,-0.248014146623,5.86317897049,0.0340365590425,-1.59808992706,-0.191331492235,2.75477261915,-0.342730780261,0.200150694192,-0.555457865709,6.46567197883,-0.218588328702,0.248833018636,-0.838591522505,-0.459527786346,3.00330105597,0.0503437320133,2.2496535602,0.734319011427,0.508737826007,0.786547345276,0.716370869904,0.55380201401,0.930848789252,0.291884762727,1.1171138553,-0.189943837101,-0.13389678661,1.71167080478,0.276103167773,0.0618421019052,-0.131647984129,1.71167080478,-0.775074679071,-0.256750157249,0.848649537219,0.848649537219,-0.158743942841,-0.341513776888,-0.566950889355,0.193180454959,0.648741552994,0.140483303087,2.94883857372,1.35206170835,0.325758139943,-0.798087329512,-0.671984915991,-1.03938703122,-0.907198665785,-0.851303511949,-0.32961129807,-0.0139292894755,-0.373005868529,-0.693789393872,0.896184498723,-2.75477261915,-0.375757902721,0.0870333141293,3.1078930104,-0.575477536871,-0.281181259123,-1.04684361265,0.614910911057,-0.163532856084,0.44518513378,0.532464444763,1.46387570275,0.777133157034,0.203378232528,0.996441495417,0.612168920779,-0.0774359382187,0.121720745238,0.176496609914,-0.754915408454,2.29886829141e-17,0.807366183279,-0.816982350855,0.0,-0.971463998578,-0.18428252758,-0.560671883566,-0.306906974952,-0.826518251822,-0.57479512227,0.189116625915,-0.378875508792,-0.800140821954,-0.103821422019,-0.266365116652,-0.404846878488,-0.84573900619,-0.371468094966,-1.66934762367,0.944599554652,1.45285686455,1.33028177824,-0.77068460149,-0.895726604078,-0.873939490424,0.42485542065,0.729792864726,0.82989270864,-0.923814167404,-0.580649307638,-1.09309974185,0.926948319098,-0.522503825831,-0.343043141539,-0.437421996367,-0.46185783709,-0.746658697674,0.985810550138,1.85024264564,1.96919474679,0.277596755927,1.57753625583,-0.856076065969,1.55976010381,0.991331205976,-0.037375134607,-0.724705463089,0.466781755441,0.218785825611,0.216866301439,0.205868587831,0.946721227432,0.411538559254,0.422543404058,-0.0271575487128,0.607426421783,0.0992129147687,0.120471985135,0.146012721948,0.0915265373442,-0.00242518145342,-1.29333409566,-0.363902957887,1.02524767069,-0.588903330916,-0.219521343993,-0.212573595513,0.00546105617336,0.0852643082678,0.946573120902,-0.345752266777,-0.339484829313,-0.344829887777,-0.748037181614,-0.776816659615,-0.0779350569083,-0.963372442773,0.0920511025012,0.11850218456,-0.819103355272,-0.34756702336,0.318783462113,1.05625537491,0.363999799537,0.382270512074,0.968536312992,1.20959758915,0.231094297888,-0.951956019144,-0.951956019144,0.951956019144,-0.969258877181,-1.32878326473,0.16704716819,0.170063811178,0.170784369208,-0.701063616577,0.235037247162,0.0699660930313,-1.28003794733,-1.39367809815,-0.677117029815,-1.05444115963,-1.03722648015,1.41228398564,0.706993235144,0.854780377086,0.375517146202,-0.802690129423,0.741332009457,0.70707003969,0.543952079881,0.748013469316,1.07017604854,0.686513622462,0.697332375253,0.821210917517,1.10013002336,0.934611144554,0.785897021275,0.107232623631,2.25540865893,-0.941826081272,-0.984587374314,-0.150393886365,-0.479480553348,0.237286462745,-1.13576550308,0.280023911221,0.591489040254,-0.403040142086,4202845460.0,01030319,-0.02807775
222,600242.XSHG,600242,2011-05-31,-1.74199043064,0.0330671948576,0.143953578606,0.221025737868,0.0730862758916,-1.57590082522,0.899472437415,-0.620802605657,0.733628889082,-0.550766872869,-0.803181774993,-1.00876394446,-1.2775915142,1.03945067795,-0.448119299982,-0.204640967249,6.79266565609,5.19643996416,7.20338433047,-0.294602461443,-1.56352648589,1.73078274336,1.20262444004,1.3603359242,2.23309987665,-0.963493596368,1.01406366212,0.113573089177,1.92833912503,0.579709672176,0.0648321842497,0.376559962416,0.792356772358,0.172945665638,-1.11380100199,-0.207030425898,-1.3603359242,0.033718903059,-1.39944541974,-0.655745139818,0.878062080718,0.112223597113,-0.130790813789,-0.198791802596,-0.0384227444928,-1.29418999039,1.54853431823,-0.591613012108,-0.255566419371,-0.210763930094,0.192972724894,-1.21414663517,-1.73548938894,-0.406146771294,0.104526356369,0.686992290344,0.484433782456,0.00924384297412,0.241261059388,0.791230600566,0.163883515617,0.816036980054,2.84822148313,-0.447608461149,7.36631382421,-0.163564923729,-0.675473713247,2.32909149647,-1.03945067795,-0.161518815281,-0.675473713247,-0.789521337291,-0.239958660576,-0.672843504523,-0.672843504523,-0.153088799724,-0.20156678261,-0.352419787695,4.45684046808,0.216912198396,2.79526539103,1.76887189752,2.86666156672,-0.137507055244,5.89852182213,5.87320217415,5.62375501181,-0.541933680938,0.0609235885701,2.86291630741e-16,-4.78062220181,4.78689381214,2.66389487692,1.67211108621,0.0384227444928,-0.143406290749,-0.511584571147,0.820278791798,-0.765232273286,3.8646496217,-0.376868709846,-0.647198843834,-0.226822008811,7.16762288553,2.74470068925,6.1354731085,1.33648563584,7.35738641192,4.6553382669,1.23958361207,0.0,-3.11717997879e-17,-2.74181828269e-17,5.33158058594e-16,2.29886829141e-17,1.04449387901e-17,1.59350272635e-16,0.0,0.0,-5.97388516103e-17,-8.16866495076e-17,-1.57732057244,-0.347364412158,1.16298186917,0.189116625915,0.496981725461,-1.42921705439,3.29299419433,2.18476487192,3.46759862359,0.034860908532,-0.552232960266,4.69553169575,3.31968031889,2.34167958385,3.44160254625,5.52075478411,6.23467584438,3.9346427813,5.05083235196,-0.100110323566,0.522974149095,3.52308218652,5.07165484027,1.37043136542,3.58282409932,4.87574995584,5.44153068644,3.51073545195,5.28552953906,5.67103471454,-0.237421835079,4.16262763865,3.91478118706,0.166098944923,2.62701349133,5.42712183946,0.180805686963,5.20607431003,3.50169927,4.61209876185,1.73090055487,-1.32726535744,-1.34623624089,-1.36279341933,0.228073509819,3.09639009004,0.933009668118,4.91774863865,2.18822824522,2.99559552479,1.32483064784,1.02435722996,0.064003128866,2.36752584595,3.72279163898,2.11095656848,4.3638034937,5.78914610815,3.95541685401,3.28159144879,0.344222452595,1.56228631998,0.223106441726,-1.23245248777,-1.27184117647,-1.2518972121,5.8101893864,4.00524391229,2.85397026105,5.49468315816,0.591665361787,0.44986763193,5.30654496147,-1.84081698304,0.0415948099256,0.942267444228,3.27599819583,-2.60477348925,2.76557959252,2.63851663782,3.84386316151,3.91137016989,3.91137016989,-3.91137016989,4.56084040944,4.4572263438,-1.20294338542,-1.23758841907,-1.25468046365,5.74830538857,5.14999335236,4.65136218346,4.22523506941,4.28882892415,4.24876460295,4.29507743342,5.41377033294,-1.92937547833,-0.863571480075,0.475128038208,4.93874560415,4.9709784856,0.521631665513,0.316859668071,3.01509462002,0.557144633424,-5.34388236101,1.01822638987,1.04441383833,-5.06557039226,4.38923454871,2.11360184563,4.73037393714,4.52843539098,1.68334290705,1.35835225286,5.21941909385,5.74333813101,2.68136129078,-0.574321286791,6.03605568099,5.21967398021,3.24449048229,-2.21637701516,2807154075.31,01030319,-0.15287244
235,600350.XSHG,600350,2011-05-31,0.203564816655,0.081187748964,-0.183681336566,-0.0794705378341,-0.658097638706,0.249476382434,-0.725737644747,-0.620802605657,1.03327189871,-0.266025452503,-1.23326691615,0.898365903201,1.707018321,-0.813115775922,0.255300059448,-0.588051280602,-0.374242645082,-0.28623593156,-0.274766820585,-0.443539658843,-0.440187295088,-0.248833412302,-0.754755095375,-0.833938351884,-1.18212485847,-0.0402275799301,-1.85116539763,1.0150981978,0.0395635085888,-0.91465013977,-0.927139333336,-0.922628687473,-0.907149692569,-0.928151082997,0.0641141960934,-0.167737604542,0.833938351884,-0.488196866023,1.02374527779,0.920814700535,-0.192487458975,0.181522909493,-0.0668827708388,-0.201115134842,1.18222954772,-1.00488000964,-1.09205027884,1.1360166861,-0.242386278199,-0.212306824453,0.168649292641,0.370145076485,-0.0752559547241,-0.538747979807,-0.0745432807922,-0.762308996593,-0.918223567294,-0.904639784978,-0.926639479979,-0.905634480719,-0.935719529144,-0.86260699543,-0.854462209123,-0.614712338606,-0.189781927124,-0.142640537892,1.06421071559,-0.15382494213,0.813115775922,-0.140382380979,1.06421071559,-0.486141514684,-0.239601946665,1.23548845525,1.23548845525,-0.151610398506,-0.252562619162,0.359182975674,-0.668620052667,-0.0858330005246,-0.486392813091,-0.0672089489189,0.59521606826,-0.702293072083,0.488917241819,0.42034778815,0.594125436853,0.921792426225,0.964807148535,0.0932931670704,0.368668639696,-0.443189079355,0.0318000315342,-0.259833663501,-1.18222954772,-0.00882996890868,0.0573033722504,0.350002698079,-0.444289077127,-0.269461124478,-0.469410905325,1.33736577969,-0.172297388896,-0.303522388334,0.0292069104722,-0.207264832636,0.043556135645,-0.237645330531,-0.134860848969,-0.817322391304,2.14592905223,0.813539532759,-0.56438649786,2.3108479297,0.294810151003,1.48944360871,-0.507244684891,-0.303253791623,1.00512012067,-0.156598324973,-0.234138076868,0.0363532237717,1.20673323886,0.599963778484,0.338012421644,-0.096934739801,0.458011642912,-0.673830320216,1.49166809664,1.83553436416,-0.500749663769,-0.470681534657,0.602797813997,0.349203486837,-1.01968633644,-0.955343338428,0.639295905163,0.564926150274,0.442878220637,0.671365237815,-0.884536048316,-0.957203715893,0.666793242721,0.666857967996,1.75345649906,-0.0883468685544,0.194827119119,-0.0886378115613,0.500134908215,0.732214337272,0.465975184722,-0.889752456103,-0.557965530043,-0.691607274361,-1.05513002031,0.888691311534,0.568063999819,-0.974554184477,-0.606512479023,0.627440241196,0.827531930504,-0.353246613579,0.228888429805,0.226497367205,0.222241620798,-0.332346666227,-0.53601856407,0.0941315726291,-0.530878336705,0.320641761828,0.0847704141756,-0.286263263605,-0.260186679646,-0.228851389773,-0.363431542783,-0.579774224381,-0.82045488187,0.666246885731,-0.482208387244,-0.502713524619,-0.532787622184,0.308863392688,0.172242025529,-0.331266682117,0.160070892086,0.158970545489,0.159191081776,0.308615220855,0.716018724522,0.26121270229,-1.1277401675,0.384330497239,0.32488795961,0.673521076983,-1.16017903098,-1.80379025142,-1.29485763637,0.0627585861271,0.216323623112,0.315066029528,0.688897081941,0.753961412262,0.262276801556,0.262276801556,-0.262276801556,0.646100105703,0.569298351424,0.00544908879344,0.00578262059225,0.00398502328379,0.600465670606,0.526602439843,0.826922154487,0.496161885575,0.682662354806,0.635418493992,0.729777860699,-0.244326523946,-0.733575951771,-1.35405286566,-2.33051849931,0.710762921088,0.451427797538,-0.916763027745,-0.925420332451,-1.0544195246,-0.914359943675,-0.617313134024,-0.89914329772,-0.899173386899,-0.698911640446,-1.09017447735,0.564042587785,-2.25015388291,0.287006190302,0.875714338976,0.982916720372,0.555980186317,-0.902058259596,-0.150736642378,-0.513108235063,0.490454140565,0.487845479664,0.410421691835,-1.39100379883,15406204000.0,01030319,-0.09606987
261,600717.XSHG,600717,2011-05-31,-0.0146801407241,0.103118108863,0.388322161745,0.637216020978,0.0123640690459,0.560060711598,-0.373681262057,-0.620802605657,-0.660381302919,-0.0533182756194,-0.342109132985,0.00781187741914,-0.664315520666,0.00773026273815,-0.113894646802,-0.0452600523502,0.193865939767,0.123061053711,0.00982981811293,0.286456631976,1.74814783093,-1.07880988195,-0.46372611653,-0.44451932238,-0.601868228719,0.462309618891,-0.477386595604,-0.639471220973,0.0409097492277,0.358981246422,0.293006398614,0.333921517877,0.365280023222,0.288676647028,0.747688745733,-0.175758972216,0.44451932238,-0.201706499583,1.02374527779,0.526674740447,-0.340186640182,-6.79339581301,-0.0376993292606,-0.182735917254,-0.490497725725,0.321077970994,-1.31678088285,0.0840973591074,-0.260071005403,-0.210048994311,0.18718347706,0.273371707513,0.655317658637,0.220758418692,0.000737232918049,-0.210745638865,0.370925612416,0.261328865757,0.330026402112,0.370587029255,0.260877423419,0.165585761142,0.484177360831,-0.114877323709,-0.192534396729,-0.139609675773,-0.541315316388,-0.0711145413703,-0.00773026273814,-0.138845081072,-0.541315316388,-1.6707304775e-16,-0.232895725128,-0.46374138667,-0.46374138667,-0.148488180551,-0.235740707728,-0.153556687843,-0.806402822216,-0.064197779214,-0.343129344974,-0.95451444443,-0.162538150025,0.0119201782307,0.0773548043745,0.432093301098,-0.272281632081,-0.123345340638,-0.0892601413934,-0.39872007652,0.233181244255,0.488407889236,-0.0338452100328,-1.15908384871,0.490497725725,-0.355192620294,-0.311182740704,-0.614461833106,0.165841378509,-0.273510764497,0.150341373487,-0.613346995245,-0.16324070499,-0.176082810102,-0.673256731141,-0.38957107286,-0.552475194233,-0.207346001771,-0.766759455743,0.172314188883,-0.760097030509,-0.654553842318,0.732158940744,0.144067826041,0.307399620778,1.48944360871,0.384794051887,0.675222002706,1.36449905144,-0.25068156746,-0.284170296011,1.28629985882,0.651923529775,-0.0280179380485,0.11466872805,-0.496800661065,0.458011642912,-0.381763410748,-0.301502613338,-0.246988037543,-0.707743269222,1.51056897548,-0.217344570106,0.722504789869,-0.0854605518147,-0.0627965569624,-0.37981936537,0.0533232073208,-0.520678379508,0.354843660704,0.413940640754,0.258980059925,-0.59373092598,-0.810703158067,-0.58202543764,-0.0243936657149,-0.538726783861,0.147223323378,-1.20441237957,-0.611469233395,0.335972494853,-0.356415938018,0.152514204748,-0.144775781293,-0.197252745056,0.0730533797323,0.11264793542,0.0932857807524,0.453668920511,0.695005406391,-0.430157388687,-0.146590670716,-0.209233542779,-0.207064991951,-0.210689406882,0.153265564645,0.283617163131,-0.0638809231122,0.0754045828871,1.03142630262,0.691443501157,0.0720954956956,0.0495080930636,-0.134336513059,0.0105203095876,-0.534525872714,1.29694365525,0.0196920261792,-0.373070238421,-0.806537077362,0.796295825994,-0.18039218339,0.041197967347,0.153131902933,-0.360233372711,-0.367358821679,-0.357377203072,0.632961097853,-0.422106314699,0.237580845287,0.184653950646,0.32837455124,0.254515411299,-0.0906143728485,-0.467128631248,-1.2680430521,-2.0530340928,0.76565475075,0.382270512074,1.62200659646,0.714674334773,0.444587716226,0.654764171512,0.654764171512,-0.654764171512,0.0519204900165,0.621217886726,-0.394236763596,-0.392146874962,-0.390548682491,-0.00173444734433,0.818167632525,-0.128332515449,0.723313551595,0.119586977733,-0.33293612939,-0.0454237189338,-0.202244042817,-0.313497105934,0.364872599318,-0.889099868301,-0.408995462744,0.169771703219,0.354145356457,0.321376935818,0.16833841378,0.351355516454,0.0984701922289,0.368847770426,0.35635458023,0.384545042336,-0.173413402869,-0.0712956534178,-0.198947372169,0.4774320372,1.29475573059,0.0711019769136,-0.190597417838,-0.668586749728,-0.037314055435,-0.545406550255,0.0388237120829,0.469466701503,-0.0717613202559,-0.0110696822851,13883836004.8,01030319,-0.00110216
269,600787.XSHG,600787,2011-05-31,-0.306107646438,0.432368489416,-0.943939150778,-0.134007873686,-0.295275808422,0.0298606871379,-0.74032484148,-0.117210359133,-1.52688143467,-0.728912165253,-0.540856552251,-0.639100009234,-0.773342363961,2.22164155623,0.126904577329,-0.143690746782,0.143922327912,0.208727864581,0.0397873590285,-0.104860552426,-0.601325810504,0.528240167521,0.185731295174,0.728213846932,2.33257244175,0.0275565073527,-1.08063002209,-1.20244076305,0.232364400095,0.651872769561,0.390847697171,0.60671245859,0.660783805375,0.498442875855,0.155909567646,-0.132444466793,-0.728213846932,1.99010706046,-0.440331932642,-0.379394133319,-0.511603938078,1.02203356875,-1.22683222091,0.182653338118,-1.39614297479,0.214315396834,0.986707808212,-0.313609251283,-0.209199423897,-0.214400528571,0.171626525688,-0.275724110088,-0.448705855667,-0.983760412566,-0.0467373556884,-1.02498723657,0.666773769975,0.329810555767,0.598773296384,0.689792660445,0.540739968491,0.537104459376,1.9453580518,-0.666886156015,-0.203422842668,-0.138285818074,-1.15961053669,-2.2171589865,-2.22164155623,-0.135321382408,-1.15961053669,-0.428354881806,-0.212738146272,-1.01841226771,-1.01841226771,-0.136691986224,-0.498812784851,-1.05403635211,-0.415286977445,-0.461339787989,0.00715553347574,-1.22031051203,0.59521606826,-0.408127317779,-0.412683521566,1.15444234739,-1.07166007391,-0.712568418385,-0.931957737299,-0.543126479251,-0.214850938396,1.00799842729,1.90618118436,0.818966683737,1.39614297479,0.22424323192,0.94567807995,-1.72240042678,-0.504156826613,-0.240589573279,3.73526796528,-0.938888939175,-0.160726667946,0.753164114508,1.24541261834,1.06887884893,0.602908614454,0.435673086353,1.99524897064,0.424727304134,0.44521554288,-1.2726984213,1.10260049463,-0.635819338927,0.409440586321,0.595686982285,3.00364180591,0.926903440617,0.389041953629,-0.206801164687,-0.218245489611,1.31963176908,-2.96222039901,-2.49844026544,-0.0148502175505,-0.382197344067,-0.171064589521,1.53284681325,-0.722766447228,-0.336659331808,-0.699557081435,1.41818638833,-0.313081035177,1.63624752639,1.48748632114,1.37301008161,-0.428709790793,0.185477283991,-1.00022975154,0.323397115022,0.635794578866,0.565296874559,-0.653107962005,0.127954615235,-0.502444007516,1.2442012814,0.152349982052,0.984995249869,-0.767401657231,-0.107164476638,1.04451666472,0.779239186813,2.36801559755,0.908875144374,0.183151551312,0.864277080724,-0.429605937867,0.58138223411,1.77877611857,1.45145615456,-1.09078980031,2.03209059925,-0.246194076898,-0.242726205234,-0.255800458464,0.540868875526,1.09321732986,-0.0242744166486,1.2556213031,0.736156769761,0.514780581667,0.305006339283,0.27263926967,0.0880587474428,0.252611733996,-0.313899375785,1.35121347896,2.04115425204,-0.334909819651,-0.187928857931,0.136284265466,-0.198415130018,0.496964759532,0.539270439547,-0.515596129266,-0.51633628463,-0.509477169206,1.2110096196,-0.0689939494879,0.021845255378,0.0296470523949,0.246036334124,0.205200805265,0.444361235121,-0.403802273631,-1.46645854802,-1.3589038853,2.57310203121,-3.10261415613,1.13190388386,1.19842744626,0.766106247437,1.8466148204,1.8466148204,-1.8466148204,-0.537816353689,1.01061440149,-0.321295802118,-0.315213311375,-0.31504901153,0.0371171731686,1.52625452904,1.25400429133,1.3132769064,0.144428538486,-1.56800328333,-0.25256260256,1.23262003728,-0.327328400525,1.29232734029,1.4518270013,0.031067877751,1.66706135204,0.642860159409,0.585386139737,0.973747834271,0.636339400458,0.0224931911183,0.667327591709,0.633399038686,0.440359477509,0.825380522301,0.852559014158,0.440177002682,1.39653838609,1.16476035281,-0.492799201373,-0.183251842126,0.424743247698,-0.452939486944,-0.225892524249,0.150856066435,0.735252108763,1.25473940076,2.10470977771,7695341483.12,01030319,0.14450677
293,601866.XSHG,601866,2011-05-31,-0.0417353343735,0.107959662481,-0.77559634906,0.195022830698,0.0840508417403,1.13326818425,-0.406642716213,0.0674401312597,-0.643950661698,0.816307246292,-0.255023570242,-1.00876394446,-1.0459094722,-0.134650390485,0.0733363205679,0.0319056293391,-0.0745809739529,-0.229124724313,-0.0800428046338,-0.532901977283,-1.02917635144,0.448386748913,-0.60062155135,-0.443524637758,-0.170820446616,-1.20307528418,1.28768523982,-0.7081496359,-0.68259843416,-1.14362857169,-1.03264547769,-1.12412307669,-1.15125569311,-1.04902294352,-1.4290654338,-0.192831329087,0.443524637758,-0.00393691556901,1.35086014259,-1.47120712621,-0.508369649438,0.0577995308873,0.777220571012,-0.183709001215,-0.919644979132,0.241420920843,0.677703227704,-0.582329933979,-0.271237324513,-0.20755586984,0.132691190512,1.3623512624,1.35799681275,0.170772622813,0.00484923931356,-0.00109061670036,-1.14115502849,-0.964252040246,-1.13640848105,-1.15071495488,-1.02243118601,-1.19871202908,-0.152684234236,-0.258847527409,-0.174157614365,-0.0975035667507,-0.377262928925,-0.105139221282,0.134650390485,-0.095276735017,-0.377262928925,-0.779890231811,-0.135409055958,-0.46374138667,-0.46374138667,-0.101716942044,0.0578063588053,0.294100506631,-0.635417623062,-0.0517002775568,-0.525497595705,-0.917329825681,-0.919383790111,0.0728734426359,-0.0429748913191,-0.187482506896,0.0852043791697,0.833808889729,-1.37694656682,0.32434341144,-0.557418500733,-0.831005683731,0.551375135001,-0.227597099963,0.919644979132,-0.22891457031,0.0806468821701,-1.82602058303,-0.263124061289,-0.259408488664,0.627583770005,-0.599242058333,-0.0471567743496,-0.415032019287,-0.69422579507,-0.685818713225,-0.543305481466,-0.294877395966,-0.940021976955,-1.16676193367,1.6330598181,1.81532907573,-1.12004882869,0.889378712759,-0.0172761786768,-0.439189111465,0.365991626382,-0.951290691279,-0.0216768243958,-0.319179118324,-0.20765043144,0.350959675072,0.809539924401,-0.0911770187342,3.51173650596,-0.379752104212,-0.171064589521,0.0656776268449,-1.34018246042,-0.551963845642,-0.738538928037,-0.563771757692,0.773527843372,-1.26041450098,-1.01045181468,-0.983150646969,0.131158189843,-0.00252500839286,0.267888559523,-1.15369205928,-1.12814308496,-1.13795642559,0.204438642029,0.136930643055,0.0855684564368,-0.371164142018,-0.28956248413,-0.409119762149,-0.016522864663,0.10173677251,-0.271172168045,-0.59732838461,-1.04305834218,-0.786635917973,-0.857057438412,-0.0505736274867,-0.0205033715433,-1.02092395448,-0.97871569176,-0.888378714111,0.509101579799,-0.993000649463,1.21818701946,1.22095331216,1.22356774259,-0.223659887921,-0.0845043126635,-0.48729909838,-0.472793602513,-1.71341530901,-1.09318644751,0.5786535643,0.570137950937,0.729600084522,0.611950216881,1.06412162221,-0.309719240304,-0.931079391654,-0.0534882734313,-0.232163918486,-0.0829411579971,-0.320849002009,-1.59156657588,-0.223260405566,2.00306650296,1.99380214728,2.00009345774,-0.222678363469,0.423890202834,-0.262018651817,-0.271675185494,0.388479322133,0.321367089602,-0.553725922453,0.207501744306,1.11381100319,1.49839037876,-0.941378791906,0.382270512074,-1.15524210827,-0.276031415745,0.104532331327,-1.03429043687,-1.03429043687,1.03429043687,0.4800720713,0.415350892098,1.48001686688,1.4806296698,1.47802422509,-0.0405860678572,-0.931223523564,0.608598179488,0.363656747064,0.508771429534,0.482695136247,0.557162124344,-0.260466393179,-0.264807210788,-0.378691633043,-1.2923820208,0.336998821279,0.199816520312,-1.14034786281,-1.11022050121,-0.850870598333,-1.14252948226,-0.041487441396,-1.15387211673,-1.16021726921,-0.167032905262,-0.922353762721,-1.5345672964,0.0825978106327,-0.87133534165,-0.88955401954,0.755561338145,0.339619592626,-0.588864770749,-0.485966712834,-0.503462494579,-0.134476336055,-1.18038207655,-0.735011680766,-0.715891987087,44746368750.0,01030319,-0.04960836
300,600026.XSHG,600026,2011-05-31,-0.183406103132,0.158115776121,-0.69414015468,0.284495882228,0.0537268992831,1.0515315157,-0.0928777249475,1.52599248971,-0.392734805137,-0.796095617929,0.798017191517,0.621117951779,0.793918508406,-1.01859694591,0.238086539536,-0.593883157006,0.125193473467,0.0373942428403,-0.0163830301882,0.971975787132,1.55181814548,-0.335674005038,-0.424435651403,-0.07250727376,-0.618446989569,0.254282592402,1.12393761172,-0.352666291032,-0.18448939775,0.508687879992,0.609036235934,0.503365745432,0.514454053438,0.545996007817,0.447848946028,-0.202647934288,0.07250727376,-0.426049458043,0.0805111530644,0.966118144223,-0.241001788568,0.233583152534,1.26336499021,-0.209488182871,-0.623578232879,1.52035911493,-0.726863047331,-0.591124429049,-0.2562378954,-0.210665015556,0.139511400289,0.983725456296,0.920548252786,0.167995634153,-0.150697812739,0.568147146966,0.523674351299,0.626785778873,0.4879187374,0.508052466871,0.542682835673,0.0524836159166,0.630140108928,0.27002763114,-0.193546334084,-0.137768284071,-0.2409171669,0.0214989776076,1.01859694591,-0.136101547717,-0.2409171669,-0.596899227699,-0.224853447849,-0.251337656431,-0.251337656431,-0.13787057181,-0.227117711111,-0.170257744713,-0.814959395484,0.0384320987931,-0.271838215965,-0.482809840439,0.59521606826,-0.746835842225,-0.131914231614,0.131114531812,0.0107281268257,-0.397960621217,2.04668624031,-0.521465518841,0.785138417727,1.16655051777,-0.103680573402,-1.33713463569,0.623578232879,-0.263911629877,-1.05129312714,-1.27603667681,3.86775065327,-0.180797829459,-0.4548794862,-0.413338989832,-0.159919408345,-0.319452335613,-0.841009242572,-0.579473406427,-0.937603130463,-0.284777619712,-0.940021976955,0.0245732401161,-0.0976991640902,0.0336710813716,1.47304204852,-0.101807930402,-0.624221142555,-1.33294573788,-0.267262582253,-0.0977995565934,1.05645996792,-0.279119081703,-0.147464614883,0.449493479986,-0.0841450331313,-0.156140644582,0.263564523779,-1.18732716892,-0.800140821954,-0.504786913956,0.205867393748,-0.411852448353,-0.663693782562,-0.487173783293,0.108159411133,-0.139209890476,-0.0608351604573,-0.10281195218,-0.371073949337,0.00318463948846,-0.176324980746,-0.42100482322,0.561993128526,0.424259329037,-0.145323392922,-0.407410603986,-0.492952829951,-0.770511896546,-0.765620558888,-0.361389141184,-0.972013165184,-0.757420481575,0.112847515008,0.0547023142897,-0.0304560173191,-0.169783319086,0.361548048919,-0.659102174838,0.211064118829,-0.0619679779754,-0.0238988847823,0.177823756534,-0.566153684301,-0.9798098446,0.234323414271,0.236496510809,0.229507913355,-0.130904195693,-0.247182410048,-0.0973929928746,-0.198001465331,0.659311023663,0.432786170141,-0.359094987632,-0.353140128489,-0.390486832839,-0.450308722585,-0.370911527432,1.17846161998,-0.297652549555,-0.421793339321,-0.586687970792,0.759818800503,-0.223159720028,0.111739650192,-0.128828186731,-0.333769286885,-0.337370441928,-0.33246047347,0.408966721712,-0.540185355851,0.274228590369,0.222592514758,0.273535596559,0.206479082911,0.656833125457,0.292992327088,-1.33722804436,-1.81191315863,-0.941378791906,0.382270512074,-1.15524210827,-0.476234746075,-0.310948872027,0.890576338797,0.890576338797,-0.890576338797,0.0849944592087,0.454592401338,-0.14547400129,-0.144204122439,-0.145544578635,0.114820414194,0.110080736012,-0.623422696185,0.474077695823,0.262425952064,-0.148118732699,-0.0328698471989,-0.152273159343,-0.104345502601,0.536813159004,-0.671705582968,-0.686804620377,0.0867264784458,0.506482150121,0.506082994834,0.347725057434,0.504825918551,0.102468981761,0.53600606336,0.526050345735,0.377978638197,0.183590026115,-0.209670384202,0.492169792101,0.273029156969,0.639828686582,0.0193487122751,-0.178577384855,-0.583170343679,-0.334244898449,-0.476485661312,0.527214756836,-0.192169312317,0.812351410304,-0.229206244075,29789832362.5,01030319,-0.01611442
303,600029.XSHG,600029,2011-05-31,-0.0712324857663,0.114287119593,-0.672418502845,-0.0956600551857,-0.477590478246,1.76464454407,1.36051201108,-0.620802605657,-0.610224608666,-0.439805033161,-5.93155809017e-16,-1.00876394446,-1.2775915142,-0.691229307632,0.85910363882,-0.638831277584,5.41489724748e-17,-4.12800633137e-17,0.0,9.06046606996e-16,0.0,-1.10818879916e-15,1.07209623475,1.14697607278,-1.15038262597e-15,0.462309618891,4.91873341317e-17,-0.795690432392,1.18242565101,5.79247228157e-16,-1.08490049856e-15,-1.12626159968e-15,-2.972031279e-16,0.0,0.653636110945,-0.214629384742,-1.14697607278,1.30777138113,1.04597638511,-1.01364234496,-0.66469360035,0.0904502284222,1.10747369469,-0.188129367111,-0.653483964824,-1.22829293265e-15,1.46192045452e-15,-0.514905471775,-0.286706726244,-0.200112276528,0.180287266883,1.82453715056,1.54299585186,0.789346846819,-0.113364438218,1.19040812845,-5.71354531533e-16,2.67946956876e-16,0.0,8.89680605868e-16,-2.65478877512e-16,-2.49751092961e-17,-4.61766564344e-16,0.704891477187,0.0470114139157,-0.0720042946969,-0.709013312462,0.246393813118,0.691229307632,-0.0726720929381,-0.709013312462,2.71620105728,1.077269072,-0.655785173856,-0.655785173856,-0.124440899214,-0.218836335945,-0.123770266826,0.137379895954,-0.11990163374,-0.440748413535,-1.04990107514,-5.04362218314e-16,-0.773337261531,-5.8083825524e-15,-1.63001736383e-15,2.75617500467e-15,0.0286262224006,-1.38807128756,2.20575254416,-0.141718537448,0.0,9.69160354319e-17,0.0,0.653483964824,-0.0730513771865,0.728979836921,-0.0246240206457,-1.44492508505e-16,-0.241637715402,0.707379106603,-0.683307482329,0.0876555790366,-9.211351172e-17,-1.81877637332e-16,2.63542428945e-16,0.0,0.0,-1.76801507679e-16,0.0,0.637366822695,0.210668875062,-0.255685202955,0.497514225928,-0.563924208371,-0.81550769101,0.775626148468,-0.406836968451,-1.71589178375,-0.305780932805,-0.259595647197,0.643637238038,1.11531572998,0.614400139783,0.717390750489,0.804343761628,0.458011642912,0.0,-4.28686349978e-16,1.29629082736e-16,2.16392718195e-16,0.0,1.10717528976e-16,-1.80508580901e-16,6.40773667393e-16,1.88245818263e-16,1.43311619771e-16,-4.10622350792e-16,-8.94613638328e-17,1.53462325541e-16,9.21492814454e-16,-5.09006518894e-16,5.62907559947e-16,0.0,5.53049636908e-17,-3.00737814071e-16,0.0,0.0,1.83873653854e-16,-1.00958527229e-16,0.0,0.0,0.0,-2.31366202056e-16,7.28161393956e-16,6.4273265474e-16,0.0,2.69532912587e-16,1.76971553156e-16,1.66370728167e-16,-2.45506046592e-16,0.0,2.3208994723e-16,2.32242704863e-16,6.92109653151e-16,0.0,0.0,-2.08390650943e-16,0.0,0.0,1.8220744696e-16,-3.62095327018e-16,-2.29704483769e-16,-1.83225919995e-16,1.32342018132e-16,1.08544646621e-16,2.03940284588e-16,0.0,0.0,1.32162563886e-16,1.56735207303e-16,-7.85607981331e-17,0.0,-1.59906657455e-16,-5.64339890667e-16,-5.59930154804e-16,0.0,2.03912233918e-16,1.2182756133e-16,3.26258633269e-16,1.58514472158e-16,1.77158496995e-16,-1.99182213987e-16,0.0,8.55438847656e-16,6.93062084758e-16,2.27253917253e-15,0.0,5.89561782371e-16,0.0,1.19243748358e-16,0.0,-4.43735758656e-16,2.21867879328e-16,1.77494303462e-15,1.82683990611e-16,-1.67564719535e-16,-5.11465685139e-16,3.40918549023e-16,-3.39890344216e-16,-1.68492045459e-16,1.80637494472e-16,0.0,0.0,0.0,1.53584228412e-16,0.0,-2.19863244626e-16,0.0,-4.73825301223e-16,0.0,9.46104672562e-17,1.24930515757e-16,2.87510099148e-16,-5.57241629094e-16,-8.12894620799e-16,0.0,-1.77581928368e-14,1.21718703388e-15,0.0,7.29017306308e-15,4.68909908325e-16,-7.37620764258e-16,-2.73113101283e-16,-5.80437142182e-16,-7.64629729828e-15,0.0,-9.26730373214e-17,0.0,-9.45955153099e-17,7.9263217444e-17,0.0,1.56958020612e-15,-1.84088955332e-16,0.683943476607,73533576830.0,01030319,0.04672897
335,600368.XSHG,600368,2011-05-31,-1.14340721079,0.0225504426276,0.788362583033,-6.07032397857,-0.0298151132822,-0.0921063343441,1.79784739006,-0.620802605657,0.392909276397,-0.680161717644,-0.191980034023,0.369074359576,0.507723044757,-0.592533627556,-0.584497076824,-0.466079719222,-0.0183944106162,-0.0768281716538,-0.0762981120194,1.08459679119,0.421996370729,0.772541720073,1.08366595669,1.18179003455,-0.154241685766,0.228571386881,-0.585842816817,1.66947774284,0.217748073158,-0.137812602947,-0.114879439349,-0.121057631584,-0.158334876917,-0.113903149683,0.391793575695,-0.215505003046,-1.18179003455,-0.619594242894,0.15990796491,0.118943747252,0.92981069895,0.202142433093,1.20315105379,-0.218740023778,1.36365765485,0.656301390377,0.733885878706,-0.567672442195,3.08533377711,-0.218525507781,0.158993937521,-0.948299024446,-0.569519650751,1.19686993267,-0.23302035428,1.68224418335,-0.119774484532,-0.125155244687,-0.115748435844,-0.154098879587,-0.106354364336,0.0125806774297,0.630432554327,2.21153350633,-0.190895058215,-0.136856166131,1.86989021846,0.191622377164,0.592533627556,-0.132819671511,1.86989021846,3.56855389222,-0.22098796619,1.51227362704,1.51227362704,-0.0618518015304,-0.299223397304,-0.644602195012,-0.6239357256,0.206150050026,-0.351592965073,1.18925966262,-0.162538150025,-0.807483321023,-0.709147989217,-0.450288359102,-0.632250185077,-0.597923204163,-0.175476727113,-0.18933079256,-0.0655068775127,-0.390094624003,0.245496243444,0.0958930667038,-1.36365765485,2.28654418538,1.56571253447,0.756512541802,0.0198161286746,0.272380710151,-1.02313445513,0.863157800709,-0.150216916759,-0.218562669513,-0.400658900068,-0.351590606147,-0.194856396306,-0.197246225517,-0.236779979094,0.0544847022164,1.99919534764,0.297820072971,1.96696412037,1.79220375595,0.175541489979,-1.28590591544,-0.269989651601,0.384161836414,-0.381055755168,-0.0455655706849,5.08914288631,1.09215610077,-0.654716381679,-0.538704219022,-1.31513884464,0.34911391911,1.08708787534,0.112608815106,-0.930502416643,-1.26769956679,0.624266429143,-0.491275183128,-0.39924385374,-0.56779100319,-0.0985427909733,-0.0844998221652,-0.841971036975,-0.634030556854,-0.6343689162,-0.574177146004,-0.13061307858,-0.102869213713,-0.405687140612,-0.616239070017,-0.512763347532,-0.151427116524,-0.507745335014,-0.179626731361,-0.786194199988,-0.534469719752,-0.528068193226,0.266372353732,-0.221523973134,-0.321495715028,0.425823257616,-0.965849481621,-0.75765988256,-0.0767771715366,-0.405347402161,-0.550964985067,-1.09178489515,0.187576385828,-0.427133375272,-0.426466459969,-0.429335984114,-0.614193115281,-0.608762526796,-0.550286186837,-0.447581996534,0.389116727688,0.425320357088,-0.674813596031,-0.670637672494,-0.641864818617,-0.657837346276,0.320880872121,0.539206838558,-0.335774292544,-0.098005018577,-0.172293506866,-0.654031423481,-0.473468602906,0.327806870191,-0.614172261448,-0.566885771816,-0.569421625384,-0.567020939963,-0.295158273834,-0.327235699826,0.397628515172,0.80728722652,0.0744451917353,0.107939574536,-0.516366084396,1.14515321014,-0.0083065604941,-1.03486664633,0.564827275144,0.382270512074,1.29527145472,-0.112775481141,-0.243832677639,-0.230930341546,-0.230930341546,0.230930341546,-0.375079261494,-0.0244558691513,-0.416481723345,-0.415008155145,-0.415223333005,-0.778766857603,-0.431397478968,-0.764661578309,0.0260841322836,-0.226124742749,-0.419258027246,-0.43302450875,0.035497221162,0.822771781074,0.804673397969,0.835876526188,-0.505461710118,-0.237690029713,-0.132840347726,-0.11676666579,0.198358219452,-0.139091714191,0.714283780179,-0.180249577566,-0.187320168589,0.903290969243,-0.578469782445,-0.713563271777,-0.193919779619,-0.54872400972,-0.811104822188,-0.24360573638,-0.404620782893,-0.0991440427354,-0.566974478108,0.960468924181,-0.460070365891,-0.603571192704,-0.0717613202559,1.7780197528,3735430863.36,01030319,0.12202381
337,600377.XSHG,600377,2011-05-31,-0.799058020236,0.00362853345403,-0.75025442192,-0.0239483885983,1.68640373084,0.636918699289,-0.701752927041,-0.620802605657,1.08256382238,-0.839267656111,-0.834703543102,3.43560473137,2.78365839854,-0.947406619303,0.134452461454,-0.507756299378,-0.374242645082,0.180172260958,-0.271022127971,-1.87496894235,-0.803211996485,-1.68095456664,-0.833724271332,-1.11245004604,-1.64633016228,2.46077150257,-1.25855493401,1.29851757207,0.157551884588,-0.223084405776,-0.309706993905,-0.253379466161,-0.187547287949,-0.297077569196,0.720977797453,0.444711197757,1.11245004604,-0.497993501764,0.722037392776,0.648994038405,0.000491763184961,0.0336997610163,-1.6730802896,-0.0142113532818,1.12042436837,-1.73894185373,-1.45723751035,3.16656788116,0.0074140160866,-0.217303615396,0.219685213188,1.11371814519,1.22598791696,-0.266603091131,-0.102364387354,-0.65565309869,-0.245665948838,-0.320614658595,-0.254693690898,-0.195802627846,-0.320787120754,0.268365247745,0.195312793149,-0.633662262854,-0.19413325775,-0.143847164132,1.46085293239,-0.155429357931,0.947406619303,-0.141617402814,1.46085293239,-0.750996915372,-0.24314314295,1.58160748717,1.58160748717,-0.147226887205,-0.107161461723,0.994511840139,-0.391664984576,-0.0367427154157,-0.428147688207,0.339723557842,2.10890734843,-0.982902331125,1.27367612678,0.59359410413,1.03850040917,1.1777445324,0.263949742039,0.257297581601,0.196999951154,1.47292611633,0.344662459428,0.797975433061,-1.12042436837,0.0492579340841,0.846853550926,0.0471130105995,-0.46901706061,-0.313530736456,-0.49464968591,1.68152624035,-0.175718631967,-0.420342001714,-0.201452792744,-0.00217031238362,-0.304892949515,-0.308343764303,-0.0431336318564,0.291424170681,0.44102315132,-0.0292215356757,-1.4287501236,0.601243060677,0.22656197275,1.48944360871,-0.615035689126,0.0391699334264,1.36449905144,-0.271962621165,-0.297708425896,-0.899571730328,0.500611790933,0.394245629964,-0.0729807679381,0.318986718627,1.71616410778,0.695375706228,2.91686040726,1.86565831458,-0.400176499538,-0.462290994852,0.768741020118,2.09051749183,-0.739572509747,-0.610804003333,1.32418138289,1.01510992553,1.14207502129,1.25851716933,-0.177404719775,-0.317577529153,3.3166608322,1.72500078311,2.14705938431,1.71299074411,3.05219993592,1.75775047024,3.62842821491,1.22858498412,0.861079140967,-1.03866379097,-0.0895501933607,-0.428194542944,-1.14432826912,1.89911844166,1.43451235963,-0.788225396637,-0.178518634827,1.22745805734,1.4756703735,0.187576385828,-0.511342013586,-0.516888994294,-0.52098298062,-0.403849751315,-0.464264211152,-0.0964691490051,-0.0865396283684,0.464383880245,0.51676126681,-0.523466920974,-0.532299683414,-0.554506241467,-0.432339389864,0.412086531451,-1.05404933251,1.74173446937,0.014454791183,0.439765572534,-0.420206536936,-0.0998324651613,0.517398748265,-0.404973303752,-0.407872334362,-0.412164084186,-0.408907837698,0.418379697085,0.935840379109,0.599246213308,-0.00774271207195,0.374383955508,0.336661569509,1.67314051725,-2.08610428534,-1.21408402529,0.47163545771,-0.0376551516762,-0.115570154813,-0.175036683071,0.68803784018,0.819799202948,1.78186639481,1.78186639481,-1.78186639481,1.02274844143,0.282835333973,-0.821128362519,-0.821566857355,-0.822294674412,1.16381416804,0.651558950992,1.04964500707,0.120730659792,0.806870158573,0.979599394416,1.00596303887,0.0102147266169,-1.30939704379,-1.72274079864,-0.852867487412,1.08486789103,0.873405565694,-0.231506422331,-0.264581704866,-0.764472133225,-0.222521495505,-1.27711340683,-0.153320612973,-0.134525164121,-1.38838407494,0.981404951933,1.35660242753,0.18483577575,1.45395777084,0.989567906601,1.2054856735,1.00806698239,-0.628725760239,-0.00185851367872,-0.514049891058,1.01210479052,1.02083004635,0.812351410304,-2.32697115028,34256683000.0,01030319,-0.16048358
339,600428.XSHG,600428,2011-05-31,-0.0609901043004,0.111946500957,-0.187301611872,0.0226756961537,0.390714426322,0.135240193698,-0.236365246657,1.5502395238,-0.637464882269,1.14919276542,0.455551880362,-0.647501462307,1.02560055041,0.741206355102,-0.336041365918,0.303159002577,-0.105795731362,-0.162494982524,-0.0987662677061,1.60363272296,1.16193702485,0.534728257783,-0.395084276268,0.00159673057739,0.0944397269854,-0.472643309148,1.28059659791,-0.858081386797,-0.20785628884,-0.053225583238,0.0153924019885,-0.051219346588,-0.0422213989339,-0.0033742483667,-0.500577823174,-0.191066892205,-0.00159673057739,-0.178806863539,-0.722984582812,0.812086435683,-0.653912638218,0.550304274123,0.294400847686,-0.195374693806,-0.910174830683,1.4390425429,0.537246600201,-0.592101595168,-0.263435657852,-0.209424233786,0.123171314364,0.149520405492,0.531145333342,-0.223559766902,-0.0263182943942,0.22258203776,-0.061685576883,0.0408298911855,-0.0517745463623,-0.0487877330621,0.0140436204501,-0.340961241569,-0.930595494695,-0.178125772172,-0.0925347473211,-0.0534702869089,-0.69078526941,0.106477690362,-0.741206355102,-0.0682358023824,-0.69078526941,-0.399461565368,0.352387489511,-0.619467437597,-0.619467437597,-0.140723989544,-0.10081201476,-0.379279219364,-0.436422444748,0.159810694276,0.215326693536,-0.450991364636,-0.919383790111,0.545719920187,0.335453282094,0.43062511198,0.559369852426,-0.480611822168,2.00774971773,-0.416255139709,0.989139325635,0.537951809244,0.480143064364,-0.941674466706,0.910174830683,-0.185619238887,-1.00961615307,-1.68254652054,0.713240844465,0.0150618190205,-0.0655904159632,-0.690077852046,0.123013549565,-0.282282458629,-0.379689836139,-0.404763259546,-0.488287204862,-0.210712593855,-0.613880760556,-0.217510813673,0.104234362698,0.320281721916,0.670418681763,-1.04689286923,-1.66053328612,-1.33294573788,-0.322521619045,-0.224496334862,-1.71589178375,-0.203330550366,-0.20456020614,0.885732165247,0.0277626070535,-0.00816794126161,0.613367660322,-1.21210252368,-0.800140821954,0.635686525042,-0.0740742007247,0.772555896731,-0.697997807571,0.188820670637,0.492700879166,-0.384066929834,-0.185501204204,-0.275759846765,0.480619851166,0.234876140357,0.662992476211,-0.336652056177,-0.0326030925142,-0.0673949184355,0.20978614027,0.222671013854,-0.0144975407817,-0.30961288773,0.100501772408,-0.396400788229,0.288681279213,0.619045285335,0.334504188534,0.136955956964,-0.15587448882,-0.508218663881,0.197580679795,-1.08138967063,0.398247840212,-0.354024696896,-0.0546634329871,0.563752533499,0.498818933058,-0.586284166169,0.0484176463514,0.0509496002048,0.0539949577327,-0.0222656244228,-0.0270362573342,-0.0950129950964,0.00872440676368,0.203061734584,0.331342565885,-0.0616980406645,-0.0877082226633,-0.153259942791,0.0614737415564,0.514996919164,0.174441179251,-0.265084967798,0.296361734136,-0.196968568397,0.0539922764397,-0.143890346098,-0.228086466788,-0.0218436316574,0.128860739078,0.12965806704,0.129172648314,-0.196023572232,0.440075748348,-0.162287317473,-0.623054197553,0.326778849358,0.311858497989,-0.109419660461,-0.792801882178,-0.112518101066,-0.567816772114,-0.0376551516762,0.382270512074,0.315066029528,-0.489123372491,-0.16648925363,-0.127013115285,-0.127013115285,0.127013115285,0.364724546904,-0.163612298071,0.458452301831,0.458204224728,0.456838347225,0.19252365522,-0.264788797435,-0.218558382307,-0.317798250997,0.223093480872,0.50482895621,0.310792391545,0.262544584054,-0.186959451371,-0.637962846221,-1.18368487814,0.0491339947504,-0.217772679056,-0.0543412562185,-0.0444903818272,-0.543350637782,-0.0536095798027,-0.541336132913,-0.0318661861541,-0.0162105590723,-0.534751536994,-0.309926942104,0.496788700288,-0.971884633341,0.534602269687,0.18419919195,0.188369489852,0.341956821262,0.430437674768,-0.364700026611,-0.349132912763,0.413431896947,0.0948223774384,-1.39826204128,0.0655735061188,12154309565.7,01030319,0.00417246
350,600561.XSHG,600561,2011-05-31,-0.358484993948,-7.27097479699,0.715957076917,-0.00528845129712,0.736776958434,-1.23461833496,-0.193445225501,-0.620802605657,-0.0481237247946,-0.660394745106,-0.552076164629,0.369074359576,0.507723044757,-0.0213930526939,0.161548822451,-0.547014784441,-0.555288238056,-0.933496280359,-0.402086369476,0.0632548594336,0.248818770828,-0.293002334469,0.272853630891,0.676490246589,0.343121139737,1.63100077894,-0.909084887883,-0.624961696693,0.276694181135,1.25621017753,1.2552957245,1.2711113587,1.25346447455,1.29564634681,2.16261658348,-0.194023754013,-0.676490246589,0.341394494288,0.328229206022,0.336400276956,-0.386544777348,0.232672550464,-0.1322684564,-0.164896044653,-0.369877940214,-0.1297588059,-0.193127862817,0.48864413233,-0.29477777115,-0.190129315022,0.143843423069,-1.50977066712,-1.13244663109,-0.983760412566,-0.0780848981149,-0.225372733434,1.25666887865,1.32397161857,1.2676083708,1.22923682127,1.30721601712,0.161678560337,0.582633978537,-0.386821041809,-0.179642314828,-0.144210295726,-0.556626872551,0.65800945302,0.0213930526939,-0.141844831078,-0.556626872551,-0.630608096878,-0.250925991929,-0.557287070973,-0.557287070973,-0.137395002187,-0.234162181025,-0.0686739967366,0.333522883179,-0.125753521104,-0.288483003194,-0.826070997241,-0.162538150025,-0.618303958588,-0.546964486326,-0.583893568883,0.0827218374249,0.367229529522,-0.0308553575187,0.595621153713,0.512623997352,-0.163264488001,1.41035010444,0.113885567283,0.369877940214,-0.0311992234774,0.469778788096,0.557243010566,-0.402381652486,-0.222390014602,0.602599926598,-0.566518604697,-0.174542339405,-0.0698831615752,0.794577743872,-0.169284365923,0.419514359107,-0.106348239238,0.537805409855,0.157989397542,-0.0774359382187,0.121720745238,0.176496609914,5.33158058594e-16,2.29886829141e-17,0.0782489354103,1.59350272635e-16,0.0,0.0,-5.97388516103e-17,-8.16866495076e-17,-0.0273867449862,1.72056268534,1.7332181405,-0.249412087535,0.0332627483502,1.71616410778,1.22847755346,-1.08186394083,-0.571112403271,1.78904400559,-0.336490663972,-0.632202585411,-0.20717153885,1.0750110159,1.10239749361,-0.208977179106,-0.216463434068,0.350929534003,-0.507189092374,1.26922820794,1.26034090223,0.0768770423215,-0.0979887816472,-0.380190417411,-0.965159670012,-0.343732595157,-0.0263786065655,-0.580702842884,-0.0601736308453,-0.659855882934,0.714905891085,0.392361366235,1.04224867927,1.3833926933,-0.138877340406,-0.578195077522,1.30970322892,0.423701381327,-0.462574876039,-0.539175557366,0.299698227169,-1.02981593164,-1.03030441797,-1.02994258287,-0.700076626812,-0.623717479661,-0.592315217225,-0.518627507718,0.611043962664,0.6270071508,-0.860708123813,-0.858505932707,-0.842423222698,-0.841231554919,0.373980324874,0.688075727203,0.372633726161,-0.132334671353,-0.43343325801,-0.896816414843,-0.527683496048,0.509847056777,-0.700486809651,-0.804011171981,-0.807613299106,-0.804766992563,-0.324143350437,-0.536262418549,0.603042003811,1.38411134824,-0.976909588319,-0.455915422974,-0.281258199711,-0.140781183355,-0.262358768069,-0.384489381919,-0.539723840693,0.382270512074,-0.501771824803,-1.25900399041,-1.18985141758,0.26627361795,0.26627361795,-0.26627361795,-1.00249739348,-0.767931540365,-1.00304467287,-1.00224402039,-1.00149054179,-0.487379703756,-0.556353990117,-0.0374503081257,-0.756327161786,-1.07901832861,0.0510856469682,-1.24274923565,0.90998768196,0.454279925872,0.793790408773,0.186844312006,-0.533072190816,-1.06994271592,1.25919941809,1.27866125934,0.634743687282,1.26139493114,0.158452035211,1.24369651199,1.27473247637,0.20068572647,-0.222835712418,-0.668639107519,0.314087441512,-0.768096447862,-0.183080795103,-0.818575531959,-0.58391960822,0.0261333528031,-0.425844594115,-0.188863505175,-0.220251107356,-0.16813552549,0.591489040254,0.506910094339,2042964000.0,01030319,0.03454545
377,600798.XSHG,600798,2011-05-31,0.328723438186,0.0749198379223,-0.665177952234,0.13761611765,0.119694450737,-0.274944281624,1.6097567091,0.820963344578,0.321133317379,-0.483825959734,-0.928734580174,-0.277837527077,1.17551245994,-0.88484542319,-0.0162608650936,-0.387420508209,-0.617717752875,-0.809755331324,-0.41332044732,1.25026392036,0.169175596542,1.18129140657,0.648209576392,0.829671678374,0.326542378887,-0.478486764948,0.733353442512,-0.0619921546154,-0.329691066665,-0.882530550559,-0.908206248097,-0.877961350406,-0.889247470459,-0.88075095339,-0.362508555305,-0.181694696293,-0.829671678374,-0.430580402074,-1.09773753472,-0.429227921376,1.3588929918,0.258169408443,-0.666066849824,-0.201560188746,-0.24377543718,-0.0893771068654,0.677703227704,2.14787220221,-0.256699080651,-0.210595610783,0.096812393147,-0.88092987143,-0.501975876511,1.75921013631,-0.602877545562,1.81998265721,-0.877696422423,-0.906962732172,-0.87774784342,-0.884198286658,-0.847184566151,0.193121755302,1.21742246066,1.4929130024,-0.188931899746,-0.00937124307774,-0.846088196209,3.3135389019,0.88484542319,-0.0868820411426,-0.846088196209,-0.736550257153,6.41923501141,-0.908358521472,-0.908358521472,-0.128710687345,-0.018799306497,0.037902850717,-0.373089175943,-0.0491292925019,0.449493495538,-0.265756237932,-0.162538150025,-0.417402814536,-0.020304079087,0.176628394484,-0.0339576245806,-1.27779598618,-0.962550719329,-0.738075122938,0.0515049640044,-0.28024933544,0.318125021348,-0.679283833257,0.24377543718,-0.0824320323282,-1.00917570948,0.198557854339,-0.412533140443,-0.251547422744,-0.743213434097,-0.728725379185,0.409283180494,-0.282282458629,0.480041784941,-0.298417952748,-0.057310704796,-0.217445778024,1.04740106048,0.256162020717,-0.0788334020719,0.119923813322,-1.05830856971,-1.74610205162,-0.776619987197,-1.33294573788,-0.432752632697,1.09297894727,1.36449905144,-0.176534179329,-0.258712725682,0.407390014385,0.024610279161,0.4790592526,-0.119893141935,-0.836919683974,-0.171064589521,0.771923663779,1.04685055618,0.0456112637961,0.525642357242,0.388893886572,0.325162065293,0.332944719283,-0.641840487797,-0.577570878492,-0.00983340664094,-0.0159322787215,0.00282551959745,-0.208585134973,-0.867762991421,-0.881899638357,-0.249544153085,-0.216980090675,-0.314510285573,0.740082012436,-0.247168814106,-0.187192625061,-0.360875120194,0.19712796213,0.085424735227,-0.687829885711,-0.376152127083,-0.468206603412,-0.695713547194,0.387218126035,0.00458310658028,-0.648994699796,-0.39498628489,0.394600791608,-0.133508558499,0.880093641167,-0.380566206184,-0.380177913803,-0.388270320482,-0.552098436579,-0.628077112062,-0.295733473149,-0.505311756723,0.11763914499,0.109520156201,-0.511835316441,-0.494251613996,-0.421777484779,-0.569579630699,0.0364395635363,-0.205737477375,2.21055616956,-0.703669087111,-0.623317398406,-0.667844083148,-0.141804359001,0.234521269451,-0.552526619997,-0.148101973867,-0.152150665239,-0.146682112714,0.00555185158923,0.492939385986,0.263967711526,-0.510135324149,0.331619145067,0.289522278066,0.12187144733,-0.0332347284899,-0.627772184808,-0.0662251007193,0.263586061734,0.382270512074,0.805168742126,0.437139245946,0.455454147699,-0.210946259573,-0.210946259573,0.210946259573,0.397469421875,0.390598555501,-0.18140641362,-0.180129162656,-0.18097978289,-0.157140929396,0.0684285656293,-0.337160500746,0.376276284065,0.270706472315,0.227049515674,0.381407920054,0.0755003326353,0.201204616745,-0.399657391639,0.980806049743,0.319955314676,0.522095007778,-0.881219933941,-0.87632641561,-0.719076329525,-0.884975459979,-0.0974704948459,-0.895511656185,-0.901173458917,-0.0160056100865,0.394596692628,-0.124950313837,0.736251466706,0.0373801326685,0.719354004611,0.548249127772,0.308567840754,-0.0251164908263,-0.235983309911,-0.382600853089,-0.447816827134,0.472294205835,0.591489040254,-0.0580939201654,4015981677.0,01030319,-0.00433839
401,600004.XSHG,600004,2011-05-31,-0.315895831905,0.526768249895,0.355739683993,0.864650405417,0.00281756564219,0.0387924259418,-0.826445406807,-0.620802605657,0.304702676158,-0.849939395886,-1.12694773218,2.0997736927,0.60312153264,-0.479815610421,-0.10053652094,-0.613299038205,-0.0558521195073,-0.162494982524,-0.0725534194049,-0.121998531305,1.47680538831,-1.27470029947,-0.601009797052,-0.44949274549,-1.49712131462,0.637613292898,-0.419259731948,-0.246746763785,0.15110916153,0.268394222231,0.314138164719,0.257838048067,0.282360945861,0.264747078692,0.939179910161,-0.196021395771,0.44949274549,-0.370698466109,0.448912360028,0.100822369777,-0.403794316759,-1.70660424709,1.02361747649,-0.205124391623,0.156462942014,-0.109844543362,-1.62578546335,-0.583307100098,-0.296321317581,-0.18685427975,0.109596982114,-0.0979960959183,0.282987267764,-0.928220639367,-0.0593054343075,-1.0938564735,0.260119252034,0.2914065067,0.252855541323,0.279533289061,0.25056528222,-0.126200170749,-0.999411146502,-0.725458649144,-0.193121320395,-0.147544244057,-0.129361543424,0.163794061724,0.479815610421,-0.145667928974,-0.129361543424,0.0580159449127,-0.250971391882,0.0226961717023,0.0226961717023,-0.143742822798,-0.23675379203,-0.157516732255,-0.752064925308,-0.102676280371,-0.356740255034,-0.556559907599,-0.919383790111,-0.703516214512,0.168038053303,0.078259723547,0.0256233772945,-0.0433603074598,-0.206069709143,-0.315170657797,0.00916515292916,-0.807306581967,-0.43051007397,-0.311187258904,-0.156462942014,-0.06727866633,0.266734296153,1.11519769803,0.515416976597,-0.305764956183,-0.269540158065,-0.208535305869,-0.184598487579,-0.351312230171,-0.599865007391,-0.564281219742,-0.690020885744,-0.257844883037,-0.634264586581,-0.0886169448711,-0.112372534549,-0.46407905926,-1.30526960563,0.243954852096,0.0701875060743,-0.909587335896,-0.263100213248,0.314821032091,1.10779981517,-0.266312783898,-0.272986623497,0.986020281228,1.62914517646,0.886886459313,-0.607373897817,-0.197512530081,-0.171064589521,-1.11808185958,-1.04479581246,-0.764699650526,-0.556103885943,-0.51513262161,0.205491483955,-1.01620781232,-0.764967444584,-0.746449410851,0.170238259273,0.173179580862,0.0555685520832,0.0421233143901,0.336922913524,0.182042674772,-0.154360664949,-0.14178236694,-0.408621919304,-1.09088210133,-0.704788260233,-0.7454401098,-0.511003263342,0.215064961322,-0.0106197722262,-0.469636540058,-0.877440406719,-0.666599736568,-0.388766632194,-0.688871435155,0.212993847915,-0.608694271416,-0.802895501761,-0.929429188057,0.296040716671,-0.720390682283,-0.612461290684,-0.611560756813,-0.610565708283,-0.511850918453,-0.466457400458,-0.52593630199,-0.570331161617,0.2648769467,0.350948648317,-0.620672768288,-0.618477561133,-0.581561965327,-0.601818769419,0.413593460217,-0.071696064365,-0.880082093088,-0.0411711753449,-0.471794366785,-0.695632718662,-0.469346476941,0.0681175264176,-0.511968549136,-0.265549638555,-0.267592949382,-0.264962439118,0.140111482457,0.238730305463,0.241070523653,0.102744488106,0.316725927501,0.278735408806,-1.14259609174,0.467645458257,1.42325607289,-0.23680720742,-0.238482627283,0.382270512074,-0.0116691122047,-0.0732503601316,0.0278281091697,-1.01270762834,-1.01270762834,1.01270762834,0.149496926489,0.0241432307535,-0.725300598262,-0.724404917199,-0.724234673787,0.231375275733,0.110080736012,-0.955461147863,-0.0149293629701,0.16927009924,0.140727617818,0.16799210056,-0.171911650537,-1.0571628269,-0.776294174568,-0.391298461307,0.113899319843,-0.15813315449,0.265125768149,0.255562854328,-0.47159598032,0.269359124589,-0.181445075021,0.295358420489,0.301525019744,-0.20971453216,-0.890627530493,-0.655678317438,-0.735910656406,-0.977412937415,-0.918932114021,0.405254558424,0.0511388010385,-0.924835967875,-0.140128736223,-0.513060798867,0.275141959544,0.0198935126255,-1.39826204128,-0.371772990012,9315000000.0,01030319,-0.02592593
406,600009.XSHG,600009,2011-05-31,-0.290275920873,0.339326379355,-0.567430518978,1.23512474069,-0.00543514158525,0.380825482491,-0.659113428899,1.99228160686,0.876316036526,3.91717526962,-0.0877979190846,-0.378654963958,-0.650687165254,-0.649701617108,-0.162874441631,2.15648665156,-0.386728548046,-0.457569553301,-0.308469054115,-0.189326305472,0.491452627374,-0.688027214643,-0.933270469539,-1.48794349083,-0.00503283811521,1.16352431492,0.904189712527,0.854042478284,-0.102945679048,2.00924334874,1.89737161198,1.98629597491,2.04762043218,1.9444681338,1.55804624707,-0.180788277346,1.48794349083,-0.548262488908,0.194842562122,-0.148346570509,-0.205424613533,0.119620679687,0.825982777193,-0.210057701002,0.300010455349,0.525752335964,-0.474041117824,-0.490476318803,-0.301948868489,-0.163963911584,0.19576491349,0.847963585786,0.702803544117,-0.983760412566,-0.0298729243954,-0.431370981956,1.96853139476,1.82928805366,1.98769168379,2.03800238599,1.94390853795,-0.0184041701223,-0.782325677338,-0.581242342532,-0.18192929325,-0.128604215117,1.29752966665,0.144319773385,0.649701617108,-0.127427606481,1.29752966665,-1.6707304775e-16,-0.205707639361,1.17330808862,1.17330808862,-0.136299124362,-0.19148305979,5.26774411308,-0.463993625279,0.0329721449133,-0.2727088357,0.686596541627,0.59521606826,3.24978204628,0.492405059086,-0.00542705620577,-0.00416712364305,0.807147212003,0.733969193221,-0.201708484223,0.169286620268,-0.298415760178,0.184739477313,-0.173994441987,-0.300010455349,0.0323005959434,-0.347519336334,1.09925613553,0.666908412254,-0.278942046406,-0.562972849514,0.755678181439,-0.131373171213,-0.239802599218,0.175990357974,-0.237649206007,-0.00229242819184,-0.220812370108,-0.012557892819,0.085130155296,0.531858301778,-0.260127286835,0.608678422782,-0.309265599901,0.562502034635,1.48944360871,-0.66656294681,0.106798619124,-0.227036213408,-0.269164606519,-0.279461381268,-0.69314779481,0.322505265005,0.174091120146,0.754104782313,-0.61878583423,1.08708787534,1.12686925266,0.898191916355,1.26037707829,-0.978277284634,-0.335783028084,-0.193410453839,0.062724002541,0.764884993497,0.402467190823,-0.000991177884577,0.118648976198,0.0282593819295,0.0304950038166,2.07813913739,1.90343428584,-0.166372730443,0.119046924133,-0.238412741851,-0.218031985914,-0.127894409396,-0.322896148974,0.153267319227,0.181214274634,-0.0918660552097,0.378093345149,0.382817608604,0.737156718198,0.319572402423,0.532265251283,0.571923457991,1.12822991438,0.728637032704,0.00463533787468,0.891107434551,0.462384820486,-0.596022438812,-0.595516325064,-0.595799954196,0.620229707366,0.136837777773,0.743948686266,-0.321430997254,-0.365135399143,-0.270164366737,-0.348188069346,-0.322675273003,-0.189466313872,-0.414478523754,0.108570783603,0.0545900565114,0.279980218369,-0.395847698503,-0.637196888014,-0.137343364702,-0.00996273275686,-0.648848947838,0.622698823059,-0.901675697102,-0.897242047353,-0.902531446079,-0.150795373493,-0.369112369703,0.299121629377,-0.847879118999,0.200346070233,0.220338303706,-0.524333954406,-0.853443491173,0.534034330452,-0.402495892854,-0.13806888948,0.382270512074,0.151698458661,-0.985765110392,-0.810804719754,-0.510707489173,-0.510707489173,0.510707489173,0.0864753832024,-1.24184822888,-0.708684661874,-0.70762150609,-0.70749231411,0.328504327016,-0.098180115903,0.322782854153,-1.46302123385,-0.482820870533,-0.165825788669,0.0236225756084,0.0132182605642,-0.582085894129,-0.969200492851,-1.64052794152,0.35455363308,-0.213496637672,2.00175226762,1.97965337802,-0.0183701336979,2.00965680033,-0.221432970342,2.08219457742,2.10810731176,-0.360741827335,0.0481785733668,0.308351166007,-0.229625424161,-0.365184567907,-1.30816496288,-0.212194795414,-0.140513947076,-0.56608706247,0.0562506589923,-0.573084407363,0.0283206788624,-0.0423115826908,-0.735011680766,-0.604120149986,25744164865.3,01030319,-0.04191617
423,600317.XSHG,600317,2011-05-31,-0.211883203588,0.180112094745,0.0100033922923,0.352207193718,0.0400005304752,0.0564307336638,0.794276307129,1.32269043463,-0.385816640413,-1.04215198161,0.435783991886,-1.00876394446,0.398696201461,-0.730060394875,-0.0825356318209,-0.214455588515,-0.224411809518,0.0564313119227,-0.199872968296,-0.227274687276,-0.666151650039,0.485318955019,0.111110471089,0.476558637572,-0.320029294267,-0.355774193143,0.589454011752,-0.192094222329,0.0476409524225,-0.483823730984,-0.49002936219,-0.486670405465,-0.486698438719,-0.504977169291,-0.408030030542,-0.205494793798,-0.476558637572,-0.32722589501,-0.519728744488,0.173307879678,0.86189063752,0.0553172046946,0.905406067564,-0.210272684668,-0.0224730207889,-0.160736547625,-0.614497745328,-0.248139121317,-0.228176197035,-0.213411814276,0.177230729071,-0.444240043943,-0.858726418905,1.35793527495,0.774603390119,1.40554831108,-0.4812058551,-0.481953900079,-0.482372867315,-0.493405116423,-0.536535048803,0.0378755495737,-1.1449839674,1.12966510383,-0.109899592331,-0.140656180996,-0.603290662763,0.375244999319,0.730060394875,-0.138669471906,-0.603290662763,-1.6707304775e-16,-0.232085011692,-0.518217991058,-0.518217991058,-0.120626003766,-0.252880680512,-0.165781172769,-0.650409909558,0.0311110771123,0.0781276567806,-0.498254700586,-1.6762294302,-0.23770280593,0.0267814540105,0.448243381401,-0.108433876925,-0.931194175739,-0.726150403646,-0.601920514648,-0.0177783632097,-0.80277459783,-0.369753307839,0.695643086016,0.0224730207889,-0.671609334113,-0.466273937505,0.581155354314,-0.661114448093,-0.24187592952,-0.562208037981,-0.642403165284,-0.163455974217,-0.0274033021645,0.322773805475,0.278885141295,0.107744125016,-0.0760489104784,0.272815671531,0.146141825756,-1.93746032683,0.130705404816,1.34956153056,-0.850960625815,0.0271182673711,0.830886094501,-0.205831756937,3.69539925764,0.440381800882,-0.224315660214,0.112408617487,0.674630066883,-0.197628837262,-0.0117770315865,-0.207598884625,-0.0111206618558,-0.800140821954,-0.291546175063,1.83532053675,0.941156611469,0.114383875598,-0.234258940599,0.0219965925697,1.42358284678,-0.372500269825,-0.347651912749,0.209156974164,0.151727948336,0.722299086072,0.612947231799,-0.477694313638,-0.484002979049,0.146295491709,0.0809047853627,0.354465954851,0.655610666707,0.0266562029294,-0.394797990702,0.179724900769,-0.394724809695,0.352411767561,-0.490706069311,0.373081047788,-0.639925029589,-0.209058395633,-0.888264873374,0.0566857919139,-0.303042227259,0.122910176858,0.78709502197,-0.168447444201,0.00290511773781,0.0418196049016,0.0429247801685,0.0378812487808,-0.380284545566,-0.489953946866,0.0075131445573,-0.523643628452,0.457396204387,0.322198080295,-0.443551295,-0.432070305807,-0.425644664393,-0.480100228521,-0.187570235484,-0.111560332481,0.390306057348,-0.483264031554,-0.431478374121,-0.645980095333,0.0280206590977,0.243583299237,-0.381610864558,0.062388662081,0.0606478382131,0.0632537955206,0.0395303968348,0.0962494969623,0.0660600924949,-0.687843788224,0.319864141203,0.279722149445,1.21585164188,-0.28964628068,-1.08100069887,-1.57066429187,0.0627585861271,0.382270512074,0.478433600394,0.590943521179,0.448422927334,-0.246917607125,-0.246917607125,0.246917607125,0.281792803258,0.236349238412,0.46245932187,0.462953047239,0.460011024384,-0.234844170422,0.193385076779,-0.357130008501,0.259545566804,-0.11433771936,0.137407544824,0.164853632627,0.772518243604,0.51801602662,0.234756860853,1.05642145334,-0.106984525735,0.289388334566,-0.483674637937,-0.490727421483,-0.143574689065,-0.488447815249,-0.425371236481,-0.492742053452,-0.486606807242,-0.249112956988,0.482747113218,1.04001034495,-0.277077492888,0.657368982403,-0.0517940725118,0.280209098199,0.444460991421,0.903075121572,-0.344219099366,-0.382498982484,-0.411056210862,0.398779093189,0.591489040254,-0.119247530393,6420794012.1,01030319,-0.00854701
465,600708.XSHG,600708,2011-05-31,-0.423824664901,-0.23530969537,0.270663214308,-0.0145962556562,1.02839183841,-0.84950277359,-0.732750720099,-0.620802605657,-0.502993055435,-0.763959128834,0.120032043535,0.184242391961,-0.500775255723,-0.476040365828,0.370391717029,-0.742453764424,-0.024637362098,0.313431744534,-0.139957886465,1.35758031191,0.870220746943,0.518258490195,0.199086947352,0.526292868671,0.475751226538,-0.51822226439,0.555428530587,-0.675261380865,-0.0128437162845,-0.0368233970725,-0.0146867737541,-0.0210395702302,-0.058316667784,-0.0224689422818,-0.547604140568,-0.178214223539,-0.526292868671,0.266756375739,-0.0401720009408,0.793965058208,-0.152597899087,0.0643920403991,-0.556351885916,-0.151898961992,-0.632549952462,0.414564370129,0.593429251202,1.29480618042,-0.269615903831,-0.208003924481,0.179038216837,-0.981797498321,-0.609822013281,-0.741468151984,-0.0577590943497,-1.03291024613,-0.0240853924748,-0.0271992766432,0.00434400305543,-0.0702573168336,-0.0289385796794,0.235324866699,0.52928543895,-0.721274899635,-0.187393754967,-0.147544244057,-0.679848443579,0.905808707203,0.476040365828,-0.146505671058,-0.679848443579,-0.11534395372,-0.241229859243,-0.771341607406,-0.771341607406,-0.138129033561,-0.261244516029,-0.40734388194,0.440882281108,-0.0496346155472,-0.138653334325,-0.818640953162,-0.162538150025,-0.910736927783,-0.829477684911,0.0459595629407,-0.448542095962,-0.0673558174133,0.0108623452489,0.237699569801,0.648111392793,-0.556084556818,0.027609909732,-0.190112723756,0.632549952462,0.0691016276531,-0.0794543603924,-0.877497614339,-0.811825000061,-0.272986693436,0.530452705329,-0.698540814194,-0.184844509553,-0.0645731791489,-0.086122941136,0.187732021183,0.914678848544,-0.15348052842,-0.0635174578814,0.233486752293,-0.0774359382187,-3.11717997879e-17,-2.74181828269e-17,-0.593559443288,2.29886829141e-17,0.0782489354103,0.0496515819956,0.0,0.0,-0.273065684631,-0.331112289853,-0.80016076988,0.262611035047,0.767786478591,-0.0954171207192,-0.322035216303,1.08708787534,0.0233028646288,0.661110345312,-0.108744792217,-0.0317980491562,0.157193678945,-0.691240072204,0.385297950806,0.213122318394,0.0687794883297,-0.596744408071,-0.679037376388,0.113703094556,-0.337723312129,-0.0704029918684,0.0662497610268,-0.0331764520335,0.0434682231987,-0.299309145846,-0.247153760377,-0.774559120421,-0.625859350254,-0.740410990615,-0.190052054654,-0.0417277129645,0.398113146967,0.67819208722,0.830518192624,0.736705389475,0.194319470226,-0.890811189524,0.364949511818,0.568278817709,0.517639823375,-1.18101173301,-0.0740412439665,-0.111910137408,-0.111507593497,-0.113466253744,-0.242228970097,-0.535571520256,-0.0758043747045,-0.353205396409,0.598403617243,0.332734598954,-0.543517879723,-0.518670132073,-0.497370675533,-0.645862325942,-0.527501389577,0.0106587088414,-0.425903181595,-0.747249977373,-0.855669577764,-0.333210006747,-0.14879548311,0.284273589846,-0.241929979278,-0.362491903687,-0.36481914347,-0.36148994293,-0.693373049026,-0.222489158876,0.290550489532,-0.970738851023,0.126731023406,0.18241606687,-0.322239796864,0.212269279974,0.190372292923,0.806674898741,0.564827275144,0.382270512074,1.29527145472,0.0814131568618,-0.216346998032,-0.132608658237,-0.132608658237,0.132608658237,-0.541271843007,-0.535199204796,-0.283902147151,-0.282732037116,-0.281875221714,-0.992450770424,-0.431397478968,-0.721119672588,-0.551259685518,-0.799550770136,-0.12377153074,-0.778255981461,0.18587195373,1.67951768079,1.13911192377,0.213624767445,0.0298748322888,0.0769365942246,-0.031163792499,-0.0195826693853,0.175660317602,-0.0387218757572,0.466358829186,-0.0886020199517,-0.0711090875589,0.627501995444,0.0412294891159,-0.218400880364,0.2796784136,0.271534243409,1.16250049939,-0.19903211539,-0.323485560259,-0.0934496156655,-0.433299949847,-0.0631287466317,-0.957213938328,-0.0112090350327,-1.39826204128,-0.247880049419,3603213979.12,01030319,-0.01739956
487,601107.XSHG,601107,2011-05-31,-0.933171456087,0.0136817424238,-0.428049919706,-0.0432864334123,-5.90868878057,0.19753719544,-0.487433344273,-0.620802605657,0.836104204064,-0.074055406319,-0.015137572256,0.201045298108,0.0,-0.162155743949,-0.357273183854,-0.0838784534168,-0.0558521195073,0.0564313119227,-0.065064034176,-0.0722167831331,0.328461945114,-0.61965272496,-0.629584680781,-0.4952482381,-0.270293011717,-0.0180224478892,0.926164502446,1.22016614096,0.30083035259,-0.362877988463,-0.318196345029,-0.351210127758,-0.377043145534,-0.337714994708,0.0964683024605,0.558576777941,0.4952482381,-0.532220497883,0.261535884072,0.0,-0.241001788568,0.231287936356,-1.72442837035,-0.0336654891971,1.29387761365,0.177805915515,-0.30549316482,2.74736361615,-0.269267136273,-0.208095628133,0.160857599495,0.537451343227,0.013651803357,0.270049967406,0.0196945366644,-0.176006289262,-0.356697460024,-0.319166587617,-0.338023138297,-0.372133688339,-0.339797328878,-0.127750959698,-1.91611699339,-0.481324560135,-0.18004708977,-0.143418268549,1.69781749206,-0.270172750022,0.162155743949,-0.141064665769,1.69781749206,-1.6707304775e-16,-0.237701634372,1.61187226738,1.61187226738,-0.136288785892,-0.263306024783,0.0826685701644,-0.19639959461,0.0724785470946,-0.32965799991,0.92294761973,-0.162538150025,0.0327135995328,-0.456281237397,-0.569211677698,-0.393926177576,1.05776698263,0.54206776049,0.173748162878,0.243188835963,-0.972295821893,-0.95637036014,-2.15991669343,-1.29387761365,-0.450442349426,0.865242070533,0.732600198054,-0.816510302194,-0.164027555496,-0.622628149079,1.94133917827,-0.170836633427,-0.271662493776,-0.442597027925,-0.27562967272,-0.295723236747,-0.200612817602,-0.450810152356,-0.166482484286,0.0888622603125,0.497279515606,2.02870437935,0.286214747735,0.414078812027,0.642726804728,-0.61790628844,1.84631114238,1.36449905144,-0.256950196427,0.217917738443,-0.622098196607,0.0829283451728,-0.179599731694,-0.153547671107,0.539196715418,0.772549759128,-1.26343185041,0.344100622467,-0.341329711717,-0.346771369694,-0.561172278922,-0.143946613552,-0.45560550707,-0.42405968298,-0.33069623681,-0.807086185568,-0.766346445407,-1.07031938138,-0.554773590619,-0.354403699551,-0.322849960761,-0.923528967498,-0.884997128716,-1.47644866833,-1.11715328134,-0.361154443443,-0.719562685219,0.0187590863088,-1.22012231245,-0.395647116478,-0.365713523881,-0.520658113847,-0.833316655186,0.212009808278,-1.79439556732,-0.452762686904,-0.110522710963,-0.213108826332,-0.106846248113,-0.189565568154,-0.414803702943,-0.677182434069,-0.672042760676,-0.669355133019,-0.213506950656,-0.281570395684,-0.120698787507,-0.186756396019,0.281887015973,0.285563570127,-0.288654580653,-0.291977785076,-0.304688740068,-0.239572636188,0.16080862153,-0.423913190285,-0.286796688969,-0.32781479182,1.61422112445,-0.514418594283,-0.112386746281,-0.319417512083,-0.213822500692,-0.304204198895,-0.299663948992,-0.304194157876,-0.536807718416,-0.38317870608,-0.0436749864976,1.06452255955,0.275929149382,0.22352278486,-0.769861361413,1.94971097189,0.360062312702,1.43368847534,-0.0376551516762,0.548217401036,0.478433600394,0.0685245304457,-0.00668879080125,-1.35323638517,-1.35323638517,1.35323638517,-0.046478682008,-0.200438945204,-0.320951486324,-0.31921604457,-0.318546968819,-0.312547411448,-0.306440967818,-0.775540072394,-0.245235913241,-0.0025506959702,0.0267384450089,0.0534380209789,-1.13129320268,0.24662359763,0.292959513853,-1.3112858717,-0.718505542659,-0.125950316705,-0.35940329266,-0.347962938708,-0.156021925564,-0.362048927511,0.942214783511,-0.385608628159,-0.399189866467,0.863892544414,0.0116183390364,0.00380114709953,0.0142922515024,-0.450982803503,-0.358918913722,-0.380018965716,-0.227325296397,1.0112692359,0.137183870709,-0.580848805465,-0.411056210862,-0.30102822912,-1.39826204128,-0.772892908246,18440101800.0,01030319,-0.05353119
491,601333.XSHG,601333,2011-05-31,-0.0574042239848,0.111165073287,0.1403333033,0.100262697093,0.158676600878,0.798890903817,-0.696703512788,1.47190295212,-0.371980310963,1.28113427536,-0.607105692007,0.889964450128,0.248784291931,-0.639454524641,0.246964806115,0.266247492165,0.162651182358,0.817914075217,0.0585108221008,-1.57383017062,-0.885633421036,-1.20283222273,-0.900580181361,-1.34371422065,-0.867128402321,-0.367461104744,-0.495817064568,-0.510336454878,0.108125621129,-1.13342204232,-1.22386963861,-1.14282692968,-1.13117843467,-1.18914250031,-0.35122223913,-0.1873400143,1.34371422065,-0.383923924359,0.210721924491,-0.257074835361,-0.419965759957,0.163660140106,1.1215112995,-0.2016695664,-0.293618323755,-1.57686188364,-0.951593651336,-0.460672752176,-0.28287119214,-0.20275620256,0.206821319456,0.934780463912,1.06141993663,-0.983760412566,-0.0184586366002,-0.583127088116,-1.13507595676,-1.22279304614,-1.11661302409,-1.13806025464,-1.21029149743,6.2777834956,-0.321438227104,-0.508149777577,-0.19504400137,-0.141768450207,-0.388199754756,-0.0908654531237,0.639454524641,-0.139582063799,-0.388199754756,-0.784705784551,-0.234478237754,-0.226575563527,-0.226575563527,-0.15038012057,-0.284345194125,1.0878311476,-0.925756049342,-0.0261851612544,-0.320224070794,-0.659686167554,0.59521606826,0.47487958781,0.759223079972,0.929809412259,0.973954323807,-0.0753543207311,-0.197726168589,-0.547252376472,-0.177899830549,0.79951753492,0.99203627786,-0.33030429077,0.293618323755,-1.17239200091,0.102228617756,-0.000711676897274,0.00367786576958,-0.284087471372,-0.0375473264242,-0.454525405615,-0.167200121129,-0.165462845249,-0.599865007391,0.218116394554,-0.937603130463,-0.140014160082,-0.399850587293,6.21082872232,2.14592905223,3.41639541256,0.5469381638,-0.105649739097,0.522745814294,-1.238866093,-0.192914060025,-0.227920572112,-0.124356518902,-0.265774704158,-0.334791129496,0.870235750824,0.847367859112,0.275145649243,0.307417395124,-0.150637743418,0.458011642912,1.44171829236,2.1793591032,0.559353053856,-1.13849267417,-0.554817997487,0.277293832757,2.41634319361,-0.70417350967,-0.634541949649,1.28961924056,0.562106000308,2.11922760314,2.01765751607,-1.13896775879,-1.09288286625,1.41487259665,0.916527873131,2.13748258845,2.06040773608,1.45444344364,0.294577289528,1.77543484853,1.20596481404,0.823882047553,-1.02494235377,0.144320069408,-0.404854174337,-0.765235711703,0.696977636916,0.867172008216,-0.631757769585,0.0428904711649,1.28053426903,0.40340039394,0.897681380985,2.33961928704,2.33384135713,2.34808295213,3.17400677524,1.39291053512,4.61976553628,0.391534287902,-2.29587809267,-3.44158633096,4.16440569736,4.26416427745,4.26655621986,3.911907717,-4.85471010641,-1.76878474773,1.59050980679,-0.104471151926,-0.307688281399,3.56953655634,6.43444819689,-2.0444015349,3.17063392452,2.97518128946,2.99816291514,2.96870757328,-0.417056304902,0.792879490869,-2.32604708248,-1.07802695083,0.395128079975,0.326547477958,1.1359500643,-1.58507962781,-0.698810433589,2.36071994862,1.66937839098,-3.10261415613,-0.338404253937,1.28177389708,1.064613512,0.0112767319707,0.0112767319707,-0.0112767319707,0.792382486856,0.149414202558,1.59468002473,1.58163840809,1.59283495657,0.19252365522,0.734863291759,0.468071496591,0.0765622802881,0.448737657714,0.694073116894,0.645039226488,0.391036426435,0.389188732074,-0.121607687301,0.396361992797,0.641907154411,0.457841859614,-1.13432690157,-1.15150330924,-0.657572337415,-1.1341571848,-1.42106982998,-1.13461756444,-1.11811230484,-1.35555205425,2.65689647789,2.91818298686,1.24532468096,0.884661194838,2.47386115636,0.901248273861,0.80272475227,0.652520330495,-0.288692674931,-0.539559792853,0.339910664404,1.88039136345,1.25473940076,0.788248058338,28263312630.0,01030319,0.05390726
527,600221.XSHG,600221,2011-05-31,0.270289174769,0.0775343684854,-0.822659928035,-0.0617558776136,-1.14892918478,1.42441284661,2.22199818737,-0.620802605657,-0.080552621941,-0.445019633278,1.63895385261,-0.437465135472,-1.05953782761,-0.018157128757,-0.33653007784,-0.527314421466,-0.19944000359,-0.0958652407361,-0.151191964308,2.3568876994,0.35068794724,2.14876548138,2.4777009773,1.66918549932,1.53679192094,-0.238905077138,0.0159828812862,-0.0692469167555,0.956353383711,0.035567961352,0.0784823279623,0.0828143660598,0.00760366409705,0.111775324073,-0.244378446011,-0.214347778856,-1.66918549932,0.382785280292,1.75419594677,-0.669336172924,0.309905376369,0.114269333271,0.0225146071603,-0.19891249518,-0.221844567087,2.95639871348,1.43616901622,-0.557900781006,-0.29333391588,-0.192635450439,0.0318155296212,0.996473486631,1.18465933687,1.40028435201,-0.113106353429,1.09898878739,0.026991675823,0.191489609206,0.121702783613,-0.0127602355669,0.0915490758993,-0.836877677425,-1.50208579488,1.45255212478,-0.144507849867,-0.0187497598233,-0.228522097625,0.589683469784,0.018157128757,-0.0179079428787,-0.228522097625,1.57491505795,0.79685302329,-0.418619350713,-0.418619350713,-0.124502930035,0.0950430969293,-0.430243269196,-0.00252373363601,-0.142079152953,-0.544707720474,-0.904705630416,-0.919383790111,-0.57365925991,-0.602769562589,-1.84653621077,-0.376548385363,-0.248655225951,-1.26291817926,1.58893090964,0.031489780587,-0.735708930233,2.10521196997,1.15070341317,0.221844567087,0.314441839051,1.24083033627,0.246382541836,0.53051406125,-0.23920793139,-0.34857068313,-0.451986516971,0.142464661859,-0.250422564071,-0.159514664887,-0.192072645951,-0.268214098445,-0.187146449264,-0.134860848969,-1.51570682995,0.121702660863,-1.60692775761,-1.24352934665,1.52327714734,1.36822810022,1.48944360871,0.279730117,-0.238193283864,-1.40785270023,-0.289638540614,-0.189550540397,0.843043929289,0.707089267894,0.314845642817,1.34866813101,1.55069555675,1.71616410778,0.7536979596,-0.186050838514,0.403128845879,-1.08742645512,-0.494380116103,-0.911433941866,-0.567140652488,0.54171738432,0.306837178523,-0.130913852969,-0.920021502553,0.829133028541,-0.560630941711,-0.0528690952787,0.265771181073,0.205666586069,0.242254608619,0.418055443508,-0.46408886527,0.0323243739529,-0.517299977999,0.519315619715,-0.0646521971835,-1.89776766627,1.16891300721,0.296248978774,0.188658055944,0.768187124347,-0.537673262501,-0.639946408288,1.2426976974,-0.32963154518,-1.43612578074,-0.00989566541254,0.57230819435,1.70494875283,1.70807070124,1.72349204948,2.108513456,1.26798280419,1.26097570822,0.0865820381026,-3.09284138361,-2.97334977875,1.41538519317,1.52159384363,1.96120592452,1.16996344298,-1.25656990889,-2.48985470394,0.0411512854771,-0.431951732141,-0.134996331092,-0.00202974871223,0.639628935129,-1.45021667991,2.11562958492,1.59396148526,1.60264417506,1.59363090754,-1.93882448313,-0.204842799296,-1.23589605003,-0.894379849939,0.318747149885,0.289970796538,-0.250250369915,0.561996915413,1.106983216,0.120508494475,-0.539723840693,0.382270512074,-0.501771824803,-0.852582637426,-0.999369265892,-0.688965500375,-0.688965500375,0.688965500375,-0.400254969387,-1.83198015629,2.48968994013,2.4894024001,2.48927829602,-1.18670887299,-1.88922344238,-0.0128445230453,-2.07822366265,-1.12870145012,-0.0905708007951,-0.629178754609,0.47929411627,2.08258777246,1.14434002643,0.653139300835,0.0380557154583,-1.90455847763,0.0480150849559,0.0955762882652,0.44657075904,0.0509626958778,0.498349145443,-0.029981843848,0.012928421186,0.115322472675,-0.530070367539,-0.175257072934,-0.650251959279,-1.41330277387,0.0961725205728,-0.370146955698,-0.344186728174,0.24821600853,-0.61071078998,4.3280889982,-0.743652262844,-1.54371638328,-0.0717613202559,-0.352363502357,30198593351.4,01030319,-0.02459016
570,600548.XSHG,600548,2011-05-31,1.34114899947,0.0582057138424,-0.692330017027,0.349614570648,0.0404381380055,0.575522377091,0.763699298593,1.66960953779,1.57937452666,-0.830293693118,-0.832032206822,1.66289813288,0.930202062525,-1.18956159391,-0.12146968159,-0.681005700849,0.100221667539,0.0373942428403,0.0472767442574,-1.07315635908,0.0719368372392,-1.34656837622,0.0766342526773,0.540218453378,-0.00503283811521,-0.063601403131,-1.19404829264,1.43200519545,0.0170620579092,-0.754019584995,-0.775949486533,-0.760475792442,-0.741445386237,-0.759970894283,0.0430464059009,0.162119690617,-0.540218453378,-0.580591386852,0.413977762816,0.177838224047,1.73946095505,0.025903510411,-1.68083791331,-0.138343676129,0.950958554013,-0.783610425886,-0.165036537317,3.24718408597,-0.306567084265,-0.0850072627176,0.191872371282,0.0541428062641,0.0438785752544,0.800454801459,-0.193221077189,1.49574872759,-0.761036141115,-0.773529025163,-0.775691265307,-0.735380347514,-0.749054828303,0.0694031029591,0.290273063638,1.53475049749,-0.19225105427,-0.140633306565,0.959217187611,0.654302699274,1.18956159391,-0.137877791243,0.959217187611,-1.6707304775e-16,-0.22546959006,0.939443877866,0.939443877866,-0.11943707971,-0.195983038899,0.132427389089,-0.859204923923,-0.0860844295521,-0.397596246046,0.231299951645,1.35206170835,-0.791684397975,0.769686531771,0.298488091317,0.350836345863,-0.704569915067,-0.514780709623,-0.35127225848,-0.0139292894755,0.832319093146,0.404720871926,-0.127138971728,-0.950958554013,-0.304320605872,1.14464846875,0.732600198054,3.37917775855,-0.29204382294,-0.932121882719,0.47329734446,-0.157259295755,-0.420342001714,-0.998277222037,-0.693414806567,-1.13016709858,-0.278044435544,-1.03174919407,0.0415986395707,-0.119359853815,-0.0265261378023,1.41130178954,0.81254253887,-0.240573616261,-1.33294573788,-0.562647251648,-0.257882648054,-1.71589178375,-0.229965497481,-0.138929706912,1.05034502034,0.342995396307,0.172286574983,0.12588690444,2.0426039971,0.458011642912,0.644343734527,-0.405756724383,0.646455639171,2.12077952016,-0.478999866718,0.827778506912,-0.381465527025,-0.534104400608,-0.439890789861,0.410237001102,0.478795996404,-0.297223731877,0.174250641218,-0.701484934609,-0.833559463775,-1.6402779234,-0.857052536587,-1.63526905538,0.306079536761,1.12604615619,0.962874920565,1.11054319597,0.680199312999,0.575263239366,-0.447217361243,-0.531647895362,-0.943349821474,-1.05119480346,-0.005110150624,0.878750382734,-0.914589089238,-0.488714545742,0.811343180091,1.06602299525,0.466781755441,-0.867034956841,-0.865381986657,-0.867947387623,-0.78424878859,-0.690208560332,-0.593464889596,-0.346503149161,0.592749041403,0.731668999924,-0.700360471114,-0.720287967896,-0.758484093929,-0.562072582205,0.754956772247,0.604684810229,-0.912649674846,2.43492615612,4.21275285867,-0.574066342956,-0.473643579291,0.418160637764,-0.784446583184,-0.173317368971,-0.184800047235,-0.175613612514,0.535238342557,0.746702678179,0.765648771164,0.73920037619,0.339650844541,0.32141194145,0.249803122466,-0.232291381881,-0.567716919429,0.422173523143,-1.04179252971,0.548217401036,-1.15524210827,0.274742553103,0.535993580964,0.268671707787,0.268671707787,-0.268671707787,0.758979423443,0.619708597909,-0.702620145019,-0.701603612041,-0.70258441096,0.911278634709,0.276689417545,1.15665643219,0.55294980208,0.848272759828,0.600004382051,0.878855087552,-0.754960300848,-1.56121071456,-1.4842753001,-0.277875355916,0.624181907543,0.729933124521,-0.756948588663,-0.759849921533,-1.04124009772,-0.753005899611,-0.277416023792,-0.723454073255,-0.733926057434,-0.462521091475,-0.666445321048,-0.765442765913,-0.2793376033,0.483669012624,-0.466423369352,0.36636482199,0.508567833996,1.21057418335,-0.539166001231,-0.0656781349789,0.655001661019,0.0340310342883,-0.0717613202559,-1.03308948701,10969274739.8,01030319,-0.07143804
575,600676.XSHG,600676,2011-05-31,-0.207031855292,0.17576981203,0.0697379348375,0.336365116611,0.0427682791888,-0.571117738097,-0.718584307887,-0.620802605657,-1.05558146281,-0.585086217828,0.15636221695,0.469891796457,-0.023782816307,0.884126328981,0.0705669530111,-0.267938162368,-0.0933098283985,-0.0292354989479,-0.188638890453,1.11111985374,0.721121316012,0.524746580457,-0.175647805025,0.0577964117191,0.624960074189,-0.2868214147,0.831176700861,-1.00704583608,0.145051078655,-0.097345181413,-0.102908843521,-0.0838718357146,-0.122162349626,-0.094686053884,-0.248516761942,-0.177211002569,-0.0577964117191,0.673622903842,-0.00206153125494,0.417946475595,-0.47171437819,0.100766227223,-0.294809143671,-0.118614210256,-0.943569564688,0.661279956012,0.256333345194,-0.306280505391,-0.201565323231,-0.214700446542,0.149956498693,-0.677798847905,-0.298318336226,-0.901144999932,0.125667621318,-0.963431546925,-0.0784753940439,-0.0881389303078,-0.0720099023674,-0.125016441849,-0.107609755438,0.297709324034,0.524924753109,-0.688789315211,-0.190874819467,-0.145248223036,-0.939415776633,-0.0884311670812,-0.884126328981,-0.146284000472,-0.939415776633,-0.293519405092,-0.233135696305,-0.851130573428,-0.851130573428,-0.125195607528,-0.281023220018,-0.531482665485,0.0276802386696,0.101269635725,0.0590670659352,-1.06139012478,-0.919383790111,-0.463576441251,-1.19744240652,-0.516356869433,-0.843266233385,-0.0940174951394,-0.314535736339,-0.32754834946,0.103082552042,-0.972661459679,-0.492663547368,0.530336986943,0.943569564688,0.540299151309,0.842834503228,-1.19632886432,-0.388325746085,-0.265887912696,1.7990201012,-0.823510555234,-0.162533391816,-0.0380232670172,0.0816295702941,0.0358101543298,0.346156656968,-0.143380752167,-0.012557892819,0.176418953653,-0.0774359382187,-3.11717997879e-17,-2.74181828269e-17,-0.889378712759,2.29886829141e-17,0.0782489354103,0.876671244315,0.0,0.0,-0.243202259078,-0.223395865111,-0.0253400487416,-0.0573502460448,-0.217495180106,-0.350375675051,0.228512843976,0.458011642912,0.184600346613,0.00585395107654,-0.445712702698,-0.325721172529,0.892802845981,-0.696026895458,-0.834109615719,0.120777100804,0.0355463634879,-0.897638353051,-0.694108997516,-0.436699751117,-0.314086567902,-0.111384584489,-0.0390555985409,-0.373162467978,-0.650185334344,-0.564240181994,-0.394908514482,-0.673594349821,-0.345585212885,-0.954198807659,-0.666235052221,-0.59399802598,0.564494945593,-0.298741648516,-0.201459533623,0.94920709986,-1.19982447019,-1.29798402676,0.362885935666,0.0892763961783,-0.134447376729,-1.47423301428,0.297499759691,-0.181285664305,-0.178873650904,-0.179840151914,-0.113216230996,-0.333429388467,-0.130789215549,-0.289766471004,0.548520392662,0.227567254062,-0.272130145954,-0.25072677428,-0.257204363696,-0.408452431992,-0.729538543146,0.719392526787,0.075991024102,-0.79094317022,-0.851958832419,-0.0588242442238,-0.172571576191,0.380846397468,-0.113878094627,-0.486730384195,-0.483183957859,-0.484050318866,-0.293459346572,-0.456548606891,-0.139243195774,-0.458284912112,0.233057958816,0.193696306449,-0.684276408012,0.665413913879,0.306503199142,-1.15832158809,0.46441353734,0.382270512074,1.13190388386,0.226625014483,-0.110239490714,0.315034777965,0.315034777965,-0.315034777965,-0.803395389889,-0.0890534305153,-0.271613552463,-0.269525536522,-0.26707497576,-0.992450770424,-0.264788797435,-1.31086252715,0.0734073960378,-0.55527542273,-0.477912650148,-0.762563641793,-0.288191321923,1.29354979796,1.26677365487,-0.263697467742,-0.823834413467,-0.645489344859,-0.0920531909016,-0.0837968852148,0.408496859162,-0.0973279579844,0.798258360353,-0.152327050666,-0.153698268291,0.965671808555,-0.167048358463,-0.435085358827,0.170132245652,-0.282278132312,0.548466041107,-0.290871723737,-0.494771030265,-0.213032584134,-0.392386022644,-0.12380842657,-0.883692705784,-0.568227388547,-0.0717613202559,-0.602846691608,4995434324.84,01030319,-0.04182853
593,601000.XSHG,601000,2011-05-31,-0.00374919579839,0.101372950936,0.551234550505,-0.0903502097848,-0.524259894362,-0.514149756986,-0.598520457854,-0.620802605657,-0.335659946159,1.45321607924,-2.12228763029,0.436285984163,0.0,-0.320176696201,-0.188097406928,0.121232906944,-0.499101674719,-0.866866538571,-0.349660672874,-0.985018181993,0.0330413335181,-1.21605794518,-0.772459099425,-0.955289875765,-0.80081335892,0.228571386881,4.91873341317e-17,-0.221596921699,3.33622177242e-18,-0.112149540298,-0.0793646359092,-0.113227374483,-0.10459474849,-0.0971952925074,0.413613786966,-0.180695875415,0.955289875765,-0.329368909078,0.070983535643,0.0,-0.3498895061,0.321637125371,0.47393442499,-0.194152681391,0.12406506574,-0.748207292486,-0.951593651336,-0.0634547248457,-0.27653640971,-0.205786420432,0.142786026204,-0.367844913245,-1.48910388098,-0.181210689837,-0.0150688338596,-0.408211415554,-0.119581498127,-0.0687408128294,-0.117445189298,-0.104047703734,-0.0943384780684,0.0540653362858,-0.97559309344,-0.545311317335,-0.0171656531303,-0.138729010177,-0.139569247533,-0.234488329627,0.320176696201,-0.13571866216,-0.139569247533,-0.698025835235,-0.231955297543,0.036452889982,0.036452889982,-0.153316246065,-0.274379271805,0.490725320512,-0.350417913437,0.0498006348173,-0.243842142417,-0.392651759271,-0.162538150025,0.341251277383,0.150598966971,-0.0553454862337,0.167128256748,0.380560368385,-1.9298314228e-16,-0.0222319551143,0.0,-0.321903176907,-0.234971056536,-0.43900898177,-0.12406506574,-0.203658960313,-1.22247651832e-16,0.357973479329,-0.91203840681,-0.19690110389,-0.0564126775687,-0.207971108392,-0.163394468723,-0.0645731791489,0.710701488157,-0.176880459265,2.67526369988,-0.0861486867317,0.425694366718,0.0355950720498,-0.432391756932,-0.275401208118,1.04086023565,0.0288135652082,0.451847221352,0.548647159842,-0.294963865632,-0.0498602350865,1.36449905144,-0.211294130513,-0.147464614883,-0.484384777869,0.216902280605,0.0820593168608,0.272743031735,0.0,0.143473526695,-0.874313066184,-0.958689639259,-0.595164859806,1.44054629697,-0.562688641538,0.315588418785,-0.863050221965,-0.625680074719,-0.532129666973,0.28118564053,0.16948102353,0.202838819457,-0.0907469802756,-0.0650425303863,-0.160321525532,-0.0747819689035,0.039460274728,-0.0929892834701,-0.37767374003,-0.234792927975,-0.515318024069,-0.032329095889,0.423397864488,-0.141673308775,-0.483282996727,-0.803789590249,-0.431528881316,-0.601268342579,0.255974674822,0.193696557051,-0.545937279029,-0.706776213846,-0.698973344588,0.340377720363,-0.379628223306,-1.46881355,-1.46976674628,-1.46683129203,-0.782392817732,-0.722137804996,-0.617018509013,-0.587729113648,0.61179430635,0.649430884949,-0.833719546239,-0.835680609837,-0.829853660067,-0.795823146653,0.443237416454,0.698362539567,-0.474628323295,0.0417518064539,-0.344271208444,-0.81494185425,-0.520436795234,0.488080416604,-0.782937713614,-1.24029120107,-1.23785099148,-1.24031594054,-0.0476429385013,0.476575525139,0.46618538945,0.83978687382,0.210877702655,0.251196374604,-0.148102833572,0.0920575535857,1.68667210291,0.825305081014,-0.539723840693,0.382270512074,-0.501771824803,-0.127382591079,0.0316633202776,-0.449156516695,-0.449156516695,0.449156516695,0.247237910072,0.0120689202181,-1.25556971507,-1.25474247584,-1.25352524083,0.153672034707,-0.139832286286,-0.558109837603,-0.0559428582237,0.189971399867,0.213769223696,0.262146138572,0.363080456618,-0.688156970886,-0.867465883071,-0.200684631414,0.310070080846,-0.0425675097173,-0.113256038299,-0.111308300595,-0.61071215295,-0.111629275437,-0.281414813324,-0.096995908406,-0.0913856797387,-0.324626604576,-0.461605719333,-0.0826058502886,-0.635394680174,-0.774525393059,-0.298548543743,0.316406468264,0.381689708066,0.24252158146,3.03365880061,-0.607533613735,0.199870221464,0.0128247517941,-0.735011680766,1.50595025253,6970000000.0,01030319,0.10329986
616,600087.XSHG,600087,2011-05-31,-1.57577156036,0.0311818746408,-0.770165936101,0.34200323314,0.0417569063506,0.420980778795,1.56318988876,0.37519094858,-1.0746064158,0.0427273823576,-0.37149383207,-0.84913633607,-0.33723499078,0.187863361892,-0.41722184626,0.46566921701,-0.186954100626,-0.438532484218,-0.293490283657,0.474974399644,0.0839759217243,0.377766381832,0.647821330689,1.07336941076,0.0115459227349,-1.7523601294,1.04383595814,-1.13714790379,-0.345365154104,-0.606367300785,-0.601978862974,-0.593409173318,-0.622353781584,-0.586435623141,-2.0065486114,-0.211008109045,-1.07336941076,-0.17537804103,-2.22517226293,-0.587789974285,0.337935877912,0.157217318606,0.688931424972,-0.208647106424,-1.24262688414,-0.134184197575,0.312515996195,-0.594055927405,-0.238431963136,-0.212658511879,0.16658406439,-0.0168553480877,0.217309343641,1.9973369139,0.0183932688178,1.99611725432,-0.593942079524,-0.602234295704,-0.578899286022,-0.629067509679,-0.584867606251,-0.324719433831,-0.449113389576,1.62064041388,-0.143334002536,-0.311965654707,-1.56135660555,-1.6313812452,-0.187863361892,-0.306724564367,-1.56135660555,-0.57763701674,-0.506573123768,-1.33976920673,-1.33976920673,-0.139173219036,-0.064046478637,-0.657515383314,-0.470575604716,0.769264796786,-2.87949718,-0.565537877528,-1.6762294302,0.736020496516,-0.576610933091,-0.102327538025,-0.463437346431,-1.85102205729,-0.812366989365,-1.67774821499,-0.0916805789047,-0.472844228212,0.198008196353,-0.401149761801,1.24262688414,-0.14809661832,-1.22950761207,-1.09270870807,-0.294879997974,-0.187753681728,-0.537224194574,-1.09404324521,-0.379217245128,-0.0274033021645,0.259866613689,-0.16168827258,0.37366579527,-0.180413265095,-0.145052761981,-0.0128363653398,-1.73762299582,-2.64555440485,-1.67571115952,-1.84214726898,-2.60606872657,-1.33294573788,-0.197219958995,-0.666222940176,-1.71589178375,4.94738394997,-0.14172562504,0.33136986816,-0.876955498103,-0.102004289709,-0.116833639283,-0.865985742633,-1.42921705439,0.515852520065,-0.261345474269,-0.623187139264,-0.775181863842,0.838488181253,-0.134372967045,0.0113462970714,-0.484084074413,-0.47108923359,-0.46223926407,-0.511076641547,0.182796467113,-0.277974875334,-0.610772092884,-0.549765101555,-0.0821337887074,-0.223692464734,-0.377614084974,-1.04003909344,-0.572971035306,-0.400347461708,-0.709388544653,-0.482500163157,-0.187032457903,-0.685430508714,-0.51429560876,-0.543229216791,0.145111121675,-1.09687583704,-0.611000471992,-0.477232331852,-0.438821781037,-0.0494992136678,-0.925051225408,0.132614698896,0.717435700177,0.720268008136,0.726776259468,0.150120055592,-0.10034571138,-0.0468367369289,-0.328255795051,-0.0789376076356,-0.338401632461,0.3892916034,0.407368956957,0.410014934541,0.206985663799,-0.866122989734,0.886297779522,-0.0358495861212,-0.211872354083,-0.485069349006,2.1866493458,0.0190967321508,-0.904540337294,0.150092398837,0.866096411884,0.862681647595,0.865996257111,-0.55978915341,0.100501631801,-0.451367375488,0.0625750311259,0.35188455897,0.295263314512,-0.854053330546,0.65756433495,0.856188838314,1.05486410808,0.564827275144,0.382270512074,1.29527145472,0.257557717882,0.137770827596,-0.247716970404,-0.247716970404,0.247716970404,-0.0301885180775,-0.0256633002048,0.972194260535,0.973159388852,0.97483738855,-0.73991523709,-0.348093138201,-0.190950188718,-0.0654075109746,-0.0894961586065,0.0743261579294,-0.109762311575,0.0616048623958,1.2087396639,0.880214146499,-1.03875535458,-0.13510631163,0.199929047717,-0.602183988045,-0.590326901336,-0.194828015824,-0.60650698256,0.342396353689,-0.642187528709,-0.636508756571,0.476474700269,-0.409527183373,-0.473313720439,-0.168735692166,-0.345477032596,-0.0679358826665,0.133624707026,-0.0520331487307,0.0659943422926,-0.48901808343,-0.0158309980866,-0.458319860354,0.0495823081174,-0.735011680766,-0.369047202048,10163711011.3,01030319,-0.02573834
621,600125.XSHG,600125,2011-05-31,-0.330801137207,0.812150581904,-0.596392721424,0.0865879282737,0.178747684298,-0.80972276043,-0.860388691512,-0.620802605657,-1.06682348049,-0.276333382968,2.29236270681,-1.00876394446,-0.868740851844,1.57122084492,-0.342747579512,5.64345089814,-0.80500629733,-1.18097817843,-0.559363459283,0.118749267232,-0.882855170771,1.17255743891,-1.02637178908,-1.92759409375,1.73573705115,0.403875060888,-0.726906790813,0.0231303878294,0.193419581611,1.21365579791,1.23709553289,1.24628912668,1.17907823203,1.28459957677,0.205945569354,-0.127819970125,1.92759409375,-0.310632843224,-0.583246193964,-0.121164504296,-0.556883979032,0.146882608803,-0.41228173129,-0.16437178624,0.0821970410178,1.09164929641,1.54853431823,-0.526142882142,0.461585736343,-0.218097204697,0.137641129585,0.279047837808,0.444383302895,-0.983760412566,-0.0540916878018,-1.12737689856,1.21836107743,1.28439101183,1.28991753658,1.17247431363,1.29233066547,0.02963373197,-0.173161910962,-0.802242757784,-0.172275410885,-0.143958676984,0.347484062803,-0.713600082524,-1.57122084492,-0.141700889139,0.347484062803,-0.356121590709,-0.243687942379,0.413937239579,0.413937239579,-0.14417703854,-0.359772854425,0.170306074775,1.31709001039,2.49602512733,0.080423833258,0.841148338151,-0.919383790111,2.43669811625,-1.36660154395,-0.290255745189,-0.470884971665,2.35085835234,1.9048460509,0.377980075311,0.613469729185,-0.87069662761,-0.276872274558,2.4420401735,-0.0821970410178,0.0304966238007,0.802699081691,0.429710510574,-0.188940110839,-0.221818300717,0.421594530483,0.139856635859,-0.176841107222,-0.0327132845909,1.2873507462,-0.0097664057263,0.813812008103,-0.0895152788161,0.283007584543,-0.0904625598698,0.0853686006795,-1.38231126815,-1.67571115952,-0.854802434509,0.440582958922,0.21936840274,-0.624652196827,0.450078403486,1.36449905144,-0.230665001143,0.0586975587012,-2.03519576086,-0.952611367524,-2.29633120725,0.00758613523063,0.167474120792,1.08708787534,0.0766130493522,0.0166654885183,-0.70865509161,-0.961904909062,1.45026106803,-1.51936049506,-0.0855559575485,1.74605293039,1.7860503475,-0.738542777252,-0.937774577747,-0.350494194688,-0.868755254425,1.16890111916,1.38412842694,-0.539814279826,-0.425536918254,-0.791265662343,-1.23866648299,0.050042150847,-0.188416266184,0.00365155882063,-0.355508936937,-0.371448852535,2.08517509789,1.55939904186,0.592112999,2.82630554159,-1.30272787504,-1.48516774815,1.05491226757,0.574654889876,-0.10836819701,-1.26846951336,0.143607036283,1.20060755748,1.19947512955,1.19571915976,0.793785747071,0.646891843394,0.448101618029,1.16483247594,-0.208819191382,0.0780050842634,0.165606456619,0.132404723742,0.0860035845186,0.343879816648,0.800818391563,0.634342631702,0.317092113861,1.46753296201,1.83409999139,0.52445145287,-0.0395121093918,-0.311510446878,0.793798829516,0.501775898313,0.488406432313,0.494859961143,-0.921522909416,-0.967614064788,0.41890943096,0.939534555732,-0.0622000794353,0.0487351361867,-0.562599232237,1.36008960986,0.208417159083,-0.0536717160976,0.46441353734,0.382270512074,1.13190388386,-1.12152530864,-1.4429753507,-0.453952696368,-0.453952696368,0.453952696368,-2.02137310114,-1.91499104122,1.02506653003,1.02373632777,1.02325629273,-1.18670887299,-0.722962671649,0.836781226148,-1.73749616362,-2.11201322993,-0.920589049408,-2.04933549462,0.127880644441,1.84399794078,0.913396593947,-0.558282477577,-0.61965320436,-0.508205910952,1.22359158277,1.25657683924,1.00010668803,1.21689470417,0.798258360353,1.12971093285,1.15962488335,0.785095694758,-0.245016027867,0.15662635429,-0.535201576858,-0.196173561971,0.616154031689,-2.6936591317,-1.17557234282,2.46334813873,-0.262045103446,-0.290549750603,-1.00972910443,-0.644570005526,1.25473940076,-0.212334083006,13969084051.8,01030319,-0.01495327
673,600834.XSHG,600834,2011-05-31,0.104815860529,0.0885366502174,-0.980141903836,-0.014483637094,1.0235436702,-1.34727833449,-0.899381390472,-0.620802605657,-0.342578110884,-0.928400937188,1.20726590968,-0.487873853913,-0.269093213721,-1.44627822624,7.04749980047,-0.975515459259,-0.0745809739529,-0.172013517066,-0.0950215750916,0.588003450821,-0.264231444921,0.907044822039,-0.639446121633,-0.506687111253,-0.518974424468,-0.647946983155,-0.701387679939,-0.541290106676,-0.0788095075929,0.859199011391,0.98085760024,0.870500188709,0.860954072031,0.908458587023,-0.709750882942,-0.202815137784,0.506687111253,-0.277691655546,-1.07550642741,-0.664805828555,-0.292750406801,0.363331473608,1.78903634927,-0.203842032916,-0.893228249247,-0.0998874120936,0.5091552747,-0.594055927405,4.30606872472e-17,-8.91068227507e-17,-0.0281818293539,-0.743586128543,-0.364276137867,-0.983760412566,-0.0552237908285,-1.28339924063,0.839239286482,0.949192748533,0.870599483961,0.864754742813,0.895298284163,0.0624322855454,-0.830605163341,-0.818485549997,-0.193182036637,-0.152499417691,-0.474236117959,0.827468956383,1.44627822624,-0.150377709213,-0.474236117959,-0.409092670847,-0.24239728659,-0.70861097205,-0.70861097205,-0.163303208133,-0.280045475866,-0.326249059403,1.29090835885,0.367587205555,0.844459110479,0.597573606082,-0.162538150025,-2.26326814611e-16,-0.0534383431186,-0.353387877283,-0.312002299998,-0.0593573140955,0.886934103369,-0.42038103693,0.198539580648,-0.755732410042,-1.49480101172,0.140124630628,0.893228249247,-0.135108018893,-0.897358094749,0.828249573048,0.221544414988,-0.157929274054,0.032050523068,-0.556645148858,-0.19718404917,-0.340692265319,-0.547442347569,-0.533896846371,-0.414929502723,-0.261211475121,-0.583305021518,-0.00867841281753,-1.94724257381,0.121720745238,0.176496609914,-1.78836194725,-0.326049489995,-0.909587335896,-0.662974697667,-0.405124849825,-1.25383315847,-0.316569431586,-0.410280918967,-1.74544204967,-0.495523823107,0.451991075163,0.312516566211,-1.16398204879,-0.800140821954,-1.12856163948,-0.831267947982,-0.222001505026,0.912732093992,-0.176261680948,-0.297124957665,-1.10302963106,0.276994427228,0.0857351642694,-0.189130570766,-0.347484827555,-0.553203249541,-0.524450135855,0.89652050863,0.845079604034,-0.867467380383,-0.385592398565,-0.797551602151,-0.624176090902,-0.606570314144,-0.534913516409,-0.418122246452,0.0233504946709,-0.324578211608,0.450449557711,-0.590260063443,0.315362914093,0.406147173321,-0.0357387484468,-0.286805985471,0.264198440869,-0.247380214229,-0.60140471298,0.247723333595,-0.801733978941,-0.78638638864,-0.786660448667,-0.787634878981,-0.702353070145,-0.687008567225,-0.5746917956,-0.528625942138,0.462261744968,0.484590949694,-0.85958680067,-0.848898057929,-0.798956348028,-0.854130422313,0.315495546394,-0.678356805269,-1.13355381468,-0.498656972694,-0.669256239781,-0.852281238465,-0.514021946147,0.410431259417,-0.702641682677,-0.863106600057,-0.864337293855,-0.863249915046,-0.419076650836,-0.0864345606078,0.517232649473,-0.207688716255,-0.364532396031,-0.111969032455,-0.621411028015,0.637037445266,0.552557141716,-0.642497416934,-0.941378791906,0.382270512074,-1.15524210827,-1.00466842914,-0.866415280818,-0.401994083238,-0.401994083238,0.401994083238,-0.489439503229,-0.975609681573,-0.680564738913,-0.679590378717,-0.680214226666,-0.118289308883,-0.556353990117,-0.625238105981,-1.00240813331,-0.669132576182,-0.341789657375,-0.351424342473,-0.471208857501,0.0766762380852,-0.616890391652,1.43764911312,0.0992419041639,-0.452167263341,0.860974336143,0.876875389121,-0.0842672681017,0.863694513223,0.410375775736,0.862305629235,0.868407500769,0.177703311986,-0.787077596038,-1.26866607322,0.0301642740584,-0.62238730492,-2.22555784001,-0.411429906681,-0.597609090229,-0.583170343679,-0.471497997461,-0.100855922283,-0.260512734701,-0.535711088723,-1.39826204128,0.126230316461,4654473573.75,01030319,0.00834689
691,601111.XSHG,601111,2011-05-31,0.0644540617061,0.0925344818143,-0.652506988664,0.118219367415,0.137623278816,2.02389013927,1.17452525274,0.438606268513,-0.291124260745,-0.368377138529,2.23145623961,0.0330162366394,-1.01865276137,-0.775363329991,0.689059040699,-0.695585391859,0.0377921527205,-0.0292354989479,-0.00514895234487,1.70605254911,0.891520665647,0.88408696419,0.955700173038,1.23251895027,0.392857422287,3.85151398303,0.193907793211,-0.468258834465,0.552577352073,0.79645983409,1.11351134585,0.84428309307,0.76786251706,0.971923963914,0.710067691817,-0.213951770578,-1.23251895027,0.719544633877,1.44613631681,-0.714639616612,-0.657146926858,0.113209043189,0.823766313276,-0.192542189721,-0.45710299172,2.41152236349,0.452972623699,-0.460672752176,-0.293120291963,-0.192969071462,0.17165956934,2.30021547958,2.22412443712,0.427644073859,-0.102000032357,1.17334318478,0.794530769521,1.19587767329,0.860261856437,0.754501919153,0.936636519754,-1.10058209738,-0.643121667355,0.463464520214,-0.0661231823589,-0.122007801052,-0.267894670616,0.368495388019,0.775363329991,-0.121048099751,-0.267894670616,2.52839450043,-0.178707639111,-0.251337656431,-0.251337656431,-0.0988945397204,-0.0984560047554,-0.0989769452856,0.30990089031,-0.11062094464,-0.527398338027,-0.878666077786,-0.162538150025,-0.831334598399,-0.438842151065,-0.994986522054,-0.361653134894,0.780485534276,-0.695557421616,2.45846374894,0.247037909698,-0.483774873605,-0.726612014655,1.50080748694,0.45710299172,-0.151343768177,0.392976438242,-0.447075426868,-0.244643147318,-0.0837970402828,0.290556821182,-0.440702567441,-0.102765428586,-0.399102072008,-0.851493774536,-0.640242153169,-0.992621407067,-0.278044435544,-0.929830063943,-1.58880807646,-0.020838652164,0.0157017622152,0.0530160919512,1.68079130381,0.147049532068,-1.33294573788,0.180837970638,0.818183907914,1.21047950968,-0.27798911425,-0.19116922984,0.140734732242,0.993951106114,0.4790592526,0.560336281021,1.72227757604,1.08708787534,-1.13676320636,-0.979926587805,-0.747886282851,-1.10613774149,-0.562963030963,-0.900264687608,-1.30951597899,0.575577297437,0.440447904928,-0.532880281397,-0.813942255074,-0.0208502416517,-1.09675998894,0.766140251937,0.934252469061,-0.154748853711,-0.237168465388,-0.27206851665,-1.31860798654,-0.474669622174,-0.726025578471,-0.104145488977,-1.14457776452,-1.09615878707,1.59232806663,-0.453755408834,0.582109983883,1.20630793465,-0.4414274619,-0.641876137375,1.0785826999,-0.182025474519,-1.11741095,-0.559851416943,-1.86359377046,2.34892936615,2.35378128954,2.35273566347,1.58092227098,2.24721126229,0.26400739679,1.72894110326,-1.56072476993,-1.0561280357,1.12611702746,1.09948103242,1.14251913288,1.23615941872,0.777516574907,-0.631704503882,-0.692755382511,0.0478036680403,0.863222067199,0.558293762568,-0.0905821435306,-1.14912629809,1.58477701294,2.26129430475,2.27076120153,2.2642944629,-1.14829526122,-1.19607715469,-1.70934132612,-0.0608647330436,0.306141105016,0.259426688571,-0.914703865557,1.1047615885,1.7420259491,0.808785786346,-0.840965054103,0.382270512074,-0.991874537402,-1.76166042064,-1.67117041162,-1.13660893658,-1.13660893658,1.13660893658,-0.80388903122,-1.61554813995,2.59068124158,2.59201367106,2.59294100773,-0.73991523709,-1.26444088663,-0.778081646109,-1.67439847862,-1.39988848834,-0.521073599076,-1.07170273327,0.422623041683,0.954636353149,1.25439692206,-0.252670221384,-1.02665214204,-1.38817021681,0.807918661511,0.864954821454,0.953978693949,0.805544509456,0.702287411582,0.755412029326,0.768955643888,0.555271549925,-0.724671123846,-0.266330369995,-0.862579338839,-1.193677099,-0.329863655443,-0.948407421284,-0.792934626199,0.168494029551,-0.513924296826,0.0721306127426,-0.698139118889,-1.55926765711,-0.661390890749,0.320615513622,1.2260248894e+11,01030319,0.02172457
694,601518.XSHG,601518,2011-05-31,-0.235568856117,0.206339848782,1.38208773318,-0.0317550114846,3.54979902492,-1.06401461814,-0.771042111523,-0.620802605657,0.0846185608581,0.87160626149,-0.2470095614,-0.571888384647,0.0,-0.308850962422,-0.344620975212,0.0453473932463,0.593414834606,2.52173175809,0.519108013678,-0.656948300597,-1.05418060383,0.305149679286,-0.854611890145,-1.30641354732,-0.270293011717,-0.122035961133,-0.0882201547812,-0.0184635817743,3.33622177242e-18,-1.10407419431,-1.19269112243,-1.13062187306,-1.08684115562,-1.18048256701,-0.0916369671156,-0.18609478827,1.30641354732,-0.547282825334,-0.97070263577,0.0,-0.578445903295,-2.76978461687e-17,1.01142692494,-0.210578187772,0.265618863612,-1.06849501497,-0.193127862817,-0.593078761287,-0.307570359144,-0.0239595925847,-7.2738781918,-0.695478598006,-0.947820761998,-0.983760412566,-0.0356115155992,-0.909798866836,-1.11478021992,-1.19959374234,-1.12321150974,-1.07655640813,-1.20386509059,1.35301487669,1.38625443897,-0.738748206409,-0.191178400674,-0.162341141666,0.0201084095979,-0.133963381011,0.308850962422,-0.150138765595,0.0201084095979,-1.6707304775e-16,-0.28044893239,0.291227312523,0.291227312523,-0.116108092354,-0.213900494985,0.0883503730173,0.303903975712,0.343164080029,0.0376704228993,1.34711370095,-0.162538150025,0.450926381898,1.18822460375,1.29538850276,1.22220849829,-0.363300440173,-1.9298314228e-16,-0.140851500215,0.0,0.601178280088,-0.376736844176,-0.270329288839,-0.265618863612,-0.153508534748,-1.22247651832e-16,0.589126135564,-0.659812975278,-0.246449640601,-0.569601216132,0.0216572645358,-0.218603337253,0.694754307818,0.375196465297,2.28425378376,0.447023497409,0.587169730152,1.12893636458,1.08295498992,0.0,-3.11717997879e-17,-2.74181828269e-17,5.33158058594e-16,2.29886829141e-17,1.04449387901e-17,1.59350272635e-16,0.0,0.0,-5.97388516103e-17,-8.16866495076e-17,-1.14926867216,-0.394649330546,0.130782036247,-4.70710745146,0.0,-0.485602705738,1.32735199863,0.853787387577,0.751305668142,-1.00088675566,-0.564927081589,0.728850826339,1.53251658939,-0.543338922367,-0.443960152087,1.17805871205,0.962682875351,0.0790098998546,2.14197504144,-1.07751266167,-1.15583684583,2.45388754377,1.60597701414,0.449927244305,2.5351131875,1.55409550529,1.62232269644,1.71010346124,1.43798637773,1.18288294254,-0.921994084499,-0.171877153132,-0.769964226111,-1.11284653425,0.880414534509,1.34188536348,-1.20154756119,-0.546417998851,1.71560092224,1.29843292483,0.24253807276,-1.15633954095,-1.1528079155,-1.15448336984,0.431808492697,0.2699899686,0.522777531064,0.507323426998,0.631970885559,0.290489008204,1.14822599802,1.10308553213,0.806858260379,1.30476486662,-0.750613845279,-0.659875559506,1.26432906546,-0.159917434316,1.26954031243,0.876430823729,1.10150668358,0.728401892795,0.43503427716,-0.965209507949,-0.958818346903,-0.964149563179,0.823975622477,1.03426358406,0.295815618294,-0.4145594119,0.398266293676,0.333521940203,1.8650519598,-1.74915027451,-1.63344671486,-0.369345362509,2.2718608178,-2.93666726717,0.805168742126,1.45963694162,1.37782241914,1.3645987632,1.3645987632,-1.3645987632,0.957587785707,0.656837102805,-0.888289137606,-0.88909873596,-0.890336820019,1.47462713215,1.81781972172,1.81835933813,0.587653528833,0.947639002841,0.842369710646,1.07814780134,-0.431535804703,-0.896187117901,-2.31917128492,-1.43731154436,0.779107382566,0.567668606739,-1.10998409051,-1.14328439153,-0.988522390198,-1.10578258913,-1.04518361396,-1.06993323219,-1.07455901245,-1.24392318391,1.79264949451,2.92119869332,-0.099984260914,2.15827444939,1.70260546717,1.17527133981,0.907232261259,-0.224421438274,1.31608329673,-0.596354463126,0.544719812204,2.03024909308,1.91798976127,-0.714577261915,4901328000.0,01030319,-0.04951788
701,600012.XSHG,600012,2011-05-31,0.773921587106,0.063879996361,0.169295505746,1.5961496267e-17,1.05617816477e-17,-0.0745430832507,-0.281950236448,3.18971205971,1.76616497422,0.539569630757,-0.323944046277,2.0997736927,2.63374648901,-0.875676972035,0.0945952891658,0.0651899971092,-0.00590850765247,0.0088386392168,-0.0388511858749,0.392140835062,0.276601273486,0.095284913509,-0.66227496896,-0.62057850047,-0.651604511269,0.615408160857,0.213755990557,1.60611948682,0.00533053234127,-0.549693345406,-0.532476117806,-0.543859813605,-0.545625192243,-0.525663087699,0.91284517242,0.173045118996,0.62057850047,-0.510300525413,1.44931218928,1.71815530945,0.0888956526661,-0.103133792607,-1.59144053531,-0.111059608814,1.92339327108,-0.270264991582,0.00351141568759,3.27405615424,-0.301586465362,-0.166386533973,0.176989510411,-0.0891562208679,-0.0371926123347,-0.798396419513,0.105595564783,0.379823304383,-0.556760032324,-0.51746180719,-0.54804351025,-0.547129160417,-0.51313097182,0.0284302185158,-0.402504091742,-0.127428572237,-0.184702001603,-0.141348132536,1.81447696759,-0.113105975602,0.875676972035,-0.139403575795,1.81447696759,-1.6707304775e-16,-0.237130892114,1.93212866893,1.93212866893,-0.142605591093,-0.235033904727,2.83954818475,-0.61867014205,-0.108089399432,-0.506114676179,0.115274309608,-1.6762294302,0.273774586687,0.351148459793,-0.476715763234,0.375661763311,1.14041818358,0.853559941155,0.297525079504,0.447189743872,-0.745619638644,0.449415504482,0.528087924371,-1.92339327108,-0.104440492468,0.140492154063,0.64492160431,0.945944183773,-0.275892905685,-0.595859745428,2.76365700024,-0.168583994731,-0.393792089582,-0.767617518821,-0.549089033056,-0.910093992161,-0.281411027628,-0.848294759843,0.0378236388638,0.663219903979,0.808148737012,0.361717386857,1.65389864295,-0.0437803255711,-0.721428046124,-0.543988356108,-0.555791288847,-1.40785270023,-0.222324765177,-0.16747750254,0.394525066562,1.70637720983,0.677559220469,0.514443741241,2.40694473555,-0.171064589521,-0.167155744041,1.20284559641,0.260682258635,0.0718936628031,-0.474104181703,0.478340409405,-0.754116479355,-0.721103466229,-0.762048632715,0.488945745397,0.228704172809,0.536702215092,-0.106090130037,-0.522964275445,-0.56627010485,0.243875451279,0.256835955677,0.37826317175,0.0933663590569,-0.0253437649744,-0.586340912314,0.342289970451,0.479936922778,-0.554857585968,-0.693828328203,-0.852665197514,-0.955020005778,-0.745559627408,-0.911693127467,0.41561540199,-0.608451497751,-0.930735748705,-1.43582139096,0.70480356617,0.0116989876469,-0.584459285486,-0.5843722293,-0.586058228062,-0.617362727851,-0.697928663108,-0.337306447278,-0.564178278897,0.369028326698,0.372250550053,-0.708619709515,-0.696907190662,-0.649477332385,-0.702262690646,0.205465773388,-1.11222263413,-0.532442092462,0.193408962196,0.0454072734511,-0.734114829707,-0.263935406904,0.311370835775,-0.618182281392,-0.026662271497,-0.032766663267,-0.0266745745807,-0.224974211121,0.539033899292,0.389608377174,-0.976824726767,0.325023577288,0.295846388526,-0.0315936294306,-0.32245318648,1.58879089646,1.38852827385,-0.539723840693,0.382270512074,-0.501771824803,-0.0672356678041,0.141606038704,-0.626615164618,-0.626615164618,0.626615164618,0.495704046789,0.079685059216,-0.540704143373,-0.540122055641,-0.541029011262,0.19252365522,-0.389745308584,-0.364559223974,-0.0180842472204,0.349371414701,0.441747569315,0.494392765669,0.0672818716148,-0.646382723035,-0.901128462395,0.511360419097,0.283823080677,-0.385100930055,-0.549257796451,-0.539225309941,-0.713950996849,-0.547119051542,-0.409376078353,-0.540364522642,-0.533953339662,-0.544601143201,-0.718702038656,-0.935588820721,-0.192505288748,-0.583348004919,-0.896656416008,0.583249890562,0.413743129354,-0.127616178085,-0.418607573802,-0.377556162199,0.112344944626,-0.189341807984,-0.735011680766,-0.478806701736,9404318700.0,01030319,-0.03329204
704,600017.XSHG,600017,2011-05-31,-0.283316428539,0.311272851172,-0.609063684994,1.10233307902,-0.00309310889297,-0.124906081044,-0.293451680026,0.972041018535,-0.839821200462,-0.758987068256,-0.884924665175,-1.00876394446,-0.514403611135,-0.593072948213,-0.00654092798248,-0.448797451341,0.0253062497568,0.208727864581,0.00982981811293,-0.43211433959,0.353466197506,-0.841745045462,-0.439266637251,-0.157055466628,-0.0879266423657,-0.460956397547,-0.690754717075,-0.200799936897,0.261500893924,-1.05176980742,-1.07967281845,-1.05631368422,-1.04093115798,-1.06478218609,-0.562652562134,-0.193786149047,0.157055466628,-0.319755960258,-0.351407503375,0.0872313366704,0.0522403814178,0.107414869739,0.592145833915,-0.201413094659,-0.229321000074,-0.0700160182871,-0.530223768826,-0.0556373958946,-0.246808141778,-0.211861199567,0.186433386159,0.0608425010391,0.3026719865,-0.0145913702396,-0.148711210493,0.0860624884435,-1.05981125914,-1.07095677045,-1.06036878923,-1.03932688106,-1.06296238446,-0.285137057339,-0.0591277016628,-0.365410088438,-0.184054361696,-0.14851068877,-0.25185399273,-0.460268360062,0.593072948213,-0.145345499031,-0.25185399273,-1.6707304775e-16,-0.25437638831,-0.164945465634,-0.164945465634,-0.137519063828,-0.311121247828,-0.487922176946,-0.0485244565906,0.49305522022,-0.0435962803287,-0.211922816708,1.35206170835,-0.526772133444,0.977211659127,0.00191388938658,1.25696408271,-0.0780204885037,-0.0531047989948,-0.252250725179,0.143112918876,1.67909771742,0.537408062327,0.127379942718,0.229321000074,-1.3809311806,0.262439971215,0.684775510557,-0.503115648361,-0.212289735965,-0.227475523757,-0.378640845028,-0.189288281452,-0.202632722234,-0.442597027925,-0.154092179237,-0.63500260914,-0.133280975914,-0.236779979094,-0.632622603281,-0.0774359382187,0.0992590962924,-1.67571115952,-0.624293912844,-0.459895431811,-0.697908134902,-0.43964207105,-0.0875268448419,1.15913966243,-0.228970049963,-0.16644742744,-0.746361897167,-0.648411725894,-0.704722373967,-0.154567505324,0.126504819064,0.458011642912,1.06854699929,-0.162111005607,2.11225437381,-0.828197175219,-0.26228998666,0.779910274377,-0.133031558805,-0.751885205425,-0.732884870099,1.07769618858,0.752304311108,0.758691778487,0.795216248499,-1.04036985114,-1.07199372145,1.54131320228,1.06952694953,1.14206868292,1.05128142951,2.33145443011,1.82405113782,2.68558186425,1.17340995619,0.094033040901,-0.947862367746,-0.772748277549,-0.699943120292,-1.08661175519,0.988103092418,1.10838814402,-0.874774208188,-0.644450108416,0.205172007486,1.46616168942,0.323881369419,1.51860794511,1.51186473966,1.4970369055,0.189537341444,0.152132789606,0.0192034355539,0.447189140526,-1.39381340439,-1.24418691332,0.902820883685,0.926723560769,1.05199504177,0.885107722229,-0.261984047946,-1.90560738875,-0.300429630171,-0.377406366053,-0.334243825909,0.752550892843,0.301792113589,-0.542947580141,0.189508121584,1.82078661411,1.80189017609,1.81808535676,0.158191282714,0.806980118656,0.312100784001,-0.503250788758,0.391457965646,0.325022515152,1.57812506036,-1.64154362348,-2.35601192583,-2.46624034152,-0.640137578496,-0.115570154813,-1.15524210827,0.572899444196,0.738620567831,1.07922607263,1.07922607263,-1.07922607263,0.873504212288,0.481155884516,0.884758443934,0.882351202887,0.878189725553,1.00840768599,0.0684285656293,1.20096639591,0.363656747064,0.953849393029,0.915411316524,0.977716827464,-0.318952790482,-1.05015372491,-1.18195226202,1.52429176307,0.675653297485,0.561817181687,-1.05365896918,-1.05733082467,-0.935804682675,-1.04916370591,-0.905225980338,-1.02724431376,-1.02652280003,-1.14542712183,-0.156331062334,-0.129357086276,-0.115087538432,0.150846522502,-1.07959693109,0.992489578571,0.702891700551,-0.281365708973,-0.465959733204,-0.107373575483,1.00335226283,0.274368902556,1.25473940076,-0.133440982515,11048652972.0,01030319,-0.00952381
705,600018.XSHG,600018,2011-05-31,-0.0764257895642,0.115539419271,0.475208769084,0.482015661564,0.0236633808723,1.36429248709,-0.713394632126,-0.620802605657,0.422311476476,-0.48091548525,-0.498115171764,-0.546684025426,0.398696201461,0.3464236348,-0.427620549929,-0.0948310017856,0.156408230876,0.132579588252,0.0697448999441,-1.20250729491,-0.440187295088,-1.08130530128,-0.621509170162,-0.645445616019,-0.684762032969,-0.348762046183,-0.732577704341,0.800357238447,0.0854318503586,-1.11962855376,-1.10095727072,-1.11943126271,-1.11826206508,-1.10624582432,-0.40012960922,-0.158136603848,0.645445616019,-0.439642290134,0.737916755145,0.28203614453,-0.276578963604,0.109167466875,-0.387531217546,-0.193941469369,0.718690702576,-0.477705226349,-0.30549316482,-0.0634547248457,-0.212557410068,-0.214253685158,0.150785894359,2.01138419373,2.32254803079,-0.726194714354,-0.0320308602411,-0.831178233525,-1.1186077836,-1.08649336532,-1.12085490772,-1.12129862003,-1.10364303424,-0.476006417729,0.135829398967,-0.684605565701,-0.185997281417,-0.138543155424,1.24357465921,-0.174682347539,-0.3464236348,-0.1349644064,1.24357465921,-1.6707304775e-16,-0.231715326366,0.810680994767,0.810680994767,-0.145386639536,-0.128212411114,-0.0314840144265,0.0222683889103,0.0209553163968,-0.348143715892,0.19480329994,1.35206170835,-0.00234981678055,0.466246429587,0.367492979885,0.402969722504,1.23106788785,0.444726454032,0.453277699593,0.485680481213,0.288115358863,-0.225194105664,-1.12759697269,-0.718690702576,-0.288806445446,0.507877158059,-0.726052770599,4.00674794991,-0.287136612093,-0.43015057997,0.834947926885,-0.154345473004,-0.48406179083,-1.21845239329,-0.776971833337,-1.36857963053,-0.32854331681,-1.25597128034,-0.456196170101,-0.0690511550995,-0.270010412371,0.299977127876,-0.0288135652082,0.421367452423,1.48944360871,-0.573986118938,0.162442474444,0.0810028701105,-0.283719663478,-0.215302417897,-0.614203796807,0.349300052092,-0.197645183319,0.370647116598,-0.205125069253,0.458011642912,-0.24142548857,-0.47525946508,-0.510630983442,-0.557663159807,-0.554962412974,0.650666046532,-0.506007686486,-1.10279703227,-1.01231440959,0.546452503221,0.410580729612,0.740290320487,0.310507486957,-1.09328279352,-1.13844355243,0.67652965063,0.459734503062,1.93746423284,-0.22214492601,0.544758903713,0.26916519326,0.826263935145,0.282129787199,0.505072439255,-1.09759848846,-0.986374205947,-0.569903923769,-1.32141302777,2.49115675456,0.450350525546,-1.19450712491,-0.840833131153,0.495690978818,0.514740450593,-0.515933206897,1.7975487211,1.79277947107,1.7812826469,-0.42382487202,-0.303977989213,-0.416818609648,-0.0953717196352,-0.616274230231,-0.386492565787,-0.0110159001949,-0.00437094944085,0.093676700979,-0.0379545469567,0.404026872059,-0.779034963,-0.515527146898,-0.499660209131,-0.582592200742,0.0120677834242,-0.211675322758,-0.0933109845765,-0.423872018795,2.54793215768,2.53162585882,2.54921886452,0.159258851872,0.583983079504,-0.186702821547,0.422618831085,0.390979255082,0.323721811582,0.405636272482,-0.720012688613,-0.370267067708,-0.942339406306,-0.640137578496,-0.115570154813,-1.15524210827,0.54368522432,0.66511235493,0.0024837359024,0.0024837359024,-0.0024837359024,0.643796446157,0.539716290612,2.81238462156,2.81238350541,2.80414946269,0.425633378298,0.235037247162,-0.243806543162,0.486697232824,0.676451964618,0.649805476968,0.707808585163,-0.26436108555,-0.916186422241,-0.436040718262,-1.64210326242,0.508797367839,0.629108569783,-1.11988954288,-1.11790613037,-0.835494600305,-1.11966040515,-0.569327659638,-1.11529449061,-1.11666397683,-0.603698780444,0.339376880217,0.893709652428,-0.355304987978,0.6336341663,-0.689610797757,1.00236158859,0.547966830995,-0.913447113735,-0.528233254576,-0.338497801206,0.450192513219,0.298402689383,1.25473940076,-0.178985863966,89882959617.5,01030319,-0.01265823
720,600269.XSHG,600269,2011-05-31,0.540179299424,0.0683083918557,-0.339353174715,0.0521434212169,0.256021682484,0.494986614599,-0.56640057274,0.30804531571,0.73103457731,-0.549311635627,0.389837007862,0.637920857926,0.575864821816,-0.347682049664,-0.29664575489,-0.602844332944,0.0690069101298,0.0659498464639,0.00608512549848,-1.20005901221,0.941529170432,-1.98015534448,-0.272864529016,0.125932308325,-1.46396379292,0.345440502886,0.940341786265,0.837598350767,0.0803353679397,-0.731976090268,-0.664427507028,-0.724716561631,-0.730904825555,-0.698004940472,0.53588221219,-0.20046988876,-0.125932308325,-0.486788599635,1.90663782551,1.9718545941,-0.0189139686524,0.160136234832,0.825982777193,-0.211555043375,0.753580723178,-0.578382886956,-1.82242474186,-0.567183859136,-0.222456530281,-0.21375507594,0.166551020738,0.128863013269,0.510434397042,-0.580402809707,-0.0688719217604,-0.60506772997,-0.737170155802,-0.657804019491,-0.724160234487,-0.732675780974,-0.698390830237,-0.473405366455,-1.44590378431,-0.341538105945,-0.189680733389,-0.149159750752,1.16191302634,-0.0781407760837,0.347682049664,-0.146678401385,1.16191302634,-0.736550257153,-0.257009585548,0.796924276487,0.796924276487,-0.140279435331,-0.267264121591,-0.396841155455,-0.868785360659,-0.102582610734,-0.560119683574,-0.344150082641,0.59521606826,-0.700764144046,0.206404043234,-0.285851177833,0.353318887608,0.535198099196,1.07605435592,0.144866882331,0.675824723678,-0.552562887615,-1.03039584531,0.215843070566,-0.753580723178,-0.0986677816119,0.0413372923525,0.907957385542,0.571380307639,-0.173365548953,-0.63435525925,0.885725699768,-0.189495862493,-0.361932195024,-0.830524710607,-0.549089033056,-0.910093992161,-0.261211475121,-0.817719020805,-0.414724350076,-1.93955652261,-2.11456102377,-1.49049038258,1.60779693862,-1.0569013406,-1.33294573788,-0.440216190913,-0.325511333751,0.183682564617,-0.299969671617,-0.422788973753,2.06726066869,1.33282635456,-0.0153861219114,-0.974514216054,-0.355115159253,-0.800140821954,-1.12263828562,-0.253236821187,0.342647426049,-0.658626142504,0.539331499565,0.486318448161,-0.731679380131,-1.01122135816,-0.959412700654,0.331302360452,0.0503412454719,0.309086728231,-0.133545383382,-0.714384625789,-0.728913158158,0.333188574678,0.292195081635,0.57459060034,-1.01565984471,-0.701555809287,-0.799176912894,-0.265866938591,0.288131520769,-0.106477142599,-0.884428838392,-0.939715835304,-0.564902416211,-0.876733522707,0.633947492312,0.324918134928,-0.890797270074,-0.886900252558,-0.730147540921,0.682579781277,-0.792940109032,1.10214741927,1.10044139112,1.0959442166,-0.351416565936,-0.35087173896,-0.328604717878,-0.391825722766,-0.0323086388398,0.00916646989045,-0.229393519405,-0.22231124624,-0.179633062027,-0.257387748553,0.114681301243,-0.0686421669443,-0.862409761901,-0.368447115292,-0.502254099005,-0.344237290692,-0.216697862279,-0.23883652173,-0.351416206601,0.767563685582,0.767310939664,0.769495728054,-0.3305832031,0.499297013397,-0.245892664422,-0.208308904472,0.375873277264,0.318474145456,-0.847631673072,-0.274681515943,1.27685856143,0.355264782688,-0.941378791906,0.382270512074,-1.15524210827,0.0556359040296,0.236207912698,-1.36043065468,-1.36043065468,1.36043065468,0.497843159225,0.077270197109,0.670920340415,0.671290691987,0.66864952714,0.211949465477,-0.389745308584,-0.818132379145,-0.0117744787198,0.409405186521,0.550203287134,0.514792807238,-0.332386178576,-0.441670217628,-0.710836195439,0.492456568198,0.421875484163,0.0992170203833,-0.730954868877,-0.719947389762,-0.839155552216,-0.729094357446,-0.185443864553,-0.728113537866,-0.725270573358,-0.37715783768,-0.104295421956,-0.0546132427969,-0.108066333749,-0.399857576665,-0.542074652943,0.770518929081,0.35698186249,-0.845113988896,0.61999803312,-0.573509337376,0.166610616266,-0.216203099143,-1.39826204128,-1.07985101234,11887221701.3,01030319,-0.07465619
759,600692.XSHG,600692,2011-05-31,-1.40266647392,0.028582001572,5.46756841574,-2.95334888267,-0.0343624263136,-1.43682089242,0.00460402245063,-0.620802605657,3.13769113087,-0.0536820849299,0.670327317311,-1.00876394446,-1.2775915142,1.85004962415,-0.569156952612,-0.102938732396,0.30623906644,0.618024849852,-0.0688087267905,0.395813259108,-0.705973237182,1.25540536071,0.755054793813,1.02164581042,0.260227335486,-1.38422241399,0.440592531656,-1.84956554595,-6.48181846656,0.02953534815,0.081780349262,0.0338990352614,0.0158353400578,0.04072103037,-1.66795912616,-0.0937148572103,-1.02164581042,-0.453051435304,-2.30456907478,-1.60711745727,0.30020251045,0.189799409135,-1.47359853704,-0.166581969188,-1.46691987372,0.613706995505,1.49235166722,-0.480216074554,1.34679507018,-0.218393360467,0.202320774051,-1.30980338835,-1.23208302734,0.277686686221,-0.0226747444235,-0.166864355156,0.0415299849355,0.0493674763276,0.0255534212284,0.0212638793058,0.0357439523653,0.270732907391,1.39079059205,-0.537928229966,-0.222588936169,-0.162824364023,-2.74690852562,-2.17029898019,-1.85004962415,-0.160652284809,-2.74690852562,-0.726919151673,-0.345325464338,-3.32018637028,-3.32018637028,-0.199322437788,1.10095334848,-0.252902149847,2.36925598996,-0.00762624804401,-2.60265671906,2.21608487473,-0.162538150025,-0.470915295829,-0.812038598578,0.031277671756,-0.619837476353,-2.65620472462,-1.51600557605,-2.3306714502,-0.614384791998,0.874021044849,-0.77479841538,-0.838967275899,1.46691987372,6.34043038431,-4.72684988599,-0.789819020595,-0.693390973903,-0.0774605447226,-0.730721512393,-1.37529568723,-0.22846728076,0.482355010764,0.438103657083,0.810611675283,1.16226109326,0.0788143254049,0.649916452993,0.21269964907,0.0,-3.11717997879e-17,-2.74181828269e-17,5.33158058594e-16,2.29886829141e-17,0.0782489354103,1.59350272635e-16,0.0,0.0,-5.97388516103e-17,-8.16866495076e-17,-1.1197377692,0.366637855501,2.93504521869,-0.164765847497,-3.51630278971,-2.05829328682,-0.749466992559,2.4025401261,1.71387096752,0.244583243247,0.49106784375,-0.31786785843,0.126783546702,0.363183296979,0.40043250971,-0.826384188474,-0.444017173921,-0.955046553713,-0.458205050062,0.00955434327064,0.0386841131617,-0.500316073374,-0.323482864613,-0.72803577054,-0.204764130017,-0.489253590992,-0.0712655544995,-0.662094064973,-0.373696008361,0.0308958691849,0.587364007595,0.615049044304,0.642128074585,0.638324968001,0.0983540850218,-1.40411912652,0.350747252419,0.599362169522,0.571104717402,-1.34365445727,-0.458773052488,-0.000776689564141,5.02887420634e-05,-0.00484973419475,-0.362457316101,-0.460095623115,0.133985903877,-0.357342533897,0.96088052695,0.623517888228,-0.471774521355,-0.463492447889,-0.526459847444,-0.564808594841,-0.563522211629,1.88349574453,-0.296895163933,-0.234930570631,-0.836954029059,-0.271158698003,-0.0191733822136,0.498563941259,-0.365309630285,-0.702474075779,-0.708678964359,-0.702550297907,0.312334494051,-0.132803405194,0.611845788881,-0.171227003221,0.169495833846,0.155818921459,0.395258539688,0.317696830098,-0.940309266705,-0.482917512296,0.363999799537,0.382270512074,0.968536312992,0.0685245304457,-0.0763617925945,1.57323257901,1.57323257901,-1.57323257901,-0.984397211339,0.288570631477,-0.0780780837097,-0.0764491367393,-0.0763017666616,-0.565082944782,0.0267763952463,0.37495493875,0.565569339081,-0.265457213942,-0.317442455416,-0.748440536091,-0.550323922023,1.36237917949,0.462659458116,-0.134521153269,0.0472592090241,0.35735488709,0.0315059976697,0.0342794745226,0.036544144972,0.0298853555771,0.826249887078,-0.000277756950312,-0.0122448990371,0.883591756829,-0.515205398617,-0.928477774501,0.116540466554,0.213939226741,0.984187303216,-0.226554082713,-0.422650832368,-0.287060136043,-0.511394801132,0.426014947475,-1.17252611935,-0.306683237785,-0.0717613202559,2.50743081847,2532701260.8,01030319,0.17222222
792,601018.XSHG,601018,2011-05-31,-0.316516934756,0.534345258405,1.19202327963,0.806552406088,0.00476777311381,0.853907412584,-0.615071315686,-0.620802605657,0.104075899146,1.72667941098,-5.93155809017e-16,-0.193822996343,0.0,-0.0354153897538,-0.478229384497,0.449595996677,-0.90489352104,-1.29520059292,-0.604299770657,9.06046606996e-16,-0.665225566617,-0.115328478068,-0.79513264847,-0.98811446829,-1.03291601082,-0.589512425153,4.91873341317e-17,1.02864042046,3.33622177242e-18,-1.39106353913,-1.35795863423,-1.38157051765,-1.39981215261,-1.36408539312,-0.624351090555,-0.163803922314,0.98811446829,-0.558916330276,0.178963199753,0.0,-0.258251327979,0.3258845227,-0.0964356230699,-0.207047929684,0.732148281951,-1.22891546319,-0.249310513819,-0.173874496281,-0.269238047058,-0.208103230915,0.163534135308,1.24752593806,-0.0997918837643,-0.0652714132839,-0.0324602786305,-0.415524962839,-1.38492902133,-1.33945326432,-1.38070955704,-1.39572864961,-1.35475114501,-1.10274870279,-1.73335811529,-0.522915952315,-0.0754532447709,-0.14040170295,1.44408313278,-0.201072221226,0.0354153897538,-0.138162796282,1.44408313278,-0.760628020852,-0.237286549093,1.11718067804,1.11718067804,-0.136216416602,-0.213900494985,-0.010306385611,-0.528862689287,0.220035341315,-0.306048254799,0.821094098807,-1.6762294302,0.801968259175,-0.0133284445541,-0.224187234858,0.122442505342,0.465877737109,-1.9298314228e-16,-0.00779131484122,0.0,-1.05005158371,-0.493361901002,-0.577701173736,-0.732148281951,-0.269684340734,-1.22247651832e-16,0.533330666817,-1.44492508505e-16,-0.147161995884,-0.71058147536,0.922116437001,-0.16826109089,-0.0486432318699,1.42364966174,-0.00217031238362,2.30847518918,-0.0861486867317,0.619340713955,-0.402819601458,0.15524179334,-0.367044735816,1.28782127157,-0.105649739097,0.161626812859,1.48944360871,-0.65622878928,0.0528668824284,1.36449905144,-0.268841758675,-0.0936064025121,-0.311000367441,-0.266980050898,-0.654195109418,-0.327939322269,0.0,-0.171064589521,-0.846063224707,-0.588780608218,-0.498254476681,-0.972040189178,-0.564927081589,0.572481266724,-0.887113197944,-1.30210879357,-1.19407925566,0.1457446402,-0.00305667600934,0.208406139553,-0.0257113770088,-1.37773308829,-1.37673453751,0.0587153538511,0.0431453322093,-0.0759932728662,-0.140748497678,-0.465017796816,-0.667937093921,-0.0851976787226,0.107215627776,-0.30671381806,-1.23181363922,-1.15054611753,-1.19675953777,-0.9829843779,-1.51128456476,0.012302022926,-1.20361113735,-1.12233671732,-1.4195810255,0.271716175992,-0.390620560693,-1.04598451969,-1.04243012883,-1.00981783676,-0.0127835683989,-0.0188901256256,-0.229275371297,-0.213206185129,-2.30384102174,-1.63369330486,1.2795346454,1.26654146789,1.42097485652,1.33176688498,0.910367757102,-0.0561309462143,-1.09038283421,-0.0698307953276,-0.158921803463,0.856523414334,0.175273023913,-2.07212068484,-0.0122821261778,-0.749541599888,-0.729209404827,-0.753649584696,-0.217983355021,0.65805938336,-0.991385919206,-0.0699400052304,0.395287650163,0.325157070694,-0.810592221397,0.229942871796,1.18861428892,-0.119876827351,-0.539723840693,0.382270512074,-0.501771824803,0.56001081778,0.64593629939,-1.48673005275,-1.48673005275,1.48673005275,0.579293978877,0.533679135345,-0.933080183459,-0.932358721784,-0.925331939391,-0.00173444734433,-0.223136627052,-0.213586952405,0.486697232824,0.688872744995,0.480481754251,0.701531649295,-0.131578480388,-0.442044036401,-0.514622302009,0.319171268295,0.321148360138,0.17978664225,-1.38872869957,-1.37749217628,-0.94385877688,-1.3905384339,-0.113465652974,-1.40599711729,-1.41443331947,-0.183448915607,-0.168757582414,-1.12747287667,0.851117350318,-1.18760758657,-1.15675478363,0.880905950188,0.414744798769,-0.702753312148,3.54047388322,-0.609131576479,-0.0136914540196,-0.0762416346816,-0.0717613202559,0.522214553166,39552000000.0,01030319,0.03559871
798,601872.XSHG,601872,2011-05-31,-0.179570734873,0.155696373452,-0.755684834878,0.190212580408,0.0863518487267,0.334065202871,-0.396123103185,-0.620802605657,0.267517540764,-0.194840097411,-0.548870561092,-0.0846041063885,-0.350863346192,-0.464714632049,-0.458762359612,-0.283015696486,0.100221667539,0.0564313119227,0.0322979737996,-0.368050942352,0.772055904218,-1.06982637236,-0.570959579653,-0.353505679469,-1.29817618442,-0.706381541158,-0.555361656607,-0.186774063426,-0.137467135433,-1.08728070351,-1.05286112677,-1.08658856491,-1.08784501854,-1.06827063979,-0.789507517243,-0.196848613063,0.353505679469,-0.577529938183,-0.51337699954,-0.116634159927,-0.325093293197,0.112953326169,1.00182224797,-0.214504468401,-0.543331185494,-0.0263152754962,-1.40105485935,1.3560904051e-16,-0.25446921057,-0.210920453337,0.171540612193,0.265555396942,0.647481088145,0.476935622573,-3.71294456839,0.0110986287743,-1.08329127164,-1.03753046537,-1.09354974566,-1.0819321515,-1.06481558085,-0.178208542461,-0.213116451269,-0.185262756629,-0.202633531531,-0.139292293042,0.156454171623,0.297901092789,0.464714632049,-0.137313538842,0.156454171623,-1.6707304775e-16,-0.235068437134,0.000685422454641,0.000685422454641,-0.132308474923,-0.203286669914,-0.291125187221,-0.745190413452,0.101065041516,0.0485265857815,0.465277543445,-0.162538150025,-0.258190441625,0.436599982822,0.279401632777,0.174575881982,-0.725899257248,0.17217079595,-0.760767557652,0.0722899621687,0.529032171674,-0.533866411756,-0.970912280147,0.543331185494,-0.0705258161868,-0.879410018726,-2.76542027107e-16,-0.0585325347837,-0.280323688295,-0.7944558068,-0.255081597679,-0.176218364101,-0.430961966566,-1.01924628597,-0.693414806567,-1.14850652411,-0.29824398805,-1.08270875913,-0.152393048748,-1.79422028188,0.00402170476357,-0.132204684992,-0.41299443465,-1.05292571857,-1.28590591544,-0.594797963963,-0.454776289958,-0.227036213408,-0.243175355091,-0.113766443755,0.0854739336401,-0.205509656994,-0.0262133928861,-0.0199493886372,-1.18603534409,-0.800140821954,-1.10486822405,-0.94749197548,-0.769370030435,0.239125784722,-0.559800331794,0.665026516292,-1.05913095866,-1.19129453246,-1.1045532867,0.167237064841,0.279651800058,-0.115025856323,0.0603692222141,-1.04842783518,-1.12586421832,-0.244907674054,-0.442759479436,-0.486990682982,-0.833106464169,-0.490604239509,-0.27353687891,-0.549338808427,-0.291922388469,0.380971764981,-1.00282309708,-1.10176691186,-1.10839957091,-1.10104088367,-0.621273233286,0.467718087324,-1.10577335038,-0.786955321344,0.383773881299,0.447516265444,-0.69840600751,0.972452441986,0.975586331636,0.967641524287,-0.64579550508,-0.540328524936,-0.564658557893,-0.439442949749,0.217404913392,0.291621137895,-0.434487508333,-0.436739977687,-0.421682507559,-0.41622382532,0.350812267226,-0.178157683846,-0.952286189078,-0.3054516035,0.334960731812,-0.60936809554,-0.419502825501,0.186190443925,-0.646183846253,0.57477296967,0.565313559002,0.5753393892,0.397189023259,0.42837551926,0.303113331648,-0.187262661156,0.384436877365,0.315984867934,-0.617942497189,-0.243523984857,0.286653846365,-0.720392367879,-0.941378791906,0.382270512074,-1.15524210827,0.474086641673,0.619089821635,-0.656191605939,-0.656191605939,0.656191605939,0.645935558593,0.677967146242,0.346012200306,0.346994934122,0.344061812445,0.483910809067,0.318341587928,0.256827619797,0.653906098089,0.802729898447,0.405226766376,0.758024072103,-0.391301652157,-1.393552995,-0.82692141352,-1.17265763178,0.166393320181,0.34340148889,-1.08755115426,-1.08430895149,-0.883819165535,-1.08838645355,-0.221432970342,-1.08264397756,-1.09690464465,-0.20643133009,-0.616498365537,-0.400755096274,-0.561841154916,0.100954803574,-0.21547202748,0.851888223772,0.412741459938,-0.782475291127,-0.396001870174,-0.517402217425,0.464196557513,0.0566510689488,-1.39826204128,-0.501976698614,13767924692.8,01030319,-0.03488661
799,600020.XSHG,600020,2011-05-31,2.20888551128,0.0543819399915,-0.346593725326,-0.648382373919,-0.0676408141753,0.735693222533,2.89918074339,0.3621348533,2.7861618858,-0.0923671416151,-1.03505376414,1.4360588999,-0.446261834075,-0.680442894509,-0.519579843213,-0.386424821994,0.0377921527205,0.0373942428403,-0.0163830301882,-0.676126515057,1.44161421827,-1.7385987532,1.61936737747,1.50655456363,-1.21528238017,-0.52289702903,-1.38473276,1.32270011254,-0.0541925359093,-1.27373736453,-1.24585644727,-1.26433857126,-1.28062016167,-1.24694679006,-0.553247298655,-0.2180526563,-1.50655456363,-0.498789478418,0.286942863863,0.753191958888,2.7248408939,0.230801450318,0.981504662059,-0.217880089116,1.53162818261,-0.845565909336,-1.79433341636,-0.438686514501,0.462623251652,-0.218097949299,0.144646383813,-0.316852791902,-0.338807283768,2.70824601085,-0.542318708758,2.37825009995,-1.26920150764,-1.23108928612,-1.26586448531,-1.2756592511,-1.23683405217,-0.0274544225813,-1.43304918432,4.89922341165,-0.19287845543,-0.151673078868,0.103228285913,1.47947034297,0.680442894509,-0.149447844288,0.103228285913,-0.457248198245,-0.263644464302,0.253809038802,0.253809038802,-0.148405472791,-0.187124441282,-0.0170212435281,-0.91383535325,-0.177471486049,-0.340191834112,-0.314326711266,-0.919383790111,-0.511686710147,0.0511961748758,-0.21244172191,0.0976170878936,-1.07516723546,-0.745618664937,-0.511150775789,0.0561238524854,-1.03712917459,-0.287347579063,-0.145881159831,-1.53162818261,1.1789052898,-0.329351038519,0.804337229299,0.349609339976,-0.168744195048,-0.966028527343,0.0298381279448,-0.194108774499,-0.36724217745,-0.78858658275,-0.541492939714,-0.873415141091,-0.26794465929,-0.695416064656,0.0444827454296,-0.0774359382187,-3.11717997879e-17,-1.18178908767,5.33158058594e-16,2.29886829141e-17,0.877925916944,1.59350272635e-16,0.0,0.697081037148,-5.97388516103e-17,-8.16866495076e-17,1.29097802166,0.691327628431,0.663122859169,0.002486964144,0.644849531813,-0.171064589521,-1.04381211505,0.0591393856107,-0.336425812812,0.136603528161,-0.267777775173,0.588437344236,-0.277734590033,-1.20822448902,-1.13575173043,0.122154606547,0.00859377958656,0.0178279821712,-0.100146387337,-1.2561370717,-1.26804794463,-0.0698642510767,0.00812788983826,-0.419940658368,-0.431444585641,-0.544630180188,-0.673796783803,-0.246758685255,0.225681664266,-0.294737044949,-1.20489562854,-0.997653192239,-1.13840861626,-1.09579392786,-0.815438281208,0.083701999124,-1.16488873779,-1.11994569025,-1.51065913043,0.366250186358,-0.0872320488301,1.11171517531,1.11331029004,1.10345429132,-0.698611668573,-0.714471194643,-0.510534504908,-0.646071626581,-0.000963534196095,0.101844733401,-0.554247183469,-0.540873740865,-0.45703647692,-0.552343612932,0.326130023947,-1.1371905417,-0.299672244548,-0.195266545013,-0.51118406813,-0.576734222427,-0.318706705681,0.0589666532022,-0.699007031307,1.34788519069,1.33337688418,1.34761353469,-0.14442439626,0.626627876965,0.296109485946,-0.515739327033,0.377894499648,0.316612793796,-1.14042303628,0.0270095858665,1.45612699125,0.188472678733,-0.840965054103,0.382270512074,-0.991874537402,0.432843037141,0.557726443909,-0.907991038802,-0.907991038802,0.907991038802,0.562345626505,0.499267350319,0.0363451328231,0.0371135738633,0.035333895895,0.095394603938,-0.306440967818,-0.336378478064,0.445683737571,0.695083135183,0.453921170295,0.685839309627,-0.319282849157,-0.652597460132,-0.757302291463,0.739781950787,0.353190152552,0.133650406265,-1.2717084044,-1.25976088561,-0.970949821024,-1.27296792208,-0.0614813890567,-1.28420008278,-1.29339447839,-0.157183299055,-0.220433559838,-0.800229796399,0.447746578825,-0.858889982045,-0.947556924029,0.872529699264,0.371005234304,-0.964696957365,-0.265756805549,-0.49156656326,0.101841911406,-0.260029416298,-1.39826204128,-0.501934705292,7362818190.0,01030319,-0.03488372
806,600115.XSHG,600115,2011-05-31,0.0610060103939,0.092911912295,-0.542088591838,-0.0643940273367,-1.03254401359,1.7006962965,2.69243528201,-0.620802605657,-0.718753317782,-0.879650489579,0.234365236339,-1.00876394446,-1.2775915142,-0.855182787101,0.965615687107,-0.78896653477,-0.180711149145,-0.28623593156,-0.17740481261,2.22468043376,1.32214945684,0.981158776184,2.88163180653,1.76119382686,-0.402923098518,-0.00750422744873,2.15179068857,-0.869205355412,0.81240179539,-0.623128182871,-0.406907010544,-0.584374261278,-0.643167206168,-0.498795874146,0.110388092409,-0.220771913142,-1.76119382686,2.26765799679,1.43343282691,-3.36489107238,-0.518072515357,0.0575063918646,0.920921314986,-0.183818378869,-0.717781288505,1.79860561649,0.172059368692,-0.10400711878,-0.287172456685,-0.199730177976,0.178542562056,1.64559946928,0.684238335452,0.435280792674,-0.0853481414791,1.23672726125,-0.625527521003,-0.392957871213,-0.569252928423,-0.656480461897,-0.503117733264,-1.45930643529,-1.36411655436,0.909156894403,0.8869801347,-0.0494329498221,-0.71557540796,0.513224758178,0.855182787101,-0.0629329813547,-0.71557540796,2.5861811333,0.180834040891,-0.772442144868,-0.772442144868,-0.0921848726578,-0.212981651083,-0.374630471575,0.901767107912,-0.116566501641,-0.516871149778,-1.09145428462,-0.919383790111,-0.977602047264,-0.682989359718,-1.10950527329,0.365731596332,0.0366247257185,-2.48385628025,3.86745764987,-4.8907057106,-0.93239319298,-2.1058604412,0.119508223714,0.717781288505,-0.0647531053304,0.21349567801,-0.550695583111,-0.315182973886,-0.239541431156,0.736951819208,-0.760320437868,0.0633070918296,-0.0380232670172,0.228413017795,-0.062939059125,0.37366579527,-0.0861486867317,0.028209759231,-2.05573670388,-0.0781346701453,-2.10827176207,-0.502646238879,0.758757217149,-1.54258983244,-0.439189111465,1.05651429133,-0.529253450156,0.286362259123,-0.314551632563,-0.263568794011,0.5085552859,0.766983497852,0.323868368629,0.950932786257,1.03216629759,1.71616410778,-1.10805772228,-1.24480925513,-0.170860845016,-1.07768099347,-0.5158113744,-0.0370408942236,-1.30073624451,-0.532565313648,-0.472445687665,0.0304729572886,-0.66306423191,0.983494303616,-1.00221301203,-0.67118968133,-0.482111780755,0.576010547583,0.453539779638,1.89736529191,-1.5988730574,-0.590537053939,-0.910735067618,-0.136762014579,0.185147228829,-1.17474196546,-0.0196033920821,-0.898455953827,-0.173117657458,0.319572402423,-0.621463192103,-0.728713946264,-0.207389403273,-0.834457058986,-1.54252639887,-0.0775621149374,-1.83501369326,0.13704801198,0.135058382028,0.189551301239,1.12959059854,1.22458707676,-0.0397597996045,0.297588727639,-1.24943421928,-1.07534173146,2.01446212033,1.97043612164,1.84207484159,2.1239889705,-0.107869945207,-0.0974016144586,-1.0494840106,0.15791635375,0.278523922151,1.0954610542,-0.0254794883648,-1.50139049517,1.13246512992,0.142913122073,0.188361498755,0.153384972748,-1.56876827939,0.257590580956,-2.81042668412,0.671849720506,0.376458367954,0.321210108137,0.842392559743,0.47722868652,1.29076773935,-0.254301988026,-0.840965054103,0.382270512074,-0.991874537402,-0.731429549114,-0.558959190336,-0.4755355049,-0.4755355049,0.4755355049,-0.0950200795786,-0.803550756444,0.377040212061,0.372544294944,0.385007644799,-0.973024960167,-1.80591910161,-0.768767197386,-0.948775101053,-0.428997488901,0.501508883215,-0.203916349587,0.383082012355,1.77428073967,0.990110998176,0.123831475677,0.13332891737,-0.779959593645,-0.614128798258,-0.567709192683,-0.279029909784,-0.61465124079,0.23043024679,-0.666649717919,-0.64088822461,-0.058687236984,-0.833817281895,-0.6200140849,-0.682887748636,-1.28722356143,0.26458540652,0.250892219964,0.311906738805,0.806269861383,-0.597179319328,1.36853049347,-0.747153273918,-1.38537614066,-1.39826204128,-0.481207295742,60667779066.8,01030319,-0.03345725
810,600119.XSHG,600119,2011-05-31,-0.266905472226,0.262502786845,-0.113085968104,0.224476178923,0.0717942634416,-1.48913536256,-0.188816595768,-0.620802605657,-1.43132428441,-0.168039478203,-0.583063665482,-0.462669494692,-1.0459094722,0.438108146346,-0.000622083596353,-0.161328616882,0.481041707932,0.884543817005,-0.0425958784894,0.682262334655,-0.626330062896,1.52565927431,-0.145209341923,0.233855589809,1.23837422564,-0.628079233434,-0.517791854487,-1.16229774588,1.90179895243,0.201872433408,0.167986961568,0.213297516783,0.174278371254,0.193662184517,-0.68868309275,-0.149266018422,-0.233855589809,0.663275207341,-1.32004860789,-1.60711745727,-0.485729628961,0.278657955034,-0.899164971797,-0.063299290261,-1.18630442231,-0.143588154885,1.71708227123,-0.356115977455,-0.13407531603,-0.216218181181,0.154476870289,-1.37158946238,-0.993907259891,0.420007355044,0.0373332223262,0.0251162610702,0.218755832745,0.158636498889,0.234034146529,0.178829922568,0.193116194147,0.00850475978506,1.59664615789,-0.490922573715,-0.204009766334,-0.140661899603,-1.15013195431,0.779613105776,-0.438108146346,-0.134074845218,-1.15013195431,0.00986041751481,-0.376314174689,-1.1416724635,-1.1416724635,0.0107449351622,-0.170561690949,-0.970186716069,1.01819501084,-1.61658221928,2.05631526031,-0.848877104763,0.59521606826,-0.164416188694,-1.42066271158,-0.0494727297599,-0.215183171951,-1.02984238333,-1.37138420645,-0.827813387492,-0.510459801177,-0.853752202841,0.601656596627,0.325672292853,1.18630442231,-1.22939752062,-0.0720218749227,-1.10067948932,-0.405765481805,-0.218483303054,1.66135402528,-0.920270422451,-0.0811846885832,0.296505625842,-0.222421856673,0.544748408289,0.043556135645,-0.109714831323,0.028209759231,-0.00195149186775,-0.604978542803,-0.473962184796,-1.12004882869,-2.28011346014,4.07165108344,-0.674388223681,-0.0534029333716,0.548525224438,0.23502241187,-0.258107067868,-0.526973712438,-1.18493966385,-1.35768550171,-1.36879499375,-0.765448201502,-0.609235557813,0.458011642912,0.840725697055,0.660724218975,1.03036086774,0.312801474799,-0.304950321572,-0.994405544927,0.158650731108,0.787971297895,0.771422699271,-0.873822423043,-0.741751039149,-0.604481197791,-0.385376923662,0.124752389701,0.323452729048,-0.177442051802,0.071602449718,-0.590791194712,0.0922309886623,-0.465533774902,0.00345410868646,-0.83856592683,-0.00515773978674,-0.136231938299,0.865841700294,0.884395093016,2.31596593751,0.974130139967,1.10291962879,-1.54498934982,0.848190491877,1.03070345161,0.544318416812,-1.76690146508,0.394232328691,-0.627839578521,-0.628367267028,-0.632233603321,-0.306380482304,-0.577969996102,-0.128995785307,-0.423287406729,0.992956829364,0.59973278187,-0.562323013996,-0.544088670476,-0.584768660627,-0.679651316924,-0.724034206481,1.32945733004,0.620046362772,-0.834071106717,-0.944614004671,0.120529012876,-0.224199524131,0.650841579037,-0.307059491442,-0.47888381125,-0.484345812003,-0.478695085411,-0.303124865185,-0.41256644444,0.495498687722,-0.409142804017,-0.210174833969,-0.0925481826024,0.172993969951,0.857018282979,-0.163502163455,-0.29709543675,0.564827275144,0.382270512074,1.29527145472,0.241232124422,-0.218903805437,0.225506090725,0.225506090725,-0.225506090725,-1.24717894666,-0.390609336135,-0.59709755174,-0.595846051244,-0.593253214624,-1.10900563196,-0.098180115903,-0.108949524704,-0.213687070738,-1.25497938395,-0.372777005323,-1.31022629623,-0.15352738231,2.37192350254,0.775011917613,0.183693670189,0.457325977898,0.120597227303,0.207343962647,0.211676343363,0.150765844605,0.198308615785,0.746274096436,0.136354190625,0.14424349435,0.939406192002,-0.699181249279,0.286550878326,-1.36888507095,0.545646658388,1.75662672515,-0.61275908068,-0.585922947051,0.214049446111,-0.602909292733,4.20871787991,-1.38083627822,0.166923737919,0.591489040254,0.105438245914,2370054000.0,01030319,0.00691597
865,601880.XSHG,601880,2011-05-31,-0.317677722481,0.549166733521,0.826375473743,0.320131270677,0.04585769322,0.584304002638,-0.210416867853,1.37118450282,0.345779279211,0.432852233004,-5.93155809017e-16,0.1086293143,0.0,-0.569882159998,-0.340331170565,-0.369071433669,-2.54678976077,-3.3702411229,-1.679026551,9.06046606996e-16,0.506269962124,-0.369362166013,-0.43359824999,-0.0924009661995,-0.668183272119,-0.589512425153,4.91873341317e-17,0.383450240791,0.112356663138,-1.17741120562,-1.10678988247,-1.1691708311,-1.18264314048,-1.15009629929,-0.705988777551,-0.191819307933,0.0924009661995,-0.526036371571,-0.100513577943,0.0,-0.336952351542,0.975355857122,0.414828720528,-0.210144448797,0.454024974864,-0.684592287157,-0.895411000335,-0.481193240673,-0.287266996631,-0.199650662287,0.142125153164,0.439468307143,-0.819636858951,-0.140944354268,-0.283279656078,0.306078369261,-1.17695400646,-1.12248396276,-1.16572461017,-1.17829485565,-1.16273608685,-0.680298608665,-1.08370040932,0.0817589032245,-0.0516727169314,-0.148070355972,0.544346927759,0.0364366419589,0.569882159998,-0.14654885364,0.544346927759,-1.6707304775e-16,-0.249959621514,0.477218143666,0.477218143666,-0.165401917553,-0.252421258561,-0.32056725655,-0.783292761082,0.0641813891897,-0.184483820542,0.357954684519,-0.919383790111,-0.355837978916,0.218611403667,-0.37541071406,0.258982301305,-0.0673558174133,0.0581424083856,-0.278037582809,0.11309014375,-0.364230561664,-1.82093215865,-1.29027916543,-0.454024974864,-0.117068297467,0.270973565643,1.77677254173,-1.44492508505e-16,0.179048418404,-0.720524025288,0.267365265544,-0.181477083788,0.354915432532,4.97790599766,0.91695698208,4.05072061498,0.0889141016581,2.64753140344,-0.69256387023,-1.19540702078,-3.11717997879e-17,-2.74181828269e-17,-0.462937947678,0.126508818225,0.595686982285,-0.60857684067,-0.542950399158,-1.30517300572,-0.279172889677,-0.295059661354,0.965553318783,0.0214579512685,-0.156140644582,0.223790989304,0.229804668805,-0.485602705738,-1.03150976473,-0.44205260008,0.659532702918,-0.837162999938,-0.564927081589,0.492700879166,-0.641930983235,-1.036616293,-1.00553213921,0.364896375545,0.041326011975,0.29384985218,0.248910269729,-1.16912467758,-1.15744149893,-0.0422236268353,0.199405778444,-0.270488469868,-0.338187610474,-0.197862555323,-0.54428902022,0.122845240921,0.433923632075,-0.455228683677,-1.06610666537,-1.00642573713,-1.00170074299,-0.968555249417,-0.533774583924,0.268955991422,-0.959744990916,-0.978875093564,-1.04262003973,0.579200483392,-1.66133476255,-1.47562637955,-1.47361196613,-1.44844261138,-0.0205301711525,-0.237605356048,-0.18637235528,-0.552920531943,-2.08228157076,-1.79691931537,0.609708711942,0.669443515354,0.985728711847,0.480738237493,-0.194950357943,-1.4201955601,-0.630902223358,-0.304462092936,-0.313800316088,0.406582620492,0.094840062151,4.4243773941,-0.0202588236599,-1.28453463071,-1.25889751058,-1.28333843974,-0.432151503213,0.674539835,-0.732010982998,-0.777820159374,0.391085635207,0.323475126422,-0.273332119229,-0.374149646481,-0.192783616543,-0.849204486514,-0.539723840693,0.382270512074,-0.501771824803,0.474086641673,0.550056021693,-0.470739325226,-0.470739325226,0.470739325226,0.594596860145,0.30668209728,-1.6773721586,-1.67639569244,-1.67014211902,0.134246224451,-0.389745308584,0.232361481624,0.221686955801,0.643329883614,0.469414844269,0.671716203925,-0.112039006797,-0.33232822661,-0.986698632341,0.870533586168,0.502150400264,0.0358640914574,-1.17547013675,-1.16612168959,-0.965092297966,-1.17474816782,-0.209436601746,-1.18604297901,-1.18987350948,-0.41327306044,-0.227999680534,-0.79012899644,0.426021844045,-0.755855311421,-1.48637054699,0.756757945419,0.407065333252,-0.264282427763,3.60882351951,-0.610349596469,0.19111769378,-0.329303272446,-0.735011680766,0.702412255734,16597500000.0,01030319,0.048
867,601919.XSHG,601919,2011-05-31,-0.039322454479,0.107494287034,-0.0714528020876,0.176673193477,0.0933803251053,2.00775296412,0.909711527429,1.40662247572,-0.829443953375,0.791568213176,0.921432927674,-0.143414277902,-0.40537676784,0.596129098597,-0.300718354238,0.318449898027,-0.0308803135799,-0.133939378901,-0.0500852637182,0.838952427263,2.09450303073,-0.812049555417,0.441740511624,0.622279934691,-0.635025750419,-1.6413344692,1.59107911354,-0.82664408419,-0.337480030362,0.47278567926,0.644825874482,0.481174733404,0.492235220764,0.571975807711,-1.98209492635,-0.192963331847,-0.622279934691,0.0593738429048,0.737916755145,0.386234065013,-0.478182955469,0.0870573001588,-0.133746099012,-0.178138284125,-0.863322517303,1.48882819924,-0.979684976837,-0.490476318803,-0.270883708752,-0.207656783047,0.16625362787,2.00728993581,2.10247100948,0.69076374939,-0.00724170776185,1.08862792873,0.45577530144,0.65879418112,0.449396149726,0.484679669608,0.591941991316,-1.170904682,0.178013023094,0.841232490606,-0.174420718077,-0.0420788202278,-0.649954452975,-0.0524701232726,-0.596129098597,-0.0709131224452,-0.649954452975,-0.702841387974,0.183344009686,-0.535276321725,-0.535276321725,-0.132391182683,4.10980194541,-0.333136093164,-0.367384793764,-0.00945527096898,-0.322108198237,-0.973846318378,1.35206170835,0.549185490404,0.239538307266,0.031277671756,0.455103099144,-0.328640259129,0.416914652187,-0.0717427217649,0.822089525575,0.538577242299,-0.575069276144,-1.19244494353,0.863322517303,0.614983598014,-0.591304859741,-1.25212433306,0.291303357867,-0.248593567671,0.145242629935,-0.704746986435,0.273479051026,-0.436271948993,-0.809555646678,-0.693414806567,-0.506626630397,-0.304977172219,-1.03174919407,-0.943410606181,-0.800623482252,-0.408374169876,1.47304204852,-1.2044070257,-3.87760517383,-1.33294573788,0.389387010789,-0.778366710129,-1.71589178375,-0.45146602233,-0.411163840481,2.51958053873,0.562082184838,-0.258999718842,1.29665658593,-0.862663907358,-0.171064589521,-0.767237054133,-0.895751046295,-0.191410516618,-1.08976536591,-0.560334669097,0.722468395334,-0.811347341144,-0.334023095829,-0.412761708358,0.405944970355,0.327455653574,0.364349705602,-0.663488791404,0.535917077188,0.375632609259,0.236060181627,0.200488915413,-0.0536251032043,-0.532813163272,-0.431539924587,-0.637122018894,-0.221144723783,0.526404890267,-0.0289879963734,0.071123050612,-0.512656781692,-0.06308449117,-0.198564484009,0.207625633072,0.292112740459,-0.303891935086,-0.499872672034,-0.477227731729,0.804202484671,-1.03916846649,1.02414226059,1.02413088539,1.01665454693,0.547887016413,0.510371540417,-0.117048871013,-0.211866580855,-0.997469499192,-0.775667472241,0.245265114023,0.263296760688,0.405021904898,0.177442580276,0.17700925019,-0.342936115163,-0.95051895596,-0.468913008852,-0.550465888156,0.178046781275,-0.229332928066,-0.442821035347,0.550105527374,0.875455345952,0.879187380653,0.880375538857,0.0765853779337,0.373886468789,-0.796796555744,-0.78134050832,0.367150106975,0.310916609197,-0.555160696248,-0.602834848559,0.684391958485,1.96681552823,-0.941378791906,0.382270512074,-1.15524210827,-1.45748883722,-0.794824673471,-0.255710603193,-0.255710603193,0.255710603193,0.152129680256,-0.0802995553772,1.78327630142,1.78335121153,1.77867993251,0.347930137272,-0.514701819734,-0.895161613256,-0.156899154233,0.150638928675,0.473841608262,0.153868994858,-0.0248375047236,-0.837964844051,-0.854982454288,-0.526776059413,0.181391605991,0.245165064463,0.471198022392,0.495636813167,-0.574834824219,0.478015020456,-0.325401498178,0.516066295685,0.529395293764,-0.455954687337,-0.465552112859,-0.870317721294,0.136235714433,-0.457452593333,-0.366344146393,0.280508250017,0.20706534001,-0.400948677442,-0.487356604152,-0.453855353641,0.472949085197,-0.686982570515,-0.0717613202559,-0.620349914947,89494563367.3,01030319,-0.04303311
10,600079.XSHG,600079,2011-05-31,-1.53454903974,-0.153448075472,-0.233861667742,-0.334252711609,0.184677929915,0.750088524094,-0.329253873513,-0.168707566707,-0.0706402783275,-0.536844372405,1.58719922979,-0.531772971937,-0.461614642893,-0.0281807618874,-0.773017314816,-0.625200192813,-0.177263431777,-0.101820849943,-0.14533997416,-0.685082837325,-0.647711822867,-0.0821594111651,0.201211083601,-0.118344696268,0.207436101835,-0.143683291516,-0.675437549729,0.184985820895,-0.002287371017,0.619692659108,0.53275939777,0.581113548276,0.638964476601,0.535541755542,-0.0321917494461,0.298403758802,0.118344696268,-0.347205292661,0.2771654494,0.687067145505,-0.172524763066,0.122958925066,-0.817179686068,-0.0913543373152,0.397021972091,-1.20148260466,0.650773246111,0.053610304719,0.0735856469241,-0.518873906372,-0.458423813202,0.737076289723,0.749200255273,-0.421011468053,0.102678777207,-0.61949052163,0.625496454187,0.571479926272,0.571750259153,0.651560139349,0.4893662002,0.0096670538705,0.882250338411,-0.538172565003,-0.234092679044,-0.212151458689,0.186744592027,0.127411945953,0.0281807618874,-0.231502212746,0.186744592027,0.116341498887,-0.198331629618,0.305815848946,0.305815848946,1.54418336596,0.197052946741,-0.443606589873,0.0193243924479,-0.0715012109689,-0.206382832887,-0.230651008768,1.53398329952,-0.530437439965,0.454967020758,0.69728454333,0.402053706459,0.17113863641,0.111390929266,-0.0947673168658,0.29024796451,1.07070997386,0.449305218178,1.40665319391,-0.397021972091,0.149654220982,0.401079772512,0.523090138051,-0.192121907238,1.23650460838,-0.549381328046,0.266982725202,-0.204608157016,-0.384675663515,-0.39123917066,-0.329098909421,-0.574000104179,-0.349918228099,-0.320095570233,-0.113338609848,0.727856559316,0.202394938951,1.91236709223,-0.419469427401,0.354434693147,-1.17511325731,-0.359369662501,2.28226549534,1.53047808217,-0.273040848159,1.78009153357,0.110683383479,-0.143221885596,-0.312359242758,-0.414714521978,0.713801885555,0.797466075428,0.567009081962,0.257090595234,2.19499454378,-0.678313807737,0.30224850006,0.0414692192806,1.0303431913,0.492416991083,0.48673392086,0.287467163107,0.620318821279,-0.187706198748,0.862077134051,0.663142787859,0.488809287898,-0.491513643427,0.331573075593,-0.54375771992,0.952474837551,0.436000629649,0.82192491078,-0.0661681157107,0.482539527941,0.981791057893,0.124527937044,0.544473417453,0.374257375555,-0.353577009504,0.960325916699,0.484769515765,-0.442349220567,0.37650856208,1.35134065592,-0.117384456104,-0.251813555579,0.557132613216,0.557772803946,0.551163520348,-0.0491208418592,-0.158921278549,0.00860784747553,-0.331334577531,-0.0827574608483,-0.0573743959072,-0.294572734454,-0.289652664242,-0.267445138989,-0.30427817947,0.0611573789675,0.0718567178133,0.58489642358,-0.197115564472,-0.360920915544,-0.395986834158,-0.223031330926,0.497360520114,-0.0500590295394,0.680039561454,0.679407822318,0.683329462273,1.04416215602,0.17193126171,0.0134547243728,-0.108465428134,0.212902604452,0.146916240375,0.021328754219,-0.78154029327,-1.19515497178,-1.23903986433,2.2012204061,-2.36976196401,1.30354542092,1.26459293455,1.29755608492,1.41181124889,1.41181124889,-1.41181124889,0.18127114904,1.17912769215,0.398660695184,0.400073191086,0.399039760388,0.758873433284,1.42304486203,0.289573136157,1.30121264787,0.867660464537,0.0761061188196,0.235125343073,-0.495547675907,-1.20060410544,-1.37006246665,-0.631396680307,0.0810830653905,1.21665895839,0.611127549984,0.564736737704,-0.643892513318,0.615713979207,-0.504710294601,0.657733152632,0.639882945318,-0.337883082131,1.02604138184,1.12253173822,0.525792315563,1.46908372432,-0.257913153091,0.425702043705,0.503312166376,-0.548846154441,-0.45217408883,0.236150424479,0.815305566583,1.07523864477,0.986816625313,-0.653886129073,10577666937.0,01030317,-0.0147942
26,600200.XSHG,600200,2011-05-31,-0.437653800856,-0.0694510375454,-0.451045976756,-0.436672385432,-3.51114882685,0.402743387006,0.33312023057,-0.168707566707,-0.596725561603,-0.486296869212,1.56500490935,-0.531772971937,-0.484602681334,1.44941851516,0.644224044115,-0.451853529533,-1.88006670066,-0.667068287798,-1.44265998658,0.351619323672,-0.980541114185,2.71649524383,1.00057503669,0.0760652200375,3.28505833251,-0.93075139775,1.738190795,-0.32775431509,2.57534698811,-0.479148679531,-0.699936691815,-0.447487944925,-0.514850083823,-0.534252800124,-0.928247692767,0.242595828924,-0.0760652200375,0.948249503209,-0.768138244712,-0.51411901947,-0.220057095747,0.128534194372,-1.12059751188,1.00547867666,-1.39273430519,0.175402561809,2.6926449475,-0.227430499755,-0.30290261104,-0.208214444258,-0.010656185179,0.269060362846,0.266804213182,0.372031457907,0.15388355688,0.155794271864,-0.466770387289,-0.778487259455,-0.409280981119,-0.506646242,-0.489706779679,-0.718144100652,-0.149781415578,-0.0144158222709,-0.243378060539,0.362301951858,-0.0752647966319,-7.87217711754,-1.44941851516,0.932018451606,-0.0752647966319,-0.889357952179,0.953647242781,-0.00595370571141,-0.00595370571141,0.88331732556,-1.64357282094,-0.876031382695,0.426382930607,-0.191613260821,0.532548389563,-0.337015835918,0.334606583484,-0.749333312682,-1.73065183782,-0.985202468839,-1.38836177898,-0.529639895369,-0.499607433494,-0.895560453549,-0.507125741381,-0.249813271827,1.60532885748,1.41601292391,1.39273430519,0.941851503701,-0.107724504949,-0.394321937036,-0.984343392202,2.0240430333,1.11436370831,-0.527869820417,0.477169501078,1.57427995802,4.42732587873,2.63226785762,3.01463413029,1.47479756367,4.68552472294,0.281864517625,0.0,1.50418697311e-17,0.0,-1.71608029316,3.57830521427e-17,0.152031395543,0.313545809914,-2.26896942171e-17,3.15997095988e-17,-0.0604417408448,1.53278881211,-0.0242789357309,-1.26511399952,-0.907029571452,0.0183646634082,2.71325336982,-1.14732216013,0.667839393685,-0.442669484776,-0.119690433764,-0.849278217819,1.67042361668,-1.17454192537,0.438581514186,0.514702317548,0.308498336922,-1.38924486444,-1.64141654101,-1.12235049191,-0.491439179454,-0.53002303042,-0.300744799356,-0.615647755376,-0.515917901368,-0.347261353147,1.00060304158,-0.567346584511,-0.783560324467,-0.323822421945,-0.882792701365,-1.11775820022,0.742368879702,0.637677892257,0.977387229362,0.597836392558,0.258213628229,-1.7453164919,1.10308136661,0.473021122644,-0.0938377620752,-1.51181489295,3.30879519412,2.70205919502,2.70678644392,2.72175106424,3.44661723514,2.1736333761,3.22212879767,0.570656567849,-5.70194020435,-5.38619915007,2.70452460256,2.78830984598,3.52858485736,2.71504692537,0.489446920443,-0.797538630004,0.58381475154,-0.104257660218,0.764224047799,0.580647241861,2.99712380126,-6.47762912072,3.44335861805,2.39223428477,2.48885727399,2.41812086791,-1.72062265272,-0.618693992489,-4.57942445554,-1.15234447058,0.303542658386,0.257625123185,-0.137970544324,0.283239516345,-0.0759856518913,-0.492496029036,-0.206090356746,0.501250544522,0.188086714041,-0.0907703503178,-0.643425185812,0.0959336999929,0.0959336999929,-0.0959336999929,-1.26818031435,-1.33802255179,3.44795580191,3.45970762305,3.48220254128,-1.73577778602,-1.41569695396,-0.888152198354,-1.29016786038,-0.719187366537,-1.24183385695,-0.90817758622,1.03028588521,2.59064612086,2.10607277008,1.19486202462,-0.067908684222,0.142612457283,-0.469155990808,-0.445928320778,0.615159654295,-0.47798494073,1.50013419322,-0.553631765971,-0.553683118264,1.51170813751,0.83320136987,0.0619017053681,1.27868748206,-0.070140643322,-1.4428516164,-1.2335060764,-0.887787040033,1.72842592667,-0.593464411466,1.26431536973,-1.18185892128,-1.22367281894,-0.496263373963,1.87678349736,6935544000.0,01030317,0.11241007
35,600351.XSHG,600351,2011-05-31,0.0801040406407,-0.124492570043,0.01607830755,-0.747074446527,-0.21929697539,0.187818336239,0.305338024177,-0.168707566707,-0.0124313450564,-0.589422324988,0.242505244074,0.209157886187,0.228026510345,-0.471744153307,-0.96174347441,-0.654958036676,-0.182635050922,-0.301319945657,-0.0375891425634,0.538045416624,0.786014355118,-0.281392046107,0.240019352086,-0.0516673796866,-1.12342756548,-0.525755187746,0.0488050478587,0.169775994844,0.0611664941005,-0.897653241101,-0.857651590116,-0.893268508309,-0.905656416739,-0.88318750581,-0.514107683696,-0.218743487469,0.0516673796866,-0.357641464785,0.140437961984,0.372121992493,-0.122276297088,0.119143880438,0.846980965557,-0.650489395633,0.748686487606,1.12945211298,-0.622081840471,0.281749310704,0.923815814037,-0.745471550671,0.121861611887,-0.190417960058,0.00205147934084,0.6662003444,2.05340242105,0.631361263594,-0.893875568782,-0.838626652003,-0.884534085147,-0.902027448796,-0.89305281573,-0.402570251468,-2.41904669357,0.446237698445,-0.3627615369,-0.296411508263,0.166334038465,0.128327246181,0.471744153307,-0.282308273426,0.166334038465,0.198158660853,-0.610051170438,0.284330263801,0.284330263801,-1.58746152196,-0.423174790713,-0.416594980371,-0.0987284397113,-0.0956549551958,-0.27565119632,-0.224197734551,-1.46517840457,-0.682046557209,-1.0283396446,-1.21749422407,-1.2718139696,-0.161588731524,0.208046037499,0.090876085191,0.484385802273,-1.69918279208,-1.44654819193,-0.349076159991,-0.748686487606,-1.02430456278,0.077961266617,-0.136621915944,-0.273462699629,-0.402724546956,-0.836780101081,0.166239786281,-0.437300733554,-0.419245468601,-0.437851649977,-0.480759202073,0.184861285324,-0.290944523802,-0.480431845249,-0.43971539152,-0.0899329596529,-0.140978543683,-1.32818940296,0.447046126789,0.29461487019,-1.10401622234,-0.376401097495,-0.111322934885,-1.39339569279,-0.294678617801,-1.05347224939,0.278794342495,-0.0810274400484,-0.164682777798,1.40720480965,-0.267201922918,0.149203330241,-1.32277152603,0.884053054016,-1.03098909492,-0.0976091125123,0.41098794428,0.219481956255,-1.36627420649,-1.0179444799,-0.891815187551,-1.44302716542,-1.21498735324,-2.2120305683,-1.01438912006,-0.873571608837,-0.891641602446,-1.40087151994,-1.21282353357,-1.26464887373,-2.01362116118,-0.501006846679,-0.884913237221,0.0155984524944,-1.13723982427,-1.36070529622,-0.934129060696,-0.951582125913,-1.58412199123,-0.504745473491,-2.6734747994,-1.02871552144,-0.82578524393,-1.18123329722,-2.27387225546,-0.436952348403,-0.582869797265,0.772965770692,0.784460458908,0.790137400551,-0.474457708566,-0.342501054602,-0.468029115488,-0.0348352999531,-0.151850606195,0.417747257273,-0.0924843821445,-0.126242832054,-0.187694589959,0.105292424953,1.47138417335,0.853711321109,-1.41376308928,2.34835297265,3.44888776043,0.150321036634,-0.141057735851,-0.697022991578,-0.474032073611,1.63818722074,1.63947504387,1.63937799042,-0.78090576754,0.0476487350436,-0.265739364186,2.33162637331,0.296287902792,0.24033171815,-1.27947679444,3.43130791,1.84464298824,1.4095520594,-1.09768693558,0.644801169949,-1.24607448052,-0.158381610792,-0.0569789729959,-1.48754480078,-1.48754480078,1.48754480078,-0.0516255204117,0.0940272437055,0.776046798623,0.782401912826,0.782391937664,-0.732012798368,-0.847948590764,-0.676344026062,0.0841917034123,0.30105517669,-0.082377066673,0.28499597866,-1.61716262711,0.295962293941,0.485111865331,0.941873805756,-0.20291228209,-0.46537046714,-0.895968720713,-0.892761452379,-0.572883063517,-0.895940640617,1.80370686014,-0.913689152265,-0.919977457954,1.57539564005,-1.25227496613,-1.48419666292,-0.527292289341,-1.69785689436,-0.277445105783,-0.231465472332,-0.143722292215,2.55121653872,-0.0833717915076,-0.513176087827,-1.02110839908,-1.24761981335,-1.70991312787,1.09680537525,4582572480.0,01030317,0.07320442
41,600380.XSHG,600380,2011-05-31,-0.501270003543,-0.0211751981937,-0.19078084579,0.416311054044,-0.0928655303129,1.01317327196,-0.353100267334,-0.168707566707,0.662704085535,-0.0522081631364,0.302042389368,-0.793277980687,-0.0248419125091,-0.516554265739,-0.0958509952828,0.0790928545395,-0.134290478619,-0.168320548514,-0.0634493421465,0.108940869985,0.535112273971,-0.646443037595,-0.363822497935,-0.433291009496,-0.728327414249,-0.00842984025016,-0.206991273842,0.37460165233,-0.0535752695142,-0.709872116951,-0.635761332778,-0.7016809398,-0.711353678639,-0.661011169614,0.0765407930961,0.0622842901861,0.433291009496,-0.421911284972,2.32807776063,1.47809218098,-0.274379761669,0.120581913934,0.44220303636,-0.465156598735,0.913713411088,1.65372556528,-0.40993932604,0.372674276857,-0.239147182344,-0.286172548686,0.0151766633594,0.937543666125,1.14039871576,-0.483181181178,-0.00224754968269,-0.610642763645,-0.710499435185,-0.610537367548,-0.694720815538,-0.724219639872,-0.64437570081,-0.554524133455,-0.744815640749,-0.509776115096,-0.0576704306441,-0.208220381918,0.355131658913,0.132468979712,0.516554265739,-0.0689778183635,0.355131658913,0.430577324491,-0.268704124808,0.482500501256,0.482500501256,0.108531505716,-0.0178624077824,0.827612342261,-0.296559279663,-0.160407553386,-0.377593372923,-0.302510299596,-1.46517840457,0.148342014667,-0.342055323004,-0.239480806026,0.243307552307,0.8798935092,0.290893273127,0.751063568245,0.374149806067,0.141498641989,-0.235053168786,0.221867370463,-0.913713411088,-0.604310687553,-0.083513775096,-0.466477942941,-0.249627955812,-0.102822358153,-0.325131088898,0.80581881136,-0.245322113434,-0.457656363141,-0.548556288355,-0.47676814174,-0.793857142259,-0.377670559532,-0.519538253789,-0.452307673771,1.24795700653,-0.912701774854,-1.44602782097,2.16742737306,0.352371940632,1.57397209503,-0.182972657206,-1.60241080945,-1.57452061691,-0.35121486599,-0.928462082494,0.604868717729,1.57669374321,0.103909987329,0.0105047870854,0.447229617162,0.149203330241,-0.0245812625978,-0.171794615095,-0.584534481778,-0.578915894899,0.70403003971,0.446601655154,-0.382787868334,-0.834355838071,-0.777575169359,0.565324312839,0.0293472919459,1.98437676421,-0.659788825697,-0.696714616747,-0.690877517335,0.56314302508,0.18262207926,1.24533083474,-0.462730493296,-0.0237237069623,-0.749290433944,0.41694089696,0.206454649033,-0.336884416797,-1.02580266319,-0.736249545774,-1.018438773,-0.344097798891,-1.15348077705,-0.328468515031,-0.734511563753,-0.744741889995,-0.375841670777,-0.0351125363049,-0.519082467461,1.34363887639,1.34337564554,1.35816123838,-0.0951314890776,-0.0767331940289,-0.121365098613,-0.0746596200832,-0.705665552569,-0.299292546115,0.178687277997,0.165802189749,0.20644944419,0.289419693328,1.01506028949,-0.0749750612495,-0.618463721493,1.11703017119,1.02763462907,-0.0668587264141,0.118622047472,-0.649457718562,-0.0951885728698,1.29663303211,1.30962407136,1.29590386623,-0.697599239925,0.452642644779,-0.82313916973,1.14605125243,0.318223391952,0.264066153961,1.44664938276,0.468700893615,0.668067018299,0.673274335324,-0.295250014629,0.501250544522,0.0287354702007,-0.534665376892,-0.330596207982,0.0419986244209,0.0419986244209,-0.0419986244209,0.112533385272,-0.145433267901,1.58320293762,1.5765293256,1.57729922831,-0.510594051093,-0.907711576364,-0.565599051347,-0.171315456197,0.0574678566807,0.407526982293,0.0914681390666,1.27217024357,0.582907741179,0.620523629065,0.440415014793,0.161712206731,-0.328331653382,-0.708315499383,-0.695751884249,-0.238660701236,-0.709006524139,-0.653334412783,-0.715277192373,-0.698096786484,-0.621823197629,-0.261081250865,0.329133369622,-0.750048339319,-0.541534184336,0.255628714179,0.402502088832,0.44658676652,1.26660151861,-0.386612343059,-0.366705866225,-0.0797533410489,-0.127152548422,-1.70991312787,-1.20745829126,12673857456.0,01030317,-0.04261954
45,600385.XSHG,600385,2011-05-31,5.82677960222,-0.139552140066,5.83626174928,-3.66294971581,-0.136588838052,-2.7795364396,0.0,-0.168707566707,-0.158835631769,-0.76265171754,-0.907724219733,-0.793277980687,-0.875399334836,-2.31916866207,-1.25224751329,-1.40143210543,-0.107432382895,-0.115120789658,-0.119479774577,-0.305018810302,0.81059251817,-1.59833229343,-1.39362982589,5.61219398766,-0.426803614622,-1.21348460096,1.73099973374,-4.73488591239,0.364480740329,-1.08653232212,-1.14315907001,-1.09286374763,-1.08690828019,-1.12453103694,-1.20475683537,-2.80639767786,-5.61219398766,-0.859191619232,-1.90165322103,-1.51388677264,7.15107598093,0.12295569957,1.27494584651,-0.815020120737,1.05025354421,0.131090243539,-1.70931222693,2.40195420328,4.47052757444,-0.915115684297,-6.34996385751,-2.06791468828,-1.93379902592,-0.580226587032,1.90511814222e-17,-1.53484134875e-16,-1.08600740898,-1.13586185522,-1.08143742405,-1.08855142815,-1.13943754932,-0.130118951606,-0.0733909177352,3.5029325005e-15,-0.926185221169,-2.23550446815,-6.57380756767,0.125388027777,2.31916866207,-3.65991443739,-6.57380756767,-1.18621668144,-1.1164095841,-6.70442772975,-6.70442772975,-0.72140855893,-0.463686202867,-0.523924296002,-1.30655516487,7.778769308,-0.804528386929,6.51299815615,-1.46517840457,-1.17786826748,-0.884088799931,-0.605286046736,-0.297233149806,-4.20445414738,-4.09425693493,-3.04889910256e-16,0.0,-1.43459879705,-0.201770338479,-0.509231540118,-1.05025354421,-1.5145785376,-0.400484860889,-0.116005914257,-0.707784698071,-0.874224313604,-1.50828035251,-4.11071388215,-3.95043703699,-0.415404379147,-0.513596928867,-0.420893297078,-0.545631454104,-0.401953849537,-0.382665823898,-0.141273182826,0.0,1.50418697311e-17,0.0,0.0,3.57830521427e-17,2.1048950723e-17,1.92945829313e-16,-2.26896942171e-17,3.15997095988e-17,-7.91523889858e-17,0.0,-1.27919172839,-0.334589410359,3.21800027526,0.267522742841,-0.471516585675,-0.499059414945,0.00495886778964,-0.845031530781,-0.0669059447957,3.82905021309,-0.821490202027,0.336110990825,-0.788776038347,-1.13228942878,-1.18058856687,-0.613657458492,-0.682139173118,-0.666893328741,-0.368879995161,-1.06147887103,-1.09595447671,-0.49491845053,-0.416493261286,-0.77978939172,-0.153173643836,-0.863460988308,-0.764766693426,-0.802642307987,-0.220568839739,-0.720168118756,-1.20288776331,-0.893542407236,-1.22160668941,-0.700316555614,-1.10328937582,-0.881529844932,-1.08066983629,-1.01415705347,-0.830180603452,-0.579225126909,0.0511762609942,-0.857007310414,-0.856899960921,-0.856219647548,-0.64847041408,-0.615888447266,-0.68249194344,-0.58790014305,0.215791449871,0.262154853264,-0.515319925024,-0.51617321984,-0.535141055474,-0.518468452363,0.133012638342,0.0585657732946,-0.257185259961,-0.207934937044,-0.431710883841,-0.48564045965,-0.583070592066,0.353014171088,-0.648859576867,-0.874841270836,-0.873163057233,-0.874444306114,-0.630323116148,0.595774626905,0.138240115769,-0.736714216422,0.253304744214,0.211320681989,-1.03578849683,0.666799693712,1.01152586637,1.01370765116,0.0613886169032,0.501250544522,0.666140445562,0.220184391948,0.380404952688,-0.774633737766,-0.774633737766,0.774633737766,0.233342595714,0.293163076485,-0.988638381053,-0.988375180056,-0.987041996605,-0.658206549277,-0.579015155565,-0.596000713728,0.283218333003,0.35665663017,0.405462054795,0.401112682417,-0.707440397359,1.01446225706,-0.0247760312992,0.875238515966,0.327920143107,0.0344729852017,-1.0870286571,-1.09892436633,-1.05731772345,-1.08651818119,0.744364741185,-1.09008084941,-1.08526596489,0.625390393809,-0.676667512061,-0.664064727569,-0.423178975764,-0.731967655224,-0.757177277165,0.782750994581,0.10009740892,-0.591312766676,-0.374188435513,-0.757564501069,-1.02882442414,-0.472493415229,-0.496263373963,0.444610240479,842729672.12,01030317,0.04042179
51,600422.XSHG,600422,2011-05-31,0.0613909268085,-0.124013426377,-0.329280347768,0.052539208934,-0.0666185635379,-0.198680405623,-0.360971892478,-0.168707566707,-0.00934450768601,-0.424849058775,0.286541594144,1.10989736077,0.251014548786,0.79031281077,0.798139671376,-0.231197672732,-0.128918859474,-0.181620488229,-0.102239641521,0.379384911984,0.358968772104,0.0435618113037,-0.0966685988247,-0.212232654692,-0.156471932198,-0.566254808747,-0.034405803779,-0.181401988866,0.186285111597,-0.493015468191,-0.462428948971,-0.494421793309,-0.491422272603,-0.482684889492,-0.530531910964,0.241052105801,0.212232654692,0.270606652601,0.202185859527,0.10844698067,-0.250839939769,0.122842448833,-0.554835889076,0.451808732484,-0.276837965459,-0.00505001138484,0.0673813314276,0.0494773517121,-0.361214177687,-0.120394824252,-0.0045045088739,-0.456857730796,-0.266841512806,-0.378554102992,-0.0105300028738,-0.643821856091,-0.494276807329,-0.460808828785,-0.493924889575,-0.48763196273,-0.47097709908,-0.124032200619,0.320922864728,-0.571301756561,-0.292126313386,-0.0905660337155,0.0170264020828,0.131892182758,-0.79031281077,0.0555967174321,0.0170264020828,0.0989644025407,0.112278004321,0.101931360123,0.101931360123,0.235254949131,-0.251447377205,-0.168948719805,-0.0529307879579,-0.139684623492,-0.244943776183,-0.33796524198,-0.265801688531,-0.300884589791,0.316544493048,-0.103796369561,-0.413780959184,0.118722681187,-0.0922751916542,-0.0189720817065,-0.0655693343554,-0.0202364640074,-0.294011325328,0.207567782952,0.276837965459,-0.803343929628,0.514764938776,-0.404629937879,-0.180393699963,-0.0949509096282,1.11832351737,-0.276474596686,-0.0222646902831,-0.526795973313,-0.659260926733,-0.560580408731,-0.637829566847,-0.474803719551,-0.632946838556,-0.140452774569,-0.0687183361483,-0.0941548869601,1.32317500219,0.0928499878504,0.283269731353,-1.26990930394,0.196585036945,0.24052148464,1.53047808217,-0.221958601214,-0.0896257452099,-0.0334117242489,0.316060173835,0.078140939752,-0.183634158088,0.087717460029,1.44572882061,-0.290442436085,-0.0696522163193,-0.569209952722,0.94408101403,-0.210325831827,0.393811671086,-0.635008453818,-0.511749207347,-0.502288458856,-0.0264436460533,-0.05906619513,-0.343005648273,-0.342815735282,-0.455167721242,-0.526902858574,-0.823291101363,-0.80046249498,-0.518993655126,-0.328084954562,-0.711440254442,-0.686411819577,-0.537325081663,0.160092874023,-0.195377392175,-0.72245185244,-0.679199609132,-0.90848907706,-0.741226832997,-0.156598231524,0.343530735279,-0.643237883577,-0.658857040125,-0.263546864153,0.326377353343,-0.365992875929,0.133085488004,0.133954183642,0.132342116716,-0.584889877165,-0.54257503782,-0.608854949695,-0.487572656192,0.255778306068,0.293464980662,-0.495490996744,-0.497186243432,-0.522035726947,-0.501968433755,0.112786312437,0.843474077318,-0.326682688564,-0.429614533112,-0.374928616302,-0.475461300795,-0.532590614475,0.287893261028,-0.585280784052,0.237809021224,0.238797182214,0.23993418291,-0.100511822741,0.430135449372,0.0262617926553,0.0742376782437,0.235947868288,0.198969506853,0.439646252451,-0.782036657089,-1.08053788212,-1.06767892904,-0.295250014629,0.501250544522,0.0287354702007,-0.161519686173,0.0217328343289,0.134656318352,0.134656318352,-0.134656318352,0.466584681065,0.178997102663,-0.131602465538,-0.130588126733,-0.13148472537,0.0946171914585,-0.100911270767,-1.20261146789,0.119155841043,0.386663763794,-0.0983802547846,0.46810308843,-0.308479357531,-0.800280749632,-0.496892918511,0.988179685102,0.13366416913,-0.38097561545,-0.493601199184,-0.493699875613,-0.666765749552,-0.493454227373,0.0423529489204,-0.48878157037,-0.493266318432,-0.00883098566661,0.443127440857,0.978435213343,-0.267753010416,0.207788928322,0.33524141024,0.469798411832,-0.0340863585751,-0.793029174793,-0.567990740366,0.470378214042,-0.0836113535818,-0.03892677953,-1.10308825092,-0.53301092169,3603598720.0,01030317,-0.0087184
54,600479.XSHG,600479,2011-05-31,-0.229945265372,-0.110235674615,-0.229945229383,0.369478716276,-0.0908293854172,-0.356973926677,-0.355878487973,-0.168707566707,0.0276975407592,0.242741326959,-0.718544059836,2.05422100348,1.90615331656,0.750040431242,-0.3626276758,1.19089501615,-0.236351242369,-0.307969915514,-0.149650007423,0.078290545225,-0.0465709182404,0.181604548931,-0.466797060895,-0.467585413471,-1.19620917229,-0.470736834689,-0.531616324676,-0.097240951384,-0.417242252114,-0.353707106748,-0.182606192453,-0.343539884772,-0.355719915686,-0.275995238992,-0.426789007085,0.335265995805,0.467585413471,-0.353249772443,-0.115374756406,0.438040745449,-0.273927072786,0.121889852438,-0.259367875293,-0.184954038708,0.879823953587,-0.297618088634,-0.0121721114837,-0.243962311783,-0.282529405729,-0.234910044799,0.0419002997785,-0.372257836883,-0.181462672603,-0.580226587032,-0.0128179733685,-0.550920397241,-0.357651512187,-0.152563444844,-0.351478049264,-0.356713635313,-0.277296576481,-0.21859848416,-0.553079363031,-0.552370789956,-0.770323460365,-0.402431457538,0.0871322164911,0.132381394949,-0.750040431242,-0.52375737371,0.0871322164911,1.58180995746,-1.01004196206,0.163645274901,0.163645274901,-0.241107010442,-0.139033165014,0.0571838694765,-0.13866999829,-0.114026603084,-0.165513908062,-0.244614443194,-2.06558667659,1.18206882794,-0.107465565516,-0.320891467905,-0.214845905246,0.0754225442642,0.893837043534,-0.549538727822,0.459888914227,-1.60481411578,-1.40597483689,-0.96421841548,-0.879823953587,0.671975921228,-0.994889857985,0.327238122021,0.0700602747487,-0.589277876999,0.0395881662225,-0.120738952574,-0.615877072646,-0.480702899865,-0.472811009465,-0.508696624403,-0.276129278393,-0.401953849537,-0.45305735927,-0.254486896948,-0.0995137573647,-1.29682918093,0.969659748172,-0.248696288984,-2.59427002817,-0.32194883762,-0.353287007146,-0.366377439745,-0.953520877092,-0.269333553196,-0.32968150048,-0.334117242489,0.0433614510475,-0.0863845178535,-0.388776930112,-0.412065675375,-2.4438476505,-1.4582622574,-0.984983546783,-0.517787644114,-0.0397374388155,0.861844501514,0.425117359313,-1.05004177586,-0.788458677614,-0.828877399751,-0.0576991868963,-0.137239499423,-0.189551862834,-0.600519962333,-0.318845943016,-0.379436155695,-0.372114666142,-0.419326043022,-0.411527454408,-0.862309594716,-0.750602413307,-0.726039986333,-0.568513501888,-0.22648700341,-0.28971540859,-0.235874261794,-0.676092793305,-0.957090029613,-0.391992757778,-0.945821268418,-0.266026106816,-0.782718350379,-0.922391896667,-0.96146413395,0.257904757672,-0.838019116485,-0.859061381886,-0.858747856255,-0.856367068424,-0.53735560537,-0.478019414731,-0.612907778896,-0.521887772481,0.0935360671274,0.205232939977,-0.445239508313,-0.448608022524,-0.461461133411,-0.430888657438,0.295694910425,-0.569182174823,-1.1233341464,-0.227357408634,0.699384011684,-0.487408809753,-0.552872961704,0.51221528992,-0.537457006477,-0.649223400872,-0.64605116599,-0.647815902539,-0.156252932067,0.268040394613,0.0571101223445,-0.390914976156,0.197384783703,0.184474254533,-0.69307698245,0.22566131336,1.41076130844,1.6894682149,-1.00852727769,0.501250544522,-1.24607448052,-0.673311252801,-0.480811781668,-0.879737987599,-0.879737987599,0.879737987599,-0.112418718519,-0.0265540199303,-0.722900704317,-0.722428737751,-0.721767257271,-0.0382340569065,-0.429607691566,0.280409631827,0.015608202675,0.0133397189979,0.0719762638231,0.101888868891,-0.280673858016,-0.473819820519,-0.561696527426,-0.32645552364,-0.00808243522015,-0.29542917709,-0.35228335831,-0.334923751964,-0.534647205933,-0.351981494731,0.197301497664,-0.355710304823,-0.356937245146,0.0230127656041,-0.987109274129,-1.32486838701,-0.260317699128,-0.845483556202,0.567226181687,0.327801524916,-0.0592976474,-0.617854399323,0.404063509383,-0.721686537588,-0.255935913385,-0.529209980946,-0.496263373963,-0.844801235746,3889492992.0,01030317,-0.02439056
56,600572.XSHG,600572,2011-05-31,-0.0301217113033,-0.121213935295,-0.206802639078,0.406810524092,-0.0924709418306,0.232314538156,-0.332726649312,-0.168707566707,0.17586573454,0.727270670471,0.775873516113,-0.241211851104,1.40041647085,0.100577409279,-0.0362203972972,0.074253593523,4.09854540745,3.80171145618,2.59584118165,-1.0893065321,-1.71378964521,1.53550934173,-0.339513344067,-0.364477320208,1.40313392794,1.46101867265,-1.20706243519,0.18836578224,-0.179886628836,-0.399384145934,-0.686882499761,-0.457608751093,-0.363638886117,-0.594323604679,0.360742295305,0.174788960225,0.364477320208,-0.264471475639,0.259523192959,0.639459157259,-0.220962473513,0.126534745431,-0.0983841816841,-0.315250826974,1.23345307533,-0.124639882377,1.49934330383,0.0312923584814,-0.184051093456,-0.342170317762,0.0694832845059,0.600363748183,0.453451533573,-0.380070437459,0.00420452711255,-0.522165183788,-0.401641633027,-0.706206910865,-0.478533282571,-0.36494385081,-0.637796669206,2.16922605238,1.24705906187,-0.550793209406,1.13317974606,0.270973905666,0.23333389907,0.132933731293,-0.100577409279,0.663413202515,0.23333389907,1.77078588023,1.11380533528,0.287301674513,0.287301674513,0.141361413337,-0.167087152713,0.022761995421,0.0774048242454,-0.125094077382,-0.271879866543,-0.196947093601,0.334606583484,0.176501327362,1.82753566395,3.24706647338,1.55748457529,0.744295711994,0.341522139345,1.03996424719,0.372924961664,1.83688938578,1.33145871096,1.96407711435,-1.23345307533,-0.313632195597,3.6537386962,0.347854123709,-1.02709459937,0.587897249916,-0.0429425909362,0.274838825944,0.557510742479,3.79058857298,1.30428976449,3.1750520629,1.17776403794,2.86588317679,1.61567165252,2.16918680284,-0.0577688530491,-0.0854838394188,-1.15143177595,-0.659816807395,0.551427558405,1.57397209503,-0.453390135273,-0.315366538773,-1.05702083373,-0.325905448453,0.316204361813,-0.487683390161,0.117516366893,-0.283616843537,0.398782677431,1.76784356129,0.797466075428,2.00541649763,0.215330719491,0.94621569831,-0.812169663692,0.0258971906452,0.761500048493,1.96164596004,0.93891942489,1.39007628693,1.94628790101,2.36961463393,2.32060402742,2.54361802485,-0.531213383634,-0.430289648827,1.75163064628,2.31299392094,0.956267328787,2.15512667657,1.97282693145,2.09156954591,1.34202164522,-0.163795166464,2.13209669529,0.479089518843,1.49955809172,0.968623123164,0.599333110023,0.249995957468,3.00476670443,0.916692612487,2.22330257314,1.45049328885,1.83836405776,0.878497928562,1.17281191577,1.15682847241,1.10593622471,3.78128753134,4.95602579386,4.63243055819,3.9810140611,4.43750750418,3.38138402271,4.66974732233,4.55785568128,3.81021245047,4.82588873992,-2.48687624818,0.996889778105,1.19928614259,0.636918039807,-0.370945710722,5.28235486864,4.75709595113,1.31137189586,3.78957619022,1.43431384064,1.29733442698,1.36883990371,2.29376007026,0.972144339257,4.15523276549,0.901536394542,0.335066600743,0.271290315528,2.98309316699,-1.50108913961,-0.525979228348,0.254177347098,2.2012204061,-2.08266071316,1.6222479086,1.73958343535,2.11581289514,1.73334727633,1.73334727633,-1.73334727633,2.46904699768,2.18043660017,1.32666072047,1.27034335534,1.20578275564,1.27551717693,2.34937113882,1.92475692691,2.07445799932,1.68138332341,0.491156545973,1.90467512849,2.78425462656,0.158831108694,0.968754922267,-1.31469075358,0.328278813664,1.63210755904,-0.412448379672,-0.486196967149,0.064836418343,-0.412993582508,-2.53485250466,-0.338480231933,-0.337575676766,-1.94864616724,1.74426816212,1.8170088187,0.985359949796,1.11837239997,2.21659107568,0.135620338454,1.73783600008,4.12248119142,-0.217657853298,-0.407237012644,2.89863233435,3.09308801615,1.3242112569,0.912849376434,9350844000.0,01030317,0.06395786
82,600796.XSHG,600796,2011-05-31,-0.594556916597,7.84706187608,-0.203954320271,-0.144319236522,-0.0243463506726,-0.327971256475,-0.408664680119,-0.168707566707,0.10178163765,-0.642748337871,-0.575866285612,-0.459132691729,-0.369662489128,-0.348658148271,-0.771144102314,-0.696922374745,-0.687567250528,-0.680368227512,-0.554793134225,2.21696202935,0.245294767992,1.33585902831,0.162711306917,-0.139595982666,1.87101568598,-0.602169566992,-0.366221915865,0.0724331081178,-0.121561553569,-0.834124236456,-0.904514382494,-0.828610610762,-0.845379682075,-0.85761765214,-0.607663408637,-0.110121514982,0.139595982666,-0.45558092626,-0.106553628186,-0.316362760602,-0.115033274965,0.14242031172,0.381254477463,-0.606787725842,-1.04794591149,1.78826417015,0.915951389148,-0.383656123419,0.0333785148023,-0.497804148418,-0.43414722349,-0.912122690701,-0.726298285904,-0.580226587032,0.543662210369,-0.764372558646,-0.824756872273,-0.917403999128,-0.819919125935,-0.84289603871,-0.85157407741,-0.0916261583493,0.556382556737,-0.639137720228,0.672890120531,0.143869090075,0.144148654159,0.106120957981,0.348658148271,0.390201720587,0.144148654159,-0.997964804346,0.993417139488,0.218502088038,0.218502088038,0.394151702015,-0.151160153807,-0.392929941958,-0.0450626012304,-0.113848849109,-0.207538329774,-0.19327486261,0.334606583484,-0.635062510613,-1.03708212003,-0.692124086074,-0.922170541468,-0.103475389865,-0.336214274338,-0.203517002094,-0.339934480468,-0.334370973438,0.797665508716,-0.482192320097,1.04794591149,0.71583070338,-0.157367027551,-0.868489975845,-0.612824052071,1.53719394203,-0.768004470116,-0.0828448195849,0.328657738344,0.0800961604177,0.867297770897,0.185747873528,0.972091324901,0.0698357848375,1.11902026405,-0.0760618839682,0.0,1.50418697311e-17,0.0,0.0,3.57830521427e-17,2.1048950723e-17,1.92945829313e-16,-2.26896942171e-17,3.15997095988e-17,-7.91523889858e-17,0.0,0.0727992237008,-0.0331855588577,-0.00114843740727,-0.112895271182,-1.14072205773,1.44572882061,0.383466405155,-0.210732877612,-0.914182129013,-0.119034884835,0.921890264211,0.0175295753426,0.483807274341,-0.381751469637,-0.453101784357,-1.23611168992,-0.973240130971,-1.27564607757,-0.624217479106,-0.820700964767,-0.816779942054,-0.720679194996,-0.948749620581,-0.575578221193,0.435860043409,-0.650357138729,-0.336558930467,-0.861846632427,-0.809960285979,-0.421870447243,-0.59350668348,-0.237426894926,-0.429650183879,-0.482294711513,0.196795994768,-1.03763586547,-0.424765375839,-0.386528697069,0.0822707158475,-1.16106751513,0.710737251176,0.764915647657,0.767079038482,0.765180896755,-0.260570375551,-0.277846277635,-0.292269993175,-0.294441206654,-1.10598267389,-0.899358378483,0.00143100810704,0.0142933280687,0.158139102065,-0.0305604993726,0.472734992868,0.558590405159,0.0427083132718,-0.495560544218,-0.448892552285,-0.170579625447,-0.0254921987455,-1.05263717785,-0.259901615137,1.55421033591,1.55763516469,1.56283380474,-0.500309234935,-0.132958588727,-0.478350618402,-0.698970882972,0.289236077425,0.241026856717,0.284570751889,0.057046524101,-1.13288079323,-1.37804797595,0.150548274786,0.501250544522,0.825491689402,-0.0322880364055,-0.0243986278395,0.12566713909,0.12566713909,-0.12566713909,-0.15576841376,0.186721635295,1.20345032111,1.2101921935,1.21341808943,-0.98295404528,-0.668659633965,-0.458305552992,0.273804911333,0.137781067263,-0.171168949099,-0.0648428082977,-0.768688378748,1.1607575151,1.10126441305,0.842485576917,0.0408402288317,0.283489893274,-0.831849476511,-0.829872701408,-0.34722322545,-0.835640954198,1.17758823461,-0.857219179881,-0.862193333909,1.33391385958,-0.331586935363,-0.66298214812,0.131019462238,-0.0338344084937,-1.87541012427,0.0558190752394,-0.333304549628,0.220861192321,-0.621847647195,2.03982709415,-0.955522186017,-0.609873541076,-0.361548251279,1.77289066177,2390119001.92,01030317,0.10718789
116,600276.XSHG,600276,2011-05-31,-0.139997293627,-0.11636814954,0.0135860285941,0.991272119948,-0.106911855378,0.581491422836,-0.410053790439,-0.168707566707,0.0748820548502,2.32608926515,-0.0579988087978,-0.47366074777,-0.369662489128,1.24408610122,-0.184828589136,4.33258660478,0.042972953158,0.037828517056,0.0399914561859,-3.13422408167,-3.15570854422,-1.20153773747,-0.569956718934,-0.593181640489,-0.842698510659,1.60926256839,-0.29893412843,0.38440354023,-0.0607317204673,1.46822016315,1.55600960629,1.46320095339,1.4772440607,1.49210712665,0.896296845188,0.666160708288,0.593181640489,-0.300455019344,-0.0359846024227,0.123095592438,-0.278906650496,0.12462650634,-0.552185951733,0.196430106419,2.25848637684,-2.90243496618,-0.516010583255,-0.511777666635,-0.28240943408,-0.235062094598,0.0713434591978,2.04931710815,2.25569478431,-0.507442532642,-0.0292913609309,-0.737829284689,1.46171177461,1.56427089787,1.458505424,1.46035458287,1.45261866502,-0.0674940470887,0.206681283901,-0.650180784081,0.422184820173,-0.171887702673,0.35490980507,0.127768597421,-1.24408610122,-0.0915277343354,0.35490980507,1.87722059535,-0.123779924945,0.500328965525,0.500328965525,0.166640442205,-0.164840190212,1.05422301313,0.647442940152,-0.0635640723303,-0.216070812782,-0.0283513861476,0.934294941504,4.58872335878,0.194149836967,0.449796131217,0.347798691749,1.82679913507,2.28728152056,1.3332588528,1.23276573207,0.135075678626,-0.175778032907,0.125410152887,-2.25848637684,0.420092044252,0.145498676502,0.554014140582,4.42425180791,0.347424497477,0.429525152697,0.879296459473,-0.167226659664,-0.576730136215,-0.92145612289,-0.608473132727,-1.31158500612,-0.516432216701,-0.754176705032,-0.0991763943566,0.614255672162,0.0506516069787,0.0858716131219,-0.57126777266,0.111029896285,-1.26990930394,-0.644906883879,-0.14140628674,-1.52277063859,-0.325156860046,0.039007904784,-1.05729879254,-0.143221885596,-1.14588882014,0.0647379337126,0.254333101341,0.149203330241,-0.0395482619942,-0.457906196196,-0.152893580051,-0.720502699631,1.75361354487,-0.521419331775,1.19246014693,0.590313246624,0.504716145945,0.478876854254,0.377083096084,0.757432013077,0.503956810745,1.5047857146,1.41302072826,0.533983907841,0.245655138826,1.49690942949,0.0197275755302,-0.258275352583,-0.166947492081,-0.249522288699,0.332737069844,0.38402529621,-0.114154598449,0.425424634001,1.87052932463,-0.134557353759,1.72453491393,0.21864591885,0.523950677452,0.591436477836,0.486239692185,0.216506785289,-0.432969572224,-1.01769106704,-1.01937402493,-1.01669024677,0.055067632861,-0.0528266299459,-0.076735183767,-0.136798007533,0.0471644238248,0.0258453750898,-0.350287999727,-0.344876156191,-0.333561735669,-0.384339746224,-0.0526628919241,0.213820048122,-0.298288797501,-0.264520358492,-0.799711531121,-0.310270616544,-0.384066956328,0.608996365931,0.054952298421,-0.91620642399,-0.910677496254,-0.917142892212,0.245598778528,-0.640743054135,0.0443169747884,-0.514680224873,0.0787467000963,0.0523509975435,0.0208318368096,-1.36443025301,-0.477054907025,-0.131530490765,-0.206090356746,0.214149293669,-0.13061577364,0.270678877618,0.0286525536542,0.620071998501,0.620071998501,-0.620071998501,-0.637450883987,-0.47222027554,-0.972649949709,-0.972638667142,-0.970412339578,0.360319688189,0.556481570831,0.448550563267,-0.455062880816,-0.777436508278,0.408043214167,-0.847886220808,-0.399592505065,-0.842362171889,-0.454519733411,-0.762408436505,0.290331468674,-0.252765632831,1.46648678442,1.46350619371,0.583068845251,1.47089074715,-0.507872509882,1.48252244435,1.49596899474,-0.534252881634,0.713726614664,0.916260170032,0.230005301747,0.632135059165,1.03130994653,0.0309737334964,0.00472575711579,-1.04252052167,3.30973318345,-0.76783732027,0.320193958195,0.723595937325,1.93103613385,-0.851584674875,34545121694.6,01030317,-0.02473153
125,600421.XSHG,600421,2011-05-31,1.7248236217,-0.136420658054,1.62929487172,-0.175901024255,-0.0114197344824,-2.51607007765,-0.4332056291,-0.168707566707,0.564807243215,-0.746194390919,-3.91121358138e-16,-0.793277980687,-0.875399334836,-2.83590299658,1.98872231755,-1.40757146642,4.6591369172e-17,-2.88396470642e-17,-3.73835794252e-17,-8.00675206134e-16,0.0,-9.2743253069e-16,-1.51060991659,3.16436062851,0.0,-1.04613711041,1.78207182459e-17,-2.34897119919,0.00987859560327,-3.61178370629e-16,3.67203536631e-16,3.59204061074e-16,0.0,-3.62210402308e-16,-1.05278075774,-1.15568986427,-3.16436062851,-0.8850695483,-1.67671445141,-4.80616226749,2.49833964475,-7.8655759051,3.69036373497,-0.816155478957,-0.967888207539,-5.92729590569e-16,0.0,0.261911136271,-0.625104885707,0.763861646396,0.13886518055,-1.74027027607,-1.93156104846,-0.580226587032,-0.0339588207402,-0.668153190551,3.57957636371e-16,3.52396573547e-16,0.0,0.0,0.0,1.99856594186e-17,0.0,-0.648603203531,-1.00809555078,-0.750311897837,-2.69092160636,0.124213129467,2.83590299658,-1.08839901968,-2.69092160636,-0.876325129919,-2.14746100787,-2.70856603289,-2.70856603289,-1.24800027716,-0.460778369042,-0.50145446155,-1.73137718566,0.229713812279,-0.922871630921,3.37447219987,7.99265093245e-16,-1.17234530836,0.0,-1.20511988358e-15,2.2309320938e-15,-3.16183242937,-4.36466110677,-3.04889910256e-16,-3.10685798524,0.0,-4.39897196794e-17,1.4432482998e-16,0.967888207539,1.19767106625,-0.259346832252,-0.445861941254,2.10014931521e-16,-0.870288589341,-1.34655341424,-3.18461824179,-1.23933669708,2.66529121967e-16,0.0,1.38467721072e-16,0.0,-1.20356552128e-16,0.0,-2.33174050871e-17,0.0,1.50418697311e-17,0.0,0.0,3.57830521427e-17,2.1048950723e-17,1.92945829313e-16,-2.26896942171e-17,3.15997095988e-17,-7.91523889858e-17,0.0,-1.26227915706,-0.286747529169,2.59458754735,0.151196573263,-1.5129281324,-0.499059414945,4.37281772088e-16,0.0,-3.78080999974e-16,0.0,0.0,-1.70373999367e-16,1.93118000889e-16,-2.94543839907e-16,-2.93592357708e-16,3.61151303636e-16,3.18567753474e-16,1.17091357945e-16,-1.78143233165e-16,3.74246384532e-16,3.32660468909e-16,0.0,-1.89441174974e-16,1.2441438413e-16,0.0,-6.90823920012e-16,-2.56210245858e-16,0.0,-3.01225516187e-16,-1.00926271184e-16,2.6739742329e-16,4.88390579002e-16,0.0,-8.30845095626e-16,1.22154942767e-15,2.06324402717e-16,-2.40270637284e-16,0.0,-2.97580498677e-16,1.93928194567e-16,-1.41636324457e-15,0.0,-1.59582827586e-16,1.5938409468e-16,-2.0001854509e-16,2.29115665581e-16,-1.05060501563e-16,-1.34013172508e-16,-2.03756461169e-16,1.32802669353e-16,-9.07317225443e-17,8.93488856896e-17,8.53418668958e-17,-9.64956846038e-17,0.0,-1.41078339993e-16,0.0,7.03016550798e-18,5.10466202585e-17,0.0,9.69133951739e-17,0.0,0.0,0.0,-4.79643935e-16,-1.60585248032e-16,-3.05369624632e-16,0.0,-3.09102219243e-17,-1.25895462428e-16,-5.63244524342e-17,-5.21018628061e-17,0.0,7.05375411537e-16,1.07243008231e-15,-7.67035830727e-16,1.58379368079e-16,5.09994270553e-16,2.83064671863e-16,0.0,0.0,0.0,0.0,0.0,0.0,0.0,0.0,2.22383948644e-16,2.21981626878e-16,2.56066865946e-16,0.0,0.0,0.0,0.0,0.0,-2.06595253291e-16,1.60469425721e-16,2.27901287312e-15,-1.10474408746e-15,0.0,-2.38922586758e-16,-1.2176362249e-16,3.60210809535e-16,3.59725850619e-16,-3.79020798722e-16,0.0,0.0,7.41532594093e-16,-3.6823398729e-16,0.0,4.18506344345e-16,0.0,-8.4179515997e-17,-1.41509223368e-15,-8.11595736872e-15,1.82674638793e-16,0.0,3.68339145948e-16,1.18270595616e-16,1.54883668438e-16,-1.42775144777e-15,-2.79857942827e-15,0.0,1.01484407457,1132524000.0,01030317,0.06908463
127,600530.XSHG,600530,2011-05-31,0.119996251547,-0.125430348283,0.307674945391,0.0603649110467,-0.0675947856922,-0.122510234932,-0.294757633909,-0.168707566707,-0.162804422673,-0.689662405317,-1.0137637507,0.23821399827,-0.0248419125091,-2.40935610355,-0.72181617309,-0.713173624428,-0.445844389014,-0.394419523656,-0.416872069782,1.95697515698,2.00468160641,-0.0376766530491,-0.493820942606,-0.496932428021,-0.166869304599,-0.4493408085,-1.05348191272,0.120766555346,-0.707436338262,-0.637325633169,-0.657725036748,-0.629905112641,-0.649986799994,-0.637419207336,-0.430531236083,0.773192178163,0.496932428021,-0.696037887604,-0.393240295347,-0.656942984208,-0.272569006138,0.123578041045,-0.765505907873,-0.605633124263,1.459382792,1.30990468618,-0.569046211863,-0.566332646327,-0.0034913861548,-0.476799554665,-0.0364575941452,-0.632266685148,-0.443865530108,-0.580226587032,-7.23955581873,-0.313136901376,-0.626136338119,-0.648934132937,-0.614456067526,-0.654903855082,-0.63211197471,-0.0507177912723,0.728902902954,-0.29049241859,0.836710779759,0.259617461662,0.202939922571,0.116246861277,2.40935610355,0.524744969237,0.202939922571,1.97569080799,3.34779502452,0.365244063177,0.365244063177,-0.376037930762,-0.455524442017,-0.471335321751,-0.416894486598,0.31461713859,-0.16268480828,-0.0195828150743,1.53398329952,-0.571198434032,-0.827262709608,-1.15670759653,-0.771462167273,-0.29262861958,-0.508812681897,-0.734083648209,-0.515087229996,-0.267052070959,0.321245566333,-0.42395400005,-1.459382792,0.66972695804,-0.24806252686,0.306622120334,-0.290865845908,1.38370069579,-1.17211340479,0.134815383314,1.12055143515,-0.361629126792,-0.0649518154416,-0.281206185426,-0.34705090358,-0.374201518103,-0.367023260482,-0.0743173678511,0.0,1.50418697311e-17,0.0,0.0,3.57830521427e-17,2.1048950723e-17,1.92945829313e-16,-2.26896942171e-17,3.15997095988e-17,-7.91523889858e-17,0.0,0.322090525099,-0.296315905407,-0.119091385932,0.313110025513,-1.12802814018,-0.499059414945,0.121150047314,1.33776846073,-0.579596577971,0.175182937165,-0.849474402131,-0.10707934054,0.391964192179,-0.557381066298,-0.601190696827,-0.922146664731,-0.823851825222,-0.398322837594,-0.536998984237,-0.630423530248,-0.598440455247,-0.35540242615,-0.497460162117,-0.409286204112,-0.488973816071,-0.759171161076,-0.437190675492,-0.991761642243,-1.51289907877,-0.745860512771,-0.660703885702,-0.313640111491,-0.265522376899,-0.473813312543,0.424733207713,-0.753671580493,-0.213326405992,-0.477376741781,-0.396790412907,-0.747175128792,0.0186447227938,-0.0798630851672,-0.079359191019,-0.0811114010065,-0.421818414746,-0.467305959219,-0.276018754304,-0.390383586038,0.0850319955263,0.058413923083,-0.381704254547,-0.376274415412,-0.368784194204,-0.410551658309,-0.0642347020069,-0.517793434752,-0.0143498868654,-0.314639801848,-0.465010963106,-0.37827531643,-0.139492791825,-0.0167045440891,-0.421690708965,-0.0812895364539,-0.0792894104992,-0.0777926173034,-0.581140290001,-0.413640651235,-0.0363397139387,-0.588579340052,0.219738816454,0.141384462577,-0.583568808337,0.231081606261,0.153014584195,-0.476918743561,-0.562728988279,0.501250544522,-0.44931826132,-0.0705155001336,-0.121563020032,-0.483522624743,-0.483522624743,0.483522624743,-0.214661824426,-0.0693662601136,-0.219912662532,-0.218362690117,-0.216494982248,-0.864864046733,-0.489370677165,-1.00862305853,0.00753955552946,0.0362863505929,-0.152584601614,-0.108758741129,-0.511573327674,0.661975361222,1.55526282483,-0.145749653023,-0.546805612683,-0.251230183937,-0.634554034872,-0.629430628596,0.0986341853153,-0.638438080995,0.791797970392,-0.664703641057,-0.666027893247,0.973018011848,0.296629580478,0.262216722871,0.21446649632,-0.154367257764,0.174531132827,0.103864371855,-0.317215766628,-0.320588113677,-0.59828483433,0.720861313854,-0.544000849174,-0.202774636044,0.312634187017,-0.520100364095,3076320000.0,01030317,-0.00806945
131,600535.XSHG,600535,2011-05-31,0.181781461676,-0.12669293927,-0.320735391348,0.198702453321,-0.0808263111642,0.748791036216,-0.256325581732,-0.168707566707,-0.0384489743215,0.802183566325,0.962587640406,1.38593042556,3.14750739239,-0.0122986967214,0.835760022462,0.119612637081,0.0322297148685,0.0710783663416,0.0443014894497,-0.93785786858,-0.461327419729,-0.840037013058,-0.352840189842,-0.357843320751,-0.135677187396,1.3853684372,-0.394986160876,0.0616172318149,-0.122277198664,2.3902192813,2.10540194552,2.32615892266,2.43387625742,2.19018044436,1.59318304519,0.113156984019,0.357843320751,-0.014995017119,0.100742884993,0.408743521913,-0.218699029099,0.127639119317,0.0652494492678,-0.16890507675,-0.189412988138,-0.738605737917,-0.0652077400912,-0.108401453154,-0.570644884125,0.461000166865,0.144702461133,1.47951520144,1.62402564545,0.0748299024799,0.04030870152,-0.262262292959,2.39223482089,2.02635132041,2.29846017349,2.43058945953,2.14481502772,-0.0257632373182,1.40288019,-0.468759020785,1.32386168746,-0.00455883891033,0.137493038867,0.128545813563,0.0122986967214,0.223689841064,0.137493038867,-0.186309595818,0.3411908335,0.251644745974,0.251644745974,0.206692929502,-0.259311745959,-0.141698069511,0.122902163528,-0.0918936228778,-0.25545048406,-0.238989660116,0.934294941504,0.173934318193,0.631273608683,0.992533877078,0.518601515837,0.640603278837,0.478450209342,1.05314602721,0.506433001514,1.48573117738,0.550738605778,1.36635435637,0.189412988138,0.5707725778,0.933168456248,-0.260317926068,3.99446976067,0.434797576105,0.484128835463,0.0835196667074,0.0858953398448,-0.480702899865,-0.764139005196,-0.480759202073,-0.999529855302,-0.419299056683,-0.625125556848,-0.016466115546,1.54496173559,1.48570997505,1.97128630123,-0.311945599508,2.78745128552,1.50287506006,-0.416199042532,-0.184569356793,-0.461896083072,-0.276106495918,-0.495455852233,-0.615880680839,-0.0786353459889,-0.492742575795,0.0773137358291,0.374893423729,1.44572882061,1.61076035565,-0.228226879612,2.90707432722,-0.751426494736,-0.439303469158,-0.391285882676,1.3020456427,1.61809127905,1.31894072005,0.627726962467,0.875659841358,0.502466702907,1.22030777165,2.43079624213,2.17397850396,0.710289725207,1.28800550619,1.88387354994,1.89664690652,0.333551592407,0.772863870118,-0.122578517442,0.617029373444,0.95267831421,1.62935990653,2.03585499011,1.22437567676,1.12617765778,-0.0181356367314,0.664663120383,0.664350914594,1.6846340895,1.30992480008,0.0799109439238,0.132186169846,-0.620440364234,-0.620926794456,-0.624083032267,0.173284713734,0.0425134505617,0.0846505154665,-0.00578797083527,0.160770331685,0.167615564046,-0.372367429699,-0.371173365705,-0.381455744596,-0.380931904589,0.0271230819469,-0.0640905440921,1.00404433928,-0.193935211923,-0.29362676589,-0.382129865252,-0.376057723957,0.482805846668,0.172741222874,-0.814704900349,-0.818876153486,-0.814738663244,1.16986974644,-0.251124113417,0.350781766353,-1.22511316389,0.103783216778,0.0617075039991,0.346014589571,-2.00299237866,-1.74185766096,-1.65951862147,2.29038006398,-2.51331258944,1.30354542092,2.26221562602,2.10255009976,1.55494664175,1.55494664175,-1.55494664175,0.00640435050846,1.56155751959,-0.661094515259,-0.661146161949,-0.661076663201,0.950769680922,1.51268934043,0.70563593024,1.73826436825,0.768813436128,0.526776545318,-0.0507003892505,-0.137508959927,-1.309070071,-1.21922719523,-2.16965540394,0.0337385517919,1.34218190544,2.37487316105,2.29783771521,0.243384217601,2.38249987984,-0.852553975453,2.47653380264,2.4632493191,-0.682857054231,0.511863194426,1.66572188622,-0.846100808727,1.56710192824,-0.441239375726,0.960946392645,1.15930326705,-1.09029546044,0.115537232043,-0.62908858412,1.06093236451,1.39663251716,1.3242112569,0.197345259937,20662017293.3,01030317,0.027993
140,600557.XSHG,600557,2011-05-31,-0.617620024868,-0.667199296361,0.00682127142806,1.15808459194,-0.109081237943,0.0666940267339,-0.272068832021,-0.168707566707,0.188654060789,-0.523486152745,-0.579036902817,-0.226683795062,0.365954740992,0.104547925571,-0.354510421624,-0.237264805947,-0.107432382895,-0.022021211658,-0.0979296082573,-1.26563604748,-1.00716745749,-0.652917054034,-0.227469122177,-0.264630006339,-0.811506393457,-0.143683291516,0.277378066246,0.129892450977,-0.11225816733,-0.118917162389,-0.0975523948173,-0.130800741335,-0.110283254238,-0.133892918236,-0.11161016484,-0.033496712685,0.264630006339,-0.291577189663,0.233059808298,0.372121992493,-0.187463496194,0.134095128142,0.397154101523,-0.418472208197,1.67008681038,-0.265051204122,-0.516010583255,0.0593964389288,-0.465597827115,0.0973404888676,0.044887059143,0.164945945566,0.0219694787591,-0.0252481723067,0.0439694543116,-0.368435388787,-0.123393539323,-0.0931481452618,-0.130931215991,-0.103427719443,-0.161001913131,0.0082764394121,-0.83465012052,-0.456138376382,-0.187002530035,-0.207386517149,0.184304199753,0.131337479258,-0.104547925571,-0.160896225846,0.184304199753,1.67086757624,-0.287308347674,0.255073296795,0.255073296795,0.779903116556,5.76687646434,-0.0953241558528,-0.0153616978965,-0.132283228661,-0.277238046581,-0.225675583609,1.53398329952,-0.00637862884251,0.52927806195,-0.198232737341,-0.244987580085,0.428660503372,0.798332591351,0.308375455648,0.622793219732,0.631823319785,-0.600530343482,-0.336596519981,-1.67008681038,-0.346242161813,0.125793247683,0.533398138895,0.149131091538,0.865759382849,-0.180910674873,0.174558010595,-0.249523909648,-0.346264768976,-0.408718850404,-0.293179366424,-0.474709828917,-0.322165896665,-0.402219028168,0.00410972353277,0.30287974653,0.970649751105,-0.385482058905,0.187723953638,-0.15609655451,-1.26990930394,-0.37553214673,1.57465274083,0.0814786892665,-0.297138265421,0.983831122696,-0.376736922239,0.162966154024,-0.101251276071,-0.228435453127,0.973102261486,0.149203330241,-0.115564864191,0.0702997996826,0.573489097174,-0.459417515243,0.193743724184,0.27779647354,0.567996766324,-0.393424735881,-0.301575093561,0.283319636872,0.26076466258,-0.184331270134,0.314968362336,-0.0785210030226,-0.177117719661,-0.451443761546,-0.377500853869,-0.30469510729,-0.612117628732,0.29239956549,0.605336606471,0.0765759354296,0.141388763622,-0.0168146856054,-0.645289473723,-0.244272887323,-0.432040394661,-0.862959853502,1.10634429873,0.61411450421,-0.473567307978,-0.505807216581,-0.119879201213,0.693631517627,-0.475069209895,-0.638161156239,-0.638680746234,-0.637684033136,-0.321955204068,-0.339143526971,-0.315254754184,-0.307960540146,0.114785128454,0.0469144792173,-0.352691262765,-0.345285230287,-0.33733732954,-0.385284469105,-0.169709315284,-1.94749719954,-0.349668219425,-0.40598351635,-0.80046012196,-0.28902558375,-0.319268014485,0.260134347754,-0.322429991308,-0.309734329817,-0.305774078165,-0.308612823479,0.182912593437,0.394668566135,0.045750809607,0.591513766285,0.215382158156,0.157287590477,-0.0552959103222,0.320635566456,-0.849288772405,-1.33849484083,-0.473569330396,0.501250544522,-0.28996701748,0.257270737356,0.390496210038,0.36975792982,0.36975792982,-0.36975792982,0.561055929259,0.245637562153,-0.66104289931,-0.659862953856,-0.659347466289,0.507932186372,0.466837092431,0.941174380893,0.176981145586,0.632898772065,-0.247571266535,0.699592158098,-0.626408775965,-1.22292778676,-0.544324350756,-1.23450252349,1.10946328804,0.0672109491126,-0.121823139982,-0.135372712816,-0.416184325737,-0.11568814127,-0.204299842956,-0.10011871479,-0.108574342835,-0.332575790253,0.0668448372073,0.260240660819,-0.153308926534,-0.299479341712,1.44490761142,0.256062657367,0.20094256422,-0.134796685148,1.86236127039,-0.747076972174,0.63783699007,0.0606423025056,0.110561502991,-1.83172468395,6313673236.29,01030317,-0.07399833
148,600587.XSHG,600587,2011-05-31,0.291028218273,-0.128494919382,-0.305425677761,-0.291095664041,0.0862716620454,-0.164411461093,-0.333421204472,-0.168707566707,-0.0900432560845,-0.308472249096,0.0325399269445,-0.342908243396,-0.392650527569,0.984868109053,0.0507278830117,-0.282190482847,-0.166520193487,0.037828517056,-0.175510207007,-0.897471558308,-0.691747698334,-0.462455667171,0.0153756230655,-0.161409472407,1.15359699032,0.314802983961,0.476159545158,-0.206075706682,-0.0428405930846,1.54232208584,1.0830199493,1.49483731952,1.56627591397,1.28195106856,0.425815499541,0.122208815059,0.161409472407,0.119069655555,-0.234459987381,0.137744204205,-0.269400183959,0.138507785444,-0.425651443588,0.296129952824,-0.661409635358,0.0739647248064,0.306041660162,-0.392748620034,-0.239225579659,-0.286085663086,-0.0736086886964,-0.250402943816,-0.058485811026,-0.522605877306,-0.00275090319154,-0.596265156918,1.52518812855,1.00572740547,1.54490695468,1.54839514187,1.23177907758,0.0404833402907,-1.43537025378,-0.558681112158,-0.269907721952,0.079621794971,0.0114800560062,0.129973997539,-0.984868109053,0.317533241373,0.0114800560062,-0.466515274409,0.569699223051,0.0953028285359,0.0953028285359,1.73755152185,-0.312974497458,-0.360181353447,0.13347316249,-0.0988132761938,-0.141952736138,-0.299518774838,-0.865490046551,-0.414377510294,0.864406286932,0.520352038179,1.14554835249,-0.0373857071928,-0.0658101024952,-0.196926112081,-0.0716935563668,0.53038666794,1.49628796581,1.11260167617,0.661409635358,0.966027857964,0.918894652039,-0.445861941254,0.154049372009,0.721318302415,0.627515605477,-0.295421663181,0.263892120839,-0.400040021331,-0.426198530148,-0.269233004427,-0.481801991435,-0.395015766678,-0.390487105606,-0.0711551862663,0.977641642515,3.11239849379,1.61777104721,-0.74836584213,2.1314959855,1.57397209503,-0.0868667025973,3.68310331434,1.21997821226,-0.166848235703,2.14425158496,-0.205581700384,-0.0451460291554,-0.0675532907782,-0.114467246447,0.845716566348,1.44572882061,1.92900602703,0.289821308653,1.17574308905,-0.109978630554,-0.823660884215,-1.50233089621,1.52991389579,2.5179939858,2.57425869772,1.28677701362,0.777705588536,1.95547893795,1.74658719832,1.53884245743,1.54570237025,1.63946740375,0.927984942558,2.08859075276,1.92749518271,1.62613617452,0.598305221105,2.07819871364,1.08532739052,1.04384597329,1.81631986433,2.43402230695,1.44586854249,1.7667727329,-0.308006236533,0.902538961201,1.42370248619,2.47108468084,1.23764284478,0.102531354994,0.715202364262,-0.779205494165,-0.77947471475,-0.777685741006,-0.338114069618,-0.437088210546,-0.301506776837,-0.406669780891,0.246866041356,0.23045356237,-0.509780304604,-0.506958298375,-0.52124641074,-0.524087236234,-0.0283173666345,-1.88279368893,-0.522465327898,-0.391255587061,-0.143476110759,-0.475616492728,-0.488431079905,0.377472024405,-0.338391653656,-0.854803011505,-0.855939863457,-0.855160686378,0.0926953716201,0.745243515212,0.27435697845,-0.989680661045,-0.550121388365,0.795706370452,1.12778990403,-0.96040003175,-0.829177201169,1.06979883295,1.57710280092,-2.36976196401,0.188086714041,2.75204066498,2.07573618738,0.0454560010601,0.0454560010601,-0.0454560010601,0.657081548996,-1.10118052582,-0.742858871403,-0.743008578775,-0.74280816279,0.448887187099,1.12422993403,1.58642402696,-1.29823650753,-1.25666808351,0.91343421937,-0.48837104187,2.88541316574,-0.23467417696,-1.05616091637,-0.763537848196,1.02962322193,0.439118606137,1.53471233696,1.45974967678,0.698459201177,1.53854852188,-1.4122660801,1.56995645445,1.62247217573,-1.3303466634,1.8089899126,1.63231792818,1.27464521276,1.07059806848,1.84319953562,-0.195266961183,1.99956898538,1.11266004926,-0.418877217641,-0.147562641774,0.522096614083,2.10621977268,0.110561502991,-0.341084575872,4340926200.0,01030317,0.00092879
154,600613.XSHG,600613,2011-05-31,-0.364368477878,-0.0921928007711,-0.283351207009,1.71457970496,-0.113875231777,-1.58493171851,0.0,-0.168707566707,0.91582474991,0.133738254532,-1.89695678769,-0.793277980687,-0.875399334836,0.082426477661,-0.992495379654,0.806426562553,-0.220236384935,-0.361169674371,-0.175510207007,2.00709745276,2.36618542128,-0.220828666513,-0.484319395155,-0.497382190696,0.48816515666,-0.678583946238,-1.17983913188,-0.0637793340719,-5.23162535663,-0.44666745536,-0.437819264663,-0.43912639977,-0.451169220312,-0.42956729076,-0.657351893661,0.0576297310722,0.497382190696,-0.566884354753,-0.851938962805,-0.554402701832,-0.249029184239,0.101045982491,0.631673556409,-0.61433112283,1.88815810212,1.43429950734,-0.913777797812,-0.613448310607,-0.452476373453,0.0642370753407,0.108138238597,-1.25883811438,-1.4890010052,-0.580226587032,1.90511814222e-17,-1.53484134875e-16,-0.441974306806,-0.453369517485,-0.439259859536,-0.450213432725,-0.393745435883,-0.103322621059,0.576437392711,3.5029325005e-15,-0.484797979402,0.311555324452,0.0607316091664,0.151192392735,-0.082426477661,0.745087898169,0.0607316091664,3.50921956058,1.59562774487,0.182845159499,0.182845159499,0.738209133878,1.72789528136,1.05398397233,0.688991170448,-0.122767186269,0.83364690083,0.244472984819,0.934294941504,1.0616527615,-0.324570372135,-0.388190948392,0.144844747833,-0.362136734115,-0.463937095932,-0.939499720308,-0.475892209123,0.0122042536976,0.136446613299,-0.967078332982,-1.88815810212,-0.476119785878,-0.360484524611,0.152002107679,-0.571964491241,-0.715614625825,-0.73486712065,-0.127670806169,0.776801037989,-0.327059321706,-0.257228292624,-0.392955874748,-0.432156853804,-0.294413565231,-0.0893677598448,-0.110662109951,0.0,1.50418697311e-17,0.0,0.0,3.57830521427e-17,2.1048950723e-17,1.92945829313e-16,-2.26896942171e-17,3.15997095988e-17,-7.91523889858e-17,0.0,-0.998443044314,0.0864191441191,1.01276447302,0.790204518306,1.82557218127,-0.499059414945,-0.106505890872,-0.5391686571,0.014824876833,2.53135523993,-0.862439828175,0.210888237919,-0.0762963706637,-0.406159208146,-0.396246219747,-0.354857243029,-0.296563113862,-0.383346591867,-0.57528807397,-0.427810665524,-0.448127230197,-0.283930577907,-0.429428075959,-0.801771154389,-0.0824516051724,-0.514242385971,-0.160932953214,-0.776653555239,0.125160446619,-0.492822817093,-0.341607493965,-0.29975566908,-0.252774586065,-0.285725817747,0.10901476693,-0.31062782697,-0.236591185172,-0.469878001748,-0.352024098508,-0.337998967158,-0.0406774939247,-0.858658200286,-0.858818347765,-0.860003725467,-0.620244301129,-0.566180915755,-0.654969374034,-0.531442591604,0.275533495977,0.340929961584,-0.524033999922,-0.527706605749,-0.55881285199,-0.522078142182,0.185942118623,0.626701035689,0.763372310265,-0.028017058457,-0.31237602091,-0.499293756193,-0.589599497668,0.391276456953,-0.620601932118,-0.889612937015,-0.889698977103,-0.888693553411,-0.27453410484,0.237206159967,0.197361440764,0.760726226672,-0.153849388771,-0.0228676883661,0.396551090115,0.0463151383378,-0.717699478728,-0.565945682795,-0.206090356746,0.501250544522,0.188086714041,-0.359788994315,-0.264570552754,0.15470910286,0.15470910286,-0.15470910286,-0.0695871471251,0.0966457293436,-0.90037197941,-0.900117066305,-0.899348126091,-0.230130304545,-0.429607691566,-0.429866711034,0.0586409874514,0.195147646251,0.266595680536,0.00140325987095,-0.723737057894,0.32297798053,-0.0248589533835,0.533026773484,0.218597357161,-0.103498065384,-0.44508592665,-0.435195415283,-0.655499827227,-0.446222017302,0.323790108882,-0.455145879925,-0.455745506048,0.344103924251,-0.802279598477,-0.814235988655,-0.474771221778,-0.416948499746,-0.433358061482,0.126406171979,-0.147703022029,-0.198496603501,-0.637653840397,4.58859816379,-0.16591562095,-0.0981640815005,1.3242112569,-0.0229375604331,1748237076.36,01030317,0.01692047
164,600750.XSHG,600750,2011-05-31,-0.126468909561,-0.117087249585,-0.375921568228,-0.162256747424,-0.0173812660984,0.163776649097,-0.418388452357,-0.168707566707,0.144556384069,1.45288916241,1.337777343,0.891976520144,1.97511743188,0.12099720735,1.10066349048,0.375010054314,2.3295684586e-17,0.0777283361987,0.0313713896582,-1.34568748391,-0.966203852406,-0.855908795296,-0.444894143069,-0.441724059654,-0.385214125018,0.544046121699,-0.206991273842,0.00618586576252,-0.029958981369,0.979405696615,1.34070329221,0.991142692469,0.986041637738,1.13577062122,0.717917262968,0.348364252608,0.441724059654,-0.0364812538456,0.374197859824,0.427054286623,-0.247671117591,0.125130938027,-0.327603761884,0.137718616093,0.120994796506,-1.58267531845,-0.303868068825,0.679339389975,-0.553118926759,0.384475674834,0.065909653126,0.435931713225,0.577883080501,-0.580226587032,-0.0306183838178,-0.775432256128,0.975845625474,1.36601821127,0.972517915348,0.972280057069,1.13883997642,-0.121680757077,-0.542661173302,-0.653335945182,1.3809004595,-0.158942944821,0.1268440544,0.130827751717,-0.12099720735,-0.0791527804484,0.1268440544,0.342243751395,-0.115286692767,0.244330504223,0.244330504223,0.334072971069,-0.28065788972,0.377737571618,-0.0979926741585,-0.13989335818,-0.29918284825,-0.280476913651,0.934294941504,0.330988606401,0.230576817944,0.416146390974,0.257373667232,0.784177417055,0.825948336561,0.859813253474,0.633204397151,0.329278660735,-1.29471508987,0.654754883308,-0.120994796506,-1.14181288931,0.487480498873,-0.219085922693,-0.429334357607,0.87717298321,0.768193032452,0.0405421744152,-0.184613402618,-0.484543989319,-0.735006205623,-0.456812840075,-1.12718878064,-0.412360973825,-0.546912739767,-0.0839732448695,0.788763059055,-0.914435984362,1.26425579319,0.200373815743,-0.277798952941,-1.26990930394,-0.218252058265,0.584518073246,1.53047808217,-0.351286160124,-0.377692651534,-0.365574625162,0.366294149085,-0.0655710563492,-1.65971893151,-0.515339306035,1.44572882061,-1.33419370978,0.0206394069077,-0.201250982848,-0.433132289403,0.457510943614,0.309715998791,1.57896645103,0.548660910256,0.577967268721,0.384757827535,0.309974928004,0.642578973667,-0.147409000485,1.01310663271,0.933540922918,0.216206068852,-0.0689649318371,0.465664642895,-0.290090613609,0.0617758027342,0.0314529620804,0.249257611208,0.30377367858,0.349128638969,-0.0714036902253,0.657006135853,0.865844059569,0.147823341347,0.665117269259,0.255814018978,0.355524497019,0.444213013454,0.474944458773,0.302359542362,-0.892876220117,-0.616431578962,-0.617028341495,-0.618875595698,-0.31155444304,-0.353874729833,-0.311939743944,-0.343037627798,0.183445989542,0.214110735152,-0.4571025651,-0.456863264932,-0.470772419735,-0.462590514502,0.0903388792918,-0.447208869822,1.62194949242,-0.241490901694,-0.296688660476,-0.451219101172,-0.4543063839,0.506963603625,-0.311921425336,-0.560838683255,-0.561800695036,-0.562241882492,0.179242361567,-0.191156236646,0.235351103094,0.0180922106645,-0.385126431166,-0.220454226728,0.0925742878027,-0.928632747344,-0.784305380316,-1.08098924989,-0.206090356746,0.214149293669,-0.13061577364,-0.975992887245,-0.840925508221,-0.0160853031183,-0.0160853031183,0.0160853031183,-0.321481690986,-0.28408208244,-0.515367049022,-0.515217233714,-0.515147751956,0.330797188552,0.168022164432,0.368890929956,-0.305792908623,-0.337920256957,0.313056549247,-0.503257798762,-0.0521411982569,-0.78352882457,-0.406051775112,-0.341137875628,-0.28971055702,0.117716250221,0.979509033157,1.00772222394,0.373454411706,0.981542253973,-0.419330482028,0.994831023264,1.00211425781,-0.436067981883,-0.168977108069,0.206645886944,-0.479055174234,0.455284063402,-0.286125973646,-0.566795316519,-0.00174292883269,-0.129488358619,-0.189740680553,-0.552579876373,0.380636154544,0.548404767667,1.3242112569,-1.45756261964,8061896500.0,01030317,-0.05519105
250,600664.XSHG,600664,2011-05-31,0.855166272586,-0.133482217872,-0.209650957885,0.259478994452,-0.0849558248265,1.39555058174,-0.310037847425,-0.168707566707,-0.00625767031558,-0.177347964912,-0.381401763706,4.07362079326,2.710734662,0.691617120096,0.258342268669,-0.204040028818,-0.376013340133,-0.434319342799,-0.274640972075,0.26075012556,0.515654561555,-0.441780582413,-0.162809240821,-0.218866654149,-1.19620917229,0.922297298967,-0.64924154088,-0.0691872722233,-0.177381871003,0.115608459018,0.324233408307,0.137051803123,0.106583407398,0.231486832892,1.0896453434,0.113905455836,0.218866654149,0.116472418149,1.34452196406,1.03130952205,-0.273474383903,0.122246986489,-0.268642655994,0.0689813353826,-0.396187794048,-0.0627094134704,-0.277350254521,-0.483673586188,-0.404109981367,-0.0422846700241,0.184478759967,1.52220322131,1.25252138664,-0.493795522444,0.0120751456146,-0.488986091342,0.112990387618,0.409858408511,0.140159668673,0.103371954122,0.216295269659,-0.262727991362,-0.511822471292,-0.415121282072,-0.384316886798,-0.164740290362,0.0946752471552,0.129677314017,-0.691617120096,-0.0789465312169,0.0946752471552,-0.485340462118,-0.1539780838,0.195873652619,0.195873652619,0.0267850357412,-0.34515893093,-0.2021753899,-0.299277107521,-0.144376318578,-0.374136521444,-0.349429768,-0.865490046551,-0.19952662172,-0.1628345766,-0.315464090447,0.010211933552,0.42524207151,0.47269692909,0.626935139651,0.468462825043,-1.02028371212,-0.902928630264,-0.468672710086,0.396187794048,-0.307447546832,0.378553267344,-0.342781932817,1.3647030262,-0.158316070255,0.621471686392,-0.0694432359669,-0.176644478764,-0.484543989319,-0.327147011599,-0.484750262405,-0.815133629815,-0.415830015254,-0.464789281833,-0.359198556225,0.193384915538,0.184185739114,1.97128630123,1.56023399203,-1.069895919,1.09999186187,0.288520027882,-2.63570854709,0.909478342353,-0.369893929074,-0.781711017008,0.672519003047,0.502643510479,-0.280643491894,-0.182848170455,0.152845549531,0.797466075428,-1.38067018159,-0.894691923556,-0.12224452194,-0.706145223332,-0.210413832457,-0.0352604087258,-1.22189966445,-0.597972196644,-0.716752937452,0.00603175544712,-0.236233910916,0.171934631729,-0.397300969573,0.127389034763,0.151103141093,-0.0758548754618,-0.153745756689,-0.101683355867,-0.368325704668,-0.829996204094,-0.940060933524,-0.520575922369,0.0282653542979,-0.416984233432,0.0899960414572,-0.677220045065,-0.556331355287,0.154808022851,-0.911609626546,-0.145601462402,-0.192983250244,-0.684644074194,-0.929458878581,0.189519499495,-0.758284954229,-0.768258448769,-0.76525113962,-0.756665915003,-0.0514882659135,-0.0603510388059,-0.248756417638,-0.317636067604,-0.551639780872,-0.378840034118,-0.192169068891,-0.187571231319,-0.118296547355,-0.194710225229,0.417021788885,-0.719333711764,-0.331820630757,-0.2400598222,-0.250642421253,-0.399760688294,-0.329762222876,0.409582334896,-0.0510710133189,-0.584126824869,-0.575277704588,-0.581041854428,-0.52998052397,-0.158064318826,-0.242672720551,-0.684356902393,0.240469407394,0.225402370859,-0.642192639719,0.726958988555,1.59175790302,0.725641218097,-0.919367619811,0.501250544522,-1.08672323668,-0.846761237477,-0.872352566823,-0.791229145634,-0.791229145634,0.791229145634,-0.353950785429,-0.759468150042,-0.679798258363,-0.678829395436,-0.676380133978,-0.18584655509,-0.519252169965,-0.709767108643,-0.812772904269,-0.403229900728,-0.0348837342127,-0.336526121574,-0.0354651254483,-0.186947685863,-0.284073389042,-2.65756125461,-0.0874920966651,-0.33716048452,0.119860987791,0.150335206386,-0.126684261166,0.120340605973,0.111921685091,0.0977401294974,0.103874301212,-0.0433283828766,-1.01452406119,-1.24533898056,-0.384154253993,-1.01159337662,-1.1182328471,-0.0396133632437,-0.44675534934,-1.0106705625,2.72301315087,-0.769330432225,-0.237931854898,-0.493919673389,-0.496263373963,-2.18907706101,21474274628.2,01030317,-0.09196067
252,600666.XSHG,600666,2011-05-31,-0.230053768634,-0.110226445524,-0.32607598911,0.114265041342,-0.0735529009577,-0.274316316599,0.648448273128,-0.168707566707,1.12087894666,-0.859685825151,-0.906667347332,0.281798166395,-0.323686412246,0.3836184992,-0.589286388562,-0.506746639571,1.00449278007,0.376976979769,-0.162580107215,-0.179172182758,-0.629278200579,0.811254857475,0.551102483568,0.0316511558728,1.44472341755,-0.220097670762,-0.452514650897,-0.105014862477,-0.152811389397,-0.746714669814,-0.907232713856,-0.765145775281,-0.746618807996,-0.84651495252,-0.416601828147,0.116852563617,-0.0316511558728,0.0669360174319,-0.380008603016,0.159717121857,-0.116844030496,-0.110652797157,-0.871503401607,-0.251324386179,-0.23754584082,0.559264692359,0.624255431807,0.0354253114884,-0.0843101092743,-0.424016552781,-0.26583023348,-0.813995683999,-0.627267783178,1.80951653211,0.505773418976,0.952092490575,-0.731446631985,-0.938105122705,-0.760398292137,-0.741135007401,-0.867959978,0.282347872624,1.88141424538,0.638702525594,-0.405208995161,-0.265796758866,-0.000500051519287,0.169171729797,-0.3836184992,-0.232533458903,-0.000500051519287,-0.0132626780318,-0.514738231552,0.0921028477696,0.0921028477696,0.0868637666867,0.801188467459,0.408812874585,0.0717139029292,-0.163380845932,-0.111808003223,-0.288658823432,0.334606583484,-0.50181139833,0.18977859925,0.662549327595,-0.102316985847,-0.406576348325,-0.0957271598054,-0.351812027406,0.121831859195,0.818741059094,0.183359555064,0.138149785397,0.23754584082,-1.28462205171,-0.21896754542,-0.239701924381,-0.304107370251,-0.329126503247,-0.35660115034,-0.31205811181,-0.359350169309,1.41679529041,1.05957424808,0.952031457452,1.1990405255,0.499996922061,1.38103320127,0.365056540164,-1.43808806624,1.50418697311e-17,-0.768456917427,-1.02666280844,-0.447976035494,-1.26990930394,-0.192009745162,2.11615307423,0.961228320671,-0.344869688072,-0.249964872315,0.0528423895319,1.78480592639,1.77493361096,-0.066522000878,0.0857400155877,-0.499059414945,1.21886129251,1.10413888563,1.11155033956,-0.425843109129,0.545218237442,0.0267371307034,0.412141839018,-0.123878406262,-0.0371306070056,-0.610241848651,0.0396950773501,-0.613316336986,0.709422203741,-0.751829023955,-0.765748541287,-0.577369658429,0.0604938600087,-0.545825623514,1.23674753646,-0.196887599089,0.186583352451,-0.69798761824,-0.110209501127,0.606711649821,-0.305479965889,-0.0723807408693,-0.244807216794,-0.350583574573,0.228609383353,0.214185746835,-0.261154463654,0.204091489099,0.867794100774,-1.28272864494,0.86956770239,0.494546235745,0.497364908312,0.4941064241,0.146235275283,0.0356484552916,0.569125511116,-0.0765796370329,-0.00171764137827,-0.439738744316,0.490623947304,0.511866831223,0.559557607016,0.330572579606,-1.13837505583,1.58846586676,0.81529256821,-0.217851969669,-0.627223844913,1.50453154115,1.05256704669,0.299597019058,0.142428530483,0.805858751256,0.796760369126,0.813260087657,0.735321169253,0.335041540882,-0.0830994338963,0.686075859339,0.305705133611,0.250245508689,0.702068336396,-0.438106167017,-1.65957001639,-1.06505572712,0.507186906319,0.501250544522,1.46289666476,0.852649220941,0.874299919529,1.23410208963,1.23410208963,-1.23410208963,0.50060814705,1.04204996899,0.567876546619,0.57154265505,0.571345563289,-0.215369054727,0.944940977229,0.0492048240151,1.04839503731,0.589653197135,-0.00700721298595,0.311047803221,-0.207049809591,0.706476098696,0.660616456845,-1.15770252848,0.14836966199,0.411974063196,-0.749297470456,-0.778992654131,-0.587904293283,-0.752351058224,0.0455151642009,-0.749100733401,-0.756067478105,0.62273674787,1.38180927858,1.03126414499,1.18976229638,1.00526476988,1.04158992163,0.250632880695,0.145544074302,0.958718579907,-0.599749603708,1.73145168397,0.135009356616,0.363130652993,0.717386379945,1.3646305605,2611316682.0,01030317,0.08666667
258,600713.XSHG,600713,2011-05-31,0.560731572463,-0.131486170476,-0.454250335414,0.237145417526,-0.0835260821438,1.19856139281,-0.0539785118374,-0.168707566707,-0.116501862117,-0.421001891513,-0.33947915844,-0.313852131312,-0.254722296922,1.61901628246,1.23740800313,-0.691216380412,0.537161914475,1.00207414634,0.164982420838,0.635405271743,0.396860106808,0.352435047236,4.3169235889,0.258106662778,0.872867935495,-0.854337018504,-0.613799881849,-0.376087762318,-0.624302233024,-0.396080109046,-0.480309987968,-0.394720225254,-0.413147877871,-0.44578803924,-0.840929016156,-0.0916436169921,-0.258106662778,4.90195317339,-1.23124747628,-0.0893092781984,-0.212361384742,0.122201650355,-1.20075811652,3.1415685725,-1.47524776693,-0.0653788302336,0.465148545984,-0.305130016286,-0.709407537997,1.59666012056,0.0965999155782,-0.277124535471,-0.349199083434,-0.560514238968,0.766602055379,-0.601795005659,-0.378719616327,-0.521414418175,-0.384644479842,-0.414831777661,-0.463986878,-0.211298883346,0.900068095792,-0.0633208193332,1.77387106919,-0.744871922912,-0.10698989619,0.00282222580106,-1.61901628246,-0.846468671185,-0.10698989619,-0.963934657333,-2.14570843615,-0.0422963444142,-0.0422963444142,-0.347475911133,1.18419644321,-0.399862124927,-0.139661029442,-0.162977240853,5.69033165039,-0.410854548817,0.334606583484,-0.528337159736,-0.722353004396,0.217504375989,-1.10703948048,-0.789440716906,-0.424814790218,-1.38877872292,-0.143346953901,-0.0738132123144,-0.104457682251,0.125410152887,1.47524776693,-1.17217389234,-1.65451645602,-0.775717968252,-0.486840406181,0.665431017887,2.23853265809,-0.597650479945,-0.817780625202,1.07877941846,1.05374768816,1.32320006842,1.09265808772,0.760175029253,1.36930127871,-0.347985872498,0.598515790207,-0.256303475981,0.203710031129,-1.59590660316,-2.65615260364,-1.26990930394,6.55956390872,-1.53178033118,-1.57452061691,0.902848949458,-0.49092649836,5.3288881415,1.78241383233,0.582619601928,0.11897108034,0.0185069045838,-1.14732216013,0.370468747784,-0.262086238322,0.225792560162,-0.687149177767,-0.0681754820319,-0.618405581575,1.78630916683,0.105607396021,0.220438322899,-0.761802758324,-0.444355314063,-0.117201830662,0.187926406143,-0.420784421333,-0.351373567053,-0.311291674301,-0.189250843155,-0.191093483888,0.702922319718,-0.452277765192,-0.285154094683,-0.692888589488,-0.509253132997,0.418274246038,-0.36602368169,0.473621520234,1.14629545791,-0.162496079776,1.30481480104,-1.03912258947,0.0522708056193,0.395282386047,0.730274529286,-1.85400319632,0.28782725457,-0.00213036479527,-0.00068836638153,0.0102871585232,0.642193724583,0.35438947629,0.586160405396,0.28492862308,-0.011721237954,-0.466359385998,0.557395286117,0.581160361936,0.630020289032,0.459972264849,-1.18213820914,0.0157623400807,-0.123869180968,-0.471471233746,-0.469664870456,0.381088403712,0.604349182334,-0.57638425497,0.641361318876,0.187249416497,0.215649960198,0.200491038063,0.103886570439,-0.613918406165,-1.58444977549,0.315850293144,0.282520355245,0.222038134838,-0.11023012994,-0.129357944425,-0.500373764481,-0.269934078485,0.507186906319,0.357699919096,1.30354542092,0.520583789751,0.235667490135,-0.112891849017,-0.112891849017,0.112891849017,-0.769399757151,0.300494836272,-0.00413609653616,0.00456185351549,0.0160890317184,-0.968192795462,0.108259178832,-0.901627291364,0.537380718088,-0.51001999392,-0.885633863502,-0.649148016302,0.522288984711,1.286891813,1.77289183519,-0.930690778517,-0.35513206672,-0.0866629650146,-0.393488388107,-0.401234882235,0.533567065342,-0.400618153194,0.409169921455,-0.435786833765,-0.435544383579,0.792570087981,0.128359508181,1.19075315321,-0.987092128962,0.651054929207,0.983679395225,-0.447340229728,-0.375765667649,0.661452294261,-0.579755501692,0.260583861447,-0.733043463286,-0.482576360245,1.3242112569,1.38243019974,4237777954.8,01030317,0.08756137
265,600781.XSHG,600781,2011-05-31,-0.135069026118,-0.116635024102,-0.232437508339,0.693950664234,-0.101445694584,-0.857498956127,0.0,-0.168707566707,0.398118025211,-0.58974292226,0.108987030665,-0.793277980687,-0.875399334836,-0.142191301114,-0.975792568176,-0.720901996499,0.0966891446055,-0.00207130208664,0.0830917888244,1.92055535932,1.49161245271,0.480244662105,0.307208866204,-0.0806770722296,0.0722702606229,-0.825299554391,0.292787483216,0.154904164927,-0.596749896854,-0.40211887185,-0.41463592913,-0.386035137843,-0.432359094447,-0.401917592533,-0.812446495452,-0.142726818523,0.0806770722296,-0.349424750081,-0.46821988522,0.346486921899,-0.0475826314461,0.12268637068,0.348130260671,-0.566126506878,0.148499283753,0.38575260275,-0.356903697433,-0.0505401110567,1.34440493744,-0.793758222765,0.130444615114,-1.06446902653,-1.28814252792,-0.580226587032,1.90511814222e-17,-1.53484134875e-16,-0.382427441446,-0.453210812177,-0.369242942768,-0.423113690491,-0.400468383804,-0.108544175834,0.872262356105,3.5029325005e-15,-0.350159947728,-0.260515615325,0.116416923776,0.135328503872,0.142191301114,-0.243052169707,0.116416923776,-0.20730692057,-0.531859509117,0.223987769351,0.223987769351,-0.12620233377,-0.311157101317,-0.249983548311,0.58325114958,-0.128111872608,0.0450154559184,-0.096466792697,-0.865490046551,-0.804407327566,-1.1215927159,-0.747483336152,-1.42453178879,-0.221981027759,0.420917406822,-0.234274488826,1.12865395788,-0.770555365972,-0.149151768662,-0.254698882416,-0.148499283753,0.144031813014,-0.956489535158,-0.188161920162,-0.91170417295,-0.216171216913,-0.75549980994,0.0405421744152,-0.349859905446,-0.123481580644,-0.292187652112,-0.201384978767,-0.148470353056,-0.107085328053,-0.269257239131,-0.145068063258,0.0,1.50418697311e-17,0.0,0.0,3.57830521427e-17,2.1048950723e-17,1.92945829313e-16,-2.26896942171e-17,3.15997095988e-17,-7.91523889858e-17,0.0,-0.505948967197,0.105555896595,0.323938008946,0.0293684902601,-0.863816047415,-1.79558490532,-0.261690042508,0.00145243697199,-1.3728963654,1.13094909017,-0.910048168604,-0.818516451415,-0.581781213019,-0.219917551264,-0.0286683834359,-1.70876703263,-1.28684797042,-1.88613902397,-0.599667533672,-0.414906393958,-0.327562034548,-0.99647064896,-1.14814279484,-0.686040343205,-0.675325688264,-0.618059052396,-0.268242711418,-0.907939168648,-1.98353722933,-0.795449901308,-0.173072575488,-0.442971630512,-0.299782064764,-0.0208068264018,-0.339389830622,-1.21455602208,0.169081638756,-0.275180499749,-0.394214747891,-1.38561221343,0.0173689761977,-0.589209917093,-0.587721921438,-0.586657324129,-0.543200975225,-0.476955324342,-0.565474447718,-0.374319947177,0.379026654729,0.425917652577,-0.439158471051,-0.445436178959,-0.493885729171,-0.432409112224,0.143861334266,1.09576376304,-0.454590407355,-0.262752088807,-0.532374080823,-0.368793148141,-0.4960392557,0.30739952441,-0.543150876837,-0.725423317963,-0.721736659926,-0.722645426811,-0.588386204443,-1.39118814497,-0.0226695606197,1.2661878115,-0.116992186401,-0.234755896157,-0.509900802382,1.73632474144,0.061671072658,-0.249196749726,-0.02777104098,0.501250544522,0.506789201722,0.0972288929418,-0.286194675645,-0.609371134411,-0.609371134411,0.609371134411,-0.863698297396,-0.201861633403,-0.632682281316,-0.629463441138,-0.627334673586,-1.30770154128,-0.369844705966,-1.08873480216,-0.0301141311498,-0.571799386676,-1.184015887,-0.678921530086,-0.526659482382,1.1300761994,2.1578990728,0.0710973917184,-1.32275349692,-0.628237724787,-0.396023146338,-0.385439285469,0.993762922702,-0.406154529466,1.63610945028,-0.46453840906,-0.481357088203,1.89383315276,-0.581924670242,-0.493187361731,-0.442016045472,-0.428891252801,0.719712479019,-1.02437740518,-1.22449043684,0.0403780903219,-0.612726128793,2.10336180089,-1.20243498812,-0.675412683681,0.312634187017,-0.172998247586,2083164294.72,01030317,0.00937766
270,600789.XSHG,600789,2011-05-31,0.308081725383,-0.128736926669,-0.377345727632,0.308984010871,-0.0878161642795,0.35511794962,-0.30286077744,-0.168707566707,0.319183183882,-0.399201277028,-0.368367004086,-0.793277980687,-0.875399334836,-0.398573210221,0.140642083116,-0.56322876069,0.00537161914475,1.06192387505,-0.2358506727,0.594297777359,0.344631510324,0.384387450953,-0.136217247631,-0.207285265266,-0.146074559797,-0.411133618877,-0.57887187005,-0.149292356092,1.64608183185,-0.857201663331,-0.880338804335,-0.848983662139,-0.872736125379,-0.87096332138,-0.363586917347,-0.165531819207,0.207285265266,-0.196612745582,0.202185859527,-0.268754772356,-0.194706518317,0.124788139513,1.0974000445,-0.515420254171,-0.83134807442,0.498935873511,-0.144761183003,-0.300170472678,-0.395397782763,-0.0592490833866,-0.0175414515034,-0.208823703688,-0.416338407316,-0.428593140386,0.130592017244,-0.479032363608,-0.851356487256,-0.888708095674,-0.827237586814,-0.879073832711,-0.885805601228,0.432331717462,0.162922018993,-0.353595640606,-0.424442999686,-0.0230229873796,0.0205760635718,0.144902070824,0.398573210221,0.179690005021,0.0205760635718,-0.657663334222,0.551499439812,0.0943885483169,0.0943885483169,-0.142617287581,0.232277388303,0.00363873205679,-0.372192975362,-0.15834990349,-0.268779062332,-0.335260330372,-0.865490046551,-0.526936972917,-1.18716128165,-0.862543738274,-0.355507054495,-0.249328482658,-0.379939204253,-0.581394696222,-0.397502167376,-0.879834007969,-0.722250408602,-0.343356324986,0.83134807442,0.871009163302,0.323521225749,-0.394321937036,-0.739186027227,-0.0611036809707,-0.11442756494,-0.279247338124,0.187970009939,0.498774910903,0.750766572605,1.1515844741,1.58910946403,0.257164022016,0.93130950306,0.373141171289,-1.92123400799,-1.38093834208,-1.38710861196,0.276272988372,-0.427348510336,-1.26990930394,0.192587863426,-0.884334280383,-1.57452061691,-0.282095203166,0.256416890689,0.701270374308,1.08870655507,0.633166579867,0.192853917774,0.249230018911,-0.499059414945,-0.743784970432,-0.218633394644,-0.512168650127,-0.702390191069,-0.913186857714,-0.313942417645,-0.23736965491,-0.663766970015,-0.755097388002,-1.03559370587,-1.20573352782,-0.200256714533,-0.505358838058,-0.860878019257,-0.794869212183,-0.118543839729,-0.319304185897,-0.195490186617,-0.356577466699,-0.745812470341,-0.838794560897,-0.554395326414,-1.47316768197,-0.725031605991,-0.631199737773,-0.508654666001,-0.643175680339,0.0121209578331,-0.889406442889,-1.66949356764,-0.501755563682,-0.593526290632,-0.301327472461,-1.65758117124,-0.105740570326,1.69335290717,1.69946725061,1.71454505758,0.520992028545,0.0956921739036,0.502547330434,0.225821146473,-1.27498332966,-2.22228767462,0.667124409383,0.757994086842,1.08102294462,0.410983529803,-2.53576512137,-2.01143430671,1.12708453389,-0.550480594396,-0.290978679676,0.335985474819,1.08778269645,-1.20193511681,0.522521424876,2.55298999138,2.57431198609,2.5566772049,-1.23337573455,-0.168161586917,-1.15883748672,-1.28718005764,0.319459998019,0.262637746863,-0.347110659037,0.531808589542,0.0566148802646,-0.547518498938,0.150548274786,0.501250544522,0.825491689402,0.126612689688,-0.0194971599841,-0.841706844567,-0.841706844567,0.841706844567,-0.535725901927,-0.311707105922,1.59286763311,1.59797454964,1.61307970209,-1.26341779183,-0.967474561964,-0.663056393429,-0.219727339071,-0.378518143625,0.052875684464,-0.345458175709,-0.113696322915,2.13717114286,1.86124531606,0.937356158991,-0.281819804754,0.182534128517,-0.853344226306,-0.851510643901,-0.212032157561,-0.856331125082,1.13331722068,-0.886513434636,-0.880362942779,1.10039301693,-0.0839291291785,-1.11162387259,0.979265743093,-0.243775261178,0.261682477294,0.18251386426,-0.357023064772,-0.352438072853,-0.597046438401,0.773916287018,-1.47120986125,-1.25140091774,-0.361548251279,0.769933612086,4507209931.25,01030317,0.05677419
273,600812.XSHG,600812,2011-05-31,-0.107974035246,-0.118005800551,-0.371649090018,-0.0256054587619,-0.054788595857,1.20115636857,7.00848987161,-0.168707566707,-0.378883038604,-0.738820653666,-0.260566019116,-0.793277980687,-0.875399334836,-0.886946714073,2.12374971874,-0.854234471672,-0.0966891446055,-0.121770759515,-0.0591393088827,-0.0172663496147,0.150054386169,-0.511741727807,4.30446052017,0.272161746374,0.332204570646,-0.915468521901,0.200330981396,-0.298686647526,-0.239523720112,-0.498017271726,-0.408920198168,-0.491065042412,-0.499845177515,-0.440547646582,-0.914318284832,-0.40588483154,-0.272161746374,4.0126590854,-0.525557218652,-0.393267972384,-0.184747362898,0.121491862108,1.64394962157,-0.306802992083,-1.28517211399,0.841688985908,-0.250832440218,-0.306783197489,-0.633667416709,0.823269675265,0.0560847867954,0.837642611845,1.03957783106,3.21667491699,-1.45918140134,3.07444843739,-0.494367487834,-0.354327486379,-0.509664048996,-0.490723463275,-0.427534931015,-0.222411422994,-0.694624774887,3.83014797905,-0.292126313386,0.35440009047,-0.0783707504348,0.101959498152,0.886946714073,0.784550251119,-0.0783707504348,-0.970451068463,1.89316049752,-0.0112108169703,-0.0112108169703,3.49132518693,-0.705532063838,-0.718503500733,0.921508100744,-0.196479029852,0.0910208596058,-0.379913763554,0.334606583484,-0.75765664544,0.096525527951,-0.55101227215,-0.896047756608,-0.582055850591,-0.43056807047,-0.0716992018173,-0.29277797098,0.272388586719,-0.547277814992,-0.493112005105,1.28517211399,-3.0174481875,-0.120103556386,-0.682945960659,-0.0854330539619,-0.148083187172,1.02662267608,-0.520937966821,1.43191902355,-0.473020720957,-0.612648447416,-0.492732383071,-0.325774416024,-0.412360973825,-0.554734021476,-0.422513071193,-0.0899329596529,0.129558139604,-1.38710861196,0.0,3.57830521427e-17,-0.179754767671,1.92945829313e-16,-2.26896942171e-17,1.21997821226,-7.91523889858e-17,0.0,0.548042478062,-0.946965489601,-0.441204480641,-1.50645134321,-0.875361771411,-1.14732216013,-0.355430722938,-0.882276825363,-1.94382020899,-0.543132646277,-0.380783050701,0.579804289374,-1.37531935852,-0.413587650301,-0.494619568746,-0.503653135212,-0.150779495922,-1.16854482732,-0.782057181389,-0.456811040723,-0.555124627733,-1.25109950151,-1.50856594675,-0.793023274327,-0.665307667246,-0.278362001097,0.184600141194,-0.708305483751,-0.322924243528,-0.66304487032,-0.187553692992,-0.811390498471,-0.609712729402,-0.804587872358,0.634017339537,0.119035410508,-0.473946036942,-0.78703694169,-0.905930283361,0.188471449561,-0.521633960653,3.58885258761,3.59449587697,3.5872836504,-0.184635460137,-0.161076867716,-0.374191555329,-0.278107860107,-0.355389181963,-0.328868833508,-0.0694769544851,-0.0611663426082,-0.00558866708274,-0.0884746615092,0.0482834589025,-0.506420484318,-0.893478837795,-0.512061492349,-0.528451522297,-0.230777272092,-0.253720964341,-0.866877531181,-0.183591726728,2.78424124467,2.7796438902,2.79332053624,0.202793732354,0.10363268063,-0.240445404328,-0.35257631081,0.301576771818,0.23504045243,-0.788497548005,-0.0842285460162,0.235400333984,1.19781756369,-1.00852727769,0.501250544522,-1.24607448052,-0.639362982774,-0.373844453765,0.30890810097,0.30890810097,-0.30890810097,0.311406588738,0.591670439232,3.15504154577,3.1614603292,3.15609662276,0.0798559416402,-0.459489184365,0.136748820258,0.591171699059,0.663788468442,-0.441158219498,0.471080439808,-1.03532487118,-0.962741432074,-0.0795460680083,-0.0520084826398,0.0912693092254,0.0069994174976,-0.497464170727,-0.483665621514,-0.419939633178,-0.496466667403,0.570442900759,-0.495752914216,-0.513498535497,0.505976326544,-0.736795099062,-1.21639770812,0.0337396214957,-0.52924290736,-1.00732333796,0.158820293326,-0.263310050391,-0.532921174852,-0.488174125326,0.0584582662834,0.0424170558262,-1.59043994391,0.717386379945,0.0998140993614,11581783303.1,01030317,0.02309059
285,600976.XSHG,600976,2011-05-31,-0.0217916199117,-0.121505677131,-0.38909504271,0.0285726986677,-0.0634208594734,-0.388342604186,-0.419777562677,-0.168707566707,0.0290204710608,-0.338608392649,1.04290994293,1.53121098598,-0.0938060278329,0.379647982909,0.962826270525,0.310438422242,-0.107432382895,-0.148370638943,-0.0806894752019,-0.415359979438,-0.140787209937,-0.443868974813,-0.412872694192,-0.410915316411,-0.0940876977921,-0.220097670762,-0.177713381599,-0.226017478615,0.190340433804,0.251033306336,0.353225497548,0.247662811592,0.257516926921,0.31266194251,-0.193107596344,0.39907321823,0.410915316411,0.00526343465181,-0.0227529100922,0.0498525335975,-0.27121093949,0.122947815025,-0.462088082059,0.3190872809,-0.793529404455,-0.00771942814806,-0.0386899257875,-0.445650418523,-0.642893949214,0.891931020513,-0.663713740188,-0.709770388746,-0.522866134542,-0.580226587032,-0.0312590155564,-0.779856135121,0.252849954127,0.423318602423,0.228150010394,0.274004173153,0.328580835624,-0.0963099188592,0.583062587005,-0.653335945182,-0.468548561786,-0.100850365874,-0.00604639759589,0.13564412464,-0.379647982909,0.0379280332713,-0.00604639759589,-0.380353838356,0.014673240878,0.075417233774,0.075417233774,-0.645243173251,-0.0115180430732,0.17407481679,-0.257008127296,-0.144739871244,-0.243872019685,-0.33909825959,0.934294941504,0.392441250128,0.650215638791,0.418317341957,-0.363544834452,-0.129683367476,-0.177423739383,-0.4440844876,-0.240722083883,0.919729597216,0.600504361569,0.850269243463,0.793529404455,0.918237390235,0.641039684565,-0.342781932817,-0.49062369885,-1.20088942739,0.984523653489,-0.324535448282,-0.0297989455633,-0.465338542049,-0.589342207757,-0.492732383071,-0.588184429216,-0.415830015254,-0.550823380621,-0.107485489181,2.05069098623,4.16679787481,0.0564120086202,0.19404888469,1.47038380419,1.1947879085,0.235340241064,-2.01965381996,-0.643021007184,-0.226378837516,-0.608689699058,-0.000263084442904,0.471546287705,0.321955774517,0.199141818832,0.179445366693,0.797466075428,0.354320143172,-0.0301496311575,-1.1042062893,0.907414228406,-0.780951245482,0.597605563071,-0.00637038765371,0.0278740549007,0.0480205176651,0.108228970519,0.303142161558,-0.488443978252,-0.180673775405,0.299800636976,0.163772037467,-1.05731650581,-1.06652268787,-0.636356376682,-0.403803029424,0.199867460234,0.485298237836,-0.269683580015,0.188869732908,0.352060367256,-0.299488817483,-0.247489678931,-0.231262689034,-0.422924918726,0.376398518706,0.68399053245,-0.079418665365,0.124518528321,0.524074745444,0.523323403393,-0.450192151271,-0.534520626609,-0.534275958562,-0.535740749996,-0.572501718536,-0.541295710966,-0.592581531898,-0.555027868574,0.264312607252,0.322255423622,-0.530542744623,-0.5331674806,-0.561028658168,-0.527345855152,0.165920993038,-0.0337838549476,0.0940877351963,0.0271546970748,0.0947079650004,-0.512025757213,-0.568394585231,0.488057532963,-0.572861325887,-0.539721222525,-0.540523189938,-0.538666453542,0.543661145236,0.0794652084729,0.205825242412,0.851850986758,-0.409953676051,-0.490631416585,-0.41697724681,-0.382741746664,-0.994703356328,-1.21649975895,0.507186906319,0.501250544522,1.46289666476,-0.459066288176,-0.183263850682,0.512201847357,0.512201847357,-0.512201847357,0.544475966139,0.555011640298,-0.629712018049,-0.629263135485,-0.629534049605,0.52269343619,0.466837092431,-0.067759424397,0.583103051913,0.75734012033,-0.777225169843,0.590174494943,0.0181404087049,-1.15423389712,-0.52359382967,-0.814361374307,-0.0729300720279,-0.0358834766034,0.248403647182,0.254505141984,-0.132829309707,0.248450724561,-0.220110919359,0.271585407631,0.244380415214,-0.149474220446,0.565847560264,0.585473055485,0.323636200684,0.366676005371,-1.26112450101,-0.185394639961,-0.0306032199875,-0.11887170556,-0.479352218843,-0.269729319983,0.633978977537,0.315236664166,0.110561502991,0.921822407934,2868553820.0,01030317,0.06440889
305,600161.XSHG,600161,2011-05-31,-1.17444273989,-0.160995677757,0.196234472077,-0.0675132885208,-0.0463314202036,0.187284076525,0.614646588684,-0.168707566707,0.765010695526,-0.21004888664,-1.41361380933,0.0348212136871,0.274002587227,-0.717916163378,-0.608330715667,-0.38670407525,-0.123547240329,-0.194920427943,-0.0893095417296,0.54381488952,1.13318090822,-0.643101609755,0.0570837144739,-0.137459609959,-1.06104333108,0.00914546697644,0.854203908154,0.427667045441,-0.173326548796,0.128387457072,0.368739624447,0.151499986953,0.125383248887,0.25087832479,0.0644824996593,-0.186442250603,0.137459609959,-0.366141514479,0.0301738592299,0.115771286554,-0.174788207479,0.126183524788,0.967553114679,-0.607865353984,1.06302348471,0.228790897073,-0.96681342642,0.100725968999,1.42183000709,-0.800730792149,0.0240950220232,0.56554806445,0.704328807145,1.75341215685,0.656504915171,1.43097739155,0.121514355147,0.346068793885,0.14276134676,0.118457236045,0.275763547523,-0.190750192029,-0.771940218686,0.214333357537,-0.0583336721795,-0.330599963816,0.315419821004,0.133956342582,0.717916163378,-0.402964073825,0.315419821004,-0.23988897622,-0.796632651936,0.44455787217,0.44455787217,-0.184311270259,-0.229737754216,0.317260251229,0.442779991497,-0.143123653705,-0.159773173007,-0.0841379488949,-0.865490046551,-0.617793539845,-0.103094327799,-0.356712159132,0.500516510933,0.373965593575,0.82249636841,0.447882627608,0.823055279506,-0.775640777768,-1.42118984503,-1.54634162344,-1.06302348471,0.598322376844,-0.40326383162,0.100462103461,-0.188338614568,0.0916024204144,-0.674427929802,0.769773172663,-0.483375602382,-0.557524688945,-0.711699965964,-0.604482072394,-0.765488492184,-0.495617968126,-0.679874528805,-0.234188027697,-1.27453016244,-1.4789211793,-1.35764900746,-0.62186722108,-1.61343120691,-0.938123140731,-0.604587568383,0.768942099837,1.53047808217,-0.301736737058,-0.43385663956,-0.606409640895,0.332804832251,0.305106781871,-0.190708046778,-0.549721323901,-0.499059414945,-1.38224565521,-0.898642182073,-0.0936387343701,-0.0737536134312,0.0073877249579,0.284548680805,-1.06534895622,-0.583645915345,-0.678672931388,0.317882355498,0.0188201688397,0.604663760014,-0.506873152503,0.145149526077,0.140213321076,0.277920795887,0.0702839536863,0.209911719467,-0.776531795695,-0.716055192726,-1.03850032865,-0.23924276175,0.361717418598,-0.459392023996,-0.222476970133,-0.679282090968,-0.624053994089,0.207193134134,-1.06748749431,-0.0846457781926,-0.124108683045,-0.67585058768,-0.976352734165,0.401138248617,-0.74488961497,-0.512185458936,-0.511629451321,-0.509969694213,-0.49944233662,-0.458648938998,-0.58557890545,-0.48358550901,0.186434554182,0.253897923027,-0.46838692961,-0.470890772154,-0.490562863828,-0.469790555829,0.186140131851,0.709667185623,-1.04951002964,0.0128154071846,-0.561773154082,-0.439538912789,-0.558090933198,0.321804149677,-0.49971733505,-1.20024173244,-1.19251534775,-1.19984181128,-0.407573563614,0.266526720667,-0.030980234277,-0.552604284077,0.105495440563,0.15192006483,-0.819592154903,-0.106306808678,1.8291951885,1.55900979842,-1.00852727769,0.501250544522,-1.24607448052,-1.15143982898,-1.03006450311,-1.33749465463,-1.33749465463,1.33749465463,-0.302483816577,-0.606548588775,-0.375365824924,-0.375103428986,-0.374589192097,-0.0234728070882,-0.638778141165,-0.966080579944,-0.698467069707,-0.348511010001,0.473604662238,-0.262092337115,0.205949484378,-0.223310726699,-0.521023245055,0.559003242386,0.0188895907087,-0.724532305402,0.131997410199,0.16799387354,-0.389214390476,0.133021350155,-0.201137627676,0.12382005206,0.135538964702,-0.367073187463,-0.796360195535,-0.519415094417,-0.760781914888,-0.942462826907,-0.592583453603,0.0777027206157,-0.163957668772,-0.724020929911,-0.361012169149,-0.656162952028,-0.135051520687,-0.623737590473,-1.70991312787,-1.07250650767,9061907539.44,01030317,-0.03583618
310,600211.XSHG,600211,2011-05-31,0.207896224209,-0.127168237481,-0.430395665407,-0.130546419749,-0.0291241168416,-0.73973285054,-0.309111773878,-0.168707566707,-0.207784052928,-0.587498741357,-0.623425543686,-0.793277980687,-0.875399334836,0.793716110449,1.27096972713,-0.477205479037,-2.62672176178,-3.2406066225,-2.37362717157,1.17412980341,0.280113832315,1.30683037395,0.160860356114,-0.0771914114977,0.280217708642,-0.953675711524,-1.0658094463,-0.321670384669,1.12592712174,-0.231884725139,-0.160425435408,-0.206408522079,-0.254377662935,-0.16141007735,-0.951116869975,0.395050182212,0.0771914114977,0.848562809297,-0.574073423864,-0.865685701902,-0.242238850998,0.122846391105,-0.992075550729,1.56124614704,-0.989007724532,1.43803669081,0.99550483206,0.10733869381,-0.398680373375,-0.0529281560006,0.0431998020985,-1.12001889134,-1.66837489884,-0.580226587032,0.0257572091733,-0.556450245982,-0.215968259954,-0.126763913256,-0.207333167148,-0.252915729062,-0.124292972725,-0.0612351569333,1.34901105069,-0.535017403902,-0.441355658837,-0.231648011159,-0.0608442968327,0.131844050591,-0.793716110449,-0.159246231995,-0.0608442968327,-0.317361864099,-0.272074455037,-0.0210393293239,-0.0210393293239,-0.437758157089,1.41411357678,-0.486633932442,0.157558222626,0.0933928592253,0.0440238251176,-0.344852914253,-0.265801688531,-0.605814163726,-0.63929948777,-0.709491693942,-0.666971027831,-0.409994780187,-0.695218962061,-0.62643244465,-0.771079710074,-0.534494488373,-0.103506744242,-0.493631990106,0.989007724532,1.13863578259,-0.228820259829,-0.569557951378,-0.962778623986,-0.693574569955,1.57140903773,-0.493210552439,-0.222212234257,0.226057559669,3.19209517683,0.241622718189,3.44016388141,-0.00995216803466,1.0642712921,-0.0814778911158,0.0,1.50418697311e-17,0.0,0.0,3.57830521427e-17,2.1048950723e-17,1.92945829313e-16,-2.26896942171e-17,3.15997095988e-17,-7.91523889858e-17,0.0,-0.239406843043,-0.260434494514,-0.0844022834245,0.0380143542151,-0.904130398605,-1.14732216013,0.0640391285646,-0.485558005809,-0.803334702179,0.310805867127,-1.08857211183,-0.294299632876,-0.222410365013,0.0201803112403,-0.0318417172745,-0.98308548157,-0.741715157715,-0.742512823008,-0.865655361593,-0.233361727708,-0.183569212345,-0.508822452184,-0.682552121098,-0.487451559163,-0.828062049228,-0.776295693304,-0.410038710463,-0.974777659256,-0.806857065486,-0.822608159467,0.132475993221,-0.126598801139,0.0531723939374,0.193722676947,-0.16643192959,-0.631760212073,0.0769422923772,-0.539794311693,-0.840072832343,-0.780800064166,-0.149753827891,-0.696297750396,-0.695608284524,-0.697620205992,-0.500347362581,-0.492125867553,-0.545522285283,-0.430270146403,0.0786768549344,0.111014314503,-0.450853240598,-0.448322828792,-0.446051998227,-0.465412886869,0.0886026901578,-0.735082706673,2.5957247469,-0.425865864702,-0.27219925113,-0.395155806933,-0.508514155838,0.0959816389864,-0.500596518096,-0.82673065027,-0.823688617791,-0.825004878807,-0.471359958727,-0.912533656612,0.0530731116902,0.182290417288,-0.160926580416,-0.176367189571,-0.365720216022,0.25464896038,-0.273207341457,-0.718318090616,-0.830207961928,0.501250544522,-0.927371992841,-0.719811824351,-0.865721169136,-0.426130172531,-0.426130172531,0.426130172531,-0.544015883487,-0.145433267901,-0.629580631996,-0.62835706538,-0.627111299459,-0.835341547097,-0.668659633965,-0.908166350411,-0.0677678178291,-0.461479042469,-0.585703144378,-0.646170664924,-0.285226805305,0.813585781479,1.02501755649,0.474297365534,-1.08502665137,-0.359479330939,-0.225656976141,-0.194950463696,0.497038165685,-0.23113787,0.91196215105,-0.276009477046,-0.282963201502,1.04201280627,-0.0437567035389,-0.159199783047,0.0891751036179,-0.418259613547,0.602634984812,-0.443555839926,-0.854282564094,-0.745254236028,-0.634990623345,2.69456049875,-0.708609383911,-0.946391830993,0.110561502991,1.62842909216,1981466290.0,01030317,0.09992652
322,600285.XSHG,600285,2011-05-31,-0.558697821283,0.163888082352,0.0335242602413,0.320294573639,-0.0884165878792,-0.334458695862,-0.102365854638,-0.168707566707,-0.166773213578,-0.0148051480881,-0.30143175198,-0.212155739021,-0.185758181598,-0.405379809578,-1.21072463616,-0.446003079647,0.9722630652,1.28802285019,0.837347609998,1.23759400526,1.09221730313,0.253654086725,-0.140165942675,-0.212007773354,-0.29163777341,-0.632735318691,0.10633353788,0.0998107950095,-0.290334521879,-0.44551866715,-0.522118544468,-0.473947634977,-0.421694195309,-0.517787364048,-0.605376490916,0.0860014908971,0.212007773354,-0.565420457306,-0.256512807931,0.0571768394815,-0.242691539881,0.125011057104,-0.209019065769,-0.577807226193,0.91322225953,0.330228734075,-0.383421511737,0.0279859960758,0.097753994991,-0.530712069346,0.0127191367946,-0.866330087573,-0.680084051299,-0.0388951825048,0.234099802427,0.0407734180506,-0.453672092032,-0.527286514561,-0.476487688349,-0.431209492921,-0.5340844038,0.139167462762,2.50785361234,-0.0601656582324,-0.471533148695,-0.100294456027,0.14570163106,0.128215200808,0.405379809578,0.041021771743,0.14570163106,1.03081119413,0.655575237295,0.299873027523,0.299873027523,-0.744717793341,-0.446668766277,-0.49332707462,-0.225700552245,0.179144988584,-0.159971378677,-0.149660402098,2.13439157154,-0.302362564767,0.60504618238,1.56457946122,1.48916344565,-0.307441824317,-0.0807686311503,-0.661583858057,-0.108438888436,0.733558714111,0.151344642103,0.0557321628312,-0.91322225953,-0.521661290421,-0.270462715176,0.0489220992422,-0.210281712051,-0.0575615291344,-1.01080328852,0.141285113337,0.126029738164,0.90977148248,0.325427698838,0.995933121114,0.81606374949,0.867715313559,0.297785684705,0.237297315813,-1.92123400799,1.50418697311e-17,0.0,0.0,3.57830521427e-17,-0.653735000833,1.92945829313e-16,-2.26896942171e-17,-0.901770898774,-7.91523889858e-17,0.0,0.186113451609,-0.27957124699,-0.183514004874,-0.402924707493,-1.61524493511,0.149203330241,0.716679075925,-0.400909609033,1.15343738565,-0.67036197471,-0.719908142319,0.701344020136,0.748899806946,-0.31569139476,-0.237050638841,1.18384788215,1.06114882652,1.38717259923,0.863170248451,-0.420974035119,-0.524412151674,1.78881538026,1.61117191272,2.37089899024,1.4019772315,1.48737042491,1.25576499371,1.60915516093,1.48752511535,1.55153495153,-0.613677886656,-0.159646523474,0.514483074723,-1.07898607432,2.83540755565,0.637902088291,-1.06449269914,-0.0874962078534,1.93007373869,0.39065774928,-0.156770434169,-0.144350379502,-0.161031967426,-0.176303348054,0.0641446350761,0.0972471969046,-0.0436841472389,0.421521420261,0.774317774017,0.896477670905,0.263878914324,0.232603252029,0.0781477378695,0.415398812404,0.36241200116,1.06704547479,3.10005433579,-0.048904645171,2.52808654376,0.204958354009,0.0743936657883,1.14631889801,0.0627212256721,0.00678935803883,-0.00729033172591,-0.00433267511873,0.872804445069,1.3308227583,0.722242429452,0.609242608389,0.298615258826,0.272225966174,0.0946986097282,-1.76054843499,-1.00994739907,-0.875030116427,2.2012204061,-2.36976196401,1.30354542092,0.638118976736,0.974347528107,1.4145771502,1.4145771502,-1.4145771502,0.654836345657,0.774571661055,-0.13838448846,-0.141972686345,-0.142147325301,0.96553093074,1.00470396283,1.21341095719,0.751199867446,0.672614095979,1.37442928336,0.618459333038,-0.287738153214,-0.838146698405,-0.864693823618,0.312791493669,1.96804886874,1.63775581747,-0.452375891321,-0.485984334116,-0.912567691168,-0.447972489212,-1.27945303832,-0.401566719286,-0.386446016654,-1.23216176365,0.693606534613,0.87606290777,0.237923979352,2.13932509948,2.3911222085,1.3767356548,1.03026127556,-0.495762889147,-0.462307629712,-0.0927641996693,0.631406969182,0.782833239295,1.93103613385,0.506114390118,2490935200.0,01030317,0.0435133
327,600329.XSHG,600329,2011-05-31,0.113960757562,-0.125295244638,-0.244186823416,0.163600575466,-0.0780547968241,0.572561653326,-0.280866530712,-0.168707566707,0.00256186502852,-0.507776886425,-0.14818525374,1.61837932223,-0.875399334836,-0.401976509899,0.865575321454,-0.599487104426,-0.0161148574343,-0.0486210910864,0.0141312566028,0.517491669432,0.258607939645,0.411327712911,-0.0241730257405,-0.186933504218,-1.15461968269,0.238388604715,-1.32417400416,-0.0512734770966,2.59991746971,-0.419391360071,-0.368848066264,-0.418743237697,-0.423977327043,-0.406638024051,0.337457314875,-0.00535885030309,0.186933504218,0.00606621712291,0.5373887319,-0.118606501734,-0.213266762507,0.11469180041,0.0288128107968,-0.211336684803,0.0252202426995,0.0408639569425,-0.091725554395,-0.200153009909,-0.327104218574,-0.173981517933,0.0500169493497,0.548472856504,0.382619546878,-0.419495133587,0.182345909835,-0.476820424111,-0.414357055038,-0.359108483774,-0.412945176593,-0.422048725421,-0.41805701361,-0.126923688611,-1.74054505847,-0.451405634731,-0.157156660945,-0.207307101457,0.0877977780203,0.132493440321,0.401976509899,-0.162958718161,0.0877977780203,0.355276573655,0.0610489848341,0.155645322986,0.155645322986,0.408596861368,0.0874474376767,-0.259784220785,-0.0733670515764,-0.133581252034,-0.304896473107,-0.316581213954,-1.46517840457,-0.605425222943,-0.167205814317,-0.337173600281,-0.520281543615,0.207601909608,-0.324707713834,0.474246187663,-0.253582950107,-0.535628351884,-0.98439231968,-0.420314105047,-0.0252202426995,-0.296202730896,-0.0809032268336,-0.198469921006,-0.486083747647,-0.387375222332,0.285721560678,-0.124898064731,-0.114486872703,-0.546001420583,-0.810751484513,-0.584526770729,-0.595276591735,-0.471334678121,-0.715070296491,-0.157500201818,-0.0899329596529,1.50418697311e-17,1.32317500219,0.687393506784,-0.146814168189,-0.369346860936,-0.0896473450453,0.159427231813,0.184978645902,-0.273789436566,-0.63858343462,0.0406653381747,0.182102906501,-0.1716205983,-0.0618060750843,0.662962426854,0.149203330241,-1.04115561633,-0.707901128005,-1.02656200875,0.0218892671441,-0.70840939343,0.0752302556034,-0.972810093135,-0.694541944657,-0.550946244382,-0.375134037956,-0.289335804472,-0.461708215634,-0.236171895517,-0.386780348995,-0.434971428714,-0.582919618725,-0.828289076601,-0.407085226283,-1.44947776149,-0.0187069060749,-0.106203534195,0.18748460311,-0.369506465895,-0.41633652602,-0.724017378657,-0.786590959747,-1.02082898378,-0.544657939231,-0.841604699057,-0.150061634418,-0.669911223427,-0.863373036266,-0.901310838625,-0.324811005492,-0.529926313527,-0.220528732473,-0.219200771112,-0.216169065993,-0.519592183683,-0.481198787834,-0.583332919475,-0.435788780583,0.232579313722,0.275557202228,-0.43575222992,-0.43809770021,-0.462720139148,-0.437842834301,0.12518950419,0.318066799094,-0.872927069025,-0.300230857647,-0.501940486634,-0.408310604281,-0.514976011233,0.19981497945,-0.519559367215,-0.00938200991651,-0.0113994899532,-0.00849947606651,-0.180173904658,0.0803631506443,0.163339185457,1.66302967453,0.159899765946,0.117435912355,-1.0960645786,1.21131080298,0.780450327437,0.147003895816,-0.206090356746,0.501250544522,0.188086714041,-0.0120331862212,0.0231744425217,-1.3962700575,-1.3962700575,1.3962700575,0.0431911436811,0.120473948651,-0.323121099455,-0.321828384667,-0.321608910546,-0.200607804908,-0.0411482851671,0.571656895809,0.117811066519,0.19249995799,-0.222275904681,0.13091804483,-0.210590990816,-0.386174628344,-0.04426272112,-0.00796142667679,-0.123143950087,-0.364579214764,-0.418764997183,-0.41901505398,-0.295673096028,-0.419079525542,0.339601185285,-0.429170318797,-0.433398856462,0.365333091765,-0.934735810484,-1.24666738591,-0.254432003385,-0.952749261515,1.21851971531,-0.045043139916,-0.237269442854,-0.012705174972,-0.230760881192,-0.472140199924,-0.1170474622,0.0114879455513,-1.10308825092,-0.326597177543,8923456250.4,01030317,0.001657
346,600488.XSHG,600488,2011-05-31,0.498930333442,-0.130930886805,-0.231725428637,-0.13191560817,-0.028668888138,0.316574927377,0.443322982594,-0.168707566707,0.078850845755,-0.600643229502,-1.46645742941,-0.241211851104,-0.185758181598,-1.06448551396,-0.698244915771,-0.276990082949,-0.365270101843,-0.487519101656,-0.283261038603,1.31079419263,1.75377952526,-0.497749498728,-0.139795752515,-0.211445570011,-0.645148435042,-0.754998325484,-0.926611046339,-0.052963457769,-0.109276312766,-0.847411547877,-0.850158091114,-0.848002924678,-0.849328882913,-0.846718858849,-0.734483391334,-0.106519494361,0.211445570011,-0.482828307779,-0.0889113717448,-0.11128219585,-0.16301829653,0.122599282296,0.636973431096,-0.657821115664,-0.767007220324,0.568874592707,-1.01984905503,-0.530789250467,0.51537055353,-0.670880263236,0.129910142385,-0.252620503289,-0.0607237884887,2.49338337649,0.629964457432,1.45641469576,-0.843265771032,-0.830988959069,-0.84518122156,-0.848882589933,-0.845426794754,-0.250328345775,0.330975378148,1.53003553657,-0.520944643078,-0.0972766597183,0.0669435167722,0.132536838177,1.06448551396,0.0548404702501,0.0669435167722,-1.04647586498,0.0270760561221,0.151531062,0.151531062,0.536633501088,-0.402588648975,-0.228230836234,-0.36737296021,-0.129627103295,-0.209431826497,-0.267333013702,-0.265801688531,-0.616860081965,-0.358083194633,-0.491311120106,-0.546404328475,-0.394042098163,-0.228052605601,-0.768136579948,-0.238884817279,-0.317152543112,-0.419218163147,-1.06821541556,0.767007220324,-1.53425696549,0.642766014867,-0.507709946316,0.0288223846527,-0.508201957191,-0.856579146359,-0.170648298461,-0.0869578630254,-0.503749436589,-0.367932931002,-0.5446161674,-0.375419553655,-0.447051388117,-0.503895690373,-0.265097072851,-0.0899329596529,-0.121035134338,0.498306076145,-0.394169703191,0.900032733573,1.57397209503,-0.307058826448,-0.180645441334,0.391978559174,-0.27888696714,0.236487733648,0.516246843962,0.0816349560001,0.1019277529,-0.243369218141,0.241128875555,1.44572882061,0.190864755028,-1.09559078524,-1.26477329929,0.333998713456,-0.21472586329,0.404246900495,-0.923061756963,-0.996720359455,-1.00050187153,-0.534366515763,-0.400363775767,-0.581992780784,-0.625059879195,-0.814896676087,-0.869581055619,-0.624887296018,-0.789744581967,-0.40030369316,-1.12354084528,-0.362649441329,-0.264341193999,-0.459823678486,-0.572046714878,-0.600455880389,-0.913626688512,-0.82956399636,-1.10767330883,-0.826040822693,-0.466256569916,-0.344822479087,-0.939836766048,-0.98712922069,-0.984494348459,-0.239918960858,-0.27413912101,0.638981643735,0.640684700754,0.642957932587,-0.544497991436,-0.506918336225,-0.627304859497,-0.462416284802,-0.130261191744,0.00603294470276,-0.370795944846,-0.371615278755,-0.355918717959,-0.366585149225,0.346621291389,0.0846949680759,-1.40862514709,-0.265710814001,-0.0415427519694,-0.394847312886,-0.510019602725,0.152699850974,-0.54467320495,0.654621101398,0.65185625322,0.657063036176,-0.238682729821,0.166221082513,0.0349622466516,0.656964838375,0.284080381361,0.225079732705,-0.7242958187,1.26359776765,1.1498693275,0.761027456342,-1.00852727769,0.501250544522,-1.24607448052,-0.124148061185,0.0644044368347,-0.145391189426,-0.145391189426,0.145391189426,0.251304222428,0.371848569911,-0.00590824413082,-0.00390419012705,-0.00374440386978,-0.36298155291,-0.489370677165,-0.467700626024,0.366594353507,0.492571294233,0.0719762638231,0.409300398707,-0.529206964794,-0.155863150955,0.316821495155,0.502532657818,0.0267086088637,-0.206153791416,-0.847301362685,-0.848422402226,-0.644233904903,-0.848311521218,0.472414227065,-0.8511035998,-0.853673414632,0.537820077815,-1.17241603599,-1.09815544966,-0.785765319038,-0.873372108499,0.251288280248,0.585304570134,-0.0344180860596,-0.734637582969,-0.498534039658,-0.391146374751,-0.18263367526,-0.845562380831,-0.496263373963,-0.259840473137,4332261984.54,01030317,0.00501253
348,600521.XSHG,600521,2011-05-31,0.150105906932,-0.126071770141,0.225429739846,-0.323345859473,0.152145732314,0.0356306404903,-0.284570824898,-0.168707566707,0.571421894723,-0.5543703566,-0.196096802615,0.15104566202,0.848703548259,-0.233513175818,-0.39478449042,-0.133401263532,-0.279324195527,-0.241470216943,-0.222920572909,0.0505249569131,0.237102046975,-0.258002051229,-0.331615953978,-0.333106373621,0.37379406025,0.314802983961,1.93132215435,0.0497873671086,-0.389093545032,-0.343764497283,-0.378915194578,-0.345137374657,-0.34501387904,-0.375430160381,0.185065434027,-0.0850243193578,0.333106373621,-0.36694429695,-0.256512807931,0.302541086595,-0.241333473233,0.123282728995,0.943041194253,-0.521789806219,0.154393102449,-0.106487848387,1.15461171788,-0.154690526832,0.569826397678,-0.683239739809,-0.0752802259547,0.271056166372,0.467774589335,-0.261796349075,0.0458455901173,-0.352951812312,-0.345631307386,-0.43228154972,-0.333266302653,-0.3442959358,-0.384154441372,-0.0674951721813,0.246762275355,-0.475069342987,-0.398576579808,-0.34279027259,0.111757993071,0.137021020242,0.233513175818,-0.383920394787,0.111757993071,-0.950901835073,-0.418886039828,0.244101934168,0.244101934168,0.726390367134,-0.273322218025,0.426979974781,-0.00382969902875,-0.147044339852,-0.159720759957,-0.187318683076,-0.865490046551,-0.389563088333,-0.200718636816,-0.256848413894,-0.0360053012011,0.00249599786774,0.640692712447,-0.306774278978,0.308620630544,-0.162050878136,-1.2075457724,-1.55674132345,-0.154393102449,-0.969204964689,-1.35455603955,0.873562166736,0.707545089536,-0.254741314686,-0.324089033883,0.137588124752,-0.395500105701,-0.534478152221,-0.507770368952,-0.492732383071,-0.758396329665,-0.481741802409,-0.511716972081,-0.0542875925079,0.9358967382,0.456456631909,-1.21035098495,-0.172797116354,1.3672461784,1.57397209503,-0.495794932605,1.5066382062,1.53047808217,0.0924841763886,2.35441360467,-0.476521093084,0.4954672283,0.672811268447,0.0238665768341,-0.11691614538,-1.14732216013,-1.22272895111,0.27740621046,-0.0287648947023,0.212070607041,0.794289351786,-0.0469233121828,-0.197710142159,-0.273773756887,-0.39677510872,-0.00573312289275,-0.17773395253,-0.103174783608,0.152525545284,-0.316602179878,-0.347094420236,-0.420679936685,-0.360085578297,-0.561505620702,0.531241612255,-0.201217344558,-0.142795584808,-0.220615012916,0.0780694995811,-0.354872501594,-0.298977010835,-0.328954239063,-0.850327281383,-0.27524879549,-0.893841922087,-0.184256286535,-0.316935829548,-0.512820426683,-0.351433580187,0.156069239109,0.0243855824762,-0.641332461817,-0.64032355484,-0.63549932019,-0.385695492843,-0.451886322121,-0.355939777273,-0.380960791656,-0.252498457602,-0.23756868028,-0.402548027568,-0.390964014228,-0.335263805112,-0.43730532774,0.024137278635,-1.75887856383,-0.807215492563,-0.402121659683,-0.542894583946,-0.40616642926,-0.309639444174,-0.104782825667,-0.385566279472,-0.167631716886,-0.170854067779,-0.167064339484,-0.30737709308,0.229634125167,0.279312757046,-1.3463943194,0.176521019802,0.154979261142,-1.13082395139,-0.395091278477,0.630032377011,0.238492110926,-0.384409672513,0.501250544522,-0.13061577364,0.193082831842,0.173101694569,-0.62873244359,-0.62873244359,0.62873244359,-0.051366458488,-0.194268025052,-0.587929689102,-0.587206772658,-0.586388477865,-0.0382340569065,-0.0710297779669,1.03293072209,-0.225106437168,0.126307751466,0.0921093069313,0.200141464377,0.0903913460418,-0.288852175301,-0.458334149291,-0.0870202450719,0.191697065344,-0.553878128366,-0.343431982569,-0.349048660611,-0.577662545716,-0.343218958021,0.0518395947618,-0.347997994789,-0.345753555488,-0.0300601531805,-0.243440841101,-0.631738621565,0.241539748959,-0.299950678826,-0.323933437629,0.0507183759411,-0.141234336081,-0.145413338207,-0.209694834313,-0.645389955287,-0.110617441312,0.0177897861865,0.110561502991,1.61446889897,6948033976.5,01030317,0.09922481
354,600568.XSHG,600568,2011-05-31,-1.21147687622,-0.159812046775,-0.343165901951,-0.821167725674,-0.202004263266,0.0902014541616,0.961692650208,-0.168707566707,-5.88403700039,-0.500189417658,-0.942601008988,-0.793277980687,-0.875399334836,1.56966843713,-1.82747985249,-0.0941815809643,4.32415341153,2.3719679369,6.16885875738,1.42257772999,0.699990784439,1.0317890949,0.573684083354,0.0318760372104,-0.146074559797,-0.678583946238,-0.165899495256,0.293144583924,0.335616388152,-0.32052441013,-0.493002424898,-0.414810177158,-0.210350244219,-0.484856491897,-0.654649172718,0.44115136821,-0.0318760372104,-0.515789611593,0.555030988341,1.0789175103,-0.140836541278,0.127910598538,-1.19810817917,-0.343788729352,-0.272908752995,1.33980215392,0.465148545984,-0.572118780537,4.70900270438,-0.918808322289,0.411168555803,-0.867327989336,-1.42712092836,2.34326626431,0.205088336553,1.41991769407,-0.374125137375,-0.519628983463,-0.491680693973,-0.215528217457,-0.493798114958,0.0768609594519,2.16306387423,2.12793856517,-0.27587689577,-0.401200514307,0.28546955219,0.0540301173413,-1.56966843713,-0.414857779505,0.28546955219,-0.960314428928,-1.05439550788,0.331187125022,0.331187125022,-2.19547141109,-0.588227403851,-2.10661338018,-0.263990392235,-0.174925953805,-0.319056430787,-0.209419243978,2.13439157154,-0.52709254923,5.20358826083,4.00255741562,5.16242888603,-0.207167823022,-0.223449981399,0.0106869233558,-0.0490339349245,3.77253698112,0.763114761065,-1.1178739831,0.272908752995,-0.570576239744,-0.486338214227,4.41951445696,-0.562884588835,1.46831876744,-1.19920683517,0.503589994596,-0.617108633605,3.46025487993,0.558490095422,1.8061183687,1.10684241276,5.29768121868,0.770973228044,0.164298045456,-1.92123400799,1.50418697311e-17,0.0,0.111824781008,3.57830521427e-17,0.152031395543,-0.48276067113,-2.26896942171e-17,3.15997095988e-17,-0.328757213809,0.212029222733,1.03174201809,-5.73593779679,-3.29760429281,1.2893066648,-1.91409419986,-1.14732216013,2.30436261715,5.05383307917,3.5747129764,-0.250240129781,-0.933280334728,3.64776173558,2.82406641717,0.162912521215,0.725527292219,4.79590950462,5.01640597613,2.91327313208,2.55678554051,-0.647299157226,-0.351888562841,3.76686488105,4.11163569027,1.64346618713,2.99477306815,4.29489924191,4.61164690784,4.02324815124,5.56252843185,4.10317262004,-0.961736513401,0.368209733686,1.96215407125,-0.245813352007,1.93605397714,4.36214572109,-1.12292516778,1.24344922629,3.31945864556,4.75430098593,-0.107016316922,-0.80788173373,-0.820497154929,-0.834443457495,-0.1768470291,0.809051921959,0.942939491428,2.51893812853,1.28835578105,2.38027648651,0.480317491033,0.364895044564,-0.0338736445071,0.943867408196,2.91235274048,2.13170294507,2.56138165961,6.99181016899,5.11992642912,1.28604037424,0.891663258997,0.973313346633,-0.17602867032,-0.703062242386,-0.771010134683,-0.744438534518,4.69355020414,3.06683451621,3.28723371264,3.5386653352,0.411685444346,0.314617686488,3.78050895691,-2.24197170288,0.287252718962,0.454220782402,2.55785903763,-1.93911008773,2.41900412781,0.858640092123,2.58116401976,4.05739585323,4.05739585323,-4.05739585323,3.83499416765,3.24249437499,-0.778567723641,-0.802626113831,-0.817813445663,5.42342837588,3.39522338682,3.9813185648,2.92973459675,3.71392534508,4.2338376366,3.82432242969,-0.524292672482,-2.37015973135,-2.47881365641,-0.0836320099979,4.03750625178,3.0011247601,-0.348957755512,-0.439134189092,2.16405327806,-0.323292074307,-4.0021203948,-0.0921455011691,-0.080609936257,-4.3130446991,1.08896080665,1.36199453048,0.386995099297,3.86094033361,0.937076841433,3.38081686294,4.10421401103,1.50547621243,0.256994005745,-0.665915554061,4.89322481386,3.6879817721,1.66160588849,-1.21123467163,2488675670.0,01030317,-0.04280936
386,600829.XSHG,600829,2011-05-31,0.744753105916,-0.132836437832,-0.268753573125,0.234868832327,-0.0833749086344,0.38625765868,-0.331337538993,-0.168707566707,0.0435727043786,-0.510234798843,-0.480747769462,2.91137630993,2.82567485421,0.274712909491,0.280976919736,-0.340044931717,-0.22560800408,-0.274720066228,-0.162580107215,0.369288334416,0.37125785363,-0.0664964681665,-0.134613090269,-0.223701602907,-0.801109021056,1.15077629291,-0.486415368231,0.0518153439154,-0.270892830123,0.317764685196,0.455684884589,0.339265712573,0.309298766032,0.413809677064,1.3376719653,-0.0540562979167,0.223701602907,0.0362413935367,1.03578247635,0.833553263185,-0.263515228484,0.121808319075,0.368004790746,-0.255134571392,0.622460537205,-0.306694105629,-0.0386899257875,-0.310089559895,-0.296538174457,-0.216750954439,0.127793211187,0.34312684926,0.540508856873,-0.551416232169,0.0138140031906,-0.561980094723,0.311802358395,0.52991897381,0.331065245876,0.313914514634,0.416184753335,-0.168251715229,-1.491842148,-0.516086437297,-0.524592471522,-0.207783595611,0.141264554199,0.129536862775,-0.274712909491,-0.108096422595,0.141264554199,0.914963885155,-0.367657020342,0.237473402581,0.237473402581,-0.104862893817,-0.213546406781,-0.1660802303,-0.117182641024,-0.140033028131,-0.358828296264,-0.318972642428,-0.865490046551,-0.334333497136,0.151894539035,-0.353455732657,0.0343252734232,0.559700391428,0.740799788832,1.11356251901,0.89470867704,-0.636800209256,-0.351701564526,-0.550830340151,-0.622460537205,-1.12044773903,0.368068968678,-0.105697913413,-0.417984479599,-0.141392455926,0.389718651138,0.128345653292,-0.244090552474,-0.534478152221,-0.566035968099,-0.552598288065,-1.00662201782,-0.467865636692,-0.629036197702,-0.255498952574,0.0681502025913,0.0497845022246,1.4115538157,1.07321430098,0.0666807171951,-1.26990930394,-0.0291683718014,-0.752229126584,-0.591271028866,-0.361802044875,-0.278046866328,0.111359886332,0.356725772847,-0.341101641978,-0.165556442545,-0.14491931021,0.149203330241,-0.492496927936,-1.27843132227,-0.457170618073,-0.211143617398,0.0880843019878,-0.0573585415917,-1.08065613658,-0.304283430023,-0.391486218989,-0.0089589766311,-0.147766622529,-0.218396955836,-0.315307360966,0.345465957168,0.3172782364,-0.498121629861,-0.510636263139,-0.545342353919,-0.748275601352,-0.548167367682,-0.668829750323,-0.361715298208,-0.332810459633,-0.0768923889039,0.317268299333,-0.541372460992,-0.428853446952,-0.0522378931716,-0.480809411546,-0.0147697499524,-0.12946499267,-0.36246799164,-0.24894724099,0.384718799655,-0.42467721935,-0.838427845601,-0.837789884915,-0.836304066916,-0.45359073751,-0.433277638371,-0.582259459424,-0.472425646248,0.118404294743,0.16782613803,-0.467122095835,-0.466447703889,-0.472491155776,-0.472438595888,0.135306110537,-0.896507918991,-0.949455365891,-0.150203385558,0.173689327493,-0.489151831187,-0.571107922593,0.193362907716,-0.453644886503,-0.909213701336,-0.906050105094,-0.908529045797,-0.275067019069,-0.643308603197,0.0844643497088,-0.745272112421,0.0246150622052,0.00665663576598,-0.794112714732,0.751201397467,0.795543439059,0.0168801265018,-1.00852727769,0.501250544522,-1.24607448052,-0.855319624879,-0.891381794967,-0.570648516051,-0.570648516051,0.570648516051,-0.327871885105,-0.626841852471,-0.807003419379,-0.806516425198,-0.8058059148,0.153662190732,-0.310081720366,-0.365424449535,-0.605677627533,-0.381165831886,-0.305905468361,-0.130344538622,-0.00390163769442,-0.632284967224,-0.567003540824,-1.31017310681,-0.496663468735,0.0384212823568,0.321688577146,0.352559346525,0.0583499782171,0.321543103946,0.156192699017,0.316700855906,0.304994147486,-0.0274065072412,-0.496467339606,-0.482290655919,-0.315426198153,-0.743614992764,-0.934792402522,-0.421343117176,-0.615936366454,-0.745254236028,-0.372037887743,-0.609335539196,0.035987034938,-0.278396723666,-1.70991312787,-0.597208592236,7414842193.64,01030317,-0.0119453
414,600252.XSHG,600252,2011-05-31,-2.5493208717,-0.1471494769,-0.289403884473,-0.423955500481,7.07554570596,0.416557816761,0.790369044118,-0.168707566707,0.31786025358,0.555109935491,3.9478998843,-0.459132691729,-0.806435219512,1.02287162213,-1.07460452767,0.276058000692,-0.11280400204,0.0710783663416,-0.0979296082573,-0.278334998158,-1.05529969347,1.60818539724,0.119954343387,-0.0886603597124,0.25942296384,2.034126517,2.06435678753,1.10129334143,0.41171331662,1.82686574259,1.60923928885,1.83877284741,1.783235135,1.75115992247,2.30275124346,0.0622141209532,0.0886603597124,-0.259465890819,0.29039714173,0.123095592438,-0.141741919044,0.121920853035,-0.461425597723,-0.342922778167,1.22313889262,1.27520226825,1.84407488978,-0.380349761013,2.11145080184,-0.846953931247,0.0683671796908,1.33204749646,1.48829231234,2.83607496591,0.216573948437,1.79705337821,1.84082681741,1.65182663233,1.87191405808,1.80337673028,1.70741222338,-0.178149154865,0.449741307026,0.0281788525899,3.92277364369,0.597372401187,0.685250177392,0.127997422478,-1.02287162213,1.28669837996,0.685250177392,-0.527335111622,2.88713828877,0.839298356696,0.839298356696,3.56946036707,0.434801405504,-0.0879138912992,1.0311972306,-0.0928085808713,-0.290101534344,0.0924426217984,-0.265801688531,0.0307263218633,-0.572273842774,0.13609371411,-0.407752624216,1.89516777231,0.639542056397,4.51665872949,1.31483030703,-1.09784133421,1.6544606546,3.52091220559,-1.22313889262,0.394228967599,2.47852881634,2.34760628738,0.158210993945,2.65139748075,-0.550006561055,2.81097299476,1.16655385921,-0.296330606074,-0.327147011599,-0.181429677102,0.326704535698,-0.273599316656,-0.437414795854,-0.192103053107,1.78927207724,-0.395907341395,0.144790822125,0.737992955203,0.811334375394,1.57397209503,-0.638824228524,-0.127018596722,1.42697812553,-0.0130311417958,4.65351363062,-0.869907502209,-0.0858116281675,-0.937754205102,0.4223623064,3.30629533662,1.44572882061,1.47172480863,0.624464637239,0.892239301526,-0.802229872409,0.0557587375069,-2.97799510203,1.3076118901,2.05663466769,1.94355859729,-0.508803657988,-0.421740829843,-0.707287005595,0.505360810892,1.74337252822,1.98059290395,-0.726195897103,-0.201932373813,-0.530686678155,0.642862383904,-0.256914205056,-0.57027496836,0.0278140768265,-0.466113280903,0.277687647738,2.03483119664,2.40397142467,2.56608066198,2.83692572054,-0.266101273184,-0.563370907838,2.51519935868,2.36631811146,0.571475357885,-0.708309943749,0.37266440321,0.80172499128,0.803694285465,0.806393764359,1.15761234331,0.688565450839,1.76850124319,-0.150922768767,0.250216957429,0.0778195764763,-0.05887696424,-0.0519804979606,-0.0621514704142,-0.0795984513708,-0.433477171507,0.30955694128,0.266614425659,-0.391567448411,0.0265402198941,-0.351203210543,0.218534759768,0.0971820244253,1.15548230109,0.857328627857,0.87205293421,0.859924331459,-0.0672906373058,-3.19869076,-0.570491906404,-1.44318536342,-0.247615836505,-0.289751035982,-0.549505119917,0.410417854007,0.0703571583965,0.703586890844,-0.02777104098,0.501250544522,0.506789201722,1.48254653371,0.0995796767382,-0.24980396393,-0.24980396393,0.24980396393,-2.5573588009,-1.52092377361,1.07113048875,1.07427385329,1.0749355031,-0.45154905182,0.556481570831,-0.614107180768,-1.12610536842,-3.07739504431,-2.16588891243,-2.73776000823,-0.521709055568,0.805154834511,-0.00665755587007,-0.184149650529,-1.72102128404,-1.43127749616,1.8347465992,1.82877936893,2.19921661138,1.82309180164,0.466089796504,1.72967119431,1.71354824711,0.511283618422,0.433447302812,1.72497538324,-1.03168030226,0.800518583265,-0.223418125529,-2.69115430489,-2.09809476737,-0.495762889147,-0.101182055541,0.168938695019,-0.940090135885,0.389598383661,-1.03573068957,2.12946854464,18090256539.0,01030317,0.1251113
415,600253.XSHG,600253,2011-05-31,1.13595175547,-0.134753525224,-0.410101393909,0.582483682772,-0.0985674192912,0.422358350801,-0.271142758475,-0.168707566707,-0.129290188366,-0.686670164113,-0.230269010269,-0.793277980687,-0.875399334836,0.342211686446,-0.0696260202525,-0.802663839346,-0.118175621185,-0.2481201868,0.00120115681124,0.179256320905,0.277041561934,-0.133533864201,1.30394587316,0.131948232417,-0.29163777341,-0.766460482371,0.0667827009903,-0.260831080465,0.570586527779,-0.840203664328,-0.792328950542,-0.823130613816,-0.856116571853,-0.803297006065,-0.74841279927,-0.28138122268,-0.131948232417,0.733056578454,-0.653463577847,-0.722861737164,-0.12589780815,0.122084815733,0.361379947387,-0.374847511845,-1.2394950191,0.159386061229,-0.0652077400912,-0.361338177181,-0.435372098615,0.0239655998296,-0.00540053668324,-0.562524439707,-0.375047723129,-0.565063242367,-0.100401483908,-0.61949052163,-0.83211206884,-0.77462873666,-0.812729755953,-0.861289949978,-0.796392449825,-0.32365513114,-1.35135074433,-0.405655798769,-0.554106719845,-0.229225832543,-0.0801455811793,0.148075637649,-0.342211686446,-0.167221202277,-0.0801455811793,-0.950177789392,-0.466340289458,-0.0210393293239,-0.0210393293239,-0.0411728730333,2.8521034904,-0.461534649277,-0.161854121013,-0.129118574589,0.247249701736,-0.370827231017,-0.865490046551,-0.669133723211,-1.59077223087,-1.2522294398,-1.26578563463,-0.65840082885,-0.550236299711,-1.05923422223,-0.594089693944,-1.19857186746,-1.20469295837,-0.379235290015,1.2394950191,-2.24605381427,-0.0257869740038,-0.590173953066,0.688628626189,-0.781734793435,0.080228311793,-0.53295317972,-0.10217126311,-0.288648427166,-0.309667331856,-0.361027392084,-0.212299815724,-0.183404239496,-0.24970403486,-0.318586378537,-0.0899329596529,1.50418697311e-17,0.203710031129,-1.03298773949,-2.94700070837,-1.26990930394,0.932933915204,1.29474677139,-0.0737712456872,-0.0692109193155,-0.0461439480288,1.42614318149,0.0601061094642,0.231764107998,0.0812436739905,0.615376183203,0.149203330241,-0.876912491378,-0.233305783418,-0.625229620047,0.0581142842673,-0.695649302187,-0.0211421571727,-0.77138151521,-0.732480059948,-0.750866276217,-1.43359357634,-1.3598563489,-0.990042743575,-1.22962234265,-0.838714274462,-0.787209820288,-0.366876501369,-0.452159649677,-0.676919505086,-1.44360410587,-0.844022505283,-0.685885367134,-0.749677584519,-0.95548945684,-1.39761325542,-0.684066353859,-0.708948058022,-1.43991260743,-0.167984043816,-2.42362666305,-1.60259098741,-0.555967909584,-0.998134565774,-1.58832655389,-1.15975745271,-0.335374957623,0.0458116931671,0.0505666307098,0.0568266800637,-0.456234032619,-0.332957292389,-0.523038768017,-0.191541123412,-0.234957430228,-0.0241784021817,-0.18195545355,-0.187904029891,-0.175592729317,-0.151587100282,0.534104659674,0.274429455409,-0.561135103346,0.338139827501,0.401245137533,-0.0985803021831,-0.308133011465,-0.297144592249,-0.456024793172,0.00166135201698,0.00330074620617,0.00369186679264,-1.19700004069,-0.158108299667,-0.0674664581558,0.776449367271,0.272177255269,0.235465748178,-0.980630664379,0.784150027762,0.646491415235,0.012356992327,-1.00852727769,0.644801169949,-1.08672323668,-0.455642933215,-0.470432202681,-1.1950507371,-1.1950507371,1.1950507371,-0.500666188247,-0.19413710077,-0.15710543688,-0.153571635601,-0.149485868295,-1.38150779038,-1.50534143236,-0.306396484818,-0.17534977977,-0.134048260863,-0.101993877907,-0.259859323581,-1.00235213783,1.71426751169,1.62603682382,0.702438527188,-0.181176846301,-0.442777433419,-0.835458972231,-0.817813370799,-0.230125911597,-0.837421957595,1.6645693878,-0.873447382996,-0.869987712614,1.5647810563,-1.36295013129,-1.75324838432,-0.43568015561,-1.28985819509,-0.812460698819,-0.0529409968939,-0.394674134268,0.454427559615,-0.549368195132,-0.0700151685956,-1.11112869151,-1.54128558695,-0.496263373963,-0.589114700177,3276000000.0,01030317,-0.01153846
429,600420.XSHG,600420,2011-05-31,-0.173244912688,-0.114405429419,-0.250951580582,0.0298162035903,-0.0635950933487,-0.354989533453,-0.346849270895,-0.168707566707,0.195268712297,-0.272458488892,0.429219368368,0.310854278478,0.274002587227,0.307611473049,0.960172552814,0.119901548187,-0.306182291251,-0.40771946337,-0.209990473117,0.134182313905,0.0711994463798,0.0907594795394,-0.318227409842,-0.360204574795,-0.665943179843,-0.197173356988,0.134584135658,-0.047893515752,-0.234037107715,-0.317464363659,-0.0948857427588,-0.292207883858,-0.325329581114,-0.182381843298,-0.129281801773,0.140639933561,0.360204574795,0.00158007978439,0.502104219019,0.547905333709,-0.248123806473,0.123391320683,-0.0135861866969,0.0582050539723,-0.329882333721,-0.085666397634,-0.091725554395,0.256125002061,-0.395749382843,-0.0585757199881,0.0197982804813,-0.400309964222,-0.209773087506,-0.580226587032,-0.00572526483474,-0.577463671198,-0.31582764787,-0.0181598873587,-0.303913018585,-0.332116044022,-0.154299524684,-0.240507412435,-0.531568991947,-0.560258692708,-0.209221121469,-0.179035114983,0.100665300918,0.133242250594,-0.307611473049,-0.109058919009,0.100665300918,-0.347771782706,-0.122701419271,0.184216579827,0.184216579827,0.015294568074,-0.00438063277538,0.423155322108,0.0139938460963,-0.148868607422,-0.277516377947,-0.306822931845,-0.865490046551,-0.127417000537,-0.149720863449,-0.477199938713,-0.255034805031,0.632626937825,0.745402413033,0.341329905717,0.44029140379,-0.45827441785,-1.02433171605,-0.153301807335,0.329882333721,0.696714516288,0.244783721706,-0.672637959815,1.45436706247,-0.0252885901819,0.927002216681,-0.0486476751804,-0.179687158781,-0.461497452595,-0.367932931002,-0.496723443404,-0.581092266697,-0.38807768382,-0.335738133649,-0.262659475839,-1.15819190451,-0.933512288953,-1.56386623897,0.560894885734,-0.436630896657,-0.416744884252,-0.103029186826,0.0417097680312,0.184978645902,-0.222208130683,-0.429327285687,-0.35880959663,0.579190520384,0.182208247274,0.130760894824,0.417695527604,1.44572882061,-1.30504744779,-1.50585334827,-0.611948361532,0.364480740059,-0.247403430288,0.474838158261,-1.10361690712,-0.552340337693,-0.632130701754,-0.0155191161662,-0.172855967036,0.551983233672,-0.982097116672,-0.300990644809,-0.305604486878,-0.00894563502701,-0.236324343692,0.127437210527,-0.717754463127,-0.510204314973,-0.744033121193,-0.265035029367,-0.0226919002393,-0.585524520045,0.154965379448,-0.597460109546,-0.538006405964,-0.143038752729,-0.526144134971,-0.132220946356,-0.274626393923,-0.663604443886,-0.783676238676,0.117204054066,-0.801660338496,-0.411383012218,-0.410821999604,-0.409909735291,-0.531049277501,-0.479301966102,-0.643544269607,-0.532987281075,0.0285441123492,0.152520401139,-0.443902583916,-0.44658244791,-0.451057845187,-0.432506783331,0.323831627666,-0.323261976706,-1.11305826202,0.308798740234,0.187915427114,-0.484221712125,-0.585309269302,0.255482854178,-0.531532795507,-0.732845914746,-0.729022579,-0.732106928146,-0.480170234295,0.0360377930065,0.00753841565532,-0.0937238764342,0.138268672126,0.142912594196,-0.348551719525,0.383018571207,1.187526641,1.54053943429,-1.00852727769,0.501250544522,-1.24607448052,-1.30834359801,-1.09926169636,-0.549904256216,-0.549904256216,0.549904256216,-0.0261510979096,-0.193875252207,-0.556012262962,-0.555761914811,-0.5551161001,-0.36298155291,-1.05711904036,-1.02407199904,-0.242588505983,-0.0863898721653,-0.0581141685683,-0.119923808798,0.383460226898,-0.0725067448467,0.293520389455,0.0485091578912,-0.233040608925,-0.526020698439,-0.313237942526,-0.274211958239,-0.0887897951672,-0.31548619085,0.0138930113962,-0.330006083425,-0.325552433019,-0.0194455694235,-1.01083400552,-0.787951526915,-0.836713076629,-0.811779633323,-0.844899731361,0.099750904679,-0.191159322504,-0.421446317735,-0.458026508301,-0.426508110257,-0.171059637661,-1.02075355049,-1.10308825092,0.214028020052,3792326238.36,01030317,0.02883156
447,600529.XSHG,600529,2011-05-31,0.392609465962,-0.129813141281,-0.374497408825,0.738708272119,-0.10244668528,0.206746394687,-0.410979863985,-0.168707566707,0.157785687085,-0.555118416901,-1.07259631439,0.310854278478,0.0900982796972,0.114757824606,-0.665307595942,0.000147894970656,-0.236351242369,-0.354519704514,-0.119479774577,-0.823189594772,0.0660789957442,-1.36714725477,-0.375298392908,-0.36976203164,-0.759519531452,0.161974225469,-0.482306190372,0.0470833980329,-0.224375898928,-0.294214110238,-0.126792544715,-0.27244147421,-0.306961683467,-0.198215169754,0.292342665293,-0.0328885793334,0.36976203164,-0.42417796489,1.11076206622,0.928769239677,-0.24586036206,0.123569618917,0.730383722449,-0.541264086196,-0.392749733143,-0.0264053454906,-1.76234785553,-0.486979948593,-0.286635762069,-0.22967518741,0.0504309037177,-0.527265244079,-0.337897297248,-0.580226587032,-0.0268661122064,-0.752206891415,-0.290537862413,-0.130870413093,-0.274073161134,-0.309576006605,-0.17014059922,-0.176158866049,-1.27518252032,-0.617051592523,-0.389622819081,-0.20945132515,0.134608938907,0.130900344494,-0.114757824606,-0.152715006332,0.134608938907,-0.529507248665,-0.326134551916,0.255073296795,0.255073296795,0.0986825334301,-0.333461508498,-0.0958022374369,-0.487452901545,-0.15066643013,-0.36228635264,-0.325291566731,-1.46517840457,0.0178912760217,-0.803949441783,-0.672585527223,-0.393686509291,0.0138907707422,0.336919515143,-0.355107472413,0.157964769063,-1.6336631341,-0.978686691628,-0.933539300456,0.392749733143,0.701774683459,0.433206358386,0.0489220992422,-0.164125541485,-0.27953637754,-0.436214153457,0.121875923269,-0.218300217092,-0.449974184233,-0.426198530148,-0.50470556407,-0.495986316473,-0.349918228099,-0.421772232438,-0.211850608009,-0.0899329596529,-0.120168029584,0.203710031129,1.62348330255,-1.24419850659,-1.26990930394,0.0622452486764,0.156811288173,1.01297829899,-0.347044159156,-0.244529647667,1.14302673744,0.655737530289,0.0147094380246,-0.127043048563,0.589605616935,0.149203330241,-1.47992501969,-0.410503094001,-0.498206301432,0.218697134563,-0.460071617663,0.120654195383,-1.40245481461,-0.70382749735,-0.72838849486,-0.562125122722,-0.571182936903,-0.472254867554,-0.927060310895,-0.281481493022,-0.266670805339,-0.545109215062,-0.565670880158,-1.12354115587,-0.858148548058,-0.589118463298,-0.689188315337,-0.539179709602,-0.341848801286,-0.743462859018,-0.283683023949,-0.841468874706,-0.6949635806,0.0370662489202,-1.00233924463,-0.799760024651,-0.430392206152,-0.942676258194,-1.49816990218,-0.324461655514,-0.644743507176,-0.376440280001,-0.377298502943,-0.376415547878,-0.551771979255,-0.47163890304,-0.60937689377,-0.365285682748,0.0422762088974,0.23490337247,-0.438704087837,-0.446386343699,-0.46410580532,-0.397015597326,0.503030374371,0.319043665647,-0.687961150097,1.27042558756,1.69120509019,-0.391118022149,-0.535956481038,0.298096537259,-0.551951966557,-0.442213181557,-0.443160792932,-0.443821198977,-0.517680519738,-0.0265029629661,0.148026386424,0.122002431936,0.115794149553,0.101837824163,-1.17880132728,2.10402113115,1.41746265,2.14070212541,-1.00852727769,0.501250544522,-1.24607448052,-0.899252680208,-0.852170052124,-1.25590056595,-1.25590056595,1.25590056595,-0.656276050446,-0.323490291294,-0.735582586663,-0.73513875743,-0.734152805887,-0.510594051093,-0.758304112364,-0.502976258217,-0.26679444742,-0.312325937101,-0.0730848929308,-0.437756068438,-0.337621833631,0.287238096644,0.193391972609,0.572556182682,0.128212376655,-0.119291254005,-0.289735664211,-0.259418774345,-0.171747950463,-0.290603029113,0.700093727258,-0.318860282186,-0.318431770558,0.569663829085,-1.30636535112,-1.92696693029,-0.17048738633,-1.33240466775,-1.54839269411,-0.595425048064,-0.641479382764,0.189011233145,0.0465798845311,-0.724770226381,-0.581294970326,-0.626258326727,0.110561502991,-0.334928411388,3381974658.54,01030317,0.00123823
463,600706.XSHG,600706,2011-05-31,-0.436745086032,-0.0698612193889,4.55451828625,-0.0121192384524,-0.0571475858747,-3.50467951749,-0.422787301702,-0.168707566707,-1.82528683504,-0.516860475794,0.305213006573,-0.793277980687,-0.875399334836,-1.84440835693,-1.24350585494,-1.37803030588,-0.392128197567,-0.414369433228,-0.317741304714,-1.92011062912,-1.86842725441,-0.283898116987,-1.39060660625,3.78941830621,-0.509982593829,-1.21348460096,2.34069899852,-1.01456246032,-0.155554695596,-0.262342862108,-0.196032475492,-0.243393446117,-0.276427367613,-0.184645203551,-1.26047446711,-6.5747427703,-3.78941830621,-1.01427030365,-1.43854398946,-3.17284205536,1.04928253129,0.122620427212,-1.02056237717,-0.634094053202,-2.38289584608,-1.63446200365,-0.383421511737,6.83578618916,-0.536830102783,0.320202052376,0.191578863369,-1.69813664607,-1.54965019444,-0.580226587032,-0.0324487602136,-0.790915832603,-0.253963391811,-0.066594763462,-0.243140996089,-0.279177974492,-0.175866412663,-0.110819113079,-1.39751200067,3.5029325005e-15,-1.16130434545,0.120401752988,-1.16767311988,0.126418529585,1.84440835693,0.485832614236,-1.16767311988,0.0374205196461,0.756280704549,-1.90011374929,-1.90011374929,-3.24274546419,-0.508063712265,-0.747905518155,-3.47215343662,-0.307712709375,3.38982229382,2.14676924802,-1.46517840457,-1.14200792728,-0.551874733427,-0.270959595286,-0.126430325718,-2.0337499148,-1.00474543962,-3.04889910256e-16,-4.67833335338,-0.678664894348,1.31117203344,0.243966732981,2.38289584608,-0.885431085963,-0.175767182239,-0.82725797247,-0.537158198683,-4.05232165557,-1.01934813964,-1.41791982208,0.349449385126,-0.522954883859,-0.367932931002,-0.500714503737,-0.318682253505,-0.474803719551,-0.527359535497,-0.112751853862,-1.92123400799,-3.00849396557,-1.15143177595,0.567219816786,0.29461487019,-0.558938954201,1.92945829313e-16,-2.26896942171e-17,3.15997095988e-17,6.05559683062,0.0,-1.42193383041,-0.48768343017,1.3398331538,-6.80165002188,-2.38179170449,-0.499059414945,0.191258623433,1.8608955528,0.43335479259,4.831422943,-0.955515160387,-0.0475371492069,0.546775448097,-0.287038832163,-0.371652882498,-0.585844635504,-0.515785520761,-0.319012015154,-0.688821543031,-0.268134789289,-0.220199458181,-0.115506951343,-0.227731350249,-0.41700976275,-0.785786185879,-0.631145513625,-0.589436394943,-0.500802808993,-0.35909456763,-0.369940221392,-0.426145909665,-0.0989673860422,-0.251977849138,0.651718221306,-0.965205000183,-0.542556771767,0.0501066401142,-0.188756172179,-0.120344077337,-0.63188963608,-0.0406774939247,-0.930546526869,-0.930606009528,-0.931172238463,-0.647967934658,-0.61769578867,-0.629818471187,-0.569245047127,0.292779188702,0.333824726928,-0.574911326566,-0.576388671136,-0.604170184256,-0.577453508197,0.123663233203,-2.30240949631,-0.854809062346,-0.274530791217,-0.328231490995,-0.533263631049,-0.579058611994,0.455947222473,-0.648352423618,-0.961613184269,-0.961366864952,-0.961650072477,-0.425890341405,0.200166961663,0.220915309823,-1.04865749877,-1.06685150203,-0.774535393342,-0.596327162825,0.385391190261,0.203501042571,0.444278523273,-0.116930698863,0.501250544522,0.347437957881,-0.6718848549,-0.701377835161,-0.231825605406,-0.231825605406,0.231825605406,-0.440218406038,-0.18863828093,-0.965928927455,-0.965837664245,-0.965227872955,-0.599161550003,-0.608896648365,-0.067770451478,-0.202245270255,-0.550617880588,0.0146745257459,-0.491348393249,-0.658694953764,0.995987486315,0.306539156697,-0.407773165418,-0.181392048636,-0.0642344436753,-0.257949795999,-0.232971275144,-0.154678371184,-0.263480891677,0.513523025711,-0.291152321239,-0.288529134168,0.596200288478,0.0253206673138,-1.01728818302,1.06049971766,-0.48239797299,0.07652870353,-0.136855727284,-0.495187562082,-0.612546072793,0.644505402855,-0.718600247517,-0.808917709767,-0.404433536369,-0.496263373963,1.26508388473,1176381450.27,01030317,0.08166295
503,600055.XSHG,600055,2011-05-31,0.878203488033,-0.133604759698,-0.086105129642,0.598062723771,-0.0990072744176,-0.54106455965,-0.345460160576,-0.168707566707,-0.295979406369,-0.198400519097,0.204105546814,-0.081403234646,-0.0248419125091,0.489688005844,-0.677483477206,-0.109349414001,-0.021486476579,-0.174970518372,0.0141312566028,-0.369564788326,-0.245244402904,-0.238580001911,-0.259305475974,-0.281833428661,-0.302035145811,-0.625093880766,-0.500283843504,-0.128336595755,-0.189905660171,-0.211125207218,-0.192890373841,-0.220755598954,-0.203428858376,-0.219717092158,-0.59768413131,0.104689896585,0.281833428661,-0.325955168426,-0.402061423567,0.167041427741,-0.233637762228,0.122749805429,-0.0917593383257,-0.359260390519,0.011959150634,0.962346623605,-0.118243368699,-0.539881747083,0.0643312002237,-0.514182083982,0.0408889935375,-0.629383857832,-0.440956159406,-0.513507870508,-0.000691729746252,-0.565298003968,-0.211333478555,-0.207346533256,-0.233419458504,-0.194146200311,-0.222238305739,-0.116938491751,0.484186581255,-0.558681112158,-0.502042259321,-0.379162659682,0.0576256553635,0.123713659601,-0.489688005844,-0.453151386811,0.0576256553635,-0.0958038856787,-0.160179491422,0.113817002969,0.113817002969,-0.695144632834,-0.490253230086,-0.588226269064,0.015300205343,-0.457985338328,-0.0792347990094,-0.206929292233,1.53398329952,-0.149042108076,0.291774145984,-0.0473516439913,-0.0139014063192,-0.19463357286,0.00437991657892,-0.544046319477,0.00240952997172,0.661480300726,-0.997388472466,-0.228439639895,-0.011959150634,0.353185389431,-0.450211594726,-0.0644659100382,-0.195905199907,-0.470812576697,-0.319712402822,-0.206231813585,-0.554009245634,-0.400040021331,-0.583515647842,-0.50470556407,-0.51017064151,-0.336042062382,-0.543002098913,-0.171943325096,-0.0899329596529,-0.120168029584,-1.32818940296,-1.02033787739,-0.220041882499,-1.26990930394,-0.454432876191,-1.68219709046,-1.57452061691,-0.266553081974,0.113289308302,-0.421724361976,-0.408744326205,-0.447151183928,0.512750884112,-0.350127012392,0.797466075428,-1.10062974551,0.436545196397,-1.00085085445,0.653397340042,0.296323124356,0.466858276948,-0.542817481193,-0.351772399512,-0.314797317888,0.117093291296,0.319820567842,-0.439560246602,0.0714946796358,-0.15932807827,-0.298572453488,-0.676537263595,-1.12489132235,-0.366940581332,-0.430978649067,0.436694166723,0.928484654545,-0.0766968433128,0.0413734933187,0.118476620518,-0.22777567425,-0.447480637553,-0.75790579784,-0.936299009298,0.743451614078,0.327176771223,-0.552072411675,-0.449485744681,0.135182832615,0.407863235692,-0.342391563901,-0.301105317082,-0.300513639079,-0.301847963671,-0.571679735393,-0.466852914674,-0.572375051104,-0.406449110966,0.327585786561,0.409715509044,-0.467259562208,-0.474397554843,-0.518945315751,-0.4601137409,0.232448670657,1.15587679504,-0.542476260647,0.0367274157727,-0.808299491674,-0.406507253124,-0.518611327925,0.353164219268,-0.571725939908,-0.350882993506,-0.350683989437,-0.349600279481,0.574819436879,0.0493163419334,0.124583883176,0.523365982455,0.254268662789,0.137770915256,0.54288084427,-0.15575457231,-1.27073372823,-1.53521339469,-1.00852727769,0.501250544522,-1.24607448052,0.0373201811292,0.257003291388,0.52395692793,0.52395692793,-0.52395692793,0.328072905832,0.662762324307,-0.280938355871,-0.279624922376,-0.27985200733,0.478409686735,0.466837092431,0.604583759744,0.718925278863,0.717624796416,-0.0730848929308,0.557423629781,-0.315254576711,-1.2775456606,-0.774847745232,-1.19949076106,0.0700360122175,0.630611018159,-0.214007227313,-0.222744638776,-0.638771639534,-0.213185355765,-0.197975412395,-0.192374223176,-0.206491225321,-0.160088804203,-0.164818801126,0.100165452369,-0.365625211841,0.082227376751,-0.0637358456265,0.288476778714,0.183858598766,-0.124180032089,-0.583404109053,1.20624245578,0.455224396846,0.117358868222,0.110561502991,-1.61605918588,3084412500.0,01030317,-0.06315789
511,600129.XSHG,600129,2011-05-31,0.474866035975,-0.130697339518,-0.285487446114,-0.186838345117,-0.00615428428006,0.963029181636,0.949190657331,-0.168707566707,-0.193231819611,-0.578628883502,-0.628357614894,-0.793277980687,-0.875399334836,-0.386661661346,0.742567700479,-0.84990080509,-0.241722861514,-0.374469614085,-0.278951005339,-0.107053771558,-0.336388424219,0.391070306633,1.87527268743,0.120591724871,-0.135677187396,-0.132221134629,-0.733993334214,-0.385551654083,-1.8405410725,-0.800402727668,-0.794623511615,-0.800927526558,-0.804314163987,-0.807466890496,-0.0581794508185,-0.149252557181,-0.120591724871,0.76984290463,-2.33388850382,-0.155228031154,-0.152153763345,0.125455458733,-0.4905749085,-0.0512126890617,-0.703648669345,0.044601140411,0.279523845858,1.48609181694,-0.448291025879,0.0540931815631,-0.0937404947987,-0.458410022428,-0.26840809703,0.923977203699,-0.40593706378,0.394683737478,-0.794419205335,-0.794665281761,-0.795848638593,-0.804857140703,-0.815574438848,-0.262196947653,0.468584392096,2.58385934423,-0.7268811398,-1.22426474973,-0.141155388022,0.11564008035,0.386661661346,-3.97946324665,-0.141155388022,-0.23988897622,-2.45618325688,-0.055324837534,-0.055324837534,0.0294114283508,-0.392179925624,-0.494044196996,-0.339293744217,-0.116597403119,-0.642777498675,-0.397204597524,0.934294941504,-0.75789000991,-0.248802251704,-0.370823340524,-0.331393714624,-0.943270150711,-0.490402185091,-2.59051766878,-0.486303386542,0.157169043091,-0.67248465281,-0.896360372926,0.703648669345,-0.963582556721,-5.01273416187,-0.445861941254,-0.27081439476,-0.449166093253,0.210276777619,-0.680832723091,-1.68429242719,-0.319377142798,-0.222268933136,-0.376991633416,0.468547786072,-0.356856310957,-0.226240189736,-0.211723280648,0.592356705964,1.50418697311e-17,0.40992726264,-0.659816807395,-1.67943928742,-0.961822152389,2.4449082463,0.313767906548,1.03885328815,0.13483289193,-0.78805211243,2.70101280832,-0.0977720984652,0.358627111453,-0.140404838312,0.155843610458,-0.499059414945,-0.471228034057,-0.33939844071,-0.905838774306,0.141829415302,-0.668897110893,0.237897066977,-0.0108929636693,-0.842845486248,-0.86193296057,-0.557543868253,-0.41598408961,-0.392627645557,-0.415472742909,-0.775119917368,-0.811910890972,-0.450699609566,-0.712928872819,-0.391279158765,-0.741711527081,-0.543260754928,-0.290115728664,-0.773361231224,-1.0906576019,-0.353156645116,-0.941414778858,-0.60183164686,-0.70054073909,-0.73623777478,0.279832291372,-0.18871645855,-0.718226218328,-0.67423215458,-0.180576946053,-0.498961969483,-0.314963012085,0.199658974738,0.201093301845,0.198271804716,-0.453573143692,-0.412279588019,-0.495156899999,-0.326311979164,-0.32005802076,-0.266031783105,-0.26904124914,-0.26078915978,-0.206354135467,-0.300755264387,0.121813751315,0.359126962322,-0.134415483363,-0.375130613908,-0.235845898287,-0.134113939857,-0.332289118515,-0.183708168274,-0.453954651047,0.20225747111,0.20609984839,0.206280827684,-0.274757585001,-0.096890633996,-0.192001276477,0.734117017126,0.286731157443,0.223792113165,0.332697202997,0.959634492273,-0.48542403742,-1.02774796648,-1.00852727769,0.501250544522,-1.24607448052,0.0028013519419,0.114572401943,-0.156454794671,-0.156454794671,0.156454794671,0.30259848333,0.340426742253,-0.0439664041248,-0.0420358140527,-0.0403683883386,-0.36298155291,-0.369844705966,-0.806209959271,0.341043637546,0.38313351278,0.0998527850498,0.347520357606,-0.292706647279,0.281556371514,0.816883124791,0.474297365534,-0.0385694326132,0.154841210971,-0.799921661838,-0.802868306167,-0.450323484295,-0.80235145643,0.406007706175,-0.805633322646,-0.80880391275,0.564356537207,-0.381589692854,-0.51978856069,-0.0929829146158,-0.16092282677,-1.5202940955,0.405792862573,-0.030934947472,-0.102946725972,-0.506816644688,-0.285615095572,-0.216069783878,-0.488878200881,-1.70991312787,-0.0999658125485,3598716420.0,01030317,0.01304864
523,600196.XSHG,600196,2011-05-31,0.131471704564,-0.125681071935,-0.0846809702386,0.173114435487,-0.0788379951754,1.75625221169,1.04318712229,7.18393796037,-0.268197870035,0.933949045052,-1.18180646256,0.528775119103,0.365954740992,-0.960684873772,-0.910542332684,0.0067928503964,-0.359898482698,-0.401069493513,-0.278951005339,0.46809055776,1.54998558996,-1.12405837943,0.01926261975,-0.157249167663,-1.05064595868,0.00914546697644,0.164889322366,0.411105234852,-0.0169580954709,-0.556371646292,-0.512805933984,-0.562881312353,-0.551822419792,-0.557018941769,0.117081607237,0.862096596213,0.157249167663,-0.588276146483,0.899054988935,1.65753767513,-0.0969257196582,0.158933953699,-1.18684594547,-0.268989790348,-0.106408374839,0.718361931447,-1.81538348414,-0.261320714412,-0.356655848947,-0.127953871435,-0.24698744984,1.48971597502,1.69485763215,1.01344093722,0.640168805838,2.41307852796,-0.559647376272,-0.509501601013,-0.558271736924,-0.554000999509,-0.573075445795,-0.289284677184,-2.02620278647,3.61875218529,0.643375872208,-0.508094036197,0.31364499026,0.128622351599,0.960684873772,-0.7001004666,0.31364499026,0.0888277630051,-1.3721502419,0.417586605711,0.417586605711,0.167953638509,-0.52286722992,-0.549023579168,-0.421429204903,-0.617945687321,-0.324659807505,-0.233754491788,-0.865490046551,0.16825578276,-0.168662893557,0.0829054150153,0.0986275130798,-0.0191540705937,0.96978034286,-0.310069723985,1.02454218368,-0.53863614551,-1.20437597904,-0.88830060542,0.106408374839,1.19317313988,-0.554044046581,-0.301549929443,-0.293514150777,1.69344219525,-1.08458078356,0.376506012011,-0.832849135763,-0.569047957307,-0.472811009465,-0.564571469064,-0.318682253505,-0.506025092414,-0.582108507454,-0.209535087746,1.28696454007,0.723524896179,1.4999326292,1.45903509519,-0.086994345231,-1.26990930394,-0.434620798749,0.256217146478,0.702478429081,-0.272720024557,-0.609595569833,1.73429023112,-0.38243129155,-0.362906220697,0.271452681002,0.87933312185,-1.14732216013,-1.2825969487,0.135761226522,-0.0829115640313,-0.644076748871,2.10570406254,0.369872027148,-0.348346712523,-0.953210912548,-1.00314631639,0.222272387975,0.0783244183565,0.204365586384,-0.0409356464515,-0.518941158023,-0.591567602373,-0.195731939214,-0.148944025013,-0.258399280863,-0.863512498627,-0.638281815663,-0.741285472142,-0.473136744156,0.370959250119,0.000696141098415,-0.973387641206,-0.703999147855,-1.00330077138,-0.667388771379,-0.55756211262,-0.151548358423,-0.776117645589,-0.651196456782,-0.00340050946494,0.118601453978,-0.642192013984,3.12235579462,3.12605218,3.12745949677,-0.0615251867998,-0.262359731823,-0.0196983773396,-0.456461968977,-0.482617382978,-0.587848063713,-0.0711959827089,-0.050546674837,0.0461611550158,-0.132889942649,-0.301481933733,-0.298991210976,-0.0949344538838,-0.35143073436,-0.628575906295,-0.208216338501,0.148482186849,-0.374569453057,-0.0616218796777,1.23625335795,1.24471444724,1.24181314266,-0.0725080395203,0.628401080824,-0.562083787662,-1.26535830876,0.320829777047,0.269800313873,-0.787652788408,-0.0625672289621,0.414125415257,-0.325312785684,-0.116930698863,0.501250544522,0.347437957881,0.0652775799751,0.239703993075,-0.524319669086,-0.524319669086,0.524319669086,0.12945876429,0.17677138987,2.01140259702,2.0136557276,2.01169005049,0.109378441277,0.0783776860325,-0.885119751073,0.154119978674,0.287816735385,0.356420026711,0.343054330539,-0.419141270806,-0.458424178229,-0.854867556623,0.0372150409776,0.314003725473,0.0678689986385,-0.557760999517,-0.565428085545,-0.946706849726,-0.555840232055,-0.179002120713,-0.549081607413,-0.544105982727,-0.268888287711,-0.18819897026,0.34222832628,-0.645897114658,-0.33243310834,0.186524437111,0.745071635249,0.178882686498,-0.925737338028,0.24799233211,-0.680347969131,-0.0823253494042,0.233312735909,-1.10308825092,-0.486742005898,20853096385.8,01030317,-0.00639269
528,600222.XSHG,600222,2011-05-31,0.434135390766,-0.130277159492,-0.409033274357,0.289123161574,-0.0867160994197,-0.308814229577,0.0682631962911,-0.168707566707,-0.556596675788,-0.614322046434,-0.942248718187,-0.793277980687,-0.783447181071,-0.455862088141,0.123002665387,-0.609382309789,-0.386756578422,-0.414369433228,-0.347911537561,0.44284911384,0.843363402238,-0.469138522851,0.0738039700533,-0.113509747511,-0.582764200636,-0.927694822581,0.194680861841,-0.247987227356,-0.184061225226,-1.03328141377,-1.04859628054,-1.03874119477,-1.02998425249,-1.05145100859,-0.924089660548,-0.227935656975,0.113509747511,-0.104481651398,-0.627000193186,-0.169876642922,-0.193801140552,0.25252672868,1.31204496931,-0.545767032357,-1.24686229247,0.209037213025,-0.728153097686,-0.391922029433,-0.447565850714,0.0523554695669,0.113666363385,-0.821313630262,-0.634653108805,-0.580226587032,0.785134616387,0.279662883664,-1.03412808415,-1.03357628439,-1.03333616964,-1.03415549382,-1.06267875402,-0.264716029993,-0.000198295060211,0.10705788011,-0.569692895925,-0.337866499665,-0.0439834047599,0.102464491381,0.455862088141,-0.421526504655,-0.0439834047599,-0.913251459655,-0.767917438382,0.0210175607472,0.0210175607472,-0.0851649492448,-0.794980997524,-0.821291041315,-0.117437906624,-0.203385246782,0.208380304631,-0.301242932071,0.334606583484,-0.555174073769,-0.277943836485,-0.409900458226,0.12475029794,-0.525081986219,-0.206190140643,-1.01639343714,-0.239497239481,-0.802581917963,-0.778038771782,-0.866721227902,1.24686229247,-2.1510351196,-0.229620266555,-0.724177964033,-0.870466282854,-0.294098557311,-0.149440613431,-0.443301206552,-0.453963028885,-0.384675663515,-0.16400333399,-0.361027392084,0.220322097917,-0.377670559532,-0.140206090947,-0.228615814817,-1.92123400799,1.50418697311e-17,0.0,0.0,3.57830521427e-17,0.152031395543,1.92945829313e-16,-2.26896942171e-17,3.15997095988e-17,-7.91523889858e-17,0.0,0.0839615207784,-0.932612925244,-0.600774352175,-0.107393357756,-0.263757342278,-0.499059414945,-0.627199922503,-1.00699212994,-0.442697451743,0.0205639616396,-0.345348130653,0.527628142329,-1.10674792129,-1.12963641373,-1.16763078703,-0.134089572062,-0.253575866697,0.0299766968839,-0.452046946748,-0.999696379002,-1.0601575877,-0.250152729665,-0.379528459055,-0.940495792829,-0.746392472887,-0.470400472273,-0.465395545407,-0.544920909269,-0.073343919974,-0.515958471323,-1.26577976844,-0.970525454273,-1.09173857029,-0.995169896264,0.102438911143,-0.263052658806,-1.18866169499,-1.08930629711,-1.0430980567,0.0211328101395,-0.332185591133,0.390966529966,0.390840818669,0.39122213928,-0.516045973871,-0.509790574147,-0.597761050574,-0.495812886107,-0.593244415492,-0.51528416641,-0.299335307381,-0.28492151647,-0.189360488478,-0.327270055822,0.168148956683,-1.14873009767,-0.310187189946,-0.327111089744,-0.283679559782,-0.358226236081,-0.422889979618,-0.248078837435,-0.516327104112,0.883332061079,0.880464761795,0.885351154016,-0.411475871036,0.594909670364,-0.0401818344234,0.294818776476,0.31587066964,0.259945184817,-1.16368261509,0.762171037863,1.61608799895,1.45342322238,-0.919367619811,0.501250544522,-1.08672323668,0.0233414817062,0.271419373316,-0.690273747769,-0.690273747769,0.690273747769,0.440592134715,0.373026888448,0.728439687998,0.729569731788,0.729411656114,-0.230130304545,-0.668659633965,-0.467645490619,0.331630215876,0.539347120177,0.576851037151,0.552213264869,-0.673600435961,-0.146149233797,-0.153346723074,0.92832086546,0.421533158631,0.109874493372,-1.03421443461,-1.04235385406,-1.11398872666,-1.03288453605,0.219437004627,-1.02824669927,-1.02245488117,0.10527578972,-1.18680813657,-1.31679867906,-0.589750799717,-0.921793698705,-1.33285588282,0.781434685085,0.215538573539,-0.134796685148,-0.619690441383,1.44601591336,-0.32923815151,-0.735910353779,-1.10308825092,-0.580964307642,2593985847.94,01030317,-0.01112878
538,600297.XSHG,600297,2011-05-31,-0.797544327165,-0.19777950367,-0.248815341477,0.304542241756,-0.0875753115695,-0.0110026002833,1.1364890321,-0.168707566707,0.046659541749,-0.119961053253,-0.405005247343,-0.793277980687,-0.806435219512,-0.532436330905,-0.472835011344,-0.270345127523,-0.752026680265,-0.999566780653,-0.822015196584,0.507395091864,0.00156131773481,0.827335478954,0.211514709733,-0.0589760231568,0.394588805052,-0.835233423693,-0.314857192632,-0.221285532733,-0.51146885633,-0.71768997654,-0.668732728385,-0.705684775207,-0.726903656939,-0.673429065056,-0.822841576001,-0.0987307095123,0.0589760231568,-0.2766548802,-0.803422757593,-0.133255113502,-0.105074119546,0.117871063998,0.00960076505746,-0.489268528391,-1.1319328279,0.219180996725,1.04854046067,-0.365471130188,-0.705307120848,1.53838160449,0.188859340368,-0.591352712862,-0.402574845921,1.80041852531,0.696086804731,2.32017706911,-0.708665673849,-0.653774644823,-0.704650884573,-0.727094011616,-0.636141631567,-0.331843555111,0.656563524998,2.01908550719,-0.621425735681,0.197117311789,-0.0606224429897,0.114362605291,0.532436330905,0.546469888283,-0.0606224429897,-0.984931982086,-0.919582298704,-0.0208107592691,-0.0208107592691,-1.3537125797,-0.22666470256,-0.268389689299,-0.176479338327,-0.127257249979,0.528807784677,-0.275541793466,-0.265801688531,-0.0667422383766,-0.63929948777,-0.616140801654,-0.620753793078,-0.644727101401,-0.295941312574,-1.1734763158,-0.282979215762,-0.177191690292,0.391297999644,-0.451513205072,1.1319328279,-0.222549186513,-0.882552071469,-0.621097955597,-0.827336746423,-0.723879646776,-0.60377659981,-0.499680282462,0.113569239047,-0.088911775558,0.680847853629,-0.133536953107,0.36925751081,-0.25625410951,1.03298616526,-0.24229628658,-0.0899329596529,-0.120168029584,-0.621158894918,1.8828054757,-0.104527741615,-0.0849587210385,-0.307406406754,0.441949144888,0.547228494128,4.61310261925,-2.01097765815,0.475318421345,0.103163802536,0.346733704879,0.144908672205,-1.53844354455,-2.4438476505,-0.557091346383,-0.47257858497,-0.764512561906,-0.254216046295,-0.598877943546,0.345318546186,-1.03369092411,-0.669338301632,-0.772021835142,-0.86513851001,-0.690585978881,-0.687301100206,-1.16205984985,-0.699916982915,-0.706748751151,-0.581470808865,-0.708623044581,-0.6664153953,-0.32194903253,-0.865353631537,-0.694445628088,-0.931963070091,-0.671248025707,-0.731895031903,-0.578423440508,-0.765035706577,-0.795352433414,-0.345594516356,-0.682107961636,-0.631760212073,-0.5200427622,-0.718685117076,-0.6304513927,-0.692414519753,-0.135720615334,-0.17026578469,-0.168049367037,-0.164679118509,-0.322323266726,-0.38293729553,-0.383601334619,-0.454309965696,-0.960934122183,-0.836564861202,-0.178129344895,-0.160519483593,-0.0189220183277,-0.237424830579,0.267402441625,0.126001333443,-0.707160828816,-0.272643001065,-0.550764127186,-0.00269958014699,-0.230944395802,0.452796210695,-0.32205895214,0.014926482962,0.0186518323014,0.0193721409176,-0.479070024273,-0.112386550326,-0.249953260455,0.505775342398,0.280503736121,0.22745845582,-0.77017371853,0.418240547792,0.585334126942,0.877592618202,0.418027248436,0.501250544522,1.30354542092,-0.601135519046,-0.445348220126,-0.389481980156,-0.389481980156,0.389481980156,-0.0427310610296,0.163809885962,0.0060150401711,0.00824872945298,0.010275056192,-0.687729048913,-0.847948590764,-1.08294558463,0.172946822014,0.247218848717,-0.0725686610562,0.0721153551072,-0.605956647666,0.842507595208,0.841759750094,0.862814987361,-0.216254826831,-0.299541986626,-0.715149207573,-0.698546489831,-0.313084066892,-0.718349159098,0.772824678709,-0.734792780686,-0.738903261169,0.906676863367,-0.717632136403,-0.68890732585,-0.464194029429,-0.576864552183,-1.78414678976,0.177742242336,-0.32832863736,-0.485146236088,-0.582378770488,0.585913793325,-0.464268590161,-0.500221514024,-1.10308825092,0.142163792029,3192000000.0,01030317,0.0252193
562,600511.XSHG,600511,2011-05-31,0.429257675914,-0.130224604943,-0.491278479902,0.146996071373,-0.076625908229,0.393203034966,0.371552282746,-0.168707566707,-0.212634797368,0.238252965153,-0.820356101196,0.543303175145,0.0441222028147,1.48515316178,1.31467801885,-0.0192091490956,-0.042972953158,0.170827914198,-0.0548292756188,-1.91145641978,-1.69740420318,-0.81602050046,0.2002856082,-0.0683085986648,-0.821903765857,-0.000788402325555,-0.733993334214,-0.189513896093,-0.03234446502,0.0111093969676,0.37221247364,0.0456713374422,0.00898466794107,0.210372332513,0.0848568575353,1.0247956575,0.0683085986648,1.37112697549,0.652063398765,0.273243863059,-0.249934562004,0.119665514769,-1.33457995236,4.4490971314,-1.41090691284,-1.73376430724,-0.675117469078,-0.586997411362,-0.684077484261,1.27411905267,0.240891832455,0.403998856807,-0.00779562149517,-0.580226587032,0.130271701374,0.791726877085,-0.00874315337749,0.400326170965,0.034146251652,0.0169340124692,0.255656382181,-0.456413808212,-0.316945679395,0.283746901754,0.0325304181618,-0.13956551589,0.00571185608651,0.126236258591,-1.48515316178,-0.0330217023475,0.00571185608651,-1.0609567786,-0.0520592976636,0.0939314082075,0.0939314082075,-0.00604487187933,-0.442240928407,-0.47707230076,0.0895074168071,0.0694454533879,-0.328154613262,-0.365820457544,0.334606583484,0.0774770039896,0.277203353593,-0.453319477895,0.410091486416,0.347757615964,0.659103209254,1.31019073775,1.0870092482,-0.313520106115,-1.3885409734,-1.16259269314,1.41090691284,0.807475953261,0.450469661411,-0.734485964877,-0.31167395559,-0.279142805113,2.26375038945,-0.299580775338,-0.12883093564,-0.200303369724,-0.257228292624,-0.0736710481129,-0.410880366248,-0.197280405213,-0.163669936072,-0.302514252624,1.01938654683,-0.289253456638,-1.09251256695,1.00364005941,0.218293027106,0.768205698654,0.721083718698,-0.464475326229,-1.36752070363,-0.314248857559,-0.166624761051,0.146538034698,-0.238905647978,-0.711779480198,0.020722626305,-0.121891650748,0.149203330241,-1.40902870676,-0.525624913616,0.881682403733,-0.607189078995,-0.0583780786412,0.801399455056,-1.07369832733,-0.318609711321,-0.447548450139,0.384649395477,-0.171457132961,-0.132916342023,-1.03244055053,0.00506707442316,0.0599020688951,-0.538644654568,0.102601660798,-0.649485200681,-0.569927951873,-0.288149299986,-0.662418569205,0.102579065138,0.754859844285,-0.561195720582,0.211745811076,-0.565732096589,0.331233581492,-0.239826482146,0.726148087674,0.303389187141,-0.00951611955083,-0.587699931469,-0.86907523923,1.17416241225,-0.958577169816,-0.804952054665,-0.805945504757,-0.804035658445,-0.129302904767,-0.225570418866,-0.229314370516,-0.305851916423,0.0382828322085,-0.0703241196261,-0.269521603493,-0.258526326395,-0.235634277176,-0.309324437974,-0.280011627205,-0.739220491014,-0.553563399062,-0.2466556106,-0.219700187607,-0.347319661896,-0.294002237497,0.311000680727,-0.128558157792,-0.668750073296,-0.666195027759,-0.668130522652,-0.735229860839,0.634895585019,0.0835595024932,-1.16556579976,0.205108815445,0.218694430337,-0.471377280212,0.253735650953,1.45413891125,2.47907358295,-0.384409672513,0.501250544522,-0.13061577364,-1.98588260066,-1.63063847622,-1.10446746915,-1.10446746915,1.10446746915,0.207695465263,-1.12762723076,-0.593915575108,-0.593413118145,-0.592544543837,0.138900940914,-1.14676351876,-0.2650339039,-1.29554695848,-0.285849054492,0.236654231811,0.151015166634,-0.222551511076,0.148200784256,-1.14874342354,-0.0350673072694,0.887302744685,-0.256823604907,0.0157229806443,0.0729671583787,-0.820391963062,0.0159127439751,-0.0177291414085,0.0138857166144,0.0156278380503,-0.436067981883,-0.968856309235,-0.916986487922,-0.639817124612,-0.924097275865,-1.88066433376,-0.154790444172,-0.263641777875,-0.368363052441,0.509100789903,-0.700305190917,-0.286800013648,-0.381746910083,1.3242112569,-1.6151627382,7833168000.0,01030317,-0.06311283
564,600513.XSHG,600513,2011-05-31,-0.111341335363,-0.117843778722,-0.267685453572,0.774566155264,-0.103194866038,-1.2071337777,-0.422787301702,-0.168707566707,-0.0604978126818,0.0626725259406,1.34764148541,-0.313852131312,-0.323686412246,0.635462675402,-0.554944159356,0.801081707102,-0.682195631384,-1.05276653951,-0.748744631099,0.859332938519,-0.811566243209,3.2548828045,-0.468031028096,-0.46128873602,0.186641357033,-0.709149697937,2.55180801101,-0.1121127813,-0.106294458202,-0.0998045797785,0.0509015723036,-0.0768500702938,-0.111363113842,0.00823998846833,-0.684171201477,0.319898933806,0.46128873602,-0.399858378266,-0.560841731534,-0.107620042908,-0.243596917647,0.117995962359,-0.240155829553,-0.261061526168,0.596429504632,-0.466859111422,3.46166156231,-0.424159062887,-0.224831951384,-0.301616464051,0.115861893515,-1.24497836767,-1.06221870306,-0.580226587032,-0.0324030008037,-0.790915832603,-0.093176779726,0.0535253163272,-0.0896221288038,-0.112092192541,0.0561883677175,-0.12664241546,-0.275997102975,3.5029325005e-15,-0.515970331563,-0.143417176968,0.052523016973,0.129162063113,-0.635462675402,-0.0912527353601,0.052523016973,1.03949974231,-0.123105858899,0.151073921891,0.151073921891,-0.264416244853,-0.194843748315,-0.219147286136,0.0778102460806,-0.0382413625031,0.0327658635296,-0.150435153271,1.53398329952,0.805651938072,0.0236715659984,-0.424011639619,-0.474064308862,-0.151333435937,-0.0439476375377,-0.69014438145,-0.192340729992,0.315740194619,0.998313428562,0.321184505542,-0.596429504632,-0.325439252331,0.444659086247,0.0695381009295,-0.560614613233,-0.372813042561,-0.170073302721,-0.16741343345,-0.126367813722,-0.069706328288,0.634235374312,-0.197393918434,2.16357462805,-0.225032736647,0.133538768835,-0.138651814364,-1.92123400799,1.50418697311e-17,0.0,-1.46308305106,3.57830521427e-17,0.152031395543,-0.551060201259,-2.26896942171e-17,3.15997095988e-17,-0.389891933635,-0.759064247643,-0.696046268941,-0.181495390549,-0.0982779244274,0.161414412483,0.0310094565352,0.797466075428,0.0274093668841,0.26216949904,-0.740674405597,0.592654171085,-0.735278918897,0.261836710915,0.0200692875142,0.168749154337,0.224140545711,-0.3163909703,-0.244286173734,-0.104071249021,-0.83472724406,-0.0841146097174,-0.0942595792221,-0.281203406406,-0.475904359452,-0.201874248007,-0.332573139186,-0.653228511846,-0.509148791577,-0.703168116436,-0.996967475009,-0.409564006412,-0.0547248147632,-0.0998196983487,0.316095579877,-0.314163449586,0.833484965075,0.044699210252,0.207279159921,-0.156387510168,-0.223567517417,0.192314299318,-0.292637446654,-0.563795251045,-0.563896214963,-0.568276281096,-0.517889805922,-0.481489800433,-0.508672737913,-0.480109486182,0.204307344138,0.257117932987,-0.456694508499,-0.45891779221,-0.47964414669,-0.464593966019,0.149100008215,1.26353860795,1.26337521099,-0.104213334747,-0.637461291615,-0.341472306004,-0.48877793558,0.106184915217,-0.518228346576,-0.501290390737,-0.497832750076,-0.499486885445,-0.1875143684,-0.977108526483,0.0248418785631,0.190093517491,-0.14610633232,-0.246813763881,0.443696129339,-0.346656097035,-1.01854292614,-0.683892613567,-1.00852727769,0.501250544522,-1.24607448052,-1.10237174121,-0.991141081907,0.344864818018,0.344864818018,-0.344864818018,0.00813143000014,-0.0582376961516,-0.369736558205,-0.369172503773,-0.369495324769,-0.259652804182,-0.519252169965,-0.707385259142,-0.0395275528197,-0.0369663579605,-0.463356190105,0.0311767736546,-0.728759753713,0.0314138406054,0.770612601727,0.613215003571,-0.915232009414,0.153196087157,-0.0958165205359,-0.0608802734509,0.457436741758,-0.101674188831,0.209950358785,-0.117734924988,-0.129604654529,0.301645589223,-0.386652107609,-0.0195092147088,-0.602621612629,-0.27054521765,-0.44112515378,-0.0399424406178,-0.249709223525,-0.453296276912,-0.539148099696,0.305169935314,0.155585423458,-0.70566151873,0.312634187017,0.311980944741,1770210000.0,01030317,0.03375517
568,600518.XSHG,600518,2011-05-31,-0.496466268187,-0.0269744003709,-0.400488317936,-0.090472426499,-0.0408080355387,1.4126468926,0.0909519981786,3.10722360872,1.06443392046,3.5354890403,1.17220066674,-0.212155739021,-0.0938060278329,0.758548680438,-1.17216767882,1.8380558924,0.0537161914475,0.0245285773418,0.216702820004,0.267601374624,0.302643815112,0.017248067066,-0.367462701179,-0.362340947501,-0.218856166603,-0.15132472944,-0.886032914984,0.502026195024,0.130464794163,-0.383087619378,-0.287938948766,-0.372517137997,-0.389668644764,-0.330295494433,-0.0802170215823,0.596295542091,0.362340947501,-0.515459054104,0.175722474866,0.386770604261,-0.110506386139,0.127949842069,-0.77080578256,-0.42228239341,-0.128510194949,-0.790926306476,-0.19779681161,0.390032679487,0.0986638789818,-0.531146497345,0.112277782277,1.80549644404,2.01634309467,0.516083232221,0.0960436627726,0.90564176115,-0.383011826927,-0.215867024465,-0.357763782963,-0.404295861088,-0.341699128048,-0.494259673221,-0.633528150885,0.42572915129,2.41655211693,-0.0880644394067,0.330949590019,0.136399247328,-0.758548680438,0.0581404579533,0.330949590019,-0.81840147543,0.15811449544,0.481586221037,0.481586221037,1.50445917774,1.80584505401,0.929204678883,-0.287910280512,-0.151571631766,-0.271919628167,-0.112521607456,0.334606583484,1.91623345008,-0.196347399099,-0.344771928723,-0.397705399269,0.456007958271,0.761511597739,0.420420585884,0.469687669445,-0.262435141692,-0.00936388137577,0.550497890725,0.128510194949,0.571897059394,0.555396859312,-0.32216593113,0.0606020430753,3.03040772723,-0.78259324032,0.798424834192,0.00656832511605,-0.357788037338,-0.600995327586,-0.396946935081,-0.971161205227,-0.183404239496,-0.519538253789,-0.581563322782,-0.0789834765537,-0.983804364692,-1.56386623897,0.592519540996,0.730887027279,1.52657407171,-0.593812578897,0.793793564413,-0.0220212673693,-0.156332350952,1.23475732726,0.346106376387,0.882986465945,0.44188095747,-0.0680939761425,0.759219319174,1.44572882061,-0.411360036471,0.302236406847,-0.699298177148,-0.813715853448,4.62416473774,-0.0100930907397,-0.619353382995,-0.357078429623,-0.20875507878,0.133629180207,-0.256893614184,1.11237958345,-0.32554653347,-0.38147116298,-0.335624059513,0.42071690916,0.031634146225,0.825577922854,-0.623672178783,0.324470793901,-0.10926128537,0.814880794043,-0.0117882347926,-0.153674125463,-0.00372478762834,-0.394472310879,0.752707415923,-0.73623777478,2.07055386668,-0.17979611452,-0.233236728639,-0.271296260308,0.056991506032,0.00549939862776,-0.630710294619,2.5509680251,2.5350628578,2.55112454574,1.0410335987,1.66644920229,1.03597269585,2.77289337631,-0.13169053559,0.562696433723,1.3882771114,1.32146957798,1.17180556597,1.62236374566,1.79684126156,0.536710182781,-0.0424733599188,-0.0793665336354,0.386487409102,2.04688422355,1.3679118744,-0.219269586901,1.04386018817,2.82126122562,2.81500650233,2.80909361311,-0.707191696055,-0.150836800613,-0.0918555707981,1.52768380298,0.321565399118,0.271771339685,0.204206783842,0.119012583245,0.0647727070964,-0.616693305124,-0.116930698863,0.214149293669,0.0287354702007,-0.332402154629,-0.340687465332,-0.688890797113,-0.688890797113,0.688890797113,-0.0235604786721,-0.519745789872,2.63084091292,2.64237135755,2.65878615141,-0.510594051093,-0.549133662765,0.306830517958,-0.563989617281,-0.426176532323,0.0188043807425,-0.158629376716,-0.0824941801839,0.507102531051,0.887242513357,-0.445043751233,0.571529185805,0.137293223615,-0.380267089176,-0.367790743697,0.114338198252,-0.380263828665,-0.109433384542,-0.400627466372,-0.382372624591,-0.176010679838,-0.426450521221,0.0379289525832,-0.724240369099,-0.249627143789,0.636216236809,0.199296810338,0.07886684991,0.0775363760277,-0.106002478405,-0.37543666009,-0.478414636115,-0.25571009738,0.986816625313,0.508161139737,27725789630.6,01030317,0.04361618
571,600671.XSHG,600671,2011-05-31,-0.480220370589,-0.0430225086369,-0.0804084920285,0.290506632212,-0.0867946754811,-1.37931805133,-0.409822272052,-0.168707566707,-0.724608824093,-0.525837199406,-1.16031672373,-0.793277980687,-0.875399334836,-0.0712892244805,-0.00968322018316,-0.63877901477,-0.247094480659,0.0311785471989,-0.12378980784,-0.702391256013,-0.727590852784,-0.0170015682909,0.0762102060961,-0.130825610502,0.00988602621728,-0.926166534996,-1.69245906974,-0.41935126753,-1.37394047036,-0.642469764447,-0.537198565217,-0.64690119173,-0.620100399904,-0.589929423287,-0.921802742827,-0.0386892359176,0.130825610502,-0.140417972604,-1.35915383548,-0.979212443104,-0.139025785747,0.204462900576,-0.0109362493535,-0.265853122724,0.330716511764,-0.513306963102,-0.0386899257875,-0.329927734328,0.0815233750816,-0.522827201163,0.111255996179,-1.618415383,-1.43965360215,-0.580226587032,-0.00599982129411,-0.763266588897,-0.662327935475,-0.505682754546,-0.681255641926,-0.615003853068,-0.56521144708,-0.0114464339339,-0.0301263913617,-0.650180784081,-1.25846923037,0.107377579444,-0.176208295226,0.147310257286,0.0712892244805,0.398382940102,-0.176208295226,0.788979936642,0.762347298962,-0.13189580587,-0.13189580587,-0.161658634001,-1.05919735281,-0.942006641302,0.568160447937,-0.209451646783,-1.4313523134,-0.202724139916,0.934294941504,-0.649453319587,1.35981322821,0.152375846485,1.16564280238,-1.06861265233,-0.903487707183,-1.97646641582,-0.892951728102,1.18910026156,-0.514945922694,-1.02349670553,-0.330716511764,-0.262468283087,-0.476359182966,-0.0644659100382,-0.725566173617,-0.582587145752,-0.0268949437109,-0.719188979653,0.344016027953,-0.231032085356,-0.0824314951855,-0.0377515051165,0.0926631725806,-0.148713825204,-0.163669936072,-0.0394808642905,-1.92123400799,1.50418697311e-17,0.203710031129,-1.43778332685,0.29461487019,0.152031395543,-0.488669536332,-0.111322934885,-0.0220212673693,0.59525040871,-0.234565069147,-0.674736429066,-0.8464975391,-0.499680396296,0.249445027298,-0.859606004411,-1.14732216013,-1.02933956418,2.05727983332,1.28727160607,1.38695393679,-0.699579996961,1.49319378116,-0.0502045859585,-0.363710967261,-0.385403995798,1.33134258963,1.12823906083,0.302396715982,-0.574886931071,-0.623481558851,-0.730579010776,1.11895180165,1.24371279751,-0.263606685848,-0.306929414894,1.56105387774,1.7515317496,1.49138389064,1.11581695579,0.274062758888,-0.37195461755,-0.305171976318,-0.675045157423,-0.766671029906,0.408091564833,1.09878652988,-0.431420184767,-0.140203179162,0.574453077928,2.26675446818,-0.679188665271,-0.725812407511,-0.726412745291,-0.727538060928,-0.547147620319,-0.522682190441,-0.465827487367,-0.491442867175,0.240720314768,0.244829479347,-0.453620462114,-0.452894793683,-0.471917054354,-0.458181915099,0.0246549258184,-2.18336679097,-0.700129960552,-0.0832719242469,0.519692036667,-0.459251970444,-0.290380922386,0.483406039387,-0.546836833477,-0.631131994334,-0.636259446536,-0.632031384233,0.791603788199,1.2129027933,0.347649602914,-0.0430001814754,0.232707326235,0.200755748995,0.783028605335,-0.956746794043,-1.32678954479,-0.731963058627,0.328867590553,-1.65200883688,-1.24607448052,-0.863878012281,-0.17173098514,1.00107490414,1.00107490414,-1.00107490414,0.99325757205,0.751398063157,-0.701569240155,-0.701917751795,-0.702380569937,1.40836842529,-0.280200227566,1.55979362629,0.72430437696,1.02475663469,1.0528168255,1.19308814906,-0.596290668303,-1.39282969631,-1.83280915833,0.83683851846,0.858752568303,0.336079017882,-0.646548510819,-0.639647139581,-1.11330594349,-0.639649163305,-0.912636065782,-0.589928673004,-0.595111484867,-1.37280499843,0.54522094424,-0.423750999493,1.30211653178,-0.000661569686434,-0.864203240161,0.633678944123,0.696211698634,1.07550176355,-0.599390069406,0.35196961112,0.756149374412,-0.46367083834,-0.361548251279,0.847909241893,1264064826.3,01030317,0.06069364
585,600771.XSHG,600771,2011-05-31,0.4505526742,-0.130450461321,0.702167100125,1.03457198967,-0.107522528029,-0.421314060838,-1.58917693343,-0.168707566707,-2.56921464131,-0.625863548221,-0.751659395088,-0.793277980687,-0.875399334836,-0.339015465849,-1.69151584505,-1.13570611617,1.42347907336,1.22152315162,1.34162150187,-0.305379402358,0.0763198970155,-0.47874512789,-1.98525540062,1.1675267918,0.872867935495,1.38460429341,2.23488766866,5.28433350158,1.30161799264,-0.669410372914,-0.919149961234,-0.719303882009,-0.644350961299,-0.83523893252,1.62166556589,-0.881257994508,-1.1675267918,-0.959161648133,4.44514853352,-1.77023747858,1.18373112944,0.112264614901,0.699909443001,-0.757251555034,0.220698562776,-0.252238003659,-0.40993932604,-0.291904566664,0.330502557411,-0.620682107947,4.56131785211,-0.900147869544,-1.14177880186,-0.580226587032,-0.260879734411,3.48586918372,-0.669985400394,-0.948470563117,-0.732345847112,-0.628031581116,-0.864762979829,0.0744735129465,1.31003425828,2.18157630388,0.232829361834,1.0405516723,2.92508657697,0.131717802284,0.339015465849,1.81669015504,2.92508657697,0.843283362725,-0.160179491422,-1.36320269072,-1.36320269072,-0.735197120131,-1.09640440834,-0.718742541525,-1.19210608236,-0.189379654173,-0.434091025715,0.0661324302483,0.934294941504,-0.919067070418,1.26801723615,1.90867519209,-0.411771514194,2.28828743648,-1.02430659247,-3.04889910256e-16,-2.87964934862,1.11150190186,1.28993441791,0.522938685703,-0.220698562776,-0.246163299979,-0.214335927535,0.337546122865,-0.0328452858578,-0.828569912159,-1.31383288678,3.51293870219,2.02915364403,1.07877941846,0.092365302253,0.796380104467,-0.247760628318,1.13483150361,0.0983430011491,0.136379224316,0.0,1.50418697311e-17,0.0,0.0,3.57830521427e-17,2.1048950723e-17,1.92945829313e-16,-2.26896942171e-17,3.15997095988e-17,-7.91523889858e-17,0.0,-0.202537437545,-1.27707446982,-3.56322370629,1.0896658062,-1.89655235401,0.149203330241,1.804543611,0.131246645361,0.916758548015,-0.170721799511,0.0304732233667,0.7565893523,1.60784135944,-0.285712324636,-0.0961017275074,0.284620821574,1.21564825677,-1.46754240926,1.67695881959,-0.732772838435,-0.729783108195,-0.374174595226,1.53950986672,-1.01262377989,1.83877128852,1.02941558009,2.16652050807,-0.0260324335681,0.664289895372,1.91220571051,-0.703123624919,0.0549987080301,-0.18584868419,-0.797603190854,1.27779791903,1.3099013386,-0.820969975681,0.199667771958,1.78661129133,0.415548935206,0.970351683481,-0.651870180986,-0.647836515795,-0.655319023097,-0.2482941136,0.0414404927523,-0.210951697826,-0.00969213103746,1.04377255904,1.04295763838,0.125509382571,0.0966169026104,-0.0752728465988,0.173590562554,0.0584850774298,1.7423223488,1.47943920109,-0.402118493578,-0.233736625057,-0.0564223356771,0.00329877767973,0.61994988306,-0.249428345031,-0.855015126021,-0.844177030627,-0.84448738175,2.65450002666,1.3348653306,-0.440597608422,-0.00760628282725,0.35762990529,0.275904041125,1.59254433418,-0.549897226296,-0.678298910838,-0.652813608104,2.7361783534,-2.51331258944,2.10030164012,1.45401857571,1.82489636184,1.28527126389,1.28527126389,-1.28527126389,1.11415313647,1.89960401548,-0.68330345056,-0.676345918308,-0.678204616357,1.64454842238,2.82747502362,0.669478131565,1.99915062596,1.49516258239,0.0384211919761,1.46477146234,-0.0466668211594,-1.16083202953,-0.14028649479,-2.02960835421,0.593336355705,1.27928333826,-0.680352046583,-0.743523439085,-0.579369503643,-0.676775451246,-0.574279030771,-0.617459219511,-0.643857446371,-0.335229436192,2.19230512034,2.33329521278,1.18877660821,2.28385631022,1.4907106116,0.442978605844,0.686425737841,1.80805082461,-0.0534172577184,-0.698689022787,0.695707178064,2.08353314639,1.3242112569,1.22637926851,2416141620.58,01030317,0.07971746
602,600062.XSHG,600062,2011-05-31,-0.093141146045,-0.11869362423,-0.335689065083,0.278859961298,-0.0861233626086,0.815039240785,-0.372316293422,-0.168707566707,0.286550903109,0.0842594089114,-1.02855996432,0.528775119103,0.50388297164,0.377379116456,0.280508616611,0.337884977262,-0.22560800408,-0.281370036085,-0.227230606173,-0.792178677956,0.725593037618,-1.93310159512,-0.404420018862,-0.399333927527,-0.655545807443,1.57487609773,-0.992357892077,-0.0154458868433,-0.177620419368,0.884503590939,0.942224854949,0.855214502536,0.911850140747,0.862964343507,1.79921354167,0.13933010788,0.399333927527,-0.18164321362,0.594726065332,0.679742839621,-0.263967917367,0.121409970356,0.0804865889921,-0.156550839848,-0.040102914512,-1.28690394108,-1.28502719806,-0.215031640734,-0.463979991611,0.0931482586769,0.066559404286,1.08623102882,1.29045510463,-0.543834559837,-0.0134586051071,-0.61949052163,0.877124781684,0.900952145122,0.824142823823,0.910873964308,0.839555716832,-0.0463524319692,0.577491400894,-0.563413853809,-0.324956769385,-0.204765799302,0.116860631462,0.134016310528,-0.377379116456,-0.139240056544,0.116860631462,0.147475463175,-0.376959131775,0.211187846286,0.211187846286,-0.28805377834,0.619514940526,0.518532598137,-0.235370613795,-0.152550947482,-0.321859625268,-0.304718116521,-0.265801688531,0.313175118536,0.686642619767,1.17815018616,0.787867144399,0.458286912846,0.644144680598,0.142504723633,0.470912513848,0.348751238881,-0.566296575167,-0.650667460231,0.040102914512,-0.765111555444,-0.021155356119,-0.219085922693,0.70943673587,-0.159103215107,0.442238223875,0.00726927715678,-0.262419077339,-0.526795973313,-0.554382848269,-0.548607227732,-0.737119842109,-0.512963175272,-0.539091458059,-0.0484502236796,0.195437943619,-0.238961380899,-1.38710861196,0.643118989416,-0.246857665205,-1.127715234,-0.163334369917,-0.694678366513,-1.57452061691,-0.323445800833,-1.1350006191,-0.0898997124896,0.780126421385,0.301142313013,0.171632251703,0.14570123413,0.797466075428,-0.69258207776,0.145919034135,0.699661053064,-0.59680751921,-0.121709198164,0.45949223266,0.284813929656,0.29025724387,0.191349429378,0.807154911157,0.92662761626,0.723629993673,0.663792198951,0.884664360714,0.767890186958,0.997902386737,1.3758923929,2.53368204983,0.429382155628,0.562626239643,0.721358070851,0.27533262572,0.880786157827,1.32447373207,0.934296372609,0.650215131346,0.663472880089,-0.267765208164,1.08532734788,0.743459492654,-0.631226765023,0.610156354032,1.91434752383,0.239389208842,-0.505687128202,-0.648348184134,-0.648302652092,-0.648800599422,-0.233399891637,-0.334619530558,-0.219394475913,-0.121175708521,0.263280116559,0.152116124876,-0.426456849661,-0.419035734323,-0.424681566603,-0.474282549303,-0.273592912527,-0.127892637185,0.738764271344,-0.631372204515,-0.946501430064,-0.304251104051,-0.388253645196,0.443793319904,-0.233263776314,-0.750403295117,-0.75501312081,-0.751431228538,1.02020680187,0.929633191313,0.383634680643,-0.69391056186,0.393497822805,0.321762655054,0.972813786949,-0.893748298156,-0.991541349443,-0.834095212392,2.2012204061,-2.36976196401,1.30354542092,0.530853854633,0.752339866421,1.17947553873,1.17947553873,-1.17947553873,0.483941829956,1.06286692981,-0.690457733965,-0.690307848322,-0.689337395394,0.78839593292,1.03458545563,1.90087226942,1.13580538138,0.217211715092,0.696100600177,0.235125343073,0.585253354959,-1.26698864874,-1.35895090735,-0.384055519899,0.79412013383,1.91090120815,0.876141592512,0.848541084988,-0.6158984033,0.878274588474,-0.975880371391,0.937734882271,0.939655579515,-0.863304978098,0.378788537335,-0.107339972743,0.717124816049,1.7174982987,0.78744609274,0.718251829262,0.882144953718,-0.607237746264,0.929489601517,-0.718787603353,0.572250777011,0.983231771493,1.3242112569,-0.799047190485,14492492281.8,01030317,-0.02209073
609,600080.XSHG,600080,2011-05-31,0.0761214777048,-0.124392844582,0.150661371169,-0.288955235966,0.0829800083423,-0.317438707822,-0.392458393057,-0.168707566707,0.553782824035,-0.4883273186,-0.313409639199,-0.793277980687,-0.875399334836,-2.86596547707,1.53212677014,-1.31158075163,-0.252466099803,-0.00872127194375,-0.192750340062,-0.522455820069,-0.146931750699,-0.632033130036,-0.197853909342,-0.239218415197,0.800086328688,-0.357643553405,1.34730525119,0.93161928193,0.958585443619,-0.919520882163,-1.01986258782,-0.917665616484,-0.932796888122,-0.963975193403,-0.303503351774,-0.288187638268,0.239218415197,-0.629312497506,0.449177449697,-0.91695584309,0.506961249837,0.12005203667,3.36640889475,-0.796815902498,-0.204638686436,-0.381437774999,-0.913777797812,-0.28363866065,-0.511964493746,0.232816860368,0.0208881856529,-1.02510734587,-0.84032323763,-0.580226587032,-0.0424700709807,-0.706862131739,-0.910873125781,-1.0144026994,-0.899310027872,-0.932208352107,-0.975681340789,-0.227386582489,0.502047359379,-0.588655142616,-0.325951631688,2.38303424347,0.404383212073,0.113920736215,2.86596547707,4.36283691729,0.404383212073,-0.684453024424,0.0195265164083,-0.310409018617,-0.310409018617,-0.492255803739,0.111139674638,-0.263608873458,-0.338542963041,-0.139823095294,-0.310133560927,-0.125168412722,-0.865490046551,-1.11260400408,-1.50771871425,-0.967834860971,-1.20349283997,-0.147915004075,-0.595111885677,-0.234274488826,-0.628997759409,-1.08367143512,1.05378481241,0.162589080416,0.204638686436,0.489247662261,-0.00187098347108,0.440626131302,-0.678653344517,-0.91240083895,-1.22671708756,0.349702844775,4.77654880985,-0.10043504392,0.121498101826,0.0779892445387,-0.311590090986,-0.0828020380483,0.239126071895,-0.196174903366,-0.0899329596529,1.50418697311e-17,0.0,-1.53265729264,3.57830521427e-17,0.152031395543,-0.613277076033,-2.26896942171e-17,3.15997095988e-17,-0.515833021184,-2.08254144934,0.290971393852,0.225160599572,0.0028160314507,0.597637548398,0.339044269664,0.149203330241,0.854533017734,0.420179839687,-0.621824169146,-0.0874484369777,-0.0550633882725,-0.204679427364,-0.188317099665,-0.760602019534,-0.783128503577,-1.49984556404,-1.30216341017,-1.42931079605,-0.403879713121,-0.912431900923,-0.884974747887,-0.847796150774,-0.846184258727,-0.798950330774,0.390691835601,-0.892952518072,-0.869076393873,-0.822055997343,-1.25331383669,-1.09972466227,-0.849741176364,-0.60177665897,-0.778620957945,-0.268264113986,-0.765384943158,-1.51784771912,-0.572036838459,-0.782073746848,-0.757567790367,-1.47504580778,0.731787070011,-0.126574066285,-0.122260531079,-0.116692906438,-0.339090878353,-0.383180746513,-0.275263192202,-0.390415649189,-0.213143533539,-0.210377768241,-0.110525239147,-0.103532267793,-0.0650908428495,-0.124615441463,-0.00518806047472,-0.0619739998948,-0.805592984503,-0.452676442487,-0.557308908902,-0.224600354011,0.0500931201754,-0.474501540845,-0.339495838096,0.081424877652,0.100438411536,0.0908846379459,-0.814058189849,-0.0302999755767,-0.853416749637,-0.864721204895,0.295178128117,0.239657111101,-0.740271713415,0.939710448585,0.191502018831,-0.459096083602,0.0613886169032,0.501250544522,0.666140445562,0.299492115205,0.206547004641,-1.30499531422,-1.30499531422,1.30499531422,-0.310946506086,0.0421812280706,-0.319534573034,-0.314143220096,-0.308712569346,-1.35198529074,-0.579015155565,-1.52595856473,0.128569262713,-0.104041127238,-0.177363731594,-0.128111525088,-0.653943266713,1.7121414468,1.55998938364,0.743097348077,-0.223571706205,-0.665362685537,-0.917169438553,-0.923188226919,-0.311377108964,-0.920060515184,1.56654071411,-0.949495560554,-0.950429432205,1.64173678853,0.113725919515,0.18830349278,-0.00575898882141,-0.467617239429,-0.0100515312099,0.0781963366768,-0.410597053525,0.0350697637925,-0.332309347374,-0.559989957838,-1.54194009102,-0.722046304382,0.110561502991,-0.106308189867,2158441815.04,01030317,0.01272984
614,600085.XSHG,600085,2011-05-31,0.534714216267,-0.131259801371,-0.272670011484,-0.159456480978,-0.0185300139527,0.832364520091,-0.371621738262,-0.168707566707,0.316978300046,0.767559060966,0.403854430728,0.732167903686,0.434918856316,1.40744448579,-0.844199389899,1.08370899602,0.204121527501,0.124278125198,0.130502154727,-0.799751111132,-0.77879535914,-0.126433330041,-0.378691802712,-0.430817314783,-0.000511346183653,0.742723507739,-1.01239013414,0.0562092936634,-0.199328320592,1.83712350634,1.83465407469,1.90906240233,1.76790112862,1.92352194246,0.897336353243,0.704987683811,0.430817314783,-0.377711026563,0.197775295417,0.544243180767,-0.27121093949,0.120872746129,-0.784055469276,0.0442921049372,0.36558827238,-0.670268668779,0.279523845858,-0.476234270775,0.877869642095,-0.738803080886,-0.0116360518477,1.28170889641,1.48773281797,-0.580226587032,-0.0223816900367,-0.649351704832,1.88379930146,1.71836383259,1.92885307393,1.7556083941,2.00219395822,-0.169733462188,0.465178583341,-0.591810303716,-0.422784895848,-0.172840690981,0.160122130859,0.132527369554,-1.40744448579,-0.0935214769061,0.160122130859,0.277079640095,-0.140631576091,0.28135885309,0.28135885309,-0.000463787583845,-0.228548185833,0.382040305875,-0.000916668064761,-0.14324124348,-0.196612919949,-0.23705502135,-0.865490046551,0.434991371797,-0.857861373628,-0.413156884702,-0.78150939222,0.285086365154,0.195388820944,-0.18703977706,0.0869237937297,-0.34206359235,0.302543785494,0.641755258297,-0.36558827238,-0.374916442451,0.401163983746,0.234466114428,2.23448201089,-0.250412017997,-0.160069574581,0.185648976348,-0.178020929248,-0.219508816994,-0.554382848269,-0.305152547423,-0.815133629815,-0.225032736647,-0.363112619628,-0.192630739697,-0.450581559232,-0.351684998935,0.616144494152,-0.729391048972,0.43178791249,1.57397209503,-0.430102254771,0.104492415381,1.53047808217,-0.345760864746,-0.637677563846,-0.199154923279,0.471546287705,0.167341489056,-0.0115028666184,0.49411418698,0.797466075428,0.91755196256,-0.52280330039,-0.610075363537,-0.782350289841,-0.319358611478,-2.98474730929,-0.136481420717,1.86349517166,1.90547859123,-0.778094675104,-0.655668928305,0.0897234800116,-0.235891095487,1.74815500927,2.0837231513,-0.118150977371,-0.409853220898,-0.059906800545,0.458464998883,-0.571572623502,-0.418260022583,-0.737878892049,-0.529856482169,-0.518651570563,2.62735276337,1.207517404,1.88885427395,3.72797151817,-0.946955925887,-0.85476881284,2.76667539037,1.165872333,-0.335573346991,-1.34272950364,0.381594629383,-0.459724299692,-0.455865585857,-0.444195879814,0.737262971926,0.775450849525,0.468033963341,0.960527514494,0.26824045213,0.230942970082,-0.0817125341271,-0.085305769326,-0.118582308242,-0.104802176011,-0.0813497158053,1.2341015683,-0.831282695465,-0.0658670531168,-0.656885858908,-0.00213877075102,-0.214855175589,-0.0626192871265,0.736680737964,-0.546943559496,-0.534529126419,-0.543392048501,-0.52351679009,-3.09547872127,-0.554121132165,0.125436221262,-0.226580850225,-0.245009923294,-0.226906337685,0.555445434595,0.235792754886,-0.704824253579,0.328867590553,0.501250544522,1.14419417708,-0.773159105822,-2.18335105732,-0.448257383022,-0.448257383022,0.448257383022,-3.28817248781,-1.90557931385,-0.496976129853,-0.493710979041,-0.486334051644,-0.968192795462,-0.399726198766,-0.83313809113,-1.60350032453,-3.10387192692,-2.63824107766,-3.87957426183,1.72298429419,1.24902586423,1.49920749581,0.651615001077,-2.60528767666,-2.83632290877,1.85663677128,1.93081284881,3.86384198266,1.84110537885,0.586253977161,1.69348908485,1.6964669491,0.811145609555,0.084767964723,-0.0907183598872,0.227342048118,-0.276436931566,0.860776581794,-3.22968942757,-2.6004960427,-0.458604603441,-0.127175053966,-0.669114375989,-0.590296999569,-0.37040359694,0.717386379945,1.12098897137,17286224166.8,01030317,0.07442001
658,600645.XSHG,600645,2011-05-31,-0.418938221041,-0.0770491434702,0.354672205702,-5.96823645579,-0.132823165717,-0.682261769848,0.195135272152,-0.168707566707,2.69031526114,0.534912307365,1.88312350225,-0.793277980687,-0.875399334836,0.954238411947,-1.53931732924,-0.58728061022,-0.118175621185,0.0511284567703,-0.270330938811,0.41580470964,0.072223536507,0.616616685813,1.82492682561,0.0578498316965,1.13280224552,-0.892544208127,2.17890012034,0.107246709968,-0.323134922081,0.319564114516,-0.268538538247,0.303726617987,0.319439161934,0.0100649501138,-0.885627862516,-0.0356953486483,-0.0578498316965,-0.342624710326,-0.851938962805,-0.14790372527,-0.338208894127,0.121365350999,-0.631684072034,-0.511167471686,2.11850818282,-0.82189154093,0.0143457028201,-0.287771613657,-0.0696005160623,-0.434399381958,0.143790713537,0.155521317804,0.340657469452,-0.580226587032,0.177861487665,-0.287699597167,0.282159908667,-0.445245789546,0.389553352494,0.332711665104,-0.0828039546679,-0.032021002381,-0.857515644982,-0.56814659546,-0.57035613746,6.72067965128,0.164337353877,0.150674774675,-0.954238411947,0.672900667161,0.164337353877,0.869349007245,0.498113408979,0.376672565914,0.376672565914,-1.109458067,-0.0593320833554,0.277101398165,6.11779976243,-0.140379977874,3.2051102727,0.664813561685,-0.865490046551,-0.316597797427,-0.585387555925,-1.07855336113,1.41883287103,-0.289210187718,-0.231504573752,-0.566015952856,0.380886450279,-0.419145942309,2.11946934088,1.26573725879,-2.11850818282,2.99740385687,-0.461832745055,5.07922651095,-0.828093404957,-0.330307220526,-1.02226589369,0.509135477472,2.06660758615,0.118507054958,0.307948019094,0.241622718189,0.319612373179,-0.0342354580392,0.243036712749,0.0173832728001,0.0,1.50418697311e-17,0.0,0.0,3.57830521427e-17,2.1048950723e-17,1.92945829313e-16,-2.26896942171e-17,3.15997095988e-17,-7.91523889858e-17,0.0,-1.00825233569,0.373470431264,1.86116080862,1.56047239794,-0.33756067191,-1.14732216013,1.23737310756,0.171877875813,1.77850789856,-0.598795477467,2.83396793674,-1.95350110889,1.32396274185,1.08642706196,0.995789557478,0.492647725675,-0.547976638267,-0.48860217803,2.32197654444,0.211335271583,0.546807177137,0.421621116174,0.432346786317,-0.960765100193,1.60547743495,0.921308058124,0.554328412938,1.51522568391,1.07211750656,-0.340475215784,1.26582665526,1.72937998107,1.17019756572,2.00425190405,-0.620045636431,-0.576751423884,2.00867642221,1.48362469841,0.262738977968,0.726295740562,3.64686804209,-0.423928057083,-0.419846210502,-0.405160498799,0.482187808888,0.162694398759,0.651252597991,-0.252281934673,-0.324530172147,-0.426133710166,-0.0172158576174,-0.00143417981782,0.0670908227652,-0.0631193218786,-0.282877412537,-0.289802311777,0.194412816954,-0.200931512615,-0.26289143643,-0.00626030297415,0.169253918128,-1.26765621959,0.485782549307,-0.934300653077,-0.92006137975,-0.934002057849,-1.29035458015,0.986181557692,-0.06401411801,-1.08077707199,0.11867322214,0.227930680754,0.807737823521,-0.297704697221,-0.790131321402,1.09720751474,0.0613886169032,-0.072951957184,0.0287354702007,2.34722894088,1.45469137794,0.31513137892,0.31513137892,-0.31513137892,-1.09650861287,-2.93935744378,-0.649956419035,-0.649750648122,-0.646483928282,0.138900940914,-0.0112667923672,0.827838042138,-3.14730147839,-0.847158965817,1.13696262106,-0.312707310547,-0.575350724223,2.11283136552,-1.5869866393,4.4261088736,0.205972153535,-0.749702699766,0.320877454512,0.269359078173,-1.01771629953,0.331435305667,0.178328205981,0.306389946146,0.337011216397,-0.54752111133,1.12538133211,0.932101758394,0.87653618407,0.11288420477,0.826167332287,-0.193292496939,-0.104246721555,-0.283429827971,2.38754767299,-0.744125497244,-0.733043463286,0.543363295159,0.717386379945,0.559759204249,6260290237.8,01030317,0.04620976
672,600833.XSHG,600833,2011-05-31,0.302700949949,-0.128661555756,-0.346014220757,-0.126876842435,-0.0303232558658,-0.683864548991,-0.235025890164,-0.168707566707,-0.0957759540582,-0.20417126999,-0.79780948996,-0.197627682979,0.228026510345,0.201541966405,1.75113653185,-0.362796681272,-0.161148574343,-0.00872127194375,-0.128099841104,0.326017287696,1.27040898525,-1.04094036192,-0.119620388771,-0.198065130427,0.0202833986182,-0.563962377369,-0.930720224197,-0.294630693912,-0.172968726248,-0.399058825379,-0.438284378394,-0.392394765296,-0.404200469722,-0.413468886077,-0.527829190021,1.22318746858,0.198065130427,0.472293942841,-0.366776910686,0.12675774538,-0.258082961892,0.117669291323,-1.28091872115,2.91274578277,-0.960029782611,0.00509377231539,-1.09940249794,0.159413901698,-0.514188126685,0.240158693552,0.0338517692805,-1.13387863805,-0.950096032177,-0.580226587032,0.0711963031994,-0.309818992132,-0.40549051671,-0.466948740378,-0.380076648086,-0.398908998935,-0.414613301754,-0.116100297761,0.150532045249,-0.380414509963,-0.61446169956,-0.347118427823,-0.0455363816613,0.132714374859,-0.201541966405,-0.390245371218,-0.0455363816613,-0.606980136545,-0.729226047349,0.0415888656733,0.0415888656733,-0.196130037002,0.14705803109,-0.260262302369,-0.0852744410323,-0.125618609936,-0.106881176559,-0.347983267256,-0.865490046551,-0.437791745435,-0.168662893557,-0.622653654604,0.092599178112,-0.29262861958,0.00553057262932,-0.607758256277,-0.0263743134821,-0.685406968999,0.268626996515,-0.128342527315,0.960029782611,0.939602540514,-0.283178611551,-0.621097955597,-0.557966308365,-0.535358454602,1.48596052653,-0.432210240799,-0.495691211975,-0.353946947884,-0.362106371087,-0.253268763095,-0.375419553655,-0.318696855236,-0.284899802547,-0.0940885505117,-0.0899329596529,1.50418697311e-17,0.0,0.0,3.57830521427e-17,2.1048950723e-17,1.92945829313e-16,-2.26896942171e-17,3.15997095988e-17,-7.91523889858e-17,0.0,0.018002492593,0.143829401548,0.194101653848,0.0859595997842,1.28183874845,0.149203330241,0.749370153554,0.46306836072,0.254909165367,0.384139438376,-0.284275693947,-0.0862088817221,-0.765119486881,-0.479382423672,-0.547508466057,-0.263313477698,-0.419570843649,-0.50589868718,-0.102190167167,-0.388413134377,-0.371533311246,-0.672390383149,-0.232823692004,-0.713103440529,0.257630089458,-0.655464682785,-0.733525707369,-0.359520415531,0.280948898344,-0.737815304915,-0.447190194769,-0.623716827375,-0.585810621589,-0.400474156747,-0.20920507782,-0.151548358423,-0.193740708171,-0.636792402187,-0.803016760698,0.221834372452,0.140478522721,-0.492765324222,-0.493139716525,-0.492539315553,-0.516080457753,-0.535210242519,-0.49444273856,-0.460235990506,0.217046944538,0.200431305589,-0.470547515997,-0.467739419554,-0.478963138445,-0.490222258955,-0.0305766492999,0.103040998454,-0.0143498868654,-0.47770133701,-0.578466298753,-0.443007441233,-0.437355391726,0.300647356317,-0.516577392427,-0.363821132213,-0.363863419372,-0.362972491384,-0.713956268614,0.546428123247,0.137961701241,-1.10396666678,0.0142022049633,0.0471682555665,-0.38896352785,-0.112898520192,0.136947966873,-0.565459904662,-0.116930698863,0.501250544522,0.347437957881,-0.0645246289523,-0.105705329911,-0.767718984488,-0.767718984488,0.767718984488,0.0266975345356,-0.515818061414,-0.548545155622,-0.548070490688,-0.547690081924,-0.200607804908,-0.489370677165,-0.632059268673,-0.613746274679,-0.216126596953,0.138570175642,0.101144531046,-0.417117738678,0.520995265402,-0.491461521986,0.407662075743,0.169316022552,-0.282597211336,-0.396955937367,-0.392709310134,-0.70704995665,-0.396984906266,0.336438970004,-0.411032301424,-0.406906260756,0.0760856843887,-0.0326511968248,0.0739566293677,-0.126676390243,-0.752978668797,-0.475505959396,0.264125053032,-0.275418103576,-0.962895623733,-0.60578179033,1.40252994569,-0.74718950924,-0.0906018727383,-0.496263373963,0.790691568468,1956785961.48,01030317,0.05781759
686,600993.XSHG,600993,2011-05-31,0.342388484246,-0.129197099425,-0.342453822249,0.132799548864,-0.0753370900043,-0.201809641092,-0.421861228156,-0.168707566707,-0.274812521543,0.498898547161,0.103702668656,-0.604413252145,0.205038471904,0.858946020951,-0.579295921884,1.04066124131,0.118175621185,0.0245285773418,0.0572315892413,-0.541927791093,0.142885755279,-1.02841000752,-0.461922890449,-0.472083040222,-0.541174711032,1.61384743114,-0.333348492996,-0.00192604146465,-0.260158153694,0.229125000205,0.242941863963,0.206512281019,0.25551147337,0.211595770488,0.428102417262,0.698368386176,0.472083040222,-0.344844167746,-0.21681773094,0.449027204275,-0.274832450551,0.122699272663,-0.729731753738,0.121477220539,0.0193264240037,-0.471130178243,-0.516010583255,-0.372083854999,-0.409205806851,-0.0320756120466,-0.025668580932,0.174148817381,0.367401300131,-0.580226587032,-0.0321742037543,-0.787597923358,0.22373143621,0.244199824485,0.178330854044,0.243595801574,0.217179327031,-0.133782253124,1.56587861195,-0.658068686833,-0.481150150957,-0.374953627988,0.122628831381,0.1247197008,-0.858946020951,-0.408395303586,0.122628831381,0.271287274646,-0.838289933571,0.227873460282,0.227873460282,-0.00112038573626,-0.495903679906,-0.611652266686,0.113547430072,-0.644152887922,-0.182277047206,-0.186812631732,0.934294941504,1.06943157716,1.09753896518,0.913294166182,0.771791584485,0.188230795721,0.761511597739,-0.0530250134448,0.491122446485,1.46849916785,-0.116502897028,0.505779180689,-0.0193264240037,0.349249703853,-0.535938631213,0.0076900958675,-0.348750223749,-0.7077431773,-0.0225183126495,0.0488603987299,-0.535173607434,-0.357788037338,-0.670914046562,-0.444839659076,-0.907331742558,-0.353387269528,-0.539091458059,-0.157729916129,0.417164976377,-0.152250905486,-0.0908860138882,-0.609217358975,-2.3560221126,-0.748531047466,-0.490581228015,-0.618816000965,-1.00527085541,-0.296781794751,-0.275329254004,-0.617910189399,-0.38482338561,-0.763317575351,-0.11210928355,0.160819115827,-1.14732216013,0.602457238427,0.351896799622,1.40561102488,-0.248473055775,0.93262634098,0.803854803152,0.170705857879,0.127096817969,0.432522801116,1.21672990387,1.23083816013,1.74074910485,0.574086618106,0.253229384249,0.111223740016,1.51461824073,1.71008465248,1.72970879813,0.421811645572,0.907787326017,0.57477351808,0.946458738988,0.735070454587,0.869294507362,-0.104068996861,-0.0551970250131,-0.0376556157508,-0.548649185805,0.876653524241,1.14041480202,-0.374556736121,0.298877721023,1.15324060564,0.743937914447,-0.357700523054,-0.708238926525,-0.708639418817,-0.710810643336,-0.380634103486,-0.327036274275,-0.341329778976,-0.281561250122,0.392760033106,0.399359060878,-0.373747373841,-0.378829305697,-0.425999185066,-0.380472062292,0.0399528996962,1.75801972068,0.337463944312,0.127474319467,-0.512446621411,-0.263207494578,-0.392253906201,0.524369192489,-0.380695837165,-0.867308171281,-0.868862778638,-0.869191133896,0.990432368142,0.218814838269,0.226970825805,2.86931738427,0.347026800961,0.203911736752,2.22621341474,-0.907527357767,-1.41795948555,-0.37611438336,0.596346564202,0.357699919096,1.46289666476,0.166266551316,0.545613251579,1.38069485913,1.38069485913,-1.38069485913,1.05361900028,1.11209445981,-0.646734332499,-0.646711635783,-0.646515169419,0.847440932194,0.82541500603,1.19720114809,1.09411737113,0.647019776123,0.625376833361,0.681728049828,0.511701575539,-0.796321870186,-0.377277811845,0.240509145422,0.371606217018,0.595624718368,0.222082717716,0.202622681836,0.00338593293893,0.224737936484,-1.4438882329,0.282512049857,0.292038065862,-1.26400551492,0.060675111255,1.36758706973,-1.27326868306,0.877047797948,1.53879805068,0.866830263659,1.19529569912,0.104078008675,0.175060133149,-0.654729699256,1.08922445642,0.897526738855,0.717386379945,-0.546073672466,6366334387.2,01030317,-0.009375
689,600998.XSHG,600998,2011-05-31,-0.153118790458,-0.115628796767,-0.493058679156,-0.231007525712,0.0210595096854,1.19581377142,-0.0555991405437,-0.168707566707,-0.525728302083,-0.676945380201,-3.91121358138e-16,0.41255067077,9.96947248768e-17,1.40063788643,3.07284405317,-0.234664605998,-0.854087444016,-0.573968709798,-0.744434597835,-8.00675206134e-16,0.21047570367,-0.877628076254,0.179925149377,-0.0769665301602,-0.801109021056,-0.594528129068,1.78207182459e-17,-0.324712349879,-6.62104718561e-17,-0.418456063475,-0.270088917351,-0.406701399389,-0.425756524296,-0.360585779622,-0.564627775164,0.301865440958,0.0769665301602,2.75502951067,-0.124195884626,1.27056453622e-16,-0.241333473233,0.121174688365,-0.896015322033,3.00022609579,-1.51061067911,-0.0530995131228,-1.15243812655,-0.290251385461,-0.605202064286,0.63965868147,0.0817813971874,1.27261690257,-1.0370414566,0.384162133638,0.063508722337,-0.0510220710507,-0.420624085538,-0.311219157166,-0.395517905436,-0.426835898505,-0.355545933629,-0.118926530382,-1.31334908875,-0.0838293664884,4.11378720586,-0.141987694506,-0.0677217659677,0.0997178016454,-1.40063788643,-0.0259404787344,-0.0677217659677,-1.03199495136,0.00307930488893,0.00707478740844,0.00707478740844,-0.0595576213008,-0.311322319148,-1.28024936206,-0.120245828224,-0.181739485344,-0.200573418664,-0.388158369962,-0.265801688531,-0.393919225104,-0.465907058323,-0.459832330846,-0.194751455353,-0.172983504399,0.0,0.398450952504,0.0,-1.27842437498,-1.57555878179,-2.46879501418,1.51061067911,0.503303682182,-1.86986502438e-16,-0.816949971626,2.10014931521e-16,0.496588447026,4.04420558744,-0.503839394619,-0.100142809766,-0.265601890442,0.523530735935,0.0141322792117,1.94371758997,-0.287475482373,0.0435940291926,-0.159605697568,-0.294551425069,-0.344748160902,-1.38710861196,-0.394169703191,0.209010640784,-0.203453779329,1.99774618263,0.056097458049,0.72835341824,-0.269012729594,0.892338174461,0.225012365667,-2.22434371739,-1.8129107055,0.0851736121519,-2.8327798047e-16,-0.823190787538,-1.40509002271,2.41167445449,0.170624255563,0.00907798060055,-1.23834918282,0.128020239672,-0.150049148764,-0.690827723579,-0.802432951096,-0.248593825766,-0.510459191013,-0.263905758871,-0.625069907767,-0.408048695355,-0.383209670284,-0.452256508541,-0.288858114341,-0.781762742567,-0.984383953514,-0.860712766633,-1.05767617859,-0.449151181276,-0.11171871765,-0.171889476019,-0.528507239215,-0.426200323836,-0.753125376278,-0.039765247628,-1.01397807957,-0.44443298743,-0.350588603152,-0.377843106096,-0.00359734890518,-0.156162303653,-0.902444319587,-1.17853654045,-1.17812300039,-1.17523936806,-0.431565389523,-0.514878860918,-0.1828302974,-0.537892943242,0.10118392651,0.0925240096622,-0.444441857756,-0.439573300826,-0.43472429187,-0.462397238175,-0.0166294555435,-1.617749144,-0.48487722449,-0.398779044249,-0.441237097404,-0.463245348843,-0.132501081669,1.26950845368,-0.431576261371,-1.38358671766,-1.37718684476,-1.38309912666,-0.697908673993,0.29930710753,0.0213477762382,-0.672747930429,0.171403373155,0.161769327739,-0.931945181185,0.575409187388,0.858210038514,0.828453461248,-0.384409672513,0.501250544522,-0.13061577364,-0.48103281584,-0.426030670343,-1.4757897202,-1.4757897202,1.4757897202,-0.206889966713,-0.501678238968,-1.16147673366,-1.16124521871,-1.15943215057,-0.333459053273,-0.549133662765,-0.623866147473,-0.534404577748,-0.187002026082,0.0859145244365,-0.0782408895004,-0.736347999194,0.362200212076,-0.314257027744,0.136603269817,-0.0445233638688,-0.0248611470455,-0.415773982471,-0.400252720128,-0.536012772275,-0.416260451595,0.412332136736,-0.433657860495,-0.429885167125,0.227343502925,-0.597412302119,-0.593517421355,-0.366364477973,-0.368530228815,0.43187317619,0.134797645018,-0.337285279443,-0.761179215616,4.82465093898,-0.789084733084,-0.471984615227,-0.185129482266,-1.70991312787,0.271302591843,17145625935.3,01030317,0.03171047
697,601607.XSHG,601607,2011-05-31,0.345692901791,-0.129239655791,-0.389807122411,0.207003277146,-0.0814369838154,2.12321231257,-0.310269365811,-0.168707566707,-0.0472685096657,-0.369599462261,-0.338774576839,0.078405381812,0.0211341643734,1.0086912068,0.799700681795,-0.50537431182,0.300810672106,0.217377703198,0.0486115227136,-1.01286101623,-0.960059311643,-0.242756786711,0.538269224673,-0.0316529406454,-0.426803614622,2.27024694887,-0.893223976237,-0.159094243991,0.454174925608,0.161946305582,0.295117288737,0.196846456147,0.138033032821,0.256220670613,1.67073034609,0.299035281898,0.0316529406454,0.740659400681,1.03137191224,1.43414634567,-0.240428095468,0.121507452004,-0.974850957998,1.12732763003,-0.982622754278,-1.16731407009,-0.118243368699,-0.296864110272,-0.596096691268,0.588483063183,0.104129693134,2.38062049349,1.29067890238,-0.560514238968,0.011892107975,-0.621702461127,0.159519562615,0.309685602087,0.201527495311,0.138722590786,0.267169687489,-0.937185004424,-1.35241909276,-0.495577890142,-0.286820381103,-0.0670589887826,0.0188012328273,0.133169657817,-1.0086912068,0.185396233758,0.0188012328273,-0.642458374919,0.304791267022,0.115645563407,0.115645563407,0.209319322111,-0.182419367427,-0.308548542363,-0.0685320208011,-0.14797016677,-0.329305290558,-0.370683924442,-0.865490046551,-0.397264115838,-0.713610528962,-0.584662012394,-0.695103257681,0.209880864183,0.142458642626,0.749965086576,0.636266508157,-0.674842348499,-0.119038731718,-0.189960749864,0.982622754278,0.639928195809,0.167267280561,-0.63140595644,-0.411552882061,0.453689052565,1.27338130354,-0.265845754506,0.0606121177989,0.0532085342397,-0.245575172795,-0.0377515051165,-0.45343334136,-0.107085328053,-0.167580576926,-1.26460767162,0.456856852612,0.191989681901,-0.503320476912,0.276272988372,-0.33246189461,0.673409652021,0.977424194372,1.02661254834,1.37522814721,-0.292896264453,0.840703540309,0.780759459557,0.512211886717,-0.0407931259869,-0.0790978029944,-0.0316308802826,0.149203330241,-0.492890796341,0.331016861751,-0.617907900609,-0.84375611155,0.525007426256,-0.635593018248,-1.36383897325,-0.0214720251279,-0.00539726861903,-0.296764767724,-0.549770015286,-0.133074541802,-0.495470665592,0.154693419986,0.242557029404,-0.265266497946,-0.450122712975,-0.0882148423698,-1.38297608062,-0.0377694531159,-0.572186062845,0.463881673866,-0.518511922008,-0.962092518837,0.896121617941,-0.596140400169,-0.228075741325,0.568400949075,-0.86738377292,-0.707583136334,0.699410395777,-0.393649802711,-1.03023229584,-0.0430602483025,-0.389594187957,0.14708715537,0.156618352912,0.178001594834,1.25000310791,0.886576549735,1.52215103306,0.940748322204,0.0202608883496,-0.307229711932,0.660058481041,0.671817900666,0.691047077614,0.57773327267,-0.849865888431,0.709746605668,-0.766923209054,-0.0831500292015,-0.539118582552,1.15241450455,0.940317768781,-1.72560326452,1.25572711717,0.137576233111,0.159384630155,0.143735590271,-0.822670771429,-0.964760905358,-1.06311857204,0.146017695366,0.279159323371,0.22841170491,0.165534186449,1.57052929867,0.505461380238,-0.146319736157,-0.919367619811,0.501250544522,-1.08672323668,-0.855604904459,-1.16326910012,-0.431661975154,-0.431661975154,0.431661975154,-1.07966958783,-1.16834468244,0.560106000061,0.567298679013,0.574797708886,-0.613922799822,-0.847948590764,-0.398924721683,-1.1140023977,-0.942475743212,-0.979588064674,-0.837465490984,0.0596589518408,0.451714875101,0.51276638046,0.780367933892,-0.73345777084,-1.23161430253,0.170333093679,0.210955871668,0.674220398601,0.169048504572,0.529334102113,0.11426054463,0.11627068011,0.280416421709,-1.0616054019,-0.491967687067,-1.21511308069,-1.05707408878,-0.0680762795581,-0.82298205224,-0.854282564094,-0.325896440206,-0.396985573475,-0.4276666494,-0.534998819931,-0.812792809528,-0.496263373963,-1.18802849394,46574709135.1,01030317,-0.0416429
718,600267.XSHG,600267,2011-05-31,-0.00595384253975,-0.122037631709,-0.139155067418,0.110516435767,-0.0731771024031,1.04248123343,0.483144145091,-0.168707566707,0.214671690054,0.253214171173,0.687800815974,-0.183099626938,0.434918856316,-0.614115523187,0.735387052554,-0.0551785817263,0.0752026680265,-0.00207130208664,0.169292454101,-1.1524101419,-1.15873279631,-0.684660618511,-0.124000972336,-0.199077096446,-0.489187849028,0.620460500945,-0.54805303611,-0.0293037283564,0.00904367632541,1.87182097679,1.92289131742,1.85815505063,1.91956483892,1.88975505436,0.623737833194,-0.188874784009,0.199077096446,-0.10552054636,-0.110964192296,0.262257404233,-0.214172140272,0.127250984669,1.30144521994,-0.578557717219,-0.394714339374,-2.89389283254,-0.277350254521,-0.204285962916,-0.467161615984,0.101424112059,0.117632989419,1.37684219782,1.49265636839,2.4342463323,0.413339410987,1.54489227562,1.82665043169,1.89205687282,1.83023755834,1.890879637,1.88278453459,-0.0298529489333,0.543225379757,0.695495425408,1.53311439186,-0.0929087966395,0.086910362648,0.134164652289,0.614115523187,0.0506467358773,0.086910362648,-0.749617135724,0.00294449167976,0.189930831196,0.189930831196,-0.0441275647191,-0.169796725141,0.0930399882843,-0.0878721439022,-0.138225106738,-0.201639753121,-0.245142886191,1.53398329952,-0.0223252009488,1.36127030745,0.531206793096,1.34247396144,0.049214566653,0.188484884642,0.286405822269,0.331892674188,0.843638529129,0.611915617674,0.88432826099,0.394714339374,0.224432246959,0.478343579955,-0.394321937036,-0.155802297612,0.849229340946,-0.148815380423,-0.0685189888208,-0.0750044772443,-0.526795973313,-0.880670203488,-0.604482072394,-1.17683391827,-0.38807768382,-0.711159655637,-0.0609309304076,1.62776720153,1.1596785875,1.97128630123,-0.539643117398,0.762859691273,1.57397209503,-0.379703110402,-1.08445396881,-1.57452061691,-0.280811908756,-0.426609673363,-0.132857643667,0.261042010465,0.222844053068,0.13626280825,0.0986252987213,1.44572882061,0.891950516225,0.492413138269,0.466387666332,-0.471345264783,-0.329185348412,0.601902422239,0.629573378228,1.35862640664,1.66483410846,1.72568287813,1.15730970232,2.21524297474,0.810911357251,1.91307686693,1.75115759881,3.63394229265,1.64385488204,2.80389629059,0.753484133661,3.27392192644,1.96762965985,3.93244805935,1.03867733819,0.469488584749,0.58452168828,0.658518302848,1.20366051666,-0.452360362208,1.81945932629,1.40207822692,0.713856200523,0.862092440021,0.599481003352,1.49049881725,-0.2447969493,-0.491606383122,-0.494322742563,-0.496468358992,-0.320653261589,0.0223900502648,-0.290225096136,-0.024869318065,0.331369817564,0.518050546739,-0.403061971144,-0.418414933002,-0.482877949292,-0.353119321038,0.504362663678,1.14813731167,1.53135945903,0.344231413668,1.45009561913,-0.351862053753,-0.480038457737,0.353464315628,-0.320190175357,-0.792542532184,-0.795264279743,-0.794365423436,0.26220507355,0.983077243328,0.322132911434,0.279875237169,-0.171478952189,0.252322125169,0.183535019607,-1.2049981944,0.982064112485,0.488052530621,-0.741048304045,0.214149293669,-1.08672323668,-0.277343195677,0.00241528454591,1.07022243693,1.07022243693,-1.07022243693,1.66707763573,-0.790497204854,-0.293820445535,-0.294838762726,-0.295625657213,0.995053430377,0.407074106831,1.54684783317,-1.12610536842,-0.194062528111,1.94073564976,0.643022481909,3.22160857508,-1.18920399889,-1.44485818673,-0.586220212653,0.643621967876,0.911927190458,1.8644032705,1.86180836678,0.825115479426,1.87758032841,-1.5893501358,1.96627943934,2.01100951635,-1.74431542992,0.440659550476,0.133744324984,0.575015118846,0.349741062046,0.196575968321,1.34547330426,1.96108859718,-0.617854399323,0.783698442063,-0.656817418101,0.694421173886,0.733678882341,1.3242112569,0.444201208867,18835723798.3,01030317,0.04040123
734,600466.XSHG,600466,2011-05-31,0.0182460840059,-0.122797493574,0.0221309850143,0.125366131612,-0.074635884065,-0.913214612043,-0.390374727577,-0.168707566707,0.0717952174797,-0.847823726093,1.50370631006,-0.793277980687,-0.875399334836,-0.694660282243,-0.0148345545641,1.62361162437,2.75026900211,4.42015865289,1.94933619207,-0.152127778558,-1.40144215644,2.97733545456,-0.560578568204,-0.576990184186,4.77188258585,-0.862742600221,1.7700369234,-0.037753631718,2.3935731339,-0.489691098769,-0.992327854934,-0.552184196543,-0.463417913536,-0.792836611382,-0.932405724987,0.0907496089881,0.576990184186,-0.554700950192,-0.812243885814,-0.946253066626,-0.271663628373,0.356486784401,0.685334787612,-0.572034218294,0.596429504632,-0.315770122623,2.42746680446,0.24372614304,-0.363798319491,-0.116050544261,0.056687378597,-0.0202202704688,0.173816249605,-0.580226587032,-0.0157923350117,-0.653775583825,-0.481581536541,-1.08697070136,-0.545521528283,-0.457440719952,-0.845375396069,7.36407900422,0.648755260295,-0.637560139678,-0.513980606957,0.251318521812,0.116638777619,0.136154641233,0.694660282243,0.676819402559,0.116638777619,0.76870665757,0.847144807533,0.132559747458,0.132559747458,-0.450561821061,-0.177099353269,0.314152720933,0.76825864704,0.0370101882414,0.54461122281,0.330313623395,0.934294941504,1.6601548385,0.85129257378,2.96809927201,2.11008194734,-0.130822844763,-0.774614229538,-0.752757836582,-0.692077246127,1.81081731462,3.80928618243,2.50564149228,-0.596429504632,0.498805755807,-0.193198907733,-0.0747739108819,-0.625308917879,-0.442868934433,-0.580226156479,-0.043102192304,0.502307833599,4.52423665869,3.87962924675,5.31026934102,2.36924734109,3.87884327412,4.43915434913,7.31905088669,-0.0899329596529,1.9686873231,0.881280934667,-1.75402987947,0.29461487019,0.152031395543,-0.749180975679,-0.111322934885,-0.0220212673693,-0.293038852721,-0.0126267293685,-1.10228623228,-0.238905647978,-0.0338553054855,0.544190389403,0.0725995783327,-0.499059414945,2.00581036604,-0.766026360458,-0.481349319471,-0.856567398093,-0.0794102290339,-0.137771191742,1.39980286273,1.03257085634,1.07115623615,1.27335854639,1.76411675073,1.47592267514,3.89295242363,-0.584105095903,-0.509599000112,1.27025993268,2.08105641703,1.02539063967,2.02230124822,1.59626870877,1.59071134584,1.05554153265,1.17898360243,3.28528860782,0.602043539397,1.18280034711,1.11601945468,-0.012824333254,1.06889200636,0.889158445155,0.173734594592,1.89298037731,1.89506982291,-0.98875063852,4.86967115445,0.918001744835,0.897318475032,0.84461861648,4.77225014129,4.52152141204,3.5353543861,4.82977094479,0.0406121166938,-2.02165453135,4.80515053808,4.87598886475,4.98210570405,4.5147299994,-5.3568067331,0.383238887962,2.10031895234,-0.00922543330341,0.319770866966,4.25212661387,4.06019024941,-0.471500577247,4.76576610309,1.38040584669,1.3012947954,1.36305604669,1.97544696283,1.06770004658,2.01469835078,-0.890288583624,0.32899137709,0.273941814536,1.83890356286,-1.34759359227,-1.69415588168,-0.979310489048,0.685506222085,-2.08266071316,-1.08672323668,2.67986493123,2.64372981533,1.79143120387,1.79143120387,-1.79143120387,0.846542169232,1.86936050636,1.52390246829,1.49275461574,1.46288012746,1.0098146802,2.61830457402,1.51830974748,1.87139704615,1.28334752151,0.815350163202,0.919171822253,2.04037169509,-0.338631418703,-0.088626036244,0.404273840669,1.20931717127,2.86271500983,-0.50101283225,-0.593181759094,-0.664376008452,-0.49681269092,-1.91505830969,-0.444584502721,-0.438135599904,-1.31973207965,4.6619124226,1.55976619539,5.93813026715,1.55003753317,0.68773033426,0.650461890201,1.75757378541,3.36869882425,-0.338461378764,-0.563824138584,1.96499330139,1.30210490763,0.986816625313,-1.45482433603,5342701255.35,01030317,-0.05505341
742,600594.XSHG,600594,2011-05-31,-0.905279436035,-0.178114873362,-0.235997906847,0.207191802395,-0.0814506492174,-0.188834762317,-0.366759852144,-0.168707566707,0.562602359379,-0.12241896567,1.04748972334,-0.64799742027,-0.116794066274,0.501032338105,0.311572723939,-0.216968800788,-0.107432382895,-0.174970518372,-0.0936195749934,-0.28266210283,-0.197112166929,-0.157968055278,-0.213648689521,-0.251362007424,-0.333227263014,-0.388209305103,0.365725390207,0.100486787278,0.74126788301,0.227600060103,0.187996428524,0.206239292241,0.258380814604,0.206936510868,-0.340301936918,0.377531263739,0.251362007424,0.0203274116096,0.228649244188,0.210987263045,-0.210550629211,0.113781314653,-0.689982693587,0.235090015979,2.0497469647,0.501071406921,0.253006031554,0.405737900913,-0.230968323051,-0.295078322666,-0.370052415514,0.238679798059,0.435100118379,-0.37097243066,-0.00773867887014,-0.633868128357,0.215852307832,0.216942187882,0.183355468976,0.253501010677,0.215842961236,-0.142096687467,0.397506955911,-0.609163689771,0.065360874161,-0.0535980289308,0.179867122892,0.136451324755,-0.501032338105,0.118571482768,0.179867122892,2.54117048494,0.0985270569847,0.270844630572,0.270844630572,0.0858788694581,-0.0361354998875,0.589766754169,0.361950890058,-0.151107348994,-0.27854897527,-0.228214796989,0.334606583484,-0.0237253877679,1.5346627369,0.583309616699,0.878292168916,0.844569713289,0.228757846406,1.29591047606,0.314132430355,2.51729575735,0.29525326076,1.08166256865,-2.0497469647,1.30337233606,-0.00102887112838,0.327238122021,0.809693991608,0.128204656056,0.465997078209,0.165315539135,-0.0591390742986,-0.522954883859,-0.676740606476,-0.568562529397,-0.56690794166,-0.47827276098,-0.648589401972,-0.12894474387,2.06095612664,0.139096291899,1.3820942112,0.250973264162,0.694788858252,1.57397209503,-0.416894203144,0.946826267329,1.42697812553,-0.291042616971,-0.135825154715,-0.696722771795,0.677266376825,0.654971158586,0.581917795752,0.0493167647497,1.44572882061,1.21492260846,0.252576014072,0.536880499986,0.196608709488,0.553578297222,1.00887636919,1.08217887025,-0.1976322248,-0.354199546385,1.23017547912,1.11699458691,1.26905009772,0.545083986491,0.265901905631,0.109444663659,1.78136554591,1.48089594666,2.46395290097,0.470373562258,1.32050021969,1.21048287195,0.907372574981,0.735290901944,0.828534393549,-0.44436020507,0.0969269747194,-0.548363986016,-0.457848326248,-0.0426683065562,1.56859131549,-0.443106678494,0.194003256106,1.11516264414,1.21250357233,-0.10765419022,-0.25675546586,-0.257644962904,-0.258269114138,-0.511268196848,-0.490570038423,-0.515767037259,-0.385649556034,0.183569764227,0.249182363445,-0.476248988797,-0.478165025683,-0.496753309641,-0.469446275882,0.181164246119,-0.179170189193,-0.700400378562,-0.106930644429,0.0898284746145,-0.415875343516,-0.506852980173,0.378072217125,-0.511491734529,-0.00216799946355,-0.00635554358337,-0.00343586440591,0.747311739416,0.661232778667,0.294068727024,-0.802452323533,0.198735538022,0.133500359332,1.29177264916,-1.93547697202,-1.76625567589,-1.52196784425,0.774665879968,-1.07780633517,0.188086714041,-0.015741820762,0.457963473459,1.17048635947,1.17048635947,-1.17048635947,1.52934304627,0.774702585337,-0.154987618837,-0.155321180295,-0.156551051344,1.15742717838,0.70588903483,1.16345828016,0.60730899335,1.21097737571,0.848389003175,1.20723056811,0.737993896155,-1.71720121683,-1.48072198821,0.21340326483,0.342912572413,0.470321121154,0.220176579526,0.203797226211,-0.683493937245,0.225725121224,-1.31739962168,0.29339694751,0.294359795689,-1.27727374462,0.215200977814,0.227238533588,0.11849932685,0.990503951967,-1.08145338063,0.978222954785,1.12828674724,-0.187879950442,0.109285330014,-0.555970515902,1.41329750918,1.10170637543,0.110561502991,-1.12913669551,6748203150.0,01030317,-0.0386827
789,600867.XSHG,600867,2011-05-31,-1.80624614138,-0.150726262576,0.0588030896512,1.17252676856,-0.10924778503,0.0990549008551,-0.0428656292803,-0.168707566707,0.611550780539,-0.114190302359,-0.314466511601,-0.793277980687,-0.875399334836,-1.22784389853,-0.959089756698,1.89150444691,-0.794999633423,-0.986266840939,-0.619443633183,1.00501212914,1.06354277957,0.0082679797468,-0.481419572232,-0.479504124361,-0.541174711032,-0.525755187746,-0.754025576275,0.689276053518,0.150025760101,-0.509332327282,-0.384372529024,-0.49593839763,-0.513399986641,-0.43083151,-0.484169851715,-0.0979822376949,0.479504124361,-0.667043273648,0.0875111926622,-0.0893092781984,-0.124087052619,0.121403877753,1.59227584337,-0.747687605282,1.29435586852,1.88970200715,-0.144761183003,-0.333234096734,0.778871056731,-0.723185394321,0.308408313878,0.195659144274,-0.0820964732578,1.23634210379,0.180790089899,0.625831414853,-0.508825990675,-0.324560322098,-0.504540133374,-0.51649975377,-0.433466339196,-0.340088233712,-0.715604556817,0.0329115942411,-0.4181422051,0.164000968083,0.471161218835,0.142620921722,1.22784389853,0.430970318671,0.471161218835,1.21399475145,1.80067863603,0.607299751141,0.607299751141,-0.146556876495,-0.241269958817,1.24210907568,-0.21103028806,-0.127661111804,-0.261174350547,0.0186039088998,0.334606583484,1.52122519078,-0.13223591258,-0.341515502248,-0.540375993507,0.114164772037,-0.0819192872007,-0.274918310578,-0.172743219556,0.114048281654,0.00711904410922,-0.970198242985,-1.29435586852,0.868197959318,1.07468543544,0.275698117803,-0.278759309366,-0.731751095301,-1.10500506185,0.916266345315,0.387120661527,-0.388516752969,0.272988659606,-0.404929055747,0.915354024752,-0.336042062382,-0.0971890415529,-0.431292095867,-0.0899329596529,1.50418697311e-17,0.675063703156,-0.413144496348,0.144033936537,0.152031395543,-0.656724614283,-0.527257973579,-1.57452061691,-0.400443465454,0.568942307928,-0.367265882295,0.107947990655,-0.0695355252072,0.655014645554,0.163434445571,-0.499059414945,-0.6575277897,-1.52560464086,-0.936317559871,-0.0779504141954,1.05905391168,0.453967699443,-1.47655548318,-0.663766970015,-0.726801827941,-0.121131941079,-0.176926932871,0.103592327287,-0.722226717966,-0.479954456747,-0.524889693223,-0.245669110055,-0.469780218609,-0.127977774379,-0.75919162999,-0.603442920612,-0.59454226247,-0.525435335108,-0.109141179318,-0.214979063858,-0.113913748262,-0.845592966511,-0.739580848517,-0.521708271431,-0.269333327793,-0.114380258295,-0.577771877048,-0.597896060003,-0.197291546181,0.354238014082,-0.652397986753,0.43010758331,0.4318867635,0.431495961747,-0.438550134987,-0.38553061279,-0.601806486799,-0.447944487106,-0.261814530805,-0.116620613685,-0.326404365389,-0.325273364812,-0.291950137105,-0.329618570662,0.362110787908,-0.140889727537,-1.04464250546,-0.234514389159,-0.238386221903,-0.426519205176,-0.527888951048,0.182109294227,-0.438456381097,-0.29277024913,-0.287374207333,-0.28950139027,-0.31761420352,0.266039266346,-0.124722405814,-0.254704455908,0.26901915362,0.224636838512,-0.760781979491,-0.10008240639,1.08890824966,1.41189458951,-1.00852727769,0.501250544522,-1.24607448052,-0.780861654483,-0.575957922391,-0.433736401138,-0.433736401138,0.433736401138,0.131876675578,0.0806729669511,0.0196948308709,0.0210103904335,0.0211953955002,-0.230130304545,-0.728422619564,-0.352699198034,0.0895708015094,0.174848702917,-0.0973477910355,0.160691558614,-0.05029833864,-0.397428109731,0.179792750777,-0.684479029801,0.22469475664,0.113493765764,-0.507116530069,-0.486207092532,-0.392969697918,-0.50674560129,0.197301497664,-0.515529406116,-0.515229468002,0.0920075600241,-1.06474769192,-0.65012356252,-1.06163005838,-0.78265631056,0.0126786359579,0.369100735363,-0.0823527075753,-0.623162725852,-0.465410277577,-0.475157349659,-0.183919679437,-0.822875754544,-1.10308825092,-0.319888740806,6491436567.02,01030317,0.0019942
822,600216.XSHG,600216,2011-05-31,0.03587293222,-0.123314322697,-0.369868890764,0.287208392509,-0.0866067762038,0.692083183688,-0.365370741824,-0.168707566707,0.823219628797,2.28056445255,-0.499066891091,2.49006268472,2.50384231603,0.469268207773,0.279103707234,1.87857567494,-0.188006670066,-0.301319945657,-0.162580107215,0.107498501761,1.01848281398,-1.054932591,-0.52275747348,-0.52627944257,-0.260445656207,3.33317096418,-0.369303799259,0.504730164099,0.189386240343,1.58510173883,1.73313525097,1.636457831,1.55871689674,1.71794358146,3.71024514979,0.313022348984,0.52627944257,-0.257388100894,2.40746791461,2.07502311052,-0.251745317535,0.121843441139,-0.110971384065,-0.133651241851,0.155375405565,0.752530466016,-1.23199156946,-0.548974243698,-0.504457950822,0.208662663622,0.171745733203,1.04187983935,1.24558365651,-0.580226587032,-0.0138246803862,-0.561980094723,1.58263926667,1.5987893023,1.61190513046,1.57926878945,1.81989310435,-0.226470757109,-0.301644635431,-0.546060467755,0.00931696442498,-0.334054546433,0.429230842496,0.132066563232,-0.469268207774,-0.366801708577,0.429230842496,-0.838674754501,-0.707386307463,0.615071133002,0.615071133002,-0.547081749465,-0.23525602977,3.26606746199,-0.255191236849,-0.160838287983,-0.408315251833,-0.286352483236,0.334606583484,1.80312947036,-0.374111066263,-0.516277056415,-0.238959245117,2.11736584337,2.18947575628,2.04946890097,2.49251819983,-0.338424365751,-0.291158511302,-0.043844964748,-0.155375405565,0.600009099235,-0.128987841602,-0.136621915944,1.56219090354,-0.341720820887,0.41410273848,1.24807107075,-0.485548945252,-0.403881110785,-0.408718850404,-0.460803900408,-0.488894153954,-0.374201518103,-0.273167879985,-0.22658907826,0.352152420476,-0.237227171391,0.262629240132,4.38115324143,0.0821513610635,-1.26990930394,-0.235283493259,-0.773156675701,-0.332521137277,-0.323196271364,-0.960167559605,-0.166682786326,1.75849289174,0.117785628332,-0.33611575875,-0.592204485124,-1.14732216013,0.281454488216,-0.80665759091,-0.628124253313,-0.647169128381,-0.701369343089,-0.84491144345,-0.769989953359,1.08271284089,1.01853178332,-0.326610691808,-0.30999550774,-0.829364501571,-0.423746315206,1.60366930414,1.61442153544,-1.11305307336,-0.955614950434,-1.0203420856,-0.0964082561005,-0.536331865847,-0.622638957226,-0.34901564953,-0.558548553609,-0.71580461619,1.24731129712,-0.0329819171541,0.862657111861,0.740024551754,0.0353479903359,-0.3775304072,2.08734383832,0.261707707479,-0.867525652147,0.015019185526,0.0160932296016,0.297609763145,0.297397537271,0.296286953116,0.0155554379961,0.0875115759702,-0.209294192706,-0.122631752809,-0.135153780616,0.0387588051595,-0.308191117781,-0.312534782303,-0.304745383856,-0.28943436355,0.444095417064,0.550251300441,-0.697696198461,0.0643730537718,-0.102113952414,-0.353737748016,-0.447830270083,-0.485154961615,0.0162806896635,0.0170138986673,0.0215888137319,0.0169452855298,-0.209853789084,-1.74967964543,-0.0936235030502,0.244378572896,-0.350520485996,-0.290897867964,-1.19225536614,0.517096365951,1.33290349214,1.17477009003,-0.651888646162,0.501250544522,-0.608669505161,-1.61216635078,-2.02621576431,-0.965480928252,-0.965480928252,0.965480928252,-1.90745878819,-1.37455042644,0.480154458623,0.481647668535,0.480697843306,0.0946171914585,-0.310081720366,-0.292667768944,-1.27806488966,-1.24695989322,-1.17214255389,-1.345103901,-1.57882392018,-0.448197072994,-0.557135812787,0.00220327854544,-0.997367567096,-1.47251526645,1.59491791445,1.66392801575,1.04428887737,1.59317952892,0.504036379869,1.56107529634,1.52519791489,0.31226017298,-0.486477979019,-0.435919381601,-0.345835626156,-0.908987934034,-1.20150064542,-2.59276017004,-2.02362194709,-0.410829664676,-0.40791142143,0.126316921944,-0.195493717036,-0.338894393764,-0.361548251279,0.376053279725,13924856400.0,01030317,0.03697577
833,600332.XSHG,600332,2011-05-31,-0.20918661844,-0.111904089264,-0.198969762359,-0.0170704065977,-0.056299476864,0.686816909362,-0.351942675401,-0.168707566707,-0.214839681204,-0.0228200798841,1.04431910613,-0.313852131312,0.228026510345,-0.286264320833,0.855584854776,0.442037430783,-0.596249725068,-0.773467805512,-0.455662369157,1.33747800477,0.215596154306,1.68503823756,-0.460257034727,-0.458252837963,0.456973039457,-0.16660760529,0.244504643377,-0.165178174412,-0.428215476909,-0.0799498596515,0.0980537687811,-0.0370847050004,-0.102302577545,0.0923513492254,-0.093314823074,0.368970617328,0.458252837963,-0.245960256305,-0.018342345982,0.324514004247,-0.268042117311,0.122532442858,-0.33621605825,-0.0297948297587,-0.434988767129,1.92814160854,1.65845018965,-0.447303599726,-0.41434201883,-0.0215624544698,0.0534491026545,0.903060616312,0.751550131609,-0.580226587032,0.000909849600086,-0.535436820766,-0.0738013783575,0.194048947242,-0.0377772383706,-0.100698100232,0.167672114206,-0.267556888818,-0.501375601069,-0.517664017848,-0.439034313463,-0.16569327867,0.0358839787432,0.126222844709,0.286264320833,-0.0898777404838,0.0358839787432,-0.180517230369,0.0799228341186,0.121359814776,0.121359814776,-0.0690782945107,-0.454929657825,-0.478506545512,-0.263299673553,0.394277963563,-0.225568418842,-0.303903060374,-0.265801688531,0.190269831083,-0.242973934748,-0.84083422844,-0.960349996264,-0.0214330251686,0.0699673114514,-0.531963021118,0.00424679657515,-0.197662339911,0.451207094195,0.556217725729,0.434988767129,0.880005016051,-0.350252859647,-0.198469921006,1.07830777113,-0.337391524198,0.375129880933,-0.241353205136,-0.0945645630679,-0.423086558055,0.00496690353377,-0.460803900408,-0.162654678093,-0.363794393815,-0.45305735927,-0.274104499183,-0.0995137573647,-0.353419208443,-1.56386623897,0.263623126267,0.841244286873,0.863001745286,-0.209736340768,-2.10859590371,-1.57452061691,-0.125961049907,-1.6558763145,-0.0902379639162,-0.298707999466,-0.435257777354,0.0608079955512,-1.46489536904,0.797466075428,0.0498598659786,-1.18870402169,0.0740797225138,-0.399557883289,-1.1243003673,0.125564891576,-0.711892246082,0.0716488033131,-0.0276106054896,-0.590615646075,-0.74126681346,-0.410926086638,-1.29959169286,-0.0979037456187,0.0157716116808,-0.528380345976,-0.525774648733,-0.411131733653,-0.574665428602,-0.588463816153,-0.714018120276,-0.388063474975,-0.548306230235,-0.966331025236,0.482220571276,-0.263903564317,0.112927663469,0.267061832743,-0.183709668324,-0.227371282683,0.444634011691,-0.437293548657,-0.932428222477,0.0623561075336,-0.188664099072,0.0627695635482,0.0648058299764,0.0700087341379,-0.227268798188,-0.186268401558,-0.449777337431,-0.365762857884,-0.0761912285161,0.0794049394797,-0.234694219701,-0.240548078859,-0.242517080694,-0.216956089602,0.399920407558,0.795726746307,-0.906729320291,-0.188489511192,0.380382298781,-0.361348515447,-0.438877550436,-0.066370491623,-0.226865633235,0.0371124194069,0.0453573527358,0.041332491321,-0.918483592656,-0.868296260656,-0.382158399019,-0.686522067799,0.0941884220111,0.120958534378,-0.826722919729,0.70135654278,1.15622352749,0.851187877888,-0.295250014629,0.501250544522,0.0287354702007,-1.77734322763,-1.73731748248,-0.50357540925,-0.50357540925,0.50357540925,-0.276059500355,-0.921683335324,0.0770933306777,0.0791647552845,0.0797865851888,-0.658206549277,-1.23640799716,-1.35207252408,-1.01717863196,-0.390874022177,-0.939321978457,-0.308241283479,-0.245713727046,0.423012999119,0.759583964509,0.434767956336,-0.783026041895,-1.44443848668,-0.07161464895,-0.0105064953018,0.579654929395,-0.077025101826,0.674796005015,-0.119321218798,-0.126370816555,0.601507580356,-0.663700780143,-0.539596455418,-0.527083778381,-0.871845241794,-0.14197787834,-0.747787872263,-0.844828330785,-0.20380493003,-0.541837948918,-0.24487776705,-0.322808130621,-0.984202874804,-1.10308825092,0.402076523375,12285135000.0,01030317,0.03828383
844,600436.XSHG,600436,2011-05-31,-0.0182122452359,-0.12162847532,-0.297948840894,0.108653082679,-0.0729883490382,-0.191200769623,-0.172052889007,-0.168707566707,0.681225109757,0.139829602697,1.73938885563,0.819336239936,1.49236862461,-0.226706576461,-0.32126089971,0.758033952387,-0.150405336053,-0.0353211513722,-0.188440306798,-1.77911913523,-1.91348722,0.127724025016,-0.427371808809,-0.42474551867,0.207436101835,2.60723436134,0.458695539259,0.569963418051,-0.147086228635,4.84143849993,4.76724782887,4.84142696745,4.82166181402,4.82232568428,2.90337899758,0.933014300902,0.42474551867,-0.407744535482,0.0610478080012,0.313527545421,-0.23907002882,0.115872869416,-0.952988974915,0.0798730769509,0.197123287993,-1.3611137271,1.12809390358,-0.267106848622,0.450268710338,-0.654784705872,0.0801989387171,0.537163303189,-0.145990729819,-0.181430622352,0.0692286485739,0.0761644499933,4.85945994232,4.83252897631,4.85742903381,4.83596299376,4.79642175782,-0.0514592272982,-0.294546212973,-0.44667289308,0.19071352434,0.0116419623272,0.431449380927,0.131237269664,0.226706576461,0.227883575437,0.431449380927,-0.625081278572,0.499326727862,0.615756843166,0.615756843166,0.405642169682,-0.0499807541226,1.22131252677,0.431413164488,-0.132857142074,-0.249057296904,-0.00127987841638,-0.865490046551,0.0929568471562,0.494308160212,0.410719013515,-0.158581445546,1.1522285809,1.03997036193,1.27503932435,0.629529863944,0.26874936012,1.05822252311,1.37337415388,-0.197123287993,0.348125222259,0.710008685432,-0.0541579091945,0.392018480911,-0.204364044126,-0.319087169813,1.18429801768,0.162179674557,-0.19646228027,-0.134870534417,-0.113581651442,-0.339958741061,-0.231970819505,-0.234061471444,-0.104655408858,-1.87812041828,-2.23243521063,-1.00413375344,-0.501693531083,2.06239377622,1.57397209503,-0.657419774895,1.05538792837,1.53047808217,-0.329719684617,0.544483797013,-0.888849582099,0.196455470858,-0.0794466973521,0.33275971632,0.960089401291,0.149203330241,0.561101055885,0.0460339259403,0.0585849209134,-0.432690520902,-1.10065753158,-3.40952252994,1.18689389953,4.89668728438,4.63771902631,0.182748902677,0.199771910137,0.259577309186,0.625693652095,4.83297116394,4.86469104059,-0.0202970706732,-0.126392416251,0.0993830603376,0.682499828582,-0.257970714803,-0.118780699404,-0.407520295214,0.0220419558237,0.343265182396,4.87448500974,4.73012416664,3.10547156162,4.23635655052,-0.580461563361,0.524911063903,4.43622086926,3.92066126125,0.539612497004,-0.117209781115,-0.0215412949833,-1.02511327954,-1.02475306406,-1.02409902489,-0.236889801234,-0.321311145528,-0.233618560886,-0.158144522107,0.335614539867,0.337456948094,-0.538448374274,-0.53885256301,-0.568900989448,-0.549315598465,0.0242740406068,-1.62766870761,0.365046581346,-0.517177126626,-0.829617807002,-0.476388203548,-0.559016624576,0.456997559732,-0.237749723402,-1.20135593344,-1.19888279212,-1.20121986851,0.161587428867,-3.05935579049,0.16935293926,-0.442237546653,-7.59559884447,-7.67273270102,0.323355155699,-0.914853687733,-1.36605427468,-1.18015275951,-0.295250014629,0.501250544522,0.0287354702007,1.58125326842,-0.00335114822515,-0.0091705498398,-0.0091705498398,0.0091705498398,-1.09884017019,-1.797435857,-1.00136562287,-1.00104607754,-1.0003038591,0.183184690369,0.82541500603,-0.12103125282,-1.9006954944,-2.58404246501,-3.41104019389,-2.28892428794,3.07757644894,-0.579829814567,-0.287058584079,-1.44344368639,-4.22970663187,-3.06685959266,4.84358573121,4.83718240305,4.29672651317,4.83801505958,-0.346599530578,4.79537183148,4.77452099714,-0.229083598623,1.01139601327,2.11548873693,-0.493139141824,0.767096798799,1.29630486024,-3.22985396626,-1.50032184023,-0.628471052382,-0.146909492319,-0.612696926062,0.201881573853,0.621506119035,0.110561502991,-0.183670670148,8832600000.0,01030317,0.00884121
853,600763.XSHG,600763,2011-05-31,-1.03729831488,-0.167108925408,0.00254879321794,-0.362316313515,0.31803004701,-1.39107176504,-0.422092746543,-0.168707566707,1.11338234162,4.74360642636,-3.91121358138e-16,-0.793277980687,-0.875399334836,0.0240031665149,0.294245508293,2.69698860895,4.6591369172e-17,-2.88396470642e-17,-3.73835794252e-17,-8.00675206134e-16,0.0,-9.2743253069e-16,-0.571252384496,-0.596554860552,0.0,-0.220097670762,1.78207182459e-17,0.590243186119,0.277887683797,-3.61178370629e-16,3.67203536631e-16,3.59204061074e-16,0.0,-3.62210402308e-16,-0.194147104399,0.915425213196,0.596554860552,-0.379411036502,-0.185943782169,-0.151565878212,-0.279359339378,0.133661298971,-0.77080578256,0.201279433054,0.458907068397,-5.92729590569e-16,0.0,0.910784758366,-0.82667150995,6.55372252501,0.000515342829917,-0.743920804637,-0.556547695356,-0.580226587032,-0.0321742037543,-0.787597923358,3.57957636371e-16,3.52396573547e-16,0.0,0.0,0.0,1.99856594186e-17,0.0,-0.659646267383,0.211937253471,0.234363271497,0.376873335533,0.133365342694,-0.0240031665149,0.572457291445,0.376873335533,-1.13625752944,0.903901168595,0.639528128858,0.639528128858,0.459811517256,0.0445899323236,5.39639900075,0.760435507183,-0.141419885701,-0.179536507405,0.061300311664,7.99265093245e-16,3.14178585757,0.0,-1.20511988358e-15,2.2309320938e-15,1.55332458608,0.773018158243,1.09488833063,0.286573431303,0.0,-4.39897196794e-17,1.4432482998e-16,-0.458907068397,0.127164589109,1.33430867069,-0.734485964877,2.10014931521e-16,0.355689518428,0.115866593293,1.4065794563,0.458768531451,2.66529121967e-16,0.0,1.38467721072e-16,0.0,-1.20356552128e-16,0.0,-2.33174050871e-17,1.57712584219,1.57242045047,0.616144494152,-0.666141738447,0.500890121768,0.768205698654,-0.680186284938,-0.375533242483,-1.16052079036,-0.273611201231,0.663152868486,-1.07522611815,0.373470431264,0.842292312125,0.41921835587,0.157183169596,0.797466075428,4.37281772088e-16,0.0,-3.78080999974e-16,0.0,0.0,-1.70373999367e-16,1.93118000889e-16,-2.94543839907e-16,-2.93592357708e-16,3.61151303636e-16,3.18567753474e-16,1.17091357945e-16,-1.78143233165e-16,3.74246384532e-16,3.32660468909e-16,0.0,-1.89441174974e-16,1.2441438413e-16,0.0,-6.90823920012e-16,-2.56210245858e-16,0.0,-3.01225516187e-16,-1.00926271184e-16,2.6739742329e-16,4.88390579002e-16,0.0,-8.30845095626e-16,1.22154942767e-15,2.06324402717e-16,-2.40270637284e-16,0.0,-2.97580498677e-16,1.93928194567e-16,-1.41636324457e-15,0.0,-1.59582827586e-16,1.5938409468e-16,-2.0001854509e-16,2.29115665581e-16,-1.05060501563e-16,-1.34013172508e-16,-2.03756461169e-16,1.32802669353e-16,-9.07317225443e-17,8.93488856896e-17,8.53418668958e-17,-9.64956846038e-17,0.0,-1.41078339993e-16,0.0,7.03016550798e-18,5.10466202585e-17,0.0,9.69133951739e-17,0.0,0.0,0.0,-4.79643935e-16,-1.60585248032e-16,-3.05369624632e-16,0.0,-3.09102219243e-17,-1.25895462428e-16,-5.63244524342e-17,-5.21018628061e-17,0.0,7.05375411537e-16,1.07243008231e-15,-7.67035830727e-16,1.58379368079e-16,5.09994270553e-16,2.83064671863e-16,0.0,0.0,0.0,0.0,0.0,0.0,0.0,0.0,2.22383948644e-16,2.21981626878e-16,2.56066865946e-16,0.0,0.0,0.0,0.0,0.0,-2.06595253291e-16,1.60469425721e-16,2.27901287312e-15,-1.10474408746e-15,0.0,-2.38922586758e-16,-1.2176362249e-16,3.60210809535e-16,3.59725850619e-16,-3.79020798722e-16,0.0,0.0,7.41532594093e-16,-3.6823398729e-16,0.0,4.18506344345e-16,0.0,-8.4179515997e-17,-1.41509223368e-15,-8.11595736872e-15,1.82674638793e-16,0.0,3.68339145948e-16,1.18270595616e-16,1.54883668438e-16,-1.42775144777e-15,-2.79857942827e-15,0.0,-1.07049099246,2781552000.0,01030317,-0.03573487
14,600095.XSHG,600095,2011-05-31,-0.254053976137,-0.238320346208,-0.341677544423,0.292622156104,1.71275621827,0.0449152197153,0.225936978564,-0.274434969923,-0.505298335932,-0.359591684242,2.21465920708,-0.419347518372,-0.500944024859,0.298467375724,-0.574946289747,0.460499058928,-0.708506774994,-0.869313830953,-0.934144729839,-0.932649966858,-1.7618425722,2.65915258753,0.144918421157,-0.394759382288,0.412271771803,-0.758870113816,1.6251051962,-0.477265353332,-4.22937009198,-0.342774171108,-0.00533456283691,-0.319473862673,-0.371298836089,-0.151012897274,-0.7188100076,0.252955734973,0.394759382288,0.174679340799,-0.690438244119,-0.146827914993,-0.232671283077,-0.364380841861,0.324556959416,-0.395026168798,-0.413062677171,-0.0703563751261,2.88362140065,-0.287716789667,-0.166237287049,-0.211040111407,-0.168550862502,-0.0166638570837,0.332947555729,1.15770589742,0.0840710096297,-0.186612617265,-0.30577439141,0.0967782701935,-0.327345358953,-0.375858557575,-0.0981522908799,-0.399889084263,0.527295823112,-0.318649358132,-0.377654848246,-0.105851247921,-0.485709133256,0.138932863971,-0.298467375724,-0.139323390504,-0.485709133256,0.470746986869,-0.193537900662,-0.0360183913597,-0.0360183913597,-0.412597910143,-1.09133503017,-1.2137887201,0.220350774366,-0.205830935068,0.984741300672,-0.330427563588,-1.7131866373,-0.175455294633,-1.38213385767,0.0742603830069,-0.674900963458,-0.409537178586,-0.151598619309,-0.685630627043,0.30144601674,0.784685592738,0.896578199654,0.630909035654,0.413062677171,-0.179910514972,-0.332201157452,-0.602335054156,-0.392364866616,-0.422740423659,-0.279571127045,-0.526051121333,-0.241223715614,0.481839629785,1.82396322959,0.491536380929,2.69067391564,-0.10771239527,0.828101741483,-0.425806564847,-1.51499224999,0.0,0.0,-2.79535957015,-9.99138537504e-17,-1.35178203692,-1.3341095555,0.0,2.43209392284,-3.34894754615,-1.47536480738,-0.428487941704,-0.531732602995,-0.136977666494,0.916623031695,-0.495843606128,-0.414592494617,-0.982903277978,2.14785267483,0.622891536995,-0.594380510928,-0.687211588974,0.0792480219716,0.200943049307,-0.0251866838773,-0.0275025451444,-0.991710239981,-0.464681902198,-0.181193090426,-1.08137443047,-0.385119892613,-0.275097137183,-0.12582503638,-0.276688306406,-0.0282813684439,-0.687783390194,-0.708607869315,-0.398778653502,-0.96150218252,-0.653169909008,0.19294390274,0.111136922336,0.354093553748,-0.430310483789,1.11036223625,-1.59443550798,-1.4232346356,0.0326510547451,0.51520925671,0.573506340682,-1.79322395882,-1.0539190914,0.298030544533,0.300589140485,0.321424610071,0.354776914503,-0.0261344120969,1.26912273669,-0.14199407047,0.110017806504,-0.221797606034,0.183637840875,0.220973565946,0.298242646467,0.00487516295914,-1.17736057252,1.30643574596,-1.31402583439,-0.0883087860833,-0.583883633829,0.541705876672,1.0456352688,0.203234978473,0.35344347986,0.773014686169,0.775094050637,0.772566633742,0.0943896169935,-0.690002752907,-0.482164144374,-0.268597041014,0.495465381567,0.400690219454,0.890743764448,1.11708561821,-1.12207944776,-0.679551582524,0.232909668284,0.323713232822,0.59635279549,-0.389063819284,-0.315879557177,1.01280192497,1.01280192497,-1.01280192497,-1.0165403502,0.376714151236,0.235645649789,0.236804545569,0.243589309224,-0.808168405967,-0.0469630434366,-0.39809163243,0.557036923975,-0.0834148952683,-0.464426088521,-0.784079476435,0.317113614858,0.981095367422,0.916496333318,0.121583961837,-1.13863131613,-0.363251900142,-0.337382462918,-0.29957552756,0.436180870504,-0.345971511834,0.608156852004,-0.403699358079,-0.409254149622,1.02909645327,-0.669976018744,-0.173240158292,-0.83070872172,0.166576085816,0.846669774996,-0.115443736495,-0.398043698714,-0.610833801911,-0.619922174069,0.787159145726,0.101841555958,-0.0740294577379,0.125859029385,1.15785699899,3236921542.4,01030328,0.08705357
67,600656.XSHG,600656,2011-05-31,3.7256917199,-0.408239767796,1.16135812884e-16,0.0,-0.115453222324,-0.852422931209,-0.407205685544,-0.274434969923,-9.72231616978e-17,-0.499893441861,1.41952457113,-0.419347518372,-0.500944024859,-0.02556709206,-1.06905631209,-0.726607102859,1.7759209619,1.2354623454,2.52970184841,-1.28752695857,-1.31604670146,-0.6120994265,-1.19648724644,0.592759601672,0.863276927571,-0.774890802914,0.259198213241,-1.34930222593e-16,-0.639278080743,0.59603581455,-0.287464259368,0.380813383137,0.768984956113,-0.0383587404116,-0.740926218875,-4.76045291303,-0.592759601672,-0.145413432815,-0.862788864914,-3.14108068337,8.37377542734e-17,1.10208828799,-1.20616126781,-0.667698764933,0.0,-2.16431707663,0.0686321196138,0.381236853337,4.96959504138,-0.211781099299,-0.283617714114,-0.378658159582,-0.9029498526,-0.759641715891,-0.0120925343059,-0.26630805938,0.525631284529,-0.455368097971,0.320011035131,0.803532279213,-0.146214220092,0.881689041554,2.38299285887,-0.903746611989,0.482794482262,-0.143784127531,-1.58076621909e-16,0.0609289583997,0.02556709206,-0.165708557249,-1.58076621909e-16,-2.90998966367e-16,-0.197080741283,-4.44700391174e-17,-4.44700391174e-17,1.40004160352,-0.106732887899,-0.509070915767,-0.721004334909,-0.192185424073,0.98217342425,0.0,1.6860968124,-0.415218043671,2.69700751846,3.30938937141,2.92768098434,-0.436934997554,-1.08609868386,0.0,-3.86120398948,2.99395849613,1.70659821487,2.373623786,0.0,8.0324716928e-16,-0.339862611692,9.40631440824e-17,-1.37493538001,0.0783227800322,-1.34414925728,-0.533466838574,-0.248934585125,2.13386121762,0.823673180125,1.51121291584,1.01540501988,2.8054583606,1.45099774378,0.768883069889,-1.58372727446e-15,0.0,0.0,0.0,-9.99138537504e-17,2.0896930327e-17,5.00971879649e-16,0.0,-1.01520626802e-16,0.0,-2.19333687584e-16,-0.972166393287,-0.596521408813,-1.92374616086,-8.48932504855e-17,-0.933569897215,-0.414592494617,2.56737012276,0.941353653858,2.63170008733,-0.452198046338,1.54051180229,1.63208088493,2.84457265348,0.419692613616,0.895663887502,2.68470659658,2.92193403553,-0.0502640947964,3.27612198015,0.44237640484,0.216631455229,4.05407098784,3.97767805424,2.54362722138,2.34446659915,4.16146732764,4.12549842344,3.67666052365,2.30569927028,3.28462007805,-0.892438445978,0.925622951577,0.347347068597,-0.879046423002,1.76170460133,2.67349239892,-1.01624561115,1.99907191337,3.36353538939,2.58393823008,2.48038284029,-0.824611184563,-0.82727778802,-0.83511700286,-0.26235647618,0.595670091572,-0.0349657356607,1.25409701017,0.523984495701,0.85087271462,-0.0524522070405,-0.1229039055,-0.395089700519,0.2089703968,1.47500760168,0.900214586981,3.41930848195,3.71426763669,3.13371803701,0.238207843785,-0.211115498184,0.84611856698,-0.263733902211,-0.746849342951,-0.756706051093,-0.743088359644,2.46619360585,2.61561749606,1.15115269296,0.527618304014,0.729953303903,0.628521441313,3.43489244931,-3.10912705816,-0.948968818164,-1.18153717166,2.92032891772,-3.35484623107,1.96413443652,2.54844460367,2.90529209273,3.43368882847,3.43368882847,-3.43368882847,2.28642396416,1.92410405387,-0.967920991149,-0.970464267413,-0.975431887747,3.17190908207,2.68404002597,2.22089471641,1.8096484525,2.24905368838,2.8114528449,2.58506885836,-2.88470839027,-2.26295235374,-1.88117963487,-1.29032855796,1.55674670415,3.02633716097,0.542214089034,0.289899876157,0.368879393803,0.581663138116,-2.47176453056,0.945808143188,0.914977827734,-2.56487508227,2.30477543816,2.88653190003,0.443059105094,4.23010576712,0.35946025362,2.53372494406,3.58347400958,1.63465175085,1.29939148914,-0.66451491205,2.70263397963,2.21180559403,3.61097152851,0.506207085962,2459240319.76,01030328,0.05263158
85,600892.XSHG,600892,2011-05-31,-0.351562326677,0.8075939891,-0.385821209209,0.375021861406,0.820688789343,-0.930257286507,-0.68001328048,-0.274434969923,0.216460518766,-0.467710280069,1.29300376003,-0.419347518372,-0.500944024859,0.188939935736,1.22386461044,-0.560788152188,-0.113065416566,-0.324548232369,-0.177567714064,-0.856986394209,-0.0180466762131,-1.76560561072,-2.7791492606,0.0116650690753,-1.37848399375,-0.690210017682,0.405049297862,-0.580204939344,-0.0533628847812,1.68295569877,1.62356064605,1.60640577648,1.71283059939,1.54390077597,-0.649876362069,0.246668863966,-0.0116650690753,-4.32093056831,-1.51448964979,-0.428088449008,-0.246851044669,-0.541890792811,1.33038775625,-0.180929226026,-1.19311263732,-1.13494783354,-1.32545781004,-0.638982023059,-0.265093452233,-0.206005260675,-0.349145114371,-1.5640972892,-1.72712265593,-0.261264949505,-0.0222793504007,-0.262898271169,1.71191111733,1.57520168738,1.56361958881,1.7453475594,1.47495260257,0.245152182436,-0.0642197287408,-0.852154870166,-2.23699213917,-0.397182472164,-0.601751085186,-0.329980456995,-0.188939935736,-0.40054128681,-0.601751085186,-0.500103146406,-0.292211645434,-0.0866479749637,-0.0866479749637,0.355170530405,0.948977853783,0.419645413955,-1.54342225092,0.673876556441,-0.991553145333,-0.366048600847,-1.03349313908,-0.401760351641,0.415215870886,0.406909417296,-0.542431923011,-1.2079879028,-0.642992270272,0.0,0.0,0.311516069627,-1.38687746301,0.42720651455,1.19311263732,-0.875918217666,-0.725184857108,-0.70807129022,-0.708279943076,-0.0266512630871,2.61253808509,-0.737536390803,-0.297956479976,-0.76969187615,-1.07586751987,-0.953005376855,-1.03333146411,-0.640985710641,-1.28554536744,0.172896215212,-1.58372727446e-15,0.0,0.0,0.0,-9.99138537504e-17,2.0896930327e-17,5.00971879649e-16,0.0,-1.01520626802e-16,0.0,-2.19333687584e-16,-0.712244023548,0.245733066823,0.820708356519,0.16420701595,0.59994787419,-1.13321948529,-1.17487208417,0.677414216926,-0.761677816223,1.50945198788,-1.0995840139,-0.11650196584,-0.0721841590118,0.050117014738,0.397632217584,-0.264826905515,0.349332843632,-1.01141756114,0.207596040783,1.84120966336,1.31276093363,-0.861928035231,-1.44029592133,-0.932932415633,-0.71352935331,-0.265017717583,0.264972351559,-0.764915105502,-0.306262934501,0.333279172893,-0.192212446379,-0.123903507819,-1.43399654372,0.447949964337,-2.87363293457,0.398323542149,-0.377998749164,-0.554386087862,-0.352668323478,-0.011376200986,-0.766265143089,-1.10482624949,-1.1052208021,-1.10508956501,-0.946469363038,-0.907681987373,-0.85790144262,-0.714001053741,0.3604399082,0.349344289288,-0.881073360065,-0.915190679596,-1.05585990309,-0.800581127655,0.138415721906,0.820435509295,-0.717712549236,1.57241638119,-0.289873551586,-0.657320608865,-0.822935181886,0.506836371172,-0.947008416054,-1.23029564907,-1.23349325003,-1.23058479125,0.759652962258,-0.485162303734,0.878754370994,1.82792098826,-3.87693036091,-4.4532058945,0.0149274215918,0.270176069221,-1.07739400451,0.641518640058,0.41207095158,0.507641206017,1.0066872878,0.405530102974,0.316070643631,0.372128641111,0.372128641111,-0.372128641111,-0.258003424134,0.741835068021,-1.02555836569,-1.02753418238,-1.02876888753,0.513460378227,0.795308931241,1.63637841987,0.848543293516,0.446646312122,-1.10880126849,-0.018405279972,-1.10194205956,-1.03252477298,-0.571719773576,-0.444431909885,-0.692173202309,-0.169993880877,1.66541779858,1.57811477359,0.732307367992,1.67105877754,0.0678943995382,1.74485903179,1.67156720641,0.259444058396,0.00283337637068,-1.5591528967,1.64789748811,-0.559647237685,0.854331000378,-0.696784776327,-0.733772075722,-1.07382051382,0.86635548606,-0.622348225455,0.77820862589,0.443825658213,0.125859029385,-0.167481405591,999900000.0,01030328,0.01704545
117,600277.XSHG,600277,2011-05-31,-0.267398222997,-0.215103943714,-0.493146801793,0.439551267269,0.561868714827,1.46802780528,0.64210148808,-0.274434969923,0.188612991977,-0.243339653192,0.0613723257566,3.64619113432,1.71805247044,-0.760424206718,1.20050464342,-0.343892907247,-0.571623704091,-0.662963225429,-0.48749082896,1.41974534278,1.07674920715,0.772456185305,0.480078769144,-0.319412602538,0.359212341712,-0.188991315899,-0.613593197904,-0.435214471678,1.06787478984,0.666292341829,0.822358378634,0.705547474339,0.641802158159,0.792970484604,-0.147235196737,0.250340493381,0.319412602538,0.564396254217,1.02768200692,0.371746194598,-0.20944060983,0.00562854631515,1.05634769085,-0.346128067716,-0.583698605955,2.19443207073,0.604820554096,-0.312253699353,-0.270924714849,-0.202268863197,-0.188252578144,1.61547202645,0.329908463741,1.31937771707,-0.890175708052,-0.162677241194,0.69497016363,0.818112669812,0.67500681655,0.646081745982,0.838151143025,-0.522514267138,0.208902980484,1.87048205058,-0.182775853836,-0.303258761412,-0.461219298002,-0.227260642679,0.760424206718,-0.151305862811,-0.461219298002,-0.412034667794,-0.23235892103,0.0217676945682,0.0217676945682,0.232209914256,0.684267566562,0.408936321107,0.00415054705138,0.309244308221,-0.422314742324,-0.404904250302,1.00640331418,-0.211003915089,-0.199112649616,-0.676542542978,-0.237177177634,-0.188397639772,-0.0389283987609,-0.324455582069,0.368168386703,0.569557881744,-0.627368201594,-0.156123432246,0.583698605955,-1.73760758763,0.70871335745,-0.678248249279,-0.0598663215758,-0.161384071088,0.796754510143,-0.444752887874,-0.281673628624,-0.613250437908,-0.146305049659,-0.619649586597,0.0764007980488,-0.535212491063,0.191208076211,-0.380493849572,-1.51499224999,0.0,0.0,0.0,-9.99138537504e-17,1.51861589591,5.00971879649e-16,0.0,-1.05411903705,0.0,-2.19333687584e-16,1.1569036059,0.300214562624,0.384863492985,0.22537904975,1.76500937443,1.74128847739,0.0556824489337,-0.920443279501,-0.778902123967,-0.165630871819,-0.937902116827,-0.184970571443,-0.732524906095,0.544130640406,0.41746017634,-0.863679862359,-0.298224098533,-0.0700476995924,-0.706710361594,0.688613650729,0.651015325334,-0.167988746753,-0.44581744571,-0.193872851724,-0.265735344743,-0.587350801012,-0.35288281918,-0.710691933207,-1.15608475991,-0.498440480159,0.992561755165,0.143845652579,0.311501137885,0.429851268383,-0.207986883382,-0.15846133054,1.07918384337,0.731829098511,-0.157530878389,-0.499930529519,-0.246239275622,-0.536985197042,-0.536697585799,-0.537612859244,-0.461239983745,-0.518297663664,-0.593025764815,-0.357295817106,-0.367234384274,-0.254465472437,-0.604049580739,-0.608847586401,-0.549036223452,-0.585651543537,0.235758923968,-0.874796633834,-0.579645251155,-0.777670217136,-0.66100330045,-0.504909727152,-0.643362244923,0.127020064024,-0.462061008392,-0.691085448914,-0.692377900822,-0.690903975742,-0.164578572639,-1.97795743541,0.466266920626,0.104510669335,0.117227704281,-0.055562676038,-0.599429967463,0.21057293093,0.0729645689574,0.208760566134,-0.931638673137,0.323713232822,-1.18176333785,-1.02512189392,-0.985364597127,-0.678691898257,-0.678691898257,0.678691898257,-0.462263700102,-0.125076142491,-0.579894936041,-0.581077548071,-0.581060373161,-0.215714123397,-0.480860727362,-0.716266596649,-0.0721550419657,-0.240839088441,-0.431475085,-0.474899872163,0.296762099318,0.0756686881507,0.552164114539,0.237288863792,-1.5760620754,-0.447184860421,0.6739142971,0.727528727652,0.919629811479,0.661034774626,0.280596152477,0.642896632486,0.614635941874,0.49000072294,-1.00294404833,-0.423728298734,-1.0702631043,-0.259791995876,-0.760522071385,-0.650463664118,-0.707928743692,-0.595400911514,-0.504849607571,-0.105119176665,0.0825167825317,-0.32104509416,-0.971370555757,2.45875691557,11174974650.0,01030328,0.15577078
158,600617.XSHG,600617,2011-05-31,0.229276898152,-0.379789172749,4.24696226484,0.106623796028,-1.70383292309,-1.97860978816,-0.373871624094,-0.274434969923,-3.88518243639,-0.12147835647,0.786920515601,-0.419347518372,-0.500944024859,2.06985579961,-0.884138813185,-0.685316453753,-0.0788446488402,-0.151213723728,-0.0818561638754,-1.13352933424,-0.652723929938,-1.40224370146,-0.972401626123,1.31698500584,-0.980538268071,-0.317156828683,0.310709112174,4.15477294856,-0.368630465739,0.683742235393,0.42756965774,0.640070658262,0.708276757504,0.529269421666,-0.272177429262,0.160167418547,-1.31698500584,-0.191020710739,-0.388824657729,-0.42222885455,4.97824025354,-0.245599069587,-0.799068342147,-0.502594430589,-0.461815799681,-1.46207415844,-0.923316484179,-0.702261421722,-0.0741764929161,-0.21137893831,4.99383234403,-0.570061988377,-1.7515801105,-0.759641715891,-0.0103607755697,-0.269851564776,0.674008449785,0.390258651399,0.646991518512,0.715126589583,0.519597593126,0.198847199218,-0.169761344609,-0.934232641248,-1.08502300145,-0.06990306577,3.80940929856,-0.210544153102,-2.06985579961,-0.0995320913754,3.80940929856,-0.8985081687,-0.236001912622,-4.26999743035,-4.26999743035,-1.83439131857,-4.00176113926,-0.0949859923293,-1.9558770002,-0.870926912003,-0.0692277475716,3.37645298237,1.6860968124,-0.507263578779,0.337985999737,0.410423315546,0.862891810422,3.76080226577,-0.983843357646,0.0,-1.18252903899,0.0372317206433,-0.225130125597,1.46754439019,0.461815799681,-1.40696775382,-0.118691098629,0.918640033834,-1.17676293048,-0.626290375448,-0.818686446204,1.129851073,-0.233943402269,-0.96367925957,-1.43960935604,-1.05105119752,-1.16137749436,-0.707093972877,-1.19456055812,0.123867681628,-1.58372727446e-15,0.0,0.0,0.0,-9.99138537504e-17,2.0896930327e-17,5.00971879649e-16,0.0,-1.01520626802e-16,0.0,-2.19333687584e-16,-1.1261861366,0.036641920773,-3.95716766768,2.48507397834,-0.650586807146,0.304034496053,1.52476109751,0.856597239843,-0.604766265462,3.36401784256,-0.887725799878,-0.134058018559,-0.0691620045629,-0.34669609215,-0.504539905792,0.631053574851,0.425529620351,0.460400204001,0.470107455028,0.78662454467,0.523526577123,0.117131648538,-0.145105202801,0.355542834685,0.87056592358,-0.330933022284,-0.342970583397,-0.229032630017,0.450983522954,0.336304820853,-0.203473390817,-0.131498013755,0.730699383154,-0.901488805985,2.15307257925,0.320053464199,-0.344091884621,-0.232525385259,0.115551684802,0.311449115518,0.320635769094,-0.956183467827,-0.957015895857,-0.957626506386,-0.963099931134,-0.925590203536,-0.873166748594,-0.697320011316,0.338355483569,0.330727235851,-0.887885048997,-0.921365533701,-1.05637576582,-0.809714343751,0.14028630664,0.373684165656,0.334347767362,0.0942718897949,-0.997089872801,-0.672886349108,-0.822200020545,0.500634921765,-0.963693282825,-1.06453235402,-1.06797251375,-1.06481679093,0.152521951674,0.450046210372,0.810093092621,-1.05987620578,-1.55954648097,-1.13929116475,0.045991508098,-0.193468285178,-0.624444392201,-1.810439872,0.322490309932,0.139785259628,0.59635279549,0.495903194855,0.389775418671,-0.312177329509,-0.312177329509,0.312177329509,0.0157305629813,-0.0404644610683,-1.03823733191,-1.0402326676,-1.04123684299,0.315975617371,0.437981426833,-0.752871829191,-0.0259758151076,-0.0555169369846,0.390469391729,-0.0711476830538,0.389268988133,-0.513091861393,-0.918840298945,-1.03233789819,0.704532759316,0.767172136818,0.67445231128,0.618182853152,-0.575584662579,0.675724790566,-0.70633998116,0.723173428692,0.730250334225,-0.649220443043,0.177151404523,-0.0292222446441,0.298745268832,-0.123503683347,-0.46184531375,0.431987589614,0.157353000549,-1.39019476696,-0.576155295752,-0.146661375741,0.353063610504,0.554167668392,1.86841527895,-1.17479157774,2126717856.0,01030328,-0.03616352
163,600724.XSHG,600724,2011-05-31,-0.423760820039,-0.768889357286,-0.416156903019,-1.97949531842,-0.187783013859,1.62436943537,2.33845756004,-0.274434969923,-0.610908767717,-0.402432450812,-0.109430769237,-0.419347518372,0.222641788826,1.10116328539,-0.841156473874,-0.0651213572155,1.05044068611,1.82975208931,0.601797766042,-0.041600128962,-0.162169437637,0.234004074732,2.42505839269,-0.179250786231,1.44693065857,1.0365914001,-1.15127437891,-0.233953604574,0.479500225678,-0.523356293867,-0.886410632115,-0.584555593191,-0.529069901906,-0.801803208167,1.08294315247,0.258158948888,0.179250786231,0.404003232291,1.7924878867,1.0514591518,-0.221810189091,-0.334948432166,-0.948600226386,0.0771703372782,2.62181919905,-0.123629975816,-0.145843254179,-0.672558846839,0.165298019424,-0.211604056494,-0.199965312449,1.71203018647,0.525423381616,1.93533398867,0.185572445199,-0.152849028114,-0.501123949262,-0.983826052346,-0.573338623272,-0.492436193633,-0.898012823465,2.32546888876,1.32897808754,2.78037277001,0.49583966085,-0.0741519955421,-0.2840951407,-0.489547818293,-1.10116328539,-0.0508666444389,-0.2840951407,-0.2212196308,-0.147531048082,0.190639786716,0.190639786716,1.76558959156,0.344033024237,-0.078922353058,0.142342064115,-0.137189270436,-0.462203829809,-0.380213415592,-0.353799640853,-0.487330959452,0.223896417358,0.924623759395,-2.49779015047,-0.135558988905,0.200614170976,0.656736623445,0.559424691484,0.0628910284558,-0.0625101377521,-0.767892367377,-2.62181919905,1.82418650838,0.256980974636,2.05462677513,0.3621829538,0.0307087562219,-0.709148881357,0.285557932284,-0.234211800918,0.675827013205,-0.45952718636,1.1517115734,-1.02266096159,0.381488745277,0.198206907698,2.25545361084,0.393657675503,0.0,3.11576801703,0.755782402301,4.63354161636,-1.54000485219,2.23606456616,4.30036303935,2.5463959871,0.224296632741,-0.969023082514,1.407157583,-1.23999204842,0.00726157533933,1.58217475944,2.96928372942,-1.13321948529,0.879309093463,1.2900495048,0.821254993205,-0.634020927,1.09050116913,-0.543991849537,0.698465225456,0.506211756706,0.920740423575,-1.01776658089,-0.0123358278959,-2.16195782756,1.64530863585,-0.645302515695,-0.505052355279,-0.771789243371,0.429001300358,-0.291592458638,1.51606165669,0.849136251049,0.6949842568,0.386821911648,-0.72059062223,0.859051021972,0.123012100107,0.766138326925,0.250762199735,0.0809084103922,0.10467217247,0.204427212682,0.188962439,1.39764773642,1.19201272073,-1.1193035802,1.20983315329,0.0273306668314,0.0357912562765,0.0240961709533,1.03709500853,1.03819834835,1.74556650762,1.14205394406,0.604909743219,-0.0614003345066,0.89361407716,0.960783352409,1.01225768294,0.640045222875,-2.1728751444,0.276946647366,1.6481736853,-1.00527741936,-0.383881023022,0.312696739333,1.75056860808,0.554111188389,1.03746433491,0.390266713798,0.367496192987,0.390379152483,1.12496040363,0.315952720629,0.405553248101,-0.474278080087,0.541391086929,0.440208907082,1.3573645231,0.531238801336,-1.47825867552,-1.21668907848,0.143329026636,0.323713232822,0.459574631387,1.87524165653,1.45951833419,0.388854504367,0.388854504367,-0.388854504367,0.470903153256,1.00814675006,-0.25955005126,-0.246818080605,-0.247056492761,-0.0789939043426,1.5610107264,0.852375280229,1.14293586474,0.11585623533,-1.72388666756,0.287136917192,0.517827133047,0.131031443618,1.3252830726,-1.04171937673,-0.405831850839,0.692825242621,-0.531832114344,-0.628621826541,0.403090977793,-0.53904842676,0.608156852004,-0.541530840139,-0.594457055693,1.05961130593,1.75104857517,0.981744141857,1.61352161976,0.826977681841,1.1932014332,-0.36788271643,-0.174616346345,1.51118862767,-0.500092338189,-0.355311019296,-0.975514562576,0.705887932387,0.125859029385,1.03433615604,12024405710.7,01030328,0.08052885
173,600851.XSHG,600851,2011-05-31,-0.278391211943,-0.190775730388,-0.242929630778,0.730895897753,0.185811667405,0.860101115227,-0.0460526025934,-0.274434969923,0.20017234272,-0.234364828117,1.71246891069,-0.419347518372,-0.500944024859,-1.19739700362,-0.0154283597545,-0.243172364342,-1.25603905861,-1.15820467869,-0.911356265509,0.650053941013,-0.0672811599294,1.48102434375,-0.0248526763639,-0.464112031603,2.38873554267,-0.357208551429,1.09494807908,-0.437402089799,0.0554348799698,-0.206345134193,-0.147243148446,-0.0901393820788,-0.253307154028,0.027825576745,-0.315260957719,0.261625465965,0.464112031603,0.0438988619753,-0.66889441652,-0.425158651779,-0.166901325053,-0.297208267088,-0.491459894571,-0.266647389306,-0.0806550236971,0.438164358733,1.91848221858,-0.460766573765,-0.250425002102,-0.208881526933,-0.157856723318,1.64260842613,1.4440974739,-0.759641715891,1.8957962521,-0.222248247003,-0.217842980151,-0.174711323348,-0.0722302053222,-0.272099746513,0.243808208117,-3.35307854815,-1.33663214599,-0.45114633145,-0.734400548395,1.19149796032,-0.472040387998,-0.29169615545,1.19739700362,1.24893500509,-0.472040387998,0.15621670611,0.354550810306,0.0184564770751,0.0184564770751,-0.464959129461,0.155661407001,0.413398443127,0.106324999064,2.03572779139,0.58335806138,-0.313517531515,-1.03349313908,-0.201862841257,-0.655470979132,-1.33364151564,-0.0615117109552,-0.404644710913,-0.244385859761,-0.698422243219,0.267541489983,-0.645837069634,2.52339406291,1.17124981403,0.0806550236971,0.375014545284,-0.276810473387,-0.694515362519,-0.247259516536,-0.410911314619,-0.515791266889,-0.487599254156,1.93940906366,0.58196215026,2.79394145937,0.89025605163,1.25015607533,0.337416570453,2.1648785554,-2.83877114653,0.393657675503,0.0,0.549841414769,-2.34076069056,-0.701866317051,2.36561856462,-2.16618754846,-0.0868848148285,-2.08283761539,3.64022817483,-1.65000627628,-0.233546164399,0.177999315285,0.438415731822,0.133620999049,-0.141120869343,-0.414592494617,0.0821212665529,-0.565490243627,0.545476791203,-0.804832580975,1.21932128033,-0.137569229103,-1.18244814967,0.6477399846,0.120623970264,-0.242202915466,-1.22496103409,0.857927012872,-1.6286463545,-0.356926635468,0.155180389742,0.33189019456,0.201284284428,0.594178444582,0.188668316171,-0.647508981912,-0.814881817872,0.0167311655357,0.00958505975806,-1.43661767581,0.98768883739,-0.365271752861,0.0366823357617,1.41369638044,-1.25331934877,-0.686784356703,0.756810081139,-0.455952960367,-1.22327805118,0.399294029736,2.2620656743,2.404520118,2.41023517055,2.42894172261,2.64120026232,1.948302643,1.82406237318,0.273435454753,-2.48232186341,-1.94533804051,1.8466646336,1.94930416929,2.62738861227,1.72519398354,0.757050554499,-0.282793933774,-0.543722764098,-0.134122034652,-0.0520832389184,0.606966766731,1.26500822798,-3.79319472187,2.63690363506,1.07702163949,1.12604900095,1.07795195118,-1.74428216245,-0.081173163997,-2.83728791032,-0.981588963207,0.541020005816,0.483553056897,-0.633392211761,-0.427848933871,2.5281305606,2.35780564722,-0.931638673137,0.323713232822,-1.18176333785,-1.88443214045,-1.73264912184,-0.461255675924,-0.461255675924,0.461255675924,-0.450033300862,-1.4372742527,1.88452678361,1.88402374622,1.89819368319,-1.09679997953,-2.13988128355,-0.606865983162,-1.59606952828,-0.529782227808,0.0527216056342,-0.464897002613,0.551420348956,1.47384045023,0.463471572818,1.69610877627,-0.869077676641,-1.03025184168,-0.182207846664,-0.0369927643633,0.012181567283,-0.187769150252,0.774064219296,-0.297463000442,-0.252189724547,0.235710284105,-0.645402719676,-0.782278215882,-0.151512227767,-0.750822971814,-1.99309109983,-0.306268988228,-0.531019388977,-0.495087123934,-0.590533809006,0.10734680809,-0.566473525046,-1.8934187392,-1.03584513699,0.431346835274,11406685739.4,01030328,0.04867725
248,600661.XSHG,600661,2011-05-31,-0.311939546992,-0.0573892364888,-0.33979463929,0.259032983621,2.87398329759,0.00347459394772,-0.336447493754,-0.274434969923,0.202449184533,-0.331475240062,-1.25006454321,0.135044116086,-0.0909120637707,-0.839632632176,0.63154928675,-0.517826783176,-0.181506952017,-0.390580426137,-0.355317735842,0.939652556326,0.896819548479,0.253651980846,0.427904218165,-0.340252009279,-0.118322529102,-0.266806091518,-1.38799300434,-0.457212187225,-1.29862298445,-0.225622839848,-0.195992417191,-0.222859673689,-0.248682325011,-0.218206850742,-0.225647218529,0.252282776805,0.340252009279,0.472934101856,-0.641964632021,0.00259174370287,-0.184098057197,-0.113153225959,0.245823844858,-0.240412149916,0.299397726775,0.199093572165,-0.440746893145,-0.548582882113,-0.263051612876,-0.206704548402,-0.1756721517,-0.945229300427,-0.687174321474,-0.759641715891,-0.0108293691101,-0.285897626947,-0.185223263071,-0.178576687451,-0.235422699884,-0.242012343475,-0.237906294901,0.0825721665204,0.885028033231,-0.916644547444,0.0759978928388,-0.178083054047,-0.506924164959,0.0361843436049,0.839632632176,-0.190907340596,-0.506924164959,-0.0954075184968,-0.0974806000235,-0.00814007633719,-0.00814007633719,0.262606876781,0.173158601739,0.401499451074,0.128690539821,0.521784731058,0.512545644527,-0.387036155805,1.00640331418,-0.355547145049,-0.697596363395,-0.257217351866,-0.617305728481,-0.424214581605,-0.114673084844,-0.654780258618,0.323831697868,0.0669586277399,-0.446268669675,-0.808897420327,-0.299397726775,0.475219396451,-0.420845813115,-0.426107994051,-0.362514623171,-0.206542996795,0.447504303386,-0.521931278421,-0.254531815277,-0.168956753301,-0.00484989114892,-0.312439348516,-0.17969126245,-0.34570213932,-0.179729992573,0.0700119622582,0.393657675503,0.0,0.0,0.0,-9.99138537504e-17,2.0896930327e-17,5.00971879649e-16,0.0,-1.01520626802e-16,0.0,-2.19333687584e-16,0.0839368685351,0.250150485401,0.477895849506,0.0528739144327,0.43749461878,0.304034496053,-0.137435871068,-0.66162335751,-1.17013997128,0.076340834618,-0.251243637563,-0.201648821525,0.675799067089,-0.0679121866378,-0.0356669987496,-1.50445916944,-0.589016351157,-1.59159924901,-0.324626050718,-0.196418671502,-0.261793545827,-0.684378139774,-0.968041081263,-0.760060998073,-0.697223857744,-0.571424639908,-0.033139833036,-1.29458310529,-2.1238148518,-0.0496439740665,-0.588720537263,-0.0563523760745,0.287603850744,-0.501145651485,0.96902238154,-0.443079795813,-0.0636769438694,0.0898933282707,0.202124335212,-1.11171438674,-0.365236185835,-0.604552547319,-0.604977355895,-0.607605092531,-0.635745379756,-0.621232167801,-0.675683556664,-0.476055342542,0.157018489327,0.122592498081,-0.598627546729,-0.613767638339,-0.672916606033,-0.575518198368,-0.0495923988921,0.477075207315,0.202215488881,-0.822083977763,-0.493033862198,-0.437870684782,-0.637626526527,0.300660647415,-0.636453411133,-0.629078100732,-0.630943590271,-0.628500561895,0.319186913371,-1.25177247018,0.40855455917,-0.228333619034,0.246717342176,0.0406061168363,-0.494627722541,0.666979585251,-0.194759303396,-0.700883817465,0.501651593227,0.323713232822,1.0066872878,0.207934698692,0.106899221873,-0.198005132498,-0.198005132498,0.198005132498,-0.183864509153,0.621657798474,-0.867509552437,-0.867733396348,-0.86728574464,-0.246096394298,0.131700708768,-1.46612906583,0.707119411264,0.248371537177,-0.609044381754,-0.068419627722,-0.644244404247,0.0695694015314,0.836608095983,-1.01044778161,-2.10059888739,0.114295178134,-0.223493355879,-0.223706774448,0.776614173488,-0.230358808868,1.259024216,-0.250789747382,-0.299136715016,1.59531649708,-0.529347358137,-0.228399014261,-0.55986221145,0.198934519466,-0.983474833218,-0.35458478948,-0.723904621674,-0.934924500247,-0.589902470453,-0.285878298803,-0.208965216653,-0.614454530317,-0.326043891335,1.05145697421,1599563558.25,01030328,0.08143322
272,600811.XSHG,600811,2011-05-31,-0.486082570241,-0.581337792139,-0.361552654161,-0.0762719885487,-0.675207509101,1.39568895921,0.293218611798,2.17476991905,-0.761880894082,-0.115308164231,-0.72743626964,-0.419347518372,-0.356226862122,-0.271909085112,-0.393486065959,-0.184040813383,-0.687974314359,-0.894075903616,-0.396336971637,-2.20023734864,-2.43948810262,-0.0365898727517,0.344037703604,-0.32899200725,-1.17951113091,0.40377418073,-0.136104528014,-0.404101680628,0.119612678768,-0.996873863902,-0.827965080246,-1.01067937472,-0.958359410491,-0.914085393757,0.445881378354,0.26087615384,0.32899200725,0.132389856166,0.0474378511561,0.292641669406,-0.115009431567,0.159731943038,-0.712400882711,-0.0957592053561,-0.117219865579,-0.968522866097,0.17586980651,-0.513714642033,-0.257788806102,-0.207913226113,-0.184987082023,1.70952731465,1.80242089111,0.104834873523,0.482925607008,-0.191292718732,-1.02488314568,-0.692069414591,-1.02163752772,-0.973510488035,-0.90275024733,-1.10704284763,-1.14039061159,0.833957055777,-0.332662293526,-0.290428111639,-0.432742745381,0.0414184133237,0.271909085112,-0.259788760614,-0.432742745381,2.63681218703,-0.317437171406,0.0274288083467,0.0274288083467,1.91757440419,0.00148248959049,-0.68547347295,0.00784878607413,-0.133677490117,-0.411556395405,-0.376431832662,0.326709815954,-0.116609631843,1.45606390705,0.696220373175,1.83049175803,-0.297988915645,0.119188633437,-0.34702902238,0.422285227488,0.566140355405,0.013871977751,-0.473912592603,0.117219865579,0.29723821676,-0.431278431656,-0.542688972275,0.180593972842,-0.0564100279685,-0.422446211628,-0.476613006392,-0.304023407764,-0.669569355675,-0.0654735305104,-0.750377347482,0.0550597930072,-0.411810401556,-0.858616646764,-0.260124982465,0.393657675503,0.0,0.549841414769,0.268241574914,-0.764682407486,1.70683871118,2.27938316015,0.40203815118,0.66041192683,0.295408365502,-0.801691267858,0.813113551118,-1.59633048042,-0.138541235511,-0.897739490826,0.247453825003,1.02266148672,-0.271354229878,-1.31805893988,0.285030115875,-0.731057362175,1.39287258698,1.13436679036,0.0369911704545,-1.34593878796,-1.34139640033,1.94568085963,1.24310669272,2.07970199517,0.0450718060278,-0.897862069248,-1.09994381496,0.995822506776,0.463112080309,2.53864889077,-0.491889773575,1.19286100037,0.00999382168682,2.04484402786,1.09143573761,0.627160121025,-1.39500415902,-1.12403712786,-1.05163994946,-1.31341512589,0.817311099853,1.45319072907,-1.31771383381,-1.01240145661,0.421667819415,1.6777885318,-1.07359574584,2.49233841907,2.48131926829,2.47581569269,0.15722087159,0.408764445518,-0.41952940791,0.0328816102709,-0.69690187207,-0.145021380128,0.710932631641,0.692356390818,0.761199883414,0.880255197896,1.70210182452,0.351428187448,0.271249137922,1.30003183357,0.655248995493,0.0384774074816,-0.18392549645,-0.72806094549,0.157291620404,2.24469159384,2.24039441071,2.23807404978,0.215719563073,0.909009966402,-1.07551831265,0.638231557773,0.610182457061,0.507171127787,-0.839230831901,-1.47302461106,-0.0779601080419,0.0535798580702,0.0537483849887,0.139785259628,0.18601830318,0.0199127151602,0.458703032366,-0.250364356605,-0.250364356605,0.250364356605,1.34027019202,0.462186290436,2.84275738212,2.8365413236,2.8305800383,0.90842989994,0.106177315596,-0.153347646744,0.330470092203,0.756512920202,1.42201886308,1.03826148522,0.562785481011,-1.22425212205,-1.53492510665,0.384265360868,0.810010270422,0.492322791736,-1.00389708288,-1.00314030669,-1.48808051753,-0.998481522171,-1.91873997291,-0.917824575304,-0.890757934778,-1.90032940211,-0.302941953124,0.660226269225,-1.15418789039,0.164077450878,-0.207248360123,1.30122874791,1.03250219884,-0.340758219965,-0.276731871622,-0.587732754773,0.90865084652,0.787390553542,0.125859029385,-1.33155941126,12000998692.8,01030328,-0.04444444
277,600818.XSHG,600818,2011-05-31,-0.28228347301,-0.180663012727,-0.357577632213,0.136377881776,-2.38119619492,-0.192569286544,-0.296773825525,-0.274434969923,0.127313404706,-0.424729281858,-0.546900804562,-0.419347518372,-0.211509699385,-0.87336253584,1.41111810604,-0.496704110078,-0.407364019008,-0.291532135485,-0.314298500047,1.08890266237,0.684663682283,0.828912826922,0.248452295756,-0.358850619596,-0.26423596185,-0.11117654028,-0.508256303455,-0.478116093712,0.146431503448,0.964911142329,1.3930462467,0.993430153457,0.96401809369,1.17344395778,-0.023154634781,0.252490260384,0.358850619596,0.709042137838,-0.636578675121,0.0816962688947,-0.234481465408,-0.263348698274,0.28183356392,0.0219780469195,-0.524973253841,0.751642075189,1.35548436237,0.661474190271,-0.268510986781,-0.204276950835,-0.185467530484,0.252724188261,0.193583480293,-0.759641715891,-0.0232369111136,-0.279011191932,0.950283270966,1.38893292536,1.00932270647,0.950992969515,1.21508198055,0.102321451225,-1.81739670534,-0.909609309923,-0.252527625059,-0.488171066954,-0.483003860757,-0.230791486785,0.87336253584,-0.453477713975,-0.483003860757,0.401550325102,-0.393589466439,-0.015723832531,-0.015723832531,-0.480451774877,0.0861943625851,0.228071641905,0.584969747646,-1.99086419792,0.342665258821,-0.346601776083,1.00640331418,-0.369195276116,0.0483739829287,-0.156485602046,0.370452551371,-0.254935200123,0.155167359327,-0.371107358711,0.474880711303,-0.214699405791,-0.783212356612,-1.26061437459,0.524973253841,0.371035291266,-0.504502373038,-0.659269950498,0.738627690578,-0.300729487645,1.31967731971,-0.526600433721,-0.327804646363,-0.919875656862,-0.88389266189,-0.802668451836,-0.0516452322006,-0.689465102947,-0.809624826359,0.0776124997093,-1.51499224999,0.0,0.0,0.0,-9.99138537504e-17,-0.0342223300487,5.00971879649e-16,0.0,0.831865023218,0.0,-2.19333687584e-16,-0.753615750219,0.0999582537317,0.294567382243,0.430917083319,-0.579750682429,-1.85184647596,-1.53869320489,1.85490265324,0.211968766546,-0.0880017236791,-1.01401440722,0.0660809824326,-0.75632437238,0.345991121354,0.230844093935,0.451390306398,-0.171923430382,0.844669249935,-0.731343704174,0.947949266085,1.03833233793,-0.0345797748541,0.0344721797928,-1.01927752261,-0.801318353451,-0.614640696679,-0.883680411105,0.0428095015066,0.62604120431,0.0600655444894,0.446999708811,-0.211211775306,0.746630907914,0.579708470881,0.0611868415895,0.0372138643344,0.446994416883,0.470791586934,0.104328837578,0.37690590905,-1.12512984082,-0.79651780611,-0.797279260962,-0.797053688875,-0.630436784199,-0.765976641947,-0.369897700494,-0.664821569544,0.118822366283,0.127061282395,-0.771156380619,-0.79240053543,-0.858931099808,-0.717061170513,0.0898080112152,-1.57441921251,0.0613368657266,-0.631250554409,-0.456736205775,-0.63822467245,-0.523520268334,0.317197845833,-0.629925660616,-0.923252756916,-0.923020485122,-0.923443620518,-0.612824002904,-0.241856767006,0.599397702135,0.141468209121,-0.610727416181,-0.174093790258,-0.563923195959,-0.231481623067,-0.129142059748,0.733413000264,-0.304574181602,0.323713232822,-0.224316189129,-1.23152484529,-1.07169472715,-1.02993502664,-1.02993502664,1.02993502664,-0.42380729012,-1.08577725072,-0.685818179864,-0.687883545727,-0.688980889729,-0.0789939043426,-0.480860727362,-1.08355120311,-1.19633059579,-0.529782227808,0.259580683296,-0.427613579745,-0.430553491085,0.136440765688,-0.354137988963,0.690726993072,0.198525780362,-0.544582218862,0.968859334126,1.01838166583,-0.204304849441,0.969525109356,-0.276682440223,0.958278325123,0.985962865855,-0.469521866266,-0.537309231439,0.5160149897,-1.35664330482,0.0195312610016,0.040020464878,-0.539647606201,-0.426001485182,-0.410206226751,-0.65838047328,2.95893653141,0.114724738243,0.0375664389199,-1.61669722018,-0.462311901517,3971342819.07,01030328,0.00147167
311,600212.XSHG,600212,2011-05-31,-0.319963574672,0.00220606448685,-0.409671340894,0.510505949336,0.403964318107,0.121235506142,-0.351580748646,-0.274434969923,0.565342741178,-0.299432309911,-1.47634214769,-0.419347518372,-0.500944024859,-1.35960373136,1.06922162878,-0.337448701895,3.90445271444,2.53134414809,3.89700970824,0.332563655782,0.729422303844,-0.548181554714,-0.138525941241,-0.525901992989,-0.781565405232,-0.21187801461,-1.25776882165,-0.462438163847,0.86245898858,-1.46779251362,-1.57369496548,-1.53394182226,-1.42093012535,-1.5957227509,-0.170500302104,0.251524453964,0.525901992989,0.0687080327025,-0.604262933722,-1.03162667825,-0.227844130194,-0.175584367972,1.71794998683,-0.534254391669,-0.0706827940929,-0.0157619413612,-0.682031688662,-0.0965871773803,-0.265355473059,-0.205901376054,-0.266536828183,-0.208199415975,0.122526615247,-0.759641715891,-0.00805855513228,-0.287836526126,-1.4735318979,-1.54289351164,-1.55674325421,-1.39305442245,-1.62131047358,1.66089491819,1.8779139332,0.0,-0.35449300055,-0.571919709042,-0.479159526153,0.247460868999,1.35960373136,-0.532562031205,-0.479159526153,-0.71608060586,-0.33585243131,0.0343716837354,0.0343716837354,-1.08564549328,0.332185832746,1.59705067758,0.0457247543371,0.0500997019891,0.327278168083,-0.348054990961,1.00640331418,-0.228905184675,2.11427303616,2.04087210333,-0.228537892388,-0.387031827291,-0.522747581116,-0.703689379292,0.171478664173,2.27569289926,-0.0286309736176,-0.346598516914,0.0706827940929,0.683587606821,-0.285319577884,-0.39899613865,-1.23397589708,-0.321783813799,-0.232263599039,-0.490071159903,-0.333228535722,3.39790803861,-0.277656268276,1.82495954196,-0.414442317907,3.64723689974,0.226202233644,2.08894103637,-1.58372727446e-15,0.0,0.0,0.0,-9.99138537504e-17,2.0896930327e-17,5.00971879649e-16,0.0,-1.01520626802e-16,0.0,-2.19333687584e-16,-0.15192694276,0.674222668938,0.724548861963,0.385649778307,-0.0513710174476,0.304034496053,1.25060205394,1.93453955231,2.65611696314,-0.588461976584,-0.827065235836,1.11154392182,2.15929913219,-0.732827823348,-0.205954173944,0.975728033372,2.07338322787,-1.3530969023,1.85980945606,-1.52691655675,-1.5500566604,0.0993463513448,1.76213526053,-0.678334993501,1.99850484333,1.38499089665,2.07044432797,-0.34785640029,1.99201248196,1.99424078303,-1.1913653347,-0.199277551693,-0.824615721618,-1.13387606203,0.734192131164,2.11670752623,-0.868503281986,0.447801536748,1.85482591388,0.709597177043,-0.164721707208,0.837194071828,0.838378868342,0.817623789797,0.780842545732,3.45913470626,1.76264345087,4.29443032238,3.83156296436,3.97811115835,3.78958381865,3.62203236826,2.48981394373,4.04431172324,2.4535947591,1.5415240321,1.38921940903,0.383596040051,1.16082683418,4.57987912754,3.54102678497,2.34273502383,0.777280282759,1.75444823025,1.74497857725,1.76877042232,2.50944570394,1.49648403129,-1.48564160178,3.50031862193,0.623081943369,0.510663941087,2.19534862652,-1.58337795978,-0.68994876215,-1.35604819958,2.83074827607,-3.53877420426,1.69057810832,1.31768563204,1.60624543265,2.58576028252,2.58576028252,-2.58576028252,1.65599101364,1.59569600225,0.520812125855,0.530050375957,0.500857882014,1.94142711058,2.45432948743,1.32872324431,1.56865061233,1.58049904522,0.366671444741,1.48475320786,-0.018263502906,-0.778010649894,0.851438297222,-2.90081570678,1.27167234981,1.31401695998,-1.48451364523,-1.55753016055,-0.436494944062,-1.47661876578,-1.53162278256,-1.36624152618,-1.4032526763,-0.984883822306,1.19356193867,1.26305678635,0.473776298086,1.39258671963,3.06198526508,1.08535906709,1.13188155746,2.47574427748,-0.489697482287,-0.378491700343,2.05525406983,2.43248961438,0.125859029385,-1.77071122754,2798983755.11,01030328,-0.06764168
358,600624.XSHG,600624,2011-05-31,-0.3452856636,0.468130417086,-0.302764171673,0.628029010547,0.259269305309,0.194920191201,0.0316587063088,-0.274434969923,0.351845035797,-0.0181276364647,-1.00967500211,-0.419347518372,-0.211509699385,0.690340638517,-0.489635690201,-0.0324826504803,-0.571623704091,-0.539152862114,-0.51027929329,0.641449064124,1.18685541619,-0.690442343281,0.532711885512,-0.309889217737,-0.768300547709,-0.206156339932,-0.375138250032,-0.423668709374,0.0423182495585,-0.742836542704,-0.594370369959,-0.74739190771,-0.736367617698,-0.686412405513,-0.164181384597,0.258852062604,0.309889217737,0.369933951931,-0.37805274393,0.166660388545,-0.200691395231,-0.260301610363,-0.666625816107,0.217551549776,1.31767317192,0.840137891211,-0.923316484179,-0.203774730217,-0.23220247813,-0.209994053888,-0.252122264773,-0.267873149247,0.0569690595129,0.0193225061003,0.0610488052553,-0.241436663015,-0.736638306579,-0.557617425409,-0.751337270516,-0.730601121496,-0.66936844692,0.241493410142,0.928275911457,-0.489840137818,-0.0967841664124,-0.25584965027,-0.467484139579,0.13631104477,-0.690340638517,-0.230200358698,-0.467484139579,1.20884471238,-0.29658073157,-0.000235879740771,-0.000235879740771,-0.352980641707,1.62473860239,0.598427769549,0.190640935303,0.116539303195,0.0229536222834,-0.370025941724,1.00640331418,0.0308536633683,-0.172784284452,0.170306935161,-0.0269545699691,-0.315601799267,0.00935883861698,-0.51332003267,0.382077936142,0.375288225526,-1.06102150251,-2.42529015272,-1.31767317192,0.339924759857,-0.395416305422,-0.558956085515,-1.13281673874,-0.203418326483,0.0661865776442,-0.451619292727,-0.298504460551,-0.425520712018,0.156813147148,-0.325512124605,0.471209391318,-0.425032054003,-0.0327545313568,0.334541067704,-1.51499224999,0.0,0.0,0.0,-9.99138537504e-17,2.0896930327e-17,5.00971879649e-16,0.0,-1.01520626802e-16,0.0,-2.19333687584e-16,-0.020166987165,0.488691088641,0.567410175738,-0.207718949557,-0.429404621805,-0.414592494617,-1.10187795726,0.155223692996,-1.01076780513,-0.461282308354,0.762575891626,0.509371313576,0.209253974041,-0.955534506487,-1.0521414726,-0.143624322607,0.0844484203722,-0.406506367269,-0.310878831205,-0.663029177377,-0.806784531069,-0.644901226394,-0.773549766823,-0.685014094777,-0.496716614646,-0.473261916266,-0.235960584645,-0.708146244367,0.134779041117,0.0919897040692,-0.670004081661,-0.387541356733,-0.592612892289,-0.83271376136,0.401971774129,-0.197596369515,-0.83777287752,-0.76576062695,-0.0672340770595,-0.27434175413,-0.907749658382,1.0030181209,1.00309350006,0.992525523728,-0.40362978613,-0.548336208597,-0.375913346225,-0.504318148335,-0.133386514555,-0.153717590875,-0.389567186143,-0.386917735189,-0.351426421196,-0.408649523094,-0.141969655027,0.168212102484,0.543947670104,-0.310413634263,-0.657774557074,-0.335522201128,-0.242375516601,0.207459154156,-0.402742305819,0.641230945282,0.632666844892,0.639968546897,0.252730798413,0.201477511315,0.101532173751,-0.669885029835,0.513895743511,0.424399768786,0.0876243257117,0.704105164357,-0.927660772109,-1.07164710165,0.41207095158,0.323713232822,0.869909123697,0.138623132461,0.321530256597,0.273955095911,0.273955095911,-0.273955095911,0.26891243591,0.512666480031,0.669361484665,0.668925666059,0.667027650254,0.103299721063,0.15722410194,-0.871261608571,0.531061108867,0.606063216601,0.26598782287,0.380800150251,-0.31066456318,-0.553358192514,-0.477217834289,0.180999992571,0.350723810652,0.464369530336,-0.745055629014,-0.742983816949,-0.781415012159,-0.744537835774,-0.046964547049,-0.727594347999,-0.736605411644,0.13399410857,-0.20495285618,-0.047567212472,-0.259845605196,0.0300655312971,0.853553774614,0.563193802187,0.154298788582,-0.942640945446,-0.612266082595,0.291305680514,0.510882593489,0.285835961821,0.125859029385,0.193793850348,2674951521.25,01030328,0.03612903
390,600883.XSHG,600883,2011-05-31,-0.362797188605,3.51826440983,-0.15234097271,1.23663503953,0.037957503781,-0.316442550848,-0.350762734868,-0.274434969923,-0.0856588756415,4.33606484136,-0.453956670249,0.504638539057,-0.042673009525,-1.12122047962,-0.653248899189,4.37660685005,-0.510026322185,-0.811535661406,-0.24137541419,1.30521146418,1.46525404229,-0.0423101492151,-0.243333608588,-0.616822307884,-0.105057671579,0.299639701593,-0.674364483163,0.872008889777,0.414853975794,0.130657720236,0.298812660567,0.117691540453,0.17568964386,0.221649179177,0.343917027673,0.294650449402,0.616822307884,-0.0911897961957,0.483700360042,0.263343697113,-0.342489011153,-0.124303108183,-0.91075950466,-0.280917998628,-0.701149310182,0.861271220411,-0.199462097628,-0.619610778571,-0.266879520802,-0.20521462973,-0.197186922273,-0.314110412775,0.0061728077186,-0.759641715891,-0.00767145612068,-0.287569091756,0.106935942079,0.396683513353,0.0688477979378,0.173494397785,0.251602034475,0.043532748489,0.223011462498,-0.937750260008,-0.0954530257402,-0.360647266821,1.00674698961,-0.108408028461,1.12122047962,-0.35318086161,1.00674698961,-0.726564948552,-0.314983472602,1.22160337521,1.22160337521,-1.02563600597,0.0259912874555,-1.29410691645,0.164061880598,-1.7433277049,-0.392549888712,0.0685939205055,-0.353799640853,4.55257470565,1.07518022434,0.294464673311,1.36685011647,0.656042280566,0.427848229225,0.104439783838,0.486834230352,0.118527985787,-0.525114724388,0.0446029156598,0.701149310182,0.26395718316,1.17113917427,-0.72433840346,1.2792487663,-0.21175078065,-1.00569405691,2.41331946811,-0.284139541208,-0.744661246031,-0.449423246466,-0.933396212722,-0.841262418739,-0.429439271485,-0.865615478251,0.0507775354822,-1.58372727446e-15,0.0,0.0,0.0,-9.99138537504e-17,2.0896930327e-17,5.00971879649e-16,0.0,-1.01520626802e-16,0.0,-2.19333687584e-16,-0.622530333646,0.0911234165747,-0.036127464887,-0.043777898972,-0.55330760526,0.304034496053,0.209717299411,-0.814639970731,0.294683299335,-0.130807867423,-0.391049520201,1.08345423747,-0.789945840624,-0.410250277506,-0.497541802702,1.12199046823,0.878847238255,0.74121748319,-0.266834228584,0.258333726218,-0.0829154736057,0.670109106964,0.276622450812,0.675685097423,-0.230518799021,0.400786124409,0.333612890919,0.688223982997,1.01742000419,0.406788123926,-0.331192975188,-0.700514943454,-0.797731273585,-1.0441065301,0.52741204852,1.06717693554,-0.890960116019,-0.824240172083,-0.0989523529591,1.27964047028,-0.775634978539,-0.510520527465,-0.512436664685,-0.513674738461,-0.774377653943,-0.595170830345,-0.8039773542,-0.452860848526,0.0935791751427,0.253282869678,-0.647165621864,-0.683892292503,-0.78656157769,-0.526064684007,0.639688166412,0.340143627954,-0.450324297749,1.36142124187,2.78723479882,-0.541749427299,-0.741547899936,0.331937522684,-0.774533266024,-0.422247898386,-0.432696114724,-0.425501723186,0.346122824147,0.882248414624,0.875820128328,-0.0444228228487,0.326217052997,0.386569274253,-0.563471985764,-1.10935175961,1.26226456856,1.86765934085,-0.931638673137,0.323713232822,-1.18176333785,-0.651375547836,-0.159256910217,0.0441562789968,0.0441562789968,-0.0441562789968,0.899471473018,0.351904285327,-0.67878780196,-0.680754865375,-0.682258054499,0.862856493589,-0.0214396502645,0.834306148787,0.238111638487,0.598092371377,1.23071998152,0.718169659619,-0.0160961986538,-1.17934922916,-1.50566161953,-0.317781949638,1.19232665452,0.239938502283,0.121940064501,0.13012022758,-1.49424981956,0.130087493091,-1.04666278586,0.22880265833,0.233473920524,-1.12728646805,-0.989594778989,-0.691773069198,-0.767507718204,0.0081651706889,-1.22552514238,0.747148458329,0.939701142912,0.222542279524,-0.503382412341,-0.394285020822,1.09223619407,0.188032816436,0.125859029385,0.794163848936,2582802720.0,01030328,0.06784227
428,600419.XSHG,600419,2011-05-31,-0.361250661437,2.59790348305,-0.38017249381,0.330195892231,1.15898365072,-0.725914065537,-0.317837680307,-0.274434969923,0.167420848949,-0.49358301798,-0.160525712184,-0.419347518372,-0.500944024859,-0.631189407286,1.13958184944,-0.465199106137,-0.0514680346596,-0.134705675286,-0.0590676995449,-0.998521783046,-0.167540472224,-1.87230120215,0.3383820638,-0.329888325819,-1.03359769816,-1.25551147586,1.93069794493,-0.522840730846,0.445654634706,0.186720144239,0.422051883366,0.213560419979,0.18417825408,0.340281445778,-1.18928213835,0.24953403435,0.329888325819,1.11059416464,-0.771227597617,-0.685910605189,-0.28667505595,-0.483189942278,2.09635720409,-0.30167181192,-1.77039392886,-0.957515923806,-1.70078971418,-0.702261421722,-0.264358534754,-0.20627803619,-0.156834799455,-1.7345560328,-1.55432856863,-0.759641715891,-0.0171451950889,-0.282755273105,0.175607537775,0.486056999558,0.205892680997,0.171726283992,0.372482753099,0.0838485495939,-0.545161678893,-0.909609309923,-0.335857031139,-0.127850640886,-0.517175723902,-0.271448821767,0.631189407286,-0.15557684304,-0.517175723902,-0.445584564408,-0.213906104512,-0.0566333905909,-0.0566333905909,-0.61223731563,0.396371905659,0.356580756075,0.306701720437,2.81927489031,1.65111109504,-0.389695009333,-1.7131866373,-0.363482104972,0.104541161946,-0.292356334362,0.557637065045,-0.449655413504,-0.309715651507,-0.703689379292,0.162133185644,-1.08102375925,-0.926736815582,0.263847674575,1.77039392886,0.0284576953977,-0.126613368333,-0.680959434819,1.28339463345,-0.581875418863,1.7632250823,-0.583179609709,-0.245322386645,-0.838526108976,-1.27794631774,-0.933396212722,-1.40679905234,-0.614542405746,-1.22255588406,0.0746330890285,-1.58372727446e-15,0.0,0.0,0.0,-9.99138537504e-17,2.0896930327e-17,5.00971879649e-16,0.0,-1.01520626802e-16,0.0,-2.19333687584e-16,-0.462664585476,0.167692005269,0.449360714943,-0.531930728699,-2.55491000692,-0.414592494617,-0.392053179879,-1.03648561815,-0.625397579133,1.90007525458,-1.15030961942,0.221452048992,-1.22929154363,-0.410250277506,-0.284682833709,0.42348861557,-0.0217274160404,0.905806084201,-0.619016592447,0.226752438171,0.185341600469,0.422286360886,0.0999535943464,0.618885714986,-1.22337724032,-0.185546832166,-0.322830004085,0.0630627024258,0.122257414934,-0.0911096455207,-0.0788659219993,-0.87296161959,-0.727035132459,0.326326727527,-1.44757906302,-0.0481716752474,-0.380141012937,-0.666211477601,-0.548818697301,0.370455094615,-0.850593662138,-1.05292078128,-1.05372856275,-1.05322370383,-0.931667690104,-0.882135129893,-0.88946517176,-0.652001114908,0.321606063673,0.323579509596,-0.852712736937,-0.885758220747,-1.01732574773,-0.770355925069,0.167595110295,-0.364466220398,-0.461257228593,0.196001968963,0.712394201067,-0.666121261576,-0.8287907968,0.462617340619,-0.932143118666,-1.16336795729,-1.16635281761,-1.16359702891,-0.38492599975,0.217341288325,0.833030486715,0.891623516817,-1.00820829975,-0.701076155085,-0.00234004548855,0.412118834635,1.486920854,1.04179402728,-0.931638673137,0.323713232822,-1.18176333785,-0.810677269118,-0.636290593116,-0.578336718719,-0.578336718719,0.578336718719,-0.121073387281,-0.406302426001,-1.15669578002,-1.15891096043,-1.15957239205,-0.139758446145,-0.480860727362,0.293243973097,-0.406954436686,-0.298627716314,0.436234674397,-0.207550449645,0.881802094724,-0.146886276998,-0.354029739319,0.761088082098,-0.265511918647,0.169469940165,0.190749246526,0.234477247671,-0.324325816226,0.188420521502,-0.331984895987,0.181050254911,0.200848733477,-0.44239755279,-1.24482396231,-1.10012709495,-0.723065265931,-0.483243616631,0.037577755336,-0.0536083761778,0.298081690422,0.839857895402,3.95130685303,-0.681107063416,-0.207354818868,-0.144247100579,-1.03584513699,0.528934760526,878553600.0,01030328,0.05383212
459,600701.XSHG,600701,2011-05-31,-0.281350703466,-0.183169488026,-0.311969485657,-0.65253076765,-0.299557903561,0.291596292451,0.232276585343,-0.274434969923,0.786021255355,-0.304410533195,-0.604321788064,-0.419347518372,-0.500944024859,-1.47860586338,3.26963708192,-0.649276638638,-0.523714629275,-0.547406886335,-0.455586978897,0.245624727209,-0.0681763323606,0.298170654191,0.276781446482,-0.346414199445,0.279623196577,-0.259940081905,-1.60040311568,-0.448947852103,0.757291719746,-1.31694089692,-1.25607472989,-1.30190214437,-1.31622750895,-1.27598687268,-0.218466630453,0.249973188165,0.346414199445,0.305162703805,-0.501929752626,0.0494684993721,-0.21004400394,-0.126516687743,1.67949893088,-0.485507502341,1.469472667,-0.294457720177,0.336726336855,0.785450154997,-0.274030846402,-0.197280833703,-0.205880487381,-0.162357342732,0.172888711044,0.922546887003,-0.12936316119,-0.195103658497,-1.34021653244,-1.2292244382,-1.29066559265,-1.31466804432,-1.27119956794,-0.677629463495,-1.6356479997,0.0460104533894,-0.327071502702,-0.585337382006,-0.487417726413,0.638351147027,1.47860586338,-0.544378409837,-0.487417726413,1.30320379661,-0.381583868718,0.0062797417779,0.0062797417779,-0.751278905502,0.313950574521,1.59526582877,0.0935279180016,-0.0384148785709,0.0891293220017,-0.376421469006,0.326709815954,-0.442958663562,-0.40096344921,-0.435254863176,0.134312087966,-0.371375930738,-0.0768007418024,-0.625434786214,0.330786472587,-0.531609966451,-0.245457624078,0.223173307536,-1.469472667,-0.510912099154,-0.342861989523,-0.141433512341,-0.899819005181,-0.245006200405,0.156039130837,-0.476338350197,-0.335235933948,0.225275671068,1.13689531683,0.301981127645,1.591612156,0.055354651579,0.737116932158,-0.868242294913,-1.58372727446e-15,0.0,0.0,0.0,-9.99138537504e-17,2.0896930327e-17,5.00971879649e-16,0.0,-1.01520626802e-16,0.0,-2.19333687584e-16,0.144195687817,1.49291757882,1.02553589777,0.45538589684,0.325156716912,1.74128847739,-0.550111328689,-0.625217917933,-0.0113793997971,-0.611585552626,-0.348396068477,0.43739149743,-0.394043607819,-1.0586097819,-1.2265108746,0.263718219282,-0.280736313712,-0.387959237773,-0.110811428438,-1.27692827665,-1.27639650319,-0.801505170004,-0.161233778908,-0.654470160907,-0.216612871065,-0.187117812027,-0.418031120572,0.168296986684,0.395638826443,-0.523789215825,-0.879334801541,-0.850806218815,-0.776821147336,-0.87180694462,0.135741234773,-0.428848872549,-0.875890398444,-1.03628432428,-0.643257923606,0.733313406583,-0.133801250224,0.715290708435,0.717652594873,0.718950279662,0.0498503267981,-0.0233155547446,-0.191909072292,-0.046983009312,-0.781095742061,-0.816313835636,0.466877804566,0.522419710957,0.797077600942,0.309378789643,-0.520026736561,0.0702536224359,-0.244472828439,-0.516512916554,-0.153393241695,0.346664329993,0.175029232139,-1.59015228912,0.0505254212436,1.35621390747,1.35286170283,1.35515939958,-0.560806293546,0.711244213172,-0.520611106843,-0.640650821299,0.588518388275,0.495694741228,-0.645800492125,0.0912680144826,0.653285879753,0.473788292266,-0.931638673137,0.323713232822,-1.18176333785,0.238952581922,0.382950902464,-0.693963338621,-0.693963338621,0.693963338621,0.470650980076,0.124456612892,1.01497636983,1.01691496072,1.01891452306,-0.124567310694,-0.506384120534,0.226078170792,0.0793705461622,0.342028968558,0.58359888459,0.552667636155,-0.153905032448,0.310919001014,-0.657597824551,-0.441304750372,1.01811454909,0.26050097991,-1.31399146656,-1.29562893484,-1.30356230224,-1.3111568033,0.208277556478,-1.31573129406,-1.29955331128,-0.28304221112,-0.408533533257,-0.458345748836,-0.13472936122,-0.652315797475,-0.956160899248,0.692405325718,0.340135839816,0.0296311495621,-0.513964002182,-0.208373139385,-0.468239260127,-0.714765448661,0.125859029385,-1.23960068123,2897923048.16,01030328,-0.03958692
499,600051.XSHG,600051,2011-05-31,-0.335139821952,0.194851795634,-0.461974261257,-0.416410047529,-0.369383994253,0.900364131873,0.141477055994,-0.274434969923,0.143076155719,-0.39058287708,0.0195231343907,1.42862459649,4.13000518273,0.420880396887,0.02353606523,-0.152356803736,0.352337024505,2.415787809,-0.0818561638754,1.42360270138,0.802826443202,1.21689679574,0.625647804443,-0.28664095484,2.00405467452,4.13430607071,-1.50606292999,-0.427436273916,-0.198465608706,0.98915821211,0.448542557425,0.988295799414,0.94174280963,0.679678662703,4.19357390707,0.253821949276,0.28664095484,0.933562656954,1.8517334126,1.98606446796,-0.263444382703,-0.469826480494,-0.329110991683,0.270967102021,0.0290395019493,0.327654658128,0.604820554096,-0.427189749985,-0.233297745788,-0.209951726653,-0.279332513291,0.300673943032,0.681574822317,-0.369491539525,0.153056128224,-0.230538712458,0.980577060394,0.255885014191,1.09726638118,0.922555806018,0.54583171453,0.917534614157,-0.424364453807,0.328592493829,0.0248820910265,-0.429245119852,-0.446981021692,-0.280472090039,-0.420880396887,-0.297136109945,-0.446981021692,-0.518974963252,-0.311678490539,0.0436644554096,0.0436644554096,-0.290617841172,0.107381874758,0.286674177765,0.01726070655,-0.735072315403,-0.494412269935,-0.40701843613,-0.353799640853,-0.330472671691,-0.495745563802,-0.496162432835,-0.159423610416,-0.0827203380383,0.183571616608,0.342965803124,0.557033987675,-0.46549754795,1.24029771942,0.838910473599,-0.0290395019493,0.141685559713,-0.588550156157,0.571608284702,1.31656157061,-0.257579278567,1.07869467705,-0.36510259158,-0.303458652274,1.370426999,1.69261201097,3.00804577797,0.567243914005,0.659143446668,2.80177222068,1.43047100781,-1.58372727446e-15,0.0,0.0,0.0,-9.99138537504e-17,2.0896930327e-17,5.00971879649e-16,0.0,-1.01520626802e-16,0.0,-2.19333687584e-16,1.49147496072,0.024862137897,0.268377601206,0.589964371201,-0.396034542644,0.304034496053,0.833903297987,-0.0643466144521,0.741568910128,-0.756383183554,-0.512275119838,-2.31364196357,1.78190759538,2.57359202153,2.19847741279,0.263976568271,-0.576455680313,1.48646862358,1.15325819934,0.804411706903,1.30831839861,0.137096209899,0.160174908456,0.794084168307,1.30522374501,-0.34841134912,-0.652184171014,0.0142079386559,0.473464520853,-0.585612495012,1.32715512608,3.54709793658,2.51503015636,2.25058008134,0.0474267390649,-0.524907604579,3.00301058257,3.2611810277,0.346978183713,-0.756919592819,1.74391377393,-0.42100070943,-0.421028772806,-0.413588997787,3.0571412916,1.30027968524,2.79383328033,0.15897005905,-0.940751436023,-1.37756598475,0.810263917803,0.934836134268,1.40011361697,0.531566524857,-2.09090409466,-0.807577661572,0.836637847257,-0.682251154695,-0.148025712898,-0.0307214757448,1.18670075952,-0.618951386361,3.0588159304,-0.406752458752,-0.349919476611,-0.400909737982,-1.04872183494,-0.554514896596,-2.32867467023,-1.74493486436,0.329344736663,0.390960239545,0.467612726908,-0.567116092952,-0.804829104622,0.112152018792,0.143329026636,0.323713232822,0.459574631387,1.20778276183,0.176850512999,-0.4387121211,-0.4387121211,0.4387121211,-1.12964002152,-1.71147346436,-0.499827906368,-0.500849191101,-0.488618951425,-0.990462031373,-0.123533222953,-0.880497230673,-1.71296069626,-2.18074354481,-0.819564682029,-1.65796653439,3.25140569753,1.88494892752,0.590737071049,-1.00732062209,-0.169853635302,-1.71020394884,0.999554458947,0.948183304616,1.09853957038,0.987802222211,-0.174585598812,0.85354078743,0.927546547335,-0.28304221112,2.06288515717,2.52401550335,0.459355890486,0.230248415766,-0.520470342758,-1.24975690533,-0.499067633013,1.21796371013,-0.489644129733,-0.376138370774,-1.60679049451,1.08581553562,0.125859029385,0.438334155484,4118688000.0,01030328,0.04904634
521,600193.XSHG,600193,2011-05-31,-0.480436236837,-0.589775792225,-0.252134944762,-0.798539220026,-0.272802553292,-0.0784533549649,1.36604368154,-0.274434969923,-0.947355930996,-0.585224395895,-0.0914258845794,-0.419347518372,-0.356226862122,-1.63247486212,-0.111671423865,-0.00193234362755,0.297583796143,0.855777231231,-0.0362792352143,0.96606062678,1.06511196555,0.0119081233507,0.238312905478,-0.358402460312,1.1153092205,-0.454477020953,0.963566348097,0.709882080165,0.203465423183,1.3718849284,1.28207469702,1.48246357404,1.2362683132,1.36360098624,-0.407172485094,0.254089188125,0.358402460312,-0.0119589116379,1.34006750711,0.796566792851,-0.29663105877,-0.048986746884,-0.0825359662453,-0.531343565396,2.03567370342,1.62999607004,-0.253080941076,4.08501879954,-0.197339811616,-0.210755003513,-0.186678083072,-0.0700145457706,0.274336495966,1.5972929112,2.81425996485,-0.00609441784371,1.41694378001,1.14141903619,1.62971945143,1.19384339893,1.22664536999,0.682807189402,-0.412739443061,0.503300892275,0.784430958582,4.46971500042,1.10214344089,-1.72586953313,1.63247486212,4.57099833746,1.10214344089,-0.741243028321,4.83405339267,1.1075265919,1.1075265919,-0.00782803497282,0.0634798225077,-3.16790068997,0.31743117933,-0.333144655855,-0.462942064967,-0.100791976525,-1.03349313908,-0.267183431345,-1.77881455948,-1.68386004118,-1.40636044766,0.999493511201,0.71567803634,1.75531071858,0.711343051759,-1.82818045514,-1.00003900707,0.223173307536,-2.03567370342,-2.58663569482,0.00858684756814,3.30177212357,0.440125256128,-0.176263453529,-0.934891514997,2.92802517589,4.51417407523,0.38797476684,0.187124966829,0.79874661901,-0.158350257408,0.0465402166142,0.67412744878,0.124394652225,2.54980443363,0.0,-1.16077632007,0.85460824569,-1.30068904736,-0.881224998755,-2.72932927038,-1.23971920156,-2.59719690455,-0.49789678868,1.15887653456,-0.532142104723,-0.179811589574,-0.407084214209,-1.02008355843,-0.299960036757,0.304034496053,-0.481140500117,-0.637732287787,-0.741425058767,-0.689627621767,-0.66337724137,-3.50745354843,-0.379688374187,2.54635451352,2.56237877348,-1.69320155951,-2.09636624836,0.0725591183124,-0.288932127971,1.09889814286,2.01934012507,0.138669321119,-0.0429196564497,0.000987782174448,0.335816499604,-0.697451090184,-0.621122821678,-0.302086412408,-1.18395763243,-1.50620757889,2.99246453847,2.0220297822,3.03579187198,2.60893426123,0.113520656556,-1.8483834681,2.10710109853,-0.0778447563383,-1.47700914004,-1.60852196316,0.200701875336,-0.338797871342,-0.339765449255,-0.330954683437,0.616360707738,0.179186228299,0.25560110492,0.276164016355,-0.10972979793,-0.236826897945,-0.197610288027,-0.178123508821,-0.109465507795,-0.245486042603,-0.526652991471,-0.525460801368,-1.1225433599,-0.724390943316,-0.531397390902,-0.19980784485,-0.280793971207,-0.225833419616,0.621540034959,-0.155891145188,-0.164447045447,-0.159426855978,-1.76328089506,-2.25526494375,0.595138858495,-0.740000197498,-0.15569361904,-0.0336411144662,-0.424100098205,0.826603546426,0.401564989604,-0.0808067642691,-0.842058031489,0.139785259628,-1.18176333785,-0.243547823882,-1.58046241041,-0.802317844065,-0.802317844065,0.802317844065,-3.21006875823,-2.94135444721,-0.145803645208,-0.145323703431,-0.138952132347,-1.99307697111,-1.24656252252,0.0172519345432,-2.79817252743,-3.03262762812,-1.87216618341,-3.05109345718,0.509950832227,2.0343676504,2.27149321156,0.679781934779,-1.11439999602,-2.11640435208,1.41065392588,1.48436247681,3.22638792543,1.39340039487,2.11833929787,1.06133718448,1.13663893463,1.80552992652,0.157111949974,-0.674206522978,0.948358759155,-0.656027238697,0.561538952094,-3.07578390768,-2.45376329201,0.986470354173,-0.513821728705,0.0941829003222,-2.01422113426,-1.55110773035,0.706711112574,-1.0614299792,3108495000.0,01030328,-0.03017544
584,600770.XSHG,600770,2011-05-31,-0.503146255385,-0.56011816829,-0.320128741233,1.12457197576,0.056676210546,0.984591222405,0.039838844088,-0.274434969923,-0.370264102258,1.56536806272,1.78010888278,-0.419347518372,-0.404465916368,-0.0820362566211,-0.618676148003,1.51460398248,-0.393675711917,-0.58867700744,-0.296067728583,0.777050055105,0.959481618663,-0.130103957544,-0.0444690846909,-0.500973132775,-0.304030534418,0.117690446836,-0.397710441699,0.233832070234,0.699555123382,2.69807683926,2.8631581231,2.7022867201,2.72569742508,2.84699585223,0.120169903219,0.258339637445,0.500973132775,-0.000866587799851,0.82301564473,0.401044166891,-0.172935266156,-0.0791023601466,-0.185072115437,-0.421129097902,-0.427467008822,0.992033694832,0.363535758579,-0.458183741166,-0.256793149856,-0.208080131284,-0.198415228154,1.95388664185,2.35379900888,-0.195794543197,0.0493950876428,-0.216297832281,2.667441908,2.9914397537,2.63253178158,2.71368454648,2.87228888262,-0.684002715629,-0.33237549543,-0.414797604257,3.77790010222,1.23985748997,0.148606076375,0.0416289243544,0.0820362566211,0.874156490042,0.148606076375,-0.745436765398,0.839043654306,0.54611500662,0.54611500662,0.6120738911,-0.0201249552563,-0.814577536723,0.150964766034,-0.36331596811,-0.333580658625,-0.247684133922,-0.353799640853,1.66977202573,0.359048691868,0.12696885675,0.189027561194,0.679526125395,0.391869503336,0.423477740232,0.539647050876,-0.323651631364,1.23352188659,1.18050901954,0.427467008822,-0.708789548932,4.51163102908,-0.686381805899,2.48652527897,0.651625385473,-0.684066366508,1.02932690595,0.0192571729157,-0.76969187615,-0.661605984232,-0.894177884456,-0.766568901093,-0.574877448405,-0.844618983791,-0.734354605192,2.66321076329,0.0,0.672028395829,-0.107296629966,-0.83415808344,-2.19878470563,0.402244087085,-1.9146000478,-0.425457683631,0.584670989507,4.23426538787,-0.135738006236,-0.184229008152,-0.0341730036155,0.0369691856446,0.103552887971,1.74128847739,0.770680038462,-1.37778661419,-0.0787624059141,-0.720596696823,1.8226073072,0.134549588035,-0.936520331395,1.60906379671,1.71619147483,0.853455147508,0.448037047112,1.05294664487,-0.420205280804,2.78553252637,2.45975143458,0.176801633319,0.103598966282,0.268374363961,-0.787785852181,0.0145320340663,-0.206825987292,0.308347309491,0.702485509353,0.047939128649,1.93299393685,0.416962358525,1.05928708134,0.930823172387,0.0111810769813,0.341399849094,1.04645891746,0.650917514118,-0.206922492958,0.792888575189,-0.517964503668,0.827894751727,0.826372141831,0.823278126752,0.372731158103,0.437817160558,-0.328709779828,-0.0362717706424,-0.179460892335,-0.0658491947847,-0.294887627932,-0.305218475106,-0.294678853315,-0.26420765296,0.332462231828,0.261663079008,-0.609320349159,-0.145118906858,-0.0519841518316,-0.396151258836,-0.594384236309,-0.0427558479973,0.376713137501,0.363342350913,0.351077366977,0.356990193063,-0.0366685007284,0.087099450492,0.571983492089,-0.0255220692382,0.193104956618,0.334859004961,-0.499538971972,-0.908274395265,1.0506514661,1.31078253164,-0.931638673137,0.323713232822,-1.18176333785,-1.90128136097,-1.64188305628,-0.909945138062,-0.909945138062,0.909945138062,-0.790593180732,-0.922577092311,0.326006313975,0.32408622096,0.323204837106,0.28559334647,-0.302196975157,1.23693776399,-0.913482831285,-1.08774139348,-0.314315961368,-0.909570021699,0.211232872974,-0.307758411405,-0.795183122184,-0.222403584513,1.66840082627,-0.501261981298,2.69350626434,2.72432452013,0.308308064771,2.70064099935,-0.668053665631,2.75467398092,2.76460011235,-0.866214950849,-1.57123657798,-0.93271686827,-1.39324051178,-0.391178285098,0.287844451139,-0.966067797065,-0.338369095663,-0.309892439171,0.377823934917,-0.600544267508,0.114724738243,-0.255842997237,-0.454993053803,-1.16559782503,14448168000.0,01030328,-0.03567788
612,600083.XSHG,600083,2011-05-31,0.0918395796153,-0.369830484296,2.08099372678,0.0993685883154,-1.59591396888,-1.6262803542,0.749874803321,-0.274434969923,2.06332951241,1.4005958836,-1.11527121753,-0.419347518372,-0.500944024859,-0.12637781537,-0.814993310815,0.0849450914849,0.105947496879,0.145931148227,0.0366438506436,-0.612192482699,0.118914705761,-1.71511795324,0.367169779916,-0.32333399628,0.133709763828,0.300784036528,0.304342596576,1.98015900225,1.04726294205,-0.933557310659,-0.873741179303,-0.912823003304,-0.941352918981,-0.892962739345,0.347076486426,0.252607162561,0.32333399628,-0.00443197760495,-0.566561235423,-0.243511223561,-0.056480202867,-0.0991202246792,0.0676062522146,-0.593189172949,-1.60751417866,-0.416414640765,-1.80802740108,0.753164747517,-0.279947938296,4.99597126643,-0.149781194683,-0.925469786099,-0.695423285441,-0.759641715891,0.257246883243,-0.12603873257,-0.940554085785,-0.8686225317,-0.898316080512,-0.952794088099,-0.882807221059,-0.0295849425055,-0.433115733513,-0.838084395123,1.17951351009,0.10416328746,2.30912212373,-0.345405174338,0.12637781537,0.0413153454921,2.30912212373,-0.965607961929,-0.0841605208003,1.92529049923,1.92529049923,1.08862605399e-16,0.187996222876,1.20230161623,3.97921613172,1.59276034317,0.218661451087,3.46936315859,-1.03349313908,-0.247822129132,-0.404473897899,-0.521931019998,0.29845850765,1.45840697892,-0.748088022212,4.15938211169,-0.0954108156805,-1.67270158022,-0.887313788225,-0.604202841491,1.60751417866,0.674182097325,-0.439396312958,-0.746027887781,1.74939010056,0.0580868199128,-1.05363658529,1.77611709776,-0.199336751507,-0.750918903561,-1.36888177678,-0.769986511615,-1.55618608763,-0.561655795958,-0.949601456089,-0.0442697188554,-1.58372727446e-15,0.0,0.0,0.0,-9.99138537504e-17,2.0896930327e-17,5.00971879649e-16,0.0,-1.01520626802e-16,0.0,-2.19333687584e-16,-1.07806901971,0.189779098161,0.156191524224,-8.48932504855e-17,-0.509396436112,0.304034496053,-0.213303782497,-0.141139338559,-0.444636986881,0.441775920279,-1.23831520151,0.17668411456,0.193387663185,-0.856197712569,-1.00257157571,-0.205037568027,-0.473749642476,0.0547676126104,-0.25699484812,-0.903821373602,-0.876424269214,0.261343131891,0.00695703331257,-0.0599443140461,0.273733710707,-0.214012610963,-0.419769713181,0.388491584034,-0.278456903404,-0.611866542666,-0.859679334886,-0.576147771062,-0.592612892289,-0.421511389288,-0.358941075522,-0.432406603365,-0.713373836365,-1.10346883988,-1.06661174022,0.0518038345097,0.0282969030586,-0.780494686089,-0.781332957603,-0.780082231517,-0.813657219312,-0.783968037507,-0.77361507092,-0.664477488636,0.221292708363,0.219926243222,-0.681981394311,-0.70597845517,-0.798876992486,-0.619841140572,0.105203042544,0.0341907213846,-0.212611144266,-0.371781102105,-0.447440715291,-0.548496153935,-0.675184290936,0.296436471732,-0.813933804536,-0.771245225066,-0.777738349126,-0.773811958019,-0.539953448736,0.310078094272,0.808081040507,-1.03897874873,0.407006712448,0.346343707742,-0.628741275904,0.191128547586,0.539797646234,-0.090601080009,0.143329026636,0.323713232822,0.459574631387,0.0842461026008,0.143751609393,-0.101286010189,-0.101286010189,0.101286010189,0.231212545469,0.00815140334252,-0.916098298833,-0.917846288691,-0.917454223575,-0.413198884254,-0.531907513706,0.726760442548,-0.0418499243401,0.0670348083332,0.706249842142,0.197111091242,-0.247759878786,0.513327001312,-0.194181098219,0.575022091117,0.384774358531,0.223693413197,-0.928744996832,-0.905625922974,-0.829086891489,-0.931294627564,0.344406678359,-0.952177528423,-0.931346282234,0.198414353075,-1.0749153744,-0.988639271549,-0.58360701454,-0.565365206583,-0.887765032073,0.607076961122,0.155003606728,-0.950357390644,1.17441313182,-0.663940483425,-0.914319446725,-0.469003698718,0.125859029385,0.904194311803,1623800000.0,01030328,0.07365439
645,600622.XSHG,600622,2011-05-31,-0.382338394885,-1.78656873844,-0.34565256637,-3.58698936174,-0.157130393412,0.933954030161,-0.33031239042,-0.274434969923,1.2028584488,-0.149454569008,-0.91381115677,2.62140659789,1.40449861785,1.19249931666,-0.879373379914,-0.0461467525687,-0.427896479643,0.0386288333542,-0.364433121575,1.12658608875,0.908456790085,0.558318879438,0.583714547163,-0.288265532247,-1.16624627339,0.163463844259,-0.0342402784372,-0.229578368333,0.372810490815,-0.498538032808,-0.211715395627,-0.454788935358,-0.539812384495,-0.341595035758,0.202315830811,0.309022540519,0.288265532247,0.0588041721327,1.92175085229,1.44698177776,-0.37507229311,-0.14415700386,-1.11888347415,1.54791256505,0.159786512316,1.35922528967,0.0954415413379,-8.96100068617e-17,0.054524519763,-0.211539990827,-0.203884351627,0.34309103379,0.728174232795,-0.759641715891,-0.00467653218878,-0.285229041023,-0.471170539491,-0.136371090225,-0.451884862599,-0.544359802009,-0.362734866746,-0.895021757956,0.0146245709953,-0.880295820251,-0.187567960256,-0.563673430865,-0.148261984698,2.63875135397,-1.19249931666,-0.524186164424,-0.148261984698,-0.246382053261,-0.386278445512,0.251203022799,0.251203022799,-0.970137035681,0.622168431784,0.765906082692,0.00719653933291,-0.0487670765453,-0.483811982259,-0.360910530496,-0.353799640853,-0.323553386638,-0.853811330037,-1.2317384664,-0.525153352518,-0.0210752453601,0.670231224691,0.035214566885,0.676786514873,-0.441129099271,-1.71704531712,-1.26954289419,-0.159786512316,2.6135258053,0.14046166631,0.921351219374,-0.0897165650209,-0.0952452161388,-0.796461433046,0.234471880178,-0.335817464354,-0.168956753301,0.35889194502,0.26276279938,0.449868386276,-0.195856744918,0.338183537428,-1.86577398817,0.393657675503,0.0,-3.72670292232,3.36478466778,-1.03214576103,1.84800582263,1.31193456096,-1.46119712633,-0.311155619372,-0.897759827746,-0.497056488401,3.01031199151,2.61052447919,0.648715764631,-2.94822606382,-0.535056460882,-0.414592494617,-2.41577224156,-0.0694661293926,-1.18774283524,-0.661824274383,0.548424994869,-0.261339400768,-1.18320368829,-0.465793431095,-0.60834510163,-1.61278120989,-1.13900255738,-1.21488644102,-0.916942798079,-0.49816517368,-0.406332023032,-0.423840614015,-0.821915347019,-0.436428181694,-2.20345605674,-0.629014692053,-0.099529986292,-1.08926581301,-2.04685809587,-1.50899498686,0.127680273438,-0.747566619327,-0.423340441706,-0.00958506937718,-0.639385971131,-0.795295146588,0.432811153284,-0.66743910164,-1.308071777,-1.09634627,-1.22538708013,0.388091685533,0.392129213122,0.397433190974,0.596105188595,0.0939427496768,0.465023007544,0.377196493405,-1.29069609709,-1.49216239566,0.222169326367,0.326136226268,0.807162895433,-0.00231660683818,-1.39133464571,-3.77399762004,-1.35307201597,-0.70297705393,-0.671054096275,0.00581247127293,0.453101603502,-0.343301454032,0.598237324475,0.266462607635,0.275733129496,0.268854667558,-0.532174067358,-1.23351998323,-0.574232295668,0.146346752582,0.526194431827,0.407526154056,-0.946237065084,1.08312884476,0.493582137281,-0.127561168197,-0.931638673137,0.323713232822,-1.18176333785,-0.342345526023,-0.406645622736,-0.733959968148,-0.733959968148,0.733959968148,-0.285868560547,0.0240698722204,0.449934694777,0.454519579298,0.458285496583,-0.580301374209,-0.557430906878,-0.777867677209,0.0678257394477,0.0909473440049,-1.32115218008,-0.0365923155174,-0.561833981583,0.0123023439068,1.55751464238,0.276378357695,-1.37334253454,-0.852946207194,-0.487233570439,-0.436591824054,1.15630667121,-0.489540795522,1.77801649317,-0.553251612101,-0.592109706169,1.71737590772,-0.300571360639,-0.114828789108,-0.333562687034,-1.3241311071,-0.477167764513,-0.268148264305,-0.773476831295,-1.25901519858,-0.54128940183,-0.187917615428,-0.553590342761,-1.66144974053,-0.890632116194,-0.0593181279431,4253292442.54,01030328,0.02275894
662,600730.XSHG,600730,2011-05-31,-0.31140628217,-0.0607498737619,-0.474526962144,0.730228829147,0.186195489468,0.302363004423,0.523898497171,4.4116693591,-0.141178787541,-0.169788157069,0.237528224297,-0.419347518372,-0.356226862122,1.09623644553,-0.195206665918,0.69965067976,-1.06440275934,-1.29026906622,-0.765510093793,0.00528161409076,-0.106668746902,0.126811067963,0.339248242869,-0.357730221385,0.903071500139,0.575424421067,-0.191088071819,-0.512631846283,-0.388305411356,-0.251554923901,-0.246214878123,-0.223466962877,-0.2658059008,-0.189219660851,-0.502530694746,0.258575101667,0.357730221385,0.578113101106,-0.733525899318,0.88446070973,-0.268874929695,-0.324673050508,-0.541507300724,0.610607603889,-1.18314040772,0.188086629874,0.309916915131,-0.379407346913,-0.240931514803,-0.209590743271,-0.194057904583,-0.239155988422,0.0885177287185,-0.43095355361,0.0638807401297,-0.168226504361,-0.240761877021,-0.271293191258,-0.231200104237,-0.26564613117,-0.076222602988,-0.0307977951997,0.208364895043,0.432948517062,-0.369401776078,-0.637526539141,-0.516748575613,-1.35380085498,-1.09623644553,-0.560157309015,-0.516748575613,-0.852377060856,-0.405995668046,-0.0233075887249,-0.0233075887249,0.0561036410473,0.0453336409108,-0.897573006292,0.110421108599,-0.160230505657,0.729007074028,-0.395769263278,1.6860968124,0.349140775805,-0.292139539864,-0.307583226776,-0.623065251979,-0.452590894108,0.24038013117,-0.708204067354,0.519000063428,0.300585557396,0.716094652538,-0.290712597975,1.18314040772,0.165561083818,-0.643027986099,-0.610468610777,-0.547420297844,-0.272756248657,1.06535966916,-0.57054542478,-0.345032484625,-0.488097287315,0.78325742055,-0.515067377889,0.567243914005,-0.398588749109,0.352181200401,-0.359063711977,-1.51499224999,0.0,0.0,0.0,-9.99138537504e-17,-0.0342223300487,5.00971879649e-16,0.0,-1.01520626802e-16,0.0,-2.19333687584e-16,0.295067582363,-1.07360261529,-0.0630990304331,-0.292136356202,-0.705280005482,-0.414592494617,0.187301780125,-1.46140535821,-0.927674716124,-0.213804988573,-0.836474787896,0.132793982763,-1.12918267751,-0.224394340498,-0.332503204825,-0.439729171168,-0.373888839471,-0.236765785842,-0.78056386744,-0.211301807248,-0.242486528769,-0.545638870529,-0.549564471946,-0.592571645463,0.339966354231,-0.666379554372,-0.568325301546,-0.571697322537,-0.134413641349,-0.149311676755,0.328166033323,-0.611093918677,0.0167679298107,-0.439610085241,0.555632561401,-0.227837081451,-0.0655237229839,-0.0361055390104,0.0447928173241,-0.193232249102,0.752585183332,-0.20070295804,-0.200411958443,-0.206065041456,-0.492542130712,-0.491877422512,-0.708968446422,-0.497278252955,-0.253141109707,-0.10882059426,-0.479176500929,-0.492646762898,-0.474836370831,-0.441045976906,0.409781201723,-0.13590217932,0.0425946985663,-0.630133158103,-0.496739345331,-0.535459927003,-0.669027523308,-0.0336783640829,-0.493893891112,-0.0409891595174,-0.0428758681546,-0.0399108731381,-0.286697502631,-0.240593836632,0.121132914757,-0.0192684763969,0.36776046712,0.355075740993,-0.889887853416,0.124386349081,0.282044283953,-0.394354023759,-0.931638673137,0.323713232822,-1.18176333785,-0.469863490415,-0.367063428733,-0.859767548293,-0.859767548293,0.859767548293,-0.0196997688378,0.015321884819,-0.250621457365,-0.250936470527,-0.251030026822,-0.337243207001,-0.45533733419,-1.43027617329,-0.00577240335725,0.078991076169,-0.265804761739,0.0470680479916,-0.0340161045443,-0.0246797559567,0.218466545037,0.983116407469,-0.153541047248,0.374289779591,-0.246259850672,-0.20775879724,0.0037688826953,-0.251539762083,0.382692993888,-0.277109025601,-0.284012652897,0.442533174357,-0.277045130847,0.337414332646,-0.774720535344,-0.193100349757,-0.256435647719,-0.102589073777,-0.247682494176,-0.217295096789,-0.597025036388,0.272263595578,0.150153489525,-0.51790527141,-0.454993053803,-1.22142085119,2733816969.32,01030328,-0.03862661
751,600603.XSHG,600603,2011-05-31,3.08321532827,-0.407335196264,1.16135812884e-16,0.0,-0.115453222324,-1.91939287232,-2.30295261587,-0.274434969923,-9.72231616978e-17,-0.457192906934,-1.28218136449,-0.419347518372,-0.500944024859,1.46006461988,-1.06905631209,-0.475641105549,0.537129170224,0.632918577264,0.14602847943,-1.2453927338,-1.35185359871,-0.0771292233399,-0.828513997252,4.55768081382,-0.277500819373,-0.683344008068,0.478553614318,-1.34930222593e-16,-0.494995146219,-0.713734347055,-0.761939284941,-0.730332602341,-0.700217846587,-0.751401100722,-0.644993562177,-1.33264468395,-4.55768081382,-0.145413432815,-1.01898161501,0.462569908707,8.37377542734e-17,-0.30520174883,-1.13414182969,-0.667698764933,0.0,-1.01827424525,-0.0386055672828,-8.96100068617e-17,5.20547298702e-17,-2.97040092423e-17,-0.121698815702,-1.01399241029,-0.762717465168,-0.759641715891,-3.46181705757,4.98423091727,-0.719846243525,-0.759347643833,-0.744407882789,-0.696388119609,-0.758182409381,0.663886687372,0.621584948925,1.13295465043,-0.428504421924,-0.244975744472,-1.58076621909e-16,-0.219950168702,-1.46006461988,-0.255043227027,-1.58076621909e-16,-2.90998966367e-16,-0.0892181448662,-4.44700391174e-17,-4.44700391174e-17,1.08862605399e-16,0.274642331216,-0.150613780176,-0.480305719994,-1.19691979459,-2.44143057963,0.0,-0.353799640853,0.0,-0.537870948065,0.42916410621,-0.476197402788,-1.85672911622,4.20182721331,0.0,0.0,-0.685500806031,0.507275804509,-1.12966275388,0.0,8.0324716928e-16,-0.777869580738,9.40631440824e-17,0.671464642827,4.84337060976,-1.34414925728,-1.27641184366,-0.269176316545,0.20024504095,-0.469631126254,0.197398918937,-0.531817845636,-0.0636402204459,-0.214724150006,0.502722382404,-1.58372727446e-15,0.0,0.0,0.0,-9.99138537504e-17,2.0896930327e-17,5.00971879649e-16,0.0,-1.01520626802e-16,0.0,-2.19333687584e-16,-1.10842327569,0.0690363236821,0.0307151105968,-8.48932504855e-17,0.323771316513,-1.13321948529,0.040164012505,0.285486906482,1.20624666299,-0.286203804037,0.356388933664,0.453191944877,0.0437910179645,-0.676750600975,-0.729645555193,-0.169053244538,0.15733732245,-0.951448509099,0.168203627507,-0.653076836604,-0.802390023455,-1.78682121812,-0.784943532955,-2.17353176628,0.23704514108,0.0384730145807,-0.0256435636059,-0.239559802103,-0.0137203156648,0.355935796595,-0.668816563884,-0.471195125123,-0.478105058071,-0.750907655648,0.423387944703,-0.56760037437,-0.742626817539,-0.399593856756,0.460315334171,0.0620492456712,0.108877487927,-0.800401865563,-0.802023401157,-0.799976109105,-0.50739685171,-0.543584200438,-0.444667190193,-0.433210387864,0.271603284565,0.173620934001,-0.374998935164,-0.383790479093,-0.451325788388,-0.348085068373,-0.228505589971,-0.0764083039222,0.661398584309,-0.669287476928,0.388781384248,-0.227692812016,-0.324076943702,0.233163712567,-0.507070701621,-0.685792866864,-0.698839226381,-0.688002418755,0.527021055628,0.520793169802,0.895253198324,-0.354792875984,0.536549361931,0.441531186403,-0.0885038385073,0.893629334542,-1.06924201514,-1.24241261102,0.322490309932,0.323713232822,0.733130959593,0.422379323494,0.552540130219,0.140875401305,0.140875401305,-0.140875401305,-0.00772154277795,0.608750931816,-0.937065211057,-0.937247798921,-0.935490419189,0.346357888272,0.310364460972,1.55039114612,0.65083847853,0.501445873037,0.376739806928,0.399896537573,-1.24453482104,-0.229958008781,-1.00861533711,1.43968169626,1.14608125926,1.00206734388,-0.718324819207,-0.735704996582,-1.04669499949,-0.712737936929,0.276342117419,-0.682899537266,-0.698275273856,0.161118422046,0.995842084992,-0.452668725008,1.98339279201,0.000904207408119,-0.509700214323,0.0283955066806,0.0842868527189,1.14079925814,0.837829653951,-0.636116949818,-0.283043514789,0.777359461707,-0.454993053803,0.674825099543,1518206976.0,01030328,0.06153846
755,600608.XSHG,600608,2011-05-31,-0.249017454632,-0.245727750864,-0.0247218470248,0.807957566877,0.147234597596,-0.649425549235,-2.43628886167,-0.274434969923,-0.0935402511478,-0.39920712305,-0.258336031539,-0.419347518372,-0.500944024859,0.322722587347,0.0718444770213,-0.424803485552,0.297583796143,0.112915051343,0.0503169292419,0.26194432131,0.476088505812,-0.341008063671,-1.94486596204,0.0316641771575,-0.370354822031,1.14759188886,2.38156300413,-0.215723453568,0.333577712352,-1.0972892907,-1.09659497928,-1.05349326246,-1.13395655777,-1.07761990684,1.17887580917,0.244419741969,-0.0316641771575,-1.67179642382,0.849945429229,-1.75235679666,-0.159057201619,4.75103755067,-0.348031352546,0.260495688028,0.619617099622,-0.768196516395,-0.682031688662,1.72043555564,-0.259575057822,-0.207572936046,-0.215777947593,-0.565319704938,-0.593251907188,-0.555213712521,-0.367123448844,-0.0440700983146,-1.09656142834,-1.12410220501,-0.993865840971,-1.1602527731,-1.11152800767,0.0560742228962,-1.20435773583,-0.282300630939,1.07541830952,-0.0497765563231,-0.222728169802,-0.200018601565,-0.322722587347,-0.0864344186748,-0.222728169802,0.133151152188,-0.179041047523,0.00585248790782,0.00585248790782,-0.436915480163,-1.86012995385,-0.192260252361,-1.31626427835,-0.343734885364,-0.435571550924,-0.343427042789,-1.03349313908,-0.274991431909,-1.51553090784,-0.935399714027,-0.0845498049459,0.960353769818,-1.03213059502,0.0,-0.692217421281,-0.939094261854,0.267657716358,0.337921318612,-0.619617099622,-0.326781163254,-0.0138106803615,-0.651136393878,-0.141125317621,-0.562160237129,1.12949470713,-0.0649033714099,-0.228234339347,-0.100122520475,-0.60098234487,-0.299366572428,-0.745227896051,-0.213485614848,-0.193727655546,-0.147900513488,-1.58372727446e-15,0.0,0.0,0.0,-9.99138537504e-17,2.0896930327e-17,5.00971879649e-16,0.0,-1.01520626802e-16,0.0,-2.19333687584e-16,-0.831187737728,-0.163614388119,-0.923452882128,-0.876940999334,0.463034173951,0.304034496053,-0.0224844901144,0.0846881538156,-0.635050762593,-0.0256506525664,0.977395487514,-0.553647678532,-0.455242235409,-0.768076363125,-0.646251493368,-0.481286451422,-1.25297387459,1.38088737159,0.0903376083512,-1.15335589956,-0.847871976574,0.467240299111,0.196509178198,1.13968076894,0.568364956987,-0.11170137164,-0.56359873809,0.550951455954,-0.521492309822,-1.03206233714,-0.560752446168,-0.650379783969,-0.008125077628,-0.0465064091231,-0.0371969450999,-1.5584284066,-0.41050206158,-0.902584906212,-0.97576563923,-1.25486554825,0.451813465392,-0.642250757128,-0.643251518123,-0.635081239485,-0.599728270329,-0.513448612874,-0.589865394095,-0.338729211304,0.0540422779977,0.0825604867357,-0.345456591411,-0.35846666015,-0.396465631657,-0.327167805427,0.132832493517,0.682403627927,-0.77893696196,0.124496441223,-0.958163604226,-0.0666966422989,-0.393241765504,-0.207408823552,-0.599291645501,-0.818789529009,-0.80258266723,-0.817224046973,-1.50137768527,0.439891335824,-0.281881123577,0.606049638589,0.526689206644,0.453406751625,-0.551271956259,1.81973436496,1.48270690258,0.555651551077,0.322490309932,0.139785259628,0.59635279549,0.322815747693,0.0724354150257,-0.392897800007,-0.392897800007,0.392897800007,-0.39922040505,-0.556882537008,0.192002035201,0.190904943356,0.194766232988,-1.55253404304,-1.11894555666,-0.469343419231,-0.572911033207,-0.424168528591,0.387723474768,-0.417610710195,0.818659535473,1.83905248567,1.18755344211,1.74301616895,0.242237181361,-0.156822187023,-1.08360813119,-1.04902141035,-0.248050809297,-1.08807353799,0.667713342827,-1.18536393533,-1.13027672602,0.486610183755,1.11153114507,-0.110123552765,1.79727074973,-0.615642694346,-0.540567180353,0.222766872267,0.0530399149008,0.778126333814,0.763954151095,-0.640091561955,-1.38777639568,-1.01319043073,0.125859029385,-0.54851194685,2134310752.09,01030328,-0.00308166
758,600691.XSHG,600691,2011-05-31,0.00311796552376,-0.359482522026,0.934722924109,1.07899862203,0.0656635517751,-1.28998883495,-0.927053441411,-0.274434969923,0.846269992558,-0.396542721856,0.746044561243,-0.419347518372,-0.500944024859,0.670254291391,-0.627085736129,-0.64921697007,-0.674286007269,-0.770265540301,-0.455586978897,-1.28040568115,-1.28292532151,0.0109132926614,-1.1752403834,0.627323886509,0.412271771803,-0.967139072091,0.229101957684,-0.403737077608,-0.257607558329,0.608402105734,0.525737828042,0.619229597495,0.609281999695,0.62800122518,-0.928483179424,0.230948959519,-0.627323886509,-0.259604945184,-0.814315252815,-1.0169776921,-0.14970459291,-0.306499835608,-0.11976635375,-0.357336639012,-0.165972988089,-1.01871452295,-0.0117961455586,-0.0978785936795,-0.200951829949,-0.210707346182,-0.147819455933,-1.11753226537,-1.36561542806,-0.759641715891,-0.0680792755633,-0.0530960082856,0.608315176083,0.517058264352,0.565083990141,0.639510256386,0.685458368447,0.186938140858,-0.566495879692,-0.631717427831,-0.353960544281,-0.139367476847,-0.439719500773,-0.308690136841,-0.670254291391,-0.165400097565,-0.439719500773,3.0121516554,-0.236878233623,-0.961129833543,-0.961129833543,-0.342390732183,0.415154348883,0.508887854351,-0.830001287836,0.525431830675,2.93493392774,0.0964986400988,-0.353799640853,-0.47311151127,0.674989073841,-0.65897305173,-0.646103345969,-0.301902889783,-1.48565190295,0.0,-2.30420379919,-0.174339162667,1.25692930908,1.01020577544,0.165972988089,-0.578197667086,-0.243197880526,-0.502021189173,-0.962836185788,-0.196425016736,-0.324973653924,-0.506275875356,-0.24805110624,-0.750918903561,-0.217032628914,-0.750377347482,-0.350419302783,-0.535212491063,-0.634654039196,0.120648431765,-1.58372727446e-15,0.0,0.0,0.0,-9.99138537504e-17,2.0896930327e-17,5.00971879649e-16,0.0,-1.01520626802e-16,0.0,-2.19333687584e-16,-0.989929254195,0.270765105434,0.841816538251,0.922740235075,-0.538670548877,-1.85184647596,0.881033364177,-0.630906267867,-0.782876964215,1.77041806035,-0.74113739748,0.1679060882,0.534513346604,0.482712730188,0.430290032005,-0.0429789378346,0.118221126508,-0.662319368174,-0.403492290583,0.680355325406,0.462555785692,-0.931048714179,-0.870348567357,-0.55362558657,-0.0273819092912,-0.0978447648435,-0.16894574227,-0.102871286029,-0.340374339637,-0.75060560484,0.420014391049,0.954002421126,-0.245106508445,-0.108041975366,-0.265497298129,0.661595622526,0.864292625605,0.0287353306887,-0.704527513435,0.726577997394,0.517402313541,-0.982059615619,-0.982432582823,-0.982380840588,-0.881744409588,-0.856694557198,-0.845573471883,-0.686474581092,0.271942751992,0.280777577573,-0.838417356694,-0.869433255704,-0.986969692499,-0.762921961974,0.168325779923,0.0892316774304,-0.585267901303,0.0985220704167,0.152434377826,-0.668479052057,-0.800848619728,0.417319797126,-0.882075904951,-1.09783706866,-1.09942936431,-1.09722373853,0.0961569409577,-0.625147563685,0.726727066718,-0.496916991893,-1.60216779738,-0.976451218943,-0.741700012814,0.362441332737,0.338430967332,0.848060309343,-0.662896748193,0.323713232822,-0.771428845542,-0.694264472797,-0.553372721196,-0.249637145159,-0.249637145159,0.249637145159,0.421603296525,0.163320622495,-0.0428296149071,-0.0446429559836,-0.0477112666422,0.164064262865,-0.302196975157,-0.224845889754,0.142866983092,0.121834369248,-1.09598698935,0.331695154278,-0.480031461331,-0.945285655321,-0.283811803522,0.140346918911,-0.976930807367,-1.43696447745,0.608361516693,0.629905297938,0.335789501091,0.60882258619,0.118942820244,0.622962327229,0.577642901916,0.0288873938517,0.547945243646,-0.4273972923,1.27931207892,-0.795376140909,0.141059814115,-0.439248257728,-0.395929244275,-0.333041774766,-0.0411092097693,-0.47095636209,0.0583608157484,-0.512889725493,0.706711112574,0.914998921149,1403512883.28,01030328,0.07422512
780,600846.XSHG,600846,2011-05-31,-0.339339060474,0.284376372057,-0.428291180544,-0.520361943761,-0.333050807274,0.803015111125,0.857443615117,-0.274434969923,-0.484981901294,-0.221463517072,-0.271474731154,0.0510453835922,0.560315168546,1.46612842279,-0.498138718195,0.269499972531,-0.0993771094756,-0.374072377695,-0.337086964378,-0.594686009028,-0.975881177603,0.780912246164,0.926110037961,-0.272187817907,-1.59072171411,0.00325695327818,-0.148837559211,-0.420751885214,0.519787019084,-1.26162102158,-1.14215679584,-1.26394657013,-1.25338252225,-1.2132300051,0.0423323284736,0.282271149141,0.272187817907,0.569199626594,1.35622537781,0.702813281512,-0.297536149935,-0.246008991727,-1.06090172312,4.41664526526,0.237348298126,0.631446265368,0.417154602028,-0.619610778571,-0.179466854791,-0.210940407253,-0.141238532556,0.187517790977,0.467535915184,1.38752038486,0.0682814446827,-0.17858958618,-1.25849704991,-1.08380317251,-1.26589844511,-1.2622140018,-1.20951117761,-0.673499988846,0.875685450842,1.27483194045,0.203521169235,-0.340353036462,-0.420070679465,-0.842957564167,-1.46612842279,-0.414018602198,-0.420070679465,-0.672046366554,-0.297018892071,0.0479369941104,0.0479369941104,-0.342390732183,-0.00573271725763,-0.79345682583,0.0760737952064,-0.121244418288,-0.398178111008,-0.399046481616,0.326709815954,-0.0783948648534,-0.120127554123,0.10354286842,0.269660890161,-0.0660859479505,0.103092887645,-0.164936603872,0.487703577192,0.540230305171,-0.439492836848,-0.659427388608,-0.237348298126,0.0259254428412,0.431890344858,0.940329518154,-1.17842127733,-0.0473336046797,0.414484283838,-0.304952885068,-0.291615561901,-0.312882876484,-0.358487787424,-0.528140153977,1.48490713079,-0.482325881274,-0.676647028115,-0.271052866311,-1.58372727446e-15,0.0,0.0,0.0,-9.99138537504e-17,2.0896930327e-17,5.00971879649e-16,0.0,-1.01520626802e-16,0.0,-2.19333687584e-16,1.40783212202,-2.88179928676,-0.391839416292,0.139738202429,0.72818776324,1.74128847739,-0.000643727733338,0.0966336886768,-0.255737436025,-0.445728950659,1.87548230279,0.614707629887,-0.0691620045629,-1.38118732774,-1.39504852402,0.0571497489593,0.275865641791,0.342110733658,-0.0684416139817,-1.19283250962,-1.29920952086,-0.091562962642,-0.4310762121,-0.469756928852,-1.13508833026,-0.706020926431,-0.370404220016,-1.02724085316,0.157393721857,0.153944015254,-1.27801318354,-1.05003352115,-0.956050800895,-0.925379084644,-0.13946081572,0.0674545762696,-1.0532550646,-0.858278838621,0.151009229961,-0.355925583749,-0.870270316582,1.55911713744,1.55931940245,1.55504319334,-0.359232345624,-0.457852427946,-0.339017806563,-0.445136232139,-0.0444578094409,-0.213177471863,-0.0265256870526,-0.00414019386377,0.0628850001469,-0.139928230159,-0.648689900559,0.72198002599,-0.43751715019,-0.633446167629,-0.957081124542,0.457699536288,-0.0221136841036,-0.0641463546469,-0.359654882107,1.98131428649,1.97304344395,1.97823146485,0.312188626067,0.47968221454,-0.662460780845,0.403958548797,0.592953691102,0.48554063399,0.617692179481,0.298473380429,-1.44765736158,-0.252433312389,0.501651593227,0.323713232822,1.0066872878,0.358045936053,0.557999743185,0.439032094136,0.439032094136,-0.439032094136,0.697228582492,0.688199866576,1.91619628423,1.91548456086,1.91548893239,0.0425351792614,0.15722410194,-1.09212528486,0.668155688602,0.659866421862,0.736454928703,0.567217264591,-0.179674808618,-0.264456236266,-0.234125216886,-0.200513467927,0.291808444088,0.188568896253,-1.26307833517,-1.26059790798,-1.04613415385,-1.26105132258,-0.319222790811,-1.24570642628,-1.23691770627,-0.0728287816825,-0.545091409684,0.0254110527873,-0.851233890494,0.101973514396,1.54273096221,0.972991584363,0.473816348226,-0.97350672624,-0.652307174237,3.49433363611,0.163036671809,0.233172729691,-1.03584513699,-0.396298583774,3779807171.8,01030328,0.00495868
811,600133.XSHG,600133,2011-05-31,-0.206198045311,-0.290060157558,-0.459672932761,-0.856018670056,-0.264287608448,0.631140255946,1.71492655782,-0.274434969923,0.82507784953,-0.21669564125,-5.40255067632e-16,-0.419347518372,0.00556604472065,-0.577752144178,-0.305559150107,-0.347831032739,2.96817845699e-17,0.0,0.0,-6.58850513567e-16,0.0,0.0,1.0493112726,-0.235998955663,9.20434389998e-16,-0.678766668326,0.0,-0.3794302096,0.360747875347,0.0,4.75802730496e-16,-4.90346501099e-16,1.03991729805e-15,0.0,-0.638387421147,0.248901861525,0.235998955663,0.347204591923,-0.701210157919,0.333658830617,-0.0594971734185,-0.664484840993,1.85466485242,-0.555083810838,0.511030599487,0.0,-9.30138664844e-16,-0.645439104555,-0.222078469592,-0.210309470173,-0.183071945663,0.37576009748,0.459286951217,2.48448372321,-1.08262503772,-0.101702204945,5.03863108993e-16,4.63936889191e-16,9.61645725172e-16,1.0469336761e-15,-4.52438456128e-16,-2.56483235544e-17,8.40291651921e-16,1.4671284327,-0.349168437861,-0.647897282203,-0.502795064829,3.45687376888,0.577752144178,-0.705679096466,-0.502795064829,-0.565106071096,-0.387242398613,0.00969777273851,0.00969777273851,2.80908789863,0.282646502482,1.11008442782,0.192975978636,-0.0298930235424,-1.57922538342,-0.366882299398,0.0,-0.330218752974,-1.94869048042e-15,1.30040358094e-15,9.59153339699e-15,-0.449655413504,0.0188269243773,-0.976828007053,0.393162108351,-6.59863726776e-16,-3.41940255246e-16,0.0,-0.511030599487,0.632219054959,-0.223962740091,1.30362838053,1.38085114847e-15,-0.278856795457,-0.384028688885,-0.452717917503,-0.331383295012,0.0,-3.50550834665e-16,-4.5355303154e-16,-7.40414848931e-16,0.0,2.42820745681e-16,3.00028148539e-17,0.393657675503,0.0,0.0,0.0,-9.99138537504e-17,-1.39883774074,5.00971879649e-16,0.0,-1.01520626802e-16,0.0,-2.19333687584e-16,0.349030704109,1.2573219213,0.875824164374,-1.70276345564,1.41137086404,-0.414592494617,0.0,0.0,0.0,3.0562293492e-16,-2.1211576342e-16,0.0,-4.19408181642e-16,0.0,-3.23727299143e-16,3.27799995589e-16,4.10906695404e-16,1.52529260796e-16,2.06598709014e-16,-5.37352845023e-16,4.26569052234e-16,6.83646942054e-16,4.09031590667e-16,-2.2588228906e-16,0.0,0.0,0.0,0.0,1.97890358639e-16,2.11599623924e-16,0.0,0.0,5.52735800213e-16,0.0,0.0,0.0,-6.56107742195e-16,-4.95613263179e-16,3.58074206091e-16,4.21284865489e-16,0.0,0.0,-2.56371006246e-16,0.0,0.0,-1.09449104637e-16,1.49505889299e-16,0.0,-1.68296044048e-16,0.0,2.32729713441e-16,0.0,0.0,0.0,2.25456095491e-17,-1.02064177378e-16,3.46799758545e-16,0.0,0.0,1.08354743119e-16,-1.95144513963e-16,9.97824915579e-17,-3.01588410527e-16,1.58973002364e-16,0.0,-1.58514578744e-16,1.40151696932e-16,-2.03023982633e-16,0.0,1.82827722423e-17,2.35418740353e-16,0.0,0.0,8.76097992167e-16,8.91128742636e-16,0.0,1.59127185469e-16,-6.53443426282e-16,2.42966827285e-16,-1.06286321412e-16,-1.89418375636e-16,2.0184172276e-16,0.0,-1.61473378208e-15,0.0,0.0,0.0,0.0,0.0,5.27048385855e-16,0.0,-9.21671937406e-16,0.0,-2.76544246666e-16,2.54048352736e-16,2.52395820153e-16,1.17375174742e-16,0.0,-3.20483326058e-16,1.7359222461e-15,-1.75831173288e-16,-1.62483530997e-16,5.03002720591e-16,0.0,6.2266374188e-16,5.05711439634e-16,0.0,5.32487811746e-16,0.0,0.0,9.82161673266e-16,-1.40917660842e-15,0.0,-4.5117837462e-16,3.94465800145e-15,-7.38183233985e-16,1.30417555694e-16,5.35435945475e-16,7.89776448978e-17,-1.14134616061e-16,0.0,0.0,0.0,-0.490172394983,4360419788.4,01030328,0.0
16,600097.XSHG,600097,2011-05-31,0.460442532559,0.00791422600164,-0.612764221033,-0.438032651495,-0.352124805922,-0.35522325354,0.649242754681,-0.283571468646,1.27910253081,-0.738811285284,-1.05826606848,1.01589369804,-0.499104490962,-0.931571546989,0.325677560082,-0.821117369473,3.23885046276,2.80139614758,2.61513928924,0.804560588428,1.26307232459,-0.74412862235,-0.232555037076,0.181729122573,-0.143066639651,-0.33280057506,-1.4737335022,-0.0266722974664,0.0198339878564,0.545773115628,0.163792135034,0.428881785245,0.622794073042,0.232421703012,-0.284004345006,-0.931579485834,-0.181729122573,-0.322682112883,-0.199963426013,1.11641235005,0.748744579589,-0.398626842891,0.542711629134,-0.688702989,-0.720780966696,-0.595946748582,-1.04808568146,-0.259569225894,-0.51511120603,0.0398990572147,0.207257343127,-0.298785836742,-0.933010370993,1.65859750279,-4.59270418393,1.42777223342,0.546893589085,0.0694062244922,0.382588222501,0.643889234412,0.173350104422,0.50710663216,1.74428413676,0.725415894636,-0.0412087494784,-0.063477579209,0.0326716731354,-0.173522379864,0.931571546989,-0.0752724749549,0.0326716731354,1.81186512592,0.019470376354,-1.57827776505,-1.57827776505,-1.04557769008,-0.180599496695,0.871973317714,-0.098666688567,-0.0599827493249,-0.174630524432,-0.0887979476539,0.874863137102,-0.293543365753,2.19929417536,2.3750237456,0.0579179536527,-0.170183860259,1.98428233491,-0.207804055712,1.65476861807,2.17244014961,-0.121129975226,-0.579533534278,0.720780966696,-2.03890345772,-0.530611947447,-0.18836466532,-0.0751419447844,-0.305279540323,-0.297898826086,-0.273816053245,0.00755128317446,2.77758744155,-0.0149913950688,2.23494352475,-0.280861502529,2.27434076498,0.684107964778,0.449946135227,-0.0849086260033,-0.812523320568,-0.987132057127,0.273668239184,-0.447583251359,-1.79391180375,-0.486709264617,-0.303652991763,-1.26760825896,1.43821272172,3.4197872223,-0.595085496666,0.877748956399,1.34862358448,-3.31709568002,-0.721623218968,-1.80730398312,2.16879167621,0.521782971162,0.862420616884,-1.04529072915,-0.870317374468,1.11125871771,1.94915840195,1.69160211232,2.26130582622,1.17288008931,1.70146644786,0.694729608959,2.45009105105,0.331271696308,0.425706223552,1.66016532239,1.8742157372,0.0650422280874,2.75023680269,1.78895162763,2.09220162212,1.24398902245,1.06879365083,1.93347136179,-0.16652151083,1.82390027936,1.3389008598,0.524056858783,-0.0540370598966,2.00212760842,-0.822813723687,1.76431815193,2.31841216631,0.77095076323,0.292399530619,-0.922220995562,-0.920591288513,-0.927849710467,0.793142384102,1.20855768767,0.787857271878,-0.184234109889,1.25332425136,0.974209808185,0.269180859785,0.235024922663,-0.0675659282327,0.328753807986,0.195104663925,1.1894270501,1.46207613105,0.900952865395,0.224151339167,-0.367307792784,0.125038009576,1.30999163061,0.78830787716,-0.959531562865,-0.98277990782,-0.968580487841,2.05756065664,1.09626476052,0.600480590089,2.03059432999,0.578467814002,0.433902454275,-0.132858291956,-1.43746100092,-1.55629752579,-1.77407871343,1.98678594329,-2.21870017777,1.45899142433,2.5797478449,2.81110344019,1.74053238235,1.74053238235,-1.74053238235,2.35181914633,2.50232237692,-0.811008331145,-0.813089321984,-0.817206615814,1.61674089216,2.31378350456,1.41846501045,2.49514665631,2.22243423442,-0.220981566874,2.13027792571,0.799323687242,-1.36954017005,-0.818786983452,-1.24202506706,0.794466064072,2.35186137766,0.517499163076,0.380690725178,-0.178728977673,0.526591967253,-1.44893844649,0.705616620186,0.663394426555,-1.14890372925,1.01601763366,1.10774311052,0.336336002624,2.16905572409,1.73055003636,1.06924218744,1.99910295595,0.564378363336,-0.227862017255,-0.483916550413,1.92480653797,2.14762229401,1.12505512934,-2.58141593157,3480631939.18,01030301,-0.19790454
38,600371.XSHG,600371,2011-05-31,-0.790863216061,-0.36459886901,0.0292502494403,-3.71055215942,0.0124417783918,-0.791034312847,-0.584553335833,-0.283571468646,0.39852060178,-0.83937464302,-0.483359502649,2.39882478073,0.84630761511,0.445474747736,0.0414691674983,-0.520576708652,-0.685839161253,-0.815076140739,-0.620914458784,-0.376216513929,-0.502901641599,0.28678096664,0.0854767555484,0.40392714147,-0.23201999073,0.102583089606,0.383308473329,0.367607240615,0.0204441034962,-0.0843462780035,-0.0192085631743,-0.0719946147643,-0.0813058777102,-0.0261089178515,0.287508830162,-0.0070357052077,-0.40392714147,0.07151942118,0.593830780281,0.440771600554,-1.1901559112,-0.0936976507855,-0.378058960165,0.386175454314,0.95836755031,0.491189285509,0.454717116423,-0.135200663256,0.383485522755,-0.690689469858,-1.08508303616,-1.03689844217,-0.836845306088,-0.646308980144,0.189812984975,-0.765663320297,-0.0924955873018,-0.00875185976735,-0.0866057388963,-0.0825772285012,-0.00333476027457,-0.355723404396,-0.067634569538,-0.759460683915,-0.133396840245,0.205248779839,0.379980476391,0.158945547635,-0.445474747736,0.175277613625,0.379980476391,1.15958068687,0.318975110243,0.719856201206,0.719856201206,-0.943550567626,-0.203149298532,-0.0196897200774,-0.0224045581627,-0.0208039634088,-0.316003127708,-0.344822400613,0.322352907226,-0.868125263271,-0.0486469390641,-0.223201443734,0.169319950631,0.728707355669,0.358723567566,0.730288635233,0.583036729025,-0.335330900623,0.15114490331,-0.809840048079,-0.95836755031,-0.179312890702,0.291770823237,-0.765481937788,-0.527295398867,-0.340226788472,0.222757181894,0.465823490308,0.176922672147,-0.561299110045,0.0894647770237,-0.610069918714,0.194520715133,-0.51923827238,-0.645719693594,-0.389914505967,-1.35272912898,-2.08422401195,-2.78897135791,-1.26705473017,-0.447583251359,-1.42882337006,-0.422049290014,-0.303652991763,-0.954032002999,-0.783759706456,-1.08321796493,-0.326997716291,0.483874621017,0.126390331207,-0.128292208035,-0.666069103842,1.0166084905,0.0557735659303,-0.925211348448,-0.259751987285,0.764025910099,-0.576720632154,0.334510373315,-0.705322115802,-0.255372531386,-0.363809868798,0.0793944287533,-0.0297960082693,-0.0169280339618,-0.458539781313,-0.0133455522268,-0.150838849038,-0.703975887901,-0.639926613565,-1.82474115292,-0.55120477749,-0.0602701399658,-0.0868135770376,0.0937899138473,0.0373696475974,-0.235162473367,-0.34686344896,-0.748416452822,-0.737705417089,-0.782176797142,0.560812372269,-0.0536917980891,-0.763745733611,-1.26651997093,-1.08821192871,0.285431757184,-0.360424766971,-0.666268489439,-0.666843044468,-0.663938968781,-1.08472818525,-0.716347672949,-0.933899999708,-0.646168554752,-0.20026815499,-0.260364153711,-0.733166288077,-0.752373129926,-0.833105837567,-0.676009024087,-0.277738019636,-0.598195286474,-0.574269896737,-0.274014563738,-0.233715652963,-0.659835071654,-0.773781783984,0.0531271679487,-1.08433112738,-0.835815229248,-0.836707119754,-0.838759976096,-0.196011604197,0.23825174773,-0.0412255060516,-0.341246596132,-0.0785763983273,-0.147915772251,-0.421111346447,-0.437123308513,-0.15879607276,0.557538121844,-0.761505851465,0.556051409318,-0.827263178741,-0.680392245774,-0.433093342861,0.412439931985,0.412439931985,-0.412439931985,0.0140385907646,-0.0581192779331,-0.637336079607,-0.637337947399,-0.635708138003,0.0985753331704,-0.467679644538,0.378633894702,-0.114400649844,0.157109915684,0.405941668649,0.114071756948,-0.655879253848,-0.729134967329,-0.826467085834,0.0414117047824,0.37677159784,0.302163718956,-0.0831077518098,-0.0619773219501,-1.20660884314,-0.0806077755268,0.0167299686036,-0.0741334561734,-0.0726387196998,-0.124295523838,-1.75034799657,-1.4397134371,-1.10182568296,-0.74527870306,-0.61526674791,-0.0324068251466,-0.182060510723,-0.193248229174,-0.347176142123,-0.177139943292,0.0111268305298,-0.683640727609,0.327732728509,0.0352482410864,2121020000.0,01030301,0.00321543
122,600354.XSHG,600354,2011-05-31,-0.598916253179,-0.424645040715,-0.225450573272,0.383513628559,0.189897613212,0.666768777913,-0.638873914762,-0.283571468646,0.257809056419,0.731246128567,1.79122056309,-0.609984737014,-0.889708005629,1.2612810469,-0.674323514678,0.0489663954967,-0.479719341771,-0.465757794708,-0.43737708203,-0.660237379819,-0.756368677456,0.261409217208,0.786060504212,0.530897437983,-0.000741277925655,3.1335232167,-0.319675199475,1.14523940117,0.525532693881,1.93133872576,2.29186101058,1.9452104368,1.97484143501,2.18211847993,0.595371883705,0.0711387971001,-0.530897437983,-0.0656168267811,1.64212389241,0.806588138954,0.655303592081,0.287124089578,-0.419375589173,-0.0016985228138,1.35070565193,0.0277826800444,1.81439583832,-0.133194718697,0.0836977062407,-0.541998691325,-1.1752560835,0.300138968673,0.319571845493,-0.644933737612,0.164947996045,-0.875886212444,1.88262479114,2.46263236275,1.8858909198,1.96323685448,2.24615439211,-0.514870956952,-1.10779206809,-0.801361963028,3.98344067296,0.282291651968,0.883918739939,0.0943587835133,-1.2612810469,0.456597011328,0.883918739939,0.933490064574,0.386379540566,1.24645227816,1.24645227816,-0.705843397521,-0.212506879552,-0.234518630208,-0.243695249695,-0.000365832023342,-0.280176885079,-0.40228628455,-0.230157322649,0.719652670986,0.506833225598,0.334706698773,0.98072554056,1.09664728343,-0.246627744234,0.770964741074,-0.0375835230477,0.0922105359259,0.569546341396,1.44801809263,-1.35070565193,-0.391723020124,0.922026285222,-0.733419867095,-0.742957842897,2.22625006683,-0.278779946203,1.14942973511,0.314948419209,-0.45650721611,-0.142660049849,-0.440136553112,0.170142139869,-0.41546073786,-0.419735908511,-0.367315349674,0.842268027329,0.875436136013,-1.23283741632,0.491823703871,-0.00987123298489,-0.864595790707,-0.140456500182,-1.02363984452,-1.43864985313,0.00370040544459,0.599867571425,0.896989007415,0.363250605806,-0.291637328707,0.681717549193,0.397756126732,0.310630372099,-0.602740210792,-0.85095718634,0.882386422534,-0.443191196987,-0.86302892799,1.36994365741,-0.249749962648,1.94004046387,1.48454647949,0.907267792633,0.468004524812,0.942933060462,-0.499249717764,1.93958933141,1.82744727342,1.35935920848,0.446841950715,1.96268081437,-0.517151588692,1.64578880425,0.938422864134,2.32215240418,0.715719549956,0.538768469616,2.43886627425,2.0604727325,1.82840632348,0.584678352341,0.123508269711,0.507713835169,0.965223559237,1.97157996512,0.682799555636,1.13416345478,-1.40777727112,-0.384691555384,-0.385032118383,-0.380762000482,-0.320123292405,-0.319462791661,-0.605208207094,-0.446742547631,-0.145782592062,-0.207934729214,-0.651852000392,-0.670054584496,-0.750744393987,-0.600519802247,-0.24552273608,0.295898708268,-0.338720829087,-0.231052488358,-0.252274747505,-0.633297270734,-0.717589505301,0.250972421013,-0.31975012999,-0.353887737533,-0.353841387166,-0.35709754697,-0.110646895614,0.878082976003,0.0565644841689,-0.547826462381,-1.11598628732,-0.206897307397,-0.419639690889,-0.462393941287,0.504771984898,0.138313584259,-0.624091261727,0.159658325448,-0.947592368376,-2.82652826595,-1.8088617329,-0.0575645577675,-0.0575645577675,0.0575645577675,0.508629983177,-0.869935267442,-0.0841185017762,-0.0837326079597,-0.081523186953,0.503419482234,-0.34460605387,1.00020995631,-1.14097527415,-0.402305146622,2.09770267152,0.249210383051,1.61975568261,-0.228695520192,-1.26062261706,0.100105459592,1.45988983947,0.407427010664,1.92661112026,1.97919949787,0.10329453363,1.93379269241,-0.687776193943,2.02650231188,2.05207115047,-0.909902247209,-0.924838584688,-0.589748985788,-0.772740502759,0.417668735627,-0.889153335223,0.132531018681,0.677457144337,-0.505919521321,-0.353014542018,1.78631547721,0.146856143835,-0.0191705145295,-0.469589672323,-0.586864929702,5202645984.0,01030301,-0.04460094
208,600108.XSHG,600108,2011-05-31,-0.853545886173,-0.351464268137,-0.118097333947,1.56756227947,0.0886501759114,0.912654786663,0.039733905822,4.23094981316,-0.0988331092415,-0.492529222628,-0.494919286144,-0.609984737014,-0.889708005629,-0.918544699897,-0.575261885792,-0.331877457766,-0.900372034591,-1.27398455611,-0.804451835538,0.261388704041,0.123853210703,0.308653164427,-0.69084203472,-0.441002468052,0.693094860486,0.126864101673,-0.743984493587,0.484161007068,0.178725532338,-1.07884445722,-1.03490705827,-1.08059714055,-1.07405439397,-1.05332936337,-0.305161453531,1.72804737351,0.441002468052,-0.727908179645,-0.0121189955159,0.086153527615,0.0654573584366,-0.136853421363,-0.554736735634,-0.316413234167,-0.0649321998094,0.967625661053,0.454717116423,3.91981626213,-0.59751772898,0.183826913166,0.481765514017,1.42004937243,1.25843524368,-0.563794428249,0.429371854334,0.603856114626,-1.08294618114,-0.979105761337,-1.07434271586,-1.07837283113,-1.04745547669,-1.13943023012,-0.460510925202,0.28283363401,-0.867537037517,0.240314918353,0.532718521521,0.0498889849356,0.918544699897,0.187426606711,0.532718521521,-1.31961993005,0.368368762502,0.52333665075,0.52333665075,-0.702905443734,-0.217477148112,-0.387465562952,-0.333714193632,4.30113873785,-0.245312496644,0.421356926407,-0.230157322649,0.692354124918,-0.0214951591213,0.0196661665566,0.393786660959,-0.0910069137784,0.0242987169911,-0.162043436642,0.0298553883376,0.123849447301,0.451389318635,0.160864531729,0.0649321998094,0.10844271859,0.211132334371,-0.460892266207,0.216891907997,-1.08454186309,-0.80521608066,0.323872466798,0.23297759831,-0.395077485182,1.21527018735,-0.445618274583,0.548010056473,-0.407046343169,-0.0373018106788,-0.350621729293,0.930863854704,-0.444526441185,1.46992153485,-0.530780036851,-0.430694416164,1.98973196364,-0.85227604744,-0.303652991763,-1.21059439424,0.0677485445417,-0.303288149425,-0.224916232452,-0.0207768711914,-0.231919091576,0.0620112891452,-0.179300648899,0.310630372099,0.397632492468,-1.05409810651,-0.196238715768,-1.14086208346,2.55360536373,0.489860042194,0.953686211834,-1.38502791492,-1.37643933939,0.23864945753,0.106937465375,0.155782180508,-0.380849691608,-0.999762229235,-1.13397095172,-0.272775143909,-0.406745015006,-0.659390991711,-0.374249010768,-0.317604650051,-0.358198104305,-0.192487047478,0.235682808619,0.367262902221,-1.42738059641,-1.05669767953,-1.90424519813,-1.12229528205,-0.00160579773642,0.123534012817,-1.37266721954,-1.09665026618,0.441413296739,0.16771797228,0.121291993521,3.53529015214,3.54297557879,3.56125489322,0.803253133029,0.208869480276,-0.318507733113,0.140072066255,-1.89879288829,-1.33555713462,1.02752724556,1.13780202277,1.89478644106,0.72345833346,0.0350063107408,0.445209983629,-0.929815659227,-0.364473912445,-0.402756109954,0.409869069901,0.181865353214,-2.89665979272,0.802933843619,3.08533652496,3.13280411875,3.10341986741,-0.0238740371389,0.580361049695,-1.34332640456,-0.455996831502,0.587183197847,0.511518386019,0.0235798903239,-1.1874224688,-2.2367518243,-2.33719281372,-0.41796937712,0.688182437275,-0.105288040931,0.12668837653,0.351891890089,-0.201273463792,-0.201273463792,0.201273463792,0.37150508794,0.325477601,3.6788379726,3.68595832595,3.69457579707,0.199786370436,-0.0738441544007,-0.437166637478,0.304581906797,0.438622011554,0.467169840272,0.469004815162,-0.523256557209,-0.730922349276,-0.79420409164,0.233144637161,0.34382368829,0.0322853546477,-1.07964017062,-1.0788145721,-1.52915612112,-1.08120991556,-0.264087173111,-1.06949289387,-1.05992523514,-0.279203891827,0.527056428906,0.650296853524,0.0901386384189,0.754802270271,-0.835654987018,1.00354660557,0.28454642092,-0.445790426678,-0.226054344033,-0.549712503622,0.181047497568,0.0747851861539,0.327732728509,-0.580275780101,11029894253.4,01030301,-0.04409449
219,600201.XSHG,600201,2011-05-31,-0.219897610807,-1.03543992278,0.390251828739,-0.23934200423,-2.81926212529,-0.0965547957075,-0.681611429066,-0.283571468646,-0.229818050084,-0.339175555624,0.163217720851,-0.609984737014,0.781207029332,1.4056619355,-0.898399760604,1.00385881255,-0.711078322822,-0.787678623403,-0.688533492325,0.540003081368,1.07412417059,-0.929313230274,-0.438161137227,-0.0675943687617,0.0348400625057,0.923113842245,-0.523564081061,1.48579493753,0.0674230077615,0.0733029292832,0.0243142665618,0.0940759675577,0.06034946613,0.078938582558,1.31579855349,0.893469415959,0.0675943687617,-0.485219480103,1.35126800003,0.687137840701,-0.401747579103,-0.26448860101,-0.499647896958,0.112782544502,2.24298204349,0.0850003660492,-0.726056510486,-0.356857536991,3.46222187467,-1.16785766783,0.291761770495,-0.181504467779,-0.0142112188314,-0.611927916854,0.162694571904,-0.906197507784,0.0760664746804,0.0171524394301,0.0991126928402,0.0518357835591,0.0906664271667,-0.42193133853,-0.151950788836,-0.858976221808,0.425787856302,0.43049312713,1.418015471,0.0308752517611,-1.4056619355,0.393043735935,1.418015471,1.27132662663,0.39529427132,1.70913180229,1.70913180229,-0.587791072593,-0.150138147797,-0.457434389655,-0.315001399839,-0.656545490216,-0.368704271189,-0.0446096631504,-0.230157322649,-0.0462815350253,-0.203638349571,-0.514184335309,-0.183175920404,1.15952309387,0.856127617471,1.2158596487,0.6231355412,-0.275542192949,1.08612656168,0.123132707211,-2.24298204349,-1.13636079459,0.576945479175,2.98578033326,-0.277352606591,-0.408895065537,-0.507539567131,1.9815242216,0.325466914946,-0.626342354557,-0.0498101190997,-0.653923690482,0.316413591457,-0.611796613979,-0.41104422447,-0.501587830708,-0.0754331364445,-0.792012019094,-0.086212406736,1.71894819274,-0.262039013661,0.76170723212,-0.796293385446,-0.297799440114,-0.0418101674621,-0.572871179343,-2.05024077087,-0.143151937143,-0.10447516746,-1.01223739008,0.948874381773,-0.157450050742,0.310630372099,0.759196424155,-0.737075155337,-0.629355208411,0.522582488682,0.170983385647,-0.351386155797,-1.16593378392,-0.131391780134,-0.32987172148,-0.046670765984,-0.230011793514,0.451320064384,-0.118388260279,0.10865141238,0.0901209255534,-0.214606974606,-0.377646031198,0.285632899202,0.243697350735,-0.289815320611,-0.527748581722,-0.127867727776,-0.255172143037,-0.281597756317,0.338403611065,-0.723257424074,0.208212183141,-0.421638440719,0.554121371244,-0.105144452868,-0.047763515668,-0.492616635675,-0.527387024996,-0.0965539062181,0.434080930764,-0.241853347221,-0.240797209503,-0.236207224068,-0.817142725571,-0.669827346392,-0.786945623979,-0.622644312992,-0.434758703521,-0.440486600973,-0.692711098202,-0.700989292237,-0.703550012556,-0.662239960053,-0.309184316638,-0.471857189016,-1.35604730545,-0.493927647416,-0.332723587162,-0.640826034266,-0.695928355969,-0.184050549476,-0.816692136883,-0.0610006052528,-0.0577060824454,-0.060289817518,-0.487638746109,-0.947575768408,-0.0773427657355,-0.535431581186,-0.00915248261571,-0.043493039522,-0.465811388435,0.222593176815,0.901616647487,-0.114690329888,-0.830213146334,0.556051409318,-0.947592368376,-0.348247528134,-0.478407160562,-0.331791697283,-0.331791697283,0.331791697283,-0.0832234722869,-0.417411828969,-0.269934548808,-0.26917704409,-0.266757803088,-0.382177093842,-0.516909080805,-0.207752389213,-0.455244980488,-0.390575475961,-0.190367481063,-0.258724452992,0.103523777193,-0.0281237674905,0.0384634187306,0.132713101153,-0.000446538648696,-0.0948889655914,0.0785362114319,0.0992055679769,0.03538984353,0.0740693748361,-0.0152930387849,0.047392415624,0.0570190273223,0.00184414723796,-1.23710302452,-0.885628572218,-0.925798528774,-0.742326322764,-0.797753824878,0.0205090690594,-0.288329628663,-0.550014190726,-0.229592768212,-0.564508875896,-0.148432820226,-0.639084415945,-0.469589672323,0.274773749591,3765728211.3,01030301,0.02162565
284,600975.XSHG,600975,2011-05-31,-0.054862658212,3.96034086193,-0.5106733954,-0.0670032195655,0.675283419222,-1.00350478541,-0.569774943037,-0.283571468646,0.307738959612,1.25893107947,-0.704922019641,-0.609984737014,0.911408200888,0.618623257006,0.65252300463,2.74959191028,1.44266346442,0.602745381387,2.36398287895,-0.0392120601121,-0.264181778737,0.476631643425,-1.01621195752,-1.03026007141,0.0526307327214,-0.33280057506,-0.496011529496,-0.349016307814,-0.120143971791,-0.381788604289,-0.465218818692,-0.438478454809,-0.325864539975,-0.472511494321,-0.255794866972,-0.00136805379039,1.03026007141,0.39994620948,-0.187844430497,0.0712222403334,-1.02079412134,-0.379268656089,-0.15435892597,0.650713692368,-0.976971891261,0.593727910923,0.705184249404,-0.461166654043,-0.912666912918,1.1400794274,2.81954638045,-1.08398981776,-0.882133175701,-0.646308980144,0.169211827999,-0.620995774355,-0.400810692122,-0.452853384462,-0.474733967361,-0.328243705627,-0.481763742951,-0.538235993814,1.36136010853,-0.693989935302,-0.616543184554,0.172474769404,-0.231944557917,-0.175742464755,-0.618623257006,0.156229946072,-0.231944557917,-0.708915375567,-0.135933023305,-0.618575494377,-0.618575494377,0.863558098585,-0.102513662837,0.876895747733,-0.281067926458,-0.043807178589,-0.164309412808,-0.612471691296,0.874863137102,2.04993181974,1.08833384604,2.27421077529,2.56861967659,-0.200457398619,0.111079849102,-0.336188014771,-0.0740369886613,1.50347755807,1.17117678579,0.474821788565,0.976971891261,0.0395096199853,-0.105159920253,-0.813575043827,-0.690018570922,-1.67312709507,1.26162375973,-0.428841513131,0.270592368604,1.81277931463,1.84200721991,1.35238636792,1.70599238155,2.50433421986,1.50981794874,-0.55584928421,1.22318270759,1.67442052656e-16,-0.168114193135,-2.22148488818,4.74066692067,0.064720222337,0.13833715655,3.59091003833,1.92516816541,-0.0680252103693,-0.520436238714,-0.575263849318,0.715275793053,1.01022024074,-0.185627236031,-0.820208582825,1.0166084905,1.52173429783,2.75633309302,1.56594014668,-0.109697471154,-0.327595766657,1.34844437287,1.22582002013,0.323999056198,1.15958871892,1.97500675541,1.97668326712,1.82967627714,1.49016016225,-0.471518486748,-0.474807788583,1.77774957419,1.92265551296,0.722199732628,1.4551469666,1.38390318811,1.30645867557,1.23013291431,1.79131661857,1.84953985077,-0.569726672547,0.317295621733,0.441244361624,-0.697306706161,1.28015874674,1.07026286075,-0.34976309238,1.63448444208,1.65410596577,0.8982524608,-0.204575226812,-0.485656711501,-0.498410767392,-0.50283375334,0.246570521784,1.06249305648,1.52802610609,3.02080121111,1.2032646221,1.7373926956,0.862653107846,0.765410362861,0.306924052435,1.20276573692,2.07627639408,1.28546340894,2.01401860044,4.37284489011,0.816632519705,1.42944940792,1.23056014453,0.503823977619,0.249164481946,-0.296126963151,-0.276676538285,-0.292478635272,1.66875015506,0.987951271613,-1.00626757838,1.05029907974,0.615762477139,0.489093571301,2.66100201442,0.371928543275,-0.950841179744,-0.905659432758,2.05549323816,-2.08656914982,1.6996498036,0.8037824563,1.36821608709,1.78635261325,1.78635261325,-1.78635261325,0.995833355775,1.40618432931,-0.328208996013,-0.33896031602,-0.340337545407,1.66734641079,1.42765365175,0.823972288881,1.40929475711,1.34270893483,2.08971638826,1.11829154747,2.00893599377,-0.748411194178,-0.37458824142,-0.688999466183,1.54748522266,1.40217641165,-0.397743820247,-0.454141188936,0.714436744531,-0.388768211245,-1.87262746732,-0.267638273325,-0.259702681098,-1.8459913852,1.06477392216,2.97272288921,-1.66713071448,2.01325344081,0.681951217168,0.186045960746,2.05488406384,3.43454048099,-0.357022192012,1.48257429206,1.698936383,1.90159396439,0.327732728509,3.06342702175,2055158028.0,01030301,0.23596491
417,600257.XSHG,600257,2011-05-31,1.06636492315,-0.103340515786,0.548124239511,-0.048789979105,0.602348856236,-0.406856295902,-0.37525934055,-0.283571468646,-0.500217655685,-0.087003665075,0.993595501924,-0.609984737014,-0.716106443555,-0.272630198232,-0.454997592477,-0.760161150788,-0.525991137981,-0.541100967381,-0.543635563309,-0.00280837044847,-0.421792190124,0.970360054786,-0.26121528134,0.0761129213823,1.20902429674,-0.324427812278,0.873743891199,1.35194022137,4.02698635075,-0.778362458154,-0.698369520374,-0.746606393203,-0.800306732117,-0.713218171071,-0.264474706367,0.383641370075,-0.0761129213823,-0.513004282107,0.612009273554,-0.380449199936,2.07443858986,-0.0226370992332,-0.43059010276,-0.216650599019,0.571885241252,-0.304759712874,0.955651382385,2.17665044063,0.614615303998,-0.775874613966,0.263838568408,-0.345281118973,-0.171715550172,-0.281869709274,1.17901095196,-0.379883197784,-0.772540482293,-0.669353225553,-0.737291298382,-0.806382047611,-0.722279977679,-0.623664322388,-0.711243734111,-0.513290669129,0.483657752696,0.969451123367,1.18453056124,-0.409532385915,0.272630198232,0.937367466387,1.18453056124,-0.701119147212,0.237488427271,-0.120598769434,-0.120598769434,-0.392016515642,-0.266150196965,-0.585065968014,-0.0627578778586,-0.318096761657,-0.329907561114,0.284135187231,0.322352907226,-0.51954382887,-0.954837594653,-1.08698530298,-0.524032776829,0.82651417191,-0.589519046721,0.933669164436,-0.485049813455,-0.876937590909,0.227633024324,0.946469595035,-0.571885241252,0.0924117654262,0.391538044547,-0.573109513632,-0.113761577619,0.163136206799,-0.578457272744,0.941172641405,0.821069055763,-0.131290993551,1.02957032586,0.0532183792813,0.852742247282,-0.224734458201,1.5445846849,-1.19494805768,1.10000134333,0.260097091798,-0.168114193135,1.47352329497,-0.169208657449,1.25955509625,-0.718197571964,-1.6616769742,0.271766088504,-0.218254754774,2.07482154815,-0.550486790134,-0.215252324286,-0.993658382975,-0.0258210941687,0.160878121,1.0166084905,-0.446933193335,-1.31725793491,-0.730599136274,-0.592081306861,1.25935021539,-0.208519942454,-0.736567108607,-0.586782616466,-0.776158358707,-0.838264692091,-0.882637954721,-0.530221582093,-0.864780236754,-0.75271960522,-0.71934516983,-0.5863719581,-0.507597865835,-0.942469579557,-0.469041560333,-0.90127907707,-0.941942893383,-0.615612209967,-0.115016563165,-0.772892036783,-0.449754460683,-0.841959273364,-0.270262171494,-0.186809918306,-0.216253450689,-0.848349466346,-0.437930754037,-0.97323742343,-0.866887520788,-0.758119880105,0.227008115168,0.640021240196,0.646487673767,0.648172387843,0.0824094353429,-0.27444939712,-0.653848296316,-0.577731742582,-1.60919042156,-1.15774035633,0.0745526313779,0.130637893214,0.586304853639,-0.00433005157004,-0.0312845564229,-0.595637384853,-0.484325284202,-0.294958790697,-0.273646642182,-0.380963637147,-0.462544643757,-1.57266398111,0.0848843888975,1.07692730519,1.09646459102,1.08103361493,-0.871846489082,0.12119836053,-0.561220068006,-0.381449104438,0.519334832076,0.454662114212,-0.587372530459,-0.161960994751,-0.533485795315,-0.589522629199,-0.830213146334,0.556051409318,-0.947592368376,-0.434775883313,-0.484199152298,-1.33220007207,-1.33220007207,1.33220007207,-0.319234171194,-0.253068278423,0.730048329054,0.734105096735,0.743194944548,-0.90088365983,-1.20612118855,-0.858773590133,-0.24912172915,-0.294933545954,-0.0739008502596,-0.307653955547,-0.881681059025,1.05348979445,0.519552908956,-0.520744035728,0.149413308015,-0.0079225121419,-0.770344168415,-0.736094266274,-0.726347446222,-0.774052326444,0.878887859832,-0.822658817157,-0.811375429915,0.816219567521,-0.397128900356,-0.446613334825,-0.116267808729,-0.74192423314,-1.33936611101,0.0418751093615,-0.552780939398,-0.361609694176,-0.322122560491,-0.202840219955,-0.811537862326,-1.52052449452,-0.204081312846,0.586295914448,3373695000.0,01030301,0.04556962
440,600506.XSHG,600506,2011-05-31,0.0141271410197,0.983538721148,0.713364029453,-0.367896696029,-0.523189903272,-1.70231221838,-0.547008229809,-0.283571468646,2.25695050502,1.14397036466,-0.152749694685,-0.609984737014,-0.889708005629,-1.87547517589,0.199851912163,0.0153079617011,-0.227327726078,0.0684937933394,-0.414837404183,-0.0471415766725,0.608666522925,-1.16378319054,-1.33881277459,-1.83363576571,0.444025477466,-0.608264470589,1.12644014984,0.0388891961637,0.19136364202,-0.253056074737,-0.27831203795,-0.227218491757,-0.290531336611,-0.246989301023,-0.632282900732,1.31085611286,1.83363576571,-0.928658960881,-0.630187766828,-0.951570938458,-0.448468072857,-0.580954185251,-0.40284893757,-0.644587046593,0.634103037218,-0.47018114172,-0.94074262447,0.888834033955,-0.98723316643,1.55609607912,0.535932327087,-1.43419466791,-1.21892587693,-0.646308980144,0.276039596965,-0.483217159171,-0.233594845988,-0.292488799688,-0.194282012135,-0.298738410297,-0.246944549885,-0.242869352831,-1.77210992416,-0.714940574858,-0.354109933467,-0.101554274005,0.0861786316202,1.06486276442,1.87547517589,-0.109246920446,0.0861786316202,-0.690724176072,0.204896776025,0.187536253854,0.187536253854,3.79296511174,0.0353024586124,1.83149556934,-0.0447505616831,0.0234103890619,0.764273623133,3.62809187084,-1.88835128986,1.24199985055,-1.0611820661,-0.817768848172,-0.622133042825,-0.533466320582,-1.55469456484,-0.694646197491,-1.03549714422,-1.75602813654,-0.264402500409,0.463075088479,-0.634103037218,1.29152706209,0.0890673490943,2.69722169702,0.133143715446,-0.928812020457,-1.04931526801,-0.0814350608558,-0.0185744568622,-0.362555862926,-0.537272255532,-0.198940808386,-0.756243720192,-0.491190290077,-0.193752123428,-0.255598901344,-0.0849086260033,1.67442052656e-16,0.0,0.0,6.46564610104e-17,1.88846738519e-17,-1.55383100815e-16,0.0,-5.06384842689e-17,-1.53580385983e-16,4.17098284571e-16,-1.17833746986,0.311554599287,0.935904212311,0.831764537355,4.35343587524,1.0166084905,0.417795753551,-0.109569775044,-0.607345658875,1.61863502049,-0.875258694114,-0.983187710925,0.343232965314,-0.512394165714,-0.735856808767,-1.04414464993,-0.985134802981,-0.452482550824,-0.46650528044,-0.260748774552,-0.134413723744,-0.427677083712,-0.522276910209,-0.667789290543,-0.241327733855,-1.21146355257,-1.07672182292,-1.18161709886,-0.94896554506,-0.731609856059,-0.332245495175,0.0177701803637,-0.595679888192,1.03519176762,-1.73590986261,-1.07702793203,0.357387881948,-0.360611161945,-0.706059736205,-1.57470387053,0.334903950663,-0.633703758278,-0.63244244178,-0.625663636896,-0.882628367753,-0.689959195108,-0.692687218154,-0.535008988452,-0.0884789204754,-0.259009885523,-0.692186558304,-0.703097666619,-0.772779623185,-0.669873310496,-0.461784996786,0.0655686793883,-0.286658771008,-0.466240233076,-0.407251203823,-0.599972881945,-0.608357012223,-0.0968093691266,-0.882787949432,-0.720852744705,-0.715793017304,-0.721378361877,-0.830856016376,-0.81965286888,-0.255451475673,-1.08572237286,0.0273244900463,0.0690911426284,-1.1799950625,0.806534476606,1.79999586536,0.489307039866,-0.0744329027747,0.688182437275,0.496357907245,0.188771501323,-0.317253508138,-1.31623241585,-1.31623241585,1.31623241585,-0.903699606844,-0.554236193429,-0.537932692377,-0.537397230072,-0.534140221477,-1.16656263265,-0.492294362672,-1.52454314454,-0.518563887762,-1.04473018592,-0.470552918595,-1.05635301051,-0.864385943915,1.248204434,0.88698344812,0.220101580536,-0.985518178477,-0.866123286864,-0.243753423739,-0.225406228536,0.403937072864,-0.251999035994,0.896131017657,-0.336162360293,-0.325106264313,1.03751723608,0.0219278746369,-0.0183766902266,0.0543923370327,-0.751120171768,-0.402911059627,-0.274621842777,-0.9373448547,-0.890745727041,-0.289938284915,-0.362506090506,-1.34409409926,-0.0375742084777,-2.06423447399,1.4127373849,1624775603.0,01030301,0.10909091
479,600962.XSHG,600962,2011-05-31,0.0358262135272,0.765693638248,-0.485413809677,1.52949113157,0.0897583544149,0.151646144766,-0.677217852829,-0.283571468646,-2.3411396708,-0.440175196908,0.330063929298,-0.609984737014,0.130201171555,1.1521812025,-0.39787784623,0.365673705621,-0.744730538248,-0.657540416058,-0.756152525866,0.351496846773,-0.110258160598,0.964235839406,-0.0957612142146,0.175380607747,1.90286043515,-0.441646491227,0.88870099062,-0.713246827981,-0.849145001986,0.624788693477,0.246273383455,0.640643330047,0.584719361429,0.452391927335,-0.419084345591,-0.176088066448,-0.175380607747,-0.296312622509,-1.39974398209,0.22426793497,0.42754118503,-0.00940950825146,-0.278505558844,-0.21818540879,-0.288184291216,0.183573409265,1.09877545837,-0.437095319338,0.043673605969,-0.517636616049,0.614033313375,-0.368379736749,-0.537458092102,-0.632556554828,0.163180604562,-0.906197507784,0.652531938556,0.0840417361763,0.677001069888,0.585430447954,0.469075573548,-0.157748864005,0.145530102616,-0.84326324214,-0.654225907787,-4.07340170355,-0.739774236627,1.57390235157,-1.1521812025,-4.17482503908,-0.739774236627,0.317588024521,-4.63808358977,-0.638609040782,-0.638609040782,0.478686152382,-0.305000057004,-1.75308829118,-0.449218516485,-0.116564162386,-0.598655732644,-0.485189275256,-1.33584105999,0.295475262859,-0.366549029227,-0.98273552686,-0.999569659451,-1.26468870867,-0.151380160209,-1.49037251799,-0.0512535726528,-0.686726401946,1.49025782793,0.0857568433023,0.288184291216,-2.6969740851,-1.10321394438,-0.172333629973,-0.0356544550324,1.40161763243,-0.0520211382867,-0.944347861667,-4.41223668767,-0.481801811197,0.507289465394,-0.286648351923,0.58457791937,-0.536067061762,0.545041020112,-0.38452645312,-0.101964507209,-0.206836653518,1.30611796205,0.0,6.46564610104e-17,-1.19649436679,-1.55383100815e-16,0.0,-0.754483476475,-1.53580385983e-16,4.17098284571e-16,0.416314059239,-2.44802746298,-2.09512809005,-0.516218567671,-0.68379694763,-1.80730398312,1.12030209991,-0.548169489044,-0.955410963671,0.82036270843,-0.828686756448,-1.72803389118,-0.868602400782,1.01447647087,0.460462884179,-0.705809635088,-0.644274960659,-0.204019969217,0.414194188689,0.618193215243,0.725037475157,-0.614683681234,-0.757752979381,-0.271341707675,1.07976545557,-0.942170075476,-0.874972265258,-0.992883202894,-0.939202769895,-0.548689067778,1.40830053242,0.255838875298,0.106174424516,1.04731606633,-1.23827622603,-0.374985042377,1.65369862494,0.895612602355,-0.406349965585,-0.935778261839,2.67591662382,-0.695639641248,-0.694539871905,-0.688885301189,-0.627060645742,-0.671472572801,-0.645612441982,-0.606421704798,-0.278317638802,-0.372016157331,-0.716445605393,-0.725544382414,-0.75899786361,-0.690582857754,-0.409957549977,-0.68652726097,-1.3096993757,-0.523966958694,-0.455611198657,-0.610351150131,-0.670468368147,-0.159948325074,-0.625166030577,-0.418578647143,-0.414066073327,-0.417285892657,-0.528797356115,-1.50733445138,-0.193650594008,-1.12217095188,-0.621622592211,-1.03726179496,-0.284857578202,0.390688775741,0.0934053952024,0.521948502813,-0.555383966858,0.688182437275,-0.345946420201,0.901951397378,-0.0569545854058,-0.147122281812,-0.147122281812,0.147122281812,-0.595026515256,-0.690674774907,-0.55022703079,-0.549542283264,-0.547385129662,-0.812324002222,-0.221532463202,-0.879658496298,-0.573799530277,-1.03390279761,-1.75035481022,-0.932864265968,1.15981287722,0.386521346163,0.898864632147,0.0035868405717,-1.73827162812,-1.15904211416,0.633459414326,0.626130434476,1.95095924652,0.627799883483,0.524171470298,0.538260660115,0.530774091482,0.674589059645,0.398611324708,0.324235069721,0.254973108001,-0.604677641408,-0.895470195579,-0.998471338992,-1.02366306544,-0.42574739513,-0.284946029932,-0.47511503741,-0.514176695009,-0.781470890177,-1.26691207316,0.814961198159,3321999000.0,01030301,0.06314511
481,600965.XSHG,600965,2011-05-31,0.131986041965,0.331115660452,-0.652758565095,0.494972874917,0.165823099166,-1.08774817031,-0.368069852163,-0.283571468646,0.169621175456,-0.285948962809,-4.27797926536e-16,-0.609984737014,0.0651005857777,-0.331251010148,0.671987745745,1.89965020018,9.12145126836e-17,-7.42611195404e-18,5.58572975744e-17,0.0,0.0,1.29509427101e-15,-1.19703456142,-1.43310219399,-1.23447573106e-15,-0.446670148896,0.0,-1.39253674809,-1.88529567714,-2.82698614567e-16,2.59872525283e-16,-5.56867606854e-16,0.0,0.0,-0.423153020308,-0.21804171602,1.43310219399,-0.323948444342,-1.62394539913,-0.216205039838,-1.04415436822,-0.116246968745,0.0382552635435,-0.282529356903,-0.716389122275,-6.28954380379e-16,3.72421041893e-15,-0.11313527311,-0.558694422644,0.112711551857,0.607629872295,-0.988912926534,-0.790697540218,-0.646308980144,0.195844208412,-0.0340588736733,2.8133643866e-16,4.94256488177e-16,8.22083743877e-16,-2.88294461818e-16,2.72042444156e-16,0.0,-4.49844399524e-16,-5.814970604e-15,-0.954341882107,-1.65428288739,-1.03746749656,-1.71195948821,0.331251010148,-1.49469000894,-1.03746749656,-0.235944188691,0.15835885955,-0.311394449489,-0.311394449489,-0.66364369766,-0.190244770336,0.225025372313,-0.252513719908,0.0653474240914,-0.604856914157,-0.245533427882,-3.68193024339e-16,0.521738211996,-1.2560221355e-15,-1.27187364566e-15,0.0,-1.92837781887,-0.337642102301,-1.6429079149,-0.324654564755,0.0,-2.37646099982e-16,-1.97597831795e-16,0.716389122275,0.713611200528,-2.74515408415,-0.717388831749,0.0,-0.857078195309,0.347252213692,-1.48413530633,-1.23785435056,0.0,-4.02672386533e-16,3.80370836983e-16,-4.22900868227e-16,0.0,-3.01553367056e-16,-4.25571566264e-17,-2.41872170434,1.67442052656e-16,0.0,0.0,6.46564610104e-17,-0.00165949288044,-1.55383100815e-16,0.0,-5.06384842689e-17,-1.53580385983e-16,4.17098284571e-16,-0.830467558917,0.22047115923,1.35127772835,0.00833594378674,-0.669985720493,-0.395347746307,-7.63149433142e-16,0.0,0.0,0.0,-1.82865561443e-16,9.62459705677e-17,1.86499518366e-16,5.2940878712e-16,0.0,0.0,-6.75738485096e-17,0.0,1.04501985614e-16,-2.91159670112e-16,2.57291742976e-16,2.33034337791e-16,3.04306005784e-16,6.34689452031e-17,1.59858918669e-16,0.0,0.0,1.29476025617e-16,0.0,-8.49141779466e-17,0.0,0.0,3.82718476375e-16,-3.54228304921e-16,-6.04096845382e-16,-7.9338780575e-17,6.42927868634e-16,-4.19329088156e-16,0.0,-8.94514403261e-17,-2.41996850157e-15,2.36323186909e-16,0.0,-4.74057785346e-16,2.77379119816e-16,-2.71073315565e-16,0.0,1.59585441062e-16,-1.57391969855e-17,-4.47748693177e-17,1.00969356682e-16,1.0654041557e-16,-1.31508703643e-16,0.0,-5.27233154425e-17,0.0,4.69922728363e-16,-9.23272532914e-17,2.22513326969e-17,0.0,-1.87625037058e-16,1.23123517525e-16,4.6593754534e-16,0.0,0.0,-2.58160544831e-16,0.0,-8.36936825505e-17,-1.7784541671e-17,-7.92432319025e-17,-8.85676870814e-17,0.0,-2.12535399645e-16,0.0,0.0,0.0,0.0,0.0,0.0,0.0,0.0,0.0,-3.85383904136e-16,-1.54153561654e-15,0.0,0.0,-1.45533575179e-16,-2.91589096858e-16,-1.45942053131e-16,0.0,0.0,0.0,0.0,0.0,0.0,1.0778305619e-16,-2.38157333437e-16,0.0,0.0,1.44807017759e-15,4.91660319836e-17,0.0,0.0,0.0,0.0,-2.8276403617e-16,0.0,-2.90855986973e-16,0.0,0.0,-1.09483848047e-15,7.59410095353e-16,-2.11625352277e-16,-1.058155043e-15,-5.54123362862e-15,2.21692241948e-16,5.65049911606e-17,2.78152938847e-16,6.83206955536e-17,1.52496595466e-16,-1.15030388357e-15,-1.07537919787e-15,4.42602843727e-16,-0.604005305573,2190521378.08,01030301,-0.04591837
519,600191.XSHG,600191,2011-05-31,-2.64871888276,-0.247617457216,4.53071892192,-0.372363743775,-0.507944602269,0.383340615556,-0.046539954829,-0.283571468646,-1.82433275074,0.486054774781,-0.481818198183,-0.609984737014,-0.889708005629,-1.52537866028,-1.2074025258,1.28107709405,0.273248978378,0.143836966013,0.419130676154,1.53047178628,1.90457434989,-0.593647901581,-1.12905301585,-1.26630939539,-1.53073891647,0.00210993622107,-0.114211886371,-3.40308921942,-0.826745042067,-0.919046790115,-0.916905328979,-0.939731041131,-0.913660034924,-0.949131344554,0.146732684973,2.88157730048,1.26630939539,-1.02862465603,-1.7148378655,-0.578288756417,3.03804877354,-0.0673028687809,-0.57972345889,-0.774337503431,-3.09603682445,1.18346663499,-1.94261115639,-0.66376705447,0.156029050308,-0.582948876282,-0.598106590741,-0.323374687922,-0.15064809184,-0.14847118371,0.315121041138,0.77194602515,-0.912071795462,-0.903604884998,-0.945547700778,-0.902152535919,-0.962796212408,0.270825632963,0.968559724833,1.58701094639,-0.780732192926,-1.13595404386,-3.64276994788,0.0776468561458,1.52537866028,-0.958699633042,-3.64276994788,0.463117620483,-0.188031314217,-3.10845911909,-3.10845911909,1.49174603576,-0.179588787094,-0.910297951436,-0.758852642614,-0.237834245491,-0.591575196558,2.61068398804,-0.230157322649,1.79479540842,-0.308851496849,0.507692591009,-0.319518662974,-1.26235997495,-0.684766630746,-1.19165736573,-0.526059962271,0.461832662235,-0.489300408466,-1.40963367367,3.09603682445,0.351311659024,-0.373458528805,-0.236457771359,-0.126345502924,-0.720354750796,-1.32098121239,-2.51328022678,-0.891924371041,-0.0843153169596,-1.02473439196,-0.368874173989,-1.03659733574,0.117450925893,-0.506652748928,0.392265939435,-1.35272912898,1.67442052656e-16,0.0,0.0,6.46564610104e-17,-0.00165949288044,-1.55383100815e-16,0.0,-5.06384842689e-17,-1.53580385983e-16,4.17098284571e-16,1.51344223992,-0.338338054093,0.216631222871,-0.0831561221653,-0.437642744567,-0.395347746307,-0.226512089227,1.84989368408,1.15043129366,0.263030810659,-0.378367826022,0.428136289827,0.0264154576266,-1.00640977455,-0.592043909509,-0.871009810442,-0.0984822869283,-2.03494690901,-0.0566879982133,-0.886911349037,-0.991866097874,-1.84057719336,-0.502473583823,-1.14650482943,-0.020024753141,0.191070110295,1.09908860038,-0.559360492658,-0.965573127614,0.696774630067,-0.982623295338,-0.863682487614,-1.72912634211,-0.780900555173,-0.8391031776,-0.0902803525987,-1.09057413458,-0.511879236991,0.860635443622,-0.32996720866,-0.0672532543636,0.0560001584756,0.0563946323229,0.0503232550571,-0.50778113475,0.10635041554,0.115036086047,0.918400151105,0.70861493619,0.851279246817,0.321114392901,0.273398988487,0.0249338632745,0.426969230536,0.817934498605,1.10667490598,1.3120273539,0.417733549837,0.00791396234729,0.668061400874,0.531861546986,0.199958510469,-0.51031709917,-0.313245294831,-0.324571111909,-0.316413705974,1.06686765949,0.472985156349,0.354323630978,1.25324546363,0.558444369194,0.474654926553,0.938746247828,2.34229140636,-0.76184009868,-0.857413917165,1.98678594329,-1.95443812186,1.6996498036,0.71376192535,0.837056374344,0.923404931184,0.923404931184,-0.923404931184,0.232431703961,0.953146513528,-0.270225393631,-0.26717133544,-0.269090065358,0.427511204284,1.03381816161,1.28634864108,1.05767274012,0.778782460731,0.038572638916,0.546670692233,-1.44716428778,-0.618207293844,0.403333923768,-0.550743065964,-0.21522793827,0.929677505145,-0.923573962019,-0.947407000233,-0.201728953352,-0.922983006571,0.706456281586,-0.909341377827,-0.935658427029,0.851627194489,0.227203521159,-0.616863799788,1.03894352489,0.818715905261,1.60647442121,0.135326575356,-0.274893303406,0.319853378452,-0.130293816634,-0.653772012133,-0.147396718597,0.553281228809,1.5683663842,-0.0250144076937,3423619920.0,01030301,-0.00141643
522,600195.XSHG,600195,2011-05-31,0.508034281355,-0.00908807354825,0.116606316734,1.40141785611,0.0938711694054,0.517807953947,-0.610914793254,-0.283571468646,0.97563246985,1.78138062779,-0.93997095071,1.74473575514,0.672706053036,0.562173586272,0.341666454568,0.908449078956,-0.332490899283,0.0342468966697,-0.372978002467,0.444128017501,0.822500531357,-0.663055675889,-0.633936912052,-0.501601927751,-0.552252054612,2.1003242894,-1.07067903358,0.718179116275,0.13575595942,1.75958925625,1.58089547124,1.75365323184,1.74521592944,1.64297071681,2.8781696446,0.177065247727,0.501601927751,0.105337920134,1.46033895967,0.702069127982,-1.26023665183,-0.273468061555,-0.301131331871,0.402035155287,1.28116811526,-0.724544914157,-0.869180586475,-0.1281798573,-0.858742541211,0.904396878946,0.823247380137,1.16477239018,1.28050591432,-0.646308980144,0.167764776222,-0.771174464905,1.76243147268,1.42669690027,1.7990402868,1.74550140775,1.63474849341,0.0636690724567,-2.01333357543,-0.785648983361,0.95536469888,0.264912531612,0.781769091923,0.22748215604,-0.562173586272,0.248507348335,0.781769091923,1.55199084741,0.367265753442,1.07187423091,1.07187423091,0.061763801221,-0.0633571830316,1.11493039938,-0.0661088965396,-0.0669191246488,-0.366655249961,-0.403867540504,-1.33584105999,1.49582383177,-0.211557618721,-0.0880204153648,-0.119992698237,2.081701647,1.58847570797,1.93531827076,1.21550435742,-1.05798745203,-0.895714902213,-0.549276882542,-1.28116811526,0.101228789666,0.91019014339,-0.0280543118561,-0.308161527167,0.282692582046,0.641816351426,0.923428763466,0.268362762276,-0.709453166988,-1.36131539093,-0.615551640185,-1.49979026577,-0.653868587433,-1.13245399993,-0.0592164736439,0.631912159123,0.781325458663,0.732805457256,1.67804404311,-0.429296719458,1.98973196364,-0.269496536079,1.92167222658,1.98218203014,-0.663479237893,0.0663895665968,-0.54454029593,1.22977414365,0.697031263788,-0.134391679098,0.205300799329,1.0166084905,-0.442808889932,0.27362786982,-0.570243846801,-1.15192824027,-0.463687945247,-1.42149570526,0.865326716052,1.46414511868,0.951293339761,-0.0136213684776,-0.240145834628,0.280898832501,0.387697432363,1.77223893391,1.81222433984,-0.187275871827,-0.256824969021,0.116975550158,0.630507918256,-0.643767251165,-0.856910948344,-0.421524652013,0.0665958886715,-0.122616426242,0.972992405897,2.15218681307,0.985905370503,1.29235452451,-0.893625908949,-0.218340293383,0.821896818612,0.103013212883,-0.552513628041,-0.408443065263,-0.174059232934,-0.682719916273,-0.681995560852,-0.676511492448,0.327515069661,-0.559270039237,0.248153007336,-0.677665973737,-0.264007158039,-0.416024163189,-0.677585297208,-0.677744675715,-0.683839009927,-0.662837760144,-0.537566880311,-0.750191016309,0.111213867969,-0.49795770728,-0.306282263785,-0.639346119345,-0.413284663548,-0.0914861784612,0.325577427172,-0.633923854426,-0.62885997725,-0.63471141774,-0.449541636115,-0.346671246183,-0.177802571131,-0.998442959304,-1.12964770135,-0.673655529533,-0.521112136313,-0.624187179012,-0.219356109275,-0.0560855476112,-0.211847492513,0.688182437275,0.255699527975,0.669915718466,-0.11010462722,-1.06283265402,-1.06283265402,1.06283265402,-0.806518730823,-1.37351065393,-0.530156689748,-0.529899675693,-0.527779132752,-0.306268815893,0.123073590668,-0.348078331575,-1.48720844797,-1.42188421179,-0.523129283358,-1.10372919552,1.60090534785,0.0836563496924,-0.561602016512,-0.871602258924,-0.578717779112,-1.32371365849,1.76168705699,1.73909407814,0.453222735033,1.76073002094,-0.0374628131308,1.71782463267,1.7312860016,-0.0313505030453,0.819463187829,0.390483069161,0.831911621709,0.0782790314253,-0.184784412499,-0.590719429675,-0.487024377914,-0.762470325134,-0.239469587007,-0.585857355169,-0.510032288496,0.59396307859,-0.469589672323,-0.439272922598,9293700000.0,01030301,-0.03325684
531,600226.XSHG,600226,2011-05-31,1.58821455674,-0.134473792895,-0.426474776322,1.32241805475,0.0967514677814,0.264977150026,-0.0701055000994,-0.283571468646,0.207230712926,0.0844557691566,0.235273704637,2.23063045987,2.86442577422,0.0421852731675,0.317567251284,0.914279673787,-0.382969222422,-0.0684937933394,-0.553295425243,1.55389990339,0.97826754612,0.837668721549,-0.621199025712,-0.390214349447,0.337281456172,0.414049865097,0.555708724555,0.113556452798,0.0539133043086,-0.414906714562,-0.399707816488,-0.385624277972,-0.459521130338,-0.38597055716,0.693020076899,-0.350547497432,0.390214349447,-0.0958598016166,1.42398197312,1.38890834294,-1.2193562198,-0.0403443538274,-0.0740866181852,-0.185639570815,-0.346742216831,1.5743597374,-0.189341225527,-0.38794967765,-0.963793214883,1.4116207608,0.597027453457,-0.0874707399319,0.0762212043496,0.425004951961,0.213639631409,0.304876519678,-0.391989018861,-0.36990954353,-0.358079529219,-0.4585344157,-0.396384691145,-0.139737440212,0.0989592879928,0.47924587985,0.137784185878,0.203264549562,0.348849155091,0.253265105108,-0.0421852731675,0.183977269478,0.348849155091,-0.706316632782,0.328720875219,0.499487190743,0.499487190743,-0.202652039682,-0.175288539505,0.0569595473668,-0.531106830886,-0.0251566448984,-0.373144819366,-0.608023322899,-1.33584105999,1.47823726844,-1.51144908348,-0.769653566888,-1.53828976424,0.733364823109,0.678332127292,0.698510427545,0.552051283253,-1.46545847435,0.217358500606,0.263381187022,0.346742216831,-0.484702548475,-0.0257050455702,-0.300581912744,-0.424454354129,-0.30037466339,0.293007949837,0.158574235474,0.199769579348,-0.326420727086,0.0082210876184,-0.0509343286684,0.401738604884,-0.479971097156,0.0061566095295,-0.154421378968,1.42264176281,1.67442052656e-16,0.0,0.0,6.46564610104e-17,1.88846738519e-17,-1.55383100815e-16,0.0,-5.06384842689e-17,-1.53580385983e-16,4.17098284571e-16,0.634847721245,0.515876910766,-0.148313559594,-0.11243358327,-0.384613816491,-1.10132586471,0.327977590546,-0.483918478309,-1.22628563402,-0.598117392396,0.861038674243,-1.00954167261,-0.90085529658,-0.171447099769,-0.311629967297,-1.42641289361,-1.19775185475,-1.03790064463,-0.708517616523,-0.41347854967,-0.30703686594,-1.00148593673,-0.988606916199,-0.799276887299,-0.822410888537,-1.0726449668,-0.981502689854,-1.1159992064,-1.1685581413,-0.434422133083,0.476143501563,-0.373303092484,-0.307492164506,0.67337716923,-1.23738352577,-1.53209807875,0.0564741138778,-0.20858769077,-0.278710327134,-1.89658379571,0.0875064288714,0.401046087339,0.407409395994,0.41524763318,0.311130971883,-0.450762350374,-0.111104842599,-0.516942442652,-0.652307162384,-0.892640075398,-0.269537565066,-0.210308468071,0.0681274028015,-0.409958814695,-1.00965108998,-0.279450831996,-0.699134182373,-0.536859187117,-0.410679675864,-0.191921002127,-0.157970023443,-0.662546243732,0.310795767282,0.115531299885,0.127067981497,0.122112073035,-0.709537948379,-1.18001465925,-0.515940002642,-0.598434247054,0.28098803039,0.149007617163,-1.12825978907,0.834154727536,0.800443221441,-0.49516534634,-0.830213146334,0.688182437275,-0.827263178741,0.164714290465,-0.351324047762,-1.03298007934,-1.03298007934,1.03298007934,-1.2099370875,-0.395679387621,-0.072339286414,-0.0690278396364,-0.0631752355208,-1.38163608684,-0.541523798939,-1.26715859232,-0.187150032669,-0.878710231941,-1.36168902514,-1.05712966928,-0.971642471727,1.28535448032,1.23147214299,0.582698554694,-0.957087321042,-0.370301558756,-0.404589246394,-0.382159474497,0.92636509186,-0.414046313003,1.27794379806,-0.509036269541,-0.514695710608,1.46019578302,-0.592111681042,-1.24902799997,0.476658552491,-0.474359649589,-0.36321622109,-0.66699819038,-1.25146985275,-0.61014328537,-0.137762968542,-0.590200386468,-1.42698222952,-1.17279154045,-2.06423447399,-0.690654867142,4010882062.72,01030301,-0.05257836
539,600298.XSHG,600298,2011-05-31,0.668493379919,-0.0505285579709,-0.55908760137,0.296092140513,0.216230735079,0.583330586651,0.435155767139,-0.283571468646,0.683185894008,-0.447810158992,1.443656406,0.230986867325,0.238702147852,-0.72802706117,1.07727146252,-0.871737533685,-0.303045210786,-0.157535724681,-0.376197956446,-2.74894412834,-2.53801151496,-1.65255390374,-0.0983918646542,0.217511660681,-1.56632025691,1.82737222271,-0.303930884295,1.10244231505,0.20888267682,3.40486387241,3.36998367861,3.41239975135,3.37234945435,3.37507885172,2.52717863906,-0.858551471595,-0.217511660681,0.0212386132638,1.32097051124,0.713267593443,-0.495188566611,0.335081656881,0.351474660587,-0.497127246238,0.965687291012,-2.5101899269,-1.22699077645,-0.305705950744,-0.572173387761,0.136690403477,-0.623090508398,1.31424280068,1.25198602175,1.08237088206,-1.12002293566,0.893191206511,3.4263542606,3.36893503258,3.42550736311,3.38244480578,3.31217502674,-0.181195058619,-0.273202045179,0.185936926062,1.49032478763,0.228717434493,1.08724518218,0.145883821192,0.72802706117,0.271736955719,1.08724518218,0.800954182537,0.353772779607,1.27984152217,1.27984152217,0.093280032763,-0.16431458021,0.451808755348,0.155146521111,-0.038270519486,-0.359289212267,-0.204490278847,-1.88835128986,-0.500644835438,-0.583763268769,0.118187932995,-0.362749288667,2.20512453416,1.41491344375,2.25310034764,1.28385460545,-1.29361475538,-0.919117984016,1.23123808196,-0.965687291012,0.421847852945,0.611766644822,0.00400775883659,3.87621060116,1.16434421079,0.238985998539,1.36329015868,0.255457276234,-0.687772085484,-1.37292163227,-0.774521562845,-1.75576530605,-0.659478183894,-1.23675420843,-0.291456165442,1.32930819065,-0.608616852975,1.38801974845,0.80542218436,-0.508499532788,-1.79391180375,-0.55892689859,-0.432431128028,0.670863141551,-0.637541816552,0.10095293029,-0.802221711447,0.572496346478,-0.145659415721,-0.471082481802,0.180641574758,1.72258660891,-1.90372880656,-0.335794890686,-0.660482999897,-0.822961578591,-0.186150491784,-2.03665265301,-0.808800156489,2.55708312588,2.54087131475,-0.36365942776,-0.341760138767,-0.206352140155,0.0874557681028,3.40692941813,3.42194455557,-0.763977390912,-0.660626100428,-0.932783220002,-1.24400470959,-0.685712293615,-0.770987286583,-0.685020305603,-0.413968570242,0.193491499525,2.68987511604,1.19165499526,0.732189862569,3.00889997367,-1.88986239953,-0.629961531616,1.63987266158,1.61323892592,0.0596291312022,-0.759570152609,-0.833422672069,-0.920405345747,-0.920471188546,-0.915058730902,-0.257059935825,-0.564344012857,-0.39004841756,-0.616501597582,-0.115902908558,-0.243984344492,-0.76003250261,-0.777996982192,-0.870748431988,-0.712419982868,-0.380466667772,-0.107348538144,-0.913731446162,-0.380825118575,-0.269208543373,-0.646969477844,-0.709271407787,0.330376681771,-0.256783181766,-0.911611110191,-0.911866542292,-0.913658818258,-0.197300656834,-2.25071109466,-0.0942159976399,-0.121306042757,-4.28435738569,-4.52847789315,-1.06707241896,0.667025898581,0.79161004925,0.151067209752,0.0629816869632,0.688182437275,0.737016286515,-0.0991389899032,-1.08758840905,-1.1475306566,-1.1475306566,1.1475306566,-2.53604605068,-1.46982780523,-0.777765996711,-0.777804238823,-0.776027963145,-0.369525714184,0.0246147181336,-0.0558030941355,-1.27165472108,-2.07874576882,-1.38631339851,-2.34638322866,-0.48799597369,0.0224178943501,-0.382366806653,-0.708564051119,-1.8721889379,-0.243861370916,3.41002447374,3.40632472165,2.04131629383,3.40565314638,0.26798741119,3.33143998429,3.31097680432,0.320512789957,-0.676881443608,-0.693249127205,-0.27394229593,-0.248143282396,0.158431666875,-3.72334036667,-1.28261769766,0.33187919738,1.56912670201,-0.701360265645,-0.438541276144,-0.0414486703616,-1.26691207316,-0.14998407983,10273983589.9,01030301,-0.01102175
549,600359.XSHG,600359,2011-05-31,-0.386678172875,-0.579223199218,-0.436999603707,-0.1716048658,2.51076744179,0.794593268749,2.14305867521,-0.283571468646,0.264941899733,0.0434451156763,1.05293572387,-0.609984737014,0.0434003905185,0.480755791945,-0.382236536406,-0.424636920982,-0.467099760986,-0.547950346715,-0.459916759877,0.0382809426372,0.231691913231,-0.404963742012,2.12243092755,1.3302331683,-1.12155350151,-0.282563998368,-0.513330276194,-0.175096234435,0.645986953055,0.10521153625,0.259761803292,0.110048211388,0.113583105704,0.186822744711,0.152700074557,-0.642920136063,-1.3302331683,0.211933232916,-0.242379910319,-0.264731723503,0.188098654541,-0.0121677730376,-0.291687530956,-0.0984308925156,-0.414083831288,1.12964801944,0.347374059432,-0.713915668437,-0.137478890541,-0.388818721392,-2.39537404535,0.0551445969136,0.213374657573,1.68335186836,0.45592691137,1.59310657164,0.101216954285,0.248413000955,0.0956571792005,0.100508160179,0.219676854505,-0.391830208276,0.95168128658,3.38614711828,-0.282109015861,-0.0101428378015,-0.262103025426,0.300458934227,-0.480755791945,-0.0683432753804,-0.262103025426,-1.45475455487,0.26542628687,-0.0986572662282,-0.0986572662282,-0.681805593803,-0.192633376171,-0.177910684985,-0.296076962761,-0.040757199873,0.260101595386,-0.632228702495,-0.230157322649,-0.107965749697,0.140284196371,0.139954369767,0.403762959196,-0.510178983382,-0.460405655044,-0.65397009165,-0.359285357088,0.057466632237,-1.70683146909,0.595492434899,0.414083831288,0.0194709285304,0.00216715938827,0.356690536456,-0.381929365165,0.691636696352,-0.160954291109,-0.428841513131,0.0887351841921,-0.680545058316,-0.897065737184,-0.862229106382,-0.000507886984683,-0.61740621044,-1.28021262863,-0.332536175296,-0.0849086260033,1.67442052656e-16,-0.413819552333,0.0,6.46564610104e-17,-0.00165949288044,-1.55383100815e-16,0.0,-5.06384842689e-17,-1.53580385983e-16,4.17098284571e-16,1.55903202882,0.562649488093,0.458158315266,0.0498123470183,0.000889484255181,1.0166084905,-1.15997942617,-0.924057138674,-0.658439256011,0.67801169122,-0.768237946109,0.505811124266,-0.642160194863,-0.694073651204,-0.654829482046,0.265519647571,0.159296677795,0.572808894918,-0.458845694131,0.186819291488,0.0145421744223,-0.0691685131813,-0.364608341676,1.39374207065,-0.648160523475,0.0669441104356,-0.109068664725,0.272877013852,0.00539617090463,0.323389829654,-0.679522850285,-0.946474533757,-1.06312313379,-0.522461556321,-0.422127135335,0.231012891689,-0.9383437631,-0.75719413023,0.195873590643,0.297114507911,-0.965295359896,0.101305826441,0.104335396935,0.108863745468,-1.06316769633,-0.647519030045,-0.929944264227,-0.596746085789,-0.0998100079725,-0.168049631348,-0.721563446489,-0.746113164565,-0.859271052551,-0.659486496373,-0.228591420125,0.421285741855,-1.04028880686,-0.373377336655,-0.0839695894134,-0.649634765527,-0.777711614797,0.202915838617,-1.06355051067,0.200720138102,0.206688790547,0.202643758474,0.0204371472509,0.347926870386,-0.131839033082,0.406516935664,0.157297388263,0.129672102762,-0.462736465847,-0.384587315051,-0.725139228354,-0.654870707713,-0.761505851465,0.423920381361,-0.947592368376,-0.737431116678,-0.399022803237,-0.30888158183,-0.30888158183,0.30888158183,0.257274935424,0.0488712025471,0.259642670179,0.26127390225,0.263957667715,0.237740509411,-0.123073590668,-0.401028014662,0.0162787970828,0.0479337502984,0.267512758895,0.164554577044,-0.191860700401,-0.76856736291,-0.555300394045,1.11224665364,-0.772951020089,-0.120696543011,0.104174867694,0.120807880978,-0.573014275028,0.104138854823,-0.29857348876,0.134680804542,0.133884426606,-0.305759612054,0.225003960384,-0.137822950086,0.501563615997,0.28116675431,-0.717194358849,0.511328948148,0.0878874785259,-0.758461718824,-0.357499110053,2.01101373731,0.141675635693,0.217171660385,-0.204081312846,-0.243139914344,4413750000.0,01030301,-0.01818182
556,600467.XSHG,600467,2011-05-31,0.40561191966,0.0316136145345,-0.576979807924,-0.123636789733,1.10345075804,0.214652547335,-0.603725304867,-0.283571468646,0.921163484549,-0.762588738631,0.304632405609,-0.609984737014,-0.412303709925,-0.817043849635,-0.271820475202,-0.634538334889,-0.475512814842,-0.472607174042,-0.459916759877,-0.238170839264,-0.161873266082,-0.136956411805,-0.850619435107,-0.727262772917,-0.249810660945,-0.16534531942,-0.0622556462758,1.36104598437,-0.0960879837073,-0.336479973849,-0.191983225085,-0.31555957736,-0.347651467289,-0.243105956603,-0.0675508500919,-0.704287120375,0.727262772917,-0.686640672111,0.533235802701,0.399710560529,0.0829775435944,-0.141302884996,0.395545731528,-0.75379466495,0.60409210034,0.169977127442,1.06299443938,-0.453142875808,1.17449735653,-0.920076201101,-0.820022565219,0.707121711542,0.840382346032,-0.52116190977,0.25922728548,-0.725707521894,-0.335780547755,-0.130051314495,-0.316474527941,-0.357505557927,-0.227004904064,-0.426000420288,-1.36733129396,-0.756841853971,0.132400939702,0.496006937134,1.41023264067,0.158019377251,0.817043849635,0.410839874049,1.41023264067,-1.2936325022,0.478004841056,1.52024407903,1.52024407903,0.320570821256,-0.10911166596,0.219048135861,-0.213112794995,-0.00567245035877,-0.323046623148,0.557622961435,-0.230157322649,-1.17208407429,-0.269255151099,-0.314849598561,-0.354435706803,0.954594526511,1.32813231164,0.524365849416,0.687840442664,-0.801374241869,-0.00183133871831,0.406121391094,-0.60409210034,-0.124006102287,0.0290848367796,-0.300581912744,1.12857559996,0.584955623055,-0.638259350518,1.58835724201,0.439334221673,-0.691385599068,-0.908671978527,-0.807411891671,-0.719675857295,-0.62021100867,-0.637028009553,-0.660153266774,1.42264176281,2.17247431745,1.46992153485,0.219129373012,-0.615073906607,1.32593481147,-0.903780096475,1.12266242657,1.98218203014,-0.468983161067,-0.328834983459,-0.68973386275,0.382944322575,0.0255328640532,0.44017849508,-0.21746189403,1.0166084905,-0.522087166461,-0.93213660709,-0.871303042232,-0.149435034263,0.359494730151,0.0480844213197,-0.924037065435,-0.738897461272,-0.814763001281,-0.219782199381,-0.319240047404,0.140061620852,-0.777018555833,-0.284449918019,-0.342928806397,-0.355214486922,-0.459379721166,-0.282707369699,-1.2865273242,-0.69572571204,-0.765112764894,-0.488778891807,-0.199404812086,-0.355509877479,-0.138416273718,-0.776180050625,-0.799755405443,-0.396113601327,-0.365274881392,-0.276653302132,-0.56902405064,-1.02167720027,-0.808695447266,-0.163749865568,-0.834512528994,0.20410958947,0.206932526587,0.212851812658,-0.655048682202,-0.550372464068,-0.767197425549,-0.674252106306,-0.932303816482,-0.707701517084,-0.527253899743,-0.522058500319,-0.384580939065,-0.516656323059,-0.105145533816,-0.314504055036,-1.2976362159,-0.316749570614,-0.153838642859,-0.60725259253,-0.636119516079,-0.39594311124,-0.655025335546,0.710022670169,0.720882126414,0.713753294796,-0.42623360284,-0.268186488335,-0.202215361089,-0.37073824975,0.393350667884,0.349768317959,-1.12457466783,-0.428985308128,1.30388602995,1.80982035524,-0.830213146334,0.556051409318,-0.947592368376,-0.597356066364,-0.500893716714,-1.05241896518,-1.05241896518,1.05241896518,-0.106848898287,-0.176426059233,0.222177965294,0.224006707012,0.227497969308,-0.394828473501,-0.590753235206,-0.329359267531,-0.176372346325,-0.303956369539,-0.0399591464256,-0.24474459512,-0.423078960232,0.0282475093176,-0.0377796489316,0.581394249031,-0.0721879546045,-0.409436462808,-0.331999206632,-0.303860838206,-0.554395247098,-0.334407557907,0.218721245977,-0.358823611515,-0.349632608019,0.174456328711,-0.263964948609,-0.760881189874,0.439959175248,-0.634722671662,-0.489865371943,0.21759581465,-0.290976177577,-0.606134679061,-0.186970141309,-0.62176256392,-0.601209231785,-0.723353961919,-0.204081312846,1.33183987967,6836544000.0,01030301,0.10287303
623,600127.XSHG,600127,2011-05-31,-0.14359727555,-2.07264808472,-0.333856295335,0.173264856831,0.27363752019,-0.216226700907,0.0752819317384,-0.283571468646,0.642334155032,-0.472242037662,-0.948062799157,-0.609984737014,-0.889708005629,-0.227579018704,0.545698651608,-1.17890387045,0.92526065225,-0.0479456553376,1.5461145685,-1.00409005248,-0.788628118383,-0.495077196891,0.555532452527,0.794072234391,-0.605624065259,-0.456717464235,-0.0520218414085,-0.364496104921,-0.0821424833688,-0.75901040525,-0.788545897683,-0.803896433636,-0.711159334491,-0.814427835004,-0.435087799476,-0.810669588932,-0.794072234391,0.587288775272,-0.648366260102,-0.701471876491,-0.366707208788,-0.142923617224,0.0480925561642,-0.171196617324,-0.351134061252,-0.999869621071,-0.404027339511,-0.140215524652,-0.540132120177,0.0808492421717,0.333121701405,0.189265603351,0.342359096342,0.226970027413,0.0523430661682,0.0982085969027,-0.781583885224,-0.77341560901,-0.834863279504,-0.71259156262,-0.827522102166,1.63057338905,1.28275444861,-0.303784273566,-0.401213337508,0.223346328399,-0.372035503768,-0.462269617184,0.227579018704,0.21022886258,-0.372035503768,0.645029615435,-0.852858692438,-0.577554423165,-0.577554423165,-0.574436737194,-0.149653612858,0.319957951258,0.462505481925,-0.047255550005,1.18503997601,-0.351425447452,1.42803664456,-0.674673066619,1.94248359007,2.05540080564,1.34652314258,-0.640588071703,-0.953576478992,-0.678121529493,-0.87145654896,1.92041080438,0.54557245272,0.0793495523465,0.351134061252,0.86830989856,0.0819274828926,-0.0761474178951,-0.6175525183,-0.95211018589,0.444625113562,-0.536238669076,0.248899610562,1.50201714641,2.27143814962,1.0344465226,2.40078177659,1.89569300389,1.31860089982,2.63829816889,-0.0849086260033,1.67442052656e-16,-0.987132057127,0.0,6.46564610104e-17,-0.00165949288044,-1.55383100815e-16,0.0,-5.06384842689e-17,-1.53580385983e-16,4.17098284571e-16,-0.849793665081,0.675888359515,1.49990978521,-0.127072313822,0.0125362653485,0.310630372099,1.31689389546,1.91953100709,2.06429923258,-1.21480413127,0.653132650128,1.36231487902,2.14704335638,-0.727453084233,-0.193694905368,2.03810957105,2.01305017141,1.4844286016,1.31664876548,-0.802662471155,-0.858451786515,2.13349174582,2.38524776957,1.06502397201,1.05199937276,2.25185427906,2.04876691116,2.02993138384,2.15433974787,1.81559056319,-1.31754403758,-0.303644724343,-0.496399906827,-1.0233865294,1.54329277688,1.87864123695,-1.23513145833,0.177608580727,1.95459560305,2.05758418632,-0.236181077613,2.00421919931,1.9871052516,1.9514500955,2.03681720295,3.5492131924,3.27063099626,1.74374752192,2.5962316623,3.44372057622,3.30819118597,3.21093571006,2.69911167423,3.53903209279,3.76166038618,1.07006661681,1.67751993237,1.37153430824,4.73367372689,3.62076668049,3.73682409864,1.98322738338,2.02633056251,2.59818548536,2.51681898505,2.56715720103,1.68896866544,2.30038716888,3.49563884484,2.87169307928,0.599827484708,0.529309250261,1.6687352633,-1.70491363011,-0.213427322506,-0.57356023714,2.12420053303,-1.95443812186,1.94030818287,0.592699832005,1.18968645946,1.68013298706,1.68013298706,-1.68013298706,1.4101307746,1.22679524245,2.09085698203,2.07516396319,2.04859325402,1.78120882772,1.37842421548,1.94889005937,1.18700497625,1.31112905228,0.889111805581,1.44526488994,1.42803463914,-1.47232838113,-1.02125942616,0.749649679486,1.54757379231,1.50004190764,-0.772229829785,-0.81458007062,-0.483204846186,-0.763148359376,-1.77409513689,-0.668221735131,-0.665269653054,-1.89688984896,1.27286161661,0.867311555245,1.00151147058,1.76696237683,1.09075346395,0.902706882653,1.58624132534,2.27605325753,-0.362237521562,3.1114948264,1.69271977323,1.51608500695,0.681743874478,-1.37070454581,4829356802.79,01030301,-0.1048478
666,600737.XSHG,600737,2011-05-31,0.712722919227,-0.0590107386506,-0.0707356107154,0.542157874622,0.157786994266,1.45344296718,-0.568576694972,-0.283571468646,-0.13579420641,-0.764552014596,-0.454845370027,-0.609984737014,-0.542504881481,0.0725812497165,-0.584530810132,-1.29816603744,0.214357601383,0.150686345347,-0.244179843342,0.904039978004,0.539539149509,0.690104293818,0.856534244937,0.989144780852,-0.552252054612,-1.3877686856,1.2886065962,-0.94999666609,-0.250098603071,-0.401809066915,-0.161817149483,-0.37957394812,-0.421043255748,-0.277297590672,-1.6399580055,-0.830994959532,-0.989144780852,-0.29452486045,-1.93297978479,0.22053511315,0.369140567838,-0.201259910785,0.00362799351852,-0.590475163623,-0.012230066756,0.782376321216,0.705184249404,-0.360869426108,0.983141303283,-0.878250076359,0.661166838702,1.32914513473,1.12085184233,-0.646308980144,0.15019027716,-0.780818967967,-0.374535726339,-0.119631164066,-0.382237271897,-0.423689603228,-0.274158644066,0.946743770248,0.22288222511,-0.659945146023,-1.2934863912,-0.370656952588,-1.04525032689,0.0463068847745,-0.0725812497165,-0.3563781969,-1.04525032689,1.47922604943,0.0811180059709,-0.83989848324,-0.83989848324,-0.394153209306,-0.143873262446,-0.406100476596,-0.390134766056,-2.33973758883,-0.562558900874,-0.435770682599,0.874863137102,-0.969182380925,-1.27613365731,-0.165921346967,-0.271299888163,-1.39276906327,0.25289291865,-1.68231289243,0.511041134438,0.592556039685,-1.66516256734,-1.57266363243,0.012230066756,0.833843349258,-1.76347975307,-0.0601163825488,0.775357834488,-0.151389026544,-0.526436134457,-1.17501827487,-0.208405762731,-0.0337261267838,-0.699759634342,-0.209904251328,-0.878136596516,-0.381803159096,-0.732636534011,0.5568279501,0.719560437542,1.73087806219,1.46992153485,0.382745971528,-0.633011014332,0.728517374511,-0.232547979163,-0.903642035727,-1.43864985313,4.33469643767,0.53149222151,0.513440131241,-0.0453940171528,0.501951689162,-1.18106091359,-0.789056020122,-0.395347746307,-1.54812220201,0.622968694655,0.180439003423,-0.888352505225,2.99696526899,-0.00531702735746,-0.0854617746744,-0.248219795737,-0.146605725965,-0.721866212063,-0.415056949645,-0.121443842668,-0.974214664189,-0.386810665562,-0.375981836309,-0.482578704942,-0.488783849223,-0.200387605416,-0.976357804715,-0.847458800079,-0.718732686572,-0.880438079094,-0.788865345018,-0.51901331767,-0.0627824962625,-0.0328803753091,1.2699564283,-0.15426574808,0.746536536675,-0.38756235799,0.619067764454,0.367685131955,-0.170746987598,0.472033486026,-1.37617142032,0.0707929278227,0.0739574518025,0.0749967011772,1.47352747102,0.276649947051,1.49519807344,0.222876319187,0.939373270039,0.0167095071401,0.519733852338,0.597521266204,0.731418705949,0.179003426677,-1.53400930099,0.924260472009,-0.252162366671,-0.432569125145,-0.443855184734,1.24348128971,1.10262932602,-0.281938111157,1.47134632543,-0.0799078293886,-0.0722402559775,-0.0731469971713,-0.214086363995,-0.735594364571,-0.695383620167,-0.662659226203,0.484692677065,0.430068216292,0.0478801540493,0.0794500332052,-1.13672184672,-0.465944395978,0.26910357157,0.556051409318,0.977674665785,-0.603176359313,-0.532238613169,-0.165866921728,-0.165866921728,0.165866921728,-0.172935141462,0.290628538247,-0.155787172396,-0.151398344007,-0.142901428602,-0.824975381881,-0.369220772004,-0.675285508363,0.296498642039,0.0722953739795,-0.356082858606,-0.306100638006,0.0241271324802,1.4171807735,0.930668133036,-1.01638018745,-0.517427581777,-0.346978737149,-0.396666299465,-0.366078619115,0.029366040376,-0.403556219137,0.336960042489,-0.444982212619,-0.439627290963,0.69229287313,1.38030496013,0.314525251621,1.78383783161,-0.517539607567,2.20603025357,0.0959890992854,-0.439182916773,-0.598117466441,-0.222246691927,-0.653683897469,-1.15030388357e-15,-0.189646837419,0.818086005021,-0.0948353241142,10377835612.3,01030301,-0.00678295
716,600265.XSHG,600265,2011-05-31,-0.653374172085,-0.403507478409,-0.149671816101,-0.241195353826,-2.66016970158,-0.939491890786,0.00418587990566,-0.283571468646,0.855022573826,-0.841337918985,-0.755399740903,-0.609984737014,-0.151901366815,0.938323796065,-0.742102523916,-0.0599597170231,-0.395588803207,0.390414622035,-0.508216069549,0.150375472196,-0.313953487596,0.62069651951,0.436737816884,0.7490554929,0.01704939229,-0.475137542355,-1.38556533719,0.348485138306,-0.380314712481,-0.362898072385,-0.345593212389,-0.348805042684,-0.362713636136,-0.34238911764,-0.462754787548,-0.213937554649,-0.7490554929,-0.238210355584,0.0121189955159,-0.817189352924,0.953146739763,-1.67761610424,-0.368024921692,-0.223340795459,0.152464099036,-0.837280750939,-0.189341225527,-0.248536530822,1.7769582995,-1.01938587425,-1.16223925245,-1.64312539127,-1.41985496932,0.338364672471,0.217759862804,0.045852723133,-0.376768860864,-0.349681374339,-0.33813319379,-0.37177131953,-0.340057488895,-0.242942114953,-0.640026347801,0.0419012791126,0.0126237122831,0.612323884398,0.126065637036,1.24120288148,-0.938323796065,0.530650923961,0.126065637036,-0.480226010484,0.496272484244,-0.114874899033,-0.114874899033,0.854477150514,0.0228256839181,0.0541467302129,-0.188685632504,-0.04951270657,-0.243419815808,-0.205689253141,1.42803664456,-0.977581933561,-0.317902090163,-1.20154549651,0.510176807056,-0.135252854459,-0.894311315599,-0.00188126989512,-0.781234221566,0.112543434049,-0.0132474761831,-0.804144678341,-0.152464099036,-0.290728015192,0.0704349709851,1.94376303574,-0.674831074863,-0.158746341943,-0.440401174983,0.0493093029035,0.533082610118,-0.214401805983,0.402833293301,0.502719539906,0.438306467781,-0.345340782103,1.01439195836,-0.298355939652,-1.35272912898,1.67442052656e-16,-0.987132057127,0.0,6.46564610104e-17,1.88846738519e-17,-1.55383100815e-16,0.0,-5.06384842689e-17,-1.53580385983e-16,4.17098284571e-16,-0.0276908413444,0.683273503304,0.707647839278,2.93486216004,0.444008277313,-1.10132586471,0.197374649443,0.177443722013,0.732249852489,0.569362151582,-0.737766474958,0.0238110355573,0.267976208451,-0.407964225236,-0.689616083047,0.510394149491,-0.0218226786243,0.855044766777,-0.0345093189621,-0.351865411156,-0.324026876495,0.595275570036,0.181336475448,1.86636031238,0.121119594931,-0.0517540551375,-0.402021928019,0.28611721398,0.895826454589,-1.05123604086,-0.122263838597,0.195102541581,1.16102422652,-0.607969768287,1.47889933118,-0.325819172255,0.422536400415,-0.738309226979,-1.2266733125,0.0781233598137,0.0319237257377,-0.69320581731,-0.694168027909,-0.691059131352,-0.611508049709,-0.685714987851,-0.420429423964,-0.728195703651,-0.370752406045,-0.503502768228,-0.632066480675,-0.624745272036,-0.586302143946,-0.632610707445,-0.56479440256,-1.98882132063,0.128779521712,-0.457439460722,-0.251841334525,-0.615046392148,-0.401652787126,-0.0963657699045,-0.610885868814,-0.601673932335,-0.601004221479,-0.604214971938,-0.656077292557,0.630689671579,-0.019995135782,-0.984549182992,0.319758525116,0.490660131391,0.254007649599,-0.293270384418,-0.131492449479,-0.704875344064,-0.555383966858,0.556051409318,-0.466275609836,-0.258226997184,-0.215041889264,0.0951695452539,0.0951695452539,-0.0951695452539,-0.156778922308,-0.480937426754,-0.608039608222,-0.608240295882,-0.605898108549,-0.129149500678,-0.713826825874,0.908502012796,-0.563021843933,-0.154177498019,0.58297094747,-0.104169357621,-0.0975553983226,0.271661432393,-0.755114339774,0.299664225945,1.22872305473,-0.668472256297,-0.359824596246,-0.344335930074,-1.19948980305,-0.353111443023,-0.254233940068,-0.365995308072,-0.33664902541,-0.540335140722,-0.761289106852,0.116272889662,-1.30682634322,-1.11339175403,-0.157879266536,0.636929315905,0.31773007269,-0.289454780604,-0.350060727051,0.36131331023,-0.0551836736802,-0.406616702914,1.12505512934,-0.293581484106,1412224000.0,01030301,-0.02205882
736,600540.XSHG,600540,2011-05-31,-0.663484691189,-0.400019161637,-0.613816703771,-0.693931262672,-0.146673581479,0.289837503756,-0.454343712814,-0.283571468646,-1.54290966002,-0.596146565198,0.486121006484,-0.0119604850395,-0.0868007810369,1.22111493503,-0.364625580159,-0.0265663102652,-0.652186945827,-0.828774899407,-0.659553906522,0.825105244971,0.608666522925,0.360563180506,0.461105947273,0.679221829818,-0.000741277925655,-0.275865788143,-0.257485154513,-0.246121185867,0.133838453124,-0.112323999224,0.0638139775829,-0.0851768101143,-0.11346215681,0.00782483787647,-0.201545870753,-0.328528345948,-0.679221829818,0.179679025764,0.169665937223,0.0226955566681,-0.407587640823,0.193997419737,-0.307427199149,0.146823838152,-0.506312564131,2.13633938608,0.168468964445,-0.530371741317,0.146166652394,-0.577583745097,-0.108400809785,-0.574926086663,-0.392565572552,-0.361633776106,0.178722603418,-0.608595698988,-0.12082947144,0.0680289282406,-0.0986074782344,-0.122161065306,0.0483827389091,-0.572395011654,-0.0731298750156,-0.36401736229,-0.025731916722,0.66593231274,-0.171627622897,-3.79317330196,-1.22111493503,1.05034089205,-0.171627622897,-1.35080484347,0.405765302527,-0.146356186242,-0.146356186242,-0.437154169291,-1.10540635205,-1.36773234109,-0.518425870719,-0.115597991162,-0.325472304458,-0.690613537702,-0.230157322649,-0.734782365172,0.150466113849,-0.286209550177,0.303999976828,-0.27031941022,-0.189479193819,0.0515061190205,-0.114135800836,-0.133980151605,-1.48307517478,0.048736940002,0.506312564131,1.4734783805,3.07421868124,-0.589140548978,-0.96469528535,1.40836183822,0.17473766963,-0.399890975441,0.432750325338,-0.521550460621,0.124283501055,-0.604588197243,1.18185301336,-0.544481456452,-0.219827175553,-0.437163584776,-1.31103697492,1.67442052656e-16,0.405198311659,-2.20785017164,6.46564610104e-17,-0.00165949288044,0.717477794881,0.0,-5.06384842689e-17,-1.07488132358,-1.24326136638,1.00749469138,-2.44064231919,-2.10309052167,0.695136385533,1.06690492809,1.0166084905,-1.12286069554,-1.08218387767,-0.0883919230448,1.19359399737,-0.577750073747,0.393460024452,-1.29561730245,-0.368862603687,-0.489381013873,0.370355519689,0.0349340381232,0.770395599394,-0.7277430605,-0.0691727269479,-0.124057493951,0.0552456446056,-0.11571877375,0.541324564883,-0.726598048201,-0.588932333644,-0.770841369301,-0.442997610768,0.341862689228,-0.144911480769,-0.0636708801941,-1.03885361068,-0.107553313146,-0.45482073193,0.380971527697,0.147545251714,-0.207232611425,-0.407634571042,-0.260462323353,0.29969277014,-0.726616693499,-0.0240061179963,-0.022463142253,-0.0184849480808,-0.930566590465,-0.672685748448,-0.902349906923,-0.669919639019,-0.397583987885,-0.394224674732,-0.674498814346,-0.68549821643,-0.701413068495,-0.641380380495,-0.26249971882,0.326522581424,-0.286023867861,-0.375044454761,-0.371929298591,-0.611657072684,-0.751938642939,-0.222495815393,-0.931018189239,-0.359729591223,-0.35273555206,-0.358499200842,-0.439579501063,0.290559214511,-0.274545993803,-0.256311436689,0.190184500302,0.253068836025,-0.686356322581,-0.550284345442,1.23943747742,1.33658429513,-0.761505851465,0.556051409318,-0.827263178741,-1.21973939241,-0.877713884962,-0.34081689428,-0.34081689428,0.34081689428,0.209049839053,-0.317879819484,-0.256652976557,-0.256152762093,-0.25371931706,-0.103846741361,-0.812285698408,-0.881380856461,-0.406745391938,-0.127109027262,0.379320724466,-0.00864032882414,1.14318811541,-0.161187478941,-0.563538452583,1.07181317811,0.0424211716261,-0.292652939604,-0.108334414831,-0.0664537579293,-0.809585453442,-0.110725010114,-0.318279954845,-0.111154474246,-0.0956432968653,-0.405343562903,-1.00371460297,-0.605251562732,-0.877429928998,-0.220849587626,-1.58346207293,0.385528897771,0.145704393267,-0.345575268938,-0.349091506515,0.653554865738,-0.102844348581,-0.537379791494,-0.469589672323,-0.105902545394,2892030186.24,01030301,-0.00763359
746,600598.XSHG,600598,2011-05-31,-0.807099295417,-0.360978766945,0.103976523872,-0.6997454497,-0.144489817958,2.39984744539,0.0489204743173,2.2911939657,-0.685671581829,-0.516961101297,-1.56381393334,1.42703537128,2.56062304059,1.08867532292,-0.324769205496,-0.564041142845,-0.252566887648,-0.253427035356,-0.260279613233,-1.28378572752,-0.517648814594,-1.78145405602,1.64739084027,1.32561606661,-0.747949426984,0.0439737501313,-0.810897833103,-0.155063555825,-0.182288607675,0.134175957536,0.0900154525601,0.100439786003,0.173299605959,0.0933646003038,0.216442645115,-0.738944483064,-1.32561606661,0.220574082869,0.115130457401,0.50049674968,-0.249905974403,-0.152950010388,-0.21712085289,-0.271431501632,0.0433999625781,-1.19474966053,-1.58480096642,-0.610609523665,-0.0398592375769,-0.46234291711,-0.0403773701151,2.65589993508,2.71452624134,-0.638057524954,0.277276771003,-0.177348633464,0.120697489494,0.0725503553293,0.0647889524453,0.168672208797,0.111264601997,-0.140120840625,1.3810305165,0.222600545286,-0.303642000565,0.290091729608,-0.0899079044843,-0.345395086833,-1.08867532292,0.210625688987,-0.0899079044843,-0.90641982723,0.377661236084,0.013912185004,0.013912185004,0.8272343063,-0.16185026579,-0.659254020449,-0.285547709327,-0.150190953148,-0.271953380466,-0.570542343869,0.322352907226,-0.230284234961,0.497782632284,0.908653268375,0.979062824187,-0.165526392819,0.439154860742,-0.00442352651015,0.546583263411,1.0317812102,-0.182777117536,-0.700560141221,-0.0433999625781,2.10269329218,-0.596016176343,-0.717388831749,1.75430043757,1.68916604264,0.0128941282933,-0.324246022123,0.27415973873,-0.651636949645,-1.39613411496,-0.862229106382,-1.53635812866,-0.564115044064,-1.38451283713,-0.0627885442506,-0.856687250571,-1.61487717234,0.896609030054,-1.79880867535,6.46564610104e-17,-1.36244365484,-0.0464056280317,0.0,1.44055031529,-0.662234241668,-0.357387327379,1.08083478656,-0.788831825186,-0.709664988621,-0.739459208594,0.443132192009,-1.10132586471,0.327977590546,0.0408622321267,0.00279049645895,-1.24699658746,-0.571779312508,0.951747896986,0.0123048157148,-0.19338215576,0.0358118158675,0.846669428508,0.88491532432,0.713214223061,0.435137450793,0.188163339735,-0.044611451415,0.573164056874,1.13261885204,0.165357326158,0.163773823684,1.27268183963,1.0582695918,1.41911463125,0.64644885749,0.792962684783,-0.475961786668,-0.364214808972,-0.776314298732,-0.868323130093,0.769100598581,0.498566696541,-0.888468952852,-0.0407953253784,1.08413296316,0.588619281205,-0.332088486942,1.34586088198,1.34032279533,1.34062074641,0.856008600597,0.71000067559,0.475918029911,0.803972705125,-0.189587027595,0.16694874604,0.354308486947,0.342327025865,0.361259756892,0.431419719485,0.710711295609,0.730072787699,0.155868722663,0.177294642964,-0.186955277711,0.217027757755,0.12242204939,-0.0323396155123,0.855674843507,0.97785886386,0.993346404352,0.981530609617,0.821779521202,0.921226506296,-0.551971828241,-0.235139543167,0.59394410202,0.462987888118,1.14695559758,-0.87423794873,-1.49730969791,-0.0743934340144,0.131688981832,-1.29378298208,-0.947592368376,0.146089353028,0.595836953802,1.71901075874,1.71901075874,-1.71901075874,0.524786202332,0.879719152526,1.20988186626,1.20928876689,1.21232575155,0.882960871981,0.615367953339,0.0909791204535,0.901396288123,0.768857354787,1.33434709705,0.673266071858,-0.0273291867376,-1.30478194718,-1.28418805941,0.694868841664,0.927586247012,0.364226142554,0.123633625351,0.0944171852395,-0.789323570105,0.129926338984,-0.838037997843,0.215599809989,0.218828139756,-0.85457783007,1.14519078862,1.96855028111,-0.423444157652,1.30328974822,0.506404888,0.539284514898,0.889995380216,0.275758709046,-0.292915176561,-0.443991631855,0.604813063535,0.467074451894,0.681743874478,-0.207873099519,25278608306.0,01030301,-0.01547117
762,600695.XSHG,600695,2011-05-31,0.0215093489669,0.899202123839,-0.293861951273,-0.548479477226,-0.225578788124,-0.965660684185,3.72754203263,-0.283571468646,-0.485303528758,-0.0449023027255,-0.343486122357,-0.609984737014,-0.889708005629,0.709268401357,0.55010139067,0.875850753312,2.5279474119,3.28085270096,2.21264504198,0.360507661046,-0.768350755515,3.09633767961,1.91793246969,1.25866809209,2.38320853098,-0.650965560778,-0.0158099164936,-0.0412415182731,-1.5788433072,-0.732003469578,-0.982109111209,-0.795463590475,-0.695306966209,-0.930063516682,-0.690600571667,1.94869490628,-1.25866809209,1.5199791396,-0.539295300459,-0.294594298067,0.6611436538,-0.312415968334,-0.683408523113,4.22382954864,-0.712729251924,-0.237911327245,1.59970972434,0.45254109244,-0.641422244857,0.272461070179,-0.158893517318,0.466299993316,-0.421372097211,3.39965454778,0.300285998876,3.16516057089,-0.742781193139,-1.00980972929,-0.798611239087,-0.653516053818,-0.989321148323,4.11595397445,1.42288473829,0.0209506395563,0.0159882411432,0.686356200245,-0.165790500154,0.135178381167,-0.709268401357,0.566670551705,-0.165790500154,-0.0618284220939,0.537098929152,-0.0728998494208,-0.0728998494208,-0.367711625215,-0.168913876706,-0.970421918101,4.54069521676,-0.341725997892,0.412537806886,0.366655896279,0.874863137102,0.234840992267,2.33618439924,0.326687485226,0.950796645849,-0.100321848658,-0.435006299304,0.375643837437,-0.278176396098,1.22246615057,1.44801811931,-0.240659034836,0.712729251924,-0.790893753906,0.0575297582783,-0.589140548978,-0.486506123739,-1.32242839435,0.920373985073,-0.35599822475,0.621217636747,2.62220635744,1.44739501423,3.30936093308,0.157952852236,2.27714556321,2.59627845394,3.6316284754,1.05199066778e-15,1.67442052656e-16,0.0,0.0,6.46564610104e-17,1.88846738519e-17,-1.55383100815e-16,0.0,-5.06384842689e-17,-1.53580385983e-16,4.17098284571e-16,-1.62828886465,-0.200482036709,-1.05204954817,0.0266343569771,-0.493944108923,-0.395347746307,1.21699410192,-0.3965832721,1.18281677369,-0.792781150914,-0.467311579654,0.67919245114,2.14771529171,0.449410354581,0.819358792063,0.58978760299,1.05104664696,-1.62521902587,2.65542914669,-0.849097698984,-0.749342025636,1.06311839068,1.40401950005,-0.440408163385,1.9480880227,1.01003770581,1.54017492669,0.590747505294,0.113857653977,0.44471240339,-0.546265260533,1.35884616207,1.55814415198,0.162880381375,0.461756650617,2.13361772619,0.762756441293,1.70728574411,0.678098449259,2.05202480839,2.25959127878,-0.613596500557,-0.620363010443,-0.654692853385,2.94239677558,1.93110869872,1.53085847365,2.370488663,2.09693329582,1.38594033215,2.40693465233,2.48797871057,2.56221681936,2.11846453391,-0.248218173768,0.497763932377,2.08851390306,-0.0856604286133,-0.227743071781,1.5115342256,1.61957323553,2.63576183911,2.95323978461,-0.334417379142,-0.402300292169,-0.337367551425,1.61420361251,0.526889833653,2.64485418274,1.09005548831,0.582596153718,0.482958790528,2.2653181042,-0.86075211952,0.169243459162,0.661163364991,1.16229840487,-0.500996814336,1.57932061396,1.88752100346,1.99102555143,1.49546357159,1.49546357159,-1.49546357159,1.54003002408,1.25251410795,-0.605612487686,-0.610881060109,-0.646579704882,1.84446572601,2.26455406829,1.21592783155,1.20856034894,1.76858620807,0.219595059364,1.85223408579,-0.293888472483,0.375219592617,1.57934139575,-2.83849519788,0.396168351043,1.07650398499,-0.746432714584,-0.825872543265,0.923079381048,-0.741706543843,-0.655753186555,-0.652732180467,-0.694215595329,-0.615576348031,1.95202897269,0.976390700568,1.93015284593,0.627406874332,1.70582849645,0.991965013635,1.22936438329,1.37812544418,-0.307784250339,-0.397734661886,2.06675246104,1.8376653433,1.92237753017,0.0993130679288,5816228985.6,01030301,0.00813953
814,600180.XSHG,600180,2011-05-31,2.879287073,-0.164349119479,2.9212264232e-16,3.67024552011e-17,0.0380771582386,-2.34083077733,-0.704378142293,-0.283571468646,0.0,3.51887985636,2.93486847689,-0.609984737014,-0.889708005629,-2.43291567439,-1.56889057507,-0.820587315398,-0.0927188643758,0.335619587363,-0.141141316042,-2.36616473802,-2.405286958,0.516293228744,-1.51243570361,-2.43097329703,1.93844177558,-0.525374119047,3.46053487534,0.0,0.38747224053,-0.573638109018,-0.622149707626,-0.491912585544,-0.655555096609,-0.526772130994,-0.523242418332,-1.19027194305,2.43097329703,-1.09209020913,-0.721080233198,-3.97515661299,-4.05235686622e-16,-0.0544376775522,4.67201357961,-0.993815300757,2.03163616537e-16,-1.54372089399,1.27768055336,-0.737987003142,-0.347153966678,-0.186969347146,-1.11111669825,-1.02482755159,-1.7671097417,-0.646308980144,0.16154576744,-0.948908878491,-0.558428811153,-0.636256379263,-0.406163618573,-0.660332458679,-0.549561601667,-0.307084724234,-1.02996512081,-5.814970604e-15,-0.390446845156,0.974651175127,-1.35010584744e-16,-0.101812275879,2.43291567439,0.851011935126,-1.35010584744e-16,0.0,-0.576169625393,0.0,0.0,-1.48262906387e-16,-0.141745851227,2.98545380674,1.19549672605,0.477011839461,4.46307900127,-1.54333781752e-16,-0.783330830112,-1.74325365355,-1.44470095779,-1.65634946484,-2.51430427508,-0.617300734503,-2.73788121972,-0.763287126096,-3.58450572726,-0.802693063346,2.02167902692,2.87684397578,-1.6253089323e-15,-1.77979333093e-15,0.2599277836,-1.39047066798e-16,-1.00071134743,-0.301600882623,-1.4670405622,0.953313189468,0.803573203751,0.0313171177278,0.356408327927,0.436938882254,0.608956494634,-0.0368129767724,0.405974075445,-0.480493208514,1.05199066778e-15,1.67442052656e-16,0.0,0.0,6.46564610104e-17,1.88846738519e-17,-1.55383100815e-16,0.0,-5.06384842689e-17,-1.53580385983e-16,4.17098284571e-16,-1.78042000804,0.0432277083082,0.566978214037,6.3485373869e-17,-0.460189057524,-0.395347746307,-0.352532470993,0.327106256001,0.626446803651,2.86860773345,-0.295600721948,-2.06647424123,-0.187931912368,0.28489743465,-0.00406550723076,-2.40553640386,-2.72861593031,-1.81585240589,-1.27270321269,-0.7344766089,-0.113657811446,-0.92639960655,-0.583308971951,-0.858774216444,0.0981534908578,-1.25002481811,-1.2764123256,-1.03373357538,-2.79316774271,-3.00144144086,0.89497614426,0.759795279334,0.784587630512,1.71542873744,-1.27146767203,-2.37935179411,2.74602211789,-0.4172658717,-1.8778181677,-1.98907895318,2.09938231093,-1.08739293351,-1.08641547599,-1.07917516737,-0.693270436158,-0.635343400866,-0.449591271387,-0.473633491548,-0.0364942333908,-0.246246906865,-0.545722599727,-0.546872392892,-0.584627945838,-0.545113448641,-0.518797070767,-0.0395814023929,-0.0337556839983,-0.363558491786,-0.284608483188,-0.495123689204,-0.390702221462,-0.349217326511,-0.68934477087,-1.14542465641,-1.12885530801,-1.14377779801,-2.65054296767,-1.62911350866,-0.67861718087,-0.7274797485,-0.131008307091,0.0588811146276,-0.59883469326,2.47528958408,1.40235909765,2.06453452568,-0.555383966858,0.688182437275,-0.345946420201,-0.371528699931,-1.34141392925,-1.06491539179,-1.06491539179,1.06491539179,-1.80487565014,-2.29668933106,-1.02508241065,-1.0233081072,-1.02014218856,-2.35579232053,-2.14148047762,-1.81786004891,-2.22682717336,-1.40744769406,-1.97397074136,-1.52545490802,-1.51374377742,3.04845553159,2.94712168062,2.70219525615,-1.89734271831,-2.80812936977,-0.548929493543,-0.478909761532,2.18862566187,-0.552916690667,3.00225958052,-0.733503822285,-0.737828776809,2.61536961287,0.563285621714,-0.586147215068,1.52440462643,-1.40810483332,0.311128118458,-1.78202593848,-2.14885351535,0.139466094521,4.55287981421,-0.70877346155,-2.20923895888,-1.94284083986,-0.408195847459,0.390446924627,2138435481.6,01030301,0.03051643
821,600189.XSHG,600189,2011-05-31,-0.947077744144,-0.335406429854,0.283951072153,0.0886595510592,0.340836836913,0.442924945143,-0.670427780463,-0.283571468646,-1.47028434628,-0.747755098011,-0.885639968282,1.3335940819,0.325502928889,0.0448991996451,-0.117724608046,-0.734188501087,-0.828861076812,-0.726034209398,-0.707853216194,0.895389596302,0.703601449082,0.247994269233,-0.122344629184,0.167300679787,-0.356554682239,-0.751438714162,-0.706198137154,-0.264332711875,-0.194403761094,-0.577393935075,-0.518470280957,-0.572244037587,-0.568375134313,-0.535206269655,-0.789062499805,-0.514192788929,-0.167300679787,-0.325438246058,-0.0727139730956,0.160809964023,-0.0805441845447,4.56341097409,-0.0786117727907,-0.43833222576,0.20809412837,0.0306152387575,-0.404027339511,-0.574502521608,0.00935274493685,-0.495683375183,-0.22859654809,-0.526791547686,-0.346274490639,-0.646308980144,0.206360187737,-0.893797432418,-0.588837451481,-0.494214008261,-0.575776888524,-0.574283462067,-0.51430732772,-0.537410423581,-0.0325925006229,-0.796124303139,-0.179154432742,0.1912565353,-0.207623213151,1.21773535837,-0.0448991996451,0.178910101507,-0.207623213151,0.556672360744,0.25046767086,-0.442089490326,-0.442089490326,-0.366643278383,-0.274663627271,-1.19685369899,-0.657016948591,-0.11876376568,-0.23986487582,-0.639700571287,1.42803664456,-0.995955954953,0.239840722828,-0.628744528842,0.538442985393,-0.442645705501,-0.111164513621,-0.483638898443,-0.122337830599,0.540315344255,0.147149255198,-0.574906046365,-0.20809412837,0.376961184086,0.0335138446908,0.068131900222,-0.126779431383,0.841235442815,-0.209863053601,-0.459659827445,0.204150100017,-0.564912623629,0.472470741363,-0.357910731046,0.267656440928,-0.502409482998,0.371207339279,-0.420915574814,-0.0849086260033,2.20384454323,-0.823328484329,0.0,6.46564610104e-17,-0.00165949288044,-1.55383100815e-16,0.0,0.271766088504,-1.53580385983e-16,4.17098284571e-16,1.98916177626,-2.30524801641,-1.45813356066,0.3267283333,-0.364592690585,-1.10132586471,0.081894154151,0.678755500383,0.787588148463,0.171483513371,-0.6221807729,0.501649972421,-0.578326338595,-1.03406701906,-1.14778107183,0.70276879404,0.321471768169,0.897887610676,-0.252636923544,-0.524788691634,-0.617477527687,0.801715832826,0.294564263905,1.87790105062,-0.291488467922,0.650854958549,0.330790875548,0.701301171932,1.01802411576,-0.573794905338,-0.703670740791,-0.927799219466,-0.330933271218,-1.06486439342,1.82260593656,0.23787324566,-0.476078830961,-1.04141192417,-0.95068813743,0.459786740438,-0.191496943721,-0.254162524897,-0.254321468384,-0.253478839904,-0.645207292995,-0.634882737472,-0.332190615611,-0.710400919665,-1.09900658911,-0.912965498848,-0.546906034486,-0.525523694602,-0.313497864884,-0.548182692389,-0.309339239108,-3.26909134879,0.621041095255,-0.381447526659,-0.148026399428,-0.65856173058,-0.228203002752,-0.258279485977,-0.646009177,-0.368107753662,-0.37312882317,-0.371698250063,-0.24437910096,0.723987496943,0.227774391695,-0.439138722437,0.44458595644,0.509228798195,0.448026889663,-0.125211498276,0.851521999763,0.507598638114,-0.280554787382,0.027527297491,-0.466275609836,-0.345143371894,-0.0566138800095,-0.0603415414588,-0.0603415414588,0.0603415414588,0.355186494723,0.0371691187445,-0.523132377613,-0.523378814222,-0.521341020834,0.225089129753,-0.443064926404,1.4475594896,-0.0403040562257,0.324032152017,0.540377436776,0.337749482912,0.0172895288322,-0.630498982006,-0.913541067112,-0.502483756454,1.12332517203,0.116202335054,-0.577578869637,-0.565927309713,-1.25972783459,-0.573626268996,-0.547367623086,-0.558632317193,-0.541423759095,-0.719586252251,-1.6858673524,-0.99070515631,-1.502617908,-1.58680760992,-0.927132483293,0.908098313384,0.451889744572,-0.377644119415,-0.277238419004,-0.614801693032,0.308487997847,-0.227422840786,1.12505512934,-0.250025052006,2987010000.0,01030301,-0.01871102
845,600438.XSHG,600438,2011-05-31,0.275495527374,0.11692063082,-0.64960111688,-0.0769765958222,0.723819947641,0.829619192222,1.04825936019,-0.283571468646,0.0950505408178,-0.631049249011,-0.468331784105,-0.609984737014,-0.802907224592,0.0172171495738,3.84114883923,-1.01564721519,-0.164229822155,-0.164385104015,-0.147581223998,0.107123563684,0.690697672711,-1.07279484775,1.36937262538,1.24308537388,-1.35283221432,-1.21612704857,0.272311051308,-0.436431632654,-0.150649753782,-0.813135678214,-0.667413450552,-0.802470060536,-0.82664133782,-0.735410877656,-1.41916459089,-0.876531607126,-1.24308537388,4.10724328975,0.690782744408,0.638611157035,-1.07919473854,-0.301241975953,-0.0323764974733,1.44432840653,-0.806421932908,0.0634729198295,-1.11964771946,0.314130917891,-1.16186037989,3.36748480862,1.27022856241,0.316382512786,0.464607681086,0.760564129668,-0.173551657786,0.974480589469,-0.802822419952,-0.628729942171,-0.807836226393,-0.810666644953,-0.72260158487,-0.601681765848,0.120896192923,1.91960234934,-0.359493179643,0.272336289717,-0.305881446005,0.397393561019,-0.0172171495738,0.218012765185,-0.305881446005,-1.08053559383,0.360269956258,-0.10342715823,-0.10342715823,-0.718396472797,4.80005249562,0.118138320464,-0.344984198564,-0.0733475148171,-0.345494698183,-0.902484459036,1.42803664456,-0.690947199852,-0.521540439734,-0.324014414043,-1.39363343981,-0.0607333754181,0.310041469064,0.504027796496,0.957596088205,-0.345676606973,-1.78446120385,-1.9620845383,0.806421932908,-0.661043033278,-0.370442221693,-0.733419867095,-0.310331169461,-0.94843152819,3.77508952669,-0.492345918385,0.249975067732,-0.564912623629,-1.36131539093,-0.774521562845,-1.36570810181,-0.457532711314,-1.15852905205,-0.471104244927,-0.37580615546,-1.46043913771,-0.495721338732,0.982673499418,-0.787805924502,0.330239083207,4.57132424657,-1.40509629361,-1.43864985313,-0.694327477674,-0.906644259111,1.13583985795,1.26916157718,0.79523458707,0.0156553090629,-0.219549038429,-1.10132586471,-1.5820331411,0.528708229804,-2.58396041822,0.726803382631,0.555871008425,0.262383741336,-0.789314031944,-1.26390825792,-1.08669240666,-1.04002517828,-0.583075090751,-1.74381423691,-1.18562395267,-0.750047899559,-0.854207904936,-1.57251691202,-2.00922341945,-1.03566550706,-1.37394160787,-0.703463577433,0.103813841122,-1.45183307424,-0.50333909393,-0.183067382407,-0.834343940924,-1.13549974754,-1.29615531227,-0.960850672892,0.443162979408,-0.531629791372,-0.845398543422,-0.900436121394,-0.208491658084,-0.648946588835,-0.854129953629,-0.0531224082415,-0.0470660868085,-0.0491795118435,-0.777478530793,-0.310829406472,-0.512112356441,0.0628512833459,0.0156025793609,-0.0577523142598,-0.302668224334,-0.312116480186,-0.364059453806,-0.317665269452,-0.162141875581,0.742990766125,0.23121056281,-0.390237254194,-0.28545464061,-0.092123151598,-0.255250214564,-0.169411775146,-0.776593794799,-0.370747396021,-0.360940787218,-0.36229098964,0.0983827974518,-0.431907634359,-0.558625007656,1.16163888262,0.436608488389,0.359167678501,-0.373659428212,1.34283482076,0.263167923247,1.36557721133,-0.898920441203,0.688182437275,-0.947592368376,-0.253958782355,-0.0940914735966,-0.229737546628,-0.229737546628,0.229737546628,-0.0755918913797,0.431567921188,-0.147885205283,-0.143297538127,-0.140432578538,-0.356874334526,-0.123073590668,-0.835640333576,0.534954952411,0.305986504846,-0.965036956805,0.151351377942,-1.52543473895,-0.430009723856,0.713557546473,0.414443124239,-0.330279912747,0.2296540266,-0.810877964903,-0.793851208542,-0.258681274081,-0.815837601704,0.886277784614,-0.834808129589,-0.858841594763,1.0330912827,-1.3204821716,-0.668501649154,-1.29675947947,-0.441354792935,0.201557886347,0.290080605581,-0.565606522597,-0.998978097399,-0.270707718725,-0.618589358718,-0.467552121736,-0.386275778024,-0.469589672323,0.214506807358,5259528000.0,01030301,0.01699346
17,600098.XSHG,600098,2011-05-31,-0.084822007049,0.20118312072,-0.930915552076,0.249081516234,-0.127763079402,0.540782144198,-0.608210181494,-0.502197100049,-0.776888714558,-0.545305627857,-0.55240954579,1.95363828043,2.03929294192,-0.152345208288,0.22079113874,1.17228043593,-0.136280309685,-0.0244313896436,-0.150911264321,-0.727312526148,-0.136925728498,-0.658319853646,-0.829515287263,-1.56287458653,-0.787600932092,-0.0802575778396,-0.0822217825008,-0.454496512769,0.0442334788376,-0.689804697302,-0.62143851796,-0.664976028439,-0.695585106035,-0.634123893045,-0.0230528742112,0.773186038202,1.56287458653,-0.439427864603,0.85864282607,1.49608249316,-1.02720625033,-0.805525392758,-0.489183722555,0.348671457615,-0.716478253539,-0.44894251127,-0.288810706902,-0.444613349675,-0.29330147704,-0.311862911377,0.105963572977,0.646139059677,1.0365033443,-0.196675829118,0.0155297716948,-0.466256557204,-0.707087646554,-0.58012475154,-0.627579530432,-0.709252222449,-0.633396304844,0.153093160275,-1.86805344121,-0.387417416577,-0.344772502309,-0.301511107198,-0.257180790756,-0.190355564747,0.152345208288,-0.282421325831,-0.257180790756,-0.698982346321,-0.368969979034,-0.0356796769408,-0.0356796769408,-0.426464809219,-0.420911863324,0.656039886122,-1.17758585691,-0.151324452992,-0.135312690374,-0.600226919935,-0.848313382423,1.05954841595,-0.10687259386,-1.03911538049,0.318552163588,0.329384372515,0.636007880167,-0.236646719471,0.164714906046,-0.751003172623,-0.141344135489,-0.290037733511,0.716478253539,0.210601772524,-0.267526246176,-0.752384894608,1.77932356121,-0.308390697009,0.642534045158,-0.263162161826,-0.230224584208,-0.594164876701,-1.05047040931,-0.79639912106,-1.09476455272,-0.502616359143,-1.06738465478,0.0929746335274,0.120979655187,-0.170937470268,1.95937436993,1.16457285665,-0.00442288722326,-0.295709639484,0.317707829874,2.07288626746,0.90071097837,-0.303266836714,-0.342327904469,0.737552763001,0.000446644562729,-0.503027312176,-0.953192412416,-0.310822717336,0.138601029809,-0.016067593531,0.15312914476,0.0922250576155,-0.640377902002,-0.158725700986,-0.163385659163,-0.384973074582,-0.687370423224,-0.759410507588,0.386898275014,-0.492240084481,1.08648157341,-0.299552711244,-0.685479944549,-0.568871472728,0.364824169547,0.030361662571,0.841601801638,-0.36333136839,-0.551977223856,-0.855028651598,-0.0507649088193,0.195270062528,-0.870317289355,-0.589003643527,-0.647710669613,-0.519205094651,-0.390885922132,-0.409879530215,-0.262349706931,-0.490748664342,-0.868826313389,-1.43574875384,0.378325654849,-0.415354062281,-0.121448388738,-0.122712570223,-0.115298185022,-0.287549254774,-0.575432850412,-0.274250009207,-0.679083996479,-0.170451406403,-0.209202521478,-0.436231457128,-0.392771953911,-0.252693967713,-0.540383437739,-0.240260641018,-2.04536086037,-0.60597167837,-0.382746507023,-0.225304565154,-0.425403691217,-0.19254548136,-0.0996205363389,-0.286782491541,0.107737018768,0.114815009546,0.107454961771,-0.915129233335,0.351375731994,-0.126829739917,-0.863322670274,0.370483655483,0.559221907948,-0.496661848831,-0.318103722276,1.00272350708,0.857447702337,-0.788429560484,0.416206276332,-0.981853123877,-0.204772537489,-0.216388663743,-1.04952369256,-1.04952369256,1.04952369256,-0.0321969995773,-0.625877582363,-0.380016164583,-0.381326849943,-0.379015579327,-0.426473266828,-0.790494936877,-0.3003462112,-0.684412766014,-0.207837107173,0.638551325023,-0.0573028563849,0.140463897774,0.651925832845,-0.292108726792,1.78647458736,0.11013083986,-0.833021279056,-0.684088375897,-0.656312171545,-0.594590053548,-0.678973533527,0.0578294309282,-0.702201663427,-0.674078110048,-0.404332353876,-0.472749335543,-0.101335666421,-0.552026765244,-0.812489812217,0.6396928167,0.469736752628,-0.031926545264,-0.735144474018,-0.0812480933018,-0.662456023326,-0.334747172454,-0.780321132616,-0.621471346036,-0.535774230368,14908608000.0,01030318,-0.03558684
33,600310.XSHG,600310,2011-05-31,-0.42719550846,-0.76715088749,-0.28318284516,0.465917890195,-0.154544665786,-0.431094875137,-0.201344206496,-0.502197100049,-0.316792006948,0.213368237245,0.0103830755028,1.22001896731,1.5020889609,0.584187871595,-0.216618653982,0.0510374828796,0.0544973349093,0.542626716573,-0.0535259938239,-1.11371517852,-1.30736557352,-0.0595248475262,-0.197143424261,0.29840397738,0.379806135341,0.709236907908,-0.302646135588,-0.320335811159,0.22844454719,1.78595633538,2.24164230871,1.99147602562,1.60924668651,2.17218327251,0.352963022014,-0.444939391799,-0.29840397738,0.417484966906,0.328832454959,0.088740144055,-0.195037477398,0.138618111123,0.168094478769,0.0542891258818,-0.0452574581144,-0.0380608338549,0.65172122423,-0.411781070303,-0.397507224474,0.020194636983,0.112775916896,-0.542377320914,-0.186292377537,0.500855662059,2.70595551682,0.216651948462,1.79532078497,2.29437115718,2.11990817712,1.5731040245,2.17018686752,-0.486935193835,-0.379323970106,-0.356099460245,1.30727774909,0.184127063262,-0.289571477601,-0.142772773408,-0.584187871595,0.250272838321,-0.289571477601,-0.335506683121,0.336655209885,-0.0983333120492,-0.0983333120492,-0.31140354426,0.195597535297,0.129055419132,0.146588379542,-0.275733773496,-0.133862453221,-0.493541002192,-0.219638625114,0.144509067636,-1.25012873032,-1.1853633087,-1.68520093043,0.360889892062,0.143788872005,0.626438997713,0.621100539312,-1.17019243845,-0.146095556003,0.342778547156,0.0452574581144,0.248927415244,0.443535897406,-0.434688860021,0.0643446128729,0.0722083536525,0.709784888824,-0.309031841429,0.0215958860006,-0.37105138015,-0.903758864325,-0.289900572365,-0.905977858184,-0.36775208321,-0.829401509155,-0.547585051906,0.120979655187,-4.72105146629e-17,0.995202592873,0.478517478683,1.35759533119,2.44913523712,-0.281148174254,-0.322935420762,0.189623363867,-0.269501434064,-0.800771139386,-0.309094924064,0.47708019936,0.228310018244,0.964466356832,0.713705819975,0.138601029809,-0.830633903345,1.18908588999,0.389899268226,0.75785431488,-0.231183297674,-2.48246016853,-1.01302808084,2.2623622049,1.61788699442,-1.48071125947,-1.5926322678,-0.646290817104,-1.77153886347,1.61487706153,2.44344884805,-0.299981660084,-0.34596656119,-0.254708962635,-1.99930346342,-0.857197227475,-0.866309061647,-0.52047117732,-1.15262325029,-1.26588727296,3.71035310762,1.23952936026,3.40766226522,2.95028431603,0.155183542154,-1.29173881124,3.95923549695,1.64454544554,-0.460485847956,-0.896382405594,-0.368905268721,-0.737282860125,-0.740138337158,-0.736272533394,-0.443632443402,-0.543678144424,-0.173389940582,-0.718608202666,0.315812461288,0.325113420782,-0.738454146076,-0.722660689032,-0.667008345195,-0.757426426954,0.253222304516,0.0785688672996,-0.161163645133,-0.318121883765,0.172188179855,-0.742062418623,-0.53491943873,0.432534268499,-0.444704367231,-0.874516916426,-0.868398683278,-0.876296431217,-1.28321170099,-2.27626305385,0.253867946196,-0.797734713261,-5.34380067163,-3.95548035405,-0.0865456685378,1.70525849167,-0.322452851977,-0.187065398438,-0.412778911168,0.416206276332,-0.281111475301,-2.56693672974,-2.90715861441,-0.782200789458,-0.782200789458,0.782200789458,-2.36675007541,-2.58697815943,-0.773104015834,-0.773687981226,-0.770998939855,-1.66263913054,-1.48298322559,-0.996943775104,-2.57537057891,-2.88010865697,-2.65891187597,-2.49565240913,0.713792308277,2.66753324563,1.87730527109,0.24862536754,-0.474085021717,-1.84364333736,1.84279451486,2.0516839169,2.30324533374,1.80789070602,1.88522456295,1.40361735546,1.48619474923,1.64195307002,-1.24320887407,-0.90877675884,-0.925599329326,-0.648300959776,0.836817364869,-2.9910950148,-2.29922299001,-0.542424938978,0.270355963571,-0.645845950321,-1.56545253448,-1.69384573875,0.170775189185,2.48021817174,4522410750.0,01030318,0.13727883
60,600578.XSHG,600578,2011-05-31,1.13607044578,0.0884995136182,-0.102509627207,0.357709491357,-0.144816806165,0.128320092895,-0.314888199518,-0.502197100049,-0.828882585567,-0.140936308894,-0.655365451883,0.134664367067,0.929071381137,-0.43468288891,-0.285461955925,-0.58473934715,-0.164896956374,0.0233208719325,-0.17466376932,0.159704565812,0.4224503309,-0.249556501482,-0.211411589622,0.288855898822,0.572368125845,0.336420067416,0.0134806677192,-0.331190236855,0.227673789582,0.1536331431,0.188557028585,0.201936418035,0.104713381483,0.182915121473,0.44545080294,-0.453794387655,-0.288855898822,-0.259544800071,0.11404446667,0.236449545127,0.0803565050123,-0.208617717925,0.214627448774,-0.331772850573,-0.578938880304,1.22411239233,-0.135254473248,-0.420199603476,-0.417043923845,0.164000636532,0.260407808401,-0.124119984531,0.105952622293,0.123939750089,-0.220090854981,-0.110246528051,0.152536407817,0.153751784769,0.292467714215,0.0865836385881,0.135278826515,0.295106829223,-0.585461144006,-0.251358295176,0.446083029317,-0.125093908544,-0.330486029405,-0.0790187550154,0.43468288891,-0.136843869564,-0.330486029405,-1.59627788835e-16,-0.199392764217,-0.232591101567,-0.232591101567,0.979019397095,-0.559894364131,-0.803188561203,-0.696836228042,0.129743546035,-0.130814880622,-0.443248596679,-0.848313382423,-0.481392384968,-0.425920817987,-0.947135551431,-0.0181217980079,-0.225112771523,0.421051477868,0.0716533710894,0.340247841918,-0.783532893787,0.271298461515,-0.407236572599,0.578938880304,-0.0505803852681,0.270417621898,-0.70699974681,1.20228274155,-0.0292935031652,-0.352608185798,-0.388891283615,-0.157428818311,-0.542278017038,-0.886830609135,-0.641519399558,-0.912067751556,-0.464371265968,-0.846004984431,0.0653085135347,-0.580252260226,-1.23028168778,-1.99705464628,0.559663813712,-0.520415394396,-1.92777956611,-0.326390748084,-1.16729896045,-2.29918328689,-0.28053475699,-0.419044451203,0.308671651316,-0.7977709954,-0.487526906329,0.400333848616,1.66748189431,0.138601029809,0.439998780487,1.4130215444e-05,-0.668385272086,0.162266889732,-0.262613293373,-1.05335307377,-0.853587243933,0.196162402356,0.0109486643732,-0.90167125983,-0.863939958926,0.415881670318,-0.207439862974,0.179722180936,0.369169387619,-0.152683150846,-0.390599193891,-0.12863661426,-0.11516229091,-0.615448192168,-0.816561728679,-0.277546902659,-0.134516465125,-0.800715370845,0.610970020256,-0.164059734039,-0.302259420444,0.808909791807,-1.57122157678,-0.535815926868,0.343647453548,-0.37868753992,-0.853559124218,-0.504749990572,-0.196381178354,-0.443082309942,-0.443820247572,-0.440812924635,-0.644757149424,-0.648778550559,-0.604844549318,-0.765018448133,0.0294729196921,0.090878899322,-0.708298077106,-0.680274470055,-0.566648979286,-0.75590687244,0.209547809637,-2.03321214798,0.201757373844,-0.412592408956,-0.856074960977,-0.706484177952,-0.534233535132,0.378903582706,-0.645398667794,-0.465369150674,-0.462549895547,-0.466181064188,-0.978498865945,-0.508925072606,0.186566682344,-0.593569681477,-0.592005490056,-0.238766153726,-0.929722412949,0.258210111691,0.849374515204,0.987524796752,-0.412778911168,0.565346858684,-0.105926063157,0.00722715296342,-0.466914603094,-0.802084311177,-0.802084311177,0.802084311177,-0.552114769251,-1.11093653368,-0.412855897081,-0.413653290507,-0.412178394718,-0.880112115897,-0.711353418168,-1.54454191533,-1.13653651376,-0.857488674531,-0.1350070337,-0.739478364248,0.605031070236,1.11734499887,0.668265764814,0.289354921516,-1.50542541077,-1.43839974609,0.169866036274,0.20529305142,0.100765851558,0.167221131501,0.605087868013,0.0404410414024,0.0887749135887,0.400482833764,0.181519445427,-0.149609681244,0.366371980297,-0.581112207108,0.269292624031,-0.591461020973,-0.620503130119,-0.38095722043,-0.548985788754,0.256283750133,-0.776828350484,-0.770337257139,0.170775189185,-1.2121901461,6881663332.1,01030318,-0.07435653
74,600726.XSHG,600726,2011-05-31,0.96960382528,0.0918402197741,-1.17693865737,0.288198602511,-0.135199039809,0.691542800096,1.29275906018,-0.502197100049,-0.899515768825,-0.406664718498,-0.688034152856,-0.82004569796,-0.861608555613,-0.509058288153,0.341004002063,-0.550556538392,0.277071253603,0.542626716573,0.345516090164,-0.384677164498,0.540757793155,-0.761402261109,1.37959469505,1.45670525745,-0.871846802938,-1.74119700034,0.729088021299,-0.740619174132,-1.28091906606,-1.56364766813,-1.57403503625,-1.5772453606,-1.54044599583,-1.56875807489,-1.76910088265,-1.02051412247,-1.45670525745,1.20709215379,-1.38087993182,-1.69197874665,0.459522132968,0.680295256876,0.941705105106,-0.322000404927,-1.42423294498,-0.276799423179,-0.730284878658,-0.194582914459,-0.309445792924,-0.282838669938,-0.160930997,-0.0739051923587,-0.733470142914,1.39810517577,-0.338298691779,1.32228445808,-1.57159741082,-1.55411948798,-1.5888589959,-1.52759666882,-1.55408005498,0.66383171295,-0.12377591316,1.15725378521,-0.838067489324,0.0295760772576,-0.905562785323,-0.322720936892,0.509058288153,0.00174109577021,-0.905562785323,-0.611564148843,0.020657668784,-1.07393991588,-1.07393991588,0.0789363696966,-0.54854235834,-0.75096818834,-0.779308674036,-0.268723764019,-0.241960741263,-0.744613597416,-0.219638625114,-0.538167186336,-0.0946015083168,-0.175424785611,1.29056247207,-0.962341928937,-1.25187008785,-0.935923867235,-0.724651969037,0.618899869156,-0.884758699089,-0.668923196152,1.42423294498,0.445523767712,-0.254105254144,-0.625306480773,-0.433593004593,-0.153834043437,-0.00401045818768,-0.77333859827,-0.05701978639,-0.0778906230525,-0.661120539926,-0.109905220349,-0.717191163646,0.0569697409963,-0.453056069557,0.909838217642,-1.45723447908,-4.72105146629e-17,7.84378319481e-18,0.0,4.12252995105e-17,0.0,0.0,1.10755179929e-16,0.0,4.76632262653e-17,0.0,1.08675277992,-0.568068077425,-0.0239238587215,-0.126581584405,-0.977554480405,-1.94041441733,0.00889126275855,-0.0334038293081,-0.95369018648,0.689430185118,-0.192335333022,0.355117095434,-0.249429693328,-1.11058152211,-0.943880468946,0.362087708611,0.0435439276921,-0.114514437331,0.476486428791,-1.5564546439,-1.57351492572,0.118147101224,-0.406585611154,-0.0567718096325,0.643230951581,0.516093965688,0.36429430101,0.61471766976,0.937235996564,-0.25548194391,-1.15234333487,-0.998840118248,-1.09170062381,-1.05703336852,-0.368403028553,-0.0355728416178,-1.03005503892,-0.810708940035,0.0264650602084,0.274818142606,-0.18841852803,0.263447824423,0.26380313642,0.256964403174,-0.699627915394,-0.27203884438,-0.677892243293,0.904801829865,0.612205413671,0.641411488979,0.320556913518,0.252437364504,0.0181259075471,0.500259735467,0.525196271798,0.523209794383,0.624004699071,-0.132297717917,0.0264558754077,1.1791175018,-0.0704380385177,0.183114507658,-0.70234326518,0.669649343842,0.646590415701,0.666540066745,-0.179648385584,0.935128449467,0.78927527622,0.280456872303,0.496878756836,0.607382936206,0.674366544759,-0.916270082657,-1.73336337052,-1.73633659726,-0.600604235826,0.565346858684,-0.456296887445,0.324606806506,0.386087211165,0.748278062806,0.748278062806,-0.748278062806,0.337637593533,0.147622741096,0.175978951508,0.172402182067,0.165522996162,0.208621121868,0.000920250217552,0.622781474235,0.0956665723373,0.377674862626,1.00324031242,0.408483646296,-0.381378679513,-0.53751722375,0.362261820185,-1.68664556077,0.67152052436,0.141105230293,-1.56906489429,-1.57708815669,-0.999889884016,-1.56684132564,-0.217399958483,-1.50577915429,-1.52044208597,-0.381500717347,0.811160393296,-0.384636250004,1.40465474658,-0.244443191621,1.26342576204,0.903555754858,0.312417632519,0.514928185706,-0.502391948741,-0.401421775715,0.0847522558147,0.327889045311,0.170775189185,-1.0053289203,7237364563.04,01030318,-0.0625
81,600795.XSHG,600795,2011-05-31,0.662566712084,0.100806382096,-1.12888726962,0.431964736344,-0.151971002451,1.9481612637,0.171660902659,0.133983487345,-0.512995293775,-0.637457819593,-1.40674557424,2.42596852313,-0.145336580913,-0.913429390834,0.467526827256,-0.88945801564,-0.193513603063,-0.0721836512198,-0.19366577332,-2.17746875873,-0.596372183855,-1.76743221467,0.898287562044,1.01450986923,-1.38935715242,-0.206068833609,0.755637733296,-0.249999132644,0.271056432099,-1.71361924234,-1.70181565852,-1.72620418381,-1.68753073526,-1.70438789234,-0.139496506591,-0.879800188314,-1.01450986923,0.145372700612,1.17366520889,1.57404023261,0.459522132968,0.330238192693,1.05010577387,-0.433224940941,-0.630516145267,-2.23382759619,-1.4020934009,-0.49175713544,-0.264940868254,-0.353645663342,-0.0515602151775,1.80536347817,2.12850123388,-0.194897923873,-0.17058289224,-0.112066000091,-1.72172626347,-1.66476399784,-1.73800589123,-1.68260547527,-1.68617030302,-1.7984715278,-0.722197772208,0.372912967723,0.490275189408,-0.271433908574,-0.369695808218,-0.0531746279412,0.913429390834,-0.231421485824,-0.369695808218,-0.666775641987,-0.350532456385,-0.269081680257,-0.269081680257,-0.515474467018,-0.460643883593,-0.748393944608,-1.00814573712,-0.376250822591,-0.139504321065,-0.698104248955,-0.219638625114,-0.832318309536,0.160023516708,-0.226933489885,0.869720020071,-0.239815347312,-0.289239242771,0.213826846436,0.427624236663,-0.270990105249,-1.20822078797,-0.632442184965,0.630516145267,-0.175493591169,-0.201901123984,-0.47099697826,0.37268566634,0.472291548035,-0.356864568309,-0.414631103823,-0.224936604652,-0.56043841792,-0.875545105674,-0.700122537424,-0.972966685278,-0.476448663813,-0.884746426743,-0.291666065653,1.9716657364,0.680892305148,1.99262167259,0.913756912018,-0.676371678947,-0.889189612803,0.997562635535,1.28279183997,1.25625478562,-0.318700609444,-0.444410406171,1.58579134955,0.0751000929045,-0.209928728886,-0.534010618117,-0.263081615072,0.831606178857,-1.22146690297,0.569334640644,-0.159621924386,-1.38530842776,6.49572204731,0.414448256407,0.223665248957,-1.48356207428,-1.37431037878,0.715082382738,0.121307055459,1.00148866296,0.481656091437,-1.71641786375,-1.71091843845,0.638193435542,0.0837325896286,1.76678789823,0.529793922576,-0.212069212704,-0.641250388136,0.352934209266,0.790296295822,-0.208648297712,-1.44655439113,-1.16362384408,-1.13388450491,-1.24221922872,0.907236180654,0.24122833222,-1.41526470166,-1.12006409337,-0.82445058142,0.472555182802,-0.614420320396,5.48702298697,5.48425523699,5.46862336113,2.55357867223,0.454665387596,2.34084848596,-0.149063617187,-5.36094744978,-5.16177956964,4.08878334359,4.241833153,4.84111705285,3.76396029683,-3.20194171951,-1.60013354441,0.618991208402,-0.312675739095,0.415643357543,2.01705459918,5.32870791961,-3.70735924111,2.55197315055,3.52048374389,3.53520675307,3.51401787026,-0.29669480446,0.846984021329,-2.56274043524,-0.861705709855,0.516419057454,0.624368979964,-0.22951832735,-0.413483222363,0.73803653335,0.894831557393,-0.412778911168,0.416206276332,-0.281111475301,0.271296942825,0.375395792761,-0.775020628838,-0.775020628838,0.775020628838,0.442288183808,0.140855788084,5.29435282819,5.29063261025,5.28604504623,0.163257236961,-0.157362787201,-0.143552823482,0.0795531473653,0.366244043259,1.05063381518,0.43537945485,-0.518789107211,-0.570186171628,-1.22997674186,-0.516596555644,0.77705802544,0.128297593011,-1.71926339323,-1.72418117485,-1.24517220217,-1.71619800492,-0.531033448742,-1.64954117701,-1.65840615702,-0.738245038109,-0.191762406313,0.809118834302,-0.920323613854,-0.542759353241,-1.23734454759,1.17868110357,0.313257496368,-1.18829581317,0.488179446913,-0.692064128484,0.142943687893,0.234040615829,-0.621471346036,-0.138104790383,47723168829.0,01030318,-0.01279388
91,600982.XSHG,600982,2011-05-31,-0.0888700039787,0.203140302104,-0.925149385545,0.131024458535,-0.0848714894617,-1.32029877794,-0.744665305185,-0.502197100049,-1.56807846869,4.70640651703,0.210355123878,0.0140694114846,0.553028594419,3.87692399343,-0.676032416303,3.27663033404,-0.203052485293,-0.346759155283,-0.241170783318,-0.232950556663,-0.220774706601,-0.103678761761,-0.879221002793,-1.56645511599,-0.282125707018,1.27942736984,-0.437247001059,-0.481849665524,0.374227843364,0.436403244551,0.405044266085,0.434159889062,0.435041792357,0.435007160279,1.3318173067,3.36125982716,1.56645511599,0.50236954555,0.420475329962,0.310304245663,-1.27466171279,0.0109758802663,-1.95338592647,5.89035336703,-0.731521622487,-0.62422689659,0.229441581681,-0.532166094667,-0.353481370114,-0.173524489064,-0.108423067615,-1.33744486363,-1.00429135987,-1.44298740596,-0.107546098296,-1.05637198883,0.452035167883,0.440573736295,0.436496126953,0.40425512424,0.418373968039,-0.344694746855,0.206868302407,-0.622302089073,0.421040805266,0.0606350242045,-0.252634729444,-0.285598721577,-3.87692399343,0.00441399332789,-0.252634729444,0.276420699229,0.216391369094,-0.0040086086443,-0.0040086086443,-0.274931294235,-0.949628880709,-2.15356327355,-0.22993190079,-1.35901343117,-0.136226667063,-0.495172909156,1.0384656011,2.88285925545,0.130368393311,0.418764910122,1.0271965505,1.51819264344,1.11265033744,0.571578580595,0.345708866589,0.914686766413,0.911643749335,0.952040159183,0.731521622487,0.153823042569,0.279968268476,-0.616229451214,-0.466059398239,0.218207781941,2.66005935514,-0.244682290907,-0.0453643284933,-0.20760777221,-0.0912026151744,-0.31083026446,-0.260449160732,-0.236913606559,-0.0435036794063,-0.30072172864,-1.45723447908,-4.72105146629e-17,7.84378319481e-18,0.0,4.12252995105e-17,0.0,0.146710359971,1.10755179929e-16,0.0,4.76632262653e-17,0.63673608913,-0.58591530111,-2.44014685892,-2.6533563415,0.417962989498,0.157959045033,0.138601029809,1.23868218175,-0.878574405623,-1.09137464765,2.3423191632,-0.269544897193,-0.0647153588477,1.21018208993,0.47917779621,0.799597165837,0.650773862743,0.466621388694,1.76185934156,0.246499179649,0.584158007689,0.315650902833,0.415005921187,0.222823150711,0.770888020215,-0.372014089035,0.908345477699,0.46755111655,0.821083088701,-0.0661209152184,0.338406591008,-0.118105119671,0.411532525653,0.452530737737,-0.46548191652,1.53045909539,0.208990444504,0.286607903688,0.452730014503,0.694149887445,-0.29150132039,-0.0344739550875,-0.651855218233,-0.655167252487,-0.653051755354,-0.955912741695,-0.611880634914,-0.928099612008,-0.746420611119,0.173537797316,0.289557837771,-0.742727221471,-0.732356022493,-0.664596338513,-0.741915073438,0.479754092208,0.848032737667,-0.638280840459,-0.0855253610196,-0.427032956613,-0.71049397993,-0.685444699931,0.484237215356,-0.956430733475,-0.640740497231,-0.641602109822,-0.644342037198,0.141940215241,-0.901937062801,0.41421998351,1.35954610869,-0.802013975522,-1.45415826971,1.12990171472,0.148277156725,-1.64937070144,-1.56880544336,-0.037128261851,0.416206276332,0.419630173275,-0.00765001829638,-0.0343455936273,0.455548437508,0.455548437508,-0.455548437508,0.00545349607402,0.120178987214,-0.743446898862,-0.745493491712,-0.743964845707,-0.063562187573,0.139417907959,-0.0737800065023,0.140215453142,-0.129726508165,0.432108440089,-0.32014825816,1.4660919998,-0.442070558887,0.443579613004,-0.673343627005,-0.135317699548,-0.204576630313,0.436617998102,0.432909044073,0.352666898928,0.42433329588,-1.08149222756,0.423415213553,0.458182930821,-0.672604083089,-0.217233709256,0.339827404918,-0.57014987109,0.337557407021,0.334604974328,-0.376981582462,0.453514759026,1.70770584853,-0.508818003485,0.240285463658,0.362681483653,0.742219877599,0.963021724406,0.550083857282,2036160000.0,01030318,0.02665058
170,600758.XSHG,600758,2011-05-31,0.0443754103167,0.158423069567,1.04495751234,0.265972985308,-0.131206292938,-1.69003670502,-0.571016787553,-0.502197100049,-1.03293400387,-0.379431682731,-0.154445370311,-0.82004569796,-1.3092785398,-0.610151063823,0.264799077938,-0.225000404289,5.33903809017,4.17179859636,5.44992941451,-1.55680689316,-2.49503466062,0.993206361474,-0.74356758494,-0.819914723733,0.596438374658,0.336420067416,-0.802768617383,-0.516583827753,0.250796517827,0.587258549962,0.20457449838,0.427420205839,0.695141201792,0.244441024001,0.391474327515,-0.277982469923,0.819914723733,-0.524914461536,-0.696422209138,-0.493891382396,-1.0790920731,-0.69751239048,1.12413549888,-0.355750603808,0.0278103339169,0.534283521077,0.805277457885,-0.231624460417,-0.2424095375,-0.38056258344,0.23589581293,-1.05169878437,-1.32144535127,-1.44298740596,-0.557092997566,-0.203646092769,0.567655729755,0.144014144903,0.314458231988,0.796176328898,0.174669467859,1.23640372617,2.03806811454,-0.629029650063,-0.387491590397,-0.303712603438,-0.353216335963,-0.218956557836,0.610151063823,-0.277863080889,-0.353216335963,-1.59627788835e-16,-0.365890392822,-0.141708905586,-0.141708905586,-0.659192499853,-0.639040124133,-0.727799994746,3.18602167084,6.09287285724,-0.0200266163793,1.42901230046,2.29656982731,-0.180097412589,2.45573910378,2.04220889304,-0.387377110726,-0.170503204307,0.249709418065,-0.29227981852,0.419822772846,2.12467621613,0.926628998651,0.881088901205,-0.0278103339169,-0.80786669604,-0.303008207299,-0.144223914114,-0.589826313243,-0.379086542808,-0.0699843871005,-0.301771892139,-0.235027571556,5.11338968625,1.64676491773,4.14719415174,1.66395714488,5.20596702214,2.43594862853,1.75776348802,2.61908769754e-15,-4.72105146629e-17,7.84378319481e-18,0.0,4.12252995105e-17,0.0,0.0,1.10755179929e-16,0.0,4.76632262653e-17,0.0,-1.78049681352,-1.33183027969,-0.691850437949,-0.453700087433,-0.329724906495,-2.63341956638,1.78210455279,3.27315136573,2.8848471479,-0.44046044461,-0.225696378434,1.54174031491,1.86325474507,0.934251555334,1.38138704397,1.69881548909,2.29759921765,-1.1854994314,2.41706736629,0.0452020591652,0.50720468749,1.74084371112,2.36543220964,-0.561860917108,2.56771040527,1.7429651836,2.18234856815,0.727349865803,1.69182317794,1.9622121744,0.275439983172,1.37104139041,1.6103276171,0.975316240827,0.479961124989,2.47120084113,0.479887189194,1.8029357518,1.83229297219,1.86099103506,0.142031460441,-0.603686155172,-0.603539162364,-0.62048212892,0.502865052807,2.95159337941,1.57727194216,3.06834282788,1.61391035605,1.7898866519,0.889707392347,0.692156047756,0.0408180353148,1.46657841326,1.68851665565,1.69045214427,1.78184251633,3.29174788109,1.09935264448,1.65444001875,0.41077547802,1.35606950662,0.502827111907,-0.646544091659,-0.666971119842,-0.638383693501,2.28719064405,0.72332913891,0.732691902505,2.505410262,0.609543911726,0.622995856666,2.94744070565,0.512351865712,-0.295547803638,-1.01957284358,1.55938699774,-1.07519954719,1.64592805828,1.93010153829,2.04036749119,1.94902184657,1.94902184657,-1.94902184657,1.96780029403,2.00468141561,-0.578854020246,-0.57777639183,-0.610068370201,2.34072371249,2.43452195053,2.10470510934,2.02548617487,2.0306983522,-1.91828798527,2.08030265526,2.62274272418,-0.545784467703,1.49132971542,-0.184588979295,1.57060335799,1.42814843109,0.545994171241,0.37200003799,2.83118632329,0.563067883504,-1.95518552186,0.823994365159,0.701196648789,-1.69146586319,2.01938077991,1.96066310055,1.10662423896,2.23068404411,1.13003023446,0.442689099298,1.39029889537,2.11397946294,-0.523133276207,0.346812328691,2.52705534544,2.09004306697,0.963021724406,-0.435895745389,2712323785.6,01030318,-0.02986217
201,600101.XSHG,600101,2011-05-31,-0.255307611529,0.395660942772,1.06802217847,-0.451683520762,-0.234814785436,-0.736617539957,-0.657960065229,-0.502197100049,-0.0990063585696,-0.293193736136,2.70060110252,-0.38791377379,-0.772074558775,-0.678027641773,0.177834859854,-0.549385894256,-0.470141187725,-0.484046907314,-0.338556053815,2.77907270767,1.28620966697,1.16150070381,-0.7324748273,-0.839607635759,1.73977519328,0.0247775072525,2.26650157645,-0.114970076979,1.21171103875,1.7079252583,1.3848154155,1.81250787605,1.59810608594,1.66848474317,0.0867195083965,-0.0335845842847,0.839607635759,-0.660368576395,-0.0778328028672,-0.00152671215578,-0.925430213354,-0.392804068824,0.35792784504,-0.319179492782,0.277816798808,1.19709723617,0.632526695024,0.153102505556,-0.118199511002,-0.473586124166,0.433609319547,-0.381171896839,-0.0204374460304,-0.910208467501,-0.209233902773,-0.730686493679,1.72915024803,1.2771800657,1.90433949158,1.58977086894,1.66803425791,-0.362336862964,-0.980150876377,-0.597479708869,-0.339248482298,-0.26176517509,0.206517463027,-0.104958357969,0.678027641773,-0.237220718918,0.206517463027,-0.321703809835,-0.125242727361,0.303063053535,0.303063053535,-1.0486640269,-0.0205149487833,0.00880146190507,0.33778540187,0.0982730779577,-0.125853957156,0.290887004158,-0.848313382423,-0.615120228366,-0.56908348266,-1.03911538049,-1.19105043841,0.465908290554,-0.0213225674422,0.203009299398,0.0430120705084,-1.04664484791,2.31514027059,2.1820534655,-0.277816798808,0.588180326723,-0.207160240454,1.16286834247,-0.502651355719,-0.332482577421,-0.25598830281,0.0288857982342,-0.218131068834,-0.389211781032,-0.0122040909514,-0.348503710231,0.0805848681111,-0.29126189686,-0.0822451217179,-0.487389357837,1.65673062889,1.23743923509,0.263761934414,2.33012930524,5.41483520624,2.44913523712,-0.912598290711,-1.23274112515,-2.29918328689,-0.00800738760447,-0.148989833063,-1.05797023307,-0.447474045488,-0.228247390342,-0.126581584405,-0.489833172772,0.831606178857,1.13657776966,-0.63310430294,-0.532728564389,-0.0233707492758,-0.129421301053,-1.98072491594,-0.460026021227,2.00821063267,1.50972768375,-1.04503420249,-0.964877528743,-0.834485612582,-0.521145532449,1.81959824746,1.92016605469,-0.659805505268,-0.83582749983,-0.521656312102,0.417108843574,-0.596500348542,-0.596062321542,-0.397306711431,-0.94892018842,-0.892616397268,2.76120365553,1.48333336334,0.914293579019,1.50948615869,-0.612151470532,-0.551379045075,2.41126690226,0.801960468271,-0.51590565985,-0.554256734874,2.87322052178,-0.20813212408,-0.208115737756,-0.209847907621,-0.307715099516,-0.341276395784,-0.459553371699,-0.315896585743,-0.00972819765682,0.137811910205,-0.645411251155,-0.631057625005,-0.540881429772,-0.640946184701,0.446184952272,-0.905209190197,-0.646079603721,-0.228474209333,2.17231385093,-0.673673518855,-0.58412638346,0.22428903417,-0.306638673452,-0.221189364604,-0.223181784704,-0.222743054532,-0.719142963467,-1.86304640917,0.230979493209,-0.449848453215,-2.1225960436,-1.69127632066,-0.171917140412,0.439167501518,-0.58158271027,-0.381344437357,-0.318866248838,0.565346858684,0.0692593489872,-0.595711537816,-1.30402376837,-0.527581247454,-0.527581247454,0.527581247454,-1.21248074613,-1.40153957137,-0.358714050571,-0.358262880479,-0.357222219049,-0.891453087124,-0.790494936877,-0.211677842509,-1.33748040165,-1.53508224479,-2.27896057413,-1.35319181397,0.391069640181,0.830844993104,0.798929533307,0.697884690183,-1.97134796643,-1.5059196203,1.74104868299,1.82113170143,1.52028860073,1.72739779025,1.20995245637,1.46754618562,1.50196068562,1.13680311182,0.00539774036385,-0.435768193753,0.364180836407,-0.732708908684,-0.789658073738,-3.15824105999,-1.52100514821,1.17642496814,0.425530356279,-0.59694931142,-0.927952368121,-1.2405777921,0.170775189185,0.372348004241,5316535222.8,01030318,0.01646341
231,600323.XSHG,600323,2011-05-31,-1.93108715688,0.0351058276951,-0.00256274068018,-1.03843330986,-0.208692825653,-0.560170779159,-0.474730529319,-0.502197100049,-0.14413311454,-0.763857616916,0.873133769357,0.586895450501,0.588842193154,-0.323480835672,-1.0934606631,0.227804747351,-0.559170755203,-0.9138172615,-0.462069079811,0.354364801688,1.37580172577,-0.694322276022,-0.681075560985,-0.696983212298,-1.38935715242,0.934312090248,-0.865129568816,4.41696973987,0.638047161817,0.964587890508,1.29342725076,0.966311087485,1.00045128121,1.1135955531,1.04374061202,0.179901315818,0.696983212298,-0.916707963536,3.3816857285,1.52070072667,-0.183063825988,-0.311465919375,-0.26127792628,-0.450553401263,1.13457247792,-0.323290622152,-0.768673937072,1.45629144062,-0.361713954737,-0.14595494699,-2.19844396064,-0.696708100823,-0.345074385511,0.408997224393,0.602926076763,0.0917148683848,0.936953733634,1.33994400039,0.913605054572,0.994652456389,1.12140546549,-0.492191584679,0.012572973224,-0.390665204642,0.409256229242,1.13954668127,4.40139553831,-0.194305879253,0.323480835672,0.909619389425,4.40139553831,-1.59627788835e-16,-0.0736496596449,1.00671157091,1.00671157091,0.250876976956,-0.373435016674,-0.0518771403653,-0.650085858946,0.0966608468014,-0.15064954292,0.241262196948,2.29656982731,0.370104304858,0.598714824882,0.15846199388,1.48333546621,3.20688849119,2.65784418585,2.73354262418,1.10479129594,1.03545093587,-0.596749517124,0.527194367487,-1.13457247792,-0.990978100144,6.29145712869,-0.316687475746,-0.320050313002,-0.239932894745,-0.830599941728,4.80296245156,0.57306331607,-0.454070355611,0.00472416423925,-0.63733346114,0.403349216837,-0.389893979259,-0.39217666021,-0.418359290401,1.99761544563,1.52523795314,1.3609229221,0.22770153405,-0.299700119307,-0.147339646154,-0.909192935692,-0.9997031728,-0.75849345547,-0.478941379172,-0.00576498976555,-0.207826919158,-0.547969072102,-2.39548595332,0.282806242738,1.09959438522,0.831606178857,-0.731932971655,-1.62227590484,1.42608129563,0.258655663832,-0.255285392037,0.933595914927,-0.213210112111,-0.441090802348,-0.442500573973,0.966318625318,0.682416340251,0.38392306189,-0.442559131588,1.31068156957,0.595104620805,0.246656067381,-0.161220816789,-1.0388135095,-0.647337257639,1.43301318966,1.19628492976,1.66758088465,1.30112354344,0.130391975444,-0.422885257214,-0.472307458381,-0.507905840786,-1.015822994,1.81234934408,0.718126740159,-0.651911086188,-0.62483858803,-0.159262649502,1.09294789799,-1.39608716059,-0.530062446401,-0.532059105927,-0.533784152436,-1.01847583557,-0.63292847824,-1.04312950382,-0.757800551537,0.160457187032,0.288853050949,-0.809527944918,-0.796282275526,-0.715213941762,-0.812342765653,0.50845594109,0.179537246669,0.775802055435,-0.113345350252,0.794434941668,-0.785380716268,-0.742416705708,0.511522135686,-1.01790685431,-0.62202312761,-0.624339195406,-0.625221075529,0.29132181536,1.12593409531,0.509511770364,0.282682174449,0.139979742687,0.445252674233,-0.28041450124,-0.878836272924,0.252170494965,2.14448198112,-0.788429560484,-0.180356053077,-1.68259477245,-1.29700486081,-0.488586397155,0.433455635599,0.433455635599,-0.433455635599,0.426501657088,0.178825913318,-0.690360260169,-0.691747533614,-0.691349265928,0.809692596885,-0.0584358888146,0.654306134346,0.114623542893,0.447529869869,1.15024049897,0.42070901382,0.137661009932,-1.89467865847,-2.23986548186,-0.122877533877,1.26137579439,0.501832956055,0.959367909531,0.984801484465,-1.13109645738,0.974979649974,-0.77425942078,1.04009249394,1.05403830517,-0.98653908536,-1.19675114968,-1.37716632579,-0.479544324291,-0.286881527032,-0.425591199886,0.636460178229,0.216505181049,-1.12579218018,1.09402788817,-0.710117561011,0.652770115209,-0.276135421037,0.963021724406,-0.415469112475,3873567707.51,01030318,-0.02869139
263,600719.XSHG,600719,2011-05-31,-0.683908973819,-0.072264254168,0.556755412769,2.26175534942,-0.182524682678,-1.05169182167,-0.854341185238,-0.502197100049,0.754968447346,-0.797417519578,0.0841351428489,-0.689401162746,-0.52137936763,1.05715764348,-0.970254612739,-0.214932864723,-0.244387641622,-0.925755326894,-0.0820289998231,0.629890317565,-1.13851900118,1.82482835381,-0.703896157809,-0.660581162795,1.36668633668,1.24826311382,-0.61074628178,-0.762762202553,-0.0958241893896,0.136507865396,0.0958280890982,0.127185054296,0.127978989139,0.111747617534,1.37457395297,0.0251803882173,0.660581162795,-0.388978732047,-0.908346357582,-0.641600783468,0.152198413467,-1.07276651766,0.0247940825028,-0.126752985728,-0.886969768279,0.402349037503,1.78419844743,-0.564998374039,-0.11262832989,-0.4764008678,0.248089597479,-1.30865106416,-0.974667085951,-1.41928200269,-0.124535338637,-1.7847672955,0.161430297191,0.126292563344,0.103676275537,0.141996723678,0.130193285051,-0.162934177962,1.0366462728,-0.688881744388,-0.517306060664,-0.55920516702,-0.837371865649,-0.766856825602,-1.05715764348,-0.482817047186,-0.837371865649,-0.772597670514,-0.644692931616,-1.19649318016,-1.19649318016,-1.00784984235,4.46655100382,0.290129526977,-0.529913435821,-0.361250680731,-1.16331344828,-0.298713564019,1.0384656011,-0.159668510552,-0.146753621876,0.313907904992,-0.547568753743,-0.855223162475,-0.762766389864,-0.789886982232,-0.347061120317,0.78820448191,0.562231594565,0.0437491562466,0.886969768279,-0.418222661725,-0.38601573393,-0.815924101525,-0.52148545148,-0.671480348245,-0.0146514144639,-0.741658819552,-0.358434621072,0.490270490259,1.50005337275,0.46356834305,0.93925983359,0.465588368077,1.41760214491,-0.369405109006,2.61908769754e-15,-4.72105146629e-17,7.84378319481e-18,0.0,4.12252995105e-17,0.0,0.0,1.10755179929e-16,0.0,4.76632262653e-17,0.0,-0.638930212769,1.41024830363,2.00240192383,-0.71813720066,-0.858911490742,-1.24740926829,0.687885603182,-0.559584791988,-0.561928214477,1.01608103068,-0.22354916644,-0.053751992146,0.286769467778,0.756195512843,0.914378475126,-0.815799782949,-0.0730250304875,-1.37916222798,-0.329667250932,0.185576829311,0.0401101890799,-1.04605273606,-0.300010975881,-0.763851366549,0.0460394207266,-0.115759291902,0.381263226191,-0.727024165018,-0.349550697949,0.233957716733,0.846591604162,0.801263601806,0.393021334048,-0.357500302266,1.19645683866,-0.0922670579461,0.878328999761,0.937840524282,0.677169121911,-0.485324210964,0.0478067649334,-0.568772002769,-0.567739176075,-0.568664332926,-0.520670095569,-0.0505743227243,-0.614276182934,0.742283006401,0.294146473282,0.475077281035,-0.29903565763,-0.332197072974,-0.399289742805,-0.173732455313,0.764896270469,1.02148462239,0.114021287138,-0.0337890615326,0.275961007517,-0.198125126609,-0.509823996348,0.536879317079,-0.522581219006,-0.414658902636,-0.409909469084,-0.409654626783,0.426838598493,-0.048762318988,-0.153606749739,0.354349585589,0.313136255908,0.398032489716,1.02714845742,-0.25263551942,-2.07731750849,-1.4807456959,0.244609725136,0.565346858684,1.12037182185,0.214681041086,0.126025682427,0.682551977126,0.682551977126,-0.682551977126,-0.152708231721,0.457022870479,-0.52778009276,-0.522952829057,-0.520975894414,0.0952114096011,0.35705708441,-0.025115842134,0.481440923138,0.175095341622,-0.201679249457,-0.0927564222057,0.154225617585,-0.322328864214,1.07620091069,-0.129048678418,-0.617352850792,0.419764600659,0.13505260423,0.122796935197,0.320351926854,0.130631262729,0.553882400216,0.124298229263,0.0813527958426,0.879947200868,0.134924239167,-0.0321116310271,0.207541499921,0.485011620334,0.303730045097,-0.867854228434,-0.38920462631,0.988914069186,-0.620314996411,3.98940669999,0.0456684581499,0.00241470476649,0.963021724406,1.28078934502,2095825928.0,01030318,0.06853195
264,600780.XSHG,600780,2011-05-31,0.268294574269,0.124817656152,-0.28894901169,0.358413121873,-0.14489704363,-0.746556384567,-0.841963223734,-0.502197100049,-0.134813458416,-0.499367072573,-1.48247756286,-0.82004569796,-1.02276974992,-0.356697033393,1.97682116845,-0.405279601167,0.811248658467,1.6886809944,0.347891340664,-0.641028438725,-1.38317423866,0.608218193898,-0.904835958412,-1.67983854887,0.307595388902,-0.844358966092,0.0190375841835,-0.884765947383,-0.522713796085,-0.818327876279,-0.975259397829,-0.860143065749,-0.809320073494,-0.940851673179,-0.825725517202,0.0316203852038,1.67983854887,0.0787894779306,-0.879707959144,-0.379006292673,-1.0292018589,-0.172897000063,1.05169212512,0.231301362999,-1.22222199054,-0.906315387659,0.382997815335,-0.506068641833,-0.353203827536,-0.174403785084,-0.296742383075,-0.295089395973,0.0681278573203,-1.44298740596,-0.134017250679,-1.68954825874,-0.781843751379,-0.988713351352,-0.883195602858,-0.796091489187,-0.962595894645,2.34137969346,0.727820394136,-0.682734145552,-0.501470536631,-0.487329289794,-0.818619362738,3.95111358551,0.356697033393,-0.425779322518,-0.818619362738,-0.767996712752,-0.263824106922,-0.851553936319,-0.851553936319,-0.821580851155,-0.256042545572,1.44008097728,-0.0502426616248,-0.260364309962,6.5312184345,-0.386410018914,1.0384656011,-0.446299792511,-0.462734074617,1.03227036996,-0.821795125688,-0.825818010897,-0.223817729028,-0.766706524295,-0.074790033121,1.06030809631,-0.0463157251956,-0.475602562067,1.22222199054,0.120465538721,-0.360881255214,-0.570844303416,0.250533102401,-0.390935008584,1.89305922674,-0.723178948633,-0.203972425348,0.422817572697,-0.520051746671,0.798443416567,-0.540584255852,0.109305131657,-0.126521055788,2.33424261718,-1.3487175132,-4.72105146629e-17,7.84378319481e-18,-0.273930355217,-0.221870506826,0.223585337171,0.630514012372,-0.476165855186,-0.521464250635,0.925725129794,3.03536553822,-1.16653969287,0.821634576323,2.28422748469,-0.455658880865,-0.949873606557,-1.24740926829,0.615845267982,0.376725673936,1.06858835741,-0.782581093421,0.0518812096724,-0.0169924684993,1.26320456965,-0.268282727425,-0.154285967681,-0.820685826097,0.351748860259,-0.727833047247,1.18032595992,-0.954137173712,-0.808379939298,-0.221568341703,1.10563209024,-0.00663345068043,1.41087778288,0.316382766029,0.719246775461,-0.553739053958,-0.948769679508,0.670207013534,-0.477530470969,0.0314922346518,0.222779242482,-0.340285842022,0.916579246086,-0.918223974258,-0.194631181395,0.212542721003,0.978110715629,-2.13542821392,0.414088679865,0.0880618971187,0.0848590829526,0.0750499620729,1.37072367266,0.782828642007,1.25531329071,0.575627028413,1.83418613476,0.770509075289,1.4823322941,1.42010176511,0.909619107312,1.37396279858,-1.96184258602,1.26180187167,0.235737699489,-0.286688698735,-0.607958812486,1.15670282554,1.10965347488,0.216281503204,1.35969691095,0.293105553776,0.275248321238,0.305882288423,1.17578922675,0.0181886950086,-0.123534653032,-0.169791304883,0.495366472878,0.553856555803,1.9013305488,0.576315566067,-1.24733101002,-1.07632141854,1.27764901076,-1.52262129425,0.594815585419,1.17136580404,0.811432289277,1.85347047832,1.85347047832,-1.85347047832,-0.366752781802,0.80918638348,0.32429937012,0.333696996041,0.341176040935,-0.0975851012532,1.16825765118,0.532501390757,0.962947975243,0.473566736205,-0.23140059865,-0.049356367494,-0.00632012205025,0.467619629753,0.796026828856,-0.383299833541,0.0386983327678,0.283419219309,-0.826680378376,-0.880334227472,-0.313099393195,-0.829121474713,0.0258260135548,-0.797148790727,-0.831785984509,0.88565511,1.27635816348,0.871060939916,1.00102008762,0.654980320695,1.58276357175,0.595043459069,0.334590038113,0.629518179515,-0.468541469598,-0.22978143278,0.030903467921,0.697292437953,2.11574043315,0.505520829623,5796328093.92,01030318,0.02409639
279,600864.XSHG,600864,2011-05-31,0.193195251025,0.133150903215,1.46973178008,-0.89031854429,-0.2118794659,-0.457813587269,-0.702711156819,-0.502197100049,0.101120993994,-0.0571740928233,-1.13104153725,-0.257269238576,-0.718354160673,-0.104687185472,-0.81315274156,-0.0878009115994,0.506004427116,0.667976403211,0.426274607161,-0.0437091282091,0.195024335498,-0.248028096758,-0.806864045518,-1.17498389511,-0.246020333799,-0.159899565437,-1.20904095445,1.12200027541,0.313117775859,-0.185934601838,-0.349716149194,-0.242125938273,-0.168951629939,-0.342794929553,-0.106746734984,2.69472013906,1.17498389511,-0.975705755785,0.844323626851,0.786256760229,-1.09106572451,-0.181659248866,-1.89204701146,0.0594272158607,-0.131219566386,0.0687432718953,-0.42317241135,-0.262773033154,-0.0137595317739,-0.515872042692,-0.300381854484,-0.460080855966,-0.101622307435,-1.25927053063,-0.562071815985,-0.885948107756,-0.174450399677,-0.399101564917,-0.265660157654,-0.133685759029,-0.389245704535,0.20248015144,1.28862081731,-0.556882358067,-0.553764592739,-0.115365675161,1.26063542965,0.203709192519,0.104687185472,-0.12765578421,1.26063542965,-0.317102852073,-0.301539039369,1.33856928654,1.33856928654,-0.761227961232,-0.0608304833687,-0.161466373557,-0.790456838974,-0.0290884484961,-0.141158975664,0.22260653325,1.0384656011,-0.01716751904,0.322615400157,0.480391395592,-0.618161681175,0.852375997005,0.981807309952,0.261733126172,0.389397063962,0.656778599529,-0.631105942383,-0.239768623607,0.131219566386,-0.270597963843,-0.227855205267,0.046393706638,0.125331208672,-0.377375097751,-0.767605480572,0.992479067586,-0.141408430544,0.124468129634,-0.627264029545,0.00311511696295,-0.680651803413,0.137485726628,-0.436452594281,0.0141930701888,0.120979655187,-4.72105146629e-17,7.84378319481e-18,0.552286874164,4.12252995105e-17,0.223585337171,-0.986056663273,1.10755179929e-16,0.0,-0.360279493699,-0.79087223013,0.0626443666709,-0.0971770955766,-0.760897700359,0.498273520181,-0.113843975367,0.138601029809,0.605067580039,-0.40282418186,0.306153049574,-0.34407167051,-0.000678649022647,0.115212835844,1.78222743451,0.115943469529,0.397231916789,-0.951350908124,0.0794264461338,-2.77403338487,0.740616037304,-0.180119828756,-0.322780191769,-3.01228276019,-0.0747228012514,-2.08143221894,0.885228923731,0.461053097792,1.32151076659,-0.529701833678,-1.53609845701,0.574350287275,-0.513028798335,0.240732437369,-0.504139422832,-0.497824235765,-0.119208575888,-0.12116999176,-0.0860761822243,0.282763008124,0.927515731532,-0.442341049367,0.00799351331036,-0.384121775049,-0.374368990773,-0.382325993209,-0.0218027380731,0.542441762576,-0.253588455119,1.04914040344,0.844845963184,0.938824723986,0.331958568347,0.236457778988,-0.0792225079749,0.660905829688,0.88961013055,1.21055002351,0.170840848053,-0.208989012519,0.201210061801,0.170363674589,-0.240372416081,0.420176967625,-0.0239663994353,-0.535954544561,-0.523009836195,-0.527358690749,0.947959162481,-0.513389472286,-0.439234093009,0.535274774481,0.422498264257,0.405508383226,0.38750302471,1.25285012104,-0.809717952876,-0.606419816341,2.21677563405,-2.41746478836,1.295557234,1.22136962967,0.905632354131,0.79356830672,0.79356830672,-0.79356830672,-0.076888434376,0.724787441747,-0.290851953623,-0.275618760413,-0.27397573068,0.560191229897,1.12868689183,0.0433218976721,0.828353484301,0.54723201657,-0.0040724413099,0.37058500697,-3.35239384239,-0.938238538707,0.070182443286,-1.81006845161,-1.65178148733,0.233991687082,-0.197821033664,-0.268495862081,-0.17722077568,-0.193522365009,0.841913156576,-0.145309456129,-0.197801299386,1.03120679287,1.15827981702,1.49947015206,0.327690055122,1.00567932319,1.9878980598,-0.616606886178,-0.307233914721,1.04100043001,0.123120220031,-0.609471879647,0.0743299097707,0.905955435419,0.434593285414,0.880803637427,4911939982.04,01030318,0.04560623
280,600868.XSHG,600868,2011-05-31,0.0479674895035,0.157604971041,0.387614527877,0.0962299837593,-0.058197663859,-0.446842135427,-0.521147884957,-0.502197100049,0.149190799267,-0.513258671626,-0.939484154277,-0.82004569796,-1.3092785398,-1.37845615892,1.10523746088,-0.73610363388,0.0449584526796,1.01418029964,-0.110532005822,-0.927391569447,-0.410296369436,-0.619260621823,-0.761138174331,-0.958958617735,-0.029388094481,-0.80626931985,0.826642777007,-0.12278526348,2.13926276607,-1.58256429288,-1.59249463149,-1.5715934859,-1.57031433012,-1.55606445577,-0.787214211701,-0.324672448075,0.958958617735,-1.05047642719,-0.756562845859,-1.77403952502,1.47728250274,-0.172852218553,1.50803250142,-0.641569452243,-0.146262935334,-1.80346987596,-0.787868466278,-0.0531515571649,-0.150344068121,-0.455648983537,-0.0838488589579,-0.150721868479,0.216659251481,0.361586417856,-0.383388279011,0.0717006759452,-1.5983739471,-1.56782602371,-1.57902487427,-1.56341011711,-1.53416168424,2.547136213,-1.27324177288,-0.486590944964,-0.478637920584,-0.448059356873,-0.566312959944,-0.610956649213,1.37845615892,-0.398859425687,-0.566312959944,-0.606963191081,-0.455358371488,-0.762048743307,-0.762048743307,0.309493093068,0.140163675242,0.462971606171,-0.219203290447,0.284430141513,0.0492924482281,0.964456603369,-0.848313382423,-0.775042185419,-0.295029238858,-0.88550906596,0.0388955664559,-0.678792253008,-1.47928773086,-0.662394463579,-0.887702562802,-0.909519003228,-0.357351021962,-0.285728952662,0.146262935334,-0.122263531836,-0.162343916765,0.336858652546,-0.396462930092,-0.509156367109,-0.982127159102,-0.495810536789,-0.295213540051,0.0622038980381,0.0555089298112,0.752398093959,-0.242179480615,-0.0738687356551,0.65937677396,1.23189083609,2.61908769754e-15,-4.72105146629e-17,7.84378319481e-18,0.0,4.12252995105e-17,0.0,0.0,1.10755179929e-16,0.0,4.76632262653e-17,0.0,-0.885592406536,-0.740345265906,0.102897643663,1.96932738709,-0.86761546322,0.138601029809,-1.06433955769,-1.08333535761,0.28871436966,-1.21514059201,0.957676825066,0.204854481228,-1.4028553261,-1.1147049252,-1.06906777606,0.0411595212507,-0.687526412159,-0.137235840001,-0.300481242885,-1.61858504792,-1.51031583154,-0.882085778915,-0.14515596945,-1.94052191039,0.390070358369,-0.369484106653,-0.62545902182,0.220823282104,0.514886487978,-0.965723249819,-0.914845356098,-1.10749804675,-0.922965099427,-0.82281237915,-0.536035578447,-0.253456496527,-1.04206674593,-1.02031737411,-1.27080347359,0.767421121042,1.10020371617,2.45550181907,2.45656447033,2.5020150154,1.90103876031,0.571673808476,0.754181415345,0.463437132208,-1.43162818231,-2.01009325209,3.2655257248,3.28403852336,3.18273075515,3.17640152791,-2.79491639987,-0.366782539259,-1.60226368519,-0.258613499279,0.475341014301,1.04179745206,1.77454751117,-3.57409810848,1.90611784122,4.22456827561,4.24592151889,4.22711987328,-0.955268793842,0.870854077785,-2.23014038833,-0.537685468549,0.511802611687,0.622105869343,-0.746850655788,0.388059104704,1.58758055605,0.959794049809,-1.35190553446,0.565346858684,-1.8577801846,-0.0473224749892,0.0586986422098,-0.952867684207,-0.952867684207,0.952867684207,0.285386413545,-0.142698340212,2.55632303288,2.56196335424,2.56549129567,-0.381109381921,-1.30491480849,0.14549739849,-0.207644956548,0.153503793929,0.862666363532,0.296010265071,-0.76075644119,0.863353929809,-1.11954776816,2.83310070165,0.831706578798,-0.232305786758,-1.58232261225,-1.56353455217,-1.21869728529,-1.5788301424,0.723500512295,-1.54522867969,-1.55051864154,-0.0475880331138,0.937283286921,-2.44054744555,3.25803305772,-0.982553523777,-1.06090224368,0.65716853781,0.0668414432904,0.186784112529,-0.335868154732,-0.54771672492,-0.683895764926,-1.98737167776,-0.621471346036,0.183960390898,6700464836.87,01030318,0.00566572
287,600979.XSHG,600979,2011-05-31,-0.628383719005,-0.101894400096,1.29866883968,-0.153916627418,-0.352342145604,-0.565850118936,0.0164007989922,-0.502197100049,-0.496318014395,1.02554538979,1.57006605676,-0.679351583114,-0.30649777522,-0.0642500752038,-0.597076995978,-0.0447212074103,-0.460602305496,0.524719618482,-0.564204851308,0.466909263544,-1.3544588352,1.28733935937,-0.102643290475,0.290646163551,1.7758805665,-0.558109503424,-0.382295271578,-0.411078809982,0.329854226779,-0.62758524344,-0.878316594839,-0.63023709983,-0.643843739162,-0.73030869369,-0.540377970147,-0.573256331755,-0.290646163551,-0.370797779742,-0.473042701318,-0.0794844516105,-0.214993563079,2.53042841806,0.722259848832,-0.357362553606,0.819378080923,-0.562029211476,1.43869692171,-0.349483924829,-0.33626489134,-0.222804920975,-0.511502302786,-0.586115999016,-0.457011088357,0.457000666012,-2.06403926743,0.624820176094,-0.613002155488,-0.889421729677,-0.604498965442,-0.64017661681,-0.719493629638,0.511110881144,0.115361233319,-0.349603884116,1.9425400504,-0.17730506936,-0.388448311128,-0.138792622691,0.0642500752038,-0.171686998441,-0.388448311128,2.27783732571,-0.235267943861,-0.246361131261,-0.246361131261,0.0763312089805,-0.195940570986,-0.458607650129,0.84604582486,0.269299790089,-0.0884895599789,0.0862124910115,-0.219638625114,0.0699373086653,-0.938238639422,0.506145747729,-1.05529480873,-0.174703940247,-0.14905028475,-0.0991093357124,0.193580322167,0.143927214306,2.28005285755,2.02952262345,-0.819378080923,-0.753926902583,-0.0854264925401,0.355012711665,-0.397897908817,1.24849770601,-0.267906173839,-0.37734136429,-0.171822135445,0.0596095550549,0.947063703185,1.0705294138,0.512967297537,-0.140294423801,1.72753368341,1.33855243272,-1.45723447908,-4.72105146629e-17,7.84378319481e-18,0.0,4.12252995105e-17,0.223585337171,-0.914787447509,1.10755179929e-16,0.959968279579,4.76632262653e-17,-0.531953884903,-0.477980750427,-0.740345265906,-0.207110473278,-0.326378514398,0.115111592532,0.138601029809,1.45934116122,0.394346052594,0.0167926282236,-0.633832985242,-0.180979607845,-0.487127428824,1.30502511704,0.0173566502129,-0.137257971248,-0.840551833866,-0.547949625566,-0.584815620162,0.393621253749,-0.62816457845,-0.571846986353,-0.764224290507,-0.300889984661,-0.807971568899,0.830637353523,-0.369815478525,-0.107224423537,-0.643152511565,-0.786671581192,0.426131134349,-0.241372774245,0.320681414864,-0.1636552397,-0.21039491473,-0.0074075014725,-0.952685164576,-0.130654388985,0.165592770497,0.806050222402,-1.09578658359,2.7657247424,0.0637823630106,0.0638701811333,0.0623714828489,0.629067521273,-0.172579119039,0.605546415832,0.0624788280981,-0.601240410798,-0.75720928338,0.0842675766162,0.14866062821,0.333683721732,-0.132975125006,-0.906692929857,-1.22577655608,0.237687390305,-0.405435733325,-0.564617511793,-0.0800343996417,0.40153199752,-0.018606071809,0.628141209127,0.037204607991,0.0303504094366,0.0394562832568,-0.186132764898,0.0586779037417,0.0774302159165,-0.561993377208,0.333552089344,0.400041318244,-0.522339486382,0.511681542816,-0.484646267018,-0.670984483695,-0.506691573497,0.565346858684,-0.281111475301,0.762243594398,0.314714769389,0.0810754451461,0.0810754451461,-0.0810754451461,-0.485188789776,-0.0632806277792,-0.0723321782372,-0.0710336431663,-0.0684231606256,-0.596587835229,0.139417907959,0.460671833267,-0.0398757671332,-0.135441917849,-0.227384200111,-0.217455170955,-0.431531992281,0.651659147556,0.495491747686,0.00177958586787,0.696495047516,0.848758276592,-0.62533474812,-0.641607567685,-0.247690775021,-0.632504879739,0.637091285387,-0.662392852738,-0.670561093469,0.908486746529,0.498730989156,-0.69186056272,1.23662046362,0.382903085112,-0.0765659582234,-0.219978407275,-0.34637157005,0.249287745515,-0.35608551158,-0.0953442741731,-0.327798941758,0.235039003376,0.963021724406,0.0612104207946,4328112665.8,01030318,-0.00136986
288,601139.XSHG,601139,2011-05-31,-0.133031854442,0.228703823465,-1.04431682717,0.0492255138163,0.010337726554,0.00840857805868,-0.857495185044,-0.502197100049,-0.989278772549,-0.465807169911,-0.378671454256,0.295457641177,1.55316726212e-16,1.53518205415,-0.131515065681,-0.301794659582,-0.180795093424,-0.137843010887,-0.243546033818,1.4585510219,1.94666394655,-0.181287757165,-0.357395667262,0.15219902446,-0.510793070742,0.220996896985,-0.00689469265025,-0.748434360633,0.303868684561,0.361309976626,0.434517368204,0.352858026191,0.356529370235,0.336810802505,0.55886204906,0.0309763855052,-0.15219902446,1.48703065783,-0.163747998183,-2.84705517403e-16,-1.13696472158,-0.292120307027,-0.819673566343,1.44711449762,-0.591116845642,2.02451492601,-0.672701291038,-0.0598863837027,-0.312930985234,-0.27595375719,0.116259855338,0.612662531562,0.213584067337,-1.44298740596,-0.122143681097,-1.80417499726,0.385081968669,0.408268769912,0.379979548411,0.314053876006,0.276647957226,-0.0502720658973,0.438889862548,-5.15109869701e-16,-0.443284192512,-0.159157600358,-0.52255711982,-0.174124665269,-1.53518205415,-0.151234559093,-0.52255711982,3.45108155503,-0.164597439478,-0.439830048464,-0.439830048464,1.43535671586,-0.419267413887,-0.781859113132,1.00949230758,0.373289883393,-0.119568612524,-0.514774337116,1.0384656011,-0.228349727217,-0.261283753614,0.21916868106,1.66524800997,0.251670757631,0.617316019097,0.277959446728,0.660888004776,0.815953979912,-0.418023006996,-1.2899621425,0.591116845642,-0.0555485241391,-0.108272914091,-0.716076776369,-0.773503590003,-0.0689200387062,2.27911312045,-0.516270393878,-0.156271094976,-0.487796814392,-0.740119064149,-0.645705337977,0.366809856604,-0.470409964891,-1.03971219599,-0.0263766933981,0.120979655187,1.39460591091,-0.999635566561,-1.02637818912,-0.638942170655,0.52032532383,-0.0661243287428,-0.16810883598,1.25625478562,-0.288112116898,-0.294689403674,-0.8947985888,-0.771929417128,-0.472026500482,-1.49773698632,-0.318256582242,1.17810875338,-0.805107800322,-0.76313054545,0.0758002544414,0.197371443262,-0.284993294896,-0.320097312604,-0.351367277577,-0.0621125729619,-0.110769976796,0.349038755054,0.256248953643,1.69677420213,0.466084364874,0.490948722581,0.287872648924,0.662418022491,0.198295254189,2.3592806236,0.160369582184,0.0424376396649,0.0483220443671,-0.374076605192,-0.477031746485,0.286964094536,0.14309670445,-0.142941898065,0.594901336435,-0.14571027624,1.01547564301,-0.114500083957,-0.0599972889323,0.101511642533,0.596583233511,-1.16972052091,-1.02847813728,-0.750427759362,-0.753128562095,-0.752772851755,-0.650799375724,-0.581941698576,-0.73109105888,-0.329859482261,0.308377521237,0.263685975541,-0.688314072779,-0.666869997494,-0.60517493388,-0.746284867596,0.082118840848,0.481571317477,2.55308449757,-0.254485733275,0.184123415381,-0.463636845362,-0.590695886287,0.518392794972,-0.650295871643,-0.906081355889,-0.905104233517,-0.910186796398,0.0541602186018,-0.587316735,0.469837861336,-0.350425203111,0.0324483938657,-0.0814926797134,0.194563071204,-0.521688233864,0.120590133106,-0.384924862912,2.12286297172,-2.56660537071,0.945186409707,0.444863940856,0.167635527025,0.471013398844,0.471013398844,-0.471013398844,-0.270328973057,0.0379417110258,-0.818966474117,-0.820819588231,-0.817521351746,-0.0295392738929,0.159203287637,0.494842592281,0.0700746620876,-0.18624555948,0.965486166145,-0.502306234274,0.795627443449,-0.0051333817103,0.713825604247,-1.99026587223,-0.595198031863,0.789880448895,0.361936032924,0.342919687226,0.279082203483,0.3589223116,-0.735855319932,0.348923395716,0.392523869584,-0.367230944517,0.512230222357,-0.0594417189445,0.736750166042,0.315514808927,0.93943692132,0.0961410410136,0.17283226094,0.0982372991315,2.36482470185,-0.756667788547,-0.0524753004305,0.996808702258,1.31477918604,-1.56692593649,14415600000.0,01030318,-0.09468869
301,600027.XSHG,600027,2011-05-31,0.386360690862,0.115028457083,-0.805981943917,0.260283227304,-0.130089499387,1.86097049054,1.65112484948,0.628469307546,-0.69791689161,-0.576939962334,0.0430517764749,-0.82004569796,-0.181150179648,-0.896099200719,1.83330998437,-0.794284647418,-0.171256211194,-0.155750108978,-0.155661765321,-0.743152117076,0.775075485387,-1.23045268848,2.0212387486,1.50384889533,0.163173896023,-1.03711566071,0.0375606390648,-0.737145757909,-0.752619779779,-1.55645839535,-1.57188021969,-1.5651139308,-1.53504376495,-1.56355577197,-1.02919863524,-0.993144135276,-1.50384889533,1.34086061744,-1.157500424,-0.616982549956,0.240005190467,-0.147759645746,0.457867973802,-0.286336015662,-1.2723665537,-1.04076290902,-0.999008287553,0.121953932818,-0.38223177596,-0.0619684769769,0.0841889577107,1.16871164885,1.30148171139,0.977926902838,-0.247428738843,1.11911008028,-1.56566815124,-1.56701839955,-1.57025710317,-1.5308871188,-1.55202799439,0.957630754316,-0.718131722872,2.3501199442,-0.443652460512,-0.572116644965,-0.849305276592,-0.416985465959,0.896099200719,-0.482912507814,-0.849305276592,-1.59627788835e-16,-0.964529956827,-1.01266328374,-1.01266328374,0.0724234679064,-0.253708488306,-0.655721170231,-1.17458903838,-0.441178046469,-0.324743815468,-0.806922772389,-0.219638625114,-0.7296724766,0.175362373637,-0.547943093307,0.649795899997,-0.876226842173,-0.918531898776,-0.837020580037,-0.363444194332,-0.127928312563,-1.11721281042,-1.25175761897,1.2723665537,0.194987621786,-0.302017854198,-0.643460539892,-0.140677972417,0.0350831608865,-0.0469999215438,-0.743968803417,-0.361954725806,-0.630485678465,-1.0673986645,-0.901047581535,-1.19829274005,-0.512680857347,-1.0784536383,1.04670338857,-0.874545553574,0.0216087169866,1.52715943539,-3.31322944901,1.54711934937,-1.70522457612,3.78873755323,0.716158462672,1.25625478562,-0.663202165152,-0.349752086411,1.73658226594,0.0779713793792,0.102897643663,-1.31948678407,-0.705116406219,-0.554404119238,0.185304996987,0.52680269216,0.242887141051,-0.211983350447,-0.271501165839,0.291916510918,0.113886312073,-1.17243256845,-1.10280843565,0.479411259647,-0.0888684725686,0.64999705764,0.578499431984,-1.55686501645,-1.54123264091,0.393620661637,0.00536022596479,0.686626766288,0.858572040364,0.113748866463,-0.234702719113,0.7373819523,0.763247694193,-0.627989277539,-1.16402293557,-0.945742691275,-1.04047733962,-1.03773230704,-0.153295472474,0.257903101729,-1.11432968917,-0.998859551156,-0.88536168565,0.46356713552,0.368966994692,0.582400253142,0.583120568127,0.577684501596,-0.563077120182,-0.567425169854,-0.467963113995,-0.395575527014,-1.16702258857,-0.850212791257,-0.07618072206,-0.0314776039589,0.216952102134,-0.154889069852,0.142762543204,-1.8797899449,0.192565974284,-0.324682238923,-0.202866035977,-0.174319587204,0.181967234636,-0.391104549355,-0.562821416292,1.87887887783,1.85858927377,1.88003041651,-0.483575965188,0.78576581587,0.0914786239803,-0.346705797833,0.502251344582,0.616486235106,0.0677763993046,-1.01932105589,-0.224567394293,-0.322513131185,-0.506691573497,0.565346858684,-0.281111475301,0.2898934069,0.333496990909,-0.104504090892,-0.104504090892,0.104504090892,0.418941911898,0.0471522859588,1.08232260383,1.08142801358,1.07721345304,0.0271655822408,-0.295860444943,0.0496123964276,-0.0303972818556,0.292578762894,0.984764879135,0.380976569366,-0.591916910483,-0.11351428308,-1.11277479111,-0.478335459484,0.752486317173,-0.146631397564,-1.56057613963,-1.56445065369,-1.21752927425,-1.55689060772,-0.207798933271,-1.50381506135,-1.50879954833,-0.501366809123,-0.0618085989993,0.0699511655233,-0.140321309764,-0.557501924236,-1.33570890546,0.990615389013,0.331566528259,0.0721941187205,-0.472911186824,-0.467201090126,-0.105455559487,0.0513356946029,-1.41371788126,-1.79091421303,25188433224.0,01030318,-0.10752688
306,600168.XSHG,600168,2011-05-31,3.42556224646,0.0722223158733,-0.873253886772,0.310437229832,-0.138689369531,-0.553910597814,-0.466577737367,-0.502197100049,-0.501713604783,-0.170920156355,0.194020773391,-0.458260831213,-0.0558025840754,-0.0303117862287,-1.24441436631,1.0597815345,-0.193513603063,-0.346759155283,-0.245921284318,0.239736183131,0.526974399494,-0.269765408382,-0.711771168957,-0.838414125939,-0.595038941588,-0.240695784739,-0.28721025652,0.870177599246,0.292967969817,-0.474508667699,-0.377489340468,-0.475744641967,-0.472172846754,-0.440089554821,-0.231074571639,-0.198287507215,0.838414125939,-1.10176838535,-0.0119644864587,-0.149236113228,1.7307247909,-0.167762053575,0.853927002596,-0.649729948092,-0.806022116323,0.278581926722,-0.154449002455,1.16830617018e-16,2.96763289382,-0.652332308633,0.289927965383,-0.773325511895,-0.423901605739,0.500263026977,0.077185008695,0.182688470383,-0.460667618277,-0.372819167267,-0.490825998035,-0.47992216548,-0.441707079642,-0.496085282518,0.838337291823,-0.347632012792,-0.40829873244,-0.130300149651,0.522468724184,-0.322285328193,0.0303117862287,-0.139779283846,0.522468724184,0.14299292413,-0.0165773281487,-1.67018220164,-1.67018220164,0.0550557297994,-0.562334514909,-0.40675502637,-0.808437750165,0.653081828686,-0.126947492126,0.539122306593,1.0384656011,-0.131343775212,-0.0956240987787,0.191574732341,-0.634452356736,-0.149499524609,-0.22070241885,-0.239737447196,-0.143442914706,0.270560771694,-0.666924343186,0.358864662325,0.806022116323,-3.85049688749,0.364603616872,5.12045323046,0.324075762041,-0.449124140508,-1.10598789016,0.180024742537,-0.14014119284,-0.428126925779,-0.587764767433,-0.679192845329,-0.504044895619,-0.41807457423,-0.66890124815,-0.415848882606,2.61908769754e-15,-4.72105146629e-17,7.84378319481e-18,0.0,4.12252995105e-17,0.223585337171,0.0,1.10755179929e-16,0.0,4.76632262653e-17,0.0,-0.126558551585,-0.98153332978,-0.653803987234,2.22201173973,-0.580459083642,0.138601029809,-0.393286671544,-1.10156333553,-1.29982770522,0.644210760232,-0.248083585366,0.126176202546,-0.107165152672,-0.510813800039,-0.32235859914,-0.0439512543013,0.153963328047,0.531824528801,-0.156194954604,-0.368945917929,-0.569442119177,-0.00890649963188,-0.460045326977,0.190285082093,-0.605523722173,0.634320822086,0.852570594018,-0.073790394597,-0.642548547233,0.11163459878,-0.831862750488,-0.736219840658,-0.283427330669,-0.942791950544,1.95118315269,-0.0366844929183,-0.926702971664,-0.734057152845,0.0752953212977,-0.396675970436,-0.914346815956,-0.408516226656,-0.410583891431,-0.411519914962,-0.988882514617,-0.632171038316,-0.963886366971,-0.518166384559,0.171604247311,0.249155277374,-0.693664556288,-0.680452586766,-0.611836899808,-0.72829900067,0.360237796173,0.869602602552,-0.632431768011,-0.328974335412,-1.53924368985,-0.527021618901,-0.662738471094,0.424576166736,-0.988697395167,-0.169099878567,-0.178192795889,-0.171302633841,0.197307950347,-0.118045407538,0.532754533768,1.08701297839,0.20385384145,0.0560739321549,-0.0454934787734,0.755202402949,0.218857153294,0.189043095119,0.150697062807,0.416206276332,0.770000997563,-0.0117825658686,0.0482961810603,0.641680293594,0.641680293594,-0.641680293594,0.0408805372577,0.242454068723,-0.441834180683,-0.442370435286,-0.441764711869,-0.0862441300265,0.0602763892497,1.51831756475,0.274809944085,0.150328566327,-0.0434331469978,-0.00595631278225,0.399409380234,-0.75713255908,0.280775754644,-0.0438868837415,0.186397125628,0.309842742826,-0.475636990333,-0.472481133515,-0.240682708788,-0.479911219933,-0.284607134967,-0.465049416353,-0.473899228484,0.0408845584353,-1.51685352837,-1.60122429739,-0.72600558664,-0.450117100447,0.37735487634,0.297730582235,0.0663375249815,0.0201077578987,-0.48290617351,-0.210022289745,0.158577206959,-0.030532084307,1.75526825963,0.25679092089,3586549500.0,01030318,0.0098401
320,600283.XSHG,600283,2011-05-31,-0.0782719888088,0.198127185278,2.54416081025,-2.35464737073,-0.198301140959,-0.647877855942,-0.4495580403,-0.502197100049,-0.693992825873,-0.462918817633,0.670191839076,0.566796291237,0.445587798214,0.513422928626,-1.27272829778,0.0744503655911,-0.412907894347,-1.57041085817,-0.217418278319,0.841640638389,-0.251787342337,0.924937617157,-0.477553095435,-0.230320872773,-0.149739338546,-0.240695784739,0.290091620613,0.593606832497,0.4302729323,0.99052659565,1.09080266649,0.94377453271,1.05565007585,1.04289047609,-0.235623151029,0.377287223455,0.230320872773,-0.853977657899,0.0395846307305,-0.190266502415,-0.15911652317,-0.763236720086,-0.97249207011,-0.311522731245,1.06150468589,0.744750435349,1.40030786329,0.0167222681649,4.32071748596,-0.658711563896,0.368285473748,-0.633142550415,-0.581351033918,-0.228085488449,1.17113698729,-0.228512210649,0.962544417995,1.19591000027,0.858273309961,1.0742193518,1.07173221619,-0.098419877094,1.93801500619,-0.486822929826,-0.47164082857,0.240860216354,0.438366589919,-2.04450907496,-0.513422928626,0.0717614657187,0.438366589919,3.0185915254,0.268144415314,1.32961876723,1.32961876723,-0.98787694353,-0.506317140538,-0.759058668643,0.190102184624,0.882134657764,-0.125885075823,0.3741142593,1.66714035841,-0.556590797376,1.1437555411,0.795882209271,0.106773381294,0.0962435278624,-0.298585173306,0.128059152069,-0.074790033121,1.7611009137,0.968295301625,0.413442553078,-1.06150468589,0.566178568866,0.453393894946,0.600092509774,-0.558615525981,-0.446754447353,-0.838261430247,0.40475317282,0.0316086283548,0.479893118327,1.77654820753,0.21659797633,1.18894546185,0.44948517095,0.47673854592,0.100977941435,0.120979655187,-4.72105146629e-17,-0.201700302787,0.153932138569,1.92260267065,0.594510320495,-0.861761205064,3.97390134453,-0.225177744593,-0.224251930704,0.652512475757,-0.553852390466,-1.02173134043,-0.811626301313,-0.195139354501,-0.220010025941,-1.24740926829,0.523384050364,1.11435118051,2.01068262341,-0.148914152579,-0.266273641336,1.4379107832,1.43720791859,0.889643831005,1.10357843549,1.11363136334,1.12074652226,-0.172592041351,-0.133471024865,1.08869737838,0.665294133982,0.937221652845,1.61569839232,-0.580137823915,-0.299639668554,1.45702439548,1.61032066541,1.33538524992,0.95131933048,0.716212722557,0.298990653431,1.03731497677,0.393021334048,-0.213003166283,0.888273802872,1.29507376515,0.190835416253,0.686427339752,1.10899590315,1.51168942336,-0.569298635223,-0.325186226894,-0.3261628385,-0.334603120722,-0.405374133952,0.519725786197,-0.217790816106,0.909115974957,0.451934646964,0.588347092348,-0.305078131202,-0.343530743913,-0.440536657594,-0.196070418912,0.740422728726,1.28432553092,1.19972054422,0.329587554093,-0.779591365593,0.0293420290051,-0.411448398206,0.717246480636,-0.407638257483,-0.583889926143,-0.598612184621,-0.59225113097,0.837739166701,0.847633206965,1.08491188879,1.46821932354,0.216429676472,0.117940765182,0.276304440472,-1.89930605787,-1.33838747726,-1.0284420023,1.55938699774,-0.926058964838,1.82111347043,-0.754401364587,0.116779050295,1.22879650433,1.22879650433,-1.22879650433,0.982958195179,0.820558623959,-0.358689412063,-0.360299961241,-0.366229069053,1.32003630209,0.535125501507,1.50153889216,0.750629905024,1.05463338736,-0.243449794269,1.12855779348,1.15448898511,-1.53289339568,-0.908828252262,-0.29320112323,0.954699391762,0.89370935307,0.972697161937,0.948721178509,0.260004689849,0.981765320264,-1.11349564494,1.133123433,1.10240334695,-1.13209076823,0.442902203347,0.39916751554,0.267985127517,0.768027811926,0.0179390334942,-0.022826371678,0.500043216219,0.598266363021,-0.602470336699,2.54884304174,1.24771236855,0.162156712396,0.963021724406,1.33907795059,4128725100.0,01030318,0.07187284
371,600744.XSHG,600744,2011-05-31,-0.384102992339,-6.42567008525,-1.04047271615,-0.038782509425,6.60104588976,0.413965068496,3.12261453265,-0.502197100049,-0.735195516107,-0.492627583924,-1.06223927308,-0.82004569796,-0.431845370793,0.0772798107346,0.157529726144,-0.111447923138,-0.212591367523,0.291927343298,-0.326679801316,1.05380779055,1.21499546639,-0.0917911694669,3.00667361144,1.78492045789,-0.306195955831,-3.75648555607,-1.42020378009,-0.850465962181,-0.0884469379971,-1.25950082534,-1.23505844827,-1.2515885969,-1.25984211897,-1.22966040992,-3.88600973067,-1.09473508774,-1.78492045789,3.99094512236,-2.03669925606,-3.04187855089,0.170158890581,-0.257131020496,0.336247711288,-0.063181715597,-1.56033961641,-0.264862493713,-0.42317241135,-0.0329470775515,-0.256250426766,-0.364590781509,0.189982481311,-0.826130749695,-0.893892249099,1.75783467037,-1.40288606855,1.91664532447,-1.26090420866,-1.21067154538,-1.24857469072,-1.25291562741,-1.21388409701,-0.27166209611,-0.230645941855,2.35301975497,-0.990346307637,-0.731368122941,-0.926588318889,-0.326032756455,-0.0772798107346,-0.650827750812,-0.926588318889,-0.390718176265,-0.801271892939,-1.10767648863,-1.10767648863,-0.662666047475,0.00452312006445,-0.351224911566,-0.610947408921,-0.44615441929,-0.176536338695,-0.817437445665,-0.219638625114,-0.0621612357971,-0.750081994424,-0.548862891598,-0.903248503494,-1.03375443991,-1.51355614282,-1.51234458793,-1.06713623058,-0.76305659609,-0.56531704295,-0.72895887598,1.56033961641,0.84368461152,-0.239887426283,-0.443765889581,-0.598974302613,-0.376453550413,0.495688848546,-0.78785849685,-0.449409772306,-0.16609828448,0.0160096676997,0.21659797633,-0.150831080032,-0.271132900453,0.283031334362,-0.354986860905,-2.78420824668,-4.72105146629e-17,7.84378319481e-18,0.0,4.12252995105e-17,0.223585337171,0.0,1.10755179929e-16,0.0,4.76632262653e-17,0.0,1.57785498552,0.505793064107,0.398814482562,-1.17649486359,-0.566712036981,0.138601029809,0.0985162467074,0.0869008249767,-0.847638679566,0.0771829718533,-0.170856007671,0.0307304218491,-0.249429693328,-1.01274441245,-0.972260463001,-0.658656443145,-0.69606914766,-0.559864547136,-0.464367077412,-1.25124689965,-1.21555656061,-0.729858348518,-0.807825002943,-0.637295305968,-0.500814428507,-0.924876618558,-0.85175564183,-0.840275906346,-0.393026272268,-0.539547188647,-1.00299762103,-0.893856612446,-0.840857188008,-0.70857096117,-0.581103290054,-0.748141325274,-0.798813620569,-0.763934394076,-0.386545831308,-0.483512104657,-0.128698650595,-0.00260793534639,-0.00107724588681,-0.00621973257002,-0.552449214611,-0.601271661735,-0.519294710412,-0.730920109043,-0.0616622020736,-0.162341939244,-0.283140211478,-0.248000224464,-0.150944427431,-0.40747320809,-0.353058455524,-0.386092008827,0.76883887395,-0.451425860514,-0.825309689799,-0.124101709256,-0.130128172821,-0.0767842443238,-0.552533698566,0.015960058419,0.0211428889189,0.0203607425102,-0.5205166937,0.27404274156,-0.312780704913,-0.60570282933,0.459151251772,0.561612159614,-0.862149120616,0.26333435783,0.302380206992,0.160727311321,-0.13104092418,0.565346858684,0.419630173275,0.0886383401351,0.0757471202048,-0.618161735282,-0.618161735282,0.618161735282,-0.0255266361745,-0.0892206143253,-0.0645421617501,-0.063632334715,-0.0609061655094,-0.630610748909,-0.473928862039,-1.17929607268,-0.0948509817437,0.0239545077691,0.32366567952,0.0508916462063,-0.602186507737,0.460659143715,0.257469982672,-0.247534653621,0.201569819804,0.0540630351762,-1.25853384943,-1.24595269245,-0.746042151581,-1.26047910198,0.806709397466,-1.25229140247,-1.26270540894,0.705855972336,-0.250563773064,-0.140463089948,-0.221523405334,-0.391761222217,-0.745225883915,0.449662322422,-0.0483878766898,-0.0684390554985,-0.483360940461,-0.341520015738,-0.708214572362,-0.2921096218,-1.41371788126,-1.04639155048,3401677440.0,01030318,-0.06485356
391,600886.XSHG,600886,2011-05-31,-0.880974582712,-0.0198927798846,-0.811748110447,0.413054530722,-0.150370918123,1.7025943563,3.54977322338,0.27856998448,0.417008285786,-0.475022389085,-0.487072143845,-0.478359990477,1.44836856279,-0.938702584751,-0.238056344951,-0.565072525673,-0.0822266437167,0.00541377384148,-0.131909260322,-0.819432252333,1.1345923367,-1.43237193473,3.0582845716,1.51757425826,-1.10051416666,-0.544258722972,-0.332900458561,-0.186609286576,0.111289390748,-0.64337298202,-0.627855082841,-0.640263856624,-0.640002152758,-0.646146993126,-0.510054107548,-1.07638109633,-1.51757425826,-0.177670312868,1.09061385342,2.13615656447,0.990354012106,-0.13693744748,1.43506034391,-0.6448940987,-0.147695637139,-0.786946092997,-1.38289887169,-0.481654895633,-0.275765912691,-0.338884450265,0.0846866632025,0.637769927648,0.374416198075,2.16497497151,-0.523394738341,2.06038361563,-0.649289224137,-0.644180884881,-0.618906546052,-0.653028446786,-0.664221823721,-0.141803324787,-0.917965472349,4.66648878851,-0.358766686338,-0.23371097301,-0.470277414737,0.0217679700556,0.938702584751,-0.243449524833,-0.470277414737,-0.791001501562,-0.237307669794,-0.322096294579,-0.322096294579,0.00772864345764,-0.143954750073,-0.130943197869,-1.17728617506,-0.487535018968,-0.128595887223,-0.737195838491,-0.848313382423,-0.488912226209,-0.0536978898389,-0.471599835187,0.163790745758,-0.607379742034,-0.638153982734,-0.351776327225,0.272375106714,-0.183040049982,-0.77730349668,-1.42927938995,0.147695637139,0.335514978425,-0.275380770775,-0.289456387068,0.638156730407,-0.115918952952,-0.991065562374,-0.444330896372,-0.188061551951,-0.524117616156,-0.994042892009,-0.733610044776,-1.03995551237,-0.466384165609,-0.995436261919,-0.218512634972,0.606946937188,0.330499066858,-0.733657145303,-0.0599991083241,-0.804701421664,-0.073154649489,1.38042183558,0.031409958842,0.604424472327,-0.289829365602,-0.732406797337,1.45277788856,0.411040610443,0.118398049511,-0.620197529094,-0.30066185676,-1.24740926829,-0.528291394201,-0.191379637965,-0.642430027564,-0.0120658930541,0.271646195648,-0.0582663196114,-0.371157358036,-0.768713920531,-0.733237846404,0.126943224901,-0.233595135173,0.589689783264,0.181276105774,-0.568031320843,-0.641445472852,0.38481076634,-0.184542665911,1.1290769085,0.303429349058,-0.838985029404,-0.731662753904,-0.65321301757,-0.335897389495,-0.271967092994,-0.681483104787,-0.704926680275,-0.905639576834,-0.498867536386,-1.36654234188,0.00889321040444,-0.639513976815,-0.660036433864,-0.312061378839,0.254740004727,-0.358288401621,-0.354298740161,-0.355683364923,-0.350849082066,-0.682411333999,-0.581988236199,-0.674907595035,-0.588002990969,0.127181867813,0.176455063302,-0.521701853158,-0.509743619497,-0.455440887023,-0.530465876668,0.241794127592,-0.300625221017,-0.839098994475,-0.190712640714,-0.563371722362,-0.309506021092,-0.444515061657,0.205802512063,-0.681535709714,-0.459282954254,-0.449060077158,-0.456702418877,-0.419517427495,0.098163371607,-0.0706183921408,-0.253930712199,0.389665783585,0.506305804565,-0.224446860474,-1.14434372405,-0.532595954985,0.620355666345,-0.412778911168,0.565346858684,-0.105926063157,0.172115801093,0.0942403844706,-0.580603972036,-0.580603972036,0.580603972036,0.11551449222,-0.236589813254,-0.461744643806,-0.463029340687,-0.461217476257,-0.154289957387,-0.256289685588,-0.764038960762,-0.282524990241,-0.0224038152193,0.677108751003,0.0759536496314,-0.544382689632,-0.225628778493,0.0151151950704,-0.159904401127,-0.319538375734,-0.551191085867,-0.642622240059,-0.640714955949,-0.632745080816,-0.640129767203,0.000223279656097,-0.636859644437,-0.62357860303,-0.136060624663,0.66442265084,0.866112883865,0.183079549562,-0.133425773002,0.91420260416,0.734930541132,0.178207389569,-0.766396290512,0.0665215070939,-0.688878253742,-0.0880849827473,-0.176296666269,-1.41371788126,-0.291613524127,14783699165.8,01030318,-0.02159244
405,600008.XSHG,600008,2011-05-31,-2.06629439904,0.0372160939143,1.32365556131,-0.494083493326,-0.230656898667,0.517871171234,-0.444559248154,-0.502197100049,0.124174880196,-0.232813419461,-1.04145009974,1.33056434326,1.41255496406,1.1575283279,-1.34966129442,0.296170364869,-0.203052485293,-0.299006893707,-0.18891527232,0.299343064781,0.785413030632,-0.396792823179,-0.356845263257,-0.353849139118,-1.42546252564,1.94541906322,-1.09543288451,0.290117090019,0.0858543896787,-0.994166501744,-0.911596539555,-0.995173210307,-0.974100120291,-0.947510620916,-0.121302189031,1.74868458174,0.353849139118,-0.924895412256,0.503526685434,0.00257632676289,0.104303807831,-0.546121032119,-1.88200012021,-0.0644914248073,1.19761135732,-0.132928010139,-0.787868466278,1.74083786184,2.76049420568,-0.650890063886,-0.419146827464,0.538037770973,0.925284184425,-0.390467500838,0.0633759560363,-0.521447209083,-1.00324230422,-0.865239154842,-1.01193965788,-0.982001912787,-0.936789002214,-0.955383692906,0.571633797973,-0.377790044816,-0.385650250393,-0.178822316768,0.345172333031,-0.145177572118,-1.1575283279,-0.191805325594,0.345172333031,-0.110059752781,-0.17803563386,0.309948068382,0.309948068382,-0.320521606766,0.351024530475,-0.468536875955,-0.598840262052,-0.191862241669,-0.133722419223,-0.116181061265,-0.848313382423,0.0452471632582,0.160023516708,-0.151510030055,1.30142292244,0.00592770515933,0.125097010935,0.0461548673588,0.190459736641,-0.850002199402,-0.803619056454,-0.639910738437,-1.19761135732,0.280155716719,-0.192430160989,0.618246568894,0.393313485507,-0.195566972894,-0.896999508892,0.285624004931,-0.176953665902,-0.612325277583,-0.971471885088,-0.930349150467,-1.00950604551,-0.506642158425,-1.0784536383,-1.19836831776,0.208854806908,-1.7895501186,0.4299984477,0.286717050434,-0.584283206165,-0.295709639484,-0.722628128557,-0.211204895662,1.25625478562,-0.280427428946,-0.251072334765,0.922946226527,0.138268395348,-0.291658141534,0.327858491658,0.206484625503,1.5246113279,-0.569133159038,-1.23280477657,-0.862035729261,0.0283935923705,-0.202221154686,0.384137771997,-0.996971977822,-1.2286607924,-1.14127909426,0.660341144835,0.269017616811,1.06657380238,-0.12861505534,-0.919556446863,-1.05563289338,0.580327439112,-0.0919507814212,2.84233787587,-0.900267662075,-0.276063748573,-0.557559166043,0.0213638037255,0.070627182048,0.0653621100003,-1.11604083828,-1.10951696033,-0.761009127362,-1.08311588404,1.45735232152,0.193427326297,-1.17169040766,-0.923611000344,-0.125075834645,0.510609415244,-0.919655249506,0.957467083029,0.95675521163,0.94450057945,-0.908586693827,-0.579098891741,-0.933043389187,-0.656819136137,-0.270350677809,-0.0270238904319,-0.533208201435,-0.520366483486,-0.405974307239,-0.53514026676,0.554953934398,-0.423567367987,-1.72732242465,-0.354933157406,1.51763360565,-0.614044905069,-0.587481122265,0.204072489941,-0.908484197436,0.551784796579,0.541480426777,0.552669523753,-0.0763126231177,0.623224713866,0.0893084726716,-0.476318253807,0.487964240871,0.591668302909,-0.76464883533,0.0609862195843,0.307144846462,-0.370427649636,-1.1640802098,0.26706569398,-1.8577801846,-0.142371069149,0.0725685904092,-0.181828897574,-0.181828897574,0.181828897574,0.285979334736,0.0758178508015,0.68815065824,0.686816490197,0.68406698989,0.208621121868,-0.256289685588,-0.0745016698395,0.0425870547824,0.217008345967,1.14783065984,0.252610210359,-0.407454726234,-0.838818263041,-0.803657801125,-0.910315577411,0.451449322998,0.0299399125296,-0.997099281674,-0.988152329256,-0.98314839246,-0.993416219684,-0.543834815692,-0.946084521694,-0.941128817187,-0.684019901354,-0.761858842196,-0.401905696862,-0.694186583674,-0.49812942618,-1.60101558902,0.78501096175,0.24976378944,-0.328870859608,-0.283876428734,-0.633194006276,0.121230466968,-0.2272144312,-0.225348078425,-1.12011205343,13376000000.0,01030318,-0.06907895
408,600131.XSHG,600131,2011-05-31,-0.0644369576641,0.192093502886,0.547145135219,0.000813782842561,0.240235790282,-0.798315822079,-0.110532815849,-0.502197100049,-0.225066970356,-0.413954369486,0.395972743037,-0.82004569796,-0.0558025840754,-0.909096843305,0.559506656056,-0.785387751988,0.0799343541886,0.763480926363,0.0201067716738,0.534019109317,0.0135429856318,0.409865225337,-0.0548004808078,0.697633012089,1.46296733193,-0.540796027859,1.53360603831,0.5297828094,-4.17687561641,-0.232008047711,-0.370043252118,-0.216609734073,-0.28895318522,-0.281569604527,-0.50459581228,-0.64280829921,-0.697633012089,-0.299518814412,0.0653591893251,-1.04780163642,0.836692152355,-0.161074681405,0.292358660033,-0.417911417867,-0.417759927293,0.436275047565,-0.0584763564207,-0.502701228564,-0.490655463466,3.12695422317,-1.13882896861,-0.585617836395,-0.474642144117,0.45285222044,-0.221153089801,0.388288810899,-0.183913497972,-0.377434162465,-0.178432683601,-0.289171442279,-0.281958623639,0.544945353792,0.734941220229,-0.47661559591,-0.0114899616236,3.46060796656,0.619072527055,-0.482219360481,0.909096843305,2.71888465409,0.619072527055,-0.386117218503,2.40953668789,0.544727074668,0.544727074668,0.312966640689,0.28996771428,-0.496853557014,1.91644946804,0.314411485659,-0.129700331611,0.515070223278,-0.219638625114,-0.671769699046,-1.1376437795,-0.369502224929,-2.81740288192,0.65284103987,-0.99952996341,1.19126948944,-0.491388200923,-0.63654405701,1.36997308206,0.444465775189,0.417759927293,-0.078260016121,-0.185748123396,-0.625306480773,-0.560409249387,-0.131585257701,-0.55989401406,0.10544526347,6.41900293959,-0.036381135322,-0.220985904969,0.371477697832,-0.28480873422,-0.0617913378103,0.0118412381816,0.533240166746,0.120979655187,-4.72105146629e-17,7.84378319481e-18,0.0,4.12252995105e-17,0.0,0.0,1.10755179929e-16,0.0,4.76632262653e-17,0.0,-1.01162186719,-0.74895912533,-0.645349220408,1.97520376739,-0.640266207839,1.5246113279,0.807007417291,0.75404481692,0.187529471094,-0.117974546078,-0.139696214823,-1.01852826189,0.170642769238,0.345354623222,0.255016613247,-2.05685474251,-1.07566044976,-1.50917324466,-0.430651340686,-0.292561907356,-0.088998569916,-0.691290117973,-0.443304205206,-0.591091963463,0.0320889578161,-0.365858898376,-0.247039912759,-0.591832563136,-2.10996743752,-0.173782943343,0.597299143374,0.510903451722,0.408087005868,0.510525814254,-0.218706796457,-1.16945716818,0.557096129433,0.429050400612,0.367826320257,-2.11477020202,1.00730612905,-0.178439398546,-0.176376619263,-0.18323077085,0.0100741358026,-0.162217276682,0.167126015376,-0.479363968032,0.399460376942,0.256631407388,-0.177184059815,-0.175890749428,-0.212863099644,-0.191632958745,-0.154474264917,0.163222983381,1.97987539775,-0.367011863053,0.176419568095,-0.652953398427,-0.0549491752222,0.326755773018,0.0102561345801,-0.293821507429,-0.292907179916,-0.294629225769,-0.0836882432733,-1.61546198888,-0.0518842288022,-0.590232719043,0.147620756371,0.0954113718148,-0.566317111776,1.83836972278,-0.232335615523,-0.915974517235,-0.13104092418,0.565346858684,0.419630173275,0.744886894595,0.0644777872929,0.144039930587,0.144039930587,-0.144039930587,-0.855838649525,-0.0421338996166,-0.216541364459,-0.21241996572,-0.206900939912,-1.20900028147,0.178988667314,-0.0533930172279,0.131684816392,-0.698727294434,-1.61223841656,-0.882515164284,-0.373590327232,1.35098798039,2.46125368399,0.510281896112,-0.912481893253,0.28304618133,-0.222452729076,-0.224382050501,1.01570783196,-0.237521322543,1.73480850129,-0.352808690186,-0.377047868483,2.33261007501,1.14685767476,0.920602437077,0.786487634993,0.126461525791,1.19672799825,-1.06923245986,-1.00381699046,-0.0319786029232,-0.555046052689,0.10043996372,-1.1529013369,-0.422898390546,0.434593285414,2.05526384611,4330435081.45,01030318,0.112922
472,600874.XSHG,600874,2011-05-31,-0.851573414568,-0.0249412872906,-0.213988846795,1.45303561088,-0.178246906208,0.0521007715702,-0.334883368101,-0.502197100049,0.951662242391,-0.185636998916,-0.951858662221,0.938630737616,-0.216963778383,-0.267157717799,-0.980447628068,0.0506862896389,-0.30798018982,-0.484046907314,-0.274424290317,0.7816169254,2.00754060188,-0.711983841715,-0.529248733138,-0.163484322866,-1.43749765004,-0.125272614308,-1.64803735513,0.368703132063,0.214901234932,-0.939828974858,-0.821477322352,-0.939789567828,-0.921686475798,-0.873799768883,-0.122515143535,0.450381189252,0.163484322866,-0.889015122276,0.010946232292,-0.0999996462039,0.605201558446,-0.110382012011,-1.11314854763,-0.286638256249,1.42469459334,0.822026347157,-0.979813758346,2.34781410357,-0.428781146436,0.283066783183,0.208117625169,0.137614656413,0.234392813379,0.153571504175,4.98271574254,0.444692444138,-0.94641628037,-0.778269570345,-0.962224026103,-0.918648828844,-0.849018801938,-0.808988348386,0.505764846673,-0.292535608132,-0.41327035045,-0.195988037447,0.20253965938,-0.144276518507,0.267157717799,-0.1941202458,0.20253965938,-1.59627788835e-16,-0.202592334308,0.977106007064,0.977106007064,-0.0230990916824,-0.461174351153,0.549760394873,-0.606631990235,-0.246008113586,-0.127471948958,0.166157387829,-0.219638625114,0.197022625634,0.0199286234212,0.00393588105748,0.823563105982,-0.0801873816041,0.0721367379051,-0.143152205793,0.099962756369,0.117454459452,-0.872697400859,-0.744183234979,-1.42469459334,-1.27203281342,-0.104835136658,1.11748319467,0.261833559858,-0.211759876121,-0.878271425846,0.371093407932,-0.187701719023,-0.622702649516,-0.807832084912,-0.938721027305,-0.802449670857,-0.520732455911,-1.00097075368,-0.834290341788,0.0602337449364,-4.72105146629e-17,-0.367936816073,-0.524746299851,4.12252995105e-17,0.223585337171,-0.966597491733,1.10755179929e-16,0.0,-0.308375651609,-0.703019410483,-0.114812732834,0.327773302677,0.222673507027,-1.83660824994,-0.343770801997,0.831606178857,-0.998538936566,-0.726066990342,-0.356922337823,2.50713206707,-0.265657578834,0.433150470193,-1.0563422192,-1.16343605262,-1.08041977368,0.451587145673,0.242101941306,0.399955453494,-0.449046305345,-0.853349675521,-1.0193968439,-0.153798300882,-0.506591357579,-0.464304639018,-1.00703740106,-0.571634203287,-0.568966390123,-0.576633809996,0.756969322431,0.00174893705568,-0.91886620224,-1.02662036901,-1.01411241394,-0.96365796296,-0.395899462933,0.0889321040444,-1.03673534656,-0.834447022109,-0.0760578370653,0.293664048196,-1.09350644826,0.212857100551,0.213083535941,0.205444153107,-1.12667088603,-0.776518707658,-1.02510672709,-0.91297979739,-0.056896017923,0.117803809858,-0.784775283817,-0.76379169864,-0.640703996661,-0.812469309428,0.496040604347,-0.540275787507,-1.43013383889,-0.312610172891,-0.92006128365,-0.72602190876,-0.677762676064,0.303474618171,-1.12639498166,0.165354358362,0.159200399428,0.164350269745,0.0106724830407,0.696952227153,0.276136355952,-0.244052590028,0.39877928428,0.522935853394,-0.809683461188,-0.170334763839,0.181297705813,0.181180199783,-1.35190553446,0.565346858684,-1.8577801846,-0.249817306025,0.0194004556451,-0.697143502108,-0.697143502108,0.697143502108,0.226761330749,0.131645213151,0.185050170402,0.184007678474,0.181702312339,0.208621121868,-0.216718926234,-0.935085199388,0.0994579664484,0.248760621987,0.808043343393,0.258111625745,-0.251044394889,-0.879461101054,-1.43181987168,-1.35710644224,0.482734612758,-0.138424562025,-0.942780789759,-0.930320484683,-1.1166909879,-0.939970074538,-0.390218412299,-0.894491153328,-0.898536533651,-0.472827263462,-1.50807326742,-0.329640922589,-1.75574339087,-0.207851211969,-0.174732399882,0.768528798002,0.15334741966,-0.792439470923,-0.601916707367,0.885206928501,0.185501600906,-0.263156382917,-2.20596441648,-0.499239802162,8948722256.1,01030318,-0.03349282
484,600969.XSHG,600969,2011-05-31,-0.301550104783,0.598355963706,0.197331032374,0.292348829958,-0.13588572323,-0.419865271487,0.570076538554,-0.502197100049,-0.311886924777,0.946046931842,0.554861425038,-0.82004569796,-1.3092785398,1.14164232029,-0.826177150036,0.634135326809,-0.0981247807662,-0.53179916889,-0.388436314314,1.00253753571,0.152525538377,0.720301206955,0.450089346877,0.963785701895,0.319630513308,0.105573726554,0.0783113598036,-0.460574991159,0.913207627933,2.16295129114,1.82150096347,2.10340206313,2.1561685408,1.92392937719,0.172232800925,-0.652307294765,-0.963785701895,0.759912969268,0.15127438464,-0.210781697008,-0.675979142331,-0.340379847708,-0.195179957522,-0.0127075375688,-0.106863635709,0.215755982163,0.59413763661,-0.351167631463,-0.423407073587,0.224617261611,-0.427763353791,-0.681165427056,-1.17199140187,1.37795558299,0.118279810991,1.19310194324,2.22879709458,1.72455770015,2.05723046213,2.16104544109,1.84605051417,-0.31694885944,1.05918245604,-0.109499552232,-0.207408538027,-0.144223125868,-0.351511562971,-0.136960679257,-1.14164232029,-0.140232721825,-0.351511562971,-0.441328711647,-0.0362546842077,-0.0983333120492,-0.0983333120492,-0.432977711009,0.31150469723,0.116551949573,0.725993274477,-0.267343542632,-0.11429677066,-0.478909472712,0.409790843788,0.791967398464,0.242853344125,0.640436298158,-1.19919577619,-0.0108752385994,-1.20825574535,0.0755167807455,-0.685644649954,1.10684568661,1.015078519,1.534874582,0.106863635709,0.864266901129,-0.170278124946,-0.525459155618,-0.491350898262,-0.0964348092313,0.220726538367,-0.328831703128,-0.128657828953,0.0881473278697,0.365860274973,-0.101533343511,0.933169940218,-0.198668513384,0.399255661297,-0.323308022477,2.61908769754e-15,-4.72105146629e-17,7.84378319481e-18,0.0,4.12252995105e-17,0.0,0.0,1.10755179929e-16,0.0,4.76632262653e-17,0.0,-0.00751309127304,0.376585172747,0.174763161682,0.756834253114,0.0678187635287,-0.554404119238,1.80139094174,0.176825516058,0.892376580143,1.46827527954,-0.271731738939,-0.25367220847,1.54997403743,1.60711596854,1.43751636554,-0.516697872166,0.404535089373,-0.916771066176,0.529876998113,2.25749311609,1.85692620004,-0.678605548821,0.947712391576,-0.452474874455,0.897131218063,-0.322097928995,0.571146102841,-1.4654994092,-0.599847018747,0.869868662932,0.841460238609,1.79662837162,0.689815068901,0.554866090638,0.0676625987066,0.331272087565,0.660769365328,1.34238187865,1.27766305932,-0.329265615823,0.702071199938,-0.578663837274,-0.580169469242,-0.580242776201,-0.916529274103,-0.586684524205,-0.806620316155,-0.578329350245,0.223464939737,0.304382578068,-0.806268516743,-0.790977505923,-0.715416702676,-0.831300648343,0.407468836231,0.928803548125,-0.685909001813,-0.102063398473,-1.0156505635,-0.622605165179,-0.687852378302,0.530601808235,-0.916427009557,-0.515519226216,-0.516386219347,-0.516984206008,0.94957784855,-1.44424676803,0.393235949018,0.477466457917,-0.381638832073,-3.08975154302,0.541536819698,-1.48151614081,-0.829490717492,-0.637590579993,2.02895030939,-2.26832420601,1.12037182185,1.12053546891,0.669843234743,1.61818213798,1.61818213798,-1.61818213798,-0.136477014108,1.34584335152,-0.617480403665,-0.61822650991,-0.618315055609,0.390076661496,0.871476956022,0.134371755376,1.56009254774,0.483092419011,-2.26209170026,-0.138601550422,-0.977199116219,-0.857352890612,0.110189282899,-2.4000298698,-1.15524500006,0.657203274338,2.1533017149,2.06678784707,1.17845070337,2.15055506685,0.0130246466055,2.14343368263,2.07685949221,0.548888471201,0.460540755509,0.287507196477,0.38313747535,1.20634614184,-0.251721806747,-0.596955075556,0.23027894816,0.311791378501,-0.397400100464,0.0424989000244,0.60934367336,0.290948706047,1.31477918604,-0.334513500958,3934109041.2,01030318,-0.02405131
488,601158.XSHG,601158,2011-05-31,0.377185691678,0.11567947915,0.681689020928,0.167576383334,-0.103329371859,0.50522173264,-0.636060594877,2.57460355898,1.46130027992,2.16451897153,-0.33362824534,1.44110971921,1.55316726212e-16,0.574800685283,-1.2775821146,3.96344724838,-0.845337222094,-1.45699923693,-0.678216875305,0.0192324041621,0.201916032328,-0.21219549713,-0.890483115512,-1.58674478293,-0.37840670227,0.220996896985,0.0,0.762067519308,0.0,-0.482939941101,-0.409907358558,-0.501118958098,-0.444249315583,-0.458840966677,0.265327059104,1.19629384022,1.58674478293,-1.03976050166,0.111180626827,-2.84705517403e-16,-0.526308499717,-0.440317251004,-0.918027343854,-0.351418488728,1.89891889064,0.601507281755,-0.42317241135,-0.214787394072,-0.323085154458,-0.254442141239,-0.895637622675,1.63379627158,-0.265734634593,-0.75434544101,-0.0534829077083,-0.275818483688,-0.500559676753,-0.409462229135,-0.542555847493,-0.453765472561,-0.432584332015,-0.725353824585,0.562574262789,-0.569989502754,-0.323044690264,-0.0914764659673,1.51123705946,-0.148644539984,-0.574800685283,-0.107895434408,1.51123705946,-0.17447316145,-0.16375755233,1.71242559273,1.71242559273,-0.151620353675,-0.122311673612,4.69613155001,-0.0078077112148,-0.0433546818996,-0.130856282756,1.29182084914,0.409790843788,4.30962380019,0.473958788525,0.65883226397,1.25526600835,0.999401754893,1.40548949419,0.247052169479,0.520461656079,1.01472655064,-0.995868840354,-1.59789634716,-1.89891889064,-0.548104006497,1.0110462675e-16,-0.23499420971,-0.743369036785,-0.270343956905,-0.812723135184,1.38517632462,-0.154800473443,-0.347702293301,0.743924640897,-0.469895924381,1.57869863767,-0.309377993628,0.299634809639,-0.768705016096,0.123928485781,-0.172978595928,1.99262167259,-0.281307294765,0.0270654292766,-1.33429959279,-1.17286471005,1.27161878746,0.189623363867,-0.299639148826,-0.572168203756,-1.03701823205,-0.0196523607601,-0.0788798430884,0.0164103360801,-0.0824648471183,0.485103604333,0.643640357941,-1.17690564428,1.1855897331,-0.10964465202,-0.284874405641,0.707234637734,-0.522010046815,-0.814071354513,-0.804503164809,1.37288422761,0.971233504307,1.3699151455,0.132089024284,-0.341396240763,-0.678904336157,1.44143747685,1.37214192915,2.18925225257,-0.0182190550293,1.15978382654,0.420406490612,1.44659078664,1.54763564016,0.819254103635,-0.707752632913,-0.767311109684,-0.806959426413,-1.0659014238,1.16899986812,0.582505281491,-1.06930184631,-0.490127895668,1.42474051912,0.890064475885,-0.723243208165,-0.529218422859,-0.533300310025,-0.533156697831,-0.753038224142,-0.445936299251,-0.850152886391,-0.674794740686,-0.289052616444,-0.00316790394731,-0.473114198898,-0.468882046441,-0.371836287045,-0.444695063268,0.672348155071,-0.0916834266316,-0.624633004749,-0.126224959528,-0.30537159508,-0.513493889771,-0.575691625079,0.148514065211,-0.753688714876,-0.466358676941,-0.459338059138,-0.469232338324,0.445352320411,1.14125987005,-0.0354442254186,-0.251483474309,0.480363024134,0.607662646507,-0.47372814178,-2.05243759947,-0.996986872969,-0.0791377993659,0.150697062807,-1.82090245895,-1.8577801846,-0.21799668972,0.16445699723,0.629529252543,0.629529252543,-0.629529252543,0.4119750879,0.336439527223,-0.656109335896,-0.658301845923,-0.657587969057,0.787010654431,0.198774046991,-0.119485351188,0.318410976362,0.389105681993,1.10846995415,0.413985061682,-0.0104095813598,-1.48753022806,-1.9890129218,0.246156909723,1.11434835968,0.334960633417,-0.491136121038,-0.49719238473,-1.14355524179,-0.481469766112,-1.24470965617,-0.399899016188,-0.389903170462,-1.38038481548,1.43057937845,2.14898172641,0.161457601194,0.925198503825,-1.08217823658,1.04872558171,0.529438450908,-0.537216302895,4.33832543113,-0.760777786042,0.6267142501,0.202092214303,0.170775189185,0.245731423514,40176000000.0,01030318,0.00920621
496,601991.XSHG,601991,2011-05-31,1.06300893669,0.0898706928386,-0.84442305412,0.405301584936,-0.149675837758,2.15991028425,1.62488119072,0.290136904251,0.224238556478,-0.565936715559,-0.580623423902,-0.82004569796,0.266519804539,-0.896821291974,0.630291484729,-0.59492395113,-0.0790470163068,-0.0304004223406,-0.0986557533225,-1.86401159089,-0.0932783152389,-1.7339771335,1.35944144071,1.38270764863,-0.631144314807,-0.505014845026,0.671666551167,-0.323809227381,-0.00311305994988,-0.911907845658,-0.878723615745,-0.90181086167,-0.921590436138,-0.907348842378,-0.475788142812,-1.01326912586,-1.38270764863,0.562089759745,0.454841408088,0.0189884824376,0.5892366899,-0.311406210695,1.15744887513,-0.475135635671,-0.414894523684,-1.76828734701,-1.22934263803,-0.397469563911,-0.263762638138,-0.355175090414,0.144100256286,2.3525453008,2.39040441682,1.76079784578,-0.440423120384,1.78139790283,-0.917505210642,-0.896367297449,-0.86234252566,-0.925801980964,-0.928246184754,1.51417239531,-0.940197749843,1.11433658579,-0.381231034384,-0.0667542581964,-0.465163095761,0.0569866350271,0.896821291974,-0.0128882453267,-0.465163095761,-0.666775641987,-0.0805687299665,-0.390257941565,-0.390257941565,-0.417780940165,0.0155037985634,0.297852258175,-0.532250954276,-0.444258094537,-0.127656246577,-0.654283838104,-1.47698813973,-0.576017053914,-0.965848581895,-0.535985715529,0.000883990146721,-0.433049200537,-0.482388473822,-0.109154200818,0.179537687297,-1.16800200707,-1.32590981918,-0.996103288608,0.414894523684,0.366033545775,-0.228754491417,-0.343918564425,5.37645647932,-0.215446065474,-0.441992218519,-0.464130758071,-0.118613796778,-0.630485678465,-1.23103846468,-0.934535088886,-1.33227039424,-0.522745355551,-1.25555737458,1.34413876623,1.22797066043,4.4896327866,1.72664325133,-0.664908151264,0.0543949115218,0.297770333835,0.715161408568,-0.153743482753,1.25625478562,-0.318893799924,-0.350370768239,0.826757494595,1.08005035904,0.465043489363,0.355281599696,0.00281914072835,2.21761647695,-1.85167802428,-0.314114689306,-0.260806822952,-1.00748823299,-0.246278630317,-0.329125967535,-0.954778032693,-0.886418335988,-0.915500474891,-1.15123981104,-0.769788108089,0.149542237621,0.0527748553806,-0.916902704375,-0.800268607636,-0.0376609898369,-0.234862219054,-0.27141468746,-0.0167611927788,-1.14058645218,-0.91958907121,-1.13423593435,-0.0887832571238,-0.616471751505,-0.607116598051,-0.845402686691,-0.780594500728,0.0300858783677,-1.80255863933,-0.982699749691,-0.683192911393,-0.804394376331,-0.816016519599,-0.717273818232,-0.667504655893,0.152502228526,0.156439628596,0.168836426217,0.513252481486,-0.163642290777,0.192759161436,-0.308216854384,0.0730058168361,-0.279426393023,0.374550641155,0.401581562754,0.398763641369,0.234347252225,-1.03040833621,0.0332222714899,-0.389834525088,-0.319625341716,0.184374005209,0.527176416049,0.286172103929,-0.38947338564,0.518347556346,0.532044814835,0.51984880311,0.541642339641,-0.798627194001,0.34627213415,-0.474824574472,-0.897302617912,0.471050538707,0.598177924469,-0.547750204624,-0.122577981506,1.57074288761,3.04135518109,-0.506691573497,0.565346858684,-0.281111475301,0.352708129997,0.0991526577912,-0.764526547931,-0.764526547931,0.764526547931,-0.34422177653,-0.431327683267,0.641500617311,0.642438384098,0.649135818328,-0.744020461176,-0.375001963653,-0.562478390696,-0.451242028184,-0.265626249528,0.526092165915,-0.235793222242,-0.393991674799,1.17020202311,-0.183025934872,0.860802906087,-0.0939620375468,-0.101929013072,-0.908062736982,-0.902602541305,-0.764730328202,-0.907720157436,0.614688893225,-0.93504248696,-0.916655232854,0.369089333536,-0.254848005346,-0.980998877457,0.461190113529,-0.982211483461,0.576854419066,0.44036469159,-0.157402204193,-1.0320367307,-0.400148474647,-0.551338150545,-0.726453677939,0.0982599093439,0.963021724406,-1.68487814802,82655333359.4,01030318,-0.10144928
535,600292.XSHG,600292,2011-05-31,1.42340500463,0.0841859780273,-0.782917277795,0.848989954893,-0.169982447326,-0.267620242693,0.166900148235,-0.502197100049,-1.78046852668,-0.689310620018,1.66609223841,-0.82004569796,-0.360218173323,0.807314069325,-0.329146307335,-0.21715708858,-0.438344913626,-0.621334659346,-0.364683809314,1.19761460293,-0.77211045303,2.06648612287,0.618047245948,0.98407536883,0.307595388902,-0.529253710816,1.72439350359,-0.869569751407,-0.437379918038,1.1594147946,1.43032992982,1.17673109209,1.13826819344,1.31232352462,-0.494588937623,-0.614633312394,-0.98407536883,1.87268357329,-0.76515436539,-0.662115978062,-0.536286542558,0.0433827663837,-0.382898188793,0.415265133616,-1.26162129016,-0.0832955139373,1.66903127219,-0.379790644249,-0.0767528580515,-0.492798617662,0.331455267355,-0.460379753538,-0.10192982585,0.332547298852,-0.359243616387,0.143266576184,1.16582315355,1.62422770455,1.16706472924,1.14198354622,1.3193400925,-0.521901531846,0.259910335182,-0.307730616575,-0.430210678485,-0.453414347726,-0.786228675893,1.08967164711,-0.807314069325,-0.401961896067,-0.786228675893,-0.510343078078,-0.594779638199,-0.842603417018,-0.842603417018,-0.542828654536,-0.962466195669,-1.66556021165,0.978565140335,-0.875580828948,0.249864502946,-0.628544214633,0.409790843788,-0.303924131687,-0.353316895189,0.12902844858,0.242529010969,-0.752305131953,-0.943454380202,-0.679393466066,-0.394650049598,-0.0258977771719,0.91639516985,0.97588207988,1.26162129016,0.251056617617,-0.269336201845,-0.670691628571,0.0241652085817,-0.423452464659,1.00602911156,-0.707339059274,-0.302707451907,-0.467042070526,-0.23791416016,-0.612217830626,-0.0716624661937,-0.393919778541,-0.453056069557,-0.666749512042,0.120979655187,-0.611140237595,1.19468640882,-1.4837484411,-1.39555294542,-0.963374609468,0.79664668939,2.41925089528,1.25625478562,0.26883456915,0.197162649982,-0.0640200031012,-2.94836456494,-1.53873624832,-0.455658880865,-0.608326738015,0.138601029809,0.0429260667898,-0.950271118782,0.0956722385285,0.592446418585,-0.209952558947,-0.0460131450625,0.0563830594199,0.482926344473,0.269206610274,-0.124351533166,0.0303057170048,-0.426880636651,-0.755762892068,1.35431785068,0.998551659965,-0.675222297015,-0.295210463282,-0.658086103947,-0.707400159297,-0.403920271564,-0.338593604811,-0.535863183118,0.151708483116,0.048913758124,0.437307760706,0.308487176882,0.354603870907,-0.00173479056717,0.444759374767,-0.316820620658,0.511040546944,0.340821913296,0.290300536648,-0.16704585924,-0.942216092092,-0.48595559052,-0.487654754108,-0.490469545807,-0.778290252905,-0.571985856857,-0.825585167849,-0.487674228289,0.108761307296,0.220456390264,-0.754058860417,-0.737639619553,-0.64912988367,-0.774239727587,0.420392031689,0.243998660136,2.41716319499,-0.279432843847,-0.246586801268,-0.704251036894,-0.669674206972,0.451317365828,-0.778658261078,-0.576905761317,-0.574529928192,-0.579150882049,0.119591748943,-0.774112411107,0.246737449039,-0.276643457698,-1.05739097974,-1.274558828,0.217582192434,0.50427819883,-1.44257360808,-0.799669190395,-0.037128261851,0.565346858684,0.594815585419,-0.743243486142,-0.540309745649,0.100406646817,0.100406646817,-0.100406646817,-0.72991701151,-0.0176976804065,-0.469354544305,-0.470462093439,-0.470215861177,-0.00685733143941,0.0404910095723,-0.795407260483,0.0520655400601,-0.357707849985,-0.46274515453,-0.506585112908,-0.42100967563,-0.520822724671,-0.434172972189,0.984225796923,-0.711074448443,0.371331836377,1.16393259001,1.19052499981,-0.14685248867,1.16303622978,0.0802318230896,1.10931479412,1.11319694956,0.126503195418,-0.631083859397,1.01850935404,-1.68195824251,-0.00843220705692,-0.522768060479,-0.613437239303,-0.573806700156,-0.719518565772,-0.476381256386,0.216917200239,-0.125431722738,-0.365990300328,-0.621471346036,1.05967197714,4910460000.0,01030318,0.05585831
552,600452.XSHG,600452,2011-05-31,1.00140063393,0.0911398155025,-0.13518457088,-0.254112962298,-0.276052177409,-1.42020352766,-0.568933957492,-0.502197100049,-0.89706322774,-0.370354004142,5.49538545513e-16,-0.82004569796,0.463494597582,0.0888332708112,1.21986843486,-0.458192716095,0.0,1.16489487919e-16,0.0,9.25551502565e-16,1.91283012495e-15,-7.54164495547e-16,-0.437331264299,0.0949105531112,8.35104513772e-16,-0.229153467696,0.0,-1.611144115,-3.69900589935,0.0,-4.25302571307e-16,0.0,-4.2650176763e-16,4.1071761652e-16,-0.177401334839,0.0787933631301,-0.0949105531112,1.36987789893,-3.19369055297,-1.3965599445,-1.05913598742,-0.176912408799,-0.840824916345,1.24038193611,-0.833959801511,6.97508101931e-16,0.0,0.426704833654,-0.418123157882,0.173702783838,-2.30137567767,-1.46915906056,-1.8846140742,-0.359057841508,-0.194668903862,-0.654268668,0.0,-4.09893914145e-16,4.20937571627e-16,4.23551689725e-16,-3.96216507129e-16,7.19354840164e-17,7.44613870949e-16,-0.587272374953,-1.04834851776,-2.07460807849,-1.6988504842,-0.275818411193,-0.0888332708112,-1.70757689237,-1.6988504842,-0.777198628276,-2.33058640713,-1.8202755253,-1.8202755253,0.256955685294,-0.600687319521,-0.361521886496,1.08914774416,0.0753822364743,-0.167785823399,-0.548061530293,0.0,-0.363706869551,-2.27060695123e-15,-1.02118124024e-15,-6.02876103154e-15,-3.73692801709,-1.37648249498,-3.32428371667,-0.702807870351,-2.14971698933e-16,0.0,-7.97284617742e-17,0.833959801511,0.0934956419922,-1.60854402933,-0.271302327948,0.0,-0.685566857557,2.36849715317,-1.21388552107,-0.97152735135,-9.00093535524e-17,0.0,1.45228912888e-16,2.11285619979e-16,-6.98364852333e-17,0.0,-8.73531842671e-17,-1.45723447908,-4.72105146629e-17,7.84378319481e-18,0.0,4.12252995105e-17,0.223585337171,0.0,1.10755179929e-16,0.0,4.76632262653e-17,0.0,-0.940194590999,-0.358464164773,3.02965609315,-0.255861950871,0.0250833793427,-1.94041441733,0.0,6.7457069271e-16,5.62814649962e-17,3.3028714914e-16,0.0,0.0,0.0,-4.16172459046e-16,3.50090253763e-16,1.29930481487e-16,-1.3452966874e-16,0.0,0.0,0.0,0.0,-2.9844133999e-16,4.20588083198e-16,1.88155945581e-16,7.26928724079e-17,-2.35453876298e-16,0.0,-2.01932753107e-16,0.0,-8.17062146321e-17,-3.40117025907e-16,0.0,-2.090781967e-16,2.89574092709e-16,-7.01018719346e-16,3.08545217308e-16,0.0,2.59650889451e-16,1.66743499146e-16,1.60947371589e-16,0.0,-1.4571869435e-16,0.0,-1.44265159606e-16,0.0,1.14024033079e-16,0.0,1.96499003585e-16,-8.65240103468e-17,8.86426761689e-17,-2.68746049646e-16,-1.26942249457e-16,-1.00912770199e-16,3.08452918378e-16,6.80568560199e-17,8.64428133391e-17,-1.23690950542e-15,0.0,5.08727948564e-16,0.0,-1.37474851484e-16,2.19509759241e-16,0.0,-1.7333761503e-16,-3.42592381127e-16,1.73575035045e-16,0.0,0.0,2.36018150191e-16,0.0,0.0,2.25847866789e-16,3.79315152459e-16,5.29214516068e-16,6.95170423727e-16,0.0,1.66822400035e-16,-5.29853786987e-16,0.0,0.0,8.02017491732e-17,0.0,3.06599216977e-16,0.0,-8.22843448044e-17,5.21724100036e-17,-1.2073594997e-16,-2.4154074889e-16,-1.20296087264e-16,1.96734490274e-16,-8.58054065186e-17,8.54621069791e-16,0.0,0.0,2.22954906736e-16,-8.48305281883e-17,-1.02027233342e-16,4.73728236734e-16,-3.73640500362e-16,-1.37026935172e-15,1.49071455039e-16,3.45129461187e-17,4.23569028173e-16,-4.17262358418e-16,0.0,0.0,7.10618616693e-15,4.2547926075e-16,0.0,-6.33705214103e-15,-1.05607289725e-15,0.0,0.0,-4.50063446926e-16,0.0,2.34600996004e-16,4.6621809094e-17,0.0,0.0,0.0,-9.64260712383e-16,0.0,0.0,2.32271145124,1784000000.0,01030318,0.12825112
555,600461.XSHG,600461,2011-05-31,0.0325160227247,0.161225509691,0.274213252779,0.292443153309,-0.135901117627,-0.411217185917,-0.234728996897,-0.502197100049,0.715237281764,-0.387409036643,0.794431898833,-0.176872601521,0.0158246133945,-0.806559885125,1.07206971259,-0.442389020265,-0.269824660901,-0.53179916889,-0.272049039817,-0.849860940168,-0.68596424265,-0.355865541139,-0.429286898072,0.090733268742,-1.14865466429,0.567266408278,-1.46342424148,0.134681714044,0.402195333717,1.35854093159,1.61222039025,1.3871747447,1.34813886065,1.49095904621,0.647710966475,1.74739658234,-0.090733268742,-0.40728008801,-0.0033729669272,-0.104102685123,1.29568212304,0.0386807078268,-2.08505308024,0.629855950383,0.976258928519,-0.0820389950461,-0.154449002455,4.96766162677,-0.43159723132,0.316833743099,-0.873925220595,-0.81786125019,-0.933049593867,0.934071906792,-0.452772414763,0.644227877854,1.34742451606,1.66227833996,1.38230166128,1.33452255745,1.45397311127,-0.48009743117,0.149781179313,-0.138497659948,3.1592975249,4.9210627219,-0.149211834605,-0.0612781431956,0.806559885125,5.57957713036,-0.149211834605,0.580083911523,4.78449757711,0.0620875338876,0.0620875338876,2.00371594541,4.27377909239,0.548289398454,-0.821443942593,-0.322391411716,-0.127134114702,-0.188578388376,0.409790843788,-0.346661896072,0.0506063372795,-0.24992844715,-0.145732089903,0.621335520322,0.150019492361,0.284140902178,-0.0864922288458,-0.62282663181,-0.684468049702,0.978467348389,-0.976258928519,-0.970395810536,0.317203268422,-0.0716076776369,-0.715566323994,5.82108394835,-0.0904150231509,-0.213002512189,0.946272642414,-0.448881669644,-0.49748073975,-0.741981921614,-0.266539054104,-0.408010076026,-0.868142951466,-0.55992071881,0.724900160975,-0.896217454767,-1.1991193825,-0.428846085726,-0.287223616543,-0.073154649489,-0.670331605044,-0.120224325223,-0.699236154261,-0.27173385738,-0.268395425963,0.0680410942051,0.560347507126,0.390359715736,2.46686091864,3.74791809718,0.831606178857,-0.929334835036,-1.49407246012,-1.74735289788,1.47006025684,-0.271382276584,0.0558816748706,-1.47641468176,-0.0133814455434,-0.01648532988,0.195845210609,0.0768515081283,-0.0388118200244,-0.481193576462,1.7042014865,1.10813615833,-0.399366519452,-0.86986615297,-0.345517985069,-1.2772984627,-0.0680815069966,-0.0580447343292,0.116762409821,-0.0302352903225,-0.330355062434,0.319669290731,-0.684979814172,-0.200566135659,-0.731523574828,1.26976093175,0.122281643061,-0.3117292663,-0.870171081586,-1.67410838856,0.441459438577,-1.03511367921,-0.633746132825,-0.635877310902,-0.634240198843,-1.15597192002,-0.739020617158,-1.0732904145,-0.840969525568,0.250869722498,0.343135692324,-0.881469271151,-0.865608608013,-0.785774063515,-0.89656758416,0.461815148915,0.868179210453,-1.32902844373,-0.0314029496876,-0.95189693138,-0.801017240612,-0.758632258488,0.534308998497,-1.15562836204,-0.756218974954,-0.754724249285,-0.758631071179,-0.0571389012241,-0.561439196809,0.435638048263,0.848017905802,-1.37914929033,-1.38631580752,-0.983181012208,-0.559926431072,0.872581342353,1.23173088091,-1.1640802098,0.416206276332,-1.68259477245,-1.07384729192,-0.725820302815,0.0578780031413,0.0578780031413,-0.0578780031413,-0.262769227867,-0.285838193508,-0.709082977295,-0.71026907643,-0.709649932304,0.197280150642,-0.236504305911,0.318444017237,-0.293899172575,-0.118295688798,-0.448286119788,-0.162441017095,-0.943334717217,-1.21023086476,-0.95581840983,-0.515362326735,-0.0928878645078,-0.726829801013,1.36434827243,1.4030370623,-0.158143262046,1.37403940487,-0.0413811629293,1.33250281939,1.34968599539,-0.207409488815,-2.01287696292,-0.932115496125,-1.94035350267,-0.780300018104,-0.658736498825,-0.245546892063,-0.14933951125,-0.532007666813,-0.346308022131,-0.299987154193,0.141206630219,-0.700450128802,-0.621471346036,0.338039468028,3429800000.0,01030318,0.01449697
559,600505.XSHG,600505,2011-05-31,0.155133027334,0.138271014818,1.82338999395,0.0257606829323,0.0804190876564,-1.03065244932,-0.649688254417,-0.502197100049,0.16881112795,-0.14698809462,0.614259063169,-0.82004569796,-1.3092785398,-0.833277261552,0.47618280059,-0.773564246218,-0.0186340955185,1.07387062661,-0.153286514821,1.51190543344,-0.412593601712,0.853102595153,-0.595170197432,-0.402783041728,2.53409340411,2.83648593895,0.966800558942,1.8106050416,0.4598920461,0.676825901972,0.368963059835,0.726118236648,0.597540897227,0.542012750996,3.04268963453,-0.383759420427,0.402783041728,-0.284107146232,0.870098185446,0.531868347271,-0.490387545489,-0.715529484697,0.980306318861,-0.374590267064,1.34732869589,0.44130112313,1.05480633757,-0.418515896841,-0.483982950977,2.20509081003,5.39237356071,-0.530819948113,-0.174401665513,-0.778643479361,-0.162632423036,-0.862901461916,0.689371570479,0.203570657927,0.826188007091,0.573045670433,0.490039953677,-0.073723344306,0.0980490851133,-0.631001521388,0.686009631811,0.0238045871161,2.0732438891,-0.147815093283,0.833277261552,-0.0208114773727,2.0732438891,0.267218783705,1.39383316254,3.46672737577,3.46672737577,0.315571801405,-0.183103256026,-0.0353284306552,1.84950054204,0.129828774114,-0.142091015487,0.639595851236,-0.848313382423,-0.663873865744,-0.597716015594,-0.257286833475,-0.933114742022,2.62718693152,0.869656143535,3.86397628957,3.30480409219,-0.615819671782,0.393738913238,1.33983043558,-1.34732869589,-1.17621870662,-0.0749651764438,0.109932913555,-0.0136823552819,-0.486512632514,-0.293018830651,1.85674303075,-0.0664849568967,0.308666481438,0.704425378786,1.27564039633,0.171933268694,0.121382529502,1.52829198009,0.129140733685,0.120979655187,1.52523795314,-0.53417332936,0.0,4.12252995105e-17,0.223585337171,0.0,1.10755179929e-16,0.0,4.76632262653e-17,0.0,-1.40399570438,-0.47905819671,-1.58523746586,-0.8082416985,-0.231702486824,-0.554404119238,0.473466337785,0.504929118654,0.836613359491,-0.912884436186,-0.206292210983,-1.77048623684,0.384226279093,1.55426143803,1.19281775013,-0.572726450778,-0.79658261004,0.503422775464,0.363017352791,0.601721952814,0.972892950008,0.0164878398043,-0.101929158872,0.255819259095,0.832047131895,-0.215807087417,-0.530795366611,0.0630722743839,-0.664178828027,-0.337217741685,1.79635375661,1.71070340995,1.0250262669,1.41558910281,-0.432886952166,-0.582505281491,1.5893963612,1.03033718892,0.212563549487,-1.02968094552,2.76837895917,-0.407951559347,-0.409817979589,-0.405657101977,1.59914152839,0.429042414557,1.63898692186,0.0778797729799,0.0469524089815,-0.0456437126209,0.149554943832,0.151579300597,0.133488450962,0.143983660754,-0.250968334213,0.289286860373,0.349655348577,-0.295444276791,0.747957688269,-0.30175494131,0.239026105172,0.0681421803265,1.60385897358,-0.222909447899,-0.207490698564,-0.219795143548,-0.701876978727,-1.28843222796,-0.638090814971,-0.778705704795,-0.159492277994,-0.0495548489359,0.248747690984,0.427965661121,-0.447673838774,-0.405553262431,-0.318866248838,0.565346858684,0.0692593489872,0.67298056684,-0.322724933272,-0.672841420007,-0.672841420007,0.672841420007,-0.825599668765,-1.0900717619,-0.0234578747759,-0.0244059948152,-0.0174210259693,-1.16363639657,-0.39478734333,-0.588374076778,-1.03322102423,-1.63160916389,-1.34153315499,-1.28961990285,1.96861303057,1.9464162247,1.45805378468,0.565822196989,-0.37579818865,-0.915524845427,0.697623359161,0.713471006535,1.0920178865,0.671518719976,0.457872148096,0.491391991373,0.54407090121,0.611675471655,-0.129486835587,0.617923998516,-0.680066433181,0.175316284153,-0.589465824268,-0.948997188423,-0.588756276655,0.129489115625,-0.53376098213,1.03063618137,-1.22064658619,0.334877758145,0.963021724406,-0.526578250187,4575322125.0,01030318,-0.03505976
573,600674.XSHG,600674,2011-05-31,0.361101466335,0.116859713845,-0.13518457088,0.932542012929,-0.171736475628,0.294892547036,-0.381062686018,3.54622481973,1.81740924552,2.08625837885,-0.485092222574,-0.568806207163,-1.11230374676,-0.116962736803,-0.873987245745,1.8299483113,-0.30480056241,-0.382573351465,-0.340931304315,-0.386761321199,-0.552724770596,0.038293054778,-0.680906205907,-0.649242819508,-0.619109190401,0.374509713658,-1.17322971501,1.37642801374,0.479381202764,1.01319310686,1.28009133047,1.07102448155,0.980378992255,1.16365326786,0.455457677598,0.819715016429,0.649242819508,-1.18316125792,-0.0234198458341,-0.260018164032,2.97199332032,0.398201597803,-1.14328922138,-0.590390046179,1.50994035071,-0.425068652338,0.0183017604065,-0.54647760106,-0.188825258176,-0.429476849586,0.318452711382,0.529867903993,0.370418458687,0.0741584032251,0.0744023444735,0.593889151415,1.00566199368,1.21187788366,1.10990834038,0.942959010402,1.17672188142,-0.481415578489,-0.466733551331,-0.273512849471,-0.251048296116,-0.00386286562389,1.17028246109,4.39683079347,0.116962736803,0.0227901640369,1.17028246109,-0.326304767597,0.0432546325509,1.58849532548,1.58849532548,-0.325297734745,-0.0118683275499,1.4735461458,-0.805321058892,-0.108123286854,-0.122495466159,1.26222399103,-1.47698813973,2.05028749941,-0.391152742281,-0.453203869375,0.983754748999,0.00592770515933,0.181172594144,-0.272962770239,0.216984713617,-0.739966302943,-0.727596328219,-1.45656833532,-1.50994035071,0.09633457849,-0.126258637086,-0.144223914114,-0.403279079034,-0.0843230442155,-1.24091521574,0.728480911599,-0.0820985770054,-0.459259041577,-0.457981477638,-0.608031892207,-0.315258201081,-0.452293868124,-0.419849119004,-0.444491135698,1.95692158343,-0.128754206629,0.729224171616,-0.310815052958,-0.130673212812,1.48473028047,-1.18843204728,-0.934261008098,-2.29918328689,-0.241617608227,-0.865423390464,0.169309099111,-0.0512365119816,-0.122562805021,-0.455658880865,0.168979096025,-0.554404119238,-0.624723338956,-0.856093232852,-0.424852079345,-0.448195346235,-0.155220269325,-0.421347228614,-0.149732495546,-0.0414955575156,-0.245417281924,0.246373333462,-0.201256943163,0.93061699809,-0.675281784752,1.1663125066,1.04029037163,0.373348452029,-0.0968386029726,0.5392163543,-0.909545804356,-0.686534086093,-0.705635683609,-0.656106123535,0.620823260813,-0.487175562678,0.235384696846,0.0330266089673,-0.239736882391,1.06712669546,-1.67319615365,-0.371291534385,0.49029305302,-0.234972747461,-0.681254573554,-0.27011846597,-0.719261883003,-0.263703381176,-0.264266620027,-0.262649430261,-0.432262578639,-0.545408862557,-0.608476193856,-0.79702608614,0.00185951374893,0.0840851586199,-0.653885599434,-0.630877977302,-0.525447690169,-0.712852973484,0.25384309965,0.335234443958,0.214291100516,-0.406432920588,-1.02813709665,-0.438264553314,-0.587431699623,0.174810401471,-0.432202831126,-0.477103803929,-0.471169336525,-0.479238563209,-0.477433629657,-0.0990492370865,0.0467380759788,-0.598529549038,-0.0184916973598,0.23925875136,-0.724771090526,0.278260214318,1.03583139202,0.185567976198,-0.13104092418,0.565346858684,0.419630173275,-1.14492711016,-0.989349318602,-0.386187315235,-0.386187315235,0.386187315235,-0.753115053122,-0.833679431107,0.0577914279502,0.0565205865692,0.0569913001214,-0.335745497014,-0.592641140104,-1.12251319577,-0.839859924568,-0.797794395615,0.700403862533,-0.875179943769,-0.0541300367871,0.411775730277,-0.241458637524,0.265904572257,-0.662736661689,-0.844150245431,1.0276594639,1.09278401473,-0.177999449705,1.03065571504,-0.0893862889894,0.930342812489,0.999706462846,-0.261634625571,-0.258597173059,-0.486174991357,0.0508522512743,-0.662796501655,-0.988464909718,-0.337466651425,-0.457233598019,-0.901820828648,0.213747364396,-0.553643444813,-0.412914767783,-0.208245067794,-1.32577851585,0.232342747732,13266143801.1,01030318,0.00843882
655,600642.XSHG,600642,2011-05-31,-0.139529373064,0.23326427008,-0.99049927289,0.132919598967,-0.0860186053112,0.968475152175,-0.700806855049,-0.502197100049,-0.599815248196,1.5883614623,-0.298484642779,0.436151756023,2.05719974129,-0.0945779079048,0.377569422131,0.567759804322,-0.126741427455,0.0292899046296,-0.143785512821,-0.477213722024,2.52901232871,-1.70748478496,-0.861777429711,-1.78665767774,-1.30511128157,1.16746689452,0.189449689091,-0.559133176484,0.0695583716775,-0.522707845393,-0.519635406497,-0.532239740977,-0.507995639967,-0.555626922326,1.28815094456,0.910840973789,1.78665767774,-0.340696865329,1.21662280655,1.60686454396,-0.935408256195,-0.0756464873705,-0.510863856308,0.400253851129,-0.895565979106,0.0159694784658,-1.72840039741,-0.570891347259,-0.416320015018,0.157618890346,-0.0399263493067,1.17120246195,1.57671069229,-0.79582989673,0.00944961778703,-0.954481554594,-0.540167130768,-0.561803220605,-0.510328364551,-0.512826665232,-0.587425686606,0.834563175169,-1.84979813723,-0.470120019782,-0.177762963966,-0.285267634944,-0.296958827232,-0.1208312229,0.0945779079048,-0.274569689255,-0.296958827232,-0.781799586038,-0.366130360578,-0.182330493184,-0.182330493184,-0.258866136486,-0.207186483265,0.843591929503,-1.30710835385,-0.326108302928,-0.138402112214,-0.669861131847,-0.219638625114,0.668516671428,0.306253952766,-0.384218997579,0.989184974186,0.331484740484,0.670276292127,-0.166332663729,0.341808134681,-0.49501314592,-1.02145341236,-0.994954280382,0.895565979106,0.251056617617,-0.284089048048,-0.334841534866,1.0031794435,-0.296015632753,0.823004663604,-0.375691375815,-0.235934976332,-0.573410132836,-1.02225665066,-0.737795983195,-1.06431508586,-0.486513162017,-0.98990177016,0.523178865376,0.0690802367204,-0.226728238306,0.529740355672,1.19408061484,-0.918178184899,-0.926282111135,0.711026334616,-1.78820144994,-1.14366591333,-0.320482254975,-0.459258770055,1.73277281121,1.49925818435,-0.150745361107,-0.543804585273,-0.523565735639,0.138601029809,-0.59579375553,0.478802350299,0.0478172564412,-1.13838656819,-0.155778688551,0.0345998453909,-0.221798260235,-0.922404399312,-0.924329806375,0.684244721193,0.0790932188625,0.65360700012,0.600558332305,-0.420078337614,-0.564876947588,0.304261652126,-0.0768270949983,0.529575652274,0.682204469077,-0.0547139656908,-0.549412874203,0.564955110396,0.422603023597,-0.15900886442,-0.806933504409,-0.748575591725,-0.660822409759,-0.792556661146,0.338650960071,0.128951550864,-0.755327387174,-0.729964380073,-0.340090436819,0.576135179298,-0.537448033925,0.91885286227,0.918228085963,0.914356716087,0.679087692371,-0.121296263811,0.611671717059,-0.300606259966,-0.630391919184,-0.665045661796,0.0600901951917,0.110574934343,0.277177217738,-0.0667421402022,-0.55486368594,-1.79579764532,-0.0210644336632,-0.361846657117,-0.097535971526,-0.271660759102,0.410313793104,-0.658813115489,0.680632902211,0.424355768961,0.432176811467,0.419871767746,-0.295013490656,0.483165409803,-0.22329960891,-0.667426726518,0.480800790543,0.6007461736,-0.704848233283,-0.6518202521,1.33507423147,1.40086503578,-0.318866248838,0.416206276332,-0.105926063157,0.348575582424,0.259234976592,-1.24007410903,-1.24007410903,1.24007410903,0.152646181829,-0.233018365831,0.562143382064,0.561006144368,0.56017031881,0.288007920455,-0.0386505091372,-0.176580948879,-0.276837899075,0.0493563285847,0.957453369066,0.185370688975,-0.210126827303,-0.44009708775,-1.45474703003,-0.287029978689,0.494819059447,-0.150610469341,-0.524995760422,-0.538252524581,-1.02325010479,-0.518850896791,-0.444624221834,-0.487396961704,-0.473608165043,-0.706851537882,0.263989987925,1.02271398295,-0.483078105326,-0.39438036426,-0.425789116099,0.697951327596,0.166953214002,-0.792439470923,0.293153628554,-0.714404413256,0.113413707436,0.176134138063,-1.32577851585,-0.565597309829,25251653480.4,01030318,-0.03729619
657,600644.XSHG,600644,2011-05-31,0.505453313162,0.107805486592,0.627871466644,-0.127331536714,-0.402471901271,-0.452198785444,0.26526923653,-0.502197100049,-0.214275789581,-0.327716422891,1.40622757158,-0.38791377379,-0.413938571425,-0.510502470662,1.67847322771,-0.593636242581,-0.676816969369,-0.0900907493109,-0.568955352308,1.1050780454,-0.65724883919,1.66077958015,0.439928042169,0.743583140149,1.39075658549,0.367584323432,1.25082073379,-0.545239511592,0.120208157357,0.961506773598,1.17017174328,1.06035922845,0.894951714606,1.17412723774,0.448179950574,-0.764202242406,-0.743583140149,1.05249385736,-0.209569435684,-0.177957385659,-0.175081391716,-0.443526592559,0.8824813251,-0.0908871027382,-0.0216178783395,1.25301232683,1.89936562267,-0.196266621093,-0.284599544936,-0.325794646904,0.358238044132,-0.540384670431,-0.184242254774,0.401292968331,-0.256910650885,0.451363841618,0.948575082417,1.10716364262,1.13448179612,0.855833617579,1.29475997542,-0.558026057669,-0.555678380567,-0.32988517087,-0.344588368309,-0.0450962951913,-0.537331819083,-0.010699796144,0.510502470662,-0.126629582469,-0.537331819083,0.207406332799,0.0630919671145,-0.454288579643,-0.454288579643,4.02445227417,0.826164324266,0.212534465891,1.48556689954,-0.312360540337,-0.104885430813,-0.50943355069,-0.848313382423,-0.605344434753,-0.340023219184,-0.479878019802,-0.311353958107,-0.208309827764,0.00671522416199,0.0847889639203,0.325425060666,-0.710994520031,1.29029541496,-0.235747094815,0.0216178783395,-0.27485636859,-0.266934310989,-0.316687475746,-0.560767994068,-0.252044659761,0.780440838499,-0.513630412318,-0.124245964353,0.18673236123,1.60726565562,1.12913255167,1.682226825,0.0911890348898,2.10941361476,-0.341030862231,0.358655401117,-4.72105146629e-17,-0.16845300013,-0.0599991083241,4.12252995105e-17,1.7443777688,-0.0427733228954,1.10755179929e-16,0.69331042414,0.0691829416574,0.369774880133,-0.381792018495,0.772822706253,0.79337026776,-0.792571351049,1.26082333465,0.138601029809,0.291380136218,-0.175582057099,0.428021033618,-0.936089141062,0.103853827503,-0.785717945463,0.0631042188209,0.874649637953,0.478587899747,0.0334647347364,-0.629787214059,1.04863026476,-1.28963094211,0.971494978207,1.22770696954,0.183218520958,-0.124839620046,0.423483795664,-0.136311012624,-0.397259696942,-0.736155593881,0.00795547962049,-0.0234193867324,-0.385247297136,1.15271202375,0.878789883013,0.76439014441,1.61955437418,-0.840548476597,-0.302369153751,1.51372903041,0.831896177685,0.0573617930757,-0.126672130725,0.574668794744,0.0511425892641,0.0518514967811,0.0500066725979,1.33354555413,0.278886368506,0.960844120436,-0.128380610046,-0.140545366436,-0.0781208696748,-0.062975642518,-0.0585803647065,-0.0243348456776,-0.04962763858,0.0917304031726,0.0762598090057,0.0691783983773,-0.328869761467,2.13738520875,-0.548668571185,-0.0656084907884,-0.0827157487433,1.32934390746,-0.159197449834,-0.153361389711,-0.161629858178,-0.890107044512,-0.335702370024,-0.264187031119,-0.855178421103,-0.0350074300619,0.229570603648,0.0465296222874,0.219644201067,-0.148656023362,0.163582291175,-0.412778911168,0.565346858684,-0.105926063157,-1.7172849489,-1.5528159642,-0.538627648409,-0.538627648409,0.538627648409,-0.641275293401,-1.48114525472,0.109128732589,0.106618155968,0.109119291028,-0.846089202217,-0.988348733651,-0.278155063582,-1.54790277481,-1.4296646884,-0.625007655529,-1.01088152329,2.00125978158,1.44216768063,0.492420770513,1.28290919275,-0.350555122234,0.0721553771612,0.986360241773,1.09790478732,0.733049160568,0.97047185487,0.134637632624,0.809790619829,0.88512448823,-0.0390261694155,-0.550121901726,-0.756477787308,-0.119343228279,-0.270685284697,-1.01082944179,-0.877363169058,-0.71624760882,-0.490338578156,-0.536005158171,0.671368890888,-0.660445486327,-0.213237005533,-0.621471346036,0.894768414115,4531544218.28,01030318,0.04640664
687,600995.XSHG,600995,2011-05-31,-0.301613656953,0.598806987844,0.558677468279,0.077971368183,-0.0379824876812,-0.847493741512,-0.64439191512,-0.502197100049,-0.156886328184,-0.209293979481,0.538032094234,-0.247219658944,-0.342311373955,-0.513390835682,2.32459714383,-0.553249019904,-0.517835598874,-0.591489495861,-0.49057208581,1.17802352994,0.592445519382,0.451981266606,-0.672523129522,-0.545407465189,0.367771010934,0.105573726554,0.0912774982205,-0.45015474249,0.146193699575,0.221895407645,0.397909429016,0.297923695927,0.162697326261,0.403076581026,0.198614561386,-0.315012452596,0.545407465189,0.300452611668,-0.117926560681,0.0928431829736,-0.747821050785,-0.452512748912,0.902046323852,0.0925729335679,0.136695671062,1.29824700691,0.766888399471,-0.514487175005,-0.497522432538,4.99461633403,0.184632147274,-0.429892201148,-0.429949467889,-0.376836893959,-0.197184380184,-0.713098263959,0.231087238775,0.427859424526,0.329576712956,0.155396961983,0.478262910286,-0.581768907835,-0.321267492466,-0.606991088199,-0.289716436196,-0.0338508144002,-0.277638066658,-0.109594905357,0.513390835682,-0.0613822438732,-0.277638066658,0.621492531382,-0.0967265589255,-0.271147184711,-0.271147184711,-0.211104856691,-0.0416275576846,0.703847269729,0.802532019778,-0.169605875883,-0.123159331039,-0.238017751613,-1.47698813973,-0.431009448655,-1.01697810499,-0.987606676218,-0.316784183294,0.64864030393,1.49894879954,0.312730133633,0.731881325507,-1.28594039904,0.66054944983,0.532939408619,-0.136695671062,0.000520471691254,-0.232089818529,-0.371149653104,-0.446687185456,-0.238221449689,1.36313960419,-0.310021834514,-0.0805966656522,-0.288032404688,0.29250450248,-0.197809927148,0.403349216837,-0.311390893268,0.349445235468,-0.634910853333,-0.505351963121,-0.0341820510518,-1.86406543565,-0.473107723015,-0.791036680541,-1.26011459613,-0.625089031215,-1.17208741153,-1.70661027481,-0.252779724805,-0.344183949954,-1.25479206078,0.195694124841,0.746869050219,0.686317689587,-0.121053703643,-0.554404119238,0.109861181385,0.0127737147608,-1.01208948665,-0.173903834753,-0.0382908859667,-0.635455331258,-0.834170561219,0.0203554888233,-0.0833359825431,-0.9523456714,-0.925041723128,-0.555617555983,-1.50851345474,0.284011524884,0.355351591471,-0.477844940754,-0.811170859597,-0.525033470677,-0.862140216215,-0.696846378742,-0.652271131358,-0.590053501905,-1.51788687865,-1.0678447007,0.344636830583,-0.294118146419,-0.0506627010504,0.439581372038,-0.790015022383,-1.03828231472,0.486824431745,-0.509539332241,-1.29745266837,-0.599341939786,0.0809844746192,-0.209401214993,-0.209848407428,-0.207626828205,-0.492558737906,-0.435807145006,-0.486736890152,-0.186123782811,-0.0515509623553,0.07600232595,-0.583895949175,-0.567376887024,-0.472667065372,-0.609775370211,0.355052809355,-0.0740868938798,-1.09701523666,-0.311532895265,0.698523474898,-0.486610055943,-0.47626563495,0.259976919095,-0.491479607471,0.0484980148643,0.0482185801957,0.0474437204376,-0.704362818048,-1.43054395738,7.53939609866e-05,-0.093554395303,-0.222092874477,-0.237723597148,-1.1014689733,1.8281212305,1.54682185373,0.548899264835,-0.224953586509,0.565346858684,0.244444761131,-1.18212003831,-1.11128927985,-1.06167473361,-1.06167473361,1.06167473361,-1.05298494565,-0.782833298059,-0.261572910306,-0.261399137838,-0.258629378826,-0.936816972031,-0.889421835264,-1.24923727777,-0.725170252708,-0.814940624665,-0.426597567674,-0.849506671968,-0.320036789869,0.859086965188,0.745965694115,0.64728130494,-1.86406493416,-1.64344628859,0.241090503064,0.327839246845,0.376416456717,0.22869978388,1.08833947035,0.0996273056706,0.115334452582,1.03406074744,-0.916481355599,-0.427541745885,-0.88088801504,-1.01840758312,-0.508122260716,-0.898916767805,-1.00348104492,-0.802856743087,-0.267870609303,-0.390433075859,-0.884525926272,-0.916101839101,-1.41371788126,0.332468980527,5062809312.0,01030318,0.01417769
700,600011.XSHG,600011,2011-05-31,-0.141629357819,0.234792649319,-0.884786219833,0.365093817151,-0.145645304639,2.24884358212,0.195940750224,1.09982128821,-0.389387223074,-0.500329856666,-0.664275097603,2.74755507135,2.39742892927,-0.679471824283,1.28078383599,-0.711988364687,-0.168076583784,-0.203502370554,-0.162787516821,-1.54805343501,0.0927974991809,-1.53986973361,0.39005297156,0.970350005903,-0.799636056499,-0.35611895517,0.506193927561,-0.68808375376,-0.137445100231,-1.06811330756,-1.05347923912,-1.06876582149,-1.06516972797,-1.07333698753,-0.359950987684,-0.793182228845,-0.970350005903,1.00625885282,0.125499826046,0.380055907281,-0.205015520238,-0.200467483093,0.521850807559,-0.122723111235,-1.02809089603,-1.95111084567,-1.30612075486,0.262543436795,-0.344582329746,-0.200264553589,0.116913093796,2.31099853823,2.29240854876,0.365142228346,-0.22822379397,0.499883096017,-1.07045639085,-1.05452318287,-1.04573112161,-1.06555072955,-1.08752623562,0.612213387922,-1.72755990918,0.698039751429,-0.0591806677217,-0.374666232239,-0.677691462079,0.213883340906,0.679471824283,-0.326548000689,-0.677691462079,-0.791001501562,-0.464477146247,-0.675986057719,-0.675986057719,0.17359054238,-0.0749409204736,-0.297165793179,-1.25202682924,-0.4531407543,-0.131536958869,-0.769889610954,-0.848313382423,-0.673398997982,-0.353316895189,-0.434807903562,-0.129441414342,-0.552770174818,-0.283008622414,-0.275280816033,0.118686269529,-0.782461881762,-0.956030006808,-1.24170379699,1.02809089603,-0.012964476673,-0.286889356818,-0.815924101525,1.31492857144,-0.0431167132376,0.42035087811,-0.627149619393,-0.265097088439,-0.646051736364,-1.10689792661,-0.963836657819,-1.19829274005,-0.532809853755,-1.17807448996,0.801974280745,0.56153494603,0.655718422008,-0.866646355932,-0.0157374710358,-1.12493165928,-2.00196456278,2.41273088575,0.385755338447,1.19699748441,-0.351263938001,-0.323767449614,1.79531135969,1.54232748147,0.452361339124,-0.955151205848,-0.438356460003,-0.554404119238,-1.15169555471,-0.0577077998707,-0.210518536691,-0.649302788493,-0.198715723024,-0.0724542059312,-0.163174814348,-0.981631461867,-0.955547799835,-0.138892631636,-0.473745970924,0.26585670783,0.279625173305,-1.04811248758,-1.01797022778,-0.0933197872299,-0.360449488687,-0.00980935673144,0.380732878537,-0.71814033522,-0.840288030115,-0.350914705774,-0.0220863077967,-0.178051419445,-0.833317913853,-0.751926988257,-0.855169576237,-0.488956180488,-1.20245167212,-0.316820620658,-0.817441401492,-0.687282606886,-0.019056345242,-0.462854092759,-0.526831166825,-0.0859943697639,-0.0857973437691,-0.0756644454848,-0.081516278528,-0.455471697622,-0.177273127599,-0.59351735335,-0.253366377555,-0.274443946148,-0.0680338823076,-0.0411100721538,0.0454277933395,-0.105957268753,-0.244966975583,-0.717090283987,-0.986439914689,-0.229858984155,0.96949341571,-0.332997296985,0.0923526980799,-0.00264043907978,-0.0819615572739,0.00697412312156,0.0141515528509,0.00878521458785,-0.555588225204,0.341987508953,-0.335562864775,-0.728922743254,0.460066581536,0.582056439825,-0.514342583877,0.198864191287,0.563202637417,1.30081203278,-0.506691573497,0.565346858684,-0.281111475301,0.36551902747,0.223115319823,-1.13237169972,-1.13237169972,1.13237169972,0.0780863420156,-0.188939185794,-0.134428014753,-0.135321090532,-0.132894091373,-0.426473266828,-0.236504305911,-0.889728658648,-0.235132563853,-0.0052575861688,0.520469207959,0.0845114068985,-0.365756025971,0.502608739644,-0.324585362103,0.472020799953,0.133359831828,-0.312944163234,-1.06810914512,-1.07034307831,-0.825077565207,-1.06916156402,0.192243783896,-1.06028934081,-1.05515292021,0.143626922815,0.220181576298,0.546975455903,-0.152255307582,-0.117989620256,-0.226586447693,0.688019767389,0.0243443325689,-1.01120218637,-0.234692394348,-0.669731546229,-0.240946058058,0.373814872504,0.170775189185,-0.395452659218,79272362601.6,01030318,-0.02754412
711,600167.XSHG,600167,2011-05-31,0.178829697415,0.135001089822,-0.185158014143,-4.2536756602,-0.194752499126,-1.0831218043,-0.858923411371,-0.502197100049,2.41337672925,0.692834715444,-0.946908859044,-0.82004569796,-1.3092785398,1.56189943058,-1.24433346936,-0.224649211048,2.47101416644,1.91550423689,2.05569645011,0.110518467667,-0.85021635044,0.852932772406,-0.533313255021,-0.126485518454,0.295560264495,1.76420468565,-1.68755320555,-0.081538445833,0.649938850629,0.883905619817,0.158102287808,0.59073337192,1.08198895263,0.251539277318,1.91615813898,0.842094005958,0.126485518454,-0.686375766448,-0.284029271624,-0.497994421315,-1.70970438065,0.0,-1.50180460392,-0.0579428787557,0.821527133629,0.281094964504,0.344608756922,-0.308233112285,-0.285955437657,-0.323694798335,-0.0567239096549,-0.918091569485,-0.572843024453,-1.44298740596,-0.121824358974,-1.8090269227,0.886460159024,0.0728970689088,0.389316039793,1.18301879555,0.168557896099,1.41067657036,2.25326482362,-5.15109869701e-16,-0.287506828191,-0.140712631865,0.237771634545,-0.0838223851919,-1.56189943058,-0.147344538541,0.237771634545,-0.616165106605,-0.0781690523983,1.04182514663,1.04182514663,0.134947325092,-0.218114115008,0.111771211212,0.888900329864,-0.267911729824,-0.113979861024,0.746949367282,1.66714035841,-0.0901099790751,4.10006456658,4.35918078708,1.53220749289,0.209663398234,-0.158396215285,0.131922561725,-0.0677687156861,2.8174394688,1.1766268165,0.794338780115,-0.821527133629,2.20211572569,-0.0584479080481,2.3247281261,-0.266597355508,-0.117498748389,-0.615226986696,0.466132744087,-0.151874875286,1.88862135818,-0.277413422271,1.1375044285,-0.516224682364,1.64313465794,0.100393106322,1.97438881416,2.61908769754e-15,-4.72105146629e-17,7.84378319481e-18,0.0,4.12252995105e-17,0.0,0.0,1.10755179929e-16,0.0,4.76632262653e-17,0.0,-0.639565121891,1.52222847615,1.44156905773,0.175072604016,0.0708072519333,0.831606178857,2.11110765842,2.64793172301,1.4747473791,-0.184613698542,-0.273918580684,2.70385718528,2.80571065219,1.62098559711,2.3611275054,2.25322046879,3.89925609717,-0.953242102704,4.24415413233,-0.399942724512,0.967594090129,2.48580173715,2.77039185071,-0.355414666181,3.36862207241,3.29808675023,3.35315609553,2.68948957089,0.937214495291,4.46834120587,0.0418479692239,2.26437026824,2.9240541998,2.55017852795,0.131554564636,4.0108378924,-0.20651442095,2.7213539617,3.12971169517,2.53306502212,0.578650119907,-0.645020807615,-0.645928488312,-0.651811140897,0.202749891507,1.90852318032,0.921540608124,1.25543397219,1.38438734986,1.43975839645,0.422092222244,0.285694364715,-0.182650347707,0.81107687525,1.15485507841,1.74517852904,0.834849834424,5.24158677112,0.662173630408,0.364762753611,0.0606991872884,1.31795959072,0.206396975792,-0.702754901234,-0.745745752825,-0.705821737608,4.55837099504,1.6930676605,2.28620136018,4.14994817918,1.44902069634,0.696178242795,3.30566777223,-2.39597063571,1.64528454699,1.51190503092,2.12286297172,-1.9700430413,1.64592805828,3.69924515394,3.7980944682,2.71343279263,2.71343279263,-2.71343279263,3.6511035563,3.93739838421,-0.589039069613,-0.590173094825,-0.61549618244,3.59957151866,4.4724160573,2.98363091538,3.94582729212,3.44430968059,-0.184007095883,3.36274370857,1.17645259803,-1.14078601555,0.166308235626,1.08049565178,0.118187137653,3.68838554628,0.809145565783,0.488344930829,1.92519909418,0.83061031847,-2.98249521954,1.30213123579,1.13910159581,-2.19946977595,3.40314693403,1.8374979418,3.06627552439,4.20601437029,3.35391576207,1.86078911097,3.50860349343,3.74428255666,-0.52588165039,0.414423249634,4.07911637715,3.92008744187,0.434593285414,-0.484588484873,3101700000.0,01030318,-0.03265306
726,600396.XSHG,600396,2011-05-31,-1.06459061819,0.00185678919088,-0.636841059025,0.326966583972,-0.14101065805,0.0782386421346,1.64898250999,-0.502197100049,-0.311886924777,-0.633606683222,-0.989477166371,-0.82004569796,-1.02276974992,-0.852051634177,-0.748435183917,-0.729665091134,0.000443668940917,-0.155750108978,0.115116791671,-0.605180943467,-0.7502867464,0.00144151866687,1.80598844387,1.46028578691,-0.318231080238,-0.434606711063,-1.01022683205,-0.31599404088,-0.291816838324,-0.35795168695,-0.267617638091,-0.357102569243,-0.365808923206,-0.330656222741,-0.395126668299,-1.0161671245,-1.46028578691,-0.0689458100083,-0.72792444742,-0.0999996462039,1.14202026329,-0.304942746076,0.875607136349,-0.542132299122,-0.521630808122,-0.433864284576,-0.48075599897,-0.472394509144,-0.382665767698,-0.0599010104137,0.204602580133,-1.02131086451,-0.679039383563,1.39040091971,-0.284202917301,1.3065157004,-0.355458836233,-0.252529317444,-0.370399477216,-0.323530416295,-0.340063165372,-0.490776246774,0.432554999599,1.14890233019,-0.493736908615,-0.416940910027,-0.766907915319,-1.51664084012,0.852051634177,-0.530547360716,-0.766907915319,-0.777198628276,-0.510830917939,-0.759983238853,-0.759983238853,-1.53322392009,-0.160611431468,-0.659766410383,-0.547175110564,-0.334129212117,-0.38564376069,-0.579086306998,1.0384656011,-0.633293178031,-0.141640669566,-0.382379400998,-1.41911989626,-0.78801138744,-0.734728598259,-0.850156172868,-0.0942936926623,-0.264600338592,-1.24221171934,-0.891543540009,0.521630808122,0.114787665725,-0.376510620829,-0.380226682664,-0.621037100505,0.0600965886367,-0.834856324238,-0.701729098459,-0.304537906369,-0.119400110783,-0.260485167081,-0.302458387622,-0.0899321463103,0.00463435033577,-0.430918102522,-0.601375640875,-0.204571242465,-1.76641736112,-1.79757083033,2.27849072841,-0.0896789894447,0.149400340506,1.34369264929,-0.3484738265,1.25625478562,6.44079813756,2.85842253527,0.949929864198,-0.346979018874,-0.011241708483,-0.64370305027,-0.999407801863,-1.24740926829,-1.94130300823,-0.193202435757,-2.54608499297,0.650755676991,-0.209232018009,0.0481428277871,0.0433141383623,-0.336881160637,-0.161853966095,-1.18585172148,-0.527259241356,-2.97231478434,-0.626985591727,-0.247338852386,-0.45286720182,-2.08030084245,-2.54159583155,-1.03375041969,-0.864963865206,-0.301870989944,0.467061976714,-0.860055884254,-1.21370836732,-0.41687449722,-0.488750546393,-0.427164550887,-0.349716286677,-0.901059925711,1.61919355209,-0.0867088014433,-0.232207911878,-0.423824976771,-0.274617335878,0.303449422253,-0.752439592689,-0.490413581514,-0.49113520278,-0.493008935159,-0.779281486924,-0.199144077747,-0.75541086296,-0.00770346301557,0.414314895801,0.509170539478,-0.402739995473,-0.426396040871,-0.483876362475,-0.333726924375,0.586037651313,1.07893613391,-0.268118112737,-0.303503110187,-0.619604079783,-0.250044072713,-0.528536257837,0.410192268519,-0.779569994714,-0.493934212521,-0.495763582264,-0.492016126721,0.11437437688,-0.209820281502,0.38667234853,0.355403780372,0.271190274539,0.329605178711,-0.246985526948,1.34708262417,-1.1918087739,-1.35030587863,-0.224953586509,0.565346858684,0.244444761131,-0.00186445169535,0.0202673274075,-0.228223781584,-0.228223781584,0.228223781584,0.00293358101074,0.120930870882,-0.573751300318,-0.569103713825,-0.567866537485,0.106552380828,0.119632528282,0.592808390298,0.146850392837,0.203037344519,-0.757548807335,0.226936938558,-1.2126187204,-0.610508987295,0.687112309658,-0.984369311912,-0.403860959294,0.0658759045135,-0.358225114045,-0.354538935465,0.073512260652,-0.359927141731,1.35076749281,-0.360856680794,-0.421338022092,1.29947852208,-0.501731999724,-0.806159438766,-0.0136492350527,-0.279179285859,0.342026832316,-0.279779078309,-0.596986942368,-0.771604926594,-0.522935551446,-0.278900603555,-0.478054430558,-0.343027386731,1.75526825963,0.403874611639,2796326000.0,01030318,0.0182704
786,600863.XSHG,600863,2011-05-31,0.342628508332,0.118280275271,-1.3153266541,0.380153028027,-0.147244922471,0.747045438825,0.762649055023,1.34851006328,0.582800063155,-0.612012811427,0.725629634665,-0.82004569796,-0.145336580913,-0.958921139885,1.01916310922,-0.686936580186,-0.498757834414,0.727666730181,-0.526200843309,-0.44886919089,-0.700896252449,0.0817676780244,0.690573558302,0.762679297265,0.319630513308,-0.159899565437,-0.812647579986,0.111236154539,0.557558045878,-0.191308642958,-0.118097310931,-0.157749833932,-0.217283588879,-0.123142139618,-0.108262928114,-0.76710024105,-0.762679297265,-0.189951485949,0.801366029193,0.470322763491,0.6331400784,-0.128354324718,0.856042137597,-0.464960202576,-0.212167218343,0.0605758991026,0.05669081882,-0.553212427597,-0.296669111506,-0.306168660096,-0.106867737954,0.836636445852,-0.0392985754477,0.900291707134,-0.318709257002,1.00630281381,-0.191953573967,-0.0921351593543,-0.135162548416,-0.240434632501,-0.127585674183,0.717754264781,-0.251164819692,0.0343310620368,-0.215878702044,-0.235347220215,0.0775229733109,-0.0324086241966,0.958921139885,-0.212305495255,0.0775229733109,-1.59627788835e-16,-0.26602381136,0.344373142618,0.344373142618,-1.23623559846,-0.149630752969,0.428770939437,0.468626498968,-0.379764113393,-0.129478924089,-0.40486169424,-0.848313382423,-0.649711498073,-0.59055788236,-0.229692884757,-0.751202198257,0.12354831147,-0.812611352716,0.393089054481,-0.191031843987,-1.28644262502,0.0976888657869,1.03936478439,0.212167218343,-0.75179770021,-0.103264231738,-0.24407123927,-0.396283557751,-0.276663138652,-0.497325191155,-0.0773734595504,-0.196822701511,0.223053162994,1.37027008295,1.52679670147,1.09759706127,0.0428794435108,1.37332621084,-0.595971256611,1.47744172873,-0.321980769104,-1.86406543565,0.508025236875,-0.526653645778,-0.221524642819,-0.396930244914,-2.10743152165,-0.580721551844,-0.264027703819,-0.612073181694,0.128357460763,0.956585040633,0.352313265021,-0.420400599101,-0.1288611296,0.138601029809,0.415039924198,1.69521607696,0.460059538575,-1.14850143954,-0.102156031973,-0.427151363926,-0.56644437841,-0.278778662561,-0.455429237932,-0.375178167338,-0.529349485149,0.37760566255,-0.563807797007,-0.167562428737,-0.107666860877,-0.169231893383,-0.301712760556,-0.680283904216,-1.42304683448,-0.848336343625,-0.808113498669,-0.791832012176,-0.576002106818,-0.739116845026,0.0305896000271,-0.327712868275,-0.135030463242,0.333164708715,-0.800620930872,-0.574723722387,0.343647453548,-0.197786983423,-0.459777142706,-0.417913856351,-0.392793219695,0.561857098672,0.566834660047,0.553848967442,2.28260813719,0.371924704318,3.00823542774,1.15241993074,-0.181678651669,-0.725420531563,0.607802959241,0.669687908313,0.738827223669,0.325341093359,-1.79910681364,-0.749185950958,0.758533365353,-0.394799899136,0.0589287372721,0.457860074935,1.51248784155,-0.421948372336,2.28073406448,0.708959608911,0.719044361356,0.716339120282,-0.53181377356,-0.212751604334,-1.22466056932,-0.923199745022,0.425323847442,0.550118609048,-0.826232458362,0.404966137751,0.501056867581,0.295028371831,-0.224953586509,0.565346858684,0.244444761131,-0.279158393788,-0.386584486439,-1.52175733337,-1.52175733337,1.52175733337,-0.433678761277,-0.449184920382,0.686399624978,0.688536578417,0.696559761728,-0.630610748909,-0.513499621394,-0.407212523709,-0.455981270823,-0.606010648457,0.0553702570759,-0.456461106057,-0.735691272051,0.973121594681,0.305343572029,-0.59435297687,-0.18566956075,-0.493556718101,-0.181964230713,-0.147828849257,-0.163593980227,-0.182756407553,0.553882400216,-0.249885429336,-0.223075308182,0.397628879197,-0.74652775599,-0.319050132667,-0.741458391845,-0.730533152235,-0.0276806536072,-0.359442869756,-0.406673794354,-0.0319786029232,-0.519119463552,0.354610918275,-0.843705070933,-0.559677484578,-0.885289442264,-0.393677423991,18048914200.0,01030318,-0.02744237
790,600900.XSHG,600900,2011-05-31,-0.3426559248,1.226475387,-0.977044884319,0.68890804968,-0.165500811716,1.9594554053,-0.574587353371,2.82907579394,2.56249122724,-0.577627665257,-1.76907116684,2.65710885466,1.6632501552,-1.24414718553,0.454097934045,-0.961569694392,-0.069508134077,-0.0841217166138,-0.150911264321,-1.71020082635,1.21614408253,-2.11013451823,-0.510153948041,-0.0632294980067,-2.00314849715,-0.133352236238,-0.917611557647,1.98080243652,0.261146691422,-0.656581180863,-0.566658292413,-0.644993458885,-0.649414039447,-0.609014110954,-0.0788487813931,-0.561503337255,0.0632294980067,-0.997619221478,1.17080136905,0.499044035922,2.43717022404,-0.398416684753,1.29387508265,-0.669677826834,2.69979919937,-2.1760277272,-2.28504174441,-0.570049493942,-0.395125131329,0.00596399062697,0.243641354646,2.74131141004,2.36518790684,-0.987843663206,-0.162971295494,-0.590587146602,-0.66916410226,-0.572671534296,-0.637555832137,-0.656318896761,-0.609686083016,-3.64499546558,-1.65900820368,-0.388113371163,-0.342562894305,0.146880126885,1.39247120769,-0.12855880188,1.24414718553,0.0837656395715,1.39247120769,-0.767996712752,0.28806173913,2.01123523709,2.01123523709,2.38580618377,0.261746840071,-0.00149551302565,-1.04620533248,-0.384406676238,-0.144221392224,0.104293278392,-0.848313382423,-0.866658917869,-0.0782400609256,-0.38605859416,1.10593481571,0.320982900635,1.12199626797,0.300367222733,0.528263119896,-1.06870043453,-0.971380750009,-0.974272132307,-2.69979919937,0.282994653216,0.280503286818,0.436705977701,0.424165528088,-0.360787245664,-1.10173150765,2.18344074878,0.00660806228913,-0.51892893019,-1.00532839547,-0.804770997898,-1.05213529912,-0.486513162017,-1.03971219599,-3.74640272469,1.20614931402,-0.262788124965,0.330256539729,2.43340645892,-0.0528436003316,-1.40848458946,-0.930598024385,-0.187262640283,-0.877008057887,-0.309942641052,-0.727457342709,0.793424765707,1.76628782649,0.284675130415,1.4502471278,3.96286512568,0.138601029809,-2.29242873649,-0.0643913917755,-0.569836453042,-1.378763511,-0.24358380721,0.113923027997,-1.02086943347,-1.17693082637,-1.10943043427,0.400152032775,-0.113072889821,0.615649516688,-0.20243332075,-0.585732056817,-0.660297185886,0.607233846394,0.0513039727723,1.117308932,-1.03795021913,-0.862585334109,-0.824194725629,-0.575184415063,0.88139719018,-0.426736148904,-1.02919056161,-1.07168251997,-0.865715546511,-0.543729463081,-1.11801877459,-0.0811505449405,-0.939613950855,-1.0210189923,-1.52605939243,0.189649146187,-0.69006549848,-0.35567406086,-0.348783578952,-0.302483862557,2.13169617929,0.981423131705,1.26820000539,2.21953754656,0.240321559599,-0.368628617865,1.75912270132,1.73097736103,1.48095457801,1.49683960347,-1.69916885977,0.524577224057,-1.24686290221,-0.328871421371,-1.79550400776,4.76436176049,1.14720514298,-2.92054517986,2.13376073627,-1.32520580296,-1.23387633044,-1.31122597789,-0.438647791726,0.715488973924,-3.19728382015,-0.522597801106,0.509096419341,0.62319928234,-0.302558127137,0.732902994604,1.08188305112,0.213719949677,-0.412778911168,0.565346858684,-0.105926063157,-0.21345088739,-0.098205146795,-0.940716643157,-0.940716643157,0.940716643157,0.0635597728272,-0.24627031548,-0.511847474243,-0.513081868251,-0.478938284339,-0.0408802451196,-0.473928862039,-0.748763753459,-0.303377657852,-0.00906785929114,0.983961599427,0.047224035949,-0.360334046212,-0.191946426518,-0.840551595384,-0.325291074848,0.700388924782,-0.342662855566,-0.655236147971,-0.637496855744,-1.02480745284,-0.650488104889,-0.140591756787,-0.639662069739,-0.622050519965,-0.418602126706,-0.693708708384,-0.715741636198,-0.345585073998,-0.823663129182,-0.176513645799,0.778882977793,0.0960687052096,-1.25600808224,3.26641006866,-0.758237466792,-0.128905838086,-0.269146708203,-0.621471346036,0.254430686772,1.221e+11,01030318,0.00970482
800,600021.XSHG,600021,2011-05-31,1.2200118101,0.0870789521929,-0.796371666366,0.229462259214,-0.123224997668,0.933431044233,0.299011083513,1.72154322589,-0.865670701847,-0.432934970172,5.49538545513e-16,0.054267730012,0.141172208967,-0.675861368009,1.35367198529,-0.704145048979,0.0,1.16489487919e-16,0.0,9.25551502565e-16,1.91283012495e-15,-7.54164495547e-16,0.579815336984,0.7889365133,8.35104513772e-16,0.162131080065,0.0,-0.632509094193,-0.919874180752,0.0,-4.25302571307e-16,0.0,-4.2650176763e-16,4.1071761652e-16,0.232274048871,-0.627191306517,-0.7889365133,0.884289947622,0.643854837782,-0.813928418052,-0.195037477398,-0.489532130566,0.0427727300048,0.0123784311518,-1.03668710685,6.97508101931e-16,0.0,-0.378948790932,-0.387085235501,-0.0380481379332,0.378270690177,0.456538366218,0.841434163428,-0.247049811064,-0.223707666791,0.34704744466,0.0,-4.09893914145e-16,4.20937571627e-16,4.23551689725e-16,-3.96216507129e-16,7.19354840164e-17,7.44613870949e-16,0.395647484172,-0.45230675853,-0.0861512250636,-0.59870364679,0.174236982032,0.675861368009,-0.0847939626597,-0.59870364679,-0.791001501562,-0.128002356564,-0.592677378069,-0.592677378069,0.651637533777,-0.445790791903,-0.657559915754,-0.894985869363,-0.329732863722,-0.12894668759,-0.767052318165,0.0,-0.630285241535,-2.27060695123e-15,-1.02118124024e-15,-6.02876103154e-15,-0.409945152869,-1.06806678733,-0.247464266509,-0.544438154875,-2.14971698933e-16,0.0,-7.97284617742e-17,1.03668710685,0.547015747506,-0.245579110775,-0.752384894608,0.0,-0.432536288421,0.509309272579,-0.584249919045,-0.110009096318,-9.00093535524e-17,0.0,1.45228912888e-16,2.11285619979e-16,-6.98364852333e-17,0.0,-8.73531842671e-17,-0.37855224755,-0.633592619855,0.1972673291,0.0,4.12252995105e-17,0.223585337171,2.07487101989,-0.476165855186,-2.12141138327,4.76632262653e-17,-0.5601039081,2.05308446309,0.218664416639,-0.197246578648,0.143731909115,-0.292331445332,0.831606178857,0.0,6.7457069271e-16,5.62814649962e-17,3.3028714914e-16,0.0,0.0,0.0,-4.16172459046e-16,3.50090253763e-16,1.29930481487e-16,-1.3452966874e-16,0.0,0.0,0.0,0.0,-2.9844133999e-16,4.20588083198e-16,1.88155945581e-16,7.26928724079e-17,-2.35453876298e-16,0.0,-2.01932753107e-16,0.0,-8.17062146321e-17,-3.40117025907e-16,0.0,-2.090781967e-16,2.89574092709e-16,-7.01018719346e-16,3.08545217308e-16,0.0,2.59650889451e-16,1.66743499146e-16,1.60947371589e-16,0.0,-1.4571869435e-16,0.0,-1.44265159606e-16,0.0,1.14024033079e-16,0.0,1.96499003585e-16,-8.65240103468e-17,8.86426761689e-17,-2.68746049646e-16,-1.26942249457e-16,-1.00912770199e-16,3.08452918378e-16,6.80568560199e-17,8.64428133391e-17,-1.23690950542e-15,0.0,5.08727948564e-16,0.0,-1.37474851484e-16,2.19509759241e-16,0.0,-1.7333761503e-16,-3.42592381127e-16,1.73575035045e-16,0.0,0.0,2.36018150191e-16,0.0,0.0,2.25847866789e-16,3.79315152459e-16,5.29214516068e-16,6.95170423727e-16,0.0,1.66822400035e-16,-5.29853786987e-16,0.0,0.0,8.02017491732e-17,0.0,3.06599216977e-16,0.0,-8.22843448044e-17,5.21724100036e-17,-1.2073594997e-16,-2.4154074889e-16,-1.20296087264e-16,1.96734490274e-16,-8.58054065186e-17,8.54621069791e-16,0.0,0.0,2.22954906736e-16,-8.48305281883e-17,-1.02027233342e-16,4.73728236734e-16,-3.73640500362e-16,-1.37026935172e-15,1.49071455039e-16,3.45129461187e-17,4.23569028173e-16,-4.17262358418e-16,0.0,0.0,7.10618616693e-15,4.2547926075e-16,0.0,-6.33705214103e-15,-1.05607289725e-15,0.0,0.0,-4.50063446926e-16,0.0,2.34600996004e-16,4.6621809094e-17,0.0,0.0,0.0,-9.64260712383e-16,0.0,0.0,0.0851104082933,12324898120.3,01030318,0.0
807,600116.XSHG,600116,2011-05-31,0.00932086216057,0.167203225584,0.42605563808,-0.317096024746,-0.256487297895,-0.702928729007,-0.43801321082,1.63189959766,-0.0416168971726,0.669727897217,2.44568623888,-0.327616295999,-0.342311373955,0.800093156777,-0.982065567009,0.0622756665811,1.70472396065,0.417277029936,2.3336007586,0.0500779233374,-1.45438843924,1.57892501607,-0.420438095222,0.0483636701406,1.2222648438,-0.817811636893,2.35479480471,-0.459272460075,0.32930368563,2.0822212512,1.56076815918,1.84994267795,2.31835551678,1.71440373694,-0.803892336131,-0.241918486799,-0.0483636701406,-0.545142276022,-0.584732455228,-0.116411801879,-0.296813514375,0.318818907627,-0.116919962513,-0.291574852503,-0.14483023353,0.592711649517,2.05292185633,-0.463975975971,0.156736464919,-0.556501497044,0.0100308394326,-0.362440982298,-0.425644210087,-0.512550327671,1.38099679039,-0.195761713929,1.96869233519,1.55521045137,1.68651962158,2.3394688988,1.76394578553,1.08180792598,1.72464697135,-0.545515099842,0.900709876252,-0.238411464981,-0.391289599448,-0.0301410720635,-0.800093156777,-0.214119247169,-0.391289599448,-0.597761275557,-0.265663859724,-0.357209870299,-0.357209870299,-0.415175779449,-0.223524884123,-0.278042839736,1.21387533145,0.149296287767,-0.0752630537654,0.448736914088,1.0384656011,0.0213090019751,3.10917440896,2.83139582639,2.04807888566,-0.296525282498,-0.071167530294,-0.235101355609,0.188899443877,2.44115724404,2.50812104226,2.18751125458,0.14483023353,0.533530799142,-0.164131105695,-0.0988387663158,-0.627494504766,0.141061104775,-0.372187545346,-0.401761193719,-0.198293323044,2.90041512161,3.28316291949,2.72816102771,1.97454170686,3.14878358925,2.59644888954,1.65107976243,-1.45723447908,-1.87663814676,-1.69782892236,-1.57964865522,-0.237020545897,-1.59394708112,-1.02935331995,-0.476165855186,-0.521464250635,-0.202056491199,-0.598462181467,-0.9709876834,-0.493414629083,0.208582228984,-0.788653764187,-0.47571256506,-1.24740926829,1.70495899698,1.59435459912,2.12829232515,-0.870639973463,-0.2545648511,3.58092652142,2.32178717532,2.66458143352,3.15072200667,3.51259077572,3.01983903481,1.23841768192,1.81068601422,1.45414781292,1.81773501716,3.18810684937,3.4168495354,1.33050420395,1.0019837403,3.59451214437,2.94227863314,4.0691600817,3.80376423233,2.75126390006,1.06934648041,3.20251902739,2.22651359454,1.89811563994,0.140848300261,2.96588566988,0.875759650668,3.44337754677,2.4079305983,3.13562661125,1.34041033429,-0.365395704045,-0.362853717919,-0.380939830069,1.60598534433,4.63630425793,2.24565416981,3.6603126714,1.18498695352,1.58307966831,0.926268731083,0.726401139051,0.126899581978,1.5985131034,2.06552882084,1.42328509701,1.40527366164,1.79386181315,3.52283551067,1.50553468574,0.233364760612,0.96755596714,1.60652657243,-0.239331391025,-0.302153800264,-0.264235649756,1.99492145816,3.44118974693,3.24524879894,1.98584877782,0.642615174076,0.946874957473,2.61172027524,-1.9543768078,-0.610845619209,-1.2049593223,2.78025160802,-2.56660537071,2.17148429472,1.05648098154,2.34319469354,2.57756206089,2.57756206089,-2.57756206089,3.39859324393,2.22488934487,-0.195211213524,-0.209572131914,-0.241876976422,3.12325072714,2.05859973666,3.22457024821,1.96103247498,2.63018132345,1.93263493448,3.28572389317,1.82233444954,-1.52217264707,-1.47742177929,1.89878941802,3.89793351858,3.1978406038,2.01452488306,1.79404798218,2.14595318052,2.060710874,-3.08490615514,2.55907886428,2.55585289499,-3.2896804202,1.39413925183,2.03127039791,0.208924066795,2.61274624328,1.4149306231,2.25784020946,3.96112213487,2.36920263097,-0.584526814607,3.26353765736,2.67296819006,2.73200626013,0.170775189185,-2.30048645609,5417547300.0,01030318,-0.1367337
819,600187.XSHG,600187,2011-05-31,-3.36514878591,0.0477567255328,2.95355863391,0.371765839018,-0.146368374817,-0.96392020694,-0.656650857763,-0.502197100049,2.39424690879,0.908773433393,1.55026684405,-0.82004569796,-1.3092785398,0.858582548415,-1.30395451934,1.53049754142,-1.17283884531,-2.23297348754,-0.918117175797,0.0759214664302,-0.99379336774,0.95822287558,-0.841200787677,-1.3916059274,0.307595388902,-0.122964150899,-0.405140372598,1.06816232395,-0.292477487702,0.70467537729,0.763390260739,0.74751968688,0.690387238617,0.807977597588,-0.10553378048,1.53294468269,1.3916059274,-1.07287150751,-0.590460134916,2.6039030012,-0.546264585399,3.61666365338,-1.27548515889,-0.490751399333,1.46624294567,0.587057314506,1.34272427567,1.83344172674,-0.379956633935,-0.0725723386148,-0.779672243086,-0.346898308531,-1.49970352549,-0.399357027064,-0.0549687331005,-0.576031370282,0.708084313723,0.772530340852,0.734363377384,0.663175387146,0.863604201255,-0.490768147559,-0.561269198405,-0.618590331285,4.49003394563,0.117546676991,1.1055010874,0.136297254501,-0.858582548415,0.0379684037395,1.1055010874,1.50487642169,2.04390581576,-0.072858757115,-0.072858757115,1.73191084404,-0.235513450987,0.638755678202,1.06984823281,0.513426151873,-0.0619139507374,5.28908423441,1.0384656011,1.78558908774,0.024018985269,-0.605890385615,-0.756632423444,0.6507406719,3.36501959631,0.481174794641,-5.01389677536,0.449510543587,1.0176369762,1.09796420393,-1.46624294567,-1.56657247506,-0.333857137246,0.917788544361,-0.710005781436,2.31077848767,-1.05022927927,0.734090872414,-0.0263714078401,-0.176475656413,1.6975496833,-0.306644326041,2.85757624583,-0.172500818054,0.908428903106,-0.580972737951,0.120979655187,-4.72105146629e-17,-0.00221648684382,-2.00751114901,-0.404265094854,0.223585337171,-1.20862093776,-0.321339270404,0.367395267493,-0.179689326825,4.41688206126,-1.43002697836,-0.789157135976,0.0592146817309,1.05261206124,0.29569100438,0.138601029809,0.4536127021,-1.33731184999,-0.31332563804,3.20327321334,-0.255933878881,0.0765186004267,-1.1888984185,0.506167343704,0.402592582333,-0.0151616347952,-0.0496991214963,0.301053647013,-0.753052583496,0.919842753293,0.577944466886,-0.34568391073,-0.985864235909,-0.674403446709,-0.371455497604,0.00958543230095,0.0281163419986,0.149069707071,-0.112800179238,-0.582185953159,0.674269626659,-0.360863429146,-0.00998538713649,-0.51608199663,0.97173983619,0.145626320373,0.517977789495,-0.214333479056,-0.665250037768,0.415800013273,0.516276025697,-0.678673668697,-0.680846833072,-0.67850010351,-1.0892845497,-0.673151426774,-1.03417555905,-0.798262254638,0.108921810211,0.262411614043,-0.827084067317,-0.812901833208,-0.720900284751,-0.833583287474,0.548860514327,0.182228309339,-0.967221533791,-0.159111805391,-0.997074697528,-0.730201452733,-0.736887301649,0.326409768593,-1.08940348965,-0.840264213114,-0.836797431404,-0.842932195167,-0.123037730818,-0.117331303339,0.371844457547,0.455857446429,-0.708013588433,-1.62358642773,0.079115131562,-0.50516849849,-1.59367235955,-1.20299359846,-1.1640802098,0.565346858684,-1.50740936031,-1.23460339247,-0.828978042547,0.619035171637,0.619035171637,-0.619035171637,-0.0922302702025,-0.213281419546,-0.836307735597,-0.837371188116,-0.835761916021,0.015824611014,-0.454143482362,0.0966768737319,-0.21522774477,-0.0674920471669,-0.367154869288,-0.144714234185,-0.904461879286,-0.93221145118,0.00855255891947,0.476957715587,0.443258753575,-0.65470912506,0.712669438353,0.769447158289,0.107384580778,0.722615057035,0.131437290887,0.679034724791,0.688462623245,0.0123450127743,-0.954366899699,-0.438303158429,-0.922963967198,-0.740084944742,-0.962438927706,-0.499963881194,-0.383325579373,-0.292410407033,1.10420082714,-0.737866968467,0.110808120925,-0.733396917875,-0.621471346036,0.45084777192,5502658000.0,01030318,0.02096273
829,600236.XSHG,600236,2011-05-31,0.602544450442,0.103215410654,-0.348532732505,0.491054521163,-0.156238515989,0.585119717229,1.14059344689,-0.502197100049,1.57804123559,-0.289755221519,-0.900875689492,0.0743668892758,1.6632501552,-0.758901862309,-0.0661503324612,-0.449881142732,-0.225309877162,0.190453787449,-0.238795532818,-0.498472120374,0.130701831748,-0.635054137299,0.883638347757,1.03181576162,1.42686195871,-0.229153467696,0.152403579329,0.582318229772,0.30001489652,-1.05440353155,-1.09049419921,-1.03475998123,-1.063465024,-1.03902490961,-0.176491618961,-0.886723185074,-1.03181576162,-0.237751738036,1.19657592764,0.962687433732,1.26774360308,-0.445556687682,1.06068144887,-0.546162173615,1.13313977612,-0.474701148539,-0.365588823729,-0.425250723379,-0.368386467226,-0.121284839952,0.27154396878,0.495494683161,0.159768344815,1.80939392248,-0.536480428637,1.52000041976,-1.05622616785,-1.11126454882,-1.00705814208,-1.06266562486,-1.00486388182,0.308223508685,-1.47615649789,0.249381028855,-0.275906386167,-0.128723402344,0.425864921312,-0.0820560814251,0.758901862309,-0.177223714811,0.425864921312,-1.59627788835e-16,-0.174476112134,0.642494285496,0.642494285496,-0.826356979134,0.0422393636042,1.1502946828,0.34246043878,-0.425744661876,-0.139469446698,-0.342515430473,-1.47698813973,-0.34202466064,-0.371723523504,-0.832160765105,-0.346650421823,0.2537711256,-0.177088076354,0.95173809076,0.266133935661,-0.646340489035,-0.0316959697659,-0.978580913156,-1.13313977612,0.74928997297,-0.0934403843048,0.0917788544361,-0.052606153189,-0.314183280277,-0.708441763676,0.344363594638,-0.13793526054,-0.381428752082,-0.429767718987,-0.185252111891,-0.668472016668,-0.355674685366,-0.115452072271,0.115787134531,-1.45605494684,-1.56298517035,-1.06613017188,0.508025236875,-0.302967774793,1.41054528381,-0.530712049248,0.0537560638621,0.90071097837,-0.347915303028,-0.673941364544,0.123595642351,1.55094134089,0.639775337093,1.33271952192,-0.0927751321142,0.831606178857,0.0315811321127,-0.0097074580096,-0.187604922387,-0.66179762958,-0.167390205761,-0.182732776871,-0.842011913853,-0.689994407008,-0.747743176699,-0.519799192967,-0.877041849366,-0.0339277801982,-0.482774589796,-1.06682547584,-0.937488698294,-0.417465131531,-0.491093278527,-0.434614595679,0.26384608707,-0.60436048934,-0.763625928631,-0.177447709859,-0.566455541537,-0.912192511806,-0.361270576814,-0.677025294694,-0.874754949603,-0.293337314085,-1.63588308769,-0.336830344068,-0.461201149774,-0.696579047895,-0.770410632729,-0.227062820121,1.24353142201,-0.0670489469208,-0.0647702192011,-0.049389551044,0.183050337324,-0.363383371208,0.0737650568998,-0.542040752877,-0.510348334626,-0.524746862413,0.09539150637,0.131343110059,0.253757074805,0.0122749892651,-0.40726360103,-1.3714613457,-0.238594223242,-0.339335040531,-0.722381707842,-0.0975464373151,0.260424479617,-0.733599500379,0.18580240603,0.12574883634,0.13403201147,0.123709924319,-0.925857846063,0.0478764535086,-0.335731162223,-0.680540751096,0.44327227021,0.567664073408,-1.04602449438,0.169221023213,1.16340045576,0.2301243831,-0.506691573497,0.565346858684,-0.281111475301,0.0187982861655,-0.0687315068715,-1.25277747013,-1.25277747013,1.25277747013,0.0703783665279,-0.382925172139,0.0437092463302,0.0447672169651,0.0488859816262,-0.76670240363,-0.731138797845,-0.083233796219,-0.457876967878,-0.108770005992,0.383911657614,0.00382398123729,-0.493632040111,0.999390095628,0.192979462034,0.64728130494,-0.0940963091766,-0.51264382803,-1.04977248125,-1.0285547552,-0.650265246398,-1.05189766787,0.71709982882,-1.06924752083,-1.06400609987,0.554596380333,-0.183454042581,-0.271482982994,-0.0240609119449,-0.854639946992,-0.64042924912,0.147700630173,-0.204098634156,0.103445935214,-0.453356207926,-0.415910889695,-0.682158707252,-0.609596861963,-1.41371788126,-0.194290331053,12816126268.7,01030318,-0.01601423
834,600333.XSHG,600333,2011-05-31,-0.141516069168,0.234708699571,-0.590711726782,-0.416377314703,-0.23899459756,-0.760883809913,-0.857911751056,-0.502197100049,-1.02557638061,-0.375443005776,0.580600401561,0.265308902281,-0.467658969528,1.2708966549,-0.219207356288,0.0168546741208,-1.17919810013,-1.54653472738,-0.975123187796,0.997535559627,-0.119696486422,0.723697661896,-0.79111402322,-1.06518099169,-0.221950084985,-0.760100051678,2.21834163375,-0.866530512212,0.11051863314,-0.132170306005,0.18846125896,-0.0832113022952,-0.155121918887,0.0599326804556,-0.733844213527,0.343155239427,1.06518099169,0.233989792644,-0.410038224753,-0.23539993052,-1.22078028145,4.24870988645,-0.231137252526,0.700278007153,-0.837541556022,2.10681691339,0.555748578196,-0.506068641833,-0.00377683790033,-0.519003133619,0.0930543367833,-0.594485131045,-1.01474698596,-1.44298740596,-0.15903516156,-1.8029620159,-0.131973184023,0.28670979641,-0.0790251167314,-0.145607679229,0.0597540747658,-0.503722842712,0.464758529525,-0.691665562728,-0.404247784431,-0.326590314359,-0.606659254085,-0.171815342439,-1.2708966549,-0.300320193404,-0.606659254085,2.45727467843,-0.44539970958,-0.612643921126,-0.612643921126,-0.52242156226,-0.464940670832,-0.734787227735,-0.239941274686,0.614752867716,-0.100339870004,-0.4803744801,-0.848313382423,-0.138612955078,-0.498524740785,-0.592093411256,-0.403667786287,-0.170503204307,0.371206515016,-0.373411421299,0.0157069471506,-0.65239140443,-0.626354521869,0.276423322084,0.837541556022,0.485978612805,-0.219329061898,-0.398380741783,-0.759512547437,-0.210048431065,1.76026009242,-0.592829859114,-0.259152022666,-0.373645723133,1.27998605527,-0.135020850863,1.9014629864,-0.369764982851,0.576359397578,-0.539424382491,2.61908769754e-15,-4.72105146629e-17,7.84378319481e-18,0.0,4.12252995105e-17,0.0,0.0,1.10755179929e-16,0.0,4.76632262653e-17,0.0,-0.6735327599,-0.846582865469,-0.390297087834,-1.5525832024,-0.931083485713,0.138601029809,-1.05639810342,0.698145684626,-0.617285884433,0.375869173077,-0.229100934364,-0.0208618920411,-1.1108582899,-0.511188654865,-0.661026528197,-0.525182617752,-0.56694358003,-0.781663660114,-1.20819620771,-0.0323036363763,-0.111865188321,-1.01909802661,-0.92634616664,-0.791828998065,-1.88713707646,-0.828341364884,-0.831797528762,-0.54022273572,-0.346927542624,-0.672099930362,0.0222798513342,-0.606847858893,-0.642743603575,-0.469133468693,-0.566215554323,-0.474675105337,-0.220196204869,-0.675822843126,-1.0467071187,-0.0147564452182,-1.33371306638,0.181162642368,0.181259469415,0.174939712088,-0.831481590824,-0.722984394349,-0.681604913532,-0.911348165593,-0.0933218320903,0.0604546802048,-0.764269452232,-0.738178362957,-0.604020792293,-0.798276231443,0.405871632144,-1.36642716065,-0.508765664845,-0.208838376241,-0.069813576831,-0.729311612176,-0.534189068823,0.33258841903,-0.830715976936,0.449389639999,0.440768528481,0.448983304783,-0.4641902725,-0.371936915975,0.251874950096,-0.571072927014,-0.00925880582522,-0.0220415265622,-0.876434642048,1.753015274,1.3036295677,0.373938142879,-0.694516898155,0.565346858684,-0.631482299589,-1.10732092725,-0.783611753645,-0.487814204017,-0.487814204017,0.487814204017,-0.373941951247,-0.419015588203,0.24480195026,0.244178472017,0.241704524932,-0.347086468241,-0.790494936877,-0.79165461113,-0.414275935601,-0.064316819565,-0.262728507259,-0.207674876935,-0.557018659408,-0.189492921861,-0.482719652434,-0.673343627005,-0.226756679491,-0.443196590926,-0.122399879176,-0.0568764113258,-0.35748381267,-0.122980167154,0.726700854032,-0.170459426781,-0.178275793551,0.560304289465,-1.02156952334,-1.97571048534,0.246028767666,-0.555680876261,-1.62011450357,-0.347609521424,-0.581869393099,-0.688266749279,-0.564932290757,0.454235486651,-0.244420173406,-1.02093253161,-0.621471346036,0.694314958748,4292134214.4,01030318,0.03491738
850,600509.XSHG,600509,2011-05-31,-0.0500410095387,0.186355290686,0.468340859303,-2.63191682413,-0.197458647578,0.021832472077,-0.120292362419,0.489666270297,0.831978237426,-0.372417112913,0.27173268328,0.63714334866,-0.23487057775,1.60233654085,-1.25120970986,0.134153216505,-0.403369012117,-0.370635286071,-0.466819580811,0.909167315503,0.197321567775,0.572725239763,0.12344573928,0.836080151181,1.08987847533,0.451843237847,0.276508047033,-0.240013061004,0.431814447517,0.310172989786,0.421971547318,0.370002834388,0.246155790878,0.404602589882,0.489420403709,-0.493561369047,-0.836080151181,-0.324562775203,-0.120790400525,-0.534921771583,-0.0074502719879,-0.832886895408,-0.52725615256,-0.378217154108,0.691151269417,1.65007229644,0.287025169301,-0.518696441591,2.3174602363,-0.647096387288,-0.0337983504389,-0.0754993127451,0.294051385775,-0.135634415702,0.393392112566,0.102631700625,0.348960919289,0.381271048007,0.41798902094,0.220633709318,0.455199533644,-0.592852684213,0.149519191598,-0.291607668685,-0.380678632383,0.0736952518957,-0.248088668132,-0.023332448422,-1.60233654085,-0.00694582129225,-0.248088668132,-0.00883868201653,0.0830892801825,-0.0845632823551,-0.0845632823551,-0.561933166454,-0.244266165732,-0.160730875347,0.0152078551093,-0.338440332434,-0.120473110539,-0.19959376038,-0.848313382423,-0.167815005229,-1.18672812167,-0.382379400998,-0.504126952247,-0.294424914528,-0.575847779169,-0.0512030559762,-0.056846666343,-0.279830492641,-0.865387523144,-0.481634855256,-0.691151269417,3.3206567058,0.306411834626,0.908711514801,-0.486328472725,-0.188062944569,-0.65310879104,-0.232142378498,-0.0829121123217,-0.212796458177,0.253005240369,-0.0722317745785,0.135393908461,-0.305352194346,0.521014479991,-0.698600464618,0.120979655187,-0.175700096808,0.130772723785,-1.0853937055,-0.311879562482,1.78147026713,-0.572792507703,0.455985954224,1.25625478562,-0.271068423507,0.00382457857617,0.503271297106,1.28104041227,0.611592781008,0.517861454494,0.199013404491,1.5246113279,-0.0654180593763,-0.38945699805,-0.673049105086,-0.865285041569,-0.127086748415,-0.945654118522,-0.119860675985,0.341980929786,0.142127303561,-1.00816944581,-0.78990291792,0.265962882609,-0.99255100809,0.343105172032,0.463387192329,-0.0656279447055,-0.511890567078,-0.303724544351,-0.179064741359,-0.872201745827,-0.667778675794,-1.11873025052,-0.693872086254,-0.291966375421,0.215471935001,0.0351262790834,0.0826684945563,1.13494123581,-1.26143038928,-1.22281643061,0.389574568582,0.0661383921511,-0.0146069904253,-1.4341430732,0.0146290552475,0.0887220974678,0.0907985734427,0.0909338810732,0.59014447895,-0.0733159750339,0.239489223566,-0.242238089257,-0.094796450941,-0.140432263175,-0.137277430572,-0.117271806989,-0.0532574562601,-0.248747003623,-0.207585581488,0.531008036566,-0.857481793594,-0.36545819301,-1.13175957041,-0.126822683356,-0.174421146772,0.11060186613,0.590473551174,-0.151821362471,-0.141610722765,-0.148511058854,-0.492074067052,-1.18804815372,-0.602783781842,-0.597316828723,0.150326948717,0.226392077496,-0.572200013352,0.683731086157,0.611259945577,-0.0628269718392,-0.037128261851,0.565346858684,0.594815585419,-0.484546008124,-0.762517874092,-0.49941292502,-0.49941292502,0.49941292502,-1.32239351198,-0.549749360978,0.116324026474,0.116800160395,0.123580195034,-1.0955905692,-0.553070380749,-1.36350063949,-0.442711391434,-0.828276580593,-0.5205812935,-1.17531271649,0.632232866992,1.33984053532,1.54715419088,0.970649278931,-1.48998417334,-0.697235454674,0.328147927989,0.385248275333,0.684771370964,0.310439536596,0.720300170557,0.169640033496,0.199330510604,1.09684774789,-0.686306981839,-0.0831095141444,-0.85382064985,-0.143420951103,-0.343060139056,-1.00647345175,-0.869438774741,-0.235115410129,-0.257203358428,-0.39562265545,-0.615281986803,-0.47281776793,0.170775189185,-0.342357685312,7225776377.72,01030318,-0.02450091
23,600157.XSHG,600157,2011-05-31,-2.22067534657,-0.551332285709,-0.608290641759,-0.796132106561,0.505061238078,-0.204446102181,0.575447673098,-0.396637477162,-0.263864290962,-0.067286988567,0.0,-0.818425055362,-0.855876957047,1.5003876699,-1.18433647901,-0.0674373753093,-6.27348762046e-17,3.49583288944e-17,6.3633796363e-17,0.0,4.13274464259e-16,0.0,0.00423758434113,0.180508420242,9.39592746651e-16,0.376502014626,1.46058570257e-16,0.00714553133718,0.485824545975,2.81705939756e-16,-2.83302590101e-16,2.79176265902e-16,-2.81343044671e-16,0.0,0.148549526827,1.69454668152,-0.180508420242,-0.00795407304071,-0.137301143322,-0.214310657584,0.579222640459,2.00443872171,-2.01071886284,2.15581456597,-0.349683955477,1.34419839651e-15,7.21117563038e-16,1.09585652845,-1.03551811295,1.93126175785,-0.612151938087,-0.424734106467,-0.439328944358,1.1565069104,-0.0183385052225,1.01523373796,-2.81350049718e-16,0.0,-2.83078272896e-16,-2.82469494899e-16,0.0,3.69580836135e-17,1.35933059255e-15,1.2226739492,3.26507044143,0.847821911004,-0.0128275240905,-0.11549976428,-1.5003876699,1.12935876308,-0.0128275240905,-0.60364804663,0.747290178133,0.026474052045,0.026474052045,-1.55238209844,-0.0593649246518,-0.435804805213,-0.458563211843,-0.0964791051931,0.202021900171,-0.158465865264,1.05415155959e-15,-0.0901134080344,-2.05568740049e-15,0.0,2.79352086617e-15,0.109326836116,-0.323420042949,1.32747718268,0.0291292006262,0.0,-2.19752943757e-16,0.0,0.349683955477,-0.279514370339,3.42438979661,-0.566731363488,2.07242172259e-16,2.02312471754,-0.569596146096,-0.122214546934,1.12042739224,-1.9622446847e-16,1.97451143047e-16,2.04088980179e-16,2.43123817112e-16,0.0,3.17153566273e-16,8.33770259769e-18,1.24424749951,0.39197708909,0.680072917412,-0.828456968262,-0.692474323274,-1.34242378272,-0.627452585401,-1.51721436192,0.285076378084,-0.234599788958,-0.335061361226,0.564263246944,-0.452117850768,-0.624909129173,1.6613032255,5.52947104678,1.19405800809,0.0,0.0,0.0,-2.08311735628e-16,0.0,0.0,3.55332329927e-16,2.03322288463e-16,3.79381608998e-16,0.0,0.0,0.0,-3.56278977134e-17,0.0,-5.46337476941e-16,0.0,0.0,0.0,0.0,-4.07409052812e-16,-8.93735138833e-16,1.41161161134e-16,2.16718958276e-17,3.22437488452e-17,0.0,-3.91491296039e-16,0.0,0.0,8.17195238851e-16,0.0,0.0,-1.46591703425e-16,0.0,1.55585486713e-16,1.56035142384e-15,0.0,0.0,0.0,-1.6064952315e-16,0.0,-1.47481824177e-16,-1.81980643958e-16,0.0,2.14528229125e-17,-1.6328279312e-16,-1.66144637564e-16,-3.52423906243e-16,-3.01048679493e-16,0.0,-4.41416437882e-17,-5.18520024349e-16,-3.32015368355e-17,3.66836166878e-17,-3.12901045322e-16,1.46765051749e-16,-1.30621169156e-16,0.0,1.44202266891e-16,1.43862615923e-16,-2.89126987392e-16,0.0,-1.43975526257e-16,-1.01410670634e-16,-5.82541703661e-17,7.87960198048e-17,0.0,0.0,0.0,-4.14699326464e-16,0.0,0.0,0.0,0.0,0.0,0.0,1.23810019653e-16,-4.95240078612e-16,9.90480157223e-16,-7.99231684466e-17,-1.67998459593e-17,-1.52846362947e-16,1.53208713696e-16,1.5320352825e-16,1.60242073631e-16,9.5102273893e-17,-9.22231069939e-16,0.0,2.55009630363e-17,-4.5481648221e-17,-1.11360489191e-16,0.0,2.46455648342e-16,3.33955154524e-16,2.61089104685e-15,-1.83242464782e-17,2.08020405131e-17,2.81404764134e-16,-2.77526347826e-16,2.19988329597e-16,5.62455557904e-16,7.77962051133e-15,-2.80452701811e-16,0.0,0.0,-4.52748976569e-16,-6.46303399133e-16,0.0,0.0,0.0,2.98094754707e-16,-2.1621145202e-17,2.83179570428e-16,-9.63862003545e-17,-1.00898878418e-16,3.00312484009e-15,-1.57797227761e-15,0.0,0.271792231361,8693858230.8,01030302,0.07969053
42,600381.XSHG,600381,2011-05-31,-4.32722175699,-0.448187547988,2.91260402568,0.121935619141,-0.176150619291,-1.03878140083,1.25554908098,-0.396637477162,3.86496288857,-0.221953416063,-0.109286445101,-0.850564714418,-1.02995362628,-1.43880813271,-1.72656293122,-0.289724458851,-0.0385374691594,0.310720262396,-0.314895358378,-0.5640711568,-0.60580473113,0.240817248369,0.968437654163,0.613035169597,0.431194898503,-0.656989554017,0.350272814275,4.11620796654,0.837588074276,-0.948803273979,-0.983585224945,-0.938403365736,-0.96202595883,-0.956094649256,-0.656246896349,-0.322796647522,-0.613035169597,-0.627866121571,-0.349648874299,-1.79840626251,4.53047796189,0.786390005796,-0.214601085129,-0.787576504162,2.30792855814,-0.758305529199,-0.0857372944082,2.36312145993,-0.0943970908444,-0.396326246236,-3.51887374477,-0.908837202072,-0.932334264643,1.09530921359,-0.442330749966,0.708961727203,-0.946587478933,-0.967206497398,-0.925992739335,-0.96034497943,-0.965327127447,-0.266415541423,0.0237342447049,-0.14529222482,3.70390910212,2.82750283859,4.34630256074,5.48896603446,1.43880813271,1.88733096287,4.34630256074,0.350099456134,0.426988562039,-0.296974194505,-0.296974194505,-1.24720017401,-0.0975580437316,-0.534441813046,1.75845216986,0.977496290944,0.226020736673,5.09574834987,-1.50859969561,-0.237749704248,-2.66948442222,-0.317337360769,-0.883021885899,0.255768317703,-2.39486677305,1.8339033637e-16,-3.65404814607,-1.45083868659,0.525185678597,-0.534576524359,-2.30792855814,-1.10144244378,-0.246887618172,0.316607613654,-1.14571632417,2.66761288996,-1.5078458168,3.67561911249,1.9733014698,0.10215762082,0.266238723738,0.364345135836,-0.114967894876,-0.1130383491,0.297664531113,-0.675957913392,1.33510104636e-15,-3.98215963551e-18,-2.58572812101e-17,-2.95968679956e-16,-8.67649927593e-17,-4.78455792095e-17,1.29497888308e-16,0.0,-1.21959576975e-16,0.0,0.0,-1.05983006711,-0.944954389959,-1.02624119581,2.86813118695,-0.258825682138,0.0762164686013,0.589348178378,2.61332607821,-0.583806403831,0.118406591963,-0.181504637535,-1.19722848733,0.0475981661065,-0.69172921276,-0.720610844617,5.6518095057,-1.44771631751,-1.52097462141,-0.122231187744,-0.929830261483,-0.915592938721,-0.833676346029,-0.84693764798,-0.782857819239,0.344438107192,-1.17948201509,-0.92538494431,-1.20962686098,-1.06452415805,-0.907183552012,-0.531209006675,-0.417618401455,-0.492648379826,0.0655351689828,-1.19083695744,-2.19632737709,-0.360518773535,-0.54567207391,-0.587442641676,-1.33453225342,0.26879032698,-0.675243209015,-0.670667648816,-0.668266068177,-0.470539153483,-0.684398040922,0.231910073752,-0.736458446754,0.24691645659,-0.375206711424,-0.24150574901,-0.19383860633,-0.109273967297,-0.408529112077,-1.02061584872,-0.0409571610632,0.345566789966,-0.972723097779,-0.80474058043,0.054475022723,0.864927534383,0.133720089816,-0.473735246751,-0.360032820652,-0.330918232385,-0.352320536421,-0.765263364257,-0.29893159662,-0.785024095024,-0.660836801222,0.15352489342,0.44220132431,-0.334847800542,1.86815990113,-0.013170143072,-0.534754640639,0.212043906388,0.768760159397,1.11007429749,0.436125676985,0.152181725737,-1.25764595551,-1.25764595551,1.25764595551,-1.16779791752,-0.534977694432,-0.671701211918,-0.667954666799,-0.663118324327,-1.87748663787,-0.443378815564,-0.977639986762,-0.409263777526,-0.807689846383,-0.601916770314,-0.849228993473,-0.720983982555,2.1225015234,1.07519689624,-0.262761222894,-0.576555504188,-0.39105952435,-0.945027740298,-0.938909540806,-0.399986247793,-0.945516368046,1.76221620218,-0.977797950862,-0.975171074114,1.76806804498,0.433332925573,0.312842655532,0.33708533456,-0.638411104873,-0.237004851002,0.0817666056781,-0.893864495346,0.023210958823,0.430590303345,-0.687921233115,-1.80459829992,-0.484712924395,0.320250990441,0.166199982474,4034635184.4,01030302,0.06966292
63,600652.XSHG,600652,2011-05-31,-0.182974273369,0.958795565983,2.5320679259,0.260502672339,-0.191002403642,-0.520669894144,0.0547482095434,3.03023658966,0.433763360195,-0.200835233402,-1.39156318321,-0.850564714418,-1.02995362628,-0.12377470337,-0.222225791341,-0.197111425822,0.941512186413,0.278476895078,2.25287167026,0.93096425831,0.975490094533,-0.44887141098,0.187267710262,-0.336008044982,-0.503131240746,-0.690030548405,-1.60467705244,-0.364040181866,0.164652726038,-1.18225823343,-1.18690490654,-1.19179608702,-1.15992433517,-1.18723849035,-0.688689048814,0.422649719876,0.336008044982,-0.36344705554,-0.275455088777,0.0104034299798,0.270219323193,-3.32924545876,-1.48631661881,-0.259633239775,0.974949289309,-0.189557464389,-1.02105323341,2.21042445206,-1.12887730313,4.66082553446,-0.247843608836,-0.94225841357,-0.716811422691,-0.627447867764,0.367916744596,-0.236812232663,-1.19779559008,-1.17553165107,-1.20821735219,-1.16770208988,-1.17809148165,0.868591787316,1.63741418324,0.216724679027,-0.386313514612,0.0288541735884,-0.350528806566,0.269625825159,0.12377470337,0.0142095255664,-0.350528806566,-0.594622045027,0.0815953167872,-0.30564394132,-0.30564394132,-0.412179121347,0.246095389496,-0.0775533072332,-0.30906963806,-0.61533870218,0.352023558486,-0.371108706877,0.865138589873,-0.175974954379,2.42056013514,0.94143612879,3.65616666523,-0.492414524587,-0.627318810876,-0.703617044326,-0.249162574931,2.22016988624,-0.19252973208,-0.668288403033,-0.974949289309,-0.951719365077,-0.164668357982,0.559012263195,-0.836222182916,-0.585294685727,-0.518145194325,-0.505785778468,0.0760969214721,0.80347499005,0.135342464105,0.273166938371,0.263440719115,1.84605188682,0.471349785352,2.32640515055,1.33510104636e-15,-3.98215963551e-18,-2.58572812101e-17,-2.95968679956e-16,-8.67649927593e-17,-4.78455792095e-17,1.29497888308e-16,0.0,-1.21959576975e-16,0.0,0.0,1.7523643154,2.10052268555,1.71270750539,0.27231255288,-0.189463292178,-0.482704301142,1.61205539062,4.11675436501,1.96601764221,-0.285374310728,5.65075544509,0.737894552605,2.68837122629,-1.05159231051,-0.860202065334,-0.0975833521255,1.88958174235,2.93187136579,0.7306930071,-1.15568345085,-1.24856579522,3.11682942347,3.15333861463,1.59182774468,1.38619794057,2.50909408803,1.8568948843,2.69687909791,2.76235422149,0.732546391925,-1.4839114568,-0.768170746382,-0.941654819407,-1.59975307072,1.40811314085,1.73810749583,-1.4067334123,-0.815987009,1.9519841243,1.70795437707,-0.29268280049,1.34721885455,1.3170754587,1.29839440489,-0.431503441203,0.394419066477,0.653825939685,2.29732730794,1.42262929322,3.7866141117,2.34775814521,2.09169897855,1.24647467726,3.27156426277,4.45913966675,1.8454605989,1.61451805013,5.0661839653,4.01265046538,4.56380904221,2.92168899455,1.21565790313,-0.435309894707,1.42282355243,1.31533308444,1.35454038826,0.441722177221,1.43533725121,3.76881613977,4.24605834284,0.427978045469,0.602700495397,1.96385310031,-0.606762110639,-0.371628571411,-0.540630739947,1.49576917749,0.206467014238,2.5366758043,0.279993899214,0.47491972744,1.4865927209,1.4865927209,-1.4865927209,0.739606472581,0.0619880577558,0.754913844709,0.703021288206,0.682391322541,2.20541173329,0.367997564077,2.46615698284,-0.0119819730281,0.443306052644,1.49489858201,0.978722246952,-0.0309716408518,-0.920475559208,-0.910873112428,1.3857675711,0.909914343952,0.558072443607,-1.18639949588,-1.19160151407,-0.532745321926,-1.17955663316,-2.38608124847,-1.13756546227,-1.12473780937,-2.80358916554,0.69823090082,0.195896518664,0.882926485259,1.24230810792,0.33977972839,1.01842845535,0.722059606831,2.66364882406,-0.533691221834,0.063426453352,1.71051590969,0.687868710243,1.22380358123,0.70484059029,3826607614.68,01030302,0.12081514
71,600721.XSHG,600721,2011-05-31,-0.691775339359,-1.70633111955,0.498383195951,-0.735234236719,0.298018626871,-0.45303918374,3.06264663353,-0.396637477162,2.04959211104,-0.227556434985,-0.973419027876,-0.850564714418,-1.02995362628,-1.25761354745,-0.347133910276,-0.264821441925,0.323104470166,0.133381742147,0.539804238297,-0.483856945917,-0.385435960699,0.0170531667903,1.36142571949,0.774116895202,-0.0833615260108,-0.590139170023,-0.0433483163581,0.459235907111,0.454492715634,-0.336493464053,-0.456191657787,-0.366230562439,-0.325345940387,-0.42958572575,-0.590014846212,-0.41491124229,-0.774116895202,-0.378440637115,-0.188469271268,-0.117211977773,1.09555721576,0.0222672014855,1.02717915226,-0.698321186848,1.09537049338,-1.01801060616,-0.459863670007,0.231375042934,0.898017995109,-0.614835741978,0.286224842522,-0.839535482381,-1.28125480423,0.993033610709,-0.957090935819,1.85916663801,-0.33593026602,-0.488711955338,-0.377200525596,-0.301222876039,-0.450849757064,0.271060510818,1.29977332899,2.8673541934,1.87537521156,0.935141740682,0.192524266653,0.0454315996119,1.25761354745,0.767617037923,0.192524266653,-0.164382635263,0.71383467259,0.497974898047,0.497974898047,-1.08615073273,5.31886103047,-0.27895192896,0.0203084722503,-0.500800683284,0.25886965541,0.0470863705686,-0.716720603573,-0.230515367317,0.313440925873,0.525918666217,-0.893086605525,0.0161368023787,-0.522123083517,-0.104992656014,-0.100004721659,0.563202834066,-0.590776672589,0.454275967513,-1.09537049338,1.98543440993,3.0406236013,1.14242684345,-0.442354488077,4.21086911373,-1.02591441267,0.168454296921,0.432970632094,-0.0335812248371,-0.576050251295,-0.200371442008,-0.493376508867,0.132933098541,-0.387935156672,0.0107899575849,-0.207232903262,-3.98215963551e-18,-2.58572812101e-17,-2.95968679956e-16,-8.67649927593e-17,-4.78455792095e-17,1.29497888308e-16,0.0,-1.21959576975e-16,0.0,0.0,0.592234236224,0.30398607047,0.489690828395,2.07116932561,0.124848254246,-0.482704301142,1.40169819028,0.215982127753,-0.239096534814,1.72039606556,-0.201737217985,0.130204049123,1.39790983026,-0.176749553289,-0.0472583344006,-0.196313646383,0.258416895841,-2.32971146629,0.522584445534,-0.387390503627,-0.364874825946,-0.6921814727,0.862301767096,-1.15849964945,1.33526732068,0.0930829616312,1.34758454232,-0.709241139085,0.210796150297,0.590077981118,-0.377641723583,0.342793239248,-0.587979710288,0.188363105917,-1.67010665199,0.0707577983339,-0.643788310619,0.00908586956693,1.53207162708,0.118078012043,0.0895967756602,-1.25172715452,-1.24948807651,-1.24917025658,-0.976285663167,-0.758230385381,-0.880910872998,-0.589562415041,0.389079668168,0.271259392593,-0.817655466465,-0.837336268948,-0.95770184676,-0.757029228867,-0.109055180641,1.07554741527,-0.42715307015,0.0319449781373,-0.131353523245,-0.592398793985,-0.776296836198,0.642334396795,-0.977145928511,-1.05565858802,-1.06251800882,-1.05592944852,0.903610812746,0.518593526797,0.491580246038,0.944612241036,0.901368923194,-0.595836508004,0.500214971071,0.521379390982,-0.36494008662,-1.23862347085,2.13763181305,-1.33983913495,1.96603520157,0.871301483115,0.935531403472,0.900453315697,0.900453315697,-0.900453315697,-0.0232544997128,0.794213320646,-1.1153205089,-1.11417704687,-1.11538653368,1.02303392445,1.13551576104,1.2841108683,0.894220902735,0.824778950174,-1.19379681506,0.825456800542,-0.61500565675,-0.470479121497,0.42509276247,-1.29514944053,-0.161874102971,0.489720552042,-0.342869646143,-0.38060151492,0.866971244753,-0.340238182582,0.423829693609,-0.312843342276,-0.341606037596,0.491892129561,1.16995676502,0.414980648134,1.38380568852,1.36143868196,1.1947276266,0.25803678034,0.136419547047,0.325208489004,0.397350255497,-0.683600994211,0.256592179282,0.684315432563,1.76582673107,3.72642586621,4503270246.25,01030302,0.40776119
78,600792.XSHG,600792,2011-05-31,0.582341995256,-0.029363206223,0.304995997704,-1.09178166836,-1.54639651553,-1.32877876219,-1.15804847148,-0.396637477162,-1.88123192633,-0.245312806293,-0.161614473725,-0.850564714418,-1.02995362628,0.510955419517,0.490376566725,-0.288934245258,-0.089167340665,-0.104413091823,-0.0764598485759,-0.288488591803,0.0858256328253,-0.379177301777,-3.19134990552,3.68778911576,-0.503131240746,-1.85030732807,2.74094232827,-1.18731627084,-0.00121683248576,-0.723594804502,-0.715873401962,-0.72487485319,-0.724611260045,-0.728859186915,-1.85073421917,-0.820028793048,-3.68778911576,-2.44092869871,-3.39671089349,-3.16333627587,0.168547263963,0.780942408464,-0.105551077197,0.332022304301,-1.06505744501,-1.60128762632,-0.667711656451,-0.562168462549,0.851074512317,-0.609208093504,0.313401302447,-1.52927361703,-1.30899032934,-0.767448078269,-0.223542989807,-0.946704326054,-0.72096662566,-0.718445620816,-0.723049179496,-0.729771505385,-0.734585875839,0.221310276194,0.341478986512,-0.895332993996,-1.1536298992,0.146608166632,-1.22865718028,-0.188998190683,-0.510955419517,0.213456181131,-1.22865718028,-0.0440359472168,0.163840101248,-1.53541418181,-1.53541418181,-0.689955573629,-0.892990582484,-0.813147336968,-2.41950262929,-1.05477127576,0.132099021026,-0.433455188779,-0.716720603573,-0.250106162947,-0.512372050693,0.158345526249,-0.377269724714,-2.98058842537,-2.31694401204,1.8339033637e-16,-3.02717651067,-0.498477812171,-0.515956919352,-0.194142724469,1.06505744501,-0.788056551458,-0.479207825,-0.521537276286,-1.17744974034,-0.588077702835,1.33611115921,-1.2035504928,0.228180219372,-0.536946110817,-0.94028332158,-0.56214299969,-1.14508023296,-0.538424264432,-0.799294969343,0.0116198053872,-0.207232903262,-3.98215963551e-18,-0.193308397757,2.08265000163,0.534808318205,0.273656212528,4.84874113724,-0.184125431648,-0.676123556399,-0.190114521046,0.675127629554,-0.874244773162,-2.78782606428,-1.3362749724,0.569465475465,-0.341484292429,0.0762164686013,-0.35416573491,0.765791822527,0.46399399973,4.58814110122,-0.179614021948,-0.380558444188,0.825651651661,-0.80252675685,-0.740772122517,-0.201529684015,-0.38392086605,-0.519891060355,-0.0512945685707,-0.685134781923,-0.75327011287,-0.495306433784,-0.406209693942,-0.918660335505,0.316434687035,-0.741547925138,-0.250344188148,-0.88442143775,-0.65649115168,0.0679503510094,-1.06463686757,-0.65998129201,-0.703120148379,-0.565412549165,-0.968016572957,-0.544573637647,-1.01086841385,-0.680813036696,0.556377456124,-0.389435188128,-0.423388684982,-1.26777775256,-1.26786306709,-1.26668547203,-1.08839103319,-0.930542191082,-0.992062514821,-0.849127271524,0.286420894397,0.181808298877,-0.930652859173,-0.948956550477,-1.05312483458,-0.860732884241,-0.111358607629,1.17863820162,0.287887187232,0.0477676779376,-0.250439812272,-0.717192564899,-0.840811468865,0.596096732524,-1.08946386866,-1.04337854,-1.04945625118,-1.04479905962,-0.0449615253259,-0.147046045562,0.477239456001,0.0474191581048,-0.738784973177,-0.956533768362,-0.433039827685,0.722141885225,0.721034053876,-0.148387381923,0.578822555275,0.628186873107,1.53805474953,0.364537595901,0.282481814958,-0.121945098856,-0.121945098856,0.121945098856,-0.347202256184,-0.0475269518047,-1.11026967604,-1.11004896184,-1.11029802445,-0.381039723552,0.170635742002,-0.188839141665,-0.000433083362461,-0.252753357684,0.0476437217638,-0.297954848534,-0.827864188644,0.166375305455,0.392042355669,-0.624920187622,-0.501405817942,0.17119474157,-0.723545213809,-0.726392997813,-0.550182334648,-0.724632259352,0.504413174492,-0.727430522051,-0.725520988547,0.686297305866,0.799919660038,0.0749845642907,1.17627473696,0.70265570264,-0.246546499729,0.554057903821,-0.501568227579,-0.85829534549,0.810826932958,-0.782261252198,-0.345264620747,0.183303279581,1.76582673107,1.94401382379,1508388750.0,01030302,0.23849372
124,600395.XSHG,600395,2011-05-31,0.167090178831,0.197539890651,0.0280156234411,1.51628483305,-0.250252406714,-0.0285058134811,-0.835381525498,-0.396637477162,0.166510414421,-0.118349552769,-0.0713606261904,2.15985001718,1.87132419422,0.151860696015,-0.0862329749158,-0.0272155034563,-1.02581996352,-1.06365326953,-1.05221131946,0.347319754584,0.122305598201,0.0170531667903,-0.810048961481,-1.34794210961,0.66139119368,0.723816653308,0.0129584496549,0.3807705811,0.346763850158,0.731022592467,0.83657128772,0.772268607864,0.708524592809,0.852656600115,0.728079965525,0.0313247287618,1.34794210961,-0.389903472061,0.359029697755,0.487574085055,-0.602964244307,0.0670396420563,-0.314029033538,-0.262474943075,0.971968566435,1.23488553348,0.101325893391,0.222958672421,-0.738352030602,0.222733597915,0.398061076496,0.424606077812,-0.242190429834,-0.793436141296,-0.162673574447,-0.821649495256,0.738710806929,0.833358359311,0.776900535961,0.69738288924,0.936593902152,-0.0762444789605,-0.739004269563,-0.972313599986,-0.183708833435,0.103860944806,0.71351909125,-0.206722308558,-0.151860696015,0.177992071104,0.71351909125,-0.191460640073,0.151817028944,1.21422936566,1.21422936566,0.47020941404,-0.379044505293,0.578259056668,-0.0653533787256,-0.177019523974,0.172992294264,-0.0346674665975,0.0742089931499,-0.0720539683974,-0.440159705209,-0.539197363409,0.214032553287,1.70553898541,1.814261034,0.751978460586,0.745086896333,-0.0855100399349,0.110707997969,-0.115817774618,-0.971968566435,-0.0466691686288,0.232948906575,0.431647108351,-0.0608068253998,-0.129758727496,-0.00116423352557,0.900110440232,0.167632030189,-0.036409117455,1.54105446973,0.0202209712119,1.10434875021,-0.0464813691498,0.887280262609,-0.140676041171,1.70602751167,0.0701397538429,1.49522881157,-0.386992394807,0.315360428669,-0.157298452871,-0.705718916695,-0.155518373059,0.422390654439,-0.252387366728,-0.25518340854,-1.3026892915,-0.237291667018,-0.820820043217,-0.310608122841,-0.0261946940123,1.19405800809,0.101814431708,-0.323515243032,-0.188676285316,-0.519537213404,-0.190345165233,-0.0107196536071,-0.54994435036,0.759260773724,0.511106548469,-0.23572588766,-0.294980154582,0.379919251412,-0.785603301474,0.762112243326,0.785048337211,-0.140749212033,-0.524988827838,-0.527766166627,-0.479469605427,-0.774952884786,-0.887210095566,-0.632039270069,-0.710211040382,-0.58351117991,1.02110944677,0.238901390009,0.673200142065,0.633129530185,0.585412069141,0.0353124391184,1.07545497681,0.0918737383185,-0.810037756155,0.0756859802735,0.00035135990455,0.136606961693,0.136590308099,0.138910981777,0.104043967086,-0.0679927801831,-0.0680453480063,-0.323772683785,-0.251253293615,-0.185701657108,-0.449799641374,-0.45309560371,-0.432883456172,-0.412036364138,0.0521164888758,-0.228526431072,0.42963422715,-0.270558202051,1.90863987487,-0.252692722053,-0.44821709751,-0.247358267876,0.106444107155,0.330260142998,0.329514579047,0.331279336419,-0.438467520216,-1.52185363831,0.0459424792264,-1.1216737713,-0.524978373605,-0.530451797235,-0.848483090143,-0.38879768756,0.190227496506,0.504642205911,-0.613208053608,0.628186873107,-0.316527209323,-1.37267757826,-1.42518949966,0.00473952144618,0.00473952144617,-0.00473952144617,-0.325245797134,-0.681697139812,0.0517499289917,0.0538597042042,0.0543172755665,-0.233242497447,-0.684598820322,-0.324005034989,-0.706455204921,-0.942197631061,0.233794256325,-1.17341349792,1.11453459893,0.020695999913,0.212088718641,0.647339552105,-0.818302085247,-0.523791103255,0.73970323224,0.794188059942,0.872519385164,0.73296221594,0.16105747334,0.705393317692,0.708616491568,0.115624046391,-0.45641982305,-0.586420107815,-0.0717991269032,-0.612829170657,-0.125173493467,-1.1541383661,-0.691796084188,-0.0543289475748,-0.142504801729,-0.0525279565005,-0.272230312429,-0.434256381328,-1.48631216799,0.436999877919,33432047582.1,01030302,0.09537954
129,600532.XSHG,600532,2011-05-31,0.72282192018,-0.0694333275859,-0.397436212702,0.20663273702,-0.185642568899,-1.2953540134,-0.941310623706,-0.396637477162,-0.636787307427,-0.23806931585,0.0,-0.850564714418,-1.02995362628,0.521936909532,-0.706052309549,-0.250360533184,1.03553909064,1.85840189366,0.756230316424,0.0367972572387,-1.19544008985,2.40964839797,0.830704192499,0.748149060343,0.932210364476,-0.935917018268,-0.066502500513,-1.04664786255,-0.111659478543,-0.550077554393,-0.804020860893,-0.579853372344,-0.561937052492,-0.726537377756,-0.945434510609,-0.364848398919,-0.748149060343,0.0925996562949,-1.56233350662,-1.25742790356,0.635042594546,0.384021711801,0.0382452567927,-0.442438721437,-1.23555479335,-0.955354486193,2.72021052259,-0.773780064011,1.83947184855,-0.691290308418,0.347348689247,-1.30604514778,-1.08379822175,-1.0793048346,-0.218870547268,-1.19456749368,-0.551945008552,-0.827567952194,-0.489899140058,-0.563106637698,-0.802070937391,-0.922464511925,-1.38398266834,-1.1023484074,-0.687556243376,-1.37417071422,-1.20029657491,-0.370355353845,-0.521936909532,-1.49744328753,-1.20029657491,0.437350804967,-0.326910345693,-1.42003985881,-1.42003985881,0.0107448315798,-0.477986901314,-0.558364528207,0.974895032688,0.343685128207,0.104531648204,-0.179944845058,0.0742089931499,-0.235788361597,-0.410534127574,2.12218258352,0.00267344115054,-1.72518554231,-0.968880246622,-2.31911001278,-0.586708840145,-0.986497437849,1.32603414843,0.45175837984,1.23555479335,-1.67813444004,-0.655665868275,-0.870764313761,-1.05462275304,-0.377154300953,-0.31638556686,-1.20394921549,-1.75284415595,2.01946881573,2.43456372028,2.61438775068,1.55283303345,1.83447675987,1.32149339821,-1.14166023911,1.33510104636e-15,-3.98215963551e-18,-2.58572812101e-17,-2.95968679956e-16,-8.67649927593e-17,-4.78455792095e-17,1.29497888308e-16,0.0,-1.21959576975e-16,0.0,0.0,-0.837394104746,-0.784887821674,1.46163720778,-0.554250749021,-0.384743267723,-0.482704301142,0.0937713622837,1.55441323073,0.91689425834,-0.0954922133659,-0.191913385957,-2.6133398416,1.73396748548,0.193918594212,0.254648259244,-0.194325650499,-1.13523582345,-0.150079277737,2.09168609537,-0.624071652529,-0.360522842647,-0.217605134504,-0.152052571601,-0.17101849067,1.53487117392,-0.619389898135,-0.761176492795,-0.312384593674,-1.05499824756,1.58422025737,0.160393778457,1.34750720257,1.23033129412,1.45155146786,0.507044251453,-0.466593847373,0.922189947572,1.89340114063,1.57500764434,-2.15329405709,0.902643594788,-0.696948289955,-0.695952160486,-0.695164908504,0.439733231259,0.00904836394434,1.47561767774,0.260275775663,1.47069224319,0.569067270298,0.286894034242,0.316786602441,0.189910686416,0.0880096288259,-1.20531400147,0.980661945806,0.201718064118,-0.631313140785,-0.878815862007,0.124308460468,1.20436845794,-0.144882426706,0.442788192609,-0.198908402683,-0.177250234875,-0.199417469008,-0.840671544511,-0.141121216307,-0.380890127402,0.532146690133,-0.133596965026,0.291671321856,1.90440975385,0.232524836627,-1.86791148831,0.391966628756,1.86254782638,-2.46442542527,0.396773544082,2.04561176912,1.465510234,-1.22820516347,-1.22820516347,1.22820516347,-0.397738106193,-1.32555177966,-0.681598521123,-0.682162006678,-0.679108317727,-1.26782308018,1.50831031384,0.132098734675,-1.32778546893,-1.38614682202,-0.321380049215,-0.869289915778,0.0386801299166,3.08553885257,1.30952014446,2.61089104685e-15,-1.10328237135,1.33748636502,-0.551021399008,-0.609936588222,0.427479265011,-0.559262064586,0.171568362151,-0.59304235494,-0.572793229815,0.419774080287,-0.126891915806,2.71677387388,-3.19497222425,0.842111543484,1.09858338646,0.0997560979894,-0.312586745132,0.280316964248,-0.562764055065,1.60258030911,-1.47188645092,-1.57797227761e-15,1.22380358123,-0.433219078207,2149173000.0,01030302,0.01273885
144,600583.XSHG,600583,2011-05-31,-0.0218809272316,0.450083573886,-0.786705927883,0.760352257248,-0.22486226172,0.332749317836,0.203374257126,3.13162339637,0.0074923468774,-0.21439800498,0.423595314277,-0.850564714418,-0.643116583544,-0.737639995227,-0.694762339884,-0.151753165618,-0.385713730912,-0.414755502258,-0.373587176175,0.321729944977,0.575699453582,-0.45152474001,-0.385656086774,-0.296244797856,-0.773950411542,-0.897497257352,0.191350913939,-0.755960255828,0.0475901000793,-1.16927001172,-1.06596729462,-1.1525919598,-1.17227813537,-1.09287242678,-0.912029682997,-0.310870750085,0.296244797856,-0.515946290074,-0.958549596858,0.0991793658077,0.0529202162121,-0.0277582793696,1.13783283678,-0.673262530467,-1.21647816696,0.337419853777,0.184465087969,-0.515277255406,0.259269488417,-0.507719130287,0.40587546813,0.233663760046,0.446044997284,0.0624932893923,0.524226543603,1.01448490664,-1.17117090392,-1.03026457694,-1.16180407241,-1.17564494852,-1.06376233857,-2.21342817377,-0.952791823883,1.0385446619,-0.459848001469,-0.394336684727,-0.705036373706,-1.02189574016,0.737639995227,-0.412686285122,-0.705036373706,-0.898497432343,-0.351932275881,-0.854505605053,-0.854505605053,-2.30484839549,-0.36429624823,-0.100297563519,-0.616617620202,-0.30420687112,0.0032757254402,-0.19083029032,-0.716720603573,-0.171305450145,-1.3715138021,-0.998898809559,-1.46425944428,-0.882481380087,0.401261634413,-1.01482243825,0.302925808003,-1.77381564309,-1.04484152424,-1.9967354989,1.21647816696,0.687490203505,-1.7234287701,0.427538554969,2.60517346734,-0.359430876212,-0.814493689456,-0.836326891713,-0.426696247846,-0.604815533645,-0.610197101634,-0.618026411039,-0.668565682011,-0.604981244382,-0.749017658905,-2.50083829025,-0.278784754103,-0.124982738996,1.20410170651,-1.3083097655,-4.41683636876,-1.34242378272,-0.617071507182,-2.57662909835,-1.63732349088,-0.22923815144,-0.311431635894,0.289881161628,-0.121454018917,0.774997984769,-0.899221383285,-0.597165586975,-2.15946661037,-1.43812401431,-0.705071230619,-1.94353616434,-0.333782987724,-0.0145674262602,0.00509129840658,-1.30175333332,-1.20945591878,-1.20858211312,-0.215558872908,-1.10273416394,-0.67628772381,-1.42895880529,-1.12303551224,-1.18960641723,-0.532937481321,-1.1294470713,-0.248174539498,-1.25893178027,-1.37051411955,-1.2068725687,-1.16117603284,-0.995968834973,-0.825922393427,-1.04164017211,-1.1183263893,-0.993653726932,-1.02634054408,-1.57727057563,-1.20243950469,-1.13120526749,-1.06415255815,-1.54176733132,-0.416902421935,-0.921617029634,0.130671952751,0.146467210211,0.162949225518,-0.428581740145,-0.45170138832,-0.582382441469,-0.203816107042,-1.76965217974,-1.39387766309,0.45566450455,0.502870781473,0.891129431743,0.311227397057,0.217716768468,-0.580728849072,-1.17511974043,-0.466064007864,-0.61911250933,0.313526219937,0.121190123179,-1.86767661988,-0.428072742141,1.2760272947,1.32130514984,1.29683799853,-0.7806080521,-0.0400587047058,-2.16098636196,-0.596265055891,0.403669743277,0.577607223978,-0.91904874309,1.96248454415,2.66141835358,2.41223272524,-1.07168136472,0.768760159397,-0.887167812047,-0.207668759869,-0.213932263396,-1.55829889243,-1.55829889243,1.55829889243,-0.310992095849,-0.335477986522,0.52092669841,0.532097653025,0.541892408044,-1.45256961281,-1.18896792118,-1.58461454037,-0.308403474446,-0.257898464202,-0.380371415801,-0.119011421574,-0.761080692877,0.730306834319,1.05489289206,-1.18226872425,-0.447458001008,-0.248210066759,-1.16668452527,-1.14089594963,-0.667882170521,-1.16610758998,1.23667176164,-1.17324653107,-1.17098940165,1.22561489174,-1.63165489034,-1.43593733001,-0.984832022108,-1.34447711385,-0.236277098133,0.795305050713,-0.549086242538,-1.12356344632,-0.192500525018,-0.739161753994,-0.968761215834,-1.04968407563,-0.944289018145,-0.451280709349,24697944000.0,01030302,0.01102362
184,601001.XSHG,601001,2011-05-31,0.0924881726572,0.275818010697,-0.433618333665,-0.948486519678,5.26444080901,0.35836193836,-0.808950080647,-0.396637477162,0.616377657115,-0.0258362011562,-0.641208057165,0.413595208461,0.691471213886,0.308346928734,-0.461675784336,-0.0836931977815,-0.248289793968,-0.281751612072,-0.252535301968,0.238070952031,0.825103298495,-0.724110075752,-0.67922850817,-1.17671669851,-1.08539245796,-0.0906822781138,0.482883141707,0.324665840222,0.23257947633,-0.285143205327,-0.139525858833,-0.271288837617,-0.288862634273,-0.209903882538,-0.0716142793698,0.126887463441,1.17671669851,-0.435948277413,1.06259145702,1.22274980363,-0.519234313177,0.178034437692,-0.69089303154,-0.187977107676,1.03098687932,0.617404930919,-0.543002864585,0.738761950985,-0.730689777738,0.205875335162,0.338815466336,0.345151876892,0.581923624914,-0.72134022451,-0.167294952039,-0.890541976893,-0.288335273806,-0.122834380745,-0.275330348424,-0.290560840567,-0.199912797033,-0.347259672687,0.505487997982,-0.834996843355,-0.241257562279,0.0158773383911,0.488735033863,-0.170204279503,-0.308346928734,0.0172136360967,0.488735033863,1.91761506793,0.0550400092621,1.08618387425,1.08618387425,-0.343834610554,-0.396543513315,0.455817179562,-0.553240691732,-0.564437735897,0.173599546473,-0.29299904559,-0.716720603573,-0.105411880709,-0.258703042196,-0.46493066761,-0.125651734075,1.01726402196,0.78827801408,0.0628336073753,0.6016501662,-0.225827549907,-1.10540989591,-0.744655229138,-1.03098687932,0.684908771113,-0.0837082859054,-0.0367279772032,1.27386332536,-0.174287001227,-0.200677094538,0.736634135732,0.0565152010092,-0.63875024506,-0.894754187794,-0.668027358035,-0.794701886674,-0.65417553391,-0.876996267292,-0.285401873389,-1.67134010325,0.0852904415222,-0.30975923978,-0.333675417336,1.3100658197,0.00430954665399,-0.394169928789,-0.00866880563317,0.0791049635522,-0.253419513341,-0.24725213499,0.780927417874,1.97415434217,0.626638263454,-0.812694095483,-0.187811177326,-0.482704301142,-1.54639610272,-0.655680626251,-0.469442106136,-0.191183784171,-0.194607685881,0.151514462707,-0.774942951901,-0.64814274087,-0.649875513678,-0.182518024719,-0.157402207955,-0.00516433654606,-0.555777319856,-0.221583271702,-0.323677075915,-0.503755853581,-0.701225723276,-0.546381281966,-1.13387128471,-0.799315684915,-0.930315600227,-0.607650949327,0.110871691624,-0.413633827568,-0.536107219786,-0.745779121684,-0.590455848742,-0.571877177424,-0.49098957351,-0.350333069146,-0.342201112938,-0.532204190955,-0.57482019703,0.315463720296,-0.837290652542,0.829531290452,0.835262389027,0.84139424596,-0.59324268463,-0.582965600152,-0.677087891176,-0.650478084267,-0.300347635694,-0.254251123282,-0.568097179017,-0.569579605375,-0.538830014656,-0.545822579153,0.00621907644252,0.0110777679794,-0.596455547812,-0.022582637789,-0.46675223161,-0.530400203577,-0.614769207712,0.168663057471,-0.593519678597,1.07946166928,1.08176046155,1.08676355902,-0.266590778617,-0.0421660311166,-0.0911741987555,-0.28692409126,0.178188061338,0.396784576866,-0.723525770597,-0.165553900134,-0.0590557167409,0.268307688409,-0.70490271583,0.768760159397,-0.316527209323,-0.40299957972,-0.379690501071,0.0359646039151,0.0359646039151,-0.0359646039151,-0.44769804908,-0.299403403417,1.05240531913,1.05776060366,1.05799661248,-0.085445271342,-0.443378815564,-0.839657596526,-0.289155325003,-0.163081501232,-0.107044750618,-0.131850411849,-0.597130685224,-0.274186662944,-0.546040237357,-0.74015258549,-0.21461469603,-0.721202158498,-0.282829679375,-0.261700051921,-0.719796912943,-0.282040792705,0.147042954926,-0.290866329985,-0.290148978793,-0.012934215359,-0.673321646984,-0.263815407163,-0.768842187389,-0.623824238195,0.197221027497,0.385574225831,-0.385032243349,-0.788917534502,-0.405902066289,-0.259313308349,-0.0152577461243,-0.265831019262,-1.48631216799,-0.932119316821,29473857000.0,01030302,-0.03463941
197,601699.XSHG,601699,2011-05-31,1.12796239641,-0.144776497071,1.00368523008,0.62138127293,-0.217577099742,0.659519482956,-0.373441197034,-0.396637477162,0.259869408914,-0.179116314692,0.120668836648,0.992109071474,1.85198234209,0.787688967903,-0.571188490091,-0.173596927065,-0.241056955182,-0.233386561095,-0.223189393069,0.16573052872,0.337462945007,-0.337254703093,-0.185508035408,-0.0694319902669,0.377031064343,2.44502194235,0.516561955023,0.0884567500016,0.229989049412,2.91962517307,2.95106567415,2.97148734308,2.89073628865,3.01395909147,2.44886179139,-0.0990823671242,0.0694319902669,-0.00011871750807,0.627662369473,0.875968804302,-0.345793741551,-0.182066337719,-0.745952594368,0.0670980556604,0.789548326605,1.12379956233,-0.00259809983055,0.158032385609,-0.750008259516,0.249421733497,0.313308550024,0.8620455951,1.1033642198,-0.228405351596,0.000274667511348,-0.263021328938,2.91328719661,2.9172748047,2.97331239034,2.88286958757,3.05450939178,0.135341737608,0.122612184258,-0.505228571747,-0.0544018130693,0.169309331018,0.313844634074,-0.161691263296,-0.787688967903,0.292382357792,0.313844634074,-0.591613377826,0.165861371375,0.650695822706,0.650695822706,0.150478905627,-0.32256947215,-0.0784960743332,-0.0237263205999,-0.479082243605,0.166919162604,-0.268883452756,0.0742089931499,-0.16641718077,0.0171851495264,-0.730974653827,0.495844702803,1.10512891091,1.24542487865,1.35919238206,1.12840214666,-0.620018158248,0.805066977742,0.62463273344,-0.789548326605,-0.154573042592,0.348193236817,-0.492777402611,0.97743588488,-0.019463365262,0.144875585909,0.248198835701,0.189352225477,-0.599159748409,-0.826460487116,-0.597437785805,-1.03295916215,-0.596299899171,-0.849572279781,-0.0339467243905,1.70602751167,0.509509696541,0.505396654378,-0.14599965664,1.25317192241,1.88973620777,-0.528190815013,0.954435500212,1.38359058892,-0.253740960462,-0.286033327724,-0.453791966051,0.70415249118,0.487788780686,0.438536026816,0.0149231404323,1.19405800809,0.797230588125,-0.516192875455,-0.144282946108,-0.663637461205,-0.196172452374,0.0112781926728,0.117370136428,2.6631471677,2.40062834763,-0.173301925413,0.02821010617,0.424787146666,-0.379117700517,2.96372352239,2.96043255457,-0.0194617932064,-0.24991318734,-0.503613202043,-0.106000344516,0.0144098666533,-0.251539117515,0.289190011301,0.545959845434,-0.61952398786,2.7336368282,2.21130379549,2.35202201359,1.61446010001,1.39331135316,-0.139078728222,3.44508424911,1.03208381234,-1.02776124196,0.479005872608,0.100137572797,-0.190387034631,-0.191801619939,-0.193510934345,0.993042027118,0.566994548601,0.495709195445,0.0959242269706,-0.0555075163754,-0.0616328864062,-0.517659860414,-0.523238340445,-0.539123024976,-0.472945515561,-0.0243057191723,-0.812888127044,-0.0170907932192,-0.0964514972962,0.253811094602,-0.540927287513,-0.529276250657,0.153838768163,0.996148345854,-0.0820679581665,-0.0866807008319,-0.0834805274924,-0.282547088938,0.00494892436786,0.26331505941,-0.183415813054,-3.21386694834,-1.28827155669,-1.02153182784,0.0184906070073,0.192888883124,-0.293848298208,-0.613208053608,0.487613586817,-0.459187360004,-2.15101110022,-2.22626825162,-0.00864265675479,-0.00864265675479,0.00864265675479,-1.4350908108,-0.853434752447,-0.0686149890507,-0.0668865131097,-0.0667202472874,0.0254026482368,-0.618811546297,0.0926158609001,-0.880458475883,-1.37879666985,0.885976586918,-1.93332123483,1.6950350183,-0.231537311969,-0.554425039082,-1.18697208743,2.37488051681,-1.78833857083,2.93155806129,2.99218952173,0.439764433065,2.93023031812,-0.0596711916861,2.86307964902,2.88255927738,-0.342168788133,-0.153179087694,-0.523330864188,0.335896979308,-0.76578894303,-0.417568423942,-3.02209206774,-0.306666467858,0.125237151452,-0.0113406364274,-0.45220007768,-0.126161695793,-0.429281792575,1.22380358123,0.968220941241,66904017300.0,01030302,0.14582716
238,600403.XSHG,600403,2011-05-31,0.448061087382,0.0207914972232,2.8901461575,2.87643532372,-0.270833550497,-1.88784814135,-0.980957790982,-0.396637477162,-0.239755100077,5.64110334761,3.50422797187,-0.850564714418,-0.971928069867,3.18879175976,-1.5431522422,5.62038459758,-0.46165853817,-0.463120553235,-0.461624902871,1.87385031998,0.141662314522,0.945895216096,-0.987614518894,-2.17120362409,-0.286475904108,-0.882129352986,-1.44259776335,2.23466636665,0.154619961467,0.895429057017,0.917103329311,0.905628648582,0.895399578197,0.929756142904,-0.882571823488,5.19860868125,2.17120362409,-0.628349785493,-0.756435491471,-0.0922437458211,-1.1930609018,0.281003755116,-2.02354827554,3.3672197663,0.465841822591,0.104048508397,0.724869852723,-0.991403358696,0.586737486682,-0.572073018375,-4.11401966664,-0.88771247405,-0.661785667588,-1.0793048346,-0.212819351194,-1.23350672243,0.886104816095,0.949152971544,0.907965263712,0.90302262485,0.938767431309,0.152668600854,-0.44975496956,-1.12523453351,-0.648361532991,-0.336787241678,-0.592119148617,-0.439910050695,-3.18879175976,-0.343708786192,-0.592119148617,3.58140803017,-0.264007025374,-0.485707913626,-0.485707913626,-2.10184489808,-0.474241648086,5.19121847671,2.19042653204,3.21219648868,-5.64191088007,1.77065914726,0.865138589873,5.64329851554,0.761527787597,-0.288194733303,0.206484013568,-0.771984625798,-0.346796871251,-0.87871137424,-0.173970670816,0.919806656251,0.711245382413,2.79787035985,-0.465841822591,0.832050417427,-0.734794394006,1.63134469591,-0.582728187849,-0.973305860438,-0.774950599886,-0.547651661328,-0.304132288717,-0.633094459824,-0.547594542679,-0.620967643215,-0.234096532614,-0.642600406963,-0.666745696371,-0.0777202572198,-0.570403641985,-0.268225604327,-0.30975923978,4.6525283157,0.534808318205,-0.0495597865208,1.29351345047,-0.184125431648,-1.08806638546,5.622021091,5.54724515594,-2.17023394313,-1.09659640202,0.826353272916,-2.30415129313,-0.316570400456,-1.04162507088,1.09420545919,0.0433863894136,1.32172623244,1.62245292838,-0.19125938495,0.555037455404,-1.27742916018,0.33053837585,0.158796760073,-0.169689656659,0.154670463864,0.0617194824654,-0.225948515574,0.932611591052,0.87817770421,0.107902092573,0.197847516504,0.477365992266,0.0773082150088,1.31907250285,1.09667453154,1.17893062505,0.422689097921,-0.228697893836,0.978976511954,-0.437740009082,-0.160845827047,-0.149090489239,0.064842281645,0.430882647963,0.183268603146,-0.187155709272,-0.420646833669,0.835379217364,-0.0945158143239,-0.889382956862,-0.888133761941,-0.886261826373,-1.03585806814,-0.915544551129,-0.960599196441,-0.855685095782,0.186845691312,0.0956761349367,-0.971024071393,-0.986990417831,-1.07135445672,-0.905054887205,-0.112494166547,-2.39286140518,-1.44623722535,-0.213118558921,-0.407106864447,-0.752268158366,-0.878441229553,0.498209361854,-1.03641154162,-0.674517425181,-0.682491725425,-0.675159926368,-0.12905149722,0.542949357045,0.534362841791,-0.948081045689,-0.549002783216,-2.22350696654,0.352022794474,-0.808829781069,-0.780933491456,-0.585182006898,0.0286545819443,-0.918119276079,-0.887167812047,-0.715595330535,-0.602594880914,0.682769883628,0.682769883628,-0.682769883628,0.30119717549,-0.332491947205,-0.799947838486,-0.798859919147,-0.799377173827,0.524218286342,-0.289875176173,2.5128433395,-0.368457700707,0.513867513459,-0.0913137195283,0.535777082459,1.42055292866,-1.03446614724,-1.07601234641,1.08710400927,0.914818690946,0.0285701257282,0.896860617551,0.911847467057,-0.629441483384,0.898506559586,-0.227845412658,0.899420970383,0.892687134834,-0.467591482523,-0.846636657368,-1.45588921235,0.272658428944,-0.7136076551,-1.32653175731,-0.231438510459,0.0349958495422,-0.478757908911,-0.452837491344,0.168645587118,0.621763720873,-0.310602318039,-0.402265868301,-1.0209972674,4171994910.0,01030302,-0.04307974
241,600408.XSHG,600408,2011-05-31,-0.273785879725,1.68067845807,-0.756762103639,0.401481637949,-0.203043037554,-0.17470421386,-0.4718474994,-0.396637477162,-0.822992334905,-0.22517659602,-0.838998403889,-0.850564714418,-0.623774731407,0.560921199086,-0.401838945109,-0.204799075199,-0.212125600036,0.109199216659,-0.369918937563,-1.45971449304,-0.856697554222,-0.204588251564,-0.0652875282388,0.0762313333902,1.10824282549,-0.666978691856,-0.849008678656,-0.568537896807,-4.73376234001,-1.12110733854,-1.13842141185,-1.11357642729,-1.12460513715,-1.12009950885,-0.683683138048,-0.277452311398,-0.0762313333902,0.0575823883589,-0.467335568575,-0.50005820103,0.148611566075,-0.0462655185192,0.154779088799,-0.277910558733,-1.04061551745,-0.856073291271,-0.37672447543,-1.14169568928,0.0730384682346,-0.45663217665,0.365852797626,-0.546374704542,-0.317445306466,-0.351639069824,0.308094160624,-0.477187087071,-1.12041611106,-1.14592775375,-1.11244265297,-1.13351360925,-1.11285541902,1.42044863672,-1.12126789521,-0.115124149499,-0.41177231441,0.402460909692,-0.462395638864,0.492469210008,-0.560921199086,0.542698892372,-0.462395638864,-0.359946003337,0.463406273803,-0.579074417785,-0.579074417785,0.670506198146,0.663765183134,-0.524778450271,-0.676168925721,-0.210545738514,0.245449881435,-0.430507832061,-0.716720603573,-0.200189992488,-1.08266442016,-0.257171936324,-0.850311547116,-0.568297837773,-0.680566030897,-0.650758378691,-0.320267962519,-0.903582545593,-0.750312971818,-0.734864610407,1.04061551745,0.628117258501,-0.358611945279,-0.82967877994,-0.61632827556,-0.351374774056,0.16487180734,-0.687603326888,0.546225936099,0.127608654381,0.590633801961,0.384933761069,0.30548612067,0.0085004838523,1.0746775106,2.0042571072,-0.335905979564,2.18480846447,1.1458762855,-1.37442281756,-8.67649927593e-17,0.273656212528,-0.0357311269044,0.0,-1.21959576975e-16,-0.26425579713,-0.28647091523,0.919450412403,-0.418419625866,-0.307267161744,0.848402126933,-0.325637206766,0.0762164686013,-0.0367738414564,0.0129921713412,-0.614822942151,-0.443359217822,-0.169886908379,-0.588163118454,0.35197038526,-0.852339867581,-0.826030407876,-0.196036396733,-0.637692688724,1.2847458496,-0.0104590798132,-1.09419376547,-1.12136639642,-0.0600688153372,-0.359138443109,0.585760089934,0.576798804356,-0.74123256764,-0.86589632911,-0.708966979077,-0.449068354678,-0.0492945729392,-0.935954997697,-0.651165691735,-0.573122879567,-0.717977776094,-0.111100024634,-0.981260463181,-0.847317872804,-0.545474016807,0.561665089051,-1.08872853863,0.424794124601,1.99673217229,1.9987470203,2.00389835141,0.553675615879,-0.0949756674384,0.615093792531,-0.420733976365,-1.92560382813,-2.35130850165,1.78778070202,1.94765728383,2.66921925847,1.32368496661,-1.2137883985,0.315176453582,0.376625037592,-0.617346437784,-0.34515890629,0.656655888056,2.10744623104,-3.58470581166,0.552302630365,1.51858329436,1.56228040555,1.52626800517,-0.588612719774,-0.091388313012,-2.17178762579,-0.621542811758,0.385784510715,0.567771372608,0.44942549664,0.245195311062,-0.0421068861718,-1.03886355278,0.120349244166,0.768760159397,0.967414146806,0.312549035855,0.176623750399,-1.21482298527,-1.21482298527,1.21482298527,-0.282412704889,-0.300936774959,1.506182211,1.49916598611,1.51658880385,-1.7112147585,-0.443378815564,-0.75155445807,-0.236800358519,-0.53793926181,-0.230926620449,-0.438381304668,-0.0659971226923,1.68110710183,1.97880028217,0.68966982071,-0.229780445965,-0.0686364569028,-1.11923077317,-1.1118209056,-0.180834701538,-1.11938819458,0.199597398979,-1.13016085109,-1.12049165843,0.482485427482,0.721650728785,0.590800073551,0.484401272531,0.577582473803,0.20943110341,0.523448916904,-0.194336996428,1.23936317496,-0.579394931111,1.22022343494,-1.16622434573,-0.106644179166,0.681780431386,-0.301149396085,7168416000.0,01030302,0.0252809
259,600714.XSHG,600714,2011-05-31,0.00916085031506,0.394005327924,0.195201975474,-0.48773653328,-0.0103635401976,-1.22750009933,0.396933760954,-0.396637477162,0.670238615477,-0.228850328015,-0.465981172324,-0.850564714418,-1.02995362628,-1.23180704592,0.441624424988,-0.274292716268,4.60494503178,3.82927772097,4.32542648623,0.138664383943,-0.963903983081,1.63381498942,0.177062793169,0.354168315856,1.62279925001,-0.628558930939,1.96685585345,-0.182309608151,1.52684722389,-0.0432038763822,-0.563070651098,-0.190853189937,0.0333577352694,-0.45018791235,-0.637859801035,-0.389115007616,-0.354168315856,-0.292735390178,-0.602931107632,-0.64986759274,0.381859231366,-2.99655290742,1.46712109603,-0.672261475895,0.310248088617,-0.989860755159,1.22370502019,-0.215894932884,0.298151320741,-0.516808523053,0.337354615674,-0.640647744523,-0.79047595958,0.642613922141,-0.517932402181,0.586902221693,-0.0170200602876,-0.633917177501,-0.242542254638,0.0599028891717,-0.533436318074,2.25558555243,1.90028200338,-0.697680086723,-0.287675467026,0.0478381882505,-0.101060518579,0.171576549034,1.23180704592,0.112135725971,-0.101060518579,0.530619488202,0.328294820686,-0.207609111953,-0.207609111953,0.921215517441,-0.205472119802,-0.23098865275,3.04265761408,0.401781231363,0.361053707277,0.832928886908,2.44794727863,-0.235660119962,2.26132265535,4.46769405212,-0.837730647584,-0.263433298833,-0.82861927681,-0.202120454118,-0.453488401332,1.8741474909,2.49266807853,2.12483525506,-0.310248088617,0.160361709167,-0.0546038697506,1.05614722242,-0.508061326268,-0.414358845452,-0.713838552368,-0.300443591108,0.0514834955369,3.99616575562,0.795514903996,3.20557541811,0.30548612067,3.81671724968,1.67800523585,2.11150273201,1.33510104636e-15,-3.98215963551e-18,-2.58572812101e-17,-2.95968679956e-16,-8.67649927593e-17,-4.78455792095e-17,1.29497888308e-16,0.0,-1.21959576975e-16,0.0,0.0,-1.82570239263,-0.778569404505,1.01275394841,-0.348179182018,-0.164060374209,-0.482704301142,2.17507025035,-0.343597137115,-0.465326167401,-0.251225554088,-0.188306017727,1.97939800203,2.12059381643,1.67366100123,2.55952655481,-0.116017333693,4.24461333626,1.37113744916,4.25804487605,-0.665701875753,0.155886878818,2.24519972901,1.92279568845,0.70982329593,3.09337664365,1.64694682616,2.16167105316,0.820075040791,2.53068720147,4.91113573249,0.456714916543,2.37258520252,3.75764327573,1.44637976526,2.35017159618,3.06092830175,0.660981561246,3.84149079862,3.03837921482,-1.83791135462,1.27789597285,-1.02588707315,-1.03515175925,-1.08522540861,1.0708941404,1.62249175965,1.0593890165,0.90074124458,2.35464039705,1.65976811031,0.977553845907,0.958800875863,0.59086013523,0.866045637657,-0.628425571947,1.90388682868,4.22924886721,-0.269401241307,-0.359970864949,0.138356458337,0.435272253848,2.11205679392,1.0714791871,-0.763086767343,-0.816463194753,-0.770477463538,5.05043286646,2.7608374585,1.47361608221,1.43456388634,1.62188829211,0.556469031349,3.56941186041,-0.527688964623,1.83899152478,0.0890454718978,2.59610512415,-2.0427055664,1.96603520157,3.37090480619,3.98889108999,2.48847179555,2.48847179555,-2.48847179555,3.30980797242,4.56630731244,-0.881404349607,-0.887763065383,-0.91115727534,2.53795549202,4.46873764497,2.11460105941,4.60295433736,4.02577021942,-1.02534369048,3.23677966159,2.68643800894,0.190682938151,1.50349858437,0.63322946257,2.74300834733,4.62306136322,-0.0762383319786,-0.256216258016,3.09415332424,-0.0721280635493,-3.52476086964,0.0688730475646,0.0600798413642,-2.24232260814,3.81311580933,3.17419817791,2.50165687624,4.0640170335,3.6943161473,1.80754961808,4.41179451927,2.57794682225,-0.0612603948674,-0.529754458237,3.4214122064,5.05129370217,2.12735617202,-1.07568107939,6173474535.78,01030302,-0.04827281
283,600971.XSHG,600971,2011-05-31,0.496670228012,0.000974833646166,-0.453580883161,0.992084972681,-0.234720282515,0.147657678883,-0.260395940597,-0.396637477162,0.0080053083856,-0.203099546204,0.537372771009,1.37778498015,0.981598995936,-0.533384280942,0.20227706808,-0.226902478255,-0.94987515626,-1.05156200679,-0.967841831374,0.739532797982,-0.118164377642,0.369769039256,-0.275311305824,-0.129076860957,-0.462508365126,1.17716983212,0.370269609681,-0.0148084977022,0.259347221149,1.3060804698,1.57944528144,1.31064366588,1.31287091495,1.44116556752,1.16850384543,-0.272993062791,0.129076860957,-0.116730089046,0.747907470146,0.873194556307,-0.491324336134,2.14969987734,0.392657782573,-0.469499486961,-0.0384964875302,1.22035657813,0.433882671702,0.479056803736,-0.762598793541,0.27976907472,0.108743081203,-0.00778872830567,-0.48786611331,-0.422896661997,-1.5457420982,0.0252787300869,1.30137706264,1.70626742687,1.29685675665,1.30496784578,1.4535617747,0.152225442608,0.655703646888,0.15014685763,0.462944681416,0.208438969631,0.166264446865,-0.174202405326,0.533384280942,0.302096948987,0.166264446865,-0.567544040216,0.24312267949,0.519982716884,0.519982716884,0.176192681965,-0.327499664253,-0.202587793864,-0.592486767741,-0.503189422455,0.165802798725,-0.3373506435,0.865138589873,-0.200785938909,0.496749187487,0.128262814027,0.885852588294,0.414191375056,0.470093406636,0.701762728233,0.695231394692,0.651870971439,0.130501583481,0.619317826129,0.0384964875302,0.723630256985,0.430240789536,-0.328435267329,-0.262780685976,-0.254408599025,-0.251229339727,0.138948817572,0.27396873917,-0.271124204738,0.949175730522,-0.276843478591,1.83313571049,-0.280877689843,0.352512506136,-0.00968775730115,-0.364165954266,-1.22317803987,-1.9400710281,-0.0564271344896,-0.334855540327,0.489133545228,-0.421697282269,-0.818248563715,-0.538809280044,-0.254604849598,-0.293709341894,0.741856829673,0.847369947013,-0.0162538622419,0.0628254350431,-0.0509367660406,0.635137238344,-0.266310668886,-0.370192077928,0.580122271169,-0.0834838593825,-0.187626685695,1.48650875882,-0.471530897476,0.761641547399,0.743302960898,-0.159725607332,0.537331846279,0.943081007488,-0.380609920735,1.3417033866,1.24527441562,0.893383281611,1.013082847,2.13424004464,-0.677077301387,0.719285477615,0.396716353507,0.737517118279,0.794219127598,0.0447308026574,1.30809077172,0.48304943962,0.58653529619,0.55684691672,0.543973964191,0.228135193251,0.853171619252,0.823925797849,0.528751489893,0.5652613951,-0.866102164715,-0.704019036448,-0.703766034037,-0.704304013869,-0.645346070882,-0.575388217368,-0.66408515621,-0.571955790219,0.0859858050458,0.0557868978715,-0.80370642519,-0.818575730447,-0.882495923715,-0.741220489499,-0.0313333895341,0.613549806017,-0.0416104623978,0.683481159573,-0.0365208485047,-0.625187104185,-0.770241544453,0.57021305278,-0.645771545932,-0.590899600719,-0.598421181394,-0.591868616028,0.0859960486937,1.16213859225,0.451035544271,-0.128626572361,0.950411366449,0.907523009715,0.642135601942,-1.5991359591,-1.00010101402,-0.522576836699,0.395433230832,-1.48041242124,-0.887167812047,-1.13183600617,-0.800712982227,0.93257054338,0.93257054338,-0.93257054338,-0.0959627739429,0.253498092897,-0.56110130912,-0.560341991328,-0.560842523098,0.542692939605,-0.114442445439,0.552872990067,0.175879965533,0.18090562024,1.35397476184,0.0840051121519,1.72268282372,-0.613272589368,-0.784499486424,0.858990895128,1.62240278494,0.354140977655,1.3051957583,1.32354602855,0.0529797872333,1.3036560167,-0.732368075575,1.32046547633,1.33030803194,-0.812503892096,0.17792267277,-0.156138004329,0.452165256016,0.161026266289,0.369698457449,-0.453487915555,1.05468571155,0.153804485388,-0.431849488556,-0.150093652196,0.543319463791,0.045436105569,-0.944289018145,-0.0327660650251,16841758415.9,01030302,0.05076803
294,601918.XSHG,601918,2011-05-31,1.28145227029,-0.164056746708,-0.523449806399,-1.47444686597,-0.598855782117,0.423649010285,0.754774860468,-0.396637477162,0.658953462296,-0.221895652981,-0.264350236343,0.799271117136,0.362659727562,-1.56619341688,0.884293871962,-0.281032109334,-0.18319424489,-0.213234456521,-0.193843484171,0.8925795439,1.61426173315,-0.92523241627,0.116294157836,0.300609656461,-0.516672199285,-0.0138427562816,0.188193525191,0.3746722397,0.224479252476,-0.6414708654,-0.579266371117,-0.631284723855,-0.643765140636,-0.603953593552,-0.00230166876137,-0.392977961351,-0.300609656461,-0.351597289457,0.635337588665,0.443186117141,0.134656577553,0.15099100808,1.71889832022,-0.692863824827,0.543936761865,0.618312990628,-1.12497722663,-0.564573139838,0.246997521529,-0.50475103937,0.247709398891,0.217962096531,0.45361501446,1.25291424099,-0.666607991796,1.13429791818,-0.641140082978,-0.583500093547,-0.638429603308,-0.644053828706,-0.592785739238,-0.178046042199,-0.707495714577,1.6242214345,-0.268847796478,0.17461954491,0.396825664605,-0.160195365879,1.56619341688,0.261717021729,0.396825664605,-0.528431366602,0.239463483571,0.956137672026,0.956137672026,0.631935533639,-0.220728207811,-0.168766024153,-0.501902436884,-0.526255504329,0.167413156973,-0.242837482519,0.865138589873,-0.242238161468,0.124577868452,-0.605003296396,-0.752180530767,0.217161018012,0.201259881163,0.413683000525,0.491314219944,0.24008792951,-0.884117609882,-1.16397344281,-0.543936761865,1.10723111036,0.121882791436,-0.299675393655,0.170287111193,-0.179706560858,-0.786858462086,0.573556553926,0.245665395888,-0.647233922913,-1.01426816398,-0.679792286741,-1.046974296,-0.668644442595,-0.940985571485,-0.259971356461,-0.729140521162,-0.377035088569,-1.61983121253,-0.248368253383,-1.15512799352,-0.318906452395,-0.568898638592,-1.29694001078,-1.67165205997,-0.256365274844,-0.286707941796,0.474578487666,0.571465730629,0.143518145328,0.073072087546,-0.0748197383458,0.635137238344,-0.88933920048,-0.169915890987,0.860153102928,0.0561132556743,-0.206615743103,-0.0148442497846,-0.95353359153,-0.790073479167,-0.806039988263,-0.195186818223,-0.327180380265,-0.53577596737,-0.478390458451,-0.591891284902,-0.677356453657,-1.15825146869,-0.953693127217,-0.868020138487,-0.461887443406,-0.663918376788,-0.493719854817,-0.793722154989,-0.50704367061,-0.553851437878,-0.695568962723,-0.886586297073,-0.713437391936,-0.901573218669,-0.245604225963,-0.0568454948418,-0.651275290942,-0.7768707313,-0.937679901302,0.306845174994,-0.464849153719,-0.49862672329,-0.496811420619,-0.495144234019,-0.749487276096,-0.70938886999,-0.726395333191,-0.766455914677,-0.354522250421,-0.324339733206,-0.601263008944,-0.599019124692,-0.55206266947,-0.583373810026,-0.0347732393874,-0.398780544177,-0.811761595267,0.012063570332,-0.527345481523,-0.387151723473,-0.547813190591,-0.293831238326,-0.749247938064,-0.245985683069,-0.244803261338,-0.242471478044,-0.192687297912,-0.280289862986,0.0410899029801,0.261401198879,0.219494431778,0.38094944868,-1.11216068656,0.116510805073,0.678790377684,1.46872063937,-0.70490271583,0.768760159397,-0.316527209323,-0.123955551362,-0.132171969631,-0.664369388602,-0.664369388602,0.664369388602,-0.0455709007141,-0.134767722133,-0.280360616435,-0.277548222398,-0.277568879914,-0.159343884395,-0.355662450197,-0.791335854559,-0.122851313818,0.0272874399244,-0.434119105357,0.0807953645831,-1.087103023,-0.419477490338,-0.18180896241,0.927189661213,-0.327867385846,-0.418340323176,-0.63987738149,-0.625059985657,-0.59773782389,-0.638325656818,0.504413174492,-0.643295824855,-0.648453348979,0.451129753885,-1.10358253214,-1.07537993775,-0.551247822372,-0.955768911255,-0.739477776327,0.459411694273,-0.501568227579,-0.735863914335,-0.267564648742,-0.712579792397,-0.111284336691,-0.346845750383,-0.402265868301,-1.0974743855,24092038740.0,01030302,-0.05034242
367,600740.XSHG,600740,2011-05-31,0.732342234174,-0.0718012119808,-0.896499950114,0.39157481862,-0.202278086913,-0.129561272674,1.55198790092,-0.396637477162,-0.20743852506,-0.222092047459,0.475443269243,-0.850564714418,-0.836535104911,-0.0534931672717,1.19815502866,-0.253476232491,2.01558874621,2.65642523478,1.47520508444,-2.02810353335,-1.80145420854,1.10084963148,2.11935478769,1.09749758867,2.71961689173,-0.282781082694,-0.213847308771,-0.44291206397,-0.0810677701785,-0.595623552868,-0.830375786872,-0.616896518413,-0.612983588462,-0.738216077824,-0.115223463544,-0.441744511523,-1.09749758867,2.1674211479,0.399964200112,-1.62362863885,0.0509266464233,-0.255438664282,0.751881338115,-0.351019834564,-1.01796202362,-1.0095353822,1.07821142968,-1.2282640717,-0.647465301789,0.0516148261664,0.509108914876,-0.506017015186,-0.412674850268,0.507643659319,-0.491965877256,0.38995958397,-0.563926909254,-0.873987852831,-0.602852728762,-0.615756897874,-0.770049117198,3.51566129259,0.58265239175,1.08015580027,0.0358289099332,0.4926017905,-0.271224150806,0.132066725146,0.0534931672717,0.633095309239,-0.271224150806,-0.65479538905,0.542758551014,-0.411014710299,-0.411014710299,1.84454309147,0.304792183029,-0.329272122919,0.206372861237,-0.618944946425,0.172227895277,-0.446807750528,-2.29952929233,-0.220195687525,-0.982678095644,1.25542443761,-2.31472825264,-0.0198079249199,-1.16238843646,1.42790864739,-0.781227026878,-0.230136397802,1.7112173225,0.702957683291,1.01796202362,-2.55840288553,-0.164010146014,-0.792701799501,-0.575261501691,-0.25235795484,0.63040181637,-0.551638888267,0.668119001165,2.08451034594,1.02316057292,2.46732614187,0.915144443211,1.68400010955,1.9111091297,2.70638532478,-0.207232903262,-3.98215963551e-18,-0.0477448452292,-2.95968679956e-16,-8.67649927593e-17,-4.78455792095e-17,1.29497888308e-16,0.0,-1.21959576975e-16,0.0,0.0,0.919450412403,1.47921166392,1.2371955781,1.50760343795,-0.191657300702,0.635137238344,1.27548387007,-0.332742059232,-0.760497773791,-0.606222518722,-0.132293364577,-1.9355312031,1.81814192674,0.249225798038,0.364168421398,-0.223688260563,-0.253400017342,0.0303398240458,1.31536253837,-0.723910361269,-0.484946506516,-0.596809758509,0.302743327373,-0.167763036657,1.29468346738,-0.456510617541,-0.140593070285,-0.982622374072,-2.005676307,0.914716019239,-0.190845460868,0.926826757453,0.108227884908,1.85300488279,-1.43135738176,-0.904698487276,0.199405589862,0.890439974697,1.40339494505,-2.66816455203,1.86326157383,0.808411670906,0.827593599256,0.875750261994,2.87780882682,1.97998936011,2.37870115735,2.08017765455,2.57881021364,0.830406517433,2.83294576057,2.94383362153,2.90905822679,2.28339594702,-2.40451210431,0.832658107517,0.0307809418439,-0.304694151233,-0.21185334346,1.16202633956,2.44273129764,0.231725113576,2.87452151601,0.893680501926,0.897894014446,0.893504804905,0.893326894968,-2.21342143063,-1.6333914368,-0.343943336363,0.343945841687,0.436542747166,0.949771423901,1.08435027422,-0.188646568655,-1.08558403396,1.9542424886,-2.0427055664,0.967414146806,1.52506177813,1.09578157925,0.235805131716,0.235805131716,-0.235805131716,-0.721541885883,0.718351781231,0.852658646484,0.852623132463,0.874112766461,-1.61884149218,1.55216849653,0.104803375192,0.971983426483,-0.828270272454,-2.48964050107,-1.4117372549,1.12745662135,1.52901790684,3.0384061002,-1.2151922665,-2.10852260214,0.358562865377,-0.596407811882,-0.637917998147,2.05110292687,-0.607517136497,0.217115546997,-0.637138472273,-0.649412664562,1.54544276244,1.79682505102,1.4331315255,1.24787690151,1.45891826075,1.97382750357,-0.93557945951,-0.578843425677,2.20249043337,-0.528943418722,0.248237659853,-0.645516777167,1.37791523584,1.22380358123,1.63843662998,7642607000.0,01030302,0.20947446
389,600882.XSHG,600882,2011-05-31,0.660855095834,-0.0530190610035,-0.0942549922248,-0.538209244436,0.0241265819532,-0.939902177367,-0.813016456778,-0.396637477162,-1.03330655327,-0.229231564354,1.19747404952,-0.850564714418,-1.02995362628,0.337447877274,-0.819773094907,-0.261299347056,0.391816438638,0.987830976074,0.565481908583,0.581564934832,-0.770336819864,1.7617054487,1.84691642041,1.04150444476,1.16240665965,-1.16643558377,1.44325555268,-0.94704161969,-0.13879728435,-0.553217564038,-0.759707903658,-0.531510259358,-0.563924747268,-0.630329345593,-1.16579085184,-0.396503878854,-1.04150444476,0.16403681754,-1.49581494029,-1.12981249581,0.674913990322,0.550830060457,-0.179854759072,-0.494073762097,-1.37445647923,-0.96140821759,1.72254018765,-0.104077438929,3.65551373973,-0.755434393822,0.170678511629,-1.08842891971,-0.864267723649,-0.950202844077,-0.225406860327,-1.1174378675,-0.567268853799,-0.835283984978,-0.501946672939,-0.569340072306,-0.66215754485,-0.58713519756,-2.41920226862,-1.03264975063,-0.684832743863,-3.86489335118,-1.12414309753,-0.305397141785,-0.337447877274,-4.03919389716,-1.12414309753,-0.188451972872,-0.303038448508,-1.51740778458,-1.51740778458,-0.362781603645,0.0529080337069,-0.637439118715,1.10991544552,3.93504168636,0.103017967531,-0.194201388421,0.0742089931499,-0.244644578027,-0.112426752625,-0.933092876572,0.631718417748,-1.46025958926,-0.922126590018,-2.33562834579,-0.571997380644,-0.801363041018,1.92063345722,0.736245786978,1.37445647923,-1.35029252632,-0.644333175259,-0.842004440086,-0.941129123436,-0.2460595477,-0.563305200028,-1.12340723132,-2.95391225218,1.04667375519,1.48983419423,1.49083705935,0.789008238547,1.20363234121,2.24933830901,-0.101583075245,-0.207232903262,-3.98215963551e-18,-2.58572812101e-17,0.606836065243,-8.67649927593e-17,0.273656212528,-0.492848492536,0.0,-1.21959576975e-16,-0.129617168444,-0.215873464236,-0.552800388423,-1.16188671276,0.101673095726,-1.18726617031,-0.49698134233,-1.04162507088,-0.198253927599,-0.855414059298,0.0528411197135,-0.447487089504,-0.193152303358,-1.50588576794,-0.71701301324,0.0226860260729,-0.115259932743,-0.178235364527,-0.889904148039,0.43894422169,0.745615209278,-0.564591702067,-0.439542864497,0.337633812134,-0.179973273022,1.13911930119,0.946553204681,0.0446325824633,-0.399540553345,0.621396448078,-0.256363870205,-0.531488645844,0.0768958490232,-0.404262767039,0.114830920785,0.224565024172,0.138011647088,-0.20288037481,0.00307225148276,-0.209041019074,-0.217357600486,0.903696954512,3.38113636148,-0.486071609572,-0.49392796454,-0.484350447376,0.276039404303,0.0153839633521,-0.0636855036776,-0.168176425943,-0.539478492976,-0.605173947179,0.25224028819,0.289123879625,0.461982195458,0.179286528379,-0.246940008316,-1.51260634049,-0.626579712803,-0.374294965735,-0.318065773961,-0.211279711373,-0.0745721431687,-0.555727016104,0.276391600506,-0.00585464217778,-0.00617626213016,-0.0172393844716,-1.27353788155,0.277341125718,0.380439123257,-0.703600415195,0.0944042635633,0.53316813646,0.585619933587,-0.726442367434,0.286492651949,-1.19219130295,-0.70490271583,0.206467014238,-0.887167812047,0.268865357606,-0.0984350905196,-1.76795301757,-1.76795301757,1.76795301757,-0.188755809074,-1.3936657576,-0.427283278326,-0.42824219257,-0.42441657213,-0.547311602921,-1.18896792118,0.009328023618,-1.44558414352,-0.894421641967,0.753573741913,-0.273079304876,0.170620779957,1.5564888616,-0.000276125056818,2.61089104685e-15,0.0716482654362,-0.219617691066,-0.546752066279,-0.534749243017,-0.66986364924,-0.547451604073,0.367771619952,-0.568310322071,-0.555093070988,-0.166577015987,0.322029006404,-0.692592137261,1.27041052388,-0.324895598642,-0.65020675773,0.106602845063,-0.27285856869,0.329289536709,-0.58512485121,2.8310984285,-0.408831518728,-0.864202980696,0.320250990441,-0.567361094074,3034915192.4,01030302,0.0
393,601101.XSHG,601101,2011-05-31,0.402641768012,0.0413744664297,0.0529688103116,-0.0212754745099,-0.156263629364,0.00369131515182,-0.970588531848,-0.396637477162,0.119830917174,-0.158656631162,-0.447258299697,0.445734867518,1.67763824852e-16,0.110131033957,-0.709952480888,-0.138308245782,-0.443576441204,-0.636428652569,-0.278212972254,-0.276677910446,-0.287163400912,0.0552611048307,-0.716229562403,-1.18320865723,0.891587488857,2.17608361594,-0.41539395721,0.479563711777,2.28250127612e-17,2.85464441794,2.37731773946,2.78419707083,2.88427430085,2.54251574184,2.17469190943,0.139954098893,1.18320865723,-0.498244190537,0.274602286644,9.6251062489e-17,-0.501292185078,-0.0643593239427,-0.718155533523,-0.285111693234,1.38986591324,0.53537687048,0.246819483902,1.67297907789,-0.471347599533,-0.162420935865,0.164046713388,0.271877447155,-0.151095769363,-1.0793048346,-0.208376700912,-1.21029295145,2.85697305524,2.24893338387,2.78264743379,2.89278424695,2.4375893659,0.312032883286,0.618761922736,-1.11379147045,-0.00608929996561,0.391674537725,0.656797880507,-0.214310588181,-0.110131033957,0.51332103225,0.656797880507,0.350099456134,0.453055976775,1.33427201387,1.33427201387,0.899223471888,0.362875347502,-0.106189857894,-0.149757857123,-0.131694210382,0.175632091911,-0.0163900883506,0.865138589873,-0.142979136094,0.767082583404,0.31533968066,0.805334831289,1.03323945631,0.0,0.466541666159,-5.67118092488e-17,1.52838476248,0.586941665396,0.222937633488,-1.38986591324,0.623470680196,1.27089057752e-16,1.52863086136,-0.807475441207,0.0212565692679,-0.426477123049,1.16087508204,0.534946529666,0.580071473239,1.86544954796,0.499641815944,2.54790753691,0.729052136354,1.45404267118,0.139773088847,0.878671656562,0.391058865594,0.912974601457,-0.431778655882,0.300355444769,-0.426645118745,-0.723565039926,-0.20701107852,-2.73583770172,-0.24734717633,-0.258665875776,-0.771684479136,-0.252034640412,-0.875979426783,1.20703496453,-5.86949103479e-17,0.914597623216,1.62690413417,-0.682275567064,-1.06125529704,-0.689530474481,-0.206707855921,0.53922650339,0.645460737483,2.97704301988,2.65059402193,-0.167714141466,0.663348918927,-0.0354850011646,0.69195946295,2.73445788517,2.80734423746,-0.491942675292,1.1194984263,-0.477068730857,1.20385237309,1.87534019342,2.18502248864,1.60473290467,0.100311204783,0.0797997265286,2.63139700707,2.89314639874,1.4635009985,1.92346933082,0.387376340822,0.975323365513,1.56934126619,1.44146784275,0.566120713484,0.458755794623,0.443767559446,-1.10221416648,-1.10065337125,-1.10504511135,1.05116234271,1.31041377329,0.405579454771,0.8657239229,0.0303017166322,0.170159111268,-0.322483198747,-0.34270464302,-0.407147716212,-0.220751603323,0.25055628798,-0.0183888121823,-0.627980836756,0.844348233587,1.79528011932,-0.288499618127,-0.532027462682,0.4862087467,1.0546434951,-1.21042976115,-1.21806504178,-1.21567966781,0.512854412714,0.638703027111,0.378646524502,-0.513495818694,1.07301747459,-1.13729716336,-0.115544619195,0.0727654054876,-1.18353825396,-1.03923424129,0.30373856861,-1.33983913495,-0.887167812047,1.18356503866,1.36154556572,1.22340988295,1.22340988295,-1.22340988295,1.91352115364,1.86119780215,-0.959689032338,-0.95966225316,-0.960598826534,1.0969325375,0.587288477494,1.16021096263,1.69032436368,1.79867411246,2.42171849705,1.59178403259,0.710107823805,-1.22928793852,-1.17050116585,-1.51620750991,-0.924537786287,0.57171284302,2.84119711922,2.740247469,0.641875262342,2.8447548807,-0.501128521738,2.89962116838,2.88102594509,-0.536573964438,0.846029736238,-0.0134640811865,1.34635996269,0.35722636736,-0.793897518642,-2.3895063381,1.33340613372,0.545585065082,1.95862325707,-0.780133305198,0.698855490765,0.00350742893645,0.320250990441,0.400028201357,26241200000.0,01030302,0.09186851
397,601666.XSHG,601666,2011-05-31,0.128310995861,0.235663595715,-0.242726454105,-0.445993871022,-0.0339112419985,0.363942029977,-0.673133117877,-0.396637477162,-0.678337189591,-0.224818464914,-0.133290127956,0.338602670663,1.67790567286,-0.430158274798,1.77527775074,-0.213468847184,-0.291686826687,-0.318025400304,-0.296554165316,0.690813737384,1.18096908318,-0.747459371221,-0.513974689443,-0.556328893856,-1.22080204336,0.374196828971,-0.161224162965,-0.359161508746,0.161856709682,-0.25396512977,-0.116719478107,-0.238960559525,-0.256521018868,-0.180711002052,0.37718487432,-0.272215286871,0.556328893856,0.259318610128,0.643012807857,0.920356772215,-0.602964244307,0.44598813145,0.967308559668,-0.132144096231,-0.446259376564,0.735755379743,-0.750850851029,-0.932488765107,-0.948715700122,1.05149739573,0.370583171197,0.41331853657,0.650689915395,-0.367567237486,2.13284893283,-0.593255942003,-0.259833713577,-0.108863567879,-0.239291333067,-0.260371617086,-0.16849473494,-0.52221771593,0.214229955858,-0.635263379164,-0.209878111366,0.0302812935718,-0.134673087907,-0.204700580535,0.430158274798,0.100002240582,-0.134673087907,-0.612674048234,0.0771694321997,-0.00820493521395,-0.00820493521395,-0.241656183527,-0.418845755703,-0.230399423312,-0.5059420807,-0.354856238967,0.166729464865,-0.420253290633,0.0742089931499,-0.194456837048,-0.0587303931625,-0.437668209658,0.183838394411,0.659148035165,1.18308666985,0.436147933419,0.781865545086,-0.410150487625,-0.984669024285,-0.958370449447,0.446259376564,-0.250086041076,-0.302034333934,-0.291458286891,0.691835139334,-0.24195825933,1.31409284797,-0.295260196088,0.0793255991502,-0.633094459824,-0.815078203669,-0.653321197154,-0.899815390561,-0.648387970436,-0.790153640173,-0.416949647406,-1.79159531474,-2.03305116309,-0.193308397757,-0.224908783296,-1.20764543717,-1.34242378272,-0.0697903947698,0.0618952722208,1.38359058892,-0.258050360921,-0.296462496621,-0.0582022605217,0.139707224073,-0.67816646503,-0.0817662169424,-0.240758154113,-0.482704301142,-1.00751045126,-0.65296685678,0.485749675898,-0.391197930207,-0.197785578098,0.179011770557,-0.77622317154,-0.729638455118,-0.755807651799,-0.176949853287,-0.132099497575,0.267888854568,-0.518888994256,-0.200911712584,-0.273498554693,0.0935078388894,-0.347193038797,0.355756897757,-1.10412433074,-0.790095778441,-1.00559615039,-0.494458625882,0.361571012337,-0.34857843256,-0.724273321761,-0.840458668635,-0.521949351526,-0.664321361538,-0.0435086444536,-0.197209117335,-0.489614667264,-0.617104668797,-0.597678535643,0.428275573433,-0.774045869723,0.706813696256,0.712644348573,0.713508150733,-0.449411224705,-0.478053809045,-0.581995337938,-0.55890929275,-0.711793862677,-0.547119792764,-0.47097099352,-0.464540414879,-0.352251040666,-0.464011964583,0.11108687672,-0.580485323616,-0.0395087764682,-0.236247493855,-0.764640390364,-0.452364729888,-0.541907153536,-0.127469769423,-0.449811507584,0.807796904974,0.818920744776,0.816360252502,-0.332380789454,0.053421484367,-0.318628719705,-0.395312143822,0.28077974256,0.544603794981,-0.469277019812,-0.502142707138,0.0584188224104,0.396428620053,-0.979986702496,0.768760159397,-0.744507661366,-0.446683257969,-0.418074807407,0.0341803134883,0.0341803134883,-0.0341803134883,-0.311280049411,-0.448463257992,0.692050550739,0.69644481429,0.697314022692,-0.0300213115526,-0.487236998247,-1.0943234303,-0.420812667191,-0.243198159865,0.233794256325,-0.147899149693,-0.581591731482,-0.348552479868,-0.530323434123,0.026495612571,-0.177190755891,-0.398666670176,-0.25147899488,-0.229039450331,-0.670656240727,-0.249546194576,0.0244159188,-0.258184997053,-0.252680628365,-0.213610526383,-0.926332888705,-0.136227053593,-1.30770864545,-0.467634929686,-0.266680995771,0.563589649748,-0.210539860546,-0.8664574409,0.410991372097,-0.713032819351,-0.078824644105,-0.333343295196,-0.944289018145,-0.369128260999,32838356050.4,01030302,0.01882526
448,600546.XSHG,600546,2011-05-31,-0.521894011073,-4.49076392854,-0.982588444817,-0.571492701786,0.0515974617618,0.49535318757,1.85005327131,-0.396637477162,-1.07177866638,-0.186221173738,0.397671336793,0.263610132865,0.188583058332,1.575061802,0.861611296543,-0.190846160911,-0.573767539361,-0.604185285251,-0.531321436506,2.07906090856,0.242168341577,1.15727709553,2.39837697246,0.945342306297,0.512440649742,0.408774613796,-0.11912564632,-0.529508511848,0.361072875038,0.591934438002,0.694916550931,0.602996989392,0.590300308681,0.646743085213,0.410974771991,-0.213804315294,-0.945342306297,3.6691008922,1.05491623782,0.867646060318,-0.501292185078,0.252671385064,-1.30510116445,2.88913547801,-1.10321069779,1.50457926725,0.0389714974583,-0.116100825376,-0.736521458245,0.218660957572,0.259257075549,0.150678261307,-0.519545680987,0.313990673532,0.199836475588,0.356262174474,0.58487048767,0.717594673062,0.597964394488,0.590857944231,0.633779027437,0.0859618417994,1.10720191765,1.21019060769,-0.108990216356,0.163799984106,-0.345802039004,-0.261744135354,-1.575061802,0.201712839967,-0.345802039004,-0.579578709021,0.215068844112,-0.320982724146,-0.320982724146,1.36951490754,0.701577429004,-0.59395398623,0.293104816535,0.152195583158,0.175514079436,-0.504474244286,0.865138589873,-0.184544513037,0.283815348238,-0.191366003337,0.724817074285,0.29570690359,0.0947654411202,1.06384458783,0.879124638452,0.240769555165,-0.122064567656,0.641976115193,1.10321069779,-1.23051406336,0.171477632337,-0.780376139355,0.345380901599,0.143269898273,2.72955571326,-0.524924467776,0.248977935324,-0.361616768509,0.175180456167,-0.350374282998,0.550750963071,-0.330071979371,-0.00399933151208,-0.087588311629,1.41320607167,0.780844739524,1.49522881157,-0.440309372277,-0.330479086689,-1.34242378272,1.50813349456,0.626407895053,1.38359058892,-0.249361243445,-0.279414816693,1.21159185599,-0.74697731866,-1.78515823176,-0.26506744505,-0.0856972625335,1.19405800809,-0.216196159393,-0.312117411254,-0.528388228726,-0.0512114080522,-0.174265721459,0.363931165847,-0.551224569999,0.512942266615,0.419013931618,-0.171177533399,0.165433424761,0.233889579904,-0.232326553602,0.650494027089,0.544335988857,-0.156367297468,-0.27898196805,-0.558265477826,-0.460326359881,0.335283253517,-0.0233138974064,0.4676880434,0.595151022588,-0.202094884092,0.792159494099,0.106138449871,0.187877005165,-0.506584432001,1.41257552906,0.0650865408594,0.201586263743,-0.053896288957,-0.145082336344,0.538284647611,-0.476092670665,-0.501317876538,-0.500657384855,-0.500887816037,-0.728779317117,-0.648584694104,-0.731863559749,-0.486916650311,0.0669454619991,0.0445712453404,-0.78729084103,-0.801641081938,-0.861656249733,-0.723379950889,-0.0224177315739,-0.0813625071105,-0.0275992228672,-0.270327370626,-0.295569563204,-0.610207318258,-0.7520453814,0.529269777547,-0.729181873134,-0.0454930400022,-0.0498969589672,-0.0436908272545,-0.102508164176,0.215256047615,0.298790246227,-0.243583299676,-0.472635679104,-0.00131558215341,-0.0587275722118,-0.204665191014,-0.982218363587,0.0746709953192,-1.07168136472,0.768760159397,-0.887167812047,-0.60530650028,-0.536153884297,0.0145531187935,0.0145531187935,-0.0145531187935,-0.250809801536,-0.192470914348,-0.26904679384,-0.267103488088,-0.267288366358,0.320997100447,-0.311804267514,-0.364214746677,-0.2029236155,-0.0947250860676,0.845338089936,-0.171169819567,-0.23393905947,-0.634500145318,-0.513215430603,-2.03592914111,0.766103799789,-0.400690245913,0.593793439648,0.609941958747,-0.161416210098,0.595368767784,-0.196312746226,0.590235036335,0.592523579561,-0.417422404767,-0.793202110416,-0.814168093189,-0.350746719184,-0.076637533218,-0.84556797234,-0.504502893751,-0.0630003190144,-0.0665720906903,-0.406330725084,0.0320036803884,0.286346897486,-0.373850660756,0.139757281543,0.278844378882,21652500000.0,01030302,0.08036024
518,600179.XSHG,600179,2011-05-31,1.1862859927,-0.152531510041,-0.222763904608,-0.202603189784,-0.12049743831,-0.947546902883,-0.713186922766,-0.396637477162,-0.549070889524,-0.236902501601,1.41686771081,-0.850564714418,-1.02995362628,-0.298929469114,0.495405735031,-0.263455501286,-1.13069612592,-1.25711347344,-1.18059967089,0.0,-3.07899748577,1.40138336635,0.326976317169,0.457633907869,1.25719336943,-1.39695414926,0.0297978563129,-0.792956860321,-0.0754757374667,-0.752616105758,-0.831149289995,-0.742374871496,-0.763826656589,-0.755939221067,-1.41117674689,-0.385277979745,-0.457633907869,0.447802440441,-0.984133660831,-1.19639444768,-0.164378890769,-0.543334455416,1.10469018731,-0.412536252612,-1.78221936827,-2.43639987263,1.61861619443,1.66858005839e-16,-0.0307169465077,-0.42125574167,-0.0312203250317,-0.855993852572,-1.06999407278,-1.0793048346,-0.255841568007,-0.90701626598,-0.747900164515,-0.866658394836,-0.742084600165,-0.758728353401,-0.706941301867,-0.0470085180647,-1.33636591463,-0.947346916962,-0.497976994653,0.281288466455,-0.676675768335,-0.371216628115,0.298929469114,0.387616563046,-0.676675768335,-0.742046737883,0.095360863339,-1.53741489261,-1.53741489261,-0.28834698793,0.293302507871,-0.45430660955,0.690942850846,-0.0966902165242,0.0115447669152,-0.285032707622,-0.716720603573,-0.238481435929,-1.39558458393,-0.453649650527,-1.25541651204,-1.02226643069,-1.04030944421,-1.32140269893,-0.570771425686,-1.51369430955,1.90400684539,0.631066568606,1.78221936827,-1.809787492,-0.170735355253,-0.903632740817,-1.1991031302,-0.585587634896,0.313158393228,-0.838719227877,0.39020113558,-0.149524822169,1.47845191078,-0.153311727188,1.54582546653,-0.17959532905,1.04268285851,-0.299355332363,1.70602751167,-3.98215963551e-18,-0.193308397757,-2.95968679956e-16,-8.67649927593e-17,-4.78455792095e-17,1.29497888308e-16,0.0,-1.21959576975e-16,0.0,0.0,-0.889340227694,-0.437374877373,1.3836532517,0.463583399601,-0.374090431155,-1.04162507088,0.602959526635,-0.53518926175,-0.538678075563,0.402103954821,-0.200013556881,-0.647969763028,-0.263495206152,-0.617742092409,-0.602206051524,-0.229057632406,-1.069948802,-2.13569265464,-0.71968086314,-0.716486646586,-0.760628501593,-1.71735046606,-1.60903365788,-1.42395688229,-0.176032106039,-1.00651702835,-0.684713591472,-1.15790597941,-1.43474632707,-0.366650182356,-0.814994040019,-0.731079108226,-0.544647287351,-0.4393522981,-0.576683528543,-1.41511165998,-0.858548343289,-0.783274577607,-0.442005367498,-1.08795777442,2.58214393854,-1.3168911309,-1.31674533038,-1.313466888,-0.86996378032,-0.757321511902,-0.85301970034,-0.729215514905,-0.315306052673,-0.247720609148,-0.653334755376,-0.657796650583,-0.634068742318,-0.618287806167,0.039890336886,0.244206177867,-0.27956801376,-0.316400201537,0.165998741014,-0.570943689125,-0.677767686211,-0.0568779155748,-0.870371728252,-1.23501598658,-1.23007927734,-1.23208844315,-0.283894823425,-0.581613224426,0.00842350147233,-0.0296734061026,-0.0298342269103,0.093695186961,-1.20343535663,1.97170876686,0.779409468253,-0.42336960866,-1.07168136472,0.768760159397,-0.887167812047,0.149773352646,-0.00703568843714,-0.411000147997,-0.411000147997,0.411000147997,-0.923325343969,-0.210871372844,-1.13530227487,-1.1328046397,-1.13150266173,-0.972228627973,-0.246016993489,-0.526325559775,-0.0897444967766,-0.363005640207,-0.789378224133,-0.63257103258,-1.69578350501,0.565092627615,0.443140766184,2.19944940094,-0.531737317812,0.0251225522502,-0.74981071906,-0.739157270236,-0.283871594895,-0.749978837478,1.73068353575,-0.774471116965,-0.783543854823,1.7586613429,-0.553074800716,-0.510169079942,-0.307985986746,-0.542839187637,-0.492688692308,-0.244595004835,-0.975502003014,0.272154868837,4.89351437698,-0.784996554076,-1.42725437361,-0.569280933196,0.320250990441,-0.820084721467,4387500000.0,01030302,-0.024
596,601808.XSHG,601808,2011-05-31,0.801412431675,-0.0878936301988,-0.890261653396,1.22897773306,-0.242654702826,1.042257967,1.24395990901,0.85042024538,0.936465638234,-0.114375452749,0.552735128036,0.167191155697,-0.159570280127,-1.43935720721,-0.347133910276,-0.134684552022,-0.15064647035,-0.193082351947,-0.164497575272,-0.28504380974,-0.29981971543,0.0810868407283,-0.141791487347,0.0482347614339,-0.0562796089312,0.101416526467,-0.591155264204,0.449478560872,0.219257280752,-0.187707754551,-0.0117702554723,-0.181698487949,-0.180481794794,-0.0730332326455,0.122557297849,-0.372185418429,-0.0482347614339,-0.512995940151,0.484391611224,0.34053894134,-0.0906168085824,-1.15064427939,1.74241891017,-0.732453918541,0.410996521727,0.25266761421,0.537806664924,-0.42870887299,-0.620586793916,0.0108760814011,0.434814224091,1.01735964023,0.983516216779,2.32596974665,1.62263352716,2.32344205774,-0.189906295732,0.0973895449291,-0.20916453292,-0.172912713138,-0.0464752230672,-0.19341718361,0.461104362544,2.39714832978,-0.267071601143,0.109469858229,0.668352201214,-0.138953622563,1.43935720721,0.184507479657,0.668352201214,-0.895488765141,0.0865090941639,1.02682945375,1.02682945375,-0.676760346298,-0.340449353381,0.897150028226,-0.501367384723,-0.457253910357,0.170141342063,-0.103831476501,0.865138589873,-0.145106438508,1.06148676115,-0.0428326117386,0.0404161397464,0.145271563415,0.406456485147,0.25378553698,0.416530967481,1.07638580687,0.49668291546,-0.570661947683,-0.410996521727,0.0772395861617,0.147638911927,0.242653652777,-0.44907450562,-0.45376050872,-1.00344674814,0.777702573204,0.174215178182,-0.633094459824,-1.03703273087,-0.676851054564,-0.675573248936,-0.657069315647,-1.01868686943,-0.320801828846,0.160748043921,3.65442516935,0.0978187072989,-0.241970216087,0.973078889614,1.13556554333,-0.66197841858,0.0275668019135,-0.950752109109,-0.254115145,-0.276661661967,-0.00226028196201,0.179723866144,-0.0752173412259,-0.283283716166,-0.169651130869,-0.482704301142,-0.412942011476,-0.0320564018732,-0.160158709798,-0.458369660301,-0.206681373486,1.26240569984,-0.100267202189,-0.252934310878,-0.227684685781,-0.173075490008,0.4237622177,-0.171314890274,-0.711786536826,-0.151505045692,-0.261665158408,0.141834962477,1.02840768811,-0.0253422897047,-0.685558540785,0.736934029932,1.11610785651,0.290227051333,0.301097096931,-0.0878558679039,-0.0186400617853,-0.104796825704,-0.359349593075,-0.743189826306,0.657557845536,0.656315132574,-0.483436091269,-0.383496316662,0.178672968729,0.679965124035,-0.83869609216,-0.50831530371,-0.507724914561,-0.513763001504,-0.23861351737,-0.217385850865,-0.254785959523,-0.198373663556,0.131780945075,-0.0292689607499,-0.310564471703,-0.306364561313,-0.317415407581,-0.355926903805,-0.247509790081,0.70137303726,-0.0423110243744,-0.267292918659,-0.689027638837,-0.120653493283,-0.283149167988,0.583507851921,-0.23771270603,-0.229766060074,-0.241088721193,-0.226856050165,0.23123203066,0.163930491859,0.377755934038,1.0731818335,0.341355321891,0.518518050608,0.0464535688189,-0.350199668214,-0.520619531042,1.00637596576,0.0286545819443,-0.918119276079,-0.887167812047,-0.704134593656,-0.413599507117,0.835326715119,0.835326715119,-0.835326715119,0.509171635145,0.366402660602,-0.546764085505,-0.544184349594,-0.54561257186,0.653540859184,-0.136371536781,1.08085583763,0.2875192323,0.605744415561,-0.350875732508,0.750830169568,-0.015388332342,-0.954522894046,-0.524570632939,0.0852876522996,0.554386912632,0.197276384404,-0.188920201009,-0.167545966544,-0.450315807241,-0.189884370922,-0.367990596802,-0.166827251636,-0.1788526447,-0.348439922853,-0.72025050917,-0.534132259344,-0.544674262308,0.133132015031,-0.0358216134404,0.670049854247,0.146857930661,-0.609351435475,-0.351082575037,-0.743114894125,0.807054466051,-0.276490852304,0.139757281543,-1.12793811275,85590892800.0,01030302,-0.05323542
597,601898.XSHG,601898,2011-05-31,0.0105960241335,0.391599128248,-0.663187652874,-0.388007574054,-0.0610609461427,1.44474997537,-0.547482095434,-0.396637477162,-0.39877316762,-0.107108857074,-0.582639070999,0.842123995878,0.865547883116,-0.00627276020573,-0.447614640298,-0.04331328321,-0.284453987901,-0.326086242134,-0.285549449479,-0.77567919778,1.79963951638,-1.85212869095,-0.681203653414,-1.05377523036,-1.47808025561,-0.0522625171977,-0.440653067197,-0.20426363719,0.186527442234,-0.899911103611,-0.836779116845,-0.894751546386,-0.895941046844,-0.865327389887,-0.0367654390361,0.0032210921931,1.05377523036,-0.423808312977,0.788841972503,0.881517300291,-0.592996395363,0.201065128197,-0.401162128112,-0.265155185962,0.266729534671,-0.0118804478679,-1.79009078325,0.658205261792,-0.218298310974,-0.338778604055,0.341203841227,1.28832368892,1.28739833484,-0.334872577548,-0.0822462848559,-0.26377016026,-0.905161621317,-0.827799897067,-0.900049110327,-0.898304813293,-0.852990386092,-0.988688582187,-1.89283530937,0.160549642223,-0.309463463131,0.011795111462,0.00397876057396,-0.19034903138,0.00627276020573,0.065591519962,0.00397876057396,2.77207655306,0.0607204753075,0.219876096374,0.219876096374,0.387316319266,-0.353187446282,-0.0123845314493,-0.904475682819,-0.458127275042,0.166990238299,-0.391410627279,-0.716720603573,-0.0956956909631,0.080139502,-0.371862276672,0.0479646794656,0.163909570162,0.341520850975,-0.199477520836,0.205258062983,0.0383267354344,-1.13153742879,-1.18803039169,-0.266729534671,0.825338693209,-0.0780705573091,-0.221612879396,-0.0537134735496,-0.261585853672,-0.230334411716,-0.0887218406462,0.0708136307262,-0.692480204799,-0.945974463303,-0.726852001561,-0.766671618971,-0.706263605176,-1.04611085695,-0.796894149449,0.464392452952,-0.000104343579058,1.49522881157,-0.0948153582684,-0.514290139463,-1.34242378272,-0.231105351817,-0.144075549623,0.628362068972,-0.25325376717,-0.285905698034,1.7226173903,0.552510479121,-0.558337459353,-0.75235269741,-0.0738284694344,0.635137238344,-1.35893071536,-0.94985323688,0.233207434973,-0.427973514281,-0.206596169129,0.12539202025,-0.744217680567,-1.18729640996,-1.16005835953,-0.182147169882,-0.17922956358,-0.0687039646069,-0.429644598001,-0.838768762368,-0.950870146102,-0.268867319705,-0.607738568255,-0.399327773534,-0.947967396831,-0.788031620275,-0.959037928763,-0.560868921236,-0.365794719066,-0.360631106189,-1.18920921966,-1.06741629771,-1.07289015745,-1.41421823966,-0.877216173684,0.192689834035,-1.15944499424,-1.01714700588,-0.983090049085,0.428485781855,-0.731882681177,1.5597886002,1.56958534525,1.57846806837,-0.533075652161,-0.483769253291,-0.696894515555,-0.600891661518,-1.40774811965,-1.02284170283,-0.128477630646,-0.107665660945,0.148358873668,-0.150834359901,0.322642722437,-0.728673048474,-1.23793679766,-0.389194339836,0.536595082476,-0.14581896322,-0.390505025727,-1.22634962767,-0.533033888461,0.553801817469,0.579706586534,0.563412751772,-0.301994518715,0.0131837075731,-0.936013432157,-0.256455016305,0.406473182508,0.571430190813,-1.18773496527,-0.0289796774242,0.899953940214,0.623729321329,-0.70490271583,0.768760159397,-0.316527209323,0.0208815871668,0.0530366116133,-1.4030656253,-1.4030656253,1.4030656253,0.164059291918,-0.216117117591,0.781374788097,0.786076763209,0.787414056293,0.0993012612894,-0.289875176173,-1.54372990776,-0.235260506563,0.0199372877562,0.235105175582,0.310292315751,-0.96589622683,-0.688248871954,-0.637220256119,0.336917582338,-0.371704702823,-0.240003342937,-0.899712614983,-0.889719440779,-1.09944823539,-0.897387949867,0.108503029286,-0.888761053726,-0.887181390738,-0.025476484798,-0.219303224468,0.373908058803,-0.757384838231,-0.761515010363,-0.218406722128,0.984865969695,-0.172525448578,-1.05826668304,-0.296176266813,-0.757460019184,0.00232458735967,-0.190501532431,-1.48631216799,-0.306439322812,1.31525940928e+11,01030302,0.02477854
619,600121.XSHG,600121,2011-05-31,-0.220672160997,1.18583659787,-0.809163796067,-1.60211945323,-0.53979226814,-0.28133976467,-0.3195617133,-0.396637477162,-1.08768047314,-0.204243255221,-1.13520385032,-0.850564714418,-0.236937688674,0.70642594179,1.59412505565,-0.219101941222,-0.280837568507,-0.273690770242,-0.296554165316,0.473792467449,0.437224482973,-0.24155796939,0.352060661765,0.451547696574,0.214539561865,-0.585144601104,-0.859007076359,-0.671396588417,0.0565126816855,-0.832821150078,-0.748033588489,-0.816610467788,-0.839319462577,-0.776262790567,-0.584238795328,-0.241493138039,-0.451547696574,2.12171490729,-0.0451985130191,0.129696093749,-0.592996395363,0.20678024147,-0.61124376104,1.30630673942,-1.19620925142,0.0982974635695,-0.148091690341,-0.981784649538,0.234977555511,-0.501795289788,0.308949186145,-0.602118762965,-0.373679719773,-0.195710691658,-2.41713986533,-0.444238508896,-0.835234203472,-0.729470733792,-0.821843729886,-0.837576530715,-0.765211505427,-0.0824507749577,-0.286090313882,-0.174420021681,-0.35138167303,0.328449803579,-0.454517692927,-0.238743579319,-0.70642594179,0.066918010326,-0.454517692927,-0.651786721849,0.22831164839,-0.521053804486,-0.521053804486,1.51669244316,-0.505854124487,-0.599492742942,-0.41415388248,0.512339946265,0.215186386829,-0.499172768782,0.0742089931499,-0.227052843176,-0.977123299837,-0.714053128202,-0.885538065805,-0.315353460486,-0.107833737497,-0.436020049551,0.112085486145,-1.61692002342,-0.831862544129,-0.248970189365,1.19620925142,-0.868080955594,-0.484816935685,-0.414714888352,-0.259420677204,-0.435011761886,2.74281163534,-0.651718284437,0.408063690006,-0.500183506784,-0.564667967849,-0.491553427459,-0.493376508867,-0.52106157401,-0.506772435888,-0.210069716784,-1.57633848616,-0.989490160209,0.505396654378,-0.969213788785,0.85428943374,-1.23468511637,0.846893804388,3.74648441854,0.902990621681,-0.254308515534,-0.306052956131,1.04465388823,-0.827010602802,-1.18411115567,-0.366395453134,-0.16717956705,-0.482704301142,-1.4894759191,-0.449434146474,-1.69922580089,0.167565791083,-0.17308552598,-0.212137433607,-1.13596489008,-0.796849527318,-0.784682702351,-0.211751370477,-0.896464766708,-1.41089500262,-0.810232957758,-0.782668447762,-0.852519936947,-1.39970030998,-1.54044845267,-1.11124727106,-1.28852759199,-0.860976676343,-0.842104656491,-0.56317345464,-0.585046822956,-0.606207961695,-0.520312558016,-0.882156457935,-0.592519297453,-1.06448185081,0.734879072174,-0.90044504417,-0.806939061449,-0.852132430165,-0.955693979937,-0.0844227678127,-0.623663830576,0.350439595499,0.353313185214,0.353265418454,-0.781498809802,-0.746495557027,-0.77725118933,-0.721218324417,-0.236995643868,-0.256321044689,-0.550294625167,-0.547299732572,-0.514668803971,-0.536729915004,-0.0919083647972,-0.128879790451,-0.0184919171722,-0.586989769093,-0.385236380211,-0.522265321968,-0.557007596132,0.128190394598,-0.781871518086,0.494005743775,0.491412293746,0.496785044194,-0.523017562116,-0.182165450708,0.19892993599,-0.210280807353,0.103808205287,0.340702448418,-0.725534961448,0.938302525485,0.358104962928,0.609794179278,-1.07168136472,0.768760159397,-0.887167812047,-0.172622158689,-0.232005591491,-1.11490272137,-1.11490272137,1.11490272137,-0.491035060057,-0.375184239068,0.189849766778,0.194846367632,0.195703444956,-0.732058135552,-0.750386094347,-0.0984386762345,-0.345359921376,-0.338750138052,-0.346942974736,-0.224933091344,-1.38599502,0.304312796474,0.0648470883434,2.055996824,0.0273582395056,-0.0754566566094,-0.829747835766,-0.807782810768,-0.667485874778,-0.829145335867,1.27521168728,-0.843386101626,-0.847283298384,1.07824322584,-1.05166449153,-1.18868316198,-0.344619419109,-0.972159385226,-1.13739687281,0.166075569645,-0.76595534688,-0.213489808076,-0.579530582628,1.05800341923,-1.04179552415,-0.793848082617,0.139757281543,-0.466400848072,6561930200.0,01030302,0.00958773
620,600123.XSHG,600123,2011-05-31,0.156198585743,0.207747081635,0.0280156234411,-1.33929104611,-0.70643236217,0.206583446364,-0.533656416589,-0.396637477162,-0.298232712012,-0.168129776557,-0.720420210586,0.585006723428,1.52317085576,-0.239629423032,-0.570675309652,-0.204866807793,-0.447192860597,-0.475211815979,-0.450620187034,-0.785521432244,-0.174001059339,-0.492916672888,-0.414493207333,-0.415128791815,-0.462508365126,1.56520941737,-0.389082384307,0.501517740817,0.193394129461,1.2594243669,1.44232789802,1.27378911453,1.247174039,1.33721817149,1.57109459205,-0.164182211611,0.415128791815,-0.419987367995,0.804192410887,1.05629492395,-0.118526785626,-0.174284055817,-0.140831962116,-0.486581998849,1.08404374646,0.69186582711,-0.418294072719,0.378060357583,0.225163785787,-0.499345534915,0.483996196362,0.140147426741,0.375115844753,-0.241818545417,0.591504609658,-0.397062135601,1.25662509907,1.49314874582,1.28899239491,1.23915104515,1.31367857006,0.0284282503781,-1.10617363299,-0.380395156628,-0.185958680859,0.0208888527512,0.53495231669,-0.234736387451,0.239629423032,0.0842404139036,0.53495231669,0.145510086455,0.100483737625,1.42697161443,1.42697161443,-0.0572613400508,-0.320199594401,-0.385838148916,-0.543984289347,-0.211048935386,0.163752941539,-0.23582220854,0.0742089931499,-0.192306903758,0.135687460065,-0.500653888374,0.16370895516,0.613884304493,1.13893043861,0.624456929742,0.886480368203,-0.436717659013,-0.538917478547,-0.54436714309,-1.08404374646,-0.268156067817,-0.115703111138,-0.353086587622,2.18815904541,-0.232876835083,-0.57319097242,0.907287448722,0.0895986644894,-0.542601896052,-0.388242574429,-0.547436838808,-0.437315973461,-0.552893173117,-0.547908417155,-0.281260144312,-0.0076092521758,0.0797811005479,0.330720391344,-0.0414983807979,-0.26045582849,-1.34242378272,-0.579163075483,-0.123097039991,0.14776210173,-0.256812287246,-0.27886783231,0.202416322133,-0.258353057582,-1.3990425468,0.0491632317059,-0.148623013029,0.0762164686013,-0.415416802068,-0.00708972274233,-0.550290902707,-0.489891589508,-0.181782127399,-0.126895779273,-0.355671020154,0.453789197622,0.223722909244,-0.173022001329,0.0522716184232,0.512739368666,-0.259764151156,1.33586285085,1.23557087689,0.198940588526,-0.122859079403,1.21374074653,-0.623608571285,-0.619504573589,-0.86839939168,-0.385950862579,0.250422376338,-0.440984683928,0.722173161001,0.224730312568,0.202733835886,0.615675033884,-0.162118463035,-0.0483386086301,0.947267697198,-0.00243445188215,-0.870785323669,0.393380975382,-0.715017405759,-0.3706735931,-0.368800772801,-0.368125208845,-0.249273289136,-0.283848021944,-0.237322712553,-0.456623369577,-0.193562471344,-0.192129848516,-0.679870989719,-0.683332849788,-0.675421603017,-0.651856625316,-0.0451392842253,-1.4846257626,-0.35639631052,-0.151124901491,-0.511239735189,-0.623890143302,-0.602363723727,0.342907283387,-0.248994975804,-0.514392265773,-0.5134790099,-0.512490636032,-0.239170606268,-0.293711911203,0.128299261497,-0.762216736985,-0.0431416916139,0.103501412273,-0.42985382505,-1.22433042018,-0.700601637478,-0.947550617038,-0.613208053608,0.487613586817,-0.459187360004,-0.693172149685,-0.75010766356,-0.418137309704,-0.418137309704,0.418137309704,-0.63493985232,-0.499306630154,-0.384280211967,-0.382717899526,-0.382723138693,0.0438773015,-0.267946084831,-0.662698523204,-0.499345116917,-0.675387107355,0.0797612435719,-0.805897401295,0.925923340236,-0.515792322631,-0.565968241458,-0.211024227932,-0.42882148243,-1.40502086314,1.26348461516,1.28011313095,0.383886733206,1.26470999409,-0.150765561379,1.23152330769,1.24367868951,-0.351575490212,0.00934833766949,0.190957438605,-0.195819290613,-0.596034041204,-0.349483099976,-0.126320805386,-0.0785799960504,-0.841971154669,0.0385845480733,-0.670935470843,-0.0057903357868,-0.239536764425,-0.402265868301,0.703713969419,21294336000.0,01030302,0.12070815
688,600997.XSHG,600997,2011-05-31,0.142101197714,0.221525256852,-0.639482125347,0.340742538721,-0.198171873311,0.376776240698,-0.329117697208,-0.396637477162,-0.809142374183,-0.192205429,-0.484704044951,-0.218484752978,0.749496770296,0.36325437881,0.263756084713,-0.215037985604,-0.526754087249,-0.535668129701,-0.545994390955,0.396530926905,0.305449914167,-0.160542989657,0.179103776587,0.117211822776,-0.787491370082,-0.0138427562816,0.548135842507,-0.409981020411,0.171396059602,-0.356935244009,-0.205584620348,-0.341328201409,-0.355691941913,-0.267213871933,-0.0294491079163,-0.298996704376,-0.117211822776,0.286403789747,0.346237665769,0.576350020882,-0.285986647886,0.378963228564,0.325303365909,-0.234574583394,-0.740158651847,0.682785230013,-0.252015683563,-1.05993666144,-0.417483602287,-0.209225446474,0.297888459708,0.126211412135,0.361057241426,-0.213315508548,3.70761526302,-0.45247565344,-0.364439745549,-0.17237007418,-0.353950062007,-0.359080916406,-0.246153120465,-0.559875764052,0.476887336353,-0.15985612325,-0.130896625483,0.034330331664,-0.24969109858,-0.203440400287,-0.36325437881,0.09965111078,-0.24969109858,-0.537457368205,0.0641705743167,-0.199606268739,-0.199606268739,0.48611135467,0.000220573037244,-0.508397871909,-0.441174016611,-0.242516091463,0.173808140837,-0.432447625939,-0.716720603573,-0.201072596681,0.154203446087,-0.350240327262,0.349906268232,0.0427625263036,0.422041037349,0.196962471423,0.537083205058,-0.145558014362,-1.36589348125,-0.879765767632,0.740158651847,0.682327338722,-0.108520015312,-0.624251110837,-0.289287421837,-0.0128720089532,0.569963798788,-0.434015693566,0.0731617599466,-0.627438674588,-0.433771708215,-0.615085178863,-0.346217603426,-0.651281752173,-0.771870981832,-0.369843580982,0.0224545506986,-0.94220165018,-1.76539476506,-0.374196320214,-0.718733045099,-0.642122451444,0.0213064826372,-0.876416249513,-1.84329490542,-0.253135735805,-0.285121687086,1.31681605376,-0.186744329665,-0.862665092819,-0.46089235955,-0.151226746036,-0.482704301142,-0.748276136723,-0.166659367622,-0.62908172991,-0.25910603639,-0.178946204019,0.550912859226,-0.674765765155,-0.609500952766,-0.686439187159,-0.171474395565,0.0783013162772,0.414197208656,-0.634319448527,-0.289323642812,-0.411923917481,0.226661800761,-0.194455700256,0.795871027121,-0.970377474152,-0.521973100258,-0.872569066262,-0.279429766004,0.386147080606,-0.325061197691,-0.521350315031,-0.698439348208,-0.725818084204,-0.664967824364,-0.866600750185,-0.0341604649439,-0.504879384428,-0.5781864482,-0.42072893977,0.588174113098,-0.811290019605,1.01784977949,1.02429904214,1.02682136981,-0.556041160768,-0.668635886649,-0.559639849558,-0.663904912492,-0.522735953167,-0.535184393204,-0.618160480106,-0.6044034864,-0.503652572053,-0.628139638158,-0.150266291674,-2.01629650178,-0.907972106711,-0.679452240036,-0.544601490803,-0.557632813956,-0.484576267086,-0.20359131849,-0.555079034341,1.014875801,1.01562420934,1.02187462899,-0.234488717385,0.442409624496,0.00408472741677,-0.849140997104,0.337948610927,0.538841526633,-0.371816912193,-1.58498432967,-0.670707729015,1.1028236238,-0.796597378052,0.768760159397,-0.459187360004,-0.595838935032,-0.479524122931,1.2269784638,1.2269784638,-1.2269784638,-0.121302687338,-0.257760260504,1.03905438464,1.0440179294,1.04389648279,0.136250567816,-0.596882454956,-0.907798650871,-0.283765843159,-0.0616494013107,0.326869523605,0.0920294810738,-0.060334497304,-0.537769086438,-0.819505093627,-0.203969183165,-0.175153565601,-0.289356106747,-0.355115264695,-0.328458602791,-0.847007846665,-0.354249251689,-0.196312746226,-0.351397842286,-0.347645007823,-0.404880135328,-0.625233103477,-0.363411092442,-0.5833534708,-0.286333858094,-0.695812604187,0.646421864345,0.0102241630549,-0.58894619695,-0.310593310093,-0.377460087763,0.095646203544,-0.270094952479,-0.944289018145,-1.13537755923,20828376800.0,01030302,-0.05394191
724,600392.XSHG,600392,2011-05-31,-0.866923067461,-1.1546370447,0.442238525493,2.25984964501,-0.26364854007,-1.20679795943,1.96025206446,-0.396637477162,0.00646642386099,0.118802555361,-1.00846440484,-0.850564714418,-0.971928069867,1.27801249709,-1.52806473728,0.302969601744,-0.00237327522682,0.0487429029377,-0.20851643862,-0.247643318776,-0.284929933644,0.0821481723406,0.164487701784,0.341590145846,-0.17814823579,-1.08959606193,-1.64361818033,-1.51581359425,-2.46335594116,0.298050151535,0.328898063057,0.302282709846,0.260564710681,0.28714902211,-1.07876501852,-0.219845041605,-0.341590145846,-0.487313385905,-1.36789462043,-0.491735457047,1.18526785626,0.241703231507,-0.604829054691,-0.540316024902,-1.16878660099,-0.850624933013,0.413097873057,-1.20181262151,2.2735124411,-0.712677840887,0.321146129763,-0.952537012578,-0.727180437815,3.1735159312,0.0359690646059,2.67539277915,0.335214559294,0.346622042754,0.341340789001,0.254355835886,0.257509432965,0.326754891491,-0.283144158771,0.438303990864,-0.654755836196,-2.29907721877,-1.97968802622,-0.360038194693,-1.27801249709,-2.63342622665,-1.97968802622,0.491506814587,-5.47560810039,-2.59112258241,-2.59112258241,-1.51482645142,-0.0212776036858,0.0490131759348,1.20895360052,0.652303866846,0.0934256746052,0.512523903792,-1.50859969561,0.0842876717347,-1.14376717403,-0.134020833163,-0.621339175634,-1.73317325949,-0.629916236243,-2.15656961596,-0.284306617072,-0.760611564319,-0.665992297536,-0.607027102971,1.16878660099,1.25179132428,-2.42119069211,-0.755724819063,2.04927868287,-0.552337904183,-1.01063640079,-1.66447392695,-3.6916022053,-0.191943211437,-0.382551432706,-0.162135423717,-0.486368941941,-0.359009796741,-0.319375187893,0.0217995220932,-1.8162476331,-3.98215963551e-18,-2.58572812101e-17,-2.95968679956e-16,-8.67649927593e-17,-4.78455792095e-17,1.29497888308e-16,0.0,-1.21959576975e-16,0.0,0.0,-1.37550266042,-0.877557940155,1.85345903586,-1.05633672166,-0.848802504361,-2.71838738011,-0.490897915131,-0.016859292837,-0.636431620508,0.0467317291248,-0.183985926567,-2.08882869436,0.0712822294265,0.192636639156,0.21261712057,-0.229322401365,-0.94994267456,-1.04793881145,-0.264441379044,0.290488981449,0.3865035486,-0.835104742681,-1.08546670912,-1.29416622368,-0.611253771938,-0.880563243827,-0.569629315169,-1.21090230102,-1.94740818644,0.059832947927,0.193103879572,0.157731750479,0.0970852618672,1.73146987151,-1.36551415366,-1.14572692994,0.165532455584,0.311684112328,0.606976709512,-1.7026772698,-0.555500009093,-0.98226165859,-0.980610421513,-0.979767152904,-0.678019495077,-0.7265568075,-0.619484187423,-0.727491861038,0.332776714569,0.105616570738,-0.790879875457,-0.796533582068,-0.871908703163,-0.77069027139,-0.312963991974,0.383860571955,1.12038833601,-0.441363176347,-0.328528623532,-0.488758578884,-0.681907561751,0.443500675122,-0.678783797855,-0.805097865173,-0.809675940025,-0.804615691678,-0.176454945588,-3.45783009661,0.336354895287,-0.178178582109,-3.69985555932,-4.22048105539,-0.399012745493,2.45123636359,1.24003946269,0.684865466701,0.30373856861,0.768760159397,1.25273444817,0.589599892582,0.0879783792644,-1.28084173106,-1.28084173106,1.28084173106,-1.86723711794,-0.0824716821951,-0.84978931953,-0.848180239183,-0.847808569693,-0.95375397471,0.126777559319,-0.452875992816,0.105046775584,-1.05244991358,-2.74985797368,-1.82659712817,-1.21812700783,0.710633190961,1.61923140818,-1.25517085351,-1.97323807659,0.729926486762,0.303407526494,0.295233119653,2.82863517597,0.292816749493,1.27170805768,0.238050256761,0.226238018255,1.76806804498,0.239411270204,0.789427497583,-0.49355492985,0.254177958353,0.555518023331,-2.0020610037,-1.84438059131,0.292560107363,-0.271916349424,-0.462059109298,-1.1702818073,-0.0540556694912,0.546274643925,-0.405291432556,3764664000.0,01030302,0.01539101
727,600397.XSHG,600397,2011-05-31,0.127531971716,0.236483542739,0.57573807525,0.263066350779,-0.191245875517,-0.815298731548,-0.417561378054,-0.396637477162,0.224475064848,-0.216465923304,0.290614911261,-0.850564714418,-1.02995362628,-0.838669703368,-0.0207511508562,-0.278638891026,-0.349549536979,-0.386542555855,-0.325900074215,-0.140362963117,-0.792671492543,0.978619607473,0.404533687074,0.508758082745,-0.069820567471,-0.666978691856,-1.26367906761,-0.251424144016,0.279042689303,-0.406969236066,-0.358132194924,-0.398645279778,-0.414332897367,-0.382383345558,-0.669435545867,-0.382477986434,-0.508758082745,-0.0312183076778,-0.531295728508,-0.79412848846,0.413756347987,0.0890975473239,0.912783555702,-0.531532578336,0.216057245829,0.0731744782692,0.724869852723,0.0341915052078,0.270412206125,-0.510372517177,-0.351842263071,-0.873082811658,-0.647027314775,-0.354154043666,-0.282191080026,-0.573037496305,-0.407203964843,-0.352181471435,-0.396953061318,-0.407811427524,-0.390843748967,0.129468330434,-0.645406452157,-0.655028669891,-0.414377400901,-0.0962677412299,-0.381515393916,0.103708136545,0.838669703368,-0.0980349678855,-0.381515393916,-0.269685987303,0.210573260554,-0.248957135223,-0.248957135223,0.221868468881,-0.0343542505508,-0.357672981805,0.274725774805,-0.415124186091,0.298668021583,-0.220059029155,-1.50859969561,-0.238556872185,-0.758634664781,-0.414166090735,-0.450238942,-0.495077096979,-0.816930862659,-0.523897581168,-0.437550986872,-0.703233290376,-0.839779978334,-0.086445918424,-0.216057245829,-0.254216332903,-0.157428026333,-0.496885955993,-0.889608988946,-0.280627549675,-0.377497614377,-0.409294886544,0.103477785417,-0.517150862491,-0.490683125447,-0.535671910103,-0.269134367242,-0.506592665326,-0.451924460865,-0.0534387603259,-0.207232903262,-3.98215963551e-18,-2.58572812101e-17,-2.95968679956e-16,-8.67649927593e-17,1.45878154237,1.29497888308e-16,0.0,-0.676123556399,0.0,0.0,-0.584323249357,0.114433555396,1.44071468298,0.0867342908832,-0.00199451565547,0.635137238344,0.0516999222158,-0.392444987589,-0.53617911276,1.02391153452,-0.199000315884,-0.384683040365,0.312283576454,-0.445593842088,-0.490123015061,-0.197136480554,-0.432948192049,-0.93880671343,-0.29539291453,-0.353758205062,-0.434521936768,-1.00729324519,-1.12435468554,-0.751603672,-0.586444851193,-0.747820672452,-0.562227042192,-0.733855939834,-0.0328172984693,-0.374557026683,-0.51159539909,-0.295897000661,-0.625947166576,-0.381170643763,-0.98721174286,-0.733142948673,-0.476385245722,-0.56858067874,-0.444419286878,-0.121069102714,-0.483822588565,-0.552481907062,-0.548842228241,-0.546017611369,-0.953607294071,-0.821440056229,-0.912538165528,-0.751606367696,0.0143190248612,-0.0206638198088,-0.828921538769,-0.84053546982,-0.886162511851,-0.778633397417,-0.0572837042583,0.332824594272,-0.794481066512,-0.46071843803,-0.761371330684,-0.665520342815,-0.78929760042,0.471149151212,-0.954660457541,-0.395224276881,-0.398995526063,-0.393005565951,-0.232929891953,-0.161858118699,0.313427899751,-0.600964462243,-0.497831145609,0.158279994154,-0.415703380917,0.226937509358,-0.972459945987,-1.57574407485,0.212043906388,0.768760159397,1.11007429749,0.0162308533608,-0.079501127753,-0.45382311824,-0.45382311824,0.45382311824,-0.7296045856,-0.258244483096,-0.345962287848,-0.343025106058,-0.34312548109,-0.325615763763,-0.224087902148,-0.454563295114,-0.202153689522,-0.319639742414,-0.61961418029,-0.354125430988,-1.00577116331,0.0708096810195,-0.297692186255,-0.761317719792,-0.444213586842,-0.566623456357,-0.404826456178,-0.395638983961,-0.70870063212,-0.405171967832,0.613025692203,-0.421070654957,-0.426356065069,0.523247803159,0.251575180308,-0.0554235219091,0.457044030953,-0.300115267668,-0.935809328095,0.233200540955,-0.702234467803,-0.878700584015,-0.580827411135,2.82666224673,-0.412888980301,-0.248064630859,0.139757281543,-0.109239813468,4270019520.0,01030302,0.04350567
793,601088.XSHG,601088,2011-05-31,0.302543309157,0.0956289049933,-0.417398762199,-0.594937050804,0.0738397398946,2.02150824496,-0.439926446773,-0.396637477162,0.893889833054,-0.0891907491385,-0.814034573719,1.97772528253,0.556078248929,-0.648689926103,-0.391370064147,-0.128554752298,-0.125331534598,-0.1527781428,-0.120478711924,-0.392816277123,1.59192706047,-1.57724380339,-0.633602653039,-0.934485488977,-0.638540826144,1.31548097142,-0.244368733339,0.661700841586,0.194339840875,0.521910637074,0.488455011289,0.517775750715,0.529806283196,0.489595302002,1.32156919386,-0.214193203254,0.934485488977,-0.500469044577,1.2647055624,0.731707908581,-0.343800171762,-0.21988336384,0.779143840098,-0.581520722765,1.00475651804,-0.0654559707372,-1.66538199138,-0.369794279401,-0.195347212885,-0.350484359708,0.336473467656,2.20639806289,2.33339659051,0.120337687744,0.0864212310284,-0.0750646670802,0.515410308518,0.398647277828,0.524181223537,0.517543530294,0.496876878417,-0.386328337198,0.764051370726,-0.118244984877,-0.248954408729,0.0796330939258,0.866876438813,-0.181845081218,0.648689926103,0.151189162866,0.866876438813,-0.742046737883,0.121079783226,1.60170035792,1.60170035792,0.409308364818,-0.298934173528,0.653680424664,-0.630261450308,-0.549570292703,0.162550506579,-0.232912517721,0.865138589873,-0.144895216992,0.804114555447,-0.144361765489,0.921079106983,1.03190817011,0.799966428231,0.510810798628,0.604102076117,1.11410242648,-0.489037643055,-0.498211369071,-1.00475651804,0.780938056076,0.302347342343,0.0495516438199,1.36234355633,-0.277844532567,-0.562855846737,1.3793751183,0.132997124188,-0.695308097417,-1.20207584085,-0.732734465913,-1.30625427225,-0.706263605176,-1.0918175028,0.0216906280377,1.26829854181,-0.266848269083,-1.76539476506,0.182432924578,0.597954292117,1.88973620777,-0.615438528586,-0.169821902354,0.697019207149,-0.254542066957,-0.297228274756,0.319184102778,1.28123459263,0.109281286563,-0.709089053509,-0.0397949034766,1.75297877783,0.940149744827,-0.00600421495403,2.1406510428,-0.728932885989,-0.206443031569,0.299999925096,0.290199787682,-0.122174895208,-0.231614426388,-0.159437659946,0.42778724591,1.08136330329,0.107185636717,0.571400704464,0.476065211976,1.62387564661,1.09208879745,2.57537731669,0.812198540333,0.912335870065,0.329007882078,0.990038352631,0.0844802346745,-0.128246845853,-0.267265887459,-0.0962016154362,-0.162083896274,-0.61583664959,0.902126622044,0.778247168275,-0.0729605778192,-0.188542108988,-0.0497462052052,0.675550747174,-0.017919355132,0.18860993335,0.171206962043,0.173712742289,1.5577216607,1.32641407107,1.36366588358,2.2655472797,-1.41095272587,-0.541502289858,0.545630870342,0.531785492349,0.703003992868,0.727503820456,1.16408821081,-0.530696792656,0.728540670471,1.36989624963,1.93653220246,0.441659342648,0.374277678397,-0.569374774515,1.56283529407,-1.08553880361,-1.06572068296,-1.08599450695,-0.0519004635318,-0.158624183169,-0.782694858425,-0.696192209369,0.381064796567,0.502934743918,0.34910946774,-1.55918876887,-1.1275324075,-1.17202310229,-0.429818729165,0.487613586817,-0.173867058642,-0.100535784696,-0.0290679360201,0.781798002316,0.781798002316,-0.781798002316,0.797269173233,-0.113542631849,0.183852440531,0.179386263377,0.17913883812,0.579642246131,-0.0267260800726,-0.15997329312,-0.183675466057,0.0706533377168,1.21042910314,0.33516785941,0.336537182326,-0.898249059448,-0.534233834928,-0.260409541305,-0.449344288313,-0.575317337301,0.520747453693,0.514889531063,0.319290526986,0.521363408976,-0.721857186765,0.540486785094,0.55330172606,-0.821910594175,0.42990167068,0.899760906636,-0.31539691106,0.162999443499,-0.821632989093,0.975871223539,0.797153650145,-0.821565916143,-0.0835940607086,-0.77447571293,0.456760283562,0.167668857786,-1.48631216799,0.399213694166,5.64069636104e+11,01030302,0.09179116
820,600188.XSHG,600188,2011-05-31,-0.209219031578,1.10900679546,0.122837733549,0.777859052281,-0.225698009148,1.16568959358,0.305846935623,-0.396637477162,0.285517484324,-0.172693060009,1.04000988999,1.09924126833,1.19435936944,-0.0447079752594,-0.573035939673,-0.024359445758,-0.45080927999,-0.555820234274,-0.505643766219,0.105692898488,0.548897846367,-0.556242792417,-0.390593949884,-0.299490777213,0.810341737618,1.22865231175,0.668116614946,0.666579514706,0.24314677344,0.860674859364,0.749859195407,0.863815627743,0.866661154518,0.827658454842,1.23358068539,0.0104544082472,0.299490777213,-0.34521292569,0.758141095735,1.00358421205,-1.7632218614,-0.0260072659415,-0.909527606267,-0.225242171417,1.10788952945,1.53605867051,-0.210446086275,2.10221397404,-0.585886749612,-0.0366442266022,0.419347757564,1.41072099367,-0.00643846635289,1.27471068095,0.110702612743,1.22415767684,0.856249055588,0.694191435349,0.863775040591,0.870893403863,0.8592298487,0.0795412486223,-0.100186013291,0.502801255342,-0.0876758723392,0.26515869176,0.789672568635,-0.214156465417,0.0447079752594,0.371230505607,0.789672568635,0.795382201903,0.330211542357,1.62104056236,1.62104056236,1.23113419015,-0.240343178109,0.407146828028,-0.283761670845,-0.352658367575,0.16554361017,-0.148352570964,0.865138589873,-0.0692703705586,0.613399899424,-0.532616770111,0.480747623365,1.13175463483,1.2259441884,1.03080792181,0.569775337282,1.1038293541,0.767459165269,1.39529429358,-1.10788952945,0.347257414309,0.413356221659,-0.307892500419,-0.701448497762,-0.133420592112,-0.461751356359,1.39492530336,0.38584032417,0.328389030249,1.37032021804,0.302579260134,1.80510544278,0.297878657548,1.53631463371,0.083249564105,1.22560794173,0.673412590526,1.55345423258,-0.133203582047,1.02809716391,1.88973620777,-0.643665730036,-0.162193353397,1.24627631257,-0.256179438227,-0.270772463446,-0.591870976623,0.0028081854085,-0.811309804671,-0.0202863019249,0.0141301253032,0.0762164686013,1.09234936625,-0.661108165193,2.60384114825,-0.636993925804,-0.191083219186,0.599033147963,-0.0260144631315,1.0806652198,0.965760450952,-0.16644021944,0.31538788985,0.315376366066,-0.0482940827563,0.848645686634,0.871603595162,-0.347052024617,0.397361444419,-0.92384044255,0.652616075291,0.882199160846,1.00548255348,0.741542105068,0.673915466961,-0.413408747518,1.15570653162,0.81702845603,0.374412768668,0.552321676939,0.213527216641,1.07740600005,1.471174597,0.672445124125,-0.244337665387,0.909022234536,0.539337453484,0.868972881513,0.870183837645,0.863730603444,1.23712417796,0.959252754265,0.579246760167,0.643234272022,-0.444874528211,-0.287514588608,0.105060627149,0.110640116023,0.191144966557,0.101214433994,0.164053682266,0.0182692237888,0.555268341608,-0.154060292199,-0.0986587962326,0.0951896441788,-0.174991125962,-0.447486173537,1.23758771021,0.554161794087,0.564969654044,0.563741713124,-0.0457896513364,-0.0932443812738,-0.494246308516,-0.370086858647,0.335358091131,0.359070604592,-0.308685265394,-0.560142390464,-1.51218448308,-1.40502142322,0.395433230832,-0.77754598979,-0.173867058642,-0.487377178771,-0.355076349474,1.09672526264,1.09672526264,-1.09672526264,1.36590546842,-0.0458321727327,0.911007812358,0.914052789388,0.911328958623,0.653540859184,-0.158300628123,-0.0180062736106,-0.203693541477,0.620444719898,0.441574958634,0.841505538386,0.635724877777,-0.884652324264,-0.940088318439,-0.105198556421,0.842008000958,-0.592630151941,0.860440595493,0.864696213482,-0.346090026653,0.864721676562,-0.410034152045,0.876283533952,0.87239996923,-0.580471907474,0.00107445748625,-0.117857859893,0.131630244078,-0.13878105374,-0.444414418665,-0.608546599283,0.579193968411,0.325208489004,-0.563702763566,1.68432894569,0.685330618854,-0.018522892684,-0.944289018145,0.550427506968,1.59700448e+11,01030302,0.10615124
841,600348.XSHG,600348,2011-05-31,-0.0260021369807,0.45816043522,-0.665682971561,-0.675664903337,0.177121890501,0.5165017348,-0.379337442424,2.54864925779,-0.67577238205,-0.170128379183,2.01167897195,-0.411322707316,0.614103805339,0.739919486336,1.00776508567,-0.177649593918,-0.0168389527998,-0.241447402924,-0.0287727466155,-1.70675457809,-0.937102375866,-0.348575573624,-0.128689690563,-0.096617067384,-0.0562796089312,0.331935091963,1.9310721143,-0.316879675041,0.255728847041,0.182512069401,0.298930797753,0.173173908421,0.201131844958,0.240441961205,0.345512861972,-0.0218232924244,0.096617067384,0.763199683826,0.428106670483,0.662351708716,-0.521227882966,-0.201595001369,-0.961379815921,1.01364359152,-0.578603472128,1.1643595627,0.620945859501,0.786855496771,-0.939474875772,0.989401971835,0.399034976937,0.772375854061,1.01290569523,-0.61319634933,-5.72546361684e-05,-0.346141605696,0.185967433959,0.367404303399,0.1453054375,0.211620235093,0.254792521518,-0.354468796264,1.38856929618,-0.619659202274,-0.00407627858629,0.0800645488045,-0.11944239243,-0.209224536964,-0.739919486336,0.133437600641,-0.11944239243,-0.594622045027,0.123832892536,0.0378114132643,0.0378114132643,1.13504586804,-0.447940236996,-0.277419932422,0.263596689856,-0.258606823603,0.172455873922,-0.390290066737,0.865138589873,-0.168544483183,1.0170483947,0.0887792542347,0.611588978497,0.936055563984,1.17529439375,1.30369078315,1.00580665082,1.4348722142,0.0687455966826,1.51669796585,0.578603472128,0.741183997247,0.379243670964,-0.295566840273,1.09279618602,-0.183661374644,1.74592136021,-0.262564935188,0.139328686907,-0.237189493323,-0.450845133385,-0.409198926524,-0.185043564133,-0.251939872474,-0.584473733837,0.328601013544,-1.8162476331,-2.32137334074,-1.53249308102,-0.463768842364,-0.0710179067535,-1.34242378272,-0.342031255036,0.354640838453,1.38359058892,-0.255596815322,-0.295623787234,-0.582103329573,-0.0414207347753,-0.702893085249,-0.58271367264,0.0419913901727,1.19405800809,-0.133909372201,0.618705517212,-0.896911743278,-0.673769509878,-0.133459743133,1.65767950018,0.338848133961,0.64608245596,1.01906823659,-0.159929755788,0.871994324,0.40355153413,-0.224961724785,0.119956821726,0.167997079695,0.592539466214,1.22024207821,-0.401000218315,-0.518455669219,0.996364308729,1.34045898983,0.775271732761,1.04882250999,-0.065282517114,0.325936777503,0.443555550389,0.536599837377,0.812846195805,0.192825415667,1.89264926201,0.923025872559,0.854360572566,0.49557515121,0.881975417573,-0.62788014943,3.00734657204,3.00570792624,2.97566693381,2.70213370807,3.62900010284,3.3703939844,2.79356418274,1.73821518658,2.04255336916,2.26964527967,2.19931884306,1.80829031969,2.32559564925,0.95671896993,1.77279558481,0.579554490128,0.306195139581,0.0289976745213,1.93146650554,1.80701602086,1.57649992939,2.69653801398,3.02436523338,3.01726314862,3.02717407322,0.461180432174,0.540485406164,-0.287412382158,1.35230623839,0.465061513776,0.548825508296,0.686768341553,-0.839992695625,-0.454166574823,0.65283523379,0.30373856861,-0.77754598979,-0.316527209323,-0.488041569315,-0.0906893784787,0.569467441527,0.569467441527,-0.569467441527,2.08607732525,0.84675147188,3.85535082035,3.86233671701,3.84887574364,1.17083115055,0.214493924686,0.595691530692,0.623976884559,1.52230839094,0.139408069787,1.63591806166,-0.136136795909,-0.715553336078,-0.582512244862,0.463908388152,0.842837967372,-0.0337485122499,0.177608746518,0.179276657084,0.0949871360634,0.182160966973,-0.897038666944,0.225846068182,0.210086918197,-0.806232757377,0.0172622068937,0.422070911313,-0.438168549631,0.400416595855,1.89482588657,-0.0954433185827,0.847320210201,0.802691070507,-0.45823642174,0.717801249288,1.56985724182,0.135689358659,-0.402265868301,-0.562997188838,58032650000.0,01030302,0.00041442
849,600508.XSHG,600508,2011-05-31,-0.120613021972,0.700956710849,-0.443599608413,-0.266984673682,-0.103388790555,-0.000437952645131,-0.665610322035,-0.396637477162,-0.395182437063,-0.214282478816,-0.230745080347,0.242183693495,-0.0241773151708,-0.731600175719,1.47311710806,-0.153559368115,-0.298919665474,-0.301903716645,-0.311227119765,1.92995105643,1.17426868137,-0.511489976102,-0.720377367415,-1.07649708586,-0.94998287256,0.869811744789,0.501301242739,0.0693486136155,0.21197941465,0.241506189988,0.44036225529,0.264783793206,0.238011106207,0.361354042815,0.88721016738,-0.239626475831,1.07649708586,-0.17568872111,1.20586221526,1.15616785176,-0.539170011065,0.220958586311,1.22389681363,-0.401169439408,0.0604635118552,1.03844194963,-0.813205246962,-0.842313366757,-0.496875763122,-0.137818485792,0.313957816985,0.0212183609191,0.255140614552,-0.526848914108,0.0495012752354,-0.444987340218,0.235534331841,0.454553723782,0.24836283848,0.235297745635,0.392653136521,-0.202941965063,0.750181484651,-0.540598039365,-0.100464478749,0.0712363182099,0.274454904392,-0.221110121892,0.731600175719,0.156495124322,0.274454904392,-0.528431366602,0.105641461397,0.648028208302,0.648028208302,-0.328271009086,-0.404139817885,0.224014318863,-0.62844227296,-0.399499055654,0.160842983101,-0.362464382698,-0.716720603573,-0.178109800417,0.135687460065,-0.325798123581,0.261839971509,1.2489078201,1.08957935664,0.718941794564,0.775735770294,-0.0655400311423,-0.435199090462,0.113002971733,-0.0604635118552,0.58010261602,0.260536573412,-0.52975438305,-0.315047489082,-0.30699297491,0.466837218602,0.275311978887,0.122933713243,-0.58502028532,-0.706946510929,-0.5856728571,-0.689588382788,-0.604981244382,-0.698740348468,-0.246997943986,-0.122452979156,-0.144724544154,-1.9400710281,0.329587782397,1.04747860145,1.1894348765,-0.3204526093,0.397551426337,0.491047792617,-0.255991090305,-0.297246507569,-0.153214827282,0.285030818962,-1.18981729879,-0.53489596096,-0.0969316435293,-1.04162507088,-1.16651574681,-0.543873324056,-0.0594652086143,-0.315019934625,-0.185147699483,0.735832254517,-1.10107890492,-0.261175450521,-0.338229997658,-0.173195839534,0.0984973829363,0.332208793851,-0.656012800511,0.312473020511,0.186450719127,0.0510810785581,-0.260800989326,-0.0388685222591,-0.662126094102,-0.316113459635,-0.515304052657,-0.284829526168,0.447557970816,-0.306139952223,0.263484560335,-0.560563359911,-0.372142975085,0.0189898455129,-0.753959950884,-0.0483386086301,-0.0872439917368,-0.363459539815,-0.483266420293,0.561477643504,-0.699557569958,-0.122031921375,-0.11974534494,-0.117248442343,-0.548036864254,-0.579695914307,-0.624332840769,-0.639876204355,-0.157152008437,-0.165473275575,-0.683562896658,-0.687588425528,-0.686777389257,-0.646611608215,-0.0531340500909,-0.808693525314,-0.915211247135,0.11065195216,-0.411559228737,-0.610281033932,-0.661728705625,0.110189471867,-0.547695787973,-0.435231276556,-0.438279122822,-0.43317254811,-0.168806958314,0.414848226573,0.210610372461,-0.423636479242,0.0748156755195,0.38400093269,-0.951253202153,-0.373854153475,1.01246756133,1.66220631121,-1.07168136472,0.768760159397,-0.887167812047,-1.0423093804,-0.895899176862,0.683662028842,0.683662028842,-0.683662028842,-0.317974969711,-0.230643795351,-0.257272631281,-0.255503019345,-0.25555568714,0.154725221079,-0.596882454956,-0.179896439486,-0.248349248185,-0.146176151245,0.238382473726,-0.16154057686,0.412856953226,-0.533967550275,-0.76795548302,0.0946943786562,0.0720255228972,-0.47275202633,0.244864598475,0.282148568669,-0.652822932261,0.244165884669,-0.150765561379,0.238997541773,0.24072997415,-0.345304355493,-0.99167009887,-1.24073451674,-0.192810796304,-0.657426058687,-0.321343322375,0.0950573499976,-0.083565492702,-0.46243371809,-0.181512752101,-0.560763654329,0.141630768041,-0.518113734593,-0.944289018145,-0.465189775389,17634319200.0,01030302,0.00970274
864,601857.XSHG,601857,2011-05-31,0.104768247264,0.261457443202,-0.659444674843,-0.838764351229,0.760537484821,2.92152122194,-0.583062886579,1.54491987135,-0.15306460519,-0.23542376671,-1.49381887217,2.50267304712,1.46514529935,-1.02041336312,2.66574844908,-0.241058590325,-0.103633018238,-0.128595617311,-0.0984692802499,-2.50791246348,0.593567191725,-2.29346575304,-0.516279025561,-0.601772604858,-2.58843885588,0.0629967655506,-1.59467865473,-0.253050368389,0.106306443553,-0.821624954074,-0.774173209475,-0.819313658761,-0.812434108929,-0.795464152308,0.0736534003637,-0.0982008877484,0.601772604858,-0.0842762398957,1.23400468563,0.690094188662,-0.551131429798,-0.175451398102,-0.320443739887,-0.0335886590229,0.322170980109,-1.8658356884,-2.06029316563,-1.10201851401,-0.163176686745,-0.366040611685,0.282769814767,3.00932690441,3.19001718961,-0.891520121111,-0.64107551891,-0.424768894521,-0.83414134009,-0.764015056918,-0.824560799141,-0.814845166498,-0.786546807262,-2.0266900273,0.57357479045,-0.138010275604,-0.296911682766,0.0965262118681,-0.02280625561,-0.144202862589,1.02041336312,0.157275412771,-0.02280625561,0.169579424065,0.125993560602,0.172525940693,0.172525940693,0.676257963905,-0.340576311118,0.0406461179228,-0.814399651515,-0.608322865341,0.161806101441,-0.433973094912,1.65701768191,-0.227362131825,0.726347414156,-0.25529176681,1.02675866305,0.587258580568,0.890876316072,0.196301738102,0.443093324914,0.222536068876,-1.06819795515,-1.29796505344,-0.322170980109,0.870771903299,-0.124460192104,4.17043068602,0.41108773979,-0.202556596062,0.531993445735,-0.0847346137072,0.145366733474,-0.720759130978,-1.28744296669,-0.7592055555,-1.43239047692,-0.732307640808,-1.17408946533,-1.45543095012,0.320687475213,-0.130032968222,0.388945812355,0.244280618444,0.952447036752,1.45878154237,0.0603813276198,2.25510309741,1.38359058892,-0.254984056748,-0.276625196341,1.23290308592,1.87516580652,0.59240140469,-0.649886172381,0.279565505937,1.19405800809,-1.28530569524,-0.261098545204,1.08035582523,-0.703039872713,-0.206168995936,0.336433857997,-0.984578917774,-1.27172230719,-1.23147712362,-0.174541079799,0.0811915347719,0.118960884236,-0.238993408447,-0.76348983458,-0.875740766565,1.84509212984,0.365204220384,1.71855970748,-0.822556035332,1.79347912084,1.17986677193,2.45973863736,0.439105677281,-0.246203313185,-1.39462284322,-1.1986585468,-0.950733993737,-1.66245996484,1.82634702553,0.365663187007,-1.28719613908,-1.09663392293,-1.2406295203,1.03437652352,-0.618042072103,0.193264436755,0.168666649081,0.165934043779,0.142176433421,0.369507291235,-0.164750659656,0.468734166946,-0.738873149496,-0.416054481444,0.865002500024,0.878520332359,1.03854817003,0.755070642918,0.379310357296,0.135464606955,-0.110265536098,-0.280813845994,-0.490835474815,0.78486139252,0.330794835127,-1.66860759203,0.144195567077,-1.99326398656,-1.97552499774,-1.9977847095,-0.284019312956,0.520939953704,-0.140510626898,1.23243694253,0.423187358175,0.595901315007,0.0300212579334,-0.380497353613,1.8942853336,1.7949402554,-0.70490271583,0.206467014238,-0.887167812047,0.00676328811292,0.091248791015,-0.329814933578,-0.329814933578,0.329814933578,0.250157406749,-0.297870031876,-1.04566827604,-1.0485244312,-1.04876156118,0.579642246131,-0.267946084831,-0.185698163541,-0.329191475844,0.0904987485709,0.790279481122,0.522938092184,-0.99205075506,-0.82857272874,-1.17903636761,1.36460243679,0.224211182696,-0.0153864361169,-0.822365612939,-0.815172652697,-1.23735915419,-0.817888985431,-0.196312746226,-0.802479177169,-0.796274444402,-0.614963148432,-0.855168598504,-0.425959129322,-0.876275519144,-0.938931389323,-0.190186083097,1.34264206678,0.0103799598253,-1.71123431587,-0.101299296773,-0.779165308225,0.175442947818,-0.159232688841,-0.402265868301,-0.509022266625,2.01506096578e+12,01030302,0.00554017
24,600172.XSHG,600172,2011-05-31,-1.79741802598,-2.74284477544,-0.108457904117,0.302761196392,-0.0136141137453,-0.312885097309,0.634819312106,-0.218815764553,3.77899362593,-0.241748052158,1.03887317073,-0.701734871419,0.0606024010171,-1.52128499041,-0.533557480881,-0.507044470274,0.314744338259,1.61972179236,0.417323046171,-0.750001324657,-1.4752168525,1.31293261162,-0.37743230595,0.0106486455936,2.33778079896,0.221415111666,0.381953514716,1.13624412134,0.0796646381115,0.43125394968,-0.0631547178015,0.423212557105,0.364198546628,0.156077886698,0.244723083835,-0.780240422703,-0.0106486455936,-0.7418169742,-0.311926910997,0.11320249748,3.38370808485,-0.384379726754,2.27122841936,-1.05214814219,1.01956329038,0.983836623317,1.64947304155,-1.14524996702,0.579086425445,-0.685777191362,0.201249676499,-0.228768088878,-0.165364754093,1.66441300795,1.18299083479,1.29921213646,0.458035780833,-0.12401616666,0.535095388854,0.380861796255,0.0564388652711,2.13677191478,0.621047264517,0.391724436213,-0.231211126217,0.147802773443,0.463042193764,0.126242028417,1.52128499041,0.160704790756,0.463073534903,-0.21833376431,-0.0865070243779,0.603666868907,0.603715602205,0.852364564272,-0.0102715126722,1.86398101385,-0.2427997821,-0.0430428319484,-0.122230765905,0.175241348638,-0.302625819028,-0.469855488548,-1.44686112833,-0.860596808943,-1.97740758592,-0.21110029982,-0.411455606955,-0.196762391144,-0.5599762578,-1.10566938114,1.50520621013,1.35400041334,-1.01956329038,1.57279956729,0.0682939271391,-0.589641734601,-0.795057718161,-0.172555892617,-0.921336631227,0.436460092035,0.0269255411504,0.973018358225,2.14751921196,2.30179502601,1.49548413344,1.14711824744,2.34114222441,1.38858558844,1.51750739647,0.96717684714,1.17823009856,-0.605881506099,0.510519408451,0.884427372451,-0.801080272939,0.426995277203,0.460726646455,-0.0957259603133,-0.141498465843,-0.607913624889,1.36308741741,3.11400319702,-0.114917922779,0.500001978197,0.550832616038,1.39114723717,-1.1211353113,-0.165173012858,-0.617094877982,-0.311306192269,-3.72701455115,1.99422963001,2.0113979489,1.67860643795,-1.68782175004,-1.76684373534,-1.1511304941,1.35294644146,0.322977611986,0.708240032315,-0.659174032669,-0.8943155581,-0.395601851125,1.7868094496,-0.774190756184,-0.63341685803,-0.676212121886,-1.7723643807,-0.920890536908,1.13192614245,3.00668671222,1.46959476179,2.16258594485,-0.154507030326,-1.49717572688,2.39269200173,1.67286099277,0.164144420425,-2.39378455855,2.13876902584,0.327214388409,0.333684845739,0.339115412061,2.69503744656,1.56865737467,1.60835396213,1.66267022668,0.397700886038,-0.419459953429,1.48425297252,1.56981686162,1.56412217883,1.17506952923,-2.29263449305,-0.472870522598,0.495124734531,-0.60522753915,0.00728496294535,0.520188814847,0.947280645552,-0.430904635767,2.69155273007,0.344313356396,0.379243268213,0.360435248376,-0.875436772928,-1.98067417919,-2.34913370781,-1.32569074067,0.268691377984,0.287547993205,-0.249520190245,0.108386136409,-0.562275560016,0.0322207939117,0.655257189099,0.298362206379,1.08169887776,2.16599172339,0.830493040431,-0.444270740522,-0.444270740522,0.444270740522,-1.75071146853,-1.2814210462,-0.0262980719618,-0.0126364854962,0.00398507845339,-2.04225925073,0.614856243459,0.33231953462,-1.04347649076,-2.22733739833,-2.65971836945,-2.10567679317,0.284545041889,2.61310382813,2.24705458383,0.00442963398487,-1.37667701539,-0.675446671898,0.441286901364,0.382407716109,2.11312252411,0.430111314813,1.72604405292,0.268750092765,0.271456203014,1.69611039863,2.47068966867,2.07527516868,1.80896853744,0.25851519318,1.57984228485,-2.23312538844,-1.89906098965,1.00002962131,-0.521362777011,-0.212063052724,-2.16689098532,0.167449472076,0.890726856721,-0.538026458069,5048115763.06,01030330,-0.01180858
27,600202.XSHG,600202,2011-05-31,0.00392509922535,-0.140595683055,-0.865200612597,2.56362366968,-0.348897972151,-0.141383553165,-0.332934839203,-0.218815764553,-0.415821330197,-0.505766810925,0.309653537121,-0.701734871419,1.20703579169,-0.142642463865,-0.959783266078,-0.616544512768,-0.080730913627,0.0669486825531,-0.048941277495,1.06841258727,1.12011162251,-0.163004725358,0.0515740988127,0.601164446692,-1.09705680932,-0.665511643267,0.133251425906,0.00678933074957,0.0492556663681,-0.768556154579,-0.584374623486,-0.767507939002,-0.757622608023,-0.701952491908,-0.622742745135,-0.633912737821,-0.601164446692,-0.483429847988,-0.295120504155,0.995348016727,1.17128968413,-0.277246993008,0.459043096439,-0.81141034726,-0.429165480458,0.947077554178,-1.05239452736,-0.194768575868,-0.0649964017292,-0.396393333535,0.177111137244,-0.543147598881,-0.266186894407,-0.190081715879,0.177072245528,-0.341772677668,-0.776887153153,-0.601303962698,-0.777372848383,-0.756415942863,-0.69473543269,-0.0787221200567,0.659942731704,-0.246763522037,-0.242290068982,0.134141265171,-0.174319246604,-0.0960622391681,0.142642463865,0.0757507478527,-0.174281897129,-0.66530354207,-0.136597522345,-0.0913652799586,-0.0913176573557,0.153047771342,-0.0259293551162,-0.364920438145,-0.429963818219,-0.387371823653,-0.124815571303,-0.246123034619,0.459061936318,-0.431547304826,0.3586872048,0.0646961648369,0.597508256138,-0.498402304284,0.929783147727,-0.329779698206,0.85371552246,-0.305288026528,-1.73112824276,-1.83649697892,0.429165480458,-0.19824192365,-0.753268837996,-0.338709420977,-0.687444525638,-0.161454154887,-0.818897046139,-0.26224869991,-0.100718445743,-0.216809227974,-0.451865674014,-0.196807753153,-0.082741403064,-0.209492044549,-0.264279365783,0.204702690264,-1.77586118983,-3.82743707841e-17,2.66852029479e-17,-4.54317090275e-16,4.07119712321e-17,-0.0822324724022,0.0,1.52005937989e-16,0.0,6.55028666239e-17,8.70167877324e-17,-0.105993059393,-0.417370435526,-0.166477509471,-2.84217897047,-0.465127561068,-1.95295200232,-1.52035719522,0.586501805405,0.0699094726708,-0.381948025047,0.0540198230887,0.891440967442,0.209267635004,-0.991621359981,-0.981819740951,0.516662916127,0.327375246696,0.0297123147391,-0.524099108098,-0.710887924519,-0.827230700449,-0.325418300878,-0.240838781491,-0.838642496393,-0.496463349314,0.0831944116493,0.0567991646359,0.156716721848,0.565892307113,0.00107555721148,-1.23088048231,-0.813485163055,-0.861426464297,-1.05295594788,0.0159136485713,0.332009680019,-1.16440119926,-1.02936565553,-0.717962160791,0.806198771434,-1.33206427099,-0.194554734649,-0.194929483397,-0.194169567835,-0.447008897268,-0.435575452381,-0.347391009626,-0.443850403088,0.0147570879548,-0.059088818406,-0.397121588549,-0.392458146981,-0.354358225992,-0.393287053431,-0.197016397198,-1.23068502199,-0.219121011445,-0.393104147228,-0.357361768607,-0.582306265568,-0.187038777723,0.231186283162,-0.447147311534,0.233292929848,0.22365400895,0.231519183886,0.0693433693533,0.80772891013,0.655551532722,-0.203295660126,0.370360853748,0.373226617041,-1.01363505394,-0.149883994513,1.32207906725,1.52036824366,-0.159429973017,0.298362206379,-0.0128518678545,-0.105147346841,0.195792450941,-0.224576077342,-0.224576077342,0.224576077342,0.586162961928,0.245111424846,-0.286187608363,-0.287568585974,-0.287857434033,0.600730015523,-0.273396189887,1.2556911222,0.187869168932,0.58540666202,0.684127502301,0.689246408588,-0.564351527248,-1.1803668865,-1.20320789918,-0.17275572541,0.822852915251,0.0661315391909,-0.770166459692,-0.760393185832,-1.12150098647,-0.767989336211,-0.359166477585,-0.742526711715,-0.741249785924,-0.477754699507,-0.696445655458,-1.22947615586,0.132556466931,-0.527616463039,-0.57004848374,0.783538926756,0.413176208857,-0.378418396369,-0.348411845347,-0.424752599164,0.337616219554,0.388015094406,-0.345041861683,-1.18226137854,3660903417.6,01030330,-0.05759162
40,600375.XSHG,600375,2011-05-31,0.482028572095,-0.357232248776,-1.66811745244,-0.287141040863,0.699594918727,-0.300788853133,-0.75302990814,-0.218815764553,-0.0616920327935,-0.334475410808,2.38421917775,-0.701734871419,0.525372694532,1.03837432986,2.24378473234,-0.391695066536,-0.0936549414664,-0.0873332610494,-0.0578507868645,0.549270386782,1.4666161089,-1.02274964781,0.0958097466041,0.648357307846,-0.715408186175,2.53120582655,1.4911953464,-0.012113678298,0.439595181901,0.940106520358,1.10598139436,0.963431786883,0.933468591876,1.06071350178,3.11456917674,-0.196241860783,-0.648357307846,2.30310726529,2.33928376841,1.06360927714,-0.73103233697,-0.241770292807,-0.635339237865,1.83494492329,-0.974480559855,1.40860808893,-0.772012043791,-0.933295928575,-0.829103560728,0.59358208243,0.188087852678,-0.530036221868,-0.252415062804,-0.634138161378,-0.301004682663,-0.854080131834,0.937835018442,1.14865674424,0.947486263832,0.943336073951,1.10998815564,0.268990033257,0.0978565873866,-0.685470892928,-0.0225882246308,0.145832782875,0.108208618769,-0.0633354774627,-1.03837432986,0.129589358238,0.108243304885,-1.23700907176,-0.100587879726,0.293171407215,0.293219644325,0.490378467931,-0.0625466463816,-0.0678899920158,-0.286694930636,0.0638103940484,-0.165675422372,-0.533913520132,0.459061936318,-0.591268722296,-0.224586639442,-0.370319061733,0.0728084241719,1.59635661434,0.236038964271,2.15461762416,0.405939845455,-0.570142369656,0.148935125149,2.05446094852,0.974480559855,-1.1193747045,2.09894223338,-0.57488101027,0.27008553601,-0.111753459819,2.72226451349,0.0606394539433,-0.0164674443563,-0.266295727942,-0.568837993882,-0.368762157899,-0.420468678366,-0.26063893168,-0.565548671715,0.193405418893,-0.202291660097,0.0780108423227,-0.985000362392,6.4947730251,1.87171291518,1.48532403276,4.08805428665,0.206836315567,1.21633907675,0.266768424698,0.947246922768,0.110111628529,0.198443263609,-1.24844039041,0.569394830945,1.09898641903,1.80272492522,0.200035833744,-0.95881488012,-1.09450637301,-0.00771319026846,-0.198076491603,0.0210365917038,-0.649186930431,0.244572287174,0.229067570075,-0.143070059057,-0.169122916341,-0.323173381654,-0.661854796889,1.00130005005,0.895716657476,-0.694301097948,-0.808386308265,-0.776595997779,-0.483509307181,-0.0854812702288,0.102227341624,-0.425605753932,0.0586418359493,-0.432356395472,0.331328267747,-0.286500723055,0.0519963328929,0.247291385085,-0.158827086535,-0.258900009041,0.465788356033,-0.399974470239,-1.04750214368,0.092620999818,-0.430701155119,-0.233038998768,-0.234053419378,-0.23659043365,-0.614724113892,-0.499392546985,-0.655733451875,-0.490763075584,0.356999192397,0.411926479149,-0.685650612909,-0.703953236787,-0.751469253328,-0.621390499219,-0.0300632594972,0.43034429994,-0.0618674346116,-0.301847417761,0.198341816231,-0.778400222441,-0.786087694214,0.437333027924,-0.61481304475,-0.351499073515,-0.3597744098,-0.354333580133,-0.098184622486,-0.313830962784,0.68274479968,0.294920731073,-0.437720738003,-0.375548027546,-0.759492127245,1.29692277542,1.53494189285,2.70045893922,-0.857733254831,0.298362206379,-0.951038221234,-1.18442174727,-1.12439563871,-0.406522516608,-0.406522516608,0.406522516608,-0.808950790359,-0.430000373915,-0.2503396504,-0.251566290737,-0.252541197365,-0.0295212710457,-0.301154078429,0.319129738138,-0.381740547734,-0.375104670181,-0.390680099333,-0.583996383322,0.0765589264882,-0.562128802257,-0.496492340027,-1.10740849622,0.160310940927,-0.630592354308,0.943509866743,0.981530107024,0.223101626438,0.942542201367,0.217425828199,0.933135146687,0.921848522726,0.142480936885,-0.8982916805,-1.17493610572,-0.238610337353,-0.890279172797,-0.00636453530398,-1.20487729651,-0.963053694876,0.00510141500135,-0.596243569109,0.248699145025,-0.117618174911,-0.572670727299,-0.345041861683,0.580930932495,3710253937.5,01030330,0.06771097
43,600382.XSHG,600382,2011-05-31,-1.64280539893,-3.46343776899,-0.185414789725,0.426919876623,-0.067386583659,-0.896487453324,-0.655388317609,-0.218815764553,2.36496446417,6.97113306767,-0.665731236993,-0.238798177794,-0.0323516576858,-0.738903664593,-0.940224518098,5.60366623445,-0.238404053268,0.106763377676,-0.319196395034,0.772626968755,0.607758834933,0.0775776300345,-1.14112865273,-2.59584937811,1.19283492954,-0.674553528628,-0.773824597392,4.26114780451,0.216596055783,-0.770429270481,-0.794896906528,-0.735082075269,-0.791659898926,-0.745789984457,-0.624184516596,5.62509493118,2.59584937811,-0.968083219766,1.13342407746,0.753808172171,1.8451529706,-0.402083572548,-1.42056472942,0.151429056365,-1.04107433683,0.806167789142,-0.0583111765324,-0.184833230316,0.368861288876,-0.612386588406,0.315903899948,-0.680425673121,-0.559403577706,-0.247585428246,-0.273481865355,-0.547229312932,-0.785980495564,-0.802273962926,-0.70795778655,-0.793517351944,-0.747086880564,-0.23841604174,0.424516320471,-0.569382173246,-0.162127966574,0.141977622437,3.65118839022,-0.241184115971,0.738903664593,0.111957646565,3.65118967706,0.242495541443,-0.106382110938,4.07046812004,4.07052239345,-2.04688630642,-6.15443526386e-05,6.28377528256,-0.484765014462,-0.0170203256927,-0.159497323428,0.310776905521,-0.302625819028,6.3289112543,-0.629534722387,-1.33528769136,-0.0486498702648,1.07812198603,0.326611121555,0.485919026051,0.0697527101791,-1.27268103143,0.0943463512453,0.169923519833,1.04107433683,2.20616798173,1.47545470934,0.0893515846157,-0.652204994283,-0.263729291849,-0.991045519616,3.16142438062,-0.0365267692259,0.065048663151,0.795839071253,0.505046960095,0.586218392246,0.0365001268891,1.65491769423,-0.152481744301,-5.17441872717e-15,-3.82743707841e-17,2.66852029479e-17,-4.54317090275e-16,4.07119712321e-17,-1.16022488296e-17,0.0,1.52005937989e-16,0.0,6.55028666239e-17,8.70167877324e-17,-0.604788640525,0.889883206497,0.254392598743,-0.462069283245,-0.715020944758,-0.701059693139,0.238752648004,-0.141976581291,0.470429424626,-0.428003648173,-0.2828033638,-0.407218706781,-0.301318937794,-0.360194826471,-0.582543606849,-0.139405457544,-1.24499236957,-0.0368824751579,-0.441442853914,-0.816474978953,-0.612288363947,-0.300965173157,0.222895774629,-0.266312575453,0.473451943257,-0.905982948884,-0.989054103766,-0.254945329786,0.307630352053,-1.39408870269,-0.33449314985,-0.407896165438,0.0878581979096,-0.0587203128134,0.298965946776,-0.669149410999,-0.000675265118878,-0.565007253672,-0.967013240173,0.330849135048,0.943584946225,0.7384559706,0.738954843466,0.742822693452,0.0614695544449,-0.257419964846,0.0867947932172,-0.351843892162,-1.02398919235,-1.40577207786,0.0972213511675,0.159748295203,0.46408744548,-0.0489416464849,-0.490504551659,-0.682725426369,-0.521991400425,-0.802785895829,-0.623654065559,-0.186987310839,0.339950955933,-0.490438393953,0.061505641916,0.900918712908,0.918983343475,0.907041270045,-1.54190506719,0.458648869628,-1.04874485154,-1.41990388655,0.348659871373,0.3756019851,-0.834378543395,-0.276891628912,1.05077355582,0.182468819487,-0.857733254831,0.298362206379,-0.951038221234,-0.110833724082,-0.241192251022,-1.18942068059,-1.18942068059,1.18942068059,0.0324521609531,-0.91459400889,0.42454995054,0.428266432001,0.432095969333,-1.24936247086,-1.49474328574,-1.15859955387,-0.982808000232,-0.629882211879,0.259052328718,-0.148434277522,-0.0116586748775,2.18658116343,-0.138314359888,1.22996170313,0.379685248767,-0.512034686668,-0.761205235669,-0.726976428767,-0.676874285123,-0.76537027676,0.7545255103,-0.816543961429,-0.792590046277,0.139440566119,-0.00486599813935,-0.465527422022,0.456433288807,-0.877649672703,-2.31238733594,0.291162645983,-0.250515852082,-0.567399172986,-0.597325438139,-0.19901343185,-1.51778705379,-1.14246525165,-0.345041861683,0.852401353519,3181660846.0,01030330,0.08700322
48,600388.XSHG,600388,2011-05-31,-0.710825515603,0.895601678156,0.204500097356,-2.09112984639,-0.83439619502,0.388531362944,-0.448293653822,-0.218815764553,-0.112281932423,-0.470419044964,-0.529805268106,1.94568434524,3.22104039692,1.1006399717,-0.732630678147,-0.266869697582,-0.119502997145,-0.176916325077,-0.149915717015,-0.148314300394,0.358986383164,-0.67021538915,0.0330283215168,0.555181658902,-1.2039184238,0.640629796574,-1.45508522717,-0.117261666125,0.186429870241,1.899252979,2.13289455163,1.86926348021,1.93506569332,1.94628739658,0.858677430932,0.996487822839,-0.555181658902,-0.176759966445,0.675449491001,1.25789132603,-0.838373391452,-0.323282010882,-1.28900862612,1.17655569677,0.101071762642,0.0454592750015,-1.00141589398,-0.337175195449,1.50348835057,-0.889614652782,0.0584449115105,-0.124757687654,0.144501456964,-0.220430897406,-0.227009930035,-0.481856747166,1.88843422031,2.15594601149,1.82969166591,1.93307024368,1.90090889266,0.209898117352,1.14539755001,-0.287259587042,-0.230020826581,0.136235500142,0.0666997854682,-0.0657866104732,-1.1006399717,0.0861152236065,0.0667348628833,-0.845477405973,-0.130710117566,0.188080635565,0.188128704735,-0.999778950337,-0.0586693521653,-0.229309381381,-0.5381606176,0.327162909197,-0.154439818214,-0.417556953763,1.21983639699,-0.552835756218,0.678187527124,0.489792477446,0.412891648595,-0.0856329687567,0.110779597813,0.0594190891228,0.253127511239,0.851200548175,-0.53212481594,-0.127197056586,-0.101071762642,0.774038344251,-0.178681704724,1.01927721746,0.349279751635,-0.135590433473,-0.298953688657,0.0447597086718,-0.0857244677901,-0.225415575795,-0.380382589649,-0.330160148671,-0.193152243067,-0.265510063787,-0.509758059505,0.197770661785,1.14989452225,2.01409811088,0.697512218345,0.248554101391,0.905969591008,0.544790129664,0.12500525274,-0.12614042243,0.208855836357,-0.345442347775,-0.248013834292,0.990876452273,-0.108383211048,-0.183773541316,0.229735945885,0.00142966527059,-0.701059693139,-1.08490690777,-0.464653890043,-0.248991404268,-0.318786027616,-0.537209779763,0.525299032859,-0.256837456769,0.55206860945,0.479798617491,0.754059292216,0.86122433061,0.52445729891,0.278457750708,2.03503110217,1.64513219801,0.180758496785,0.0478849960697,0.177457710696,-0.133414163007,0.188035534693,0.294279225597,-0.364047787952,0.499495369485,0.588319155177,0.624938324753,0.215542847522,-0.0183210494928,0.118476184191,-0.116700999967,0.753550349922,0.355192049704,0.500446766481,0.528745921473,0.460023512428,-1.13189142318,-0.365154291678,-0.365296490294,-0.367124351125,-0.468947604683,-0.39507522443,-0.498808071081,-0.342413466794,0.304232539438,0.322630580645,-0.64648701091,-0.659736087264,-0.690080240433,-0.60336861007,-0.0986927947565,0.122427282977,-0.190186353307,-0.465234270802,-0.644121100681,-0.603066014744,-0.717664995007,0.53696321653,-0.468832108712,-0.667286732909,-0.67250526229,-0.669732909242,0.572955670389,-0.18096759272,0.563277990288,0.411825820033,-0.0732026102164,-0.0965926204057,0.0918130059641,-0.0123810335418,-0.233408039471,0.312154098615,-0.857733254831,0.298362206379,-0.951038221234,-0.749129569434,-0.541025135402,0.594560381597,0.594560381597,-0.594560381597,0.0694855756542,0.291376873927,-0.413562017537,-0.415565384939,-0.416404557096,0.763375508831,0.476066800749,0.212781639386,0.338416904698,0.0308408795909,-0.168978861372,-0.146841728689,1.16436775315,-1.30573517084,-0.825378332142,0.17275572541,-1.11437478544,0.259512268186,1.88915565325,1.86861683535,0.395734019323,1.8947369795,-0.868621323108,1.9750015566,1.9677766179,-0.693621023938,-0.368768608719,-0.122168396076,-0.456996483071,0.312002601267,0.204271769752,0.0841720586742,0.0533456158671,-1.07875892148,-0.365856983444,-0.406028774708,0.637754984359,0.552213946586,0.890726856721,0.201499368005,5614650600.0,01030330,0.04074638
52,600475.XSHG,600475,2011-05-31,0.464320272544,-0.351359065352,0.0890647689438,-1.67195085448,-0.978440639386,0.255721229967,-0.123871594962,-0.218815764553,-0.0334943838199,-0.363407315139,-0.503761709762,0.0505372557206,2.35346918236,0.331794654988,-0.334290632644,-0.664509274971,-0.0290348022694,-0.0126807076934,-0.048941277495,-0.0936890493677,-0.214572325083,0.102938163224,1.04193303893,1.1390420565,0.337942013697,0.155655945406,-1.33607441166,-0.272030052702,0.0119879844311,0.841656818482,1.0045046878,0.888164103189,0.823531868376,0.987145082515,0.341562066959,-0.683059753721,-1.1390420565,0.455446587588,0.393942176389,1.0426058124,-0.397082389692,-0.315678516515,0.0734192686485,-0.451211835746,-0.464347098484,0.426324074699,0.247560623721,-0.539193888342,0.197707392584,-0.539793709395,-3.6954996546,-0.244227772221,0.047790311158,-0.0910475445807,0.469075047672,-0.367121223577,0.812096042341,1.03555705108,0.905738961659,0.819393620116,1.06405538736,0.163175977106,-1.65227100129,-0.187369293362,-0.199713966618,0.138514309728,-0.151556338019,-0.0495647248654,-0.331794654988,0.0948072998757,-0.151519203127,-0.852407169969,-0.119073127241,-0.149881732355,-0.149834203264,-0.0613794931573,-0.0574032969111,-0.185669837163,-0.258329045683,0.123630507583,-0.144836815149,-0.440945966585,-1.0634002797,-0.664640748447,-0.209726159333,-0.238539204825,0.296291685935,-0.234739072339,-0.236092493915,0.186102238705,0.346947176897,-0.843338455302,0.132363533071,-0.0855903860824,0.464347098484,0.576140590608,-0.411539271886,-0.427273766962,0.586862398509,-0.154073163045,-0.163033848931,-0.242134355899,-0.0660692685131,-0.190990184512,-0.503853371733,-0.281030318743,-0.530879518369,-0.22897657298,-0.437230263633,0.0781362573244,0.645373525302,-1.16527710734,-0.744641422287,-0.068994764228,0.171394474448,1.48532403276,0.352972967523,1.62636872492,1.21633907675,-0.282961626139,-0.150668663127,0.944482453642,0.0601552750313,0.058370904506,0.0599065033552,0.0457701726031,1.80272492522,0.359002518178,-0.871109485854,0.0843272134672,-0.266414204746,-0.386601598373,-0.368806494894,0.0465490548422,0.843861437833,0.666541012182,0.528948056436,-0.318847526465,0.594481863394,-0.732650255018,0.818939221122,0.971619090604,0.171457469772,0.203276739889,0.288222215114,-0.1962197234,0.259843321368,-0.515099179511,0.852160175148,-0.185920217646,-0.214221205914,0.581842478334,0.461973527494,0.427491154832,1.00687773402,-0.388521152029,-0.243844985115,0.650452588658,0.134382127466,-0.286604700321,0.555596455193,-0.120491771085,-0.42099596283,-0.421683331383,-0.419357266194,-0.416776729254,-0.349368847132,-0.515066468662,-0.299372822002,0.324339305966,0.321870179793,-0.551512563581,-0.562594804755,-0.598927633936,-0.523508036664,-0.162013801721,0.669853913759,-0.332343586764,-0.0923523374841,-0.698281262478,-0.594442554852,-0.674304165111,0.0854618601395,-0.416799062851,-0.337915286252,-0.339769846318,-0.340244960651,-0.803462083732,-0.992082766488,0.36807985345,-0.797220754894,-0.317330177037,-0.133350689414,-0.306254625198,-0.0472709029579,0.974285151584,0.302040302903,0.422489428495,0.298362206379,0.768970093295,-1.44599510037,-1.50380373606,-1.38042669359,-1.38042669359,1.38042669359,-0.751845830285,-1.63517553648,-0.362838873637,-0.364781723494,-0.364838349676,-0.51745775097,-0.71752240656,0.31765625762,-1.59623384895,-1.56576504838,-0.364075950777,-0.873043996495,1.31420855622,1.03163007047,-0.222742026635,1.0040503699,-1.00610804071,-0.86711490125,0.851057801995,0.913023452553,0.460783906497,0.845065570498,-0.228840819429,0.802852213854,0.831653057314,-0.489916182573,-0.597517787382,-0.154836993016,-0.783452088718,-0.315594090503,-0.465676585952,-0.739836151433,-0.495151809534,-0.067155940764,-0.402634090744,-0.422276163906,-0.518281884865,-0.299414428523,1.16506751221,-0.601239184088,4968960000.0,01030330,-0.01630084
93,600984.XSHG,600984,2011-05-31,-0.163427608293,-0.0198504898714,-0.0161096413873,1.01999369708,-0.216237662816,-1.25042687196,-0.766416255229,-0.218815764553,0.332245710219,-0.479740202426,-0.855528127932,-0.701734871419,-1.08583098965,0.080701686237,-0.124566632022,-0.703115059184,0.0149068923846,0.166485420361,0.0787616901333,-1.28249636429,-0.574897503242,-1.05930537133,0.282277795369,0.82502801883,0.475335518028,-1.41434414905,1.28597797864,-0.263759986243,0.393647893259,-0.851766947426,-0.936192450482,-0.845085112991,-0.867332524253,-0.894414857364,-1.54163175621,-0.679998005967,-0.82502801883,0.150196787084,-0.543015005082,-2.28119248333,0.974497750914,-0.345095005859,0.42697629626,-0.534568869093,-0.20802388144,-1.88081805644,-1.07788384404,-0.665041598668,-0.336779807934,-0.184084803555,0.188988506252,-1.60467990639,-1.3811913799,-0.634138161378,-0.305105147545,-0.870089739776,-0.849022443557,-0.959209537163,-0.815465918148,-0.867053288136,-0.906740644203,0.234062220575,-1.38889738063,0.0,-0.2476921981,0.145602213937,-0.48898298292,-1.21712688715,-0.080701686237,0.128527604617,-0.488942667144,0.599378387252,-0.100512176202,-0.385141755252,-0.385094602118,0.663713399513,0.00743168040044,0.0362818232144,-0.185034985936,0.0181528439776,-0.0988092016851,-0.337807964882,-1.0634002797,-0.596883928379,-1.14222128612,-0.548859513029,-0.417883085352,-0.531132912388,-1.52722750201,-0.360746690326,-1.41643608445,-1.94705224858,-0.422297401776,-0.0809402287909,0.20802388144,-0.50034670699,0.0669364209178,0.399326795562,0.383382523913,-0.155252911741,-0.0543479476788,-0.567139809122,-0.010782132042,-0.268447314898,-0.848271869125,-0.340687969369,-1.12190225015,-0.253332233518,-0.559969610494,0.20264243221,-5.17441872717e-15,-3.82743707841e-17,2.66852029479e-17,-4.54317090275e-16,4.07119712321e-17,-1.16022488296e-17,0.0,1.52005937989e-16,0.0,6.55028666239e-17,8.70167877324e-17,-0.0504644910839,0.392910747546,0.976982373576,0.684279453833,0.11450312686,0.550832616038,0.100738592464,-0.442400282543,-0.887770632097,1.09880605222,-0.541829982306,-0.408035987885,0.570822237187,-0.704576099519,-0.683423676708,-0.834946824652,-1.11817698256,-0.683585527834,0.0802333088557,-0.843573582957,-0.786102270597,-0.536725732147,-0.485607515157,-0.595425008886,0.433633186344,-0.57593225463,-0.541268107051,-0.186849568264,-0.658998398244,-0.610711250403,-0.890975323913,-0.405952183907,-0.463430079994,-0.48266141998,-0.103851602013,-1.18854773641,-0.919572575991,-1.03847653182,-1.25099633476,-0.691378940151,0.716488265083,-0.84068335897,-0.841086209059,-0.837053007959,-0.748480800546,-0.6125819731,-0.727935550025,-0.579570068881,0.343850523008,0.373742056496,-0.724889434292,-0.740592290785,-0.77724363751,-0.669478020647,-0.0881454086956,-0.0366832189101,0.410207803041,-0.641014694955,-0.691313562061,-0.756052152125,-0.779103840241,0.371023972632,-0.748661023794,-0.803998256257,-0.806756788397,-0.806829788896,-0.721123168845,0.00376827351707,0.507013114541,-0.408665781881,-0.140545571163,-0.160453187944,-0.926976432411,0.493474796746,0.415585469706,-0.116814759078,0.538873308797,0.298362206379,0.925334485525,0.607355721512,0.444566836894,-0.91159375258,-0.91159375258,0.91159375258,-0.19634460977,-0.236981375044,-0.712821517313,-0.71570118966,-0.715720983004,-0.985063544231,-0.301154078429,0.108836887498,-0.222204887445,-0.136463039457,0.169189426931,-0.0162527243906,-0.501499610128,0.910244117008,0.210853553049,0.304168200295,0.413248991789,0.132194506215,-0.848009204993,-0.850190167381,-0.462781524589,-0.852227812033,0.991481252404,-0.888261613978,-0.88092428313,0.820483617844,-0.0904068381962,-0.0670062629327,-0.075097026326,-0.0887056447598,-0.47731551925,0.240102675525,-0.269850640733,-0.333952331282,0.0122176041111,-0.476121466727,-1.17313009899,0.100054420809,-0.962926220885,-0.162561220346,1237199440.0,01030330,0.01487414
98,601369.XSHG,601369,2011-05-31,2.07975570249,-0.630288665419,1.41785366044,-1.25053415012,-1.33876959486,0.993260720774,-0.679404999151,-0.218815764553,2.05479032546,0.473317884584,-1.20479721859,3.27662733941,-2.68749313032e-16,1.54529787054,-1.34205028106,-0.0387446090528,-0.698499444351,-1.23200574584,-0.755762354136,-0.280628797323,-0.0862373301226,-0.334359679342,-0.237509106819,0.235722291094,-0.654344406472,0.722828754399,2.64680584039e-17,0.938943964406,-1.68466769385e-17,-0.357216727827,-0.313869794259,-0.349180196986,-0.352188413755,-0.327220796434,0.391543477603,1.13951518222,-0.235722291094,-0.68332315997,0.482175812312,3.64352033682e-16,-2.00123481501,0.268655044374,-1.24871956949,0.271783981818,1.67544916929,0.121530126416,-0.338693660098,-0.771018617891,-0.217025294765,-0.288092811264,-0.299585353581,1.11152774928,0.355498250098,-0.634138161378,-0.287709235927,-0.746015278221,-0.368188446294,-0.276995024359,-0.347171428896,-0.363134500441,-0.337351484794,-0.0792220995495,-0.531311929136,-0.620677188919,0.140803290787,0.139925797816,1.36820255866,0.000885948892993,-1.54529787054,0.102382609384,1.36822536695,-0.613330312098,-0.120247502412,1.26287261835,1.26292240509,-0.364715623424,-0.00500587377371,0.528517112298,-0.328574831226,-0.0288597670445,-0.151630986489,0.0193799851276,-1.82417474038,0.33024898709,-0.0239701579825,-0.534689635942,0.755404038906,0.336228202355,-1.33717146818e-16,0.447914081176,-1.97274153365e-16,-0.540857870874,0.00563959365106,-0.755702526309,-1.67544916929,1.51400385788,-1.33967525597e-16,0.133633757608,-1.02278845304,-0.0731847524465,-0.913091493891,1.56603930568,-0.0563427002727,-0.328691749642,0.763346760179,-0.456493997055,1.81372714286,-0.333705913295,0.209940838,-0.0652679475806,0.167651565146,0.00630390645032,0.336973808187,-0.0722684638735,0.828522374246,1.32856838225,-0.69731320713,-0.333155565461,0.880511329951,-0.349011831872,-0.212508711476,0.219245697846,1.38901641527,1.19606544361,1.41604455179,-1.72125357217e-16,0.863805693332,0.0802414555021,-0.0699796158495,-0.0600945629853,-0.017582252367,-0.530018938211,0.285018388289,-0.856386991619,-0.636649358494,-0.717050366661,0.61843413528,0.154000813571,0.690610823345,-0.0124229458343,-0.323421594688,-0.364479754887,0.539479988132,0.271526178696,0.0986371928881,-1.03393421309,-0.755485836593,-0.909601252752,-0.151230562815,0.43077453904,-0.596194323177,-0.588614363594,-0.83689566404,-0.794624951031,-0.479637588973,-1.00042942132,-0.0556571860518,-0.448874696254,-0.849814727775,-1.2320325973,0.516361247111,-0.344076647879,-0.855511679826,-0.856190673514,-0.849695881086,-0.600754324636,-0.534407055029,-0.573725865482,-0.564553224595,-0.0357914034001,-0.0431006540443,-0.622659628347,-0.625233805266,-0.575952370873,-0.588923504892,-0.00162191637216,-1.78902034968,-0.948463100796,-0.345711683654,-0.538774635793,-0.736826701053,-0.62407086597,0.166876495868,-0.601139257545,-0.837653428104,-0.834913178798,-0.840548445509,-0.336537522233,0.253739898922,0.251985521436,0.097671347802,0.239014588824,0.256544178148,-1.18959534698,-1.04355868833,0.419010323627,-0.747418793463,-0.392197733621,0.298362206379,-0.325580652314,-0.131304682151,-0.0307117388892,-0.769660430663,-0.769660430663,0.769660430663,0.133657981281,-0.198445779863,-0.771901917936,-0.775609313083,-0.77529635697,0.112793535599,-0.467701409681,-1.20705274334,-0.243551208188,0.0902889726538,0.770443184281,0.189982349471,-0.513495204648,-0.399604619441,-0.529232625375,-0.593570953973,-0.144393133655,-1.350434993,-0.356104268684,-0.344732935682,-0.664007274473,-0.352066822184,-0.398659101269,-0.348021719165,-0.328435879855,-0.572006193272,-0.818262915978,-0.139192529173,-1.14550719034,-0.721922321312,-1.84815476065,0.647207086444,0.273762206483,-0.723030400788,2.7393067612,-0.531283746714,0.0259888895894,-0.011453754925,-1.58081058009,-1.70702708084,19861895224.0,01030330,-0.09488449
99,601717.XSHG,601717,2011-05-31,-0.0176691310192,-0.126854298346,-0.549677381604,-0.492535178982,1.97031736901,0.787376016814,-0.594362323527,-0.218815764553,1.22793573644,1.30750095045,-1.27686295538,-0.701734871419,-2.68749313032e-16,1.09590236852,-0.118369800979,0.55122196605,-0.303024192465,-0.390920311364,-0.274648848187,-2.12493912455,-1.60355184746,-0.838143244054,-0.686576702587,-0.701479528477,-0.516950902141,2.61340478438,2.64680584039e-17,0.909408012769,0.319051832834,3.07693491744,3.37920022882,3.09946231041,3.0701388727,3.25296013784,3.2193379029,0.641563661083,0.701479528477,-0.191839874623,0.746876720082,3.64352033682e-16,-0.892043918693,5.14422642224,-0.796495464405,0.858971826848,0.758214127906,-0.248613278116,0.0436460902189,-0.509387851685,-0.684239851983,0.275670096849,0.0777014990061,1.26103658566,-0.0251798413628,-0.42648586672,-0.270126939543,-0.543226910947,3.07789044224,3.44311270125,3.05798972642,3.0883863268,3.26914774625,0.218652475264,0.813179470685,-0.561282960245,0.882909333075,0.139558440569,1.02675892989,-0.0275524184689,-1.09590236852,0.101177821597,1.02678495693,-1.07069473585,-0.117663877037,1.32855435063,1.32860424233,0.197502204226,-0.00523606563812,1.23895012247,-0.248625372801,-0.0226231165689,-0.155277329174,-0.173028597128,1.21983639699,0.710460830083,-0.232016879496,-0.612623959921,0.0242251063972,1.73455251522,2.61596692696,1.35369860069,4.22482669077,0.0503530846405,-0.189320313149,-0.543508506741,-0.758214127906,-1.84930192627,0.197407852188,-0.073016383023,-0.97807592939,0.113457541269,0.351412750328,1.32678447692,-0.0565677247504,-0.178080662781,0.223974396339,-0.154696470358,2.1124858864,-0.141296195041,-0.214067814794,0.10114626647,1.26932501229,0.415585032737,1.59885824374,0.232185603163,-0.216428330701,-0.81375884148,-0.543617125067,-0.189668879021,0.880511329951,-0.323346946214,-0.234376104998,-0.499741089222,1.07570769115,0.936624965939,0.424540306434,0.183236081117,-0.388086615845,-0.966023513398,0.564902715772,-0.505089579771,-0.332471127059,-0.622579311712,-0.613990826088,-0.397125204619,1.83829431854,1.64693858431,0.117081747377,0.177058156664,0.0432408700543,-0.336229780406,3.1479398372,2.96082113032,-0.681255501617,-0.78967862544,-0.441121404706,-0.470383967573,-0.227235124118,-0.4384676396,-0.1827488986,0.241366208301,-0.673961558814,2.34005264344,1.07184603105,1.87884192727,1.68421587956,0.517250633052,-0.266427521003,3.42250160838,1.20568784865,-0.740484414307,-0.146009547803,-0.662480242058,-0.895072689458,-0.896334680002,-0.894039164865,-0.292377532317,-0.294191164738,-0.192732287033,-0.124510012987,0.28761895053,0.370460316008,-0.618718836279,-0.637377584122,-0.679838646571,-0.536754937929,0.0750308859506,-0.390288304708,-0.010602768564,0.880991787107,0.970439006502,-0.674989401959,-0.611600161405,0.426781335709,-0.291721389563,-1.10972219607,-1.11409546562,-1.11528833137,0.114201033674,-1.41680249063,0.600353896651,-0.393245463924,-0.959745776967,-1.08524561247,0.0309924764986,0.0687450042876,0.201108070119,0.820810991917,-0.392197733621,0.298362206379,-0.325580652314,-2.11698761486,-2.22622717125,0.433752947722,0.433752947722,-0.433752947722,-2.1958663058,-0.647800374997,-0.792129298899,-0.796148529435,-0.796067842496,0.0314707889449,-0.0235751930083,0.167661663133,-0.445779509963,-1.13943729527,-1.73093798322,-1.92890387271,2.42771627809,-0.406404637261,-0.452406044128,-1.14875174674,0.178618437121,-2.06125407587,3.07954698249,3.12204454858,1.54161280108,3.08509156378,-0.12615999785,3.07055280678,3.0502045581,-0.103789095211,-0.521565376803,-0.104257332747,-0.714666101582,-0.833294145054,-0.347300118016,-3.04939723939,-1.52193084892,0.449762065865,3.91334716796,-0.531765342222,0.109280986999,-0.307991980502,0.272842497519,1.07529493079,23142000000.0,01030330,0.10284332
101,600031.XSHG,600031,2011-05-31,-0.0704818594167,-0.0911304271078,-0.70615638234,0.0161523112283,0.183162768445,2.09368753687,0.519854213578,0.311056447439,0.727842138466,-0.218021469527,2.01782555558,-0.00732983098238,0.463403322063,0.373079482735,1.20600918356,-0.410763984192,-0.0342044134051,0.0122034767587,0.0312443068297,0.3522148516,1.01250766519,-0.789935383666,0.362017421486,0.825633055511,-0.16583416885,2.12843093321,2.31359059713,1.59464209074,0.359415038841,0.294421245686,0.0409546391669,0.292889104777,0.313944535974,0.211596449054,2.64094725184,-0.573552567807,-0.825633055511,1.01320032143,1.51997143484,1.62020109286,-0.581947539078,0.890767683708,0.00106341183499,0.0632656503269,2.13532317634,1.29169382736,-0.0583111765324,-0.0689208655417,-0.706404597948,0.317455636835,0.0981862504663,2.93136730936,3.30410906112,0.73476965802,0.107550727315,0.464044255446,0.271528192342,0.0133627333612,0.297401389244,0.292703252977,0.24830220211,-4.91436340378,-0.563230311353,-0.213016801199,-0.0440593988339,0.143260087491,1.72839211214,-0.0497475802587,-0.373079482735,0.120204116393,1.72841152497,1.26810061289,-0.106310289647,1.89461146156,1.89466225785,1.91292032022,-0.0307370081178,0.532740293996,0.553578788524,0.00262567094673,-0.160736492148,-0.191769986757,-1.82417474038,-0.218793385462,0.980969809326,0.0646961648369,1.55702878219,4.12388690678,2.96862022022,4.32301086785,2.48987363114,0.993002134621,3.03304201309,2.20179751113,-2.13532317634,0.316101030264,0.959421344415,-0.161580729008,3.39730975397,0.112489542339,1.13794888168,2.072073855,-0.0293994633199,-0.287811597494,-0.783287246975,-0.41438271426,-0.927059591319,-0.267945629841,-0.665971773693,-4.38761535678,1.29787181234,0.0018911719351,1.47867877369,0.805083041135,0.674214662061,1.48532403276,-0.487113825534,0.559528781471,1.21633907675,-0.260807224842,-0.0444668056963,-0.832431732252,0.468536991299,-0.896754409569,0.429535290038,0.672351152968,1.80272492522,2.10809153889,-1.06484677468,-0.901699635917,-0.679993700424,6.45961800356,0.0725253012545,-0.938506648897,0.108718805123,0.33549767614,1.47455485058,1.19975253813,2.51439345997,0.893230509098,0.326877659212,0.270654299288,1.84024496721,1.0848827952,1.83509176693,1.33121350822,2.31684837916,0.300648293178,2.75973830532,1.40550371573,0.00123089398142,-0.0547151658212,-0.671284982165,-0.701806006282,0.153552623871,-1.55257691305,0.962438806882,0.193784640352,0.0509768697701,0.0348835769324,0.893924672583,2.03224429397,6.21580115799,6.2182944043,6.24870227307,4.33553982142,4.11605915038,2.35451744752,4.41347843467,-4.34022930771,-3.12613573241,4.15808360499,4.16760400763,4.60268481895,4.43375402247,5.20573122052,-0.0245924333269,-1.0943944201,0.664077825404,0.972387267618,3.35686758446,2.19293420125,-6.09238732653,4.34725619071,6.1767121962,6.16728379059,6.15884527743,-0.288602978411,0.585055501108,-1.45457341094,1.15488387426,0.403981424816,0.408793243527,2.49197580837,0.00892873426217,0.635452937012,-0.282223620721,-0.392197733621,0.298362206379,-0.325580652314,-0.0954805055301,-0.0671044984063,0.577951163074,0.577951163074,-0.577951163074,0.680207104095,-0.466376156977,7.02783231444,7.01479470769,7.01180426832,0.316100402234,-0.273396189887,1.89974516497,-0.579474887247,-0.1627900521,0.778720030498,0.162909019312,4.18265509581,-0.582716701513,-0.571464997981,0.459205389765,0.695752596848,-0.743880792275,0.293190052936,0.28904955512,0.347840146349,0.296745632912,-2.04550150889,0.328341092646,0.377645057198,-1.87024451062,-0.794528521181,-0.487115550279,-0.761421907352,-0.631464835519,-1.4160948465,-0.401671296586,1.47190853054,2.81758003171,0.170904607799,-0.401379650512,0.666476397259,0.457860874811,-1.58081058009,0.666746528713,1.27574263102e+11,01030330,0.07380952
120,600290.XSHG,600290,2011-05-31,1.22487009251,-0.527983403683,-0.949853186766,1.37890131133,-0.264781863308,-0.101863632123,-0.75342362423,-0.218815764553,-0.267369001777,0.124561330706,-0.0852809709051,-0.397932666228,-0.683030068606,1.20351364084,-0.521744771704,0.487697902937,-0.481375776649,-0.689530524789,-0.497386582423,0.450944934936,-0.053659985248,0.569480584603,-0.694081608575,-0.726286032417,2.1851213497,-0.345757697327,-0.684566485763,0.0611354817612,0.280934399192,0.271975602594,-0.310115275782,0.179274582232,0.317265642416,-0.0929297848289,-0.423537988289,2.20591794876,0.726286032417,-0.242151317151,-0.46318457258,-0.254358135539,-0.176436888812,1.44014524574,-1.2848974979,1.64081776584,0.171434998693,-0.127614675531,0.400496523848,0.354987211348,-0.602667890663,0.138271644006,0.00465132985941,0.283945459958,0.347379035944,-0.634138161378,-0.302495760802,-0.846075327862,0.258515305788,-0.4376320431,0.18642327225,0.331447468861,-0.12023456464,1.22125757877,0.933480740782,-0.686820761761,0.325803322674,0.138412763823,0.0479538607515,-0.0767492266731,-1.20351364084,0.0961331165724,0.0479891148824,0.207846721462,-0.123694924399,0.238237594761,0.238285744085,0.496355534538,-0.0209226820652,-0.325504075626,-0.194433831398,-1.9524896897,-0.108072560877,0.0557763070162,-0.302625819028,0.789323279959,0.819362088151,2.76972570074,0.186979220942,0.108932312747,0.525099040711,0.210735073346,0.381063418954,1.1707423266,1.52600193352,0.069822765504,-0.171434998693,-0.259905716452,0.0374936193179,-0.0877771073538,-0.815140461837,0.0431263690016,-0.0815818861534,0.0892229954319,-0.0696191444573,-0.0102568802794,1.17924834193,0.150610329905,0.884977135782,0.0340645608352,0.594896062247,1.40048898546,-0.0228546311606,-3.82743707841e-17,1.11814036353,-0.527312714605,3.44177921862,1.22406461524,-0.594256874648,3.84767406919,0.936482621084,-0.0977319513762,0.104999572252,-0.69877855485,-0.302850694985,-0.329828921335,0.287178257329,0.144683612037,-0.0751135385506,2.37227685973,-0.962741987326,-0.589885445133,-0.556696217939,0.0626349376048,0.0594488035908,2.59491971565,1.21453693321,1.22187110548,0.961999252336,1.33819534334,-0.0258786150247,2.53862831966,0.266090716236,0.118596939262,0.213572826491,2.10681831918,-0.0699581072764,2.56270663356,2.30388457351,2.05547001134,1.87041327345,0.723518637041,2.69700168548,-0.102766720926,1.81424016915,-0.262322366371,-0.494756744008,0.364852342491,0.798715421697,-0.857449050779,1.13257862188,3.10009471373,0.18105112265,3.06939717795,-0.0207988920317,-0.0162716923773,-0.0190136516893,0.430620760946,0.399894745812,0.0253105713773,0.251853627214,-0.100421075646,-0.236647998256,0.196230396126,0.213036249201,0.252467196314,0.117150096673,-0.302183736284,0.0881877087709,0.853977396864,-0.541234364632,-0.541501452744,-0.128399091972,-0.0646801622632,-0.36348487603,0.430156880711,-0.0656311085332,-0.0893716147252,-0.07110126572,1.41053085317,0.938389590729,1.382491166,-0.286438883665,0.391070799706,0.319160684251,0.467976740151,-0.899909815406,-1.73749787414,-1.33622702491,2.98293479515,-4.33577419057,1.08169887776,2.13642256174,2.06051399456,1.84402659316,1.84402659316,-1.84402659316,0.55732778407,0.988427816847,-0.054582464562,-0.0534278122858,-0.0544648243967,1.49528022872,2.14154011327,3.07913041615,1.07655020618,0.644005496611,0.0710496789271,0.639877394767,-0.711297560118,-1.17683538553,-1.30306020773,-0.705788348256,1.15080961431,3.12491936431,0.252691,0.129395126899,-0.771232363221,0.258697841967,-1.14506968889,0.356779995698,0.339563991451,-0.882124011469,1.43478720067,0.89113707741,1.3635511804,2.47798090213,0.730389405023,0.710129474281,1.12082947347,0.199640449754,-0.553213516409,-0.366116831966,0.870398428849,2.65984100441,0.890726856721,-1.90250492118,8524977586.44,01030330,-0.10877627
133,600537.XSHG,600537,2011-05-31,-0.868187302411,1.64054507662,0.90224252687,-0.450509112707,1.52970917983,-1.1029521142,-0.635308796976,-0.218815764553,-0.389282366457,-0.608299543009,0.0,-0.701734871419,-0.683030068606,-1.91382925422,0.955037526304,-0.93381386666,2.24196144972e-17,4.31671789495e-17,-5.15184502086e-17,-8.98462391332e-16,-1.0960035867e-15,0.0,-0.469656054527,-0.27795385146,-3.17786316546e-15,-0.838951444278,2.64680584039e-17,-1.08013368948,-2.99655792856,2.81976461246e-16,-2.65711736058e-16,-8.26002459122e-16,5.75558062747e-16,-5.28656006192e-16,-0.794313548982,-0.646875462079,0.27795385146,-0.595886741704,-1.21106967707,-1.06299152818,1.20110664371,-0.161676388038,1.47778067135,-0.889458015426,0.0910198717777,-2.26726471793e-15,-8.84338320899e-16,0.321869392841,0.179916492678,-0.531436601398,-0.114685268705,0.165649528557,0.478314211031,-0.634138161378,-0.413146184338,-0.661964836522,0.0,0.0,0.0,2.88931792074e-16,0.0,4.18934901708e-17,1.38092396721e-15,-0.669272466926,-0.273741447826,-1.91592004135,-1.62846740677,-0.0565915964089,1.91382925422,-0.0531120334948,-1.6284163492,1.74278944664,-0.173484549389,-1.60323933574,-1.60319412918,0.0775873054379,-0.069179049475,-0.395890437268,1.85087348513,-1.95730359639,-0.386427026922,1.55006261201,1.01396077165e-15,-1.00654440772,-2.06230589662e-15,-1.57317237981e-15,-5.39383180061e-15,-1.49304911721,-0.873951729259,-1.24682494213,-0.884080557347,-1.14203555872e-15,-2.25467684801e-16,-4.07582502097e-16,-0.0910198717777,0.507784603238,-2.39950154917,0.118873033277,2.10342683263e-16,-0.146359421571,-0.468103930375,-1.42464605378,-0.659771095086,-7.46481680342e-17,0.0,1.2175238478e-16,-4.50664179188e-16,0.0,1.93562569479e-16,1.01098162552e-16,1.16562439167,-0.44600138136,-0.684551687261,3.11304129125,2.62740999994,1.17181273173,0.163562535755,1.19152739273,1.21633907675,7.77643196758,8.41186588943,-1.35766948877,-0.298529195342,0.827083430925,-1.38364375815,-0.186035591546,-1.32700584773,-2.52848815484e-16,7.26660806695e-16,2.71303521954e-16,2.92182932621e-16,0.0,-2.26841074807e-16,4.22088584651e-16,1.216352127e-15,-3.62457528425e-16,3.09982855273e-16,-4.38523223777e-16,5.28863154962e-17,-2.52323427459e-16,0.0,4.98354486095e-16,4.18674512499e-16,0.0,-1.37153711019e-16,0.0,0.0,0.0,0.0,0.0,0.0,-2.78579336011e-16,5.51043333089e-16,1.9516994239e-16,0.0,1.57414592673e-15,2.61163034342e-16,-5.61310014743e-16,3.28946491895e-16,0.0,0.0,2.59925736309e-15,3.09305960102e-16,-1.5463730668e-16,-1.53397570901e-16,0.0,2.4225223308e-16,-2.54231652655e-16,0.0,1.15393008232e-16,0.0,0.0,0.0,-1.22519175951e-16,1.23876865183e-16,-2.20109945273e-17,0.0,-6.98346166819e-16,1.78862388197e-17,1.32980094449e-16,0.0,-1.39967751251e-16,-6.16564823511e-17,1.07872985184e-16,-1.8207623776e-16,0.0,0.0,1.43832524937e-16,-2.98684159987e-16,-9.47899249349e-17,-1.24142249124e-16,-1.80866539556e-16,-2.00292783088e-16,-8.09482743447e-16,-1.67958965212e-15,5.79405970123e-16,-7.00417551074e-16,-2.06739301771e-16,0.0,0.0,-1.57828673504e-16,3.01522981683e-16,-2.09544736641e-16,-8.38178946565e-16,-8.38178946565e-16,-6.27715262314e-16,1.26203849668e-16,0.0,0.0,0.0,-3.52681194379e-16,0.0,1.01647658098e-15,0.0,-2.35716577459e-16,0.0,-2.21010547767e-16,1.84969239308e-16,-6.67362329433e-16,0.0,-1.63929388022e-15,4.67250662014e-16,2.92501005244e-16,5.60504633213e-16,-5.45338401138e-16,-1.98406270576e-16,1.12785070786e-15,-8.76912402334e-15,2.93878068311e-16,2.92584608964e-16,6.75097925702e-15,0.0,0.0,1.09067623588e-16,-6.76247140045e-16,0.0,-3.81737069619e-16,0.0,3.85681634948e-16,2.28783982084e-16,-8.80587375085e-17,1.59435869507e-15,0.0,6.85989442142e-16,1.24781417403,7554316560.0,01030330,0.11510353
136,600550.XSHG,600550,2011-05-31,-0.244100059583,0.0526600191299,-0.565068758725,0.387799918196,-0.0517861023197,1.26244357919,3.11877412928,-0.218815764553,1.35482515682,-0.596678359679,0.10737000862,0.846209697887,-0.373183206263,-1.27899042757,-0.471782821418,-0.421058859982,-0.0471284412445,-0.00770387080296,-0.0162730764738,0.848293057213,1.21290769579,-0.444255323163,0.442334348063,0.790540927987,-0.715408186175,0.229635007448,-0.0445019075069,0.803078586877,0.195352263147,0.719745546245,0.87441286631,0.728979772146,0.727235982069,0.7659934144,0.275000284514,-0.726560429607,-0.790540927987,-0.359409437238,-0.00100838441055,0.00818517376052,2.76947871753,-0.482353135603,0.727088656907,-0.835693706958,-0.546018711758,1.09666654387,-0.644565460352,-0.350422322852,-0.231967038155,-0.276126952086,0.198578419876,1.36631898615,1.73946455129,3.87670860873,1.51407230981,2.93619454859,0.700467425154,0.765195602746,0.728094134096,0.716596204338,0.776318469705,-0.420267073495,-1.12047719618,1.80773684257,-0.193487783907,0.13766729741,0.326464742257,-2.2619843731,1.27899042757,0.0912919601694,0.326497370896,-0.911310163938,-0.126748299842,0.228683888248,0.228732022304,-0.452877355866,0.0117046168836,0.721844985608,-0.0894715896441,-0.0233690319858,-0.137419547484,-0.136994427696,-0.302625819028,-0.234890309567,-0.219013959401,0.0519432754586,0.68981655991,-0.1765513246,0.305413382616,0.184694648155,0.563727464971,-0.376562510528,-0.738782317149,-2.31326047386,0.546018711758,0.576140590608,-0.352231333417,0.207437379262,0.170050737325,-0.181933382253,-0.746189925991,0.173914970213,-0.0717913195176,-0.296417945315,-0.77678878476,-0.424910534959,-0.680258890137,-0.304479120649,-0.543232426831,-0.647632326947,-0.0117854637911,-0.802329693465,0.877781423424,-0.3472592341,-0.0228102887958,-1.64978897757,-0.585017341391,-0.906006993001,-1.75013935329,-0.302077540974,-0.310480904677,-0.392770470618,0.66732597488,1.30176341599,-0.314717266932,-0.0130404303624,-0.0751135385506,-0.978321795575,-1.50468278174,0.0794398437057,-0.569591792414,0.517481719528,0.0275748405356,-0.60356489861,-0.0494117264036,-0.307000632865,0.624681408335,0.2142362709,0.584621261456,-0.0704059033147,0.758690215694,0.697284608129,0.435666149396,0.294865526737,-0.181485067112,-0.211901348405,-0.932222471312,-0.848571394302,-0.716897063147,0.771346564446,0.126827733234,0.0337661898901,-0.399086206587,0.281934173294,0.42509264829,-0.0141605888812,-0.253254375069,0.137096133623,-0.0076142126785,-0.000543927848618,0.258716714035,-0.504449046418,0.54402259312,0.542527822633,0.541898328959,0.284720401279,0.111203195441,-0.22297526801,-0.315431547426,-0.654558501896,-0.67941736733,-0.0674390378091,-0.0516826653837,0.103577761164,-0.109435386793,0.250210509555,0.229505384628,-0.435501933167,-0.307917620882,-0.552783026237,-0.360808435372,-0.452132122183,-0.974705531435,0.285054797183,-1.20869425047,-1.18785270303,-1.20725170629,-0.191138771655,0.298823571651,-0.96528670883,-0.673707956607,0.314706692192,0.359421669447,-1.03236425295,-0.580913346727,0.565585917027,0.216999644417,-0.857733254831,0.298362206379,-0.951038221234,-0.658431852433,-0.619785585103,-0.747011496314,-0.747011496314,0.747011496314,-0.695777428893,-0.623474070075,0.497927238954,0.499664035996,0.500323075331,0.153454908926,-0.190122524261,-1.09820115827,-0.597450736294,-0.590816322152,0.568842858562,-0.623810104145,-0.0319220663149,-0.075232498675,-0.773171852221,0.662968553069,-0.0611676768201,-0.169205431075,0.720457427936,0.735992924654,-0.403807725777,0.725922175074,-0.426303937848,0.732524245921,0.756232123033,-0.578086934806,-0.595514818841,0.593849149714,-1.52665143184,-0.194666865032,-1.16647284617,0.0950029614985,-0.13654236109,-0.906452919269,0.817044445843,-0.498965011783,0.0274249602344,0.164998742939,0.272842497519,-0.941618323652,25771039305.6,01030330,-0.04049014
141,600580.XSHG,600580,2011-05-31,-0.473670360727,0.341135872889,-0.924200891563,-0.157665322365,0.406558850326,0.137824274741,-0.521131130629,-0.218815764553,-0.691163078997,0.426348935294,0.00105520880804,0.122871114099,0.835219556875,-0.337560994864,0.0533986095028,0.213596835028,-0.0988245526022,-0.117194282392,-0.102398333712,-0.617282196239,-0.066493484744,-0.701287754139,-0.743007822608,-0.962855374865,-0.547482791992,0.526373245197,-1.30861037732,0.127296013428,0.229524421015,-0.0608040733386,0.0987831986553,-0.0457534721088,-0.0583595964672,0.014119407771,0.782023248262,-0.138386757114,0.962855374865,-0.508788437972,0.797295940609,1.03735494621,-0.456716308849,0.351954712856,0.161397412728,-0.227715505638,-0.567378979845,-0.63662567459,-0.67005477704,0.865001616357,-0.619336687589,0.164444586779,0.0622010463024,-0.0598857252729,0.241418152495,-0.0782689418326,-0.226575032245,-0.404476975444,-0.080023560915,0.0772374691613,-0.0442386330623,-0.0684052007727,0.0315047637458,-0.198582769884,-1.2191929072,-0.357452766385,0.127297967994,0.137599799249,0.339854688483,-0.118266108358,0.337560994864,0.0924527374433,0.339887190897,-0.29109628627,-0.124252024687,0.362435779438,0.362484127237,-0.0598852265057,-0.109342734152,-0.827593455339,-0.569998148174,-0.172232517572,-0.153292792334,-0.363294444016,-1.0634002797,0.0551038890271,-0.0518335581852,-0.210199450651,0.393458321485,0.494426141522,0.713951623985,0.0411204119608,0.217589759095,-0.894867600798,-1.35030655815,0.0132866426435,0.567378979845,-0.149484506086,0.0906173627783,-0.3977523183,0.215521100364,0.0149334001617,0.0588353012109,0.170739021159,-0.0760116765586,-0.208202880153,-0.380382589649,-0.288048865876,-0.0957309136525,-0.226541006926,-0.336807161655,-0.32428563895,1.61712990279,0.599816698748,1.47867877369,0.359859889339,0.32100841592,1.48532403276,-0.148449394999,-1.62891701628,-1.35834031536,-0.255556248236,-0.270351494342,0.0370350711003,-0.881931647154,-1.50211552412,-1.30372402049,0.00158470200951,0.550832616038,-1.36958936557,-0.331132245042,-0.335497849046,-0.464584971685,-0.0856284041484,0.262134517378,-0.766283478772,-0.706402087181,-0.776794874053,0.684013051873,0.0862606107382,0.664839878185,-0.371016713985,-0.0258748881938,-0.0592428402957,0.358073134362,0.237839449197,0.344885199398,-0.352324430091,-0.546729576623,-0.942679858383,0.0654134976178,0.476367102878,-0.273644581175,-0.532000096647,-0.767119135488,-0.746105957185,-0.100449180709,-1.38665352344,-0.0838853559114,-0.659260469837,-0.993366583382,-1.45840939795,0.725012071632,-0.792417002917,-0.0354512783613,-0.0350770418793,-0.0318270528142,-0.349199580058,-0.328851947835,-0.388389435833,-0.417951123045,0.0591915789259,0.0223348285189,-0.389849123113,-0.39048714704,-0.370726426432,-0.386718194487,-0.123205027682,0.318004878764,-1.17899684443,-0.189164885087,-0.104737243922,-0.172196715902,-0.444014427146,-0.265076462313,-0.348879326814,-0.295026803434,-0.289050699657,-0.294541235545,-0.438738504012,0.557660601791,-0.132861105924,-0.445886998034,0.330834791699,0.360357534394,-0.549946871506,-0.213990583847,1.1622851686,0.869132460318,-0.857733254831,0.298362206379,-0.951038221234,-0.486987578604,-0.378072480848,-0.869315741796,-0.869315741796,0.869315741796,-0.0556553269488,-0.505252775124,-0.295543506354,-0.297166313868,-0.296778755658,0.0111401022814,-0.495459298223,-1.31453098734,-0.535658755196,-0.302917700033,0.439369335593,0.0243572708485,0.597326003861,-0.215966569139,-0.617998472627,2.23844170702,-0.0191866941688,-0.51657939726,-0.0585379899796,-0.0355857205702,-0.430256581002,-0.0562242157476,-0.390760576533,-0.0567504410116,-0.0357288645435,-0.629773237838,-0.872018366596,-1.09371423773,-0.278342027326,-1.1301540186,-1.19429273552,0.449672049221,0.161823956401,-0.684122593837,-0.268430813539,-0.439704822685,-0.236812038446,-0.116835107816,-1.58081058009,-1.10015882254,5999266632.4,01030330,-0.05175694
143,600582.XSHG,600582,2011-05-31,0.352960896037,-0.311458708123,0.722676460451,0.117294654952,0.097683374296,0.871884024073,-0.545935244353,-0.218815764553,0.562802957709,0.0619764163174,-0.0317668099259,-0.00732983098238,-0.466137264966,0.507085972796,-0.00392207764783,0.203652920912,0.0407549480634,0.136624399019,0.111429891155,-1.09393809038,-0.509742813492,-0.860533624707,-0.273662548162,-0.629480163384,-0.0437066094447,0.172095736971,0.848079208775,1.4044305622,0.276017978611,1.03247653249,1.0711436512,1.02552452594,1.04977211943,1.06156168137,0.355979781568,-0.0208076907557,0.629480163384,-0.236944353341,1.75946273234,1.70421495184,-0.802593039958,-0.231431547992,-0.210248579086,-0.0751411167427,1.86643509571,1.22430220061,0.247560623721,-0.313992722494,-0.114818630569,-0.363382756947,0.137267451291,1.17121386852,1.53453147505,-0.384955407789,-0.270437580822,-0.624609084655,1.02309294264,1.11029503014,1.00959286085,1.03442239173,1.09060141974,0.208740145979,-0.777479293833,-0.573431779746,-0.10188049269,0.138114696723,1.42444033281,-0.0497737024578,-0.507085972796,0.0956187437046,1.42446261095,-0.201009354319,-0.123423168162,1.59008706644,1.59013737608,-0.100230426098,-0.0406688279345,0.549163778379,0.0514094831458,0.000869006438917,-0.154815690767,-0.284028325077,-0.302625819028,0.151685433653,0.0967712428955,0.329672866363,1.00317895956,1.80546883278,1.32483191886,1.3593289629,1.72367969493,-0.0220143444297,0.717893119829,0.167720813747,-1.86643509571,-0.872241519393,0.0790333096898,1.10784156344,1.81986707623,-0.116200204904,0.225487016464,1.81270468223,-0.0686180151483,-0.350207619193,-1.16019805544,-0.530188741946,-1.24530260074,-0.34344817751,-1.01745263061,0.195058747524,1.5437238455,0.873406238692,1.59885824374,0.12415351486,0.424858092942,1.01505708121,-0.334661526794,-0.120663831344,-0.854598695167,-0.370871234484,-0.216505976958,-0.382674367289,0.576574482376,-0.718028747177,0.0698964705629,0.0535736884624,1.17677877063,1.17205561765,-0.662972803941,-0.0178188145483,-0.221279694082,1.63944406261,0.198386591267,-0.11883081051,0.435205399084,0.338762403319,0.776710019661,0.631786486175,0.895158768851,0.0540969438964,1.09863312523,0.928007805334,0.915851923836,0.511555050113,1.19434739694,0.0835130063851,-0.0014407195699,-0.0293268473711,-0.231046435298,0.455761919901,0.265246916768,0.161140449211,0.0308646021254,-0.0408226118562,0.576888964836,-0.666710617732,0.0666648833395,0.0352843339104,-0.0822789549139,-0.0142205662963,0.12290253221,-0.253940336292,-0.519162343004,-0.519613364832,-0.518742508512,-0.538998146968,-0.354974748286,-0.590277658443,-0.236628141493,0.289610458005,0.354219299661,-0.617601655798,-0.635079326973,-0.674053030116,-0.56522496281,0.0271804837364,0.434994076481,-0.682390048795,-0.0107101193122,-0.250961633202,-0.642610396755,-0.727274104109,0.262174937143,-0.539213536981,-0.218881136311,-0.225134321677,-0.220674406515,0.200313174477,-0.0581214153949,0.548336634817,0.103782867428,-0.00235029428495,0.15472658209,0.568336689746,-1.15834541319,0.0409553772473,1.0734981647,0.771641069402,0.298362206379,1.23806326999,-0.585077586018,-0.492954102308,0.158945877627,0.158945877627,-0.158945877627,-0.508254540203,-0.113417386956,-0.396022482808,-0.398121406335,-0.398593322342,0.316100402234,0.115214249702,0.199720593628,-0.0761511139408,-0.414170559908,0.658114557047,-0.598329322818,0.832177252822,-0.477973885588,-0.521816932204,0.206716252627,-0.229196822921,-0.896886048902,1.02914635266,1.02916088202,0.106583696665,1.03230451167,-0.837027224161,1.06518827302,1.0879590539,-0.714903619304,-0.279319632779,0.0639391312875,-0.502131339042,-0.0302549478267,-0.202617768317,0.164458274848,0.369825577462,-0.484025300949,0.672795241939,-0.50153837031,0.278737323109,0.424776031461,0.890726856721,0.484427769292,21112092000.0,01030330,0.0608529
151,600610.XSHG,600610,2011-05-31,-0.276827871476,0.0854939112234,4.0446486892,-0.942236305215,-2.35221059343,-1.95383175592,-0.567589629349,-0.218815764553,-1.47986790764,-0.488577143916,0.277188279461,-0.701734871419,-1.08583098965,-2.60687291999,0.344456017568,-1.01441806461,-0.310778609168,-0.480503375392,-0.310286885665,-0.859251826709,-0.892773413836,0.0291412963752,-0.718400390476,-0.758352976534,-0.287961728256,-0.732092799105,3.20998616263,-0.574478197462,1.0291407758,0.742746774562,0.814908983836,0.793846999548,0.705640689934,0.843371201656,-0.70035810878,-0.578284359791,0.758352976534,-0.882607865792,-1.01359439667,-1.34653830223,-0.325521686704,-0.412221565037,1.5328697896,-1.01361332859,-1.57131157993,-1.56581325562,0.0691354069067,-1.15187353072,-0.921746652587,0.870620212533,0.216663134255,0.0162385382758,-2.38149911861,-0.634138161378,-0.489688195453,-0.479188479176,0.746059562623,0.867900051384,0.810053346674,0.704413409335,0.881486066237,0.32200908504,-1.28581532302,-0.67467194226,-0.301530366251,0.133288279565,-0.399270343204,-0.0521725910702,2.60687291999,0.0719163319289,-0.39923087314,-0.277236758278,-0.546534042541,-2.88582443519,-2.88578127827,1.64768798957,-0.0459440581607,-0.970243148267,4.48539527041,-1.00497546593,1.23671745624,6.99256517826,-1.82417474038,-0.736640168665,-0.694549322859,-0.843592956439,-0.784687134551,-0.676602281737,-1.67561167459,-0.607778832013,-1.58914955987,-1.82304316496,0.481341766244,0.468512566975,1.57131157993,-0.85837911636,-0.319047848007,1.19640590943,-0.277453418909,-0.227429331969,-0.979802150521,-0.608427146828,-0.107822789968,-0.257689380122,0.00302668103161,-0.337178695803,-0.290573572481,-0.253332233518,-0.36470246776,0.249055151621,-5.17441872717e-15,-3.82743707841e-17,2.66852029479e-17,-4.54317090275e-16,4.07119712321e-17,-1.16022488296e-17,0.0,1.52005937989e-16,0.0,6.55028666239e-17,8.70167877324e-17,-1.52305327663,-0.333101192486,-0.877536596409,-1.11890962715,-0.0973287374246,-0.701059693139,0.233742236747,-0.485598461808,-0.741882644716,4.15334656548,-0.498215965068,-1.01445856704,-0.300558570597,0.384442942081,0.290770913775,-0.97577222564,-1.1376794462,-0.791671063082,-0.867820716405,0.736903744981,0.865235048313,-0.876285399071,-0.746784744735,-1.13533030676,-1.02204880366,-0.972761168852,-0.696516241091,-0.788196686778,-0.856529287687,-0.904608419114,0.840009808664,0.3062068372,-1.17644833739,1.01473969464,-3.31283366207,-0.735015140672,0.644954372286,-0.629301892819,-1.65238793693,-0.202045473192,0.148746562228,-1.01036287387,-1.01111565125,-1.00723371126,-0.802214722997,-0.647195876987,-0.773780366973,-0.644826472624,0.436432023092,0.496373938422,-0.810728178579,-0.832102185756,-0.89038419176,-0.73570643224,-0.0552884101816,-0.0344215348027,-1.16861810836,-0.0264661801916,-0.11460019885,-0.856799867668,-0.875131929634,0.487092587005,-0.802521663249,-1.05603343644,-1.06089054292,-1.06032438803,-0.775373412698,-0.678001948283,0.693011645368,-0.377007481248,-6.30002017986,-6.31360735875,-1.22173726515,1.42066834885,1.98776466208,1.33964082593,-0.741349374528,0.530069026226,-0.638309436774,-1.09514562458,-1.38321877169,-0.956891621277,-0.956891621277,0.956891621277,-1.18908512854,-1.17615862397,-0.847457941349,-0.851355457362,-0.851689671995,-0.822418050923,-0.773038183644,-0.488938422491,-1.1625664907,-1.06979810054,-0.779691871541,-1.12307416326,-1.51252413645,0.295725379532,0.344187716256,0.896262609606,-1.9488388792,-1.67310944509,0.755182171027,0.812926680471,0.962954738802,0.753271504986,1.31137150424,0.669756824058,0.664570734241,0.960340673109,-0.682557885303,-1.56305431228,0.486887497161,-1.28105608246,0.294828348341,-1.54562093774,-1.73033951816,-0.339510589418,1.8172710016,-0.521110874869,-0.865810980955,-0.953759108102,-0.345041861683,-0.681806682846,6484782275.6,01030330,-0.02202643
191,601177.XSHG,601177,2011-05-31,0.716154791982,-0.424950985904,0.645719574843,-0.31830991834,0.800983992944,-0.0594439265181,-0.205764541858,-0.218815764553,0.7983362609,-0.226374195045,0.0,-0.701734871419,-2.68749313032e-16,-0.761238079603,0.368468737861,-0.309804009115,-0.605446443907,-0.774136751925,-0.714184643745,-8.98462391332e-16,-0.67756549921,0.24459159185,-0.483655590696,-0.357818693412,-0.150568223924,0.0890747895675,2.64680584039e-17,0.00915220688051,-1.68466769385e-17,-0.00465821788286,0.0107988254243,0.0173622626531,-0.0321309558326,-0.0224713573949,0.259140798444,-0.541503623781,0.357818693412,-0.235118534862,0.209071701121,3.64352033682e-16,-0.277814551378,-0.0415323941303,0.966356319778,-0.608899981632,0.513199288085,-0.985326288791,0.451475157224,0.666294705315,0.0729376786945,-0.477381307398,0.0877929129155,-0.136988449793,-1.25426442446,-0.634138161378,-0.0214896599301,0.00910456307551,-0.0023538741811,-0.0712315825909,0.0383961518935,-0.0257410201418,-0.0611013896769,0.231227431187,-0.417437091992,-0.150922834858,0.367051783137,0.140449057894,0.106869624147,-0.00929300133544,0.761238079603,0.103031764447,0.106904322885,-0.703417244049,-0.114111634786,0.256150794474,0.256198972424,-0.105086792715,-0.00981112894336,0.664597411472,-0.393604680909,-0.021008557935,-0.140559890112,-0.309922225724,0.459061936318,-0.52588276702,-1.17937248639,-1.45431465889,-0.638937181227,0.15984659202,-1.33717146818e-16,0.169211152094,-1.97274153365e-16,-0.485246254087,-1.21253489067,-1.31421089154,-0.513199288085,0.810845414374,-1.33967525597e-16,-0.235384350662,2.10342683263e-16,-0.0558212716373,0.00961432983946,0.093457594171,-0.0501522309677,-0.0145600541897,1.47817760382,0.252379263326,3.44391072173,-0.0316957226185,1.11932781702,0.110323520921,0.572550055766,1.44485535841,1.59885824374,-0.360354032682,1.43929928825,1.48532403276,-0.273716143964,0.680013785351,1.21633907675,-0.294555074488,-0.202711492156,-0.186281119199,0.835864460959,1.1230377536,0.312153175348,-1.72125357217e-16,-0.0751135385506,-0.689995402317,0.405200356065,-0.982341236982,-0.0346886266713,-0.622579311712,-1.14277170036,-0.493311655042,0.0648951012359,-0.122543547201,-0.646900415601,-0.853387836939,-0.495090832826,0.0498639891367,-0.00521472422303,0.0745087213139,-0.843376792247,-0.574014893148,-0.536324097531,-0.0210944086129,-0.996953774598,-0.904000865741,-0.583074207388,-0.294257887542,-1.5125824151,0.378815248444,-0.134084298802,0.544218009593,0.174114674718,0.646043693406,-1.22618529623,0.819886129954,-0.503675501122,-1.51447291752,-0.753853463791,-0.157951017459,-0.975297129369,-0.976044136288,-0.97191451454,-0.496184761256,-0.495625163208,-0.420611046621,-0.528966233133,0.0374070198455,0.00233379685641,-0.576067618206,-0.576830610035,-0.540781504949,-0.542900760862,-0.108162478463,-1.58646296442,0.0224204825709,-0.11215098103,0.360101763169,-0.657132800049,-0.513797893842,-0.126793759064,-0.496024747482,-1.15662851126,-1.15505589959,-1.16053748643,-0.691941395883,-0.42365436919,0.326628264413,-0.760020504503,-0.00238423388829,0.0322898892445,-0.874221762373,0.461906083599,0.481652532723,0.19189259015,-0.508581613924,0.298362206379,-0.481945044544,0.179740152956,-0.208058544596,-0.802123903229,-0.802123903229,0.802123903229,-1.07223669538,-0.602671669136,-0.916417710745,-0.920086516003,-0.919024253224,-0.92407148424,-0.523217186766,-0.875748516944,-0.542399698589,-0.6230881441,-0.604104491076,-0.818897336176,-0.404326964242,0.857008618383,0.0769632128543,0.321886736234,-0.0582216429499,-1.24959511013,0.00335440763231,0.0150229372364,0.141967975952,0.00493479072294,0.936191579246,-0.065022373255,-0.0595624727342,0.631980630313,0.035420271453,-0.21986622501,0.274770251994,-1.15651227068,-0.714825458914,-0.556570398883,-0.88876740164,-0.395093170776,2.78941404047,-0.531442868182,-0.641783960335,-0.920674264753,0.272842497519,0.704311176545,5544831600.0,01030330,0.07647908
192,601179.XSHG,601179,2011-05-31,1.13877294676,-0.513626733091,0.0582820147006,0.460795284733,-0.0800356225827,1.64654075728,-0.316792479478,1.26185518298,-0.277321113179,-0.280243221937,-1.57119084076,0.70154198113,-2.68749313032e-16,0.509793174615,-0.970240418464,0.477052065472,-0.409001220748,-0.649715829665,-0.467688217858,-1.96551431786,-0.640052192991,-1.96451647491,-0.670195802018,-0.650051410554,-1.3871097629,-5.7036984736e-16,-1.2994556992,-0.387810983118,-0.0381473661879,-1.32244287621,-1.24443692161,-1.32259160631,-1.31432105035,-1.27987528065,-0.686901575145,0.15076947236,0.650051410554,-0.73120017786,-0.206886868231,3.64352033682e-16,-0.683325201644,-0.351418704145,-0.419093893071,-0.473036121044,0.437810106602,-1.0404648925,-1.63864881118,-0.0026852285276,0.480044776904,-0.65307050961,0.174695748113,1.40761003913,0.664131162802,-0.581426425042,-0.201102447377,-0.0255829208003,-1.32952719911,-1.18526710569,-1.323189268,-1.32046796571,-1.27436253128,-2.82527692005,-0.738318218026,0.150097915015,-0.231211126217,0.133727316274,-0.262692891697,-0.0790915171876,-0.509793174615,0.0739738234002,-0.265332673133,0.720649257187,-0.135811370371,0.0352213313469,0.0316865105733,-1.40734017955,-0.0691406841643,-0.331604226968,-0.682056094881,-0.792118840761,-0.129706997594,-0.342259422161,-1.0634002797,0.418095766699,0.193364363598,-0.0514968272764,0.954595641782,-0.520222709687,0.093435993227,-0.495171587939,0.819599280403,-0.746580671181,-0.526925885092,-1.23711617855,-0.437810106602,0.810367400476,-1.8482333561,0.901191422809,-0.537771247303,-0.20504435671,-0.685725585525,-0.266483298649,-0.102385463813,-0.214657641019,0.379937489498,-0.252956130213,0.06014321341,-0.241154403249,0.0146736952661,-2.22088407763,-0.216856354005,-0.664431739864,-2.00652585784,-0.0624473649369,-0.955110496634,-1.28402579303,-0.172258961469,-2.10976171359,-1.63819677103,-0.189683041715,-0.2859486675,1.27909616397,-0.371994689274,-0.0185003481358,-0.282249873507,-1.08323319971,-1.01403277043,-1.43472471192,-1.00790372019,-0.146601007764,-0.577487042093,-0.622579311712,0.858749723283,-1.39396659991,-1.55183437467,-1.49503485363,0.780165215373,0.31480973531,0.559803031459,-0.555661609695,-1.28505220476,-1.34546013853,0.823448562651,0.556375670257,0.531708009717,-0.299315767599,-0.751635683785,-0.690147173511,-0.363938254205,0.941831767961,-0.0594210539147,-1.34379536376,-1.27528417982,-1.2446561983,-1.13459938507,-1.617842993,0.0365548354893,-1.5574920709,-1.27521117089,-1.15407181675,0.758009887661,-1.05229052464,-0.637910630882,-0.634351364633,-0.601997665042,-0.022564337366,-0.168122741141,-0.264016630127,-0.347793547393,-2.2801990064,-2.56871836608,0.724823020827,0.808257766762,1.33162907747,0.506063038924,0.352276328826,-0.835392520058,-0.780830787892,-0.374320464659,-0.732399226111,0.563469594258,0.398783302194,-1.41954266116,-0.0216398630033,-1.66428364231,-1.64220228763,-1.66668998669,-0.200976689011,1.04672492066,-1.1851167374,-0.887003136402,0.4109390435,0.411104717192,-0.378467611482,-0.189879698478,1.59277299762,2.43706652068,-0.741349374528,0.298362206379,-0.794673829004,0.275271290612,0.548313360294,-0.712283130313,-0.712283130313,0.712283130313,0.709136514562,0.313429692408,-0.642549807428,-0.646102258342,-0.639462462775,0.377092462225,-0.412185632597,-0.549165150464,0.248537659465,0.586255920492,0.988597202434,0.794354631559,-0.726916823816,-0.50998280925,-0.953632745527,-0.903645332914,0.719215652315,0.35738820936,-1.32339582871,-1.31857736311,-1.32558607205,-1.32021405334,-0.473695086269,-1.30640778888,-1.29337582612,-0.717943990071,-1.56605087797,-1.17696249494,-1.2846387148,-0.823767295322,-0.488575950653,1.37734747207,0.66961656359,-1.33443879573,2.02034683397,-0.530725083628,0.0661988676493,-0.306766615934,-0.962926220885,-0.393537734506,26882690000.0,01030330,-0.00154038
199,601727.XSHG,601727,2011-05-31,-0.308256937302,0.11916682952,0.201934867836,-1.25081657071,-1.33834796023,2.72874035613,-0.38254306665,0.286296063701,0.266727643487,-0.363649423125,-0.631838935039,1.85888371519,0.463403322063,0.703358104704,-0.518259054243,-0.396023593856,0.0330005313598,0.141601235909,0.0936108724157,-0.0916658919223,1.43897472537,-1.56651603512,0.392470020781,0.584223419611,-2.11987511934,-0.227391198059,-0.010934754416,-0.279118681094,0.0545969628021,-1.15803727119,-1.1345387254,-1.16673976127,-1.15754862575,-1.16357051426,-0.110673581275,-0.121487500028,-0.584223419611,-0.0229854767811,0.847715161137,0.827320298775,-0.880117134862,-0.161820678773,-0.690428356121,0.135193576521,-0.328646571814,-0.147015295355,-1.76609539462,-0.628611998311,-0.0930425519533,-0.378083669651,-2.31112858571,2.58743827803,1.31736819016,-0.472808301682,-0.202407140748,-0.501868757095,-1.1530066091,-1.10328223721,-1.15609258189,-1.15851323961,-1.18611294772,0.0343840898296,-0.486637854899,-0.288609455876,-0.167163849649,0.138149341797,0.00242804358235,-0.00120382703072,-0.703358104704,0.0933384490125,0.00246372688012,-0.755390474021,-0.122836951134,-0.00657613465021,-0.00652837655028,-0.614258154235,-0.047512240237,0.00765803614665,-0.44391814013,-0.00747142882136,-0.148943872039,-0.456261997562,-0.302625819028,-0.315125365374,-0.272883199793,-0.187527647311,-0.332862279247,-0.107453374159,-0.222603023681,0.0523811363682,0.0676204450505,-0.39588995827,-0.726434856385,-1.6996844565,0.328646571814,0.636370341717,-0.39905021465,-0.264905799323,-0.882967086702,-0.156069660839,-0.198512924741,-0.139445336477,-0.0664871711146,-0.345904445283,-1.12770574437,-0.509133100549,-1.27777637721,-0.345883743564,-0.972820140846,-0.302522029014,-1.77586118983,-0.844250671359,-1.82625665276,-0.311248537999,0.0804526668867,1.01505708121,0.230904518532,-0.315630473987,0.26482712749,-0.392376638672,-0.332661809218,1.35385540529,0.747273718276,0.379308384286,0.372092978594,0.0465711957542,-0.0751135385506,-0.807967812828,-1.15320668681,-1.50846659181,-0.186145833011,-0.619261797856,0.368381060895,-0.336676012456,-1.4787948682,-1.35889573023,-1.08588477585,-0.348323401896,-0.582264270244,0.0134151236554,-1.11420660148,-1.18267179323,-0.759237409767,-1.22515294931,-0.842448982682,-0.574518338005,-1.50239598689,-0.930431651497,-1.31230197587,-0.882800342675,0.0640293136075,-1.29925671608,-1.00271315246,-1.11597538853,-1.25494785914,-0.477193074978,-0.0669484539956,-1.25351022322,-0.926331274133,-0.0124356777052,-0.26331275966,-0.944595191311,0.655939922541,0.657155094914,0.652114969753,-0.510078613005,-0.400905293442,-0.62181945067,-0.516784630186,-0.00286717379186,0.0567877968962,-0.222995108268,-0.230447909515,-0.228540737767,-0.188718256944,0.154810448276,-0.0512919216943,-0.36631035936,0.0637076940831,1.59038841995,-0.491276017643,-0.528297388171,-0.0440462780035,-0.510730224757,0.403516445622,0.40869693894,0.410424942559,-0.0180319114557,0.380772867673,-0.43335310925,-0.188305140289,0.394233970737,0.391812368703,-0.909614328221,0.909919427124,-0.0303386652055,-0.863845734158,0.18972166789,0.298362206379,0.456241308835,0.672464740927,0.764768803094,-0.888944818232,-0.888944818232,0.888944818232,0.595397757452,0.398685433959,0.923532482127,0.928751037429,0.927244369414,0.0111401022814,0.281761580954,-2.14711900824,0.359763225441,0.56332594174,0.37551937906,0.671728371426,-1.08861731969,-0.601163158693,-0.0447653905408,-1.1812357293,0.012588385432,0.375303590248,-1.15928552538,-1.17114146434,-0.760152437384,-1.15870538715,0.48597566925,-1.15695051711,-1.1591532462,0.492123575048,-0.0797112991531,0.543786865413,-0.667191920332,-0.154694068953,0.962789569092,1.06754926748,0.262771905566,-1.60123518624,-0.156193341448,-0.507298348153,-0.123362457491,0.042462286089,-1.58081058009,-0.532679156707,89765386620.0,01030330,-0.01142857
216,600151.XSHG,600151,2011-05-31,-0.919595264654,2.03621118912,0.573893148275,0.0416859565755,0.159340411805,0.704525029305,3.09042657074,-0.218815764553,-2.74461539836,-0.346822918095,-0.546216277473,-0.441332981255,0.0296177147828,-2.30501991713,0.000531894664551,-0.618182333916,-0.0988245526022,-0.112217445501,-0.132096698276,2.51456552925,1.05594412503,1.48862855777,0.181899677787,0.430544102522,-0.0437066094447,-0.238899052155,0.489520982576,0.140291832148,0.121059685475,-0.524400258972,-0.401719543322,-0.504164045681,-0.530134916985,-0.444894554438,-0.125571886371,-0.861476145587,-0.430544102522,-0.750269837528,-0.488394182844,-0.511650578653,1.3501914416,-0.199794236035,2.65520779586,-1.09096239607,-1.54366888006,0.210364543503,0.476964473912,0.205957028067,-0.805314549288,0.533182983723,0.185785045244,0.489911494367,0.818910106037,3.8351781498,7.10580171436,3.20568961563,-0.524280372237,-0.391158351,-0.504380192026,-0.541663683287,-0.42244981615,-0.31665339879,0.588409795548,2.65275473234,-0.0542227264951,0.136469055724,-0.118081472454,0.049838949906,2.30501991713,0.107336542726,-0.118044653126,-0.796969057999,-0.1255409257,0.0746303707156,0.0746782585873,0.946129796657,-0.19957554717,-1.69803812765,-0.321783953694,-0.112919323212,-0.12462121183,-0.0524921878222,-0.302625819028,-0.468607664974,-0.607244002224,-0.402909779033,0.573216597251,-0.52385944392,-0.43458041307,-0.0982310525801,-0.479660937956,0.0945289599985,0.282482661308,-0.875627635407,1.54366888006,0.204723792103,-0.0115274386738,-0.57488101027,-0.0303977797348,-0.0792347457598,-1.01328240516,-0.198729718824,-0.0760713769302,-0.214657641019,-0.399877976294,-0.295067413008,-0.264594551304,-0.258203365626,-0.0801703454904,-0.516464461311,-0.287349472515,-0.486819175626,-1.9163912553,-4.54317090275e-16,4.07119712321e-17,-0.0822324724022,0.0,1.52005937989e-16,0.0,6.55028666239e-17,8.70167877324e-17,-0.114406478834,-1.54744259218,-1.64817090414,-2.41510787234,0.111867502298,-0.0751135385506,-0.28050815502,-0.44894546122,-0.270007094242,-0.476559433698,0.0352437368147,0.298094885953,-0.673898864334,-0.61619829668,-0.651102877627,0.132822083398,-0.189884399789,0.588003400285,-0.673701388397,-0.512977338329,-0.493546154296,0.578852469922,0.283858559532,0.258065655636,-0.270429742613,-0.643724185717,-0.470633964995,-0.592220275288,0.394920192721,-0.29434673615,-0.337661039579,-0.626614768273,-0.288339797854,-0.180278319291,-0.20931635884,-0.646566875112,-0.424480310972,-0.472935552682,-0.224139230194,-0.358181480742,-0.427189350771,1.58802327609,1.58776872231,1.58124287552,0.0140917821437,-0.165536713454,-0.0877396772991,-0.374762729827,-0.954642505006,-1.09428676037,0.101802610539,0.1361964971,0.372350454729,-0.0119711579917,0.0990010986088,0.483825271265,-0.82266023933,-0.390457423592,-0.904868058837,0.542683933192,0.0463025756638,-0.632386421866,0.0140239000207,0.673669428082,0.679782110165,0.675701740232,-0.395054912133,0.462057993971,-0.537963942344,-0.121864640484,0.367299501527,0.376334891384,-0.593116687875,-0.303649984047,0.509508011279,0.784801541882,-0.857733254831,0.298362206379,-0.951038221234,-0.367289337671,-0.251784173568,-0.702468592095,-0.702468592095,0.702468592095,-0.167980594948,-0.134219787895,1.06513459218,1.06935296598,1.07259634666,-0.436135004316,-0.634248740934,-0.477508219249,-0.137943095039,-0.0727686540329,0.650428914131,-0.118175849697,-0.054955273848,0.487966767297,0.104660826846,0.862302082389,0.267841177192,-0.117632845651,-0.520608992084,-0.492291633739,-0.542485507225,-0.521877113184,-0.090616636535,-0.536671405907,-0.518923563839,-0.118990949045,-0.486677733356,-0.295871218645,-0.46889572819,-0.307437736637,-0.199968255046,0.488525764114,0.126410764557,-0.467350526541,-0.645230341168,-0.0115884232516,-0.275585945861,-0.344752917557,-0.345041861683,0.346462722433,10522647282.7,01030330,0.05104831
223,600243.XSHG,600243,2011-05-31,-0.440982306366,0.290104434695,1.14850456082,-0.0317867007546,0.232915654879,-0.661273499785,0.634031879924,-0.218815764553,-0.084084283449,-0.624762886059,-0.374614201266,-0.701734871419,-0.590076009904,0.164624942639,-0.304662034218,0.368721895227,-1.06295702942,-1.49080126414,-1.60810541714,-0.81029141653,-1.59960307839,1.38855726464,-0.415750624021,-0.086157223439,1.66607922223,-1.03129700559,0.0272097377328,-0.605195587164,0.0561143765617,-0.779905967034,-0.767403659673,-0.763012957892,-0.796763062484,-0.736102880707,-1.05094886902,-0.327499384641,0.086157223439,-0.373475001816,-0.66486145469,-0.348873726887,0.121732706972,-0.355759973205,0.047108047989,-0.419830693121,-0.0233203868056,-0.479378545493,1.70045167493,0.08010931774,0.180077099021,-0.531512575107,0.0580150541229,-1.05087099676,-1.04316485646,1.4791232681,0.00056587087017,1.33256548634,-0.76967519193,-0.754084275481,-0.762571671739,-0.792167322591,-0.692208622169,0.71457317229,1.61509724237,0.984316854124,-0.234003752286,0.144711596612,-0.589407579616,-0.101996332051,-0.164624942639,0.127991226493,-0.589366317149,-0.176755180332,-0.202766284007,-0.946422012928,-0.946375756746,-0.783110285861,-0.00895989861141,-0.156576807685,-0.506729523587,0.311001595725,-0.0780656947463,-0.357152941939,-0.302625819028,0.0426256532873,-1.17008468632,0.178055181533,-0.25027063903,-0.649326774984,-0.525152570354,-0.559920753281,-0.586274194386,-0.777488514846,0.234392550964,-0.10051983844,0.0233203868056,-0.288108536416,-0.506112205303,-0.176341453339,-1.0959199536,-0.171618143654,-0.16528252275,-0.660300981381,-0.0488342304555,0.450182728123,4.03207325429,1.12618838132,2.15145441817,0.192376354335,3.04968299948,0.668357504765,-0.216856354005,-3.82743707841e-17,-0.20383380705,-4.54317090275e-16,4.07119712321e-17,-1.16022488296e-17,0.0,1.52005937989e-16,0.0,6.55028666239e-17,8.70167877324e-17,0.04256388959,-0.121347709977,0.402369760078,-0.357174627564,-0.168283884939,-1.32700584773,0.179994188715,-0.0555802227612,0.606298303996,-0.440899222649,-0.521907529987,0.0357476515754,0.608080229841,-0.19987310975,-0.289371106094,-0.878258924436,-0.745828046945,-0.636187948473,-0.980136062999,-0.798605366015,-0.726976645827,-0.339760207594,-0.0308803618782,-0.485316795208,-0.388416808086,-0.980052091132,-0.41098942098,-1.16262411019,-0.0949121484712,0.178314811704,-0.220605945813,0.227165375396,0.0653566355461,-0.173021124874,0.43080520061,-1.21677590627,-0.639605926255,-0.288421789875,0.552523790622,-1.30666748537,0.492903388289,-0.0757258068865,-0.0753336537829,-0.087753970121,0.0202210237901,-0.299973502191,0.0436889294709,-0.217965986915,-0.239287412436,-0.751652346379,0.0244890387646,0.0798614371281,0.242940702618,-0.185165372554,-1.20297462388,0.102256613838,2.22051097954,-0.88730038452,-0.832464237715,0.685687542732,0.361657490984,0.217413548059,0.020875689702,0.311196789017,0.305899954629,0.314615069813,-0.280951264912,0.413779580798,-0.0824660483978,-0.141121692889,0.332816864534,0.345143151639,0.568731628249,-0.311509659915,-1.41114191313,-1.03339474609,-0.741349374528,0.298362206379,-0.794673829004,-0.00165528104631,0.010298012507,0.119687724756,0.119687724756,-0.119687724756,-0.2899175889,0.130414033879,-0.0975801718342,-0.0968660196408,-0.0938183615214,-1.00539423089,-0.412185632597,-0.257745037512,0.175510772712,-0.172981153767,0.0444455303718,-0.211339956422,-0.558145473139,1.14989778372,0.557982150364,-0.689546356978,0.277521002765,0.98047461818,-0.775499019058,-0.755097466407,-0.474576284351,-0.779798913376,0.857206331879,-0.815402434779,-0.813145915677,0.863048808577,0.336886597055,-0.172797330248,0.701000229771,1.03268832124,0.862486566684,0.232366316365,-0.258453291634,-0.367301880097,-0.632125558581,0.115901094595,-1.00510983352,-0.954984472671,0.890726856721,0.209350829127,2179020000.0,01030330,0.04130435
228,600320.XSHG,600320,2011-05-31,-0.96870612501,2.54779343288,-0.639460414813,-0.33373667225,0.857806286687,2.08863362663,2.28803317758,6.29316515853,1.97683211947,-0.598252061588,0.00319577524721,-0.701734871419,0.525372694532,-1.09422390339,-0.820354567604,-0.398480325579,-0.0186955799978,0.0271339874299,0.0163951245474,-0.825262781626,0.47251349409,-1.56194656968,0.196693002089,0.721566746301,-0.959663304985,-1.00334935993,0.787810911179,-1.57397480085,-0.197900686804,-1.25031204014,-1.27013517955,-1.26815583508,-1.23283243862,-1.2740719466,-0.998083915454,-0.825053276198,-0.721566746301,-0.579454375394,-2.25726850302,0.449257933384,-0.51038683609,-0.301563118557,1.64304802611,-1.01629595521,-2.33274231292,-0.290477773525,-1.5876701778,0.364922556901,1.98869510098,-0.954306266051,0.206541016246,1.50007460089,1.32065698576,1.28424957619,1.16534641015,2.57597836988,-1.25224946679,-1.25321201227,-1.27093988614,-1.2417596279,-1.26801646118,-0.460112137321,-0.0703190169063,4.66270942544,-0.273833009336,0.116814547037,-1.52268683158,-0.244275242858,1.09422390339,0.00556773329324,-1.5226367712,-1.66318955753,-0.561305935179,-1.43604947175,-1.43600399802,-2.2956817039,-0.0374269591773,0.843378770043,-0.659583540056,-0.0566636518731,-0.210017108344,-0.397698927393,0.459061936318,-0.817124789187,0.668899727056,0.930475654851,0.930303982895,-1.20574711274,-0.174426344274,-1.12506835948,-0.0510756471082,1.40697115253,-0.466488313984,-1.35312536571,2.33274231292,1.08474737775,-1.39036159106,-0.560120285939,2.95435263403,-0.208160103266,-0.956565854391,-1.50086883108,-0.295153371489,-0.309327467046,-0.887262642414,-0.460003270622,-1.14788127132,-0.319092516972,-0.783132059333,-0.286219241184,-0.216856354005,2.96062966439,1.59885824374,-1.18860004301,-1.67912462909,-1.64978897757,0.0111102370151,-0.211575243363,-1.47028289763,-0.025250774295,-0.306797150213,0.897848071599,1.94216836958,2.65854102512,-1.8381872661,-1.88870073733,-3.20484431149,-0.354753340014,-0.675408643427,1.00975067781,-0.389843274726,1.05955653593,0.914324838353,-0.314625363742,-1.45797860885,-1.36444576644,1.17667509905,1.17035072269,1.08889339726,0.450659463969,-1.19625888817,-1.32408233256,1.27389285223,0.995534935327,2.54896236744,0.363453928486,0.0638266809418,-0.205126627862,0.0827061379721,0.960024528871,1.10618370308,-1.30590614798,-1.00122414533,-1.05761196115,-1.4127918377,0.516087540996,1.32752313707,-1.46806705749,-0.755224573177,1.42088616663,0.555797661389,-0.279693568174,2.65093672305,2.64845862974,2.62632491836,-0.278392374755,-0.261785697811,-0.382229921873,-0.525626609239,-0.807762058326,-0.913449105807,0.274141451507,0.30399306697,0.489055820774,0.190693458154,0.11584638026,0.0862847509947,-0.00274008972235,-0.235016495205,-0.267966340693,0.699291911848,0.0869193935947,-0.698140124937,-0.278624405655,0.331791242942,0.34412849137,0.334620488638,0.56156311918,1.09248957754,-0.786182546313,-1.00756675083,0.411353106661,0.410477048733,0.995736099729,-1.48214042082,-0.696994635318,-0.111077693674,-0.857733254831,0.298362206379,-0.951038221234,0.643179898133,0.918215886132,1.61527235624,1.61527235624,-1.61527235624,1.14288920634,0.660363723359,1.99427956519,2.00126730467,1.99738941919,0.98701306213,0.531582577833,-0.397782909275,0.566485489477,0.835937911356,1.00396848827,0.997404607755,-0.182283511513,-1.24754054319,-0.84747709779,-0.23624714586,0.791498697632,0.810476095858,-1.25511382594,-1.27304952597,-1.17153936122,-1.25189628437,-1.30304018363,-1.21662423631,-1.20561807599,-1.07366736977,0.456896491431,1.1907901524,-0.469964081467,1.46413279225,-0.0835789220631,1.47671670751,1.03087182522,-0.422884461455,-0.113478833881,-0.514032128662,0.787106331439,0.707835246785,-1.58081058009,-0.539130928172,29546682550.3,01030330,-0.01188707
239,600405.XSHG,600405,2011-05-31,1.88445639451,-0.611830088944,0.566197459714,0.958827046164,-0.205851396411,-1.06989457018,8.74225338454e-16,-0.218815764553,-0.924208354337,-0.386649681797,0.00141196988124,0.0939375707479,-0.528106637435,1.36932975228,-0.377281148007,0.134045522105,-0.28493055349,-0.420781332707,-0.2805885211,1.3637935743,0.89601897746,0.405893721867,-0.491882122259,-0.20716455973,-0.547482791992,-0.806071861148,0.835110081444,-0.116080228059,0.438138464692,-0.775334294325,-0.654528773512,-0.743529539769,-0.800343377234,-0.688560182575,-0.790709120329,0.810794809686,0.20716455973,-0.182913650948,-0.030419596385,-0.453891050607,-0.397082389692,-0.0800454732699,-1.02507419388,1.09898307707,1.67544916929,-0.118935450873,0.527943107287,-0.731277235682,0.482681933047,-0.653982194119,0.0748306657387,-1.14049802171,-0.939670569716,-0.634138161378,1.37952440083e-16,-1.85148284929e-16,-0.765520475139,-0.646813293778,-0.739725042231,-0.79973074005,-0.669409239877,0.0911223286886,0.0135290896562,0.0,-0.143815664481,0.138225799891,0.00644502745022,-0.125710935086,-1.36932975228,0.0946587643951,0.00648067288032,2.99707672997,-0.123772569039,0.168973222538,0.169021261174,-0.126006525837,-0.0867143943132,-0.888125726351,-0.309015071751,-0.160481541339,-0.138623134465,-0.271956576523,0.459061936318,0.0542304125253,-0.878447764197,-0.964036911678,-0.709382992,0.0743833375271,-0.324737584023,0.0178951678707,-0.478239427871,-0.910329558992,-0.32904157969,-0.205026004939,-1.67544916929,-0.382755288158,0.225462980761,0.0893515846157,-0.752618712659,-0.138917929795,0.155028570135,-0.0409909157941,-0.0719061279246,-0.218960814929,0.0550143787511,-0.266993224478,0.521270839303,-0.209492044549,0.215519899221,-0.297721400096,1.6369378865,-3.82743707841e-17,2.66852029479e-17,-4.54317090275e-16,4.07119712321e-17,-0.0822324724022,0.0,1.52005937989e-16,0.0,6.55028666239e-17,8.70167877324e-17,-0.445895204801,-0.979165389122,-1.73080750073,-0.959070151825,0.154218371481,-0.0751135385506,-0.373428509245,-0.873727557325,-1.66339621325,0.281647710462,-0.196652218638,-0.118718477077,-1.68328631838,-0.815596149367,-0.86983959868,-1.28579751361,-1.28681157642,-0.86674501793,-1.24908494025,-0.770111486495,-0.709007505772,-0.624303283307,-0.901700005475,-0.591413914308,-1.23656594935,-1.21016451516,-0.867019727984,-0.937641793244,-1.81293290959,-1.12268712257,-0.0680453948809,-1.17928458126,-0.47186816588,-0.497175808813,-0.0978699857242,-0.921321061745,-0.626713556831,-1.07373488232,-1.81379929731,-0.548019526003,-0.505619647867,0.040445727696,0.0407419213314,0.036794002099,-0.659378984152,-0.5361952838,-0.678625447413,-0.495656605333,-0.101514303397,-0.125824896775,-0.590398231776,-0.589296904874,-0.523788698498,-0.561467038713,-0.0138068877647,-4.16322836606,-1.935386549,-0.642389840497,0.0068095947192,-0.686032886337,-0.707364222081,0.194644106962,-0.659379061068,0.334150179966,0.329604311195,0.336704603946,-0.784871253898,-0.684929490722,0.237108200345,0.0460152045064,0.243026249939,0.211494871897,-1.01969584097,1.20232300753,0.920033834595,0.108084119251,-0.857733254831,0.298362206379,-0.951038221234,-0.259816807808,-0.28763375757,-1.33814868281,-1.33814868281,1.33814868281,-0.0924060438277,-0.147519683577,0.0607207867048,0.0618078497682,0.0612689408798,-0.985063544231,-0.967343403439,-1.80478513642,-0.143560547866,-0.0591805184757,-0.200903839638,0.0211721731827,-0.731810859775,0.519149169455,1.08616489644,0.871161350358,-0.631856523689,-0.0497915136128,-0.767531733615,-0.730506908383,0.0876405976527,-0.772687770137,1.46934199898,-0.813880399246,-0.8250050711,1.27653923284,-0.247182159027,-0.77169697053,0.381329281429,-1.5762980095,-1.14149172104,0.110991437096,-0.504310393631,-0.650773045023,-0.668097703804,1.43970753717,-0.702098927425,-1.7980352958,0.478597989133,0.524016458144,1988259322.0,01030330,0.0636663
240,600406.XSHG,600406,2011-05-31,0.824686966166,-0.451165893504,0.0300644899776,-0.281623483979,0.683277658515,0.0817341561976,-0.760904229957,-0.218815764553,0.659006701266,0.825100788286,3.05207590677,-0.484733296282,-0.342198520029,1.37271375456,-0.412912926506,0.447103335901,0.0330005313598,0.15155490969,0.0668823443074,0.0762561760464,-0.214572325083,0.303309222749,-0.665288748104,-0.612539136304,-0.318493618107,-0.345757697327,0.867151454849,1.4694096558,0.29483390923,3.0410441119,2.75010148945,3.01849065069,3.07420520302,2.87151740735,-0.265423718077,1.74947895561,0.612539136304,-0.279141047075,-0.450579767448,-0.191347741307,-0.856263567199,0.220418024419,-1.21665276931,1.08727452965,1.58498215151,-1.33249527511,0.706368324102,-0.62530021646,0.40619262711,-0.626555685146,0.214513847317,1.66954404108,2.02815914063,-0.634138161378,-0.303986838941,-0.859416667815,2.9790081826,2.75139639605,3.059187332,3.04420946268,2.75393979406,-0.044827283874,-1.49801069739,-0.694919974762,0.277870871948,0.142491325253,1.68152730035,-0.0450325233308,-1.37271375456,0.114193930744,1.68154715496,0.0761812055325,-0.103918834754,1.37990552314,1.3799554969,0.53408576749,-0.00455268354064,0.444053478327,1.6598821714,0.285006050267,-0.111140446146,1.35967604764,-0.302625819028,0.349590252487,0.524010046003,0.220564812794,1.23880805076,2.08186063454,1.45394541967,1.66970267937,0.835946646389,-0.68703927396,0.823496402679,2.51605024599,-1.58498215151,0.0909564844524,1.22235521608,0.620737660524,2.66675258782,0.000806665775106,0.0663308806076,1.9048072048,-0.0340560923075,-0.309327467046,-1.01723188671,-0.44245690279,-1.21282882427,-0.326399215133,-0.844501732764,-0.116262180067,0.503222112768,-0.548597458839,-1.58589771266,-0.723734693338,0.611435478777,1.48532403276,-0.994222054676,-0.230195653054,-0.0710006193074,-0.220038406475,0.074118736955,-1.36704444186,-0.0954187121185,-0.59503474295,0.854108896363,0.514058642526,1.17677877063,1.53143875237,0.019034814151,0.74803202708,-0.593409128946,1.20900098209,-1.56285418781,-0.289533246241,1.73421302181,1.06581714628,1.14718378211,0.447401801424,0.998337821009,1.05142653983,3.0592137628,3.03704619438,1.39753434754,0.891707399688,3.94191243819,0.384764652056,0.342236591458,-0.250174688085,1.04653465558,1.19287858913,0.156482934766,1.65547480942,0.815736804735,2.0300242994,1.83661696231,0.522346083965,0.499496821186,1.78611865993,1.06524702397,-0.0138996241837,0.821691648472,0.259953699901,-0.311352581948,-0.313731904941,-0.305279845718,0.452288262978,0.0960935999179,0.40799832924,-0.158354591982,0.0608041756754,-0.0475740910896,-0.361250299722,-0.354340141245,-0.32123272077,-0.384896824427,-0.307934467762,-0.223381483889,-1.31517844197,-0.68627136763,-1.16416458244,0.00839488523316,-0.320498677986,0.261730655365,0.452728505281,0.75478233207,0.756764444203,0.754835478005,-0.359840835936,0.543982068359,0.0546529052439,-0.887464383166,0.0200837835224,0.271051964076,-0.510999859131,-1.15962187183,0.238014948323,-0.570121785984,0.655257189099,-0.396758253163,0.612605701065,-0.200962803359,-0.711310659411,-0.944057225146,-0.944057225146,0.944057225146,-0.723670280678,-2.09964881645,0.0687490792461,0.0682932970968,0.0695385362073,0.458415208879,0.0596984726179,0.0203994451405,-2.28605705612,-1.95387617024,1.36696731522,-1.18836866541,0.735546074744,0.0685071045274,-0.745659630558,-1.20190735456,1.46740303987,-1.67258252212,3.03726515083,2.99528498044,0.2406150576,3.05445650474,-0.829128699424,3.08886686476,3.16611133131,-1.04934440363,0.198173201522,0.309440188118,0.00256120497848,-0.070665541196,-1.44968688976,-0.24814754703,-0.116393476075,-1.14545801911,2.37514191831,-0.497155447437,-0.0529949958856,0.113533431062,0.272842497519,0.827052575613,35134503800.1,01030330,0.08520179
246,600566.XSHG,600566,2011-05-31,0.317227709174,-0.29745629304,0.730372149012,1.24736109833,-0.249083000555,-1.18240621122,-0.499870461723,-0.218815764553,0.985767692312,-0.482161282287,0.0,-0.571533926337,-0.775984127309,-1.84141160555,-0.79479263955,-0.600400275733,2.24196144972e-17,4.31671789495e-17,-5.15184502086e-17,-8.98462391332e-16,-1.0960035867e-15,0.0,-0.742502684705,-0.823091901449,-3.17786316546e-15,-0.707433111758,2.64680584039e-17,-0.0463753821966,0.0485880043139,2.81976461246e-16,-2.65711736058e-16,-8.26002459122e-16,5.75558062747e-16,-5.28656006192e-16,-0.67416592724,-0.275966591269,0.823091901449,-0.979781982612,-0.790909506009,-0.553657508141,2.39974841876,-0.374586777326,0.39326504479,-0.967561571646,1.05474490841,-2.26726471793e-15,-8.84338320899e-16,-0.317304504344,0.64276576951,-0.705264447737,0.173237303405,-1.42464308771,-1.19229118225,-0.269947983055,0.38793554563,-0.333767873697,0.0,0.0,0.0,2.88931792074e-16,0.0,4.18934901708e-17,1.38092396721e-15,-0.376350930054,-0.245311598828,0.137832757503,-0.353744526035,0.125166664556,1.84141160555,0.0927498084044,-0.353705485137,0.84538500912,-0.122899066846,-0.303935249887,-0.303887966981,-0.678885186915,-0.0388752496576,0.233363635812,-0.50620454303,0.0434100567427,-0.0188294003782,0.254507467577,1.01396077165e-15,-0.513529313637,-2.06230589662e-15,-1.57317237981e-15,-5.39383180061e-15,-0.692967585788,-0.677390877279,-0.629596485552,-0.768938240403,-1.14203555872e-15,-2.25467684801e-16,-4.07582502097e-16,-1.05474490841,1.15931754579,-0.577396365324,0.133633757608,2.10342683263e-16,-0.182568631551,-1.1556984137,-0.475037286548,-0.0709233679607,-7.46481680342e-17,0.0,1.2175238478e-16,-4.50664179188e-16,0.0,1.93562569479e-16,1.01098162552e-16,-5.17441872717e-15,-3.82743707841e-17,2.66852029479e-17,-4.54317090275e-16,4.07119712321e-17,-1.16022488296e-17,0.0,1.52005937989e-16,0.0,6.55028666239e-17,8.70167877324e-17,-0.366809062057,0.194121763966,1.02118334385,0.0574090115533,-0.139343693673,-0.0751135385506,-2.52848815484e-16,7.26660806695e-16,2.71303521954e-16,2.92182932621e-16,0.0,-2.26841074807e-16,4.22088584651e-16,1.216352127e-15,-3.62457528425e-16,3.09982855273e-16,-4.38523223777e-16,5.28863154962e-17,-2.52323427459e-16,0.0,4.98354486095e-16,4.18674512499e-16,0.0,-1.37153711019e-16,0.0,0.0,0.0,0.0,0.0,0.0,-2.78579336011e-16,5.51043333089e-16,1.9516994239e-16,0.0,1.57414592673e-15,2.61163034342e-16,-5.61310014743e-16,3.28946491895e-16,0.0,0.0,2.59925736309e-15,3.09305960102e-16,-1.5463730668e-16,-1.53397570901e-16,0.0,2.4225223308e-16,-2.54231652655e-16,0.0,1.15393008232e-16,0.0,0.0,0.0,-1.22519175951e-16,1.23876865183e-16,-2.20109945273e-17,0.0,-6.98346166819e-16,1.78862388197e-17,1.32980094449e-16,0.0,-1.39967751251e-16,-6.16564823511e-17,1.07872985184e-16,-1.8207623776e-16,0.0,0.0,1.43832524937e-16,-2.98684159987e-16,-9.47899249349e-17,-1.24142249124e-16,-1.80866539556e-16,-2.00292783088e-16,-8.09482743447e-16,-1.67958965212e-15,5.79405970123e-16,-7.00417551074e-16,-2.06739301771e-16,0.0,0.0,-1.57828673504e-16,3.01522981683e-16,-2.09544736641e-16,-8.38178946565e-16,-8.38178946565e-16,-6.27715262314e-16,1.26203849668e-16,0.0,0.0,0.0,-3.52681194379e-16,0.0,1.01647658098e-15,0.0,-2.35716577459e-16,0.0,-2.21010547767e-16,1.84969239308e-16,-6.67362329433e-16,0.0,-1.63929388022e-15,4.67250662014e-16,2.92501005244e-16,5.60504633213e-16,-5.45338401138e-16,-1.98406270576e-16,1.12785070786e-15,-8.76912402334e-15,2.93878068311e-16,2.92584608964e-16,6.75097925702e-15,0.0,0.0,1.09067623588e-16,-6.76247140045e-16,0.0,-3.81737069619e-16,0.0,3.85681634948e-16,2.28783982084e-16,-8.80587375085e-17,1.59435869507e-15,0.0,6.85989442142e-16,-0.37186231525,1487036304.0,01030330,0.0
255,600710.XSHG,600710,2011-05-31,1.09605421416,-0.506112787314,-1.17302815503,0.055267562645,0.147337879316,-0.0956498080597,0.269450779797,-0.218815764553,-0.609887502544,-0.455166241844,0.360670370588,-0.0362633743339,-0.187275088857,-0.862081347377,0.483303763132,-0.24288731648,0.157071198618,0.450165123114,-0.0340920952127,0.324295278853,0.606771642664,-0.409755859095,-0.463161424345,-0.156341478488,0.170016619515,1.21602250135,-0.912670548813,0.720377922294,0.347639908066,-0.548179306603,-0.653032949417,-0.556801824475,-0.555618333735,-0.609500916481,1.58004375187,0.0402284495416,0.156341478488,-0.239446400886,1.6250114776,0.795815101659,-0.570020755247,-0.29210893868,-0.510360939733,0.142123695284,-0.924221105533,0.710185775277,-0.873969310542,0.765648160836,-0.494390306724,-0.0121183130872,0.297256277084,-0.192075802463,0.10256931298,-0.143759280917,0.196269876563,0.821592166166,-0.534016519888,-0.677757937098,-0.534458516762,-0.565736495843,-0.613906539802,0.608978446765,1.16066032828,0.366076928377,-0.129532068849,0.147208431231,1.11781056423,-0.174380945609,0.862081347377,0.135992887843,1.11783573294,-0.0243003724136,-0.0951314026948,1.0491084351,1.04915788024,0.473941534764,-0.0997106433249,-0.692920883397,-0.424087422948,-0.208385543752,-0.162592287786,-0.319473996767,1.21983639699,-0.37863958529,-0.152141798915,-0.237122217116,-0.991166235093,1.27632400177,0.170518680278,0.960980836986,-0.0986962349802,0.498733799526,0.41050633344,1.03558701143,0.924221105533,-1.94538271971,2.11384463501,-0.633923907593,-0.466155425518,-0.104644717676,0.0605842697368,0.723354156606,-0.000642253536501,0.125293097895,-0.0164687056132,0.308527640386,0.24199636165,-0.0341312886723,0.109517736023,0.698347918614,-0.215691178492,0.210392877779,0.577332748292,0.900020330856,0.902449262973,0.361908537395,-0.281534210566,0.324035364796,0.96446826665,-0.32694593018,-0.211960067194,-0.172338881269,-0.722036160361,-2.17666076606,0.904058732402,0.299487795854,1.17677877063,1.14928102103,0.185282352534,-1.21180324728,-0.530247131515,0.0438067437833,-0.303424006576,1.34221475856,-0.514673382674,-0.391883539543,-0.329336518802,-0.249749557176,0.316574850333,0.385403778848,-0.522626593104,-0.540481940887,-0.158913124218,-0.678425028185,-0.180124228961,0.221182151742,-0.424206992329,-0.200497650363,-0.764345713304,-0.533950832379,-0.300051832064,-0.8171101723,-0.0181899105377,-0.410692043205,-0.537695144306,0.120924245643,-0.185506767406,-0.191659286677,-0.185313336312,0.0764765486135,-0.718441173419,0.374672641921,1.02644000123,1.02921883515,1.0058996706,0.485331022774,0.049224618215,0.575330301003,0.157386340786,0.496937666834,-0.0792673976571,0.446043701505,0.494457761862,0.48084093884,0.194027238597,-1.7205166083,0.555040989118,1.40562294439,-0.214968139038,-0.821976192284,1.80927915434,0.945033210209,0.24484794782,0.483795618001,1.16977555324,1.1709643751,1.18021280894,-0.119520352718,-0.184174943983,-0.609703793401,0.457691918721,0.365853674424,0.357805517129,0.0825623310279,0.13543996808,-0.610826941551,-1.18280488411,1.12079271031,0.298362206379,1.70715644667,0.716534164548,0.583619768781,0.732718881123,0.732718881123,-0.732718881123,0.171162559019,0.170086372281,0.326372417948,0.32914278686,0.331043058682,-0.476796377643,0.337277358039,-0.573956817821,0.174387282147,0.21682848503,-0.244061680628,0.119910200823,0.098779932309,0.28415407849,1.03114045311,-0.140271742854,-0.111460683605,0.0222652021641,-0.548139513072,-0.566293556483,0.151618233939,-0.549353427796,0.071303120569,-0.568088204567,-0.566162532941,0.321862812117,0.762533060128,0.962005266775,0.237801544635,-0.0184201449876,1.23663569076,0.266922053947,0.12702133683,0.232989998569,-0.445657703747,-0.309983482105,0.0719431502293,0.495847176434,-0.345041861683,-0.319648980111,5241236000.0,01030330,0.00371058
275,600815.XSHG,600815,2011-05-31,0.465489438504,-0.351750610914,-1.64503038676,0.367058008823,-0.0430442109746,0.843217582395,-0.554990714442,-0.218815764553,-0.521977185156,-0.597767845616,0.944688247408,0.368806232587,-0.218259775092,0.979492690285,1.39636808717,-0.345485112705,-0.168614302935,-0.196823672638,-0.17070457221,0.927196197584,1.93158366756,-0.985965451023,0.0680993244966,0.598744299966,0.627994967285,1.87361416395,0.462056948229,-0.165700626809,0.35771553543,-0.177842069458,-0.177435678612,-0.167985958438,-0.153359441236,-0.128211079749,2.36268535989,0.431058562234,-0.598744299966,1.4018967887,1.87710758024,0.969093685797,-0.701215377391,1.6703140616,-1.10236340457,2.48746590408,-0.392727376075,1.61282513971,-0.517118876913,-0.741212581235,-0.756185069138,0.419526314963,0.0428369944599,0.495293029708,0.824562723485,-0.634138161378,-0.244902867698,-0.616604280684,-0.202156556405,-0.150039732423,-0.191866551559,-0.161427102804,-0.0606076450923,-0.572961282279,0.216965857823,-0.450593715897,0.0799606670858,0.149584605422,-0.0230128542474,-0.096858966239,-0.979492690285,0.14857164252,-0.0229769311211,0.758762959166,-0.0856335221851,0.157031089396,0.157079108948,2.78818701137,-0.10957772168,-0.625349976221,-0.490167233746,-0.140167703261,-0.163762603531,-0.53441147976,0.459061936318,-0.271950669714,1.12957461041,-0.378820987986,1.34326218398,0.958109756322,0.212914158156,1.2157547267,0.249573736024,1.22899790609,1.36191067863,0.954331631384,0.392727376075,-0.994613077201,1.47023585209,-0.264905799323,0.21286866252,-0.0188255625265,1.8582740617,-0.0600466101198,0.0151553832656,-0.199596532333,-0.178930260986,-0.235409762382,-0.16717322189,-0.207056478495,-0.414914018749,-0.424771595286,1.09862679969,0.916430400215,1.59885824374,1.40417007627,0.450087110523,1.48532403276,1.01413264539,1.54860113151,1.21633907675,-0.280808135734,-0.229986950743,0.511071160736,-1.15418612467,-1.82881834785,0.309655683546,1.07697120211,0.550832616038,1.03221959438,-0.392656924602,3.11107530677,-0.518009494512,0.245028722955,1.08922299461,-1.10160541266,-0.299206838561,-0.459789864885,1.69631559354,1.03632683013,1.40590936776,-0.21601670614,-0.154324288438,-0.221806746693,1.73291046731,1.22667084307,1.98542867267,0.403418947089,1.0513957498,-0.126847915302,1.41606044381,1.58583779833,-0.432455246144,0.243474216932,-0.683734736222,-0.523199855022,-0.602405127853,-0.0261016673246,1.73965441702,-0.12144643163,-0.473750346496,-0.62223132222,1.74402084771,0.498756395535,0.944016520861,0.938825426066,0.934098425426,0.139025253684,-0.0424148612861,0.00255453955103,0.419369773138,-0.191121237967,-0.161365746143,0.125630846941,0.129076424655,0.15699001435,0.181724388391,0.168258587059,-0.0394300376749,-0.56790944486,0.547958004252,1.638907795,0.30189359489,0.0526185299379,-0.596621738777,0.139638454254,0.826827686499,0.825050390271,0.823298545402,-0.131196300723,1.10738295306,0.073479013138,-0.825548993661,0.378967937155,0.396675859633,1.28767160318,-1.36649090448,0.0130346633781,0.562436041231,-0.857733254831,0.298362206379,-0.951038221234,-0.736903858365,-0.341951309088,0.666282007034,0.666282007034,-0.666282007034,1.33041209503,-0.0904551738986,0.532469783496,0.529197926721,0.526899897915,0.966682375467,-0.523217186766,0.351431864447,-0.263774038365,0.47585231909,0.979729152916,0.838149724464,1.35719276992,-1.14591596748,-1.29234453109,0.810623019232,1.21309718757,-0.606353897812,-0.179372523069,-0.155192230012,-0.833780331658,-0.172446963056,-1.42151805468,-0.121188793187,-0.101464821896,-1.52972298476,-0.674960688222,-0.776279443404,-0.285501222273,-0.573918285164,-1.28986446423,0.698610895087,1.10698983527,0.666534133161,-0.410187854859,-0.323282924506,0.970923373999,-0.100905368426,-1.58081058009,0.841374663976,10580659109.2,01030330,0.0862196
281,600869.XSHG,600869,2011-05-31,-0.996094647516,2.91799043885,-1.59372579635,-0.185082713033,0.455960374567,0.723912160382,-0.147494560413,-0.218815764553,-0.104817848871,-0.555035786082,1.39634776607,-0.701734871419,-1.08583098965,1.4349793964,1.21317426945,-0.582267255876,-0.331457053712,-0.560132765638,-0.307317049208,-0.41415718872,-1.60947500108,2.26635157558,2.11087700423,1.70112113357,0.918047920873,0.558430838749,-0.0269554411185,-0.276755804963,0.601897757634,2.1381387519,2.00944418912,2.18464065487,2.10340528864,2.18983398197,0.77433380047,-0.403486397089,-1.70112113357,4.54088449131,0.179660489147,0.359993208222,0.19329340996,-0.334687252432,-1.06454102487,3.18436200017,-0.429165480458,-0.959799157444,2.00632347518,-1.0326493841,-1.16377612779,2.18097675962,0.0101064248023,0.583158824909,-0.388694530752,-0.499962832522,-0.11399863278,-0.497866355109,2.14118210481,2.02053837885,2.23509650834,2.04388650851,2.22981539555,0.347932550064,0.122234276098,-0.411447519725,8.41636151005,0.139533352757,-0.375168439997,-0.0567135000044,-1.4349793964,0.100528666534,-0.375129197139,1.24038155691,-0.115315126696,-0.277662556974,-0.277615232083,-0.274686057668,-0.0408174935136,-0.199277867081,0.272900473772,0.19172000344,-0.145347343789,-0.488297400286,1.21983639699,-0.283804993667,-0.243162239577,-0.370319061733,-0.284278961472,0.54170368656,0.216768292508,2.32423228555,1.08471091139,-0.669873607275,1.34533908655,0.534104259299,0.429165480458,1.24440401958,0.272221528384,-0.442034491293,0.807393659245,8.57697468704,1.97220686853,-0.430573999787,-0.060682458057,-0.253386206212,0.0680113031809,-0.358234337201,-0.147688956007,-0.226541006926,-0.275437488224,0.287130086368,1.6369378865,0.211496061408,0.00648026554206,0.500628974098,0.443633175793,1.48532403276,1.01644252871,1.53326667647,0.880511329951,-0.0444551887353,-0.0334939200577,-0.312722794224,-0.101900961583,-0.028109254716,-0.524506578292,0.104632454482,1.80272492522,0.999879667173,-0.0850335268055,-0.747503119942,0.197036951403,-0.371646732247,-1.8701518829,-0.557942866789,2.16989367796,2.23001885864,-0.177761620044,-0.590845177636,0.763541169076,-0.271002504377,2.08993435321,2.34007922111,0.742464517495,0.193817822514,1.34715118375,-0.862651232432,0.39745460578,0.13119223915,0.924322377039,-0.967655628963,-0.432271666325,2.24545506498,0.779711104457,3.08548820901,0.836333665228,2.06800681008,-0.277718788947,2.00010671321,0.67836810661,-0.5524461197,-0.0396720735889,0.958802765064,-0.822037404473,-0.823351386586,-0.821325524913,-0.628548356261,-0.490249396357,-0.607847390248,-0.458625245642,0.321424796292,0.378725004922,-0.733187114605,-0.751347624238,-0.78843175222,-0.671708154514,-0.00688648715961,-0.266172410543,1.1143893201,-0.627699373568,-0.0113928909797,-0.762564149358,-0.791102411825,0.402345837946,-0.628384282881,-0.660824600384,-0.669281122707,-0.665221100773,-0.712767011881,-2.29099277016,0.822040922262,1.59460928375,-3.93269211941,-4.07826950226,-0.594362263154,-0.215361594976,0.979960623796,-0.0307193480183,-0.0430460927146,0.298362206379,0.143512524375,-1.32914004806,-1.89108787838,-0.462389888001,-0.462389888001,0.462389888001,-1.59183529249,-2.04644923372,-0.542478119962,-0.545021311228,-0.545425424977,-0.720764617605,-0.439943521139,1.57702432023,-2.0299012072,-2.17468337304,-0.278351472099,-2.11363953733,0.958089343912,0.578921701785,1.25724493788,-0.447393032472,0.287200828339,0.475484819404,2.15075082144,2.19943812533,2.72859453352,2.14754764549,0.245070664778,2.05643045761,2.09888616952,0.175925015318,-0.431099268402,-1.40827882727,0.727260844516,-0.75300592893,-0.3488141256,-1.97129261065,-1.35931510017,-0.0838307151714,-0.671349750589,4.36635261233,-0.59152148776,-0.34230218842,0.890726856721,-0.429021211129,11574877082.7,01030330,-0.00406204
307,600169.XSHG,600169,2011-05-31,1.95121812686,-0.618393138357,-1.16276723695,1.34136102539,-0.260509299049,1.16517651986,-0.31324903466,-0.218815764553,-0.058374662326,-0.137157402193,0.524066942111,-0.311132036173,-0.961892244715,1.30029610589,-0.553890832742,-0.169770300926,-0.938886362164,-1.60029167573,-1.00819845294,1.10199700087,0.685747024179,0.334381587738,0.00575087475474,0.55034136545,0.063155005035,0.404718787616,0.0394159752204,-0.183422197791,0.281177185393,0.666901454413,0.859305042957,0.72124530465,0.667391264031,0.88433678787,0.627753701946,-0.0221596313225,-0.55034136545,0.153916046949,0.662844685869,0.995348016727,-0.367265430114,-0.0854657860857,-0.77676204891,0.253089427574,-0.611356002377,1.08849786184,0.604411057351,-1.20817382218,-0.7265221484,0.357265860384,-0.0355045144344,0.832862064724,1.03463454286,-0.130980678169,-0.209614018418,-0.305751059797,0.650062087478,0.949998374108,0.663576972003,0.66971928151,0.960557809281,-0.940259896384,0.976496380709,-0.126625195855,0.070072023956,0.137337571881,0.0158179898086,-0.0612152256401,-1.30029610589,0.0904695137122,0.0158535468808,-0.893985753947,-0.124500487533,0.130758396483,0.13080637405,-0.568683021362,-0.0184601086824,-0.189423776451,-0.528694032712,0.168519113222,-0.154377804326,-0.430217200059,-0.302625819028,0.115997679438,0.106059042963,-0.296635700881,0.991033130113,0.00528538708634,0.293850979559,0.34656756151,0.791879833731,0.873549667581,0.9014803654,-0.0464311667851,0.611356002377,-0.917174825776,0.00850331979173,-0.0877771073538,-0.282758294597,-0.0847402396749,-0.0760851279291,-0.130976138999,-0.0744181358696,-0.184535423647,1.80310071457,-0.154696470358,0.839513848723,-0.151038459257,0.327101123641,-1.14426265295,1.63402494772,1.48236360179,0.577332748292,0.369680988276,-0.0298509448651,-0.447995656941,0.195723218823,0.0677309019958,1.21633907675,-0.346179844489,-0.276621714707,0.875492414228,-0.00682796943602,-0.116511195254,0.22224347048,0.141376161607,0.550832616038,0.427781799982,0.0713962435631,0.218241144933,-0.528931256568,-0.211624453947,0.827693041332,-0.673898864334,0.767169956031,0.629649595049,0.683280131571,0.360430688239,0.605533359285,-0.939738333682,0.697987325459,0.630065155246,0.560845540208,0.244645458597,0.277775610755,-0.469827909615,0.115097070233,-0.122877806863,0.252271224645,0.648379435959,-1.11472258273,1.24161040368,0.12856001436,0.194037445312,0.778880876097,-0.501008769462,0.345182825954,2.05774318828,0.695182488046,-0.567254501387,0.997646466258,0.200253025992,-0.0834813135816,-0.0844013592261,-0.0808587684333,0.686429813959,0.390725172356,0.740198824982,0.320373233252,-0.776105092611,-0.727403073276,0.126694294875,0.140060485466,0.293898626468,0.129003017019,0.497746287179,-0.562357368255,-1.26171222585,-0.0845249400183,0.445787821697,-0.272501111251,0.338202715581,-0.530312683484,0.686797386931,0.139392533992,0.156543957456,0.140468000937,-0.266805716254,0.157700116094,-0.807783477367,0.0954000569178,0.301205517983,0.328699741423,1.90149717653,-0.210007560136,-1.14649855802,-0.461363980829,-0.857733254831,0.298362206379,-0.951038221234,-2.22417582586,-1.84953495147,0.419408622635,0.419408622635,-0.419408622635,-0.00995251236868,-0.399194632635,0.177065757882,0.175843959709,0.175769922678,0.133124222262,-0.967343403439,-0.616601919029,-0.499707057103,-0.240072573081,0.323493488552,-0.270264263239,1.28994663328,-0.45163790497,-0.601795183049,-0.940558949455,0.408724725488,-2.31075210088,0.674057850731,0.760353234008,-0.272635700542,0.678255293052,-0.453948774427,0.681320985334,0.690463223582,-0.629773237838,-0.047339102525,0.17914151386,-0.252879607558,-0.255168547098,0.125354124462,-0.285110151906,0.045815224498,0.0440092219519,0.738918046657,-0.49648376449,0.242835556984,-1.12531014769,-0.962926220885,1.04651848219,14939642650.0,01030330,0.1007983
315,600218.XSHG,600218,2011-05-31,0.240164358349,-0.264976656454,-1.17559338455,-0.202822491558,0.49091388546,-0.443955359549,-0.509319647904,-0.218815764553,-0.358596689633,-0.550193626361,0.0,-0.701734871419,1.20703579169,-0.547369135869,2.07743854902,-0.354025180122,-0.22289521986,-0.21175418331,-0.215252119058,0.785170544917,0.236574541817,0.91219049257,-0.498160264768,-0.351163289916,1.04017548028,-0.104092761321,0.790862470551,-0.687896251747,0.37501405229,0.396934656636,0.0128929791564,0.35530734247,0.432499935704,0.182311932647,0.0332632695711,-0.502973317626,0.351163289916,0.371323691747,-0.320330114418,-0.212351206051,-1.14250637915,-0.378175225163,0.790400031618,-0.130889451147,-1.371530249,1.46323615001,1.19066534117,-0.688224071623,-1.00801795549,1.2097668498,0.208398614243,-0.279060982791,0.0112024600349,-0.185289739849,-0.167925958793,-0.457842335252,0.368889668849,0.0316572291831,0.331180008141,0.442393856997,0.0831736823405,0.954669456563,-0.174949378422,-0.509987944571,-0.234553121349,0.137537079719,-0.418016267921,-0.102671155527,0.547369135869,0.0924032256164,-0.417976621141,-0.75885535602,-0.128407954008,-0.281245196917,-0.281197877751,-0.632189354053,-0.0704499003931,-0.51601649447,-0.187084103595,-0.354197403991,-0.123159865185,-0.393232380428,0.459061936318,-0.295784099977,0.88251912861,0.634325223733,0.716537384686,-0.14745745073,-0.382549599311,-0.154534674617,-0.582009664129,0.105257501676,1.74598169502,2.00037227686,1.371530249,-1.31058026357,0.682671076098,-0.471555939954,0.389445238985,-0.182508131618,1.37206081151,-0.499386229297,-0.0821057068017,-0.206051293198,-0.0619579411177,-0.182770658888,-0.284078817186,-0.199749780334,-0.163856263805,0.399283249914,-1.77586118983,-3.82743707841e-17,2.66852029479e-17,-4.54317090275e-16,4.07119712321e-17,-0.0822324724022,0.0,1.52005937989e-16,0.0,6.55028666239e-17,8.70167877324e-17,-0.555029274119,-0.490835929458,-0.731481216389,-0.232300037469,0.15202201768,0.550832616038,1.51504104281,0.205572406432,0.883656537962,-0.4740592713,-0.457294171116,0.00714281293615,-0.456433845986,0.0181498170894,-0.629555678239,1.05801181197,1.06175409286,0.151421676818,1.90749192407,0.526133089273,0.166107850555,-0.567306872598,-0.461822894718,-0.231353511976,1.89887357546,0.430663392151,-0.155466484219,0.80627922675,0.844316798899,0.569297461622,0.73565763906,0.0942714890668,-0.30591914345,-0.523785521674,0.327456163618,0.862699273379,-0.740785747074,-0.473602202166,0.298703624058,1.06535235097,1.64126340994,-0.123134609374,-0.122564657032,-0.124033227432,-0.327735482062,-0.374443257981,-0.289032164169,-0.165958541124,-0.109470785932,-0.207905737717,-0.477168792374,-0.46748505121,-0.391338488142,-0.475984390508,-0.200638340001,-2.82568136744,-0.95223718664,-0.649926098362,-0.850228785757,-0.465127413192,-0.409183102628,-0.0520433499986,-0.327661745691,0.322556490568,0.310752035071,0.320688800228,0.5852793825,0.857226369,0.806480567778,-2.27815482584,0.39324972224,0.381596782653,-0.217150422939,-2.43130560817,-2.01948566804,-1.56688268364,-0.741349374528,0.298362206379,-0.794673829004,0.908733715309,0.870416440796,-0.620932428441,-0.620932428441,0.620932428441,0.585974496714,0.445291906007,-0.0393169600129,-0.0394343486139,-0.0408361543951,1.25131198876,0.22624580387,1.84793015102,0.405826338623,0.548039289238,0.532188253886,0.834964626799,-0.299407163562,-1.94151805243,-1.8311317184,5.46173870335,0.929541427553,0.172174786358,0.387645771647,0.327961580458,-1.14616275688,0.406222317996,-0.714600090741,0.476590662311,0.468417009333,-0.967254392934,3.04878081552,0.859484754696,3.9282683009,0.452530772815,-3.3652849848,0.827034457146,0.445333015245,-1.22327363301,-0.596642830299,0.462243122772,0.528613615339,0.0,-0.962926220885,-1.15361101037,4795128000.0,01030330,-0.05555556
338,600379.XSHG,600379,2011-05-31,-0.617625024018,0.628343864829,0.437935983701,0.105447111291,0.106565810518,-1.53982537133,-0.531761465082,-0.218815764553,0.496455548359,0.108703257621,0.672836309634,-0.701734871419,-1.08583098965,-0.217767314354,1.16572978178,0.413528002359,-0.240988858836,-0.380966637583,-0.307317049208,-1.33874014127,-1.74077157284,0.792470498054,-0.819283645961,-1.07418212425,0.063155005035,-0.0983388342737,0.820615174427,-0.591018330379,0.18630847714,-0.339088775627,-0.236326273207,-0.325558296255,-0.332650587562,-0.285436791316,-0.660228803119,-0.414858603034,1.07418212425,-0.123270247305,-0.765699895745,-0.73743782465,-0.444789525017,-3.77474775202,1.0082898277,-0.277064657798,-0.143943077179,0.396712602336,0.604411057351,-1.21810916774,-0.625690274496,0.174663050648,0.288469787387,-0.865648334943,-0.604932841884,-0.353008900918,-0.230861881893,-0.368455357573,-0.355489123271,-0.274669212487,-0.327595183854,-0.341664154108,-0.269853695691,-0.0295425334356,-0.429687479808,-0.586930468081,-0.226037900876,0.134646605384,-0.46354208509,0.0760133933506,0.217767314354,0.0777477248689,-0.463502009143,-0.18022006233,-0.134184715177,-0.382753328624,-0.382706171673,-0.420377056195,7.55010212552,1.05266088533,0.250969834361,0.0644804822204,-0.0280334258652,-0.0264473903182,1.21983639699,0.101772490694,0.133922443166,-0.115261274168,0.359449999042,-0.312928858364,-0.397966136721,-0.419865493465,-0.602621560372,0.253359594995,-1.38442454184,0.233801996312,0.143943077179,-1.93630045565,-0.210809351962,-0.073016383023,-0.645384439827,-0.191462121721,0.978293040536,-0.53114571984,-0.0952306038891,-0.180232249736,0.061512840966,-0.235409762382,0.904461401665,-0.22897657298,-0.0243797332807,-0.0650573687188,-5.17441872717e-15,-3.82743707841e-17,2.66852029479e-17,-4.54317090275e-16,4.07119712321e-17,-1.16022488296e-17,0.0,1.52005937989e-16,0.0,6.55028666239e-17,8.70167877324e-17,-1.12089182736,0.174675015572,1.64960583419,-1.40861867617,-0.149679476268,-0.0751135385506,-1.25434990666,-0.622392696147,0.388077244145,0.0458429200532,-0.496322724176,0.48852138318,-0.702412634222,-0.340839357254,-0.481990009708,0.842254035288,0.228036115428,0.793075339131,-0.260505344755,-0.310208503654,-0.339721337871,0.333525729522,0.434535409648,0.298776914418,-0.511279263233,-0.360713586276,-0.706838523033,0.249909403219,0.711611452893,-0.179016245238,-0.185884619768,-0.572017840183,-0.205365286639,-0.604824192659,0.695491721394,0.104302443152,-0.399959529912,-0.467231995983,-0.245878835401,0.776923270018,-0.413142133381,-0.230304047081,-0.231361705154,-0.232037095143,-0.584764959297,-0.504612333919,-0.606983305077,-0.512308871847,0.164075277331,0.14818762483,-0.585508916172,-0.59194887848,-0.587568359508,-0.563904530443,-0.119609671417,0.0610782474535,-0.311900621776,-0.687126374439,-0.367048799861,-0.538218666656,-0.659195485177,-0.0691481984326,-0.585083646688,0.0643447359231,0.0608822541997,0.0637304737356,-0.411386664648,0.749538394365,0.384472654881,-0.639334589794,0.253968378055,0.331127728394,-1.18210670536,-1.38809614882,0.487018137199,0.1471296795,-0.857733254831,0.298362206379,-0.951038221234,-0.39600554274,-0.215934589566,-0.798349080837,-0.798349080837,0.798349080837,0.236842686364,-0.304276573708,-0.117900237151,-0.118731953741,-0.11945685528,0.194116282253,-0.606490852392,0.186373435149,-0.389604981692,0.05971566765,0.50558410533,0.265628419034,-0.101229945764,-0.0794026753492,-0.884221857451,-0.970089842687,0.569809648894,-0.158403510245,-0.337598078932,-0.31625885008,-0.684737458298,-0.334654045101,-0.572426645478,-0.324645238645,-0.305969368748,-0.775711034637,-0.0968851895698,0.771894234884,-0.921539819746,-0.00156494930768,-0.333674049765,0.631390529939,0.313245880148,-0.617423496208,-0.577787398645,-0.259540853592,0.260068404724,-0.388866042023,-0.345041861683,-0.509368632011,2633035848.0,01030330,-0.00977199
349,600560.XSHG,600560,2011-05-31,-0.996997290758,2.93152672827,-0.218762773489,-3.28865715418,-0.678475708553,-0.444866720411,-0.678617566969,-0.218815764553,0.420156027607,-0.470540098957,0.454855293912,0.0650040273964,1.36195922286,1.65358594332,-1.27988831966,-0.418017192135,0.531868005961,0.460118796895,0.500478466953,0.363949164783,-0.418921124751,1.00723537371,0.832156484065,1.18441980761,-0.807003855729,0.476231880924,-0.621246628796,-0.140890427434,0.170284587838,-0.144649820728,-0.234247077716,-0.159305994915,-0.182536576371,-0.21436826979,0.245924560053,0.363739874596,-1.18441980761,-0.257636962768,0.27209572678,0.491264862872,-1.02920193275,-0.444028261769,-1.27914191838,0.318394619304,-0.210536854156,-0.114851109858,0.578921740663,-1.11213214851,3.12683837086,-1.05367987751,0.16856004564,-1.19754229633,-0.953545176181,-0.634138161378,-0.285969644766,-0.794044102049,-0.0837549669389,-0.221686083502,-0.152007781261,-0.150008782254,-0.232648589047,0.366594520472,0.34165290928,-0.608528369418,-0.207450914252,0.139100886665,0.11356459726,-0.0269516078908,-1.65358594332,0.0981053376753,0.113599232886,-1.09494890984,-0.120928834122,0.189274848879,0.189322919958,-0.315404823923,0.0356709469339,-0.092759839796,-0.411962065559,0.00833827090731,-0.145495031111,-0.324166889017,1.21983639699,-0.517522349074,0.0930561228685,-0.0174891222676,-2.94178644375,-0.325657428182,-0.328591718375,-0.00251489511764,-0.268566690225,0.859132436292,0.0270851833991,0.487847431504,0.210536854156,0.122983415598,0.284469251181,-0.338709420977,1.31666172527,-0.126394443637,-0.83188938376,0.0458183583566,-0.0652059092925,0.273752597801,-0.510351833948,0.0488413964836,-0.51789000778,0.219167580927,-0.426072141191,0.235336223339,-0.216856354005,-3.82743707841e-17,2.66852029479e-17,-0.386543629847,4.07119712321e-17,-0.0822324724022,-0.432209675988,1.52005937989e-16,0.0,-0.357065295992,-0.31894570217,1.49303740118,0.563609983447,0.481162794036,0.491972585086,0.0681213024648,0.550832616038,0.0843408828944,4.11566214778,1.28271027899,0.292306297528,-0.290584757556,-1.02590050249,0.76927807561,0.269770916909,0.666541012182,-2.58896471249,-1.13570451318,-2.38456317994,-0.182082045331,-0.243403384354,-0.0746449603426,-0.74848687205,-0.738031188775,-0.528531610134,-0.827279621506,-0.473605914939,0.653388204457,-1.63341384779,-3.00362919207,-0.0802361810856,0.088874925085,0.630562223628,0.831112929726,0.821819276395,0.268282470627,0.0629011273583,0.99033083748,1.2173912507,0.743394258609,-1.77346585845,8.01781814531e-05,-0.716498345967,-0.715070228725,-0.71264075791,-0.479686433815,-0.198266925452,0.0211046412811,0.0207903739867,0.859301977814,0.924283340251,-0.333395648699,-0.362591879272,-0.546363044872,-0.320991476999,-0.245278652597,2.03140824505,0.0283961184906,0.560172058457,-1.08485294982,0.281658908434,-0.0139516964238,0.415230009494,-0.47985224992,-0.767345445448,-0.770983561636,-0.765284817503,0.706095485266,-2.32811481341,0.284216159667,2.88483179488,0.0846097573914,-0.0785744013026,1.14180258608,2.47427858229,-0.949667310537,-1.19144005472,1.12079271031,0.298362206379,1.70715644667,0.974127053585,0.589594699448,0.989406803739,0.989406803739,-0.989406803739,0.180774284972,1.03628470644,-0.684907862124,-0.682951450481,-0.68182205473,-1.04605560422,1.08674034867,-0.137506166109,1.18215831933,0.339121705045,-2.78682707921,0.0116168801853,-0.0346710567257,1.88403672417,3.25243718543,0.188997716688,-1.8057458055,0.0491382734958,-0.143874716638,-0.173305125435,2.35509380772,-0.163827876496,1.84452192398,-0.216431821037,-0.294884352637,2.67206941472,-0.256046859638,0.0941009184699,-0.495672099689,0.22732213624,2.13311743115,-1.13834460773,-1.45354675433,0.0606839963593,-0.366082372826,-0.417871354509,-0.255480956831,0.212787961111,0.890726856721,-0.606759705312,1875640260.0,01030330,-0.01669316
392,600973.XSHG,600973,2011-05-31,-0.455465828268,0.312198791385,-1.71685681333,0.0278859452513,0.172003505217,0.129456325003,-0.749486463322,-0.218815764553,-0.0401291247549,-0.0506037971869,-1.05210347926,0.658141666102,-0.218259775092,0.923995052987,2.05846075395,-0.239260712508,-0.295269775761,-0.46059602783,-0.316226558578,0.201691937662,-0.0141722944909,0.184274648048,-0.250281879509,0.216966153969,-0.83753574558,-1.45544362797,0.180550596171,-0.758782535676,0.0431253147791,0.22392541756,0.489656992756,0.251395779149,0.239292543359,0.392586069515,-1.54403470865,0.0405863161623,-0.216966153969,2.07007872906,-0.324531716129,0.45450879957,-0.116802969655,0.0877207365933,-0.681383874019,1.66348037196,-1.51728266654,-0.264950642178,-0.262225710035,0.103291790695,-1.29242823233,3.78573142934,0.00453874816265,-0.662617683447,-0.663103414175,-0.634138161378,-0.30032127185,-0.846075327862,0.200176810766,0.529990786306,0.213968200569,0.228584991427,0.445814557873,-0.0140950538228,0.241719285558,-0.663872991592,0.111137361398,0.134152017091,-0.707239106407,0.0357111939218,-0.923995052987,0.0758002596795,-0.707196733155,-0.488594560165,-0.138049477101,-0.582186952096,-0.582140113849,0.434343468498,0.0575535610448,-0.0528742348655,-0.686476092477,0.000492678630689,-0.122671332528,-0.583181343916,-0.302625819028,0.0838038312287,0.938245929015,0.369348522207,1.05662060911,-0.551134950673,-0.0183339029964,-0.357227713949,-0.068133768137,0.61543783117,-0.376481823678,-0.984294468957,1.51728266654,0.716198662631,-0.399472549918,-0.589641734601,-0.477523016278,-0.0212455598519,2.42643897997,-0.753462153641,-0.0982845075151,-0.23617351057,0.0290205298913,-0.309104507273,-0.16717322189,-0.24846110141,-0.130381896479,0.0848463242999,-1.77586118983,-2.54646301061,-0.594417084721,-4.54317090275e-16,4.07119712321e-17,-0.0822324724022,0.0,1.52005937989e-16,-0.462799657237,6.55028666239e-17,8.70167877324e-17,1.88510274712,0.621950228628,0.732916146438,-0.517014102887,-0.237042678653,-0.701059693139,-0.591153652969,-0.685880929309,-0.200850812117,0.242434637057,-0.474732830338,1.15215363961,-0.795937799456,-0.0819143067867,-0.0925080571456,1.26340400151,0.732211830608,1.19102446274,-0.683374684342,0.276731793366,0.160048000044,1.17856690036,0.691328578754,1.49882383417,-0.298627942353,0.21698478492,-0.277999235315,0.402544680076,1.18561919062,0.251181878326,-0.143886556919,-0.613172342796,-0.312247707865,0.0205040595673,-0.533387036892,0.650047060437,-0.227998073042,-0.137462717776,0.218468095906,1.07128793374,-0.781881589875,-0.555264912344,-0.556243008266,-0.555454348327,-0.65206186293,-0.554353732665,-0.663834026726,-0.526044380649,0.185221556295,0.232199473879,-0.682888350841,-0.696342129806,-0.70413627121,-0.620382825823,0.0319335386896,-1.80609913949,-0.469154198609,0.038998802818,0.144846047033,-0.719014397947,-0.76305627413,0.30626990356,-0.652437155578,-0.580201613454,-0.586684577968,-0.58332444451,-0.099974070828,0.658816172937,0.628593058493,0.972251121405,0.0162757600277,0.114029611617,0.817937823657,-0.825969766942,1.37895610558,2.15829640106,-0.741349374528,0.298362206379,-0.794673829004,-1.49489794465,-1.04509201349,-0.0471594249449,-0.0471594249449,0.0471594249449,0.436144650977,-0.265513629883,-0.435194023342,-0.437938670588,-0.438656168008,0.478745895542,-0.634248740934,-0.121669826948,-0.336800925117,-0.0889045650071,0.7314237664,0.211481758715,1.50611724286,-0.637267120711,-0.754113520773,0.506454818937,0.575701716635,-0.0320737288377,0.225286693436,0.278258567423,-0.384864626765,0.224872292321,-1.10557706521,0.263952372063,0.282458863879,-1.14967663893,-0.93387566848,-1.21761962322,-0.251909493663,0.0381937067923,-0.616604216933,0.23271015455,0.838134510986,0.716558456383,-0.526256946429,-0.41254011968,0.426652599544,-0.000425473808506,-0.345041861683,-0.504195957659,3240311085.0,01030330,-0.00940439
394,601106.XSHG,601106,2011-05-31,0.310373216041,-0.294696829082,1.09206951137,1.68907631174,-0.294914684922,1.70843044495,-0.477034928454,-0.218815764553,-2.18066241889,-0.696911065896,-1.29184692045,-0.0651969176854,-2.68749313032e-16,0.0306184525777,-1.29189467981,0.20552471651,-0.440018887563,-0.699484198569,-0.396412142902,-1.64059523212,-0.650911307949,-1.47055726089,-0.704833829653,-0.726286032417,-1.58556704694,-0.72962683037,0.841976090031,0.564428097652,0.0259481910199,-1.52543784358,-1.48792716769,-1.53371621908,-1.5217686991,-1.51248481341,-0.698195451589,-0.183716529061,0.726286032417,-0.946849627086,-0.0556292066487,3.64352033682e-16,0.37219516743,-0.34572863039,0.123575033031,-0.8722165506,0.511942801727,-1.28195155504,-1.20533042748,0.0304325899794,1.95990694945,-0.950963422852,0.149994300375,1.55496626137,0.859506176805,-0.592607702447,-0.217442178646,-0.308419327788,-1.52487727919,-1.42122355646,-1.52702787913,-1.51955663171,-1.52634653225,-2.69089563938,-0.961869980465,-0.173870605027,-0.243434587863,0.135460764615,0.322447758389,-0.245263532722,-0.0306184525777,0.0814501092545,0.322480424896,-1.36520970569,-0.133693612833,0.0388039712895,0.038851801909,-1.01845728348,-0.0427549417058,-1.15043223407,-0.668779167237,-0.119161871362,-0.137017150362,-0.109048329795,-0.302625819028,0.0705769013445,0.0150386023011,-0.375987012568,-0.359583104023,-0.371116606104,-1.33717146818e-16,-0.365673257255,-1.97274153365e-16,-1.01284941381,-0.878503583689,-1.01880353096,-0.511942801727,-2.97072253025,-1.09644641074,0.414087519893,-0.350584919463,-0.174945639976,-1.09248569412,0.513741519023,-0.0822664385715,-0.150110032364,0.652872902525,-0.140659376094,0.287459648709,-0.0804070436953,0.388470797071,-2.84377065959,-0.252394207138,-0.39966766895,-0.0235646019711,-0.262143043316,-2.17490416063,-0.761506957974,-0.483560158896,1.80928686717,0.768568747685,-0.292726082637,-0.0765233073119,0.440879204258,-1.58849683879,-1.39449577043,-1.64837788915,-6.34789326175,-1.01403277043,-1.5481422031,-0.105323580703,-1.6111013568,-0.609068040809,-0.622579311712,0.705918156839,-0.270143882717,-1.63582980713,-1.48164947219,-0.390168903913,-0.306257328417,-0.988930737591,-0.383644555534,-1.48163475763,-1.55386569184,-2.10245950012,-1.89465745152,-1.17820539472,0.00949009672186,-0.330146297147,-0.4765131043,-0.0915278246796,-0.63485204526,0.0659780839939,-1.4728633463,-1.09345986476,-1.32270849275,-1.61478374896,-0.172917116016,-0.115877281752,-1.60735520558,-1.19254663484,-0.267004709199,0.27259994151,-1.28289901013,-0.470001271359,-0.461660097729,-0.430641143272,0.515691561336,0.572650600716,0.440575950274,0.241551995612,-3.96659271015,-2.84036676756,3.15414864289,3.15351536946,3.58896388456,3.37759481767,4.80041018997,-0.171687311338,-0.488653642136,0.279025566359,3.38028454144,2.24868768751,3.02364210975,0.267839529806,0.516754589487,0.611954613054,0.642382378118,0.617333179697,0.0419591417844,0.734754312595,-2.68819575305,0.197671043996,0.412778570001,0.41106337376,-0.587617928717,2.20273564535,-0.242108799313,-0.38323343033,-0.275813853319,0.298362206379,-0.169216260084,0.675023610686,0.879378836797,-1.00973913476,-1.00973913476,1.00973913476,0.784145670038,0.498832511701,-0.226531520421,-0.214374931274,-0.204494050213,0.336431088898,0.254003692412,0.387253177236,0.454136432936,0.763750941209,0.617912732564,0.959183435765,-1.12662419469,-1.10549155216,-0.676990311799,-1.39828779456,0.624311275494,0.620125173925,-1.52718479123,-1.53556371032,-1.17082452729,-1.52591339538,0.549163867144,-1.51639906081,-1.51937509217,0.382670227449,-0.563948504087,-1.08328664824,0.194778835372,-0.513825848392,0.322553612214,1.08388158126,0.485020213001,-0.144971554665,1.88108839493,-0.530040552454,-0.0328900068556,-0.0322849525895,-1.58081058009,-0.101481448566,31251640000.0,01030330,0.01921482
420,600312.XSHG,600312,2011-05-31,1.54140042511,-0.57316030348,0.291717901045,1.34658768907,-0.26111364202,0.261437948105,-0.432938726279,-0.218815764553,-0.857860944988,-0.15471023118,-0.787030001879,-0.701734871419,-0.187275088857,-0.00457517107482,-0.953973736975,-0.036404864555,0.0226613090883,0.266022158169,-0.048941277495,0.868120000178,-0.0763654074333,1.10182330831,-0.593703490993,-0.430423095186,1.10123925998,-1.53764258579,0.599377119965,-1.34832013035,-0.0618190208384,-0.675440070864,-0.540232854461,-0.660480888773,-0.675259168254,-0.609679480605,-1.64664077761,0.0399898717946,0.430423095186,-0.790032106623,-1.42535136431,-0.249107269353,-0.146619929233,-0.313451420393,-0.385382641601,-0.551754445864,0.0231696084426,0.574891979138,0.680879007414,0.957731508177,0.0864618034361,-0.484598809759,0.2324552759,0.257331321546,0.574614257386,0.0814635925196,-0.192466619824,-0.272397709917,-0.681422736011,-0.510980207744,-0.661619662991,-0.689402437641,-0.610668156202,-0.572626390354,0.293124270923,-0.331805258548,-0.270307891184,0.127983401992,-1.33522758442,0.0367778503828,0.00457517107482,0.0477325551698,-1.33517929119,2.09274252845,-0.159908384197,-1.10644659703,-1.10640059658,-1.43797264591,-0.133222742253,-0.631450127563,-0.45981997056,-0.222336914296,-0.280218585653,-0.0475427709153,0.459061936318,0.0743203720665,0.0336142024362,-0.63529576326,0.976458134781,-1.16756140329,-0.151301538159,-0.940673997305,-0.256483854496,-0.0703209092427,-0.880128249579,-0.962022662982,-0.0231696084426,0.276425876756,-2.13741234805,0.118873033277,1.00594757785,-0.166263899572,-0.800407950294,-1.25737940359,-0.148928792007,-0.0081052933242,-0.0814533277625,0.143591782772,-0.16717322189,-0.0706647794799,0.165308348232,-0.0890804329289,-0.319391799111,-0.110633558203,0.93787115845,-1.38829572139,-4.85387379499,-1.64978897757,-0.657689824124,-1.21050545735,-1.97402451782,0.615102872796,-0.255381343221,-0.236040485606,-0.672338914466,0.125633250568,0.0748914541667,-0.475670059315,-2.57889815691,-0.767429030838,-0.177320546144,-0.174703383893,-0.577092279609,0.192869067931,0.394534056222,-0.0922179586139,-0.383567468545,-0.534225644586,0.477783239126,0.0174835680661,0.841759083962,-0.413729784329,-0.660926974705,-0.657414611844,0.976492734424,0.57572421242,1.58102038876,-0.313072272519,0.0238728167397,-0.0468966889732,0.133700943198,0.642093859197,-0.695977015571,-0.451987357044,-0.365997159259,-0.212397024877,-0.529833183688,0.533135147419,0.00268103165789,-0.230525988616,-0.445528851663,-0.424232560996,0.224310454639,-0.617997386989,0.123802335876,0.114040343748,0.112418963671,0.848454237639,0.221251714493,0.767591934992,0.574250881292,-0.397776797509,-0.775973794362,1.13652761157,1.19326371359,1.29119370487,1.01934133763,-0.78182539057,-0.0573014418527,2.100683754,0.152276272935,0.438234332875,2.08760153869,1.35730162915,-0.303951117845,0.84996197732,0.0934090373935,0.100382071427,0.0865193711096,-0.509150462303,0.723219618146,-0.470279602058,-0.854495722408,0.38492094358,0.39016238994,0.139068916845,-0.844360226566,-0.456341566478,-0.446370722274,-0.857733254831,0.298362206379,-0.951038221234,-0.188452773428,-0.0489081186477,-0.0932122581202,-0.0932122581202,0.0932122581202,0.350298745652,-0.0846577834731,0.0738153887343,0.0700421523093,0.0767219210391,-0.212497451017,-0.745280295102,-0.221294276735,-0.178388755394,0.0342379134802,0.959037037373,0.1430021589,0.202429366208,0.572196822283,0.186863785642,-0.00885926796975,0.674499066784,0.283026205602,-0.672839362861,-0.651869312404,-0.735490666972,-0.671131755759,-0.295978279691,-0.676268534446,-0.653294383203,-0.441270250307,-0.391411542143,-0.395841806302,-0.219717676243,-0.340667502711,-0.589257454956,0.748123593712,0.514531206204,-0.100505489579,-0.328429466788,-0.472858627022,-0.218143120061,-0.437880624763,0.890726856721,-0.34408057925,8296127332.49,01030330,0.00197433
426,600416.XSHG,600416,2011-05-31,2.10148098534,-0.632209103173,-0.729243448023,0.981315256172,-0.20975854399,0.923500189292,0.37732898869,-0.218815764553,-0.887717279195,-0.316317311856,-0.12381116681,-0.701734871419,0.432418635829,0.914519846619,-0.375150987336,-0.449603742854,0.0123220868168,0.0569950087723,0.0104554516344,-0.260801854358,-0.528499466602,0.33346769465,1.12044590156,1.09729452548,0.872250086096,0.229635007448,-0.369492980615,-0.390173859249,0.27753539237,1.85409183713,1.94335868063,1.89066889025,1.81759572837,1.93911507092,0.458826145778,-0.35080047794,-1.09729452548,0.436241682106,0.318313345597,0.19196549027,0.157513058466,-0.126312611021,-0.705228417742,0.0475890510283,-0.34372440811,0.253760666793,0.0946247235945,-0.231198176226,-0.558247388474,0.0727063330833,0.115805286009,0.173868600714,0.486947299498,0.0543090616797,-0.0384506737568,-0.0122415808481,1.90489630571,1.89080345809,1.84047011612,1.8246449947,1.9962887289,-0.0642062060082,0.500869081341,0.572606859904,0.0334474197715,0.139231104356,-0.364456483016,-0.199584513989,-0.914519846619,0.103675418196,-0.364417341138,0.0311377395566,-0.126336783254,-0.319460022971,-0.319412764875,0.302848003161,-0.160677917748,-0.652096793645,-0.466915675513,-0.110435559678,-0.145940588421,-0.503009843836,-0.302625819028,-0.22415902683,-0.6313922824,-0.062832728946,-1.24622865341,-0.36747987187,-0.369060129077,0.103054396201,-0.161953433795,0.652003272844,-0.217914432814,-0.119854702968,0.34372440811,-0.418606330485,0.409178822712,0.0745908602849,-0.472975979974,-0.0164358151678,-0.0550975056185,-0.449629694113,-0.065789136,-0.115684641082,-0.380382589649,-0.165224291057,-0.465931965426,-0.13398949688,-0.269858427004,-0.299952397767,-0.238412100987,-1.1597611892,0.336973808187,-0.068994764228,0.311034153155,1.48532403276,1.14206464433,-0.637654029813,1.21633907675,-0.281280133631,-0.065785554937,1.61419064113,-1.79592882166,-0.983234568791,-0.227305053865,0.302330136067,0.550832616038,0.182727140309,-0.479707800999,-0.469167412024,-0.447873359865,-0.503548304093,-1.07575464984,-1.0400156697,2.20823941886,2.02727930076,-0.958740553848,-0.310774987717,-0.502236196548,-0.582138883763,1.85092197621,1.81844111712,-0.571066172715,-1.10557650351,-0.418591329674,-0.0424328033134,-0.494523453992,0.232852356304,-1.17854073284,-1.02851948846,0.108949883167,4.38073820362,0.817349895792,1.86337210315,2.15714304904,0.173119386297,-0.255136253059,2.01982445468,1.77796939479,0.479461600216,-0.682827676851,-0.0104552348612,-0.267984359313,-0.266755710109,-0.268187048642,0.0548096542666,-0.00156431778431,-0.0615058368353,-0.28467185366,0.318012629317,0.284416353496,-0.353123421068,-0.359384150372,-0.400222258544,-0.3402775792,-0.239037347162,0.50141652726,-0.658487505116,-0.224093581835,0.0805403295118,-0.294310419438,-0.469059895935,0.151326633655,0.0546672158999,-0.571381825152,-0.573479211729,-0.571521525285,0.297534469692,-3.27710825902,0.216425095414,-0.138189980501,-0.310420073797,-0.533070259675,-0.241104962142,0.238383993356,-0.275321727931,0.579775384951,-0.857733254831,0.298362206379,-0.951038221234,-1.4007884013,-1.69554469292,0.198204030497,0.198204030497,-0.198204030497,-1.34466316332,0.370607876408,-0.253403455699,-0.253235175809,-0.253525330247,-0.497127064307,-0.106848858635,-0.522213332055,0.559744546085,-0.528820453672,-2.62306376477,-1.25445944198,-0.355178347806,0.210593664724,0.928470181166,0.592094409311,-3.28739041125,-0.913154795517,1.86228775798,1.90772840954,2.87978190866,1.85003836486,0.63209837688,1.79316794203,1.73882903404,0.945138819275,-1.0327252956,-0.855752087883,-0.767789047284,-0.0437314905048,1.01975410442,-2.23690760848,-1.92043101921,-0.17832110348,-0.144672724225,-0.457848300856,0.379262268259,-1.31279092667,-0.345041861683,-0.832669362614,7618226465.84,01030330,-0.0327476
433,600481.XSHG,600481,2011-05-31,-0.942177543211,2.25137479773,-1.21150659783,-0.447097472005,1.50075693518,0.315125388011,0.56276926748,5.23342073454,-0.369378143652,0.148893183302,0.553678111187,2.43755458222,2.41543855483,-0.892537367845,0.961428008318,-0.245811997102,0.0226613090883,0.111740214567,0.063912507851,0.137760162387,-0.0832757533158,0.191128846208,-0.35664948937,-0.0425945823743,-0.608546571695,1.59002775945,1.2905553177,-0.178696445529,0.232195069232,-0.0838211755186,-0.0370226708728,-0.113410687786,-0.0612918904479,-0.116500249255,-0.245959803355,-0.648068350815,0.0425945823743,-0.0781657685867,-0.215290071653,0.223470687386,-0.0213886990042,-0.03597406409,1.22782407508,-0.629858002085,-0.60256059787,0.293072449067,-0.211247076659,-0.0821679929445,-0.900798231989,0.801332189866,0.131377381611,0.552630842612,0.884788793031,-0.624554209317,0.288281823366,1.10709684114,-0.0874863729629,-0.0409818464759,-0.127119080701,-0.0625171209449,-0.140361917414,0.0960891061031,0.165936611482,0.255387684029,-0.219857498919,0.133930408085,-0.147539354151,-0.0868236881053,0.892537367845,0.0762843753198,-0.147502257127,-0.498989206159,-0.136448056414,0.0388039712895,0.038851801909,-0.824202618779,-0.0740850135854,-0.472376950252,-0.179835984933,-0.450883600649,-0.127858410724,-0.272258370237,0.459061936318,-0.160520024557,0.362402324827,0.747684240429,0.388599989707,-0.0147166511991,0.307340449793,-0.0728944226636,0.0512730790645,0.911127690716,-1.35583042217,0.309917728821,0.60256059787,-1.0146896609,-0.329817397363,-0.633923907593,1.34545962186,-0.0813522434195,0.298693841904,-0.196612419454,-0.100810292469,-0.270598901853,-0.874265717984,-0.393327072863,-0.712732666608,-0.275252328003,-0.777552998112,0.201515550734,0.144348054894,0.742127386864,1.11814036353,0.0750480201763,0.874873360035,0.649293896676,-0.343723376719,-1.17874122906,-1.80611064443,-0.046402180061,-0.216741110222,-0.520654446118,-0.428174184633,-0.650766401115,-1.11890962715,-0.162340809947,-0.0751135385506,-1.00064090027,0.382946748565,1.97622804815,-0.462611159266,-0.148313783763,0.557990277018,-0.347701336813,-0.529646481502,-0.450975101499,0.581090100817,0.809481085297,0.235879876023,0.492804352466,-0.0122583439982,-0.222045213032,-0.215435203173,-0.0613565525495,-0.284240894241,-0.0864799725147,0.545397945829,0.497785294769,0.184415068196,0.624343744538,0.681916619823,-0.621861523132,-0.604941442273,-0.578750587107,-0.655019787373,-0.0651040209417,0.335773436001,-0.864590412273,-0.417899934149,0.687263172283,0.169884178812,-0.857970684072,0.567865009854,0.568525710924,0.558439700766,-0.269186760053,-0.138247899199,-0.189413699058,0.0203496760967,0.283750192878,0.264336083764,-0.238431686052,-0.244744946083,-0.288359301977,-0.235601238656,-0.186116502673,1.11781769044,0.62627421761,1.04343042264,-0.0347402083859,-0.326484069539,-0.20454095859,0.183092780747,-0.268900436802,1.72347391906,1.70596466371,1.72359154392,0.681269925915,0.481659408044,0.56165578598,0.0510469873885,0.342157043373,0.356313395105,-0.738894565318,-0.31082415435,-0.203424258835,-0.278191902937,0.655257189099,0.298362206379,1.08169887776,0.434489853372,0.600458209751,0.615699386988,0.615699386988,-0.615699386988,0.295549600763,0.613643576989,1.0875367919,1.09218116374,1.08978072018,0.824367568822,0.698129909085,1.1687843829,0.619289546052,0.542943738404,0.464791077546,0.337293116515,-0.0857148104904,-1.23724659357,-1.02660316633,-0.739748875474,0.791288266641,0.795524656662,-0.0913537399242,-0.12281926692,-0.788388377421,-0.0859703818846,-0.66720894232,-0.0385025584828,-0.0404560556636,-0.535521744073,-0.510239998044,-0.0224811333552,-0.77841118044,0.201135196142,-0.31616833708,0.361477554794,0.524503886666,0.244106514841,-0.58979743281,0.290807452007,0.797158825954,0.590200248209,-0.345041861683,0.577538299779,11219738273.1,01030330,0.06746987
441,600520.XSHG,600520,2011-05-31,0.128676874237,-0.211577299864,0.42767506562,0.0229181671111,0.176683649619,-1.6780208185,-0.406559748192,-0.218815764553,0.27916778274,-0.306632992414,0.341048511563,-0.701734871419,-1.08583098965,-0.791694100072,-0.60733850049,-0.231071606766,-0.0186955799978,-0.0425417290358,0.00154594226501,-1.089487144,-0.886850260223,-0.286608765498,-0.529118001966,-0.650656447235,-1.02072708469,-0.666333632845,-0.491555355491,-0.144434741631,-0.0323811939012,-0.406790803764,-0.261605700402,-0.380753564302,-0.427196817793,-0.333768147663,-0.621781564161,-0.41473931416,0.650656447235,-0.716864121656,-0.618643835873,-1.91363185031,0.622657627889,-0.395810062345,0.693377405437,-0.788216804625,0.469222265553,-1.32534767833,-0.466140243537,2.87856498158,0.0296949563497,-0.453487575897,0.0797944950958,-1.56309531512,-1.33751206325,-0.634138161378,-0.150654303687,-0.329765471711,-0.411585639043,-0.266500507376,-0.365580776195,-0.425886467225,-0.349535358515,0.179724826639,-1.77621305296,-0.492439649736,-0.217522680403,0.144360367245,-0.073894649907,-0.00382910803489,0.791694100072,0.120591959036,-0.0738582471237,0.363766411378,-0.10391107029,-0.235865090977,-0.235817699292,0.212444870741,-0.0481860310068,0.048482125899,0.0332553167759,0.196413429061,0.0138873155485,0.192715204669,-1.82417474038,-0.150911783038,-0.378764120563,-0.805334288304,-0.937724585541,-0.360206403403,-1.38847866532,-0.538806895018,-1.24443336408,-1.84438773927,-0.920095030474,0.326805142143,-0.469222265553,-0.189637673492,-0.127609303998,-0.353470145308,0.0639532235695,-0.145270422774,-0.640002551205,-0.216726763465,-0.0213996135207,-0.182383836692,-0.503853371733,-0.302085960141,-0.400984412483,-0.187571950064,-0.414914018749,0.0986250114482,-5.17441872717e-15,-3.82743707841e-17,2.66852029479e-17,-4.54317090275e-16,4.07119712321e-17,-0.0822324724022,0.0,1.52005937989e-16,0.0,6.55028666239e-17,8.70167877324e-17,-0.745412936893,-0.0435607164019,0.461944980876,1.91304542037,-0.342571018947,-0.0751135385506,-1.52855605001,0.659153288714,-0.970855918042,0.715228505326,-0.389536990214,-0.303424006576,-1.42704257298,-0.670247531474,-0.547937498742,-0.617758108334,-0.98439995663,-0.584312607845,-0.66151388778,-0.398447072151,-0.33551310835,-0.516176266381,-0.601213962203,-0.388218580306,-1.68370770151,-0.557578235041,-0.77536935232,0.319634479232,-0.677633805405,-0.830046769547,-0.0890601089279,-1.01081996905,-0.703915527753,-0.264945587484,-1.06096559357,-0.93637608567,-0.532738295396,-1.05943895449,-1.86355095533,-0.113414144165,-0.876700307259,-0.630243596567,-0.630405831401,-0.627434855049,-0.73187489497,-0.582578426418,-0.684579226809,-0.525552735026,0.380683198009,0.429037269597,-0.705180314862,-0.723487018278,-0.773592224648,-0.645030927581,-0.0583366484684,0.570312481504,-1.40607100938,-0.34954137768,-0.413546924187,-0.631584313172,-0.742179580622,0.370912902187,-0.732104149528,-0.534375710312,-0.536343625289,-0.536389043397,-0.76343835905,-0.209140159119,0.435977641671,0.475456907729,-0.0546783747137,-0.0798184627384,-1.45911049541,1.10168369924,1.57479251454,0.458498553915,-0.857733254831,0.298362206379,-0.951038221234,-0.221433761428,-0.312348243511,-1.77602808022,-1.77602808022,1.77602808022,-0.441255156355,-0.555155802512,-0.475633120308,-0.477404590616,-0.477689076733,-0.802087364259,-0.689764518018,-0.860641765224,-0.513188943888,-0.436251280189,-0.391862505935,-0.185859175095,-0.684224169708,0.53443981726,0.312708098747,-0.17275572541,-0.61775764731,-0.822524045143,-0.400026887841,-0.371549230856,0.000430858804103,-0.402479748358,0.979633465299,-0.448062467716,-0.445874460643,0.604617293413,-0.991891339295,-1.1096728227,-0.450574083486,-1.29518456241,-0.229680653872,0.105490026138,-0.592436325059,-1.16769105165,-0.579558315211,-0.120557219325,-0.819856720315,-0.747897860594,-0.962926220885,-0.125426737516,1290916800.0,01030330,0.01751313
443,600525.XSHG,600525,2011-05-31,-0.378118284709,0.2026779043,1.27933126635,1.04490413433,-0.220257246296,0.062264174133,0.0253468034704,-0.218815764553,-0.096524422702,-0.124446732926,1.33034696753,0.209671744154,0.122571773486,-1.27763682666,-0.222941324835,0.0870166577003,-0.080730913627,-0.00770387080296,-0.0667602962339,-0.821216466736,-1.05171136913,0.440393185936,-0.684051013072,-0.916267550393,-0.150568223924,4.17518498305,-0.802814411425,1.22839629045,0.170952249892,-1.01572808427,-0.873951209915,-0.993496989304,-1.02883550046,-0.921511963247,-0.37740130154,0.537146133773,0.916267550393,-0.785771863506,0.356127760993,0.444007067198,0.849266520685,-0.0406352821712,-0.66247268417,-0.356425695245,2.70074203746,0.585102831677,0.935772174292,3.14681931149,-0.307590140552,-0.211245404545,0.112115676765,0.0707388143639,0.378622594207,0.370579479697,0.0183966802777,0.500065873318,-1.01596366769,-0.778292573441,-0.966164620181,-1.03969439115,-0.914146812973,-0.249575961363,-1.25352120178,0.0988028993416,-0.0701086485602,0.138339889702,0.983911101964,-0.0684031840777,1.27763682666,0.0929423543977,0.983937532929,1.97147165852,-0.121837276403,1.15300499344,1.15305460461,1.17848826098,-0.0625802160285,-0.188016049218,-0.412588655257,0.782249387488,-0.143469552167,-0.0500627484259,0.459061936318,0.242901336912,-0.575665481995,-0.638129738677,-0.0073540501563,0.387142481627,0.854627527852,-0.022924958106,0.269474877224,-0.391084214507,-0.466163380806,0.54658626045,-2.70074203746,-0.493654512422,0.601009535185,-0.102537831685,0.975634002486,0.00585841019171,-0.708462176362,1.21774355939,-0.0659820141238,-0.266295727942,-0.601330304957,-0.330160148671,-0.667269379548,-0.28012346011,-0.498599937063,-0.312834701923,1.56994029453,0.119931820217,1.47867877369,-0.0329840681269,0.211878246846,1.48532403276,-0.607050074542,1.54093390399,1.21633907675,-0.261574221425,-0.0860853933684,-0.330030399931,-0.201295453373,-0.560442679261,0.0399265689399,0.666718151454,0.550832616038,-0.784282232339,0.401273248859,0.090192057181,-0.201541569885,0.954872473046,0.169781752628,-0.825972303738,-0.837508001311,-0.787894946465,-0.016763460253,-0.907970048478,0.769543274603,-1.01033492816,-1.03692851053,-0.900117235753,0.335885603655,0.271921514002,0.120644165595,-0.634494854714,-0.554049740569,-0.734848905125,-0.0920823392753,0.323654146334,-0.699493275181,-0.427867483757,-0.753511264774,-0.530934767084,-0.388922658767,-0.427379503772,-0.614574949271,-0.53425504474,-0.547378078422,-0.245298887373,-0.296209972591,-1.04760811884,-0.364896276051,-0.364150117967,-0.36122148206,-0.330557826077,-0.403833965537,-0.215232492401,-0.473048548839,-0.290806891763,-0.363404929859,-0.175460286572,-0.163104357221,-0.0714708594712,-0.20005011022,-0.0471547219128,0.0841973053911,0.142876722425,0.217292463676,-0.657936723695,-0.225399746064,0.0963739408665,-0.0729245935414,-0.330725839864,-0.340285274036,-0.337017372532,-0.340443814968,-1.25303466425,0.580410516645,-0.0820604973207,-0.113404955514,0.351035643606,0.370866282958,-0.203813653491,0.472968725121,-0.0208061551258,-0.284579563386,0.18972166789,0.298362206379,0.456241308835,-0.0664799815988,-0.0070836039788,-0.878375315536,-0.878375315536,0.878375315536,0.237690779831,-0.426362795609,-0.0197814481625,-0.0203922781778,-0.0172379042061,-1.14770903754,-1.05061706906,0.235556212054,-0.477237245795,-0.015868336387,0.445281368605,0.115928828741,0.346147417914,1.31076892353,0.628282921621,-0.575852418033,0.741100475351,0.410278102202,-1.01028939919,-0.982552453176,-0.5303333305,-1.01187932698,0.197679516357,-1.04638787074,-1.0233659166,0.0208661062203,-0.670622227066,-0.561094154699,-0.493203835222,-0.659560000763,0.586842561011,0.46995850213,0.184618654599,0.488669872816,-0.380874355922,-0.438031914774,-0.61449861808,-0.529782967401,0.272842497519,0.319305900655,6856270289.28,01030330,0.04911839
444,600526.XSHG,600526,2011-05-31,0.441587798864,-0.343640024281,-0.264936904854,-1.1395908706,-1.54489271137,-0.460028451125,0.642693633923,-0.218815764553,0.309024116947,-0.523198585919,-0.658952776602,-0.701734871419,-0.621060696138,1.3300753259,-0.446608195304,-0.3511004995,-0.0729764969233,-0.132124793063,-0.102398333712,-0.559015261811,-0.188905326091,-0.538386311218,0.962987200942,1.27033501638,-1.3871097629,-0.510155612977,-1.6526736965,-0.674900433027,-0.00749560824289,-0.218558529522,-0.0800724883088,-0.211168776966,-0.218291122313,-0.163849502918,-0.411763521358,0.0550600328191,-1.27033501638,0.748321396179,-0.778304700877,-0.679678296604,0.574950492563,-0.259662343908,-1.17060813316,1.22433998341,-0.769673283492,-0.459977925669,-0.644565460352,-0.0887915566459,1.2360166893,-0.844410295889,0.198885460867,-1.23452812103,-0.992394074283,0.721991055272,-0.0396932388723,0.307950578005,-0.215326224725,-0.0945606102089,-0.220179175762,-0.228814712546,-0.164177832674,0.319886530589,0.0599328590533,0.685995841918,-0.255932734041,0.135455388655,-0.736696988104,0.171267992173,-1.3300753259,0.0850397167011,-0.736654337156,-0.942494101921,-0.120200915628,-0.545166339356,-0.545119441948,-0.59819478773,-0.0374605288242,0.0494206107209,-0.398668203059,-0.0238077066399,-0.0235972609938,-0.492431974166,1.21983639699,-0.711434132471,0.0893410028415,-0.248458118785,-0.00978321604503,-0.776612473164,-0.758327698683,-0.599333288707,-0.699995001245,0.258221593283,-0.919445164118,-0.556479998133,0.769673283492,-0.0194647259139,-0.593354605126,-0.294427247985,-0.493816563033,-0.184474379445,0.0475919321159,-0.770400548597,-0.0915383655202,-0.201748119288,-0.425871825154,-0.323141601538,0.00818517105579,-0.243589969303,-0.347965284097,0.252885410378,-5.17441872717e-15,-3.82743707841e-17,2.66852029479e-17,-4.54317090275e-16,4.07119712321e-17,-1.16022488296e-17,0.0,1.52005937989e-16,0.0,6.55028666239e-17,8.70167877324e-17,0.691358720181,0.714862470953,1.23834463256,0.00995666731696,-0.0199654047011,-0.0751135385506,-1.26938114043,0.527595197316,-0.763387071666,0.734835042029,-0.467055651677,0.267855485106,0.265154623985,-0.456241777491,-0.384048194311,0.172225274901,0.153655200291,0.493922777934,-0.266542276879,-0.178094403861,-0.253719153894,0.28027978045,-0.120698462698,0.280522380527,-0.864377383912,-0.0613374005951,-0.086107845087,-0.065020657834,-0.0325654240387,-0.232254392751,-0.181587581224,0.045299699022,0.157472406471,-0.884226177696,1.97760686465,0.059137371377,-0.317107096999,-0.46567648052,-0.35743718763,0.0164644548986,-0.84626466958,-0.35026647195,-0.351430025262,-0.352927394617,-0.7070261538,-0.576919679609,-0.655066156287,-0.607764544293,0.339243096473,0.377002428455,-0.692727611583,-0.709034964,-0.74841638711,-0.639112851406,-0.065697909839,0.236235773891,2.45544782333,-0.329802573103,-0.87633099304,-0.62950144019,-0.726255125256,0.347588108868,-0.707410588122,-0.442260412702,-0.450690903119,-0.444793018897,-0.00219407907107,0.0310412682641,0.695551675799,0.933698579365,0.0609131263398,-0.00752007670031,0.210962914338,-0.183698329337,-0.576676255312,-1.09302276779,-0.508581613924,0.0666553865314,-0.638309436774,-0.219727848256,-0.120878874409,-0.342350535954,-0.342350535954,0.342350535954,0.152316037543,0.138030213458,-0.285708521637,-0.28716218034,-0.288032798137,-0.0701826443727,-0.162364635719,0.201837827771,0.135065112357,0.0758515786242,0.193428762282,0.0729300102522,-0.0541638978206,-0.352192340496,0.0749238972324,-0.0339605272174,0.128956723308,0.328275715417,-0.21763127,-0.204910592958,-0.122520576294,-0.218097962954,-0.256485656007,-0.217358277449,-0.209943151919,-0.155475398244,0.592300294415,0.748698545579,0.183260267857,-0.5602989825,0.759817927427,0.426291052648,0.151851275939,-0.522933107899,-0.669231090406,1.45945559866,0.138002399899,-0.394992864866,0.478597989133,-0.197332398885,1806000000.0,01030330,0.0124031
450,600558.XSHG,600558,2011-05-31,-0.546463458043,0.47174428522,-1.07298420374,-0.17735568575,0.441498306731,-0.547104838998,-0.751061327685,-0.218815764553,-0.515342444221,-0.277701088084,-0.900836784228,0.296472374208,1.23802047792,-0.00119116880055,1.38610458575,0.109712179328,-0.0781461080591,-0.102263771721,-0.0994284972551,0.533085127219,2.4577571469,-1.70725557066,-0.717678764901,-0.875125056054,-1.82982216575,0.435132402011,-0.930979905045,-0.624098596212,0.13441292656,0.0304547683394,0.229847305804,0.0376051775841,0.032087902398,0.105871607044,0.662115921764,-0.253659571916,0.875125056054,0.0586353715148,0.2006684977,0.780062503101,-0.605801106741,-0.338558008227,0.368598275422,-0.0188618458204,-1.09761622294,-0.162331574163,-1.91903129474,0.159592082157,-0.78526338279,0.485091625885,0.186777811115,-1.137758331,-0.89578570334,-0.634138161378,-0.300259143594,-0.840738791881,0.0301626640276,0.236654854847,0.0297211884041,0.0246167012585,0.0963886109299,0.157678561079,0.299609008207,-0.667922598092,-0.105954979906,0.134555214069,-0.479610020561,-0.124478838031,0.00119116880055,0.0764246588292,-0.479569793144,-0.658373778073,-0.134409884631,-0.284827836859,-0.284780523419,-0.668051753691,-0.0987874780353,-0.804600577202,-0.666899398145,-0.143050261935,-0.138515002947,-0.531408632307,-0.302625819028,-0.0716749860896,0.0967712428955,0.0306884598281,0.213700045718,-0.289290085845,-0.0780729854607,-0.395936454099,-0.225921387653,-0.505650574177,-1.3509564245,-0.700390129051,1.09761622294,-0.516121165614,-0.33992327701,-0.515838112947,-0.467292184594,-0.173554141514,1.18517103188,-0.53326301921,-0.0972053084893,-0.22756716275,-0.490856447303,-0.337178695803,-0.375005391306,-0.265510063787,-0.342386222876,0.14215223132,-1.77586118983,-3.82743707841e-17,-1.07513496493,-0.14101615643,4.07119712321e-17,-0.918262608491,1.26075711002,1.52005937989e-16,0.432741000888,-0.325441436883,-0.249894900401,0.622368680766,-1.16715062359,-1.00245238195,-0.931597742004,-0.181642883943,-1.32700584773,-1.4415570909,-0.617156553206,-0.811038926841,0.466528140442,-0.531929548285,0.251509863026,-0.428300259697,-0.66805634628,-0.703664985223,0.23068439427,0.149976887528,0.386980500882,-0.277124663778,0.0808048518862,-0.0131206447454,0.256303930643,-0.0787679517123,0.0372933114182,-0.906529739504,-1.09118991978,-0.736859300462,-1.08892158998,0.229813141154,-0.0334092057134,-0.334367688871,-0.481767463597,-0.447257082045,-0.111334972333,-0.644501097992,0.0666648833395,-0.394271719872,-0.502712562978,-0.339937396648,-0.015929742544,-1.17169187245,-0.601048115685,-0.601478202172,-0.600904169792,-0.700214378608,-0.580698143927,-0.692449021149,-0.609377040041,0.281723824846,0.301645725146,-0.713427668182,-0.726688763326,-0.748093851692,-0.664098493292,-0.0839705696919,-0.102805022859,0.362402715684,-0.644045768893,-0.789602493167,-0.707704825885,-0.787460857228,0.441553704811,-0.700604764915,-0.640314228333,-0.643048082383,-0.642327796852,-0.0311086493397,-0.0185318555108,0.454867783946,-0.0376696345511,0.0344130840524,0.097901914877,0.122982767818,0.23890403206,-0.255653281129,-0.111067836174,-0.857733254831,0.298362206379,-0.951038221234,-0.362740235878,-0.262919271629,-0.0403647446403,-0.0403647446403,0.0403647446403,0.0300021131612,-0.00269859726224,-0.592263977025,-0.594997405348,-0.595376712214,0.0111401022814,-0.190122524261,-1.04190848022,-0.0278410196279,-0.0736179125052,0.244272246187,-0.124546045028,0.351437141886,-0.386004583801,-0.30450004384,0.0059061786465,-0.139132358887,0.0795022094859,0.0311058038595,0.0451241134447,-0.266202195217,0.0289507722412,-0.303876804428,0.034637866413,0.0422450823635,-0.21324244281,-1.1007792814,-0.698746958811,-1.03111357021,-0.335908836511,0.0226854852047,0.461362547507,-0.0307098337398,-1.1287832447,-0.529032455665,-0.314434204307,-0.0343260775006,0.0363354632465,0.272842497519,-0.501433727041,1993820170.68,01030330,-0.00920809
453,600577.XSHG,600577,2011-05-31,-0.583140518181,0.548300765024,-1.33207238529,-0.0328203601061,0.234068122869,0.0553046911822,-0.726650930053,-0.218815764553,-0.52363587039,-0.453592539935,0.470196020059,-0.701734871419,1.17605110545,0.949713470271,3.97773551865,-0.496749594484,-0.401246804044,-0.619854808323,-0.408291488728,0.412504943473,1.02040520334,-0.755435919597,0.969481831123,0.884321613612,-0.532216847066,0.0487973002332,-0.540380305441,-0.626461472343,0.133623871405,-0.734205113809,-0.710233262786,-0.726247112397,-0.741778500215,-0.703544688684,0.208678797313,-0.423328113055,-0.884321613612,3.7077702817,1.11661767062,1.99826345825,-0.104876185824,-0.0885774471467,-0.429782826463,2.38424066734,-1.51100023475,0.805657246515,-0.44065092685,-1.01277869299,-1.33033347056,4.57821318859,0.161165475103,-0.78492530483,-0.520143580152,-0.634138161378,-0.294108446272,-0.839404657886,-0.729053036434,-0.681714653637,-0.720716892143,-0.757473194766,-0.696449016837,0.249917702321,-0.923266034935,-0.654423909757,-0.203925796099,0.138438448964,-0.602797525842,-0.145524623063,-0.949713470271,0.0975414529806,-0.60275613715,-1.47608592963,-0.123496930569,-0.411414448165,-0.411367337016,1.58754375684,-0.0889251953443,-0.855747999995,-0.439142510544,-0.100130075407,-0.152862576762,-0.615609078468,-1.0634002797,-0.223659897401,-0.295173919955,-0.111010311042,-0.233266477808,-0.0474472593026,-0.139739135101,0.178360490675,0.086100076165,-0.679420803914,0.212622028038,0.515503630132,1.51100023475,-0.56440056928,0.238977709365,-0.737248977909,-0.549138838063,-0.10540096684,4.40702090922,-0.629600140523,-0.0702804408816,-0.216809227974,0.353943640638,-0.245937583081,0.0536484581157,-0.202185346387,-0.124802835258,0.223202327842,1.6369378865,-3.82743707841e-17,0.547287880779,-0.0624473649369,0.0464228292186,-1.64978897757,6.24051016886,1.9713939633,0.712597456552,-0.391845641038,-0.00512117290652,0.850973306143,-2.15461329203,-1.89223713128,0.387077929406,3.45559652961,0.550832616038,0.438713606362,0.319458515403,-0.0442106112604,0.195984251446,0.116340449871,0.119110324181,0.0503508908273,-0.807927001187,-0.718682730251,0.0480476350714,-0.122539183562,0.85909849993,-0.31000818817,-0.728589431973,-0.708951396045,0.344974507151,0.118635450866,0.263605521584,-0.65643410825,-0.456597012027,-0.475600824063,-0.50080751731,-0.236249096368,-0.173494729143,-0.632807993583,-0.420428642113,-0.625863233305,-0.478428056571,-0.52077025735,-0.330411372685,-0.435666337384,-0.294717923893,0.200022370277,-0.466631620006,-0.174339437747,-0.0194731320852,-0.0201861016106,-0.0221505999111,-0.564410995334,-0.48445938776,-0.501806428733,-0.536004662439,0.0329457776051,0.0617645908472,-0.49809673766,-0.505426939667,-0.487199340531,-0.461792249777,0.0583108857353,-0.34267677945,-0.194589453459,-0.379313566335,0.224934363968,-0.723073678898,-0.455529529253,-0.0356049242309,-0.564605114364,-0.0144867465227,-0.0177377506989,-0.0145095439932,-0.292708183431,0.220069016073,0.245347290648,-0.102058983973,0.29507602562,0.311786519487,0.372811750865,0.380342740496,-0.0604202988105,0.211292151516,0.306105548192,0.298362206379,0.612605701065,0.151308266749,0.184114177365,-0.699448734182,-0.699448734182,0.699448734182,0.189820615281,0.099949315565,-0.14924060257,-0.150477477707,-0.150406002281,-0.680103244278,-0.273396189887,-0.836107599316,0.0811375652175,-0.145804882653,0.325858301757,0.0267460940979,0.219443950796,0.536017721948,0.68668150534,-0.921363868853,0.0766646221103,-0.0769939117991,-0.731891935958,-0.722494254645,-0.156832604693,-0.735735222236,-0.20119598285,-0.752965890206,-0.737939105035,-0.0399413091123,0.045947592435,0.323951352219,-0.250822720502,-0.279052292755,0.214585946415,0.471333854869,0.284548983309,0.266339547384,-0.461892178883,-0.350399422454,-0.610190406145,-0.211188179591,-0.345041861683,0.613575770388,2859400800.0,01030330,0.0700309
473,600875.XSHG,600875,2011-05-31,-0.0547334589759,-0.102112347859,0.00697742429514,-3.68539029917,-0.654273880746,2.59974136858,-0.141195102959,-0.218815764553,-0.0699854589622,-0.475745420657,-0.302548464481,0.0505372557206,-0.435152578732,1.1622288131,-1.03491984248,-0.695744864016,-0.0859005247628,0.0569950087723,-0.048941277495,0.14504352919,0.666990371069,-0.679354320029,3.21200547022,1.88384221137,-0.807003855729,1.79141520613,-0.205471664375,-0.184603635857,0.0944138998554,1.82448708157,2.0519255934,1.7995447732,1.83024833389,1.87210888322,2.2406153762,-0.67753270258,-1.88384221137,1.09488879263,1.28468173904,0.953341087239,-0.981494797428,-0.179712729874,-0.814584428608,-0.162577978071,0.0206566357265,1.30854173405,-0.415161610162,-0.939919492277,2.61941226833,-1.01603490467,0.185196550011,2.02570383455,2.16402750913,-0.581426425042,0.658504099531,-0.576580260827,1.82554905408,2.0933192723,1.83019834519,1.82916677976,1.7870572002,0.152025491059,-0.939124813028,-0.202217850531,-0.121062629132,0.140539254551,0.110886608015,-0.0625518114913,-1.1622288131,0.106057487199,0.110921268885,-1.09148402784,-0.113768057257,0.204799621964,0.204847717852,-0.205576225033,-0.0631485021937,-0.237286502368,-0.255348510906,0.139552543971,-0.160033175176,-0.473796212336,1.21983639699,-0.858926878916,0.0410444424903,0.0760320665064,-0.32557478158,-0.231102338106,-0.122395530515,1.17704598655,1.88928561992,0.13953258052,-0.24455895341,-0.427254574452,-0.0206566357265,0.550327840133,-0.0725247182178,0.0303086872926,1.26171836994,-0.145361172674,-0.636254761507,0.0193521162375,-0.042685092177,-0.268447314898,-0.594831842742,-0.281030318743,-0.712732666608,-0.263074497733,-0.387018712644,0.508926541079,-0.211030476442,-1.34509603884,-0.86482089234,0.562829267364,-0.159516360807,-0.657003190963,0.478950449815,-0.443782705387,1.16036778562,-0.367124751175,-0.246367901446,3.11081776794,0.0666375244958,-0.0454052865605,0.681781962031,0.861160061523,1.80272492522,-0.248623719746,0.672898163934,-0.37826233446,-0.65893970128,-0.30420219663,-0.665479535639,1.56462216369,0.885859154059,0.724653155984,-0.0871936112302,-0.0816086965734,-0.199939675313,0.116142401582,1.90553944792,1.75409728774,-0.702114314179,-0.83339438744,-0.994135144971,0.13217466603,-0.629844141164,-0.63584115829,-0.348274928341,0.045207522236,0.680928113105,0.347606829822,1.53550630673,0.759389199693,0.911929440401,0.100686443866,0.0102085436204,1.07899747621,1.51856867325,0.955531364478,-0.258383207875,-1.33323487244,-0.388453866511,-0.387033139234,-0.38943397984,2.44555742316,1.03153413938,3.05101839805,0.159842021514,-1.09691395095,-1.31715984864,0.440240258534,0.490906234196,0.754427604995,0.362504851617,-0.0400271116657,-1.29231420569,1.0628101469,-0.26535370182,0.26508800685,-0.135972327955,1.38675773729,0.373800733741,2.44442640733,-0.988804932437,-0.966357838817,-0.991292867139,0.0780638936264,-0.572840340764,-0.763300927649,-0.290160306421,0.259127197763,0.279264272949,-0.664722076461,0.0408047430072,-0.348059101679,0.127069665588,2.63378315424,-4.33577419057,0.612605701065,-0.180776164152,-0.393824570788,-1.14110295398,-1.14110295398,1.14110295398,-0.959251799133,-0.627793694313,-0.464582795697,-0.46504330441,-0.46230676569,0.194116282253,0.531582577833,-0.651822395103,-0.562622528766,-0.765763567451,-0.813390459711,-0.901709875487,-0.556875106358,-0.473540724799,-0.371315439307,0.129935930223,-0.365030027439,0.0739695183293,1.81973772067,1.79275757333,0.803904190491,1.82199061909,0.0436582839903,1.82918393502,1.82362199531,0.0877542630861,0.729605352694,2.01756927035,-0.866138948378,1.06149728641,0.827759017737,-1.44453251138,-0.840328667968,-0.039364650085,0.481658607068,-0.512363154129,0.0202446070094,1.0105002952,-0.345041861683,-0.146118560642,50557387800.0,01030330,0.01604265
477,600960.XSHG,600960,2011-05-31,0.231380888631,-0.261061200838,-0.862635383077,0.491908619494,-0.091012177471,-0.441138425973,0.586785949022,-0.218815764553,1.11846251101,-0.221410981332,0.633235830509,0.412206547615,-0.404167892498,0.0448312621296,0.400033845988,-0.225924168871,-0.398661998476,-0.684553687898,-0.423140671011,0.914247989933,1.65220825546,-0.808441718696,-0.0910912775063,0.426308845752,-0.562748736918,0.556786859592,-1.21401203679,0.319870418099,0.379141417717,-0.219891934062,-0.132725496431,-0.19827283116,-0.218469328024,-0.135532208851,0.806293067853,-0.644171580946,-0.426308845752,0.294571692728,1.4653506126,0.696048644125,1.09376558923,-0.229894537992,0.695844082374,-0.473092009099,0.212899048509,0.455935547061,-0.695544093728,-1.13862640332,-0.775391446275,0.462299513166,0.0571195178987,-1.07924636493,-0.82929036717,1.34175328856,0.105562623131,0.898971937889,-0.228276398573,-0.106019488212,-0.209185770703,-0.235841371346,-0.073909705079,0.167647491815,-0.414904092713,1.11660399981,-0.177647642597,0.141024882911,0.0827677209396,0.00231396244087,-0.0448312621296,0.108238758237,0.0828026468841,-0.755390474021,-0.109101614432,0.42811751172,0.428165964481,0.269227003501,0.007141542738,1.0686151273,-0.557127657091,-0.0554863636849,-0.161661155264,-0.492945023479,-0.302625819028,-0.0966314575693,-0.27659831982,-0.142184040633,0.718966550575,0.247128213629,-0.372914263429,0.433838175667,-0.321162563397,-0.203636098676,0.330572771652,0.675077448769,-0.212899048509,0.718110718222,1.23767995298,-0.0434949343614,-1.18534500091,-0.160486155957,0.359408035017,0.100868141964,-0.0471763970585,-0.23617351057,0.288959018489,-0.326650875104,0.521270839303,-0.238718837195,0.232257082884,0.121677705498,-0.216856354005,-3.82743707841e-17,2.66852029479e-17,-4.54317090275e-16,4.07119712321e-17,0.806049547192,0.0,1.52005937989e-16,-1.4143116065,6.55028666239e-17,8.70167877324e-17,0.509388476847,2.40889033103,1.95901262608,-0.229802545667,0.524756177512,1.80272492522,0.415028025873,-1.06419225681,-0.475276624226,0.423762204682,-0.440289741456,0.469723917789,-0.627136281717,-0.496048308522,-0.461422228474,0.642062089795,0.211668857965,1.02658582559,-0.662692865113,-0.19480408896,-0.2196886045,0.71310897959,0.366881054512,0.677381390673,-0.0355914456942,-0.169765501445,-0.43242800655,0.0671386541377,0.670777336252,-0.205423496126,-0.263701792232,-0.562918352167,0.0991089790913,-0.404646580002,0.868991824974,-0.311592592778,-0.44356607355,-0.599673026853,-0.516714564497,0.25076906932,-0.0420614739892,-0.327730006229,-0.329369479672,-0.329882080784,-0.687572591708,-0.558630821306,-0.706286906855,-0.588666786598,0.252800123432,0.320644278476,-0.672345444417,-0.689506549227,-0.717518919372,-0.60611603584,0.0531685282582,-0.155240563161,-0.158421130787,0.391450331166,-0.231692376287,-0.761466939596,-0.787516218881,0.37224574752,-0.687880551405,-0.294719624317,-0.301180342483,-0.297077190264,-0.315962914826,0.272912545199,0.565305745674,0.140577779753,0.113112236276,0.202038501587,-0.423156422093,-0.245216544212,0.857277463702,1.14037144941,-0.741349374528,0.0666553865314,-0.951038221234,-0.678334172778,-0.491867751278,-0.22080125495,-0.22080125495,0.22080125495,-0.149511003901,-0.212655070121,-0.41854608598,-0.42090371959,-0.421306899887,-0.131174704363,-0.689764518018,-0.14637566049,-0.245798189319,-0.152598950432,0.739109409316,-0.123749770612,0.17650138847,0.176443298986,-0.172908568528,0.939082404793,0.60737158074,0.365621380724,-0.216842429857,-0.18317511845,-0.363777025978,-0.217542404889,-0.556629596005,-0.216464908766,-0.1918249978,-0.593288788639,-0.863701352695,-1.254636642,-0.10486969897,-0.650242532343,-0.0255735065198,0.213970973473,0.289637085585,0.283014321791,-0.555538246883,-0.222455332009,0.0145003244294,-0.178103336241,0.272842497519,0.325037634724,2116705500.0,01030330,0.04952572
495,601877.XSHG,601877,2011-05-31,-0.124133913504,-0.0514165201464,-0.113588363158,-0.240770404545,0.575044048791,0.424157287573,-0.734131535779,-0.218815764553,0.52548253995,2.27363286871,-0.847322623249,2.5677555273,-2.68749313032e-16,1.32533772272,0.361497302937,1.97132988895,-0.0962397470343,-0.102263771721,-0.0816094785162,-0.523812322261,0.553463260142,-1.3791679521,-0.963175785759,-1.64533675154,-1.35657787305,0.640629796574,0.484943643518,0.315144665837,0.228856758961,0.581881041119,0.747791356722,0.59843932073,0.582144131839,0.641519339324,0.890636698316,3.07426142225,1.64533675154,-0.210030436505,0.66704628758,3.64352033682e-16,-1.4645295426,-0.348476427859,-1.2832530466,3.62540258258,0.569741174198,-0.967967839475,-1.74060607793,-0.787577527144,-1.14550233815,2.03070076309,0.0216767528192,1.00311427369,0.0829393142033,-0.634138161378,-0.299078706734,-0.791375834058,0.557623558414,0.735201138666,0.615826288017,0.58260172472,0.602215416014,0.122055022216,-1.70938981112,-0.669272466926,-0.197241805836,0.138268210239,0.586229699045,-0.0422026184341,-1.32533772272,0.0945432367992,0.586259878909,-0.173290298334,-0.123487224989,0.829373185292,0.829422279278,0.278566170073,-0.0479198716636,1.47873299446,-0.298820288025,0.00729129324382,-0.152077190739,-0.272062204323,-1.0634002797,2.14907662853,0.45899544553,-0.584284205747,0.186979220942,1.43634030806,3.32127351347,0.397944616619,2.54744478961,-1.21381468852,-0.706938865705,-1.83723121428,-0.569741174198,0.735319218539,0.204617718563,0.000787238630976,-0.742387880975,-0.129873189792,1.02576504338,0.660893825205,-0.0695594440857,-0.281356836629,-0.607828767172,-0.400345619995,-0.277584061892,-0.294736856433,-0.794290181775,0.0745934102571,0.423990177912,0.245694753901,1.29840956861,-0.0198892695447,-0.199413411867,-0.395743773436,-0.412131459487,-0.746090533305,-2.14193839122,-0.362198273123,-0.252873255075,-0.632432732974,0.637075477378,0.0679798110863,-0.609421299557,0.247343772662,0.237859538744,-1.24478457607,0.424835892095,1.08330559272,-0.199830932454,-0.62082502428,-0.186552808707,-0.910753246206,-0.156779800928,-0.13233772874,-0.0323292914402,-0.287742331287,-0.0870429284924,-0.0924229498837,0.592669239799,0.630696389675,-1.04434025587,0.017691782249,-1.25120615788,-1.82464994631,-0.359348975154,-0.698712471292,0.0598067389281,-0.29589567867,-0.488178781976,0.125917279248,-0.580703715106,-0.537263331499,0.303534641813,-1.32417886442,0.45244987142,-0.00832220972792,-0.815074882429,-1.5929967544,1.08376271784,-0.784222792773,-0.999929250861,-1.00050905375,-0.994293711455,-0.577804021144,-0.500166480123,-0.530664726641,-0.552262084022,0.368360221916,0.392860368913,-0.64715793532,-0.662236815835,-0.708132626563,-0.590118790726,-0.113775381318,0.681158917855,-1.37587832263,-0.26403379225,2.56922212886,-0.578919499818,-0.656575462187,0.280501560465,-0.577540633968,-1.12013489547,-1.12285374278,-1.1240613726,-0.581708139193,0.359876742999,0.571602459765,-0.95617966815,-0.0830858227089,0.0208527927217,-1.17928137607,0.725364782499,1.49800239698,0.270249863165,-0.857733254831,0.298362206379,-0.951038221234,-0.612087877915,-0.646672773105,-1.0429575718,-1.0429575718,1.0429575718,0.152504502757,-1.03270162952,-0.912265190652,-0.916364626986,-0.916312653047,0.23477765558,-0.356669855513,-0.13277100056,-1.13447922656,-0.386994288794,0.110660300109,0.0968182427458,-0.836751486139,-0.297679490458,-0.79356500844,0.106311215637,-0.627121826398,-1.22713501865,0.584918914583,0.605641477249,-0.163266110018,0.588143774824,0.102897219516,0.587583449153,0.590302773404,-0.24060577971,-0.534040897655,-0.583181181212,-0.256821462752,-1.09493037139,-0.204794154218,-0.585280887322,-0.493116568623,-0.133855038394,2.80064487134,-0.532234665592,0.0647627970044,-0.138891670049,-1.58081058009,-0.337639502107,17778450000.0,01030330,0.00243207
508,600114.XSHG,600114,2011-05-31,-0.632332366103,0.665186437673,0.0223688014168,0.412498540005,-0.0617647885818,-0.756137880483,-0.338840580566,-0.218815764553,0.936836477917,-0.601157357421,0.512650587769,0.122871114099,2.53937729976,-1.70402111322,0.981374058238,-0.88783788728,8.25526704279,7.56704187639,8.05871224868,1.22945591993,-0.182982172477,1.74497556893,-0.288528035022,-0.0165780050718,1.77294083671,0.0348234774029,-0.619720849111,0.413204025272,0.389641920933,0.356345187482,-0.414015217377,0.122110822457,0.496686392897,-0.252610753107,0.195702854165,-0.801990760646,0.0165780050718,-0.34115125245,-0.26150769047,-0.469643649165,1.7318485242,-0.498325492581,2.57709635952,-0.933386026294,0.508173342653,1.35857491149,1.5475157748,-0.678288726071,-0.659652091666,0.231681319301,0.171906792444,-0.602735872018,-0.94172606697,0.0159732534352,-0.686199868471,-0.275065977907,0.394115854952,-0.491650442004,0.0222131226584,0.525656510695,-0.372697788296,3.20169993375,2.34883781608,-0.439794765229,-0.235972324761,0.147581164438,0.0693777747134,0.00797377223426,1.70402111322,0.144187095187,0.0694128268834,-0.647979132079,-0.0871223581449,0.250179727903,0.250227896311,-0.108448892681,-0.024600956232,0.565587262762,-0.0210378337667,-0.00159594070498,-0.118426200007,-0.116879876669,1.21983639699,-0.683482884414,6.26387048775,6.3306158127,0.425037478038,-0.0747227660556,-0.660047272693,-0.100342438406,-0.719185387402,3.71224143192,2.09398512866,1.94457038937,-0.508173342653,0.728149010073,0.535396734488,-0.235384350662,-1.25051918793,-0.182084632086,-0.227245979095,0.0807537979538,0.00793623063394,8.34220367962,4.44147637383,7.73415050656,3.89204883703,8.27358452098,6.01774356903,4.28737436112,-1.63662271608,-3.82743707841e-17,0.697512218345,-0.880872276325,-0.18415865705,-1.64978897757,-0.656446040801,-1.68696888179,-2.14193839122,-0.330544914146,-0.324588900498,-0.768249361089,0.438286493798,1.32098122915,1.76819089586,0.751290692538,-0.0751135385506,2.54080887474,2.04018598946,1.78146636315,-0.609989153271,-0.377621731024,2.50884027222,3.70201435452,2.08955022083,3.05599483515,1.29045225077,5.38194477651,0.664220613329,5.9766966755,-0.461318523128,0.425531173093,3.22884970568,4.3001760499,0.580362316713,4.8450162136,3.05386509883,3.69441524532,1.44597000268,0.0185602179347,6.24578316677,-0.594260107667,2.42328544653,1.54624070859,3.37998030823,-0.751837879177,5.36979706095,-0.24708383562,4.14050109479,4.01710515733,0.522900448458,1.60614536646,-0.0866894988636,-0.0748586990146,-0.100631942064,3.01617716418,5.32575414827,5.58850736927,3.11096143112,4.45417814635,5.65343875716,4.25711349333,4.06369803997,2.54140062531,4.41072329598,0.946799840015,2.14679171538,1.74875024904,6.74475736944,0.235821044958,2.59371197019,5.09063622669,3.228755436,3.01655363648,0.0896003686883,0.0282889832448,0.087867018696,6.35672801156,1.5008320533,2.22210996433,4.19984631959,0.464543253015,0.412927586667,4.21539629591,-2.75441511024,0.672767535922,-0.471842504067,3.68123807696,-4.56748101042,1.8635208389,4.07803607083,4.72913530064,3.29733321385,3.29733321385,-3.29733321385,4.56032894565,5.38614631468,-0.192394959453,-0.199639449573,-0.242168541475,4.80918215487,5.99988662062,2.26319415567,5.26155256235,4.63042476571,-0.0649270803555,4.08296797151,2.11576834351,-1.50045612311,-0.567534680601,-0.162419912779,-2.80823904535,3.0234866931,0.300794471914,0.0253687775038,-0.0760563711697,0.308602829339,-3.6804961294,0.650962994001,0.54927338985,-1.91280970136,3.41820723777,4.77606395952,0.603761661684,5.35303377744,2.5989586395,1.53688838987,5.25358966649,4.89081031637,-0.641192651398,0.798666055796,6.02301990311,6.12884809783,1.50861121592,-2.24859145116,3444710000.0,01030330,-0.13337117
520,600192.XSHG,600192,2011-05-31,0.385784420509,-0.3237830708,0.535414705471,0.654848353445,-0.140174775421,-0.180406368282,0.616314655836,-0.218815764553,-0.247464778972,-0.42611328352,-1.43847572153,-0.701734871419,-1.08583098965,0.0719032803238,-0.552341624981,-0.208844034038,-0.18670794191,-0.236638367762,-0.152885553472,0.170130681513,0.468564725015,-0.671129282238,-0.0651849193381,0.40876278199,-0.27269578333,-0.111490667526,-0.511390491408,-0.509499103861,0.0161760464077,-0.953947007242,-0.964044695119,-0.971270082711,-0.939181827041,-0.980825013247,-0.642446955101,-0.180615018349,-0.40876278199,-0.342030350236,-0.564023013635,-0.448640184421,0.306597856358,-0.12598638849,-0.521049873126,-0.317834993585,0.408910920366,-0.339489865711,-0.975926577294,0.00725011702451,0.143234004067,-0.513658753476,0.115687586962,-0.781109307043,-0.516135360507,0.959992531457,0.0912731243022,0.889632999923,-0.958910783145,-0.956188818085,-0.981963801474,-0.933708954253,-0.984665157182,0.280496636774,0.199357949793,1.12470321281,-0.242152726717,0.138157107072,-0.561288692541,-0.0862794756252,-0.0719032803238,0.0966007282705,-0.561247695148,1.10525115898,0.104978244095,-0.512922579872,-0.512875630938,-0.225001691503,-0.0685676023352,-0.30767286401,-0.549693255005,-1.10743408182,-0.0794455268616,-0.396944443108,0.459061936318,-0.190343007975,0.275097004192,0.411858153468,0.313295847156,-0.658418610568,-0.673536742927,-0.571181477689,-0.709234816802,0.533402660049,-0.320268383884,-1.25326935651,-0.408910920366,-0.445375108756,-0.450846618694,-0.132059280346,-0.72988353114,-0.145603172407,-0.417633695771,-0.590430102187,-0.0682322589008,-0.195293358422,-0.120444101052,-0.231900488816,0.0211746816443,-0.170522987687,-0.0578541006065,0.275969406691,-5.17441872717e-15,-3.82743707841e-17,2.66852029479e-17,-4.54317090275e-16,4.07119712321e-17,-1.16022488296e-17,0.0,1.52005937989e-16,0.0,6.55028666239e-17,8.70167877324e-17,0.406023609432,-0.317975943736,0.179443127417,-0.0624705949385,0.252408306134,-0.701059693139,-0.77699436142,-0.236881672101,1.19669257119,-0.0116608151079,-0.490990385151,0.763127834117,-0.0458355595957,-1.02923670582,-0.924034069867,0.430981042664,0.654029169394,-0.341370241268,0.285460591971,-0.897972517546,-1.04496449587,-1.34098910289,-0.662359849775,-0.730682669753,0.0227551096556,0.688048544169,0.750165932935,0.452047087995,0.689700463476,0.288335609389,-1.06436239742,-0.766953690251,-0.89658515549,-1.23075721109,0.470128789176,0.247325170441,-1.07579775842,-0.695892769079,0.381174485871,0.453182501788,-0.348759053676,0.0525357148511,0.0521014676372,0.0473201852895,-0.564728305631,-0.465299428502,-0.559648254284,-0.406645821105,-0.0129045378511,-0.0378227645339,-0.408842073699,-0.409061533291,-0.374666110364,-0.401825479015,-0.0578970355848,0.0206036679669,0.142247708118,-0.542405827528,-0.218780701515,-0.503403431592,-0.452711995197,-0.0141683284662,-0.564738814748,0.017648064868,0.00733040111964,0.0152100206106,0.641157133669,0.959958292339,0.677493980472,-0.0758972072801,0.370048609397,0.371591672254,-0.50867579794,-0.151255005642,-0.533376316455,0.0304563012875,-0.857733254831,0.298362206379,-0.951038221234,0.547648760477,0.776718664428,0.602864990858,0.602864990858,-0.602864990858,0.623290609237,0.635014349538,-0.183758344257,-0.184071491816,-0.184969743726,0.946351688803,0.503824689291,1.45342362434,0.621536527183,0.773942042877,0.623233562275,0.78081796648,-1.00069127791,-1.22398468036,-1.19093492699,-0.292355843002,0.98162309776,0.441498288014,-0.958620369831,-0.976581337651,-1.16153168627,-0.953180649082,-0.307826066796,-0.922457781873,-0.928146781183,-0.398705059575,-0.208871473639,-0.446981957205,0.117759160049,-0.139761374418,0.408189666156,1.03815110267,0.491532983915,-0.850870337911,-0.578077184993,-0.270173081022,0.438141164704,0.407620927502,0.272842497519,-0.321607025911,2870683200.0,01030330,0.00357143
546,600353.XSHG,600353,2011-05-31,-0.0706394170462,-0.0910185569473,0.71498077189,0.863575995903,-0.188044360504,-1.06442640501,-0.741612141505,-0.218815764553,0.246823420682,2.18792664165,0.349610777319,-0.224331406119,-1.08583098965,0.697943701065,-0.936157847726,2.09697416848,0.0355853369277,0.480026144457,0.0253046339168,1.11008963065,0.0134690890391,1.30219436784,-1.01628742813,-1.86678017696,0.673792802062,-0.674553528628,-0.65023644283,1.72223740181,0.349642894229,0.259911466279,0.0257421081271,0.282798647181,0.200006284224,0.137849465662,-0.643648431318,0.674049997646,1.86678017696,-0.852109934905,0.288902133623,0.123704229852,-0.236070807969,3.3041807855,-0.469249657453,-0.609402974123,0.318443902586,-1.09713512409,1.21615465786,0.129786045501,0.114260619893,-0.499071801336,0.248006902102,-1.10155527507,-1.04049271003,-0.634138161378,-0.299637861036,-0.806051308006,0.304907030262,-0.0675159563077,0.352322352787,0.192280587626,0.0732407030491,0.487146179693,-0.726223308426,-0.665222860425,0.154262832825,0.15148112454,1.70964618742,0.151066824911,-0.697943701065,0.155580316677,1.70966577696,0.135084199501,-0.142700390999,-0.547554765984,-0.547507872394,-0.766299786031,-0.0527227290013,0.10338348798,-0.538465445021,0.23182166319,-0.147964126543,0.239689396227,-1.0634002797,2.1351010045,-1.05305840547,-0.577199267203,-1.52072439884,0.921742413984,-0.0279692388778,0.317008159941,-0.416403739141,-0.367770731805,0.474518169506,0.988351203148,-0.318443902586,1.10386793366,5.05646562073,0.118873033277,-0.752618712659,0.0114849039731,-0.723203482508,1.61050259244,0.0217545704995,0.0844129457473,0.165488236405,0.427842941638,0.326428180475,0.0827758819121,0.66742385812,0.452431647243,-5.17441872717e-15,-3.82743707841e-17,2.66852029479e-17,-4.54317090275e-16,4.07119712321e-17,-1.16022488296e-17,0.0,1.52005937989e-16,0.0,6.55028666239e-17,8.70167877324e-17,-0.214405978473,-0.0262747178297,-0.443214018982,-1.79323241366,-0.500734332107,0.550832616038,0.754369515568,-0.358621995484,-1.20153977079,-0.128773685344,-0.492466765663,-2.69478851682,-0.234406624457,0.985558080402,0.840224498152,-1.64953538947,-1.54004736383,-0.366283742782,0.513827080803,0.190392816838,0.484895264203,-0.245963312745,-0.587325208688,-0.24107240572,1.07525159728,-0.70348440563,-0.373028426672,-0.849569814559,-1.25776598177,-0.638813084236,1.14293534339,0.562771037916,0.578673526962,1.75194969412,-0.769771650976,-1.09821759286,1.43777189394,0.975471560088,0.135242738601,-2.15575762951,1.1215163665,-0.590558741153,-0.590119213535,-0.586959864338,-0.313401373575,-0.386434959872,-0.332284725605,-0.392635194545,0.185528828644,0.0904769384466,-0.491245975684,-0.488754033113,-0.478006370008,-0.483529477123,-0.333518871825,-1.47528171683,0.806172309507,-0.681446275367,-0.595395857501,-0.583797740823,-0.490655460936,0.250290399594,-0.313252420454,-0.588324883518,-0.592929803174,-0.589818210496,-0.884181588355,-1.5851737193,0.426991483595,0.141685470846,-0.306544171096,-0.331810435618,0.0103797246292,0.758044487423,-0.0528774657705,0.0768555570533,0.306105548192,0.298362206379,0.612605701065,0.910723947343,-0.025551571495,-0.453330314262,-0.453330314262,0.453330314262,-1.16552697669,-0.795576993685,-0.608708269893,-0.610109140007,-0.608238491432,-1.98126719074,-0.190122524261,-0.805851178969,-0.749121962625,-1.34325932863,-1.59377881733,-1.58252450156,1.06067666788,1.8749825568,1.98520645797,0.023624714586,-1.86592906885,-0.848870193508,0.272822200447,0.266884283093,1.88294600026,0.255396239749,1.29952371714,0.123428787113,0.13112286384,1.65658557867,0.0307297259838,-0.629387782691,0.675648329308,-0.135683197485,0.0299716467003,-1.38195396173,-1.53882334848,0.0273344475445,-0.623335372718,0.269430693767,-1.15876939254,-0.462387916133,-0.345041861683,3.14138377026,2068854600.0,01030330,0.24967148
558,600501.XSHG,600501,2011-05-31,0.565177770421,-0.383279351135,-0.408589757989,0.151388468316,0.0735237099516,-0.00476227476203,-0.104973222601,-0.218815764553,-0.501243619734,-0.556246326012,-0.310040447018,-0.701734871419,0.494388008298,-0.345682600322,0.317538532724,-0.693288132293,-0.40641641518,-0.276453062885,-0.452839035575,2.25357821879,1.54855306722,0.50208096937,0.366563662613,0.719751636257,0.124218784738,-0.592354570803,-0.383224997788,-0.523676360647,0.172044787799,-0.269926352042,-0.254395828267,-0.257622081751,-0.28699752437,-0.257387343435,-0.561467458047,-0.531642410234,-0.719751636257,0.218766414402,-0.177475656257,-0.364626325445,-0.236070807969,-0.107855944002,-0.0318256139893,-0.324960720539,-0.0911706501407,1.35908545412,0.527943107287,-0.217951048823,-0.407594356439,-0.11255555647,0.100120608711,-0.459684878049,-0.831140314699,0.00798662671761,2.33851426395,-0.203022742165,-0.266076482286,-0.234137686085,-0.231756029693,-0.283401441557,-0.266382961699,0.307476662235,-1.07977429472,-0.0820795243487,-0.233820629265,0.139323690329,-0.428728224902,-0.18340616538,0.345682600322,0.102913486194,-0.428688477141,1.09485651299,-0.117698817125,-0.289604690116,-0.289557384309,-0.133851425758,-0.0801299478582,-0.485046495348,-0.36517105653,-0.191957992398,-0.12578681415,-0.444175159323,0.459061936318,-0.571053980398,-0.362046080441,-0.0500798395677,-0.568491370454,-0.434759455194,-0.517444301649,-0.268549509241,-0.489611508557,-0.222569764738,0.0742004942093,0.0972342190122,0.0911706501407,0.0637096922841,0.102412583501,-0.38299159397,-1.00535814721,-0.143515924714,0.092565408496,-0.519500573308,-0.0640348635412,-0.139352097588,0.600885204805,0.129554688507,1.02786175226,-0.146167327149,0.366154552187,0.346803582754,-1.768287549,-2.35671542645,-2.00652585784,-1.05110465789,-1.53009740896,0.283530712137,0.109546802868,1.6121295881,-0.854598695167,-0.508134122949,-0.360956178615,0.246649406882,-0.719875410539,-0.498945677147,-0.114917922779,0.0937023643874,1.17677877063,0.109392939181,1.59773191093,0.16399134058,-0.15640705922,-0.122694239587,-0.438275388733,1.7664996545,-0.219958974032,-0.333444923022,-0.624843004592,-0.824701934719,-0.546823266179,-0.271116140747,-0.269274818326,-0.198787731213,-0.679623328996,-0.658443949533,-0.575942825259,-0.780217616744,-0.799660248051,-0.859611674578,-0.237358317486,-1.02420368751,0.117083881302,-0.490252955757,0.591062173381,0.0196503369955,-0.101658713111,0.247413276019,-0.471552221982,-0.0280399511992,0.198084189294,0.537726670062,-0.318845669562,-0.142733198619,0.316318420742,0.316139008367,0.310769546064,-0.394878702646,-0.465082931787,-0.140320064988,-0.483839278677,0.108955086075,0.0245919718622,-0.533821431299,-0.53128470844,-0.503102312601,-0.523326702169,-0.269276280538,-1.97671963194,1.01972266685,-0.747086172286,-0.172883337821,-0.717066012569,-0.147956950009,0.0210410024011,-0.394053883445,0.261051319682,0.258201415067,0.26085051676,-0.57592684455,-0.389399185128,0.312028425638,-1.01327293239,0.1647818884,0.193033150529,-0.13863361055,0.610920810428,-0.30067380136,-0.469989293936,0.18972166789,0.298362206379,0.456241308835,0.114915452403,-0.0358719062834,-0.711528165835,-0.711528165835,0.711528165835,-0.196533074985,-0.426703818575,0.0316714218397,0.03216252524,0.0315669729179,-0.354812257662,-0.245638301345,-1.20155937907,-0.45139696279,-0.222238145162,-0.199130229734,-0.0982689892854,-0.097522973846,0.417674870383,0.418641275689,-0.933176226146,-0.692776295507,0.561834320669,-0.265655857899,-0.256440245448,0.0865683467653,-0.271431537245,0.675540262933,-0.288579614064,-0.296284391819,0.610698034946,0.337007870541,0.0731718286505,0.455991211589,0.695217990343,-0.245293857077,-0.109236920331,-0.562314759583,-0.611865238072,-0.635023422052,-0.232772652007,-0.39908802133,0.0191803592875,1.16506751221,0.292210571225,3986912870.0,01030330,0.04719284
567,600517.XSHG,600517,2011-05-31,0.470967143006,-0.353577823534,-0.426546364631,0.672469515323,-0.144784647385,-0.490351912554,-0.766416255229,-0.218815764553,1.08197143587,0.422959423489,-0.992881141112,4.0578330099,0.680296125703,0.614020444663,-0.179176205591,1.49858451318,-0.00577155215842,0.106763377676,0.0223347974603,-0.95150780622,0.17833019795,-1.45570649821,-0.948382461457,-1.67740369566,-1.41764165276,-0.345757697327,-1.59927140749,2.17000242863,0.266974192603,-0.350819560807,-0.0867139472878,-0.346297209101,-0.337559344889,-0.245215222286,-0.253649251147,1.85648107518,1.67740369566,-0.581415439687,0.847715161137,0.27072848306,-0.707178769307,-0.387510208346,-1.04727428631,0.85567443163,1.99334021788,-1.3968236461,-1.51120222774,3.03421872857,0.102986054654,-0.493259812593,0.213608076393,0.160855069799,0.473278242758,-0.634138161378,-0.305105147545,-0.870089739776,-0.355583192331,-0.0898522593461,-0.379752442214,-0.34807272718,-0.240229020612,-0.145830216604,0.0310981281324,0.0,-0.21408912376,0.137606369867,2.18900626232,-0.0466085626733,-0.614020444663,0.094127887585,2.18902133299,-0.994467331893,-0.12529440397,2.41409425324,2.41414587968,-0.425980556138,-0.0201985368251,1.76262465309,-0.0416983589265,0.0152497838629,-0.153803783075,0.093334534703,1.21983639699,1.09154614958,0.224942883828,0.331089854072,0.546495772475,2.38734631017,2.47721809027,0.949720112579,1.25742438681,-0.199770609127,-1.71520651704,-1.53864216714,-1.99334021788,0.842872345519,0.0769518001505,0.118873033277,0.772911967274,-0.134138435078,0.0583355959178,3.01638937381,-0.0741563727016,-0.249083032301,-0.737798011471,-0.323141601538,-0.888091059554,-0.258203365626,-0.59344397782,-0.169888648325,-0.981211490255,-3.11570576307,0.697512218345,0.287838497137,-0.0844160294019,-1.64978897757,-0.753816506663,-0.815095580982,-2.14193839122,-0.3535843115,-0.248562478574,-0.974498329095,0.431804244334,-0.554677335313,-0.324707234139,0.141582877259,1.17677877063,-1.52491211455,-0.626319803353,1.04371789765,-0.456952896996,0.958207356084,1.00259119758,-0.641963442059,-0.805005420928,-0.81140098216,0.485182244085,0.604334917097,0.443857596116,-0.559397405339,-0.295263926136,-0.447508123336,0.405712541018,0.0772875392783,-1.08669337217,-0.501025132842,-0.276468343949,-0.119448308935,-0.48684196453,0.39830643654,0.266164815863,-0.524911551312,-0.699534756321,-0.241930325479,-0.642319697145,0.69831637353,0.196514464693,-0.94421975283,-0.756335655651,-0.120908481203,0.474007343001,-1.42688298838,-0.496356717566,-0.498211426668,-0.50192178713,-0.312988237375,-0.315430003868,-0.392071190039,-0.357088961269,0.165580136522,0.118139387348,-0.276612136748,-0.277320774995,-0.286166031365,-0.263783738149,-0.20148742617,0.307205507973,0.617468017307,-0.19684268513,0.715798845677,-0.39459007841,-0.389280010066,0.269394516027,-0.312232806429,-0.0012956616553,-0.0183320783141,-0.0085940296533,0.434398928178,0.465832832024,1.07493403601,-0.518302740012,0.363029899426,0.351254462499,-0.794322665223,-0.378405547752,0.455232231048,1.89110884475,-0.857733254831,0.298362206379,-0.951038221234,-0.517125377983,-0.160802274775,0.662507184642,0.662507184642,-0.662507184642,0.313359563558,0.466662678556,-0.49023547484,-0.493034164712,-0.492687942384,0.539737955533,-0.245638301345,0.921511462951,0.445148508412,0.385830921023,0.79882094274,0.339681939764,-0.616020051561,-0.800617825029,-0.459413874174,-0.70874143758,0.729842417347,0.734335727085,-0.352664925661,-0.334034047453,-0.753361515097,-0.352177933797,-0.505289185216,-0.317812622612,-0.316395542891,-0.447350991841,-1.02668118154,-1.29303948927,-0.322383970174,-0.389186863285,-0.0515955118614,0.605946504257,0.324032656974,-0.506258333492,0.494158058175,-0.502047475257,0.261504475369,-0.790785620492,1.50861121592,0.00814280257635,7517265750.0,01030330,0.02700535
594,601002.XSHG,601002,2011-05-31,0.323627199433,-0.300010661703,-0.821591710752,-0.079248421944,0.289920656962,0.0860424075481,-0.460892568729,-0.218815764553,0.659836043883,-0.490029791833,2.8480085729,0.933010327942,-0.249244461326,-0.204231305257,0.489306943206,-0.245344048203,-0.173783914071,-0.196823672638,-0.0222127493868,-1.85343139538,-2.47030665958,1.96728006256,-0.449234050734,-0.287634438363,1.62028138745,-0.099160823852,2.28612656278,0.285608714201,0.260904537564,0.529830642465,0.48798166977,0.532704096977,0.558961188819,0.631519748355,0.0395109459016,-0.542537460685,0.287634438363,-0.128139096582,-0.114451630598,-0.443389318235,-0.313594902872,-0.426198945771,0.90797829894,-0.566983940727,0.539585501604,-1.13951016213,2.84747092588,-0.936607710426,0.381313633959,-0.617172932077,0.182254073846,0.702628909476,1.04234265756,-0.388150058476,-0.186688692037,-0.400474573458,0.500241432163,0.58887353565,0.495313388144,0.601778647696,0.741916089674,-0.104471063937,1.67236505215,-0.549134140743,-0.19806585943,0.275217797118,0.302362839049,-0.0285145861338,0.204231305257,1.42609780415,0.302395694895,0.291003889417,8.41418532313,0.553509909711,0.553558562855,2.6630421793,0.0113617269189,0.617203927967,0.215779202162,0.0276612996516,-0.133031348645,-0.0853424335732,-0.302625819028,-0.596759146022,1.01254832956,0.0221865335759,1.60318293407,0.490789407288,-0.203332351918,0.381757325283,-0.390105802555,1.35340077139,3.04376480796,1.33295233297,-0.539585501604,0.699468176212,0.658628132578,-0.545359561608,-0.188407291293,-0.142033676352,0.292197673094,0.365530563155,7.96941246788,0.230720858698,1.13375910643,0.473463497999,0.0536484581157,0.406706167073,0.522368266375,-0.185169844109,-1.77586118983,-1.81174271382,-2.00652585784,-0.664808099719,-0.326145221113,-1.0227663755,-0.721833506927,0.112638948897,0.936482621084,-0.310514503385,-0.313224126087,-0.935796599667,0.295677005577,0.763664647495,2.29516166607,1.02598995446,0.550832616038,0.651428338828,-0.399856621146,2.14044367213,-0.637754114642,-0.616586943752,1.53382391517,1.82238664348,1.49829541588,1.37172208304,0.983882158512,0.715153346586,-0.345514552227,-0.641457068583,0.55602224431,0.441059540026,0.755878383822,0.719622102394,-0.11200511074,0.222539354813,0.87814862066,0.927976108764,0.813939743201,0.894003840557,-0.0407100339002,0.494521636682,1.94531415788,-0.125906644543,0.0338089159977,-0.195636180846,0.994430732723,1.40813208385,1.36316527126,0.544275015272,1.44100431759,2.17154586642,0.563600253923,0.571871171043,0.589516298894,2.9062865512,2.93620745751,2.48274554007,4.33611684957,0.389236191758,0.321514907718,2.09349091683,2.10511839128,1.89973151871,1.89237291828,-0.360990871847,0.293754978773,-0.400906146264,0.243552565142,-0.40003636031,2.30483212719,1.82315297854,0.943925324726,2.89384788215,0.981212579356,1.03693711755,0.998729172307,0.165147680588,0.757626132019,-3.09090797259,0.21824195082,0.384683366357,0.39350744939,2.45837565573,-0.839242572956,-2.39812773223,-2.21156322902,0.0733377875878,0.298362206379,0.299876916605,-1.34136575913,-0.771603141596,2.05013189573,2.05013189573,-2.05013189573,0.679924406273,-0.0801108105904,0.477423110345,0.482524206125,0.478776846897,1.12932786877,-0.134606747177,0.692621285383,-0.198611585571,0.818103483438,0.296298136695,0.921758538192,0.500444917564,-0.478950683728,-0.02429807739,-2.10407614281,-0.0377046213533,-1.02064708084,0.524809295695,0.55421927414,0.243831810263,0.529016523565,-0.773839026266,0.602853436074,0.583697882675,-0.903406606835,2.31114461791,1.87031421461,1.76288198746,1.31857471053,0.0986697408022,0.25866993751,0.585764638075,-0.011573359406,-0.636684863775,0.0307796391551,0.883323064654,0.367183896742,0.890726856721,0.414642679264,13078303700.0,01030330,0.05589357
617,600089.XSHG,600089,2011-05-31,-0.116680112379,-0.057159188383,-0.870331071638,-0.485854049275,1.88788779869,1.60378964773,-0.0518215503362,-0.218815764553,-0.0318356985862,0.529486937343,-0.940437263353,0.122871114099,-0.311213833795,-0.366663414423,0.21625907536,-0.0744257126432,-0.0962397470343,-0.0674259134878,-0.0281524222997,-0.129701251896,1.19415104268,-1.42509107977,-0.501912717761,-0.330592042746,-0.745940076026,0.771326139516,-0.963784168293,0.19700085929,0.305030929695,0.481002638116,0.505049022687,0.457203914259,0.522234611723,0.470038258489,1.05716130205,-0.461341500758,0.330592042746,-0.285227108671,0.86872316969,0.811567700217,-0.498460052258,0.441866661094,0.612799292167,-0.555443057464,0.136253380668,0.636157094371,-1.84256334468,0.21920415547,-0.819810877755,0.569536403511,0.164430344309,1.68970033708,2.07913547253,0.0974368459548,-0.0586423568837,0.289272702072,0.456812883061,0.466683321694,0.42835495314,0.510676064503,0.486577529907,-2.03059489213,0.981724335742,0.131199751346,0.0169205671332,0.136971409293,0.413499392727,-0.0623776634977,0.366663414423,0.0888576286826,0.4135312009,0.193987193469,-0.127695564442,0.490216604058,0.490265156056,-0.515262988569,-0.060803422575,-0.109183324179,-0.489235816628,0.196074734033,-0.156178332743,-0.356685161683,0.459061936318,0.126105050387,0.873231328542,0.567726801425,1.26552887554,0.496244508639,0.715878691161,0.420466065433,1.02287522266,1.48118694459,-0.418073270462,-1.0109716871,-0.136253380668,-0.0524476848545,-0.0126436104557,-0.117298556015,0.279558528309,-0.0811102436869,0.0308518047967,0.326360524819,-0.0805534971392,-0.216809227974,-0.412874900724,-0.270502498044,-0.569848050134,-0.177829685849,-0.258700304562,-1.49123401271,0.309220389924,-0.00141837895132,-0.86482089234,0.458070878706,-0.380123584311,-1.0227663755,-0.132635578464,-1.2521275496,0.65662616542,-0.339660373534,-0.278502780816,0.234630236253,-0.0197924683652,-0.51239814636,-0.304727299724,0.0045045605926,-0.0751135385506,0.57445020224,-0.695698697324,1.20304615188,-0.664466376055,3.16640363386,1.08677115129,-0.153427517974,-0.307606381806,-0.376539321797,1.48212836037,1.26744336764,1.11128220359,0.413841280288,0.574379363151,0.303394324962,1.202908074,1.0695729153,1.66993234182,0.173759104609,0.342168360902,-0.0610454796864,0.327082774048,1.40621194973,0.720849662978,-0.282270017181,-0.287203865311,-0.0387130903847,-0.851568802822,1.5686304665,0.853289883425,-0.39446131354,0.0573470759529,0.821208644507,0.992817517571,-0.283205372521,1.05287798312,1.03840435163,1.0271744285,2.07694953144,1.79179559497,1.34758808516,1.32602798647,-1.57898310404,-1.3130068036,1.65238636223,1.67336995595,1.86099388073,1.65990866675,1.44191487525,0.268357154521,0.623129146073,0.131277397758,0.482127289599,0.522272037704,1.05877954706,-1.80140284893,2.07715456453,-0.936510650688,-0.881573479379,-0.931744351995,0.507377651737,0.421497401136,-3.70010972475,-0.625511164043,0.403153298494,0.406575732206,0.540751754304,-1.44598591183,-0.876244966005,0.388332863977,-0.741349374528,0.298362206379,-0.794673829004,-0.326916059257,0.0488634740849,1.53449115706,1.53449115706,-1.53449115706,0.547339127687,0.281714556551,1.18927288148,1.18930948832,1.18977490277,1.19031992877,0.337277358039,-0.9476200327,0.24966115003,0.505576365621,1.1635933796,0.398606246582,-0.06784637282,-1.46532895923,-1.31451745367,-0.537462256831,0.991513354324,0.288954088984,0.471988559726,0.456455688586,-0.84557509142,0.484095685695,-1.36227911916,0.566638916712,0.583417874839,-1.344260368,-0.613287252591,1.50197947966,-2.45983345942,0.681522549019,-0.598436125931,0.876203317586,0.933383785601,-0.6007487218,0.664855096027,-0.483325301609,1.11883865043,0.479917437044,-0.894341057014,-0.984868551115,35863887359.9,01030330,-0.04356375
628,600302.XSHG,600302,2011-05-31,-0.498688156285,0.383180408193,0.201934867836,0.362531748202,-0.0410906371853,-0.728797054605,-0.757360785139,-0.218815764553,-0.530270611324,1.10158810833,-1.06459011682,-0.701734871419,-0.218259775092,0.275620217235,-0.244823884456,3.47824233271,-0.119502997145,0.385466243539,-0.262769502361,0.204119726596,0.283959770725,-0.155465107383,-1.09840841865,-2.32176776141,1.98666406567,-0.592354570803,-2.03030416877,-0.728065145973,-0.224971348276,-1.0309193717,-1.16776097853,-1.03446331715,-1.04216852779,-1.10891501184,-0.547530333925,0.561202723272,2.32176776141,-0.737827222709,-0.639651844426,0.13945682841,-0.880117134862,-0.217485534809,-0.233270897163,-0.265607606617,-0.287182521998,-0.268524440567,0.196581990346,0.931237253371,-0.165710497649,-0.327257258287,0.102152196602,-0.84275234822,-0.580883524011,-0.634138161378,-0.302992786848,-0.844741193867,-1.03244143126,-1.17965112093,-0.994999277585,-1.04460654615,-1.12777847724,1.03976738128,1.1992966651,-0.681421286427,-0.242152726717,0.165015401766,-0.502372929146,-0.135680907722,-0.275620217235,0.204126662903,-0.502332487145,0.121224671508,-0.0574485180975,-0.35886906234,-0.358821867221,1.51058902428,-0.0468768147779,-1.0917769327,-0.627898423192,-0.261435407679,-0.0702754195517,-0.276936172802,-1.0634002797,2.45329601587,-0.612816682265,-0.357566172355,-0.420312251241,-0.560226786258,-0.180207545803,-0.615520580043,-0.556422482586,-0.159998659492,0.0560042362412,0.0132866426435,0.287182521998,0.117247248825,-0.600413637477,-0.191102177669,-0.546486400219,-0.175338889542,-0.106317298162,-0.537497617949,0.559338047735,0.0220169240479,0.366940565068,0.469954224433,-0.0632571371812,-0.0779714776415,0.583737939805,1.22037576275,-0.216856354005,2.96945513342,0.727557085858,-0.975809566046,-1.57996872278,-0.186736239413,-0.314760993625,0.57486323651,-0.350857074972,-0.202397485069,-0.172065790122,-0.100945007729,-0.642088416964,-0.400934830029,1.04891325691,-0.447375854461,-0.701059693139,0.820415845777,0.368547355477,-0.393168812232,-0.325365402348,-0.283515500282,-0.401497739054,0.625568675373,-0.351795283226,-0.270762161168,-0.229449951856,-0.855017156686,0.0400969100163,0.756028797608,-1.03119611353,-0.95760165101,-0.458746770156,-0.159784640192,-0.39976350652,1.4165341452,0.00110330545005,-0.127793983696,0.000357297583217,0.305328591549,0.555867891786,-0.595483352216,-0.110053378181,-0.687742529805,-0.243174004234,-1.04770634413,-1.73805610968,-0.552519234757,0.0727540862555,1.10959483966,-1.24077245641,1.34861304764,0.260590658651,0.261989201121,0.263839765244,-0.00533465941061,-0.34581796007,0.126701931735,-0.38718378712,0.0155735425019,-0.520126987951,0.0952890223788,0.149801449562,0.256654939885,-0.06417124784,-1.38531223344,-0.277586740759,0.0545002122449,-0.845306086414,-0.0434222288627,0.230267391807,0.743497034113,-0.000284522919156,-0.00531780840422,0.378218211373,0.37112749015,0.381397673676,-0.743098566131,0.701789635529,0.195208370644,-0.660034785484,0.359758121665,0.370757286639,-0.374199237661,-0.291925475083,0.0995529969507,-0.00333521109091,0.771641069402,0.298362206379,1.23806326999,0.962185661378,0.785681060428,0.369580967068,0.369580967068,-0.369580967068,-0.347305246795,-0.238118118265,0.0303895058599,0.0311674869294,0.0336595639811,-1.00539423089,-0.0235751930083,0.560465819111,-0.160412906347,-0.0804119802838,0.234812993368,0.0378939359282,-0.0690959139158,1.94159267611,0.250045491456,0.592094409311,0.644407435109,0.608269407161,-1.02895335697,-1.04551778964,-0.697247051985,-1.02918099245,0.434635258461,-1.06208799814,-1.04728188004,0.224570947584,2.4164647723,1.07983148462,2.71619080838,0.580900552223,0.90099913459,0.267437811225,0.353136601995,1.97272479507,-0.622942551225,-0.231163363153,-0.94766700772,0.800962953991,1.16506751221,-0.317671797104,2695416373.16,01030330,0.00385109
643,600499.XSHG,600499,2011-05-31,0.564493057358,-0.383074255841,-0.32393718382,-0.505503932376,2.14778338511,-0.181649133094,-0.321910788659,-0.218815764553,-0.0940363948514,0.303479132383,1.53584134569,0.296472374208,0.928173615578,-0.563612346785,0.131827252395,0.0798804369822,0.0381701424956,0.231184299937,0.0876711995027,-1.03486189297,-0.974710372157,-0.0853238128858,-0.65201083751,-0.806150874369,0.200548509366,-0.0745011365044,1.04643056795,0.53607358408,0.273529420045,0.0572339761861,0.569040377444,0.133673773865,0.0230966142249,0.358286877279,0.0520062985627,-0.142641393603,0.806150874369,-0.440895039721,0.167055684015,0.170962025526,-0.641581458235,0.0210835112113,0.084930427687,-0.372772951198,-0.0434241685345,-0.0939188621531,0.553432423975,1.51079907724,-0.268123808672,-0.246041363297,0.00941046522238,0.300285758175,0.604932841884,0.039933133588,-0.156805001009,-0.109633362499,0.0561257244296,0.671496584222,0.116409407628,0.0237546343224,0.365159927779,-1.10705258351,-0.771966295402,-0.435745158728,-0.0960663367759,0.138537008225,0.744231064514,-0.0649028094055,0.563612346785,0.0952694102596,0.744259754917,-0.443551094189,-0.125451634365,0.557092549653,0.557141208523,0.131380904894,-0.0637863254847,-0.149538171521,0.001197633065,0.767195432634,-0.144240335814,-0.0461846992031,-1.82417474038,-0.124832270341,-0.975040884899,-0.975372813347,-0.170108164701,0.779909778869,1.16103120888,0.510551860692,0.440056087512,-0.157611860332,-1.943309608,0.614380658858,0.0434241685345,0.120115332212,0.183169120267,0.0893515846157,1.76568156028,-0.0968402263015,-0.0323609147819,0.645014079933,-0.0677959869543,-0.201748119288,-0.705305700396,-0.217863394551,-0.771185464257,-0.192443082172,-0.576706794157,-1.40431047334,0.19212025091,0.26555205922,-1.76616691773,0.0095740272653,-0.389511125737,-1.64978897757,-0.57346792482,-1.6814922907,-2.14193839122,-0.244552797259,-0.0649233996368,-0.809354924643,-0.194813203909,-0.996687038003,0.457007699859,0.348221010789,-0.0751135385506,-1.43153626839,-0.0614708835701,-0.635582352403,-0.45734765948,1.60626892405,0.0202193105998,-1.15825276884,0.227042805619,0.19903208002,-0.486041859678,-0.912981441034,-0.0954744576854,-1.60573268557,0.0334159159761,0.184820444491,-0.27795860998,-0.225547627996,-0.282229556151,-1.15332196484,-0.494952331773,-0.659991243453,-0.0401633430571,-0.509118377706,-1.09820039902,1.02111273241,-0.486772182005,-0.143485990139,0.715985191154,-0.96641174794,-1.01917871726,0.727870003088,-0.225312305367,-0.936456172715,0.193022891271,-1.57437877097,0.253604781835,0.253206631191,0.260128158914,0.0700278923012,-0.0229480562902,0.0726456221705,-0.0944610400956,0.419872666814,0.396446308308,-0.0621278474803,-0.0692347006331,-0.153529121097,-0.0376584677757,-0.261766634977,0.569222636746,-1.45136003951,-0.494994951963,0.745367123649,-0.351791249767,-0.0329675057579,-0.071036395987,0.0712235596829,0.116080073398,0.138563234227,0.117376163951,-0.969281597742,-1.03184887782,-0.892522307684,-0.139975564566,0.234466681977,0.251064294241,-0.141033621453,1.42682607987,1.0566039619,2.01954222129,-0.857733254831,0.298362206379,-0.951038221234,-1.9540729069,-1.85985528626,-0.134735304426,-0.134735304426,0.134735304426,-0.939745649405,-0.909819687363,0.346383100284,0.347417930535,0.348256223319,-1.00539423089,-1.43922750865,-1.30430245753,-0.888434792737,-0.585720771318,-0.371170390392,-0.67875303888,-0.322752756369,0.788933301864,0.345114677903,1.01438618254,-0.879639015278,-2.01890264237,0.0723936969389,0.175552310406,0.314600368837,0.0678239637404,0.801916658721,-0.00337993417746,0.00114981461256,0.473881350448,-1.37669210992,-0.254333319368,-1.9071816772,-0.938003836116,0.347629362816,-0.622243492198,-0.882051106635,-0.289486266196,0.0494583695655,-0.343419402817,1.59435869507e-15,-1.69142857834,-0.20787153394,1.33287525774,8669128104.0,01030330,0.12114846
674,600835.XSHG,600835,2011-05-31,-0.6673764224,0.760425234273,-0.0751099203535,-1.44989672589,-1.118774699,1.2113245199,-0.690822765785,-0.218815764553,0.717060684446,0.431675310986,-0.859452499738,1.77208308514,0.649311439469,0.655982072864,0.159132039179,-0.102502646616,-0.00577155215842,0.266022158169,-0.0103334035609,0.498286819158,1.70650383025,-1.24208398891,-0.209654359596,-0.176307688976,0.017357170258,0.772148129094,-0.892835412896,-0.0262909350836,0.136233823071,-0.376312985704,-0.406311723291,-0.368214116998,-0.393110925332,-0.376653298215,1.05644041632,0.771031851838,0.176307688976,-0.0275162115249,2.8896935925,2.40258015457,-1.29755456896,-0.329266939616,-1.01602971178,1.12178540332,-0.110017945512,0.0714969489755,-0.517118876913,-0.638547343863,-0.748106570114,0.402128335587,0.220245279152,0.616524344023,0.707810479452,-0.583023750385,-0.288827544531,-0.778034494106,-0.366118926987,-0.434526233344,-0.354080691853,-0.401797389255,-0.361559491342,0.485011833273,-0.570336961503,-0.573431779746,-0.208824336909,0.139169579484,0.259515011126,0.0116613559997,-0.655982072864,0.100096813377,0.259548270893,-0.162895652339,-0.120674547928,0.332580446583,0.332628746672,-0.201840558404,-0.0439059010278,0.622834836898,-0.633249837905,-0.0536712841143,-0.161049888712,-0.534320941646,-1.82417474038,0.00856006971753,-1.07534912563,-0.497847955516,-0.624362185895,0.521701648275,0.18978935204,0.163580789891,0.0718849753077,-1.14070791426,0.161607519092,-0.941708817971,0.110017945512,1.24392600568,0.188568978347,-0.250145074993,-0.968224017399,-0.137193681701,0.417123996372,0.189794715485,-0.0625102078964,-0.208202880153,-0.614327229387,-0.14416864966,-1.01798616544,-0.238718837195,-0.53765336561,0.383586587727,0.0453081363251,-1.75217079787,-0.86482089234,1.10626340853,0.457127766592,1.48532403276,1.04451649514,0.431376550071,1.21633907675,-0.309482007985,-0.336110430419,4.61537754736,5.21570434919,0.946233872519,0.252213372102,0.357962485885,0.550832616038,0.170428858133,1.12844259982,0.0569579428028,-0.494192157981,-0.179665158161,-0.409670550093,0.385672824713,-0.444920653987,-0.482316482426,-0.567221508426,-0.554136109993,0.00265520410852,-0.286797959722,-0.380174006052,-0.329747833907,-0.220912114551,-0.26739907192,-0.554045877764,-0.751476535775,-1.02441169981,-0.680602019179,-1.10157958365,-0.409146721951,-0.5602409217,-0.321351112259,0.00352477677097,-0.535153810028,0.479521606414,-1.48533911514,-1.12080012875,0.212238424037,-0.000799573506218,-0.0721928468471,-1.03503912172,0.21781204773,-0.126577974881,-0.124006939717,-0.112101788083,0.358706133665,-0.165304874452,0.767967624197,-0.363434501407,0.230666416345,-0.315355957238,0.096429805339,0.146660070786,0.207906026988,-0.0813047669053,-1.51509181827,-0.15367924951,-0.187670296078,-0.919577754635,-0.776752578833,-0.0410614355399,1.04898024892,-0.105135022411,0.359013472883,0.857630000365,0.866440379865,0.867155720251,-0.315800973799,-0.294082422506,-0.889939587667,-0.984762990355,0.347682410796,0.350574175128,-0.717279277248,0.457497573676,0.0114282438009,-0.197843414781,0.538873308797,0.298362206379,0.925334485525,0.242574621474,0.0955765683904,0.169515380323,0.169515380323,-0.169515380323,-0.628778045045,-0.0661288689761,0.0348683793086,0.0363589911585,0.0398247900592,-0.842748737586,-0.0790909700925,-1.11592584139,-0.0154826234083,-0.371707636292,-0.100399278429,-0.499591295178,-0.622371885465,0.79201397292,0.473480326685,-0.885926796975,-0.470455953797,-0.671428884273,-0.372733018896,-0.368049451062,0.00579211324152,-0.373654221301,0.557062391881,-0.415653037186,-0.408139286928,0.55293099038,-0.0617628232462,0.0532343761062,-0.15000455494,-0.378498899,0.34034320132,0.0843439777666,-0.310962507126,-0.484025300949,-0.281728787024,-0.47766751897,-0.88447989934,-0.158497503145,-0.962926220885,0.0143062495103,11976277296.7,01030330,0.02744336
685,600992.XSHG,600992,2011-05-31,0.263881935338,-0.275324646296,-1.22946320448,-0.350130245972,0.923918596795,-0.825815560979,-0.765628823047,-0.218815764553,-0.0285183281187,0.244283729798,-0.935085847255,0.166271429127,0.339464577126,0.828566188852,0.238916238862,0.638611423041,0.780009340478,0.808497379224,0.375745335781,-1.11740671674,-1.30245820544,0.342378152257,-0.813582803913,-1.04393029018,0.444803628177,-0.460836238282,-0.607514611623,-0.758782535676,0.0133840050899,-0.634041034667,-0.73739742834,-0.654187915219,-0.650990790446,-0.70939266376,-0.381966911166,0.103809419141,1.04393029018,-0.225989442468,-0.248902885338,0.407251003896,-0.987458189344,-0.235208201134,-0.19462629182,0.187588627652,-0.676693292996,0.144504544628,-0.00733254315677,-2.29801028949e-16,-0.512585934612,0.011015681323,0.112806518995,-1.33061298839,-1.09331898946,-0.634138161378,-0.304980891033,-0.868755605781,-0.591414324315,-0.742781397055,-0.655616281178,-0.660742778368,-0.718928917339,0.443133833962,1.50304927427,-0.694919974762,-0.240596181039,0.137409848673,-0.521118853862,-0.0303344326674,-0.828566188852,0.090802343215,-0.521078235146,1.34779289885,-0.129339689681,-0.413802874793,-0.413755767461,-0.736040886337,-0.0611151407248,-0.0101731754693,-0.664528518209,0.0845249931582,-0.128040108644,-0.479922624727,-0.302625819028,0.348591993628,-0.605386442211,0.777440982312,-2.76688649976,-0.456579860596,-0.299685710731,-0.488133635184,-0.557843992672,-0.0752552347784,0.279233329528,-0.0177959876738,0.676693292996,1.14449911496,-0.681532175901,-0.0877771073538,-0.663951504734,-0.182326631818,0.624251840366,-0.587254153133,-0.0762091470186,0.740646967069,0.275962094059,0.719112647636,0.144575032235,0.411577299181,0.371733613408,0.392539035015,-0.216856354005,-3.82743707841e-17,2.66852029479e-17,-0.805577184477,-1.66973708766,-1.49303332705,0.256135551657,-0.849050445712,-1.97402451782,-0.409103064153,-0.444506864977,0.770444862924,0.196282513787,0.413900447975,0.204761027866,-0.260479065687,-0.701059693139,0.489728702799,1.71750868071,2.06811059966,-0.26286134239,-0.537869808697,-0.369623775998,1.04871302051,-0.0231175040712,0.205561534379,-1.82875185393,-0.452254252452,-0.784382792085,0.176540131912,-0.712518547713,-0.603380944795,-0.628925808294,0.474994857153,-0.695356855569,0.249711087376,-0.749949414328,0.331708056433,-1.89590462732,-2.62310834252,0.711543578306,-0.223209261135,0.498702370028,0.0787169381994,0.222495970828,-0.0860286008856,-0.644684997121,-0.387699139382,0.274008158333,1.16917183077,-2.10807176123,0.237712272366,-0.322536487801,-0.319362519284,-0.315038753567,-0.213959399962,-0.0732247303778,0.165809388946,0.510372613725,1.07811284797,0.829976085597,0.0543531322417,0.0530593749817,-0.135967892979,-0.094177332624,-1.15564379534,1.82853313075,-0.0904875855952,-0.835440711749,-1.25382202434,0.768021081908,0.442305659916,0.544404936303,-0.213040232535,-0.150250306788,-0.152560156713,-0.144755426644,1.17131966599,-1.4213087561,-0.235657631568,1.89849752118,0.325703123674,0.221342125557,0.503217406575,-0.140180545058,-0.73739975717,-1.00864256185,1.12079271031,0.298362206379,1.70715644667,1.04037334845,0.870959616312,1.50806740032,1.50806740032,-1.50806740032,-0.035960712006,1.13177113697,-0.358401773418,-0.355874885178,-0.351882344969,-0.842748737586,1.19777190284,-0.0723439936826,1.29900133813,0.259291408647,-1.10721850042,-0.0600478172956,-1.11414960941,0.996014507523,2.5412351319,-0.131412474885,-1.87939665225,0.403164642144,-0.635858536962,-0.667879269969,1.15810440032,-0.645417353869,1.03492313846,-0.669088497258,-0.70288871234,1.8450885662,0.316723902019,0.699978975104,-0.200689935982,1.00301803748,2.06706885032,-0.068320176328,-0.450783557683,-0.0615976826282,-0.585959373635,-0.19674568104,-0.64609217227,0.683327955415,0.272842497519,-0.351489211041,1637125200.0,01030330,0.00144783
709,600165.XSHG,600165,2011-05-31,-0.359863687209,0.179595361192,-1.17815861407,-0.348271918504,0.916104301638,-0.584387783377,1.14940624285,-0.218815764553,-0.415821330197,-0.64691576678,-0.603298049184,-0.701734871419,-1.08583098965,-0.668516417288,1.10802179269,-0.788983682251,0.555131256072,0.504910328909,1.29639463729,0.363544533294,-0.36462554996,1.05452934101,0.978285663147,1.13117657965,0.795920361467,-0.978689672581,-1.89985000562,-0.950175502282,-0.108251881884,-0.915246527852,-1.02661501699,-0.935294733894,-0.914605639368,-0.990660920435,-0.988472105715,-0.817299499418,-1.13117657965,1.03044416262,-1.94214837472,-1.68259373813,0.902937047926,-0.154305013549,0.88002262699,-0.419411532712,-1.39665997616,-0.332342268934,1.08870807442,-0.115285811452,-0.360487445495,-0.161064769708,0.148443743369,-1.34939943904,-1.1130517631,0.993536363671,-2.17771290487,0.670835024706,-0.911405908134,-1.03519551283,-0.941659767563,-0.874161274006,-1.00577999913,0.278168902059,1.65366231835,1.05451003347,-0.283630090956,0.0902806019129,-1.10224252008,-0.0452110250243,0.668516417288,-0.132407974852,-1.10219642317,0.0553919135436,-0.141687128455,-1.10166974377,-1.10162373569,-0.676643786937,-0.0768233376391,-0.463930586855,-0.355281100224,-0.180617325812,-0.217785664815,-0.523984506947,1.98061085767,-0.857928620057,0.182219003517,-0.201697524398,-1.68590767927,-1.24029608796,-1.08400205147,-1.32424242243,-1.08522423448,0.80436463739,-0.120759412591,0.356908791978,1.39665997616,0.42461018504,-1.23599805029,0.133633757608,-0.0474491658742,-0.157098159702,0.577779248107,-1.07740895718,-0.294345120303,0.486759706361,0.0745097653959,0.396259479542,-0.186657487772,1.0911002282,0.633949490794,0.208968335046,-5.17441872717e-15,-3.82743707841e-17,2.66852029479e-17,-4.54317090275e-16,4.07119712321e-17,-1.16022488296e-17,0.0,1.52005937989e-16,0.0,6.55028666239e-17,8.70167877324e-17,0.295687623051,-0.685303413395,0.352403445861,-0.18235020143,-0.27399310143,-0.701059693139,0.633664153462,2.89040469954,-0.249724509732,0.102162367762,-0.451631817624,0.289104793809,0.465891563999,-0.19220396157,0.186299644018,-1.17945426781,-0.369627991927,-2.92065600219,0.302349797371,-0.911135176935,-0.960322972767,-1.94100993396,-2.22285233832,-1.04606125433,0.187416784063,0.566295990437,1.65092440845,-0.801614570821,0.605951792815,-0.264945722059,-0.53758311023,-0.138096345791,-0.257400149604,-1.14185657948,1.9786038007,0.153231270909,-0.0777134922133,0.192380632595,0.592979388501,-0.131522701741,0.545580453502,-0.18361995594,-0.186538466204,-0.202877804195,-0.38792770869,0.214074933633,0.0557199290016,0.836150249884,0.73212124902,1.13829474097,0.280682329354,0.224916626518,-0.0439764311467,0.360095894729,0.693316781509,1.49631496718,3.02124619278,1.08304727247,0.770320212465,1.33096510123,0.582441808833,0.676467694667,-0.389185832424,-0.207196798644,-0.196736595344,-0.196785064134,0.71101849247,0.347572788679,-0.765542130969,3.95592715008,0.306425428977,0.325099104397,1.29247162498,0.859877520923,-1.7415832356,-1.56016972567,1.58632823152,0.298362206379,2.33261401559,0.872340900964,0.929350984193,0.783301501168,0.783301501168,-0.783301501168,0.585880264106,0.727090550413,-0.203940035751,-0.197401596614,-0.202296764162,0.600730015523,0.836919351796,0.337541091796,0.72265067807,0.867360474832,-0.717615524912,0.894685208033,-1.66174016898,-0.066629161212,1.61316113161,-0.958277485394,1.20247042253,0.738485245452,-0.919004817854,-0.946664360379,0.402167524648,-0.918355094918,1.32716855372,-0.907750286344,-0.952902768129,1.16708588524,0.554423846348,0.787612609581,0.0850208860679,0.0336920085672,-0.0293585254786,-0.133993269643,-0.163611065201,1.58364672557,-0.647072094396,0.526384069655,-0.235375967801,0.258126450145,0.890726856721,1.27660764911,1605935062.8,01030330,0.11714976
719,600268.XSHG,600268,2011-05-31,1.03372618294,-0.494646095868,0.371240016174,1.72334428447,-0.297767745924,0.346608763265,-0.067963910061,-0.218815764553,-0.7699506276,0.00399155366303,0.945045008481,0.209671744154,1.36195922286,0.7933725652,-0.833135531631,-0.308049200742,-0.0445436356766,0.0221571505395,0.0253046339168,1.98368901557,-0.10696836777,1.60674923938,0.198785716259,0.618710510454,0.658526857136,-0.699213215975,1.27682330053,0.221811058665,0.146673629738,-0.453809187665,-0.482359420249,-0.45791224005,-0.424377927447,-0.460384992233,-0.697714861102,0.697907772355,-0.618710510454,-0.219294774712,-0.286717300733,0.338989743478,1.41578875267,1.51621155696,-1.21665276931,0.307356728533,0.990664104147,0.597866397351,1.13968670779,-0.327239849897,-0.229805276786,-0.277874347395,-0.177050411359,0.168780603664,0.366084060957,0.258766705651,-0.130400492304,-0.104296826518,-0.486056977757,-0.448637104153,-0.453481954915,-0.448674312084,-0.450869173567,0.0851013492304,0.0811038095475,-0.129324933522,0.165204433325,0.13813201926,-0.0631826929261,-0.765987802214,-0.7933725652,0.102575155377,-0.0631463911231,2.53278254221,-0.141316375302,-0.596517511866,-0.596470696521,-0.217903924908,-4.20592587305,-0.513201040004,-0.276110645206,-0.208207209305,-0.124704482341,-0.182670906285,-0.302625819028,-0.0134016251846,1.30418525168,0.0321054475368,2.38051601847,-0.24019417369,-0.0857812541657,0.0749025851829,-0.0233562004364,0.761225452576,-0.018405461521,0.879684369598,-0.990664104147,-0.276636202871,0.259611803929,0.797866352494,0.650141987071,0.0378326248525,-0.535314292298,-0.134152088053,-0.0705513887221,-0.244779858391,-0.627324153817,-0.323141601538,-0.732216932491,-0.214363176657,-0.548811488052,-0.0509741959189,0.666929272285,0.846929831601,1.59885824374,-0.648439601491,-0.0157696327266,1.22406461524,-0.48960139218,-0.655179121286,0.992453912217,-0.300248549122,-0.227400484842,-0.181954217773,-0.65073141625,-0.583504055053,0.574389814549,0.497418032548,0.550832616038,1.14563708557,-0.457454193499,0.679364481931,-0.259308480035,0.355774630525,0.812164700356,-0.467078986745,-0.219228578967,-0.295247615017,2.24045656673,1.09197056817,2.09843801978,0.52957992251,-0.4506438249,-0.452557998761,3.37657605871,1.75247720366,2.45105537071,0.715941966619,2.35915132394,0.565386949741,3.55761634992,2.12106351254,0.520902997026,0.0302532824673,-0.303831111593,-0.0809035198161,-0.575795414993,0.877055929897,1.28988557725,-0.564906021066,-0.119611326032,0.773196830574,1.84623359492,0.147575960779,0.136558869917,0.129780681326,0.130039058601,-0.36866670242,-0.293582587358,-0.411769827338,-0.0674765733411,0.0385174023156,0.115522194291,-0.253783746461,-0.263164986061,-0.272322263447,-0.190845710712,0.179572631779,-1.04985620307,-0.737428800686,0.149135877804,0.170240816563,-0.308905547449,-0.392316156667,0.108120230792,-0.368189873954,0.962292876225,0.956600325713,0.963355912858,-0.39099019237,1.46810277816,0.26005385339,-0.236690624712,0.363729055255,0.425597469144,1.18322555907,-1.99401215339,-1.90731354771,-2.24588704643,-0.624965494226,-0.165051433316,-0.951038221234,-0.0482835744262,0.223765989973,0.771977033993,0.771977033993,-0.771977033993,1.04752580767,-0.33349087448,0.263775233568,0.261498535544,0.259874023535,1.00734374879,-0.467701409681,-0.000744285012329,-0.496336585407,0.249949565451,1.87362854437,0.707560720166,0.0414051703255,-0.107504406451,-0.781069565448,0.719077250211,1.15007310584,0.0538805802014,-0.456791824524,-0.457078937043,-0.479580121826,-0.447130743739,-1.73745904415,-0.398712119952,-0.349074104501,-1.98881897052,0.174364477814,0.50014866607,-0.224918223516,0.958010572564,-0.477977897568,1.48892296307,1.18778889942,-0.889778144862,-0.347941747495,-0.369361858917,0.545846463079,-0.0151298486305,0.272842497519,0.654305655894,7578489957.62,01030330,0.0729254
735,600468.XSHG,600468,2011-05-31,-0.4561137288,0.313205622829,0.638023886282,0.37679492929,-0.0471902848441,-0.924656789077,-0.421127243553,-0.218815764553,1.12592659456,-0.29924869884,2.15018391373,-0.701734871419,-0.775984127309,-1.12874072659,-0.110042809265,-0.491953118263,0.0226613090883,0.176439094142,0.0609426713945,-0.162071771022,-0.239252131806,0.0684386991554,-0.470016867315,-0.471565589525,-0.150568223924,0.0389334252942,-0.787556614565,0.845610357234,0.0939283274523,3.23264164522,2.9084943028,3.22973926293,3.18824065789,3.0735775945,0.200989349522,-0.174252945093,0.471565589525,-0.652487114549,-0.816119116273,-0.784695620324,0.175403234213,-0.376945617163,-0.0384034191542,-0.583470916816,-0.301003871936,-0.308857308095,0.757346957478,2.06717842816,-0.301502089465,-0.216753498452,0.231201525186,0.678950153976,1.01747114078,-0.56705049695,-0.0121704215638,-0.359116419606,3.26243825866,2.81992275559,3.2908779498,3.17917986713,3.05760723553,0.331744534787,-0.653310503098,-0.647674565589,-0.168628833816,0.142473405388,0.742892069892,8.18865414021,1.12874072659,0.116642015516,0.742920772917,-0.2356581743,-0.0997007897212,0.709951853871,0.710000757017,-0.445406022608,0.112780425849,0.570279686872,3.14639002178,0.313012421924,0.000255165738868,2.69256307448,-0.302625819028,-0.432545563686,-0.978756004926,0.460035735564,0.099529248948,0.345320037939,-0.255363165677,0.140355545801,-0.425643554699,-0.748911215815,1.69724171832,2.21379002204,0.301003871936,0.151186235561,-0.203629652391,-0.161580729008,0.576252647134,-0.109666212126,-0.508080353824,0.59102294601,-0.0372753200395,-0.320085401821,-1.02373034893,-0.428419808525,-0.706237911314,-0.333705913295,-0.900292344973,0.278018282104,1.21747470198,-3.82743707841e-17,0.577332748292,-1.31954802883,-1.57644839475,-1.64978897757,-1.00541610458,1.38320808073,-0.686684821769,-0.197353007544,0.682173356842,-1.42593837795,-0.112704710691,0.840535900137,-1.01651246327,-0.732410898974,-0.0751135385506,1.52278440566,2.12527331225,0.274934634166,-0.403791549158,0.0421393022641,-3.50634865307,0.668529422005,2.55955944502,2.42786132574,-0.481155724328,-0.437689121377,-0.00506178871216,0.339139571961,3.16582626069,3.37141808469,0.108580523769,0.0740395476323,-0.157076842405,0.224424944712,-0.34283718058,-0.169826450913,-0.456672263009,-0.345958969642,0.526000867385,2.59680853775,2.92363320343,4.4440200367,2.47283100616,1.50988877913,-1.02294247324,1.8484949767,1.87174475557,0.670067431724,-1.14650735391,0.543239250604,0.0839249755358,0.0827496637444,0.0779905331076,-0.273157206854,-0.379967333605,0.130092079558,-0.264249454909,0.418698432335,0.387448555003,-0.667805782999,-0.678764158896,-0.722401525571,-0.633316449811,-0.28132539965,0.655740594956,1.75818546365,-0.68237262864,-0.606692403222,-0.728019447812,-0.499374935626,0.42478206771,-0.273696602166,0.224822121367,0.215874633716,0.224402833628,-0.116734967063,-2.96703347719,0.575401833014,-0.173443909319,-3.436203238,-3.08823338449,0.0780661080704,0.830578067575,0.278909335021,-0.209662558113,0.771641069402,0.0666553865314,1.08169887776,0.189122675404,-0.984527943547,-0.642826398311,-0.642826398311,0.642826398311,-3.88950895828,-1.42021739345,0.0838722937323,0.08414836077,0.0832012320798,-0.720764617605,0.337277358039,0.0479664059012,-1.03448856624,-2.96534301078,-1.39395210152,-3.87977619303,1.70058748874,0.683814794347,0.418752511086,0.791427938631,-0.280015907183,1.73746532606,3.23925555782,3.20725190663,2.62136944478,3.22325091814,0.268766238989,3.12006859319,3.1395270579,0.470840979681,-0.225505501442,-0.0336909460307,-0.320345503002,0.600396807644,1.12185499083,-3.09272085069,-2.26133387173,-0.156088070937,-0.318106633134,-0.0839751265216,-0.51684581422,0.479917437044,1.50861121592,-3.04116842802,12765772800.0,01030330,-0.18969625
740,600592.XSHG,600592,2011-05-31,-0.0525615196911,-0.103603949998,-0.0828056089143,0.572950148578,-0.117055143166,-0.563012228599,0.055269226375,-0.218815764553,0.0801255546911,0.333621576644,-0.10811367959,0.585807807724,2.50839261353,-0.994734236528,-0.454160583138,1.42652038265,-0.339211470415,-0.575063276309,-0.351864596055,-0.821621098225,-0.665719191983,-0.262847545213,-0.882137233606,-1.31438168679,0.414271738326,0.0652370917982,0.354489480369,0.852698985627,0.0859163828013,-0.49617652954,-0.464603988249,-0.488943109645,-0.495174196485,-0.459388009204,0.234150093122,0.335229833819,1.31438168679,-0.796929643099,0.238482913095,0.654041714637,-0.754885904633,-0.268595822437,-0.354960292713,-0.526912205621,0.991920590505,0.0827288867681,0.222071307034,-0.0954151203473,0.429516950867,-0.635140714271,0.265590116196,-0.62533832045,-0.35251777908,-0.479197603057,-0.0527401725851,0.973683441622,-0.497204161299,-0.456890899942,-0.490269941678,-0.500723636528,-0.42888301765,0.157744596106,0.463236874664,0.329630469872,-0.0370549432837,0.138958125068,0.958470204134,-0.062011952711,0.994734236528,0.0976074687497,0.958496874927,-0.277236758278,-0.116439032851,1.00850518242,1.00855456267,0.784375431626,-0.0607386811132,0.0813290946653,-0.525374800801,0.279838002262,-0.146305278141,-0.00301310843893,-0.302625819028,0.915852590361,-0.0202550379555,-0.0514968272764,0.687387394021,0.519883281158,0.883533535496,0.0305634828289,0.017156837007,-0.309225843324,-0.012231731139,-0.665146831684,-0.991920590505,-0.496522595809,-0.370421916782,0.16315520627,-0.671150978882,-0.0104765717542,-0.582286589851,1.12246508776,-0.0613070157911,-0.203899706243,0.236971320769,-0.277521045177,-0.258099796009,-0.199749780334,-0.141540018921,0.0903356030089,-0.216856354005,1.77470726343,0.0966148680816,-0.373448831264,-0.999114597067,-1.64978897757,-0.7412009901,-1.65301401706,0.26482712749,-0.366446254198,-0.209060090275,-0.250944257187,-0.0867757128324,-0.345203171864,0.254710863904,-0.366885947502,-0.0751135385506,-0.00766848746595,-1.53937222873,-0.405631605124,0.00176110934618,-0.271964993925,0.371650185311,-0.549578827621,-0.51102140735,-0.578625934233,0.323939777527,0.108774847248,0.487539586341,-0.386201373845,-0.462528882612,-0.509860057406,0.401526047706,0.0672689103384,0.166549772553,0.13338033672,-0.460378934279,-0.33226301534,-0.480831300147,0.300393085852,-0.062386574068,-0.387469048395,-0.580166018087,-0.52460620267,-0.420370501238,-0.359765085573,-0.0518934300706,-0.500444173948,-0.414122253738,0.031268755243,0.118475995913,-0.0221612493531,-0.135268648169,-0.136076331958,-0.136702477849,-0.552534911631,-0.437650070507,-0.659293554338,-0.499373242452,0.102626331685,0.165811203494,-0.492079963936,-0.50457539947,-0.509676719952,-0.449563007474,0.113258995469,0.37383977811,-0.746235000989,0.0963245352725,0.0329941492548,-0.706238247307,-0.7127905983,0.0685791525943,-0.55287500418,0.263966478328,0.261244193807,0.264056440261,-0.173681529007,0.367762707571,0.201996014987,-0.431909823362,0.288926169495,0.320190511542,0.0374785819136,-0.393533946414,-0.0421788744748,0.14273323419,-0.857733254831,0.298362206379,-0.951038221234,-0.112823956117,0.0157297676588,0.0887341811463,0.0887341811463,-0.0887341811463,0.218750025747,0.0494779165669,-0.204443925332,-0.205835169014,-0.205965014788,-0.0905133310362,-0.273396189887,-0.615085521603,0.020469074685,0.0902889726538,0.579484517984,0.150964903065,0.138619467581,-0.0799286435784,-0.349958242976,0.841630457126,0.286464319872,0.170330555972,-0.495208339483,-0.482697939129,-0.651140263823,-0.495718264841,-0.343369428112,-0.495245569232,-0.481929587339,-0.298372824276,-0.0341320287103,-0.100500197729,0.0466154277497,0.285734763843,-0.0702367302334,0.639126889099,0.2847525074,-0.550724398578,-0.489486278827,-0.402097967585,-0.154956011681,-0.257752033194,-1.58081058009,-0.208823869259,3366000000.0,01030330,0.01158645
752,600604.XSHG,600604,2011-05-31,-0.615330867133,0.622750356807,0.158325965991,-0.411488001486,1.24152190968,-1.24230747519,-0.677042702606,-0.218815764553,-1.34634374632,-0.211000337932,-1.12630978249,-0.701734871419,-1.08583098965,0.224183382666,-0.368760505323,-0.84595646077,0.0562637814707,0.171462257252,0.114399727611,-0.719653962976,0.328383422827,-1.3204503212,1.63662467587,1.56075262348,-1.00546113976,-0.818401704822,0.565809966874,-3.22562521638,0.140543278149,-1.35328579313,-1.35331795744,-1.35445947239,-1.35232746846,-1.36128564105,-0.80176270153,-0.651408439274,-1.56075262348,0.500212951773,-2.2110508842,-2.92704902421,-1.47049293451,-0.214919669136,-0.513649842315,-0.323200246821,-2.32645988113,-1.80321557715,-1.68962744455,-0.724653671981,-0.790172583323,0.496639629663,0.11646542414,-0.630719855791,-0.902466069416,-0.634138161378,-0.337163327525,-0.808719575996,-1.35480041975,-1.34723721173,-1.34078485766,-1.35724406651,-1.36461613698,0.254759484863,-1.33825035157,-0.681421286427,-0.429029769568,0.138035251986,-3.15492127656,-0.0394293116354,-0.224183382666,0.0936162653742,-3.15485582928,-0.502454088157,-0.123180528664,-2.82014270291,-2.82009944102,1.40038685873,-0.0280682211897,-0.817739364709,2.47302625014,-0.20263194091,-0.211129476686,0.271136301209,-1.0634002797,-0.565813121387,-0.308176840049,-0.128014163546,0.743258209462,-2.79863670711,-2.87039332387,-3.5735721228,-2.5628839686,-0.714555773364,-0.711162997019,-0.586583647968,2.32645988113,-1.61364107471,-0.371960423833,-0.235384350662,1.98886525886,-0.222105337853,-0.280464592812,-2.55422526742,-0.0705973120849,-0.343752858328,-1.17969344209,-0.516151647681,-1.38818721721,-0.348319309618,-0.928187651078,0.198815019114,-5.17441872717e-15,-3.82743707841e-17,2.66852029479e-17,-4.54317090275e-16,4.07119712321e-17,-1.16022488296e-17,0.0,1.52005937989e-16,0.0,6.55028666239e-17,8.70167877324e-17,-1.01031545757,-0.79118015465,0.903954683566,0.959003552044,-0.581017523414,-0.701059693139,-1.34180435769,-0.261753351071,-0.467212464119,3.83937880325,-0.345558220144,0.435398111421,-0.372033087117,-1.43570155937,-1.27401282355,0.192432934671,-0.275349626541,0.285421064501,-0.00432635451538,-1.32813764029,-1.3416446771,0.297364562095,0.116592191547,-0.244021853514,-0.475040623549,-0.492963898424,-0.531047189581,-0.201225872596,0.149340052749,-0.190412315541,-1.36540601746,-1.05003049014,-1.07519130675,-1.12673742445,-0.684378539918,-0.343584518619,-1.38066437655,-1.09817869674,-0.492688950558,0.0615346426448,-0.154439213111,-0.618179603023,-0.618743935437,-0.616928342684,-0.798822847679,-0.63764274636,-0.768982279131,-0.628907853465,0.366329895404,0.423835726696,-0.749158888866,-0.768389553681,-0.814484360511,-0.683780832239,-0.0279093351547,0.0782971113526,-0.62106115383,-0.487742929201,-0.905755163322,-0.784658057629,-0.812924105696,0.358917294195,-0.799176463179,-0.662610179097,-0.666371533328,-0.665231702053,-0.528421444447,0.759765767396,0.547141326379,0.338393238598,0.317910590747,0.347319319528,-0.087656163775,0.694446117732,0.892944870964,0.367612397518,-0.159429973017,0.298362206379,-0.0128518678545,0.589727952064,0.708006961757,-0.345370393867,-0.345370393867,0.345370393867,0.594549663985,0.207371549919,-0.484939412589,-0.487247472877,-0.487750265035,-0.273489511008,-0.356669855513,-0.615471773778,0.153040961404,0.487741937703,0.839022767223,0.638284845935,-0.51595263547,0.0697093176226,-0.341578509693,-0.360276897436,0.667028766613,0.311018988239,-1.35310354849,-1.35650699412,-1.15331109613,-1.35246816732,-0.0471747504827,-1.35407066247,-1.34117481089,-0.176757993611,-0.345609284968,0.0158416438244,-0.558226026043,-0.220958495787,0.753194144249,1.06136018015,0.580676535798,0.0217761894087,-0.403297379494,-0.431541609137,-0.262661310056,0.047363744363,0.272842497519,0.390045036714,3347714712.9,01030330,0.05414552
768,600761.XSHG,600761,2011-05-31,-0.216207941663,0.0263145963429,-0.816461251712,-0.348449843475,0.916849189486,0.135587298079,-0.688066753149,-0.218815764553,0.453329732282,-0.263658824894,-0.035691181731,2.01801820362,0.804234870641,-0.28409375893,2.31872765777,0.129366033109,-0.233234442132,-0.356082453131,-0.236040974253,0.776268652157,1.0026357425,-0.358577846172,-0.77742936257,-0.986451805442,-0.425355232587,1.29822145917,0.113416289989,0.0150593972079,0.0860377759021,0.264800616259,0.319267670166,0.26819770854,0.26855068109,0.307649067658,1.63386988641,-0.385791880846,0.986451805442,0.193204955698,2.11659887775,0.979595418169,-0.838373391452,-0.350120087532,0.835622442127,-0.0909294921504,-0.219332258663,1.72003909136,-0.236736393347,-0.0722326473924,-0.904827309766,0.814323694116,0.100560700798,-0.111059234059,0.1876668993,-0.570245147637,-0.277333817213,-0.71266192834,0.269458673034,0.299153958016,0.248192083078,0.262449583143,0.344016042036,0.0745475368231,1.37590048439,-0.576131517413,-0.177784984863,0.142927375318,0.192565279995,-0.0318408128124,0.28409375893,0.116289931414,0.19259917089,-0.388112982218,-0.104734103468,0.34571679304,0.34576511412,1.24348886032,-0.0382302328709,1.04421452193,-0.614452146981,-0.0396946378217,-0.16341510395,-0.512078744936,-0.302625819028,-0.0217620431303,0.111631723004,0.0561942385847,0.13353757139,1.19995258286,0.947126752313,0.40075979772,0.0896538513793,0.235534946724,0.50473695506,0.374530440662,0.219332258663,-0.815357865568,0.0571322093194,-0.338709420977,-0.609387069089,-0.116805204235,1.68687514617,0.167563072105,-0.0297347038683,-0.218960814929,-0.0749548655476,-0.291558139442,-0.375005391306,-0.221669874818,-0.230804998457,0.341664320261,0.415833949324,1.34667201545,-0.86482089234,1.14227410463,0.903622705652,1.48532403276,0.806065463778,0.397421685341,1.21633907675,-0.357242295203,-0.239157148027,0.360350761039,1.6029306476,0.521520201673,0.0998663721858,0.351580140133,1.17677877063,0.360368993976,-1.18855065167,-0.876529681645,-0.310627602948,0.000349049187891,0.333237973424,0.1849358847,-0.142537097164,-0.109484638481,0.328721209976,0.41007556721,0.546179204627,-0.237891707247,0.32084267234,0.185774309849,0.0305662078594,-0.452561644996,0.0278697485064,0.0941479442403,-0.259128035479,-0.264754277799,-0.534283768827,0.171583026854,-0.00721377769307,-0.568854259341,-0.30643687407,-0.356547658768,0.0561852654487,-0.668073096998,0.0817199072646,-0.0251960461793,-0.154203027047,-0.0746083585367,-0.0759897918397,-0.14156259717,-0.152844416029,-0.154288042055,-0.155766326029,-0.383097540827,-0.343482523068,-0.538736677553,-0.176255077953,-0.0178886656358,0.088694410073,-0.434790288527,-0.447847930436,-0.439294975374,-0.359967972982,0.282720348405,-0.338296901768,0.746101443157,1.12824065393,1.11872020555,-0.489046993871,-0.639000128038,0.411231473496,-0.382974366008,-0.110769302015,-0.113738089899,-0.11175846021,0.238425995046,0.0371070715039,0.208591556188,0.906631780612,0.179918951489,0.141368895254,0.85831269062,-0.140984241237,-0.192399490976,0.704995216265,1.00440883001,0.298362206379,1.55079205445,-0.462820475327,-0.331359386542,0.513024217942,0.513024217942,-0.513024217942,-0.0835481787338,0.232266226452,-0.409391221656,-0.412531763528,-0.412674798165,0.0924628489354,0.00418269553374,-0.974300044023,0.26201954625,0.0299916211186,-0.0406877450051,-0.173118784432,2.03575606201,-0.4939032091,-0.137202005912,-0.34551145082,-0.386283557503,-0.698104359492,0.264066074861,0.275649082489,0.146971813427,0.260999439667,-0.536883284163,0.275715059713,0.274470405017,-0.304453565809,0.129262477219,0.198155080744,0.00534260747539,-0.12380556665,-0.863103576624,-0.206886964842,0.321590367881,0.722116714519,-0.340639131548,-0.502983556224,0.241399486339,0.527706655215,0.890726856721,1.51032317596,5693423908.15,01030330,0.13375893
770,600765.XSHG,600765,2011-05-31,0.201720296759,-0.24748762137,0.571327918755,0.672361254098,-0.144756538409,0.68372943144,0.262757606253,-0.218815764553,0.0229009141271,-0.0693671661043,0.317859041805,-0.296665264497,-0.373183206263,0.25531620359,-0.529878112449,-0.220074807627,-0.111748580442,-0.171939488186,-0.0459714410386,1.62842256816,0.577155874597,1.21948704338,0.0245853022809,0.277469822115,0.0478890601093,-0.263558739502,1.59494836505,-0.070004143506,0.250586123999,0.12807902931,0.330576100319,0.193224523608,0.0818234964363,0.293289535984,-0.190932192598,-0.39791958299,-0.277469822115,-0.36238484513,-0.248902885338,0.149958560782,0.604767452142,-0.321261940596,-0.0375811935086,-0.534149708684,0.280749311844,1.59036126412,0.171092673658,-0.34379875915,-0.24012691106,-0.269479252543,0.208101807951,0.555957609914,0.888283138363,0.389747383819,-0.046962244798,0.302614042025,0.136978081007,0.373126120967,0.208271897109,0.0757226316977,0.300203471097,-0.265365408082,-1.98137951629,0.182494767019,-0.187582066482,0.135433287488,-0.206455117547,-0.0513105585017,-0.25531620359,0.0813153270591,-0.20641746513,-1.01179174188,-0.131051753979,-0.0017992813934,-0.00175151565983,0.864692264147,-0.00230351719876,-0.139684080891,-0.310285186003,0.175804426411,-0.124743298784,-0.290879042381,-1.0634002797,-0.0689297742268,-1.29268364721,-1.20209084674,-0.90128709721,-0.351114567818,0.380569002491,-0.217172454133,0.322070750397,-1.41854901645,-0.155852195815,-0.312958603128,-0.280749311844,-1.0166017165,-0.111922565441,-0.530598837278,-0.870841656558,-0.113749957612,-0.392898283762,-0.19555376977,-0.0878599041602,-0.257689380122,-0.497354909518,-0.389817799297,0.0146799263501,-0.224105440872,-0.465125569738,-0.509205181898,0.0796808139461,-0.415112239754,-2.00652585784,-0.108279159975,0.66189351394,-0.657003190963,0.0127093870019,2.06778196641,1.21633907675,-0.121774344262,0.209320363573,0.156265243747,-0.0241139680082,0.244783692163,-0.499531660273,0.543644820204,-0.701059693139,-0.205807478094,-0.973868791076,-0.984784921863,-0.379842625132,0.742325786889,-0.864078843906,-0.963978949997,0.213895694453,0.140919936217,-1.147729289,-1.43470937349,-0.506285235991,-1.1896957327,0.0925218041137,0.303352242667,-0.203827332906,-0.318488877734,-0.406121805625,-1.31300020039,-1.02206261924,-0.904811781507,-0.418883120192,-1.06193928039,-1.01166369665,0.539342571567,-0.464230268513,0.0948899361481,0.898019817769,-0.752236653596,-1.34097985366,0.579607754718,-0.333309521815,-1.01345412692,-0.587254734086,-0.278522966725,-0.180735007678,-0.17926628732,-0.174774831302,-0.204645303106,0.024784355224,-0.419557327852,-0.359697485196,-0.284192886427,-0.0474024416863,-0.151332435412,-0.169699704399,-0.14833691972,-0.0701234330081,0.74542744349,-0.0666078278172,-0.925189571425,0.496608113468,1.22791827599,-0.409134165807,-0.487546742041,-0.300730074958,-0.203859953453,-0.290639170961,-0.286957473331,-0.289192568444,-1.03477864588,-1.41639894447,-0.0635972509166,-0.118115263378,0.160281496997,0.228002176507,-1.42794073355,0.684837220769,1.68402904579,0.818050891722,-0.857733254831,0.298362206379,-0.951038221234,-1.17788241344,-1.41227866175,-1.44384370977,-1.44384370977,1.44384370977,-1.28916015758,-1.0974959931,-0.39416879575,-0.394535859853,-0.39183395221,-1.47300002416,-1.21716440032,-0.77505114445,-1.01651271719,-1.18105096042,-0.712294695201,-1.14138847484,-0.673623896079,1.17570779611,1.030176413,0.116647028268,-1.22958575287,-1.0003605466,0.143704845857,0.219637255878,0.87824691869,0.134538550866,1.40615380108,0.0358290246561,0.0407791589848,1.13668217757,-0.916932588891,-0.842275675722,-0.599486566395,-0.905625871292,-0.265827584928,-0.82734296949,-1.18835486368,-0.434000977726,-0.00594878000569,-0.432459717594,-1.1831825935,-1.28338217703,-0.962926220885,0.187312365806,11257706304.0,01030330,0.03973817
776,600841.XSHG,600841,2011-05-31,0.054340595653,-0.170912496539,0.694458935728,0.468369804899,-0.0827621931952,0.119762759464,-0.526643155901,-0.218815764553,-0.361084717483,0.107008501719,-1.14379107507,-0.267731721146,-0.652045382372,0.888801429334,0.932186711832,0.121878850717,0.407797338703,0.509887165799,0.426232555541,-1.44232580248,-1.23434193889,-0.341442350773,-0.508984648403,-0.256172530927,0.337942013697,0.229635007448,0.515459237237,-0.741060964693,0.458107629769,0.548260198072,0.220259073359,0.476702832317,0.51787667205,0.288423663593,0.4506561075,0.27089336802,0.256172530927,0.428059310405,-0.33293491955,-0.852956880742,-1.08883585191,-0.0683892913117,-0.691250581767,1.40589232858,0.206616616719,-0.825526446558,0.0436460902189,-1.19161491293,-1.21528579394,2.68635387232,0.191245257537,0.206549197147,-0.0965055960804,-0.634138161378,-0.249189717347,-0.467181273219,0.658622371885,0.129398054924,0.451477953167,0.601144296554,0.240997686637,0.549615315568,1.24887478142,-0.477591092567,-0.222558563478,0.14735537413,-0.48898298292,-0.105344327229,-0.888801429334,0.111448775011,-0.488942667144,0.512756337298,-0.103390851207,-0.348121142512,-0.348073930217,0.298365203206,-0.0714521941361,-0.508039373484,-0.352774741434,-0.307300218886,-0.133932259794,-0.436011639364,0.459061936318,0.405991878031,-1.29268364721,0.85537530629,-2.81061148575,-0.243830907924,-0.57911045129,-0.141866359659,-0.692887450816,1.15297393285,-0.151628064501,-0.33009076157,-0.206616616719,0.62537602207,2.14781245735,-0.3977523183,-1.2471089107,-0.132353687051,1.3945475497,-0.561846560698,-0.0287473515681,-0.0382275106963,-1.1407026688,-0.25646540378,-1.4011767278,-0.0779714776415,-0.87797610009,0.503690526136,-0.216856354005,-3.82743707841e-17,0.397063543213,-0.579691908934,4.07119712321e-17,0.283530712137,0.0173291536304,1.52005937989e-16,-0.0710006193074,-0.257886737853,-0.35382380295,-0.229550133466,-0.557819173925,-0.596956524266,0.839123945552,1.53130636553,0.550832616038,0.410017614616,2.89236825314,2.66094855173,0.165850715172,-0.506865817949,-1.37814865831,1.73646515022,1.86641452854,2.56530634001,-3.25417713946,-0.697639681081,-3.80877707718,0.612023108501,0.234217916489,0.629504057977,-1.64936661273,0.932938791396,-0.864278370836,0.947882700863,0.0185800750315,1.37215521973,-1.58035843894,-2.66531466254,1.05999219631,0.704449220438,2.14513064243,1.74523890074,2.18980042392,0.0580286580721,0.247325170441,1.57636486525,2.70935279644,1.48171877338,-3.1956918499,0.420326098439,-0.84309011707,-0.842697466332,-0.839808916541,-0.413513224483,-0.126093398598,0.0126838361076,-0.103379440748,0.84008775151,0.902480730348,-0.386034602552,-0.414427874793,-0.590035446632,-0.351594153547,-0.242714393401,1.98416227901,0.606145759775,0.885746683657,-0.531273549768,-0.224652545607,-0.227047814261,0.572394688286,-0.412654398106,-0.868492417684,-0.872885226326,-0.867178700694,2.22855165702,-1.9026972907,0.440182565997,0.679275563096,0.293433348819,-0.646065616186,0.894495133474,1.14431505391,-0.292690629959,-0.745536010831,1.00440883001,0.298362206379,1.55079205445,2.14239325784,1.58849447187,0.998466377478,0.998466377478,-0.998466377478,0.0392369086846,2.86553189715,-0.683770847034,-0.683458802031,-0.684672375765,-0.375142944325,2.25257166744,0.0556914493941,3.12916746919,1.41343367254,-3.91129575815,0.00206158718781,-0.30011523685,1.37726633536,2.33400358625,-0.445916487811,-2.61506339586,1.3139509911,0.537888265264,0.433553620814,2.6821303284,0.520937121983,2.29868709634,0.490652947125,0.339399280959,3.43216210638,1.80686990347,0.88717052831,1.95148932057,1.68142776694,2.84858063983,-2.60739325271,-1.10022893225,3.00656080833,-0.681041493976,4.36367772667,0.260068404724,0.419874573187,1.50861121592,-1.27457982568,7877072192.0,01030330,-0.0641523
777,600843.XSHG,600843,2011-05-31,-0.948777293634,2.32028681657,0.745763526133,-0.367512291752,1.0014572054,-0.647934490796,1.46241053507,-0.218815764553,-0.254928862524,0.312800289845,0.24365273858,-0.701734871419,-1.08583098965,-0.407271441714,1.11886624701,0.176745859188,0.027830920224,0.106763377676,0.0460934891121,0.251461610819,-0.387330972145,0.82902622157,-0.157336505357,0.112294808078,0.795920361467,-0.680307455675,1.13416289989,-0.373633726332,0.319355315586,-0.209970769329,-0.1547440271,-0.196133840149,-0.196841634851,-0.155769476287,-0.64100518364,-0.214334006604,-0.112294808078,0.438473238025,-0.585031022188,-0.879211211672,0.145586274635,-0.248890726888,-0.299871174457,0.223496702695,0.402628488576,0.349232138031,0.782836274165,0.808701324895,-0.676444020122,0.261463013254,0.152097531164,-0.080237713471,-0.585713942558,-0.619762233287,0.191796642147,1.96094259809,-0.241007077948,-0.147898283687,-0.203366635902,-0.20532745489,-0.123385816842,0.178958348643,-0.454091081556,0.117701063011,-0.130539245465,0.135311432401,-0.328303628205,-0.0323763178928,0.407271441714,0.0749860651935,-0.328264827136,1.72200015465,-0.101869016275,-0.201232904865,-0.201185457836,-1.02219295011,-0.0200019146075,-0.359289529214,0.599150487872,-1.78519119666,-0.0645700494266,-0.13894099715,0.459061936318,0.107762043849,0.0986288029091,0.199309997163,2.1157369366,-0.185643160184,-0.756400631506,-0.146792926587,-0.688622920559,-0.719136499024,0.818297471831,0.133456496862,-0.402628488576,0.359600294954,0.0726077802423,-0.530598837278,1.55954924784,-0.200355611892,0.697708518454,-0.461274840646,-0.088250252744,-0.246931445346,-0.81577955805,-0.365252884333,-0.816648751317,-0.267945629841,-0.654813651251,0.0384905180948,-5.17441872717e-15,-3.82743707841e-17,2.66852029479e-17,-4.54317090275e-16,4.07119712321e-17,-1.16022488296e-17,0.0,1.52005937989e-16,0.0,6.55028666239e-17,8.70167877324e-17,-0.95646957315,-0.305011444806,-0.397091267397,1.61084891234,-0.5781751832,-0.0751135385506,0.448278936944,0.0556878147395,0.971873562157,0.577719573419,-0.30894398345,0.546548341563,-1.08335659993,0.196001015366,0.139614045345,1.08924817724,0.30915648952,0.659933395095,-0.314553642946,-0.218221182867,-0.189501571403,1.52414262593,1.018537208,1.77114202518,0.0710728566774,1.25555132084,0.581250489418,1.93792713694,1.479381375,0.32109754632,0.384555088251,-0.622023662956,1.00550003804,-0.290950534143,1.86622695394,0.0685467613302,-0.349464416336,-0.0668719446114,0.526977924572,1.01334054949,0.00710378687657,-0.639269877291,-0.641206965511,-0.638539834277,-0.676799409894,-0.556337149418,-0.644632730375,-0.60550246495,0.399640308209,0.414047327445,-0.666699474709,-0.68176994988,-0.731166818711,-0.619504683387,-0.154747747986,-0.238362578769,-1.18906107335,-0.636739660909,-0.84614511068,-0.656305364483,-0.714697843394,0.355585180863,-0.677022813236,-0.557367538689,-0.564498420608,-0.561349757579,-0.388698726846,1.10429330276,0.710514376064,-0.508309060121,0.182681635201,0.360864931053,0.0571799372375,-1.32088114632,-0.639171684954,-0.160079329623,-0.392197733621,-0.628465073011,-0.951038221234,-0.50433102919,-0.300126794419,-0.736441993618,-0.736441993618,0.736441993618,0.142987009412,-0.483540979609,-0.530732009996,-0.53350167798,-0.533346240791,0.377092462225,-0.662006629476,1.53314893432,-0.540152717458,-0.364913568513,1.62177593805,0.076115107918,-0.649007936491,0.992370299078,-0.74769894618,0.0339605272174,1.85480649381,0.705552559997,-0.208780483596,-0.186168351168,-1.05323434663,-0.203113768273,-0.560578858373,-0.185511338312,-0.149560285556,-0.9976581006,-0.506742627193,-0.456048355149,-0.340711754839,0.226584542979,0.406013280255,0.615573973434,0.560934698965,-0.161646329073,-0.634991223569,0.225815982989,-0.328720559726,-0.723390569224,1.85215491964,-1.4468412795,5875927910.93,01030330,-0.07639419
781,600847.XSHG,600847,2011-05-31,0.625894885314,-0.400842966326,0.255804687761,0.555070101162,-0.111602001941,-2.14704025879,-0.275452289939,-0.218815764553,-2.20720138263,-0.533972391297,0.15089485955,-0.701734871419,-1.08583098965,-1.7777923628,-0.418528804639,-1.29776112328,0.0691878093101,0.15155490969,0.153007601545,-1.38001255316,-1.14154586561,-0.369087616683,2.82001845749,1.77977590216,-0.578014681843,-0.838951444278,1.13950312879,-2.57228996617,-3.2471739851,-0.525908276011,-0.304805100247,-0.475241167226,-0.572693681004,-0.40459858369,-0.843814369139,-1.01317182978,-1.77977590216,-0.0112190910284,-1.69425387379,-1.16275798572,0.908900439841,-0.203608530239,2.30165076825,-1.04555335176,-1.15918405449,-2.01560130996,-0.619076143664,1.46443413133,-0.5367036537,0.04292463913,0.210031048846,-1.88667235825,-1.67738853421,-0.634138161378,-0.333435632178,-0.62327495066,-0.505968262002,-0.344103205933,-0.449643475495,-0.587239373004,-0.403556824837,0.279741950747,-0.529588712235,-0.622027057753,-0.323734032538,-8.35820016095,-2.88980034128,0.101068935936,1.7777923628,-8.49338490459,-2.88973739326,-0.339604634244,-0.135931719562,-1.47187587118,-1.4718304547,-1.5638646113,-0.0762766319611,-0.75908406334,2.87218082229,-0.190062311274,-0.238796358267,0.816703887395,-0.302625819028,-0.954011035253,-1.91496625173,-1.45289767118,-1.22193699452,-1.98400823876,-0.956815617838,-2.71705327256,-0.982875508306,-1.52229039811,-1.64079681928,-0.176146080708,1.15918405449,-1.47979718336,-0.92645646503,-0.663445356255,0.94001555144,-0.0987762241617,-0.922336041813,-2.41765945809,-3.19847429087,-0.277053662718,-1.0107334245,-0.438947629224,-1.15437602662,-0.253332233518,-0.87797610009,0.212838433047,-5.17441872717e-15,-3.82743707841e-17,2.66852029479e-17,-4.54317090275e-16,4.07119712321e-17,-1.16022488296e-17,0.0,1.52005937989e-16,0.0,6.55028666239e-17,8.70167877324e-17,-1.01416159217,-0.743643658576,-0.137650789731,1.41104956819,-0.26523352568,-0.701059693139,-1.51261383237,-0.176011510409,-1.06005041619,5.37026771599,-0.472249037242,-0.898404650273,-0.850304054043,-0.489474752939,-0.365439249385,-1.80917241156,-1.93446617603,-0.524243916815,-1.35385767283,-0.574672050918,-0.342063918971,-0.195743069958,-0.465730472112,-0.673143344305,-1.99516999436,-1.01843665254,-0.762158182961,-0.798294329106,-1.81468136228,-1.5120599187,-0.249022857644,-0.692337888527,0.255916741811,0.309582303827,0.0807809541043,-1.97140898052,0.17507806511,-0.652042047449,-1.34122611291,-1.62236000578,-0.895429930446,-0.931771730819,-0.932449844749,-0.92883264194,-0.79645884076,-0.622265513165,-0.770019896934,-0.613170098758,0.462832495221,0.530806663169,-0.773247066094,-0.795795105373,-0.864081489834,-0.69931202781,-0.0472998352916,1.13129896761,-0.700631463707,0.103753773443,0.175662634481,-0.815945992395,-0.848398490621,0.480206219454,-0.796755723144,-0.869547685255,-0.873400756883,-0.872794809181,-1.22068694422,-1.19040889044,0.577365554019,0.0215132173057,-0.876783810564,-0.827871476523,-1.33892767095,2.13774262641,1.95641909429,2.02038010885,0.538873308797,0.298362206379,0.925334485525,-0.422447196913,-0.702076675653,-1.58804192512,-1.58804192512,1.58804192512,-1.07261362581,-0.679060813566,-0.789344852072,-0.792745209996,-0.792697972585,-2.20490474404,-1.2726801774,-1.55625332049,-0.609809132514,-0.953449689835,-0.310276450365,-1.01955848912,-0.547690979304,2.11448594687,1.97156158254,1.37613962463,-0.733494692214,-0.763245211323,-0.512089518541,-0.458552528535,0.673804416144,-0.523004102402,1.94720274555,-0.623890659481,-0.614175641356,1.82380597083,-1.31872729573,-1.55731390271,-0.517303183567,-1.24135453036,0.887751568234,-0.662472559831,-1.05382543949,0.0995918033099,0.424776766975,-0.492917543965,-1.78920440569,-1.11918332485,-0.345041861683,0.489107519861,927383600.0,01030330,0.06118547
782,600848.XSHG,600848,2011-05-31,0.364281485339,-0.315765709301,1.39220136524,0.730650039223,-0.15919049727,-0.802285880526,2.94750762976,-0.218815764553,-0.178629341772,-0.526588097723,-0.658239254456,-0.701734871419,-1.08583098965,0.344653863631,-0.153614277538,-0.780209640384,-0.103994163738,-0.112217445501,-0.0637904597774,1.55235184821,0.867390401661,0.597811270329,4.04476138459,2.04720211537,0.322676068772,-0.743600653201,-1.15221795951,-0.611102777492,-0.00761700134366,-0.660693251605,-0.574891098727,-0.662480380371,-0.654652107792,-0.628919765014,-0.714535528145,-0.836743585805,-2.04720211537,2.83232413253,-0.895949548775,-0.989479401578,0.402012127009,-0.332453882799,-0.564627832343,0.14011172532,-0.294721440146,1.129341272,0.273049940409,-0.48620537873,-0.724397861845,0.352973345822,0.190815400149,-0.425536590159,-0.463720180527,0.696433849776,-1.97405648244,0.642818210806,-0.661966118886,-0.556007358314,-0.65791936883,-0.668875485313,-0.62941592852,0.247344694649,0.00604670048215,-0.181969818028,-0.213768658474,0.163020920715,-0.644306359144,-0.0761963067932,-0.344653863631,0.219524841053,-0.644264579152,-0.0658789563913,-0.180944258115,-1.15660355623,-1.15655763593,-1.20187851496,-0.01058083299,-0.265910289435,3.20422255738,3.18721324885,0.0961784511735,-0.0442230400631,-0.302625819028,-0.507539760482,0.418129125233,-0.0869215199938,0.587791592583,-0.683875750204,-0.746765295625,-0.136235997455,-0.510934159843,0.320117644222,-0.43626952843,-0.560151174943,0.294721440146,0.859602831938,-0.756858687781,0.325523173908,-0.32330270164,-0.171194644122,0.00511698220146,-0.710057516565,0.0911218100041,-0.277053662718,-0.575336456097,-0.389817799297,-0.51789000778,-0.267945629841,-0.487441814621,0.23244787814,-1.77586118983,-3.82743707841e-17,-1.82625665276,-1.21806333982,0.0863198802778,-0.0822324724022,-0.681854757258,-0.716516941443,-0.462799657237,0.976210763985,-0.257497542594,-0.912479408646,-0.250992699268,0.298593569012,-0.047485644127,-0.668768317646,-0.701059693139,-0.438108363657,-0.160957599453,-0.557140067731,0.745756804085,-0.407079864531,0.430494424798,-0.0256858288747,-0.576391765649,-0.542060989818,0.77346422975,0.444538148534,1.22846616864,-0.0283036284563,-0.628398563571,-0.677782442726,0.883747618683,0.415607171338,1.07869159625,-0.28622205214,0.723557675003,0.000769953411618,1.08239326611,0.469572482928,-0.150137727555,-0.368681266732,-0.271238399975,-0.210287503406,-0.958007654265,1.52091046099,0.39222977572,-0.463536606579,-0.363234676441,0.0913299748074,0.114049459617,-0.849776473927,-0.337425814995,-0.339764168974,-0.339018879781,-0.676972077321,-0.548071918539,-0.651124997631,-0.572941768825,0.219926565552,0.307651255215,-0.618505851136,-0.636461647587,-0.66493057203,-0.545326159614,0.120079169232,-0.00130938620942,-0.209685796835,0.437879617486,0.97588515429,-0.733842849479,-0.682857854971,0.398569442837,-0.677530605205,-0.622330796901,-0.62890751947,-0.627253097688,-0.171964954126,0.158851904097,0.64061017725,-0.162021063318,0.185973776725,0.202534622764,1.19923575838,0.218409779496,-0.683099513696,-0.499187210992,-0.275813853319,0.0666553865314,-0.325580652314,0.168936036197,0.304427553978,0.156680984192,0.156680984192,-0.156680984192,0.567410673059,0.142804534985,-0.353656595632,-0.355952233347,-0.356652510338,0.0111401022814,-0.106848858635,0.527062158822,0.0463093576896,0.222773294337,0.657523353746,0.339681939764,0.132455064842,-0.2139754037,-0.105611153005,-0.561086971417,0.7922352061,-0.0792333344101,-0.661448511198,-0.660756911091,-0.453131266601,-0.66316346579,-0.927860258634,-0.651882878192,-0.631009053637,-0.711863248537,-0.139068802409,0.518269143482,-0.734915694153,-0.207838853074,0.598859996205,0.798323968707,0.614461534914,-0.0338063919492,-0.663255051959,1.87281368647,0.194009155054,0.454184781105,0.272842497519,-0.249383349198,4128626442.6,01030330,0.00870406
783,600860.XSHG,600860,2011-05-31,1.03077087301,-0.494086745065,1.95398663018,-0.0531226347644,0.257482899366,-0.740644745819,-0.652238588882,-0.218815764553,-0.195216194109,-0.457829429691,-1.19480790854,-0.701734871419,-1.08583098965,-0.974430222883,-0.167557147385,-0.566941929416,0.110544698396,0.256068484389,0.164886947371,-1.91614927619,-1.45843458393,-0.998988427526,-0.542828887905,-0.346322996464,-0.333759563033,-0.592354570803,-0.0834092894987,-0.308654632731,0.120027844118,-1.06258772953,-1.17378914963,-1.07333715378,-1.07580080571,-1.13601211773,-0.537918524186,-0.598364653504,0.346322996464,-0.536378583875,-0.59763582732,-3.22634839681,0.23503715337,-0.346989605941,1.24837971622,-0.849973104893,-0.121326322734,-2.52920719266,-0.568097510289,1.02727892704,0.723972619078,-0.728550389565,3.16154957131,-0.714769653205,-0.724357232348,-0.591010377103,-0.152704536128,-0.675306176474,-1.04498397252,-1.17855912389,-1.05973139453,-1.06804500756,-1.15683679823,0.461965608727,1.07941648184,-0.600429156417,-0.232996575671,0.144343044708,-0.317591671224,-0.0731182410056,0.974430222883,0.123249093744,-0.317552971136,1.40323101082,-0.104012008322,-0.305129463201,-0.305082182203,-0.744632919583,-0.0655007753082,-0.2729489256,-0.29997185828,6.8748522501,-0.0949883698494,-0.116517724212,-0.302625819028,-0.724785844713,-0.633249842414,-0.368902074025,-0.777399636885,-0.505675772752,-1.85868305633,-0.412123745435,-1.59199258004,-0.270723638696,-0.50937949348,-0.556724743254,0.121326322734,-0.373195010205,-0.0356005489983,0.222198103593,0.248866033258,-0.213423597449,-0.5025835956,-0.444336445689,-0.0206143240168,-0.206051293198,-0.900259566844,-0.305595233707,-1.12190225015,-0.202185346387,-0.688288018577,0.338628000726,-5.17441872717e-15,-3.82743707841e-17,2.66852029479e-17,-4.54317090275e-16,4.07119712321e-17,-1.16022488296e-17,0.0,1.52005937989e-16,0.0,6.55028666239e-17,8.70167877324e-17,-0.513202560327,-0.259635698554,0.0410748726616,2.42003625616,-0.406859586688,1.17677877063,0.826792732832,-0.286625030042,-1.71080369993,0.608116284683,-0.50429517894,-0.221695896178,0.531283142942,-0.956197199339,-0.798015600722,-2.09619796242,-1.24514048955,-2.23174766779,0.192491837265,-1.04296349741,-1.0660617532,-1.5960146019,-2.17536424521,-1.20786780587,0.361605233428,-0.670509552594,0.131242921385,-1.45958379083,-2.24364984398,-0.811505207827,-1.12411318885,-0.630295924788,-1.21582607152,-0.604824192659,-2.3997953209,-0.947667353613,-0.652814285125,-0.666856480432,-0.383596785089,-2.319036457,0.653275786827,-0.356444144718,-0.353968107071,-0.355198492927,-0.64524918372,-0.490996906668,-0.633725220466,-0.433115715756,0.446952087958,0.462190434737,-0.49804117412,-0.513151140479,-0.584007949836,-0.464876577657,-0.175316324494,0.493685120712,0.392595402436,-0.0673189348862,-0.521234671165,-0.561157039136,-0.572178271128,0.339591036873,-0.645114290949,0.0271284964732,0.0228591640422,0.0300555072468,0.225648848061,0.104318525421,0.274845795307,-0.122081286692,0.332531771866,0.280700017567,-0.0836156390902,2.02079301331,-0.552449491029,-0.70133497772,1.23717659061,0.530069026226,2.01988523113,1.02757899966,0.907895551344,0.253316437412,0.253316437412,-0.253316437412,0.161833530888,0.538391175781,-0.269231593433,-0.268474076101,-0.268774155181,-0.334481570998,0.531582577833,0.190979849972,0.599066715875,0.468208992839,-0.643123908957,0.412939186078,-0.949689175518,0.1087061049,1.64912724348,-0.253965681799,-0.438891305187,-0.0650722796642,-1.06257372386,-1.0851359109,-0.0324515017454,-1.0610858985,2.23549889845,-1.07788738873,-1.10232812646,2.13088341826,1.50233653229,0.0178495553256,2.34012431493,-0.313200481405,0.659420299545,0.146922527418,-0.278805700739,0.433087291458,-0.626149520133,-0.0270042140975,-1.00367376288,-0.445232812174,0.478597989133,-1.22233609616,3072160000.0,01030330,-0.06043956
785,600862.XSHG,600862,2011-05-31,-0.414154806821,0.251192263883,-0.808765563151,-1.9074209024,-0.885357767395,-0.0438679408664,1.22696831274,-0.218815764553,0.822387196789,0.548855576225,-0.340721899312,-0.701734871419,-1.08583098965,0.800817370203,-1.14665645223,0.0372970871235,0.095035864989,0.116717051457,-0.0726999691468,0.992341867326,1.49129591562,-0.610126918619,0.143509197159,0.688289728821,0.124218784738,0.0652370917982,0.605480238708,0.59632692542,0.628847026005,-0.470857717142,-0.496106043677,-0.482417637068,-0.453636065178,-0.490681372012,0.188734292104,0.0207446001959,-0.688289728821,-0.438866352522,0.587215855078,0.302233680176,-0.432862741186,-0.274863059131,-0.880362480257,-0.24121247081,0.493095506356,0.696911666977,-0.873969310542,0.341740083946,3.43767374458,-1.07297719961,0.17969028157,-0.555867591504,-0.33278500544,1.64364777848,0.0428130847974,1.44596687593,-0.477512371525,-0.522098723035,-0.510076495485,-0.440622932208,-0.475774231293,0.0706939212983,0.994188506106,1.54856202653,0.483792708975,0.135194953274,0.429567328198,0.0171121882007,-0.800817370203,0.0810072534699,0.429598984901,0.090040733525,1.51276096479,0.0913493571144,0.0913972717039,2.53005244731,-0.00394842989655,0.238525302332,-0.475027471867,-0.0206454296842,-0.15373474526,-0.298906755169,-0.302625819028,-0.42705513996,1.30232769166,0.0108506319063,-0.0948040221507,-0.132910513795,0.0953630604033,0.279707010341,1.61564492841,0.978890285043,-0.24455895341,0.142512066325,-0.493095506356,-1.85073596796,-0.320616521863,7.79444968529,-0.754134391427,-0.119618451126,-0.818397340846,0.718060908182,-0.0867577434531,0.0951708805231,0.0485159165361,0.10849904711,0.514776084009,-0.0414379868338,0.126254919686,0.255531874453,0.369226928821,1.13706712598,0.306928940674,0.248554101391,0.367359401709,0.0483972363617,-0.396317642951,-1.91150911629,-0.602727885069,-0.218061915281,-0.232024772362,0.729339299371,0.872597207925,0.690636957485,1.70325610901,1.72293177484,0.550832616038,0.190470503162,0.443162392389,-1.44077652061,-0.381026912584,-0.217790513731,0.866922534323,-0.451491459206,-0.0830098993839,0.0237162304589,0.287363564333,0.590831312524,-0.592458322489,0.0386992158443,-0.401641076345,-0.596872216469,-1.8461759908,-1.47011935063,-0.641073890349,0.283214238151,2.20547661718,2.31786883804,1.37274669261,-0.119545412331,-0.0527556943322,-0.268124291755,-0.45848104654,-0.611096583004,-0.978569705111,0.617642093101,1.28800369926,-0.608638960483,-0.542118954713,-0.112350024867,1.30639737294,0.151087765126,-0.419828882232,-0.420036649935,-0.416320686823,-0.278818167206,-0.238004300806,-0.145454484119,-0.270141560224,0.431960386539,0.319372231772,-0.0702092493373,-0.0691010747171,-0.136162715019,-0.105907804568,-0.496894827411,0.339067239069,-0.335488658301,0.307918582468,-0.94879844613,0.511104317666,0.0470241801969,0.478651233233,-0.276076078411,-0.376709862613,-0.401707843888,-0.381167347772,0.575125680143,0.557690027032,1.41066629346,0.162092145867,0.337826349987,0.342523481486,-0.556372217151,-0.689459607133,-0.884219982992,-0.586179654614,-0.857733254831,0.298362206379,-0.951038221234,0.0771010437477,0.361732570829,1.45748478028,1.45748478028,-1.45748478028,1.05619520755,0.628421238858,-0.443538225931,-0.442713281296,-0.444479826689,1.08866649545,0.142972138244,2.15668869492,0.526039829122,0.947190771231,0.192246355679,1.09932773306,-0.699385268338,-1.62161666162,-0.980551711737,0.156513734132,0.577700811047,0.68408044908,-0.475518889516,-0.483097036825,-0.803757306808,-0.472940384155,-0.232790081797,-0.426307285916,-0.452051104092,-0.264928745843,-0.211605995143,-1.12901898842,0.793369808499,-0.274902735828,-0.169025725058,0.071450045833,0.506593766653,1.58364672557,-0.514684811634,-0.479822905886,0.744024212089,-0.657220882525,-0.345041861683,1.39172948497,3613864884.52,01030330,0.12533098
797,601268.XSHG,601268,2011-05-31,2.09724018185,-0.631836202639,0.186543490714,0.239609128744,0.0192733874564,1.42416870681,3.60619464975,1.71249416701,-0.736776922925,-0.352149293788,-0.504831992982,0.0360704840449,-2.68749313032e-16,-0.338237795319,-1.16989456864,-0.12391130877,-0.468451748809,-0.774136751925,-0.619149877138,0.978179765208,0.140816891731,0.165768313018,0.646482223433,1.08579882854,-1.02072708469,-0.681129445254,2.64680584039e-17,-0.201143768773,0.149040795203,-0.694012491243,-0.592272574704,-0.705477199681,-0.690131244908,-0.65397826381,-0.64172606937,-0.823780861547,-1.08579882854,-0.501485164056,-0.362346131525,3.64352033682e-16,1.09972898114,-0.316669731127,1.01240095593,-0.977677309518,-0.125095781808,0.896023291484,-0.389672293474,-0.449775778373,2.03107697333,-0.959130596576,0.182013558403,0.937753080822,-0.394141598475,2.88157491971,0.605819338634,3.22570162556,-0.686894419634,-0.519616911586,-0.699528485744,-0.690036788782,-0.670730732736,0.198287744507,-0.450994473742,4.3792369704,-0.228830526945,0.135356829394,-0.286794794904,-0.1609367205,0.338237795319,0.0813538362578,-0.286756385134,-1.06722985385,-0.132354242804,-0.295575756687,-0.295528460422,-1.29228164738,-0.0811538220884,-0.515547252059,-0.490285777743,-0.186698109173,-0.119827473586,-0.284782809361,1.21983639699,-0.376892632286,-0.118705718672,-0.0571647781112,-0.369299767578,-0.631143103815,-0.355570658843,-0.402974406854,0.219722024224,0.19079652611,-0.539598279034,-0.194501964753,0.125095781808,1.09382964181,-0.493291313213,-0.0139734856998,-1.05840690409,-0.171678643587,-1.03951693305,-0.444336445689,-0.0901790339814,-0.0124084672345,1.14025756864,0.0698970378811,1.69682154757,-0.0804070436953,0.572579817363,0.204640085737,-1.31561686236,-3.82743707841e-17,2.66852029479e-17,-0.396364728783,0.0739987321566,-0.81375884148,-0.230716777653,-0.72527948718,0.768568747685,-0.146436234388,-0.17065499054,0.824771514171,-0.728518409825,-0.206834917108,0.10486135579,-0.286912829673,-1.63997892502,-1.09401674642,0.165646816505,-0.442286878335,-0.341287489201,-0.621815067682,0.50078059974,1.37148889565,-0.83276043339,-0.688973712914,-0.382490691219,-0.119774277324,-0.51971851979,-0.337707053208,-0.642637098057,-0.74194391549,-1.21989898211,-1.65360695044,-1.46540208284,0.0339513761599,-0.0695543089928,-0.124643238062,-0.373043246949,0.00200524815283,0.704496937561,-0.942194768747,-0.154640869455,-0.710947265992,-0.769925365636,-0.19716481612,-0.151632963574,-0.779210063787,-0.185387408477,1.04073868009,-0.311501643433,-1.26885179274,-0.682142011813,-0.683239652602,-0.684487850189,-0.246419972203,-0.318365494756,-0.203800806601,-0.295452393952,-0.199138587556,-0.170295629621,-0.10910291762,-0.108259487204,-0.0633011666267,-0.0807490959591,0.169759362493,0.238528205969,0.513680656597,1.16770675559,0.260828408099,0.155968823503,0.0138556230908,0.608381512264,-0.246878402804,-0.360486705254,-0.360839765179,-0.364376365597,0.278239196394,0.271479115604,0.156873121463,0.480719313994,0.354456755623,0.35565941719,-0.431526080369,1.52818635091,-0.377072507038,0.118542927487,0.888024949704,0.298362206379,1.39442766222,0.341801904337,0.492909457745,-0.335555855649,-0.335555855649,0.335555855649,0.284335920485,0.397435016416,-0.248163526226,-0.248675566791,-0.247827305551,0.194116282253,0.476066800749,0.180808542707,0.404702848057,0.493686747009,0.299254153201,0.404976441914,-1.43346983645,-0.395509581085,-0.241985750412,-0.549274614124,0.750043792458,0.84386983891,-0.696725442388,-0.705732151422,-0.645779009386,-0.694766783175,0.300360337936,-0.68693932704,-0.693549627445,0.373549115149,0.204776738429,0.410821241216,-0.0881383042586,0.43763614761,0.879140650103,0.0435991528563,0.148391366391,1.26126775369,1.65417924543,-0.527137380809,0.120769552159,0.553439311154,-0.962926220885,1.0581657238,16629600000.0,01030330,0.10162602
802,600110.XSHG,600110,2011-05-31,-4.27006561782,-1.25444958065,0.394327081856,0.0371248640817,0.163472431187,0.228794659027,1.28405714592,-0.218815764553,-0.440701608703,0.137756215945,-0.709969610069,-0.701734871419,-0.714014754841,-0.508114709487,-1.28685975458,0.274664166418,-0.197047164182,-0.380966637583,-0.2805885211,-0.112302097865,-0.736797035346,0.908077973675,-0.3111870781,0.0275896726743,0.276878233994,-0.728804840792,-1.26283698674,-0.246038415261,-0.0982369510701,-1.2197389789,-1.18010152731,-1.20693109237,-1.22167028087,-1.18374826033,-0.697714861102,-0.479632461369,-0.0275896726743,-0.932445947975,-0.837127124826,-0.590413571442,1.01027810241,-0.19778043926,0.389153916562,-0.992431755916,-0.097453081931,-0.289967230898,0.578921740663,-0.241133521778,-0.324086553338,-0.196050662732,0.120927753211,0.183751056522,0.497327560631,2.61801623803,0.197947339468,2.09168772962,-1.2260825901,-1.14185667801,-1.20061894316,-1.22484359745,-1.16976128883,-2.17456068533,-1.92635966239,1.17734809732,-0.0631041930099,0.142189076852,-0.420694257166,-0.154776235225,0.508114709487,0.163769022706,-0.420654585141,-0.51631361615,-0.119234239868,-0.392307035138,-0.392259893454,0.792967464873,-0.0252411773549,-0.38228240735,-0.355179491083,-0.71979228696,0.0553359750839,0.305540784586,0.459061936318,0.508937322885,0.130207323139,-1.00796353065,-0.00249571837883,-0.718424725424,-0.502027764239,-0.632411666654,-0.617547416272,-0.340117614267,-0.595811718829,-0.871222223236,0.097453081931,0.842872345519,-0.724519872909,-0.3977523183,-0.657888789663,-0.0493477787921,-1.21166540652,-0.563963860068,-0.0690267330772,-0.033924336786,0.392934413928,-0.0564368105037,0.306943914592,-0.0828426097492,0.187624593116,-2.36951291483,-0.216856354005,-3.82743707841e-17,-1.73612205022,-0.903788173844,4.07119712321e-17,-0.0822324724022,-0.764477506575,1.52005937989e-16,0.0,0.617167863596,0.0926158870314,-0.238925086558,-0.356869440523,0.162147095573,0.202263536064,-0.305052128128,-0.0751135385506,-0.334256203052,0.708242128788,0.701602014346,-0.523404581793,1.64878868279,0.502415161948,-1.05560319724,-1.06904323685,-1.0480937027,0.145875044977,-0.489358306701,0.0565312465788,-0.706073549127,-1.20927025262,-1.18470577083,-0.590557967052,-0.0602683401018,-0.624085611531,-0.182392064144,-0.607600979878,-0.707294663151,-0.138469881255,0.544003450008,-0.810149541471,-0.857571338151,-1.02848124807,-0.8290804684,-0.975545874105,-0.084178730663,0.100538687171,-0.981443309646,-0.977589212255,-0.876687742446,0.750565258435,-0.0806913218124,2.77082159279,2.77027583786,2.76891877524,0.219279446479,0.237266504942,0.448644323194,0.245831605179,-0.533016814342,-0.489577301796,1.58977001663,1.60813729574,1.61569814197,1.49475804509,0.367543376674,0.60884310592,-0.96167240125,-0.0977907791811,-0.786664193501,4.02906670689,2.13893530368,-3.44446793259,0.220790720043,2.39508454238,2.42453131474,2.39614896602,-0.826635844614,0.807005889924,-2.42358434765,-0.209557434379,0.405305069346,0.406511837812,-1.40195074207,-0.43459336591,1.6982666528,0.757890564988,-0.857733254831,0.298362206379,-0.951038221234,0.1336804973,0.294650394704,-1.45894299934,-1.45894299934,1.45894299934,0.69010152787,-0.00167552836363,2.21240892625,2.22133202258,2.23488476365,-0.253158824344,-0.995101291981,-0.483802699132,-0.0885095101604,0.3773383363,0.593673397213,0.682079938839,-0.585135560809,0.297453560857,-0.415179264411,0.512360997584,0.665660965173,0.343358885356,-1.21721794548,-1.20093564232,-1.05216209574,-1.21641993362,0.252969189515,-1.22284472936,-1.21210766937,-0.131152432111,-0.577597639318,-0.886579072741,-0.0227354358323,-1.0646033917,-1.06579134187,0.886862301318,0.331970096525,-0.417326203319,-0.43871571081,-0.38055452853,-0.193729919096,-0.967238118356,-1.58081058009,-0.939769331787,7695587928.93,01030330,-0.04035874
804,600112.XSHG,600112,2011-05-31,-2.50437174691,-1.71677166375,2.20024866413,0.85072303495,-0.185472389256,-0.776519223411,-0.732556671415,-0.218815764553,-1.8613655114,1.20763140621,0.0313799000296,-0.701734871419,-0.899922872247,0.0448312621296,-1.34979631987,1.44746109591,0.138977559643,0.629331251169,0.28368040563,0.411291049006,-0.47519108408,1.29671100931,-0.996514887357,-1.79296570182,3.11634399017,-0.612904310259,0.227849766435,1.51784861649,0.289796095548,0.84329182643,0.196759676837,0.766303615296,0.884640226915,0.48024617427,-0.561227162804,1.12508122852,1.79296570182,-1.03929014044,-0.677466259822,-0.254358135539,0.0501720039839,2.87878033211,-0.761139761643,-0.61281214545,2.33007856184,-0.58659249715,1.11419739111,2.97791843711,0.962192511842,-0.78826572489,-6.63347255201,0.254787323021,0.571942110956,-0.552674568859,-0.296096550457,-0.784705164082,0.865997613393,-0.0298916947451,0.71562675294,0.946247583037,0.474045130596,0.911843382931,0.863165717323,-0.681421286427,0.159252935145,0.135569478467,1.54762783809,-0.283989692808,-0.0448312621296,0.0824871069613,1.54764895496,2.59861530018,-0.139266556823,-0.011352987907,-0.0113052374407,-1.02256651677,-0.116229307429,-1.38129950026,0.333070019585,-0.366145250219,-0.0743449538806,2.44676718425,1.98061085767,1.46739061006,1.07384781,1.60212782877,0.17240422561,0.170756794721,0.565567451412,-0.1664991943,0.0349257130786,2.4707844144,1.24948379904,0.650358191588,-2.33007856184,0.789812802875,-0.212468526232,0.443608968555,0.257202266482,-0.0144998173075,-1.12171845376,1.50040302522,-0.0879196045318,0.372725597738,0.776343684609,0.862992863852,-0.0177938501213,0.523613337657,1.06911626603,1.47106136077,-2.93812376363,-3.82743707841e-17,2.66852029479e-17,-1.08711535399,-0.524457033731,-0.787632899727,-1.10403035377,-1.32003727906,-1.21841208753,-0.361401776672,-0.314713303424,-1.22954512986,-0.48003218035,-1.59051746466,-0.786743217493,-0.277610625338,-0.701059693139,1.32601189083,-0.513088212249,0.0982562172875,-0.603541366034,-0.211850253319,0.266220922898,1.40646578671,2.79365106329,2.73866335327,0.108810218248,1.22046464826,-1.05395354747,1.79821635036,0.706358978557,0.718199508848,-0.658402138758,2.0197675655,-0.405386373943,2.17542676057,2.38310999635,2.86092899025,0.901019072301,0.407712669371,1.46481394028,2.12890181513,3.54297744678,2.00611638939,1.02018259045,1.17273608471,1.05653270641,1.52656492845,3.03527032208,1.7285345191,0.0113336969186,3.73664000398,0.284951707002,0.293219340064,0.267344982491,2.26567050897,2.00026829372,1.63968823079,3.25608350103,0.446381703427,0.0139813421992,1.25887119216,1.30067070508,1.21508035199,1.01468213925,-1.3263827985,0.4870913891,2.10571586846,-0.722015945708,-0.48540613053,1.16565832226,1.16876078413,-0.251525868099,2.26220302034,0.661021912517,0.642536303547,0.67067062966,1.67938534525,-0.0054964737737,0.246008979247,-0.338440962033,0.310532120981,0.237375859953,1.09264793239,0.247862880643,-1.63580417593,-1.23271341012,2.75016703454,-2.25041281194,2.17624962336,1.34260429883,1.37095267804,1.76777518085,1.76777518085,-1.76777518085,0.689347667011,1.96136633943,0.309575663455,0.320107471924,0.314469842157,1.53594160205,1.41983501118,1.36472868054,1.96298426229,2.21003811958,-1.10721850042,1.2076210537,0.432990524074,-1.05443506477,0.347302307388,0.329269459542,0.601900374981,3.00418813943,0.825262729322,0.725447535539,0.995122265426,0.826081357745,-0.659310417583,0.942962202192,0.860180914526,-0.0977083536782,1.55370172162,0.631790054154,1.80872293898,1.93318500224,-0.0571784148256,-0.00608546486148,0.314263500603,-0.156088070937,-0.309722148157,-0.10395873804,2.66117852316,0.675975768004,2.12649557512,1.24455325033,8274578754.0,01030330,0.11487179
835,600335.XSHG,600335,2011-05-31,0.353788441717,-0.311775673578,0.284022212484,0.380672563961,-0.0488206054164,-0.898890131962,-0.714052015146,-0.218815764553,-0.992214448921,-0.3502124299,2.0973832749,-0.701734871419,-0.99287693095,0.752087737454,-0.98127852376,-0.68123844813,-0.0264499967015,-0.0475185659262,0.0282744703733,-0.934108652189,-1.983620871,2.37784653231,1.24333873711,1.35201496838,0.353207958623,-1.10856402594,-0.541143195284,-0.752875345348,-7.0836815419,-0.0281515359701,-0.0858912440359,-0.0604009105543,-0.0143265851981,-0.113672983951,-1.13697456619,-0.537686379827,-1.35201496838,-0.0948010036163,-1.35392413523,-1.04723892962,1.02220488624,0.388617106486,-0.578605668318,-0.494022085524,-0.856370842198,-2.53584424681,2.21023800868,0.242386628424,1.98704620919,-0.954116331778,0.135588960539,-0.491191321317,-0.21161344231,-0.634138161378,-0.223344362944,-0.83006571992,-0.0344941361521,-0.0502567304043,-0.0552627459569,0.00975011296395,-0.190317251862,0.328056006831,0.738459231088,-0.684121024094,-0.293518734086,0.140733983758,-1.54277175092,0.00126036707933,-0.752087737454,0.105966715516,-1.5427215012,-0.0485545464006,-0.114928844616,-1.34409504656,-1.34404942588,0.544172067388,-0.0471981242554,-0.538070887784,1.38943251009,-0.286594606709,-0.29834632646,0.407124548663,1.21983639699,-0.814629142039,0.605742686597,0.649912088529,-0.534483048011,-1.33848791227,-0.862389326201,-1.44459141453,-0.86489017119,0.617904993938,1.55004698869,1.30921205627,0.856370842198,-1.07587543981,-0.601771143698,-0.678206080586,-0.974665652162,-0.127392692534,-0.702715565491,-1.43099795189,-0.0504461404896,-0.221112401884,-0.601330304957,-0.358234337201,1.17724112402,-0.202185346387,-0.615760222704,0.25897512341,1.6369378865,-3.82743707841e-17,2.66852029479e-17,-4.54317090275e-16,4.07119712321e-17,-0.0822324724022,0.0,1.52005937989e-16,0.0689276085247,6.55028666239e-17,8.70167877324e-17,-0.919210144198,-0.542693925174,0.0910411868788,0.916546191411,-0.59980280828,-0.701059693139,0.446001477281,-0.661009250338,0.0457169923513,0.0907142557281,-0.227308825737,0.0610833657988,1.33118943421,-0.0607328499078,0.0374280846145,0.126854018078,0.284840126623,-0.77523672652,0.928457783609,0.0343404961375,-0.129632492751,-0.608650335406,-0.804197834733,-0.287325460717,0.416224092186,0.797831508919,0.933939718461,0.367582877111,-0.335313327309,0.58425215611,-0.428087040471,0.433765114647,-0.306622317274,-0.851568802822,1.03927957907,0.582299452774,-0.432000859803,0.00675578731523,0.790555857472,0.613443236341,-0.222334097164,0.285246351701,0.285203288959,0.278257547911,-0.599242806637,-0.40539632175,-0.625900151031,-0.421354431606,0.356709328718,0.425241294311,-0.56289261278,-0.581825831454,-0.640063234732,-0.511225605029,0.00506750070268,0.781578375511,0.270566626813,0.159263623334,-0.749759524008,-0.634629576117,-0.701575128519,0.537740709641,-0.59958560261,0.375561544434,0.368319347997,0.378180827643,0.417111723606,0.199164484187,0.452669270212,0.58540835229,0.113017205387,0.0735243243258,0.438781670812,-0.00813799047932,-1.36660250333,-1.57247188653,-0.0430460927146,0.298362206379,0.143512524375,0.791310025273,0.776175488912,1.16757842061,1.16757842061,-1.16757842061,0.482695559023,0.318090339613,0.043798712524,0.0447007945447,0.0429669483724,0.743044822168,0.75364568617,0.110367590561,0.31819407452,0.66948325078,-0.647853535367,0.78081796648,-0.20866965432,-0.967988429386,0.138735936965,-1.85749318432,-0.679413927595,0.178497861965,-0.0347939016783,-0.0777212272972,0.175565170426,-0.0331764925721,-0.130109260219,0.00198027791623,-0.0248415010231,-0.112910207511,1.12635742975,0.725127142771,1.04496086526,0.924714185164,-0.184638928263,0.583940860423,0.362498710184,-0.606306979936,-0.664877855503,3.90652344809,0.507072555664,0.141716816138,2.12649557512,0.94576685914,3860641228.0,01030330,0.09363831
840,600346.XSHG,600346,2011-05-31,0.391428517647,-0.325852668768,2.03094351579,-0.0767094608593,0.286645961329,-0.494825865879,1.70336478267,-0.218815764553,-0.640573179368,-0.457829429691,0.116645796523,-0.499200067958,-0.837953499778,-1.4434529381,-0.566284494828,-1.13573381681,-0.197047164182,-0.475526538501,-0.0281524222997,0.754823183235,-0.21753390189,1.20029528853,2.39425936782,1.68418010649,0.490601462954,-1.04444883884,-0.174956070656,-0.703254946598,-0.0826379376209,-0.615468614287,-0.732565916515,-0.662325381022,-0.565889462927,-0.708723048293,-1.06392481217,-0.981838618994,-1.68418010649,-0.0164936777451,-1.02199760009,-1.01048286632,0.592840668311,1.17766785234,1.81489318605,-1.02870310331,0.116149598939,0.30940981313,1.24164397455,1.37832780322,0.705851940816,-0.723498137913,0.0942919472284,-1.04206484803,-0.790235919342,0.231612174811,-0.551692194717,0.493395203341,-0.63830775044,-0.753389368276,-0.696488410043,-0.553391046701,-0.705409028859,0.399720520265,1.89864416164,0.564507646903,-0.220635771758,0.133589930637,-0.814358676217,0.00153029646947,1.4434529381,0.06580437197,-0.81431529316,-0.661838660072,-0.471084805359,-1.03598801149,-1.03594189844,0.782134031649,-0.042656630597,-0.3972981645,0.146617247447,-0.249287040515,8.47551534344,-0.178989022976,3.50307307369,-0.992818348404,0.418129125233,1.71690383318,-0.493187227903,-0.86571246189,-0.85275399032,-0.742907524901,-0.857071865718,2.43597089938,0.469319238658,0.762206711706,-0.116149598939,-1.19585692813,-0.235123796725,-0.427273766962,-0.478659775354,-0.0359772935697,-0.902097977442,-0.826508981889,-0.0244627018192,-0.0210148150551,0.431925187217,-0.102057366865,0.6381764346,0.13879390115,0.260152388989,0.496505233891,-0.216856354005,-3.82743707841e-17,2.66852029479e-17,-0.710639894756,0.0863198802778,-0.0822324724022,-0.616467291131,-0.716516941443,-0.462799657237,2.92432308474,-0.249738144892,0.199534258014,-0.562140673568,0.0948847495109,-0.531999053698,0.441940719469,-0.701059693139,0.997602207511,0.475888285771,1.32914029172,0.117558104636,-0.298817750057,1.60983105784,1.6379975982,-0.604511975643,-0.405921866416,0.179938388561,1.30701608817,-1.3795915902,0.715091295536,-0.624111873732,-0.751861309728,0.0598038993657,1.73564632319,-1.61398051545,0.904931835502,3.34446878444,4.28487173466,2.92609268403,1.02803712531,0.451283881048,-1.01828685274,-0.152862333161,-0.192708157809,-1.31905307649,2.74344205977,2.14049442902,-0.652435097789,-0.207609057952,0.750010170579,2.41081817892,0.351260612937,0.0416330462399,0.0405445599881,0.0303435906781,-0.560039164567,-0.281386321642,-0.503198267787,-0.115293568097,0.225040941515,0.606586926277,-0.273107525484,-0.317632541144,-0.433186351499,-0.0982724490757,0.873341790313,0.956442088,1.22226527381,2.94625670743,4.9687592851,-0.21481723543,-0.429387488994,0.163655452981,-0.55982394675,0.353390835625,0.32860754435,0.345909888276,1.41791536398,1.64138802207,1.45070912612,0.0391314459802,0.416355804193,0.403568937195,1.29576784249,0.313730510133,-1.1759278385,-1.24917543628,0.655257189099,-2.25041281194,-0.638309436774,0.605934127202,1.1137590716,1.89536417768,1.89536417768,-1.89536417768,1.51934847283,1.05708710738,0.23454180541,0.238648051021,0.235135906669,1.77990984201,1.41983501118,1.91704067901,0.891174262883,1.71152339632,1.1186619287,1.92187920526,-2.45742711312,-2.0101944755,-1.47046948105,0.890356430959,1.05380092758,0.70074438792,-0.62939004779,-0.675308627075,-0.831993246845,-0.610639418967,-0.173551146271,-0.547706163519,-0.554616327453,-0.657136574738,0.961742364865,0.596817902301,0.914505106207,0.702022883008,-0.950442889098,0.712536341575,0.838745083259,0.788815812148,-0.651586321715,1.69293259622,0.301714453429,1.61460502748,1.22747383249,1.80538597333,2198700000.0,01030330,0.15472779
860,600806.XSHG,600806,2011-05-31,-0.303041338017,0.113424161284,0.268630835363,-0.777657590451,-5.67532393602,-0.309488206821,-0.611685831525,-0.218815764553,0.123251370768,-0.368733690831,-0.965410538476,0.0216037123691,0.990142988047,0.152442534452,-0.168138100296,0.148551937991,-0.173783914071,-0.206777346419,-0.114277679537,0.296780337596,0.545565721991,-0.376398761386,-0.687514815836,-0.722655812328,1.28443059909,-0.427956655152,-0.200131435474,0.222992496731,0.114261671832,-0.674455891322,-0.638194374401,-0.669997848779,-0.670820225985,-0.634842141807,-0.320211033591,-0.194730868385,0.722655812328,-0.524138837776,0.167055684015,0.953341087239,-0.796629648042,-0.343231773329,0.144130674171,-0.496257607706,0.751931696116,0.901128717753,-0.44065092685,-0.771018617891,0.823092429372,-0.754837292902,0.184705284425,-0.171332429877,-0.888694237814,-0.634138161378,-0.259192366527,-0.577914394823,-0.673850176727,-0.646628930642,-0.684619831676,-0.664988051393,-0.587767120614,-0.292609573652,1.18451327801,-0.557233353744,-0.206535299147,0.135252296844,0.449652247538,-0.053957608005,-0.152442534452,0.0809879988705,0.449683714902,0.682535555207,-0.132928813135,0.492605030687,0.492653586502,-0.682994420207,-0.0574584470453,0.0175121267765,-0.341445322309,0.158982292541,-0.145848538,-0.162360189344,-0.302625819028,-0.323485783319,-0.217156399387,-0.332060393599,-0.252699804918,0.394415950095,1.52139277084,0.0995354198239,0.771978692531,0.651376436701,-0.332940777826,-0.252261813217,-0.751931696116,2.0465113399,-0.583188391869,-0.501077388616,-0.77194361695,-0.122068698418,-0.116811109318,0.373999760634,-0.093209975926,0.26944942389,1.2507314263,0.529611875059,0.800545316957,0.375043808373,1.19185561289,-0.130504709843,-0.946838812634,-1.65840018942,-0.684551687261,-0.0886369621013,-0.234616692213,-1.64978897757,-0.533844541814,0.457664187281,1.21633907675,-0.351696319912,-0.242057124945,-0.470654696298,0.00181502985008,-0.241426980797,-1.41860864338,-0.38360407585,-1.32700584773,-0.42398811375,-0.0267814365846,-0.11532184129,-0.289047253825,-0.25485634917,0.71654281119,-0.0161812389119,-0.379185098156,-0.401351248364,0.154216376039,0.226332735692,-0.104811066283,-0.630732636222,-0.634652087572,-0.721365673132,-0.82998060288,-1.17004736908,-0.409115649557,0.00596927477302,-0.138398940088,-0.0876958884626,-0.287346781408,0.450649355704,0.0365064622805,-0.387312222171,-0.278931603479,-0.60125214947,-0.755410976802,0.0875822733662,-0.251372497078,-0.374237988954,-0.118278027063,0.466652068528,0.201674757668,0.134699344838,-0.0804681216287,-0.0817638859918,-0.0803851049604,-0.227203262811,-0.140041242065,-0.216753139182,-0.133950627901,0.263221180796,0.253232142412,0.0021938282389,-0.00316103088431,-0.0596079321411,-0.0122972298445,-0.152022260341,0.856801578949,-0.480161948987,-0.192662012535,-0.171917629142,-0.178340185306,-0.0197923276786,0.11034163968,-0.226629730846,-0.0498664776659,-0.0499547417708,-0.0456083993985,0.267348662366,0.403548004162,-0.220780310477,-0.66176446085,0.371813468771,0.367288196895,0.41482713161,-1.081958819,-1.42084566591,-0.666843582792,-0.275813853319,0.298362206379,-0.169216260084,-0.144951987531,0.0996503847543,1.29743231088,1.29743231088,-1.29743231088,0.199055410804,0.365833554882,-0.185160358272,-0.18504293238,-0.184492072846,0.23477765558,-0.162364635719,-0.0741465038309,0.408073319754,0.569270751046,0.0639552393124,0.486992706808,0.0411136107364,-0.5075408139,-0.418850032531,0.00442963398487,0.625363430448,-0.129356881674,-0.67498500805,-0.662353301874,-0.69367288236,-0.67552860102,-0.205145245218,-0.662073898716,-0.670539571714,-0.140273544411,-0.693664189379,-0.134720922578,-0.954407032916,0.379266348002,-0.396883866376,0.425603376278,0.255648562379,0.244106514841,-0.473470753375,-0.40377250694,0.255760192789,0.0583920254795,-1.58081058009,1.76980863997,5353297518.24,01030330,0.15219946
30,600250.XSHG,600250,2011-05-31,0.412677739153,-0.161566388836,-0.619376416751,0.368586397826,0.0659966789189,0.155362449406,1.2383511741,-0.244327446437,-0.0611342955196,-0.326495456576,-0.353796300944,-0.502570170475,-0.56532092613,0.576976542752,-0.469395076451,-0.337641754839,0.495399010416,0.273642428169,0.522830383879,0.645683632319,0.549442279173,0.0669421462048,0.866076020757,1.40205504693,0.808234917374,-0.822056945413,-0.539699789706,-0.42418368584,-0.208715921323,-0.658061493683,-0.651469705299,-0.661816518142,-0.661374103706,-0.659684733824,-0.805055671183,-0.467857409849,-1.40205504693,0.863709108144,-0.860007364401,-0.646986797196,0.0491903034811,-0.708334878362,-0.224894385075,-0.218043810004,-1.18413319901,0.558025004139,0.287733400767,-0.0499159579245,-0.416329703312,-0.0794326296425,-0.681163691822,-1.11893556931,-0.989585884882,0.793934898514,-1.31065877402,0.356728853573,-0.656752408133,-0.632781609573,-0.665138727997,-0.646121432185,-0.665441479686,-0.0815315966309,0.0129620409245,1.65177986376,-0.35068933747,-0.189691611652,-0.410943589285,-0.227622471937,-0.576976542752,-0.163757636335,-0.410913716391,-0.831217047811,-0.658387904535,-0.713034659834,-0.712932704957,-0.337666315318,0.141001918275,-0.0643405523104,-0.322420077832,-0.102748735256,0.162972298962,-0.536157251074,-0.0133465376692,0.180003879947,-0.291888232933,-0.542816098388,-1.63431355536,-0.838746074952,-0.931593491763,-0.588187841964,-0.288556918659,-0.187757877813,0.233364158925,-0.322058729151,1.18413319901,-0.990394455879,-1.01773077244,-0.63384146484,-0.408395517043,-0.518996687402,0.0676100453991,-0.519251231526,-0.346545541597,-0.0429421546628,-0.548124382605,-0.257780544751,-0.692123138637,0.0405520556651,-0.42902270888,-0.146822166224,1.15445605479e-15,-3.27993967368e-17,2.18405669471e-17,0.0,-1.06436536775e-16,0.0,2.0005090111e-16,0.0,0.0,1.80050056506e-16,-1.32426285729e-16,0.750346060977,0.660012466767,0.512370701579,0.142630697838,-0.828971746856,-2.71019205031,-0.00950070570225,0.610701835367,-1.04870266153,0.911334219554,-0.53834249248,0.304032067961,0.502918999797,-0.522580814842,-0.449636773037,-1.13765118747,-0.757134076823,-1.95477524269,-0.764237984699,-0.644783740895,-0.681226313145,-1.75612727295,-1.53899407457,-1.20486611589,-0.664247463944,-0.202484972376,0.401271288491,-0.74409628604,-1.39237224386,-0.206719581108,-0.580866704706,-0.293966545664,-0.960541820482,-0.469522519154,-1.40749492156,-0.475771828862,-0.457285782925,-0.308440651122,0.244896129681,-0.490957417617,-0.124838961406,-0.507908467216,-0.502565578636,-0.514216637302,-0.518271845404,-0.179932691646,-0.428406134996,0.0102533580357,0.472135017693,0.572779448304,-0.299843560548,-0.327043611472,-0.466265653404,-0.260924901814,0.251672401587,0.978349724454,1.23778326316,-0.193729363163,-0.287492443364,0.0611330254862,-0.312426057084,0.19983460735,-0.517730439638,-0.301071562171,-0.308486619262,-0.298004843842,0.473318089384,-0.274914902108,0.259678918525,0.505420590729,0.333196027705,0.328319562953,0.00722513003353,1.32700228179,-1.02462653628,-1.03427502092,0.620150421282,0.570205931177,1.42122099307,0.118641763478,0.282253653712,0.0704364710251,0.0704364710251,-0.0704364710251,0.0664540642542,0.499269669965,-0.427709951275,-0.423880051535,-0.42654090493,-0.0721207205893,0.272239114039,0.226020946668,0.576179964073,0.44964746797,-0.673590278617,0.48881701329,-1.83568155033,-0.217225575174,1.12220888252,-0.396322805678,-0.49257064045,0.281568550125,-0.658784096878,-0.663076530416,0.00295126043369,-0.6588842413,1.36136229872,-0.654061343997,-0.673463491135,1.20984372515,-0.437212501038,-0.673996126912,0.0967734425793,-0.129712121605,0.10408336389,-0.132050270454,-0.487675345886,0.407283782046,-0.631366182234,1.38683182903,-0.475659846082,-0.24826705066,-1.2594502525,0.802085535865,2069539680.0,01030323,0.05625
66,600655.XSHG,600655,2011-05-31,-0.449802972747,-1.42457939971,-0.439271843359,0.136298678764,-0.0996680886222,1.01409279598,0.781525841186,3.96049173952,-0.312776343344,0.740914382,-0.398656812278,0.202441416891,-0.433141572898,0.356144608435,-0.279440587675,1.33903600331,-0.178311587734,-0.068111870767,-0.145114940545,0.842964050204,2.18179738534,-1.2589757165,-0.419154724457,-0.291249683423,-1.47006229753,0.158113903045,0.772807422422,-0.0709178988174,0.0373774344216,-0.358653728302,-0.250632420004,-0.34914799481,-0.353090576647,-0.306919195266,0.168275106994,0.0148075655282,0.291249683423,-0.274521058722,0.670706304511,0.708887237819,-0.148203357202,1.10232568883,-0.799924258367,0.127872747984,-0.506697395358,0.949501881168,-1.62452588447,-0.729615096515,-0.22099217677,-0.322055110197,1.55032680473,1.60257254382,1.99011690478,1.06203604895,0.591336626422,1.70144285498,-0.36871724241,-0.248843478522,-0.354168806013,-0.359521709134,-0.308918420106,-0.449101594017,-1.34332843394,0.8378938408,-0.232056770044,-0.145596433708,-0.0612513506249,-0.201787187728,-0.356144608435,-0.141623388842,-0.0612238405662,-0.573349606024,-0.0566505060205,0.28528701445,0.285374242936,2.35317633831,0.0976106584647,-0.717879407182,-0.255573720658,-0.590922667694,0.0630356479073,-0.345257738403,-0.72441858391,0.886342462877,0.205137842755,-1.11283069548,0.444775547783,0.675537956271,1.58757391615,0.472321366886,0.663090096326,0.117429537001,-1.16793487904,-0.464706386895,0.506697395358,0.860913968661,-0.0974848111871,-0.0995181008576,1.32005530929,-0.0542229422635,-0.0113258842448,-0.0673812860743,-0.154071780635,-0.783504072543,-0.784255939244,-0.717973277811,-0.727270016771,-0.698004706932,-0.72751026253,-1.16568465437,0.656768269319,0.286102969817,1.80618107691,0.931351248195,0.785781361268,-0.284272755174,-0.406151978216,0.519270174941,1.31554488061,-0.320701338248,-0.382478938489,0.0224720370871,-0.13290290389,-0.981951490111,-1.00188067753,0.558797583207,1.80882480661,-1.46770579381,0.583073929421,1.62378182648,-0.84650279926,2.13017681004,0.4686237857,-1.27924725676,-0.817190987749,-0.980916852449,0.516586675801,0.191014734128,0.566056625139,-0.358818585172,-0.340180820928,-0.36542294028,0.122335105864,0.090540847729,0.243459410127,-0.729873274047,-0.593873365369,-1.01364160847,-0.0793679764271,0.517512653943,-1.34733394362,-0.376975064214,-0.896891465824,-0.853576393496,-0.430564842797,-1.11624379759,0.347628226158,-0.311013870862,-1.01871181066,-2.10114960942,0.883796629153,-0.85418857825,0.30581670165,0.307341102017,0.323221082467,0.151307633117,-0.212331813415,0.35566940422,-0.391130237447,-1.80687214903,-1.88128197512,-0.117265322579,-0.0381121690389,0.417209250043,-0.246594485069,-0.314004214421,-3.0877573388,-0.849406064623,-0.400987274359,-0.391082571533,-0.542398458507,0.666835655013,-0.930683795215,0.152398265244,-1.75381950699,-1.72791700442,-1.74935242784,-0.572935557121,0.650778378652,-0.525741938939,-0.848945679354,0.414527411652,0.444559678443,-1.00593268432,-0.55406648116,2.47248018261,2.62556765052,-0.895413010362,0.406389862551,-1.06843564018,-0.675648794102,-0.414306084689,-1.05695517095,-1.05695517095,1.05695517095,0.364582392652,-0.139674098157,-0.082854918779,-0.0849908838005,-0.0843200938686,0.268813594924,-0.868833646065,-1.17104990411,-0.236527663768,0.300455080381,0.714594564378,0.350446662303,0.025262160396,-0.916458546021,-1.04393825409,1.23827062767,0.108441120404,-1.57547074656,-0.357681977903,-0.34222891734,-1.13060104251,-0.352120320173,-0.320481228201,-0.346072932825,-0.335341081645,-0.566432966598,-0.826916834207,-0.614699978786,-0.583031688093,-1.64446963408,-1.15370712619,0.851528266675,0.24121333591,-1.55912524344,0.32586541457,-0.770067821112,0.400607408264,-1.04508268791,-1.96889799028,-0.460493619667,16126752570.7,01030323,-0.03030303
76,600729.XSHG,600729,2011-05-31,0.0586067739459,-0.0701551495901,-0.672251153894,0.18026943517,-0.228242013624,0.750967483345,-0.876505389428,-0.244327446437,0.0760015686722,0.932646905332,1.80358647135,0.224473028996,-0.0366035132027,0.843286736808,1.59523923666,-0.0917342421034,-0.178311587734,0.04062813344,-0.12706236421,-1.60976268369,-1.0685603495,-1.16456122041,-0.0521082782113,0.607079121359,-0.323838232887,3.36665719939,0.874039901557,-0.311188302293,0.776083268708,3.1746925827,3.06478628587,3.14238537697,3.18015565467,3.06061596589,3.37080553692,-0.422925197517,-0.607079121359,1.65917891443,0.333561774902,0.70337555475,-0.576510356799,0.325487717249,0.0280169839751,0.158639486864,-0.243867110882,-2.48620893179,-0.720078925235,-0.736429122967,-0.418487657512,-0.070644236796,0.0216482820983,1.59886097462,0.523123782286,-0.659143712386,-0.088164577222,-0.893706306409,3.17039944643,3.01139683738,3.16010144613,3.19505998733,2.99532347142,0.0787503786962,-0.223283320502,2.64209064944e-15,1.70613511545,-0.159558986924,-0.237174550772,-0.151371170811,-0.843286736808,-0.148873538508,-0.237145852018,0.77830556801,-0.14282173685,-0.233258709571,-0.23316383194,-0.778452874765,0.159983836857,0.827226951967,0.203266124948,-0.0894781556742,0.0681357819141,-0.439629760622,-0.0133465376692,0.264224228418,0.433304783933,0.558640679452,0.0862513068345,2.08830573959,1.87518174951,2.69877052465,1.43285468253,-0.179567539758,-0.160291179088,1.65129467427,0.243867110882,-1.32490165255,0.29187832451,-0.321711974989,0.0637087968935,4.99835136858,2.3640176986,-0.301177838789,-0.20425050161,-0.794810361366,-0.798146030811,-0.647174395802,-1.16660599345,-0.692911212017,-0.639069505893,-0.0442330009008,0.535626726224,-0.0617962246736,0.691421159714,0.12573903635,0.0506539626408,-1.57313157124,0.235684205998,0.109626289734,1.099121516,-0.377989541654,-0.295405272714,0.000850503680889,0.782375949893,1.14952340157,0.580653569891,0.0977884656603,0.517677133205,-0.430937027462,0.808998902235,0.55003141432,-0.101769219226,-0.549223026455,-1.89263431879,-0.379793297841,2.58930809954,2.48956318557,0.45057432227,0.360042206478,0.207127895624,1.16006653265,3.26075822688,3.06745287461,-0.212518414296,-0.0987347826562,-0.100015727554,0.997079078469,0.396446301194,0.19172442106,0.471676829278,0.316044729004,0.792324311865,2.69091733252,1.87212182958,1.51704488208,1.86342123025,-0.168680209349,0.661169928069,2.78928017843,3.08233058453,0.903393295525,0.244424984965,-0.533026104924,-1.26031621448,-1.25896417007,-1.25764858865,-0.402856641804,-0.396253613312,-0.274574000425,-0.433772357247,0.0791766259573,0.159910059997,-0.88650719859,-0.892915710944,-0.933189742869,-0.874885748956,0.175594538024,-2.67689879873,-0.754256707619,-0.387027176546,0.340601527429,-0.846240992415,-0.805032490466,0.608537437132,-0.403231349311,-1.25671933214,-1.2643816809,-1.25587779182,0.150052934831,-0.50646051273,0.465639437681,-0.749197478249,-4.66126785894,-3.62871180143,-0.322220256377,-1.42342163903,-0.807273875419,0.992462109686,-0.0534333261157,0.406389862551,0.241909956268,1.87968351958,0.833253348209,0.0943106469727,0.0943106469727,-0.0943106469727,-0.280219910261,-1.30264867069,-1.05996660939,-1.06015905209,-1.06287762687,0.507467615783,0.878434017845,1.91123779758,-1.32824175644,-1.59835712529,-2.01818623862,-0.870336918185,0.37768232447,-0.857867168679,-1.01922963914,0.51928967765,-0.123115036024,1.8107687435,3.16964734924,3.12163877239,1.26773404152,3.1719285177,-0.456846919573,3.1781088109,3.17196048714,-0.500812553781,0.0818343661958,0.166320393761,-0.0647308547766,0.163814597186,0.304080972312,-1.93413958258,-0.687736456418,-0.49620144588,2.81811504447,-0.770185248966,0.306873795968,0.55837065916,-0.550002514711,0.0902937097317,16080326315.8,01030323,0.00745485
77,600790.XSHG,600790,2011-05-31,2.01424485559,-0.236407960665,0.259666088243,-7.06097429524,0.00710296561455,0.0888481816568,-0.822801220827,-0.244327446437,3.57183462154,-0.661400423016,-0.0729083265741,-0.788981127842,-0.459577443545,-1.20848244302,-1.41593558337,-1.36183184971,-0.539476032103,-0.285591879181,-0.578376772604,-0.27318785252,-0.650424838721,0.45008668722,-0.17156047261,0.409386695423,-0.0266690309437,-0.54620047908,1.39074734715,0.859741881054,0.950434876282,-0.662864361953,-0.573880122541,-0.639926060537,-0.670563472194,-0.593692418811,-0.528835801544,2.34440650308,-0.409386695423,-0.808106333669,-0.677871813923,-0.790290556995,3.82574071731,-1.42829322158,-1.21669369751,-0.584359502159,3.38670755813,0.406604702647,0.416940109229,-0.842046532973,5.2604616685,-0.426919577512,0.619477940555,0.073008366851,0.0604433237875,-0.659143712386,-0.209093562576,-0.827959219624,-0.666028502117,-0.543285469015,-0.642000423444,-0.674537804095,-0.578811318197,-0.827737152734,-0.489271387442,-0.819625501276,-0.44303890267,-0.155028557332,0.692705221434,-0.0556234612329,1.20848244302,-0.158855100819,0.692727637085,-1.02891541985,-0.22432519022,1.08975981994,1.08983518153,0.25955905541,0.359026829042,-0.00425565051877,-0.194068737274,-0.0532454178121,0.141122429079,2.80744255897,0.696872904199,-0.935518471499,-0.765661626718,-2.01856817557,-0.179126930338,-0.625138969989,-0.723684214631,-0.459500321007,-0.21089925244,-0.623776974131,-0.280429659809,-0.110093795265,-3.38670755813,4.32670340853,-0.552218008581,6.43403986467,-0.380604739051,-0.648071296488,-1.19958072515,0.575901041717,-0.26788257182,-0.223842775824,0.264445974064,0.00771526278305,0.704965267186,-0.295618608689,0.444329762913,-1.00619922814,-1.25913982642,-3.12765787612,-1.40695044913,-1.28165579157,-1.19756705068,-0.648515464061,-1.12492922101,1.38994963277,0.666274786773,-0.347906139724,-0.496509656957,0.0550953401417,0.270284773011,0.424762205331,-2.87054276878,-0.810270573396,-0.127896703498,-0.301672945578,0.0501227115002,0.45649525533,-0.593443599838,-0.10066071121,0.272379814549,-0.894517315206,-0.591268018076,-0.728179709013,-0.327514637928,-0.706211876293,-0.00523591601621,-1.49990816188,-0.666575464124,-0.619642054253,-0.221103757208,-0.182558340351,-0.481432735224,-0.706216081523,-0.711941437724,-0.845443172604,-0.414481664416,-0.0128632949403,-2.06466252571,-0.432826155291,-0.748367526927,-0.307384181948,-0.463876479103,0.318011518219,-0.652315579938,-0.211852453999,-0.955548161849,-1.93659937614,-0.0691101479187,-0.234655807124,1.74456890816,1.74040781922,1.74034099404,-0.00480216093859,-0.19544621478,0.0106740024497,-0.291701632122,-1.66744652828,-1.78807573474,0.150723766728,0.227079632204,0.660304319587,-0.00346075749186,-0.398317345419,-1.31621716397,-0.00895636660059,-0.288879958295,-0.451493346693,-0.283522547119,0.527884363189,-1.21871597089,-0.00332965186608,1.35304833579,1.36805914939,1.35159964955,-1.29477606023,0.21471787225,-0.57125574088,-0.625321631837,0.405800599822,0.431688462347,-0.68786856964,-0.674640586295,0.808241048804,0.684668385616,-0.811215041938,0.406389862551,-0.937401080538,-0.956027461872,-0.79811770989,-0.589419225306,-0.589419225306,0.589419225306,-0.0625709088148,-0.203130052015,0.709406103221,0.707262440202,0.713224252493,-0.788082783166,-2.15254050118,-0.672947172997,-0.227266038379,0.0842956551815,0.350143070491,0.00526471145197,-0.303910382673,0.451630619881,0.109609732818,1.49344131975,0.404022020546,-0.877739218906,-0.658296666294,-0.628740339014,-0.780071791904,-0.655517267233,0.642601467115,-0.676582676184,-0.669779805372,0.306997355715,-0.793308241331,-0.797823538574,-0.317805369719,-1.6199032064,-1.16227080612,0.311259944909,-0.168561786419,-0.409838887328,-0.452703244191,-0.514473891864,-0.40748994623,-2.00764579978,-0.691764348904,-0.355629989844,5086340207.82,01030323,-0.02311436
84,600891.XSHG,600891,2011-05-31,1.18516188872,-0.216864868137,1.63110458288,0.214083901756,-2.79987331225,-1.18371818066,-0.826540118641,-0.244327446437,1.80717213149,-0.336754628455,2.12270783606,-0.788981127842,-1.173345951,-0.157234977481,-0.980666653268,1.17522828965,-1.34515056185,-1.28755334652,-1.16809426624,0.0,-0.261951114746,0.479348322811,-0.706020472785,-1.80428776399,0.963894975535,-0.676629068363,1.28529684805,3.37357873809,4.55157259755,-0.291500502271,-0.490051703944,-0.289797182061,-0.300185755434,-0.349058350343,-0.688087491782,0.110260387219,1.80428776399,-0.727268042515,0.457568958206,-0.740685409372,-0.0401955051303,1.26601990848e-17,-0.631995180326,-0.651162386351,1.6718324978,-0.6069088833,-0.0740453829262,1.07780541989,0.132532902287,-0.383206115064,-0.256049068636,-0.363631237876,-0.912811116204,-0.659143712386,-0.137847106162,-0.757250088553,-0.287527066239,-0.545032343839,-0.285992310302,-0.284347288488,-0.263202329418,-0.142925282578,-0.327857019361,-0.836283987126,2.98868817491,7.15269987005,3.30498523015,-0.109009713594,0.157234977481,7.19548605168,3.30498999489,-0.951555187311,1.48726762524,0.748908892314,0.748989281844,0.367497080215,0.338292012299,1.53345564379,0.00778048253686,-0.000591243407234,0.0654992041127,2.43440598058,0.696872904199,0.359832863002,-0.528774929826,-0.25423727981,-0.636069590371,3.51587797573,-0.231632258753,3.28329095116,0.212811873774,-0.185765633421,2.66699939091,1.96978931676,-1.6718324978,-0.0504568784621,1.15658137904,0.440095593462,-0.527014691398,0.377164906024,-0.944115352844,4.54702435961,6.63676496407,-0.0203295770176,1.32009293316,0.143413119967,1.09158092666,-0.0205698833084,1.15185581601,-0.0798019087806,-1.25913982642,-3.27993967368e-17,2.18405669471e-17,-1.49033847295,-1.06436536775e-16,0.107988623629,-1.11483859038,0.0,0.0,-0.800251847721,-0.382001822512,-0.304142999349,0.153427646625,-0.345794341217,-1.25974898123,0.362005520172,-0.127896703498,1.40177974994,-0.535856261381,-1.29339708428,-0.0260825636917,-0.401470113661,-0.0821254236591,0.71596484627,-0.199557863087,-0.198495864191,-0.866335444002,-0.729416683486,-1.40462730313,-0.785409666348,-0.267954205136,-0.300864497382,-1.29073186835,-1.1186981148,-1.02737841639,0.98393871615,-0.266661238911,-0.0990678722673,-0.479915968136,-0.55443007236,0.0439673516183,-0.538199886477,-0.160391987692,-0.550061994423,-0.238599481035,-0.630185512382,-0.598646279611,-0.175505030736,-0.0586359811086,0.336559002877,-0.486456913317,4.29477107475,-0.243048683727,-0.239015972583,-0.244478370652,-0.355789013054,-0.26806136478,-0.421658257135,-0.374545269387,-0.455907984862,-0.229699865924,-0.421944945957,-0.425599739009,-0.370744269961,-0.38744274663,0.43252236243,0.15574002672,0.490958790565,-0.0737266789508,-0.0105837334597,-0.724940291203,-0.499523674551,-0.205240215837,-0.355344988889,-0.520839691884,-0.521400342739,-0.517529645207,0.00663936567289,-0.294331905213,0.132196174132,-0.453115330808,0.311569799391,0.309493372828,-0.36783269955,1.60224259419,-0.503098722795,-0.367786703504,0.030764642309,0.570205931177,0.503979075558,0.125581829512,0.0797054794112,-0.530396956991,-0.530396956991,0.530396956991,-0.368118173164,0.105035134813,-0.262048963199,-0.260213030042,-0.260359652461,-0.242587878346,0.16526354278,-0.0352536641638,0.177930072368,0.0775141830184,-0.511342769711,-0.0438344453501,-1.42888868382,-0.275639725119,0.0611384682631,-1.58061501772,0.247079315444,0.590212143536,-0.290644025016,-0.291133394421,-0.279564851991,-0.294045448119,0.977833791739,-0.306813826791,-0.327773992215,0.899843843918,0.0382845668919,0.267675114886,-0.250641849587,0.183777689587,-0.244886593356,-0.711067694603,-0.617894876677,1.16461698781,2.08324651044,-0.714558732898,-0.728456558033,0.466288728815,-0.0531975282158,3.03139303149,3658945341.8,01030323,0.20907473
90,600981.XSHG,600981,2011-05-31,0.146689032347,-0.104521197958,-0.82757069425,0.232934509635,0.563199220323,-0.271208391698,-0.722870679253,-0.244327446437,-0.148937456091,-0.566104115343,-1.5645203284,0.885421392152,0.439242158432,1.08685780099,-0.0646731634815,0.374020465285,-0.10191141681,0.359081002903,-0.187237618662,-0.720483261531,-0.928862901965,-0.0757083272998,-0.241580715269,0.167829384706,0.242198342243,-0.735974076486,-0.559383882871,-0.384449045472,-0.150172951747,-0.833300988214,-0.868287724384,-0.835066622847,-0.841380202226,-0.860648676897,-0.719192603202,-0.104199036917,-0.167829384706,0.239976094073,-0.135340386967,0.0640203187265,-0.572785948107,0.749690238281,-0.77906034261,0.57728780391,-1.14341301409,0.0831878217593,-0.151569408003,-0.710876523771,-0.248174109249,-0.310387237834,-1.04779423967,-0.464506386387,-0.273069754515,-0.659143712386,-0.0931043315334,-0.698946068197,-0.829610308873,-0.866405321209,-0.816342150017,-0.839238125692,-0.87709642805,0.551452244296,0.481209017162,-0.718484694329,-0.344369927098,-0.165569457191,-0.318314639003,-0.153997252263,-1.08685780099,-0.154778992718,-0.318285391994,-0.629220885078,-0.140426964067,-0.351183438087,-0.351086820931,-0.505992574266,0.125249269299,-0.122576687893,-0.225886624278,-0.021554769409,0.087745155567,-0.466362252517,0.696872904199,0.0883679033084,-1.05632015051,-0.571388258643,-0.982291528934,-0.202154603725,0.00746340994832,-0.144758552884,0.0670334477132,-0.334100059715,-0.279954804154,-0.600057489256,1.14341301409,-0.0504568784621,-0.283464801287,-0.580938161476,-0.667663140992,-0.46957504482,0.715333168079,-0.367488556957,-0.210232572471,-0.133392465244,-0.0619711777604,0.220111908811,0.353496485847,-0.203935700229,-0.130535155229,0.63790582875,1.15445605479e-15,-3.27993967368e-17,2.18405669471e-17,0.0,-1.06436536775e-16,0.0,2.0005090111e-16,0.0,0.0,1.80050056506e-16,-1.32426285729e-16,0.106360530656,0.193807596057,0.0404794831507,0.146163140355,-0.528686026574,-1.4190443769,0.489405528146,-0.851349122826,-0.962189695363,-0.381694292559,-0.247356553701,-0.0973185052966,1.39449452988,-0.613336195822,-0.575207227459,-1.06617133531,-1.13377941337,-0.916924772938,-0.16157721961,-0.827240729553,-0.805346962444,-0.682733089613,-0.813144096921,-0.648285440674,0.407312414957,-0.640639949005,-0.619138165198,-0.506198086686,-0.72103807124,-0.649433039746,-0.806983262286,-0.272896948388,-0.447107770949,-0.662052484921,0.491707085625,-0.93478558166,-0.575797203435,-0.501130493207,-0.0312633145407,-1.25521805612,0.418029219313,0.828011831458,0.826882550026,0.815167847264,-0.0282721263538,-0.216534880138,-0.239139524724,-0.266725683758,0.406763513134,-0.115345243816,0.336222271099,0.372618214429,0.401192401155,0.221558360004,-1.05494965196,0.526393839207,0.54060193335,-0.326017255363,-0.307034526816,-0.182473420997,0.219027145056,0.198572692013,-0.028065992695,1.36327546172,1.3819750031,1.3606693983,-0.738139655243,0.0336465052954,-0.672720098698,-0.63046897419,0.397205159352,0.411196345834,-0.166214469206,0.28270391474,-0.273168247443,0.539387696706,0.114962610734,0.406389862551,0.503979075558,0.49375233261,0.435709643394,-0.551618446722,-0.551618446722,0.551618446722,-0.0137027002649,0.110342360045,0.989376774807,0.992760462692,1.00103228579,-1.16311053023,0.0226294477665,-0.603437066344,0.138568164466,0.0520836624067,-0.0597135098437,-0.0148213072398,-0.482661907599,1.40575203263,0.971157135364,0.720424223168,0.0995761558901,-0.103478224143,-0.832222730198,-0.840125206569,-0.537665991737,-0.8343144514,1.07442615646,-0.852931059091,-0.854097238805,1.12838390235,0.972889479423,0.819616163747,0.574063550105,0.0422031270667,1.08310823117,0.222666182193,-0.227236284304,0.327564497229,-0.613590347042,1.42614766961,-1.21132668198,0.296857976981,1.86250293385,0.115786558823,3390819705.0,01030323,0.00920245
118,600278.XSHG,600278,2011-05-31,-0.0728307660227,0.0185537059964,-0.693731515858,0.278259581558,0.151336041256,-0.163924359281,-0.556999576231,-0.244327446437,-0.167041200539,0.53117131248,-1.04709511246,-0.788981127842,0.677164994249,-0.246442333125,0.525415972894,0.621691458192,-0.219984408238,-0.0448104412941,-0.205290194998,-1.25807240027,-1.44459525966,0.234282124739,-0.611234120431,-1.29413314508,-0.635158349209,-0.611414773721,1.99322119867,-0.384449045472,-0.188066219327,-0.51104156679,-0.415882396671,-0.499140161282,-0.512464564339,-0.453945876329,-0.636245639416,-0.243933966588,1.29413314508,-0.261195034409,0.0274190411198,0.681328822473,-0.557888313338,-0.733832642799,-0.0788469747784,-0.235443631003,-0.965724934443,0.170241305196,0.64951218446,-0.380396240848,-0.491012962555,1.78715024712,0.126613596377,-0.274686133209,-0.395270804094,-0.404373558385,0.199861097243,-0.258564637847,-0.515489511291,-0.386815395457,-0.491982495527,-0.518920139773,-0.44180301532,-0.525629859629,-1.00329975626,-0.393644220254,-0.500918956753,-0.152384552465,-0.285284160608,-0.108860523686,0.246442333125,-0.149506665952,-0.285255136783,-0.302588792147,-0.128351626727,-0.364106696007,-0.364009888218,0.222470218693,1.45564273034,0.0364172060786,-0.40386523022,0.0167711687848,0.0832139023342,-0.448931074629,-0.0133465376692,1.62048965144,-0.232303235556,-0.00423087757626,0.360416902854,-0.14505171428,0.0836968115633,-0.346317320648,-0.0555839200014,-0.648264023972,-0.286602783324,-0.86528727744,0.965724934443,-1.0005310376,-0.325067867042,-0.491002545756,-0.863215322716,-0.785820981133,0.414300236392,-0.361336016096,-0.197788855448,-0.704360050785,-0.645355023574,-0.582275420627,0.00202770450773,-0.647069757787,-0.721982715241,-0.49795061611,1.7865561369,-3.27993967368e-17,2.18405669471e-17,1.98932391194,0.40268680142,0.107988623629,1.88982687054,0.221347349336,-0.307630353986,0.372554847199,2.20134263415,0.136080588942,0.141803115728,-0.142701918096,0.0437223073747,-0.714067706436,-0.7734705402,-0.645639355249,1.29872581569,0.320979557407,0.704495878474,-0.75750232674,0.336950411509,-0.179878166096,-0.645059201332,-0.725785357128,0.15833533731,-0.262344566854,0.454473844455,-0.861890078298,-0.505016531812,-0.479825958672,0.0618516313077,0.0193797606935,-0.0368652048088,-0.464354649659,-0.409646034652,-0.729377276784,-0.0651262700552,0.281580938469,0.068482565713,-0.452539782312,-0.447573942952,-0.435074160413,-0.288284633491,-0.287956460077,-0.133983126778,-0.509219075387,-0.319142411142,0.304373080695,0.240074497476,-0.683247261802,-0.711288410482,-0.710601905883,-0.706891869338,-0.54631157207,-0.425532276454,-0.383537076257,-0.441563337347,0.0443226068164,0.0504862498831,-0.721469928246,-0.719879553755,-0.73336273312,-0.734641546921,0.0167650591997,-0.80274453661,-1.30054901133,-0.414856005938,-0.506207925904,-0.758124174703,-0.378126254542,0.414991172315,-0.546724830701,-0.783256244068,-0.784983319102,-0.781400973172,-0.880330828873,0.35490800057,0.165196896088,-0.57277920914,0.280735064257,0.325879734332,-0.705789080829,0.237562353909,0.479275105906,-0.302338873185,-0.474423168239,0.406389862551,-0.413262841957,-0.631579374787,-0.442113545906,-0.973395555131,-0.973395555131,0.973395555131,0.123225052405,-0.264163142181,-0.636821168298,-0.637690526474,-0.63897046355,-0.344868173,-1.01146774108,-0.828305278774,-0.321039995438,0.0283485098357,0.614097973041,0.128012603457,0.0877958308357,0.218753820649,-0.37241637114,1.4544152139,0.00140488219686,-0.248896840269,-0.508947935579,-0.491578441595,-0.927869572941,-0.510270350464,-0.144342210178,-0.514799053874,-0.502948783875,-0.20438930968,-1.50328462879,-0.965530432943,-1.23627810522,0.0144453597138,0.0159488245857,0.534536711061,0.119700343515,-0.589207278166,-0.117668954645,-0.693473407135,-0.149012409292,-0.10216372118,-0.550002514711,0.970012312645,3912795792.36,01030323,0.06776181
162,600723.XSHG,600723,2011-05-31,0.0283008057635,-0.0548483345667,1.19488800145,0.181613343917,-0.237177350391,-0.56355967047,-0.861889697974,-0.244327446437,0.122166117014,1.27530324608,0.759050247242,-0.788981127842,-1.173345951,-0.159858723235,0.305070851034,0.4596472247,0.0925617455428,0.778506733416,0.0173582464767,1.25725292776,0.561881092995,0.834374260876,-0.637704780185,-1.36203358317,0.058236455326,-0.402729030869,-1.13795562127,-0.421700270817,0.661551931865,-0.206700538526,-0.241300557262,-0.225913224869,-0.191957858144,-0.253014051514,-0.346255277742,-0.242158681627,1.36203358317,-0.354739971281,-0.646870018097,-1.0217812459,-0.50947100034,-0.932934148638,-0.0630718189624,-0.308175390061,0.358606534167,-0.167948288033,0.0034786421509,2.07946730833,-0.345940894846,-0.235481496652,-0.284730067209,0.117679753248,-0.00399523442242,-0.659143712386,-0.163020854095,-0.855250463195,-0.211997796898,-0.226165299998,-0.216333946962,-0.210727060409,-0.28354092935,0.644383081223,0.181410814213,-0.857702040361,-0.323975466354,-0.128879499709,-0.288874429999,-0.144476223579,0.159858723235,-0.13361964943,-0.288845381914,-0.336971117719,-0.0364572948393,-0.241335745771,-0.241240748995,0.214862252187,0.186422602962,1.20391306704,-0.0942815088499,-0.0434070469114,0.148875597954,-0.222606910123,1.40709234607,0.750212717236,0.705070503681,1.22008618936,0.553738797483,-0.227533665701,-0.817243389341,-0.426940827753,-0.405043417988,0.30513559767,0.219118489274,1.04859919961,-0.358606534167,0.402924776527,0.0213068770888,-0.194744046914,-0.783232108007,-0.38203564599,0.208618319718,-0.326471617884,-0.133046189804,0.126652177676,0.0630396463425,0.644905200866,0.74011214532,0.060926035323,0.22322787132,0.645444691589,0.210676235087,-0.312321459837,-1.40695044913,1.33415735412,0.81991090664,1.45288477952,0.761928612511,1.22981611401,0.801539389657,2.57464365101,5.93024255124,-0.198632972374,0.286803843233,0.896653423759,-0.0622509681219,0.241914941946,1.16325096991,0.594764608586,-0.759553177264,-0.109989093231,-0.79421545326,-0.556403814372,0.219204028818,1.17586812964,-0.267693361878,-0.257822583124,0.888116225239,0.760981595148,1.31699003023,1.3297450533,-0.170280997706,-0.255348684745,0.736746265976,0.546912274827,2.42845310929,1.2139152909,0.659309727045,0.215543417502,0.786003295964,0.603490568166,1.10424337284,-0.508089518581,0.0696010606736,0.0723430838523,-0.886200274978,2.04768733233,0.776982628775,-0.586854348376,0.0688545512942,1.1913315177,0.303831641722,-0.37969692411,1.76731127978,1.75796973872,1.75191930452,0.303945868028,-0.0639855576135,-0.0148212874768,-0.251827934318,-0.00405793073177,-0.29163480008,0.0601077140469,0.0895351619464,0.160286081533,-0.0291199365376,-0.601082846938,0.0267147186528,0.831928797586,-0.37667628168,-0.373999407773,-0.189021179867,0.04665696122,0.323029092128,0.303787531226,2.1399868166,2.13349552392,2.12591030154,0.236120209473,0.731394949276,0.226494450902,-0.394364918145,0.40120885797,0.435529461327,0.13845917994,-1.22193613581,-0.60770710162,0.345068365449,1.63052604238,-3.03374757858,0.110875396623,0.719304478712,0.830506932286,0.114205793596,0.114205793596,-0.114205793596,0.630454477782,0.196757831754,1.40917449528,1.40248222359,1.40515281242,0.456327468456,0.842775494092,0.786172557519,0.128148835904,0.0851433392019,0.957965827738,0.279029706954,0.150572507767,-0.653240416477,-0.395422248462,-1.586619034,0.905959594655,1.06258585923,-0.210792063685,-0.235358597298,-0.452213587362,-0.20838311113,-1.06196967504,-0.183576116423,-0.161586506183,-0.933002169227,1.04031214691,1.3200887556,0.0989190155076,0.887866047833,-0.061659524802,0.881059520914,0.805624151052,-0.223827222755,-0.59012854195,0.346885005786,0.346639570882,1.15260604965,1.22393611316,-0.347917804912,5260779607.92,01030323,-0.02258567
167,600755.XSHG,600755,2011-05-31,-0.164313129242,0.146059635758,-0.987847241213,0.182458086559,-0.243146636734,1.64808554093,-0.00466239916087,-0.244327446437,-0.542241304219,-0.748489393186,-1.62263508172,1.96497038531,0.835780218128,1.55607100005,-0.453235391621,0.337379266176,0.46761713008,0.623163870263,-0.0789221606475,0.339898984598,0.949397985138,-0.778216188004,0.352137466402,0.98203375292,-0.677611092344,0.301585351256,-0.945332709576,-0.3335390375,0.191292223525,-0.707057269763,-0.726652427531,-0.710582815483,-0.707145073066,-0.726961779174,0.304521975244,0.0584395691562,-0.98203375292,0.554601651213,1.94953038234,2.15845988501,-0.349321426578,1.21252711795,-1.04978237145,1.42315752765,-1.09436370044,0.193983164315,-1.41779515093,-0.627404699734,-0.00397074614523,-0.369819123807,-0.054142999252,0.701058897268,0.679140561736,0.0,0.128329655003,-0.220108794633,-0.705027062942,-0.731979144245,-0.701910214738,-0.715354648619,-0.738300826292,0.076937240993,0.133045478491,0.892628865736,-0.321246630058,-0.152780902341,-0.296773022659,-0.273757755694,-1.55607100005,-0.140348729608,-0.296743921204,-0.685092164131,-0.0957380685681,-0.320490700528,-0.320394536125,1.81824119335,-2.41478452924,-1.17914657632,-0.495215679556,-0.151235798998,0.0546051817698,-0.552580981852,-1.43463802578,-0.507001100977,-0.688637117913,-0.124233950648,0.163580064686,-0.136592026955,0.180721140891,0.190139092016,0.483932497943,0.347636811359,-0.347384307167,-0.933874898044,1.09436370044,-0.649436707208,0.0141204994453,-0.152421404222,-0.555822205171,0.378479311412,0.406765443108,-0.349714550025,-0.180486283402,0.126652177676,-0.311992825966,0.208312095142,-0.279147320564,-0.295618608689,-0.147117797098,0.0419292388109,1.08154355133,1.69849806919,0.560272934162,3.17832988726,0.838701330497,1.78910881849,2.91087255775,0.303276126377,1.31554488061,-0.219261079988,-0.548515298434,0.87296995185,-1.20419519866,-1.4757448326,-0.334249041897,-0.245915985397,-0.127896703498,-0.0156982986693,0.925749085425,0.419144638941,-0.873079792806,1.2558703178,0.136908169948,0.322699940145,-0.881740407656,-0.921856172614,-0.04798581211,-0.0928502752478,0.544453125684,0.258210857231,-0.69814023673,-0.703714285272,0.147036456879,-0.0385573295967,0.215299256766,0.407849360582,-0.658961069141,-0.712065206658,-0.654118385888,0.0349040469222,0.0776233581975,-0.851734451269,-0.647802004689,-0.84689105431,-0.0822041716004,-1.62393366664,-0.713046630308,-0.832993452511,-0.569703183765,0.259834723512,-1.03304316052,0.0740745704607,2.82793186652,2.83092409392,2.87248244851,0.614646763029,-0.0154309383311,1.05810211488,-0.105429388169,0.8501878264,-0.671755568351,1.25108976041,1.36325277437,1.52825028364,0.713644573695,-3.10461592229,1.17932001051,-1.10154097403,-0.387812074039,-0.609765509547,1.72240582872,2.76598456416,-1.64618979131,0.616965638233,-0.0543394518305,0.00267955794618,-0.0400864747764,-0.145012086386,0.457609317437,-2.40421065108,-0.883111894982,0.427852221113,0.452384237341,0.0406201773472,0.169522330019,0.149716300107,-0.613924523095,0.114962610734,0.406389862551,0.503979075558,0.310534589315,0.381467928921,0.547919989978,0.547919989978,-0.547919989978,-0.0712800944969,0.271635857306,1.64378791247,1.64084993942,1.65980521796,-0.600568909634,-0.0843461234933,-1.0903260123,0.318012156369,0.134309012384,0.574141496967,-0.0877261158246,0.251015190856,0.930605382138,0.224449926359,0.240102920439,-0.0733727351397,-0.281857551349,-0.707180537902,-0.714247352001,-0.830645663882,-0.706869052359,-0.132978402564,-0.711729772531,-0.700125831163,0.0105741116143,0.135834966635,0.544014817657,-0.418421786679,0.122595039711,0.304973022305,0.783247910054,0.240266973041,-0.848294953821,0.0637651757983,-0.704851392599,-0.709993876823,0.32509643562,-1.33033116959,0.10950641383,8169284913.72,01030323,0.00877193
177,600856.XSHG,600856,2011-05-31,0.202236621229,-0.120787700492,1.48239438466,0.218724962326,5.71410309907,-1.94991490406,2.37055741214,-0.244327446437,0.127597240348,-0.807080663693,-0.601038891815,-0.788981127842,-1.173345951,-1.53907440805,0.495755132028,-1.48841053755,-0.20609346807,-0.238989020235,-0.229360296779,-0.00306543418559,0.434622459279,-0.641966697285,0.279343152077,1.01868797171,-0.196480003483,-0.807057657645,-0.749194781251,-1.16051624016,0.759478353701,-0.901790759035,-0.88334115908,-0.899995033746,-0.899682128616,-0.89468332476,-0.78869308653,-0.526679351703,-1.01868797171,-0.234355295298,-2.44497417601,-3.13826754446,1.09947355467,-0.443869693745,2.35510690483,-0.653261271464,0.0439505597945,0.22036300778,-0.461665508312,-0.750057175871,-0.433367544193,0.0043525480659,-1.34045263294,-1.58089337819,-1.49537051407,2.57436353287,-0.728147746375,1.80688629605,-0.907412600076,-0.884487555255,-0.895092829739,-0.904701598451,-0.895077085481,-0.280067163266,0.0717421874688,-0.100930826032,-0.883817776073,-0.620313208893,-1.48299802936,-0.210213026859,1.53907440805,-0.408464194816,-1.48296091271,-0.732367861792,-1.58824976373,-2.41890470521,-2.41877758679,-0.452261310816,0.165683099326,0.0558292512728,1.37343010773,0.0970966141071,0.00588803811679,0.384344829598,-0.72441858391,-1.16487325696,-0.666837728628,-0.414241377239,0.281330673233,-3.30474493027,-4.50763305843,-4.1898879767,-2.18231404225,-0.56506301298,-0.583387567713,-0.377512550064,-0.0439505597945,0.0499874312814,-0.560053757699,0.164998415966,-0.740529205239,-0.71484309019,-0.568182987914,-1.48793460929,-1.36347234711,-0.517806285212,-0.430058604286,-0.546875979622,-0.261573881497,-0.509545395097,-0.451132898039,-0.28061616063,-1.25913982642,-3.27993967368e-17,2.18405669471e-17,-1.72813966802,-1.06436536775e-16,0.107988623629,-0.966181978367,0.0,0.0,-0.0402202404694,-0.575710909114,-0.321868072672,0.0408532421493,1.67517437906,-3.33329273845,-1.45793577724,-0.7734705402,-0.176835715813,-1.15882097932,-0.429065512722,1.71904371908,-0.506958439706,0.431274126675,-0.316437599275,-1.02187333634,-1.05248136991,0.0504054943188,-0.249448684901,0.330394921929,-0.589327557129,-0.884252093795,-0.902562534659,0.0417432316617,-0.0734488840517,-0.128517591547,-0.328740346252,-0.624880706507,-0.709519932679,-0.475901107704,0.29263972183,-0.383176010952,-0.98485793769,-0.928428974129,-0.937143133329,-0.662617088926,-0.924499850142,-0.556275779353,-1.14471083648,-0.95246558967,-0.507248198498,-0.107139409252,0.0450663470635,0.0169643562188,0.0169472663115,0.0205730289013,-0.683528458985,-0.439049117753,-0.696114796158,-0.445316722085,-0.01551954016,0.0658178556006,-0.681952479806,-0.68619972295,-0.70333505361,-0.681183878546,0.168545816486,0.214607643977,-0.779949211341,-0.327247149022,-0.475371084131,-0.667903242085,-0.815697215691,0.175069518861,-0.683553845143,0.101708305949,0.102321801727,0.101074228868,-0.688659210206,0.693484915222,0.0943078174099,0.131209636835,0.385863431862,0.414051637759,-0.552428940157,0.216695523234,0.37062613838,-0.174573912885,-0.979610978787,0.406389862551,-1.19947019983,-0.107257385926,0.127767758059,-0.596050940847,-0.596050940847,0.596050940847,0.21321997112,0.16837571421,-0.13247738914,-0.134459074595,-0.134353505078,-0.515335330756,-0.904492169819,-1.16951376916,0.152460602549,0.262309299463,0.726097186279,0.277541853718,-0.179308804235,0.583168793694,-0.31758821943,0.544806746858,0.230252299468,-0.372657364632,-0.901470368395,-0.899245415824,-1.26313946562,-0.90005733536,0.0232739521332,-0.899422398964,-0.889225398825,-0.0912506668937,-0.833118273025,-0.253482567121,-1.01198519469,-0.358906942859,-0.814638923861,0.92236913667,0.338688711429,-0.695499657922,-0.599741564293,0.215763052423,-0.579334902107,-0.551523541263,-0.0531975282158,0.0049995905347,1460652359.18,01030323,0.00160772
178,600857.XSHG,600857,2011-05-31,0.0486953652216,-0.0653908431826,-0.507017600323,0.209496669308,-1.12638669181,-1.60598300167,-0.872086692012,-0.244327446437,-0.0792380399674,1.49621741387,-1.12407167168,-0.172095988897,-0.882551373887,-0.56828847898,0.614294239459,0.548800944457,1.27329165983,0.576561011317,2.24986018667,0.823236008415,0.910167880008,-0.174009134362,-0.713573969129,-1.86678020258,0.0299346265694,-0.54620047908,0.0198908588498,-0.342851843837,-0.402227046213,-0.52029958436,-0.61525067694,-0.566265155237,-0.462780418925,-0.608659527245,-0.545522397775,-0.169246978143,1.86678020258,-0.398659544371,-0.716624058706,-0.608405015712,-0.479675730803,0.0554577253664,-0.153651745906,-0.252811746789,-0.578883177714,0.701531352592,-0.22909343308,-0.770499255227,-0.423813049573,-0.0469550283716,0.110802494615,-0.911352806403,-0.762309348492,-0.659143712386,-0.172995357993,-0.872617618195,-0.547311817376,-0.625721323824,-0.597830183326,-0.482556442748,-0.62532415658,-0.0950909752678,2.86533735448,-0.867221175133,-0.335465303393,-0.130324420775,-0.266614759776,-0.170492909153,0.56828847898,-0.134448878295,-0.266585862098,-0.313333268888,-0.0134634171827,-0.220335451652,-0.220240764654,0.511572945925,0.239595409459,0.57440817289,0.0299378255675,0.130204371838,0.152589224069,-0.0757070642164,2.82838383418,1.0857698918,2.93006150333,3.6644344992,3.58889254316,-0.0689145283525,-0.0133275177648,-0.373450231693,-0.169345588937,3.38455767688,0.407636184318,-0.178316588099,0.578883177714,0.103434862154,-0.529230258408,-0.210615037923,-0.282320280299,-0.333928408795,0.294730242965,-0.308013995301,-0.13188511276,0.66370089675,-0.45783878742,0.0490146106217,-0.340654357298,1.56860053,-0.230031006446,0.225790210506,-1.25913982642,-3.27993967368e-17,2.18405669471e-17,-1.33018664771,-1.06436536775e-16,0.107988623629,-0.762477372456,0.0,0.0,-0.400369646594,-0.298267968575,-0.305900226446,0.0488068685525,0.137047939243,-1.68717452574,-0.811456067751,-0.127896703498,2.8396213183,2.84989905113,2.59298243636,0.317396189861,-0.162991408355,1.81131237541,2.48335904875,-0.287278869627,0.00582216334474,3.37559141146,3.7707209463,2.97968289191,3.17512861903,-0.600822204601,-0.594052292867,4.02821792976,4.1262988763,3.3698419205,2.79284239464,3.64204966886,3.15612018252,3.53516959634,3.70171601357,3.49548307285,-0.832221727453,0.317653763848,0.103764178029,-1.19955549785,3.22763917698,2.73167504069,-1.15182740317,0.389034925782,2.87620459209,2.10470843728,0.24397987893,-0.461692595138,-0.484625233122,-0.494022461691,-0.425910676853,0.100814025498,0.000296502236031,0.832531833848,0.687707998534,2.07603097608,0.466695389942,0.302201691009,-0.199798110483,1.28067343093,2.96045555936,1.3074855329,2.72381155047,5.76733229046,5.75484888507,1.12930969088,0.372251657732,1.11740479679,-0.426746536497,-0.311851654375,-0.372331208547,-0.354851866756,2.87631384631,2.8424493916,2.14441335794,2.51613564747,0.45674140895,0.494423421306,2.65399478054,-2.53738533588,-1.01826922178,-0.403452397429,2.55670369505,-2.54229937271,1.94535923165,0.588137230671,1.56414328564,2.81066133257,2.81066133257,-2.81066133257,1.88159351351,1.36480888059,-0.268097987263,-0.295317230439,-0.303356553368,3.30312900299,1.94818973044,1.99387088569,1.16545087942,1.48975576099,3.01209193863,1.60619479385,0.556595853724,-1.92169233997,-1.93836741222,0.0344653627079,2.13457800991,1.79138380423,-0.534023531141,-0.579344414542,-0.076833382427,-0.525432594972,-3.36314071694,-0.40619296605,-0.373731300744,-3.10752688359,0.0136678548196,1.79763898105,-2.06492027686,3.99128698934,0.310236117264,2.31938523314,2.83500468759,1.6230028755,-0.590796212658,0.781464845039,3.38588093928,2.79903096422,1.86250293385,-1.02252939886,2420411926.01,01030323,-0.06883202
179,600858.XSHG,600858,2011-05-31,0.0491238682565,-0.0656016532007,-0.583025034966,0.184332740576,-0.257490772995,0.786515053437,1.13808073272,-0.244327446437,-0.185144944987,-1.13218242145,-0.385912348831,-0.216159213107,-0.459577443545,-0.604583628581,0.0717458532936,-0.72208043212,0.0300525147866,0.17266956712,0.0113407210315,-1.39275422401,-0.624590379245,-1.3860809461,0.0637008582159,0.602272010698,-0.776667492992,0.626352538569,-0.574146952745,-0.322984523653,-0.0369189160585,0.589619367048,0.785901067213,0.61645484171,0.562273850216,0.677516132075,0.634203755136,-0.456043013451,-0.602272010698,-0.154117613692,-0.298099815054,0.146695564764,-0.00667582690101,-0.423526218005,0.426975763321,-0.490131608559,0.053205147276,-1.56080402301,-0.978492342159,3.1220133555,-0.066611401767,-0.360886132175,-0.146102407243,0.205166741445,0.326034678572,1.59971957163,-1.03621742391,0.990630011063,0.607524000011,0.798137629038,0.641625071259,0.5446766633,0.648040162185,-0.0422991519119,-0.0158869242548,1.91117628628,-0.350114845618,-0.180194265896,-0.336265985957,-0.180468288921,0.604583628581,-0.164278705824,-0.336236617652,1.21238242835,-0.203969621562,-0.393184026326,-0.393086789613,0.71128206671,0.131675000256,-0.360143145746,-0.380009013584,0.0321387126005,0.0968183368869,-0.466057675484,-0.72441858391,-1.23187875433,-0.655211387676,-0.0713754541761,-0.170339571491,-0.568036080543,0.658912478294,-0.409110629066,0.535704275422,-0.636325823862,-1.84697846573,-0.548981601573,-0.053205147276,0.477566878263,-0.682611800523,-0.295260323307,0.0321899877075,0.0893101260882,-0.198888417069,-0.385262563888,-0.245859969179,-0.55172515168,-0.707860435626,-0.470177190779,-0.920577846508,-0.509545395097,-0.666707242342,-0.120594385786,-0.332121065308,-0.746250074704,-1.99711746411,-0.0780905594176,-0.67296909485,-1.26492620218,0.644625031398,0.201982365672,-1.63322346224,-0.145228341546,-0.0532689144611,0.29736347594,0.0530895904619,-0.120799794034,0.160292910421,0.250183765077,-0.7734705402,-1.39023588172,0.112062694185,-0.842955035353,-0.415782175586,-0.375207384249,-1.13424632706,-0.0856652879176,0.216427287422,0.215727011946,-0.174140650519,-0.443178676225,0.581164954824,-0.185906349459,0.577099491094,0.695614749396,0.233925333972,0.0216867257388,0.706143598956,-1.15090674906,-0.393812891838,-0.452012530758,-0.326613337867,-0.224284124905,-0.159492153271,0.653834169347,0.572662778504,1.21620461869,0.713887475704,0.542032662878,-0.544976979284,0.570205292164,0.170114139302,-0.1003560743,-0.688754581592,-1.14323480424,-1.19487608257,-1.19295359973,-1.18816403593,-0.281677701408,-0.2908945537,-0.247196934615,-0.181827910455,0.190162060062,0.164560550702,-0.672894019564,-0.67414609316,-0.715162213582,-0.696058811819,-0.0367913971334,0.0707361559437,0.130610539211,-0.320298107827,-0.538684650149,-0.61746596658,-0.562043499823,0.5520667258,-0.28154412837,-1.05942164462,-1.06221538552,-1.05827728192,-0.827395787782,-1.35100729766,0.252531212044,-0.176316926189,0.0286709573895,0.0770253613575,0.254256132117,0.632262650458,0.628047210451,0.492602618826,0.367556516008,0.242573793926,0.766048194848,-0.397005142841,-1.00787522599,-0.56421870625,-0.56421870625,0.56421870625,-1.20936099757,-1.03601829002,-1.02240237848,-1.02157072339,-1.02147236264,-0.873316362045,-0.440931361026,-0.0196838391692,-0.963565256766,-1.40084674854,-0.680249691296,-1.62170280258,0.862986538229,0.722079627209,0.711281534298,-0.333280634694,-0.601987285796,-0.100321067909,0.5975844792,0.625036223899,1.45171829992,0.591240646173,0.0545244230727,0.52680977385,0.548854455937,0.144077710103,-0.961651209047,-0.779159214072,-0.603398523007,-0.298864603799,1.30237411944,-0.707824377663,-0.731269148397,-0.595850551901,1.51980422548,-0.776137210328,-0.452936546131,-0.178284783598,0.585369292472,0.724039432191,5619608424.35,01030323,0.05089974
180,600859.XSHG,600859,2011-05-31,-0.0628780850515,0.00920980291163,-0.556587666394,0.0544914185913,-0.0453799680881,0.772222731441,-0.792550138514,-0.244327446437,0.214495213698,1.02041982029,0.650977197212,0.841358167941,0.386370417139,-0.257374607101,0.798045494382,-0.356060325514,-0.0880204766417,-0.106947586555,-0.0729046352022,-1.87760878951,-1.55845824772,-0.841768802803,-0.443820566502,-0.403015006292,-0.238932746618,2.25801419049,-0.756927817851,-0.22985646029,0.135516739784,2.8691671367,2.84541361658,2.8533839593,2.88293014759,2.85520899706,2.25296559527,-0.3516137509,0.403015006292,-0.0373929021333,0.0041676942502,0.0364619033807,-0.367943470039,-1.36717156802,0.0885732272687,-0.310185500577,0.0818943684688,-2.28836010579,-0.539189533389,1.35206998458,-0.465239430467,0.353242639705,-0.139284932182,1.67468303106,2.06906865177,-0.659143712386,-0.363270894257,-0.756009577482,2.87555603903,2.92634067033,2.84525749877,2.86040154375,2.82997679109,-0.0299384922215,-0.446627205826,-0.805346799119,0.0224431203669,-0.160677797333,-0.192655210327,-0.159559662361,0.257374607101,-0.151927117772,-0.192626812385,0.746072137787,-0.0903396824634,0.0995151818568,0.0996051506904,0.25813256169,0.157579460504,1.12164297075,-0.0881914788941,-0.0831943202885,0.0814541081338,-0.338557043678,-0.0133465376692,0.267137510912,0.86202610653,0.864362794183,0.392051394702,0.445011476657,0.79405350843,0.315725708854,0.417174153298,0.388962524525,0.498808470082,1.02196677246,-0.0818943684688,0.30524498907,0.00658779034906,-0.141840743549,0.233842584112,-0.194338556607,0.432688720002,-0.180177868524,-0.187238198825,-0.89656696077,-1.0134424501,-0.942169737507,-1.32476694505,-0.804968100136,-1.03705291076,-0.0825302908686,0.85069872243,1.22959045922,-0.0954681936007,0.0675020089881,-0.151055485287,-0.732571473805,-0.305606051548,0.140163379359,-1.38974717705,-0.16651376744,-0.296836620644,-0.0525539198206,0.62452705666,1.10571915344,0.2839283985,0.130952670259,0.517677133205,0.278244682054,0.967190944344,-0.380062780964,-0.394405028603,-0.548402885703,-0.960158933293,-0.0262488037702,1.57224095768,1.27110411511,0.638126093293,0.599014764048,0.802883222928,0.868010200858,2.98171647123,2.72256531955,0.282212710612,0.11601047675,0.872264923756,0.221054466223,-0.013811305949,-0.133278317849,-0.106771587663,0.2129009421,0.754992420846,1.8128447608,1.67888352313,1.47626431305,0.926743185657,0.547015112476,0.929516429705,1.106888524,1.36621030667,0.790175963997,0.477401090883,-0.563070336299,-1.13555883888,-1.13476387856,-1.13328533651,-0.437455480874,-0.418122554142,-0.300361499978,-0.363372333247,0.0902480841695,0.160577147122,-0.891338680165,-0.897352180906,-0.937795469304,-0.890609872021,0.15483218903,-1.2243493717,0.0354611822068,-0.451433743997,-0.653937470578,-0.783117392666,-0.799707684233,0.662168838956,-0.438164542697,-1.09200053865,-1.0987457424,-1.09120127588,0.256996599173,-1.86608101124,0.426777228919,-0.322675161374,-1.99543015759,-3.2301806633,-0.073454608712,-1.70362962029,-0.92027354455,-1.26107536817,0.030764642309,0.242573793926,0.241909956268,0.405960497281,-0.119066372996,-0.034344634523,-0.034344634523,0.034344634523,0.437078299395,-0.724391869345,-0.984953782307,-0.985422419401,-0.988089628579,0.524514331558,0.664482875326,0.172695118991,-0.844321829889,-1.06346850843,-0.346673656193,-0.613682234901,1.87573634145,-1.23174608471,-0.768473144052,-1.74272345739,-1.74720936821,0.22031971919,2.86508988901,2.84902533295,2.18067962704,2.8622755156,-0.786397340389,2.89195082514,2.90780027433,-0.688622700807,0.55680540088,1.06869218489,-0.367359728251,0.73264984751,-0.615176545435,-0.557948994879,-0.110644378829,-1.20038846176,0.772278665009,-0.761142896436,0.525585557993,0.563281695445,0.585369292472,-0.304689658312,17027260507.6,01030323,-0.01962227
221,600241.XSHG,600241,2011-05-31,-0.240742047319,0.387208226953,-0.58137269943,0.249889291102,0.275449058874,-1.01349296099,-0.463527130881,-0.244327446437,0.151584701742,-0.901237063379,-0.0132642376424,-0.788981127842,-0.115911125142,0.343900461582,-0.394122221953,0.293880088625,0.530126360836,-0.0525775844517,-0.090957211538,0.568289006841,-0.152872285846,0.900441547483,-0.405484901427,-0.349535900188,0.779933088618,-0.70793192979,0.0578530385257,-0.349060381394,-0.506539973821,-0.204299104391,-0.161187993513,-0.195613299783,-0.229946443664,-0.16396082694,-0.691489613344,0.069003764877,0.349535900188,-0.111267876356,-0.44148312075,-0.801313923133,-0.118408087665,-0.509050919826,-0.831983445993,0.522177802343,-0.440064365491,1.72454168219,1.42475243523,-0.842046532973,-0.0450762380307,-0.364231541112,-1.84960411205,-1.79430860698,-1.72903285353,0.0755423131049,0.279087156776,-0.275931792846,-0.159599230995,-0.125584822756,-0.211263842716,-0.206747886531,-0.131426720859,-0.0548706415677,1.02783154875,-0.291313521461,-0.346093402654,-0.00523338974889,-0.354217332911,-0.101443411775,-0.343900461582,-0.141435691768,-0.354187843311,-0.575498501372,0.520124430431,-0.404491877005,-0.404394473488,1.47160321941,0.178590803961,1.01025480665,-0.382802076968,-0.104430729229,0.15625514693,-0.470345182948,0.696872904199,-0.501439379851,-0.817980161001,-0.225665119554,-1.57807445875,-0.589185298856,-0.841499471673,-0.607568492711,-0.376432698854,0.654946233609,0.45702117244,-0.464706386895,0.440064365491,-3.46832793203,-0.128308310477,1.5193229821,-0.703926717152,-1.16463261391,0.148967872884,-0.386629795191,0.206859115028,0.251021354725,-0.221707230781,-0.228281010581,-0.0243324540927,-0.23959016463,-0.136062702519,-0.0436933209274,-1.25913982642,-3.27993967368e-17,2.18405669471e-17,0.0,-1.06436536775e-16,0.107988623629,2.0005090111e-16,0.0,0.0,1.80050056506e-16,-1.32426285729e-16,0.0901634808959,0.72670056507,1.27595839047,1.67924319254,1.18550917431,1.16325096991,-0.044030152233,1.56252775634,0.499432502375,2.6272835855,-0.765412128659,-0.230257969625,0.828560725068,0.176428715258,0.276117887272,-1.92307748348,-0.945690154724,-1.90009579718,-1.4070913875,-0.262110998591,-0.167281427686,-0.72018968045,-0.404043061106,-0.633929597519,-0.249457955886,-0.494699140603,0.193645647149,-1.06121606165,-1.80951945564,-0.31084634565,-0.0635409510246,0.480959864643,0.622546498912,0.564267414331,0.122022561529,-0.703160180248,0.57855696547,0.465517612876,0.296102074541,-1.94312013834,0.0119140917524,-0.950020035482,-0.948343825045,-0.948714121644,-0.625027305829,-0.396604833764,-0.480688660189,-0.39159189174,0.321469408383,0.360182011594,-0.724607748635,-0.737603597284,-0.826083658013,-0.726506652463,0.109079288853,1.28711948782,0.10861949789,-0.189720137066,-0.586070383057,-0.362048656006,-0.629466184336,0.46909579239,-0.624422698745,-1.04540667859,-1.05205069766,-1.04272730255,1.06343750229,-1.92439995968,0.31426975646,1.56501869152,-0.166565652226,-0.614334089292,0.0783455988828,1.23805610531,-0.230646295915,-0.462368939114,0.283358547583,0.406389862551,0.766048194848,-0.195743227858,-0.318524829384,0.553888533965,0.553888533965,-0.553888533965,-0.514158314556,1.20316925995,-0.884025503017,-0.882037248581,-0.884538616954,-0.924456509372,0.521848780312,-0.698041034704,1.35184109036,0.478468724663,-2.00547281442,-0.472336177441,-0.657565829745,1.43538445335,1.96381533548,0.616854942267,-1.44194267351,-0.286782715074,-0.201541714394,-0.190168641133,1.52975901616,-0.213846298084,1.49772799009,-0.248621646346,-0.298160265401,2.15342000599,-0.941045500477,-0.534474472131,-0.855074871807,0.0774724049399,0.193020748189,-1.03386308053,-1.5070974285,-0.575920730697,-0.646851835106,3.65271598062,-0.197299421687,-0.239672737162,-0.691764348904,1.57334647819,1243380000.0,01030323,0.10912191
225,600247.XSHG,600247,2011-05-31,-3.06515607241,-0.305748394881,-0.0939337163976,0.189883496386,-0.311513186254,-0.782158903046,-0.195006287874,-0.244327446437,-0.330880087791,-0.463056433361,-0.195255175665,-0.788981127842,-1.01473072712,1.31949659121,-1.24907380549,0.589556930631,-0.615876203027,0.887246737622,-1.3486200296,-0.601735625381,-1.0034957849,0.577877736402,-0.152910689601,0.396167141105,3.38370133422,-0.820100516573,1.98830017538,-0.25469061052,-0.831613117612,-0.851056388106,-0.906026875182,-0.842711593284,-0.861957352717,-0.865209469596,-0.804083636452,5.5865644208,-0.396167141105,-0.711783577644,-1.06151903727,-0.834384021548,0.596678381226,2.1324992305,-1.25435052107,1.63702821374,-0.447468035476,-0.0772016265113,0.882084259691,-0.842046532973,0.244908428229,-0.390569942098,2.49780282753,-1.0789036444,-0.945756054748,0.29180069964,0.0912814976674,-0.0985387096347,-0.853303855818,-0.930956505197,-0.831901760124,-0.859519787567,-0.848693449427,0.956363240425,0.168637015301,-0.31154168285,-0.350976583396,-0.206654382915,-0.394428350087,-0.217840360914,-1.31949659121,-0.177308244502,-0.394398588786,-0.756005710623,-0.303352692069,-0.499800904162,-0.499702094727,1.05934653436,0.10007127754,-0.545481958195,-0.128618911792,-1.77514287471,1.74824319608,0.654059506803,-0.72441858391,0.868068236322,-1.08829258813,-0.675676643575,-0.799514464921,-0.85143560594,-0.501914319024,-0.771141185012,-0.315805222596,-0.330787285516,0.78324700744,-0.425669815594,0.447468035476,-0.44946959515,-2.47206312519,-0.221195698596,-0.875416152078,2.76911983081,-0.930032465396,-0.434482890776,-0.30959300261,1.65865431314,2.65354172359,2.92816914566,2.01418647768,0.804576292834,4.11462116336,0.962749865115,-1.25913982642,-3.27993967368e-17,-0.0298940808245,0.0,-1.06436536775e-16,0.107988623629,2.0005090111e-16,0.0,-0.307630353986,1.80050056506e-16,-1.32426285729e-16,0.0444755763839,-0.0851811454704,-0.2213504545,-3.33682518097,-1.01939177773,-1.4190443769,0.164474582587,0.704280226473,0.533909994426,-0.693396206002,-0.17822780099,-0.00679306053984,0.0522072167338,-0.390171748367,-0.498321928035,-1.16995913389,-1.40190872365,-1.20101785074,-1.12279902254,-0.86400710171,-0.802706515259,-0.717087774164,-0.531681729934,-0.700271417803,0.797490270162,-0.839801302018,-0.811464115566,-0.617630266987,-1.14482055304,-0.560834441031,-0.355026389033,-0.254502855527,-0.439753897844,0.0109554892544,-0.768379944603,-2.12115958889,-0.310308095653,-0.192233496131,0.269083767915,-1.24809225765,2.55324166294,1.11224850079,1.11684704517,1.12235668878,0.783893024456,-0.00852360278287,1.26811290299,-0.154038427297,-1.76033425536,-2.68893642844,1.61750354214,1.76771609059,2.42170714925,1.16293197107,-2.09426453754,0.893920412128,-0.0218026184615,-0.41443278618,-0.393414929182,1.76515468509,3.52790156295,-3.70737075494,0.774386426365,1.16532961481,1.20272271275,1.18184199813,-0.884433826034,0.0571760903504,-1.7204378971,-1.34665665964,0.423435641076,0.44319516661,-0.248154633878,-0.0576141704594,-0.454073521279,-0.502784661135,0.114962610734,0.406389862551,0.503979075558,-0.00211538551226,-0.00577671618361,0.0027929725067,0.0027929725067,-0.0027929725067,-0.634877304984,-0.0555661156792,0.762469181127,0.77651185454,0.801986858657,-1.12901709868,-0.940150693572,-0.619445787039,0.084156115309,-0.15814197465,0.155809300495,-0.276683476851,-0.865255377682,2.94972166699,0.633523182493,1.7756300851,-0.245008298093,0.200682207416,-0.848307939446,-0.842265840055,-0.683719846154,-0.849020525228,1.57443369149,-0.867584968951,-0.872504572182,1.2483108637,0.793483374996,0.0172112052457,1.22406261361,0.127913939162,-0.606345250504,0.257147762287,-0.302945313834,-0.197254127816,-0.509189621935,-0.411564892454,-2.22677414853,-0.73323188381,0.868892960858,0.395699092138,2133039744.0,01030323,0.02839117
234,600327.XSHG,600327,2011-05-31,-0.0958254770409,0.0427004877758,-0.368221415324,0.123617850083,-0.0850366098875,-0.125628265728,-0.742924767528,-0.244327446437,-0.00953862384347,0.000886117151784,1.45438817291,1.48027491899,0.703600864896,-0.168604542416,0.807584921233,-0.4691189987,0.0161615746186,-0.00597472550588,0.0173582464767,0.653271340699,0.841275988071,-0.294256168118,-0.261266597334,-0.0178452645766,-0.337989147266,0.0472496021552,-1.17802681092,-0.13486583566,0.445475153248,-0.514920806547,-0.407416159205,-0.504233219052,-0.512046865772,-0.448378711532,0.0618373038544,-0.335861222369,0.0178452645766,0.109099520075,1.1357332419,1.04509990504,-0.412636374344,0.864909116574,-0.182148801573,-0.155216759547,-0.36510220689,0.887773047459,-0.0482040412338,2.28218459528,-0.359339230146,-0.217388796774,-0.334407528875,0.0731409228937,0.315585182646,-0.659143712386,-0.319288081831,-0.72747782284,-0.521659142063,-0.378424157461,-0.51642272664,-0.516495158462,-0.431789834835,-0.396668181602,-1.43754204077,-0.769650043726,-0.278159741162,-0.157878262768,-0.104334583314,-0.178769558376,0.168604542416,-0.150083764418,-0.104306782146,-0.560456233934,-0.12360267053,0.265902127571,0.265989642006,-0.31198942836,0.153403438416,0.390918126649,-0.0687408158438,-0.0686529530929,0.0623433391311,-0.423955757925,-1.43463802578,-0.464626082878,-0.0186692205668,-0.384240608971,0.161822592917,1.23176239791,1.22373268117,0.941333114952,0.782301426048,-0.657324537737,-0.427634912866,1.04859919961,0.36510220689,0.409375328529,0.413613830134,-0.332292635662,-0.875755064005,-0.0592176827373,0.669586208854,-0.0803699834473,-0.194860922031,-0.834382372245,-1.04122263323,-0.889070576,-1.11388567624,-0.748939656076,-0.959667248703,-0.534255754077,0.366132550047,-0.0249264730835,1.2815881747,1.10606233028,0.386197245791,1.56495945918,0.182528205341,0.216878506952,1.099121516,-0.316241534728,-0.243399631237,-0.023903478028,0.387141899396,0.0564083006504,0.439355869229,0.145593525551,1.80882480661,-0.686809079959,-0.0826694815938,-0.647901816435,1.25105752837,0.261641022285,0.602196295097,-1.27826245315,-0.768089292265,-0.908288178598,0.311117604089,0.159835097974,0.410949147023,-0.956766058021,-0.480463607059,-0.54617087513,-0.146958286246,-0.227197941729,-0.048801097232,-0.666945023489,-0.487678610534,-0.940053039836,-0.00968534167906,0.29765743846,-0.46545712006,-0.2365688366,-0.840070440788,-0.810790222702,-0.580749508175,-0.676776616027,0.0736323244873,-0.697837499989,-0.762044055415,-0.629046875239,0.419044551796,-0.744371732532,-0.140469140015,-0.140334839208,-0.138858861433,-0.656440081817,-0.438113173143,-0.626704187246,-0.424624985708,0.00155063034819,0.0758586422318,-0.785309335612,-0.78874441021,-0.808490057631,-0.784248024414,0.15536000063,-0.87692618857,-1.61473784922,-0.294926225353,-0.350663175076,-0.743452991969,-0.752577053888,0.250311220832,-0.656261698319,0.512547435308,0.508290669614,0.510509897154,-0.309812262507,0.474100408714,0.228534027815,-0.846072744088,0.324287798281,0.362656383108,-0.901392209228,-0.737411473294,0.716438508663,0.61115090529,-0.979610978787,0.406389862551,-1.19947019983,-0.823472200625,-0.488116012612,-1.39450949199,-1.39450949199,1.39450949199,0.259346398992,0.136993860665,-0.356179436067,-0.357711877697,-0.359620247503,0.013112858289,-1.01146774108,-0.765301800889,0.0806830057883,0.231792674729,0.479093516003,0.2767979271,-0.00543765967734,-0.629066599571,-0.717466692358,0.717422215026,0.0834878869571,-0.556088141812,-0.513854736784,-0.495009909345,-1.02378553704,-0.512312257317,-0.229570767286,-0.507054211781,-0.501051463798,-0.360520636726,-0.992699499482,-0.75425494289,-0.680980636007,-0.80571362951,-1.62185496249,0.668024808256,0.209604816081,-0.795148763943,-0.123534405918,-0.692303844456,0.00579007162204,-1.01684422927,-1.33033116959,-0.455615902295,5086690176.75,01030323,-0.02996865
257,600712.XSHG,600712,2011-05-31,0.72168912177,-0.193047351529,0.558738820205,0.15311027743,-0.127992619379,-1.18390141556,-0.521649996898,-0.244327446437,-0.226783557217,0.215188818617,1.57775457907,0.00415690794437,0.148447581322,-0.0352307999078,0.371951095024,-0.45305173492,2.64154926638,1.85037248917,3.73618897165,1.59869980487,0.0337099214818,2.02610009161,-0.222563284208,0.308437371541,1.03464954743,-0.415771889798,-2.03006684365,-0.158458278378,1.15459017746,-0.442736521672,-0.53486364664,-0.464339394445,-0.412843455956,-0.501202540584,-0.388052771212,-0.460718763983,-0.308437371541,0.254071649368,0.314185652511,0.0199268541731,-0.516919817724,0.131038755189,0.796419735012,-0.419790422575,-0.0606262787471,0.140695880514,2.199992686,-0.189603500191,-0.422082297153,-0.0549882942277,-0.124340890839,-0.691707443613,-0.759987238287,-0.659143712386,-0.518493173966,-0.442160276415,-0.467853467386,-0.52546318658,-0.480201647875,-0.408043380641,-0.51456546018,1.25232333411,0.581812563383,-0.719674586176,0.0773070922274,-0.0685339768607,-0.051916650209,-0.189590912737,0.0352307999078,-0.102167783007,-0.0518892032238,-0.259610885183,0.164947155173,0.28851782893,0.288605009757,0.340393699537,0.110644909224,-0.401278193896,0.433578676254,0.747540385795,0.0683194783641,-0.270566078316,0.696872904199,-0.11635640288,2.15690983003,-0.451385185571,0.745303220343,1.27617575636,0.146069594703,1.77160019293,0.572489485737,1.72074355129,2.37638773004,2.11499076888,0.0606262787471,0.48033140055,2.12730514952,-0.321711974989,-0.71036604376,-0.296862176858,0.4653394909,-0.0960931434252,0.00206784106974,4.20256929823,2.5215858537,3.54765936324,2.22506774648,5.01180309218,3.39051246839,1.90055042243,-1.25913982642,-3.27993967368e-17,-0.0298940808245,-0.90796819933,0.671888384016,1.78910881849,-0.47453401974,0.604178180238,1.31554488061,-0.650159187417,-0.241968283306,-0.221706128165,-0.031341212895,-1.0476578623,0.358109691348,0.309280658705,0.517677133205,1.90334209506,-0.184714489038,0.737103732301,-0.716506635173,-0.323174009878,0.968729389601,1.1308954317,0.0870525953869,0.239404491699,1.96805371343,1.79910981773,1.194781999,1.7571140565,-0.445347081455,-0.509086825067,2.07696947525,1.73673093231,1.07435179214,1.63202517595,2.38957478781,2.04740444647,2.19098348396,2.29870302359,-0.53194450515,-0.445307266921,0.135987013997,0.111118051135,-0.589218568253,1.30204058673,2.11306573692,0.501039321683,0.308015623028,0.159665738815,2.06645415073,0.639734926706,0.500548275962,0.485860258004,0.458327203468,0.889436266777,1.39639358299,0.745893715474,1.39449443144,0.173009930771,0.651094211463,2.40217672613,2.336606664,2.18309836256,2.67094902936,1.01386558761,0.466855219761,1.27762841724,0.423394633888,1.33038812072,2.64570499682,1.53749728661,-0.197195505564,0.884945745544,1.2854284305,1.19289829112,1.25627044184,0.715745696246,1.526133294,3.22454389216,0.76291298171,0.427508153264,0.462049868922,1.36535278478,-1.20667923197,-1.61945956736,-1.73866910232,-0.221829262965,-0.412690480575,-0.675331961248,0.292837420929,0.815058342721,1.71311241054,1.71311241054,-1.71311241054,1.51056607533,0.494539317041,0.373608493783,0.365751664527,0.333695553427,1.7518778674,0.521848780312,2.33028444054,0.334220000799,0.991317556999,0.536606625503,1.38896822133,1.13798888427,-0.688118768143,-0.517830164806,-1.22637805696,2.15132294288,0.165827202596,-0.449351422931,-0.471785649559,-0.400767752075,-0.440345901936,-1.76084384332,-0.381220029172,-0.372433134376,-1.93088499861,0.430121800489,-0.44010360592,1.18513947229,-0.406248974523,-0.143282099158,0.815681079449,1.58429151976,2.88522488511,-0.603654258227,1.25658321577,1.51830972459,0.738851242636,0.585369292472,-2.14605130598,2856693312.0,01030323,-0.14585232
268,600785.XSHG,600785,2011-05-31,0.262494101826,-0.135221159726,-0.607810068001,0.0992825155567,-0.0657724943851,-0.361085108864,-0.880584187044,-0.244327446437,0.175572163135,0.823671701821,1.78421488691,1.67855942794,1.76103569075,1.03656934071,-0.120189500075,0.751993048605,0.0369979848706,0.428985291322,0.0293932973672,-1.1670198997,-1.00636628039,-0.44422205052,-0.463406180916,-0.469713666714,-0.79081840737,1.99715701193,-1.33339054626,-0.0758847288634,0.476981915056,1.3906226125,1.38951635186,1.38056425316,1.38247994813,1.34514766423,1.99570040291,0.0113070036325,0.469713666714,-0.0949200352618,0.662955855554,1.02305317276,-0.591407991567,0.142670114637,-0.764302938783,0.35982174664,0.157781985818,-1.71908308381,0.184368033997,-0.508159236824,-0.367065925366,-0.205358534862,-0.12865919175,0.195357594283,0.449396783253,-0.659143712386,-0.194464290193,-0.896187328551,1.39850313667,1.34352650651,1.40910548595,1.38006067971,1.28582592479,0.260293050113,-0.542670852388,-0.871980742519,-0.117302022618,-0.159538918576,-0.00308898649469,-0.172683288259,-1.03656934071,-0.150988632402,-0.00306186943305,0.685903068036,-0.136936278315,0.503366991842,0.503451003398,0.257657063784,0.154664212761,0.97836358955,-0.0243541436129,-0.0711559483199,0.0646005148213,-0.302570095781,-0.0133465376692,1.29367232435,0.219670768945,0.672929320473,0.200486971843,1.75626301207,1.92022875956,1.06847018385,0.805462484394,0.381932420752,-0.743413923455,1.43349249608,-0.157781985818,0.169783397031,0.235209840562,-0.226486028933,0.653415549405,0.268857902067,0.516468445329,0.0317429833516,-0.205260133823,-0.585644018148,-0.75647575611,-0.316779613092,-1.04359191998,-0.529919374755,-0.622486864024,0.0736737478665,0.960402008238,0.581060982537,1.60945873858,0.450895772456,-0.119226808143,-1.26492620218,-0.394259449255,0.0619586376375,-1.74143514455,-0.380787054772,-0.206184585042,-0.116425304724,0.477690876909,0.489473026423,0.365174576381,0.58064031671,0.517677133205,-0.928957890886,1.29293286767,0.108527974444,-0.498690840237,-0.267860072499,-1.37796867832,0.910299424255,1.15266972829,1.1596337329,0.252324242249,0.102785894706,0.37261352544,0.959225371074,1.41738696395,1.39915159541,-0.0384596099452,0.0132707243368,0.186715462154,0.52617973966,-0.225979114669,-0.480599533553,0.0427579910059,0.231865930283,0.568165244789,1.00109535973,1.90205403524,0.767618359262,1.38181401383,-0.47424523975,0.305257725899,1.51841428544,1.65126099066,0.725362121578,-0.0364064833404,-0.701895405414,-1.11119445921,-1.10894618215,-1.10821569421,-0.10690303221,-0.291365420679,0.209070810732,-0.251573798893,0.0799834675259,0.0566097971382,-0.720846412434,-0.717396408691,-0.732357516319,-0.73865585699,-0.0418066675025,-0.863149097721,0.581753485921,-0.435866452584,-0.503387400375,-0.718099495143,-0.385497265048,0.572888328861,-0.10844865796,-1.023527703,-1.02360351178,-1.02220885801,-0.219673879283,-0.820556694519,0.226384203501,-0.648341304047,-0.511121452937,-0.481837953727,-0.182100827663,-1.14801093166,-0.465219343837,0.83938165873,-0.13763129454,0.406389862551,0.110875396623,1.13536143744,0.375975097075,-0.348687951167,-0.348687951167,0.348687951167,-0.441097923556,-0.904837527226,-0.871662063673,-0.871832649134,-0.873436903818,0.013112858289,0.664482875326,-0.458436899111,-0.948515115509,-1.1372170182,-0.724443975439,-1.08458778423,1.43684636754,-0.262028661054,-0.50401907069,-0.232713361935,-0.991060728359,-0.164790198202,1.39090483296,1.36951412826,0.854423432603,1.38795360009,-0.35173169914,1.36389905203,1.37647434982,-0.299425769621,2.00126803737,2.02134995203,0.791636242721,0.887460433918,1.11611408091,-1.04768985275,-0.272283156874,-0.0311722844477,0.463484552211,-0.66440631056,0.257166577326,0.411039570608,0.585369292472,0.0304927313732,5577827119.2,01030323,0.00335534
274,600814.XSHG,600814,2011-05-31,0.144960453533,-0.10395903791,0.210096022172,0.0973019995681,-0.0645487534993,-1.03960393387,-0.728988875676,-0.244327446437,-0.00184453245317,0.408289231534,-1.16485395471,-0.788981127842,0.88865195942,-1.57755601245,3.23403979049,-1.29775873683,-0.150529707398,-0.324427594969,-0.259447924005,0.167278618949,1.45556202451,-1.38562373304,-0.608493471314,-1.09463805265,-1.37100589688,-0.154914711233,-1.95695449761,-0.229235606534,-0.0590588027345,-0.739460331256,-0.721511457898,-0.743165464136,-0.737230362004,-0.740269444255,-0.171451031794,-0.461518892417,1.09463805265,-0.258623674788,0.0739217348589,0.229370810802,-0.379116696115,0.0473385803402,2.22483465035,-0.562983847427,0.155931068321,-0.450740209984,-1.75373259293,-0.479199624402,-0.481428232193,0.889743407316,0.0389894904826,-0.940250023717,-0.793948100046,-0.343643463536,-0.300479017337,-0.574894961056,-0.736297349431,-0.714999105029,-0.742735667922,-0.740464227832,-0.749799833559,-0.0479674661266,0.778003766201,-0.719674586176,-0.237801688563,-0.15668921314,-0.177576078885,-0.175624702926,1.57755601245,-0.149615922458,-0.177547782832,-0.00389233874396,-0.108077236807,0.094668960137,0.0947590004579,-0.0637795210988,0.139061544376,0.676090314383,-0.244559836695,-0.0405709463046,0.0730400990634,-0.338346182655,-0.72441858391,-0.97047786143,-0.36745944912,-0.139948638789,-0.0156820557881,0.385793665381,1.16482505265,0.128896235657,0.366083583417,0.202889951594,-0.866876393761,-0.490244330737,-0.155931068321,-0.244894945947,-0.386844739917,-0.252937680615,-0.755780241942,-0.388081910774,0.288630648402,-0.178127021571,-0.201739041481,-0.438662263454,-0.388388329585,-0.576375513793,-0.138559808028,-0.504451900182,-0.495353276358,-0.210900834677,-1.25913982642,-2.07072499721,-0.816783434139,0.183976063713,0.395017240663,0.220063303286,-0.302632919308,-0.145097726158,-0.0912069893727,-0.310524877488,-0.350750726028,-0.125822649632,0.251930250542,0.233616395334,0.117903600222,-0.000637203216153,-0.127896703498,-1.06796104743,-0.337113583126,-1.05572585435,0.642097719713,-0.0125958198044,0.392025332445,-0.576425750903,-1.0555273074,-1.05115117441,-0.264460887549,-0.0675642322035,-0.00964839548015,-0.194997359735,-0.709631876267,-0.769588043868,-0.216321466782,-0.706340457352,-0.323966081457,-1.40336002559,-0.591890373542,-0.317028868556,-0.866009628465,-0.831114229803,-0.0537580628345,-0.922452379539,-0.942876697975,-0.983940507636,-0.837079726527,-0.645841938444,0.0439729743065,-1.07430975939,-0.84300519643,-0.158384776367,-0.476330778643,-0.353796724648,0.0761761073838,0.0766371024314,0.0765905455474,-0.616186049183,-0.39069390935,-0.604045765779,-0.408802423923,-0.00602877176106,0.0680687908999,-0.58548247525,-0.589955984355,-0.607467415003,-0.584963790429,0.154255234129,0.326498798249,-0.373223813438,-0.243150448018,0.0586520321551,-0.348232924942,-0.640819266846,0.264034550122,-0.61612835629,0.488474575563,0.483284164576,0.487367120628,0.181824589012,0.0786675015315,0.160070391954,-0.158722981533,0.396848579944,0.40063461693,-0.519358358923,0.873253573062,0.207625324186,-0.519261321098,-0.979610978787,0.406389862551,-1.19947019983,0.0835944300064,0.295299129345,-0.0330182914148,-0.0330182914148,0.0330182914148,0.381194357934,0.495000814887,-0.628508736296,-0.628823211885,-0.629931632671,-0.0891674363649,0.0226294477665,-0.561654195604,0.478932897494,0.490336300948,0.407656179992,0.380947653649,-0.260898233705,-0.54591150505,0.130383131914,-0.562934257562,-0.203720546699,-0.0970376254259,-0.740314985774,-0.74445287376,-0.726882029997,-0.740810323196,0.0460015673619,-0.73318131358,-0.733833774985,0.239114170043,-0.392762691727,-0.530727173191,0.000184001836363,-0.455829535812,0.337622052048,0.762251700393,0.181971020303,-0.934657512373,-0.390365773685,-0.61985945759,0.120826777622,0.0869111757947,-1.96889799028,-0.4199394798,2368222450.23,01030323,-0.02752294
295,601933.XSHG,601933,2011-05-31,-0.184361730159,0.190470279556,-0.677208160501,0.202337529251,-0.579605065937,0.481795419091,-0.769776851828,-0.244327446437,0.00720733977072,3.76281045426,0.0,0.11431496847,-2.29294627091e-16,0.682363663881,0.675753169829,1.88375543391,-2.99122697176,-3.38468199908,-2.69052820389,0.0,0.633643480429,0.918272856671,-0.666648708655,-1.48461490503,-0.988931208666,0.432013940538,9.75613100489e-17,-0.267728539391,2.95435239787e-17,1.09627850461,1.39201822004,1.13946772772,1.08153912221,1.26818161091,0.456969422359,-0.0970103830246,1.48461490503,0.170418000966,-0.325226386402,5.73674760734e-16,-0.416360783037,1.59440061323,-0.414196254867,0.272137809041,0.14667648084,0.0900465810603,-0.487506850004,-0.184492980352,-0.350192430376,-0.230079571656,-0.15479001262,1.7905370124,-0.624288923137,-0.521390082606,-0.135567219557,-0.634439492484,1.09592063102,1.40086143378,1.12946647955,1.06800967553,1.27473605823,-0.32541668884,-1.85128909628,-0.788688313269,3.52483269573,-0.147211935733,-0.231430119747,-0.166820803004,-0.682363663881,-0.144015826174,-0.231401459808,1.51967446315,-0.0824450501524,-0.133103460695,-0.133010060469,1.41454347062,0.194948062196,1.31067931561,-0.0739382172955,-0.0266675605992,0.0938816400064,-0.287833253185,1.40709234607,2.03708904812,-0.0884272662774,-0.485671777877,0.270785842617,1.17465950846,-2.40443402609e-16,0.884741614772,0.0,-0.653759870569,-1.65703620372,-2.24761969481,-0.14667648084,0.086847728435,0.0,-0.46984122441,0.0,1.96785830638,1.26357907942,-0.26768067188,-0.17165200154,-0.257761642292,2.67437686094,-0.29907989259,3.34976784676,-0.315992588347,0.21217277674,-0.389768100939,-0.82552589105,-1.93364515155,-0.554486983034,-0.568252206383,0.42991374211,1.73307147867,-0.322994370407,0.204216786864,0.77448646908,-0.249993180612,0.308384995993,-0.237979579103,0.228681188748,0.546219438766,0.637172650156,-6.58081564593e-17,-0.450683621849,-1.46283625648,-0.828622942128,-0.381818579171,-0.456803187365,-0.849959527506,-0.428401075981,-1.11675466199,0.342767605017,0.173426795307,0.264679369012,-0.0464017592557,0.562738440582,-0.493856695862,1.118776195,1.13633385045,0.233144310358,0.071229632614,0.572764547278,-1.39978894237,-0.418458647397,-0.790800417446,0.0385138290953,0.228663834802,-0.520441642437,0.765787480508,-0.287612222676,1.14132881979,0.208566891068,1.06470769817,0.0679829244529,0.400231095998,-0.667589390898,-1.54751883313,0.3500368192,-1.28723991325,-1.35255933589,-1.35094359093,-1.34898698167,-0.470874938449,-0.312639988437,-0.550828440345,-0.265470044232,-0.0119739702526,0.104329335289,-0.761734064577,-0.769301054148,-0.795904300485,-0.752898770403,0.24189815857,-0.328319311955,-0.0535916484904,-0.200452119073,-0.574952811595,-0.660343993259,-0.848612766386,-1.83263778236,-0.470621481774,-1.69843466789,-1.69557101391,-1.6945199669,-0.712543755855,-0.712451952249,0.132196174132,0.0604246319645,-0.13430459946,-0.0772663050083,-0.438978127329,-0.115548461654,1.81385510327,0.928431191158,-0.811215041938,0.242573793926,-1.06843564018,-1.91653260096,-2.12841292246,-0.817550239917,-0.817550239917,0.817550239917,-0.68390679475,-1.25915249868,-1.19252193898,-1.19220032701,-1.19363975876,-0.140307583692,-0.868833646065,-0.594889572566,-1.30392998979,-0.954117269796,-0.106934799749,-0.997548369899,0.585169366998,-0.432273298301,-0.402989971265,-0.932181259035,0.213589449502,-0.766481033229,1.10458810834,1.16364757718,0.671747119168,1.10557308793,-0.169910777311,1.06890414572,1.08602904191,-0.313002406756,-0.891918926836,-0.382356341356,-0.954602394397,-1.1544421062,-0.927394042971,-0.623668838127,-0.470830086816,-0.728716026596,5.01595778845,-0.795322254331,0.0981034776715,-0.900207117502,-0.691764348904,0.0365035939257,18583180000.0,01030323,0.0037674
317,600280.XSHG,600280,2011-05-31,-0.164010870727,0.145455313706,0.515778096277,-0.127811866417,-0.017013519135,0.527695760886,1.43889205685,-0.244327446437,-1.3338275302,-0.451201390302,1.0465653426,0.70916849531,1.02083131265,0.787313494051,-0.846384885132,-0.430910261661,-0.0324567159695,-0.106947586555,0.0293932973672,-1.44776510977,-0.648511175056,-1.42951618643,2.19890047745,1.79503634347,0.213896513487,-0.73532193354,-0.510876653285,-0.350302088906,-0.0100955918164,1.04949943696,1.06273225337,1.05735428468,1.04552910885,1.04565561034,-0.716276499006,-0.515114995441,-1.79503634347,0.661528919544,-0.565490304054,-0.365890960669,0.0938832077868,0.628815326374,-0.0564564310396,-0.507131943871,0.3169608905,-1.43787395246,-0.384141483234,-0.235598178742,0.441855764221,-0.399260150584,0.0554296360783,-0.463976162216,-0.444180250303,-0.171821731768,-0.660511110419,-0.0650449107066,1.03933321054,1.06224846559,1.07002241809,1.03942796399,1.01297214,-0.0250954267288,-0.665593587476,0.662979739375,-0.456683084153,-0.16323651172,-0.361397871692,-0.345567266373,-0.787313494051,-0.14916488919,-0.361368333574,-0.162910594513,0.0523319503041,-0.249412781971,-0.249317666049,0.0127756418687,-0.0735406306374,-1.58541295074,0.0154830026937,-0.14689884223,0.116921311352,-0.455116331299,-0.0133465376692,-1.17943966943,0.0859678479991,-0.271380575963,0.146005346993,-0.713965686904,-0.643985658398,-0.21918025175,-0.0671644491744,-0.872624328199,-0.0278064513373,0.985483995543,-0.3169608905,0.870129042949,-0.318920483757,-0.0254534761471,1.5332309112,0.600876703034,-0.468705776579,-0.42559588731,-0.233025019674,-0.85699494989,-1.02038749588,-0.948069644341,-1.29840678645,-0.723472181504,-0.926501964964,-0.0891130540015,0.551744270584,0.412783654767,0.691421159714,0.790611765403,3.4471189442,0.668362021917,0.378664838276,0.511077297236,1.31554488061,0.694795923398,-0.303993360297,0.406617160643,-1.49725574074,-2.16167953618,0.471147851878,0.281006618323,-1.4190443769,-0.0422594113853,-0.854022791143,0.0515443417487,4.6988446803,-0.782270577448,-0.83988037033,-0.381434637182,1.01032998183,1.07689557332,0.181649130149,-0.0782621734915,0.111324141503,0.489390977598,1.08974347857,1.05095611952,-0.276773877899,-0.134640299349,-1.03193455814,0.475293284362,0.276333653416,0.161847251841,0.586056575856,0.149618292238,-0.160624269772,0.997102408525,0.573699536465,0.799039453439,0.143637430472,0.827469353251,0.175321525107,0.837341208767,0.229788083757,-0.240018055405,0.497578351827,-0.390057003894,-1.19562827792,-1.19512379486,-1.19432264551,-0.749698784314,-0.460907123148,-0.727341994363,-0.442963337824,0.210047661793,0.343738675549,-0.926081216495,-0.942778282288,-1.02763780688,-0.88814986311,0.297703980026,-0.829635924094,0.0476542348206,0.535110921406,2.12288528134,-0.843918664778,-0.976962039732,0.563739442668,-0.749645196751,-1.16076445373,-1.16771206709,-1.160582343,-0.492586967641,0.899313300832,0.457481130026,-0.039451626333,-3.93617301619,-3.94344154716,-0.956039784783,-0.784715739566,0.595658654063,-0.432546319525,-0.895413010362,0.406389862551,-1.06843564018,0.0825534201013,-0.373796449829,-0.262475649134,-0.262475649134,0.262475649134,-0.481176305816,-1.16962191651,-1.03469567871,-1.03500220823,-1.03778616544,0.217673447597,-0.120004647247,2.06234958745,-1.22867928351,-0.862567395594,0.141885073984,-0.516227847915,-0.715543128472,-0.33848455998,-1.02675952333,0.150042676177,2.21009437429,1.5929881065,1.0519997643,1.05644379162,-0.168825511627,1.06017324406,0.0289558559404,1.03839281098,1.04730595964,-0.254170312507,0.139274730909,-1.40318163989,1.84689730635,-0.732090877391,-0.78805583407,-1.35136673882,-0.443007018463,0.560079077945,0.0474539086106,-0.70025579301,0.0199921340912,-0.617822531111,1.57897926546,2.0372336214,3391894128.17,01030323,0.14092256
323,600287.XSHG,600287,2011-05-31,0.159393601081,-0.108540642301,-0.587982041573,0.231677802443,0.611357818829,0.330901481098,0.550393976319,-0.244327446437,-0.110919592751,-0.710416466436,-0.264585056816,-0.172095988897,0.254191063907,0.976223188357,-0.801919687842,0.00427745609615,0.307871318147,0.133833851332,0.691321096346,0.693486195114,-0.310749538201,1.37137099527,0.672960525728,1.01207819455,2.0959681258,-0.755538364878,-0.232487335662,-0.393140998053,-1.46600602429,-0.321024016046,-0.440816627212,-0.325793148501,-0.340680532361,-0.380876838373,-0.793715265978,-0.344912675271,-1.01207819455,-0.0177980156778,-1.10414650653,-0.669033529473,-0.0662663659753,-1.0897522419,-0.628433048368,-0.254397007448,-0.869477224635,1.39268325139,1.47643511862,-0.339512082136,-0.100023847887,-0.354991500207,0.127038625995,-0.055305882504,0.174952383309,0.32883124528,1.51668560233,-0.017905489993,-0.298340155959,-0.448340742695,-0.328733606635,-0.307252339236,-0.395925421721,0.199655340185,0.693767219824,0.0882619775498,-0.437868476002,-0.216237019151,-0.426022720726,-0.272020032332,-0.976223188357,-0.169080389181,-0.425992745944,-0.283248734013,-0.483183892347,-0.788958800111,-0.788855725266,0.0565214492788,0.291952696491,-0.288965646701,0.00452670766686,-0.0133005310138,0.294072963815,-0.405282842903,-0.72441858391,0.00308817938501,-1.02434771289,-0.525672802235,-1.40584222535,-0.90007880806,-0.820708543959,-0.61066939683,-0.263352237518,-0.20408512208,1.05249016384,0.419636125566,0.869477224635,-0.239365901374,-0.961754951398,-0.512163867102,0.55750347414,-0.219049377898,-0.305990121609,-0.471398135941,-0.260133644587,0.341471665306,0.111654966827,0.196512281474,0.0811081803091,0.667051930144,0.162424851132,0.0553845932107,1.15445605479e-15,-3.27993967368e-17,2.18405669471e-17,0.0,-1.06436536775e-16,0.0,2.0005090111e-16,0.0,0.0,1.80050056506e-16,-1.32426285729e-16,0.206598876341,0.132014037078,0.172887778617,0.20268222062,-0.251606358304,-1.4190443769,1.2335593694,-0.170454924679,-0.441036864129,-0.44091476731,-0.180396617645,-0.525890016488,1.23036059577,0.358491181661,0.498260534397,-1.9958354522,-1.22270848168,-2.83638863959,-0.258390377697,-0.364241083169,-0.297635102869,-1.21140915752,-0.668555148834,-0.810396161742,0.66251161562,-0.367553646036,0.478849556561,-1.00463696411,-1.36312423772,-0.604917100811,-0.107739656193,0.665569669352,-0.462484051078,-0.335146765921,-0.261919142821,-0.903713881471,0.694951060353,0.486455839001,0.217896631482,-1.35887967183,1.1453068202,0.440253493221,0.446708745566,0.437258220452,0.234362359745,0.384055951674,0.168702591937,0.823834086522,0.302609063927,0.644065928146,0.810593834623,0.76029952018,0.605728381503,0.980721611911,0.739834427373,0.912665381579,0.239259347323,-0.387725915207,-0.194350011844,0.677918993602,0.386926685229,-0.453837537233,0.236649371313,0.766380529461,0.764540919356,0.788213298792,0.822274809062,-0.185715354836,-0.56530238124,-0.213848818888,0.394452616553,0.397987056657,1.35549400773,1.10985354826,-1.48133163215,-1.27618909393,0.704348389706,0.570205931177,1.55225555272,0.797380221593,0.503683437482,0.655353781743,0.655353781743,-0.655353781743,-0.537544090925,0.806281112178,0.721157247117,0.743287797211,0.749973837502,-0.566475478083,0.914092541598,-0.00411401417465,0.942014166919,0.227554254627,-1.43034171941,-0.139057052481,-1.35517671478,0.533616013584,2.30190335172,-1.10929973942,-0.622097621962,0.162417473863,-0.320041505083,-0.333612598633,1.22413587602,-0.327052655183,2.08864598604,-0.356347385213,-0.404876198146,2.24619369308,0.15533518346,-0.366934124382,0.66940301743,0.199279028924,-1.04505543704,-1.14584286539,-1.40413314834,0.387353960841,-0.625156126725,2.62447837642,-1.38601205035,-0.603089422256,1.22393611316,-1.86774761126,4616934502.18,01030323,-0.12677389
329,600361.XSHG,600361,2011-05-31,0.573964824808,-0.180559367603,-0.720168884429,0.172610770153,-0.187607731316,0.567091263823,0.516403996192,4.48144278911,-0.0448409255166,0.380247495065,-0.465947579277,2.86826648162,0.174883451968,0.801744095699,-0.332506907536,0.141828909435,-0.0324567159695,-0.106947586555,-0.0608695843117,0.733701049529,0.395392354149,0.381733335333,0.0564147422733,0.775327994495,-0.918176636775,-0.54620047908,-1.2237220272,-0.442188444757,-0.868441967564,-0.580541895867,-0.505073469423,-0.573716309522,-0.582725860245,-0.543491580866,-0.597202244352,-0.270213184819,-0.775327994495,0.244874815687,-0.732124956619,-0.272192348493,-0.312077339657,-1.13313037066,-0.710362083412,0.109230082628,0.178142078277,-0.304068280315,0.0293199838433,-0.842046532973,-0.319761130928,-0.263285522365,-0.0574752314513,0.291725837342,0.0945493174347,-0.659143712386,1.14401913765,0.473336894285,-0.582164819279,-0.488726824945,-0.570193352041,-0.586169280588,-0.551409657622,-0.0869770334535,-0.20938474634,0.617763849211,-0.387025947105,-0.154657292892,-0.386529757427,0.105786456672,-0.801744095699,-0.148492541462,-0.386500049496,2.23095882341,-0.111973816252,-0.574109637199,-0.574009731625,-0.309611938827,0.153933057379,0.0424256962578,-0.273080757126,-0.0785905969246,0.157362440665,-0.473086376245,-2.14485746765,0.484309478667,-0.521508466731,-0.672819427549,0.0141949642909,-0.705505999579,-0.0757003009043,-0.553302670621,0.0493220501544,-1.34832801682,0.262330353881,-0.682508565088,-0.178142078277,0.236131931907,-1.12102412821,-0.321711974989,-0.600219667572,-0.386767505386,0.220189609404,-0.469347288987,-0.199467369002,-0.687400617551,-0.812036122378,-0.771072439318,-0.490028589367,-0.647069757787,-0.815951019168,-0.334327643419,0.337536906827,0.081901268703,-0.947931659692,-1.12150396633,-1.54039641655,-0.70455280389,0.64210237374,-0.189041342934,-1.11921797129,-0.2719273052,-0.342639754422,0.844395911235,0.749337809449,0.491464128611,0.457018081812,-0.0435224615312,-1.4190443769,-0.539837589598,-0.714992038642,-0.874878639104,-0.0448597873931,-0.205037290903,0.248957147025,-1.60915646432,-0.803398376658,-0.776598824913,-0.1802235386,-0.353277067802,-0.00805990287313,-0.635285969815,-0.555737856069,-0.581419372689,-0.309852003019,-0.357203287988,-0.832233669259,-1.50846811866,-0.327702900354,-0.401233263101,-0.389721273859,-0.0607791876241,-0.773169180213,-0.436718654894,-1.06685288385,-0.997979719928,-0.479120787242,-1.52826496173,-0.415040778492,-0.967737702828,-1.12735793955,-1.94711798942,-0.0481077945198,-0.780632011778,-0.2165018221,-0.217969467228,-0.213114366575,-0.586979710813,-0.402195414249,-0.615303953339,-0.354954285265,0.00401207805416,0.118646309788,-0.595350059736,-0.603784226515,-0.633562837872,-0.556503710978,0.239814492034,0.0622470548356,-1.44447057879,-0.186586227896,-0.162638083945,-0.519072617294,-0.712495429579,0.262614895368,-0.586191817034,0.681986961475,0.669206391087,0.676254882081,-0.584319779814,0.4146400829,0.459833074576,0.165776727151,0.349154520163,0.361088212792,-1.29325987765,1.18200926614,2.10158515108,0.93477355822,-0.979610978787,0.406389862551,-1.19947019983,-0.30262024478,-0.164382235721,-0.819539754579,-0.819539754579,0.819539754579,0.00202221832791,0.0195426587966,-0.433463253699,-0.435111731149,-0.435140663622,-0.361914888775,-0.690541027299,0.598884789491,0.00659000268028,0.140242800527,0.439137039929,0.105694804911,-0.267337905725,-0.202267582895,-0.351113231449,-0.198190268302,0.150303452832,-0.246181685908,-0.579094612408,-0.569942838325,-0.845905021806,-0.577501219738,0.273277719649,-0.585761866029,-0.580383852977,0.15086602867,-1.48015971413,-2.29853626678,0.347070954723,-1.45051347833,-0.06317600979,0.17947885663,0.086199097948,0.971962049499,-0.112657834708,-0.768345731033,-0.313756333934,-0.873196417934,-0.550002514711,-0.150708969565,5998929341.18,01030323,-0.0090665
361,600631.XSHG,600631,2011-05-31,0.0117846236322,-0.0454923851952,0.223314706457,0.153121401908,-0.128016282877,1.2967326252,-0.635516430325,-0.244327446437,0.349368109834,0.12445214289,-1.09297518087,-0.788981127842,0.59785738231,-1.43324999597,1.92620000758,-1.24798940756,0.00227063445054,0.0794638492281,0.0654984500388,-0.389659176155,1.07282929152,-1.39979733778,-0.491080052478,-0.724490531749,-1.04553486618,1.73629983336,0.339757372786,0.168731650903,0.169578103901,0.00799419285237,-3.39023032983e-05,0.0106286210073,0.00475618308302,-0.00138890879136,1.76743424671,-0.439652882576,0.724490531749,-0.501870541132,1.48837866942,0.449838133568,-0.159376583279,-0.0210811811165,1.311911117,-0.61012949944,0.694548059748,-0.225456346788,-1.5211605177,1.04714230085,-0.478016470026,0.723404819331,0.498871536361,1.58931693955,1.97560371599,-0.659143712386,-0.314633313345,-0.496742763557,0.0067643215649,-0.00521682890271,0.0287457893672,-0.00416274326823,-0.0122052719203,0.196110384908,-1.65196068249,-0.509063729358,-0.346667894506,-0.11756095136,0.138367627501,-0.158915433212,1.43324999597,-0.124478521779,0.138393788755,0.694498649429,0.039465120265,0.879756878749,0.879835338121,0.0731638760108,0.166334577519,0.739872748593,-0.404138777664,-0.0931794833905,0.0576390643025,-0.330099173762,-0.72441858391,-0.846795777355,0.11358040776,-0.0456605099464,0.0932811939119,0.65861858162,0.146069594703,0.33588158563,0.0956441668466,-0.500731075307,-0.0524989453985,-0.510309858041,-0.694548059748,-0.0642794898947,1.47962204154,0.0486111485633,1.72437723788,-0.55921749227,-0.431480309758,0.223838981342,-0.0987944169861,-0.760891494898,-0.937046946481,-0.735672998313,-1.06995207858,-0.631789273044,-0.887809133935,0.0754593556799,0.779989495559,-0.728287888032,-1.99711746411,0.858554963992,-1.56072075256,-1.57313157124,-0.388853754273,-4.00692235306,-1.76848806512,-0.291672071696,-0.519172665857,0.261302119871,0.693662424626,0.336158157989,0.124968485255,0.312926053849,1.16325096991,-0.0807730248234,-0.0586064667378,-0.640719005591,-0.787860085238,0.35829005356,-0.31065469329,-0.595137019391,-0.394861236138,-0.400419539841,0.333958020423,0.00103874765583,0.685723068201,0.445354489903,0.0307253074126,0.0269926641225,0.230693257083,-0.029552242546,0.690534816817,0.172234856767,-0.0267931282172,-0.548031764575,0.3131461253,0.0463424601602,-0.134152311109,-0.329913488369,-0.545463960774,-0.166323525111,-0.401205434527,0.450363153757,0.202156175271,-0.227967654604,-0.360902539912,-0.201112822368,0.101233939828,-0.21704367149,0.206949347771,0.207328804586,0.218650651514,0.103441892373,-0.111990188826,0.0779471520552,0.0227345652982,-0.2819260778,-0.294319068959,-0.247349710977,-0.233391688397,-0.162557273543,-0.269868209452,-0.0506293268472,-0.70099844298,-0.782562008329,-0.364751331227,-0.336483706189,-0.349020222277,-0.0160607834771,-0.0952958420984,0.103457715153,-0.0245184083047,-0.0157573377137,-0.0215226701806,-0.625084013265,-0.146405774722,-0.332202626934,-0.498350141998,0.370355355499,0.417786734329,0.384679016823,0.269517965206,0.452249678541,0.755837840688,-0.0534333261157,0.242573793926,0.110875396623,0.184919394101,0.0144781012465,-0.752559427615,-0.752559427615,0.752559427615,0.0747600468956,-0.482451623453,-0.142884516095,-0.142745701134,-0.141170479288,-0.22554116257,-0.0843461234933,-0.0811511821005,-0.538688192068,-0.385321292115,0.00566981464104,-0.129386006445,0.687272594445,-0.246857995899,-0.195331657542,-0.369304732399,-0.0644256876209,-0.84117934972,0.00942907383869,0.00891027311213,-0.00707631763077,0.00851518602762,-0.397186929598,-0.00375091231745,0.0127450321089,-0.383148365283,0.92409989583,0.955434932019,0.339938374448,-0.328818808768,0.617993364835,0.251514632866,0.126135611025,-0.443055256002,0.599445281965,-0.762836821531,-0.0794223031928,0.333690749119,-0.0531975282158,0.363836385863,15964895777.5,01030323,0.0262069
379,600822.XSHG,600822,2011-05-31,-0.402122602474,-3.34972860778,-0.994456583356,0.201721376696,-0.556197133922,0.914871099053,-0.61546234205,-0.244327446437,-0.338121585571,-0.627887128212,-0.617351805027,-0.788981127842,-0.195218737081,1.60723404226,2.81487841721,0.0577696879502,0.328707728399,-0.347729024442,0.667250994565,0.888110915066,0.352334921688,0.583821506131,0.863703019693,1.35458482915,-0.507800119805,-0.514245474706,-0.515797676577,-0.494961013996,-0.0516078793339,-0.633471242792,-0.616813025001,-0.651791916061,-0.617834524062,-0.639407406661,-0.498702724856,-0.231744509987,-1.35458482915,6.06434963344,0.0119181432067,0.218347444663,-0.516919817724,0.314221263196,-0.960220196497,5.28388865572,-1.50989467836,0.594429188122,0.391098767536,-0.518380276502,-0.422429520518,-0.0534030630987,-0.434034471161,-0.180438786834,-0.45317842735,-0.626556832223,-0.0193879979632,-0.743604466768,-0.635764839596,-0.617194910991,-0.673405432414,-0.603585055459,-0.631838107326,0.261295998378,2.11761108818,-0.517392972283,-0.348678615988,-0.14589745893,-0.410225535406,-0.42168294031,-1.60723404226,-0.144475263788,-0.410195667365,-1.05685105937,-0.107265449423,-0.656495406436,-0.656394285578,0.0170551230284,0.148275976952,-1.11813729142,-0.367612995164,-0.152934730532,0.0809859712968,-0.589458231845,2.11816439231,-0.149197041907,0.562647827022,0.431494566316,-0.295120067116,-0.5786106897,-0.42221576279,-0.251739745005,0.131748169563,1.58619454021,-0.414338954525,-0.977654230344,1.50989467836,0.101591847296,3.717226266,-0.665583446859,0.195206624465,0.0861555531574,5.24894652724,-0.501477224594,-0.180511524207,0.392349965008,0.153325241528,-0.133882501235,-0.0682660517601,0.677238919973,-0.235558553736,0.450880067087,1.15445605479e-15,-3.27993967368e-17,2.18405669471e-17,0.0,-1.06436536775e-16,0.0,2.0005090111e-16,0.0,0.0,1.80050056506e-16,-1.32426285729e-16,0.688308304349,-1.09406806384,-1.3483142926,0.372239461414,6.0553421631,1.80882480661,-0.642983243978,0.542523293275,1.86193191047,-0.131523896784,-0.544812491745,1.01684081479,1.11579510976,-0.586578530305,-0.360513675088,-0.365171738849,0.434811090679,-1.52012836558,-0.446403452627,-0.637611491294,-0.702713074815,-1.00479586888,0.176193671385,-1.04307712237,-0.449426771666,0.482078292958,1.84179819605,-0.519922822452,-0.486575358332,0.408536818235,-0.902713639617,-0.499411841013,-0.703156261797,-0.860228490739,0.420090281624,0.669644028121,-0.81011457282,-0.436512800918,0.580809949228,0.755232222989,-0.464649578344,-0.524753999549,-0.528856466274,-0.543549765417,-0.351445459546,0.0778283837448,-0.23670309168,0.196149662011,0.946321646962,1.37617575529,0.384232047844,0.30165956272,-0.0309323242093,0.5920396788,0.980980681486,1.34296451723,1.44267009369,0.22111215855,-0.263635498262,0.349411974339,0.0649804394814,1.55923290417,-0.350437761127,-0.522549360353,-0.549971722619,-0.523537673302,1.94063916215,0.848594476299,0.984904695184,1.68834890294,0.435446736929,0.444449702862,0.986663430993,0.428850373297,-1.05549189106,0.282724246671,1.79892197923,-1.39558689233,1.68329011236,0.0652032550166,0.615943188323,1.56522515397,1.56522515397,-1.56522515397,0.66311392409,1.12679136639,-0.535917532478,-0.531125757568,-0.535902052819,1.24047639414,1.30633630288,0.626579108227,1.12377356517,1.28376854403,0.451850464134,1.07205548197,-0.912884649986,-1.19704496044,-0.0784481788444,-0.640986469255,0.386784589546,0.749017102093,-0.639146060267,-0.654029933621,-0.650585240376,-0.633957771997,0.423848170539,-0.600727798304,-0.626518688531,0.347727267119,0.582650893738,-0.555542619509,1.55825653746,0.667177639155,0.579278395141,0.477522613282,0.131056697944,0.00868735796082,-0.629047282894,0.519092317351,0.876376500981,0.193726214995,0.868892960858,-0.500679137254,4200890581.58,01030323,-0.03305785
381,600824.XSHG,600824,2011-05-31,-0.359362126819,5.88720947389,0.598394873062,0.203531436969,-0.630976491344,-0.484310577353,-0.444152842208,-0.244327446437,0.194581094805,0.0631250932157,-0.267133949505,1.32605363426,0.3070628052,-0.906751681279,0.0474541980329,0.181409242162,-0.0810750065577,-0.130249016028,-0.0488345334212,0.757602330927,1.23262020754,-0.563783264691,-0.668654061666,-1.50143979234,-1.59742052693,-0.518158332384,0.523944244546,0.12092591171,-0.267046007374,-0.892934791524,-0.856823467667,-0.895548029815,-0.888810973789,-0.886814351441,-0.502914875361,0.423423154806,1.50143979234,-0.588114318204,-0.00745797918457,0.124648832487,-0.133305722434,0.0913096803697,-0.872184649524,-0.193148876608,1.45342423323,0.133837121213,-1.28858844247,-0.509862743437,-0.139629744481,-0.346608340994,-0.0164853751625,-0.0632592450673,0.166244470038,0.234033048443,1.8154457429,0.133436860719,-0.896036666847,-0.851556885202,-0.894034352861,-0.891264997459,-0.8971012553,-0.513820369705,0.0990590263625,-0.407922922411,-0.301570284129,-0.155465043904,0.0493289466104,-0.177528569594,0.906751681279,-0.14913967615,0.0493557094894,1.04261969584,-0.0901164409328,0.85391036291,0.853989203548,0.228176193573,0.181726335698,1.05416300412,-0.270921172036,-0.0240888168324,0.0777628324942,-0.0531683637759,-0.72441858391,-0.0763649795498,-0.245382869126,-0.344239584614,-0.177369458569,0.398483196368,0.949985466278,-0.0494057512108,0.216899119364,-0.55478119997,-1.18360511566,-1.10607360509,-1.45342423323,-0.909301802141,-0.357276692143,0.572353851873,-0.101341311424,-0.428302715642,-0.450317292969,0.204014127457,-0.190809772777,-0.698706906374,-0.777310893461,-0.75927262565,-0.340654357298,-0.611415293386,-0.666707242342,-0.829037617106,-1.25913982642,0.292720617538,-0.0298940808245,-0.0877967306446,0.403837235534,0.332137982944,-0.739953643364,0.275718265009,-0.0912069893727,-0.33708098027,-0.22169085429,-0.173649787131,0.184630334822,0.142025694711,-0.253002864016,0.0938466969278,0.517677133205,-0.9962460431,-1.43287198184,-1.20097825142,0.276375178083,2.03128606071,0.516102165818,-1.23985511257,-1.15345484615,-1.15969512654,-0.135442121288,-0.134513893864,-0.070611211754,-0.446266172271,-0.862231225211,-0.919465322962,-0.462101314625,-0.663934328852,-0.373624030012,-1.34797270255,-0.795596596021,-0.767913986953,-0.689572563577,-0.0894494961297,-0.427021066035,-0.889805608676,-1.092236732,-1.07486112057,-1.00194409604,-0.50315668353,-0.146694276856,-1.1620611437,-0.986490207122,-0.651607584462,-0.0651347024539,-0.560998320342,1.81741031661,1.81695876418,1.81946198108,-0.567278658269,-0.376563397152,-0.656643498578,-0.387482115903,-0.655776758688,-0.460866511207,-0.389616067472,-0.381853172363,-0.270964162625,-0.372490547505,0.349603334703,-0.795716455562,-1.3194917895,-0.203725207896,-0.306581615505,-0.559335175811,-0.706107997443,0.0932027613711,-0.567333598955,1.79155206715,1.79929832896,1.79296025954,-0.192557957631,0.522790117923,-0.413951074585,0.183075583495,0.416942142381,0.441398898794,-0.510173472966,0.665620743465,-0.0272395947042,-0.126547350389,-0.979610978787,0.406389862551,-1.19947019983,-0.00905545154616,0.270924688031,-0.64180977808,-0.64180977808,0.64180977808,0.390709949698,0.387817940098,0.797009847837,0.794785558944,0.795487833272,-0.140307583692,-0.405272837273,-1.4005265214,0.345797032534,0.523395977743,0.537212026656,0.48063382049,-0.400282707033,-0.60939435854,-0.424898528781,0.517788673579,0.0595196495671,-0.303263070614,-0.893736469807,-0.896050601023,-1.16242770332,-0.892106932079,0.125548220662,-0.885058224205,-0.882279653982,0.103347798699,-0.706130559663,-0.682190220596,-0.315331195532,-0.708117564396,-0.0324002850328,0.979041832665,0.308215827043,-1.23360483044,-0.384608011236,-0.594350780291,0.0143113091035,-0.445936261134,-0.691764348904,-0.483758980743,4589409546.15,01030323,-0.03189793
383,600826.XSHG,600826,2011-05-31,-0.274013547836,0.607817899248,-0.207944868361,0.168815169933,-0.17223727535,-0.308679928212,-0.166454704567,-0.244327446437,-0.304629658342,3.25600736345,-0.967569660549,-0.370380497844,-1.06760246841,-1.49140969352,0.0624149385046,1.81262840035,-0.0116203057175,-0.161317588659,0.0113407210315,1.19275740653,1.04125384105,0.0918602577625,-0.74114757304,-2.13117128894,-0.125725431592,-0.644021921042,1.31130797116,0.00420540562858,-0.660880529976,-0.407051862403,-0.300057512042,-0.391238402472,-0.407083612549,-0.334594427957,-0.703154030126,2.7003011298,2.13117128894,-0.720398570827,-0.26322279475,-0.564311551159,-0.650998530642,-0.482686505078,-1.14239780237,0.369650362729,-1.1859841165,1.29613302431,-0.0740453829262,-0.828418480069,-0.448382516368,0.119897688629,5.6009100608,-0.0891076733981,0.137943751905,-0.659143712386,1.55962346673,1.07002271963,-0.415205951469,-0.272218327363,-0.39644437252,-0.409333029793,-0.305849864796,-0.543511252558,-0.408986754103,0.222719756196,-0.727699615307,0.483566348742,0.0888219099087,-0.190738657826,1.49140969352,0.118535961586,0.0888484059378,-0.725921175748,6.37280705001,0.697215860635,0.697297012697,-1.21781294049,0.180414005524,-0.777502117422,-0.416246851406,-1.76298688079,0.0874452588806,0.17601413904,-0.72441858391,2.83956595336,-0.380539082691,-0.485671777877,0.75409057919,-0.132362183292,-0.0549093731912,-0.399807916708,-0.191825439684,-0.62292206466,-0.552047094482,-0.964155602884,1.1859841165,-1.27698326625,-0.226406694454,-0.660293116523,0.515478395226,-1.17225616516,-0.784180395395,0.0645565346098,2.01609479951,-0.693053761963,-0.839816305512,-0.835971414493,-0.964511444175,-0.606321798472,-0.760675546269,-0.633566863266,-1.25913982642,-3.27993967368e-17,2.18405669471e-17,0.0,-1.06436536775e-16,0.107988623629,2.0005090111e-16,0.0,0.0,1.80050056506e-16,-1.32426285729e-16,-0.0482754538463,-0.0864047803017,-0.588708808087,0.382836788964,-0.844294261402,1.16325096991,-0.413672304197,-1.3179042442,-0.36777219352,0.878112977621,-0.211689543668,0.463559425154,-1.03009194478,-0.640921418004,-0.689604039751,0.303496242369,-0.048638601525,0.346632846356,-1.02366735176,-0.387132704101,-0.403625990265,-0.0256984532772,-0.0322703043987,-0.234234068504,-0.409871448301,-0.528884195352,-0.791200088567,-0.250760408789,0.47517566988,-0.496317777256,-0.25698562484,-0.720241286754,-0.366215166791,-0.449761378973,0.169786006257,-0.278042827657,-0.590442039021,-0.733486641451,-0.703796269678,0.381465340893,-0.510233929397,-0.279037897888,-0.279417144094,-0.276189593717,-0.633218215216,-0.365099844646,-0.688279249132,-0.38159790337,0.0986205257417,0.2366284467,-0.672114468736,-0.686830105375,-0.745313419397,-0.652455828927,0.296943048332,0.51617285477,-1.34104736466,-0.198401349508,-0.508162405454,-0.695582823071,-0.866166898177,0.282174583092,-0.633325803344,-0.385708189928,-0.373924186747,-0.382954879717,-0.661872803871,0.469761363,-0.267156660495,0.288099184145,0.336718031332,0.395640910939,-0.229248244984,2.01631548856,1.20843262866,1.51528906595,-0.979610978787,0.406389862551,-1.19947019983,-0.954292445364,-0.692723998855,-0.685579100651,-0.685579100651,0.685579100651,-0.0600710499616,-0.208898775093,-0.336815355586,-0.338134935292,-0.338800277131,-0.140307583692,-1.11844331234,-1.56167805043,-0.234212257421,-0.0182741112857,0.747891627773,0.000801151742691,0.0704208667045,0.156227995102,-0.995277796468,1.15271339562,0.247818062487,-0.804745766782,-0.404724445084,-0.380222472488,-1.27360302534,-0.404373585452,-0.184115536829,-0.4063378336,-0.395223166176,-0.351469545303,-1.27938350907,0.0991077296498,-2.12086625205,-0.58783007932,-0.760759104286,0.389270252349,0.164368670937,-0.0843184743256,-0.412994785206,-0.597773394193,-0.245586434082,-0.596950626899,-0.0531975282158,-0.481975969216,4500872481.6,01030323,-0.0317757
384,600827.XSHG,600827,2011-05-31,0.294020029074,-0.141734185426,-0.630942765501,-0.121418521091,-0.0174915217904,1.63333513169,-0.641974526549,-0.244327446437,0.107683121456,0.608229092369,-0.211568088877,-0.788981127842,0.941523700713,0.564295104939,-0.306025875621,-0.367424975505,-0.0602385963056,0.133833851332,0.00532319558619,-1.34077842161,-0.672431970868,-0.96178723003,1.06320222181,0.905720871176,-1.00308212304,0.549399670893,0.0234058754864,-0.303117203469,0.182776882496,0.245736172194,0.256708443583,0.254901577833,0.234325514275,0.25390842148,0.5548209187,-0.37011672092,-0.905720871176,0.296264470012,3.23222968464,3.22221471736,-0.807423695711,-0.0611295481559,-0.486456646024,-0.124164673749,0.420612270294,-0.390066570013,-0.435824166619,-0.395727800365,-0.330566019801,-0.252820854709,0.0662933930955,0.642071458257,-0.0392622831725,-0.659143712386,-0.285564759128,-0.785781843196,0.24694696511,0.259268337965,0.27404780584,0.226882862473,0.24833122419,0.0800575244821,-1.03509137669,-0.566178537986,-0.327278794503,-0.145691758361,-0.2264037426,-0.144532169794,-0.564295104939,-0.13698138807,-0.226375116623,2.40931713731,-0.119543733609,-0.100795315896,-0.100702392252,-0.624391553017,0.138485056478,0.224991359394,-0.35173284613,-0.119952593051,0.0647799858082,-0.54766089132,0.696872904199,0.0205678743507,0.116486992998,-0.264237535899,-0.247668329343,0.0177972667315,-0.592008339115,0.125020105508,0.117442809996,-0.379967479444,-0.485567302778,0.214967747063,-0.420612270294,1.25347613335,0.455519935911,-0.316421644653,0.747971976963,-0.327093500778,0.10573251142,-0.251957511902,-0.180587246623,-0.478234274333,-0.527289245255,-0.346279147263,-0.692123138637,-0.382208022235,-0.534046107386,0.0250192663095,0.693162724327,-1.22272071064,-1.73482101301,1.29533266921,-1.96145530215,-1.46105689158,2.73167376909,-1.93337948685,-1.71438222397,-0.190110182431,-0.545414044584,-6.64276674156,-5.90050568103,0.612921362046,0.559458914792,0.0088763889878,1.16325096991,-0.326906002658,-0.571505172279,-0.947345219619,-0.317851731975,0.304343017434,-0.593625838788,-0.830176813035,-0.103285437671,-0.0497800082112,0.189791206024,-0.135836548423,0.562420742061,0.227643097848,0.26207045749,0.283744251604,0.153763910284,-0.206946256543,0.518478517884,-0.236459726231,0.127898709332,-0.290503327332,0.256525336589,-0.514519418378,0.00268004122158,0.0768150507872,-0.422557976661,0.452738883572,-0.261748245248,1.07858670388,0.0863434745648,0.16173788996,0.0364584625404,0.0947860668978,0.094108141353,-0.285420198069,-0.689464005298,-0.688942852242,-0.686932558242,-0.323703086607,-0.268226039571,-0.396989541662,-0.266665533362,0.14092608511,0.168842634672,-0.617871671626,-0.622681025026,-0.664643432163,-0.614295080469,0.0706830007352,-0.113695054715,-0.395214854759,-0.356012837364,-0.23040934592,-0.677770992075,-0.633933011671,0.361675249325,-0.323708231694,-0.933487490559,-0.936923066754,-0.930478137365,-0.656069082498,-0.748187934171,0.220210349059,-0.26275553087,0.22889342294,0.260823068672,-0.185245652746,0.402399830394,0.881217911563,0.47269838177,0.030764642309,0.242573793926,0.241909956268,0.0520171295522,-0.270462550736,-1.04767076919,-1.04767076919,1.04767076919,-0.167000496392,-0.709739312727,-0.67840607613,-0.678092796018,-0.678748132605,-0.361914888775,-0.120004647247,0.832135909811,-0.689189604631,-0.717613428107,-0.70870354547,-0.418029534311,1.35406215616,-0.0731751471561,0.438919190606,-0.0450878530567,-0.482146098846,0.157176594515,0.248974126042,0.255728541192,0.786410294427,0.244952793981,-0.255139334418,0.219891153816,0.229139379825,-0.236068129661,0.794145026189,-0.112067832431,1.37514187494,-0.37865957521,0.88230777775,-0.194356095871,-0.255437897804,-0.456341803471,-0.203059012713,-0.637664929305,-0.11776787186,0.183904142425,-0.0531975282158,0.316483374914,7813527115.1,01030323,0.02296073
385,600828.XSHG,600828,2011-05-31,0.391759993269,-0.158516670575,-0.741649246393,0.167580352844,-0.16774459127,-0.662506515056,1.41373947156,-0.244327446437,0.515922558753,-0.932242560612,1.14138415065,-0.304285661528,-0.618192667423,-1.29287959811,1.23962191437,-0.937420955224,0.127289095963,0.0561624197552,0.21593658617,-1.52136588106,-1.60438617568,-0.0277009564088,-0.27590567432,0.154609830388,-0.408743719157,-0.022529693111,0.911299077906,0.183632141041,1.54565721423,-0.246503494343,-0.144371639046,-0.234354995043,-0.270397252321,-0.202599091846,-0.151200308213,-0.440478015023,-0.154609830388,-0.296499614316,0.000292469771944,-0.332820862254,-0.0625419572831,-0.369976351372,0.59083383341,-0.530264067415,0.503903557628,-1.62253285672,0.21020937569,2.51897201449,-0.386600165694,-0.167950293525,-0.511185847287,0.0544505208699,0.290332234158,2.99206808768,-1.64675205775,2.15671041819,-0.233288435017,-0.123723569223,-0.228569939671,-0.250827433182,-0.21764774164,-0.134793269624,-0.785981018354,0.163225163875,-0.0440543114954,-0.161836744438,0.138367627501,-0.162477342269,1.29287959811,-0.152691913313,0.138393788755,0.836325742412,-0.0976051795517,0.958911833506,0.958989125252,-0.75800646478,0.16603930323,1.61110382457,0.370432408202,-0.0582005955811,0.0767449406636,0.0442494287725,-0.0133465376692,-0.73079416531,-1.10427880694,-0.78710806857,-1.52183536213,1.02027021478,0.645051859819,1.19715770481,0.988707328368,-0.759226693401,-0.640370246316,0.335725738657,-0.503903557628,0.144902696452,-0.181686645625,0.196740397984,5.01283966295,-0.16594740023,-0.27226295167,0.266223151718,-0.206900786168,-0.743932061664,-1.04122263323,-0.841871321327,-1.33355366458,-0.580854323899,-0.976249890573,-0.275422573725,0.134247879572,0.300283643506,-1.80039512578,0.281037775983,0.223602557727,-1.57313157124,-0.802659705157,-1.47234391423,-1.93080558858,-0.240424874877,-0.145352297994,-0.267546835033,0.285580208401,0.776191741418,0.909170723931,-0.0777239736912,-0.127896703498,-1.51064625937,-0.430691974233,-2.19140805779,1.16757110299,0.176820243187,-0.486008177189,-1.36722304544,-0.16673144869,-0.0122684953433,-1.37112047941,-1.17600710525,-1.68787318488,-0.989515049736,-0.242599271641,-0.216085529569,-0.836886146278,-1.44792924183,-0.694782066307,-2.52489730295,-0.453007045368,-0.373873320765,-0.412897399656,-1.40646806624,-0.843877542873,0.0916567750797,-0.766761619788,-0.338805276126,-0.385961126388,0.0955408891854,-0.981393131944,-0.00858919380941,-0.416447000882,-0.587992779319,-0.737585053244,-0.929817160678,-1.17139188722,-1.1677468093,-1.16515404255,-0.60896199547,-0.349238317364,-0.617009862317,-0.247082068039,0.251473572002,0.439548537992,-0.651315227227,-0.676180472398,-0.783764503057,-0.568334382293,0.414943476768,0.261643461139,-1.07084060941,-0.120035631044,0.586413943372,-0.556480149852,-0.77601082096,0.389121907906,-0.60833705715,-1.02071929436,-1.01869974954,-1.01707518526,-0.342317354005,-0.97885486539,0.10072054122,-0.17107771672,0.149025891299,0.079351141228,-0.883359382857,1.80956084845,-0.0177902721422,-0.347477634508,-0.979610978787,0.406389862551,-1.19947019983,-0.0395917420953,-0.302732937828,-0.841424415865,-0.841424415865,0.841424415865,-0.72309813032,0.00938970617931,-0.931733365323,-0.927298761124,-0.927626360382,-0.924456509372,-0.0843461234933,-0.161096034046,0.161722227938,-0.195440071547,-1.6567617505,-0.386784616346,-0.0740464924007,0.164380455349,1.28828255944,-0.345288667263,-0.727984698103,-0.142248102693,-0.242280079365,-0.231120358134,0.877094478662,-0.247983070641,1.52613750913,-0.29231592814,-0.321760264252,1.4836392407,-0.814456421686,-0.927024854494,-0.201010173111,-0.563963909623,1.27034952469,-1.08473194621,-1.26028599223,0.407283782046,0.49723422961,-0.72547411327,-0.881838832699,-1.1052428824,0.585369292472,0.977009279911,5015480982.48,01030323,0.06824147
425,600415.XSHG,600415,2011-05-31,-5.29921673221,-0.290963585617,0.0547764818157,-0.994696166877,0.0010958176751,1.4011765167,-0.787451641495,-0.244327446437,2.02713262653,-0.672343539686,0.480201387023,-0.788981127842,-0.486013314191,-0.496135470738,-1.31313913664,-0.636453672705,0.0647798652067,0.250340998696,0.0414283482578,-0.806224366227,-0.602583247099,-0.571327280117,-0.420357936264,-0.233564355491,-0.111574517213,0.105942467332,1.84066947664,1.6364299295,0.326473262364,1.01950867582,1.50303994002,1.1252976135,0.989964207284,1.42030438898,0.135387931899,-0.391582666544,0.233564355491,-0.776180182461,-0.139215611445,0.168742297041,-0.114683678973,-0.242122623796,0.300774516793,-0.683907530534,2.98135662644,-0.360521145331,0.0551613255356,2.95677321403,2.53122701021,-0.422033566701,-0.204569481394,2.51071399251,1.79897820847,-0.482878315141,-0.274735297753,-0.748566511054,1.00478327822,1.67988309473,1.09252563651,0.968629532345,1.55862587528,-1.78715806478,-2.01815102448,-0.797017556194,-0.227748081154,-0.170962825753,1.40573272244,-0.170299640408,0.496135470738,-0.15700054167,1.40575032024,-0.330524431674,-0.183532874166,4.76804210529,4.76806320799,-1.93201079625,0.295669403019,0.26335325823,-0.120973980571,-0.0379216293641,0.0829484765313,1.81803578184,-0.72441858391,-0.838320773735,-0.312234329599,-0.734249572098,0.544951438636,0.210255153381,1.49747989606,0.0924606122539,0.81568059837,-0.743006312818,0.686376453816,-0.0426006579689,-2.98135662644,0.134766114735,-0.172508862128,1.59338760681,1.43697992401,-0.132035741223,-1.09687431669,3.20166875803,-0.234653051617,-0.416049685809,-0.575904565739,-0.29907989259,-0.586682504236,-0.38730151715,-0.4179676143,-2.11008796297,1.68569150445,0.72097696293,1.93732930246,0.596488340862,-0.299844963987,1.06062340072,-1.04168151828,-0.804251977808,0.2875338987,-0.0799124918029,0.829872758692,-0.135907605143,0.217056657851,0.286380603302,1.58033480208,-0.284503826672,0.517677133205,-0.475648233867,-0.393706229176,0.250428393117,-0.966965911313,0.624617093731,0.2255344795,-1.70238453889,1.06550042619,0.717742790539,0.387686253667,-0.323283930591,0.887638128471,-2.04631448754,0.959073340066,1.20465174046,0.434612901779,0.275259963779,1.23100913125,-0.903797265931,0.0771168751652,-0.641723089407,0.718409389229,0.460667206336,-0.557242417073,2.77416659822,-0.372091274613,1.36127647904,2.39076137109,-0.613526923781,-0.211662377252,1.55299727068,0.473485771151,-0.427575698066,0.792361383462,-0.868692689948,-0.879664223514,-0.876550298122,-0.858143179387,1.05791086792,0.296365982474,0.76381590591,-0.16683843166,-0.273996877541,-0.408548346185,0.0244192199771,0.049423243068,0.148404236792,-0.023910991508,-0.305113466134,-0.594081323295,-1.51501609749,-0.347920061342,-0.597523343932,0.100005151574,0.0619528305724,-0.75291147211,1.06070594823,-0.609498123271,-0.592555903572,-0.615310381572,-1.5836440676,-0.830348987664,-0.304346783679,-0.873137353257,0.207655052929,0.339492267305,-0.595757641305,0.389095915108,2.67498390801,2.72257887777,-0.979610978787,0.406389862551,-1.19947019983,-5.22173904961,-5.04373342443,-0.96344798182,-0.96344798182,0.96344798182,-1.0862227889,-2.39686006413,-0.496489876099,-0.497867653383,-0.491445993913,-0.549428762307,-2.54478426247,-0.120026368821,-2.55077630772,-1.75178793298,0.388283343107,-1.41340334948,0.968147597359,0.957083155202,-0.222499782406,0.612351930054,-0.389063971448,-1.66222939987,1.03834087618,1.18920609559,0.715345284665,1.03302022739,-0.118773643046,0.96945814452,1.0043000379,-0.437454913821,-1.72679533321,-1.49285589143,-0.974685730185,-0.595559702983,-0.747467559391,-1.12894347712,-1.06382106061,-0.722072752861,0.587513360281,-0.735209766059,-0.0723212719583,-2.17830431069,-1.33033116959,0.645454617761,31992491319.4,01030323,0.04551255
455,600682.XSHG,600682,2011-05-31,-0.00599157592176,-0.0344840868251,0.403419279849,0.0715273010932,-0.0516582321022,-0.220635560021,-0.868687693999,-0.244327446437,0.0244058969961,-0.788158191116,0.0,1.17183234952,0.359934546493,-0.548610385823,-0.839816755169,-0.81985561049,3.01211750161e-17,-3.36846139421e-17,2.6096856643e-17,0.0,-1.59344509662e-15,0.0,-0.318853651321,0.0758933933137,-9.81916935141e-16,-0.220129005874,9.75613100489e-17,-0.0845766814439,0.0265203746093,0.0,0.0,0.0,3.9051668813e-16,0.0,-0.176473211242,-0.385294157139,-0.0758933933137,-0.582295913222,-0.391105202532,-0.211563834732,0.000772990483275,0.11854074543,0.0646560555477,-0.613648778104,0.50760539262,5.85750192029e-16,-8.96551641689e-16,-0.606962620378,0.397965170316,-0.397651712243,-0.116435339958,-0.235184432478,-0.276698051712,-0.659143712386,-0.203108860238,-0.880060684623,1.92271330134e-16,-3.69413457372e-16,1.88023264156e-16,0.0,-1.91257867088e-16,1.33753303975e-17,0.0,-0.860081824054,-0.353130927841,-0.173185395309,-0.0949998828981,-0.178930615663,0.548610385823,-0.158835490677,-0.0949721448039,-0.042572455012,-0.179433347876,0.314364344769,0.314451144331,-0.475085210335,0.137992932663,-0.250603747864,-0.222431288132,0.0540817942531,0.0990375946052,-0.0137607815089,1.41987150702e-15,-1.19771389598,1.6134789271e-15,3.17214701787e-15,1.95118562347e-15,-0.33750960093,-0.0826306101421,-0.267244265602,0.00163751826542,0.0,-3.29497300987e-17,-2.02520094676e-16,-0.50760539262,-0.125098980198,-0.426672856978,-0.0413244671565,0.0,-0.402803251118,-0.764356713064,-0.072850211284,-0.233883207055,1.96132846467e-16,0.0,0.0,0.0,1.76716104058e-16,3.83550641929e-16,0.0,1.44860762612,1.51414931124,-0.226616419153,-0.0975029018717,-1.07216973229,0.444212662602,-0.727250260156,-1.3196584661,-0.0912069893727,-0.0851831686909,0.0552749702728,-0.0853300252314,0.0543132252932,-0.0759999948157,-0.715752833685,-1.00380252695,0.517677133205,2.45739657474e-16,-1.48418406305e-15,-1.77211599567e-16,0.0,3.23747251984e-16,-1.75705302593e-16,1.8222527277e-16,0.0,0.0,0.0,-1.72757828858e-16,7.83813807448e-17,-1.35477166781e-16,-2.03521958995e-16,-3.48726871163e-16,-4.20417163343e-16,0.0,-1.41988308322e-16,1.40265740124e-16,4.37577775595e-16,-2.49108255738e-16,0.0,0.0,0.0,-6.69142092779e-16,-5.9408132104e-16,3.71110874621e-16,0.0,0.0,1.96002937299e-16,0.0,0.0,0.0,3.33104233069e-16,0.0,2.06154846591e-16,2.05802325386e-16,-2.05454061541e-16,0.0,0.0,-9.61238090491e-17,0.0,4.07249022383e-17,-7.80280085748e-17,-1.51550396828e-16,-1.50836883059e-16,1.5110138205e-16,1.60027594686e-16,0.0,2.18704464304e-16,0.0,-2.52278292539e-17,0.0,-2.66293296867e-16,0.0,1.75125932788e-16,-2.17732917139e-16,2.40493444468e-16,2.40122850839e-16,0.0,0.0,-1.60912182255e-16,0.0,-9.89022908941e-17,0.0,-7.23540276693e-17,2.21679823235e-16,-9.31330085065e-16,0.0,9.58834647512e-16,1.49565637075e-16,5.81991587813e-16,-2.32764136223e-16,0.0,-1.90570887038e-16,-1.8406708216e-16,0.0,7.3626832864e-16,0.0,-1.28091383678e-16,2.69388286249e-16,2.68797182889e-16,-2.68947890309e-16,2.95713380443e-16,0.0,-7.79635380334e-16,-1.60663589871e-16,-2.35279579261e-16,0.0,0.0,-8.99304672752e-17,0.0,1.00822321203e-15,1.66644927971e-15,9.11304418152e-17,3.50514754304e-17,3.84822511259e-16,-1.91081856e-16,-2.42018435835e-16,1.92933787486e-16,1.26163608609e-14,3.95902250989e-16,-1.97094590356e-16,5.02436504786e-15,5.84014221745e-16,0.0,-2.28907095828e-16,0.0,3.16919821217e-15,1.89516060126e-16,0.0,0.0,1.27529185863e-16,0.0,0.0,-1.36308638961e-15,3.54475793545e-16,-0.835344259585,4031118956.25,01030323,-0.056
462,600704.XSHG,600704,2011-05-31,0.0196955422673,-0.0500719818725,-0.794523983536,0.122180998114,-0.0836249132193,1.65055921204,1.21421828821,-0.244327446437,-0.303271877509,-0.527575225398,0.127434638812,-0.414443722054,0.465678029078,1.42881933097,-0.515424114209,0.190422585259,0.835727044533,1.15132960498,0.179831433499,1.3357857095,1.4230297422,-0.173780527834,1.01423818577,1.32454038752,-0.196480003483,2.82211783914,0.822720658662,-0.290079274598,0.577250055675,0.365492758616,0.293223051306,0.370739031308,0.343817499337,0.319590259994,2.81625972239,-0.114588204543,-1.32454038752,0.865754934412,2.93771262429,1.81673553472,-0.431258417805,0.193620030335,-1.03807822359,1.16196364035,-0.958321264458,1.26342201841,-0.720078925235,-0.281592857294,0.012581372163,-0.37181851442,-0.0868702797812,0.611848680516,0.675222000764,0.579157733804,0.583452018579,0.226475191075,0.389541203329,0.22947788337,0.390279151812,0.334507942119,0.301476448787,0.386200705497,0.648186462827,2.26219438098,-0.116727530766,-0.136008780385,-0.248663412822,-0.201654951219,-1.42881933097,-0.1302354992,-0.250070734492,-0.635667571122,-0.0543775013448,-0.158949976534,-0.163702345275,0.202974804521,0.0859356068133,-0.601869327569,-0.408702700823,-0.252985377902,0.0515656282209,-0.550308368606,-0.0133465376692,-0.522362045037,-0.761301748861,0.0229126746662,-0.25645568819,0.034716641382,-0.169259475614,0.958388087609,0.458046609203,0.160411637266,-0.301798164285,-0.150224849873,0.958321264458,0.62316505202,0.556085931488,-0.284679662634,-0.0681279426048,0.116912639233,0.244408587817,-0.277934906648,-0.143849254481,0.567597441758,-0.138366681379,0.757003430714,-0.120986368961,0.0507390454941,0.029763716176,0.095630727527,1.73924334539,1.43946442981,1.93732930246,2.40668927471,1.12784377106,1.78910881849,3.20863625635,1.10096449193,1.31554488061,-0.329458770616,-0.34144696448,1.4599602033,-0.28402180555,-0.66437069121,0.584186012408,-0.00641648819986,1.16325096991,0.416362468177,-0.655725724274,-0.180221021483,-0.96176606475,-0.237842920979,-1.1931195184,0.408049585882,0.498624110347,0.498260534397,-0.363278232831,-0.32460658515,0.28231654569,0.544577680916,0.359525976832,0.415825505615,-0.0299497068142,-0.287080277807,-0.0287141073378,0.819007576447,-0.626980707168,-0.53723363254,-0.730684234108,-0.27627691235,0.186795728376,0.495296427454,0.837671490915,0.405272975347,1.20057612817,-0.719803424609,-0.957383181798,0.541856654602,0.528564938207,0.409469873493,-1.2938473847,0.175603352351,0.13260294855,0.135043296669,0.134407163648,1.23096800011,0.271319976057,0.754356972069,-0.0383015457353,0.591637951492,-0.0734245858527,0.493668955816,0.536289722775,0.555003485662,0.335287685083,-1.3373452627,0.710502886735,0.3137240615,-0.310174918447,-0.282770775146,0.69572807515,0.386983913348,0.101878429313,1.22764966111,-1.14970089756,-1.12324765649,-1.1441392299,-0.156810860605,-0.874455070295,-1.00754145476,-0.520100377695,0.295267239083,0.301615862723,-0.286466590251,-0.199291037773,0.464179904323,0.73628445798,0.199160579158,0.406389862551,0.635013635203,0.730408584366,0.0755858555271,0.636784978228,0.636784978228,-0.636784978228,-1.53087510234,-0.203591549861,-0.357258061793,-0.356749108259,-0.349048449076,-0.805129498942,0.16526354278,-0.517567122434,0.0193247375895,-0.772712889433,-0.709308946623,-1.36653597253,1.24979212083,0.984269837852,0.701594849109,0.30014308328,-0.344821231882,0.447950683643,0.369499461599,0.364578140438,1.16745826088,0.363068416494,0.114184413048,0.313007557455,0.321575482517,0.345464494263,0.362653927018,0.818067280185,-0.380877482015,0.406352585624,1.27730751463,-0.89866797442,-0.71802006823,0.0884066427778,-0.0289046467629,-0.760148518917,-0.326538190156,0.352107135188,-0.0531975282158,0.224809479137,7637260345.12,01030323,0.01667625
467,600821.XSHG,600821,2011-05-31,0.63363356894,-0.186044443501,1.46587102931,0.230338199945,0.672803133295,-0.83016644616,1.11428774663,-0.244327446437,0.0945579067312,-0.175571639161,-0.579628193224,-0.788981127842,-1.173345951,-0.756760882328,-0.99739974627,-0.387019199627,2.21093012117,1.03482245762,0.968127266828,0.569806548517,-0.157656445009,0.90318482582,-0.302075531123,0.120359166928,0.949744061157,-0.807057657645,-0.363245954546,-0.245377804184,0.341800876217,-0.783805366115,-0.837821937195,-0.787377081906,-0.795949986961,-0.815083574254,-0.808295786956,-0.469957746987,-0.120359166928,-0.642356867875,-0.995640221141,-1.81546360786,0.753103546296,-0.118830213651,1.20148502629,-0.662905997316,-0.0985700874214,0.414518655687,0.416940109229,-0.337808575523,-0.344068717179,-0.237770084836,-0.33935487362,-0.671028700948,-0.499185235802,2.54918276183,-3.89880504737,1.85898776105,-0.76682078588,-0.838746469823,-0.778342830097,-0.798454349095,-0.827342764586,0.794051273716,0.432533608263,0.473786935793,-0.384297110808,-0.0997252069529,-0.341292363104,-0.213335842891,0.756760882328,-0.117816676375,-0.341262960837,-0.697985536221,-2.28143501107,-1.38019784993,-1.38008605363,0.0308445623207,0.258746056206,-0.121652304789,0.00114335769142,0.137813571426,0.475939454764,0.459059918688,-0.0133465376692,0.148487460236,-0.470643225067,0.00291216248756,-2.22658154164,-0.785873029169,-1.784021528,-0.689742451876,-0.766083445147,0.768534696413,0.576684797506,0.457578213559,0.0985700874214,0.80562352293,-0.234978397909,0.090933791255,-0.592085781331,-0.314738090133,-0.881953308249,-0.439951815985,-0.0387339207289,2.16743731016,0.451962210218,1.1699969091,0.467723839782,1.15093394702,0.256393155059,0.361576356912,0.132168196428,-3.27993967368e-17,2.18405669471e-17,-1.40783601752,-1.06436536775e-16,0.107988623629,-0.898881075839,0.0,0.0,0.445249644585,0.61350066319,-0.165551262251,0.0286168938367,0.117136917368,0.534731817176,-0.301219297087,1.16325096991,0.813893788492,0.610701835367,0.0360613939295,-0.403071439542,-0.207661741309,-0.16062301212,-0.117835539003,-0.409205551673,-0.331249374269,-1.4591448404,-0.925675279115,-0.69951308479,-0.204469704334,-0.806926993861,-0.752272992436,-0.167841792661,-0.230787574746,0.0111561296665,-0.276907326884,-0.319850991724,0.279112161023,-0.918123600845,-1.6693700086,0.213113942824,-0.473057022155,-0.438443784132,-0.290002300063,-0.12680788801,-0.26897209804,-1.01105248213,-0.133864293405,0.203266330666,0.714180511212,-2.0626085275,0.610726703309,0.831884808791,0.846615453281,0.833199121334,0.352938998973,0.373928452059,0.611248660232,0.647858086681,2.67112441721,1.61938776018,1.84662112654,1.83602117827,1.4472472989,1.50441704145,-1.96258707461,1.43161683416,-0.0701393627519,-0.135991584002,-0.585493621747,2.66122008162,2.0538466326,-0.592963703141,0.348637810726,1.98692114202,1.9390009541,1.99993308228,0.398943293698,-0.708402780153,0.530648654987,0.445384038441,0.417242419777,0.428715048502,0.168622045918,0.522266141022,-0.147882634788,0.0864752165008,0.451754484432,0.406389862551,1.02811731414,0.582932181146,0.489608055878,0.654690610189,0.654690610189,-0.654690610189,-0.110713351891,0.620528229065,0.846626631243,0.870655195351,0.881038777794,-1.45290469842,0.557507304066,0.0766208500325,0.749835440108,0.188560789689,-0.926647960419,-0.0587129777143,-0.0608431397042,1.8560514021,3.45162963861,-0.812100933353,-0.302466401426,0.510083518323,-0.782927250543,-0.792859158631,0.704445743291,-0.788371547195,1.04885758933,-0.810261993805,-0.820766539911,1.58772679206,-0.212929185288,-0.445111107616,0.18276388192,0.344940342965,0.9647331971,0.199621561834,-0.234239369536,0.261131759881,-0.605348562389,0.332272311811,-0.992614919959,0.161804479142,-0.691764348904,-0.499814399273,2901389528.25,01030323,-0.03299857
504,600056.XSHG,600056,2011-05-31,0.155771354463,-0.107414314491,-0.743301581929,0.279876578305,0.1476458878,0.345560272888,3.23050390936,-0.244327446437,-0.37206610641,0.326671819699,0.791166295128,-0.260222437318,0.782908476835,1.55650829101,-0.840598675403,3.05705757436,-0.0602385963056,0.460053863952,-0.151132465991,0.490514995945,0.233687774464,0.229252781122,-0.055985294034,0.462865801527,1.2469132631,0.340713928041,0.571748470805,-0.188259258654,0.07186456559,0.832979180995,0.543547102456,0.861040057892,0.798515366423,0.729205115995,0.350531619219,1.29377536013,-0.462865801527,-0.128347710336,0.407191039989,1.39784762147,-0.483400139495,-1.16724902504,-1.17903687394,2.8450285415,-0.694565521233,0.421377414988,0.623670842767,-0.324180522619,0.202123389617,-0.388042141109,0.554567417407,0.420570310868,0.695975860728,-0.659143712386,0.414170438138,3.38357586781,0.852415045987,0.418764248272,0.884566684294,0.804447274937,0.725723062401,-0.0927176322279,0.657038748033,2.43948826609,-0.358301354508,-0.159523867315,-0.135210900075,-0.206327307888,-1.55650829101,-0.151876691693,-0.135182890279,-0.414331350255,-0.142618790004,0.125361697696,0.125451285264,-0.0233621990352,0.0957124666064,-0.921705881721,-0.120023763131,-0.33356488665,0.0743492142612,-0.36193918821,-0.72441858391,1.58076307197,-0.463376761972,-1.64713009225,-0.375963768506,0.123543358297,0.984637012467,0.276189181331,0.568402240146,-0.615853795286,1.2049188291,1.41707524647,0.694565521233,-0.161959277352,-0.230952294771,-0.617970473831,0.157248488671,-0.593654913431,-0.194941620587,-0.148731548569,-0.207102712611,-0.382130819341,-0.409223466935,0.00181535594895,-0.560322345635,-0.428049476465,-0.09736987149,-0.212509880523,0.248630452452,-3.27993967368e-17,2.18405669471e-17,0.106326693896,-1.06436536775e-16,0.107988623629,0.0753152548612,0.0,0.0,-0.329783119963,0.382099414417,0.162209791857,-0.227122785897,-0.940138344174,0.0437223073747,-0.0252954858133,-0.127896703498,1.31944030052,0.0113545208989,-0.660352021898,-0.869324348066,-0.278485451574,-1.88946909345,-1.02319831955,1.5926540221,1.45999187495,-0.526474782705,-0.684582584089,-0.316615766828,0.610350225058,0.834154749966,0.925961865022,-0.465559710856,-0.565391668146,-0.382194772118,1.23167693891,-0.204566497958,0.0887004249698,-0.308089947524,-0.80356630528,-1.7013789198,2.82409104474,0.838373810824,0.500204791797,1.01990284651,-0.461302216031,-0.358546778147,1.77631630973,-0.543937533284,-1.99899633558,-0.405372827516,2.34086002736,-0.184403696487,-0.183486785914,-0.177327260417,0.433673271983,-0.128384979394,0.433455336274,-0.291865541953,-0.368292513787,-0.466797654117,-0.408460483941,-0.381674121937,-0.269349089582,-0.467418227802,-0.238090565323,-0.589289916216,-1.00813348168,-0.385126948236,-0.311998470944,-0.604425648561,-0.104343340081,-0.222591551722,0.435104351915,-0.239285937554,-0.250180702389,-0.239610608636,-0.781869526538,-2.31521300608,0.387051415518,-0.289441536167,-0.256123385676,-0.569048589116,-0.840941682625,-0.136874048028,0.274673557924,0.145148859022,-0.642819105088,0.406389862551,-0.675331961248,0.371607170413,-0.65702059186,0.00942468804771,0.00942468804772,-0.00942468804771,-1.11815646974,-1.11147318788,-0.194613055317,-0.195266760049,-0.195083623182,-0.634662341186,-0.512248408533,0.431665527393,-1.05270840113,-0.915123804858,-1.42549851019,-1.246763787,0.674514753649,-0.122586145349,0.204660331228,1.1332003427,-2.75518866667,-3.89534914712,0.842426277074,0.85719276614,1.77478070626,0.83747506254,0.574418621429,0.762776725387,0.752189471896,0.52196077701,-0.340496357147,-0.370692526431,-0.103608893963,-1.10535134285,-0.98207670754,-1.85339806088,-1.54533048841,-0.00459918950867,-0.555258900783,0.428418452548,-0.330798808897,-0.87933521329,-0.0531975282158,3.06917965972,6610965379.2,01030323,0.2116651
505,600058.XSHG,600058,2011-05-31,-0.256769031934,0.477792287843,-0.877140760321,0.184409894216,-0.258118193737,2.48308696829,1.27947905005,-0.244327446437,-0.340837147238,-1.04919712003,1.43246769578,0.158378192681,1.76103569075,0.946487403142,0.411672642896,0.0438577888233,0.321762258315,-0.332194738127,0.221954111616,0.231774140181,-1.49435051494,3.48506695364,0.725066281483,1.10401418594,1.68559160883,1.01633402052,1.23538361181,-0.48999418395,-0.957001514268,2.09519904115,1.78856960457,2.00962687697,2.19651949613,1.97841265985,1.02188360736,-0.439777902643,-1.10401418594,1.3202849778,-0.801878997228,0.416768035153,-0.610030035028,-0.370523709463,-0.211663609229,0.0110517194642,-1.35626852616,1.74089718514,3.25948769539,-0.440018972303,-0.287214304854,-0.288536754705,0.00568416967388,2.71233173349,3.20516106994,0.847258884235,1.73346482039,0.413792362858,2.06754006232,1.8005942247,1.86362604213,2.22438405904,2.13160590311,1.43632669241,1.84713607997,0.985440429758,-0.331012991541,-0.1521387152,-0.40878942765,-0.271494476974,-0.946487403142,-0.148439313934,-0.408759569312,-1.0267665245,-0.0302065319812,-0.627418076117,-0.627317384183,0.12546864574,-0.0346347278843,-0.805233610556,-0.159817717736,-0.209108624353,0.121683297111,-0.539835604472,1.40709234607,-0.333263526772,2.84867711666,1.88867473933,0.212789274228,-0.773183498181,-0.366773288889,-0.354069580946,0.332023203496,2.71503379824,3.37453431689,1.44845043462,1.35626852616,-0.248580975663,-1.00050078267,-0.512163867102,0.379913624533,-0.437503553356,1.14858378192,-0.489172142873,-0.1652913186,0.612822597048,0.431127072868,0.113913585797,0.625884791385,0.504060092881,0.322723722537,1.82370599066,-1.25913982642,-2.07072499721,-1.11186694163,-1.03414842528,-0.395330995421,-0.676534133976,2.58968418089,0.22581619172,1.26143903946,-0.266129560623,-0.322600883394,0.304927192574,-0.348262634191,-0.64545522043,0.552394029759,-0.622962465206,-0.7734705402,1.73202291804,0.149494050628,1.53822656843,-1.11342825618,-0.197346193185,3.37430064887,1.88788113581,3.49189656935,3.81177750439,1.56109193265,2.3611407514,0.600756363644,1.01160545377,1.7784512993,1.93281640056,1.65515311742,2.29879328164,0.425441303848,1.21246139218,2.30279118278,2.65820709558,1.78511569795,1.06658950066,1.75761436103,1.69164990219,4.4817753932,3.97591263493,2.36535419086,0.909249598083,2.66953164031,2.31264665396,3.98354673398,1.58826457934,2.25164990266,0.918421072915,2.11678404372,2.11060752512,2.06195141476,5.86027114156,6.70241088411,6.05192134427,6.63438193207,1.57733608792,1.94002596911,3.35745543497,3.23701797349,2.77308624241,3.51671890816,0.896056206408,1.21082017757,0.394938501231,0.497556558782,-0.385936920471,3.55032017156,2.60433575183,1.24848625243,5.86072180011,1.54280313187,1.55552514117,1.54267456532,2.88995152858,1.59727462075,-1.2563882128,0.795194529532,0.40966041552,0.410182126591,1.02297867303,-2.22556253327,-1.07584077005,-0.595140321074,1.3779321371,-1.06795475508,1.29018643343,-0.272083954231,1.56071026574,2.88891557596,2.88891557596,-2.88891557596,3.96139543877,3.44939465207,2.98526088993,2.98017382584,2.93732359632,2.62126037196,1.9838482542,0.947861733784,3.29099390608,3.60048897176,-1.07436584166,3.98601604551,1.97077213011,-1.4228326638,-0.886870167311,1.49644332789,1.48653268732,2.32765836209,2.06544376947,2.00227032714,1.16222648102,2.07330660204,-1.76652574713,2.32823775735,2.25881694908,-1.56431579598,2.15821498796,1.61378816769,1.51071888862,1.93202340834,0.725931413984,0.610327906911,3.36402153143,1.22440645142,-0.58302825883,1.39752123876,2.6147089472,1.62283777395,-0.0531975282158,-0.153256358119,37248897207.2,01030323,-0.00924113
509,600122.XSHG,600122,2011-05-31,-0.0731949329078,0.018907063741,-0.787914641393,0.260107303832,0.21183887241,0.922841817089,-0.877525088832,-0.244327446437,-0.0240216194017,1.52653896631,-1.30708216677,-0.304285661528,-1.01473072712,1.83812366863,-0.862753082024,1.19149149567,-0.664494493615,-0.324427594969,-0.716779857845,1.24625075061,0.9187793665,0.296691706897,-0.392516951952,-0.229358133662,0.511065715431,-0.175131142571,0.566124444186,-0.269591100658,0.552981333742,-0.825825030365,-0.80166624727,-0.809655171815,-0.833905596279,-0.797407826024,-0.508261066386,0.693791553218,0.229358133662,-0.314686822147,0.368438795207,0.278975958424,-0.192896261508,2.10326118577,-1.06861078323,1.04463532842,-0.753794881115,1.40217999504,0.081002667228,-0.760278215549,-0.120920159646,-0.350783854069,0.281613397201,0.617416034311,0.268997846643,-0.659143712386,-0.194179304367,-0.892465795337,-0.826774443501,-0.799109048212,-0.797183718526,-0.840538797486,-0.78606262052,-3.50064547879,-0.58943110343,-0.863651499594,0.619771023424,-0.144472606212,-0.254407843848,-0.151447461105,-1.83812366863,-0.144298772509,-0.25437902865,-0.216632978218,-0.065032210762,-0.188027306853,-0.187933096437,-0.282033060242,0.290354465816,0.0114588622575,-0.477319917771,-0.0779342664092,0.0697405683351,-0.458490107664,-1.43463802578,1.27645747325,-0.940056740995,-1.31426442528,-0.121130361949,-0.178890463581,-0.106886692474,-0.215304121601,0.157634058302,-0.732999292138,-0.449003417342,-0.758757568844,0.753794881115,0.316303078216,-7.90901154001e-05,-0.533325188448,-0.577173656555,0.937890244475,-0.114570492222,-0.296392529231,-0.163272054174,-0.0712078767193,0.576973034321,0.243711536147,0.379856644447,-0.183561720571,1.08552524853,-1.78747260502,0.22523401709,-0.955178667048,-1.99711746411,-0.0780905594176,-1.70299110461,-1.57313157124,0.493265571898,-0.425145182226,-1.93080558858,-0.421938878166,-0.135094304491,0.943488239249,0.683261528561,0.178861085179,0.386369231481,-0.196154859819,0.517677133205,-0.295918037823,-0.358057318279,-0.344148726745,-0.759549809504,0.0172026275151,0.117916817901,-1.29566065017,-0.717608335671,-0.858272828108,-0.489101707687,-1.02962036683,0.176311139048,-1.24244647992,-0.831663234898,-0.766034728325,-0.0607039908395,-0.115463437101,-0.32578054493,0.0368278301643,-0.74831271017,-1.09147931218,-0.278881108285,-0.327427911808,-1.37580457709,-0.433253074602,-0.926689896258,-0.759313110965,-0.0878502116522,-1.37650351779,-0.821797580971,-0.622319552627,-0.837596154681,-1.0280864808,-0.461104072429,0.465685586323,1.24695361013,1.24917530447,1.28628635824,0.346471099367,-0.0759354153598,0.233688118956,-0.32474525241,-3.98368666889,-3.86715032751,0.969705995991,1.10802276427,2.04605869487,0.79792052961,-0.106164886266,-1.17297358624,-1.07323567332,-0.179177988529,-0.249380092149,0.137955387124,1.21910987051,-3.61982537843,0.347771180442,1.48959906142,1.53890173143,1.49075929477,-1.76136974773,0.251472941109,-1.9139220854,-0.567473187223,0.420101310821,0.445325434337,-0.820363045473,0.342066902256,0.194974541953,-0.753470092854,-0.979610978787,0.406389862551,-1.19947019983,-0.452872674414,-0.384095509539,-0.763170172481,-0.763170172481,0.763170172481,0.018392261786,-0.246741598485,0.83049653229,0.828805934412,0.841132415167,-1.26539082488,-2.00990640617,-1.05811106784,-0.29557052562,0.0580174505494,0.481515120613,-0.00738204105765,-0.156425692967,1.45402877548,0.58611139913,2.23493733084,-0.10563135601,-0.683510967406,-0.821910865414,-0.804196986243,-0.792279278244,-0.822768988712,0.619873851887,-0.843715254184,-0.831728833688,0.481230865607,-0.889892876911,-1.53925022809,0.391271045677,-0.998529474443,-1.33791544973,0.392001466614,-0.0593515113225,0.141552832656,-0.193654188763,-0.680423839409,-0.746919239243,-1.51899768942,-0.691764348904,-1.0958048563,7668985592.0,01030323,-0.07385524
510,600128.XSHG,600128,2011-05-31,-0.32898332526,1.69311404949,-0.632595101037,0.152110509801,-0.125899413974,-0.0555409174799,-0.403364866055,-0.244327446437,-0.655842300629,-0.18583081104,-0.271721956346,0.400725925838,-0.27452634902,0.980158806989,-0.917018346244,0.572509955645,0.259253027559,0.755205303943,-0.891288095758,2.45838716434,0.796304891946,1.9241415801,-0.314508719796,0.00198406690019,2.01106263953,-0.835751947287,0.261021000124,-0.328572207454,0.246854823741,0.106507323467,-0.0182964843675,0.11554776459,0.089966690883,0.0680079416162,-0.818502151641,-0.0478524924041,-0.00198406690019,-0.411047116268,-0.313600712967,-0.454077889775,-0.412636374344,2.4850434547,-0.800433134361,-0.107303841374,-0.984234109406,1.56415223392,1.32138706846,-0.779016788292,-0.13111887065,-0.348559532012,0.0767491216802,-0.369596259798,-0.169155322807,0.0,0.0686726221652,-0.24367850499,0.0948709785483,-0.0808211553807,0.123744089166,0.0866748521192,0.112055067844,-0.783489966693,1.1302286555,-0.27822471115,-0.384009864882,-0.125628427311,-0.261588382629,6.35082345651,-0.980158806989,-0.130742561445,-0.261559518914,-0.491691582791,-0.0783252291777,-0.293028777449,-0.292933018141,0.123091156207,-0.645552545046,-1.20872683566,-0.339509594517,-0.194695229846,0.0993907543664,-0.342469687102,0.696872904199,0.674732216248,-0.908084303377,0.115772195496,0.349872072238,-0.426336317845,-0.408355144315,-0.392830882439,-0.186375778897,-0.695146648697,0.713918081807,-1.04952530087,0.984234109406,-0.988551441021,2.64658587141,-0.480421885083,-0.841863871331,-0.152014703118,-0.422779417514,-0.338093083955,-0.162565311625,1.54559142491,1.6395650392,1.9664843317,1.4694098666,0.448031648822,2.09153885528,-1.21456566826,0.132168196428,0.292720617538,1.31437523109,-0.359569525002,0.648496223705,1.78910881849,-0.405160934136,0.493946734764,1.31554488061,-0.301564726778,-0.758446328249,0.198500351461,-0.540373302699,-1.20296383292,0.0189952097588,1.30385114836,-0.7734705402,0.75147517361,0.755079924502,1.99808608046,-0.753483321847,-0.522340635142,-0.803163756372,-0.395878423383,0.903851024205,0.788243151603,-0.463681389404,-0.692362905025,-0.63201979891,-0.334641989053,-0.0225739020843,0.248849122442,-0.361693924631,0.324860286409,-1.95647363807,0.738436121768,-0.280782357726,-0.500379748143,-0.0711714908513,-0.780507916689,-0.157968687857,1.57778801058,0.999807058528,2.89021355102,1.50207466694,0.972499290329,-2.01382098824,1.84295325238,1.65760062023,0.519235858508,0.162140764684,1.3183201526,0.596605505456,0.597691828601,0.584708035618,1.18444764815,0.170523566011,1.76240036754,-0.0320398894653,-0.00946560929614,-0.729836092813,0.57789356578,0.647294454667,0.825095630393,0.337259479576,-1.50563114439,0.571285322152,0.831057865257,-0.434271093988,-0.0986040182971,1.67357136162,1.55903137166,-0.261237708918,1.19013235982,-0.780151679053,-0.734597515798,-0.784613131898,-0.294303783601,-1.1999423794,-0.812293308039,-1.0689200969,0.294885636558,0.278928307769,0.648070597019,0.455641706148,-1.20290497141,-1.07598620515,0.114962610734,0.570205931177,0.635013635203,0.308452569505,-0.130395338677,0.083036730553,0.083036730553,-0.083036730553,-2.50622325813,-0.675242348721,0.321172876536,0.321046250638,0.340480354244,-0.327821457224,-0.155663171,-0.135629110993,-0.312936073223,-1.72211899227,1.02092754761,-1.55623726018,-2.98994213368,2.98934971289,-0.148487453389,0.905047723905,-0.745632544126,0.54759053438,0.110489681438,0.113812070903,-0.21111573216,0.113010855379,0.943742368895,0.085966675726,0.0882827811346,0.454077591338,0.0982852340464,0.844109619934,-0.825584519577,0.0573218117664,0.674638539388,-1.39199355101,-0.748871497763,1.7757981714,-0.596151936831,0.830445652628,-1.81349413068,-0.605544940398,1.57897926546,1.52329947584,3642288300.0,01030323,0.10569106
557,600500.XSHG,600500,2011-05-31,-0.168674634636,0.154979911092,-0.819309016571,0.258679423217,0.218843267756,1.76178279475,0.818914819326,3.77443779324,-0.409631376139,0.0446585838341,-1.65933913645,2.49372907583,2.73916290467,0.384131229814,0.0789916474593,0.0248513914246,-0.296384579162,-0.402099026545,-0.265465449451,1.15064562502,2.65351547873,-1.30972636573,0.0928787445365,0.512138685803,-1.18704400996,0.627656824462,-0.105946736743,-0.332297329989,0.033119763907,-0.475487302135,-0.394949043935,-0.465146961745,-0.476289669968,-0.419450866762,0.638091894064,-0.377067836684,-0.512138685803,0.184081868149,1.41474940434,1.16084524949,-0.587683582875,-0.0758169902819,-0.237616284926,-0.236033347968,-1.00181782562,1.78996369398,-1.54700185939,0.232866139835,-0.354798992043,-0.223881460755,-0.145473363409,1.4582190133,1.8320682789,-0.316981470675,2.85687894513,0.609793112141,-0.477508398348,-0.366996684651,-0.463509467509,-0.486524593984,-0.410579119184,-0.752597353037,-0.333486975474,1.63155170237,-0.488854627862,-0.162649512537,-0.273795298558,-0.223112867895,-0.384131229814,-0.156563515646,-0.273766352361,-0.803281408284,-0.124820351606,-0.230027895091,-0.229933065119,2.41546656407,-6.55630170753,-0.997043104737,-0.403476504903,-0.180417335832,0.0614419811261,-0.529831420389,-0.0133465376692,0.0173897479933,-0.348566645073,-0.748535652225,0.346357128699,-0.045650388208,0.530701757396,0.100988098582,0.381070150582,-0.811566999124,-0.758609304416,-1.35853442135,1.00181782562,-0.730529360946,-0.0722891980032,-0.173582725568,0.665616378768,-0.117577281957,0.389812158218,-0.320319077023,-0.205386337849,-0.760891494898,-0.638409977791,-0.847771228161,-0.815137212106,-0.692911212017,-0.832533661037,-0.479921307368,1.7865561369,-3.27993967368e-17,-0.0298940808245,1.51857460743,0.40268680142,-1.51709423141,2.0005090111e-16,0.0,0.0,-0.268927073741,-1.32426285729e-16,0.459639578254,-0.528748771802,-1.12929305198,-0.0269265429564,-0.0602972066634,-0.7734705402,-0.290605815279,-1.06167769712,-0.633695812766,-0.633886850887,-0.0278322124399,0.355941763556,-0.284923883926,-0.824087293295,-0.913608960565,0.118879405673,-0.132957829677,0.549642201533,-0.769729198959,-0.454948271816,-0.469902196202,0.218902463087,0.030148659745,-0.300142255998,-0.869187961915,-0.799969031415,-0.846508962259,-0.654097540299,0.161106222417,-0.821752352501,-0.745657558864,-0.729137338937,-0.62159512372,-0.405722266569,-0.50397921316,-0.246971127467,-0.704248291471,-0.977300652323,-1.49695707692,-0.004152869192,-0.629374846921,1.61071339741,1.60735151166,1.6118397557,-0.253985495509,-0.221884881047,-0.439857776152,-0.377488127533,-0.73786558157,-0.538561664051,-0.174606906439,-0.166628238239,-0.0365547214896,-0.180809151633,0.351577428601,0.0555247209632,-0.796714658685,-0.19725666788,-0.448108716058,-0.310742293161,-0.461001898486,-0.0571229031531,-0.253770297036,0.897245052613,0.911933434489,0.898725146912,-0.634076592535,0.157508596248,-0.62507484701,-0.373313429301,0.403323311302,0.429941072566,-0.90083063332,0.0358278118772,0.661767428126,-0.198067659809,-0.642819105088,0.406389862551,-0.675331961248,-0.608677156875,-0.409156554834,-1.05231297007,-1.05231297007,1.05231297007,0.0182309805697,-0.0752951486061,1.26599024752,1.26089080546,1.26549000599,-0.310774741448,-0.833175122312,-1.15016944114,-0.125388159106,0.0241100897338,0.727307988584,0.0104721977795,-0.187166014122,-0.00742378298923,-0.0645235688863,-1.12430978013,0.0423643015722,-0.672650349962,-0.473766279257,-0.457672528281,-0.826285847332,-0.473103301246,-0.113091739239,-0.478114132766,-0.465978780973,-0.163659398277,-0.633192762358,-0.401053975181,-0.527266121444,-1.21462985403,-0.698761629775,0.648052803944,0.113075803431,-1.10738262948,-0.287960881446,-0.670684256016,-0.164634678008,-0.151274084031,-1.33033116959,-0.119955193474,14462151084.3,01030323,-0.00695825
565,600515.XSHG,600515,2011-05-31,0.351671288662,-0.152180323748,0.671097636633,0.0723781442548,-0.0520104801693,-1.3275575751,-0.121248030998,-0.244327446437,0.364303699003,-0.552881182699,0.673407452878,-0.788981127842,-1.173345951,-1.62959363658,0.820564797113,-1.77056736491,-0.199147997986,-0.068111870767,-0.115027313319,-0.748557782538,-0.226548336945,-0.911493793859,5.95616330277,2.11410831359,-0.776667492992,-1.12660770139,0.61252266379,0.878988347483,-2.2347284357,-0.803820939311,-0.817701427707,-0.816750996489,-0.793817525852,-0.8303504531,-1.1086545191,-0.55734677431,-2.11410831359,0.698015949495,0.0894226327719,-0.867454119963,3.12555188319,0.62548556465,1.90424277409,-0.667363750291,0.765808383356,-0.72192500081,-0.797602950312,0.0267418396608,-0.474010721823,0.574653728059,-0.572849144159,-1.09679871017,-1.20713858478,-0.659143712386,-0.20842859565,-0.770895710339,-0.810765875235,-0.808966413292,-0.814701510856,-0.791840763701,-0.846959984848,-0.209978247171,0.604320228103,-0.823195176815,4.59985057368,-0.0771734007338,0.511037590262,-0.222577140498,1.62959363658,-0.105159730397,0.511061233423,-0.0339768736191,-0.0874781319342,-2.02151452419,-2.02139326773,0.341344695351,0.136305651011,-0.125349837206,6.79598990092,0.0108759563423,0.0740697777121,0.393130705549,-0.0133465376692,-1.50148980698,0.26908271799,0.452923686508,0.170609951764,0.683997643596,-0.598938648352,0.0,-6.15171071821,-0.976991981712,-0.0900125421452,-0.441357409668,-0.765808383356,-0.597832291193,-0.234372317867,0.180869406975,-0.547349407002,-0.481667574388,-0.762562714663,0.495234394874,0.0811725249403,-0.416049685809,-0.311992825966,-0.316779613092,-0.191280125229,-0.326179578176,-0.279778932054,-0.310821582353,1.15445605479e-15,-3.27993967368e-17,2.18405669471e-17,0.0,-1.06436536775e-16,0.0,2.0005090111e-16,0.0,0.0,1.80050056506e-16,-1.32426285729e-16,-0.259677513687,0.0977522618029,-0.125777549502,-0.811128781632,-0.0434039120956,-0.7734705402,-0.113089045294,-0.458319880178,-0.279024575093,0.214265899686,-0.622288454775,0.560415320594,-0.0502123581501,-0.911532447613,-0.901105122943,0.187945037657,0.260434647685,-0.252864263533,0.43850572545,-0.763274803796,-0.857105616754,-0.727072451051,-0.669282032295,-0.547992371057,-0.00153120993354,0.0937875548995,0.339511582674,0.030425740582,0.139137206515,0.800864104232,-0.854773112249,-0.752815553019,-0.999316787765,-1.15608098945,0.607995757467,0.353277626192,-1.36897090914,-0.837828801638,0.862522581777,0.431495947026,-0.195287503942,-1.02879834896,-1.0260331037,-1.02262321252,-0.59351510789,-0.390250059329,-0.594490781551,-0.370061057332,-0.0315817773192,-0.0160356568092,-0.549090270268,-0.546617284099,-0.543694166264,-0.569306725223,0.0297031358115,-0.0173313425716,-0.747506982065,-0.381330752218,-0.439328926333,-0.652108206899,-0.585097475274,0.349213835372,-0.593093538758,-0.768805293543,-0.77911113932,-0.770389033074,0.447445822313,0.978389917863,0.523280453704,-0.535289074221,0.404430584201,0.435928631953,-0.00837420073706,-0.704289311789,-1.21052097946,-1.35812707861,-0.979610978787,0.406389862551,-1.19947019983,0.364667104379,0.664692070951,-0.660378581595,-0.660378581595,0.660378581595,0.558603695904,0.476310152115,4.05221319398,4.04186640509,4.04281084233,0.524514331558,0.628824351572,1.42640068903,0.451148021328,0.58103849113,0.614097973041,0.672566887989,-0.309033769532,-1.21363344477,-1.19124397846,-1.62264313171,0.493738744749,0.352225706636,-0.80690883524,-0.822161096406,-1.44058399919,-0.80439182703,-0.181274584925,-0.784453282601,-0.78482841284,-0.233805356805,0.241173124204,0.2346877811,0.105735880847,0.361758014252,-0.339087072613,0.992527203098,0.398877389905,-1.00773352346,-0.0499398636907,-0.642391865702,0.0640185277455,0.899687680972,0.159445223073,0.0430107180518,2104386957.92,01030323,0.00421348
587,600774.XSHG,600774,2011-05-31,1.18161126159,-0.216736374412,1.89547826859,0.212661762807,-1.91889751586,-0.757697044246,-0.0672039625953,-0.244327446437,0.531763335145,-0.501357341708,-0.261016607051,-0.788981127842,-1.173345951,-1.67069898673,0.429500424225,-1.6055839978,-1.62991483529,-0.534140460225,-1.44490043672,-0.121813070335,-0.399734898619,0.270859169227,-0.156654015223,0.226716490304,0.058236455326,-0.73532193354,-0.586801012637,-0.170254499738,-1.09154390253,-0.641142792562,-0.618554831961,-0.635037586483,-0.644193502094,-0.619023018636,-0.720812661088,-0.504025715435,-0.226716490304,-0.606733214146,-0.848381690967,-0.602893332643,0.957946024364,-1.18786617983,2.37597082059,-0.680255089974,1.02216045659,0.372310906142,0.416940109229,-0.201528046482,-0.456090680004,0.206692663278,-0.0499437066334,-1.56299831242,-1.49232274443,0.331793688931,-0.358331139946,0.0155883089351,-0.644099253094,-0.583411599654,-0.623657019148,-0.643707473516,-0.616958305788,0.309910376561,-1.35746412288,0.0751731672391,-0.374099880436,-0.149183650937,-0.336265985957,-0.39812958356,1.67069898673,-0.104924408692,-0.336236617652,0.236783940257,0.0927183726665,-0.622571854397,-0.62247123395,-0.277753579083,0.176533257725,0.169066181572,-0.312644355988,-0.0821286653658,0.146243134419,-0.151429600416,-0.72441858391,-1.32801707664,-0.335487011503,0.0714853471002,-0.221306252803,-0.764723810856,-0.737544833107,-0.547876088412,-0.267439483108,-0.315971399063,0.430429255759,0.317849177968,-1.02216045659,0.0942197878657,-0.796078642713,0.175579076638,-0.718499930001,-0.390973602627,-0.832797752062,-0.377742791725,-0.178113647702,-0.302986797583,1.2575875211,0.662604921368,1.15308796339,-0.300712103604,0.588045992449,0.496226510288,0.132168196428,-3.27993967368e-17,-0.0298940808245,0.0,-1.06436536775e-16,0.107988623629,-0.218394172502,0.0,0.0,1.80050056506e-16,2.00357806175,0.169238700244,0.394483708383,0.603961402202,-0.0481211980557,0.0339792319683,-0.127896703498,0.642131926263,1.04428171416,0.0730927742806,-0.00672757926106,-0.145075889263,0.232497975251,0.147404898517,-0.65995522131,-0.740151468439,-0.147347540373,-0.491163805602,-0.0740705956537,-0.626744080966,-0.633349387697,-0.614086317795,-0.412648319409,-0.243117034025,-0.269100542805,-0.970933235604,-0.549754876408,-0.737524958228,-0.297171028031,0.0438170961986,-0.0207030563727,-0.663965293003,-0.511919824158,-0.60688737751,-0.369587610237,-0.535641876738,-0.23425997739,-0.627965754299,-0.425113100028,0.255668656741,-0.0123287853366,-0.0947947300301,-0.308529627446,-0.307128734001,-0.304607080716,-0.369762813923,-0.400928833536,-0.185609697328,-0.407821972461,-0.392005215933,-0.49569885194,-0.567144508518,-0.538365260093,-0.41931908958,-0.641743832426,-0.251009928572,-1.77080370612,0.503587309344,-0.450998215834,-0.416343451298,-0.717857740373,0.104241197717,0.146360944944,-0.367732215032,0.223110421244,0.224457734098,0.223751727275,-0.899899786835,0.257351940416,0.0683629291015,-0.767598739986,0.329749093426,0.366330382133,-0.518247686572,0.28148493531,-0.150965521879,-0.0245566902752,-0.13763129454,0.406389862551,0.110875396623,-0.231137564631,-0.10258787746,-0.845403445189,-0.845403445189,0.845403445189,0.163222794056,-0.135289868618,-0.328355062763,-0.328860949918,-0.329784156883,-0.481241899205,-0.690541027299,-0.715070187904,-0.205269678082,0.113116911875,0.155809300495,0.247040862371,0.0529851509504,0.427527693933,-0.185493617898,-0.839119006631,0.0170006531013,-0.147994127039,-0.639730976967,-0.632096508099,-0.824977902367,-0.641853869245,0.145434883987,-0.648233211026,-0.644138245736,0.114661662978,-0.114819875221,-0.256241689452,0.117378674485,0.109255699072,-0.538549451039,0.454477992923,0.0311207789653,-0.303546507572,-0.628142696773,1.12603327362,-0.283932002749,0.0316620175878,-0.691764348904,0.772841987896,1480399273.28,01030323,0.05424528
591,600778.XSHG,600778,2011-05-31,-0.21273761385,0.27225051255,0.60665655074,-0.0713834886046,-0.0219639228731,-0.00542617304604,0.0901696453945,-0.244327446437,0.681119226839,0.183955339787,2.0141250075,0.136346580575,-0.486013314191,0.285740764029,-0.541592378031,0.0538508431257,0.488453540332,0.607629583947,0.137708755382,-0.331613207047,-0.549957496314,0.248455729478,-0.157523001528,0.124565388757,0.0157837121911,-0.0701361281991,-0.714044614884,-0.232960729069,0.564902811183,-0.240103292057,-0.223544682677,-0.246565412615,-0.252568118723,-0.253538649735,-0.0586950028973,-0.385219145098,-0.124565388757,-0.351324004485,0.128174877554,-0.0572367087952,-0.364219061347,0.878456229342,0.0361589998801,-0.466428791178,0.357681075419,0.613422675417,0.623670842767,-0.300331430037,-0.11887485797,-0.351215865255,-0.374632331853,-0.340831598527,-0.14999791361,0.282913368687,1.66164839232,0.164449637504,-0.218254018979,-0.213729214938,-0.236931907007,-0.25062902562,-0.274507533191,0.863001707998,0.516751915041,0.123958732943,-0.0499428529778,-0.13080606113,-0.157470570297,-0.107480517036,-0.285740764029,-0.136863727218,-0.157442410095,-0.143570536379,-0.00126631173559,0.0332834850192,0.0333744308464,1.29329150443,0.18701315154,1.04260821531,-0.2541915862,-0.107503014723,0.0731023690464,-0.328927723635,0.696872904199,-0.0474969984702,-0.713343092435,0.292919589078,-1.01041107724,0.0368315632133,-0.141538238663,0.0955615163733,-0.0337852768521,0.583088039345,0.507830727527,1.55534497098,-0.357681075419,1.83955485809,0.842069128555,0.196740397984,-0.011190738914,0.649509702384,-0.312089716172,-0.192482950246,-0.135280001075,0.188836766201,-0.256432459698,0.243711536147,0.0723214607756,-0.071504832453,-0.147117797098,0.575496170586,0.76491179277,2.29881325533,0.625847046938,0.00926498162582,0.228971250258,-1.57313157124,-0.195960538327,1.19183095374,1.31554488061,-0.334364554489,0.203419481085,0.341446955712,1.17822181781,1.30682047438,0.3051230536,0.729123484753,1.16325096991,-0.136551361527,-0.518031805932,-0.581181484595,-0.362917068858,-0.407684958025,-0.412574949275,0.443830783517,-0.011426647804,0.0773866808018,-0.644795239967,-0.290995598703,-0.188159664673,0.168505770937,-0.251994231183,-0.223555344842,-0.140035576937,-0.083371474871,0.060530318515,-0.202352821706,-0.0899532654002,0.31733334136,-0.631563458642,-0.790807440298,0.399410002498,-0.305327958619,-0.013607126666,0.0850452283069,-0.00541802689587,0.168027494634,-0.601470979628,0.248548240666,0.52903023212,0.706581906355,-1.19858671035,-0.69153532563,0.250128412558,0.252058761553,0.244226247851,0.0122354778625,-0.138850190982,-0.140030406858,-0.0410368850136,0.278763370706,-0.0292396492778,-0.0890950428387,-0.0683876342792,-0.0614297256283,-0.203583493117,-0.618931707755,0.417740732204,1.09516809419,-0.282030331137,-0.550395255183,-0.0306139561933,-0.125622944364,0.650022903837,0.0109072058749,1.04401507719,1.03429959044,1.04452685445,0.381702202001,-1.00213081103,0.105957292755,0.220220520766,0.296762370285,0.24464851199,-0.0445022508018,0.249096782925,-0.157304594447,-0.424921984653,0.451754484432,0.406389862551,1.02811731414,0.689809198068,0.458710876747,0.110889935825,0.110889935825,-0.110889935825,-0.449484546805,0.51219160966,0.36070479375,0.36290686053,0.366758446109,-0.73694263584,0.807116970339,-0.245276229506,0.624803497363,-0.0182741112857,-1.18757585721,-0.291562009215,0.420957730471,0.395236862259,1.66386864217,-1.2654041628,-0.474594462408,0.282831412618,-0.239702113169,-0.252419123477,0.877530460317,-0.244724708641,0.253391056324,-0.268669086527,-0.277833421069,0.653201602643,0.710066009112,0.768330908022,0.221525944191,0.562345574859,0.999077121829,-0.206987961846,-0.325658022693,0.168125927595,-0.482066396831,-0.0685784925879,0.150651108807,0.0905944530085,-0.691764348904,0.426478250214,3722321656.4,01030323,0.03050116
618,600120.XSHG,600120,2011-05-31,-0.00638973171619,-0.0342250916601,-0.333522369075,-0.32424539197,-0.00782870149211,0.610334699605,-0.287798933622,-0.244327446437,-0.123139620253,-0.457356893429,0.0932794767739,-0.788981127842,1.94608678528,0.543305138905,-0.971909146651,0.363047699777,0.328707728399,0.141600994489,0.0414283482578,0.0386669619054,-0.0600595980985,0.0438528868716,-0.339575632442,-0.11458836663,0.199745599109,-0.611414773721,-1.54358854114,-0.0113159382652,0.0669682444982,-0.635742282313,-0.644323018561,-0.636717326466,-0.638510603161,-0.648111454698,-0.571767335535,0.81997430755,0.11458836663,-0.53794465202,1.70539124021,1.71201355641,-0.602581217644,0.648428991325,-1.0971078389,0.496502920702,-0.306798305756,0.0694703031572,-0.358300141542,-0.763685228775,0.374217432973,-0.396714497893,-0.215671254996,-0.158434483742,0.062039774554,-0.639887828653,0.316895276314,-0.0737284882065,-0.628805063129,-0.651862057804,-0.63448523761,-0.636190031452,-0.656978727146,-0.186085188369,0.687073287124,0.448799207018,1.0513580272,-0.138938759213,0.0356859229255,-0.185327132975,-0.543305138905,-0.128117603857,0.035712777989,-0.158612803816,-0.0537077767528,0.600291426239,0.600374008047,-0.467477243828,0.112561848657,-0.33010069485,-0.518855937683,0.0024302294025,0.0604543347159,-0.397621559073,-0.72441858391,-0.392588552111,-0.0971470219912,-0.164234975006,-0.298635010654,0.231404371694,0.295071243314,-0.0571580115094,0.267308481647,0.454317300315,-0.971819493521,0.048971112092,0.306798305756,-0.0292622075988,1.55499242394,-0.554486509793,0.967586905485,1.41344211379,-0.61473724642,0.0980537015193,-0.157327844521,-0.399090252575,-0.818981168162,-0.588175327461,-0.832710651173,-0.565573839156,-0.661179695052,-0.0554563455338,-1.25913982642,-3.27993967368e-17,2.18405669471e-17,0.892526563287,-1.06436536775e-16,0.107988623629,-0.055772848456,0.0,0.0,-0.40345096539,-0.452137871109,0.899404759477,0.167499447185,-0.397562998091,-0.288327289181,-0.00422332364194,1.16325096991,-0.200298032045,0.111617082799,-0.386128265677,0.463569654367,1.93339770563,0.159064747336,0.250809277005,-0.614163752488,-0.627616929835,-0.577055062195,-0.357361736293,-0.469499355294,-0.136592194725,-0.61821433702,-0.647136078664,-0.486749414029,-0.866979405658,-0.428189822496,0.372116813696,-0.494440489495,-0.276122178759,-0.604514222419,-0.573444577482,-0.250830194383,-0.673633759759,-0.485532661854,-0.546050790911,-0.517513859595,-0.085377811983,-0.0026345759776,-0.457285782925,-0.349735485979,0.151606327475,-0.497258123637,0.114478881621,0.551413896475,0.550836743746,0.549814079561,-0.458650599072,-0.324607857489,-0.415229645349,-0.304370809374,0.0496968665306,-0.0244561126569,-0.347503781521,-0.340845590478,-0.335523364558,-0.417777355743,-0.15053876744,0.805754417878,-0.402400046478,-0.308822414142,-0.644589055675,0.130751770395,-0.319699024926,0.185322580975,-0.458150642678,0.662672488583,0.651590907814,0.662611858213,0.00440716514494,-0.172150175387,0.293726990788,0.502157916182,0.377017760229,0.372713038975,-0.00519193725986,0.975031801824,-0.615614980637,-1.14102920353,0.451754484432,0.406389862551,1.02811731414,0.155077110156,0.23968420691,0.814514954727,0.814514954727,-0.814514954727,0.299666703076,0.426814508105,0.603268573499,0.602118181803,0.602316889187,-0.361914888775,-0.0843461234933,-0.808500110264,0.40947070708,0.47338262054,0.0886097725522,0.311762478156,-0.22331322971,0.477115919523,0.510699041395,-0.0841139589035,-0.205198040785,-0.304778505606,-0.635560737532,-0.638679762841,-0.434338339508,-0.638117614151,0.367029132467,-0.64074467306,-0.647533450084,0.578530098403,-0.303082242505,-0.590783884213,0.210488807777,0.136267289883,-0.806432063925,0.452429582224,-0.0300142623798,-0.536061088288,-0.623074142797,1.43735061742,0.0668589402394,-0.468035924417,-0.0531975282158,0.257757338218,4271250686.3,01030323,0.01893491
631,600306.XSHG,600306,2011-05-31,2.2430072095,-0.239620303797,0.320802503064,0.221393760551,2.08809124443,-0.413032202271,0.381123875285,-0.244327446437,0.550319673204,-0.0843790002398,0.542394368644,-0.788981127842,-1.173345951,0.134000801242,-1.08997910194,-0.474997265937,-0.400566630423,-0.200153304447,-0.36776338202,0.563356996394,0.450888600431,0.028307642964,0.378875506559,0.877479096042,1.36012057813,-0.826621946037,1.36543922736,-0.318017693607,-2.64346480511,0.529137998749,0.146552348878,0.503901495254,0.516447920518,0.318744479189,-0.809753839054,-0.470057763041,-0.877479096042,-0.500218864879,-1.11577217997,-1.19264342104,0.600402789918,0.099291985873,0.374561535933,-0.61426385924,-0.177234081015,-0.301957892838,0.158526692305,0.592306035179,0.498309309122,-0.401122083093,-1.48050839242,-0.46755517537,-0.507312621522,0.460659987757,-0.764530936784,0.036676997149,0.559000395188,0.0586792770259,0.512734341826,0.517428691477,0.263049522817,0.148459800853,0.990178937291,-0.255616766068,-0.213816653744,-0.125462863439,-0.43607547502,3.23957472835,-0.134000801242,-0.126562799736,-0.436045432313,-0.508882745577,0.201984954575,-0.675880293315,-0.675778886508,-2.5377951293,0.268799442715,0.0609133583475,0.283588293088,-0.0525759136377,-6.99447577149,0.123228596324,-0.72441858391,-0.67809023655,-0.448843835782,0.8886491304,-0.279302821191,-0.914883260879,-1.03554813033,-0.801375000176,-0.455452780271,0.455469901476,1.79041585174,1.36563453102,0.177234081015,0.183606008463,-0.546590122475,-0.00958248513774,-0.718499930001,0.390834722058,-0.804362877406,-0.468663673336,-0.057601422705,-0.212536487002,0.139435149961,-0.0335840850556,-0.252787161963,-0.209029195144,0.184535040291,-0.108591503414,1.06490608619,0.362678607735,1.87175518969,-1.06326693896,3.12768173864,1.67703413884,-0.595981967006,2.98160232856,1.20733319831,6.40634466126,0.918854888375,-0.0531651292455,0.24520025897,0.670663325482,0.517069604593,-0.99372582493,-0.7734705402,1.81303431182,-0.669539677247,0.772219696427,-0.121124203657,-0.71893748605,-1.51913772854,0.361435548595,0.90909221642,0.809260240373,-0.214685348116,0.193368281211,0.19004277514,2.2089494699,0.48814526441,0.532760997517,-0.0958263861017,0.359221319286,0.228961687119,1.62874230619,-0.20219552947,-0.0614847633689,-0.492744343577,-0.439088612465,0.664730589248,0.250194516972,0.538115327731,0.407278577103,1.509414519,-0.946575789064,-0.625480929775,0.60131821596,0.941920418949,0.820076662194,-1.38610772284,1.95339304341,-0.288662140279,-0.288169311392,-0.289664590377,-0.319233659436,-0.286715930891,-0.408768565826,-0.268824932594,-0.1310741055,-0.0234439858474,-0.601283881469,-0.603680903617,-0.599064568953,-0.575748497426,0.213328519175,-0.109987100714,-0.403924178055,-0.320755412398,0.292268387227,-0.666392327512,-0.687797651672,0.220025252743,-0.319264179563,-0.0191249775584,-0.0219978752228,-0.0207559213098,0.901028969593,-1.37621724384,0.162477460203,-0.633183229893,0.0616013785185,-0.186032154189,0.348313856931,-0.157413196061,-0.704398480461,-0.778623650733,0.199160579158,0.406389862551,0.635013635203,2.35264901979,1.50372213534,1.26082941064,1.26082941064,-1.26082941064,-1.27193810951,0.739363924473,-0.34468610078,-0.345799260956,-0.346578668026,-0.396008320327,1.23501925538,-0.630955826799,1.08093854775,-0.381082872013,-1.27112121627,-1.2385805942,0.527030063943,0.265719080768,0.434113686625,0.397708347897,-1.82921028997,-0.961151286602,0.527697765349,0.476934506099,1.37411356534,0.522348012278,-0.181274584925,0.494337155349,0.488528553844,0.187070394362,0.981289572824,2.51943537567,-1.38558549701,1.24495935489,-0.262549183217,-0.620425521188,-0.291778231978,0.0884066427778,-0.480616187336,0.0410714912122,-0.336479633884,0.466288728815,0.585369292472,-1.10155766867,3382858052.82,01030323,-0.07424961
647,600628.XSHG,600628,2011-05-31,0.38230743482,-0.157083162453,0.71075368949,0.244334587897,0.330125260772,0.323113997959,-0.870727092807,-0.244327446437,0.400511187899,-0.799557270982,-0.457791122671,1.5243381432,0.862216088774,-1.03662709611,-0.345017631275,-1.17921368089,-0.150529707398,-0.138016159186,-0.175202567772,0.776950987296,1.25845466702,-0.576585230262,-0.306219927347,0.0825031704726,-1.27194949623,-0.220129005874,0.845216765137,0.209087145027,-0.00647657187897,-0.428414846606,-0.351002726517,-0.426620617765,-0.427418937553,-0.398584704861,-0.220862797331,-0.484960155111,-0.0825031704726,-0.549131004825,0.380064468641,0.179765663179,0.525914616075,-0.463574585044,1.70730776439,-0.657826822163,0.998098529142,0.222473395257,-1.00433368385,-0.45535053182,-0.403961821623,-0.1225766228,-0.0889614254982,0.189127460276,0.442575584524,-0.659143712386,-0.19987902088,-0.883782217837,-0.428779139167,-0.354799755074,-0.428780841142,-0.431400359725,-0.398477167715,-0.0258965805976,-0.014178481849,-0.858891932208,-0.285197266348,-0.155018523158,0.0500470004885,-0.168529705589,1.03662709611,-0.148304844388,0.0500737585157,-0.246717513093,-0.120720825316,0.729524005434,0.729604680914,-0.160305596145,0.168068728105,0.161671116737,-0.338818527288,-0.0783073632542,0.0677846236881,-0.198685898533,-0.72441858391,-0.801772320625,-0.460470176734,-0.0328030378315,0.0844938350652,-0.00758179524434,0.385165263404,0.05835066694,0.231204478931,-0.449207513454,-1.21637015586,-1.21807573022,-0.998098529142,0.112649936443,0.27715923777,0.0115788362081,-0.0366091334188,-0.307114538883,-0.715829056317,0.162313572733,-0.192841657606,-0.687400617551,-0.693970344059,-0.694373650475,-0.287934040097,-0.657256747616,-0.766203093559,0.0413229316802,0.281385461958,0.533792070242,0.986504667207,0.154857550032,-0.149138095098,0.0519512837997,-0.653822903315,-0.163717902758,-0.361736195139,-0.4124111161,-0.553047900214,0.00688619675188,0.311276539858,0.319233789395,0.0543196349244,0.216337901224,0.517677133205,-1.46859116423,-0.120992060809,-0.460031408361,-0.324207099997,5.50392603245,0.31859210453,-0.667355950399,-0.803398376658,-0.846833146878,0.00356488921352,-0.00306537163828,0.144364787729,-0.400567066925,-0.395622539491,-0.456317144511,-0.229146229539,-0.411013333792,-0.530555137291,-0.772660141484,-0.735620330808,-0.799649276295,-0.625026281947,0.0525650890068,-0.122691378636,-0.852839418898,-0.920068022828,-0.768004051907,-0.516949255589,-0.683101585252,-0.35572207813,-0.875104706648,-0.802873596358,-0.452181823819,-0.168946334969,-0.792028099541,-0.0165277189283,-0.0161943322158,-0.0187932974182,-0.45688745566,-0.371497717561,-0.445925184372,-0.407390393366,0.0856529906582,0.0138777080391,-0.544512363496,-0.537937171765,-0.54223974373,-0.585375522257,-0.142416495782,0.670952745387,1.01330045522,-0.346697268685,-0.409218912292,-0.569708682316,-0.483726452983,0.280281710086,-0.45612664678,-0.156384786179,-0.155812690726,-0.155964088041,-0.0395565557295,0.23931636627,0.00135088401616,-0.767930018375,0.369060409227,0.386912108377,-0.569638121863,0.346654459251,0.0857874373302,-0.459224744379,0.199160579158,0.406389862551,0.635013635203,-0.225238508502,-0.0500626729375,-0.206769238589,-0.206769238589,0.206769238589,-0.0939401053922,0.206680035448,-0.529527291137,-0.530401316124,-0.530985201349,-0.0891674363649,-0.191321694753,-0.931698133548,0.213818870748,0.169911741241,0.408261581144,0.043948895599,-0.532842748062,-0.284217531118,-0.539738722322,0.486267588088,0.0504084360387,-0.0342102163743,-0.428348580687,-0.423820399728,-0.802306856308,-0.427660012548,-0.0392269897457,-0.426942456665,-0.42332791328,-0.0437324369233,0.150773488902,-0.00893661402926,0.246757366375,-0.478249270982,0.156357493478,0.526513769158,0.0339598675726,-0.974517154781,-0.273465965755,-0.716639188994,0.0952630651776,0.0451673673717,0.585369292472,-0.758998165429,5551984378.8,01030323,-0.05076628
664,600735.XSHG,600735,2011-05-31,0.320553228326,-0.146757486998,-0.609462403537,0.336902089403,0.081267072094,-1.54688974727,-0.75414146097,-0.244327446437,-0.19012347471,-0.682602711565,1.71692411991,-0.788981127842,-1.173345951,0.572166342202,-0.564163808777,-0.078214227459,0.849617984701,-0.371030453915,1.93694886352,0.260228046606,-0.947042706781,1.98838001448,-0.210564588688,0.288608040065,1.55823337942,-0.940094818713,1.56087415236,-0.623477741436,-1.74637362768,-0.335117500538,-0.402391310036,-0.384971680226,-0.274552253862,-0.399922965629,-0.876824235553,-0.317845830614,-0.288608040065,-0.00811318673997,-1.62342658662,-0.641475114127,-0.107234861589,-0.661626987875,-0.392823463116,-0.212831472956,-1.09066186544,-0.114661004232,2.14831000262,0.0284453462738,-0.344113095447,-0.23771652973,0.306962163574,-0.802789407414,-0.643446332335,-0.659143712386,1.13594453926,-0.741123444625,-0.365654074851,-0.414193499104,-0.425531317127,-0.26798968728,-0.374391700247,0.179503007342,1.37111903471,-0.835094095279,-0.64123859159,-0.278062582674,-0.640002776415,-0.201743108892,-0.572166342202,-0.193988071053,-0.639971355792,-0.00389233874396,-0.544960912282,-1.18957979562,-1.18947081115,-3.19350674254,0.209688342182,-0.314848373626,0.905160073895,0.528824710762,-0.161331552045,-0.0883587255864,1.40709234607,0.395057096797,3.84272926804,3.83158163669,3.61701209147,-1.65299098001,-0.190050403327,-1.28511604281,0.646741113964,2.60364367408,0.154538120191,2.06063143128,1.09066186544,-1.74971657724,-0.962577488599,-0.64971245585,-0.396533599607,-1.60022655944,-0.0668501347557,-0.717499770378,-0.45545961655,1.29685307082,0.743654133125,0.349909859161,1.02128717039,2.18491341465,0.438802215623,0.683805277356,0.132168196428,0.292720617538,-0.0298940808245,-1.54857550032,-3.05053292974,-1.12483285261,-0.632470408135,-3.08857524313,-1.49795885936,0.305860512731,-0.468121256334,-0.335009075307,-0.02644667357,0.631836832827,-0.475546742559,-0.663476734809,-0.7734705402,1.47880697682,1.80583157321,2.45810521052,0.395682768678,-0.386015016825,2.13986276583,2.29887250682,0.257529268474,0.748071247751,3.24146017896,3.66076556066,2.08755014398,2.07787723617,-0.441188093268,-0.411262673947,3.08382577181,3.57842625672,2.4279934985,1.46548418641,3.0169330498,2.79277005134,2.49195209725,3.11185371359,3.93206073959,-0.460375007319,0.976229175862,0.691405492534,-0.669392336988,2.16404218471,3.22317284369,-0.386355374422,1.46584136598,2.43587108315,2.83844065495,-0.00466203590312,-0.554449326161,-0.572365713334,-0.585730743006,-0.274595939662,0.330658864334,0.0935032562081,0.530277595468,0.876197265004,1.78193226344,0.502375182695,0.375517969433,-0.0551629315867,0.978793781069,1.96890655183,1.37552146143,1.9173282133,3.71006483382,1.50356206012,0.72344194249,0.321319239304,0.73835697743,-0.277381889404,0.0929824813152,0.0424161477969,0.0691959166375,2.98378898697,1.84868563273,1.72953401437,4.21963871646,0.411818659306,0.434727046906,4.2482089469,-1.50390049603,-0.955544326738,-1.11327122683,2.7250996319,-2.86993150996,1.94535923165,0.321291691668,1.47831778806,2.68863776662,2.68863776662,-2.68863776662,2.39801596822,1.48133708677,-0.120517723575,-0.141775365728,-0.159388189932,3.28608228721,2.30477496798,2.04323567967,1.30669066659,1.87206125418,2.29650777622,2.14405373881,2.49475487708,-1.22720906335,-0.84362063149,2.51862710026,2.4586417127,2.36364994316,-0.350727968248,-0.394626031475,0.121102288932,-0.347439140099,-3.34893595742,-0.210554911685,-0.198623081719,-2.99891378651,0.831559140831,1.54589821399,-0.490443450919,2.7579375233,1.49568135291,1.72585823321,3.14257262006,3.73556392315,-0.589360361673,1.41846596954,3.40008300175,3.34661151,1.22393611316,-1.77079134509,2627098122.48,01030323,-0.12012729
667,600738.XSHG,600738,2011-05-31,0.0208111068255,-0.0507024042122,0.107651218958,-0.159391030577,-0.0148905653331,-1.25472170339,-0.43123664976,-0.244327446437,0.473831352912,0.337158973175,-0.503161412542,-0.788981127842,-1.173345951,-0.266120426282,-0.138955585684,-0.366053379816,-2.4078074847,-2.68563911489,-1.69763650542,1.13812590619,0.917822534667,0.170043690356,-0.390344486189,-0.133215920442,-0.564403777318,-0.317950447836,-0.384336054366,-0.193846942456,0.0765480031561,-0.593907343766,-0.583190872472,-0.604145445376,-0.56895279958,-0.595951402988,-0.306077842158,-0.455767969302,0.133215920442,-0.357273792805,-0.480235365532,-0.498171354329,-0.263660026659,0.264092384635,1.12515362718,-0.577320944831,0.236445979411,0.17446208015,0.0034786421509,-0.819900947004,-0.234224703159,-0.316667466563,-0.14185211107,-0.881660252833,-0.980587707834,0.13775362978,-0.963261052543,-0.206463172847,-0.613012973136,-0.577453508735,-0.613326284819,-0.580007623529,-0.605610034571,-0.696911135441,0.605706437599,-0.624483238461,-0.567129142689,-0.156001872217,-0.151726139272,-0.146815792593,0.266120426282,-0.149274145696,-0.151698017884,-0.0339768736191,-0.101116159988,0.27720997825,0.277297325882,0.673717732086,0.146733988998,1.07588600707,0.165919700112,-0.0646081692646,0.108199621847,-0.0428127446546,1.40709234607,-0.45879951789,1.3270797446,0.365778597729,1.70312533464,0.0368315632133,-0.0479790639535,-0.0346764566434,-0.0147114640965,1.51659574955,-0.231994382997,-0.48878501966,-0.236445979411,1.08299725901,0.74730418481,0.0115788362081,-1.04758341086,-0.475621309604,-0.240329780132,-0.158985783337,-0.203960232349,0.511065997645,3.03551924168,0.538706877852,2.20749430741,0.789295808091,1.73224828144,-0.158448605158,-1.25913982642,-3.27993967368e-17,2.18405669471e-17,-0.713844774789,-1.06436536775e-16,-0.340310095002,-0.780766640479,0.0,0.12521637524,-0.284414755058,-0.240059819399,-0.211468370297,0.37674100333,1.20328316063,-0.355443696996,0.45610413465,-0.127896703498,0.0777082810485,-0.809907263907,0.517469338494,-0.50822389227,-0.0546417023523,1.04912611327,0.759296204875,-0.709056916795,-0.715143793193,1.56850027494,1.27352968766,1.35373715921,0.702251797056,-0.566060854297,-0.652583841445,2.34892101023,1.44953158306,2.92290439704,0.198658701104,2.99625943626,1.87282529622,3.68260627788,1.67290793051,0.266672837014,-0.887344544411,-0.571784235467,-0.568780944146,-1.14704732537,1.96100972717,1.37581903243,-1.0052026035,-0.710512754453,0.195359432794,1.61182820805,-0.279204150198,0.362893770522,0.344671233273,0.341340583347,-0.293846400977,-0.117840646715,-0.439285532299,0.0759195458356,-1.33089675211,-0.590218917615,0.126945810079,0.102709029546,0.245759136643,0.331688134716,1.4304240796,0.314076023748,1.11454633853,-0.16503989225,0.278017501187,0.0547691636574,-0.335488690374,-0.568198614652,-0.293990834061,0.963647120561,0.934265544145,0.938037800492,0.165997224316,1.57402585076,1.37411476894,-0.0756500539229,0.42313536368,0.46790708688,-0.105763942604,-1.28086658223,-0.0339526269489,-0.692097570732,-0.642819105088,-0.0850583433247,-1.06843564018,-0.247099716509,0.324479798524,0.720344594045,0.720344594045,-0.720344594045,1.0264805045,0.30221008962,0.139095546124,0.130139852568,0.126960685367,1.42799026767,-0.26263874226,1.68690723238,0.104994772433,0.773462763759,1.76436016305,1.00287030648,-0.158673503012,-1.04197098835,-1.55581902451,-0.129144081034,1.58511437604,0.609975941559,-0.598234386644,-0.604268272774,-1.10139027162,-0.590849642733,-1.38867914395,-0.543694558258,-0.524462840185,-1.57110411454,-0.6616273251,-0.199499256159,-0.805771796591,0.0973704460532,-1.00098816739,1.54184267212,1.17905893921,-0.735359300331,-0.481678717065,-0.334085272809,1.25273115641,0.541182032162,0.585369292472,-0.40559048922,2475352340.94,01030323,-0.02653928
677,600838.XSHG,600838,2011-05-31,-0.0128172772391,-0.0299687370104,4.93247098321,0.363941389861,0.0678228248485,-1.18802420075,-0.812264326988,-0.244327446437,-1.25824439713,-0.421563782652,0.93951184965,-0.788981127842,-1.173345951,-1.60073243328,-1.03576596574,-1.09339097924,3.50973302688,4.16498115015,2.66506944239,0.559942527623,0.206896483156,0.342641619036,-0.697397454834,-1.72617221574,-0.182329089105,0.654394685265,-0.612812135749,5.6409366541,0.810357516351,-0.584562396455,-0.669120015826,-0.607806417135,-0.590530228219,-0.670326583454,0.662716773938,0.207488493871,1.72617221574,-0.814769345825,0.225055489511,-1.03280461204,4.09389814315,-2.61095160495,-0.72511948724,-0.679329297749,1.84304236621,0.589680816298,0.339416084152,0.835907480839,-0.165580789638,-0.340054981225,0.259664867765,-0.410423520956,-0.213855944268,-0.659143712386,-0.286229726054,-0.723756289625,-0.567660775009,-0.691821819412,-0.590357336567,-0.577560596933,-0.713106372168,5.08423626496,1.17859399122,-0.825574960508,-0.10394508706,0.207476049244,5.79160581019,-0.186468096705,1.60073243328,0.0545844868636,5.79159377309,4.5431702181,-0.206465867769,2.25446843994,2.25452662074,-1.88921598465,0.181037362356,-0.986412699035,-0.00350694887057,-0.678157226721,0.070449556571,5.36118040649,-0.72441858391,-0.735561354846,0.117940285617,0.901506602515,-1.71164231322,1.66743629516,-0.713288750775,0.830475792682,-0.3566776785,0.485017710059,-0.817491405639,0.0974932053912,-1.84304236621,-0.412609297996,1.46741385784,0.535321539518,-0.431102616134,-0.581299502786,-1.14782387128,3.78342567721,0.706601819544,3.25284103713,0.486687439136,3.57715889741,1.10036764619,2.61276698747,0.958391660867,5.30129380476,-1.25913982642,-3.27993967368e-17,2.18405669471e-17,-1.26709653473,-1.06436536775e-16,0.107988623629,-1.15448035358,0.0,0.0,-0.346365480326,-0.899672657397,-0.313540344257,-0.117607468499,-1.67186839807,2.04661721426,-1.06746357385,-0.127896703498,0.125075598725,-1.61468142742,-0.450613945254,-0.890990375414,0.520276964737,-0.306856422881,1.98307881759,-0.0897686788017,0.113035919981,-1.20167535968,-0.404374325553,-1.07002016042,1.3251232813,-0.604614560221,-0.576943372999,-0.557000121399,-0.143331896376,-0.337064989014,1.13450162523,0.0357634897144,0.569862383706,-0.583251721688,-0.707585969091,0.791555590784,-0.405277303262,0.761553390278,-0.250558798862,-0.315950229745,0.131609286184,0.206393225297,0.0192889269457,0.523272219936,0.962832629683,-1.46726681705,-0.0802906183315,1.62780661717,1.65030683444,1.65188467962,1.96958371011,1.29149702797,0.356524387943,0.837707775463,3.20152798704,1.74461098887,3.60996402172,3.61883674825,3.20287723645,3.49957896966,-2.76243153383,0.629986727857,1.52323133417,-0.261508433474,-0.0288113796933,1.45550852679,1.01918396703,2.34603711681,1.9709405459,1.43983167421,1.51197106418,1.4808694159,0.863092190144,-0.300614010019,-3.40110439774,0.44008636808,0.417724114767,0.437887826555,0.933600747444,0.620924831028,-0.283712086132,1.27240339628,2.47250572662,-3.19756364721,1.29018643343,1.47785369622,1.2956811292,1.04596182711,1.04596182711,-1.04596182711,0.39724183896,0.768092165401,0.995632424889,1.02806326975,1.0305617829,-0.49828861498,2.19779939672,0.219229035694,0.818139927348,0.316561076768,-1.26809421051,0.227698770298,0.175521174212,0.358160890874,2.08107720032,-0.70552964431,-0.343261654791,0.56122944931,-0.587370100533,-0.623910467479,0.361764162479,-0.591338397033,0.537486246683,-0.600181759077,-0.620238670031,1.03561021526,3.44884166736,2.16965971677,2.88904009226,1.13104689606,4.36781471525,-0.15799680597,-0.176700507093,1.49013740081,-0.625342787353,1.39775645456,-0.607739027045,2.40123702513,-0.0531975282158,-0.432395616124,3531770252.61,01030323,-0.02837684
753,600605.XSHG,600605,2011-05-31,-0.5679726992,-0.724549599841,-0.773043621571,0.383589012781,0.0607947660043,-1.36722793039,0.32368080887,-0.244327446437,-0.257559922778,-2.13826521035,-0.658643866595,-0.788981127842,-1.173345951,-0.605895501458,0.732155682687,0.999076214788,0.0300525147866,-0.448701885491,0.637163367339,-0.665472375775,-1.20060314238,0.870951305365,-0.588439941197,-0.972056730793,0.737480345483,-0.826621946037,0.396700642299,-0.460193203674,-0.387325199412,-0.166788920531,-0.197121998915,-0.181044785696,-0.148616135716,-0.173692659248,-0.811373896941,-0.404547247565,0.972056730793,-0.0940941971353,-1.0033906701,-0.503683037398,-0.427534009113,1.88463724133,0.910407957682,-0.196515970248,-1.36552311365,-0.0597909298241,1.47643511862,0.217534580318,-0.500658652076,6.57147419341,-0.648980449203,-1.26077053502,-1.14487700489,-0.650256381432,1.19683651067,1.56746765927,-0.176278881905,-0.161011028273,-0.209771390318,-0.125632261673,-0.146360356701,-0.159421221449,0.655676858001,0.172744298646,-0.0012546685257,-0.202279483021,-0.405917212138,-0.202711147955,0.605895501458,-0.175081092653,-0.405887373207,-1.1428068733,0.217104494606,-0.630648890597,-0.630548151004,-0.107525328509,0.107870268286,-0.485397056404,-0.164611996637,6.67181909564,0.52093963641,-0.346007466485,2.11816439231,1.85646553347,0.601886727734,0.507210790993,0.286603088541,-0.764723810856,0.15299990394,-0.707572650563,-0.0126678413013,0.933142935132,0.746683122003,-1.01523149057,1.36552311365,-0.0670440121813,-1.14301617546,-0.54390584912,-0.48329505285,0.13452567143,0.754711432981,-0.477550676802,-0.289728488824,-0.065554732308,-0.110586498245,-0.434777749774,0.0196011435747,0.458218638651,-0.224503459156,-0.089962550256,-1.25913982642,-3.27993967368e-17,2.18405669471e-17,-1.44666070243,-1.06436536775e-16,0.107988623629,-0.509580942208,0.0,0.0,0.359134892968,-0.948099929047,-0.19718134999,-0.0631557185078,-0.207412739188,0.460550524328,-0.346149533165,-0.7734705402,0.883395366766,2.21846771685,2.59154587419,1.16670446189,-0.401743493911,0.979491155761,0.469763945107,0.101396910922,0.439465893661,-0.090660703977,0.348255020258,-1.3592317144,-0.311334835192,-0.142520037988,-0.266960762888,-0.903073459958,-0.918528419021,-1.16094131238,0.266243770517,0.426640738851,1.52547603342,-0.0935763298567,0.386276256172,0.520364770329,-0.154198522422,0.167156640444,-0.410338405423,-0.702139369289,0.678894029836,0.676705778164,-0.393471941112,-0.0529942924028,0.658446437344,1.08586927221,0.213935647554,-0.962654484015,-0.962381651321,-0.966816275892,-0.61782423106,-0.214934447018,-0.423360107646,0.105047375314,0.29051121312,0.687107879843,-0.518346193408,-0.566578615245,-0.733895344388,-0.353552379005,0.853955697272,1.07606364896,1.11062714304,0.490468811335,1.18412579173,-0.21095881376,-0.548974811911,0.431396071696,-0.618079253441,-0.960608010987,-0.960776130536,-0.954676512295,1.20574560071,0.888479274373,0.13724918,2.90552694633,0.239503224276,0.260159142019,2.67942792943,0.571798649263,-1.42682472903,-1.13619820904,2.55670369505,-2.86993150996,1.68329011236,-0.228361538217,0.305254887065,1.12222655583,1.12222655583,-1.12222655583,0.558764977121,0.815164945718,-0.802552295481,-0.800173473962,-0.803247808175,1.42799026767,0.700141399079,0.567207492268,0.761412471843,1.17611267344,0.523287800145,1.0936293539,-2.56751584956,-1.13972962035,-0.0682317530599,-0.583948314556,1.04279196359,1.059428703,-0.172274215816,-0.180648738442,0.362200144134,-0.164916562045,0.330096757721,-0.121205064346,-0.153819698851,0.055829568729,-0.0375217554596,-0.348514068256,0.345659902256,0.889630085708,-0.279052108087,-0.184284743269,0.0392594996397,0.965318775764,-0.636183462288,1.01628693365,0.624999995277,-0.304743967939,1.22393611316,-0.191836538075,1859488751.04,01030323,-0.0118859
760,600693.XSHG,600693,2011-05-31,0.0558585278526,-0.0688561583361,-0.677208160501,0.155199167368,-0.132585366251,-0.870936210828,-0.88228368605,-0.244327446437,0.271069415097,0.280847518641,-0.125925294513,-0.788981127842,-0.512449184837,-0.814483288921,0.622947490046,-0.662513990788,0.0925617455428,-0.0292761549788,0.300181942404,-0.590354062811,-0.650424838721,-0.0466752982371,-0.55976339313,-0.857286963761,0.157292855974,-0.0310075514143,-0.540402793033,-0.0386335035183,0.183628416599,-0.53519716897,-0.448163885661,-0.532842636591,-0.533624294411,-0.501566547513,-0.0194896020453,-0.345512771596,0.857286963761,-0.313917291165,0.112673979641,0.047485269519,-0.00295141820887,-1.96233226634,0.268206453173,-0.431197958281,0.395624884093,-0.712955854031,-0.254934774773,-0.365064681331,-0.481763751399,0.90873583297,-0.0593113593979,-0.516335799091,-0.532710701897,-0.659143712386,-0.197219153174,-0.898668350694,-0.537526999451,-0.423063048064,-0.527250945101,-0.540469405515,-0.512681259551,-0.265393397668,-1.03424627528,2.64209064944e-15,-0.111987972988,-0.158395022732,-0.0641235661376,-0.169540128149,0.814483288921,-0.150531996237,-0.0640960366715,0.752518823831,-0.126098916736,0.441981516725,0.442066433786,0.0741148718241,0.152170785431,1.18311444719,-0.115431045505,-0.0697614224077,0.0734233930485,-0.228323586742,-0.72441858391,-0.0988767079147,-0.397978594118,-0.242808415708,0.195214556535,0.620549988657,1.1925462896,0.397899668019,0.60110020487,-0.769806198102,-0.592409825158,-0.864922449671,-0.395624884093,-0.125098980198,-0.0336299495957,0.0486111485633,-0.457537746419,-0.565789519209,0.0111887956877,0.000296663395809,-0.204300983221,-0.0203295770176,-0.117531544028,-0.122082687567,-0.120986368961,0.167889428527,0.101621830944,-0.430857068794,1.40805380483,1.98116616471,0.0356800319518,0.188829149326,-0.714384722942,-0.816627483548,-0.555709539389,-0.276183769424,-1.36269425648,-0.332013021723,-0.260814364392,-0.180678695517,0.389589169058,0.791125007824,0.457018081812,0.0802727865558,-0.7734705402,-1.55181598408,-1.54070993731,-0.375114622383,-0.368116915421,-0.144401551312,0.309096428507,-0.194650220166,-0.520925701511,-0.465333079839,0.0568907524284,-0.12941778365,0.294353789668,-0.38464254557,-0.509862956063,-0.541076480746,0.232836634388,0.0727408152918,0.26009532247,-0.982627595459,-0.226933660424,-0.21150166913,-0.0827949912508,0.108271646984,0.114675714278,-0.482901279215,-0.479579664529,-0.824160901075,-0.339663597963,-1.18384249708,-0.29499102776,-0.868517471364,-0.644848150857,0.101928567379,-0.0475077272798,-1.04481404629,-0.737476601258,-0.732735437994,-0.722576906227,-0.3659172823,-0.169408943316,-0.601814961731,-0.248286579728,-0.110536345527,0.263580424331,-0.0827398904111,-0.115374767339,-0.179380079013,0.0734238353696,0.771801702032,0.603825850403,-0.749466579806,0.112945425558,0.124987718956,-0.437154226685,-0.677144805495,0.229174138937,-0.365423261891,-0.26564745149,-0.261784393233,-0.261439742215,-0.449537386031,0.480051876426,0.0581834190995,0.318935912778,0.38787153695,0.435073266326,0.393926300104,-1.33739839172,-0.639210924138,-1.0317110853,-0.979610978787,0.406389862551,-1.19947019983,-0.189844171729,-0.0201953997779,-0.170294803114,-0.170294803114,0.170294803114,0.0347623052442,0.0347720877226,-0.673367434337,-0.673176808258,-0.671878166925,-0.174401015243,-0.405272837273,0.311693387512,0.00890540902741,0.176693213404,0.606833159209,0.11015836462,-0.256240609287,0.015757560496,-0.488883625083,-1.48455075717,-0.210615519099,-0.246434258407,-0.534846747237,-0.530518608535,-0.974083628369,-0.533317831013,-0.0449088935529,-0.534077581674,-0.524007927184,-0.0980389854609,-0.22162517239,-0.0382987830622,-0.303018313051,0.0987862682093,-0.251220148306,0.650101214643,0.605941585668,0.785950384926,0.529533697513,-0.749271247174,0.0526568777702,-0.0825195760398,-0.550002514711,-1.33899169919,3260614643.0,01030323,-0.09052632
761,600694.XSHG,600694,2011-05-31,0.193596154934,-0.118466782579,0.46455569467,0.155769386594,-0.133892943529,1.17112510304,0.535438385063,-0.244327446437,0.200917405362,0.212909002644,0.177902714062,-0.788981127842,-0.697500279362,-0.165543505702,0.832449984665,-0.529273266756,0.0508889250387,0.219272426066,0.0594809245936,-1.89771621671,-1.98329158133,-0.0622205421447,0.0723238761663,0.691804446759,-0.352140061644,2.25801419049,0.527459261183,-0.395624413076,-1.23183414599,2.92109679159,3.12985597133,2.96111343709,2.88220467113,3.01826268909,2.24421728269,-0.466532197132,-0.691804446759,0.636247011444,-0.398855651489,-0.365890960669,-0.394014330884,-1.06452815651,0.51195805433,-0.32466210092,0.108732672165,-1.58876665709,0.416940109229,0.726883057607,-0.396131251997,-0.144830554392,-0.310520864385,1.18714190593,1.53527356822,0.629519275874,-0.980265206807,0.4423241175,2.91774765438,3.11045919721,3.02068945653,2.86834886886,2.96710352943,0.13956277631,-1.4188768515,0.560649040582,-0.125057662619,0.0519312999199,-0.367142302717,-0.0945179484249,0.165543505702,0.0501413889615,-0.367112725785,0.120743591453,0.674100202523,-0.417415134925,-0.417317540775,-0.00862176392967,0.256505721124,1.05231423791,-0.247482475185,-0.113691811568,0.0966077309084,-0.501271466297,-1.43463802578,-0.227855669252,-0.191611042224,-0.432813281405,0.0844938350652,-0.502473503772,-0.345982361176,-0.240111354557,-0.0426409756315,-2.00097506653,-0.640845101971,-0.0783537793472,-0.108732672165,0.0168131638432,-0.756207234221,-0.0783567795118,1.53695894239,-0.0455478667038,0.723316460964,-0.396884029959,0.693905694468,-0.642175462261,-0.839816305512,-0.546875979622,-1.04359191998,-0.565573839156,-0.705400073371,0.108543070595,-0.0690411476835,-2.38837208783,-1.01350577247,-0.495455922181,-0.732791668761,-0.564459454318,1.0117618156,0.402335465891,1.31554488061,0.171336621082,-0.334767340804,0.496082940214,1.61016491324,1.72296083156,0.527666932143,0.0516727352262,-0.7734705402,-1.40086032681,-0.563929778713,-0.122120062657,-0.928833703181,-0.296838379067,-2.83713756059,-0.467769086523,2.60254900619,2.28630931443,0.0593049726005,-0.400386911073,0.181888513091,0.19751768628,2.91440502329,3.10561666144,-0.08683721848,-0.0210489691961,-0.205802145283,-0.208507955742,-0.0817195384683,-0.231674543067,0.306959154499,-0.348373577608,-0.513816664397,1.89016738194,1.13696010366,1.14534002331,3.70233647513,-1.3822612252,-0.0944373265373,2.43015822626,0.290741586475,-1.09407114786,0.260176750014,-0.929817160678,-1.19654619389,-1.19341529481,-1.18689632755,0.258811950625,-0.0846438814291,0.0512816707997,-0.201415887057,-0.00835408403217,0.0247696921983,-0.667968908541,-0.666946970317,-0.674112309956,-0.662012790433,0.0684599711956,-1.17459671387,-0.213407730964,-0.189341416924,0.173340747479,-0.716302892817,-0.676027312421,0.386913556066,0.260224190949,-0.88767019483,-0.896246995727,-0.890570905272,-0.996447774432,-1.76938551338,0.54797587147,-0.669136678506,-1.91205313388,-2.45986689214,-0.935511065489,-0.0361312964168,0.927205830827,1.17343548132,-0.390225199814,0.570205931177,-0.151193722667,-0.28214704998,-1.8177246212,-1.23402197589,-1.23402197589,1.23402197589,-2.15874287754,-3.64948059329,-0.871364446381,-0.871609453075,-0.87318330178,-0.242587878346,-0.191321694753,1.62159955207,-3.63438647818,-3.21828128826,-1.20634329294,-2.52557364371,0.838847893422,0.150663054846,-0.569631227395,0.120022594757,-2.18216721043,-1.20829347658,2.93349264753,2.97018088551,2.5316448593,2.93579502353,0.148275835891,2.82940147454,2.85891376989,-0.102564531172,0.183182068435,-0.29471951013,0.629249232179,-0.780446943842,0.915670447487,-3.2533160725,-2.18847869427,-0.383265792389,1.41760035238,-0.777472778082,-0.430213246181,-0.239672737162,1.86250293385,-0.709107247701,11786929544.9,01030323,-0.04734613
764,600697.XSHG,600697,2011-05-31,0.0222434965738,-0.0515074977096,0.0597334884228,0.0373550569307,-0.0402645959654,0.0970021345902,-0.0525882711405,-0.244327446437,0.137554299795,-1.051476936,-0.268663285119,1.56840136741,1.99895852657,-1.30118812634,1.40710922843,-1.40591885399,-0.24082081849,-0.192386161289,-0.0729046352022,-1.70271211134,-0.903028442489,-1.56485125103,0.197691861949,0.58905245638,-0.154027260348,0.151592473581,-1.30878542981,-0.240410974138,0.237275065083,1.55206201042,1.352400029,1.53880437366,1.55315378128,1.45123427186,0.162604904391,-0.51101433722,-0.58905245638,0.0486068773104,0.395565366554,0.808097533064,-0.434982826497,0.766247820553,2.14646774726,-0.575951279621,-0.267003579586,-1.56185921675,-0.66839624185,0.631486687278,-0.37596547479,-0.189718658825,-0.263784607671,-0.102760945799,0.0865670636024,0.0340681019885,-0.317103190501,-0.225070838918,1.54742936436,1.26277513814,1.54824227156,1.58242537013,1.45030048941,0.0827983140333,-0.769188427874,-0.282984278536,-0.22803532708,-0.152931414952,-0.204144072377,-0.159151085453,1.30118812634,-0.147097419927,-0.204115596807,-0.569051815327,-0.106372483301,-0.0345636190584,-0.0344716724084,0.708904577176,0.143720316492,0.354404994022,-0.0380603103219,-0.0916772157665,0.0742524733946,-0.418848235372,0.696872904199,-1.42812805689,0.200777964898,0.335777829461,0.0721915326797,0.104509061815,0.298536397933,0.44828935996,0.452596948416,-0.488189858696,0.374396288466,0.769141128427,0.267003579586,0.404767791385,0.091482287692,-0.358744287344,0.650365342065,-0.0305636452824,0.0500288610693,-0.220511191946,-0.185774232116,-0.772197783721,-0.707860435626,-0.747472811982,-1.06116535904,-0.580854323899,-0.561683843836,0.0463699388394,1.74340271168,1.32318290557,1.93732930246,0.135445207577,0.929585625476,1.78910881849,0.168563493303,1.43836209193,1.31554488061,-0.323458307697,-0.0919153085861,0.121335161566,0.555391688694,0.617899117514,-0.203548668784,0.0319638915638,1.16325096991,1.15653214253,2.11374904109,-0.372081880027,0.208488292393,-0.575522206566,-0.877863074423,0.201897364641,1.17142767937,1.05108978078,0.0727251964988,0.017552478844,-0.509494069155,0.750284668463,1.63327625985,1.47224977456,-0.95313884869,-0.717295383451,-0.738479062727,1.12689555357,-0.253045105593,0.0119846051083,-0.148829647932,0.144831654664,0.238551622215,0.789569397437,0.963085760418,0.461429824514,-0.012193274958,0.679026390926,0.286897175787,0.748648790837,0.459468791996,0.137561133968,0.45542362822,0.472937642172,-1.22230194267,-1.22156761111,-1.2204935653,-0.57797791964,-0.375265939915,-0.383976743519,-0.251916656153,0.0506993047704,0.235560651016,-0.857537032251,-0.873545843525,-0.932098098123,-0.805751170131,0.390610901581,-1.62063669906,1.93148086365,0.895627879232,1.51507197392,-0.744548043467,-0.765112876607,0.443384267398,-0.578490389487,-1.20924123374,-1.21403072796,-1.2076964659,0.0772406795142,-0.235881607785,0.392361665321,-0.761783273153,-1.45848412675,-0.689809922918,-0.38151019277,-0.956513195378,-1.1576649715,-0.804856760453,-0.390225199814,0.406389862551,-0.282228282312,0.81507738998,0.33031593236,-0.460100772256,-0.460100772256,0.460100772256,-0.530125154974,-0.762926939507,-1.05152527309,-1.0512444502,-1.05382744068,0.541561047334,0.664482875326,0.286171602496,-0.756336388698,-0.300552890076,-1.05680920824,-0.0200287935673,-1.08329295204,-1.15624721372,-0.79511152832,-0.562934257562,0.552263927143,0.410443667586,1.54976387594,1.52870626377,0.754583633613,1.55120839751,0.0232739521332,1.55585969936,1.52835981492,-0.116141168307,2.02483268295,0.359742086193,2.75705191978,0.24347946602,-0.635247670276,-1.01645158959,-0.426729577115,-0.363335971185,0.155652459573,-0.687924297888,0.112305540141,0.428228197606,1.22393611316,-0.122648163759,4454466100.0,01030323,-0.00714286
784,600861.XSHG,600861,2011-05-31,0.194008877404,-0.118579214589,0.424899641813,0.0818881377707,-0.0562496267738,-0.197639580399,-0.854072002544,-0.244327446437,-0.0172327152338,0.714468516712,-1.55330520057,1.89887554899,1.52311285493,-0.122688991716,-0.885428768802,1.53360664885,-0.928422356808,-1.10890905389,-0.831112841305,-0.34185661336,0.655650612575,-1.27086325596,-0.72226383218,-1.98515530261,-0.847422064883,-0.241649723106,-1.20403793403,-0.267107685635,-0.219147214084,-0.509650690911,-0.498929641237,-0.513880956393,-0.501637377783,-0.506523465399,-0.227829046242,-0.266475084795,1.98515530261,-0.692939453122,-0.104338591141,0.17425398011,-1.03088821724,0.247306736491,0.255993429316,-0.56645239775,0.333619147967,-0.581584233573,-1.28858844247,-0.501345210372,-0.301764524407,-0.278247033729,-0.625450809592,-0.578637139171,-0.786546373765,-0.659143712386,-0.170050504461,-0.826718708552,-0.513562854664,-0.492106195886,-0.520540201695,-0.503730938651,-0.507868472802,-0.238699312182,0.474107733425,-0.806536690965,-0.369503945621,-0.168675034065,-0.116541499243,-0.175236470096,0.122688991716,-0.156725999681,-0.116513615594,0.597798358759,0.00504533517632,0.235209390012,0.2352973572,-0.500762097293,0.14561850835,0.0761656795715,-0.530416916535,0.0122935361579,0.0839193322853,-0.212532439032,-0.0133465376692,1.90572649201,0.312681496559,-0.0328030378315,0.348114600468,-0.288866398809,-0.0306532908592,-0.507564334859,-0.207493214448,-0.370502410304,0.0244276707151,-0.790132756992,-0.333619147967,0.20203615704,-0.806771626315,-0.168292395232,-0.76628651167,-0.373623451508,-0.684613484139,-0.113867150357,-0.227017708008,-0.557378296091,0.243610836713,-0.635374582134,0.415003522581,-0.52482587984,-0.0199842094325,-0.251819903281,-1.25913982642,-3.27993967368e-17,2.18405669471e-17,-0.165446100461,-1.06436536775e-16,-0.396347434831,-0.62814585215,0.0,-1.82259390628,-0.299091563007,-0.569031285438,0.566295622901,0.227457553916,-0.101884323253,0.566523799825,0.0464565600614,0.517677133205,0.441152840045,-1.3179042442,-0.57543523592,0.606565434862,-0.628102341439,0.531928292523,-0.255708043654,-0.88836086098,-0.940744948597,0.30527140426,0.362843122015,0.248781701764,0.0147670250161,-0.464056799664,-0.567873584154,-0.28636804298,-0.476355908192,-0.283872033981,-0.584330411745,-0.48246247986,-0.451921377696,-0.534527242072,0.348791932271,-0.122383890203,-0.864089998396,-0.816459114316,-0.944497006435,-0.876037402884,-0.359469266079,0.39564812645,-0.955504265872,-0.853183500796,-0.489944444863,0.330309608686,-0.19010746405,0.180625536022,0.180571690802,0.179795659413,-0.642422498804,-0.408756032172,-0.685327390774,-0.407749791985,-0.412591409703,-0.189884142377,-0.708693347695,-0.712577631484,-0.6678632933,-0.704521137481,0.429010722327,0.0557996882217,-0.0805905507066,-0.246842495997,-0.395206686105,-0.716439930637,-0.858906661535,0.0103895673782,-0.642577031949,0.129952105215,0.131903630785,0.130083246136,0.224746616307,0.587472698129,0.0243374670712,-0.10304594148,0.370249007254,0.386240035385,-0.418936107155,-0.140006694091,-0.157578223479,0.40165037628,-0.642819105088,0.406389862551,-0.675331961248,-0.105175366116,0.184412586465,-0.234622443862,-0.234622443862,0.234622443862,0.45973831029,0.399586135177,-0.363388598873,-0.364774708899,-0.366291495168,0.337000458026,-0.0130290759868,-1.05983373347,0.34116621984,0.436932207664,0.595935938462,0.444925342816,-0.141136534553,-1.07752280412,-1.02517030154,-0.689018599528,0.132901855823,-0.305346793728,-0.511352593123,-0.513597922735,-1.16111975835,-0.509510065997,-0.363095506755,-0.493113496014,-0.490166838094,-0.353732318159,-0.207171587022,0.750221738919,-1.19551866275,-0.446309088449,-1.12542914141,0.806121829522,0.363104873452,-0.808435311413,-0.533103720087,-0.464605262544,0.248645339844,0.0770891032246,-0.691764348904,-0.0927264499886,3111024599.18,01030323,-0.00509165
787,600865.XSHG,600865,2011-05-31,-0.0124057686589,-0.0302458016055,0.353849213778,0.17924705973,-0.221870447819,7.08738754041e-05,2.77775737407,-0.244327446437,-5.02880177199,-0.514124311157,-1.25202608468,-0.788981127842,0.650729123603,1.45418220659,-1.34832554716,1.9678146554,-1.58129654471,-1.69144479071,-1.43888291128,-1.17309006641,-1.04942371285,-0.402844268943,0.0336874081404,0.558407125916,-1.01723303742,-0.480986184439,-0.489786553466,-0.0553965549236,0.0703743809099,-0.80075666589,-0.73574149294,-0.792491674804,-0.801830743111,-0.765000503256,-0.479424036008,0.0138824170272,-0.558407125916,-0.638058755808,-0.0307093260541,0.0364619033807,-0.50947100034,-0.0769117064652,-0.954113684568,-0.385073214132,0.476139795183,-0.840634296405,-0.66839624185,-0.479199624402,3.57961236643,-0.424682759264,0.486426669167,-0.78993147127,-0.6295136711,3.51345817029,0.420155140477,2.60577542604,-0.803383966137,-0.730398638451,-0.789710871767,-0.806798489334,-0.761492644319,-0.67923756062,-1.0380036326,3.76145810748,-0.0815399048347,-0.175127007991,-0.00380704037284,-0.437878522044,-1.45418220659,-0.159703939826,-0.00377991845939,-0.137123850334,-0.19664324042,0.587368168319,0.587450940761,-0.421829444792,0.15146775141,-4.52864875543,-0.347701620627,-0.143719755999,0.077911279686,-0.104360734319,-0.0133465376692,-1.43872181142,-0.520055174112,-0.867110117285,-0.128160249027,-0.362888662906,1.21680237193,-0.170341011869,0.169214587475,-0.550308191489,-1.46804365302,-1.25638264599,-0.476139795183,-0.140764606488,-0.482691969452,0.23377271034,-0.859148379595,1.09272719916,-0.931019164516,0.0707090754707,-0.245228949046,-0.495193707567,0.972840643981,-0.458377377111,0.669818389052,-0.504451900182,0.422219573754,-0.653724909681,-0.497455875198,-3.27993967368e-17,2.18405669471e-17,-0.330451011321,-1.06436536775e-16,0.107988623629,-0.765000030115,0.0,0.0,-0.454090007183,-0.62175260088,0.0658679062557,-1.74259452441,-3.92778717646,-0.00573188785705,-0.310851438726,-1.4190443769,-1.44070199588,-0.75643389756,-0.755005507019,0.239109611045,-0.199132277489,0.423044540788,-1.43386142269,-1.030148903,-1.0695078722,-0.243135276028,-0.482216436525,0.0590803846502,-1.08060819297,-0.782076180147,-0.794647752659,-0.22949828185,-0.283759350524,-0.59648530617,-1.50695697206,-0.751638224413,-0.930538062453,-0.506610829348,-0.0578246768455,-0.864157802652,-0.814215777677,-1.11688481644,-0.93179486198,-0.689718081175,-0.839117492791,-0.382556728294,-1.0281402978,-1.06500855509,-1.43905533174,-0.0896624508876,-0.46775760228,-0.626879075648,-0.625599889926,-0.61938472581,-0.582133574781,-0.392154111594,-0.636640667375,-0.446976873027,-0.567684349689,-0.329593517787,-0.500517161515,-0.501193154515,-0.422289711727,-0.491802343036,0.447535189653,0.207201995947,-1.16555450025,-0.165849879952,-0.405052309034,-0.528491691912,-0.699740755145,-0.724991595278,-0.58200690312,-0.127943831381,-0.120022006302,-0.126484767186,-0.841416133003,0.46391406862,-0.219346037706,0.134010191949,0.398024666413,0.426189683318,-1.04715235595,1.58998726336,2.25656863465,2.5925333642,-0.979610978787,0.406389862551,-1.19947019983,-0.429970456502,-0.195966018832,-1.03241782345,-1.03241782345,1.03241782345,0.211768440173,0.088998084656,-0.768659941599,-0.768839017161,-0.767807869516,-0.532382046532,-1.18976035984,-1.28913479248,0.0494250201021,0.280110663892,0.524498602451,0.261175468117,-0.42142427178,0.109581744296,0.0644682662966,-0.175675207236,0.208500303207,-0.366848197162,-0.799272422768,-0.78760976596,-0.963184086995,-0.798276967676,0.335778661528,-0.802896036074,-0.796722723498,0.216486441486,-1.64767664526,-1.64304763297,-0.676328673081,-1.22825618564,-0.953263492767,0.63115341568,0.112697258283,-0.423125434798,-0.406554993539,-0.673100978248,-0.291033033983,-0.880562972362,-1.96889799028,0.0850036080362,2652494227.8,01030323,0.0070922
34,600311.XSHG,600311,2011-05-31,0.369614288932,-0.25164460143,3.03274581365,-0.518587693776,0.301822524113,-1.05371329939,-0.760419120961,-0.338609495757,1.46441803668,-0.441826870806,-0.248188171888,-0.814753781645,-1.07025445741,-1.5764918445,0.0271929170478,0.678887867792,-0.881902685669,-0.71186729273,-0.754319372679,-0.367234746849,-0.477852948742,0.142724285643,-0.0819080746404,-2.00605543689,-0.369269950672,-0.646340230472,0.695975097461,-0.110564578197,0.328774588464,-0.754956748388,-0.739405484639,-0.763008917908,-0.741152000428,-0.749773580767,-0.691613086283,-0.157760681794,2.00605543689,0.055493592616,-0.91916107262,-1.38925781431,-0.458298646667,-1.42563422223,1.74612691691,-1.12393231207,1.07919260395,0.302679890536,0.72821447661,0.653791797463,-0.52063544444,-0.124703735975,0.262458064988,-0.335915732013,-0.190973205489,-0.921937040401,0.170463841363,-1.02780000391,-0.764900084224,-0.691843852209,-0.778004038846,-0.739299191013,-0.748588481923,-0.356741287783,-1.50336735671,-3.10919743556e-15,-0.695232761072,-0.121961692607,-0.382098482218,0.544116696176,1.5764918445,-0.0140857332637,-0.382098482218,-0.794147878251,-0.112310041154,-0.0213699210914,-0.0213699210914,0.592676084529,0.0492425051217,2.09260421509,0.192464893712,0.413117660685,1.57984977284,2.04531382406,-0.94128100881,0.762605096914,-0.240410266157,-0.554110976886,-0.123997221356,-0.79361725266,-1.35424547765,-0.759173059304,-1.41630977864,0.0368170205486,0.118049485621,-0.886479009488,-1.07919260395,-0.159286769789,-0.219287037189,-0.799914276185,0.430866238536,-2.46876669406,-1.0471986925,-0.168780267046,0.0508316004091,-0.446417179843,0.359166415743,-0.260631154061,0.327634179948,-0.422189193187,-0.0416182322264,-1.3266148628,1.75275565925,0.135158090884,1.15640073402,-0.189198072964,-0.553765173048,-1.43028117676,-1.16695303832,-0.743290339442,-1.58084939441,2.608924761,3.60818262031,-1.15630493691,-0.0307452433817,1.28650683501,1.34907945717,2.87090684637,-0.103784484881,-0.420052366233,0.239999643513,0.147424547513,-0.180906262627,0.22055414703,0.119544995041,-1.01812094587,-0.765295028454,-0.79511193589,-0.0572456952776,-0.173867183802,0.0959734948549,-0.543163091184,-0.763110296017,-0.781403046589,-0.345535230078,-0.483463506472,-0.103315248646,-0.521729151118,-0.841382471821,-1.02240318036,-0.372169047145,-0.0125465110516,-0.934883871492,-0.595277885676,-0.708805886765,-0.74648437984,-0.487241584019,-1.1161748616,0.0531620367031,-0.544606212287,-0.581894588066,-1.06953827041,0.344213128085,-0.301301504088,0.91501488849,0.917513893283,0.924804912106,-0.260492258549,-0.270356427347,-0.198092396772,-0.309211433578,-0.539481827516,-0.594277335245,-0.221491840013,-0.190762546073,0.0038267961741,-0.260038233273,-0.052440472437,-3.10299996954,-1.58861104051,-0.860492978913,-0.633173094677,-0.48130369882,0.13930588386,-0.742105058686,-0.259719547499,0.996780497925,0.995773924334,0.997602778808,-0.410915744778,0.166335275961,-0.425682539368,-0.550287985399,0.734335821683,0.805690807783,-0.695660825024,-0.266216724105,0.625571194975,0.34732322859,-0.576251294396,0.302090594137,-0.686229214535,-0.02943888023,0.00727470489147,-1.59133534221,-1.59133534221,1.59133534221,0.148434562768,0.0369554263727,1.27281130254,1.27475388778,1.27840771628,-0.153865106582,-0.569081302474,-1.17765277604,-0.000363461928039,0.0998790008858,0.447539360822,0.0806996981661,-0.205340844497,-0.190608581355,-0.18752863525,-0.466173267498,-0.199658184933,-0.699990345641,-0.75806221208,-0.763004153849,-0.633491471718,-0.753879689822,0.165896870398,-0.724752465641,-0.725813103965,0.0158936072831,-0.036131582163,-0.299154677919,0.390286535405,-1.13140258817,-0.961305733217,0.66918878267,-0.0395544249818,-0.89692083476,-0.400092175212,1.35290736461,-0.0866937650779,-0.882850043465,-1.12263905867,-0.315636737122,8852480000.0,01030305,0.01428571
89,600980.XSHG,600980,2011-05-31,0.237021315839,-0.162693061948,-0.123089526092,1.13316581888,0.153557066758,-1.6036508381,-0.761485264614,-0.338609495757,0.438459135545,-0.205084248456,1.51545689659,-0.814753781645,-1.07025445741,0.0875696542033,-0.28122260206,0.0105514214888,-0.432917587294,0.0472235322237,-0.421169536816,2.04752118281,-0.62132732783,2.27097140929,-0.0224941530696,-1.04365750323,0.102840162526,-0.733273068951,0.598469123916,-0.527666343698,0.150439045915,-0.064704097492,0.0444642025407,-0.0642086443654,-0.0654761699126,-0.0201203524652,-0.801905922231,0.0396261334693,1.04365750323,0.100309798219,-0.841282704773,-1.56074106479,-0.37205056187,-0.274557867519,0.420492676346,-0.527872858027,-0.222479141606,-0.141181061674,2.02394275471,-0.369938495032,-0.0557901624022,-0.305479564431,-0.0884091319643,-1.28111717951,-1.1850517429,-0.921937040401,0.169202451601,-1.04662346406,-0.0698935334684,0.101929256868,-0.045670251524,-0.0619891567447,-0.0257345503519,0.688854272917,-1.87645376877,-0.86359785452,-0.597822959435,-0.11042277569,-0.427266142871,0.6081159126,-0.0875696542033,0.0130660741613,-0.427266142871,0.92908390398,-0.113722637009,-0.414365928079,-0.414365928079,-0.393179956708,0.180726871241,0.260069778466,0.201376493093,0.358456211791,0.318750175793,0.137051234524,-0.187917459159,-0.0902684764272,0.226415666081,0.755091295005,0.00958035926592,-0.647240909962,-1.34956427125,-0.653346344476,-1.447335972,0.077721186636,0.026080838979,0.854526771524,0.222479141606,0.496572305454,-0.148205165795,-0.62318231336,-0.5673304077,-0.957279106399,-0.28324408592,-0.34777815469,0.0177997603644,-0.165101454601,0.226185792394,0.248202739982,1.09045081549,-0.210510924898,-0.110595063327,0.605877191252,0.0,-1.50185014631e-17,-2.44329821718e-17,0.0,0.0,0.0,0.0,4.48976087503e-17,0.0,0.0,0.0,-1.00714981173,0.0413470514443,1.10922159624,0.970526835847,0.389787473851,-0.103784484881,-0.603248019324,0.745514840105,1.0549368986,0.936579875835,-0.917091372515,0.0224815960823,2.20994442587,0.0496409338993,0.0445111127591,0.201859211441,-0.0607341634543,-0.142846304032,-0.149914475453,-0.0473577471907,-0.0437145939008,-0.665923472773,-0.135231028247,-0.372522084804,-0.361665943807,-0.161413764044,-0.14431045154,-0.0106817816828,0.342110548276,0.798731244486,-0.496530979488,0.5069077513,-0.122821863551,-0.170571965832,0.0149763911831,0.416100224673,-0.136497317907,0.270988478095,1.15536808528,0.284129448427,-0.911825482037,-0.808609344487,-0.809201765381,-0.808973178659,-0.403766704187,-0.34617744657,-0.354618937902,-0.344489198546,0.534402494445,0.488734139807,-0.802629532438,-0.815207712323,-0.88093719576,-0.774776672974,-0.58401108236,-0.388150314178,0.650229404469,-1.00241803669,-0.580266289648,-0.842385755622,-0.737069752998,0.725623473513,-0.403550462267,-0.705745777323,-0.707208406268,-0.706921268367,-0.260775663645,0.155845067252,0.755704308777,-0.14466963202,-1.27652749499,-1.36055652522,-0.227773419648,-0.118139792787,-0.68359168478,-0.380969172743,0.541326973523,0.302090594137,1.15909304304,-0.0637902264439,-0.051649315158,-0.663814678608,-0.663814678608,0.663814678608,0.148360337948,-0.421748040567,-0.861100140181,-0.862266449647,-0.863997748826,0.184800948117,0.187659517974,-0.224758781006,-0.516907002012,-0.184506673278,-0.144499556614,0.0386697455067,-0.255698938729,0.115292444606,-0.502898814968,-1.18553599655,-0.374646285501,0.700430450529,-0.0646330066006,-0.0616225150849,-0.513562110646,-0.0663435820904,-0.168411924993,-0.0666479811808,-0.0665703324077,-0.237187373761,1.34693479546,0.631815971574,1.08542962043,1.06628881794,1.38133269083,0.0119205350732,-0.0971893616292,-0.0414460317723,-0.522845047639,3.06555374347,0.0616592019003,0.412852691505,0.333767398569,-2.02776470916,2891200000.0,01030305,-0.10746403
128,600531.XSHG,600531,2011-05-31,0.266714156288,-0.197353346568,-0.946153209801,-0.614475342218,0.0309255066693,0.12466691772,0.229495260525,-0.338609495757,-0.492126962748,-0.20013397763,0.168531503585,0.142951614239,0.23299078778,1.76647077713,0.112319218099,-0.192151358147,-1.33088778404,-1.08438408646,-1.19044279417,0.226933619089,-0.44198435397,0.77260464481,0.266905657636,0.832556943916,1.03317479736,0.828883695228,0.6660942346,-0.514844047109,0.167433584104,0.142326331188,0.266795335386,0.194443262323,0.123931167145,0.287853097325,1.17388200248,0.311043472574,-0.832556943916,0.419024919233,0.43814762415,0.455665432333,-0.458298646667,-0.207336515201,-1.3189404353,2.79164638074,-0.906683216773,0.914326275018,1.03190079179,-0.991163553831,-0.195995613931,-0.268787271467,0.269197238774,-0.492168316936,-0.355305731109,0.682827589694,0.223465570413,0.287627681703,0.14363239163,0.342055648963,0.179363772253,0.114727815342,0.337731090868,0.0879235232368,0.274687588533,0.463846768558,1.48817230488,-0.215139586922,-0.432105535084,-0.0196489394881,-1.76647077713,-0.250091697802,-0.432105535084,-0.956400221384,-0.216252529212,-0.465906388012,-0.465906388012,0.219787530071,-0.4425085565,-0.900652049509,-0.0911325359464,0.112674191949,-0.370065588843,-0.577366999633,0.564542776884,-0.446143136809,-0.135917252255,-0.771929218269,0.331480430601,-0.27064158166,-0.140252615552,0.228542945761,0.268230013917,-0.495036398642,1.14458749171,0.439930054044,0.906683216773,0.587459143596,-0.111479532241,-0.38753969626,-0.620083421949,1.48093293722,1.34148927004,-0.344627791868,-0.255025793345,-0.137656017992,1.03673435376,0.0551967801728,0.428160403237,-0.204285093477,0.679985539285,-0.347150595004,-0.0272276834909,0.343805688195,1.45900074988,0.0,0.0,1.08037995054,0.0,4.48976087503e-17,-1.01273164329,0.0,0.0,0.811943096776,-2.03622180854,-1.28625654996,-0.414530402174,-0.29955318838,0.60195001231,0.682785465374,-0.741612406877,1.22120526607,-0.232660648077,-0.280319083099,0.0669350014876,-1.06841248214,0.185142383707,-0.0665384732617,0.176204993191,-0.0876609626396,0.620418120136,-0.719000525485,0.151574874088,0.200704440638,0.0595002959736,0.0195964095549,0.153421104458,-0.0952685766796,-0.469022702079,-0.541220827025,-0.210430179308,0.293910313193,-1.11014089729,0.676262267874,-0.396500195359,0.4328655244,0.0910022878888,0.533355333515,-0.134612933135,1.26638587229,-0.164192094987,-1.14067980453,0.398266103837,0.577316835436,-0.421073245079,-0.421944899312,-0.422252014138,-0.221809621415,-0.250493120024,-0.277368703169,-0.312543675453,-0.0410074070729,-0.0481559579904,-0.524967242836,-0.520777663122,-0.455989318808,-0.522498273718,-0.022969199822,-1.03689459761,-0.667505249252,-0.541298157578,-0.506644581946,-0.727746207778,-0.668503271491,-0.263271636833,-0.221733089097,-0.584989939719,-0.581637064641,-0.58579266835,-0.51168464998,-0.298453739405,0.304176920669,-0.308617046916,-0.0691725986744,-0.163465717067,-0.396083983514,-0.0493564829026,0.461321497275,0.329483080318,-0.576251294396,0.302090594137,-0.686229214535,-1.15766989807,-1.03452986261,0.22961640471,0.22961640471,-0.22961640471,-0.307491393113,-0.563196168473,-0.434660403851,-0.435457767874,-0.435316401731,-0.16689072407,-1.00847919822,-0.360167599118,-0.61884738277,-0.295508823516,0.113015299769,-0.350457566198,0.259995634507,-0.0905838014374,-0.240424778908,0.363974276089,0.121445466499,-1.16524810849,0.152364689718,0.221185769608,-0.160086099066,0.151512846569,-0.0291165935801,0.111001568613,0.121703340738,-0.212852664046,-0.496795482501,-0.530016827439,0.0410183124457,-1.01682110483,-1.14818126978,-0.276946738122,-0.423935803086,-0.512244245497,-0.494543958856,1.59724311699,-0.0624178250269,-1.01404757314,-1.12263905867,-0.533688196233,7357649337.92,01030305,-0.00121997
212,600146.XSHG,600146,2011-05-31,-2.92588507006,-0.330825448967,3.6905904522,-0.106765932464,0.163873260319,-1.61415834614,-0.741495071127,-0.338609495757,-4.11699474125,0.125332729521,1.93810741389,-0.814753781645,-1.07025445741,1.70576322347,-0.72013135019,0.125962554559,1.52958179431,0.644656125937,2.17739918292,-1.29923143939,-1.44835464157,0.761119872464,-0.0027615294206,-0.725935015286,2.26899244661,-0.876843968863,0.479469898138,-1.85816817795,0.0340121781968,0.0360626576673,0.339344413658,0.163985358422,-0.0975345455988,0.271004881469,-0.97858061458,2.53899376247,0.725935015286,0.0521060899477,-1.12498247336,-1.17046883954,0.0361903728364,1.40214399861,-1.44973043562,-0.769903592309,-0.288591841668,-1.22365391427,1.15337531786,-0.947115811276,2.16121086948,-0.477403056472,-1.72954133577,-0.952564446889,-0.83950929714,-0.921937040401,0.169903223691,-0.992367608339,0.101168332266,0.485701717401,0.286916058543,-0.136873501883,0.221440869817,0.172146962313,-0.998844172282,-3.10919743556e-15,-0.851147839911,-0.194402982607,-1.81052575038,0.457293903437,-1.70576322347,-0.194522532606,-1.81052575038,4.29162384268,-0.201205312494,-2.03431121736,-2.03431121736,-1.17694827965,-0.692406017059,-1.34901330852,0.457357445096,-0.0560271821116,-1.05532343811,4.32378202191,-1.69374124485,0.184018026522,-3.47969369712,-2.04215348907,-2.25247932569,-1.33790986677,-1.22629250247,-1.12180593545,-1.29676768068,-2.06345354313,-0.599763893356,0.942403249686,0.288591841668,-0.847079058433,-0.181650097592,-0.485724120051,0.970728254483,-0.0662335419991,-1.08503956055,-0.762480460784,-0.209023931148,1.50907017855,0.0552107052299,0.587425336011,-0.61849498042,2.29227330605,0.175924081244,-0.0767245590231,0.0,-1.50185014631e-17,-2.44329821718e-17,0.0,0.0,0.0,0.0,4.48976087503e-17,0.0,0.0,0.0,-1.19677919198,-0.633698981926,-0.734544886924,1.46932558394,-0.733087038528,-0.809518982072,-1.72257345971,1.20960420705,-1.05634467757,0.118043411221,-1.10344347705,-4.13574704165,-0.108531577502,0.956640791582,1.09686438575,-3.08652060417,-3.29064418949,0.0817036693956,-1.62560095383,-0.202315523761,0.696469594585,0.365933974878,-0.06230409395,0.452314891086,-1.45649833677,-0.939823806266,-0.992794313951,-0.676648416834,-3.04814729104,-1.93630953495,0.962692941913,0.390007120973,1.38860325782,3.46083044434,-2.04099449445,-3.58743028896,2.13285481706,-0.045742674417,-1.32321110764,-3.72561857099,-0.26352457132,-1.07078435605,-1.06808069448,-1.05705111941,-0.241575555697,-0.0348478065533,-0.174569957331,-0.0745250202515,0.797416534563,1.05519855096,-0.123611180088,-0.190268951982,-0.484465554225,0.0570454265481,1.20239515736,1.36529572065,-1.03496621599,2.53376506025,1.87133605551,0.297990058133,-0.159690805126,0.199600670957,-0.240667019832,-0.666473287672,-0.650691848127,-0.664417759618,-2.96926836763,-3.81814233056,-0.786047365943,2.48045871518,-1.82539071427,-1.91787449134,0.0807332030535,2.61812026131,1.25174876151,-0.368181814852,0.876600453899,0.302090594137,1.71268972031,-0.730002022719,-1.84296276885,-1.38466726173,-1.38466726173,1.38466726173,-3.34384321081,-3.08189167568,-0.964984401691,-0.962435915743,-0.952680447457,-3.86616609078,-1.96050797233,-1.0372796933,-2.84511583235,-4.11820270816,-3.29550038977,-3.82003015823,1.3114861219,3.94522539821,4.27236276095,1.6978234431,-2.82399280391,-1.67455861024,0.0743805499466,0.195821387268,4.10667071122,0.0411927359037,3.24896687234,-0.246370231555,-0.202500949457,3.39355131584,0.408049229971,-0.794175256499,1.79355815539,-0.916246820603,0.289556527785,-4.25613422684,-2.45977636281,3.47231624627,0.027717223818,-0.829725987191,-3.37473497865,-1.32627735308,2.51837708443,0.221874014769,4266000000.0,01030305,0.0525082
297,601958.XSHG,601958,2011-05-31,0.0434122840118,-0.535725808072,-0.486874579665,0.0671659393675,0.159969044087,0.762144714505,-0.738296640169,-0.338609495757,0.651645400715,5.6490189924,-0.432044268408,2.20201821539,1.81732814468,0.727022552771,-0.53254959458,5.5254123827,-1.30916269864,-1.36552883644,-1.11169828751,-0.79433164945,-0.359998994492,-0.562599147036,-0.0878494667975,-2.1498564406,-0.522011457884,-0.35656410221,0.360994898024,0.00559034384141,0.0671800899142,-0.239599858998,-0.145577258887,-0.223203021758,-0.248325432913,-0.174011435808,-0.30136198638,2.02454861772,2.1498564406,0.0671622888878,-0.307259610961,0.50888437214,-1.80951864182,-0.21613699176,-0.792085801225,-0.399910247425,-0.127676024537,1.17542095279,-0.142352960241,0.576328526073,-0.483250446059,-0.148053376952,0.27445475024,1.33759168294,1.56889490132,-0.921937040401,0.170218571131,-0.941433539705,-0.236941725308,-0.123201841698,-0.208248569008,-0.26201435387,-0.151267760577,-0.497795906883,-1.12864660649,-0.828591403489,-0.696420685482,-0.278641636939,0.247829070822,0.323980695161,-0.727022552771,-0.403146589656,0.247829070822,-0.721414069261,-0.258397019466,0.302905472652,0.302905472652,-0.268670935956,2.31595066777,3.7448606699,-0.0553060103504,0.306120276281,-0.292303038391,0.157073606709,-0.187917459159,5.49641798131,-0.500964274848,-0.105863964356,0.114690586641,-0.112896202635,2.07395801597,-0.414883480396,1.01742133011,-1.60067609822,0.257719712471,-0.322417171032,0.127676024537,0.500871007258,-1.05017032237,2.38126105466,-0.392628867007,-0.915113143653,-0.670271327117,-0.0041022104133,-0.408769857112,-0.961019116261,0.257847845572,-0.898135687977,0.203454727649,-0.889126549706,-0.222019175104,-0.477998212072,-0.690346693549,-0.984266570203,-0.741726638209,-0.882558209734,-0.504276964792,-0.705554253417,-1.10421160374,-0.477355776212,0.197606174301,-0.370551345872,-1.01057884297,-0.614024871267,0.192085486081,0.455393635672,-0.491725446523,-1.06163050323,-1.51525347926,-0.329675844042,-0.861086901083,-0.474319420189,-0.801277909269,-1.13236878142,-0.235266589387,-0.659567618877,-0.429506424719,-0.496270059861,-0.0866765597471,-0.378282789092,0.768310591197,-0.566809294519,-0.236655383392,-0.181816701485,0.341521701643,0.0760827954463,0.119169448602,-0.472274629677,-1.13928809187,-1.21447041593,-0.709916353765,0.0167082599608,-0.118531866165,-0.215433608074,-0.451876635607,-0.309660604285,0.0111912459069,-1.00174759004,-0.511564178555,-0.360340152572,-0.326856334164,-0.214458632277,-0.340308991837,-0.48896755719,0.310831840371,0.313395719222,0.316888221251,0.0105620041543,-0.130458779313,-0.10909778085,-0.224542481924,-0.453492039492,-0.460187303556,0.0466425672818,0.064373366036,0.194481651566,-0.0113373188785,0.206401030703,0.292753431171,0.0837725136061,-0.622688970932,-0.927821536655,-0.184913398795,-0.127303426487,-0.812789992388,0.0101594539939,-0.0740825546333,-0.0511258941737,-0.0696207997539,-0.650215832989,-0.126903976536,-1.42001844604,-0.84844980852,0.60748339323,0.702389169828,-0.953495080596,-0.263255185479,1.78222712401,1.03263813725,-0.0174621604362,0.302090594137,0.236431914252,-0.312167060593,-0.351150695173,-1.41236504571,-1.41236504571,1.41236504571,-0.385613015998,-0.536278317966,0.111649364003,0.111721330158,0.116028939826,-0.466479926304,-0.49584831985,-1.18454834361,-0.54564187444,-0.487239810291,0.435767253102,-0.473395177727,-0.0721546603849,0.370245494814,0.205995128498,0.121724814971,-0.262953825094,-0.131642413761,-0.235925017888,-0.214259019287,-0.137281195094,-0.237838864134,0.0637469606952,-0.259210685154,-0.244372434173,0.0450952589421,-0.468627642893,0.0561359304176,-0.787762267161,-0.230931925942,-0.00881428676565,0.188069731044,-0.264482114371,-0.793574885406,0.393964176558,-0.938723291621,-0.496687419272,-0.160755112674,-0.394435830053,-0.806838371488,64209427560.0,01030305,-0.02064373
316,600219.XSHG,600219,2011-05-31,0.28187487855,-0.209903141961,-0.785481477806,-0.220535161711,0.168587167204,0.964062878589,-0.75775376183,-0.338609495757,0.749823285991,0.106293226345,-1.19056772264,1.77105078724,0.23299078778,-0.972114421378,-0.325287130186,0.0795008717101,0.197109889458,0.117509719719,0.0452402333928,0.372302171748,2.19486977026,-1.76632209686,-0.0532273543185,-1.49643633926,-0.771952106047,0.0385851636029,0.163886048277,0.108922969291,0.225272138444,-1.07994030834,-1.17270159642,-1.11908340126,-1.04567669212,-1.16485026651,0.197120401135,-0.355314986931,1.49643633926,0.0722549103489,2.4184832637,1.85118429838,-0.878039326013,-0.755239247717,1.90130149356,-0.918462323673,-0.191917610446,-0.117639738268,-2.12643688609,-1.06710793755,-0.25904462953,-0.248679210685,-0.0796147491501,0.260124533825,-0.0556875641271,-0.921937040401,0.170498879967,-1.02890726627,-1.09738642001,-1.19986081413,-1.13762353133,-1.04179458104,-1.16661757536,-0.861421708717,0.164077382091,-0.790784436376,-0.549712020822,-0.273016604977,0.298642689057,0.347414527527,0.972114421378,-0.384968684685,0.298642689057,0.134606913471,-0.25559639464,0.237048218294,0.237048218294,-0.481613286832,-0.0886255053073,0.58649544459,-0.221706427726,0.175186529889,-0.403829853369,-0.480254328994,-0.187917459159,0.0425359311488,0.212845144795,0.137175336555,0.462868214819,-0.0262073006488,0.199915050178,-0.385957511676,-0.0456820601021,-0.274453486662,-1.12562611357,-1.46330922511,0.191917610446,0.639043565245,-0.348419103556,-0.112623309643,-0.215186909989,-0.466578506971,-0.652360880673,-0.0416201676635,-0.401791833498,-0.171962813753,-0.331066343547,-0.207993165022,-0.583015136906,-0.27899507052,-0.0787596028189,-1.30347086477,-0.81560250656,-0.330619532986,-1.56699940874,2.45380838898,0.640902416142,0.692133384466,1.14977443353,0.801200664039,1.03743241508,-0.368770620492,0.863063616588,3.20329700061,2.41711585821,0.510706630167,-0.632754854467,-0.439956378425,-0.103784484881,-0.355933887651,-0.936734068269,1.1202750368,-0.718879479802,-0.740838188896,0.352007757252,-0.365416403094,-1.13740513679,-1.04724685204,0.343024851925,0.375189379913,0.125083938792,0.137334700952,-1.08468527312,-1.16888729967,-0.612897773049,-0.564609180766,-1.59085781415,-0.0625246903557,-0.0592901863266,-0.142679973632,-0.070082870072,-0.0924351896048,0.405398592675,-1.25183976193,-0.787855054843,-1.08784581669,-1.01476682602,-0.0721528269364,0.306798376559,-1.697155662,-0.768815568005,0.153548027226,0.381439695408,-0.449972013688,0.405760934707,0.404763894755,0.407995219135,-0.206069742452,-0.177279303975,-0.319289715652,-0.0753524120013,-0.416833615839,-0.464779653261,0.666870532243,0.688509607452,0.759432174523,0.626471985077,-0.0762014156342,0.267653440096,-0.718753514643,-0.397356091319,2.25676826876,0.781112269332,0.260275476484,-1.38897629628,-0.205950780912,0.153266004507,0.153879374155,0.14697263569,0.414725435708,0.609093976295,0.00128414375627,-0.344167778379,0.85299158346,0.955249982201,-0.10033203985,-0.348207236033,-1.27618666849,-1.02748463635,-0.576251294396,0.302090594137,-0.686229214535,0.48595901315,0.542588386051,0.75516410078,0.75516410078,-0.75516410078,0.32649990557,0.411475904105,-0.100418494382,-0.100266516148,-0.0985808023763,0.536492620304,0.309714489014,1.28542492094,0.423817988207,0.472332496726,1.15337531956,0.41623882023,-0.507143306149,-0.881355125689,-0.784422954358,-1.26825532474,0.183767327581,0.360683560137,-1.09035202476,-1.1323977714,-1.09244016417,-1.08312575167,-0.326279967261,-1.00686024471,-1.01055104068,-0.371028277198,-0.647768692449,-0.446034887148,-0.310701064729,-0.186280293206,0.0921052534502,1.13757809005,0.335473524455,-0.38593252962,-0.306866680226,-0.818022288746,0.408265679295,0.169781299308,0.495428515323,-0.148309374794,17929612168.7,01030305,0.02618439
330,600362.XSHG,600362,2011-05-31,0.178414223542,0.0247312157932,-0.879459283313,-0.236805223121,0.169531911851,1.66739664934,-0.308374212238,2.33702456638,-0.222137778239,-0.0571201094867,-1.20055650887,0.62180431218,0.284098444454,0.691272548949,0.156962590601,0.237619208208,0.255043450539,0.236996238462,0.214843786196,0.774010763744,1.64454304476,-1.06278078402,0.0044941706985,-0.65743521284,-1.60508759993,2.34362254751,0.482091026459,-0.146768709741,0.158222258783,0.697348741518,0.967974080767,0.717231481638,0.702214369381,0.839697202881,3.0373155429,0.303171448546,0.65743521284,0.187373163778,1.87333468877,1.30125525371,-0.705543156419,2.6982496091,-0.267447946822,0.637685124306,-0.545558185304,1.63768693966,-1.13439492316,-0.802821482215,-0.518880737867,-0.125858388551,0.066639660695,1.82594435647,1.62796578215,-0.752228428927,0.200562002615,0.141469049968,0.695367571565,1.02783626905,0.695354707813,0.682472882103,0.839155799534,-0.463841125417,0.574093838683,-0.103257738137,0.783436148529,-0.133029323062,-0.0336622428924,0.207965472045,-0.691272548949,-0.0469900422617,-0.0336622428924,-0.771768244716,-0.174083472074,-0.0170748827637,-0.0170748827637,0.254905459001,-1.69805213723,-0.623233990096,-0.127200812377,-0.142460814376,-0.404762676753,-0.523020560845,0.564542776884,-0.0287195155567,0.713597380248,0.0236805686767,1.26433369855,0.906053678091,1.26098850292,0.603169516253,1.03475949699,0.873534161615,-0.673033520556,-0.957330984758,0.545558185304,0.970657704413,-0.0279583333527,-0.230444618193,0.274662508034,0.925361625872,0.901942674614,-0.169639456907,-0.149786578507,-0.844376010673,-1.00230187093,-0.728524389963,-0.831374041503,-0.764609921301,-1.00198795755,-0.153694941984,0.660451289902,-0.250969827789,-0.30158116059,2.65975694446,0.64785300719,1.67569135186,1.22098596178,0.213685862547,1.38324322011,-0.362232334475,-0.249883215429,0.280905879768,-0.52883746218,-1.30469421479,-0.371479319749,0.223136687446,0.60195001231,-0.346774104997,-0.101012983167,0.667894401007,-1.02600089872,-1.08453397492,0.918890633522,-0.369396308843,-0.096682841768,-0.201285985828,1.11982702724,0.967137539051,1.48859430108,0.0898494029882,0.835675614918,0.568712028277,1.09503118603,0.928283439478,2.28325775017,-0.537398291298,0.825241297738,0.359116825738,0.912988185656,0.99347284151,0.00334722136358,0.225711326675,-0.131306500758,-0.177424835495,-0.279217964917,0.211744223316,0.742604463272,0.433890538994,-0.0835803557238,-0.315822111425,0.785050138316,-1.23110149446,0.0340313844528,0.0308512427438,0.0281428519992,0.41765374764,0.0833907136891,0.500724532213,0.0806729269077,-0.225028835831,-0.197400409732,0.154475381326,0.16010850437,0.203066187239,0.200688834878,0.299354897927,-0.156862158174,-0.395725884386,0.239959535856,1.06322807428,-0.274802276016,0.498539312553,0.228647915802,0.416693001602,-0.289655785239,-0.291850757088,-0.294911240386,0.449185182153,0.62415419862,0.191705830259,-1.11945615583,0.754443514506,0.863691293831,-0.332340705636,-1.22285671188,0.910697736318,1.93724875237,-0.576251294396,0.302090594137,-0.686229214535,-0.813007134388,-0.478063969126,1.84390007115,1.84390007115,-1.84390007115,0.278587784362,0.165850518225,0.209497559137,0.20700339925,0.207574907615,0.718851265142,0.041193552726,0.752154094375,0.0536854647827,0.321424614791,1.46337415619,0.203287060089,0.476720331966,-1.00814476502,-1.06158590436,-1.67298918051,0.57473962796,-0.561381951708,0.699505359074,0.735012909709,-0.700888107567,0.704638038391,-1.08466566051,0.707902585919,0.728825068313,-1.09376915576,-0.134360795254,-0.540718351786,0.601652538817,-0.361356522497,-0.00611409839867,0.5003292693,0.47194450273,-0.431864062666,-0.398659208692,-0.224340409626,0.8708572036,0.185036826015,-1.12263905867,0.495844888191,1.14477834129e+11,01030305,0.07199032
333,600366.XSHG,600366,2011-05-31,0.43203907602,-0.266691255102,0.822751613197,0.845325561527,0.154330183586,-0.240351864816,-0.473893014311,-0.269412063115,0.40269433448,-0.194802916741,0.149490379837,0.526033772592,1.33180540628,0.35063572007,-0.387983211665,-0.0505370874425,0.573678036482,0.293225188459,0.384447338999,0.181889842209,-0.3743464324,0.628846977172,0.0247669209072,-0.532095148789,-0.327613175979,0.0873202397197,-0.281181540646,0.225077891329,0.283217801218,-0.360078397057,-0.199153785606,-0.345217705158,-0.377515010236,-0.274190223369,0.225569768165,0.680358642414,0.532095148789,0.0978203247817,0.872041387872,2.08179970421,-0.423799412748,0.147183051589,-0.715976366009,-0.241070999223,0.409333737286,-0.22079353719,0.910426265719,-0.35171184294,0.024663516272,-0.322705270265,-0.64166662254,-0.533638597583,-0.398920471693,-0.327278065797,0.195317891477,-0.376729735274,-0.353834254579,-0.14092778361,-0.33128708433,-0.3656855431,-0.257286337208,0.245501086096,-0.833296213852,-0.451921990401,-0.588319564153,-0.376775640497,0.313160865696,0.326011183477,-0.35063572007,-0.662315960529,0.313160865696,0.543035225493,-0.350940473146,0.136114817592,0.136114817592,0.916718792384,0.0449165923114,0.00803065824243,-0.0994800500474,0.235452300509,-0.38097550602,-0.335691505873,-0.187917459159,-0.0820380921247,-0.667881686665,-0.601113860553,-1.28896890809,0.330496214083,0.722649765865,0.0309997447477,0.656057430946,-0.864464274137,-0.868037580448,-0.196485921701,-0.409333737286,0.459112189733,-0.553189571534,-0.308992157227,-0.1384552529,0.244682512974,-0.401210635428,-0.0167036617035,-0.665250148986,-0.233715046123,-0.717343392324,-0.418545121178,-0.494315528122,-0.310124227622,-0.704856992806,0.108013004442,-0.200989424089,-2.02923607208,-1.78707214755,0.373727978671,-0.527908974352,-1.32674875914,-0.447936198038,0.415563195218,1.33384167653,-0.385825265828,-0.587363631023,0.15161312051,0.470623897908,0.0838037752189,-0.983101594202,0.695476419287,-0.103784484881,-1.15649889166,-0.350168335407,-1.35810371056,0.259686992452,0.226414014724,-0.413488040416,-0.458401473766,-0.350043867721,-0.265215276043,-1.11708052871,-1.05724644478,-1.70738996739,-1.08043342425,-0.363733024415,-0.299995463637,-0.741846073737,-1.1251542506,-0.624333692329,-0.957111132711,-0.979778168988,-0.865065889709,-0.694642153831,-1.42921428999,-0.509528762258,-0.317073426899,-0.40840659693,-0.24057112958,-0.307280557098,0.126265333501,-0.755391378195,-0.20260046173,-0.356805260441,-0.516226844521,-0.408061344364,-1.30787397073,-0.443597130769,-0.443783297419,-0.443593215182,-0.358262572983,-0.268593391531,-0.384680175725,-0.297712859255,0.601101034468,0.608978177487,-0.495315917066,-0.519241573796,-0.649310432625,-0.456221763457,-0.279929637667,0.987615604158,0.569540646194,-0.0590559737448,-1.08064575068,-0.427927118226,-0.697279254645,0.508512667332,-0.357854141414,-0.403721958863,-0.396897633086,-0.403494135646,-0.689154012115,-0.812375332798,-0.0708396368104,0.895743386684,-0.00742333154987,-0.22219257113,-0.444075910421,1.7331243037,0.117007048338,-0.581952830245,0.541326973523,0.302090594137,1.15909304304,-0.238611761637,-0.334995983562,-1.00471048146,-1.00471048146,1.00471048146,-0.434081823355,-0.461413046242,-0.642364280672,-0.642047159599,-0.642323042899,-0.66186418863,-0.300560366186,-0.488490439503,-0.422492421175,-0.49412010886,-0.982771727202,-0.389335272408,-0.797988852019,0.415769441534,0.78448148259,-0.0318967945184,-0.603046168574,0.133181020451,-0.356223898091,-0.336327016973,0.301305975957,-0.361994500229,1.19358687105,-0.390143621854,-0.407129515007,1.10365513158,-0.28242577946,-0.227971665411,-0.0856766066124,-0.089554745411,1.50385373799,-0.535349666121,-0.785958032662,-0.357225321466,-0.206338567394,-0.535856152963,-0.844642560003,-0.329582941563,-0.313605271676,1.68541242765,7005084750.0,01030305,0.15658069
347,600489.XSHG,600489,2011-05-31,0.145474448518,0.671366455459,-0.342876329293,-0.587373536242,-0.0896478653783,0.78249046256,1.32069328901,1.95355546049,0.54505226813,-0.194530923838,-0.102414322865,-0.0964747347324,-0.380301092311,-1.10971820968,0.799552203549,-0.294969341489,0.0305509013511,-0.00197679902332,0.0452402333928,-0.836918493046,0.264114554539,-1.30653517639,0.203836879678,0.424473014449,-1.99388416374,0.749853842065,-0.321546916791,0.132304804247,0.3008192872,0.704395685002,0.886223078033,0.717338271183,0.706793070289,0.775043513513,1.05245680552,-0.48185358594,-0.424473014449,0.241561839012,1.11680197254,0.591669389618,-0.538796859144,-0.754557291968,0.0576797375968,0.197622864322,-0.153871622674,-0.658662152533,-0.749725590602,2.63594021246,-0.80718590906,0.206262457152,0.273928999093,1.06900615859,1.28659827082,0.87697424122,0.645645715843,1.94187764998,0.697885655948,0.880210590891,0.702397420667,0.703097399297,0.743557947795,-0.551134557373,0.366832772713,0.367228963714,0.106913196918,-0.156259184787,0.103453869805,0.327043070981,1.10971820968,-0.0616397462678,0.103453869805,-0.878071504009,-0.17721574984,0.179065200869,0.179065200869,-1.25644250059,-0.0423966965186,0.825407527302,0.143199865858,0.194084986945,-0.373615829526,-0.435895934399,-0.187917459159,-0.304392659339,0.75973715262,0.139468160149,0.857031567474,1.02400742997,0.560367943682,1.11819286175,1.18350271811,0.505604210579,-1.14012739396,0.161028639024,0.153871622674,0.374980454426,1.3971420575,-0.446450350535,-0.455658442473,-0.0347249104966,0.642308533686,-0.0536488257132,-0.111900461166,-0.9267123205,-0.881986068852,-0.816254371694,-0.476575606365,-0.820642404083,-1.00198795755,-0.566399487607,1.65267380866,2.40257741601,0.743764348753,0.497297111957,0.130729033279,1.67569135186,0.100423940188,-1.14186866292,-0.988030871507,-0.362433926028,-0.909431049521,-0.39816217755,1.09323917141,0.646861693539,0.602365855108,0.459989068874,2.01341900669,-0.719882585125,-0.0613882765458,1.38695780613,-0.887081232514,0.604437820006,0.548173702206,-1.06370895717,-0.307199317399,-0.464443193396,0.905637234488,0.791230498472,0.60158195053,0.375192359547,0.845831409999,0.573051205289,-0.228549744082,0.304846674904,0.0541507216964,-0.287130355649,0.223878367786,-0.0279188243918,0.359104871007,0.792035744054,0.111459343163,0.16260057894,-0.526848055696,-0.457125773414,-0.33791769902,-0.465945509544,0.790248858604,0.0195756091152,-0.257888775227,-0.420960582251,0.948251409457,-1.01784461593,0.277175417178,0.27802771603,0.279992744345,-0.0357356575441,-0.141950473413,0.000894980385187,-0.26683402022,-0.321286643307,-0.355150127639,-0.395047923072,-0.375365538932,-0.233721318275,-0.407684496291,-0.0390583692616,-1.74252065391,-1.2827570311,-0.540587683411,-0.588213909914,-0.688701938614,-0.294649748518,-0.0821476903069,-0.0359573916334,0.840471275756,0.831988118224,0.840143886235,0.41964587385,0.26313846603,0.164011518088,-0.941108386795,0.678526395229,0.799734590055,0.196489068173,-1.20015998394,-1.11619522742,-0.669438615416,-0.576251294396,0.302090594137,-0.686229214535,-0.423266210058,-0.229002480041,0.0492257090322,0.0492257090322,-0.0492257090322,0.323011339037,0.090726421016,0.866598562648,0.86696338138,0.868211640686,0.770953735096,0.138837529558,-0.592073561112,-0.000363461928039,0.376008316768,0.573108509839,0.396624842322,-0.0829112003177,-1.08322848568,-1.17355877296,-0.0259882710765,0.0546929106064,-1.00399367743,0.706234146232,0.725428774865,-0.738149691737,0.711275146259,-0.787502286829,0.710644136687,0.718235090471,-0.899091478032,-1.28511791202,-0.741587632178,-0.829382299003,-0.371609336213,-1.50426861068,0.625668289533,0.175039952736,-1.20121724119,-0.23881454902,-0.0509591458441,0.785891413421,-0.0376938639049,-0.394435830053,0.660335807402,46720069191.2,01030305,0.0836873
416,600255.XSHG,600255,2011-05-31,0.303631848477,-0.224134848833,-0.811249585768,-0.278870817127,0.172480458787,-0.41703862424,-0.696450501802,-0.338609495757,0.0352285353048,0.0461283963085,-0.461386327954,0.358435328312,0.23299078778,1.45821131021,0.0037497198183,-0.152181795965,-0.222908428377,-0.676724198982,-0.699803944992,0.976707759705,0.060175972836,0.870225209748,0.0860172727811,-0.0117881387188,0.491636726336,-0.290705891241,-0.329410301755,-0.594794837603,0.138871335047,-0.983695089882,-1.09510528233,-1.00567290409,-0.97099083506,-1.051243405,-0.236423213813,0.87104586276,0.0117881387188,0.220378579876,-0.0791872479794,-0.0351314569967,-0.67679379482,-0.703248240441,-1.13273094331,2.41281108963,-0.89732764601,0.597588469198,0.0803503375582,-0.90306806872,-0.859652209035,0.329314209801,-0.121483658635,-0.892428316908,-0.776263481874,-0.813323529058,0.17372243158,-0.927039129003,-0.981928435782,-1.11488489828,-1.00953128909,-0.976258732013,-1.02916538152,0.319530828383,-0.237220105403,-0.759978759469,-0.476654669594,-0.0542788755906,-0.431298969715,0.434858671882,-1.45821131021,0.129228255927,-0.431298969715,-0.469643191987,5.45823100524,-0.483086541323,-0.483086541323,-0.645071283307,0.917792264174,-0.197626262774,-0.0997123204568,0.239117138129,-0.327208563838,-0.537016782178,-0.187917459159,-0.0843193399477,-0.46025271099,-0.504815269626,-1.30210768651,-0.381489685839,-0.424245804373,-0.388779557405,-0.50924989034,-0.334081708481,0.520269209939,-0.45160310474,0.89732764601,0.656852472719,-0.249360136625,-0.662456082876,-0.955784421713,-0.196901690289,0.976008430584,-0.3606660026,0.445962187579,0.713152516886,0.853094445327,0.224808078187,0.339460794452,0.119458140376,1.27424746876,0.372845632135,-1.84405097123,-1.50185014631e-17,-2.44329821718e-17,0.0,0.0,0.0,0.0,4.48976087503e-17,0.0,0.0,0.0,0.692019378045,0.526331580274,0.54474539601,-0.145832267038,-0.514331068262,2.01341900669,0.261435463265,0.236997771799,-1.0888418042,0.0642460895037,0.581081467921,-0.225070854202,-0.249637326771,-0.832007996084,-0.769209551061,-1.00329557332,-0.710361586421,0.377031977102,-0.530488998514,-1.01871040582,-0.989882067607,0.165637936104,-0.51287576417,0.0587003205005,0.445728960705,-0.854921797086,-0.524387864966,-1.24327196276,-1.55809752728,-0.485859053393,-0.980665565704,-0.640931615848,-0.668480134205,-0.491618318579,-0.731242548166,-0.469525006204,-1.03452838607,-0.591790960393,-0.360615744448,-1.06004744445,0.934369780624,-0.0739432162669,-0.0716963862878,-0.0719328902748,-0.310525416208,-0.270193701701,-0.26740970168,-0.208267710328,0.0862276562189,-0.0332113346527,0.0102404602714,0.0205407330709,0.0283885958129,-0.1175605852,-0.807322819804,1.22311174613,1.1681640015,-0.720664281272,-1.16774374463,0.8170729436,0.210569055249,-0.958521903386,-0.310281776691,0.232937740737,0.224125041945,0.23620369657,-0.369700820546,-0.243953313251,0.069003935843,-0.184456837074,0.738771111682,0.74696395372,-0.427014456645,0.477557949043,0.0435195802849,-0.905573119901,1.32363176107,0.302090594137,2.45081862334,0.411509812991,0.310378934259,-0.251898916824,-0.251898916824,0.251898916824,0.0628904578999,0.227645102924,-0.220417818302,-0.219225890077,-0.216428504316,-0.948427773376,-0.178505395146,-0.780225990778,0.254145408153,0.00493088064075,0.200325098695,-0.0520449023165,-0.131301968025,1.0141180066,1.69522090292,0.89278712414,-0.633720209575,0.255227387228,-0.988767820905,-1.01496922752,-0.0348627424295,-0.988719529357,0.593069220065,-0.958916181275,-0.96199699133,0.981981583001,-0.539622288171,-0.594202139394,0.0720402902222,-0.451174787433,0.405664627566,0.620119426658,-0.0715342429979,-0.437605504297,-0.478932890896,0.750683597664,-0.5573772694,0.114861403164,-0.394435830053,-0.309792286159,4580405000.0,01030305,0.01470131
419,600259.XSHG,600259,2011-05-31,0.237668348048,-0.16364768639,0.230085130084,-0.569018375225,-0.615291073327,-0.571438758327,-0.214820106717,-0.338609495757,-0.283849591841,-0.328460229037,2.68320843663,-0.814753781645,-1.07025445741,1.11150372596,-0.358498326261,-0.400094765309,-0.548784709456,-0.810267955224,-0.312138681442,-0.737822183909,-1.57543194876,1.76187917307,0.786111315291,1.37521140727,0.935975656405,-0.224847680272,3.95561027758,-0.133192160412,1.41235491206,2.94843132419,3.14051290241,3.01870636848,2.9102312601,3.15532455968,-0.140767371047,0.17964766725,-1.37521140727,0.228324433451,-0.724465153001,-0.874808062839,0.22018628707,-0.582314754435,-1.63963456038,0.973468558212,-0.152000508522,-0.21180503189,1.98345124602,0.883143836286,0.627777000262,-0.403240149179,0.14397287479,0.136896143878,-0.329367840579,-0.921937040401,0.0692139539383,-0.716659280294,2.93988879308,3.18490885543,3.01774731555,2.92210862769,3.22866975965,0.425946244665,1.75518803372,-0.810388048953,0.00386075433316,-0.176904572368,-0.182876836122,0.180581618693,-1.11150372596,-0.292890309506,-0.182876836122,-0.441668650068,-0.143227465219,-0.22610008138,-0.22610008138,0.759326619997,-0.6119674221,-0.499548125542,2.04136105356,-1.14224778676,0.123994339744,0.396638559157,-0.187917459159,-0.446769361702,1.1003572369,0.901832004989,0.377466155077,-0.219480918192,-0.751930253013,0.383755460842,-0.642480014778,0.992998149003,2.11502843947,1.80289172673,0.152000508522,0.247861701078,0.254865497253,0.181929961732,-1.19831126644,1.29975830608,-0.249173838173,-0.218326882346,-0.162946220867,1.50220881939,1.86628014704,1.04946990646,3.61543301223,1.51404437851,1.39097749063,0.267425140654,-0.200989424089,-1.50185014631e-17,-2.44329821718e-17,-1.78873185383,0.0,0.122705087551,-1.12962188475,4.48976087503e-17,0.0,-0.28449191214,0.38301297785,-1.09521879268,-0.34205288013,-0.294877494785,-0.208182110551,0.504138071965,0.60195001231,0.594240899714,-0.0890054963121,1.45814198827,-0.816259441899,-1.21507187866,1.11750355492,0.248936320645,3.19612098938,2.82061298464,0.959535371253,0.770336479432,0.0894093751436,0.200500926464,3.18307550591,2.84262512673,0.864333253282,0.573016628066,-0.146927949524,0.716788322977,0.630398025122,0.706247868678,0.743877772648,1.03489597482,0.7966753489,3.47742593748,2.18764029935,1.40420410695,1.41097394028,-0.288034707385,0.791650164349,2.42719821499,1.70442722873,1.0620663595,1.0661107216,0.818601760853,-0.946846808655,-0.947573375282,-0.947217495245,0.0441704523165,0.118322086486,0.0882126765668,0.374673921032,0.530640427138,0.548045843543,-0.527086306634,-0.549514021727,-0.658592010483,-0.492236402827,-0.180613950889,0.85405532563,-0.274692746974,-0.196976540765,-0.639723560314,-0.329676641553,-0.669642719296,1.01272525192,0.0428102922492,-0.823688266482,-0.818527715702,-0.823375078175,0.514401836848,0.0296294010698,0.315830551723,0.151801257737,-3.45312647152,-2.03662355577,0.62596184991,-1.29679435921,-1.8805429942,-1.86520045034,-0.576251294396,0.302090594137,-0.686229214535,-1.58776407669,-1.12657685251,0.909987611243,0.909987611243,-0.909987611243,0.163279526737,-0.601696459463,-0.821988463875,-0.823097484814,-0.826024479057,0.927261144957,0.431769460054,0.300242804763,-0.628425673579,-0.231292703544,-2.08052077213,0.405731332065,0.598685468494,-0.302642019434,-0.782041691442,-0.540029810522,0.813072057643,0.0210775033093,2.96304811797,3.05446511004,1.73821854146,2.95919910639,-0.762738672355,2.8820111453,2.87113836356,-0.947760897463,0.470578440185,0.669564466589,-0.287811818281,1.42134753094,0.226552132556,-1.51804240115,0.191787044065,0.148021542044,5.10343620367,-0.92226231496,0.598427209694,0.18096868556,0.333767398569,1.92570753525,15495222000.0,01030305,0.17366812
431,600478.XSHG,600478,2011-05-31,0.511569265247,-0.278772889568,-0.320139763444,0.350088593661,0.156804062438,-0.560730469878,-0.28918362649,-0.338609495757,-0.088195091899,0.275799203193,-0.48261249869,-0.814753781645,-0.584731719008,-0.108718102636,-0.275506513846,-0.107128042899,-0.367742331078,-0.536151823991,-0.402997727587,-0.673941918515,-0.507572641553,-0.193304312127,0.0431492281568,-0.449506734492,-0.0499013446855,-0.817571578991,-1.06909271397,-0.658152067806,0.165291415425,0.0812931468519,-0.12387967391,0.0568601887752,0.0854641040543,-0.0297763235873,-0.895500216661,0.193549326704,0.449506734492,0.125636496021,-0.91916107262,-0.490449053122,-0.262802987794,0.375573279054,-0.282226477932,-0.204790950043,-0.692128793932,-0.681775451877,0.0398588288675,1.30995127277,-0.76822492422,0.134759527274,0.278206701603,-0.459228582817,-0.588746745882,-0.186080501051,0.21854848625,-0.0478728138704,0.0905160722712,-0.196906075441,0.0749304016562,0.0894253433144,-0.0236846938819,0.828907568175,1.0471147805,-0.521934892462,1.74060624205,-0.38338885375,-0.551477209668,-0.324188900166,0.108718102636,-0.619478998815,-0.551477209668,-0.0276454296615,-0.436715750162,-0.605495133663,-0.605495133663,-0.444579834506,-0.430816900256,-0.37848766849,0.0691340465361,1.20772317374,0.962163709959,-0.215103691517,1.31700301293,-0.00590703732705,0.474756205614,0.368750519499,0.0643252693569,-0.819197584394,-0.419564597964,-0.741535273499,-0.474573556582,0.303754377971,0.632463326589,-0.664159030549,0.692128793932,-0.0978767440169,-0.732443470294,-0.544634774326,-0.761214862666,0.209930345875,-0.2643909844,-0.404771082116,-0.656186303096,-0.185685532058,0.150196864765,-0.307420477651,0.948531441439,-0.26654340768,-0.444867398659,0.782285661284,-1.79063305098,-2.03010182975,-0.356599345293,-1.67889262424,-1.672532308,-0.653788044606,-0.729331532128,-0.884345655219,-1.58084939441,-0.248669093273,-0.663465304187,-0.576923470784,-0.224083670415,0.43270112511,-0.513993247777,-0.34190815071,-1.51525347926,1.97126155878,0.5389860662,-0.533639571975,-0.144133409807,-0.601863738054,-0.192036672204,1.54023483126,-0.0616955965223,-0.00922255789612,0.231182171732,0.376458470858,-0.0297722070927,0.747245626032,0.158160600593,0.00379655831812,-0.436884646487,-0.564365242058,-0.153380977601,0.82544729735,0.520060212411,1.00820012941,-0.232762377787,-0.0668478277835,0.32697317258,-0.503448111378,0.216173658035,-0.217541304679,-0.635278194146,1.58388399043,0.495974652142,-0.715006215545,-0.407113788022,-0.0161615111527,0.00604699052942,1.19149664559,-0.362661852868,-0.362854842222,-0.365793785722,-0.386051936079,-0.303874167877,-0.357846488387,-0.283560842002,0.518851169117,0.491588051323,-0.704555252509,-0.719497130033,-0.795356950297,-0.676376198045,-0.458361703181,0.451706402864,2.31225426664,-0.432058602261,-0.476298174884,-0.306612811789,-0.732791324157,0.603684527576,-0.385302850575,-0.381143112417,-0.390166934321,-0.383062573371,0.508488971352,-0.136333328368,1.07658568479,0.261424010736,-0.232776811749,-0.747053993088,-0.233902291393,-0.652842441205,-1.18779530225,-1.81600768021,0.317811319939,0.302090594137,0.790028591524,0.661546749374,0.547353444872,-0.252609116413,-0.252609116413,0.252609116413,0.170998908,0.282257280395,-0.474294334275,-0.474811382243,-0.475843457089,0.419262062909,0.919989344214,1.60422591497,0.291774407762,0.368210645057,-0.394166341184,0.221500039575,-0.0688120268919,-0.738530256426,-0.263488246705,-1.62572099297,-0.0913739513035,0.646660195699,0.0773087481909,0.0418266219176,-0.0961509218567,0.0787549738036,-0.434620780582,0.0857837115444,0.0792990269485,-0.26638902542,1.27292351408,0.545812897063,1.10200679056,0.0387548151859,0.518622507584,0.165003869682,0.047298841218,-0.179240630911,-0.216576010902,0.233460893483,0.563361962954,1.42378559461,1.79017385581,-2.41470491027,7650210199.5,01030305,-0.13497942
439,600490.XSHG,600490,2011-05-31,0.0762844892163,-0.67055230196,-0.391381003102,-0.325021321018,0.176926236786,-1.92275783391,-0.740695463387,-0.338609495757,-0.203904742403,-0.176198602208,-0.135190027677,-0.814753781645,-1.07025445741,0.785706521311,0.339551813467,-0.339397347984,0.696786853779,1.3334607634,0.566165431288,-3.20744962359,-2.09193971348,-1.41049216745,0.168908695482,0.489572117483,-0.466469091625,-0.598263736465,-2.07246063529,-0.381341312039,0.0596110939141,-0.0444705988197,-0.599054415308,-0.156894341914,-0.0218179206382,-0.452779781183,-0.63327126839,-0.164544021649,-0.489572117483,0.437309476421,-0.418514422172,-2.73747095608,-0.216804009235,-0.997268590144,-0.594792410908,1.62738662067,-0.932255110194,-3.68350819811,-1.29636095793,0.0356045140129,-0.719409484327,0.0619308851801,2.54720526323,-1.27199540699,-1.17545827654,-0.921937040401,0.177892025513,-1.02780000391,-0.0183491092095,-0.688143513351,-0.114681098242,0.00169330288651,-0.56448155482,0.764134019474,1.05512153802,-3.10919743556e-15,-0.268470916706,-0.104432876789,-0.254661153946,0.280841140123,-0.785706521311,0.0131811241927,-0.254661153946,-0.894856229161,-0.122689549829,-0.345645314835,-0.345645314835,3.09403038605,-0.0239472629656,-0.543596629192,1.02063214873,-1.06847778241,-0.211512126009,-0.265691885688,-0.187917459159,-0.374529847308,0.0147155340195,2.39560657616,-0.671446322266,0.297810234645,-2.08451367748,1.07445115296,-2.3507457199,0.978424968277,2.06274750756,1.11139647692,0.932255110194,-0.0966485435015,-0.060674220315,-0.878461815218,0.297956046793,-1.99706394598,1.49271807723,-0.304818661656,0.0201510509302,-0.329774074255,-0.913648122031,0.265748736329,-1.23939224191,-0.316350059042,-0.699551082722,0.718319952593,0.0,-1.50185014631e-17,-2.44329821718e-17,0.0,0.0,0.0,0.0,4.48976087503e-17,0.0,0.0,0.0,-1.23575440057,-0.345329802622,-1.45503209727,0.306946358467,-0.630982718657,-0.103784484881,2.30589895176,3.83924382827,-0.17445175435,1.31179917035,-0.740505714133,-0.86413953558,2.92705107984,-0.058878826778,0.213978843287,-0.654630199106,0.530386327676,-2.44228597855,3.62303923518,-0.151351744802,-0.0823772282911,-1.61541490846,1.50075389031,-1.50530168966,3.14665784018,0.736883644871,2.07215968486,-0.465733919969,-0.523921936409,2.82123736375,-0.63341908021,0.786715970183,0.114533912452,0.149444567017,-0.252809667177,-0.299967011052,-0.711779077086,0.759996813787,2.867266279,-1.91931107138,1.8324858919,-1.02689551625,-1.02736704456,-1.02837212746,-0.411881582298,-0.352306829136,-0.217042184129,-0.385979879521,0.619460778322,0.566976773279,-0.812858141346,-0.827527783079,-0.915245331124,-0.770954572769,-0.67408190281,-0.477827310504,2.23047511974,-0.893165563663,1.67245787138,-0.866621654847,-0.282487812232,0.958596256402,-0.411350556033,-0.753456146601,-0.760460654131,-0.754994277657,2.61813099456,-0.186706495223,1.11816949909,0.828786995547,0.535108236991,-1.09895508439,1.38255374938,1.41770153656,-0.342615039617,1.34078929189,3.5587882969,-4.53135891206,1.89722194607,2.94916762698,2.43780336622,1.2508834141,1.2508834141,-1.2508834141,-0.33261649463,1.60640846497,-0.955816263327,-0.956759759889,-0.958665495575,0.849107440026,3.65402069551,2.00170710313,1.95839700861,0.965879247372,0.064455355422,0.154602364925,-1.62306373722,-0.814135062842,-0.358952809463,4.17349476526,-0.0927859309687,1.5368409886,-0.0635254497517,-0.223957614339,-0.225446582774,-0.0577343050273,0.131846900497,-0.0229669189374,-0.0498750214287,0.616960937264,1.7274928668,3.57047839152,-2.70992056498,2.12524958175,2.2755450717,0.161957435162,0.387496403902,1.02072066992,0.0533590574228,-0.54429220077,0.14257900207,3.45887285731,1.79017385581,0.779216383796,2922480000.0,01030305,0.09214092
449,600547.XSHG,600547,2011-05-31,0.114906783666,-1.71719155895,-0.55508427721,-0.561773271317,-5.58726706267,0.52569232017,0.261746106017,-0.338609495757,0.178989010173,-0.293808333256,0.262800673617,-0.288015813909,-0.329193435637,-2.07766642639,5.39398472725,-0.51918215948,-0.121524696486,-0.0511771302703,-0.0880197009525,-1.29554603946,-0.468629595801,-0.989119830357,0.132036055671,0.125697280375,-0.952464796388,1.35574938298,-0.117098907745,-0.315721323615,0.319027720974,1.60555760793,1.85721962567,1.6416399254,1.59454566242,1.72913303415,1.82388819265,-0.601776334967,-0.125697280375,0.478283481011,0.315767331819,0.130438577958,-0.826290475135,-0.324145792634,0.806951264871,1.58956273961,-0.588593810816,-1.12948862064,-0.567513801494,3.63384941449,-1.1408353359,5.59436744866,0.0601394647019,1.3314260404,1.00945368707,0.49003860706,0.0247499648479,0.671847721188,1.60950850809,1.85470297471,1.62126248842,1.58989233017,1.6997004537,-0.873877737177,-0.114577271785,-0.512133086173,0.495661460157,-0.197367526479,-0.229657627513,0.309112638641,2.07766642639,-0.192605032082,-0.229657627513,-0.978779854919,-0.189327223868,-0.155947788694,-0.155947788694,0.0783580526528,-0.25764008797,0.790110381993,0.441292865149,0.230860058847,-0.359674934047,-0.470266284802,1.31700301293,-0.430666435893,0.898156469737,0.183031808425,0.740972358081,1.87810628397,2.00998152838,1.9894994805,2.45010143537,1.27053828497,-0.664256429798,0.501769057195,0.588593810816,0.00222159799116,0.735488304604,-0.898098699976,0.0643355551205,1.51197820649,3.92651881842,-0.238088249142,-0.199163680388,-0.542476207974,-0.394390449904,-0.40684779028,-0.346482846814,-0.478221675969,-0.280384186035,-0.210023105904,-0.0450336569091,-0.818041098487,1.23892801107,-0.257847591456,0.269462830581,-0.602021835796,0.281119271778,-0.729055399318,-1.58084939441,-0.372070002234,-0.752411141599,-0.981291259882,0.500116200337,0.529144294999,-0.188883349463,0.306793588181,1.3076845095,-0.551342584282,-0.35737282752,1.13437431925,-1.01510523863,2.83023167879,0.766770264566,-0.232270465323,0.545095906827,0.256965779811,0.963500849783,0.914258749667,0.63326096305,0.439118803688,1.79073196051,1.45910122493,0.608997178841,1.04711227446,0.47757057764,0.271540993568,1.09343809349,1.07689453665,0.810196083546,0.881405604894,0.152512671771,0.81436248283,0.226725998251,0.601503274486,-0.149460657953,1.4857570927,0.9331820446,1.11694453749,0.236150413222,-0.135866167066,1.02188555962,-0.680289442495,0.00185543387667,-1.38319544216e-05,-0.002007905591,0.330082108262,0.0820143571214,0.300293498518,0.034695515161,-0.436949360613,-0.491805582902,-0.215118716471,-0.188843131223,-0.0248022663728,-0.261148625417,-0.109125059468,-1.68498108817,-0.363832017095,-0.737370573831,-0.791077634019,-0.474274955699,-0.180594287207,0.0881702845879,0.328848778087,0.452985316614,0.446059268326,0.452058831323,0.5756404424,0.205762328672,0.28166576417,-0.503014972641,0.568929282284,0.510289041961,0.265186642867,-1.28336031591,-1.38565547528,-1.17882664256,-0.129219987228,0.0919406156069,-0.132632537263,-0.8614054995,-0.565462121152,1.57757522517,1.57757522517,-1.57757522517,0.43019197889,0.186880088934,0.545884414936,0.546311463297,0.54676234503,0.862133057515,0.163248523766,0.0370687759906,0.0837886644697,0.646174707223,-0.178834870799,0.547582422291,0.50018252237,-1.08161785697,-0.949265210848,-0.19142692745,0.491578894579,-1.0216823731,1.61248115883,1.6591035927,-0.155402949143,1.61590915604,-0.892747648341,1.58853573275,1.59328843772,-0.952627839406,-0.620043921269,0.534567954553,-1.72636305675,-0.0393796451629,-0.826071299171,0.436898150553,0.225013985904,-1.1839929163,1.54128811124,-0.749751054774,1.05967007066,0.0294304536053,-0.394435830053,-0.500833691084,63739413154.3,01030305,0.00111632
478,600961.XSHG,600961,2011-05-31,0.133600588451,2.66227955977,-0.677861732791,-0.554631412383,1.2112249818,0.26340617995,1.01017895018,-0.338609495757,0.21264999941,-0.273517662729,-0.422991930888,-0.814753781645,0.641852041174,-0.279373781262,0.479198019186,-0.382964952945,-1.00501150297,-0.486951492744,-1.40850450492,-1.06295635521,-1.56620859582,1.18090810303,0.328750148726,1.00696424234,1.75522555872,-1.80544474352,-0.724152226913,-0.723017803489,-0.0625639264269,-0.518453159086,-0.588857261247,-0.51724803491,-0.51958918636,-0.543784631045,-2.16273397847,-0.9024206569,-1.00696424234,0.396841323739,-1.45318416643,-0.0351314569967,-0.216804009235,-0.702566284693,0.570494767112,0.406776996977,-0.853668315781,-0.292701579593,1.23435833524,-0.448920654097,-0.507181738322,-0.133402118712,0.0941460047688,-0.367926396708,-0.858696229861,1.42139946683,-4.80451577539,1.11364540348,-0.51683061973,-0.602104816745,-0.513824914395,-0.516744192395,-0.526309500336,0.766647232283,0.820773941218,1.39781888205,-0.846099161167,-0.608815810334,-0.632133746549,-0.550882379841,0.279373781262,-1.24481426982,-0.632133746549,-0.492022825523,-0.569426059898,-0.653456394989,-0.653456394989,-1.46874634367,0.165410801562,0.0978779372111,-0.0826996980217,0.173070478241,-0.638375979055,-0.584013353414,0.564542776884,-0.424359456617,-0.73166313671,-0.761611512099,-0.485313627957,-1.02810362689,-0.414883391555,-1.08370831811,-0.376932301,0.243277933869,0.478291819355,-0.161185114235,0.853668315781,0.340590839994,-0.812683967426,-0.367902811502,-0.702295911687,-0.665360902773,1.13114252309,-0.439711469784,-1.14794734771,1.37870435465,2.15123862564,1.5816984623,1.18506373153,0.667331305359,2.86071458407,0.787284134327,1.34260427155,-0.289063165057,0.523691609944,-1.69948747979,-1.62832654894,-1.43028117676,3.96153182422,-0.680527194349,-1.58084939441,-0.204426467234,-0.61529968826,0.662038448362,1.55528524279,1.86658413625,-0.145832267038,-0.696738212661,-0.809518982072,0.192431767268,-0.0199624468963,-0.073865410018,-0.319825928834,-1.02639245078,-0.282982630052,0.1968357363,-0.118030991409,-0.158299049304,-0.453766572305,-0.497742871543,-0.280578659366,-0.313236668737,-0.534365502079,-0.490430031231,-0.397690309578,-0.386895996363,-0.173724507395,0.562697910508,-0.419324557157,-0.372064485248,-0.424428951149,-0.336326351061,-0.734751585489,-0.444975720774,-0.221655077386,-0.155880805748,-0.314489296374,0.392455172681,-0.749786155215,0.200118047531,-0.137856879846,-0.242782075663,-0.385204232028,1.02454697497,-0.375356404006,-0.375596296953,-0.378579411902,-0.110493379799,-0.222244277227,-0.0600258398026,-0.245018377344,-0.378352178052,-0.545257477839,-0.0555848501498,-0.0178583560757,0.145433301039,-0.173955740428,-0.854255403174,0.477637290196,0.576082977946,-0.675742014648,-0.469614771026,-0.0110385758053,0.288193827644,-0.185547950968,-0.111759285255,-0.355822681096,-0.350965812473,-0.354174273137,-0.456100378427,-0.165853205281,-0.0924022419446,-0.439298775437,0.475725502693,0.38129818852,-0.36287965379,-0.313210671074,-0.802553242691,-1.31335287031,-0.129219987228,0.302090594137,0.0518996884943,0.0336450046386,-0.0500222219022,0.859563440404,0.859563440404,-0.859563440404,-0.348871730176,-0.173340280716,-0.380964835763,-0.380576145174,-0.380272746515,-0.440428691327,-0.447026331434,-0.346390064691,-0.133091206003,0.0154806717791,-0.236223895936,-0.134353559608,-0.0806706339981,0.337061806283,0.372335707721,0.201489881437,-0.116886963184,-0.0577892926697,-0.518230638261,-0.517998260888,-0.110607602054,-0.518895730229,0.398055756086,-0.518592257857,-0.524448116492,0.412549375651,0.671095184625,-0.159143464941,1.24515136305,-0.395028052202,-0.686899090423,-0.0104925188922,-0.20408568926,0.429352181952,-0.54548316296,2.64027274045,-0.143337625197,-0.154652901991,-0.394435830053,0.0926186941556,8523719890.24,01030305,0.04331683
541,600330.XSHG,600330,2011-05-31,0.462696833964,-0.272027904356,0.581744015205,0.988043784023,0.153910930389,-0.482158403376,-0.499746997888,-0.338609495757,0.266647836312,-0.250724657498,1.26636154002,-0.814753781645,-0.48251640566,-1.01258612382,-0.203114789068,-0.305020395775,-1.00501150297,-1.33741436144,-1.2510154916,-0.761572538991,-1.19522484418,0.899729193878,0.0192216215606,-0.511205138114,-0.716409739789,-0.475108881953,0.570685163712,-0.18976111595,-4.83103140648,-0.800784564328,-0.805209117854,-0.817715676432,-0.789396419943,-0.810915312334,-0.480510536732,-0.458656238537,0.511205138114,0.0933415460861,-0.229381243114,-0.998985589055,0.0936890960345,0.168453576115,1.13503465551,-0.770219376103,0.430539697683,-1.10680334536,1.31534135263,-0.290956335967,-0.429782548868,-0.177449976233,-1.00737434049,-0.493181847216,-0.356371671816,-0.190153507727,0.283755329195,-0.399982244868,-0.799855673792,-0.745231131088,-0.827891211431,-0.781267340486,-0.806446612543,0.0807558050933,-0.0466397842704,-0.60034934277,-0.505758817644,-0.0746354101784,-0.00865871645927,0.33143691455,1.01258612382,0.112354251313,-0.00865871645927,1.06336170519,-0.0977050283552,-0.0993964507119,-0.0993964507119,0.491153344531,0.00413609533243,-0.130532515492,-0.0238641812582,0.335937695662,-0.310591295507,-0.149649140561,-0.94128100881,-0.255681308767,-0.0762069585966,-0.189552025519,-1.04590150729,-0.188216068296,-0.845554381195,-0.282952842576,-1.01935701062,0.0483402105097,-0.0895477914463,0.779168310195,-0.430539697683,-0.355184752001,-0.235326023555,-0.230444618193,-0.914678176844,-0.200145225884,-0.492648177799,-0.215176519523,0.0831808077089,0.157382425555,1.02406953249,-0.167052506881,1.29150326207,-0.27899507052,0.0644999694664,0.15688413813,-1.83177098956,-1.50185014631e-17,-1.37443576229,0.0,0.0,0.0,0.0,4.48976087503e-17,0.0,0.0,0.0,-0.454001659084,0.0610085863969,0.275271833086,2.66733329143,0.134292668857,-0.103784484881,-0.23929932185,0.556997296483,-1.73792462446,-0.0855692367984,0.0213602047791,0.0567392663029,0.0651370369821,-0.713555415782,-0.624817533506,-0.824390446683,-0.472158733792,-1.05942573294,-0.674442636571,-0.807127141533,-0.835649849398,-0.592216436013,-1.38321378812,-0.399361444656,-0.846219402043,-0.785023917639,-0.541014146726,-0.875865704868,-0.61765212707,-0.197452423416,-0.844133018489,-0.493665770533,-0.66699433905,-0.637337833939,-0.0538639427728,-0.0729554803521,-0.849730380452,-0.456808220899,-0.00672403195945,-0.507456279114,-0.642512509728,0.874768743422,0.877366365364,0.877866387321,-0.278875645725,-0.253708710525,-0.189976719344,-0.265141606075,-0.00389335045438,-0.0618637411192,-0.0923884218104,-0.0854717961284,-0.0588501533344,-0.159020729246,-0.366721466276,1.00247731674,0.413069878458,0.229678882388,-0.482749588513,0.877674899981,0.25097055674,-0.276952591744,-0.279990703065,0.489435893443,0.498706258252,0.492655538446,-0.0248448246031,-0.0926847666782,-0.833915333036,1.24146613824,0.67714722378,0.717558155221,-0.0118624538504,1.18183703898,-0.318859918048,-0.0209319610654,-0.576251294396,0.302090594137,-0.686229214535,0.166580883481,0.167775832482,-0.180168758306,-0.180168758306,0.180168758306,0.122233201364,0.278310191739,0.185792016145,0.187973592413,0.18834614735,-0.33622375142,-0.056450424106,-0.653916057692,0.291774407762,0.228311240831,-0.21709422089,0.0838519446155,-0.313971879025,0.0767084127599,0.497311877185,0.152744563041,-0.238463281247,0.0434982067376,-0.805414060373,-0.821172832124,-0.306078207536,-0.805102992031,0.60854647911,-0.775276379803,-0.789426975054,0.792170847218,0.466227885306,0.227512858409,0.362608328697,0.233916023493,1.18264383016,0.424494810009,-0.167740937865,-0.437605504297,-0.379768851963,-0.382157252445,-0.191889505299,-0.146516621081,-0.394435830053,-0.460191272211,7348453632.0,01030305,0.00400641
542,600331.XSHG,600331,2011-05-31,-0.0121091198702,-0.452021331494,0.477155812303,-0.247461900121,0.170204015258,0.527164709832,4.11665501809,-0.338609495757,-1.11485526364,-0.189199862949,-1.09473780476,-0.814753781645,1.56178986131,0.5185932852,-0.564747812998,-0.351012768696,0.472294304591,0.518140988445,0.30570283234,1.40953750664,1.16185424083,-0.0677638695893,1.08910431108,1.47140261921,0.366666402254,-0.581140601613,-0.415383310687,-0.734331594597,-0.200269669693,-0.6481486758,-0.710227880378,-0.666913582733,-0.631352810636,-0.702993384697,-0.611418856034,-0.901331972726,-1.47140261921,0.157903027309,-1.98164451968,0.307835043981,2.56613419355,-0.351066807645,-0.404888286145,-0.670922916546,0.0107864227626,0.665644295043,-0.769971344948,-0.456515092469,1.98566948868,-0.472544962672,0.289271373459,0.123551328517,0.292253248227,2.03370813702,0.790004766317,1.37495932082,-0.652349342874,-0.746472334898,-0.67932866645,-0.628688911886,-0.709067249181,-0.0828186972624,0.183322088607,1.23258843319,-1.04448253767,-0.591819092135,-1.10236135656,0.541098702613,-0.5185932852,-1.52718539704,-1.10236135656,0.996222804586,-0.463407670104,-0.94838236016,-0.94838236016,-1.201211576,-0.435867695753,-0.739627056033,0.300446933019,0.0908273540342,-0.510310212444,-0.319260756623,1.31700301293,-0.40217320328,0.180275893708,-0.438323385414,-0.452466681902,-1.2796435556,-0.634900092784,-2.81997195273,-0.61601649691,1.44036321455,-0.736381219073,-1.62178731821,-0.0107864227626,2.09323297552,-0.930014620529,0.123019307457,0.806988379088,-0.144541758527,-0.783389936235,-0.572599501571,-1.06459030475,-0.110210581383,-0.514706251982,-0.0442305324563,-0.482488913617,-0.191833430637,-0.317525556628,-0.383683178501,-0.200989424089,0.135158090884,-0.191544791186,0.0922649528534,1.69767027896,0.485068549224,-0.506285732197,-0.566647673355,-0.345810805027,-0.242150966412,-0.759475431935,0.280156356526,-1.21699118552,-0.0594426977038,-0.877700668265,-0.928676482437,-0.103784484881,0.0867889406518,-0.529079889545,1.15982180466,-0.793106164198,2.07954522377,0.0922204247457,0.129539148187,-0.54291846969,-0.552897082013,0.0622042294437,0.174415513857,0.113668078425,0.169592933237,-0.660493924868,-0.687217380856,-0.12683707231,0.138916190367,0.151024193522,0.385554461038,0.40567597852,0.732419718282,-0.229646108257,-0.433588746888,-0.261648032179,-0.722953918227,-0.406865768492,-0.47904125195,-0.492133228527,0.0464137926596,0.431514587869,-0.73610673624,-0.482694674527,-0.317412450485,0.272738118826,-0.0758585182182,0.0226533568848,0.02800955889,0.0246277130946,0.0631449344971,-0.050448660043,-0.0286130621189,0.0122396688722,-0.045881261434,-0.429989223521,0.654889941395,0.707641046438,0.766399334504,0.444599435674,-2.41884433235,0.183729770877,-0.247160434184,-1.12163744732,-0.32114623869,0.682877076879,0.754521812534,-1.019392239,0.0614363534721,0.0384883969911,0.0489276282571,0.0446140773102,0.19986908342,0.103141960601,-0.752356854072,-0.663909567301,0.801774171033,0.85961152681,-0.357383245468,-0.32431329035,-0.398678986018,-0.203603569599,-0.576251294396,0.302090594137,-0.686229214535,0.262994513189,0.265633869724,0.37804811887,0.37804811887,-0.37804811887,0.2746167565,0.295780912021,0.11962626905,0.122289971783,0.123427417608,0.184800948117,0.016782558518,0.328913133065,0.298616044054,0.478754108723,0.0566072836085,0.308011692132,-0.309190182611,-0.513208037304,0.0980891358955,0.213306928321,-0.433365163989,-0.119756060939,-0.653178095692,-0.674465366755,-0.441278709661,-0.648156250434,-0.14055285871,-0.612135734076,-0.620039132412,-0.100912999353,0.0968502215292,-0.19021840357,0.428258172967,-0.343028831723,-0.903364191176,0.802361491668,0.122927993017,-0.799316327037,-0.144638335861,-0.949712287391,0.891087153642,-0.270594904963,0.333767398569,-1.91518871471,15252960000.0,01030305,-0.09945873
543,600338.XSHG,600338,2011-05-31,0.406112741106,-0.261261166322,-0.401991400498,-0.809796879554,0.124106271288,-1.29746071523,-1.12877175295,-0.338609495757,0.111667031698,-0.363438516301,0.0,-0.814753781645,-1.07025445741,0.65956971537,0.17110810004,-0.518673740392,3.76870156701e-16,2.43854198971e-16,0.0,-9.09247967427e-16,1.13777542219e-15,8.79355771778e-16,-5.57274465981,2.43477218128,0.0,-1.07178427333,2.91003701259e-16,-0.623456441742,0.818795673847,2.68624168547e-16,2.80616333979e-16,0.0,0.0,2.71829640948e-16,-0.55596320581,-1.50052699318,-2.43477218128,-5.70303359431,-0.780092558607,-0.73289089002,-0.239803498514,-0.730688840783,-0.676074332012,0.88315439323,-0.873003162025,0.0,0.0,0.135851100518,-0.74659501182,0.100504834193,0.013706079354,-1.48517460933,-1.39966113852,-0.921937040401,0.166259208825,-1.03887262753,2.71091903968e-16,2.75602609627e-16,0.0,2.63382474309e-16,5.29640226959e-16,-1.56369974174e-16,5.32691329056e-16,-0.85239579019,3.2370940178,-0.419100205316,-0.520021160284,0.0306250635663,-0.65956971537,-0.804441099394,-0.520021160284,-0.0835945135002,-0.194756505329,-0.609074332269,-0.609074332269,0.15019018001,-0.182228905197,-0.288932101466,-5.14354958429,0.276252136175,2.39204050019,-0.431008365045,5.01439783415e-16,-0.43594461713,0.0,-1.27277277246e-15,2.43116238656e-15,-0.677084630318,-0.801863121377,-9.79093795191e-17,-2.53279369392e-16,6.4116827875e-16,0.0,0.0,0.873003162025,1.07382654771,-0.584401803525,-0.50536100481,-7.60618325158e-16,-0.383636668163,0.845114040034,-0.395892786889,-0.761084201561,-2.3805121597e-16,-4.3939925557e-16,2.02916345142e-16,-4.10318116449e-16,-2.16001918444e-16,0.0,0.0,0.0,-1.50185014631e-17,-2.44329821718e-17,0.0,0.0,0.0,0.0,4.48976087503e-17,0.0,0.0,0.0,-0.51021590224,0.215023943525,0.984412788149,-0.90442202977,-0.608401205592,-0.809518982072,-3.38980053455e-16,6.66549418711e-16,0.0,3.78019147051e-16,0.0,1.69793099326e-16,-2.00844681724e-16,0.0,-3.05930042867e-16,-2.39595405086e-16,-1.63359302923e-16,1.26741510259e-16,2.01555158445e-16,0.0,-5.03786062927e-16,0.0,-4.36047489429e-16,3.57795725613e-16,0.0,2.87515517463e-16,0.0,-1.13667488558e-16,0.0,0.0,2.87086321076e-16,1.38235410872e-16,-4.12390997725e-16,1.42916220045e-16,0.0,1.94470237838e-16,-3.14975245808e-16,0.0,1.95502398969e-16,2.47978753014e-16,0.0,-3.69406612951e-16,0.0,0.0,1.18142970869e-16,8.50955110685e-17,0.0,-6.85594399339e-17,-1.36362170915e-16,-2.22194055482e-16,1.94908575782e-16,1.9442299321e-16,0.0,0.0,-2.94540901426e-17,-2.23631552678e-16,0.0,3.27806661297e-17,0.0,0.0,0.0,-2.20129146957e-16,0.0,0.0,0.0,-2.23528817277e-16,0.0,-1.55740526439e-16,-3.00886732957e-16,0.0,-1.39198899727e-16,2.1504813208e-16,2.67495411351e-16,-8.95446705379e-16,0.0,-8.17818565138e-16,0.0,0.0,0.0,-1.4177567098e-16,1.29031171129e-16,1.97119984025e-16,3.94239968051e-16,-7.88479936101e-16,0.0,2.87354013526e-16,0.0,0.0,0.0,2.25958444463e-16,2.11731623623e-16,9.66389635063e-16,9.49467767255e-17,-1.27311098117e-16,-2.72284688323e-16,0.0,0.0,-2.10371420691e-16,-2.37638913924e-16,-1.63994469168e-15,5.40555977424e-17,-6.25426662673e-17,-2.69509066239e-16,-2.71096233746e-16,2.26058298795e-16,0.0,-6.87328374033e-15,2.61124528583e-16,2.62915158187e-16,-1.08067820096e-14,6.69827771607e-16,6.77406715961e-16,0.0,-5.58670422273e-16,0.0,0.0,0.0,-3.98392543315e-16,-1.22377878825e-16,-1.13575527102e-16,0.0,0.0,0.0,-0.516532145124,2270499995.22,01030305,0.0
554,600459.XSHG,600459,2011-05-31,0.095616112144,-0.879029372019,-0.662704022226,0.372663331923,0.15663417623,-0.76713272975,-0.199361023754,-0.338609495757,-0.846969890959,-0.19583648977,-0.442969503345,-0.240130544115,-0.508070233997,1.31588582329,0.102406508159,-0.138415371417,0.146418023512,0.0893952447211,0.136099279537,1.2658069095,0.990709802918,-0.039645978674,0.135852950026,0.245693388207,-0.258185218155,0.302018007478,-0.767662957043,-0.499758992299,0.102847198424,0.037620243888,0.223336976252,0.0755864983367,0.0150507052674,0.155561702158,0.226600542332,0.406428955215,-0.245693388207,0.240822954202,-0.0402480640556,-0.478622622054,-0.331801455631,-0.118422475275,-0.98494563221,1.66243862176,-0.786308206284,0.510271560567,-0.608005310185,-0.660046040828,-0.647779991813,-0.0211356764191,0.0963446004723,-1.14302367878,-1.03981732161,0.107175979575,0.205525804917,-0.0799834223576,0.0437331166633,0.230867060157,0.0845580223041,0.000440411655118,0.16751846362,0.440437931486,-1.10959682104,-0.31329644432,-0.527735419233,-0.21634060726,-0.389357570537,-0.371677916514,-1.31588582329,-0.240964395306,-0.389357570537,-0.620705718352,-0.199657598774,-0.443715356652,-0.443715356652,1.23437642225,-0.256003256096,-1.44848708166,-0.0211290786823,0.114489951442,-0.320468967211,-0.512495624565,-3.19956503055,-0.160137282299,-0.511820691877,-0.345464029878,0.167245700328,-0.201006234163,-0.481980683419,-0.232861530891,-0.605066075723,-2.07537377331,-1.01953779919,-0.356215816479,0.786308206284,0.241720698501,-0.270092349115,-0.74100362191,-1.1380221073,0.801643911002,1.04684222629,-0.341191032425,-0.220249447397,-0.638535236106,-0.717343392324,-0.588156419192,-0.364222768571,-0.565383315853,-0.439561488574,0.37329056234,0.00838426334556,-0.747048969942,-0.356599345293,-0.827638594941,-0.912971718366,-1.43028117676,0.80093205727,0.740378647144,-0.345810805027,-0.379401215024,-0.17667147922,-0.106597636384,-2.28199099545,-2.38117018458,-0.819804385004,-0.543815738171,-0.103784484881,-0.683854106684,-1.14326284217,-0.660533114056,2.36391134824,-0.815104739032,-0.39880618175,-1.19359860842,-0.150794471067,-0.180619189422,-0.0619395270078,-0.330921786427,0.761175678467,-0.567217770201,0.0531417832957,0.110085124639,0.328616399491,0.0484425453453,0.340823283866,-0.919100689538,-0.616344804367,-0.803995689026,-0.28778021232,-0.00443426952304,-0.343808508652,0.0952070275803,-0.610659784403,-0.393979479329,0.370083479851,-1.97782209131,-0.522774624516,0.0102133612775,-0.337650229518,-0.677792085987,-0.26019741896,-0.837490227237,-0.941925972389,-0.94287932522,-0.941428137605,-0.487655015272,-0.368080587981,-0.538809702224,-0.389923860602,0.467267317785,0.502502246376,-0.881341587534,-0.902114267051,-0.963492565249,-0.817585076504,-0.0323699804388,-0.0625932010977,-1.00661611173,0.235632102292,-0.406982622865,-0.895611995165,-1.13071248435,0.644033430825,-0.486742405472,-0.885718863836,-0.888306132569,-0.8878207655,-0.651458452113,-0.356597025331,0.936555789545,-0.266421404341,-2.45082929375,-2.5340161606,-0.280162473212,0.813459440734,1.04473054748,1.07571921788,-0.576251294396,0.302090594137,-0.686229214535,-0.646230710019,-0.701789291799,-1.01323287654,-1.01323287654,1.01323287654,-0.553138434382,-0.672291110674,-0.871281553225,-0.872696967602,-0.874118953814,-0.531608013746,-0.691136273514,-0.474712905077,-0.685895418436,-0.845474022424,0.0811325080259,-0.704209667748,0.275734246703,0.564823654184,0.116363322096,0.00355434613302,-0.861341069385,-1.07322745761,0.0463881884918,0.0927385229341,0.101152220552,0.0405479882822,0.0606515088861,-0.00869321493663,0.00914319889831,0.0207605492263,-1.1715839842,-0.734494595105,-0.66928509056,-0.725193814111,-0.315173158569,-0.279122762778,-0.45938975175,-0.495019920605,-0.481909052131,0.0842400635709,-0.827109936633,-0.332634046904,-0.394435830053,-0.162565278834,3404788920.0,01030305,0.02517065
566,600516.XSHG,600516,2011-05-31,0.392715488749,-0.258038947594,0.210380106349,1.68348622544,0.152631004844,0.224789414727,-0.703646971458,-0.338609495757,-0.534904469904,-0.239409752753,-0.0353021653918,-0.814753781645,-0.12476280894,0.752654630984,-0.502666753668,-0.238965023442,-3.40925428781,-3.03834009884,-2.98339463809,-0.435619389931,-0.542416419332,0.243513063642,0.0932009560256,-0.0142172097276,0.172268120349,0.201254944696,-0.729394483555,0.945389258515,0.250728242916,-0.811097902216,-0.871881602306,-0.828364119669,-0.797552931184,-0.835667346074,0.368641222646,0.116001515531,0.0142172097276,0.0995595459504,0.961045236841,0.863677304186,0.726175051213,-0.166451644395,-0.520160828802,-0.474505396901,1.04987848222,-0.385582801029,0.46501967012,-0.196785300159,1.41869569661,-0.452385583997,-0.189042680961,0.153872776078,0.324142641036,-0.921937040401,0.176210172498,-0.946969851513,-0.813041279287,-0.854899245226,-0.841225930383,-0.786605101945,-0.812253296871,-0.300583525552,0.775049957953,-0.797785726582,-0.237881863143,5.52915825572,0.671275889447,0.190367906641,-0.752654630984,3.81428076364,0.671275889447,1.51654928429,1.41116844696,0.785381444801,0.785381444801,0.360578499691,-0.260773451844,-0.626734533433,-0.0324107842814,-0.0295161597494,-0.387179793191,-0.230951264879,2.07036656258,-0.272544650517,-0.141345460769,-0.41883438487,-0.688964693495,0.438502059181,0.226441886497,0.546728601678,0.541990543585,0.174562905244,0.994995336173,0.00355198727612,-1.04987848222,-1.44951141125,-0.190261939703,0.123019307457,-1.10787752773,-0.0662335419991,-0.601592171581,0.311793261701,4.06046464776,-0.281744560189,2.72115558286,-0.0149872052125,1.39794279261,-0.391060036085,0.934669223347,0.281215434542,0.662907286236,0.16286233617,-0.631690268804,0.758165282227,0.105706905509,0.588600966845,-0.676001312735,-0.00113232478261,1.38324322011,-0.359309256965,-0.398233312483,-0.0458862537757,-0.679575896816,-1.22668870974,1.93694941029,-0.296160111288,-0.103784484881,0.145411549641,0.12352702102,-1.18048714014,-0.63920496536,0.232606357181,0.127701583188,0.265217753253,-0.689835249514,-0.626608655861,-0.741331205894,-0.420622605844,-1.2819779308,-0.716197928448,-0.819844985829,-0.849362215969,-0.812813942149,-1.1400345118,-0.574645627913,-0.474863252976,-0.44599856557,0.0489968658142,-0.888989870793,-0.525409180689,-0.0166197226764,-0.757151701123,-0.388033420909,-0.474955315273,-0.757826761835,1.45327809057,-0.140218156115,-1.01576842733,-0.501306467829,0.0933517678121,-0.298540783302,0.370153010583,1.03236348481,1.03645950004,1.02408599456,-0.0848104681339,-0.137567210383,-0.235340716478,-0.121697446205,-0.574460667028,-0.622411674556,0.578409189496,0.604462435317,0.730244490762,0.464982490516,0.0103164217489,0.505680038845,0.972984437569,-0.545444743172,-0.719645497003,0.714488739494,0.132844215042,-0.881987865773,-0.0852999855458,0.197071510329,0.206883150791,0.207682580502,0.0436243231004,-0.0561246577606,-1.22654784443,0.325889702728,0.77100924429,0.831331598735,-0.242681486054,1.13055831272,0.624362519513,0.738632493723,-0.464493467604,0.302090594137,-0.501696988778,0.141551649809,0.165218971651,-0.16667496611,-0.16667496611,0.16667496611,0.0999657554111,0.277663128025,0.372185164758,0.377858743716,0.381083775514,-0.179916341559,-0.105272412522,-0.599227542462,0.31161515301,0.348945809065,-0.0380600826428,0.160556608219,-0.598751501444,-0.0728431999319,0.242249187505,0.2103526666,-0.077692355238,0.404708132321,-0.816057226531,-0.831710802043,-0.432726870671,-0.814796962151,0.602355575492,-0.780561031284,-0.796198344533,0.706999363212,0.289434155717,-0.235779726382,0.785418262389,0.0349060787491,0.418603030157,0.492495580535,-0.1672955365,-0.707453260944,0.718806663966,-0.770594442667,0.195176872181,-0.493325594883,1.06197062719,0.359541069714,15809402819.3,01030305,0.06229773
572,600673.XSHG,600673,2011-05-31,0.183348356029,-0.00625506517108,-0.526284627136,1.21787158762,0.15337720587,0.166563096281,1.14531265815,-0.338609495757,0.502976031583,-0.407773359411,0.359879189776,-0.814753781645,-0.456962577323,-0.878354977389,-0.176053814488,-0.0486207385707,0.595403121888,0.461912038448,0.487420924629,0.155273064962,0.242593397676,-0.24993612059,0.138427553294,-0.0132455813241,-0.105443710944,-0.0931312583346,-0.62192822239,0.274858572203,0.354801937917,-0.574927001233,-0.580105559698,-0.574944900703,-0.566108190035,-0.572423537472,-0.0325360834356,-0.522302390256,0.0132455813241,0.117531498026,0.694033689935,0.0890460692194,0.961919816325,-0.130892523241,0.724191490656,-0.65271271778,0.0413479539232,0.00391909531694,-0.0208784341687,0.518610794448,-0.33431160201,-0.220787936243,-3.32306916304,-0.0206233538955,0.134760508808,2.60392907158,0.335437270809,1.90865977913,-0.585353037175,-0.586799222263,-0.580335985013,-0.564643187934,-0.558071094586,0.289887241219,-1.37390228587,0.900727277419,-0.308860346653,0.03947672471,0.159106880253,0.319742189496,0.878354977389,0.493284905482,0.159106880253,0.140201821855,-0.0316201092161,0.178349361148,0.178349361148,0.348446851515,2.72745020093,0.401258359703,-0.00863861891172,0.215448386323,-0.363840196281,-0.361240163862,0.564542776884,-0.107400200274,0.0391424723343,-0.815492866546,0.0446171017242,0.088904192153,-0.332182078327,0.191150839855,-0.238226965968,-0.582195750118,0.263825514738,0.48349275262,-0.0413479539232,-2.66297352051,1.55771418237,-0.62318231336,-1.3271108337,-0.556470779199,-0.398113340179,-0.0616679310797,0.131913200886,-0.954157757109,-1.40124374098,-0.909833018875,-0.299176388796,-0.876674886866,-1.19830663068,0.153662843448,0.348539755542,0.781879066779,-0.686708453506,0.401187786068,0.595584562515,1.67569135186,-0.325276693435,-0.500649314597,-1.33384167653,-0.33924417778,-0.381214794856,-0.0664981429327,0.562377727687,0.387316103986,0.0456708237491,0.249930296213,0.60195001231,0.337156333209,-1.06461380327,1.18097072834,1.43505632517,0.452995565559,0.0412417488221,-0.743869258825,-0.56619388284,-0.51762574948,-0.0773698244199,-0.319187293339,-0.226752877733,-0.470443073347,-0.589344558167,-0.565883498163,-0.546964717824,-0.16882399651,-0.413309854935,-0.224618675392,-0.3984693024,-0.77699711823,0.456022773059,0.0670717594507,-0.809183616775,-0.478300781422,-0.578707049206,-0.351262868624,-0.618801075802,1.0872163344,0.0461555079779,-0.423251620996,-0.560141464168,-1.10815214301,0.538461356373,-0.102667954376,-0.34320335864,-0.344729192369,-0.344488853905,-0.449935505512,-0.350232264277,-0.504946422807,-0.375542199925,0.42226213007,0.43566438212,-0.726743032315,-0.743198278514,-0.800188761996,-0.677623632975,-0.146577564637,0.111032643121,-0.835425097554,0.304623757389,-0.163163500395,-0.774972426876,-0.986925026622,0.224979833689,-0.449006900673,0.125771107537,0.115685127259,0.121806511325,-0.58777630694,0.113060095665,0.961810969635,0.0151052905471,0.207131863104,0.198507677387,-0.859800142027,-0.454255523442,0.997220304347,0.309076252649,-0.464493467604,0.0919406156069,-0.686229214535,-0.118062799458,-0.0956970540116,-1.12473421205,-1.12473421205,1.12473421205,0.0853063534923,-0.223358305818,-0.288099482428,-0.288682467787,-0.289163696706,-0.0757114016514,-0.666725279306,0.157435192251,-0.287028022584,0.0957508217447,0.485798710913,0.110470914633,-0.546553592592,0.106220815264,-0.24336791285,0.743596907232,0.336796709908,-0.288080336928,-0.576013244549,-0.5731222976,-0.621274558875,-0.572387027013,0.286619490956,-0.555180568112,-0.554227341394,0.0353613750558,-1.58844538563,-0.984190474111,-0.924729364291,-1.10064807832,-0.567865786579,0.201996288848,-0.0470371679159,0.463800831737,-0.456363668196,0.675788474239,-0.164916238575,-0.616386843652,-0.394435830053,-0.0912129139355,12858833885.5,01030305,0.03024453
598,601899.XSHG,601899,2011-05-31,0.167512447466,0.120404621429,-0.332265931897,-0.5089342886,0.273447173258,1.4378377157,-0.428315373161,-0.338609495757,1.56540100439,-0.0851897770264,-1.26329857237,2.53721510395,1.17848243625,-1.58863335523,0.130733704812,-0.269978587835,0.0884844624318,-0.00197679902332,0.0815838518506,-0.573207653856,1.47442342384,-2.00156191663,-0.000168921933878,-0.883338816652,-1.82725706496,-0.0536163317534,1.08599899164,1.21918300332,0.235019005935,-1.25976590585,-1.36382517257,-1.30784155051,-1.2168289802,-1.36000494118,0.0482766113146,0.239106572145,0.883338816652,0.102679913341,2.25160104688,1.48456493527,-0.596295582342,0.303902977331,-0.0228632569525,-0.369033609825,1.03366215957,-0.258887678701,-1.05341190578,1.02591927767,-0.592049899383,-0.0719660486992,-0.0171937493927,1.74232810832,1.7085331339,-0.0340215851707,0.299219033307,-0.253823613133,-1.28318289466,-1.37546012315,-1.32938654131,-1.21333688993,-1.37026895216,-3.58886720397,0.194057741015,-0.461723796689,-0.141363004814,-0.234006248179,1.04632878594,0.323403725803,1.58863335523,-0.309342464005,1.04632878594,-0.105974147036,-0.207580419006,1.41961543786,1.41961543786,-0.237703307718,-0.10312315905,1.76209458175,-0.0667868048719,0.175801757422,-0.403278845689,-0.323380014886,0.564542776884,-0.231482189703,0.808591029249,0.538419465418,1.31688881224,1.54556197143,1.76187758869,0.925588240763,1.93725670979,1.29559693691,-1.11341450904,-1.79754027453,-1.03366215957,0.218384888708,2.82137670761,1.43869058626,0.776158695436,0.307699775978,-0.297383912059,0.619956025069,-0.296666390784,-0.98846455287,-0.989637049659,-0.915681684323,-1.05016640984,-0.889126549706,-0.927705216361,-3.20771620697,-0.0929255854133,1.30046790823,-0.0264902370789,1.96639680769,-0.38027842051,-0.886735984253,-0.457347413225,-0.0593661707455,0.963330099719,-0.385872303857,-0.620437353959,-0.138452374172,1.97145439929,0.822728650395,-0.076059823108,2.1158886919,1.3076845095,-0.653932150012,-0.312344751814,2.16568524798,-0.964031831933,-1.22172137391,0.455596426729,-0.424029560483,-1.33591327825,-1.24220363147,1.20283231594,0.9794973813,1.33248241056,0.566812840315,-1.27362170238,-1.36078243992,1.68145345452,1.00333524869,3.81296530249,0.187920491794,1.08871187355,-0.0940105908367,1.59386428283,0.670419723138,0.277437929199,-1.56490462605,-0.931463378107,-1.19408017027,-1.12083827537,0.132487882847,0.957004242266,-1.86010842266,-0.865133960246,-0.310528318432,0.812746704404,-0.931323253788,3.90362292862,3.89866391261,3.91357232044,0.0166284180028,-0.0808906313706,0.00440185240981,-0.135303336658,-4.47828177968,-4.20942845335,2.37453432729,2.5133120924,3.51674928965,2.31034513156,4.16960773859,-1.56298096854,-1.25195355243,-0.202844872846,2.13982955431,0.973122004973,3.12859472729,-2.54224114026,0.0163757006746,4.79562248707,4.79657186676,4.79020044173,0.462745576083,0.749637785882,-3.13159469191,-0.985707896801,0.861877835861,0.975031404493,-0.099804986997,-1.76176852584,-0.0832239880977,0.0619729344211,-0.576251294396,0.302090594137,-0.686229214535,0.59884596502,0.674847823559,-1.08425283546,-1.08425283546,1.08425283546,0.497254103617,0.467058677148,4.07048884445,4.06976848943,4.07948815272,0.862133057515,0.35853647743,0.20940356248,0.440237915309,0.535172556985,1.5683421167,0.505202220026,-0.373456182413,-1.12583908929,-1.33438766498,0.437830819113,0.277590941881,0.240439862982,-1.27252236839,-1.32432465005,-1.31254821055,-1.26360198882,-1.13419288946,-1.172000091,-1.17182064035,-1.16677328491,-0.616089299878,-0.537176600076,-0.12763668297,-0.7448031066,-1.4693911776,1.60738181346,0.558085126746,-1.28159742402,-0.338956863174,-0.882501610887,0.868159876927,0.463704447194,-1.12263905867,-0.299576309627,1.03679533883e+11,01030305,0.01542777
641,600497.XSHG,600497,2011-05-31,-0.237393040179,-0.373640018051,0.193706624727,-0.51176005868,0.280591814548,0.496980721764,0.118616320649,-0.338609495757,1.30663214963,-0.262637946628,-0.356191922984,1.86682132683,3.37611167325,-0.667902124696,-0.355206148872,-0.267905802321,0.0595176818915,-0.0371198927712,0.0815838518506,0.402604348922,0.264114554539,0.112824274881,0.0975759811594,0.0086160577545,0.574950275724,-0.0615193170696,-0.698465169366,0.365368901064,0.0552196481216,0.298493252555,0.34260655512,0.365009049739,0.262031658305,0.403288625312,0.0392057986386,-0.515184070655,-0.0086160577545,0.094938674022,0.00425386042864,0.899156597391,0.668676328015,-0.471188441569,0.673205558326,-0.792008457864,0.519729472294,1.29697978637,-0.446039275422,0.179898843074,-0.205496451647,-0.265922022483,-0.194061214632,0.604555907509,0.735773410617,1.02767548821,0.350644025155,0.614270078383,0.305987789847,0.28886230818,0.37346403419,0.239942802906,0.439001454512,-0.832865273154,-0.776079384818,-0.0850543836006,-0.615344844485,-0.233610975663,0.187336668161,0.404112862466,0.667902124696,-0.292621859432,0.187336668161,0.492681050038,-0.210319626621,0.305768831538,0.305768831538,-0.751382831795,0.353880300215,0.431012978063,0.0046150150611,0.201485331647,-0.339489284863,-0.138726163594,-1.69374124485,-0.211353532442,-0.610885497264,-0.676777039139,0.298633484546,-0.0702623164124,1.18140799396,-0.0381403756068,1.32768326373,-1.37439926857,0.299315490413,-0.0793172841526,-0.519729472294,1.13953527529,-0.674621101833,0.653215195931,1.15365104415,0.540307614423,-0.625023883469,-0.0407609778028,-0.27353272554,-0.563060285431,-0.571697947703,-0.558913091948,-1.08564625335,-0.478221675969,-0.476702859167,-0.764576485714,0.325821789457,0.697900573256,1.40398256518,-0.470661098782,-0.284082240417,0.795665802087,-0.779524679792,-1.19298503882,-1.18563704581,-0.371821372652,-0.468876215843,-0.302972725807,0.857300751975,1.16878943647,0.0427017835819,-0.689835055818,0.60195001231,0.267541985035,-0.940336314326,-0.411388476556,-0.740670799992,1.23223329083,-0.701415602032,-1.08758839166,0.372086944108,0.105271494192,-0.0410061165327,-0.410414700415,0.929902094698,-0.462092014971,0.306675453401,0.425441195134,0.318472852533,0.054743528203,-0.0859326088324,0.0218473915379,-0.750564594878,-1.09252904003,-0.263221192904,-0.00737495707715,-0.654571657643,1.16568167215,-0.285171449688,0.219282470876,0.929018228699,-1.41863134164,-0.625069943905,0.825331795178,-0.16759323488,-0.858171753902,-0.103920289341,1.00383059249,-0.0931040705923,-0.0920335291195,-0.0818339705456,-0.00740445736142,-0.0294169316826,-0.174630873198,-0.157819970912,-0.230910324081,-0.0711854842176,-0.0604624841211,-0.0728153030228,-0.0446594225518,0.0165296213335,1.14309923669,-0.141207317345,-0.850690538309,0.444098140639,0.0553765071732,-0.192133845488,-0.45776427942,-1.54680296452,-0.00759281487548,-0.454291550142,-0.443076166874,-0.452927741683,-0.90265098912,-0.833537674021,-0.618848249463,-1.11744531615,0.180143985442,0.440315589789,-1.25243945868,0.186583628429,2.71658904069,1.88291111367,-0.576251294396,0.302090594137,-0.686229214535,-1.01362410428,-1.12239289842,-1.13325660712,-1.13325660712,1.13325660712,-0.79429487405,-1.05548224218,0.0479808487015,0.0470939921178,0.0506055698178,-0.596736101188,-1.15494516347,-0.809889172005,-1.1504425227,-1.01794017321,0.188062486486,-0.920313674338,0.0532624055539,0.627353945205,0.236523454201,0.505778838695,-0.938026171887,-0.686357656622,0.313870753504,0.389411754292,0.356689314177,0.306472248439,0.144228707734,0.226808201072,0.252128057358,-0.00114068951793,-1.26435968484,-0.896290202856,-0.568270616682,-0.68476045941,-1.54870921088,-1.08751592279,-0.632116401147,0.469542273368,-0.362917716821,-0.451791344487,-0.550633952719,-1.01201350292,-1.12263905867,0.658957945744,26957739456.8,01030305,0.08358932
644,600549.XSHG,600549,2011-05-31,0.389674334987,-0.257261569264,-0.236772355334,-4.1610681726,0.148004099331,0.659010511372,-0.592768031582,-0.338609495757,-0.16603612951,-0.392052169645,0.954211970376,0.382377963209,0.105221646094,1.29834808556,-0.556788702827,-0.330363131875,0.240560060269,0.194824525965,0.208786516453,0.893991005797,-0.00438749775335,0.831216586436,0.468822969884,0.828670430302,-0.0776725278148,0.303993753807,0.606332508879,0.139847331652,0.219988122369,1.31118893442,1.50629061114,1.35251485916,1.28864661353,1.46861309696,0.497281838779,-0.16688887987,-0.828670430302,0.122430872691,0.12663415276,0.621235467288,-0.216804009235,-0.0915014602644,-0.913269756327,-0.341384984337,0.210371932383,0.710586821545,0.72821447661,-0.816491471284,2.76201723927,-0.490762814423,-0.283128238405,0.621110235425,0.815541306837,-0.877133966972,0.188508722672,-0.925931866642,1.31738782801,1.58635471098,1.35693631832,1.28948756338,1.51353621611,-0.0321495101157,0.357589016136,-0.778182114005,-0.473981839671,-0.297295459149,0.124424569394,0.220015255165,-1.29834808556,-0.290550958866,0.124424569394,0.0171138374095,-0.293208294716,0.18479191864,0.18479191864,-1.6050677587,-0.466359535238,-0.453165926334,0.211819181091,-5.23460975686,-0.313846932844,-0.234292955289,-0.187917459159,-0.451376587697,0.649815930203,0.545297936199,0.191333460768,-0.19674284554,-0.332182078327,0.274401188853,0.375909155586,0.249323773551,1.36325153538,0.861787221287,-0.210371932383,-0.0149732092249,0.468703460364,2.36162416991,2.53002514318,-0.437850048837,-0.657612816096,-0.0487800831693,-0.518029020337,-0.597367081192,-0.761670266774,-0.541367095602,-0.843200656008,-0.534254158751,-0.694245172637,-0.0363274388913,-0.123625539583,0.248572345024,1.45900074988,-0.511850809877,0.0837430378001,1.67569135186,-0.266927159276,3.18102383572,1.38324322011,-0.339741436942,1.71944826777,0.110014580575,-0.302729810225,-0.252329037481,-1.09295608039,-0.513980060287,-0.103784484881,0.268763289389,-0.387991919,1.22636354014,-0.786296376638,1.3584074633,0.577537419538,-0.0184409837386,1.07272135526,0.842525011311,0.524007133984,0.429410830731,0.0243389710491,-0.0970849539907,1.46023601204,1.25375605398,-0.8900445268,-0.333675934432,-0.538153162464,0.0247644017626,0.2495974208,0.313379241246,0.144696568879,0.611724275578,0.492413566055,1.3552563382,0.668025488639,0.368976332737,-0.0529150426527,0.787505892439,0.676743093254,1.21748231256,0.754564437569,0.697724633605,0.85116452188,-0.0782957396871,-0.529177437068,-0.530114541716,-0.530757416488,0.0386701927548,-0.0313289205974,0.0278608997284,-0.0244270528576,0.264722664114,0.255933694694,-0.40061930371,-0.408952897854,-0.445113950665,-0.388790267652,-0.201276494598,0.138763805675,0.450688286032,0.0302589333065,-0.273611701739,-0.465279543018,-0.481439759338,0.604874175829,0.0380042369515,-0.566927374457,-0.561009460012,-0.566751490453,0.272958439142,0.193601927936,0.0367531894365,-0.454494325265,-0.496637385685,-0.245617939634,-0.143128731494,-0.605432618599,-1.31748617926,-1.55695721752,-0.576251294396,0.302090594137,-0.686229214535,-1.00008788607,-0.745604588759,0.875187831369,0.875187831369,-0.875187831369,0.155560145473,-0.347594538929,-0.44936995622,-0.449900414947,-0.451352747961,0.57556947277,0.187659517974,0.196727686779,-0.435491530131,0.0728164931831,-0.940097836716,0.226053284446,0.0741014939248,-0.478011062888,-0.726978330972,-0.562186773429,0.374238515511,0.323954166581,1.31948685626,1.37621137052,-0.0525772660514,1.31384868801,-0.487243461338,1.27024389354,1.26404447254,-0.543804716181,0.450343410828,1.00986340719,-0.823962839538,1.15360284885,0.734975100488,-0.855225290675,-0.334588289242,-0.271103697004,-0.469205252785,0.386384063636,0.404219689286,0.455568166284,-1.12263905867,-0.0540404620386,27490613800.0,01030305,0.03288787
682,600888.XSHG,600888,2011-05-31,0.141767322522,0.93314547735,-0.329234389784,1.27717684802,0.153261151265,-0.0832746586166,0.175121934239,-0.338609495757,0.0275145586046,-0.358325049733,-0.343081641059,0.286607423621,-0.099208980603,-0.697581373153,-0.464318313755,-0.130593539288,0.443327524051,0.335396900956,0.396561878485,0.782610030239,1.50414311665,-0.948923127147,0.0552840715322,-0.1735642679,0.588835867289,0.628016151773,-0.482484195707,0.753054809685,0.291964989992,-0.0621786907071,-0.0411255429302,-0.0388766386408,-0.0817443764002,-0.0246805416797,0.902376086697,-0.62070269061,0.1735642679,0.0831222007881,1.31706063271,0.668541191561,-0.37205056187,0.142701628101,1.30424883672,-0.874357853828,0.531579861928,0.28127868744,-1.01292039709,-0.634224950365,-0.284782237384,-0.239664367612,-0.816359389855,-0.458806278533,-0.32021851618,1.0955589328,0.299849728188,1.04610239942,-0.0518777842937,-0.0585351231959,-0.0324593604902,-0.0824283349988,0.00209131947591,0.525224752768,-2.36299173663,0.588469734227,-0.261343370245,-0.204573648506,0.860818751117,0.237646107263,0.697581373153,-0.222556390272,0.860818751117,0.65493339317,-0.229125576658,0.652235256641,0.652235256641,0.146678387117,0.548686676552,-0.329771773724,-0.116426309508,0.503562474596,-0.396759024205,-0.243114647704,-0.187917459159,-0.0503690047001,-0.613599601521,-1.0069436366,-0.728381028761,0.442765447803,0.471425021908,0.267346074531,0.361308594004,-0.674796357307,-0.499399768597,0.147008460172,-0.531579861928,-1.38748728522,1.2380280223,0.339025039798,1.23106780532,0.88921937209,-0.724541326491,0.270265751768,-0.255329185676,-0.789485137455,-1.11628526237,-0.751919051758,-0.996946644567,-0.689899944258,-0.943622946615,0.202564486636,0.393975687712,-0.387759538889,-0.136526606483,0.696380715584,-0.416977541239,0.433302340414,-0.681020627502,-0.854581689505,-0.642220066479,-0.398713685746,-0.543372368476,0.348737733176,-0.1061144607,-0.548749956697,-0.24084155239,1.55088285463,1.3076845095,0.553937856034,0.274220981049,-0.565105043792,1.59712926908,0.477099985861,-0.532574227373,-0.506522152363,0.109386102687,0.144813964649,-0.643704901113,-0.567616444019,-0.727852068563,-0.507727825822,-0.0403436124568,-0.0254219849283,-1.05287925572,-0.906473171081,-1.65185567261,-0.3718775406,-0.265236838658,-0.26134508406,-0.385184431588,-0.0624367964523,-0.964387587726,0.237897115099,-0.201235209593,-0.0414745788174,0.00552723647596,-0.266269311957,-0.627872555395,0.591665692895,-0.311196919241,-1.09790023412,-0.427344706237,0.0801236557887,-0.912610619166,-0.914253083865,-0.914080847827,-0.446049533889,-0.338246405174,-0.451538559633,-0.277116352793,0.44199947684,0.525431549266,-0.766580808346,-0.792775212231,-0.871554241356,-0.660306655601,0.288177144656,-0.520571257688,-0.427619751678,3.18436932243,1.6362439362,-0.66802205449,-0.911542133205,0.501374777813,-0.444949372234,-0.609914539342,-0.615173257388,-0.613004210049,-0.420823338868,-0.470678593014,0.936369466955,0.618722800707,-1.21106386839,-1.58604536954,-1.14251129225,1.01503310171,1.3091050609,0.146753922919,-0.576251294396,0.302090594137,-0.686229214535,-0.253424981565,-0.382414129874,-0.99831868516,-0.99831868516,0.99831868516,-0.553027097152,-0.33711210676,-0.803550496498,-0.804636165922,-0.805860714317,-0.401351838862,-0.447026331434,-0.0551305387921,-0.313710404125,-0.370733421198,-0.718389807982,-0.492308656424,-0.957870564109,0.124529873961,0.185473458196,-0.331754359195,-0.218013920579,-0.564790123963,-0.0560608200304,-0.0312829289875,0.134341500441,-0.0547608807025,0.781891780424,-0.100222790592,-0.103720359498,0.604793582406,-0.650483664942,-0.569686353327,-0.131015875343,-0.936323937031,-0.28895882984,-1.15072943907,-0.674429530834,1.11832517765,-0.373844086541,-0.509832426477,-0.392840342387,-1.18287540203,-0.394435830053,1.10708023894,7653755790.16,01030305,0.11545538
695,601600.XSHG,601600,2011-05-31,0.197038922829,-0.0691523894252,-0.767292225128,-0.388314979697,0.186895533159,2.311366346,0.654620042019,1.397092773,0.193014422355,-0.299193792726,0.0,-0.52744216288,-0.175870465614,-1.4881286275,0.185145076159,-0.473971969772,3.76870156701e-16,2.43854198971e-16,0.0,-9.09247967427e-16,1.13777542219e-15,8.79355771778e-16,0.215629642899,0.559529362535,0.0,-0.527795450728,2.91003701259e-16,-0.577447024571,-0.160710954749,2.68624168547e-16,2.80616333979e-16,0.0,0.0,2.71829640948e-16,-0.540707748128,-0.980303447819,-0.559529362535,0.155720475255,-0.685525969078,-0.431316897781,0.185687053151,-0.467356499746,2.08898883866,-0.761237081528,-0.813127509139,0.0,0.0,-0.571950555717,-0.522923444188,-0.123189858153,0.156447515629,1.94368279073,1.90022480432,0.756141709851,-0.0470324562054,0.996275593145,2.71091903968e-16,2.75602609627e-16,0.0,2.63382474309e-16,5.29640226959e-16,-1.56369974174e-16,5.32691329056e-16,2.09654764462,-0.665534650817,-0.0815830847912,-0.539378729136,-2.17410799821,1.4881286275,0.0399877815233,-0.539378729136,-0.290606123703,-0.111081696932,-0.551091314845,-0.551091314845,0.00748368699393,1.81309253271,-0.173414171363,-0.158727965293,0.19265462007,0.0370636773358,-0.545255298704,5.01439783415e-16,-0.453255262375,0.0,-1.27277277246e-15,2.43116238656e-15,-0.803565159446,-0.255722373644,-0.754234479279,-0.290241466605,6.4116827875e-16,0.0,0.0,0.813127509139,0.896965673486,-0.708521686652,-0.367902811502,-7.60618325158e-16,-0.758033348369,-0.230590066675,-0.39789756323,0.118450166195,-2.3805121597e-16,-4.3939925557e-16,2.02916345142e-16,-4.10318116449e-16,-2.16001918444e-16,0.0,0.0,-1.84405097123,-0.841416555447,1.29394619578,-1.2120758985,-0.905187056393,-1.43028117676,1.7624445422,1.39777406379,1.38324322011,-0.299429846175,-0.774567324925,1.66190245329,0.840916139515,0.87662336298,-0.248264152808,-0.784139198464,-0.809518982072,-3.38980053455e-16,6.66549418711e-16,0.0,3.78019147051e-16,0.0,1.69793099326e-16,-2.00844681724e-16,0.0,-3.05930042867e-16,-2.39595405086e-16,-1.63359302923e-16,1.26741510259e-16,2.01555158445e-16,0.0,-5.03786062927e-16,0.0,-4.36047489429e-16,3.57795725613e-16,0.0,2.87515517463e-16,0.0,-1.13667488558e-16,0.0,0.0,2.87086321076e-16,1.38235410872e-16,-4.12390997725e-16,1.42916220045e-16,0.0,1.94470237838e-16,-3.14975245808e-16,0.0,1.95502398969e-16,2.47978753014e-16,0.0,-3.69406612951e-16,0.0,0.0,1.18142970869e-16,8.50955110685e-17,0.0,-6.85594399339e-17,-1.36362170915e-16,-2.22194055482e-16,1.94908575782e-16,1.9442299321e-16,0.0,0.0,-2.94540901426e-17,-2.23631552678e-16,0.0,3.27806661297e-17,0.0,0.0,0.0,-2.20129146957e-16,0.0,0.0,0.0,-2.23528817277e-16,0.0,-1.55740526439e-16,-3.00886732957e-16,0.0,-1.39198899727e-16,2.1504813208e-16,2.67495411351e-16,-8.95446705379e-16,0.0,-8.17818565138e-16,0.0,0.0,0.0,-1.4177567098e-16,1.29031171129e-16,1.97119984025e-16,3.94239968051e-16,-7.88479936101e-16,0.0,2.87354013526e-16,0.0,0.0,0.0,2.25958444463e-16,2.11731623623e-16,9.66389635063e-16,9.49467767255e-17,-1.27311098117e-16,-2.72284688323e-16,0.0,0.0,-2.10371420691e-16,-2.37638913924e-16,-1.63994469168e-15,5.40555977424e-17,-6.25426662673e-17,-2.69509066239e-16,-2.71096233746e-16,2.26058298795e-16,0.0,-6.87328374033e-15,2.61124528583e-16,2.62915158187e-16,-1.08067820096e-14,6.69827771607e-16,6.77406715961e-16,0.0,-5.58670422273e-16,0.0,0.0,0.0,-3.98392543315e-16,-1.22377878825e-16,-1.13575527102e-16,0.0,0.0,0.0,1.33344049354,1.31593267189e+11,01030305,0.1315519
722,600390.XSHG,600390,2011-05-31,0.331983530391,-0.238132475242,-0.141278778771,1.24647269019,0.153320286865,-0.785136039706,-0.538927777123,-0.338609495757,0.546454809348,-0.305667223806,-0.295634906474,-0.814753781645,-0.686947032357,-0.358968129396,-0.144687684862,-0.391256095003,-0.0346243548646,-0.247978455258,0.214843786196,0.73838523112,-0.246244308215,1.22684719241,0.126256701481,0.223831749128,1.13037393831,-0.498817837902,-0.216177558283,-0.36701050997,-2.51181248587,-0.328412517969,-0.317112188971,-0.330511259197,-0.329151081399,-0.309975466585,-0.508341439261,-0.508316985865,-0.223831749128,0.153066173667,-0.229381243114,-0.898460924975,0.294934627228,-0.778295846821,0.378373862683,-0.342542858247,-0.25990142466,0.198242019428,0.384036652739,-0.122359804117,-0.625260301734,-0.0428859097539,-0.220061998604,-1.27013726814,-1.17350405191,-0.496986677271,-0.126359856758,-0.657974375128,-0.324021661599,-0.309328110534,-0.35061197883,-0.30546521486,-0.278045792731,0.547027203995,1.06654691111,-0.601749600811,-0.587131639743,-0.0851253346485,-0.351448998203,0.677685102437,0.358968129396,0.102766748691,-0.351448998203,0.615769034483,-0.10885839389,-0.389311537834,-0.389311537834,-0.618892463559,1.2239967412,0.0882514430359,-0.0586383796933,0.19176286909,-0.266123807094,-0.445458167625,1.31700301293,-0.305466187727,-0.40189946946,-0.0233223149902,-0.323268694087,-0.485232142315,-0.719161808149,-0.457919677759,-0.868788719303,-0.190253889538,0.471041179163,-0.851929283031,0.25990142466,-0.863659765391,-0.274967836448,0.0444717684233,-0.187782746743,-0.878044165415,-0.108987561873,-0.317706509566,0.0876937686335,-0.240576405276,-0.191753309562,-0.383453128485,-0.25778323803,0.0322965004926,-0.062841872565,0.458035782821,1.64469182057,0.149875971193,-1.73205396285,1.21811705612,-0.257669994437,0.0191726699298,0.00537066680002,-0.34406497323,-1.23503858938,-0.116828217985,-0.968193100951,0.0998960168074,1.06046994648,1.30778106366,0.146618189436,-0.445260498938,-0.809518982072,0.215025897815,-0.588516949477,-1.60999942757,3.15044181133,-0.689720194118,0.145238247706,1.00403298404,-0.0573963163862,0.0708268335159,-0.785383086442,-0.296362048948,-2.23132087896,-0.664605180577,-0.30722513896,-0.383099211609,-1.54004260518,-1.73909888444,-1.03222398246,-0.605258968637,-0.188638085737,0.311411951001,-0.722624590493,-0.171799952559,-0.0413227612596,-0.23793044824,0.242616764269,-0.156252254537,-0.571944270509,1.44130644672,-0.409268859166,-0.0412435387699,-0.0269655479257,0.32522210209,-0.196986707646,-0.0356443639821,-0.837531854632,-0.838712893694,-0.840381300112,-0.4741546049,-0.334166437598,-0.511462934896,-0.29425566434,0.496269196405,0.560622105499,-0.770717070677,-0.797129279412,-0.885912854415,-0.697538955292,0.136980247641,0.797327772133,0.0407021629052,0.00543293598092,0.00333249726026,-0.712727493682,-1.02630249036,0.821786707301,-0.473510873802,-0.671109174802,-0.672344201228,-0.671415886744,0.415134082266,-0.298061397708,0.682835237852,0.945136921283,-0.780072790748,-1.42298785616,0.755646968995,1.07121411956,-0.493996992404,0.780320891814,-0.464493467604,0.302090594137,-0.501696988778,-0.121638404269,-0.0693148990782,0.810559668744,0.810559668744,-0.810559668744,-0.25260213884,0.367475571545,-0.860012050237,-0.860315998039,-0.862067299554,0.0805960082096,0.090015541142,-0.370653758093,0.458026169669,0.247117390251,-0.572219470454,0.00644678180114,-1.19502449025,-0.365124939022,0.271546748105,-0.40856516394,0.293317474013,0.342966697755,-0.329756323805,-0.327147308201,0.120292050672,-0.33021982039,0.812846298516,-0.323346803131,-0.352869754325,0.753235311672,0.429349508952,-0.0889519522391,0.777498058883,0.26056233153,0.798092003566,-0.568860445836,-0.535731545733,0.55566389783,-0.361636314067,-0.173706824108,-0.369913065673,-0.36111103009,0.333767398569,-0.60106194692,2928915000.0,01030305,-0.00601093
730,600456.XSHG,600456,2011-05-31,0.315372616476,-0.230444425117,-0.0306274916427,0.984194542015,0.153921221725,0.11824194465,-0.561583329742,-0.338609495757,-1.05244217943,-0.328677823359,-1.36630793035,0.166894249136,1.02515946623,-0.0608265880805,-0.481647467263,0.00722714283375,-0.367742331078,-0.297178786505,-0.239451444527,0.998410670383,0.367621070881,0.421527035001,-0.00944109454266,-0.85516159295,0.241696078172,-0.633168588278,-0.578941717924,-0.675499880837,0.00641390504558,0.121208184031,0.230745907707,0.159889216574,0.0927018873814,0.200008244352,-0.679656105938,-0.19536215827,0.85516159295,0.0773134294341,-0.896910110378,0.0949592847535,-0.170805030677,3.6092125923,0.751531773209,-0.818007990207,-0.582980468358,0.965689162449,-0.324564749349,-0.83623701105,0.856931548074,-0.421389577074,0.172506823377,-0.190558597606,-0.604025229346,-0.41281120598,0.190739513824,-0.508493956308,0.137932364254,0.194841119571,0.166524364974,0.0821007484231,0.206666995186,0.455347753537,-0.0784643963316,-0.481327409266,-0.682165592559,0.424092085826,-0.54341155598,-4.96131381751,0.0608265880805,2.05455218243,-0.54341155598,-0.374529749461,0.0425718817876,-0.57614570509,-0.57614570509,-0.828642275442,-1.78536542606,-1.13635530083,-0.141449890961,0.0822905679954,4.50476982284,-0.292730882059,-0.94128100881,-0.163894631655,-0.813086264425,-0.543793270716,-0.286042155225,-0.833408879802,0.215519071542,-0.813497439583,-0.142410780585,-0.436671486607,-1.47365684277,-0.834654419803,0.582980468358,-1.7074335195,-1.1221634998,-0.898098699976,-0.594734570946,-0.749229466037,-0.689124428636,-0.410785411141,1.06454122658,-0.110210581383,0.219853381758,-0.0442305324563,0.759305609366,-0.02996181371,0.181229991328,0.22246430785,-0.200989424089,0.138621121545,1.45900074988,-0.443201291385,3.84151058155,0.640367175655,-0.478052086636,0.448562374597,1.23503858938,4.9579031285,-0.224837095147,0.347613448312,-1.34479116271,-0.557259648158,0.0115268618258,-1.00316817493,-1.51525347926,-0.635001932526,-1.15226845732,-0.894202929351,0.125534177536,-0.588606306888,-0.630861114554,-0.59082379231,0.119170671273,0.028666568848,-0.252552256927,-0.313779862355,0.523097910504,-0.344927573686,0.140007851898,0.186942442957,0.0633770199931,-0.289432510119,0.287356056304,-0.196201527268,-0.857972798655,-0.880145896647,-0.703255087686,-0.110535628515,-0.529883204943,0.522663152258,-0.137749965137,-0.0496464521696,0.609516605797,-1.50232463034,-0.833864499919,0.668549606956,-0.071558270964,-0.485817800777,-0.631495201432,-0.158724048159,-0.781275909993,-0.780942089376,-0.777753810155,-0.324746613315,-0.276699134702,-0.427301968312,-0.288717687725,0.303671552421,0.333071160371,-0.607822252866,-0.6219838284,-0.66033485632,-0.558995638542,0.0203272644509,0.0333753165025,-1.27866807375,-0.208270311941,-0.339413514132,-0.723388723293,-0.913129752336,0.25640637504,-0.324311551551,-0.612992399045,-0.610474279716,-0.612305921126,-0.422174374425,-0.500632456831,0.248856049994,-0.236185687751,-0.346354715011,-0.550583550995,-0.600535314427,0.152166768903,0.839962329316,0.547535731296,-0.576251294396,0.302090594137,-0.686229214535,-0.505505120696,-0.639843527132,-0.398910231805,-0.398910231805,0.398910231805,-0.857571532965,-0.445236453389,-0.849346880249,-0.849976350919,-0.850291631818,-0.5837104837,-0.593492296682,-1.14578627736,-0.35476022188,-0.629432647373,-0.796870526118,-0.860771241404,0.923112185178,0.542251166554,0.370543071593,0.00355434613302,-0.998595230626,-1.55338541156,0.13086594924,0.173646629421,0.457886075556,0.125336093138,0.162801418589,0.0643878555473,0.0744517624577,0.208137814038,0.0594722148202,-0.0278746108296,0.130811317314,-0.484948530771,-1.05671238885,-0.491393968053,-0.553280359519,-0.357225321466,-0.274914282521,-0.865283189066,-0.260671335443,-0.785214672541,-0.394435830053,2.08954889915,10515693708.0,01030305,0.18531891
743,600595.XSHG,600595,2011-05-31,0.517597312158,-0.279487653782,-0.764260683015,-0.466579159773,0.217771045356,0.931871086436,1.70743689901,-0.338609495757,-0.468283762038,-0.141981895072,0.529376406092,0.358435328312,-0.0481013239287,-0.467567197613,-0.192044390376,-0.34096171441,1.03714652513,0.637627507188,0.723654444605,0.0897548440449,0.668917266965,-0.882984692818,0.34988710143,0.927776527458,-0.299841992849,-0.488280524147,1.59659478859,-0.347399938716,0.164684467632,-0.991165454862,-1.05251577443,-1.02530692479,-0.966979803433,-1.06428891274,-0.482572085067,-0.985830613626,-0.927776527458,0.201082318872,-0.70777693132,0.473405078936,1.17466509216,0.0367062203883,1.24291793261,-0.742395315174,-0.757617789276,-0.0337470221319,-0.931937379711,-0.972936901739,-0.746373284192,0.100171267893,0.19382364259,0.131237266478,0.300336631919,1.81648111434,0.879785350541,1.76028662267,-0.997944978568,-1.07345972112,-1.04447397978,-0.9577174245,-1.07991237369,-0.218444160495,1.16771094295,3.5430142012,2.3984193842,-0.41669816464,-0.532926206185,-0.416393041721,0.467567197613,-0.759494887103,-0.532926206185,-0.855691870474,-0.393207797822,-0.596189217286,-0.596189217286,-0.0174181171565,-0.70961613505,-0.630818500659,-0.138676866686,0.0807653385104,-0.0551550192072,-0.519734410995,0.564542776884,-0.213813701663,-0.168486503341,0.108515041636,-0.662687136651,-0.79361725266,-0.105923768552,-0.646996741586,0.458949849585,0.494017855128,-1.66560800153,0.529308694225,0.757617789276,-1.06017184786,-0.634705897127,-0.642819198118,0.51033831195,2.12361634742,-0.366601727639,-0.389305664624,-0.746559293711,-0.268021841884,-1.15427972619,-0.535518430153,-1.11521278961,-0.391060036085,-0.848116565092,0.0111148332253,1.75029966291,3.25188568556,1.40398256518,-0.944342776377,-1.29275201318,-1.43028117676,1.25172926473,1.1247220305,1.38324322011,-0.38479714891,-0.413967413686,2.315861482,-1.19732965057,-0.0594426977038,-1.35274709502,-0.196512847242,-1.51525347926,-2.11155889644,0.710693128225,-0.89764177873,-0.341617249024,1.63826809487,0.14768522415,-0.477577383282,-0.840606556356,-0.742618273019,-0.597009368211,-0.0737009622423,-1.13790977296,-0.00563178754153,-1.00572375636,-1.06486758408,-0.83734530966,-1.01457483973,-0.581876644939,-0.922858590133,-0.0851063534492,0.714461496822,-0.94698319882,-1.2350444089,0.0829243735403,-0.974071664276,-0.689444365779,-0.762456677756,-0.808802846713,0.508329863321,-0.168244271016,-1.21241109498,-0.544789096597,0.29833491647,-0.210090459344,-0.89354632102,0.863337671925,0.866628833955,0.861461172678,-0.209767619498,-0.121285813391,-0.0812305047661,-0.0542334185048,0.461611876691,0.377099239089,0.78097977319,0.769788554879,0.583378508295,0.659296024322,-0.791205292946,1.34501744573,0.447144523,0.788449283652,-1.56734300155,1.68608670408,1.21365607076,0.16648879458,-0.208954145213,0.709941417357,0.700422701257,0.721878634544,0.586965789852,-0.0207547250506,-0.49624798555,-0.445879705288,0.822054260286,0.878230760277,0.393411072618,-0.158089058512,-0.747400451638,-0.388864877075,-0.464493467604,0.302090594137,-0.501696988778,0.49093931985,0.48889430861,0.765817094619,0.765817094619,-0.765817094619,0.163205301917,0.540370995958,1.01820043481,1.02424407699,1.02682379008,0.0545447732328,0.334125483222,-0.331497270815,0.601700531812,0.480588855008,0.313141131015,0.303808696866,-0.601083147695,-0.108205974362,0.385740345037,-0.0378053179603,-0.540724307492,0.257396224118,-0.999820631377,-1.03780785458,-0.59582265712,-0.996676473533,0.370196689804,-0.940122226008,-0.955943461019,0.558557633946,-0.166723644443,0.0718140210986,-0.357308416132,0.154928472432,0.249728749373,0.810303981666,0.0486350453133,-0.655780286267,-0.472622326795,1.43813442776,0.25856404898,-0.126175918805,-0.394435830053,-0.682626772679,15391117584.5,01030305,-0.01181102
773,600768.XSHG,600768,2011-05-31,0.335142419444,-0.239455078027,-0.64754631166,-0.070093766182,0.162819744166,-1.32208977867,-0.535196274339,-0.338609495757,-0.248786061386,-0.258014067285,-0.696434953895,-0.814753781645,-0.916931487391,-0.082411496049,0.241546225049,-0.496733501269,0.443327524051,3.06250097579,0.0391829636498,-0.773857205413,-1.0824949749,0.618550284725,0.525986364122,1.36112279542,2.36619158756,-0.652926051569,-0.927027558966,-0.492970717634,0.343948283276,-0.814266002344,-1.04046243819,-0.817730932081,-0.827796259039,-0.941737653257,-0.703776221463,-0.863479261441,-1.36112279542,0.4286758916,-0.229381243114,-1.25916707255,0.105188840674,-0.0407119940686,-0.308088907374,0.526739751473,-0.876121685613,-1.06271686698,0.667477213574,-0.174001985044,-0.782078122357,0.158613794191,3.20570857422,-1.78881138923,-1.85730501528,-0.921937040401,0.157301005612,-0.862817912029,-0.821442524455,-1.12117625009,-0.779281014253,-0.820106968659,-0.983315682802,0.897116427905,-0.349712049802,-0.754377727304,-0.396766753008,0.917757053065,-0.406295443282,0.697235487204,0.082411496049,2.60867148396,-0.406295443282,-0.70462934411,-0.47683347245,-0.60406345422,-0.60406345422,0.801468134713,-0.523321284458,-0.526677336399,0.237297822938,-0.112551927914,-0.308457906798,-0.493028657989,-0.94128100881,-0.423509579977,-1.33419428181,-0.759318688505,-1.6546649075,-0.391437592625,-0.94698052006,0.287805906065,-1.26756655752,-1.40691144823,0.33976643043,0.098188194527,0.876121685613,0.808535236375,-0.0439973197187,-0.544634774326,-0.711202264742,-0.801589397799,0.664662925488,-0.35952041612,3.00473518374,2.18148337547,1.62564854288,4.04983528168,0.706085844095,1.63856100692,3.20559873957,1.023575125,0.0,-1.50185014631e-17,-2.44329821718e-17,0.0,0.0,0.0,0.0,4.48976087503e-17,0.0,0.0,0.0,-0.226146593494,-0.525560539687,-0.372882999842,-0.718857019317,-0.510703985853,1.3076845095,0.0953380711294,0.608629489959,0.212590743243,0.453765937889,-0.263820022996,-1.47833062311,0.729419487385,-0.115065970626,-0.188748129342,-1.57634768508,-2.01971398205,-1.62268428347,0.482042789876,-0.908533889446,-0.660997974662,-0.548991373866,-0.341954508452,-0.349867248036,1.4592491784,-0.910592459668,-1.25977933017,-0.227892806715,-1.07866405294,-0.731920692614,0.10451606489,0.379112374437,0.460724183555,0.206084661327,0.312711850089,-1.37196590602,0.0866362555588,-0.00322842575757,0.242507962292,-1.31839982166,3.13761798847,-0.933951041984,-0.934605674248,-0.931452150384,-0.243474375654,-0.317750608564,-0.0933864394991,-0.37157457908,0.135694416642,-0.102647773837,-0.329106838769,-0.299302551686,-0.239853271804,-0.389145474578,-1.59105187929,-1.17144943378,1.14417545175,-1.02908573069,-0.125450751951,-0.659641242556,0.346044980009,0.212389389677,-0.243033903268,-0.512614855344,-0.502267502145,-0.512169834615,-1.9155273505,-0.394055794,-0.0760227924829,-1.63342220705,0.128989262626,0.25504332127,-0.0724735319181,0.675338320116,-0.533762415084,-0.406555398297,0.541326973523,0.302090594137,1.15909304304,0.747744365338,0.259241717648,-1.67442869416,-1.67442869416,1.67442869416,-0.389695381089,-0.900639895387,-0.923186639529,-0.922284818923,-0.921011175931,-1.80811852761,-0.788780250346,-1.04950674508,-0.91030108883,-1.08720184546,-0.71299425861,-0.568663070422,-0.307696471732,2.69843297811,1.37845942352,0.560432680533,-0.335987256049,0.119660998283,-0.811687687182,-0.833488750625,0.109296829113,-0.817102883056,1.93030440163,-0.846475849759,-0.843923548657,1.60495015173,2.53017731226,0.518193907277,3.03267328553,0.583329398879,-1.06796317371,-0.437754960262,-0.634076167153,0.963306253616,-0.456777023923,-0.109585838277,-2.77053380405,-0.829964217548,1.79017385581,0.551519752447,1584904320.0,01030305,0.07594937
795,601168.XSHG,601168,2011-05-31,0.131431699629,4.3792703569,-0.429275279516,-0.114374638241,0.164113523433,1.10929404069,0.640760174534,4.40141464019,0.0408387001777,0.0758844198438,-1.00421442956,2.1301903107,1.05071329457,-0.220015284348,-0.120991243218,-0.0235517665957,-0.0273826597295,-0.0582057490199,-0.0759051614665,-0.186240661567,0.978411998996,-1.35782062532,0.10132085864,0.076630045999,-0.841380063871,2.08018970363,0.507778084006,-0.259906620817,0.101561897216,-0.66913072319,-0.666256109149,-0.685777193138,-0.64848745971,-0.679044739996,0.0870337200213,-0.148297503973,-0.076630045999,0.130626810355,0.621718062648,0.272355750776,-0.297302221712,0.339104883569,-0.231240545603,-0.289070135857,-0.494414398464,1.52212044294,-1.417835484,0.240654350047,-0.798001415504,0.188121582239,0.137902838825,0.82178923098,1.02659756677,-0.202372527753,0.285986120347,1.63073692636,-0.678522159337,-0.641032071237,-0.706888117516,-0.650492184736,-0.67882627573,-2.26019629261,0.735053655162,1.55324752463,-0.610890127947,-0.260443898402,-0.174004617065,0.288264072819,0.220015284349,-0.362303828487,-0.174004617065,-0.626300626735,-0.244762398603,-0.140199314825,-0.140199314825,-0.986992209526,-0.138104594532,-0.207544468894,-0.133263544083,0.281883834358,-0.376607387841,-0.481670613296,0.564542776884,0.0343502771958,0.230486822467,-0.218212320438,0.454109029205,-0.206690752326,0.418371349271,-0.189119822095,0.427011121124,-0.139035701426,-0.0616900686046,-1.29732032192,0.494414398464,1.12848147065,-0.593742690471,-0.250081502952,1.0789746993,-0.208485745988,-0.178878702507,-0.242670595065,-0.410248894726,-0.624812517801,-0.552700715796,-0.558913091948,-0.724934510962,-0.621415798635,-0.545679690267,-1.77320783527,-0.228005383758,-1.29507357201,-0.741726638209,0.318808363877,-0.610481995993,-0.602021835796,0.564710556078,-0.0406019314908,0.444613892178,-0.385637113712,-0.455068739277,1.29463606467,0.260900858414,0.112169413421,-0.321005636906,-0.659180359325,-0.809518982072,-0.202049539055,-0.897109361648,-0.469848915997,-0.910915488971,-1.21806415152,0.369136592362,-0.509054819657,-0.800727026818,-0.772378459843,0.384945624964,0.400883873398,0.662314327685,-0.173095470373,-0.645390434747,-0.750468684981,-0.113859902923,-0.349358585216,-0.410326305083,-0.839835780044,-0.378326217771,-0.3850470699,-0.489275512577,0.314174016512,-0.224674203188,-0.915728565857,-0.67282209535,-0.788086644179,-0.659221506741,-0.553088254945,0.243739618031,-0.881327966904,-0.558795179628,-0.456878032219,0.311379295707,-0.647386952666,1.61437817329,1.61923530403,1.61495471036,0.184008067086,-0.0176566729007,0.0195119590997,-0.229665556555,-1.67179364826,-1.63208555438,1.02020282312,1.07828195089,1.45726492149,0.918237429784,1.1706024499,-0.104490515354,-0.754463742123,-0.0754651589242,-0.279979703152,-0.0879104617871,0.834278550979,-1.61302671727,0.182921393846,1.33175993853,1.3482357315,1.33523908881,0.222036074236,0.360395369681,-2.22433918822,-0.642626657361,0.830533030214,0.922817650303,-0.631044145276,-0.230111157447,0.479897909366,1.13294580963,-0.576251294396,0.302090594137,-0.686229214535,0.0447549195851,0.145926294475,0.910697810833,0.910697810833,-0.910697810833,0.196495133616,0.31273398133,1.17854988187,1.17928280735,1.18433417798,0.262954653048,-0.178505395146,-0.285309208711,0.298616044054,0.308122704225,0.901256012545,0.205738807328,-0.318407471699,-0.529385381534,-0.480878821933,0.183764311111,0.0684718845799,-0.0694784785022,-0.674563046082,-0.688116654362,-0.82041023821,-0.669690820991,-0.416048069727,-0.625858187922,-0.625759644552,-0.412397283715,-0.972363450584,-0.699696765378,-0.421576829557,-0.539054924622,-0.408779688624,0.804211112627,0.186709468503,-0.506502803866,-0.364805374642,-0.888881714264,0.301721275738,-0.161772147787,-1.12263905867,-0.333899943247,34863290000.0,01030305,0.01298701
803,600111.XSHG,600111,2011-05-31,0.398285903702,-0.259417421435,0.11337075873,0.306680814979,0.157155551146,0.490354968285,0.312121393605,-0.338609495757,1.53945399185,0.0490115210752,1.98867564417,-0.599270067571,-0.635839375683,0.58064989561,-0.334548640202,-0.0992671016091,2.95619573593,2.15580915709,2.63775168338,-0.145701262375,-0.601855804954,0.596372793298,0.196221095186,-0.0428802476306,0.838776515452,3.25905167997,0.0564197871117,2.27815385099,0.356158644748,3.29326276681,2.35231475634,3.09937061435,3.39368381515,2.63736816894,2.55223321957,0.464631686063,0.0428802476306,0.126153715388,0.265702666774,0.230963242038,-0.0270582226814,1.78858558923,-0.842332806999,-0.161177699432,1.96547700761,-1.01606224424,0.9914092831,-0.298550774339,0.761843845952,-0.414376131799,-0.346003295971,1.57695375087,1.38297707638,0.369206075691,0.221947230885,0.259946122662,3.26990282784,2.11174852624,3.07553625717,3.40484242965,2.52160344991,2.8138725345,1.97134049896,-0.675963276996,1.7928749161,0.245413705685,1.80127397115,0.29181465348,-0.58064989561,0.797937388792,1.80127397115,-0.643085351887,0.22225407457,2.16122538912,2.16122538912,1.89842453293,1.32337581928,0.813739049514,1.11193338047,0.262762757888,-0.304801615888,0.5873648451,0.564542776884,-0.144347468936,3.2689265384,3.95014097255,1.1132377467,2.77057563557,0.187431833087,2.84457933632,0.674308132924,2.50433173853,2.32796829352,2.93226720532,-1.96547700761,-0.914015986524,3.33854288731,0.653215195931,0.0684461796075,1.88127790219,-0.327952869523,1.45737974262,0.893655496107,3.60178471998,0.739111053884,2.47654427596,0.918964905178,3.43782628738,1.10445834606,3.35309238426,1.53478598465,0.0780180849821,1.23892801107,0.0373453380597,2.13889379863,1.67569135186,-1.07723278687,2.43045426553,1.23503858938,-0.218799944922,2.06656180655,-1.13794161748,0.303500850812,-0.13319335703,2.61240604833,2.99325262614,1.3076845095,3.24691395647,-0.551293740226,0.158084980588,-1.20509831153,0.979344674387,2.55428655715,2.69802559449,3.62100846766,4.02769167338,2.55824366815,2.93018212719,1.58905387232,3.37434562448,2.73951338557,3.32289119416,3.1067840167,3.54103423221,0.944001388964,3.33639266115,3.66077903183,3.33794637884,3.28612661575,2.36990052237,3.68964335364,2.24916634281,4.64012556415,4.70192645335,3.41474600397,0.462323580007,3.03514066219,1.92922592659,5.02235728924,3.4678311357,1.87593746713,2.01040305912,1.69919401417,1.69350779817,1.67452557453,5.59472442569,5.68611000427,5.59781815911,5.65134623115,2.38331217258,2.62159708242,4.33741448917,4.19591316914,3.0120979512,4.53733370522,0.207557657582,1.40049550751,1.27066053229,0.981238755636,0.913865467246,4.39460309873,3.45738747896,3.20584180641,5.59550751569,0.0838390344542,0.0388401261913,0.0749209766087,2.88054880231,3.71357107628,1.74512807445,1.07197520397,0.646100193787,1.26775771479,4.06693933907,-1.82011713792,-0.698932565636,-1.01922061928,3.44703047011,-3.27045904088,2.81988307485,3.72405226945,4.11719604811,1.96108300338,1.96108300338,-1.96108300338,4.30461623743,4.02901501063,1.81111874269,1.80295915541,1.76993316091,2.43823277361,3.14138981714,2.49282928292,3.98967882386,3.08134171389,-0.0586612711534,3.78213752904,4.78064785608,-0.826854292493,-1.06273640218,-0.81329901971,3.71542060379,3.98790834077,3.25228734766,3.00111902191,2.56123123663,3.26465018838,-2.66334608319,3.47442131135,3.46008469939,-2.32267199641,2.67422639965,3.26995861381,-0.840384155931,3.99807854103,2.07021824796,0.683659346638,4.79999864794,2.43885675273,-0.0611542575098,0.630190178844,2.40833340683,3.29309613376,1.06197062719,-0.308758397721,85243838580.0,01030305,0.01477483
813,600139.XSHG,600139,2011-05-31,-4.7695337328,-0.328636844796,1.15925278775,0.50927663415,0.155759096011,-1.3823239012,-0.773212844793,-0.338609495757,0.384461298643,0.262145159487,1.15866993849,-0.455614258189,-0.916931487391,0.579300838862,-0.578603900249,0.58510410056,1.02990482999,0.412711707201,1.98356655114,1.46891339434,0.690438423828,0.456773405303,-0.0577104047643,-1.52607100556,-0.563668232578,-0.268972681621,-1.35689260363,4.16755696597,0.61539675775,-0.179761328171,-0.0694816878399,-0.188259956951,-0.145502599806,-0.120712311532,-0.369599236284,3.47224733451,1.52607100556,0.0642749543988,0.0710067471551,-0.0942636123377,-0.872289453693,-0.755239247717,-1.43273512484,-0.453663666521,4.106655303,0.336493791428,0.242316372321,0.410769769571,1.98596193978,-0.472553515654,0.333816834235,-0.506948966861,-0.995403125499,-0.921937040401,0.16791770277,-1.07762681018,-0.209548019447,-0.0298478001369,-0.229608884915,-0.132269682624,-0.111828522094,0.514705350641,0.992222010293,-0.869198886685,0.680680687047,-0.268394957094,4.50810734887,0.23528275201,-0.579300838862,-0.383434684266,4.50810734887,0.58219958418,-0.242244292948,4.13193214183,4.13193214183,-0.674761895948,-0.426327304258,-0.00392953149042,0.434775073048,1.08004637697,-0.345932010622,2.47925222594,0.564542776884,0.802012534797,1.18856562526,0.776873119143,3.46726888061,2.80894613317,1.91479699806,1.64944297019,0.408760419146,1.27375972492,-0.531455230497,1.39780870204,-4.106655303,0.543243925041,-0.157546052741,3.52020037065,-1.17570283176,-0.296524569304,-0.830792020056,5.31399663065,-0.422725904341,0.987606882976,0.0108838307801,0.35347871806,-0.133603785732,2.04946588066,0.0644999694664,0.652983858871,-0.532548929118,-0.727136543642,-1.18187211583,-0.566770424671,-0.204845502479,-1.43028117676,-1.27329976993,-2.5368927951,0.0494015435753,-0.385610234839,2.33307821468,-1.25449248162,-0.214252902939,-2.46059397155,0.180762151359,0.0826554956293,-0.103784484881,0.337156333209,2.49740717224,-0.921197896975,0.722071567721,0.31792769318,1.32508872328,-0.427647656618,0.258674899138,0.632550359827,1.8719461219,1.45597665705,1.10930234037,0.0993918487678,-0.171453330932,-0.2759881869,2.72984241969,2.15810120373,1.34732193818,-0.366425493227,2.64884193052,1.93331645347,3.21867569765,2.40294100609,0.709950999504,0.539099421258,-0.028553477003,0.433608421977,-0.461496086605,2.26119495941,1.22885755681,-0.139830845546,0.226584707273,1.06307889371,1.53620781375,-0.970318797289,-0.877622050221,-0.883260154331,-0.886830702422,-0.371528748451,-0.172058909562,-0.17083229836,0.226126466742,0.679918787612,0.845796237186,-0.414288032825,-0.462896563434,-0.668600313913,-0.290981928665,0.682131875983,1.14919345266,1.65774849428,2.60001262422,1.67866947489,0.376296657106,-0.22616228044,0.991014171297,-0.371403820751,-0.618900046858,-0.635343768722,-0.626956225244,0.614228353049,1.17176895714,1.76845227498,3.4412881836,-0.183988621759,0.269800698121,2.65463345615,0.850850441178,-0.58079848554,0.365589238466,-0.129219987228,-0.538509319983,-0.686229214535,-0.537430163646,-0.111503102782,0.756584499958,0.756584499958,-0.756584499958,0.638689497827,0.285492598966,-0.680323947198,-0.683707439251,-0.687804019944,1.25290158217,-0.154094400938,2.96178228096,0.157678336429,0.606268975526,2.44928817777,0.658261297627,0.12024258732,-0.241746042837,-0.355875896706,-0.919652441665,2.478672484,1.58337239823,-0.185910481554,-0.179684405452,-0.185334385608,-0.183513188076,-1.69137421511,-0.106734892417,-0.0954023056233,-1.75323978906,-0.967404854991,-1.18436856473,0.30617510765,0.231620148029,1.49800332986,0.601514415843,0.876458022538,1.45707023386,1.13366425021,-0.698959190004,1.04753210064,-0.0295575829946,1.79017385581,0.994334648534,7230223465.74,01030305,0.10743802
843,600432.XSHG,600432,2011-05-31,0.1463989265,0.622199925151,1.0774011507,0.870629558262,0.154249752837,0.540081582775,0.75163911441,-0.338609495757,-1.32453517576,-0.146007390029,-1.40064438301,0.262664788724,-0.3036396073,-0.742100245838,-0.586852432607,-0.386367449922,0.269526840809,0.201853144714,0.208786516453,0.366978816299,1.09934040423,-0.9568436598,0.230537135947,0.699929666839,-1.11909189516,-0.422422313178,-0.117098907745,0.116465496696,0.0383322183667,-0.0916518513292,0.0241093876571,-0.0857953881776,-0.0863156079752,-0.0399219794573,-0.424642576841,-0.809547522353,-0.699929666839,0.0739088755779,-0.780092558607,0.260529319708,3.93460380567,0.0330041748983,0.728625049988,-1.01010979801,0.607671837471,1.10608105476,-1.37734397531,-0.327409640151,0.96674980162,-0.428719482685,0.187132264361,0.264178654948,0.386233687203,1.15258102625,-2.80058790773,1.13800517543,-0.0957077136709,0.0100956899742,-0.0946287147222,-0.0965511621929,-0.0395021318071,0.0567702478177,-0.710990743613,0.770503279586,-0.0985977260469,-0.387432795647,-0.386131309062,-0.317853332799,0.742100245838,-0.618865398647,-0.386131309062,-0.245846856632,-0.308746849123,-0.294104854902,-0.294104854902,1.70272189262,-2.09320673496,-0.713664692954,-0.0469063539127,0.054056950986,-0.0981421650507,0.0198421376197,-0.187917459159,-0.321077079692,0.121922652179,-0.0462505509252,0.690607040798,-0.768036920927,0.416810947135,-0.630769978646,0.484500832354,-0.251163468424,-1.15386544906,-1.10479322304,-0.607671837471,-1.80384725996,-0.895977339803,-0.26971838771,2.96986196328,1.03239830053,-1.00262457391,-0.303673075175,-0.642571572239,-0.919850961348,-1.08462320919,-0.83380036804,-1.26895877817,-0.851771561185,-0.895869755853,0.0966533007006,-1.40811162203,0.903950897571,-1.56699940874,0.0,0.0,0.122705087551,0.0,4.48976087503e-17,0.0,0.0,0.0,0.244179240906,-0.918791238738,-0.273603266133,-1.59323934857,-0.679109812134,-1.51525347926,-0.830410629157,-0.496659675037,-0.186831612114,0.0703748983069,0.386957765802,0.285939393255,-0.441758231545,-0.515936780559,-0.56391937343,0.555299345519,0.385654782055,0.964092596499,-0.0923534440143,-0.033237075948,-0.145330745759,0.377235611002,0.10727473177,0.22583953855,-0.865728883052,-0.536986392203,-0.672370958424,-0.394066119693,0.523706454993,-0.0632271985218,-0.654703806143,-0.545493636196,-0.584161259162,-0.289258708909,-1.10010445155,0.131635158426,-0.363780069391,-0.364670396443,-0.350600460406,0.358954848745,-0.954476857742,-0.174818083085,-0.174780821293,-0.174137488784,-0.374577335484,-0.321523538146,-0.411606474991,-0.366298087204,0.0728232532198,0.102597854379,-0.696322749187,-0.701427073893,-0.663782432681,-0.67075284258,0.149466903814,-0.433393244799,-1.00825169467,-0.714895600113,-0.750398538622,-0.805631632388,-0.831191339884,0.359013536865,-0.373833348912,-0.477122307384,-0.478570828584,-0.477863528029,0.0447418463394,0.352712924731,0.559963959264,-0.448178460645,0.460288185912,0.50465968984,-0.554169722037,-0.955058006307,0.64431496213,1.67418137889,-0.24097781402,0.302090594137,-0.132632537263,-0.306165152518,-0.197157940606,0.401484705317,0.401484705317,-0.401484705317,-0.0373501612972,-0.0408216320645,-0.22820296384,-0.229079196486,-0.229224375533,0.236903418071,-0.178505395146,-0.360698027393,-0.0646748430775,0.00814168663937,0.872316247732,-0.049593155078,-0.0270792021909,-0.485969463563,-0.604303157136,-0.384931070172,0.0574681809827,-0.286643834573,-0.0915178112065,-0.0791120350384,-0.620663713233,-0.0887959698497,-0.536770690285,-0.0806717851116,-0.0697525060429,-0.57300636784,-0.984807074508,-0.623985268179,-0.552798591227,-0.554037084541,-0.876924846749,0.522415919567,0.125333160388,-0.60410731159,-0.163570028162,-0.557919698156,0.228893455585,0.0660437177018,-1.12263905867,-0.472210365929,18015009447.8,01030305,0.00315173
39,600373.XSHG,600373,2011-05-31,-0.208543758357,-0.206665895791,0.0614067388913,0.0318398076615,0.242256093848,0.474686889336,-0.637999433109,-0.320930023389,0.201898942588,-0.867978140042,1.94909425944,-0.898551305619,-0.792573685437,-0.775000772913,0.78058254239,-0.719075831966,-0.23326153541,-0.448817138426,-0.0337411832705,-0.856475118946,-0.5520314868,-0.30514107498,-0.33315686339,-0.432348176084,0.518366369161,1.96099074664,0.790985958114,-0.0345952169816,0.517480798869,0.771686227365,0.842214973971,0.82673711562,0.730108941713,0.891430352628,2.6029866509,-0.247155156415,0.432348176084,0.393065607374,0.330876881235,0.595089333197,-0.136688144884,0.0313619809994,-0.224447542495,-0.34139678678,0.326700700329,-1.59274673226,-0.214397846824,0.251367978711,-0.0778120097784,-0.458212184247,0.17896026236,0.26158742103,-0.566249700003,-0.424252915188,-0.0807472361117,-0.618748086198,0.786198212128,0.840404551831,0.853583265498,0.710195147249,1.00221270066,-0.0158967291015,-1.08147269919,-0.516733146851,5.37030576388,-0.429867467973,-0.148643341519,-0.153928834692,0.775000772913,-0.362177265394,-0.148643341519,-0.205542431235,-0.183180952601,0.238473875575,0.238473875575,-0.965302747183,-0.184706460787,-0.00875363644553,-0.840032453419,-0.120844819082,-0.26312027086,-0.560321446256,-0.245086144628,-0.836891424739,-0.726184312331,-0.634767228953,-0.749915967627,0.346068766321,-0.0336596989709,3.44292100186,0.291690304766,-0.568743683746,0.0129200960032,1.82971985839,-0.326700700329,1.46513482648,0.350060760613,-0.790978083674,-0.467265163403,4.9969738977,0.564505238116,-0.178689853128,-0.466507023949,-0.442027784995,-0.256662994606,-0.410400108351,-0.763503107844,-0.335508669329,-0.110991367586,-0.0787574123681,0.586773308771,0.983288587788,0.842789449979,1.10096471782,0.117807575389,1.58218042647,0.0505901543288,3.19098559128,1.25658045106,-0.373732323475,0.429894771393,0.107443870935,0.185432964384,0.205808303329,-0.770753376074,0.324209472409,-0.772987951681,-0.237170168978,-0.434850883054,-1.20751526907,0.699875288063,-0.857392829494,-0.965809206038,-0.361301518995,1.2084654604,1.63210352282,-0.0897978831482,-0.542508057462,0.812501613191,-1.2038774419,0.724584046448,0.966652168117,0.0440407576407,-0.283392576246,0.493085815868,-0.283569962709,0.345595303791,-0.117567408875,0.459274280267,-0.181917976275,-0.702155601909,1.08598203544,0.297740602256,1.96446254156,0.353664981295,1.20380087103,-0.661876731816,0.834518892785,-0.20461375505,-1.00198202022,-0.567659494365,-0.0861317381469,-0.2560515078,-0.256827522384,-0.257597081958,-0.635155547918,-0.607541851993,-0.680365394458,-0.522873276752,0.237817085208,0.53065539261,-0.504700189822,-0.511038034147,-0.525434977464,-0.475709830266,0.244996663482,-0.0599841438079,-0.20969263981,-0.165086457511,0.435807443154,-0.483961017124,-0.600859904006,0.581582251765,-0.635327862373,-0.156213826251,-0.158190058957,-0.156663170319,-0.832383225765,-1.40138465043,0.629993146944,1.54563238535,-1.06067490501,-1.45264686862,-1.56041167355,0.682176071632,1.69775656112,1.36999902907,0.428064105445,0.283602915428,1.04541181745,-1.32196282643,-1.56693667851,-0.248812654851,-0.248812654851,0.248812654851,-1.35841826711,-1.46121232176,-0.14906217699,-0.149673595855,-0.150289731449,-0.940272551197,-0.768375713607,0.634509169185,-1.28681344002,-1.75035119265,-1.67594028627,-1.74781165353,2.06058288118,0.590416573809,0.830381478915,0.131488131373,0.784101306489,-0.463817351433,0.785222126026,0.849883585946,2.12282929178,0.772933822791,0.0408445891933,0.683915031759,0.706938195936,0.104663418377,-0.471090526219,-0.299333399295,-0.419855657776,-0.959750138594,-0.149529531252,-1.69940321164,-0.823893170523,0.953901453788,-0.316055911685,0.266392798248,-0.510158983567,0.10255883043,0.508308008469,-1.33637208937,8690193675.76,01030334,-0.06201044
46,600386.XSHG,600386,2011-05-31,-1.34575628481,5.28409049251,-0.448301540123,-0.169157917471,0.718218301775,-0.295156713567,0.446719637057,-0.320930023389,-0.300240513027,0.59277417929,-0.714868885858,-0.898551305619,-0.87317439921,-0.254118065794,0.639388104237,0.789288525586,0.0789500581387,-0.133667089652,0.274697242061,1.61439634788,2.11294398395,-0.690881285642,-0.349527250359,-0.532219544672,-0.928015899817,0.0715199679918,-0.910207210704,-0.324461403062,5.04361847316,-0.862459513044,-0.813156219889,-0.886105379561,-0.833040232344,-0.870201792924,0.221832343428,-0.168039951656,0.532219544672,0.366812278065,0.309636567889,-0.40637754694,-0.0269071151346,-0.144450332315,-0.271684238771,-0.00851802244356,-0.309175617456,0.737978585651,-1.17635648786,0.521502441532,-0.775997716256,0.499547701804,0.191026983038,-0.705917432919,-0.365241800653,-0.424252915188,0.73665410727,1.08895946085,-0.875799559142,-0.809917769404,-0.908908024823,-0.833961188118,-0.866050303199,-0.139340924072,1.05221372926,0.405210008053,-0.196819190059,-0.290154184686,-0.32356164526,-0.244715137741,0.254118065794,-0.28184459555,-0.32356164526,-0.20072314797,0.0764947102736,0.00377673558603,0.00377673558603,1.33301003039,-0.220078308304,0.902508201732,-0.656975974334,-0.115626544764,-0.242628852023,-0.977524286464,-0.245086144628,0.86000580813,0.72240377814,0.392478844688,0.878853872596,-0.175297548837,-0.956703128118,0.11535143183,-0.4715861315,-0.262714708915,-0.580133227264,-1.25935954193,0.309175617456,0.975742977048,-0.302333269316,0.44171503374,0.603245039112,-0.146000414473,0.919956072399,-0.426779598747,-0.295500963202,-0.592557642554,-0.633437907141,-0.512860670064,-0.862655939968,-0.519088884622,-0.603438654811,-0.210060979468,0.1058890211,-0.514774250648,-1.71604116924,1.06162113053,-0.269952983393,-1.68879635817,0.585961416111,0.166982728256,-1.60093182467,-0.314253076191,-0.429408373387,0.0799261596383,0.249131310928,0.204899962947,0.124270981644,-0.0208345910296,0.515325301121,-0.940058628568,-0.870725671958,0.256458111677,0.687195547334,-0.781314842592,1.10294638432,-0.83200924229,-1.46821986344,-1.45877369504,-0.287878299108,0.934222221934,0.589601526744,0.164924309589,-0.79511788946,-1.00754289928,0.170824233399,0.0116907129163,-0.480963847679,0.143550515215,-0.369745633531,0.103750214153,-0.614408946581,1.25117713693,0.29483803633,-1.26151119073,-1.24411687706,-1.03573228192,-1.26830229099,0.540934791182,0.703187178316,-1.2607020041,-1.1326884586,-0.0860424190364,0.660435844442,-0.402057819336,-0.343032624494,-0.344122723442,-0.34486083238,-0.669716482212,-0.642994752262,-0.733302489166,-0.663252688179,0.210173254258,0.507573272333,-0.453401146787,-0.460651944863,-0.476711519362,-0.415111666039,0.26551833629,0.395022901338,-0.112158482363,0.339145067243,2.0198201435,-0.526537051761,-0.581685279975,0.42776356676,-0.670066721646,-0.26687273166,-0.268566917044,-0.267701686566,0.581304926636,0.963754911513,0.583983076013,-0.341973008406,0.492331213061,0.620348212068,-0.445663216852,-0.512959973171,0.0616770522397,0.680611466499,-0.722889714493,0.427892118014,-0.849397101678,0.278129723795,0.623493485773,0.562897428043,0.562897428043,-0.562897428043,1.02746490518,0.780317290169,-0.328348976128,-0.32941842055,-0.330177036012,0.807363086102,0.176178631829,-0.336508539406,0.654455118234,0.925437200474,1.27368977962,0.999881095847,-0.533343388991,-1.02087207487,-1.02238755448,0.0416798066751,1.46180923697,0.290482098642,-0.870070280859,-0.889410128017,-1.68865439953,-0.862979767557,-0.865265329593,-0.802542024984,-0.79872580063,-0.858441306497,-1.60430085136,-0.841260904084,-1.60492641204,-0.479002884376,-0.417696463068,1.51309923645,0.973911238548,-1.08300089866,-0.450585123069,-0.548342108712,0.546008378472,0.271319962075,-1.07104938646,-0.243466913776,3519936000.0,01030334,0.01030928
50,600410.XSHG,600410,2011-05-31,-0.732768964629,-0.149094648769,-0.630121327026,0.50799252288,-0.0401791398171,0.121907379711,-0.00973823253183,-0.320930023389,-0.958854019967,-0.710747215416,0.877333427756,0.919207657472,1.67918153694,1.22877552342,-0.0358355779779,0.190289213309,-0.524659022722,-0.658917170942,-0.469809301842,2.73638685221,0.99445135302,1.37211603812,-0.044726235828,0.277910216166,0.599623800003,2.52888168622,1.43713647921,-0.44726578451,-0.310365170138,0.323209424737,0.457105123818,0.346935484164,0.321032902296,0.41770303978,0.240950138256,0.192966719896,-0.277910216166,1.19915696206,0.0193522854931,0.350286318052,-0.220638344104,-0.871913586251,-0.39252229901,1.84272156859,-0.630074094401,2.6458380665,0.888335229483,-0.216007520456,-0.124438523706,-0.436697598754,0.191648139556,0.00938102183754,0.24905336839,0.868166801458,-0.0145115894641,0.108871491572,0.317484405583,0.514558111163,0.32550560129,0.316998121392,0.419152108573,-0.330526538366,0.0825854183929,-0.170483002702,-0.20894479055,-0.310206957074,-0.383480468456,-0.425324619581,-1.22877552342,-0.314501046335,-0.383480468456,0.110120622596,-0.0306270261988,-0.225862276386,-0.225862276386,0.025378744709,-0.378114908698,-1.06498894888,-0.18962489153,4.25997636387,-0.139340759074,-1.00287549205,1.33299050558,-0.14283181476,-0.266648315837,0.176757169223,1.11017721566,-0.217766830672,0.404743117099,0.213080910606,0.556265736131,-0.315458236886,0.673630958117,0.140317206418,0.630074094401,-0.665014079868,0.589414525039,-0.801250526319,-0.0394352776321,-0.221923211466,1.47134247379,-0.600615104958,-0.361871722528,-0.346956296009,0.0509083625664,-0.302546885495,0.258533777131,-0.344687680093,-0.0681698643486,-0.243971002558,1.54741437113,1.82840412244,-0.984946706603,-0.118686488342,-1.14475014763,-1.68879635817,1.09454716195,1.44447876788,0.924311581791,-0.464898744975,0.791126357538,-0.159309452863,-0.560212386339,0.14773940036,0.226754686726,0.319546714795,-0.12883132528,-0.0825161864332,-0.907702196467,0.459666947136,-0.410248951271,0.214432109206,0.310882567511,0.19148024204,0.421614675817,0.127504944245,0.542671012451,0.346653331842,0.553125630051,-0.42690509681,0.315240639158,0.33270248865,0.219030582714,0.259950613532,-0.0806387399804,-0.433168374648,-0.177629213262,-0.0199092547287,-0.279059753973,1.02240909247,0.457911432594,0.135286722355,0.287537133643,1.76808615311,0.324756589428,1.10315899597,-0.228837133916,0.489994268755,0.99989948947,0.656125050599,0.210895270814,-0.376287413922,-0.165779023188,-0.166261224309,-0.167885842931,-0.237890362173,-0.297317357527,-0.433307172117,-0.477784145013,-0.284423267546,-0.245250983441,-0.316676875469,-0.312182658917,-0.260952972138,-0.314175796971,0.201290812449,-0.242489941021,1.12181677168,-0.282047142886,-0.0551206830619,-0.443650209682,-0.456903745303,0.053020016169,-0.238786084972,-0.237583297805,-0.237503394354,-0.237865191653,-0.000480821885881,0.428725515555,0.131612854032,-0.816916713548,0.274315342205,0.414606025748,0.154713148956,0.215600884505,-0.296458265728,-0.182369718224,-0.640678727354,0.427892118014,-0.703642569438,-0.959943845922,-0.807284221445,0.314852011849,0.314852011849,-0.314852011849,-0.471966196074,-0.202280714178,-0.185205602879,-0.186007254324,-0.186175578591,0.0652164456054,-0.553704271462,-0.0778470760544,-0.158333295114,-0.443488339283,0.848712554009,-0.559500802109,0.278624116935,0.331923040596,-0.691074302468,-0.192350121802,1.00226601441,0.637473818498,0.327020518227,0.361222329563,-0.962018821036,0.325623454206,-0.46133681158,0.319368887166,0.335679232948,-0.512390691066,-0.782290301653,-0.410585496359,-0.782232320022,0.469336160947,-0.65801605274,-0.238103972162,0.016031287561,0.0860662965824,-0.493036953222,-0.280785508702,-0.0347803274631,-0.749601339264,1.29798670593,1.11195111178,6866126504.8,01030334,0.1
55,600571.XSHG,600571,2011-05-31,-0.00453275190559,-0.217033716095,0.471011989161,-0.0537212767957,0.376425007118,-0.981716066981,-0.428579032917,-0.320930023389,-0.604653667422,-0.853840950277,0.370836789362,0.0722972314866,-0.87317439921,0.0536352983599,-0.0983500089616,-0.585952739593,-0.940941147453,-0.890027206709,-0.831426766024,-0.436212111197,-0.40734653764,0.0638637542872,-0.132619623011,0.101043043862,0.632126772339,-0.484824205722,-0.306965122651,-0.301734618184,0.521486662757,-0.364002784195,-0.40880488279,-0.353818504105,-0.369062443092,-0.365495952785,-0.431798469378,-0.0757839663335,-0.101043043862,0.41224195226,-0.408994033652,-0.295103449147,0.21202806726,-0.292589501997,-0.33883175179,-0.000120613195166,0.723383319432,-0.195105655761,0.395624706027,-0.330493078508,1.07702086214,-0.697838209565,0.184993622699,-1.27616509357,-0.891935888129,-0.424252915188,0.0817231617189,-0.369116418191,-0.368008655844,-0.431078288357,-0.362395479717,-0.364216079967,-0.343696046414,-0.110857108351,-0.129932571347,-3.08766973746e-15,-0.204251009714,-0.187593890732,-0.341797808841,-0.242378377245,-0.0536352983599,-0.245097841838,-0.341797808841,-0.43204874467,0.19943176043,-0.386710747326,-0.386710747326,0.505071161518,-0.31312164634,-0.656577961405,0.296449635034,0.0578165311755,0.188968323413,-0.454470412478,-1.0336511414,-1.00220951465,-0.222327585211,-0.301939501094,-0.303113346087,-0.305499426042,-0.775176962089,-0.16711059829,-0.351816690703,-0.373897936419,0.395068539556,0.706732678236,-0.723383319432,-1.55750702443,0.12490699931,-0.380080377869,-0.86578308907,-0.484817996683,0.334407994319,-0.426203984488,-0.143991597714,-0.442027784995,0.266208312587,-0.270190918638,0.34243232739,-0.399761744681,0.545605015382,-0.0937948596847,-1.42076355922,3.68352200471e-17,-0.345239051799,-1.09200391217e-15,0.0,-0.940352517619,-1.88214535007e-16,-2.58286989558e-17,-1.23543606847,-2.33753025918e-16,-9.00017109875e-17,-0.50393602768,-0.369117346706,0.180439654099,-1.24901066646,0.224637035619,1.80363855392,0.886617901789,0.0234339207048,-0.576539974534,1.0634474457,-0.264206871521,-0.0934788838979,-0.500714952964,-0.103416732658,-0.209587369783,-0.0465462912842,-0.193076276708,-0.103293430201,-0.318331323217,-0.350523851392,-0.370821855093,-0.614585084661,-0.597362215711,-0.278540854198,0.298701568098,-0.280182637893,-0.369841451363,-0.319329643412,-0.202435160639,-0.112895275117,0.649829150904,-0.0919563175164,-0.317244067048,-0.206951332421,-0.218519852516,-0.187071893509,-0.11253100866,-0.0934011833032,0.0551218908765,0.0400193831642,0.271790559273,-0.216807100263,-0.217378147559,-0.21821040742,-0.633982899149,-0.68363076633,-0.636725606674,-0.623288336735,-0.167234973795,-0.0309352187218,-0.491773902136,-0.489258922424,-0.44622683201,-0.478907485188,0.262135377174,-1.0953156796,0.379548201043,-0.0558744565858,-0.40101150273,-0.491724080953,-0.532114313152,0.218359943021,-0.63447165145,-0.109205149104,-0.111313024694,-0.10946046217,-0.255395507142,-0.218782207876,0.627134606611,-0.717185120876,-0.157198784833,-0.265929796774,-0.973398368568,0.0918510214095,0.572822124048,-0.0134043336844,-0.640678727354,0.427892118014,-0.703642569438,-0.132471890466,-0.155941587361,-0.91795842877,-0.91795842877,0.91795842877,0.0574247845735,-0.0661163299745,-0.20161985484,-0.202351307503,-0.203017742572,-0.317826981748,-0.510769983033,0.145906534942,-0.0311142391117,-0.22715554673,-0.303768057815,-0.0323443153593,0.373611918678,-0.0126735454057,-0.153951197189,0.391932272996,-0.388984752088,0.195117595769,-0.361892877927,-0.350415762539,-0.113093867228,-0.364834927678,0.14455596544,-0.373104716828,-0.375682095852,0.0629705731445,-0.736365835134,-0.609626340319,-0.516943002002,-0.229968661134,-1.5712304935,-0.220762086875,0.000575050559931,0.681358181277,-0.560293579247,1.50829758031,-0.446086208179,-0.694461563578,-0.281370688997,1.39949086177,2066172825.6,01030334,0.11902708
75,600728.XSHG,600728,2011-05-31,-0.291174982554,-0.20134038843,-0.530018298282,0.910761082906,-0.118332567093,-1.1654271216,0.341167263769,-0.320930023389,-1.03922478269,-1.42095975507,1.93415335565,-0.898551305619,-0.87317439921,0.636699505118,-0.408661244133,-0.0280151850944,-0.670357766378,-0.826997196955,-0.884605804874,-1.16286318083,-1.31271044106,0.929764784219,-0.0712306718742,0.33537809865,1.05466541271,-0.552005388962,1.16759633121e-16,1.02838037049,0.7395619847,-0.148561509386,-0.179523065777,-0.0823680951577,-0.198296457079,-0.062408134441,-0.520795100471,-0.152841569145,-0.33537809865,1.62126483937,1.3150113996,0.0673321836645,-0.750170369952,-0.89294297913,-0.324550890125,0.229408572928,-0.442981993451,-1.49877654625,1.12295928827,-0.456984612687,-0.625742699129,0.0583859393202,0.187852581346,-0.663954398758,-1.06357863937,-0.424252915188,0.417356707512,0.613808274586,-0.139510968702,-0.167843135195,-0.0562597803472,-0.207461280548,-0.00643616091836,-0.12865923734,-0.149771458033,-0.388801366683,0.171652634951,4.98573433148,0.993163798643,-0.455686717105,-0.636699505118,2.51425129969,0.993163798643,0.387229410309,0.824578693865,-0.148978730527,-0.148978730527,2.76184473811,-0.0686446756657,-1.19049455659,3.02608788962,-2.77245393745,-0.394996405736,0.707316836667,-1.0336511414,0.027008654506,-1.42131998215,-1.79350080002,-0.686539709253,1.52347372456,0.798620647162,1.65398654758e-16,0.0,-1.14234168716,0.0409163189742,1.95050549681,0.442981993451,-1.40464911679,3.92374888274,-0.842340296899,-1.16825757099,0.149254907167,0.283588971149,1.71623228742,4.75068107869,0.397770367708,0.881351026931,0.193577939644,1.43311348076,0.288664062668,1.15937989511,-0.139598015011,1.25179087539e-15,3.68352200471e-17,0.0,-1.09200391217e-15,0.0,1.23102160655e-17,-1.88214535007e-16,-2.58286989558e-17,1.1804561569e-16,-2.33753025918e-16,-9.00017109875e-17,-0.863163837062,-0.592686053204,-0.106011973399,-0.558953718904,0.809286675805,0.515325301121,1.3663230692,-1.151411108,-0.591365521868,0.107550256866,-0.2595503198,-1.59582554981,-0.794907280024,0.347803894254,0.279196485558,-1.11961508837,-1.74457251897,-0.151535745183,-1.52522604001,-0.227255666242,0.101874627217,0.00922642417636,-0.131789639522,0.0807141884513,-0.244003518441,-0.46218663013,-0.540486116628,-0.249424668393,-0.756427914331,-1.55343340568,1.30181979172,-0.129369035764,0.105121022386,1.86103112867,-1.48754020047,-1.65544981938,0.740871883395,-0.521164122028,-1.36218439442,-1.21283012783,0.737566775648,-0.463923247433,-0.46500080813,-0.463999163302,-0.483011782267,-0.510367573575,-0.627862174073,-0.55354218299,0.0833457790742,0.232132436156,-0.404030426777,-0.404625540802,-0.396204137205,-0.394972464024,0.144454601814,0.121644276233,-0.719560855981,-0.244790987512,-0.461209665551,-0.443342924472,-0.556942679959,0.0516051268194,-0.482834528229,-0.46310948664,-0.463970996535,-0.464460197579,-1.80060033245,-1.00697970135,0.483014460062,-0.0728674352053,-0.0620948033766,-0.114004791235,-0.69162044572,1.78793214472,1.84518063954,1.77884596893,-0.722889714493,0.427892118014,-0.849397101678,-0.978227632816,-1.44725185129,-0.585857755261,-0.585857755261,0.585857755261,-1.62947546833,-1.66310311287,-0.461583676891,-0.462575567819,-0.462563581892,-1.87394090537,-1.7987986359,0.120709217335,-1.50591292536,-1.95427144793,-0.787569814653,-1.82143686117,0.83023517182,1.7828055738,1.25466506354,0.149978080575,-1.15661801155,-1.11727961044,-0.131463305827,-0.0619245150743,1.26522573714,-0.141144408952,1.48734536316,-0.251787488356,-0.231737664097,1.15532311824,-0.375355828205,-1.60126704484,1.00517027532,-1.04863242719,-0.458228715512,-1.32573466451,-1.50112039702,0.30840422942,3.34237817565,-0.839046592532,-1.7709458541,-1.47811473924,-0.10606201816,1.6925681504,3660499809.26,01030334,0.13842059
83,600797.XSHG,600797,2011-05-31,-0.69828214109,-0.155685091203,-0.473838027047,0.494092766268,-0.0362188767241,0.290547270828,-0.381978783008,-0.320930023389,-1.04775973095,-0.803545178999,-0.547032733313,-0.630018731526,-0.416437021162,0.188361880911,0.679971613682,-0.840295382855,3.80467507448,4.30994859806,2.47630945046,-0.306007927815,0.0734926646567,-0.433445665671,0.298662119418,0.899456051961,0.827144606359,0.28146116562,-0.0823268555522,-0.523021734105,-0.650668192687,-1.14038747224,-1.31899401109,-1.17876029466,-1.14168797387,-1.28188245314,0.460145544467,-0.140651712189,-0.899456051961,2.26127534995,-0.348813145838,0.0228225445473,0.160366406202,-0.59040523823,-0.357506724736,0.972067254261,-1.10668530093,0.553347022989,-0.190935440945,-0.383662401349,-0.577612659461,-0.029893772327,0.193575619467,-0.100343748609,0.159474835772,0.20894600639,0.575965834461,-0.418759079443,-1.11411348814,-1.30969589527,-1.14349771807,-1.13559792683,-1.32636597153,3.9145280428,0.796567409151,-0.367942924265,-0.207661021432,0.822467125012,-0.496619115982,0.319596733091,-0.188361880911,0.198612062197,-0.496619115982,-0.664579162186,0.287447419191,-0.631524143349,-0.631524143349,0.303065458117,-0.428163732643,-1.18676666725,-0.37585352431,-0.600571163225,0.0377756784256,-1.22370399361,-1.0336511414,-0.927464633571,0.111244229503,0.641072394509,-1.2696012863,-0.432348465207,-0.646738637068,-0.370912316225,-0.11701445366,0.313483251592,0.687162465886,0.370448433812,1.10668530093,1.00039747828,-1.06392470317,-1.21214823212,-0.607588376666,-0.280697690013,1.64949138279,-0.802655709859,1.13358857802,3.70150460994,0.78139033585,2.76048464362,0.594127978167,3.06990432436,1.4948150038,4.20157798241,0.620598698291,0.810231009712,0.842789449979,-0.905558234254,0.221366118196,1.63762071096,1.83436989355,-0.38242990417,0.658496486374,0.693209572491,-0.326291996013,0.0677584641668,-0.690107053801,0.159028773674,0.474992994592,-0.156255110551,-0.12883132528,1.18666514936,-0.364259336264,-0.758202347867,-1.083569061,1.32455823458,-0.882513775973,2.51541224216,-0.237808061353,-0.140872398077,-1.27037908493,-0.754675271105,-0.316265601217,1.76078201177,-1.14171275124,-1.13714889932,-0.135255615819,-0.697525845946,0.249812556992,1.9313711777,-0.324160858047,-0.0350550465322,-0.659959734046,-1.17923154668,0.536448919418,-1.0013972006,1.14802965335,-0.0912553660593,-0.824351987306,1.03789147334,0.127266494814,-0.403947093808,0.328714242013,0.978636580424,-2.42458290636,0.486543937725,0.746264580829,0.75074819987,0.757135941139,3.56978811376,2.63338498219,3.18620967719,1.98152005779,2.57086211314,0.0356247676819,2.71270586152,2.77975144789,2.55003447039,2.30099999698,-4.5881923063,0.682133235548,2.46408857296,-0.682609679125,-0.0614485832527,4.22601881143,3.35083271936,1.26780358631,3.56571751279,0.305958473336,0.316389680428,0.313194081031,0.129220760533,-0.450475314376,-3.44623565476,-0.304232509859,0.654263121434,0.728568291986,0.601116290188,-0.525529235422,-0.400415321609,0.0507546101815,2.31891680963,-2.74647033888,1.33692088193,1.91792421128,1.52755904014,0.553008574241,0.553008574241,-0.553008574241,0.784753555065,0.735557371487,0.502268685091,0.509857385148,0.51509478172,-1.17967469329,1.50714157312,0.466854909027,0.718064646235,0.201963599152,-0.647111240087,0.116378604087,0.980387178164,1.22709978985,1.76174420976,-0.467586222787,0.467221575777,0.973403721781,-1.14553686363,-1.20421873322,0.385531198578,-1.1511674051,0.379271185366,-1.15351072202,-1.15781272909,1.3095866456,2.17909567462,1.97285985911,1.36380500464,1.14372700819,3.00019315681,0.348902484536,0.338578549188,1.08300089866,-0.524576588313,-0.279239293298,-0.809854223284,2.87625663767,2.0876654034,-0.399262116919,6197182523.2,01030334,0.0
105,600037.XSHG,600037,2011-05-31,-0.122863019606,-0.211436632547,-0.581602001869,-2.07763793139,-0.429767374351,0.852251677324,2.62514095809,3.19607435404,1.89110745121,2.1599179139,-0.806506429088,1.02248941674,-0.174634879842,-0.995339565112,-0.877802091479,0.818009914671,0.0685430050204,-0.144172091278,0.232154010981,-0.120799996997,0.919942936087,-1.13405897813,-0.140804816495,0.171901500905,-1.54557237421,-0.472227733864,0.870072089603,-0.0545309931907,-0.458093614035,-0.315718689589,-0.200380579062,-0.304021813807,-0.328341869691,-0.267184487652,-0.393562879723,-0.463982134538,-0.171901500905,-1.10976627818,-0.182430691294,0.13409664234,-0.727568393239,3.19397951403,0.315753513164,-0.918141777418,-1.04570274904,-0.528633639926,-1.48136776428,-0.415821265971,-0.853600303645,0.932883928474,0.189670987607,0.546978872749,0.791962554486,-0.424252915188,3.64716128888,3.79093859468,-0.310449783163,-0.229424631788,-0.297313349559,-0.327842168522,-0.265803645445,-0.47672176413,0.138397269877,3.24195817699,-0.199958406728,-0.396856257804,0.035579127314,2.22805113456,0.995339565112,-0.348872785444,0.035579127314,-0.46337408589,-0.483524564948,-0.551605720681,-0.551605720681,0.461255839935,-0.237530202826,1.20239618848,-0.934578107452,-0.129631367039,-0.103167046001,0.667573946682,-0.245086144628,1.18825517661,-0.873142524408,-0.595731878155,-0.239737087713,-0.374232605853,0.211229374068,-0.584248617455,0.0913979065969,-1.36378035665,-1.59686272482,-0.538902473973,1.04570274904,-1.74981213403,-1.01741814273,0.749888313093,0.49192195659,0.481711016406,-1.46091516311,0.060190064347,-0.40177617357,-0.592557642554,-0.625748623212,-0.512860670064,-0.641468852922,-0.546625916916,-0.639123240842,-0.460028457297,1.85071536382,2.21804909885,0.172619525899,0.101637600514,-0.558826813329,0.584255305731,-0.747889466632,0.92633352104,1.32303422492,-0.379627611701,0.13740743683,1.14693945483,0.638815313316,0.219303646142,-3.27818802709,-3.66209732734,-0.772987951681,-1.00534668707,0.165177264655,-0.736655885742,-0.633567650233,-0.297620776438,-0.316104851527,-0.549434701395,-0.930654548665,-0.658179449221,-0.672210026178,-0.723169687117,-0.593879532704,-0.756254847041,-0.307787004182,-0.285557690553,-0.296194968926,-0.683644546203,-0.758535843602,-1.75127622173,-0.91187428018,-0.580615193266,-0.906294158203,-0.357911103305,-0.381070601223,-0.653512506163,-0.791763101878,-0.169182504331,-0.177010497987,-0.0692267277828,-0.800361476322,-0.540227585101,-0.946754940211,-0.835283926806,-0.492796148369,-0.558589170741,0.0206685370728,0.0214800761324,0.0207037892076,-0.259367112557,-0.231535643321,-0.20792274313,-0.348445667473,-0.095414258797,0.0798192505068,-0.223685375331,-0.228121605925,-0.217992012294,-0.198080933506,0.273285155156,0.395261154622,0.709482712958,-0.183541541312,-0.379666303174,-0.350425368806,-0.228950488603,-0.250574812842,-0.259636836311,-0.00761058196049,-0.00618839581888,-0.00610793106733,-0.401418833498,-0.918442314433,-0.409695257627,1.00014334464,0.488375374305,0.499190647269,-1.31824224754,1.24656723947,1.26220258062,1.20762888313,0.345853118306,0.427892118014,1.04541181745,-0.117322467039,-0.214300304765,-1.33988285764,-1.33988285764,1.33988285764,-0.553782629956,-0.225602987597,-0.112369100018,-0.112384658149,-0.111932274923,-0.581169338053,-0.339032829318,-1.40144839993,-0.125350576891,-0.409797166672,0.00356010533825,-0.463788032169,-1.11176176802,0.240657492137,0.248760126134,-0.0285820002942,-0.615263023521,-0.107161097098,-0.312505033325,-0.298850480334,0.0888808429718,-0.313011092253,0.843243131733,-0.34297752583,-0.344954259187,0.692532536158,-1.33210832961,-0.469866121035,-1.55742117107,-0.830471834727,1.07486161531,-0.0584682170187,-0.572932690795,-0.623980650222,-0.34326258742,-0.741272510492,-0.661040035286,-0.524029529639,0.508308008469,-0.981043847576,11345861608.6,01030334,-0.03849766
112,600271.XSHG,600271,2011-05-31,-1.23570977306,0.362520032279,-0.524400271158,-0.311128982671,2.42158322646,0.604470321,-0.65596579452,-0.320930023389,-0.280325633767,1.13343106478,-0.20090179557,2.71631026871,2.05531820122,1.06430996278,0.554829705728,1.55526503904,0.13098532373,-0.0601320782718,0.381055319761,1.07810981038,0.674758261763,0.229977910351,-0.435341858244,-0.966297336637,-0.0504356467292,1.54110835139,-0.640136485091,-0.123508778874,-0.183545381661,2.58914665476,2.168369282,2.5070831791,2.6168446258,2.35078106232,2.11680135141,0.032834463161,0.966297336637,0.916648309714,0.861884714886,0.798561969161,-0.388538742543,-0.483830691027,-0.326473313811,0.825160382548,-0.434101039292,1.65385701836,0.677173576573,-0.390094174274,-0.725363330658,0.311994190011,0.18569210373,1.21249974872,1.40665321374,-0.424252915188,-0.376877010585,-0.645696959449,2.58815962321,2.22551452135,2.50009815321,2.65902009897,2.31170652824,0.469689188488,-0.194265482547,-0.568183971484,-0.196448100548,-0.191940708469,-0.145666008689,-0.314881108306,-1.06430996278,-0.230957708602,-0.145666008689,-0.677832191164,0.132732394025,0.548031310215,0.548031310215,0.876078819596,-0.157893396789,1.27571134546,0.0920004609084,-0.101934566654,-0.285234383229,-0.834933505516,-0.245086144628,1.66323063097,0.521794155305,2.12030674055,-0.141503887233,0.499181703463,1.33292407925,1.53719616573,0.894597489795,1.0382995065,1.94046004755,0.670284148579,0.434101039292,1.12736815962,1.1381919383,-0.647163886642,1.91417568035,-0.0951086306961,2.41290604197,0.0124140808519,-0.176152034285,-0.465795657241,-0.548855783919,-0.415792769494,-0.771130248777,-0.326329658564,-0.62484940643,0.530063102091,1.77235321144,0.632926619904,-0.192927705417,1.11670215274,0.0983416838838,1.19409843507,0.47169915188,0.488590122847,1.32303422492,-0.440054316021,0.743783618241,-0.422318870363,0.132975502524,0.167917533123,0.345180301488,0.956740118202,1.15948192752,1.87427342505,-0.165930704809,-1.61571200567,-0.989894241739,0.428591537456,0.444155255616,2.37262590253,1.64715218101,1.3715052339,0.307185048722,0.959201161082,-1.44856274111,1.27113010909,2.58329771876,2.4059067956,-2.0707505608,-0.0309371998262,-1.49087332537,0.504115442648,0.125290243979,1.07016184466,-0.387263407648,0.746362318829,1.97116798219,0.163074856272,2.63236980219,-0.404522461913,0.619002720936,-1.18592548268,0.514144511212,0.300290986871,2.57135629754,2.11528880851,0.297534873484,-0.0431810624565,-0.286185796791,-0.284739528742,-0.285961283743,0.603726918081,1.00599776903,0.489404053525,0.618277442892,0.110269953902,0.415468435215,-0.133260785758,-0.145959267871,-0.177890591665,-0.0785108950767,0.328654941953,0.50086786813,1.026636887,1.83374736432,0.129658014765,-0.172188863245,-0.189146953431,0.396433874019,0.602513756483,-0.205355441224,-0.20665863736,-0.204648665015,1.77709779748,0.689675235292,0.3797092981,-0.551385591235,0.302123250148,0.417207304332,0.668777601038,-0.776471166214,-1.21782872535,-0.486352364436,2.15449483535,-2.6021811363,1.19116634969,1.49060599186,1.55624383344,0.651073041109,0.651073041109,-0.651073041109,-0.537838088707,1.44724007854,-0.228533164364,-0.228453150803,-0.229469023935,1.47768908397,2.15115589956,0.719418228089,1.64393666492,1.06552154975,-1.66753678181,0.521317246144,-2.26081975341,-1.63720030799,-0.992692943782,-0.051826507863,-0.657633855224,0.260673413984,2.57209786174,2.4694705199,0.844708078797,2.57795801065,-0.292123513493,2.64406093766,2.58271779413,-0.283080042287,1.91539908075,1.95218297149,0.984395684393,2.6139077987,0.211990412305,-0.584614472521,-0.576593378506,-0.975418027934,0.547914638782,-0.780315369961,1.13713140302,2.03746368632,-0.281370688997,1.55580395769,21127392000.0,01030334,0.12937063
132,600536.XSHG,600536,2011-05-31,-0.251543430731,-0.203993702296,0.363758744078,1.37987831909,-0.164655644484,-0.0975173324911,-0.479109424384,-0.320930023389,-1.00721872674,-0.3669235105,-0.616258920861,0.444111564846,-0.335836307388,0.163128808593,-0.152159898922,-0.330627235107,-0.0355275261624,-0.112657086401,0.0513452788899,-1.60890919519,-1.5180417761,0.506628227478,-0.146586421417,-0.0657811975226,-0.472974287105,-0.138421229636,0.702645066559,-0.444076060317,-0.615299345669,1.15188225426,1.46804810762,1.19469491309,1.14432240231,1.34287014946,-0.0563645330256,-0.196600450401,0.0657811975226,0.422286704343,0.125553852223,0.3630033578,-0.101170752906,-0.129927422611,-0.282394885019,-0.0367415101126,0.0833625563726,-0.443266358265,0.583323953057,-0.264888994681,-0.324707004731,-0.315097341965,0.184917322352,-0.610537169048,-0.609160387813,-0.424252915188,-0.147279903596,-0.448544676194,1.14385697628,1.48832839843,1.17789715755,1.12897901282,1.3662286703,0.0204688983851,-0.635718849032,-0.402706994962,-0.224350019957,0.802578383482,-0.400600132226,-0.370252858705,-0.163128808593,4.57646768274,-0.400600132226,-0.171807448382,0.520698738085,-0.707396063604,-0.707396063604,-1.80974349042,-0.127569894239,-1.14286041505,-0.603358839927,-1.2763019458,-0.0929648517205,-1.10303225503,-1.82221613818,-0.444198150387,0.493802114909,0.0349972110606,0.863009808002,-0.368644542454,-0.598788329061,-0.193330702352,0.0203482383275,-0.733188272999,0.130970836197,-1.59697402466,-0.0833625563726,-0.428330868051,-0.481538548899,-0.164359082322,-0.323823656512,-0.497126063955,0.458067617365,-0.631698274943,1.31666619074,-0.560867146226,-0.518098648202,-0.421185430637,0.0220924082187,-0.57416294921,-0.582027903193,-0.0533087389308,0.087848813356,3.68352200471e-17,0.0,-0.197373662933,0.0,-0.0255878236087,0.69479876572,-2.58286989558e-17,1.1804561569e-16,-0.204242786967,-2.1493117243,0.120360347667,-0.621412758508,0.150140014225,1.26297881589,0.18387550938,-0.12883132528,-1.01182918933,-0.311595801358,0.00936565610897,0.830813018856,-0.746474606518,0.522907298587,-0.885226198267,0.853338115147,0.290865065659,0.6163403025,0.305511549715,0.598573420689,-0.805936419533,1.16018977935,1.1859922758,0.267461870454,0.122577854069,-0.0625302456905,-0.618998544255,-0.521323636164,-0.662670480958,-0.186175571761,0.660782927105,-0.0525124826589,1.11497834909,-0.317868670736,-0.161389790504,1.27460375079,-1.39541949103,0.48776646464,0.809483506606,0.428776594978,-0.22710124469,0.5712727582,-0.890741062747,-0.388694582379,-0.389846672225,-0.390314199393,-0.65283831436,-0.696106911828,-0.674612132388,-0.699809028816,0.307347456858,0.541945139793,-0.540081018049,-0.543173208172,-0.556148029229,-0.522309266764,0.13401456017,-0.723330449371,-1.13088594066,-0.537446185046,0.155909629687,-0.537283315372,-0.610899565006,0.739241350719,-0.653006421981,-0.381992063657,-0.383777557865,-0.383309753358,-0.251188436938,-0.0865027955304,0.744508758388,-0.995764855927,-1.6862592044,-1.82602509404,-1.0762074135,-0.666816087862,0.817922591059,0.636550644454,-0.722889714493,0.427892118014,-0.849397101678,-1.89555134101,-1.62381169971,-0.745727558389,-0.745727558389,0.745727558389,0.0107185526332,-0.833159989086,-0.323697566725,-0.324749945105,-0.32557104268,0.232797945072,-0.63957284832,-0.243713024104,-1.01352806046,-0.755574990833,0.680642464785,-0.510908165063,-0.0721644403003,-0.312467043982,-0.756271440369,-0.186538994909,-1.06534042198,-1.76375545897,1.15906459164,1.22211610776,-0.326114069392,1.15367411914,-0.505004759473,1.13922320322,1.16185309874,-0.583268527962,-0.0462508257054,-0.823819712615,0.739767565397,-0.375723956426,-0.814199010812,-0.166445993334,-0.420810779259,-0.925212688261,-0.589251791959,1.50743004761,0.0809640409796,-0.502307799824,-1.07104938646,1.95295925698,3848080636.95,01030334,0.15565119
137,600551.XSHG,600551,2011-05-31,-0.198774691586,-0.207245355141,-0.367095511703,1.32809077783,-0.160780092901,0.154478235429,-0.626770457228,-0.320930023389,0.135041847931,0.699981201672,-1.1292299509,0.568049675966,0.523904639526,0.42717488677,-0.770295357545,1.51944520779,0.0477288987839,-0.0916470831492,0.14706754882,-0.966912330594,0.494551858019,-1.55533604805,-0.504786079159,-1.16436625199,-0.716746579629,1.02990153516,-0.110091135756,-0.139457399841,-0.120624007408,-0.115963857223,-0.0663150339575,-0.101398379619,-0.128053467962,-0.0998153221311,1.09004392231,-0.187566676114,1.16436625199,-0.745529870247,0.419378186843,0.998855345189,-0.443429257418,2.27104722967,-0.224447542495,-0.560753501536,-0.229839093635,-0.599442160373,-1.55175498192,-0.328777939062,0.536565335506,-0.627633907008,0.176061873333,-0.15065657018,-0.873941083563,-0.424252915188,-0.338561322614,-0.574778871947,-0.11647332933,-0.106817725696,-0.0755814023518,-0.14465078194,-0.103557415719,-0.0313717690288,-1.14741829177,-0.494484141604,-0.179889484824,-0.311478196224,-0.0712326879488,-0.208069049154,-0.42717488677,-0.30269194595,-0.0712326879488,-0.464578906706,-0.0612262200651,0.352787568759,0.352787568759,-0.334817340511,-0.20615356871,0.50900877161,-0.932063595376,-0.108362168687,-0.283102141469,-0.44198981896,-1.82221613818,1.12418813569,-0.453261918474,-0.768309218527,0.49542750943,-0.15406290792,0.964734214188,-0.0944094006641,0.563709034712,-1.72349143317,-0.891824509673,-0.27205666926,0.229839093635,-0.708159457022,-0.289621476128,-1.07860647774,-0.534620305769,0.191019360158,-0.554077927436,-0.0169422463559,-0.322012824512,-0.362801544174,-0.387380821404,-0.318724868923,-0.511807457067,-0.335508669329,-0.146675953616,-0.200463130387,0.293056176442,-0.299248555253,0.599091295769,0.872771911507,-0.0383088744821,0.528815021246,-0.222350862603,-0.982465922781,-1.73383937238,-0.48742716784,-0.0143487411911,0.255140974428,0.192926887507,0.194973100205,-0.174070470929,-0.220631247932,0.515325301121,-0.90162665087,-0.215232737487,-0.560528383413,0.308355946778,-0.604323926278,-0.711379528747,-1.0789808901,-0.748912907269,-0.633545780119,0.115361726834,-0.404970123027,0.837064011368,-0.122675242784,-0.128893081394,-0.0258763464418,0.31013473452,0.126377488073,0.561793189789,-1.10740111479,-0.599561895147,-0.784366606458,-0.223738088364,-0.0567142326996,-0.830693229417,-0.379042498006,-1.0695241919,-0.833121722409,0.553958839234,-1.69656209019,-0.404690777733,-0.465016675994,-1.47530427208,-2.12627940444,-0.290436799,-0.335245657151,-0.334167841342,-0.334958160596,-0.335113677039,-0.650213912102,-0.619314691524,-0.673870561479,-0.436782711629,0.234932329689,0.4721936437,-0.494334503149,-0.498130836355,-0.507414308011,-0.475236472642,0.175984925396,-1.0944950294,-0.613282256832,1.19458781704,-0.15856522898,-0.456198047047,-0.569954181972,0.508614386736,-0.650347538209,-0.287040718111,-0.288338890077,-0.287944535436,-0.944088678447,-0.173521418824,0.538594426893,0.831247994289,-0.00292107334391,0.0483253286424,-0.218952641055,0.710965419195,0.68992396448,-0.437802151909,-0.640678727354,0.427892118014,-0.703642569438,0.0164103742472,-0.216773131774,-1.27230902333,-1.27230902333,1.27230902333,-0.342316138447,-0.810780029745,-0.295733423329,-0.296675062907,-0.29717903669,-0.652989980682,-0.510769983033,-0.714468303505,-0.881597187571,-0.88147358322,0.574998408701,-0.571280835333,0.591975393745,0.40268610625,0.285179692785,0.263030912841,-0.97518971623,-1.17072565051,-0.111167253498,-0.0997034075822,0.13385177454,-0.111275034716,0.00263513478666,-0.14932650492,-0.119354770001,-0.0954622387396,-1.11643065715,-0.461998462092,-1.23821101736,-1.56833352024,0.382146591879,0.104152858221,-0.163749153346,-0.444675865676,-0.48103553357,0.875563684367,-0.57009803151,-0.549093064042,-0.281370688997,-0.308770366542,5913097710.24,01030334,0.00598802
149,600588.XSHG,600588,2011-05-31,-0.311529354319,-0.199899727589,0.751913345331,0.291988539053,0.0394602685307,0.28740446896,-0.346046060187,-0.320930023389,-0.0712194015424,-0.535119819494,-0.228293452514,1.41496010195,3.58673176291,-0.633515331706,0.271875599486,-0.800871727116,0.349533439214,0.107947947741,0.434234358612,-1.12848583869,-0.779888622302,-0.245017667748,-0.199270484244,5.57940606642e-05,-0.99302184449,-1.25110957706,-1.0069615205,-0.307715351046,-0.244903491957,1.73338762583,1.60334183274,1.66982079898,1.77208212574,1.57461551703,-1.3955990224,-0.32496694002,-5.57940606642e-05,-0.0681939740865,-0.532895861504,0.40433373698,-0.252926882265,-0.779477599535,-0.175700370467,-0.481135138402,3.1011107796,-1.70127567949,-0.237860252703,0.746185709021,-0.976914664491,2.69126152897,0.185495975992,0.921648820616,1.1247675664,0.553013000307,1.35831871908,-0.218770072687,1.73379432455,1.55882788432,1.66352792511,1.76440126856,1.49934296443,0.162890023683,1.92130370556,-0.456938945251,-0.219646209676,-0.448361947211,-0.234241660371,0.962458492213,0.633515331706,-0.37598753549,-0.234241660371,4.63783724967,-0.432198469298,-0.634559020159,-0.634559020159,0.912496749223,-0.178905878987,-0.157455000039,0.73482580177,-0.0187852969737,0.202890360132,0.383211423736,2.12155550235,-0.577985206428,1.03264889252,1.87993115932,1.20841041614,-0.185914869296,1.40142451926,0.0283483592616,0.751821489749,0.852623732332,-0.0328070681826,0.498949454427,-3.1011107796,0.155980811121,-0.9172740159,1.1607860189,0.342243862443,-0.06219492271,0.0695844180219,-0.391091514691,-0.513472194069,-0.735164876032,-0.971766400031,-0.626106554063,-1.21350442287,-0.785280196797,-1.01024293556,0.118962289856,1.88172197088,0.190196496851,1.75665752827,-0.142292640719,-0.148096502571,-1.68879635817,-0.540725539496,0.287585501228,1.32303422492,0.0851527011445,1.56093226913,-0.622992247985,-0.256708499864,0.203407689463,-0.183180133603,0.596153529383,-1.41714457808,-0.734470699676,0.394319666534,1.54608305578,-0.439748756232,1.4951726116,0.610746115746,1.65494653142,0.503085066788,0.439315334721,1.14791926523,1.50627751644,0.548566142964,1.67423466568,1.78358083125,1.54117395413,0.351772881833,1.08334181324,-0.146783449744,0.647793199605,0.0701942666909,0.539924086749,-0.380564941373,1.40927168237,1.73705014529,-0.2160803725,1.26125036433,1.19298387266,-0.497067693663,1.73396706894,0.995543861162,-0.163439785577,1.50788608021,1.85729408874,0.23685110185,-0.599630927512,-0.307152540279,-0.308198022214,-0.309827765472,-0.415100389828,-0.545645903256,-0.350494731161,-0.500367003139,0.298792446493,0.465718017113,-0.476590743715,-0.477669850444,-0.487933942869,-0.473334027283,0.0526709873482,0.861053888109,1.98079000658,-0.857907746963,-0.632699199798,-0.362954920651,-0.477531966941,1.07376161837,-0.415570502718,-0.287767122178,-0.289731830463,-0.288596648424,1.45318153269,0.837689365389,0.692259612468,-0.523204118044,0.227477275039,0.422185910365,0.245793464243,-1.420893591,-1.35134438618,-1.10632793346,2.23670582249,-2.6021811363,1.33692088193,1.12075110268,1.26049372321,1.64737506164,1.64737506164,-1.64737506164,0.544296988558,1.197526848,-0.309410763516,-0.310425403868,-0.311205652331,1.35798801292,1.59301014998,0.533183405126,1.15861952535,0.98395344764,1.20526124329,0.372594326697,-0.699548798696,-1.1790656922,-1.40837382501,-0.55845111601,1.95718736507,1.91237728853,1.71940496568,1.6404505027,-1.19081829743,1.72910714267,-1.31832028899,1.80278231293,1.81054393276,-1.0919212398,0.902612037388,1.38281579199,0.00884930197017,2.24254485352,1.08397889458,1.07857048813,1.25293699073,-0.989762410697,0.354495482561,-0.750924269012,1.1722680863,1.6832324001,0.508308008469,0.313068488684,16100288058.9,01030334,0.04713634
168,600756.XSHG,600756,2011-05-31,1.04786685784,-0.242609802855,0.215136390177,0.43073380828,-0.0164775652456,-0.738148922251,-0.657088692108,-0.320930023389,-0.853589658166,0.267528191693,-1.18401326478,-0.898551305619,-0.87317439921,0.483498708906,-0.984065319552,0.603090927148,-0.659950713259,0.118452949367,-0.895241612644,-0.404842786488,-1.23906840107,1.87335104137,-0.426636969935,-0.756511668541,0.372102993646,-0.663274223705,-1.70106852559,-0.434905603261,-0.342607489243,0.332065434284,0.339803158606,0.363627895842,0.307846065445,0.365601771176,-0.64967540698,5.23750989746,0.756511668541,-0.855337273703,-0.748839047189,-0.0344041343176,-0.562896848615,-0.498079065576,-0.458296652253,3.36382691442,-0.330489907437,1.13569747153,1.89721868227,-0.390951743997,0.746843166143,-0.659815577342,0.187881770069,-1.07876755532,-0.709614901212,-0.424252915188,-0.358164697855,-0.635768427199,0.320044143291,0.345342868352,0.383587143765,0.309964100879,0.352073162356,-0.057872339982,-0.109955662382,-0.554278343205,-0.212184301682,-0.360482415046,-0.33361014356,-1.01319356244,-0.483498708906,-0.333589126659,-0.33361014356,-0.473012652419,0.0905418522411,-0.163141488975,-0.163141488975,-0.112326551694,-0.35150244119,-0.984218013222,-0.475892420108,1.2429181655,0.551405907489,0.533797584906,-1.0336511414,0.477613508985,-0.415939197947,-0.273176611032,0.131014023777,-0.455818331484,-0.521725334049,-0.881012522518,-0.259113790199,-1.84580808691,1.11550467734,-0.774620702263,0.330489907437,-0.815406537376,-0.511550782573,-0.154086639677,-0.855180890734,-0.27820841798,-0.914328336129,-0.545931750355,-0.340461800165,0.579990721597,1.05051527338,0.797555987638,1.38735063516,0.481423288726,1.24502290159,-0.119510944752,-1.42076355922,3.68352200471e-17,0.0,-1.09200391217e-15,0.0,1.23102160655e-17,-1.88214535007e-16,-2.58286989558e-17,1.1804561569e-16,-2.33753025918e-16,-9.00017109875e-17,-0.211724141048,-0.52898770666,0.175184256176,0.944140622302,-0.69267278488,-0.772987951681,0.294395016535,-0.107664666189,0.707154750633,-0.607173087899,-0.564092997445,-1.01578646408,-0.175416940369,1.11585381939,0.526181431029,-0.245357462756,-0.75026722302,-0.536591783663,-0.371059846083,0.273812062781,0.482177385751,-0.552864025809,-0.222423993423,-0.862845766158,-0.409210801698,-0.380163602761,-0.566622476147,3.08395046003e-05,0.225720780675,-0.140515918795,0.974047736407,0.45321123142,1.17739844501,1.53684416273,-0.384797733052,-0.36952004897,0.862592045488,0.863055895328,0.176224413237,0.302461674745,-0.199712413861,-0.199806855028,-0.200465385509,-0.199075604083,-0.0264261087086,-0.33997160854,-0.0172438327035,-0.476756636137,-0.145834183064,-0.312298894089,-0.29441847462,-0.280415976183,-0.224700775393,-0.318719660694,-0.133595643253,-0.936086850035,-0.302854576406,-0.913662234609,-0.209171235125,-0.388305464295,-0.233298049848,0.155498430489,-0.0264073597435,-0.215455341265,-0.215138931493,-0.215749037781,-0.915975881563,-0.167960784268,0.133825115681,-1.31356850362,0.0930957939797,0.141075553138,-0.494135556906,-0.0714581172773,-0.160076835946,-0.473601569821,-0.640678727354,0.427892118014,-0.703642569438,-0.398370391303,-0.7088657065,-1.105846651,-1.105846651,1.105846651,-0.601294141757,-1.32363446644,-0.140507523026,-0.14094544184,-0.140989952558,-0.509348695424,-0.725441425178,-0.156783172517,-1.34335524269,-1.55707025504,-0.0144474042215,-0.932044352802,-1.11343528884,1.08413553475,-0.499020040922,-0.299063542913,-0.186145664149,-0.190881582526,0.340919668779,0.370335760863,-0.211714331193,0.338791419662,0.728614768513,0.278470095913,0.292636441589,0.258926945738,0.493874443009,-0.080180245089,0.827485157322,0.158589851189,-1.43902994396,-1.20826793209,-1.14766066139,0.186476975929,-0.589403405638,2.76065830793,-1.34310506361,-1.10550352778,-0.983395051044,0.222403704392,2484567422.4,01030334,0.04113687
169,600757.XSHG,600757,2011-05-31,-0.0403304115511,-0.215446375068,4.91333925456,-0.575694711788,-1.56418509029,-2.53526017193,-0.718848059457,-0.320930023389,-0.323000375038,-0.193289820827,1.3922965783,-0.898551305619,-0.87317439921,1.81319150191,1.0317707262,-0.973309268426,-0.378960279066,-0.669422172568,-0.416630262992,0.0,-1.92263980758,0.759518435218,-0.728644624785,3.17027432098,1.23343176057,-0.768244822519,2.25996878342,4.90190168792,0.491784647582,-0.878004636185,-1.10852274067,-0.876987675704,-0.864953798009,-0.948420894369,-0.791740399577,-0.540769215977,-3.17027432098,-2.17998895468,4.59309975934,-3.57292044414,4.3578763672,-0.475018112549,5.17495401053,-0.778335154176,-1.34410280879,-0.453192786365,0.512936735421,5.1326548434,0.0548712675767,-0.50998024609,0.185005912688,-0.380382772501,-0.50158705063,-0.424252915188,0.0,-0.746400643702,-0.881388711201,-1.1872331599,-0.89647031404,-0.869815809457,-0.889675592432,-0.205827721061,1.12411607288,-0.600166916526,-0.115941735667,0.661593861045,5.05126844542,-0.437087366672,-1.81319150191,0.395892210341,5.05126844542,-0.765784110742,0.40272239191,-1.04527901514,-1.04527901514,-1.22648758623,0.0282434284048,1.18168569216,0.0,0.238024862192,-0.523652420402,1.98150743119,0.544425508805,1.20282728788,0.864696650151,0.197302090696,0.44789531565,4.91095775724,-2.41404998935,1.65398654758e-16,-4.29879492895,1.24204552189,1.55784500028,0.887911135873,1.34410280879,1.73756706508,1.23771597765,-0.780705641029,-0.750718054194,-1.63486167573,0.529778905616,2.92905153109,0.733177476803,-0.172658566203,0.112422634001,-0.264798257495,-0.183840396963,-0.225360540153,0.0959792313933,-0.209133952484,0.087848813356,3.68352200471e-17,0.0,-1.09200391217e-15,0.0,1.23102160655e-17,-1.88214535007e-16,-2.58286989558e-17,1.1804561569e-16,-2.33753025918e-16,-9.00017109875e-17,-1.12673484051,-0.449052526683,-5.37289391346,1.02612758637,-0.897082062218,0.515325301121,1.18527604173,0.696854867059,0.226213995115,0.498034517275,0.0231149549394,0.58045686845,0.566997072248,-0.165389936046,-0.0851225153727,0.55724045047,0.404402178847,1.11806078811,0.1836014176,-0.856921572698,-0.926703978404,-0.337317802756,-0.586846689468,-0.128300296952,1.76083262593,0.133904534525,-0.376583302447,0.135502909022,-0.563572136477,0.104124068073,-0.320410246134,0.265089502694,-0.474656886358,-0.663290946901,0.235807971345,0.837275581727,-0.487642799068,-0.19302911216,0.396290949053,0.617656789588,3.9855923173,-0.508867828786,-0.510640694956,-0.509899967553,-0.533641174016,-0.515546919663,-0.442000154091,-0.417997168915,0.151486773856,0.314291292369,-0.348726447026,-0.351284248776,-0.355859555744,-0.343283442263,0.125937224739,0.338753526574,-1.00106461385,-0.412953057578,-1.13562970192,-0.108581286476,-0.318737736654,0.622007661753,-0.534065228733,-0.478330431752,-0.475192151716,-0.478991573413,-0.191923621885,0.201768338633,-0.500422842122,0.479183251813,0.367289256639,0.250691020905,0.32839448482,0.197829199393,-1.02631985383,-0.605760894768,-0.722889714493,0.427892118014,-0.849397101678,-0.0661278637339,0.126949822431,0.0404363188503,0.0404363188503,-0.0404363188503,1.12281004073,0.4172907918,-0.474127683982,-0.475426397197,-0.475887343297,0.0173360171862,-0.854244290464,-1.21667999289,0.232747506671,0.751661678588,0.659033453313,0.836433134872,1.5811811503,-0.327585781303,0.3138262584,5.17765941085,-0.122364039831,0.35638723738,-0.87975970561,-0.87564698687,-0.344260234761,-0.883803526882,-0.843431355646,-0.847031349656,-0.845889456906,-0.529067829159,0.408635641072,0.398326400918,0.227862786013,0.390162182025,-0.139718545942,-0.153684983406,0.772166671376,2.74694929925,2.84711613347,-0.850743773837,0.899442074967,-0.752943143851,0.508308008469,-0.679116440917,4770768041.28,01030334,-0.01851852
262,600718.XSHG,600718,2011-05-31,-0.581388634724,-0.1736802812,-0.0918121826561,0.388483089524,-0.00154010231392,0.57089948287,-0.190524744226,-0.320930023389,-0.672222007767,-0.0754799061215,-0.6815008674,-0.898551305619,-0.12090107066,-0.574938556684,0.273232151333,0.0743115889446,-0.274889747883,-0.553867154684,-0.129463453201,-0.155607055921,0.0682944030103,-0.237786330108,-0.400457343154,-0.728056697602,-0.554231717946,-0.558303624891,-0.45588262556,-0.249502884516,-0.153745662488,-0.205065676683,0.160057935645,-0.16524568535,-0.217567705189,-0.00506537965871,-0.477285636381,-0.292635537308,0.728056697602,-0.250369250506,0.0936933822042,0.426588556539,-0.275528858978,0.0314443415459,-0.155102973836,-0.50568561292,0.0685609661076,0.673787683937,-0.00323619391433,-0.0903735560009,-0.507297007135,-0.133362240085,0.187161269475,0.76032664592,0.989015551734,0.0296842112399,0.379635061215,0.124473470822,-0.211394979015,0.209904767484,-0.162015324942,-0.230144816497,-0.00428235165553,-0.590397097102,-1.24130249958,-0.192732007948,-0.208533583254,-0.450617371508,-0.224937495278,-0.336354042593,0.574938556684,-0.38130932747,-0.224937495278,-0.0175903839157,-0.258721177587,-0.0194906532922,-0.0194906532922,0.340052417895,-0.311466725308,-0.525687624648,-0.526878988035,0.0813378711271,-0.192537313374,-0.581499453383,-1.0336511414,-0.0518817409813,-0.159345494321,-0.850488904418,0.333818050576,-0.180326805897,0.572569195126,0.00808736975932,0.526492541809,-0.626115351111,-1.06540109209,-0.87119600347,-0.0685609661076,-0.486268945944,-0.513535062486,0.0513622132256,-0.149822872066,-0.225380533734,0.10035815983,-0.269636906047,-0.482359477103,-0.616325514801,-0.395070105333,-0.56139462035,-0.000789014579239,-0.583341959975,-0.760450833347,-0.674245228651,0.438505351376,0.4460669037,1.51295937406,0.0780314481363,-0.947366007771,0.0575726031195,0.0197359524148,-0.715948683745,0.492362051738,-0.557433715528,0.344937252928,-0.22201988337,-0.370366333893,0.161299624628,-0.376760465425,-0.0990485897167,-1.41714457808,-1.05026116703,-0.756434596204,-0.121889856289,-0.556712895202,2.09895117597,0.215471438527,-1.33119928005,-0.505894390614,-0.689943917273,0.0324666484461,-0.591338295551,0.530548814961,-1.52294664202,-0.225147896567,-0.102669968816,0.233978763485,0.0435168409389,0.518475173724,-0.752322557572,-0.631939405951,-0.90059861228,-0.00565160145868,-0.491574948147,-0.465048517862,0.795094996754,-0.943756993589,-0.633628248433,0.631392031737,-1.48574384664,-0.145306653102,-0.226604379158,-0.687258939468,-0.72951617863,0.430678673425,-1.16848876554,-0.291929342685,-0.292011489983,-0.289071141001,-0.277099974717,-0.128988609675,-0.461378398093,-0.065775422828,0.220907877268,0.393100094766,-0.237283321432,-0.242488626426,-0.264215297424,-0.228254667978,0.100860201621,0.78401865967,-1.61351185768,-0.583702827845,0.303082029369,-0.333819258939,-0.409065424618,0.215125910222,-0.276797712505,-0.257603871023,-0.257687136298,-0.259144126085,-1.14350943432,-0.332387359972,0.305088966961,-0.345642506421,0.484279091569,0.563361261356,-0.597213785797,0.270910853871,1.80220268536,1.44327560103,-0.722889714493,0.427892118014,-0.849397101678,-1.3109925543,-1.17078979172,-1.0877170857,-1.0877170857,1.0877170857,-0.00538704458765,-0.970031108848,-0.254809682998,-0.255503560566,-0.255162710027,-0.365707410167,-1.1977185979,0.413134013293,-1.0630021378,-0.55342795517,0.30248476403,-0.219352342782,0.600652909076,0.328235543689,0.287843474039,-0.218764334948,-0.505053785741,-0.64907366898,-0.197595981551,-0.140295374548,0.113338718035,-0.199422667516,0.237350354713,-0.219853141464,-0.208632236527,-0.0162458327976,-1.18273275236,-1.36107883027,-0.45485198102,-0.764654319119,-0.656628640676,0.0733955522398,-0.371188123624,-0.645497224368,-0.0244070507289,-0.773469618139,-0.193928834072,-1.16565601035,-0.983395051044,-0.265289286162,13847263083.6,01030334,0.00886525
342,600446.XSHG,600446,2011-05-31,-0.26912289597,-0.202840592712,-0.285378753544,-0.336299201859,3.57676232165,-0.701149572993,-0.554343562791,-0.320930023389,-0.855012149542,-0.606802621442,-0.34831871294,-0.898551305619,0.335836307388,1.21976371188,0.33563353633,-0.231576665146,0.547267448461,0.0344129363604,-0.225185723131,1.06951547485,0.39838401756,0.63100723488,0.122810383199,0.544047885533,0.372102993646,-0.561452742856,0.541948778109,-0.548938243177,-0.443144902451,-0.124301695999,0.00545808252329,-0.0662601516761,-0.161647941018,0.0139966064037,-0.532331700798,-0.126715762745,-0.544047885533,2.17144330575,-0.0408286023207,0.572834513638,-0.537066018086,-0.13066866753,-0.344049758937,1.26402400963,-0.783418569547,0.962977622588,0.207925458996,-0.434259015021,0.115358911564,-0.529848537305,0.187166390304,-1.57418827496,-1.16719707445,-0.424252915188,-0.310047322264,-0.573360510197,-0.103745092287,0.0702033322363,-0.0798050902537,-0.168325689908,0.0561131245805,-0.0124582861604,1.30316729185,-0.479187950497,-0.204431539747,-0.342069951238,-0.473544786552,-0.345432672898,-1.21976371188,-0.332753473373,-0.473544786552,-0.589880271585,-0.105332281208,-0.49495468689,-0.49495468689,0.411181186698,-0.321262520509,-0.89599129889,-0.467729927063,0.0610757450545,-0.05307831478,-1.26219882425,-1.0336511414,-0.812646446508,-1.92517670928,-0.573132464535,-0.71822783844,-0.351880352256,0.123891313054,-0.285101066568,0.301163593869,0.572885609959,0.495388338535,-0.233213710648,0.783418569547,0.654001735985,-1.05846793341,-0.90397495277,0.0213714481152,-0.329376787539,2.22374634461,-0.759484640436,-0.412982218041,0.199704765656,-0.21052729103,-0.129981728925,-0.504180316134,-0.445656798505,-0.268003546121,-0.164197656524,-1.42076355922,3.68352200471e-17,0.0,-1.09200391217e-15,0.0,-0.0255878236087,-1.88214535007e-16,-2.58286989558e-17,1.1804561569e-16,-2.33753025918e-16,-9.00017109875e-17,0.472661930396,-0.317908872033,0.175249137632,-0.0601996875039,0.237622564888,-0.772987951681,0.180951226944,3.07007544007,0.639550254789,1.99631408505,-0.703516868119,-0.725009690031,-1.04037985865,0.489158504229,0.393289268767,-1.23667298695,-1.19855546199,-0.488423008796,-1.735930799,-0.195614893875,0.0276065226915,-0.1315093686,-0.520638234678,-0.471190256209,-0.827596233749,-0.900234146159,-1.02488136478,-0.430210250003,-0.582075011016,-2.54297385435,2.46089057448,-0.023404124686,0.697367273254,2.43300431062,-1.28999885417,-2.22697416179,2.36513421851,0.4765632469,-1.22047947768,-0.742380690317,-0.0651336300316,-0.381387775234,-0.382516178411,-0.382433194743,-0.624275575643,-0.713030211667,-0.342875366772,-0.661290210046,0.389043305061,0.552041952277,-0.499199385919,-0.500039589673,-0.517585018691,-0.500654974948,-0.000407443446986,1.1537385928,-1.17124490236,1.71806731424,-0.744867535653,-0.201941971178,-0.374315518207,0.728124362972,-0.625379289088,-0.317087204172,-0.318815002315,-0.318186551078,-0.810785055987,-0.863440208164,0.710777982454,-0.624157745207,-0.933736954863,-1.59435625693,0.240006009124,0.860401430252,-0.0914614037996,0.879313277682,-0.722889714493,0.427892118014,-0.849397101678,-1.27964891962,-1.44824098209,0.616462052803,0.616462052803,-0.616462052803,-2.35567684702,-0.470369069236,-0.350224676754,-0.351256103887,-0.351647916019,-1.25149533592,-1.06891573261,-0.139078882644,-0.269060992005,-0.564067272836,-0.606294218418,-1.37821311114,-0.479449820563,2.17109899816,0.880643974377,-0.168049045707,-0.984430163569,-3.07009777611,-0.111049663392,-0.0416982772393,0.984354655771,-0.111487041316,1.52555481757,-0.199189740535,-0.195864701293,1.27623236942,-1.11132050219,-1.10490032738,-0.598441943037,-1.40459875703,0.184836776193,-1.16213197312,-1.50640805704,-0.0358609569093,-0.58589634185,0.828475066517,-2.00243459099,-0.801399310363,-0.544333695253,0.822456909713,1564067200.0,01030334,0.08084359
363,600637.XSHG,600637,2011-05-31,-1.24835084532,0.434740418313,-0.379353025427,-0.647993990345,-1.20043033666,0.107550489362,-0.460020165385,-0.320930023389,-0.588295016602,-0.841878712784,2.71506459361,-0.898551305619,-0.87317439921,-0.835830500821,0.500341539844,-1.29197471842,-0.462216704012,-0.826997196955,-0.374087031912,0.0,-1.23300376248,1.51116433044,0.331337931504,0.93460631018,1.46095256692,-0.569850390761,-1.45203134558,-0.470790000437,-0.0589727851207,-0.127269401326,-0.475406714985,-0.167770587956,-0.109279389644,-0.248637690402,-0.542879449668,-0.174106188474,-0.93460631018,0.180185350154,-0.709898472721,-2.07866827377,0.347639927539,-0.252946625603,-0.348993134128,-0.0802305319925,-1.30798692854,-0.880690956544,1.33412094118,-0.43940443336,-0.797437304691,0.597490935342,0.208857196384,0.209775919668,0.480514013928,-0.424252915188,-0.717559910607,-0.499605699195,-0.118563390394,-0.482238300911,-0.201638651227,-0.0804948498788,-0.130690971586,0.219691873054,1.2791732081,-0.498655830088,-0.20862384827,0.632396368325,-0.386829967889,-0.556514774718,0.835830500821,0.0831379725859,-0.386829967889,-0.627229716886,3.56195408993,-0.565768479128,-0.565768479128,-1.40459402331,-0.356350189668,-0.857883985657,0.688094561969,0.126989151375,0.431749104095,-0.054974414325,-0.245086144628,-1.20232480129,0.738732468371,1.8182963949,-0.452047553267,-0.411113824289,-1.75473325424,-0.293443826951,-1.25448580948,1.52648730109,2.93712558532,2.44881276723,1.30798692854,-0.32354923782,-0.250804000343,-0.975882051286,0.587653570972,-0.118203543443,-0.246622837258,-0.649542316971,0.644804605773,-0.243962182942,0.104733350072,-0.35108083578,-0.32112893375,-0.197823507859,-0.218045125678,0.123414693493,-0.886886161302,-3.30705296439,-0.893559898773,3.51666097777,4.90680620348,0.861456728159,-0.9350490211,0.705972898821,0.392681390957,4.97066227273,-3.84132825617,-0.401352995089,-0.412831898256,0.189198650636,0.634412091387,-1.1546868861,-0.12883132528,1.90575986461,-0.319439306557,0.0297260744478,-0.398604291418,-0.597255196864,0.912124126347,0.995356091138,0.41743670705,0.66425962889,0.110063749372,0.988451464654,-0.907233959741,0.0568622375855,-0.153386818656,-0.244724760379,-0.586647732309,0.50475304848,-0.287165492926,0.578144075161,0.95348430115,1.85544725713,-0.392708573239,-0.49177637913,1.67732498721,-0.442081052443,0.493344874632,-0.130218935195,-0.621993244233,0.630050062475,0.71857437215,-0.144165680736,1.36930478964,1.71234553102,0.280951981433,2.17116488425,0.0332517907334,0.0345029077332,0.0337320679212,-0.173788289101,-0.00214612256869,-0.239801437656,-0.0735678969756,0.120603480983,0.359569465062,-0.149604678317,-0.159842177838,-0.184752456497,-0.139652789367,0.239073324579,1.29283691078,0.907914274661,0.268565964695,-0.929262203305,-0.105952984782,-0.272607408393,0.452625193903,-0.174008065797,0.128314131451,0.125674286612,0.130015278872,1.82444492537,-0.346546156331,0.315926563356,0.999960039469,0.442192712377,0.321959163316,1.41384034483,0.13942906908,-1.41563542445,-0.640761941693,0.67469706686,0.427892118014,1.62842994641,0.647462219065,0.910835984181,1.44218134525,1.44218134525,-1.44218134525,0.785397778954,1.69247731722,0.107330975499,0.108132517077,0.10742641459,0.807363086102,1.55007586155,0.900270231606,1.79471480537,1.22865775397,-1.15492300967,1.00724361661,0.554879015707,-0.960581500437,0.338498986406,-0.0819387108498,-1.13182656747,1.42891768422,-0.137601509371,-0.17884146918,0.604074146723,-0.143782713301,-0.597799148746,-0.0851724707337,-0.131240964184,-0.0912929542164,1.33105797976,1.40142863329,0.640030431348,1.49572860907,0.401966764223,0.0141713779574,0.49273417612,0.717219138187,-0.509243657554,0.591014085013,1.10612844719,0.799325086826,1.29798670593,0.597000065973,8279537979.04,01030334,0.06592466
382,600825.XSHG,600825,2011-05-31,0.739060269927,-0.237763547587,-0.55095821756,0.190830100327,0.096933498426,0.394045450509,-0.714356469104,-0.320930023389,0.0752972101527,-0.840519367614,-0.636180125911,0.547393324113,-0.12090107066,-0.804739751002,-0.222248411056,-1.23507797426,0.0269147925473,0.0449179379862,0.16833916436,1.09529848146,1.06376150831,-0.158448225719,0.106310072524,0.66567893778,-0.245453480749,-0.358859487145,1.01983093434,-0.192486564558,-0.129808183153,-1.22708686358,-1.17805496729,-1.2445480348,-1.20414196959,-1.2350002712,-0.275889556389,-0.161006395996,-0.66567893778,-0.375586216817,-0.150570221275,0.127738122466,-0.288444274243,1.61540237231,-0.338969067767,-0.371286101974,0.395380079159,-0.366501980957,-0.589796340886,0.078138894616,-0.274069175944,-0.351372196016,0.146270940463,0.105724722718,0.384409892842,-0.424252915188,-0.421430136133,-0.740727196702,-1.24210037354,-1.19240271028,-1.2476664628,-1.21016326508,-1.24443240266,-0.188911809806,-2.25768404176,-3.08766973746e-15,-0.208162493744,-0.380658210578,-0.235730326786,-0.175354402211,0.804739751002,-0.342429458791,-0.235730326786,1.17156776162,-0.0662360399276,0.296136534969,0.296136534969,-0.457158822852,-0.179390653835,-0.589061743394,-0.499258040008,-0.0983162547683,-0.0991734793076,-0.37007039881,-0.245086144628,-1.18900890651,0.491469444876,0.719143096105,0.859840995083,-0.309411070421,0.0776535160468,-0.224318098061,0.246353849775,-0.721083908429,-0.784039051235,-1.03321902946,-0.395380079159,0.829048694724,-0.515519342398,1.28405533064,-0.22029630806,0.280218274659,-0.617884034305,-0.122279655749,-0.365197093448,-0.719319627868,-0.718020030364,-0.480504703208,-0.671977416652,-0.71184811068,-0.71762933011,-0.130610755819,0.0754461705321,0.0213857305072,1.93943114393,-0.228848532769,0.474812025593,1.63762071096,-0.32237272595,0.196761190718,1.32303422492,-0.357941372868,-0.567545407227,0.0550291827504,-0.0393847293012,0.204575555668,0.167541879346,-0.278589826446,-1.41714457808,-0.960432207107,2.03417250345,1.39743223451,-0.309846106315,1.2737137239,0.731903104933,-0.00902026111519,-1.39580173814,-1.53850899239,0.829309862016,0.326116611694,1.14313796709,0.195463590807,-1.2030803442,-1.2800976795,0.375820844332,0.389393118623,0.996881611078,0.0887206534218,-0.273923971421,-0.962303689998,0.393640261946,0.000261959504386,0.892428398517,-1.2131840013,-0.775437552097,-1.10898379189,-0.941017997342,-0.355238500411,0.540522557785,-1.41908486562,-0.859146078353,0.916611835998,0.58701448906,-0.254116603069,-0.19729982172,-0.197783460904,-0.197075597789,-0.41036378848,-0.596720987324,-0.0453881089483,-0.550590488237,-0.290033188174,-0.43563488701,-0.347269899298,-0.333080246761,-0.260082729266,-0.368130860646,-0.0302703413869,-2.29723920596,-0.864853118109,-0.449445156624,0.789714176243,-0.439152220423,0.178083612285,-0.221872771751,-0.408897617276,-0.13481870557,-0.134678045512,-0.135422486029,-0.424564754856,0.905478481518,0.167531034743,-1.33237086208,0.568709330584,0.656300982967,-0.0570769445386,-0.859814241223,-0.519430534727,-0.464634359452,-0.0652018173856,0.427892118014,0.316639156247,0.410817777258,0.627944574389,-1.35801242295,-1.35801242295,1.35801242295,1.05742131601,0.271232109782,-0.235416693411,-0.236383517564,-0.236746483071,0.280678373492,-0.25316425246,-0.97879871624,0.0937489084461,0.641722062701,1.30970479874,0.9763210294,0.0964582772472,-0.0135216696944,-0.335306665175,-0.130012578776,0.378423130612,0.486101591715,-1.23250650617,-1.24790275723,-1.19476311599,-1.22911516484,-0.78884642078,-1.1804040551,-1.16996094359,-0.787563469602,-0.193346911649,0.0182686940181,-0.311053139176,0.742912508653,-0.514815307554,1.4437316953,0.970657293916,-0.631152841604,-0.367269416558,-0.552318423395,0.548075242194,0.257952743727,-1.86072808393,-1.07184660564,7512743641.5,01030334,-0.04450626
387,600880.XSHG,600880,2011-05-31,-0.434119839366,-0.189883358821,-0.359434565625,-0.561654389765,-1.67152869206,-0.168158947194,-0.69863590287,-0.320930023389,1.62794654671,0.309939760987,-0.372722189126,-0.898551305619,0.470170830344,-0.813751562543,-0.271423415536,-0.11887524486,-0.451809650894,-0.574877157936,-0.331543800832,-0.043021260389,0.679956523409,-0.813400806221,-0.487311340688,-1.0896022107,-0.781752524302,0.491402363247,-0.584607924684,0.732932167069,-0.0796860325454,0.373825287814,0.705994727081,0.405242031396,0.373993322469,0.567286991512,0.735705483703,-0.333853157195,1.0896022107,-0.725440366081,0.217595210056,0.375720397548,-0.356250204382,-0.145026856141,-0.0566474179363,-0.716562992485,1.15203737351,0.0609961892222,-0.425559499734,0.408732022926,-0.50981397809,-0.130080927517,0.186042880494,0.263835440718,0.116366402857,-0.424252915188,-0.371233614683,-0.709523238201,0.373610764501,0.757588766614,0.383353790842,0.351035227364,0.584129457262,-0.438634868481,0.343571021449,-0.59043297673,-0.192626881535,-0.30606517791,0.479573885532,-0.255451604884,0.813751562543,-0.300998648502,0.479573885532,-0.538072976491,-0.0342616013932,2.6572706933,2.6572706933,0.439632694219,-0.201807311453,2.23046522591,0.219737674336,-0.108162436189,-0.214203640936,1.18239842932,0.544425508805,0.0123109215888,0.524126825338,-0.188942432993,0.49542750943,0.246042431473,1.53500037728,1.14866189645,1.03128351828,0.639092816168,-1.14239070526,0.210553789114,-1.15203737351,0.158446261244,0.335922766237,1.30460021593,-0.218737161246,-0.218880767871,-0.633976724975,2.31199304546,-0.332808891746,-0.323188423763,0.0201512268492,-0.280976240924,-0.351637497481,-0.262076583212,-0.160949788029,-0.556303329321,1.31909299187,1.29649095302,-1.47234301502,0.982933955935,-0.189753510392,-0.74631152192,-0.844520758341,-0.607257295759,-0.471217669148,-0.268880411449,0.600458338998,-0.615504435388,0.107995758781,0.215410758792,-0.379037881093,0.774792296897,1.80363855392,-0.871066283061,-0.965968235087,-0.750888411182,-0.572497878558,2.28924053278,0.828828696281,-0.963177795756,-0.0609407168532,0.18195831805,0.851689249569,0.565142164831,1.53996042386,-0.899903438667,0.389133713982,0.375323396062,0.489727617722,0.218572845232,1.45624041016,-0.490388212673,0.413928114264,0.111613975741,0.316166810954,0.618108334661,-0.269890535506,0.482673931022,-0.651786628756,0.616323049451,-0.329811997858,0.988963861535,0.51634268176,0.0704682367578,-0.463820139721,-0.686828017474,0.533180172838,-1.0224564682,-0.260636758692,-0.261523555607,-0.261800110579,-0.294473987951,-0.335697768885,-0.499734216442,-0.420961627754,-0.030618081599,0.0693258436935,-0.348113701128,-0.34688366107,-0.325993935988,-0.34181166269,0.143184035858,-0.685399013866,-1.28694059258,-0.809690506796,-0.132743498582,-0.44567797955,-0.490183062957,0.501742067038,-0.294002455098,-0.149623958315,-0.151000904631,-0.150109848016,-0.182876310376,-0.0242253215823,0.364844888366,1.14687574168,0.308419821895,0.306075859641,0.140196442593,-0.411128087092,1.5390581701,2.94793878916,-0.640678727354,0.283602915428,-0.849397101678,-1.56644317691,-1.21233328547,0.315676082999,0.315676082999,-0.315676082999,0.364075355657,-0.243978112109,-0.222726765817,-0.223601881385,-0.223993887562,0.0652164456054,-0.768375713607,-0.00706568280602,-0.349161879117,-0.0604729032884,0.328895778051,-0.0721019274885,1.65230578488,-0.282819568846,0.1766633581,-0.191821837539,-0.251955679347,-0.628813078626,0.378031106294,0.430688994679,0.733464195445,0.374950323015,-0.958059718866,0.376484524718,0.400493530285,-0.808409892218,-0.415079605931,-0.623334036225,-0.0164311252577,-0.836813391048,0.397209922861,0.123130770422,0.509410642358,0.0932384879643,-0.255757555565,-0.523696215179,0.667953338081,-0.991882171824,0.508308008469,-0.279927199738,8708587481.86,01030334,0.00789663
430,600476.XSHG,600476,2011-05-31,-1.08792513942,0.0159626770245,-0.397228566274,1.56407126911,-0.176779979354,-1.38278044166,-0.0978856932027,-0.320930023389,0.223947558911,-0.101669956391,0.0625561412148,-0.898551305619,-0.87317439921,0.902547945602,-0.747573114095,0.307031285291,-1.18030336917,-1.25770226361,-1.31003811568,1.44551765458,0.684288408115,0.798567658472,-0.323022814313,-0.359815897221,1.47720405309,-0.85222130157,-0.73100140212,-0.510661552855,-0.478611453465,-0.14135422502,-0.149745087099,-0.0896388795158,-0.183144615814,-0.081873311748,-0.898206739736,-0.221021152398,0.359815897221,-0.291233128299,-1.0709837996,-0.644822042211,0.534913448875,-0.181100775518,-0.249301734431,-0.41462492629,-1.33640598185,0.665846541457,0.74756079421,-0.426540887512,0.511796183579,-0.62329265155,0.185359761949,-1.41864672232,-1.02353525558,-0.424252915188,0.0692482865656,0.246452581326,-0.115792298197,-0.173548176853,-0.0886024954418,-0.182936625135,-0.0332144492789,-0.0842562494783,0.115514628699,-3.08766973746e-15,-0.213999631449,0.0139590260143,-0.515227446167,-0.667242486593,-0.902547945602,-0.220072225007,-0.515227446167,-0.427229461405,-3.88077182232,-1.8960561476,-1.8960561476,-1.63220608348,-0.31661536852,0.208706574938,0.811653816872,-0.0366384388749,3.67980603176,0.769758806114,1.33299050558,-0.0462287667823,-1.43298333232,-1.76679240211,-0.547111940829,-0.549697796593,-1.18275458015,-1.11222616743,-0.694885088918,-0.205127277476,-0.284306471205,0.793464215959,1.33640598185,1.24817521565,-0.469322825689,-0.46225991903,-0.500942734586,-0.361045859509,-0.280784513944,-0.844099936505,-0.376858668182,-0.228116934778,0.650672509052,-0.189301001496,0.319550904592,-0.353866690858,0.352908250815,-0.101213303982,-1.42076355922,3.68352200471e-17,1.3301857584,-2.42422070386,-0.0597213551377,-0.0255878236087,-0.681095205346,-0.211203745013,-0.670578990711,0.144526675424,1.0913960602,-0.726698452466,-0.240471666431,0.25498844685,-2.27612513295,-1.10149133956,0.515325301121,0.134647639356,-0.0925379061632,-0.561121405306,1.64464535748,-0.855714792837,-1.1051397436,-0.529946802023,1.11097952249,0.865866762857,-1.62698777477,-1.51873693917,-1.06872805075,-1.42000158591,-0.196147893103,0.0112241812478,-0.228854539245,-0.63529146392,-0.275311297906,0.45029092189,-0.059059516164,0.217987712413,-0.289116579361,-2.28376395151,-1.51291914262,0.746128182766,-0.0747237927476,1.3581894058,1.02991486248,0.138413351291,-1.34330960161,1.50314177974,0.589513515081,-0.590995567964,-1.5209354555,0.561946235048,-0.301509055698,-0.30235610755,-0.303544680943,-0.618314185084,-0.642677008673,-0.625750357215,-0.473307142053,0.0679755109318,0.225608134779,-0.489520284336,-0.488984983904,-0.473018381863,-0.480335038128,0.163874237116,-1.192530583,-0.105431988746,-0.218058626834,0.233976659215,-0.460339687797,-0.543137895594,0.162572877237,-0.618765943867,-0.231750093577,-0.233917196459,-0.232808903731,-0.800401049931,-2.02744187903,0.718458756046,-0.448198356584,-0.887437256285,-1.91324544817,-0.374944745324,0.862748387934,-0.210150571347,-0.569139964681,-0.722889714493,0.427892118014,-0.849397101678,-0.83613648895,-1.15249087186,-0.479552576892,-0.479552576892,0.479552576892,-1.26146257184,-0.534210847989,-0.277996090054,-0.27884077412,-0.279088673822,-1.01209319383,-1.32652146318,0.199538015071,-0.33502642845,-0.920484414664,-0.500650162335,-1.21771015847,0.0147966597618,0.998659356434,1.3269801743,0.0633394614551,-1.96819974007,-0.528907408949,-0.128500035151,-0.0728513332151,1.46798941105,-0.139589693889,1.72206058309,-0.195694320585,-0.216993066503,1.68899153722,-0.18763440407,-0.905689503131,0.605929307368,-0.581327061375,-1.7961894496,-1.47428590829,-1.76387642604,0.19364916731,-0.585840484179,2.82924642964,-1.00827314061,-0.950109614486,-0.10606201816,1.25594026381,1808816100.0,01030334,0.10952805
452,600570.XSHG,600570,2011-05-31,-0.506654287766,-0.182601631547,1.07060870215,-0.25180677495,1.30035932821,-0.497224588182,-0.0456709553531,-0.320930023389,0.324944446584,0.868177510667,1.73543933528,-0.175578990753,0.0403003568866,-0.367666891222,-0.444609868099,1.49705781326,0.307905226741,0.0974429461151,0.519320820772,-1.16458204794,-1.05539648956,0.199193072971,-0.474773703048,-1.06058929916,0.0958277287855,-0.0806874002883,2.19266143747,0.402396997522,-0.131664559102,0.434521927716,0.64055643385,0.437972250372,0.443455044771,0.53617406714,0.0721861563311,0.51615778275,1.06058929916,-0.531622308837,-0.267391944678,0.213578140764,-0.28198656661,-0.395100928905,-0.391286455212,0.407105945218,2.62449957307,-0.445251643885,1.12295928827,-0.305623556534,3.61530515521,-0.81256011355,-5.38490765374,0.275931927606,0.541617251409,1.91193306031,0.279836059988,0.437931417581,0.408836512776,0.786340528903,0.455436508683,0.440258709039,0.487430082627,0.00802910303034,-1.41728817107,-0.405488120618,-0.198925373767,-0.334852593486,0.335545409899,-0.262525042061,0.367666891222,-0.317051987945,0.335545409899,0.957109656346,-0.104153500064,1.04676273269,1.04676273269,0.800397809589,-0.122504832897,1.87258784947,1.53471143534,0.0299582628342,-0.0463825983905,2.09847399357,1.33299050558,1.17720047151,0.295525162107,0.404805797571,0.786958297953,0.27007110409,2.00251588035,1.65399481109,1.25322914868,-0.237135877903,-0.236246288438,0.806234503722,-2.62449957307,-0.130011403158,0.100165509153,2.05448852902,2.05106877062,-0.180850222929,-0.364071246361,1.03355377628,-0.355038768582,-0.640093387047,-0.848737857162,-0.545216636921,-0.999944476756,-0.564983938445,-0.767587750553,-0.10128684218,0.440196620852,-0.262088952599,0.0507704487939,-0.22097981531,-0.696256007355,-1.02351294435,-0.972345309128,0.524324277802,-0.205402573731,-0.258037292033,0.892297142886,-0.836769297654,-0.329149756718,0.162662135201,0.0422840175784,0.311725314926,1.15948192752,-0.475633645058,-0.176015211493,0.686992006258,-0.37557374193,1.61915854504,0.416894933049,0.0280817011509,0.0365452210601,-0.0961428410236,0.989116958037,0.322802032901,0.53584370319,-0.0609454237788,0.444226452393,0.46262138471,0.0673791416541,0.271548554641,0.422172952229,0.0394110022164,0.240498987901,-0.404464856083,0.802575239833,1.0182653694,0.306715311678,-0.349335490391,-0.184241022528,0.128499163868,-0.938953112209,1.52101853399,0.300921968084,-0.313756853221,-0.329003858085,-0.0407171513991,0.991372690144,-0.990959306024,-0.248964095844,-0.249406635506,-0.250045090647,-0.459263344382,-0.461180112487,-0.491098789226,-0.20765142327,0.203833955212,0.462403157986,-0.418261624337,-0.424268446229,-0.438524022985,-0.389967373012,0.219604948409,0.0484627001152,0.154883314234,-0.682789881089,-0.16752115656,-0.365841647536,-0.482612268809,0.808368801799,-0.459551472052,-0.0532437619843,-0.0546461608722,-0.053754712973,-0.46467966172,1.10548168683,0.543565801385,-0.512395901874,0.262166937977,0.481085059241,-0.820867200915,-1.09037675614,0.51540378318,-0.36460657411,0.0992201568911,0.427892118014,0.608148220728,-0.4955356588,-0.332996001182,-1.072883805,-1.072883805,1.072883805,0.0909244267927,-0.993117803747,-0.137788657957,-0.138396653564,-0.138911858918,0.448259872959,-0.0814270987444,0.545075680646,-1.10776439824,-0.27503247623,0.572597407426,0.334309218721,0.273200669854,-0.189747146902,-0.993260634869,-0.336571725581,1.49967253338,1.20185934405,0.434403803204,0.445079846656,-0.975431204135,0.439282547809,-0.646925590126,0.447367836767,0.471358114841,-0.941826996963,0.605640382143,-0.0326039772353,0.95013939254,-0.0723945540609,-0.375875899422,0.422196490278,0.346713410768,-0.609636267459,0.125107975886,-0.437415348695,0.450932647251,0.0774952960269,2.0876654034,0.371328176591,8807355648.0,01030334,0.0509915
485,601098.XSHG,601098,2011-05-31,1.07578584631,-0.242987395414,-0.0146919921439,0.00230124800572,0.282052855321,0.860680100515,-0.697513005282,-0.320930023389,-0.140921478951,2.52250058216,0.0,0.361486157433,-1.16516625302e-16,0.874160739246,-0.684493453175,1.159171966,-0.680764819496,-1.00558222459,-0.778247727174,0.0,-0.0547311226224,-1.6107074334,-0.457169040871,-0.89767064202,-1.13928522,0.0715199679918,1.16759633121e-16,-0.220396651251,1.08473227385e-16,-0.532266965591,-0.444055804004,-0.534512691579,-0.53810017221,-0.518999819395,0.288744625324,-0.0325661278207,0.89767064202,-0.409487255098,0.0653729644095,-1.10302736977e-16,-0.501548626109,2.48694167563,-0.310544660416,-0.403346454682,0.603786470091,-0.966720000078,-1.71599182307,-0.128106623824,0.179127914403,-0.548769645511,0.190738168301,1.01809957005,-0.26271096365,-0.424252915188,-0.397668469174,-0.706686514701,-0.522039111134,-0.468047782131,-0.532766448625,-0.53083739138,-0.541091555142,-0.613625007184,0.417754364851,-0.577917911279,-0.0479019724495,-0.258455221381,-0.118497846619,-0.27218786249,-0.874160739246,-0.271728792613,-0.118497846619,0.367952277251,0.0419171300459,0.37099682962,0.37099682962,0.7474780056,-0.231361860797,-0.191006004081,-0.818871867185,-0.0621137933919,-0.19790230877,-0.241871302263,-0.245086144628,1.23674513308,-0.609550810683,-0.630658244659,-0.74357834179,-0.100417499286,1.18829321402e-16,0.582546013295,0.0,-0.408074965794,-1.17925239884,-1.23089244213,-0.603786470091,-0.729115783068,2.75374155748e-16,-0.472532361675,-3.46200138342e-16,0.698001097458,-0.330756553395,-0.113069827605,-0.265390412815,0.128401148917,0.627604657264,-0.0760551174969,1.745826259,0.0775468150807,0.13880073463,-0.831171286747,0.123365472352,-1.14967260457,-1.68557889996,0.432123733797,0.0,-0.0255878236087,-0.274226608678,-2.58286989558e-17,1.1804561569e-16,-0.372153228414,0.679579081386,0.42249358599,0.0368034891144,0.186278985124,-0.24694777232,1.11326900244e-16,-0.450909638481,-0.969229888749,-0.658951031591,-1.46844490215,-0.48995017871,-1.0765444168,-0.194947862341,-1.10971180834,-1.09986228376,-0.907109158042,-0.838091527392,-0.602922235868,-0.913631949685,-0.360151298564,-0.500514679667,-0.558805311959,-0.656740590351,-1.43518486818,-0.716746434227,-2.70860904908,-0.870833197993,-0.821275384426,-0.665946374204,-0.790354646962,-0.287786161786,-0.476336501415,-1.12651245364,-0.932868459397,-0.536300511197,-0.697904509345,-0.55196820443,-0.498955860605,-0.671330055494,-0.365259253215,-0.499525437897,-0.719892819445,-0.43423374728,-0.434801802453,-0.434561007687,-0.289020711113,-0.278375820743,-0.420943967553,-0.450162664169,-0.0670632795949,0.0673807213655,-0.198899313707,-0.201585976065,-0.192302229015,-0.172153530903,0.206399374966,0.123629720265,-0.70745316747,1.17455656673,0.0428528658161,-0.192880179729,-0.357101962241,-2.56513166172,-0.288951530768,-0.569676649628,-0.563602443747,-0.56998532806,-0.0462661277214,-0.427114116924,-1.05905619389,0.31323096786,0.526342063432,0.549028388626,-1.00881528661,2.13015769068,0.62770074153,-0.435291333006,-0.722889714493,0.427892118014,-0.849397101678,0.290144783754,0.211025940726,-0.324627200665,-0.324627200665,0.324627200665,-0.134553934298,0.283246614271,-0.46490839564,-0.465386154242,-0.465358473238,-0.413587838586,-0.0384928103155,-1.34039542455,0.355254745784,0.249840528651,-0.393805605613,0.0604234462755,-0.269546922943,-0.000172930889453,0.242297181453,-0.263140213034,-0.59047157944,-0.0832908613363,-0.532139833676,-0.535962433988,0.155153794756,-0.532178803523,0.84870162522,-0.544023618878,-0.558334073793,0.863473201612,-0.300809769608,0.230920102292,-0.683008433551,-0.660762340557,0.740891711308,-0.0898799337651,-0.490363845763,-0.258198889747,2.30220859105,-0.85491000437,-0.25800160946,-0.535725845694,-1.07104938646,-0.73874649698,17618760000.0,01030334,-0.02246436
498,601999.XSHG,601999,2011-05-31,2.47309920659,-0.254858324559,-0.167910913691,1.27850362588,-0.156844537332,-0.138588038714,-1.24666675668e-15,-0.320930023389,-0.512191728003,-0.176705809757,-0.755209326084,-0.196235342606,-0.497037734935,0.717805808995,-0.800817774119,0.387735112415,-0.0251204730441,-0.259727109162,0.10452431774,0.57577089826,0.750999432578,-0.335719302713,-0.370120157778,-0.529429841639,-0.554231717946,-0.033450630822,0.267671343374,-0.331239566973,-0.311928434095,-0.830356478435,-0.710032192427,-0.826138942652,-0.82269436573,-0.786763604813,0.106795957312,-0.0122852225702,0.529429841639,-0.558332217786,-0.224911317986,0.0482566240429,-0.630702778755,-0.179755553259,-0.330730109115,-0.247509655085,-0.236351793352,0.217171991331,-0.566333935007,-0.263173855234,1.32495799555,-0.719600866798,0.19372975641,-0.3705343053,-0.0554740934885,-0.424252915188,0.0,9.84186170089e-17,-0.841254842,-0.732889409117,-0.827421184195,-0.826903563509,-0.790156281958,-0.195281116016,-2.2333775918,-3.08766973746e-15,-0.20833299433,-0.378197747708,-0.229775661126,-0.251046495571,-0.717805808995,-0.338647028128,-0.229775661126,-0.0645783957454,-0.230725125414,-0.23597853242,-0.23597853242,-0.70810111919,-0.272668021107,-0.64663692317,-0.620573576443,0.0415494755537,-0.0805588262593,-0.249905684341,-0.245086144628,-0.0822821800066,-0.171008844486,-0.807344569325,0.286285856795,-0.309411070421,0.120466291054,-0.36137773293,0.161094247852,-1.15719704368,-1.35796162214,-0.943827015122,0.236351793352,0.625649059569,-0.00977599974054,-1.17105846154,-0.925342497366,-0.306558460574,-0.505799855424,-0.360008344706,-0.403826059754,-0.72724225195,-0.687262894647,-0.615321231778,0.365313750188,-0.730206132209,-0.760450833347,-0.208191326489,-0.346807441972,-0.607142405818,0.355393141558,-0.614415688266,-0.18274578945,-0.690871237434,-0.363398642781,-1.89368687412,-0.404763895294,-0.5671188319,-0.0986577289808,-0.0524209280288,-0.310414948911,0.177909277321,0.459051084913,0.316739032791,1.15948192752,-1.02572026561,-1.03768028262,-0.167552542078,1.04403967928,-1.07511808564,0.374489986833,-0.597404915234,-1.28995986269,-1.41209937463,0.222052031579,-0.25892363066,0.417958899966,-0.537200048477,-0.8078856437,-0.839674186342,0.0791597804258,0.0156759676515,0.0105206691368,-0.901335813089,-0.755368193711,-1.12645581762,-0.0899269464515,0.191247306806,-0.489998767419,-0.87979746369,-0.934989568707,-1.15418153209,-0.427894041694,-1.25347299288,-0.138712141459,-1.02040419701,-1.3931981156,-1.21709079585,0.334305634117,-0.467915522061,-0.283718905996,-0.284426305782,-0.284760309124,-0.698625801515,-0.693066369423,-0.758504831863,-0.625027443374,0.0656065006873,0.266076140009,-0.494653928409,-0.496148785569,-0.48386573721,-0.479636355991,0.219513619469,-0.356223738766,-0.724942050874,-0.36277281735,-0.535316025666,-0.486185712391,-0.610737360458,0.094456061407,-0.69892765131,-0.20431124617,-0.205432980787,-0.205033459707,-0.71037818984,0.519483890136,0.493205777772,-0.645326098233,0.359447801117,0.457966411159,-0.504037681114,0.39484325812,0.553473893525,-0.263086182139,-0.640678727354,0.427892118014,-0.703642569438,-0.128292739175,0.000835644989137,-1.00860625529,-1.00860625529,1.00860625529,0.397413941905,-0.171891085178,-0.255998703072,-0.256919439304,-0.25752587019,-0.1981259107,-0.811310002035,-0.92003478036,-0.252569632893,0.170045646153,0.774281514495,0.403516913909,-0.0889616306901,-0.0304472804997,-0.317577235846,0.0316424056795,0.213447339089,0.108020345282,-0.830560005178,-0.821082641814,-0.908369288639,-0.826844420492,0.02992760222,-0.815477456637,-0.804585527622,-0.203863636345,-0.890036619671,-1.2674986122,-0.103152062002,-0.920278724248,-1.47460715332,0.887155339202,0.314987450608,-0.839146391678,-0.548854726141,-0.580210363982,-0.0389140549074,-0.874919011278,-1.86072808393,-0.381971419641,4814994478.0,01030334,0.00114416
507,600088.XSHG,600088,2011-05-31,0.91886632355,-0.240745076525,-0.639825192057,-1.10463514523,-0.616538605691,-0.341727323057,-0.718848059457,-0.320930023389,1.23747266408,0.376094559244,0.364362397721,0.382142509286,0.228368689024,0.742588290735,-0.620848562318,-0.161575104678,1.650415079,0.391582991637,2.88047014572,0.438691246448,0.216444859934,0.192581564272,-0.175429484173,0.0307425274258,-0.310459425422,-0.579297744654,-1.39650278517,-0.358352222618,-0.239822884098,0.354464543538,0.289921812268,0.290990188443,0.409055630148,0.252820220267,-0.552438347082,-0.333549845354,-0.0307425274258,-0.270458754672,-0.557676227074,0.00692624486263,-0.627473924938,-0.3821703231,-0.166362883994,-0.600883559717,-0.853874139208,0.237024847531,-0.144010629188,-0.456984612687,-0.175211784582,-0.410819205826,0.186991257964,-0.431766079637,-0.691718969199,-0.424252915188,-0.413410573535,-0.746400643702,0.32993083664,0.270600643892,0.239958419806,0.43265819023,0.226685936509,0.123241501864,0.0496925297399,-3.08766973746e-15,-0.210358942468,-0.52525141189,-0.322072978845,0.105041068372,-0.742588290735,-0.414141705263,-0.322072978845,-0.752531081765,-0.249192696672,0.12112530558,0.12112530558,-1.80063900801,1.84721895572,0.709486376009,-0.00420863957438,-0.136636721603,0.243269600732,-0.0613317166484,-0.245086144628,-0.181648904259,1.99604161614,1.16291339992,-0.47106043078,-0.333439743038,-0.168948067992,-0.431695284732,0.0149349302689,1.59601727404,-0.790571503262,0.684650722313,0.853874139208,-0.650221379129,-0.620996221488,0.400625263159,-0.877632604856,-0.0132392394028,-0.208226241974,-0.361159573224,-0.551782289191,1.26925901674,0.0124619429199,0.209755923072,0.822942206147,2.50080565695,-0.0324852783177,0.0619389882285,-0.325384695276,-0.229176161676,0.842789449979,-1.22030693262,-1.50681572963,-0.330509388279,-0.417986846167,-1.892197951,-0.471217669148,-0.430053380637,-0.00267518903563,-0.175408249949,0.671288980182,0.283860694695,-0.18773496494,-0.627093355212,-0.772987951681,-0.293660545836,2.2229768786,3.08873067438,-0.454239888494,-0.681807268879,1.99345025483,0.251817776634,1.12769139756,2.17469249752,0.761166910526,1.49117397184,-1.38399452076,0.990345491523,0.387583170773,0.102075774656,0.315265375499,1.44153838741,-1.6161141696,0.604639675967,2.09065935868,3.06794164623,1.41788503562,1.14712364652,1.04075484217,-0.126319725088,0.153985066684,-1.04664208127,-0.676712700268,-0.693713017065,1.90338829737,-0.508383411886,0.239946915866,1.01734930356,1.79588328636,-0.470778900441,-0.156621233391,-0.155298464623,-0.156452243573,-0.366484028092,0.449627489141,0.0397176677156,0.0794383859509,0.758096273479,1.54418216514,-0.161397076775,-0.199065158881,-0.345661638063,-0.044189341342,0.593870511751,2.14581013948,-0.437720773427,3.59958965754,4.38747220823,-0.0256216821994,-0.136947623263,0.472837898897,-0.363846505807,-0.0731028497249,-0.0782623012746,-0.0732451936775,2.02850893598,2.59454776544,1.34045227572,3.54492494255,0.510940040346,0.65886780753,2.32160556445,-0.511916880868,-1.5194208774,-1.49418581575,2.31891680963,-2.16931352854,1.91993901089,0.658432491202,1.27434155446,2.20691937258,2.20691937258,-2.20691937258,1.86189589719,1.77445864197,-0.162238850009,-0.16210565147,-0.163749312592,2.2916563671,1.63594443841,3.64822638354,1.6109539467,2.1773302459,-0.0252519099573,2.40023254529,-2.42476281091,-1.82511515039,-1.20614479245,-0.798292171379,2.11157044866,1.70511377801,0.336639388914,0.272877842468,-0.870499030477,0.353749663069,-0.466795305066,0.474189834752,0.427910382999,-0.725024201753,0.0137088506836,-0.386982519529,0.401215139575,0.577298393566,1.48067964405,0.256630566594,2.38164903488,2.31661781634,-0.522446017138,-0.207531997535,1.37895445851,0.879528396915,0.508308008469,-2.07349248565,4547109840.0,01030334,-0.11078717
553,600455.XSHG,600455,2011-05-31,0.215394899909,-0.225202785882,0.237097768932,-0.901492896519,-0.746164864237,-0.948502365427,2.690830467,-0.320930023389,-0.791000037636,-1.00436577207,0.0,-0.898551305619,-0.87317439921,-1.29182816484,-0.529394358583,-1.63772345546,9.02667968001e-17,4.55581823386e-17,1.84501854247e-16,0.0,0.0,-9.17531148153e-16,4.94304484169,2.35289133225,0.0,-1.81795081066,1.16759633121e-16,-0.439690189551,-0.872358562529,8.36778357923e-16,0.0,0.0,-4.20548075961e-16,0.0,-2.05153715527,-0.520922784445,-2.35289133225,1.03045078502,-1.37188823867,-1.4269199867,2.18485774893,-0.665325882052,0.358596098158,-0.886941647122,0.16980384352,7.34703268604e-16,2.44204717686e-15,-0.154691285244,0.0676374636238,-0.514344053525,0.191007523889,-2.10311519279,-1.88125464902,1.30186469295,-0.780528328048,0.100361321072,-4.1715665914e-16,-1.0975656788e-15,-4.1451806034e-16,-1.25787890403e-15,-3.94426166473e-16,0.0,0.0,0.0839899948057,-0.212926480703,0.0108014319982,-0.660000255007,-0.506653358191,1.29182816484,-0.129623752227,-0.660000255007,0.0474699401562,0.330325583309,-1.33865044013,-1.33865044013,0.630826824762,-0.362953157423,-1.03930793344,3.00229673691,0.411208075639,-3.59683885318,-0.233992927605,0.0,-1.63157397546,0.0,0.0,3.51808906309e-15,-0.660341451899,-1.59033219822,-2.05853355948,-1.44801157257,-3.83273989139e-16,0.0,7.38430599244e-17,-0.16980384352,0.358147721214,-0.484080907537,-0.585529230771,-3.46200138342e-16,-0.276825489073,-1.14075531714,-1.03002334215,0.0445068251336,0.0,2.66775626912e-16,0.0,2.64619608609e-16,0.0,0.0,2.4740545706e-17,0.087848813356,3.68352200471e-17,0.0,-1.09200391217e-15,0.0,1.23102160655e-17,-1.88214535007e-16,-2.58286989558e-17,1.1804561569e-16,-2.33753025918e-16,-9.00017109875e-17,0.398719780992,-0.48527315511,0.199125513378,1.57953959381,0.712672332555,-0.12883132528,-2.57036545316e-16,0.0,2.19462186706e-16,1.43646327588e-16,-1.8629949319e-16,2.1017387342e-16,2.08037640235e-16,0.0,1.0795605244e-15,-2.02825398687e-16,3.03498696288e-16,8.16459281307e-17,4.13165735436e-16,0.0,3.97010699438e-16,0.0,0.0,1.77473918252e-16,-4.00750501465e-16,0.0,0.0,-1.08073264129e-16,0.0,0.0,6.31223040135e-16,6.71296342834e-16,0.0,0.0,-8.18196261306e-16,-6.10114888532e-16,4.65185977681e-16,0.0,2.34222106663e-16,-2.66821863323e-16,2.11932573665e-15,0.0,0.0,0.0,-1.45286323346e-16,-1.78474623601e-16,-3.14577804608e-16,-1.13367852154e-16,0.0,1.63008446079e-16,0.0,-7.4814978014e-17,0.0,8.06093410691e-17,7.75956062181e-17,0.0,-3.73395404431e-16,0.0,0.0,8.29981012387e-17,9.10488836401e-17,-2.24406104744e-16,1.22054075996e-16,0.0,-9.79550227768e-17,-9.83832040304e-17,0.0,2.9009313436e-16,0.0,-6.02991479737e-17,1.0394942648e-16,-1.5300658956e-16,0.0,0.0,0.0,0.0,-1.46036049277e-16,0.0,-1.2945603011e-16,-2.8998687411e-16,0.0,0.0,0.0,9.14902764822e-16,3.57616097197e-16,2.61544696326e-16,0.0,0.0,-7.33883866616e-17,0.0,0.0,1.27067217786e-15,1.63473987436e-16,0.0,0.0,0.0,-6.88141236891e-17,6.55031035183e-16,0.0,0.0,-2.50218473026e-16,-2.58549125327e-16,0.0,1.23893158322e-15,-4.37962839171e-16,-4.18443747733e-16,0.0,0.0,4.23128704025e-16,-9.25767134789e-15,5.59473571855e-16,0.0,-1.06012889068e-16,0.0,0.0,0.0,0.0,-2.48835375286e-16,-7.08736831189e-17,0.0,-2.29467969314e-15,1.85507419816e-15,0.0,-0.399262116919,954358240.0,01030334,0.0
599,600050.XSHG,600050,2011-05-31,2.31228055328,-0.253952102417,-0.373734998303,-1.02378300205,-0.658089601351,3.57341810336,2.22763521188,1.72233345605,1.39608045247,-0.871874929528,-0.797043856689,0.0516408796333,1.11497654053,-2.20517526461,4.05936835839,-1.7989126961,0.276684067386,0.0239079347346,0.498049205232,-1.71333037196,0.4624959112,-2.27991607953,1.43276615004,0.535120835827,-0.863009955144,-0.744101584792,-0.331364035557,-0.574456036724,-0.47304232562,-1.62643165579,-1.68585353712,-1.67684409129,-1.57268683362,-1.69582546422,-0.761415621574,-0.49227211191,-0.535120835827,-0.528654541177,-0.416074138101,2.62981569284,-0.0107628460538,-0.500247893301,0.624302514706,-0.900227304355,-0.0978089084712,-1.70326096511,-1.69252941719,-0.264888994681,-1.00941721829,3.90050977993,0.190624485905,3.08103230301,3.13247361864,-0.32883937906,-1.16101202022,0.449278311582,-1.65513401397,-1.63179389701,-1.69850430957,-1.57699451607,-1.71347432914,-3.11097430208,0.916748493487,3.68554771909,-0.216306404082,-0.627893721273,-0.537185275785,4.41044333741,2.20517526461,-0.473341143319,-0.537185275785,0.636627319252,-0.422178829573,-0.674012418692,-0.674012418692,0.0572444331329,-0.199049109733,0.21657656354,-1.1097815719,-0.183207612322,1.33836875522,-1.38446963887,1.33299050558,-1.73533745742,2.481236983,1.18345832139,2.25411867932,-0.588255434048,-0.574813175057,-1.23140845862,0.208460693365,2.50758812349,0.8346092402,-0.49846322939,0.0978089084712,-0.952239019208,-1.37421647446,1.20187578948,2.88302951059,-0.241284216164,-0.913763680316,-0.853309764649,-0.682246156527,-0.719319627868,-0.902562844667,-0.620713892921,-1.25926726847,-0.647595035327,-0.96028451512,-2.58927127539,0.328572835438,-0.296063446454,-1.41141847647,-0.881952081876,-0.338862239321,-1.68879635817,4.20166701184,0.49007904597,0.990765355645,0.921651991263,0.132867722103,4.79649931503,4.95781300645,0.276010038539,-0.670547086661,-0.691319081057,-2.06130120448,1.64507066649,-0.557545714378,1.49429247709,-1.13972219852,-0.982259732174,1.65572514748,-0.0202632799837,-2.05661713156,-1.96570867498,2.80216705542,2.47731241901,2.28146539636,1.98051132606,-1.55745214927,-1.81675904751,4.60475524957,4.1515652808,4.03364613082,1.11048695797,4.19677454774,2.09035246293,4.71306197601,1.52909434112,1.09420258123,-2.15279248858,-1.38953520011,-1.7355179836,-1.96829835121,1.55111897579,2.46172361649,-1.98651870215,-1.48326871407,0.960822926147,2.29156755961,0.0484470456829,5.13905423202,5.13669148621,5.13582610571,2.35564270932,3.2899361735,1.61500686633,2.16908510198,-4.6135054283,-4.63203889197,4.13149085248,4.07962580884,4.23628044003,4.44689218912,2.43495678652,0.26872218832,-0.491196397683,0.797446715424,0.124654158908,2.45691977905,3.14855428409,-2.64901438744,2.35927025419,5.28220904312,5.2813504095,5.28082613724,1.11737572167,1.95345804313,-2.30264552329,-0.129871949696,0.674767942442,0.762350459563,2.95868708582,-2.93826692551,-1.6568919858,-1.63228085543,-0.558467740216,0.139313712842,-0.849397101678,0.964032929296,1.45337422988,1.87811498368,1.87811498368,-1.87811498368,2.03986274648,1.08680494389,5.24569050475,5.24375809787,5.24274128553,2.19589551026,0.948995823549,0.504302164576,0.875910512016,1.59039455463,2.1608597506,1.99234889492,-0.181718071348,-1.60441846048,-1.36649569022,-0.888100496076,1.321174136,0.696392546769,-1.64077935488,-1.69029940063,-1.73599222223,-1.62716933348,-2.56285680395,-1.51893666619,-1.50775276664,-2.58869438365,0.873332975451,2.52893215197,-1.16225634377,0.971987411999,0.0078426371603,2.6347592886,2.16526171687,-1.09734528143,-0.414269657086,-0.582063739207,2.1974324925,1.21370885562,1.29798670593,-1.61670184105,1.21032565415e+11,01030334,-0.08056042
670,600831.XSHG,600831,2011-05-31,0.6977780356,-0.237005457911,-0.0300138842987,-2.47257087081,-0.403884478397,0.0734796600259,1.61172588478,-0.320930023389,2.77874206963,-0.691082021961,-0.099801679942,-0.898551305619,-0.416437021162,-1.90598312142,1.53708628948,-1.61271509767,0.297498173623,1.01137808756,-0.437901878532,0.284422923563,-0.943633864166,2.15495999002,0.245523323619,0.879370190123,2.45229322319,-0.190906529043,-1.19037403821,-0.174145650445,-0.0408975456227,-0.266775104911,-0.576332946626,-0.274097042172,-0.301257953429,-0.452204469879,-0.0702084534179,-0.497395622736,-0.879370190123,-0.407546791627,-0.501035391485,-0.107527112867,0.915918199181,0.208272434934,0.593543735736,-0.900677897047,0.656480131434,0.673125922064,1.82683146464,-0.419680329726,-0.742625183445,0.37006552926,0.189267466307,-0.12689179063,0.169559836133,4.43316346952,-2.43641949424,1.63644709636,-0.243309506952,-0.62855099382,-0.21181283866,-0.309029704264,-0.521973722407,1.25142533123,-0.0861940372087,0.672198071011,-0.207019136874,-0.19304791676,-0.251733490745,0.719056466508,1.90598312142,-0.240391794385,-0.251733490745,0.243855733188,-0.0284168115536,-0.0731068102724,-0.0731068102724,0.985332608478,-0.153580572281,0.949313923421,-0.0143440574781,-0.154146323608,0.126152116196,0.185316012759,-0.245086144628,-1.55381417481,-1.75489179687,-1.22029749093,-0.99074574945,-0.40496695455,-0.514875290047,-0.270799191625,-0.133254377836,-0.385721807693,0.0530480155949,0.481124261091,-0.656480131434,0.631812684877,0.989867014848,1.60250105264,-0.841148569408,-0.15927653198,-0.952724931413,-0.364613258778,-0.183622730599,1.3326400094,1.07358312516,1.27211016821,1.28819780304,0.9036577839,1.65182718234,1.24117747868,-1.31026728679,-1.84084121394,0.294468603005,-1.01572027868,0.254847451585,0.861456728159,-0.615318115551,0.880176904224,0.392681390957,-0.364363026115,0.112763271169,-0.212098531678,0.736236313913,0.300600110299,0.987411520004,0.373193495946,1.15948192752,1.30659144121,-0.270137273879,-0.638609599372,-0.969451394441,0.0273939484127,-2.48330049559,1.41472069493,1.35887233604,1.3766912695,-1.61981723631,-1.59678330992,-0.92157428203,1.3990089881,-0.312777815138,-0.117197283875,-0.307319196476,-0.684174571665,-0.924891711904,1.97433152922,-0.461614972405,-0.140836663772,-0.557079566285,-2.23467234348,-0.512178981282,0.242317233045,1.5353835544,1.20389367202,0.675787062105,0.334365615355,-1.63126994336,1.25037865484,1.39797678079,0.340516146986,-1.94103538744,1.17852704607,0.107686023309,0.107529833693,0.117001235746,1.80856269768,1.17707443377,1.66040207421,2.22614375482,-0.306269730519,-1.28768810905,0.707668094108,0.743694515764,0.818980905313,0.564438230815,-1.08259708066,0.384104850062,-0.0805439623626,-0.723431430692,-0.71409353554,0.860457556499,0.997986729146,-2.62961019065,1.81153963829,0.10474830235,0.109511042875,0.102703942333,-0.690918731336,-1.84086258446,-0.889159470594,-0.465877122229,0.529431830981,0.50549573311,-0.128333783984,-0.23744017999,-0.353035752232,0.044853607229,0.345853118306,0.427892118014,1.04541181745,1.78784812737,0.881656625478,-0.246340441401,-0.246340441401,0.246340441401,-1.43926836516,-0.604884403804,0.0260945047203,0.027196612891,0.0332786495218,-1.4430170496,0.347915785544,0.483289497303,-0.327958703117,-1.23789072505,-0.582284205672,-1.42680574819,-1.08334290531,1.38957090359,1.30051703594,-0.181784436543,-0.999981160311,-0.621244467287,-0.261823697555,-0.300268641838,1.4979700321,-0.265427388817,1.71114359611,-0.34973058206,-0.350004105213,1.68065296817,1.80343235741,0.363680776235,2.37628730872,0.348469715465,0.149755071144,-1.67649883484,-1.28269936361,1.51333238157,-0.51350081007,-0.0501329862327,-1.77714644527,0.394966731795,0.508308008469,-0.469682084313,6045695502.01,01030334,-0.00465983
671,600832.XSHG,600832,2011-05-31,-0.374118744064,-0.195097040694,-0.367095511703,-1.41271848392,-0.518746226678,1.06281940245,1.12887992187,3.74670282142,1.65639637422,2.21320424455,-0.32042902587,1.78677443531,-0.282102498206,-1.08095177476,-1.06805848813,1.69559578039,0.401568704805,0.149967954244,0.572499859622,1.05103765344,2.32867184228,-1.22806636744,-0.373887945255,-0.729172578815,-1.62682980505,-0.47432714584,1.17800319731,1.02040606,-0.355211304893,-1.10093583396,-1.06803589412,-1.13401340957,-1.07080576645,-1.1288265768,-0.418943400442,-0.257582525647,0.729172578815,-1.26077999415,-0.193050847967,0.105483302908,0.23785889779,0.103811808425,-0.194238027436,-0.845295958979,0.607930915365,0.104672472863,-1.55175498192,0.0138211653729,2.34499806316,-0.776240155545,0.176090549974,1.36986112682,1.551995866,-0.0686206441649,1.894144309,2.05060872738,-1.11124846061,-1.05663507632,-1.15397526431,-1.06237802202,-1.14477986687,-0.81142962414,0.483888830022,0.875220243886,-0.217419672613,-0.220810139474,0.568149537213,-0.196827336498,1.08095177476,-0.250639542577,0.568149537213,-0.805543197675,0.157241218646,3.37552487172,3.37552487172,-0.891328827628,-0.194953598087,1.38589118589,-0.568000931668,-0.0651816845622,-0.0567574495088,2.68580292417,1.33299050558,1.25596524535,0.741065138404,0.419187242602,0.260935353445,-0.285382397804,0.0245656750384,-0.358994087106,0.100194532192,0.0721727108575,-0.607196242802,-1.17927919575,-0.607930915365,1.70058531324,0.184745440416,1.58195616735,1.99743412022,-0.0869493501449,-1.60123213264,2.37300815691,-0.182848329152,-0.766855372361,-1.04096995539,-0.653069859778,-1.18299585914,-0.748564153738,-0.988832183944,-0.649088479576,-1.41963604624,-0.724991431379,-1.35049393792,-0.976376691386,-0.0149498046759,0.861456728159,-1.09237154514,-2.32547457982,-2.66419220634,-0.707447746288,-1.43527945079,-0.00599648992212,-0.0955891527225,0.195881440587,1.58409442515,2.75666483158,0.515325301121,-1.02572026561,-1.16149561469,-1.50165412818,-0.802027062775,1.24575343812,1.05902697574,-0.869860739147,-1.96887978744,-1.82244444152,0.512298986485,0.793130512298,-0.189482444162,0.423101020575,-1.01694247736,-1.27231997852,-0.940831686104,-1.90908577693,-0.722820897415,-0.726206250928,-0.675405105386,-0.410760020577,-0.806097027342,0.678739060406,0.320485776889,-2.06885953165,-1.59216852864,-1.66226647362,-1.72567434803,0.411205802115,0.720772542698,-1.76528549876,-1.71278945133,-0.780834270745,0.585212000793,-0.489868089636,0.803790410845,0.80787792532,0.804605821152,-0.314986651334,-0.297385176317,-0.5625220292,-0.425259933518,-0.470124184622,-0.486565370802,-0.11058990404,-0.106339832951,-0.0464049100151,-0.111570413347,0.229653362537,0.0771816753123,-0.148817872575,-0.428051579464,-0.752983755463,-0.235201053677,-0.381991320897,-0.289585333481,-0.314880875192,-0.00520306270632,-0.00161542591045,-0.00241302798526,0.866654036145,1.04537620817,-1.14883921723,0.803185330007,0.651618093153,0.725949786391,-0.935001199552,-0.107744690768,0.205463148514,0.615492163329,-0.722889714493,0.427892118014,-0.849397101678,0.634402371283,0.946444693106,-0.0650447883684,-0.0650447883684,0.0650447883684,1.12216581684,1.0043524621,0.381306259597,0.381869073096,0.381850970571,0.903123942941,0.605521516118,-2.2256278013,0.920672772461,1.26944180502,0.823502040625,1.23989927278,-0.779010046223,-1.37638365172,-1.09029214218,-0.265253350085,0.893183660447,0.448491415368,-1.11023631375,-1.14200561546,-1.52139409264,-1.10235877464,-0.51046325296,-1.038637431,-1.04835969849,-0.483205699403,-0.839746080853,0.355606712659,-1.62255586955,-0.913580392571,-1.00437356445,1.53633081863,0.962115689258,-1.01845117622,-0.44807950753,-0.567259544269,0.843636754467,0.40666304785,-1.07104938646,-0.261521378219,24471051832.3,01030334,0.00911458
698,601801.XSHG,601801,2011-05-31,1.89803965473,-0.251205842689,-0.405910971828,0.71429208698,-0.0872963876137,0.373902947631,-0.709303429958,-0.320930023389,-0.352872693927,0.936235392162,-0.795051736184,0.650675083379,-1.16516625302e-16,0.916516253492,-0.821957373747,1.01556502058,-2.57484848702,1.87278822087,-2.82032281902,-0.768812896471,-0.506979885864,-0.171051414177,-0.439304531281,-0.818443075878,0.599623800003,1.85602014783,0.45108386108,-0.257078479475,-0.281542490939,0.334185223804,0.149930837253,0.341862300223,0.307869740196,0.238058940813,0.888647842322,0.00236391958127,0.818443075878,-0.607414529102,-0.228451370211,-1.10302736977e-16,-0.604871948225,-0.709718216628,-0.323864310238,-0.261000127179,0.18934194267,0.726066871931,0.419087111905,-0.165410906785,-0.380865412767,-0.268944722247,0.188599710249,0.622555153661,-0.911216035878,-0.424252915188,-0.406282073447,-0.729380302702,0.333406443803,0.131764233011,0.420433570269,0.321317670902,0.180101484618,0.952155947123,-0.562944785753,-0.593214102386,-0.20732002026,-0.307172386202,-0.153109340764,-0.320565120323,-0.916516253492,-0.301416475145,-0.153109340764,0.488434358866,-0.0021889310968,0.461031508323,0.461031508323,-0.329696069157,4.95890512209,-0.375329421349,-0.445331427192,0.0189027536989,-0.0777078828658,0.0516956584027,1.33299050558,1.18624523023,-0.649206201243,-1.52641682087,-0.762591219302,-0.226707732111,0.78663307016,-0.201673462735,0.568445679263,0.128454769647,0.548114558464,-1.04226464996,-0.18934194267,-0.598446926544,1.33085311603,-1.10942380567,-1.26305369729,-0.265900350708,-0.447640306685,-0.174084939056,-0.318095264249,2.41011688456,4.24156810404,3.93608477275,3.03481307661,2.62931180766,3.70012242051,1.0375234667,-0.960738261754,0.831465068372,0.812327180703,-0.58294081843,0.0224247070139,1.63762071096,-0.534283453382,-0.29160559366,0.724950260228,-0.52595708732,0.0012159950162,-0.160432624753,-0.249214576741,0.178428328968,0.322406144803,0.594549139666,0.837403614321,1.08201904141,1.55908018856,0.427248416965,-0.94486822364,-1.07536979114,-1.78361888304,1.17149672008,1.17573803839,0.919023627762,-0.389773020807,-1.06392205536,-0.739194798563,0.760405404603,0.268021752983,0.558099369222,-0.526094308371,-0.313744920391,-0.136687651962,0.725184719027,-0.132704801012,-0.398491721455,0.212842512368,0.186902152754,-1.56770207874,1.094155016,2.14154517127,1.71977132738,0.460006565665,0.92751934834,-0.589337103741,2.05706279277,0.718103051163,-0.821122665004,-0.156211506099,0.250792451158,-0.401804141219,-0.402221428743,-0.403107497909,1.20947310611,0.190349976585,2.60552202318,0.0856959788271,-0.279526474223,-0.92739038061,-0.0174888139827,0.0161320908636,0.112580520871,-0.0932574091926,-0.673436871906,-2.50107434477,1.97675411041,-0.887970239935,-0.127882937566,-0.23992989323,1.19964288013,-0.404191370798,1.21086918104,-0.362033434213,-0.361722977174,-0.362779682272,-1.28849154598,-0.399523244435,0.341777710719,-0.862111622494,0.400527665123,0.509044497271,0.636090977439,0.120536059742,-0.767568373625,-1.05172630025,-0.0652018173856,0.427892118014,0.316639156247,0.78067266644,0.156623746536,-0.237275658749,-0.237275658749,0.237275658749,-0.873800846733,-1.79997423263,-0.403768735958,-0.403370458969,-0.402872614373,-0.557229123844,-0.0384928103155,0.20958832912,-1.85929919203,-0.677553327946,-1.41903314988,-0.506490652604,1.00886802312,0.689425865774,0.154654411347,-0.491887298881,0.0619941534285,-0.451591133116,0.340331718248,0.32906958597,0.604863110435,0.33923898915,0.695863807593,0.271051245406,0.276367362177,0.404851904052,1.22305182336,0.0666038024334,1.78854124765,-0.476244156626,1.05652795589,-0.780937702186,-0.982929714402,-0.301232038038,0.338444381742,-0.831316738821,-0.379946569069,0.750868920314,0.508308008469,1.0681511654,12175800000.0,01030334,0.09710167
779,600845.XSHG,600845,2011-05-31,0.0830687258623,-0.220585990708,-0.12092377775,1.52793694786,-0.174584539386,-0.100374425098,-0.531885611028,-0.320930023389,-1.24619727785,-0.871784306517,-1.18500932504,1.7454617316,0.604505353299,1.48426038063,-0.283293244204,-0.113196491125,0.339126386096,0.0974429461151,0.487413397462,0.0356169097726,0.200850074995,-0.239025987989,0.072270061523,0.567481391012,-1.72433872206,1.66707306996,-1.0725861828,-0.316487092578,-0.206896637012,2.63613532243,2.6155560906,2.63601686314,2.6492316865,2.60360437218,2.27040294433,0.28610804789,-0.567481391012,1.14516641961,0.136174008896,0.350286318052,-0.340105935301,-0.554880389162,-0.408450952405,2.08377500416,-0.261810528608,-0.687456489528,-0.707108370281,-0.405959214154,-0.340636343483,-0.30269375494,0.183178801019,-0.107301904784,-0.216537481605,-0.424252915188,-0.304997968035,-0.535064742946,2.63585528637,2.48112922176,2.6149311265,2.63031751863,2.59518779483,0.0739755732717,-0.0497416265946,-0.512561458367,-0.200489967378,-0.321771132562,-0.264759321875,-0.513079449555,-1.48426038063,-0.310982506183,-0.264759321875,-0.54771154302,-0.0344089490362,0.00681161239623,0.00681161239623,-0.122000064251,-0.491853117824,-1.39967056945,0.287938978779,-0.444627597543,-0.215975128165,-0.72580631594,0.544425508805,-0.191949879466,0.981330151799,0.780777860524,1.00877520226,-0.0439780589528,0.971584258189,1.23328132319,1.12533974579,0.742713512867,-0.206850254318,-0.322073629665,0.261810528608,-1.77569936032,0.0823069899415,-0.749888313093,-0.264887906941,-0.0743646970914,1.05829674658,-0.355403430634,-0.329346861747,-0.830236365018,-1.05634852325,-0.690818487777,-1.27452155033,-0.840354261385,-1.06020135601,-0.0255090715813,0.087848813356,-0.0274526044099,-1.41141847647,0.479336038551,0.0,-0.829471948648,0.260466538777,-2.58286989558e-17,-1.66738559852,-0.461003643826,0.314456311189,-0.338455369267,-0.790026028772,0.106085505715,0.0741678369373,0.210398076884,0.515325301121,-0.978953642142,0.297956602663,0.0293307265189,3.13645566978,-0.960466231102,0.380547836293,0.192604543927,0.47175030103,0.18714435365,1.08183156362,1.1360014773,0.811839752162,0.698187143172,2.71543307288,2.50395499739,0.459412052752,0.301782369885,0.831976920042,-0.248256125116,-0.672044152209,-0.636212091573,-0.550581871479,1.24009843289,0.670327335171,0.719263951,0.701797959335,0.0755087098429,0.518855791967,-0.548553809168,0.947184109113,0.154268692588,0.11671527712,0.032271363221,0.645054611236,-0.406830116635,-0.464672214353,-0.466177229973,-0.46720892864,-0.784995932858,-0.784555172637,-0.783538937577,-0.717244769497,0.406626956405,0.710358638105,-0.587194081342,-0.593225567336,-0.619884824423,-0.562835963037,0.168867822078,0.124654587565,-0.0418666240646,-0.626804734929,-0.496262449624,-0.545200891933,-0.667404241693,0.820698551845,-0.78544517604,-0.44426567247,-0.446333303019,-0.445660902122,0.724218679362,0.269704431887,0.840133146759,-0.59723904099,-4.44780917346,-3.5129973236,1.32747074883,-1.04350279578,-1.13237904563,-0.878225242857,-0.722889714493,0.427892118014,-0.849397101678,-0.808449611653,-0.641110246462,0.113778651213,0.113778651213,-0.113778651213,0.224278771781,0.0858318150277,-0.423012711321,-0.424217233737,-0.425154281411,0.92706415715,0.433784362402,-0.440767135323,-0.0264024222227,0.0512399322099,0.560592401053,-0.259109954911,0.369738027906,-0.928905902002,-1.25745533299,-0.358231380361,0.154849380351,-0.259930605974,2.63500856856,2.63495369335,-0.194357129535,2.63633049437,-1.1491069909,2.66099113497,2.68269045341,-1.02938197195,-0.828616336588,-0.0857470994493,-1.17179916793,0.140318932976,0.432192527048,0.610666790757,0.459787986723,-1.34837197979,-0.541158337008,0.433519788762,1.11232903835,0.0758243937334,-0.281370688997,-0.890851317419,6157490763.6,01030334,-0.03252944
858,600804.XSHG,600804,2011-05-31,-1.51775042279,-0.778452855681,-0.344623403209,0.858499583912,-0.111026199355,0.289190151839,-0.71098777634,-0.320930023389,0.0959233351,-0.245216806308,0.0172353997262,-0.898551305619,-0.497037734935,-0.377579883918,-0.842192605475,0.86791742346,0.765815563945,0.255017970502,0.710765360633,-0.587902133421,-0.598815841618,0.215308625425,-0.537916624217,-1.33565401823,0.81089312019,-0.348362427264,0.260099266955,-0.306519204474,-0.130492111134,-1.02756756338,-1.06314472106,-1.0584533612,-1.03107953263,-1.10633746516,-0.27457108778,-0.313670623352,1.33565401823,-0.944256158622,-0.532895861504,-0.0248663545068,-0.88578223023,-0.686684717117,-0.0717521754662,-0.728674377856,0.0484308033471,1.01393328683,0.512936735421,-0.0196240538335,-0.774919998187,0.494958374605,0.171038340408,0.439930316215,0.693090001928,-0.424252915188,-0.403311865077,-0.730798664452,-1.00085096552,-1.07239087729,-1.07367852358,-1.00339138692,-1.15468294864,0.346947008951,1.27237379473,-0.593214102386,-0.212485185068,-0.355725520165,-0.210422997734,-0.219894951933,0.377579883918,-0.347113515368,-0.210422997734,-0.158554419405,-0.0187409829956,0.31434579583,0.31434579583,0.204054211943,-0.266165351597,0.268352804346,-0.610438158539,-0.0362145854895,0.358937048574,0.518118839299,0.544425508805,1.19868177347,-0.915130585001,7.08445568029e-05,-3.34517374806,-0.370879767814,0.404743117099,-0.842874189337,0.322140162596,0.8380165045,-0.666921518474,-0.683366354291,-0.0484308033471,0.306373268629,-0.507520214002,1.44841441296,-0.0176072222356,-0.238103479678,-0.902470564056,-0.159118968323,-0.359275200028,0.508687104858,-0.0721201803024,0.0803320556446,-0.0999418467037,0.527318342549,0.0959792313933,0.525058047753,-0.802322687503,3.68352200471e-17,0.111694987347,-0.213111097851,0.0,-0.0255878236087,-0.649901946268,-2.58286989558e-17,1.1804561569e-16,0.719422550498,1.03173123808,-0.265636391753,-0.200504076442,0.202499349082,0.156154801003,-0.101003939684,-1.41714457808,-0.484894362575,0.0615309459561,0.258434851321,-0.839031204086,0.342948741614,-0.267642055853,0.293416946448,-0.253127280168,0.18844086255,-2.03575413927,-0.611977528446,-2.55585624214,0.508787777626,-1.06794081261,-1.07148543526,-0.613024829951,-0.210242353388,-0.214379336774,0.644768716409,0.889626190801,1.82281835997,-0.457442161943,-1.75313719179,0.317994737596,-0.42488225856,-0.0301308558458,-0.116192050306,-0.469191744362,0.404400384706,-0.839928546181,-0.121539557662,0.558959019458,0.876817899204,-1.56395484212,-0.144353765194,0.042530465085,0.0481311206389,0.0438006670352,0.961842810617,1.87742651601,1.11298106983,3.23157714524,0.312325997731,0.112334775032,1.18929109355,1.17526128422,1.06788449822,1.08847190438,-0.420302123921,1.48627210466,1.04210782232,-0.817069176546,-0.527492127332,1.29950156628,1.20802872697,-1.34226300957,0.960064688371,0.0780267509002,0.0793592449665,0.0833036350384,1.65431888577,-0.829553815495,-1.33034409997,0.93590506487,0.620018197764,0.639521874747,0.168230029186,1.46236999831,-0.0723705776741,-0.555706505018,0.839119041136,0.427892118014,1.91993901089,1.2978426386,1.14130346139,1.75368024,1.75368024,-1.75368024,0.0743356616553,1.59801033095,0.136398546024,0.144253948646,0.144277976222,-0.581169338053,1.33540441941,0.675211152771,1.87717160092,0.960901592696,-2.30020061767,0.457999567568,-0.169631532138,0.46526292877,2.68764837246,-0.0925043961084,-0.707442120151,0.405757871346,-1.03295609596,-1.07477081107,1.2352451161,-1.03604782159,1.56922276546,-1.03050522949,-1.08330368019,2.13093569668,0.663674892298,0.69414673475,0.323661043299,0.827553693025,0.865065091044,-0.207673871564,-0.353291428149,0.946729262406,-0.193440343613,-0.569603382024,-0.336542430903,-0.151418318185,-0.281370688997,0.0342018936515,10266390698.6,01030334,0.02868318
53,600477.XSHG,600477,2011-05-31,0.891023465301,-0.329837335631,-0.578795513581,-0.206446447854,0.25582349857,-0.315951656806,-0.766801710851,-0.515777827911,-0.572758164961,-0.621691121938,-0.426922311286,-0.272842544577,-0.208568661002,0.842322179055,-0.293434335616,-0.292249212308,-1.21265449392,-1.26460264371,-1.32146889246,0.541451861515,-0.164284937716,1.01133168941,0.593567698188,0.398906947489,0.746449607752,-0.315094504003,-0.00592792755955,-0.135625642665,0.0564455015371,-0.501999104387,-0.504084035738,-0.495900535592,-0.514465990881,-0.498221116204,-0.342200451951,-0.413043182242,-0.398906947489,0.153297551547,0.0287604552354,0.346061780779,-0.253269989392,-0.313136268951,-0.320366079568,-0.383172711294,-0.580709680808,0.521102493115,0.451588906678,-0.504814950247,0.593265372895,-0.981584443039,-1.2933166339,-0.775127860706,-0.998054993182,-1.02871933383,-0.164071828923,-1.21816339305,-0.483279260953,-0.500494564098,-0.499027991894,-0.521048198729,-0.49516161315,0.421951108984,1.4356000953,-0.794823174861,0.0766970627202,-0.603356406754,-0.0522476623478,-0.346934121728,-0.842322179055,-0.595157750132,-0.0522476623478,-0.241305224491,-0.337799141975,-0.0147402231039,-0.0147402231039,-0.10083332956,-0.44264045113,-0.631580129037,-0.112091027902,-0.155218234544,-0.15633878537,-0.75488890481,1.38129698912,-0.57734989151,-0.869617378001,-0.137804268439,-1.18183624709,-0.0724142463557,0.0242976401544,-0.185044305023,0.215801895603,0.394140749857,0.216244204789,0.104926641914,0.580709680808,-0.18178269276,-0.334269272096,-0.525519739099,-0.623733545437,0.421021419918,0.399516803693,-0.181222016663,-0.491866017516,1.28525732643,2.18993984968,1.15543887036,1.75804596732,0.722066634399,2.69627858909,0.240495961688,0.24618485335,-0.151587712345,0.240475890294,-1.43487458524,-0.938827984307,-1.87074545519,-0.347204378808,-0.481349615314,1.12638825144,-0.267272237943,-0.370229658916,-0.219940726888,-0.464344339893,-0.436322148508,-0.434246317875,-0.291572350523,-0.531923940314,0.22663545444,-0.794720379637,-0.269918662663,-0.246844158596,0.395948853875,-0.235005225496,0.3126231906,-0.18974404672,-0.187534030767,-0.867400969712,-0.4237750161,-0.114334257819,-0.26916078156,-0.508576117297,-0.488324100648,-0.337640605526,-0.566153559116,-0.316372409809,0.0245358965998,-0.479178783136,-0.116227558607,-0.822813425369,-1.0223844232,-0.145722413508,-0.440066937231,-0.21955943409,0.471673945211,-0.326495726556,1.00979021998,-0.797038520233,-0.263251015547,-0.136460797038,0.242699296187,-0.854247348741,0.202888111516,-0.208245694421,-0.20711141637,-0.211990524171,-0.162463301391,-0.237740514872,-0.373480825573,-0.500686827898,0.0814317760288,0.0233151291877,-0.107670539851,-0.099701019632,-0.0826398399378,-0.17541865293,-0.225855233061,0.52920660825,-0.29679767244,-0.621799172531,-0.237884853218,-0.127001716404,-0.317185955299,0.27762266899,-0.164598189047,-0.108715413139,-0.111095457428,-0.107608367236,0.284828503795,-0.705128003774,0.078341177775,0.299906677064,0.30323596392,0.254913866626,-0.506419945083,-0.195109337015,-0.383977484297,-0.705241736903,-0.831123516002,0.213825587341,-1.04515178931,0.39858676406,0.288814780139,0.563324822915,0.563324822915,-0.563324822915,-0.326824093709,0.620456223518,0.156258130962,0.158409091691,0.160895111026,-0.722164756991,0.0370121607133,-0.450517707477,0.756714397166,0.175455724529,-0.322467322115,-0.248870792806,-0.239878921582,0.731479813691,1.46695313691,-0.5384474903,-0.42339537763,0.199736017555,-0.499746480181,-0.495220984619,0.326716259069,-0.504904858843,0.499631680473,-0.526631485619,-0.533315076954,0.855105343181,-0.120525014797,-0.725276916798,0.48639190453,0.459999847434,0.222645015116,0.164433338584,-0.263986063088,-0.368108290838,-0.61063012399,1.33585114704,-0.451004616277,-0.494770067856,1.14042757579,-0.635209316285,3356209922.89,01030329,0.00345224
95,600986.XSHG,600986,2011-05-31,0.442682259444,-0.276896310262,-0.539035994775,1.06689522285,0.148163070313,-0.803971331519,-0.713604342977,-0.515777827911,0.657939104891,0.0421095594013,-0.692858483307,-0.881521025751,-0.695228870008,0.081818843088,-1.03396657617,-0.507211154453,0.724151719148,-0.0841848359055,1.58195004184,0.32279145867,0.135135519165,0.202972726263,-0.374303859355,-0.0799940057462,-0.175749888989,-0.495611149806,0.537944752941,-0.313907073368,-0.0206247737662,-0.57088144328,-0.551395830416,-0.595346331159,-0.544899422615,-0.582141691055,-0.56915593307,0.684662083015,0.0799940057462,0.0475070566255,-0.501207483933,-0.432049573609,-0.326268902933,-0.139695149344,-0.959705723752,0.0723253923623,-1.17249368211,0.075075317424,0.694065364374,2.16176175159,-0.471106649729,0.120977838805,-2.67810180641,-0.924471743788,-0.773373319712,-1.02871933383,-0.168591610538,-1.09801536181,-0.581470634589,-0.524618754176,-0.625801006346,-0.520991874894,-0.583267793112,0.365717826763,1.07954836903,-0.761471130182,-0.165098150673,-1.14598947853,-0.167347479526,-1.64528188258,-0.081818843088,-1.0633084021,-0.167347479526,-0.723728251939,-0.505720738699,-0.198854787756,-0.198854787756,0.797036910341,-0.0277317708396,0.156528430782,-0.046669560729,0.0356929910476,0.745245900248,-0.100698411347,1.38129698912,-0.290471153371,1.08230122115,0.845337662737,0.565844522894,-0.445772718963,-0.224525530815,-0.468081320894,-0.291180167095,1.56003906749,0.345627582657,-0.42339991685,1.17249368211,0.881670676864,-1.00986715435,0.924249613656,-0.611874914704,0.756190975388,-0.389770061506,-0.417744082325,-1.05431871119,0.906677142908,0.318722231103,0.250214768386,0.862520895724,1.70202356503,0.248546117639,0.779160419008,-2.32999981881,0.0,-0.260207245395,7.07524537002e-16,0.0,0.0,-1.40813480643e-16,1.29218272646e-16,-5.33335268292e-17,8.24238019279e-17,3.70922870209e-16,-0.433544784734,0.626044291935,0.828020440919,-2.29059732816,-1.34513539337,-0.531923940314,0.018085709312,1.58399887025,3.29537915337,-0.0973051474219,-0.0618724477726,1.19723134564,0.278014740446,-0.383514547647,-0.190338887575,0.519341727828,1.10579621539,-1.42018153606,0.395393334911,-0.550178503183,-0.684974379585,0.984534630971,1.73467147199,-0.286914872935,0.333091508923,1.00939063392,1.99656872659,0.211387190387,0.969531614213,0.800519096019,-0.410871889284,-0.203195969533,-0.742519624135,-0.8765692455,0.526012546799,0.980860645709,-0.667594320238,-0.317836849622,0.921641855802,0.780406089548,-0.571268280639,-0.27805196373,-0.276594799145,-0.285705480103,-0.483873578428,0.461452071218,-0.118729785044,0.619575856466,0.583209301451,0.907896260189,0.145999625555,0.0580542742387,-0.199442445193,0.482469120284,1.61044544281,1.67377297486,1.1169825888,3.08391536664,0.0769239102965,0.670745885285,0.0345758726197,0.337065916674,-0.480283147001,0.3299924479,0.298086012289,0.324258780067,1.83221896994,1.2990619732,1.50059772106,1.69005477694,0.325845238672,0.300523804099,2.2506767198,-1.15890503894,-1.12042008317,0.131656372678,2.28968675676,-2.0337189196,1.85430156168,0.484534329579,0.842241984541,1.88429877685,1.88429877685,-1.88429877685,0.882220094358,1.21893628362,-0.246638124424,-0.243724315521,-0.250922416747,1.58633793142,1.38096484084,2.37480556274,1.19130476391,1.41862010782,0.389487457977,1.2372840907,-0.275677727009,-1.10019005548,-0.265064839835,-0.405026873234,1.12793792936,1.20596180056,-0.57883081532,-0.598536615143,-0.461203597487,-0.573091615709,-0.492417556138,-0.509918340279,-0.535918351965,-0.531465275485,-0.51816990009,-1.21628650611,0.368071867017,0.213548151032,-0.20144252655,0.870404225953,1.30237255694,1.46725565395,-0.35856184505,-0.318151163096,1.56149933936,1.3592782112,0.366157649856,-1.93343286983,2843087123.84,01030329,-0.13915094
107,600039.XSHG,600039,2011-05-31,0.213761107209,-0.232124330529,-0.754400054973,-2.70944835875,0.125137751526,-0.00412364868542,1.60938402481,-0.515777827911,0.0105046609163,-0.498132917977,0.0,-0.881521025751,-0.976979517327,0.0391079141869,-0.414185360913,-0.227596257747,1.66346117012,1.15131913626,3.0148874038,-0.315412481339,-0.313198835154,0.0953799598404,1.58415028713,0.767213158569,-0.738650880507,0.10267259057,-0.0412607235085,-0.150859852678,0.0968653167915,-0.483949278024,-0.576273991557,-0.547406432946,-0.421899394777,-0.607782677833,0.181434144291,-0.581106074686,-0.767213158569,0.186012817789,0.416541874139,0.181903267195,-0.135229193028,-0.368437357046,-0.0583200842132,-0.53075132595,-0.758689831574,-0.220790861056,-0.336459580834,-0.77701515861,0.635047363517,-1.00106852874,0.132854922626,-0.889813880625,-0.735097901887,1.26496665596,0.451625316456,0.907188116062,-0.516193649474,-0.584235143033,-0.565146160488,-0.419820185644,-0.662010560638,0.925302298576,2.36593715565,1.43915185454,-0.171645502169,0.930328923115,-0.042585998862,0.353093667116,-0.0391079141869,1.74220262194,-0.042585998862,-2.86109590108e-16,0.00822808853352,-0.039122962747,-0.039122962747,0.766181097716,0.102161549444,-0.112166444355,-0.338954193849,0.0145712860317,-0.207864357675,-0.882052103717,2.94463973516,-0.492594839751,1.69948499924,1.93837763456,1.8611843877,-0.177957277482,-0.292003000908,-0.151555192459,-0.237538194009,3.46633505759,-0.352596508249,-0.382577077066,0.758689831574,-1.01999073062,2.45783409747,1.0645498736,-0.807746780953,-0.423767387361,-0.195001261069,-0.249835729107,0.472117127272,1.8365232077,0.492939043867,1.43993787384,0.756272158416,3.14379927907,0.177391103934,1.14568741686,-1.40956061256,0.0,-3.17639968734e-17,7.07524537002e-16,0.0,0.0,-1.40813480643e-16,1.29218272646e-16,-5.33335268292e-17,8.24238019279e-17,3.70922870209e-16,0.139211390949,0.809947819481,0.196332088371,0.0944063974731,0.384658070862,1.35780584764,1.92704105021,2.12296410463,1.95493716546,-0.522649553377,-0.404525609526,1.57964825324,3.07055864937,-0.489370654635,-0.219509398379,2.76559881557,2.82688153054,1.68339949519,3.4619462077,-0.524017987067,-0.596075852378,2.88128234851,3.28033218318,1.0703298216,3.58684138053,3.07427901896,3.6302674515,2.59239304263,2.76616919202,1.87460475156,-0.741833234937,0.711167894583,0.159229567109,-1.17887143926,3.49086611706,2.75193748177,-0.935320819245,-0.265235194621,2.09249284535,4.16753189187,-0.768879028706,0.421718182208,0.389107882825,0.365215358636,0.109027206772,1.23897552254,0.980364885385,3.00955820595,0.907196765985,1.41526901286,0.691379765307,0.535041527267,0.0296433407946,1.3670082689,2.51821764422,0.714088562571,3.32152130125,2.13432041846,0.410692827884,1.88743446728,0.832816173978,1.44648213237,0.104044609468,0.659634344156,0.614947811326,0.644996418673,2.29540918975,1.51714658191,1.81913410714,1.41598350009,0.331264188284,0.302708385536,4.27154487369,-1.56713433521,0.239286599922,0.470420758474,3.79975624358,-4.28126342654,2.43419223187,1.36768941608,1.78129339259,2.57728069078,2.57728069078,-2.57728069078,2.0072815816,1.26074824318,0.205915933829,0.191537261213,0.180844984008,2.15229342923,2.15904270828,2.78060440698,1.07278011843,1.77745290417,2.47995616934,1.99447314964,-1.46592493205,-1.65536922579,-1.96834993708,2.85063833561,2.42445112657,1.23483533012,-0.500899593209,-0.569665320515,-0.238412465633,-0.484102587074,-2.43044563137,-0.378300533609,-0.360019469386,-2.49153892491,0.182840407335,2.49676519912,-2.00306821371,2.15772523662,0.734530811071,1.21276024599,2.11209506657,1.89623125051,-0.643814613347,2.46094517301,-1.78889369792e-15,-1.95109676604e-15,1.91469750172,-0.853957565007,2954880000.0,01030329,-0.02057613
121,600291.XSHG,600291,2011-05-31,-3.34934986983,-0.579261188269,0.56429065209,-0.570754897428,0.0291929973251,-0.259657564603,-0.319570120195,-0.515777827911,0.525783693364,-0.835042375023,-0.922988382518,-0.881521025751,-0.976979517327,-1.739823008,-0.921466606477,-1.25656446679,0.699214300095,0.293548862592,0.887382150226,0.519526563669,0.678233262763,-0.225325624138,-0.859705616588,-1.12678610009,-0.247609590034,-1.13128762396,-0.898711968056,0.296284798001,0.189653092103,-0.285732884683,-0.231366424867,-0.320442653094,-0.238947054126,-0.299786040228,-1.36582423812,0.493190554591,1.12678610009,-0.0260534495535,-0.562606208593,-0.120148397799,2.11531177976,1.26144578093,-0.668738264027,-0.695195306751,0.602858321792,0.890489634622,0.00704873423535,-0.664932719872,-0.349649551294,-0.120335195538,-0.562925845118,-0.567270702155,-0.378887974435,-0.205966572162,-0.214329595716,0.235553158828,-0.309423419153,-0.241481551801,-0.359719908486,-0.23400785282,-0.299930202217,0.31206703083,1.1040524795,-0.102997734309,-0.180629077478,-1.2413845115,-0.231198472998,-0.510393113077,1.739823008,-1.23702425498,-0.231198472998,0.434911668684,-0.507916475642,-0.197859573893,-0.197859573893,-0.191705393115,0.154985318427,-0.0620226824453,-0.568871287031,0.0871764588895,-1.4526378472,0.808656998731,0.600094525148,-0.947977089345,1.88224330246,1.98887132891,1.65557488535,-0.515694977084,0.0453843495586,-0.539650795327,-0.261088328535,2.63742481744,-0.491646460325,-0.15528604007,-0.602858321792,0.341943474803,-0.930731779612,-0.619053245728,0.77149569807,-0.0704259885227,-1.38553178036,-0.385389648815,-1.08259637694,-0.122795285965,-0.662053900013,-0.422237421652,-0.640139817637,0.220824296317,-0.441657515298,0.648607072868,4.97271435304e-15,0.0,-3.17639968734e-17,7.07524537002e-16,0.0,0.0,-1.40813480643e-16,1.29218272646e-16,-5.33335268292e-17,8.24238019279e-17,3.70922870209e-16,-0.246827047028,0.088814302017,0.216615659324,-0.243584682831,-0.260976991678,-1.16183386963,-0.0489302759329,0.83273176988,0.788888677385,0.027970911608,-0.200417662624,1.72579484213,1.10185497341,-0.235196386444,0.0609762824214,1.99105653378,2.12044062817,1.34913769189,0.843774326649,-0.265542144211,-0.435762861582,3.94286833894,3.75600899649,2.44659198004,0.613997234805,3.48118164431,3.02058156758,3.37914295136,1.98335099251,2.13669928519,-0.672000699501,-0.191608867603,-0.619277674995,-0.928982410443,1.05371573156,1.66309363341,-0.838668471142,0.0657132739989,2.37141077348,1.30541946358,-1.02512153719,-0.529941326654,-0.534861474751,-0.54058785703,-0.6796275744,-0.112709591416,-0.507445855933,0.184724077225,0.491145143392,0.734118985834,-0.295872760611,-0.345759078268,-0.462096924425,-0.0537773680932,1.22352183846,1.38772123855,1.49446783135,3.79794159507,0.355447989979,-0.132026947164,-0.422055032563,0.510408617732,-0.679216773126,-0.500879716717,-0.519803629052,-0.508389876598,1.82771299369,1.65397873983,1.01836234253,1.86695629124,0.314552568941,0.300280436573,1.6970414219,-0.63812845733,-1.50631937757,-0.324985567193,0.578274671697,-2.64668560331,-1.04515178931,0.22201421449,0.77581996341,2.13987693267,2.13987693267,-2.13987693267,1.35102578304,1.14582720642,-0.496900648393,-0.500998529468,-0.505849669208,1.94378350898,1.31023048925,2.58414863087,1.05919916947,1.2956697842,1.73698104283,1.41630003435,0.0127311298717,-1.47593592061,-1.58881070099,-0.144250212606,2.07376968973,1.65913128958,-0.297457509065,-0.324437697177,-0.809393115,-0.290205549949,-1.935956693,-0.188479805914,-0.187292883679,-1.85270010584,0.369452414379,-0.215298695994,0.718292649088,1.83774930144,1.61700358025,0.994709430295,2.0317425012,1.95596202978,-0.209369419591,-0.538402628766,2.38325836048,1.91988617425,0.623989535191,0.532312077396,4227840000.0,01030329,0.13169846
135,600539.XSHG,600539,2011-05-31,0.169141791616,-0.220980169559,0.314137012936,0.533991858793,0.156510167953,-1.15582414446,-0.763284529504,-0.515777827911,0.578518785464,4.38631211788,-0.0248477061817,-0.881521025751,-0.823297346062,0.428896974061,-1.30736213016,4.51088087813,-2.92502393551,-2.7597985336,-2.34767730889,0.971069184177,0.524541379311,0.543086462504,-1.19250599683,-2.49764650865,0.686566523548,-0.489164126742,-0.193317934646,-0.399548037771,-0.148190184842,-0.325605586872,-0.302525095603,-0.305213423684,-0.348088122067,-0.280774372469,-0.562890910884,0.0525247188136,2.49764650865,-0.0163983180022,-0.52221231079,-0.589641746649,-0.874537338677,-0.435957128584,0.1379953103,-0.693077144652,-0.152444943025,0.984507350976,0.37076342078,-1.70929263933e-16,-0.525922917995,0.252451534184,1.56189884793,-1.13079855513,-1.35933517079,-1.02871933383,-0.160500099061,-1.19353677795,-0.30706450866,-0.306738173797,-0.299503723578,-0.353681921983,-0.238854939822,0.31846617503,-0.402418224993,-0.790539426004,-0.170275126275,1.75525625489,-0.175748926036,2.38451853693,-0.428896974061,1.7073915936,-0.175748926036,1.09875874064,-0.337150876782,-0.158051019373,-0.158051019373,-1.27165883499,-0.0361777490644,1.1958288545,-0.416650862047,0.0832743483167,6.36350768763,0.829109565987,-0.182045756911,4.88743842203,-1.40441011775,-0.739273274672,-1.34889396775,-0.473477764634,-0.386893193227,-0.514263887414,-0.459956131193,-0.145383760625,0.351576243708,0.16787282713,0.152444943025,1.10137718899,-1.11441949043,-0.665819999043,-0.966816000098,-1.11308597915,-0.852781826228,-0.339089338791,-0.618991488524,-0.0895864979364,2.18348737513,-0.0795454401901,1.70492159867,-0.207202868786,1.11663728484,0.323069571265,-2.32999981881,0.0,-3.17639968734e-17,7.07524537002e-16,0.0,-0.676608654419,-1.40813480643e-16,1.29218272646e-16,-0.434865283661,8.24238019279e-17,3.70922870209e-16,-0.462370022192,0.31326348918,0.56819755585,-0.0979885251618,-1.42049851386,-1.16183386963,0.130112430915,-0.177168266685,-0.747221370083,1.01309628489,-0.52139478398,-0.386023367351,0.518682698409,-0.268986612685,-0.331984156379,-0.98901218545,-0.84175287835,-0.348333770097,-1.11941074022,-0.340748144427,-0.263660547224,-0.402468791588,-0.624353804875,-0.409987690766,-0.323523318972,-0.848876086403,-0.686861243526,-0.881767136979,-0.922446888331,-0.690005284937,-0.27911556339,0.0655186538463,-0.160158019395,0.38981752766,-0.91924576877,-1.28415287345,0.0305963741915,-0.107256912795,-0.273268404141,-1.04275762993,0.52427702046,-0.70014872267,-0.697193567597,-0.699857860709,-0.859685924979,-0.81778316832,-0.789717379646,-0.795503028257,0.34083695994,0.325175832083,-0.695753714818,-0.681715630085,-0.609590126706,-0.74839676688,0.0462281190134,0.939255051435,0.0750859754101,-0.479395258009,-0.225064224593,-0.813770614491,-0.663771113966,0.240936383052,-0.860486877071,-0.521921340117,-0.524293158752,-0.520995127128,-0.428785369553,-0.426413823595,0.316120730822,-0.596440029814,0.193305964891,0.151880645666,-0.29746478661,0.967620331641,0.0651578811168,-0.199778417471,0.477603372576,0.418147815245,0.984465556381,-0.109205485282,-0.228308890445,-0.331198722456,-0.331198722456,0.331198722456,-0.948711031897,0.0672518355899,-0.735846077034,-0.734942768338,-0.736589907523,-1.02003607162,-0.52886265197,-1.06855818302,0.225822755975,-0.287201789547,-0.662177945135,-0.700442542542,0.130289697264,0.93664397725,1.04963384798,0.229731820077,-0.581454053991,-0.47550324321,-0.320107943535,-0.296900956671,0.493496111995,-0.326430195615,0.809839026906,-0.371180647913,-0.374799812209,0.983357075797,0.53099320509,0.194141917248,0.576130223369,-0.510087771861,0.231529930947,-0.136586033927,-0.582091334728,-0.302947440728,-0.625856411633,0.94498715268,-0.542848271578,-0.171409988855,0.366157649856,2.7692635172,2260900000.0,01030329,0.37741607
138,600552.XSHG,600552,2011-05-31,-0.776704430275,5.65568901676,0.241244561792,1.35909446232,0.145764190386,-1.23210116573,-0.269889933668,-0.515777827911,0.118516295338,-0.0747698227239,2.63264910399,-0.881521025751,-0.976979517327,-0.564650459405,0.585779108761,-0.708658072197,0.167216026979,0.0653347530832,0.0614095223673,1.01788265796,-0.0400573013504,1.48240334625,-0.247066236702,-0.0619902105118,-0.690744413144,1.48362493096,2.59229446026,0.0718890018495,0.68369939703,1.55382912804,1.6177404611,1.51469289682,1.55513399707,1.50120435941,-0.393331116887,-0.57857071797,0.0619902105118,0.0759241507277,-0.300853750833,-0.510845660129,0.135022103911,0.24244985022,1.01221230149,-0.658680323652,0.186829719374,1.28215585583,0.694065364374,-0.0158399153136,-0.761165832348,1.08249991472,-2.56326773895,-0.975153242387,-0.82934490474,-0.13969375639,-0.200851092492,-0.23757635549,1.57495981069,1.62220905375,1.51741663716,1.58551956724,1.44016685204,0.333154957534,-0.774593655947,-0.654377408734,-0.0662026902834,-0.679853079228,0.0804951925005,0.0117318015449,0.564650459405,-0.743494802631,0.0804951925005,-0.0433880850249,-0.392797124464,0.0215850828949,0.0215850828949,-1.01667453725,0.0426756510856,-0.018501681543,1.01960714992,0.131435573558,0.0763917737368,0.535190497869,-0.182045756911,-0.339995482902,0.231426497959,0.53940527932,-0.469913345198,0.155822558454,-0.365806483823,-0.183153790604,-0.393230750038,-0.169559756173,-1.24972895306,1.54636794606,-0.186829719374,-1.8440440072,-0.409558659259,-1.20363766216,0.0886021351574,-0.012679908484,-0.0373431399986,-0.0227968594735,-0.556917051217,-0.786971046528,-0.894342983698,-0.842520040426,-0.00264739378675,-0.725341016017,-1.13897664961,0.296805920739,-0.332355604757,0.0,-0.260207245395,-2.93885880308,-0.697500572911,-1.51952874908,-0.99519677011,-0.777444434391,-1.15544383832,-0.440216090063,-0.330137944515,-0.646631797962,0.0120671606001,0.115197804557,-0.288650160205,-0.453977138029,-0.531923940314,-0.561052431834,-0.592974960021,-1.24058854097,1.57956194311,-0.431482957224,-0.532169956242,-0.245487792908,0.794358914008,0.886165155335,-0.444493809449,-0.106292302574,-1.51659800177,-0.142052336884,1.63904286533,1.40818185192,-1.48514693762,-1.46052256471,-1.16622821665,-0.581910246332,-0.137493829664,0.768013966722,-0.753348472173,-0.0202717673342,0.4600636794,0.953610980815,0.764327041604,0.191341905969,0.0313961875978,0.0296779582249,0.205843971684,0.42382440623,0.499871909187,0.0988964716874,-0.0969011736099,-1.18581599166,-1.06508960291,-1.06279911521,-1.06710429799,-1.04976023742,-0.948497200989,-0.989043307475,-0.897367037165,0.506375535213,0.478619567825,-0.867664675636,-0.853081092289,-0.782088829055,-0.909648102488,0.0491248695744,0.0263467638342,-0.537666244354,-0.143035384794,-0.206555540438,-0.905853842272,-0.830645476994,0.593296695023,-1.05035287952,-0.718060217928,-0.725815114404,-0.718205664183,0.515427873411,-1.40122037928,0.619229514359,0.313425769289,-2.35011537477,-2.15363154647,-0.37554023458,1.16762507751,-0.0879015156569,-0.257427836162,0.0749181760903,0.418147815245,0.404574886184,0.00276022081954,-0.173719132188,0.0207689092736,0.0207689092736,-0.0207689092736,-0.568037565237,0.00403908017146,-0.821228482307,-0.820904145604,-0.824288358998,0.365065541424,0.956558731324,0.849439386703,0.0455665243143,-0.1132498502,-1.76756150912,-0.364182864613,-1.16605036536,-0.784404388245,-0.551185380496,0.0356654679818,0.223871103981,0.153861664607,1.54669968283,1.49730796031,0.559957256395,1.54896081849,0.410562244369,1.55599226844,1.50668519456,0.414693733063,-1.05599297344,-0.645573918727,-0.91067294398,-0.435726581709,0.963914498284,-1.13294687016,-1.54900742339,-0.889395091724,-0.493567212426,0.438382463663,0.201568724023,0.482339736081,1.14042757579,-0.246525573198,2687490000.0,01030329,0.04614715
146,600585.XSHG,600585,2011-05-31,-0.145527763513,-0.100407860787,-0.504246415819,0.570558892968,0.155636695194,1.25037988039,-0.426294591693,-0.515777827911,0.845371058741,-0.47661226984,0.0,0.579307329067,-0.0292727945266,-1.29363893521,2.43211147454,-0.124407220099,-1.44198420868e-16,-6.82566160887e-17,-1.0854803849e-16,6.5789109434e-16,-4.42052507012e-16,-8.3679135948e-16,-0.988525565199,-1.40455894085,-8.31044735861e-16,3.54667231157,-8.20883445597e-18,0.775544810331,0.0496416968579,7.36514529337e-16,0.0,4.76277215163e-16,-2.49933585787e-16,2.25594562808e-16,4.47802677883,-0.47305820149,1.40455894085,0.0226381603453,0.46339879559,0.79913927827,-0.321609397813,-0.319053837613,1.46882087534,-0.707744418053,1.98554161806,4.94694945116e-16,7.01049339229e-16,-0.264638295809,-0.840364775454,1.52576286433,0.333435266637,2.49090313513,2.71883603602,0.346037490918,0.209699412208,0.164658357787,2.45044841427e-16,0.0,2.36126781245e-16,-2.50128075369e-16,-2.1629078962e-16,-1.26724231493e-16,0.0,-0.509953875811,0.0463965290519,0.105610029143,0.675737677691,-0.161938013935,1.29363893521,0.107780734242,0.675737677691,0.810129578922,-0.0693127932412,1.06705724596,1.06705724596,0.770589070948,0.218584990663,2.23749455001,-0.266215199733,0.0376477163845,-0.242100769797,0.119248715663,-5.20593614885e-16,0.036872585727,0.0,4.94640547643e-15,2.85340504489e-15,1.38539887107,1.66695230274,0.133912484808,0.889597411188,1.10969496233e-15,1.03192819765e-16,-1.46201473096e-16,-1.98554161806,1.04106559743,1.26921491635,-1.0165706489,2.26995256561e-16,0.171865256395,-0.214677393082,1.57093790845,0.165527698656,0.0,4.4773036298e-16,0.0,0.0,0.0,2.46868545415e-16,0.0,1.37639163216,-0.248147631029,0.240475890294,1.012286176,0.756094868398,1.43069158224,-0.932858101031,0.35386124227,1.366581103,-0.154352040873,0.648099886878,-0.555502684025,0.562329683966,-0.0519001847252,1.14304539021,0.786716365025,1.35780584764,0.0,3.25555828445e-16,-1.60676911914e-16,0.0,0.0,0.0,6.62467210463e-16,0.0,-3.11401660902e-16,0.0,1.74980635918e-16,9.02054327369e-17,0.0,2.5975635397e-16,8.60926846483e-16,-2.57307544851e-16,1.93449791101e-16,1.19128280245e-16,1.7836874988e-16,0.0,0.0,1.7523900406e-16,3.05813477315e-16,2.93293068779e-16,4.98182738689e-16,-1.96401028261e-16,2.4089093228e-16,-2.93890416732e-16,0.0,0.0,-2.24371484054e-16,1.92420324601e-16,0.0,0.0,2.41090112547e-15,2.53824410121e-16,5.07024048252e-16,-5.06073879725e-16,0.0,0.0,-4.26488100579e-16,-1.11386167382e-16,6.43217384255e-17,-1.18727630889e-16,0.0,3.33109189939e-16,0.0,1.97851742633e-16,0.0,-1.30298085317e-16,-3.45501078096e-16,-2.34508999443e-18,-2.64567975641e-17,1.09638122018e-16,1.51229046695e-16,0.0,0.0,0.0,0.0,2.17084546576e-16,-1.78665663793e-16,-1.58347061615e-16,0.0,5.22627463241e-17,-1.27552847259e-16,0.0,2.03955670577e-16,-7.45916015598e-16,-6.65658235508e-16,0.0,0.0,0.0,0.0,1.62280554676e-16,1.49277848586e-16,2.02677680845e-16,0.0,8.1071072338e-16,-2.00299738175e-16,2.74678107693e-16,1.75612139661e-16,-3.50909066828e-16,-3.50893924786e-16,0.0,0.0,-7.65633088037e-16,-1.71339570823e-16,0.0,0.0,0.0,1.24493838808e-16,-8.36362054245e-16,7.85228415845e-16,-1.12217152292e-15,-9.99318802605e-17,0.0,0.0,-4.69434523333e-16,-2.32033625015e-16,0.0,6.81978887955e-15,0.0,-2.52696468347e-16,0.0,5.84934186253e-16,9.14384214054e-16,0.0,7.87668507532e-16,3.39414645254e-15,-1.63903206581e-16,0.0,0.0,1.39851707309e-16,-1.26491890189e-16,-1.78889369792e-15,-1.95109676604e-15,0.0,0.916471894505,1.26335373483e+11,01030329,0.17389644
147,600586.XSHG,600586,2011-05-31,0.21169068064,-0.231628477973,-0.539035994775,0.395512186267,0.160569715276,0.0210465893992,-0.36474391812,1.49324275437,0.516253255032,1.10849477917,-0.467577350206,-0.881521025751,-0.567160393954,-0.309628893637,-0.336911051688,1.34617354298,1.78814826538,0.930974478807,-0.326547317991,1.71415900848,1.2691108665,0.54628974977,-0.91550587612,-1.13810277138,0.399127719369,0.194220318084,-0.785142266792,0.381102291592,0.0478636991194,0.409489485573,0.242018892118,0.373613390053,0.415392833154,0.282197050439,0.22751237198,-0.383313519929,1.13810277138,0.0194050777828,0.0352234788837,0.319796418606,0.138128440658,-0.170441458479,0.688379541346,-0.71451187935,0.672938006156,1.74466955051,-0.0131576372393,-0.482644797529,-0.458669040391,0.0933315009914,0.284524085534,0.292064263426,-0.10062071601,0.167424170361,-0.127134556728,0.273612473072,0.447786849213,0.206910729735,0.368603488268,0.394580230659,0.248736543952,0.785555547492,1.52258268628,-0.355126952803,0.406653125329,0.213302892298,0.311114899183,-0.0938086495618,0.309628893637,0.288825224667,0.311114899183,0.232871255479,-0.141939406619,0.43708687069,0.43708687069,0.241971357955,0.196632728294,0.674996006748,-0.420934292453,0.0540861547029,-0.183288904883,0.136383665057,0.600094525148,1.59829819486,0.493579801759,1.09632102583,0.0184092228849,0.332607135589,0.462901195761,-0.12211718222,0.203372657937,1.07169332795,0.28725634609,-0.64068277377,-0.672938006156,1.13830265321,0.645119824209,-0.860681471187,-0.442991656331,0.339046215388,-0.621400476348,0.475349849575,0.0740593719556,3.23129230488,1.7511715805,2.51974090976,1.68974320762,1.23457284525,2.42588953701,0.154351857955,-0.346539177278,-2.16571401621,0.0974235658115,-1.08819347739,-0.325051934656,1.43069158224,-0.959810221436,-0.425482668319,-0.434865283661,-0.275364480863,-0.78517890297,-0.38455480717,0.404491223317,0.0891189276174,0.415064601864,0.221675438607,0.727895918325,1.55995348924,0.222217287845,1.44840002903,-0.693232961819,0.287439049259,-0.478582873648,0.468560115429,0.504002191168,0.38662015783,-0.101780891297,0.53198290393,0.870901188669,0.924793455004,0.380545102049,0.356654158905,0.0700451056246,0.432953836076,0.403692517154,1.04689512323,-0.488099112145,-0.176417965642,-0.83665413109,-0.141729012557,1.56821138754,0.343880397319,0.768661148433,1.5244379192,0.46817256212,0.720042951138,0.444625517378,0.369915333869,1.82695880325,1.69342304652,-0.809996396371,0.198545018152,0.126935789027,0.126599342778,0.129293267463,2.71354409942,1.68144130684,2.85088140813,0.846448229892,0.581056076805,0.0030648494792,0.770068141492,0.783722820837,0.599547804879,0.537972542756,-2.32305271486,0.70983418711,0.329647334357,-0.509414829087,-0.242979388708,2.45336997417,0.926555220337,0.261859030501,2.7124141945,0.107084914305,0.123147521811,0.115610458253,1.17954641384,-0.776441180543,-1.05610386688,-0.455641405764,0.313724407913,0.268316259426,0.254666410746,-0.770317191318,-0.990256828256,-1.38949608041,0.678945970818,0.213825587341,1.12943822393,0.961338681148,0.725801761263,1.58417699959,1.58417699959,-1.58417699959,0.215861113738,1.17056801089,0.286843422236,0.286649875528,0.291562519693,0.0523006610579,1.31023048925,-0.648320399557,1.2480978232,0.163616063735,0.0149735194587,-0.536747783263,0.375498899357,0.206716260061,0.625536546437,-0.960946111007,-0.73321198585,0.667565232976,0.403429298635,0.352656925526,0.934062440277,0.400835434314,-0.501631635735,0.413779601644,0.415557326262,0.0710758834115,1.86072672402,2.71307065534,0.177268637583,2.23255755834,1.61518838239,0.208132080253,0.296622837711,-0.313807582413,-0.0997228280672,-0.442444014531,0.30630271691,1.40497039627,-0.236224352518,-0.0601331407777,10983301128.0,01030329,0.0666214
161,600720.XSHG,600720,2011-05-31,-1.07542450302,-1.46799926051,0.554350772389,-0.0606804229156,0.199259859226,-0.0531083509062,0.268458636259,-0.515777827911,0.678270706665,-0.645623566849,-0.21469554848,0.579307329067,0.585455890533,-1.04069071551,0.0838927841689,0.113749426083,-1.05471750659,-0.973432917786,-0.902225210135,0.590931925573,1.11302999004,-0.591630944499,-0.563484889379,-0.400461560918,0.686566523548,0.0311106345549,0.330995519525,0.547443395528,0.117821983469,0.737855354306,0.743630863785,0.74577768376,0.746417959547,0.757526843951,0.0917028587903,-0.548979979313,0.400461560918,0.022625555735,0.416541874139,1.03224436756,-0.0234010701564,-0.241585349449,1.13403301505,-0.726741268071,1.95439509168,0.611555556717,-0.033364008714,-0.0786553480128,-0.555585522375,0.330914473883,0.227703776304,0.0624221623158,0.316332796615,1.80242302777,0.0907189171428,1.41315311718,0.719558168685,0.698636509779,0.744642264176,0.740155122457,0.826297149305,0.247722458805,-1.48478578786,0.0885470360515,-0.0180111379918,-0.525609107482,0.504768241225,-0.107766302716,1.04069071551,-0.487128204121,0.504768241225,1.32553879628,-0.278618803404,0.61722057989,0.61722057989,-0.135079890825,-0.148523821485,1.01890652475,-0.279085321647,0.0360580199125,-0.233314639693,-0.0740116390992,-0.963248220886,0.243022640362,0.549006500277,-0.0605786182563,0.527292741203,0.604380440738,1.03224234967,0.00319691640951,0.733904855159,-0.0302041952681,0.535612944985,0.334061291029,-1.95439509168,0.751200703276,-0.133149204556,-0.884064847844,-0.100318119972,0.290587966405,-0.661499935261,0.840173979159,-0.466316898465,-0.488091954274,0.34453212929,-0.454566853865,0.232617667396,-0.511327433465,0.582974682052,0.223871807896,1.44581648713,-0.117507741044,0.168949728053,0.726784087192,-0.742950568724,-0.676608654419,-0.83760613668,-0.459933952299,1.18643646433,-0.298861681633,1.39781494618,-0.441106562273,0.462413594197,0.0108822967972,-1.04263026242,-0.318670227989,0.0979859890053,0.386173508866,-1.01230046882,0.551684572637,-0.454069576398,0.40570145202,0.274072059142,0.270854371449,0.401136369688,0.135024502153,0.757047175564,0.273169971408,0.84273458071,-0.516628425263,0.736483124846,0.747252744371,0.0498455959689,0.229122292857,0.316897569719,0.446715986657,0.156429613004,-0.515224418258,0.543539464992,0.695938624692,-0.207968626925,0.25161170592,0.516796470989,0.0403271232201,0.603176168791,-0.879253177859,0.495110758468,0.480613344687,0.153064951498,-0.498433022407,0.646490344342,0.219174711631,0.393883460395,0.39570555918,0.39596566646,-0.0831626768081,-0.241648991623,-0.402385836156,-0.435179083912,-0.150993598117,-0.0549374773466,-0.506778803948,-0.489121258298,-0.359932076716,-0.542073078953,0.367789038276,-0.666635985364,0.306618556164,-0.509279643853,-0.208475264997,-0.686351808704,-0.597653376045,-0.147307702352,-0.0838500578762,0.0172658113333,0.0121118845721,0.0160847649815,-0.493236922765,0.46124357301,0.324200423898,-0.896640372611,0.220529963518,0.263531940185,-0.493227490713,-0.454731285891,0.856086552436,0.0555377668586,0.0749181760903,0.418147815245,0.404574886184,-1.0335803226,-0.859990378851,-0.656148091999,-0.656148091999,0.656148091999,0.160383819426,-0.954295980937,0.344162940656,0.342837631445,0.340351372994,0.290597712765,-0.52886265197,0.0809322340196,-1.11251803252,-0.519441289723,0.117870278324,-0.0109892460692,0.891525924342,0.034321863074,-0.782698715281,0.314635849119,-0.302421083195,-0.893166094532,0.738051717196,0.752666400246,-0.24342840106,0.739948330135,-0.599915151436,0.755133800216,0.771722334198,-0.756510768567,0.399310664795,0.215639270647,0.370158804665,-0.417352450421,-0.985034780828,-0.0471217182124,0.121871500174,-0.302947440728,-0.0359361773511,-0.455778687863,0.320804346695,0.260908377635,-0.408112276075,-0.504070722696,8510249789.44,01030329,0.01785714
174,600853.XSHG,600853,2011-05-31,0.397344574986,-0.269368366919,-0.804099453481,-0.644984899211,0.0579691135657,-0.155145077193,-0.0632555295312,-0.515777827911,-0.342121557343,-0.528744184724,-1.44814705041,-0.481532309551,-0.874524736484,1.15954412672,0.0884943344102,-0.245494533303,0.566214731816,0.380112835165,0.43685162594,0.102649616782,1.78115170101,-1.61216058188,2.06280388954,1.08768071374,-1.19376232046,-0.665812558706,-1.41482316603,-0.323788723107,0.0404909351639,-1.15533095113,-1.09404276286,-1.15760787225,-1.14830587352,-1.13111788493,-0.781762492408,-0.0327049439384,-1.08768071374,0.56595358848,-0.255612585294,-0.37623567899,-0.44586286767,0.0821275733094,-1.07539158123,2.13712046367,-1.20252783255,-0.672165015877,-2.03379478471,0.407856336618,0.197237899106,-0.745537377803,0.447177024843,-1.12053622682,-0.989902826268,-0.523591164828,-0.00163528720205,-0.637572285575,-1.15944508986,-1.08749151056,-1.16433043221,-1.14559504702,-1.12399572926,0.0563812699997,0.925641551772,-0.184082980548,-0.197530380177,-0.201488329017,-0.168187624177,0.114626590937,-1.15954412672,-0.221193662152,-0.168187624177,-0.851549737844,-0.238300890766,-0.168998371866,-0.168998371866,0.58986216843,0.0390351432301,-0.405933200445,-0.290051696714,0.0405018863955,-0.0557434537038,-0.986429465665,-0.963248220886,-0.68505524232,0.104094893256,0.508217997515,0.486170840733,-0.403555506513,-0.346828445359,-0.375716187852,-0.316038642427,0.130906638117,-1.11439691414,-1.15004646502,1.20252783255,-1.20338720293,0.406041531492,1.09572770914,-0.642134868989,-0.854238165831,1.25430775395,-0.394315009783,-0.182796091905,-0.534584257514,-0.958867729166,-0.648543447145,-1.11825913552,-0.44374419687,-0.90416510438,-0.0713039310469,-2.32999981881,0.0,-1.01123194893,7.07524537002e-16,0.0,0.552649816968,-1.40813480643e-16,1.29218272646e-16,-1.48570900921,8.24238019279e-17,3.70922870209e-16,0.574562959376,0.462413594197,0.10843661424,-0.0737224988835,0.190106867552,0.727895918325,-0.621066746979,-0.0182351018136,-0.332873992477,0.990813981899,-0.382606564192,0.670291700136,0.201637471142,-1.18521009238,-1.09939297905,-0.0653001662811,0.240978426022,-0.286204732925,0.139795597807,-1.12502257755,-1.19042496715,-0.791961183178,-0.89696411539,-0.936647206166,-0.651087051513,-0.507016361594,-0.131542589583,-0.952396169487,-0.477832456706,0.629647461364,-1.17650571153,-1.05378654745,-1.30231580157,-1.09045731254,-0.723310504058,0.00936087122656,-1.23194702715,-1.15487043391,0.422974215699,-0.26539753858,-0.658130147921,0.05519768239,0.0599630627156,0.0585763223778,-0.988893468473,-0.820186736577,-0.912698225878,-0.532174062169,0.429774461386,0.43699381123,-0.493912704575,-0.497225108047,-0.49830204388,-0.48369416575,0.175780550188,0.49671198188,-1.21857119958,-0.696492182853,-0.176486619964,-0.386944440269,-0.534633008333,0.362975606118,-0.989738284243,0.23010997646,0.226985317776,0.234074817942,0.717995645212,0.476936928972,0.00462149678381,0.587405840072,0.324576668312,0.288727636968,1.15422186989,-0.653434300259,-1.30115345828,-0.365989485787,-0.931794815123,0.418147815245,-1.04515178931,0.675431473401,0.843317644802,0.193101608627,0.193101608627,-0.193101608627,0.629550336037,0.876276141728,-0.173467505134,-0.172608388103,-0.174084726001,0.365065541424,0.532152621811,-1.03301037667,0.878942937813,0.885835372126,0.879003656404,0.762327375355,-0.626391082765,-0.654337606414,-0.448572163627,-0.240272626404,-0.149853055614,0.431225917667,-1.15688363052,-1.15499283055,-1.243689524,-1.15576214439,-0.0747126144067,-1.13669703292,-1.14120113036,0.034778223237,-0.304815536697,0.0103945598649,-0.441111973312,0.617623843077,0.679883801872,0.980241603662,0.525286821935,-0.655902045494,-0.495110310863,-0.490136300212,0.150007373678,0.561422364098,-0.236224352518,-0.559013668501,2286800623.08,01030329,0.01182194
193,601186.XSHG,601186,2011-05-31,0.557418045636,-0.29373025409,-0.451233724078,0.734660021819,0.152425756618,2.28188806831,-0.194380446625,1.12031079,-0.467287980761,-0.314836363152,0.0,1.97057242889,0.790365452219,1.24289263846,0.382676201559,-0.0787483538832,-1.44198420868e-16,-6.82566160887e-17,-1.0854803849e-16,6.5789109434e-16,-4.42052507012e-16,-8.3679135948e-16,1.11331523652,0.876264718275,-8.31044735861e-16,0.0,-8.20883445597e-18,-0.318436162832,0.0383810445143,7.36514529337e-16,0.0,4.76277215163e-16,-2.49933585787e-16,2.25594562808e-16,0.523383097143,-0.260053506438,-0.876264718275,0.493918240157,0.452088504205,0.858236343161,-0.509542770972,0.819984200251,-0.859357006468,0.984453950483,-0.947793741764,4.94694945116e-16,7.01049339229e-16,-0.591032210814,-0.839632394357,1.52106737521,0.28314858499,2.02603766663,2.27792310601,-0.815353195241,-0.12455497405,-0.590557838569,2.45044841427e-16,0.0,2.36126781245e-16,-2.50128075369e-16,-2.1629078962e-16,-1.26724231493e-16,0.0,0.457561401954,-0.105639063249,-0.782751872991,-0.151384731159,-0.295579682714,-1.24289263846,-0.765073568731,-0.151384731159,-0.769084263066,-0.360342041261,-0.138644349045,-0.138644349045,0.244344882003,-0.359964517732,-0.552580051312,-0.67347821014,-0.286453592734,-0.24257123554,-1.04436017755,-5.20593614885e-16,0.169340101303,0.0,4.94640547643e-15,2.85340504489e-15,-0.303289626943,0.00110225980976,-0.294153994347,0.6475543619,1.10969496233e-15,1.03192819765e-16,-1.46201473096e-16,0.947793741764,-0.314714363963,-0.722923038032,0.932044072541,2.26995256561e-16,0.120580276221,1.74372040466,-0.363634081454,-0.641812060881,0.0,4.4773036298e-16,0.0,0.0,0.0,2.46868545415e-16,0.0,-0.392822413926,-1.24101079492,0.884211350467,2.11350851856,-1.45647528175,-1.66001543153,3.34441169894,-0.415240394703,0.165616845225,-0.105575861073,-1.22284678519,3.70552664419,-0.473032695525,-0.185192222419,-0.0459898974226,0.00528778633977,0.0979859890053,0.0,3.25555828445e-16,-1.60676911914e-16,0.0,0.0,0.0,6.62467210463e-16,0.0,-3.11401660902e-16,0.0,1.74980635918e-16,9.02054327369e-17,0.0,2.5975635397e-16,8.60926846483e-16,-2.57307544851e-16,1.93449791101e-16,1.19128280245e-16,1.7836874988e-16,0.0,0.0,1.7523900406e-16,3.05813477315e-16,2.93293068779e-16,4.98182738689e-16,-1.96401028261e-16,2.4089093228e-16,-2.93890416732e-16,0.0,0.0,-2.24371484054e-16,1.92420324601e-16,0.0,0.0,2.41090112547e-15,2.53824410121e-16,5.07024048252e-16,-5.06073879725e-16,0.0,0.0,-4.26488100579e-16,-1.11386167382e-16,6.43217384255e-17,-1.18727630889e-16,0.0,3.33109189939e-16,0.0,1.97851742633e-16,0.0,-1.30298085317e-16,-3.45501078096e-16,-2.34508999443e-18,-2.64567975641e-17,1.09638122018e-16,1.51229046695e-16,0.0,0.0,0.0,0.0,2.17084546576e-16,-1.78665663793e-16,-1.58347061615e-16,0.0,5.22627463241e-17,-1.27552847259e-16,0.0,2.03955670577e-16,-7.45916015598e-16,-6.65658235508e-16,0.0,0.0,0.0,0.0,1.62280554676e-16,1.49277848586e-16,2.02677680845e-16,0.0,8.1071072338e-16,-2.00299738175e-16,2.74678107693e-16,1.75612139661e-16,-3.50909066828e-16,-3.50893924786e-16,0.0,0.0,-7.65633088037e-16,-1.71339570823e-16,0.0,0.0,0.0,1.24493838808e-16,-8.36362054245e-16,7.85228415845e-16,-1.12217152292e-15,-9.99318802605e-17,0.0,0.0,-4.69434523333e-16,-2.32033625015e-16,0.0,6.81978887955e-15,0.0,-2.52696468347e-16,0.0,5.84934186253e-16,9.14384214054e-16,0.0,7.87668507532e-16,3.39414645254e-15,-1.63903206581e-16,0.0,0.0,1.39851707309e-16,-1.26491890189e-16,-1.78889369792e-15,-1.95109676604e-15,0.0,-0.756036184448,75382378565.0,01030329,-0.00981997
211,600145.XSHG,600145,2011-05-31,-2.23609970994,-0.658196908214,-0.292195648854,-0.106056194021,0.210290281096,-1.69701373663,-0.767461182353,-0.515777827911,4.06411776451,2.80380238847,0.215725689266,-0.881521025751,-0.900138431694,0.883374431106,-1.15265483756,0.811416901861,0.973525909671,0.868018862391,2.30154740702,-0.753622150454,-1.00282148318,0.484673577055,-0.864033743474,-1.01361938719,0.590753588822,-0.508505195935,0.13981985573,0.443686073271,-0.036057794136,-0.472022019102,-0.489149499905,-0.441713435878,-0.519460844448,-0.47271982772,-0.584919537279,1.9169496397,1.01361938719,0.0344801917976,-0.320242821778,-1.59757502005,-0.118144340922,-0.1689933762,-1.02017787653,0.067329727035,-0.493944357309,-1.3498946205,0.209112448982,-0.493729873888,0.15800520307,-0.715521353892,0.111979679078,-0.820498154301,-1.13882899744,-1.02871933383,-0.160746298547,-1.21816339305,-0.441205126422,-0.49492936732,-0.391130691033,-0.535664234003,-0.516859403738,1.05445336524,0.293155454736,6.79416659109e-16,0.236421986429,0.435219669665,0.520730989592,4.64146819184,-0.883374431106,0.42481216575,0.520730989592,-0.492824922562,-0.0713621477218,0.0121305511966,0.0121305511966,1.95565572067,0.724979633362,3.62212465481,1.98964549131,0.0425342474152,0.0301894848452,3.58265947628,-0.182045756911,1.03722377858,-2.95186361961,-2.67288474656,-1.92460057433,0.75873712376,-2.10546000967,0.18333593319,-1.57531666913,-0.600768622516,-0.452980163491,0.377517862413,0.493944357309,-1.02368327705,-0.346267081155,-0.229330301439,-0.415185211853,-0.955596669955,-0.434352689739,0.580222840954,0.396275931642,1.29189908403,0.499391518414,1.21363184834,0.338866404704,2.50739046779,0.426433651901,1.37705487986,4.97271435304e-15,0.0,-3.17639968734e-17,7.07524537002e-16,0.0,0.0,-1.40813480643e-16,1.29218272646e-16,-5.33335268292e-17,8.24238019279e-17,3.70922870209e-16,-0.76581058243,0.579706395231,2.99063545828,0.312800633977,-0.93538264017,0.727895918325,-0.505039071033,1.94291804701,-0.641282746119,0.0138587863813,-0.0916810534001,-1.89782863688,-0.543040904572,-0.254932270797,-0.271679735007,-2.30482600591,-2.30461629302,-0.977369959006,-0.390717654658,-0.55443379116,-0.25364022802,-0.240472562708,-0.362972708639,-0.680549382746,-0.178828647904,-1.12907648374,-0.828335066319,-1.10293727376,-2.07709125117,-1.48437924247,0.0182476387075,-0.254718770099,0.0941369883377,1.50637676871,-1.52862102663,-2.20653187282,0.445903379634,0.29353823446,-0.233718230148,-1.77329617416,0.262605645272,-0.326524873949,-0.319203753847,-0.323603318725,-0.214354955456,0.202112476043,0.191446368184,1.96160360522,0.593431603053,0.795580841231,0.0828526626883,0.0163365342353,-0.201225734681,0.367240519276,1.08000776818,-0.0171615603895,0.0461444028159,0.6498555858,6.56699433986,1.34830937242,0.280842276779,0.348759670317,-0.213076645168,0.0747769098728,0.0686861806412,0.0757157430374,-1.95232835869,0.218725287114,0.0588637042686,-1.66477783425,0.32615639744,0.289993148102,0.0757128913235,2.05386277699,0.683915809756,0.570990709517,0.678945970818,0.213825587341,1.12943822393,0.691217760945,0.00726070676328,-0.656878315301,-0.656878315301,0.656878315301,-1.50988867078,-0.633036634907,-0.0983382053361,-0.0935425395637,-0.0921049335796,-2.43492481614,-1.97891685947,-1.37303662014,-0.50631385618,-1.13237142156,-0.556254811008,-1.53665665768,-0.462857542075,2.74853898729,2.50664133081,4.60330007797,-0.979481085237,0.124319250194,-0.460087628556,-0.443213014068,1.05444489051,-0.466652405517,2.42537431625,-0.572396052114,-0.560500096332,2.46914129894,1.12039523294,-0.169434243726,1.74026251737,-0.380687328711,-2.61527353077,-0.643845751409,-1.37301671467,-0.248646732302,-0.543387247692,-0.142733479217,-1.78889369792e-15,-1.95109676604e-15,1.91469750172,-0.720505981917,3191438250.0,01030329,-0.00591716
226,600248.XSHG,600248,2011-05-31,0.939753996024,-0.333964431649,-0.630151558705,0.434509533077,0.15928598631,-0.605203081352,-0.761086291162,-0.515777827911,-0.117203212724,0.076245759895,-0.395218840568,-0.881521025751,-0.976979517327,1.21842715491,0.331741800613,-0.0206702760566,-2.72552458309,-1.20951647935,-2.22878730942,0.412566664716,0.118412568116,0.335814933493,-0.0519282148342,0.317632671859,0.554823738299,-0.254492487198,-1.34226474577,-0.202738513807,0.218480362102,-0.297093495151,-0.262585079482,-0.282088053321,-0.307088112788,-0.258727441788,-0.266413893251,0.139143618122,-0.317632671859,0.282488505639,-0.0536430962817,-0.0380691410073,-0.553031485422,-0.351717877333,-0.878199778709,1.32534483064,-0.796510613612,0.658787205691,0.512208021102,-0.570093733248,-0.5547209383,0.328544787785,-0.27823768844,-0.538284125692,-1.54335542636,-1.02871933383,-0.160187756429,-1.2069694771,-0.296994305969,-0.227137100779,-0.271389544532,-0.319873539813,-0.249362904624,0.517014426742,-1.48142522414,-0.792375318371,-0.00689586684713,-0.20565708501,-0.0413257818856,-0.102603687154,-1.21842715491,-0.207757826655,-0.0413257818856,-0.872166106538,-0.192399532757,0.0181018343745,0.0181018343745,-0.147964735657,1.50910862036,-0.0743220957438,0.237167195757,0.0547724541388,-0.164423775636,-0.663964301004,-0.963248220886,0.211616967976,-0.704835301326,0.041893879102,-0.179489923128,0.205955498239,0.376445687204,0.0083283126896,-0.295105189516,-0.815892815465,0.595099555499,0.217386981192,0.796510613612,-1.16707716311,-0.0933515940181,0.76836043594,-0.627822728449,0.147636131903,1.66725746127,-0.172854490755,-0.143914301504,0.0565321693875,2.17058242604,1.18130241613,2.1982193076,-0.111459950276,1.6076068794,0.687890883476,-0.0725722764712,0.539099706012,1.56370989176,-1.86312771845,0.265395798559,1.11459654675,-0.64240936819,0.424626041798,1.096364145,-0.384312797234,-1.94048847297,-0.389595992197,0.488478661094,0.18667324506,0.198403652951,-0.0755496528346,0.727895918325,0.356166351294,2.34523594775,0.166716348945,0.181718802236,-0.279135061941,-0.169239260495,0.505953153525,-0.256128385,-0.411642089727,-0.11819985726,-0.435812368751,0.622547539642,-0.535481224174,-0.320670789129,-0.229043797568,-0.00838099344568,-0.0848696257138,0.203755144085,-0.617068490879,-0.659074415097,-0.735299831415,-0.394816976542,-0.271845789224,-0.0929039422296,-0.365999577358,-0.044028107528,0.169644379712,0.238931143735,-0.294593720259,-0.64694726294,-0.0301334336603,0.144052476835,0.293606953436,-0.264051036571,-0.00558036996204,-0.908613404205,-0.906564327826,-0.904769617128,-0.582393074551,-0.823401997522,-0.0746209829876,-0.798911036188,0.290527078141,0.197524524954,-0.676373469362,-0.648396959251,-0.549771609318,-0.765496748187,-0.30762699351,-2.30985549927,0.0228044249173,-0.798975264024,-0.220368285843,-0.833998850427,-0.194589946181,0.338842908649,-0.580847059247,-0.724549655699,-0.732050662171,-0.724755235001,-0.797973682945,-0.20949696816,0.542933554062,-1.07359190314,0.215230690355,0.206896022222,-0.39986992197,-0.0984767690076,0.870654269536,1.13763466329,0.0749181760903,0.213825587341,0.259602218635,-0.08143331275,-0.130961636804,-0.957000092564,-0.957000092564,0.957000092564,-0.425600739679,-0.275408306306,-0.83305223947,-0.832696302249,-0.834672564806,-0.588122665406,-0.670331355141,-0.0403764061413,-0.297661094875,-0.401955424928,0.30247916923,-0.320638445889,-0.214144149943,0.788214826219,0.279769494879,-0.121002680845,-0.236623308468,0.289310847673,-0.293366703325,-0.275944492928,-0.108834133786,-0.296951114203,0.121854416996,-0.319840267318,-0.305322243061,0.0855949474813,-0.159446935934,-0.796293465575,0.4956082409,-0.294337225746,-0.0561311611805,0.20104579782,-0.129101165438,-0.427839070106,0.198866719582,-0.620226891487,-0.505788551018,0.392712757663,-1.18238220201,-0.515648597528,4366389300.0,01030329,0.01658537
229,600321.XSHG,600321,2011-05-31,-0.607303455062,0.727991466649,-0.0519818894018,-0.573384679119,0.0305801605831,-0.60879882965,-0.043141648703,-0.515777827911,1.27868832154,-0.642840724418,0.282862450786,0.440180819084,3.27489388767,-1.74936039989,0.176558485579,-1.10424648909,0.300215595258,1.80448365658,-0.583099422099,0.139093017256,-0.154728965688,0.341279364712,-0.78245087862,-0.736875334727,-0.726674263666,-0.175194103506,-1.88298271235,0.0805354453709,-0.0288746832726,-0.753300783379,-0.736479673051,-0.753952856819,-0.755232002818,-0.756408962258,-0.263786625883,-0.588712144834,0.736875334727,-0.0213015114401,-0.331553113163,0.0144615833395,-0.476926235135,-0.310099209902,2.04593555072,-0.806032468146,-0.173580085928,-0.333968585957,0.229318820457,0.353662629976,0.522719290166,-0.946741280779,0.464047134454,-0.572401866312,-0.642441565748,1.50096253651,-0.283349968143,1.11614121387,-0.756747340604,-0.724177956398,-0.736556249757,-0.759734531989,-0.769221024232,0.0371089310312,-0.425620117018,-0.177045393139,-0.113632922634,-0.401866533753,0.246843833386,0.316497730208,1.74936039989,-0.404477458492,0.246843833386,-0.46396200639,-0.28547786738,0.125584931577,0.125584931577,-1.3554103264,-0.142007312424,0.610187559752,-0.279303459307,0.0773952097926,0.0443312656766,1.92753273683,-1.74445068486,-1.33893744687,-0.56851558335,0.101298225397,0.568414641673,-0.221493777821,0.0538190333202,-0.401103095764,-0.247350750062,-0.884422704656,-0.122085892508,0.425188404355,0.173580085928,0.863207944752,-0.928056309996,-0.852887012301,-0.750498218792,-0.528760260159,-1.35414959513,0.2248819074,-0.357051005823,0.534738716993,0.286459858369,1.76969808241,0.991537219599,-0.274786105382,0.661245197127,-0.340283018572,-0.332355604757,0.0,-3.17639968734e-17,7.07524537002e-16,0.0,-0.606365313197,-1.40813480643e-16,1.29218272646e-16,-0.494913496549,8.24238019279e-17,3.70922870209e-16,-0.53507942161,0.107639072553,0.260080454225,0.467063229604,-0.525812364263,0.0979859890053,0.0120842777975,0.608114049784,-0.233882163528,-0.578107729707,-0.10211406537,-0.078303605185,0.903751431151,-0.729191552388,-0.714005653629,0.1294836759,-0.252139310221,0.804276327534,0.513624901176,-0.754008259552,-0.718003871907,0.109453704375,0.00335913717146,0.2573638374,0.0441251551993,-0.624204038063,-0.747473510735,-0.576255507989,0.258485952672,-0.0267776598067,-0.795259331324,-0.428613750205,-0.920439339443,-0.126902159047,-1.69219261884,-0.522780859178,-0.695736169633,-0.668370118951,0.0385598418903,-0.465230677565,-0.465948266559,0.169849908588,0.172202307514,0.185487424383,0.632302221152,-0.562886456262,0.92846511557,-0.677354572988,0.571524336731,-0.175578775504,0.0878009874438,0.16058818883,0.170189555935,-0.231149750138,-3.06303785126,-0.279396129243,0.1447947094,-0.92505978605,-0.230305278362,0.822057906144,1.11288868571,-0.0670564518626,0.631333506134,0.421154034836,0.420792752367,0.422205224783,-0.666224167413,0.397387080287,-0.104303993242,-0.755482808572,0.319894925626,0.288913741547,0.233631966528,-0.0424393276143,0.30551116081,-0.360169949465,0.376932073454,0.418147815245,0.839492888832,0.735360898338,0.650505542977,-0.0413000714256,-0.0413000714256,0.0413000714256,0.0803702258415,0.136773496148,-0.0564570437554,-0.0581080410068,-0.052823721335,-0.468974139552,0.107746512299,-0.442608616886,0.140633167039,0.128097081356,0.734494237703,0.0567465163914,-0.0151762395903,0.713517649974,-0.0464591986131,0.184247518805,0.0701329381362,0.213225195457,-0.752607694076,-0.756383976984,-0.793509319483,-0.751552484327,-0.126925732123,-0.761387556173,-0.748362663524,-0.156389453682,-0.0753177961153,0.533872166311,-0.590345503406,0.564535629058,2.21047774308,0.523324017629,0.48727943883,0.951398923903,-0.395871760841,-0.377552744007,-0.768429179336,0.719587620131,-1.18238220201,-1.050222558,4203932800.0,01030329,-0.04213483
233,600326.XSHG,600326,2011-05-31,-0.321185181112,0.0333020364,-0.338581754128,0.502753170435,0.157314021478,-0.775853758764,-0.589843524329,-0.515777827911,0.161085586551,0.530405644724,0.682699163839,-0.881521025751,-0.77206995564,0.116236387736,-0.718522373422,1.48771602825,-0.84690568115,-0.839652232901,-0.758305737099,0.931070329998,0.464020223133,0.5800184804,-0.962137952893,-1.51669686545,0.842262542479,-0.496255852113,0.178938308388,0.12459113379,0.049878763223,0.21316652731,0.337597375069,0.24782478129,0.180522155427,0.310797101069,-0.569762225539,-0.19569712295,1.51669686545,0.0119935668792,-0.294390727184,-0.225209846493,-0.346460091785,-0.229726729708,0.254557575792,-0.632982621208,0.301404441431,2.11361111042,0.552620764052,-0.290503473979,0.596774016522,-0.983251999923,0.497038919557,-0.0642365739688,0.176652375719,-0.349018869622,-0.149693043994,-0.592050360696,0.238381812435,0.364437063707,0.239876438677,0.174917272789,0.346668827733,0.0255590821362,-0.0645205439958,-0.724447300767,-0.120332538118,-0.401658095953,0.201476022236,-0.135038069689,-0.116236387736,-0.44112064621,0.201476022236,-0.633016229684,-0.307414325034,0.28034068727,0.28034068727,-0.22425658006,-0.0954088118732,0.383121468088,0.45504705627,0.173977386924,0.0994528009486,1.19215174911,-1.74445068486,0.794232454415,-0.799210490694,-0.399183392136,-0.83744033065,0.208594074017,0.123405174354,-0.306847448303,-0.0910040236297,-0.981610831465,0.255654084254,0.805499247254,-0.301404441431,0.700120477767,-0.299111929173,0.729388141511,-0.166971803058,-0.841719784844,-0.422895701478,0.270066547302,-0.383406286398,-0.23570516526,0.428414298399,-0.260590260585,1.27992664944,-0.308577723679,0.55451267657,0.0197618155299,-0.409992001715,0.0,-3.17639968734e-17,7.07524537002e-16,0.0,-0.676608654419,-1.40813480643e-16,1.29218272646e-16,-5.33335268292e-17,8.24238019279e-17,3.70922870209e-16,-0.675974080038,-0.0328226768324,-0.0219577704607,-0.373581252179,-0.311279897771,0.0979859890053,-0.447525352352,-0.675667123294,-0.35255657835,-0.371625055337,0.239421273672,-0.621481760564,0.209593436695,0.268367693127,0.128853817175,-0.959949031874,-0.773941801716,-0.513650092197,-1.3557470602,0.180312599434,0.287893201852,-0.502720355825,-0.623839240322,-0.611844749647,-0.508669237951,-0.857404927619,-0.695607308928,-0.897886675929,-0.850777644978,-0.583311642735,0.509319002353,0.747521321248,0.290282625702,1.23742840719,-1.14071184863,-0.73290861939,0.657043036051,0.568072078028,-0.123560693436,-0.752158014643,-0.283538345266,0.91497296222,0.917157255872,0.918795156636,0.122002164601,0.0212083586667,-0.128125364036,-0.557930074271,0.108477015212,0.137374123219,-0.265962594656,-0.264834059502,-0.239783107805,-0.271515815128,0.162327381451,0.638668754822,-0.600839784532,-0.661797103712,-0.209737984468,-0.615554428263,-0.399321745143,-0.0319178686125,0.12220356807,0.252604953064,0.25140369391,0.252122990963,-0.423997769783,-1.41382944035,-0.0718749521751,-0.652258140301,0.246030621279,0.204711440785,-0.802199594373,0.841068934864,1.20736058484,1.8086469481,0.276260774333,0.418147815245,0.694520221283,-0.870163012648,-1.00628017438,-0.196107411522,-0.196107411522,0.196107411522,-0.975953540648,-0.189310306754,1.13994949807,1.13987432658,1.14200564145,-0.945568242966,-0.882534409897,-1.1591140377,-0.0766620163321,-0.971169886144,-0.908070935071,-1.23103934848,-0.128221410214,0.861099307042,0.81396529677,0.0073641249679,-1.42701396614,-0.472994925005,0.221813996798,0.262951104369,1.02225930486,0.210690531089,0.819053106503,0.148671086645,0.141786683704,0.954318947658,-0.0216766712989,-0.706308285304,0.609200606815,-0.323569554075,0.379516324739,-0.729619295023,-1.26725703994,-0.536440486958,-0.52244519747,0.0084655187832,-1.42583639623,-0.684568375096,-0.408112276075,-0.0399546811779,7392672000.0,01030329,0.0688379
244,600502.XSHG,600502,2011-05-31,-0.10385954673,-0.122475803812,-0.626838265471,-0.865010731654,0.0920628961623,-0.327976782261,-0.31143663833,-0.515777827911,-0.459663630096,-0.21409746713,1.42232248659,-0.185888475838,-0.541546698743,0.672722471089,0.326505553787,-0.157829510169,0.0425289317172,-1.3983833286,0.355505836832,-0.549183562428,-1.24888776291,1.34767685239,0.334903942991,0.391191035245,0.099712298349,1.29021423903,0.894427426355,0.0113638971996,0.106537624489,0.651144320153,0.409456301108,0.582747174204,0.701689397606,0.499097700845,1.69352756346,-0.329862643411,-0.391191035245,0.268554108863,0.518334496601,0.533202486265,-0.24239781078,-0.0730520546449,-0.489951029739,-0.0178763407875,0.060018861953,-0.0358744995061,1.62355845221,-0.284345098224,-0.12130225066,-0.447615175557,0.550723896666,-0.635506183395,-0.45424581005,-0.34497784427,-0.0905794449296,-0.562946179216,0.64343847218,0.425354082822,0.552203034835,0.71031757068,0.476453760323,0.719090411795,1.96351665121,-0.495266736869,0.382290887204,2.69503281427,0.0481496234394,-0.27823272239,-0.672722471089,2.72580078112,0.0481496234394,-0.715481704461,1.09748090673,0.139020318727,0.139020318727,3.23871500608,-0.346567448824,-0.542172855444,-0.0870448584448,-6.03444992145,-0.247896342464,-0.781976707788,2.1624994531,-0.331942746393,1.76989188655,2.09579915224,-0.146078378996,0.463216636608,0.119187832473,0.43882545324,0.282527276758,1.70709408951,1.76475503473,1.85372442366,-0.060018861953,-1.28708492184,3.9379540541,2.09341844652,-0.429906270695,0.864818216859,1.06202960313,0.0592048944237,2.79981550764,3.11838242558,2.99649916803,1.85375460617,2.46384115087,2.9354176329,1.99895945478,1.07818581506,1.10167822753,0.867403429541,1.8140514596,-0.11952567607,3.634728674,1.43069158224,-0.3772005034,4.39397262584,0.345761483891,-0.353985446475,-0.222558510871,-0.182002578036,-0.264512160355,-0.612113096771,0.272935019377,5.53836415348,1.35780584764,1.4224206837,1.17698921556,0.107234416638,-0.547655248954,-0.31365796335,1.20372674959,1.4113420334,0.925931476366,1.3102595047,1.05815834073,1.43671505741,0.428956276475,1.17753086462,0.650865560922,0.467386561814,0.727992167267,1.28189414256,-0.0541986550499,0.568579324738,1.63545651509,1.75354713323,1.28001693156,0.658924722887,2.19001308443,0.619592708912,1.91450169766,0.856154110486,-0.227493081665,1.2094593901,1.59214140269,0.309539193784,2.27714924433,2.17839009427,0.816945257688,0.752289422077,-0.229815356507,-0.230297912196,-0.245374851974,0.924144733933,2.7727003674,1.54833723911,2.82860144996,0.78066812757,0.886791843782,0.354994479928,0.27595971155,-0.0268459889509,0.52236175308,0.724523186834,1.68624269604,1.72071001711,0.967559896689,-0.23774838829,1.08072752341,0.311080582653,0.698311188521,0.922108824805,-0.0381134219051,-0.0445890365744,-0.0405322648005,1.69957429395,0.26998608999,0.239584184131,2.46403236873,0.290028471004,0.241196527616,0.398945245922,-0.672655835514,-1.13669283211,-1.30276059595,1.0816311673,0.213825587341,1.70932889413,0.676308489376,1.0208015879,1.99894383532,1.99894383532,-1.99894383532,1.48967391533,1.26210898742,-0.123986416029,-0.125428649659,-0.136502320936,1.45229583984,1.87610530193,0.836282711482,1.17895844667,1.32936728031,-0.64250650594,1.48564855306,1.06925844307,-0.912046395683,-0.0688561098195,-1.51888687328,0.697957122428,1.6924083111,0.633543985308,0.559658161973,0.179164158611,0.634750634836,-1.31554200014,0.756148884321,0.734778589915,-1.03237298589,2.25813699113,3.1686137939,0.327388241762,2.75270898415,0.726983409451,0.285490663478,1.22491185768,0.69075552346,-0.561487162528,0.748935388565,1.8048044613,2.04993316254,-0.408112276075,2.64498232253,3919515600.0,01030329,0.36376442
245,600562.XSHG,600562,2011-05-31,-1.21700667926,-1.11680041871,1.78523920876,0.37652364924,0.161243032735,-1.44554714256,-0.708988042459,-0.515777827911,0.307218974298,-0.461028352223,3.18391651247,-0.881521025751,-0.362250832267,0.0760134741111,-0.698846779287,0.022614329116,0.39165279845,0.120420917447,0.43685162594,-1.61048649331,-1.67651751117,-0.224383480825,-0.79003673542,-0.851585230077,-0.33144590792,-3.09376144476,0.184616793451,0.0574782626471,-0.280117617036,3.14967702277,3.4469219007,3.15822972603,3.12458733786,3.23356479741,-0.477807867651,-0.306766585656,0.851585230077,0.0145081866501,-0.431729979713,-0.763649771048,0.0371724963989,-0.0997359059284,0.20986076722,-0.653338292195,2.30145638567,-1.61590683217,0.33035067783,-0.272028346714,1.95083903122,-1.36433263099,-0.128753144043,-0.901876617414,-0.987019742848,-1.02871933383,-0.149472566842,-1.03458317141,3.17213534186,3.35960095758,3.18737228701,3.10800916063,3.16137879226,0.316714792755,-1.00596846815,-0.778606125614,-0.100918879612,0.548192957079,0.0607517932034,0.235454676492,-0.0760134741111,0.528227384419,0.0607517932034,4.00566672655,0.0072870584149,0.0574127819623,0.0574127819623,0.143300572528,0.328855973606,0.0198157214253,0.982622901275,0.214557981786,0.380500465402,2.36461977573,-1.74445068486,-0.354691727032,-0.0531970890236,-0.0264211191369,0.175186468427,-0.059221367465,-0.620955667614,-0.338716119938,-0.574435951802,-0.468604951759,-0.786476973683,2.1273691368,-2.30145638567,0.436103408572,-0.459054847154,-0.743764587901,-0.522321806753,-0.347849463953,-0.513555347717,-0.0172185088682,0.687486278887,-0.614285348781,-0.900795458245,-0.803724721769,-0.943707638518,-0.393056769424,-1.14609215098,0.286175395526,-2.32999981881,0.0,-0.260207245395,7.07524537002e-16,0.0,0.0,-1.40813480643e-16,1.29218272646e-16,-5.33335268292e-17,8.24238019279e-17,3.70922870209e-16,-0.719535089112,-0.086400869897,0.228206271298,0.792921296769,0.38401940035,0.727895918325,-1.76283909261,1.55936716204,-0.667912127006,1.76920909967,-0.479711337089,-1.6583106162,-1.29567524584,2.43482954377,2.718578108,0.0950091267893,-0.107297057051,0.389035526348,-0.468608740144,3.15859011642,3.19347074285,-0.398677309586,-0.357351975731,-0.7732408673,-1.04125306905,0.0950289471073,-0.200712591761,0.175941961837,0.0530501897745,-0.169762330414,2.27285695145,0.329810719237,1.05229974785,2.82994153999,-1.39112991077,-0.0534045636417,1.8643637419,0.887668294909,-0.917108299799,-0.0227211538703,-1.31176569922,-1.16001789939,-1.15733208759,-1.16082737218,-1.05760221923,-0.836690314316,-0.924016537283,-0.551857110736,0.536179032151,0.519769012134,-0.864291726067,-0.853217883474,-0.793248806762,-0.89223520378,0.108565373707,1.16944610442,-1.59169964625,1.11303188235,-0.166484932271,-0.865626978237,-0.821940120305,0.580112561014,-1.05747263825,-0.884233024642,-0.890228977481,-0.883687540565,-0.350946641352,-1.19946203099,0.584524926979,0.824388612764,-5.97919358953,-6.11107955618,-1.13592620771,0.461467233705,1.35095799173,0.180710069058,-0.126424422152,0.418147815245,0.114629551085,-2.128096259,-2.50682623879,-1.54629029756,-1.54629029756,1.54629029756,-2.05861774606,-2.43231163992,-1.07257106102,-1.07194830799,-1.07513156048,-0.141315693454,-0.175190894043,0.3848934554,-2.3409765976,-2.27717554596,-1.7115735668,-2.46721701339,3.84923051747,-0.273177196525,-0.0817048641431,0.0922681540096,-2.08256142624,-3.52957574912,3.15430397364,3.15934316555,2.60353294801,3.15204623264,-0.11464029266,3.08829746782,3.09697326431,-0.124931481531,-0.0705760392254,-0.181839780198,0.0647896937087,-0.635054035515,0.290285019509,-3.50936121018,-1.79089136696,1.01112970317,-0.00238165928744,-0.410748849455,-0.0385138135196,0.109772688537,-0.408112276075,-0.545849465411,2915375822.98,01030329,0.01326796
254,600668.XSHG,600668,2011-05-31,-0.000247892927373,-0.167603394974,-0.00725243074516,0.277190352129,0.165404522509,-0.740014169173,-0.649525695311,-0.515777827911,-0.342121557343,-0.338583285235,0.167611010176,-0.881521025751,-0.336637137056,-1.13689397284,2.11444583374,-0.704457456505,-0.946655357359,-0.753088260329,-1.30895415567,1.14291611324,0.981635374656,0.190536434523,-0.955762110061,-1.36237862058,0.530870504618,0.200667341149,-0.417302623251,0.349810400752,0.237706444314,-0.278960744623,-0.295051461729,-0.272529566904,-0.287699638942,-0.271325687892,0.303905223149,-0.209554757603,1.36237862058,0.028959372451,0.343832858095,0.0308774346979,-0.211334443315,-0.157784436617,0.214242807276,-0.590752596974,0.42265341914,0.865091483758,0.128286963083,0.00756191255476,-0.833675070798,1.48332792994,-0.406705393646,-0.727867138212,-0.557241479835,-0.585822955248,-0.188666055226,-0.777123104467,-0.266921645878,-0.247959690972,-0.277570676095,-0.285825781343,-0.275638904673,0.00884247718043,0.95725885545,-0.684057668678,0.0192174071434,0.296539053628,0.382527194513,-0.240020786705,1.13689397284,0.248653433688,0.382527194513,0.942074338565,0.145116603123,0.546062788687,0.546062788687,-0.603681352888,-0.134107410377,-0.37707688463,-0.339767252399,0.383600788249,-0.222487545313,-0.185315895482,-0.963248220886,-0.441862599743,-1.14525285171,-0.163051115615,-0.12808754754,0.799635048321,-0.0284191333561,-0.0694528519771,-0.18127953931,0.623843942707,0.929711739638,0.84184474332,-0.42265341914,0.92905835595,-0.0334461571475,-1.04774848445,-0.674030496478,-0.389442794331,-0.0996093805475,0.508262118146,0.343131283518,0.348769504035,1.07366175308,0.457123134552,1.15091032556,-0.240994487084,1.02413576702,-0.0320871195478,2.04301954066,3.04284159756,0.955737512708,-1.09838998057,2.94171679094,0.517528146357,-0.883646700008,-1.24765790494,-1.45568490277,-0.351795344034,-0.541955835602,-0.500114279312,-0.164596070586,-0.78500639204,0.990516082178,0.53967252815,0.727895918325,0.939305446783,0.790505984379,0.253406561724,-0.276058733627,0.221665712929,-0.147317272161,-0.831046857572,-0.162233420045,-0.297764903322,-0.552167382054,-0.307578116046,-0.492579302781,-0.272880616323,-0.278936796398,-0.274892513249,-0.401983539833,-0.532678276254,-0.589039888147,-0.426435018968,-0.907067950564,-0.612704251429,-0.988788445613,-0.358131219849,0.0698608248428,0.0386364954391,-0.424146966637,-0.392755500871,0.350110584522,-1.22424139751,-1.04810025971,-0.0192707808416,0.266934102523,0.479064352863,-0.815872041499,0.311465445619,0.27595977097,0.277590690501,0.279474577307,-0.0708804487888,-0.470789585527,0.22488710653,-0.56954301022,0.0756049409946,-0.0701918662855,-0.305221922586,-0.274664136277,-0.191548869295,-0.43060135711,-0.609815642855,0.8330423675,-0.240781725484,-0.342765231577,-0.208427697754,0.232725644027,0.011385774292,0.186996078259,-0.0679571492943,0.259663277264,0.253430456231,0.257641338539,0.160954388726,-0.352319432933,0.191486954134,-1.05867824079,0.282651614685,0.249954895395,-0.35394318787,0.104498864065,-0.294959832923,-0.0179440430627,0.477603372576,0.418147815245,0.984465556381,0.146883179326,0.0863217359635,0.85176302734,0.85176302734,-0.85176302734,-0.804740687634,0.379109675922,0.254455373377,0.254578567705,0.254836925808,-0.379612745162,-0.13982371825,-0.288866240104,0.525838264834,0.190027614736,-0.0130204517032,-0.406920905214,-0.404071249999,0.721804257613,0.0550047030756,-0.39593001298,-0.42888602641,-0.0738936283997,-0.277072118043,-0.270936611617,-0.26892607281,-0.279887181724,0.398276804906,-0.295535436627,-0.30121106012,0.526006557599,-0.652392079275,0.0772287441678,-0.993917272486,0.418734264497,0.0816328025686,0.095342084864,-0.340827076757,-0.601601337068,-0.595521930615,1.02711339134,0.354641482858,-0.32078828622,-0.408112276075,0.466903097621,3537181751.84,01030329,0.12451362
278,600819.XSHG,600819,2011-05-31,0.118572293054,-0.207066246335,0.229648035474,1.67355857539,0.143947128351,-0.135810561756,0.0290704808279,-0.515777827911,0.169345299772,-0.0191129740928,0.856508779775,-0.377187427064,-0.182954965792,-0.478399263178,-0.641248064198,-0.0356463841754,0.857151287427,0.702760369298,0.61205794094,-1.56752476104,-2.04999675127,1.14907304187,-0.446160073465,-0.254373622445,0.878192393001,-0.186154042715,-0.594597545781,0.114297748645,0.0754345173839,0.27588483668,0.266311385187,0.356373258872,0.17834130387,0.359628004565,-0.179714070099,-0.521716211888,0.254373622445,0.0260792189791,-0.142509671447,-0.504279319585,-0.0979531520707,-0.119171518348,0.745346062075,-0.721172766453,0.511643494524,-0.871339988438,1.80541579548,0.0100252628567,-0.261498243721,-0.262560244511,0.265772776649,0.168286180703,0.138874041242,-0.485605526519,0.0157272885163,0.609429951688,0.307535135845,0.290488729889,0.434801413399,0.167074178717,0.363252660943,0.309563017883,0.498037822941,-0.321162944001,-0.169285410351,1.55578128062,0.16030893434,-0.0328869257523,0.478399263178,1.09606107852,0.16030893434,0.991553623432,6.00051967792,0.115135186015,0.115135186015,0.0564974073412,-0.090930987211,0.0349534608696,0.000805126270757,0.0905390720449,-0.0986474677391,0.159534075408,-0.963248220886,0.297378611799,-2.29872738843,-2.45011844796,-1.88604879264,-0.00381127612399,-0.329959077836,-0.240139296662,-0.391268238827,-1.42624299766,1.69746080658,-0.0941834669725,-0.511643494524,-0.728279563262,-0.0627091060724,-1.27378779213,4.17042461719,-0.831220497564,-0.736717553845,0.0921171629947,1.90572036569,-0.514658984697,-1.16534691466,-0.590350469161,-1.41423776088,-0.466271942402,-1.18166965783,0.100023955864,-0.332355604757,0.0,-3.17639968734e-17,7.07524537002e-16,0.0,-0.676608654419,-1.40813480643e-16,1.29218272646e-16,-0.434865283661,8.24238019279e-17,3.70922870209e-16,-0.478075252466,0.123567724545,0.0224729087706,0.510395419386,0.290104422106,-0.531923940314,0.489698202491,0.388774552876,-0.708145648129,-0.0923535245353,-0.193257117141,-3.42262471431,-1.24793945252,1.22765128414,1.2446258554,-2.51088138904,-2.84460287044,-1.96596373183,-1.7981255913,0.111394481795,0.700349895957,-0.54779988181,-0.599487268662,-1.04151570212,-1.82438536272,-1.06405455575,-0.943374829252,-0.884045970208,-2.81742093456,-2.8231186261,2.09126431412,0.31353570584,0.912567678755,3.07347745791,-1.59164252652,-2.96926835307,1.61679630556,-0.134207678372,-1.99039046748,-2.20650259307,0.847837476087,-0.965461765437,-0.961837027083,-0.96318082862,-0.298721969892,-0.24812614803,-0.120262368841,-0.0869822551849,0.624996956851,0.543002909749,-0.482684369409,-0.484801451673,-0.517265246984,-0.487495283051,-0.147343206282,1.34847462492,0.621241458236,-0.207582109605,0.00733322013712,-0.441710541815,-0.440256394128,0.380917492835,-0.298768071366,-0.585174393906,-0.584834120941,-0.586158487555,-2.54251066821,-4.14666625803,0.243814494898,-0.347203281253,-0.163684095533,-0.152821222867,-0.718245524438,1.4885018916,0.715177849604,-0.545256759343,0.477603372576,0.418147815245,0.984465556381,-0.545374763357,-1.63527251213,-1.01687840336,-1.01687840336,1.01687840336,-4.13328813936,-2.57704534606,-0.83108985168,-0.828256495391,-0.824151318593,-2.53917977626,-1.94354968368,-0.988389744332,-2.14343552181,-3.10321957207,-1.94233468043,-3.45986848468,-1.34224104047,2.76774885045,2.48489275124,0.443002654932,-3.28996409407,-1.45675732498,0.301790621779,0.370838573767,2.95005048705,0.288616282563,3.18707156293,0.0756422188984,0.0806168337175,2.71838523214,-0.732433923441,-0.91412675884,-0.209129616667,-1.3836377608,1.54955464931,-2.60969860298,-3.11412667224,1.09258076581,-0.504927881024,-0.14726178314,-3.23209495049,-2.77410714647,1.91469750172,-0.694877745069,9572063573.38,01030329,-0.00310203
282,600970.XSHG,600970,2011-05-31,-0.720207330084,2.11851729922,-0.308762115024,-2.78287589881,0.125405785581,0.461201549066,-0.67073869531,-0.515777827911,-0.331955756456,0.194980370308,1.26231320496,0.614088956562,1.40509413728,1.3888562013,0.192425900205,0.00617713727827,0.383340325432,0.269940506436,0.261645310939,0.143537334387,0.0451501159003,0.0667388031043,0.3459802247,0.542937309364,0.542847121459,2.19279746805,-0.869057657171,-0.089511277217,0.069152258708,2.32382145283,2.4587216166,2.33640098437,2.34170383878,2.46239211782,2.2272670342,0.0614505636903,-0.542937309364,0.427447827317,0.397152803194,1.08149192163,-0.529733959824,-0.342418840864,-0.915447119186,1.39893431136,-0.380482011195,0.561204836584,0.653652621425,-0.567630382946,-0.854201630467,1.61699577912,0.411879253534,1.07416170539,1.20780207361,-0.958405492701,-0.154874257066,-1.07488126884,2.29946261251,2.5716941544,2.26914857732,2.3780100116,2.48902733409,0.14383802421,-0.569109186741,-0.758105327508,0.244872637779,-0.100048599851,0.0657926611091,-0.237246417123,-1.3888562013,-0.0928067896317,0.0657926611091,-0.670125693333,-0.188530853381,0.158426989055,0.158426989055,0.251465454147,-0.133961790063,-0.356262492894,0.49669151855,0.143673780282,-0.237176835212,-0.71394731296,0.600094525148,0.386160031812,1.10477150433,-0.0561232922842,0.301122288617,0.621531183296,0.623160187233,0.90551244124,2.91490898036,0.184139119272,1.53127008846,1.1697443274,0.380482011195,-0.888289908228,1.04522794444,-0.774942423444,3.4961183386,-1.10056759816,1.65231356354,0.0117889142791,-0.154580438584,-0.899880925823,-1.17179938921,-0.952440109951,-1.36111339223,-0.78729231623,-1.3097486825,0.0681491300027,1.22335834969,2.02839445184,0.812685188225,-0.0328553991092,-0.733699684621,-0.465878630753,-0.501497341035,-0.923629612363,-2.23631167032,-0.366977579603,-1.04978421802,-0.369819035555,0.0584050573047,-0.636260205049,0.193203790177,0.327664330827,1.35780584764,0.387173747452,-0.0522503179116,0.766022143798,-0.139889104246,0.238011845037,1.16881395335,-0.858892737006,1.82630644287,1.47322168525,0.266299593237,0.21991798415,-0.941403367304,-0.931108195641,2.36250031325,2.17914060722,-2.02679472491,-0.227216149982,-1.20855351651,-0.733188223696,-0.00642930908689,-0.044006603382,0.0755401211559,0.41363445642,-0.201644939992,2.32089837041,1.02835375352,2.03736743992,0.719649868663,0.787651278995,1.00132763534,2.14881367385,1.91153741162,-0.184582038761,1.08024760498,-0.411659599507,-1.03851255423,-1.0367110843,-1.04054425845,-0.462568340211,-0.431242254022,-0.466170133061,-0.325640002864,0.374754679156,0.388161672983,-0.729853316865,-0.719798527427,-0.655685290634,-0.739550648086,0.184261975053,-0.541520671146,-0.54918063345,0.419385884112,-0.0726065568356,-0.815995466384,-0.698123727445,0.513045444533,-0.463790705983,-0.658241623436,-0.66543702384,-0.658925078618,0.0703319644997,-0.541958998254,0.593566965632,-0.562517258682,-0.344342875943,0.0410596638818,-0.633051432681,-0.535564612742,0.98565960402,2.28891550849,-0.931794815123,0.418147815245,-1.04515178931,-3.17846905801,-2.53667581104,-0.760570024234,-0.760570024234,0.760570024234,0.684486388453,-0.993139043954,-0.837486148406,-0.837113885379,-0.840582586587,0.707617553253,-0.493495476177,0.288120236597,-1.2680816297,-0.340024891548,-1.18044470854,0.513156534875,-1.13517144275,-0.593741788054,-0.795370651885,-1.18230304387,0.13071009599,-1.00994224207,2.32135826922,2.35905994797,0.472178386433,2.32759757578,0.00514274210065,2.37833906638,2.33341705546,-0.289480874322,-0.84786195162,-0.761380373823,-0.510989407892,-0.480134889364,-0.919496584481,-1.40325901879,-1.15757268979,-0.444129282634,0.960858175545,-0.641121602861,0.180621925445,-0.958721485553,-0.408112276075,-1.11327248331,26184469377.0,01030329,-0.04906054
290,601390.XSHG,601390,2011-05-31,0.333763990849,-0.257813499793,-0.597018626367,-0.0194614035165,0.191681556852,2.34843888517,0.204050252842,1.43309243754,-0.496514658311,-0.303519470597,-1.12066884699,1.43145720271,-0.387864527478,0.982065703712,0.398702290331,0.00562923088368,0.557902258799,0.403721191321,0.374277942011,-0.860285761597,0.00931522079485,-1.51003224668,0.976630197112,0.769270735168,-2.23572798561,-0.128130835136,-0.657691824261,-0.276439151442,0.0632493062163,-1.18435440853,-1.10911734975,-1.18875003768,-1.17136661999,-1.15416810335,0.0403700963645,-0.0555926162096,-0.769270735168,0.375371879531,0.982056443374,0.503653953819,-0.486245245374,0.115754392058,-0.942177563528,1.15642473371,-0.951130869591,-0.881142783508,-1.69028646964,0.221873388823,-0.31612732193,-0.177207661897,0.380364108721,2.16944020175,2.39712369295,-0.38457989272,-0.109955711969,-0.116682063188,-1.19489772125,-1.09667095873,-1.19504999145,-1.16978613431,-1.14990644664,-1.21429115787,-0.52132617133,1.30023599872,-0.0910978523676,-0.515812530898,-0.119039162097,-0.323809608254,-0.982065703712,-0.530014305301,-0.119039162097,-0.785577358022,-0.264189674918,-0.097840580663,-0.097840580663,0.259603250884,-0.405689296397,-0.59089745428,-0.670166483854,-0.0919832651318,-0.264211747969,-1.03433440929,-0.182045756911,-0.152165403826,0.818649898471,0.607720277558,1.13127065436,-0.177957277482,-0.0305278042965,-0.204219522702,0.237389518918,-0.504002170048,-1.14116588887,-1.76686640551,0.951130869591,-0.171320477897,-0.0923482929121,1.07234433249,0.529824982093,0.185595093607,1.43811769605,-0.313428926007,-0.400893790215,-0.959656744274,-1.36537362562,-1.03649663371,-1.37629178327,-0.854875552825,-1.46628971265,-1.38029901305,-0.154687696331,-0.961555030254,-0.474785732119,1.64956762424,-0.914293030815,-0.465878630753,2.80898404581,0.0177284445133,0.285713271002,-0.397824615686,-1.02305640842,1.90679304845,-0.710514416136,-0.309791301133,0.0129418806817,0.172528222013,0.0979859890053,-1.86736402482,-1.00760871487,0.0340036191988,-0.729627390035,-0.553682039967,0.870837297115,-0.613848997989,-1.40649121998,-1.36361049036,0.801473413047,0.745897102097,0.508689443622,0.406285123818,-1.14764433184,-1.22765887394,0.442086540414,0.266670531122,1.3001002858,-0.818772460697,-0.374350935577,-0.761161366753,0.102442191363,0.766729863863,0.535089354139,-1.36205272135,-1.32285497547,-1.37869109399,-1.28475662096,0.315805044667,0.740714634039,-1.39918135659,-1.45964806264,-1.30879070908,0.644899023786,-1.12175536454,2.49545133236,2.49128745389,2.51206038913,0.135098612986,0.101849523119,-0.29986478353,-0.462276979541,-1.10639271876,-0.983156639005,1.27711927786,1.26301023029,1.23166389517,1.27162013592,0.165362966173,0.111870713305,-1.12832328504,-0.209475759019,-0.231205518686,0.295045864709,0.571145648646,-0.824628256484,0.135767745396,4.84217192934,4.86051103907,4.84143504644,0.509212040096,0.988715942051,-1.99739813464,-0.278083796239,0.328928103999,0.296243398793,0.0068342718564,-1.30721844696,-0.992205436073,-1.26290664561,-0.831123516002,0.213825587341,-1.04515178931,0.642981882338,0.879890093684,-0.185154061987,-0.185154061987,0.185154061987,0.864178697834,0.812197458153,2.94086292549,2.93667255745,2.93933993418,0.886340342033,0.496785446019,-1.06204988504,0.761652924061,0.989660089852,1.1127911453,0.977630334605,-0.500128107318,-1.12422592594,-1.30596128815,-1.13985102935,0.426845087577,0.499061990009,-1.18686456923,-1.18564793514,-1.52625388635,-1.18353069417,-0.728912265794,-1.15495424985,-1.15377651347,-0.797648116765,0.633941192565,0.195499577101,0.720700205648,-0.434274387924,-0.387261465171,1.24833928904,0.755396739212,-1.53557352199,0.231807147452,-0.70144328377,0.799358129581,0.566694539299,-1.18238220201,-1.01762558339,88394585000.0,01030329,-0.03855422
314,600217.XSHG,600217,2011-05-31,-0.248986993274,-0.0316446311466,1.10932738906,-0.377877491323,-6.55308687179,-0.91213851392,-0.726573949194,-0.515777827911,-1.13696011418,-0.521508794402,-0.983411467886,-0.881521025751,-0.976979517327,-1.12777125016,1.27950247617,-1.5491464815,0.291903122241,0.458807355685,0.0426374171886,0.0955387093729,0.478354181175,-0.506461188942,1.54966488904,1.02955417484,0.518893887777,-0.837303372219,1.54745320863,1.1152265201,0.139821742153,-0.829687759114,-0.829091619899,-0.817805691044,-0.836781781055,-0.818498503791,-1.01478089822,-0.725482483838,-1.02955417484,-6.502655192,0.500561181568,-2.08348422026,0.0433851698918,-0.164359512909,1.25585372861,-0.728313237427,0.334775719699,-0.836139042504,-0.498110552632,0.987975332723,-0.619558894234,0.521059841733,-4.69881324506,-0.569881294445,-0.391414474814,-1.02871933383,-0.161110085848,-1.18010407881,-0.830439152624,-0.85320297923,-0.814531556749,-0.837785286827,-0.80992568974,-0.208088154483,0.754280806686,-0.789315497758,1.29511349696,0.857097776169,1.1806646129,0.245107766533,1.12777125016,0.864394702846,1.1806646129,1.40800427106,-0.105866585405,-0.348136867203,-0.348136867203,0.921816460296,-0.205461364345,-0.83877793768,2.70924196882,-0.14301051747,-0.247407185737,0.758345870723,-0.182045756911,-1.14627572588,-0.685361055901,-0.390272740191,-0.0972461221874,1.75875734368,-1.82289810365,0.0,-3.39260205,-1.54113363801,-0.371929656666,-0.0573112245862,-0.334775719699,0.101927957354,0.509465153836,-0.977598354474,-0.279015417572,-0.811029560488,-0.539209038823,1.33776285315,0.764319673316,-0.275555710894,-0.494289561795,-0.118340758846,-1.03477798478,-0.393056769424,0.277008123121,0.386944846315,4.97271435304e-15,0.0,-3.17639968734e-17,7.07524537002e-16,0.0,0.0,-1.40813480643e-16,1.29218272646e-16,-5.33335268292e-17,8.24238019279e-17,3.70922870209e-16,-0.645468447571,-0.516474473686,-2.17684571318,0.517328569751,-0.0317551033947,-0.531923940314,-0.33749910792,-0.664524207676,-0.546922113846,-0.315919297863,0.0144959038185,0.0451090698787,-0.202127780647,-0.725902238329,-0.812736613271,-0.735653286242,-0.802665959105,-0.69797887467,-0.316602765068,-0.825529268117,-0.800880514417,-0.329905547687,-0.428133188682,-1.23364691175,0.752503974503,-1.02998812687,-0.738448716289,-0.995546024671,-0.800128854695,-0.31375416787,-0.668943773251,-0.659780856262,-0.75814184304,-0.53138355315,-0.571641919949,-0.959409971305,-0.79799667803,-0.895848445771,-0.43418283505,-0.527720611685,1.1312243181,-0.275506032888,-0.273028318534,-0.274267731226,-0.332626012484,-0.47416869748,-0.472180422518,-0.371220149417,-0.416694974194,-0.431785120722,-0.167648456477,-0.133069177406,0.0140654698324,-0.264911281688,-0.205679551926,-0.773424477012,0.729850155391,-0.758100741089,-0.213185539081,-0.358017475197,-0.216046014561,-0.0438409115424,-0.33207559744,0.160599267617,0.161189081899,0.160948573333,-0.574535597019,0.308116354194,-0.0247500921887,-0.954482669268,0.317209386109,0.285311902166,-0.951955192591,0.0362314452973,1.20855035981,1.03639099347,0.376932073454,0.418147815245,0.839492888832,0.381923460541,0.366262318948,-0.0880343627755,-0.0880343627755,0.0880343627755,-0.0737033004748,0.266415311566,-0.163608607283,-0.162563263356,-0.158920155803,-0.647696928332,-0.705698530934,-0.734253638612,0.312246976634,0.226457340254,0.580905693219,0.0922271538707,-0.452611290404,0.541876580954,0.427648048081,1.05956762773,-0.140401938861,0.527824038759,-0.826942301744,-0.813968005353,-0.696952562526,-0.828912656794,0.834409905831,-0.842251157577,-0.842066338376,0.717174234518,0.324241079589,-0.30581149763,0.736264796482,-0.0624240953671,-1.24413039087,0.515056688124,-0.0214824339289,-0.737353108132,1.25709371078,-0.671971569098,-1.11807958636,-0.617787489215,1.14042757579,-0.0245236445929,4215904000.0,01030329,0.07053292
321,600284.XSHG,600284,2011-05-31,3.18559523312,-0.41516404407,0.40359593025,1.42014116443,0.145361642023,0.324091540202,2.22664935121,1.60953336692,-0.36054707145,-0.302220810796,-0.495178018831,0.596698142815,1.02088870912,-1.35915667081,-1.81702348792,-0.262662267001,-0.605843963644,-0.595699219288,-0.526783106563,0.611079496567,0.603378148543,-0.23437019995,0.5056555295,0.17823185733,-0.211679739512,-0.941100443556,-0.139687797938,2.94415519258,0.0709776697194,0.405287994597,0.654762099832,0.445442801302,0.387407583169,0.593241650811,-1.12734920008,5.36691024272,-0.17823185733,-0.0329418691263,0.444009724645,0.657962956588,5.21854218944,-0.342849351811,-1.24322371538,0.117899181922,-0.357122116407,0.931928722873,0.108080591609,-1.70929263933e-16,3.0036356887,-1.49782494786,0.570021360178,-0.376787485397,-0.168522301399,1.60037176017,6.52451780833,2.46164991153,0.41219626984,0.769783486118,0.421894147274,0.379358714156,0.650486600317,-0.106978822556,-1.14970257898,3.02322098578,-0.107237835126,0.258672853357,1.29702464706,-0.283709957183,1.35915667081,-0.283894227801,1.29702464706,-0.814440274194,0.00567685132303,1.92294116812,1.92294116812,-2.3899277365,0.875696658579,-0.516154865774,-0.49329650334,1.08052869025,-0.198970184565,1.03305192112,0.600094525148,-0.0372125901574,-0.282393977489,-0.326413067925,-0.526455958345,-0.173999413814,0.0917751102478,-0.292803626905,0.194214272288,-0.556453772794,0.318115025294,-0.56009058684,0.357122116407,2.14882952412,1.98682603242,0.16039264285,-0.0999092016705,-0.357137295009,-1.67021303215,1.42143811223,0.249926608921,-0.614285348781,-0.126498512627,-0.616214014932,0.0352985838234,-0.584542606444,-0.377618002964,-0.248000121525,-0.182308337557,0.116508061886,0.168949728053,0.344415218248,-1.62017570915,-0.39563528953,-1.00965579,-1.28024695735,-2.23631167032,-0.182934733754,1.16996036934,-0.0349033841908,-0.239895152731,-0.265360621901,0.106539410612,-0.761603434962,-1.79174379895,-0.40701568963,-1.13135372516,-0.674569472228,0.0378741573811,-0.484377031883,0.302489451426,-1.51804448303,0.132608731057,-0.0540228467066,-0.257417906272,-0.341030529795,0.0418820832484,-1.66571920014,0.408767458731,0.430419217326,-0.293948030454,-0.359625316481,-0.245731325082,-0.897816066791,-0.429131263251,-0.45585513192,-0.26963899016,-0.100497247524,-0.4616095634,0.852031284691,-0.554258622657,0.502918383021,0.579881428816,-0.322143118785,-0.419081445048,0.332982314286,-0.0657475343006,-0.665321439255,-0.148313068479,-0.868770176081,-0.377520275252,-0.374848974401,-0.378681913051,-0.661919157571,-0.668001919824,-0.790521686025,-0.647422418693,0.220110389623,0.218629214888,-0.691312769327,-0.672042715686,-0.573555426513,-0.744849167774,0.0674645838111,-1.78186916668,-0.434347942189,-0.609634613719,-0.23048474929,-0.801579174058,-0.725103732331,0.432507582435,-0.662424962849,-0.37920622617,-0.384736721194,-0.379269002383,-0.397354173581,-0.547726451425,0.401639169568,0.183209990666,0.119393789965,0.11714780502,-1.01363479649,0.457971454765,2.12557644088,1.83653658225,-0.931794815123,0.418147815245,-1.04515178931,-1.79307615667,-1.54921969123,-1.24470807369,-1.24470807369,1.24470807369,-0.795900403337,-0.459851003623,-0.414173892592,-0.413849417442,-0.415782023708,-0.394506310893,-1.05937028886,-0.538659888728,-0.379146788639,-0.725269238899,-0.64401969357,-0.764952792505,0.0207627334386,0.0738480398514,0.302755798486,-0.246337199907,-0.55211058674,-0.173613212147,0.412365924598,0.47304427809,0.509379907512,0.406408456725,0.284636489876,0.375806877929,0.372709980178,0.225945900156,-1.42755407973,-1.27298006516,-0.86847949512,-1.39630288598,-0.700621937499,-0.332787478785,-0.857851424104,-0.959986012677,-0.389345084287,-0.430181965992,-0.297931857441,-1.16785110186,-1.18238220201,0.0990419043744,5224600000.0,01030329,0.08410596
344,600449.XSHG,600449,2011-05-31,0.378421412453,-0.266057674604,0.00600074219016,0.0187885075212,0.186069251948,-0.0980846779754,-0.221968337815,-0.515777827911,0.537220219361,0.140065612992,-0.798785373706,-0.881521025751,0.636683280955,-0.84579618557,-0.362140240942,-0.495522484701,-0.896780519254,-0.831782780849,-0.720761526742,1.04454856074,0.371645826861,0.681393100953,-0.625567913746,-0.464246435463,-0.403305608965,-0.901773602863,0.722810988888,0.847186770937,0.0954666252372,2.86595199565,2.85560085871,2.87034902854,2.867134294,2.88165209627,-1.06934722049,-0.547139240875,0.464246435463,0.01433802441,0.943278301483,1.65604671918,-0.0342732487689,-0.269145877571,1.19012312777,-0.740609235019,2.5205944463,1.07852506733,-0.093983123138,-0.545460230229,-0.311485008521,-0.184799434026,0.340272313458,-0.19152545322,0.0360772047961,0.479391327534,-0.330267506085,0.263911079245,2.86307668284,2.88842263441,2.86633893564,2.85622753565,2.9170533905,0.276063819026,-1.34109368408,-0.183471016426,0.0212729709852,-0.285141365946,0.778655397431,-0.174579986669,0.84579618557,-0.282604930455,0.778655397431,1.68426361156,-0.200638774241,0.905334993223,0.905334993223,0.70650392165,-0.0881642012408,0.233636291076,-0.433804414367,0.037138708617,-0.265578925066,-0.17992020929,-0.182045756911,-0.353685134968,0.50556395279,-0.133348942467,-0.040703509041,0.922328822005,2.15616396092,0.127970868062,1.12967794927,-0.397576251659,0.426678089482,-0.103401527569,-2.5205944463,-0.183628965972,-0.0285550642557,-0.806120258987,-0.0483854957262,0.818782880325,-0.770839453665,1.5687065682,-0.23556866548,-0.620927106387,0.0928856219646,-0.590350469161,0.536185488277,-0.567646797295,0.0991205888587,0.224245886251,0.421613250325,0.253963946131,1.88557762185,2.00134698367,-0.136414341415,1.43069158224,-0.855616494786,0.0614908863265,1.366581103,-0.383533269246,0.155639994982,-0.331557733817,0.465309712741,-0.326211334761,-0.455045768971,-0.106570792021,0.0979859890053,0.637733513181,-0.587110267591,0.0641063975927,-0.276058733627,-0.455216439422,-0.452601257846,0.417244137615,1.90375483753,1.68022011768,0.399551908636,0.15797782583,0.416443802555,-0.48169861323,2.89360704625,2.82778361601,-0.214966064633,-0.257364459914,-0.0517877308595,-0.271228395522,-0.0979046265472,-0.627100229883,0.385209880909,0.129092238272,-0.287699917267,1.15250750343,1.65927587615,2.17189210272,1.13048437367,0.465455045395,0.455541245181,1.90604601434,0.882468790296,-0.953530140462,0.482706736402,-0.183647197891,-1.07350399163,-1.0713310202,-1.07380434387,-0.525054204464,-0.552113882646,-0.5925482734,-0.64495811857,0.320975971811,0.328157690676,-0.786083689713,-0.769788493642,-0.677859486527,-0.832348840261,0.139079756333,-0.816679739247,-0.602706982764,-0.699488436834,-0.213783713451,-0.887867392336,-0.757478043889,0.388885295562,-0.524914529166,-0.843924068321,-0.847208892278,-0.84322217251,-0.237090277063,-1.69198648634,0.467339304082,-0.267930501948,-0.719169514331,-0.597021357158,-0.3068797671,-0.415343410262,-0.923320276049,-0.73759185398,0.175589475212,0.213825587341,0.404574886184,-2.40903370956,-2.36591474457,-0.504991868414,-0.504991868414,0.504991868414,-0.623063824636,-2.00008978584,-0.974800155999,-0.97433922831,-0.977440270836,0.216129884107,-0.281292421421,-0.594346782701,-2.10269267493,-1.60322562388,-1.90374839586,-0.952032517396,1.00869202245,-0.385399522134,-0.419132013239,-0.0522708478114,-0.0594823773304,-2.50718524879,2.86610808198,2.87501707045,1.84027477397,2.86357334986,-0.360349081914,2.86756671427,2.87104313466,-0.417732606939,-0.0863695471997,0.139050525508,-0.248297588882,-0.526893312152,-0.262968180263,-1.58528789879,-0.994801940401,-0.33009779494,0.212116896472,-0.525021930615,0.324026931091,0.350535356054,0.366157649856,-0.107514148535,6417953115.86,01030329,0.06141684
378,600820.XSHG,600820,2011-05-31,0.816298990102,-0.323030632369,-0.211019964626,0.422137866113,0.159679583628,0.562648808418,0.571156055936,2.27920689435,-0.445050291321,-0.213726421473,-0.721578097957,2.47490602758,0.892820233063,0.423091605084,-0.494950501354,0.245794867179,-0.107095582597,-0.194357164634,-0.188885213348,0.75300135695,1.08436207396,-0.336498535153,0.288783795204,0.543966097663,-0.726674263666,0.12975008744,0.394720740791,-0.12821440536,0.0647902375896,-0.266729430434,-0.215464263523,-0.258493472545,-0.27527582007,-0.242687537727,0.180625754331,-0.327084170298,-0.543966097663,0.159221718425,0.605585315855,0.608715402513,-0.315396724321,-0.21884654394,-0.589861543018,-0.239510698255,-0.605181951538,0.277814942738,-1.12450806835,-0.411207638773,-0.286217860663,-0.224996331546,0.349071471349,-0.0411913454764,0.202103043156,0.115699045855,-0.0904728809728,0.842263403529,-0.257403235116,-0.208290468095,-0.262111200809,-0.274307557014,-0.259274241065,-0.322698467901,-0.675793082542,1.41253141521,-0.0908694563852,-0.270411761437,-0.0325042630508,-0.248229488458,-0.423091605084,-0.259058289459,-0.0325042630508,-0.789700631761,-0.218371964031,-0.013745009241,-0.013745009241,-1.0699092909,-0.340560610862,-0.526562061642,-0.591379127358,0.793778613903,-0.253669121248,-0.905676459478,-0.182045756911,0.386361350225,-0.283891996368,-0.43037067394,-0.585568690271,-0.114631458806,0.0453843495586,-0.172080777579,0.205335169147,-0.148046556,-0.385314144031,-1.17822739313,0.605181951538,-0.290712812218,0.503946997753,0.97101636697,0.714247135909,-0.326043251911,-0.00396843506432,-0.165602634968,-0.273582281932,-0.667419409626,-0.56526678181,-0.726134084457,-0.91335085643,-0.663389715805,-0.719162068748,-0.401051209967,-0.0285285512733,0.594763659137,-1.11852119229,1.34367252909,0.748452833704,1.43069158224,0.203443295265,-1.88547221647,-1.45568490277,-0.353874085334,-1.58233582432,0.768002277117,-0.209485908018,-0.291439498841,0.43586405296,0.011704904348,0.727895918325,-0.154955566022,-1.35714438374,-1.06228746895,-0.147068957432,0.526086097899,-0.122959507346,-1.34659342537,-0.559044306975,-0.593957782247,-0.565365907748,-0.390716623714,-0.602429073823,-0.343867463045,-0.241911404109,-0.277388505699,-0.741808241447,-0.901067018995,-0.959061424178,-1.37903504688,-0.692420786078,-0.568333600936,-0.80940678312,-0.71114054845,-0.472572822208,-0.360194222002,-0.935483121263,-0.587165336135,-0.254493802999,-0.744728337105,-0.263532323853,-0.357629785154,-0.686828360327,-0.891365508658,-0.312219085692,-0.564753640592,-0.221910086875,-0.219731953827,-0.220041443401,-0.582034443773,-0.575760103966,-0.789957471102,-0.642318244901,-0.0182806862776,0.0178982341717,-0.515205748175,-0.495576141808,-0.384444848198,-0.55995042661,0.151484746334,-0.260240436972,-1.20861280901,-0.452825022673,-0.214867799773,-0.669429802064,-0.660553186843,0.195021203308,-0.582133849222,-0.562482071968,-0.563443996378,-0.561693740104,-0.104586412828,-0.556596027786,0.189552238547,0.0665280149219,0.282043658324,0.235719326713,-0.91876164552,1.0151965183,0.743142245452,0.176063732673,-0.931794815123,0.418147815245,-1.04515178931,0.0697057735537,0.0233956106817,-0.777365160188,-0.777365160188,0.777365160188,-0.100765395261,0.262085670784,-0.46543076964,-0.464920777471,-0.466154866552,-0.260464219308,-0.281292421421,-1.10488181297,0.30113529112,0.225546597116,-0.177957903414,0.00433193829689,-0.417961859309,-0.23037875139,0.222598432063,-1.12217152292e-15,-0.528887842718,-0.113246354015,-0.264538877636,-0.255780833614,-0.0377750485791,-0.266161544847,0.50884576007,-0.28156730746,-0.29155191404,0.540525621668,-1.39867957922,-1.07398959787,-1.00786710989,-1.33045532046,-1.15155530012,-0.043283315228,-0.430474926037,-0.340957936626,0.17142948461,-0.64232419031,-0.00628796955423,-1.0237449797,-1.09643824023,-0.376092495564,7584610727.98,01030329,0.03191489
388,600881.XSHG,600881,2011-05-31,-0.471599483774,0.255514101825,0.221364802389,-0.40865533738,-0.472373560032,0.748448786036,0.0330273098433,2.4155476125,-1.10137981107,-0.0454572157782,-1.22473082735,1.44884801646,0.150023071949,-0.346119784348,-1.11124088539,-0.376626797075,0.217090865084,0.883757766495,0.0426374171886,0.641597140866,1.18390344925,-0.601052377636,-0.13611726362,0.0496333199414,0.207501849916,-0.19260106578,-0.187008506798,0.216408129279,0.0389737104271,-0.696953813943,-0.704764473766,-0.695087058985,-0.69979616323,-0.7063715735,-0.203157378923,-0.492021280489,-0.0496333199414,0.0157686476881,0.114395518577,0.483954932189,0.301211119845,-0.196561731794,0.262007043887,-0.714245443865,1.0055384129,0.365594516775,-0.841618867701,-0.158714232826,1.76773790719,-1.33199080405,0.420233396543,0.51801552716,0.819679395189,-0.30295118061,-0.468929261583,0.255702207545,-0.698560881768,-0.724678198805,-0.674492371758,-0.701749143495,-0.702520408722,1.44017836827,-1.95389247865,0.367908657999,-0.108151419055,-0.801233357894,0.0897367836608,-0.619666092332,0.346119784348,-0.801513183183,0.0897367836608,1.4657301034,-0.376025876572,0.141508353384,0.141508353384,0.242310432819,0.0238178203941,-0.852969568409,-0.54616513974,-0.0547579433239,-0.182180210418,-0.49400018595,-0.182045756911,-0.519571507057,0.00522564725183,-0.972435333879,-0.575288215153,-0.16608368648,0.311076888051,-0.34006648738,0.162159922517,-0.308415554897,-0.547415157681,-0.820830015143,-1.0055384129,0.792434138325,-0.691402661619,0.56570450491,0.997627518603,0.445654363152,-0.977563372288,0.114430565416,-0.659113527423,-0.401749105401,-0.558814307264,0.166158244631,-0.981653616128,-0.449376133253,-0.349155997482,1.90964754297,1.0561414947,1.83641061352,0.598106701501,0.512657520584,-0.740135082258,-2.78390889108,-0.587427042563,0.0251773707794,1.366581103,0.0240856275412,1.95709436208,-0.0465368880977,-0.833599454258,-0.551262383911,-0.415180154371,-0.0694366636419,-1.16183386963,0.175623286567,1.27199723294,0.0664219959307,-0.690261988087,6.26265504892,-0.0612531698144,1.0290578886,-0.655032471786,-0.695493598696,-0.141006909658,-0.498993694365,0.164677660641,0.191887374768,-0.699523025874,-0.649994135883,-0.265153408541,-0.213403222683,-0.103300697305,0.7368822719,-0.424615171919,-0.691192843531,-0.0724311300641,-0.153056988086,-0.0178947784225,-0.570505138963,-0.0765339087432,-0.699124571621,-0.655798641651,-0.104211929071,-0.000190390601218,-0.419723740104,-0.220779430179,0.433276357591,-0.147639817475,0.272377605342,2.31370853149,2.31766066334,2.34018904618,2.5748007154,0.52068295042,3.810536963,0.184996843269,-0.701390554057,-1.37078663536,1.05648371684,1.14939101108,1.24876632065,0.743973604886,-3.15195685851,-2.67550073236,0.302261760289,-0.88055321608,-0.234791679219,0.232436135013,3.59720370185,-1.40060294571,2.57795656398,-0.0441700009086,0.00262565891507,-0.0366951328591,-0.852216383705,0.256293960051,-1.37668523731,-0.828647723794,0.322599613374,0.291084007247,-0.501310595914,-0.102707396374,0.000694561910049,-0.357265989225,-0.428438319516,0.418147815245,-0.320288451562,0.611409307249,0.542132771658,-0.992050811077,-0.992050811077,0.992050811077,0.359560837053,0.0251924679925,2.46007668118,2.46205029033,2.4675085859,-0.349825613698,-0.13982371825,-0.430238540593,-0.00258411291007,0.292030846186,0.207904942332,0.373653119332,-0.246438765333,0.23061088152,0.186969661473,-0.283735403175,0.0939857566075,0.237973935079,-0.695912970223,-0.696487602362,-0.605411740995,-0.695035967459,0.167924814981,-0.704428470601,-0.698815085035,0.109793387598,0.391839928028,0.781757691512,-0.153312778751,0.108879344022,1.24660768048,0.617660152516,0.183013812125,-0.726492966447,0.284146527106,-0.673311858966,-0.198031741148,0.197642275222,-0.408112276075,0.408704560146,14115753832.1,01030329,0.11812081
395,601618.XSHG,601618,2011-05-31,0.070794412593,-0.192466143312,-0.444607137611,-0.34692081094,0.869859184203,2.18780914564,0.784495087016,1.8220644864,-1.44765240378,-0.33932537655,-0.718967223898,1.20537662399,-1.11081695972e-16,0.924841352369,-0.770091470954,0.145162726039,0.242028284136,0.214854342072,0.0426374171886,-0.50918470825,1.80265263807,-2.33327707418,1.29849391265,0.814537420328,-1.97224241511,0.0,2.04085046634,-0.184622155953,0.0311031071048,-1.21709563261,-1.15874635289,-1.22116577422,-1.20486731391,-1.19591249341,-0.0867492247609,-0.294367649388,-0.814537420328,0.209463695401,0.676678575987,-1.13907850918e-16,-0.321609397813,-0.256073999706,-0.792749997615,-0.0323704311238,-0.512854748328,-0.781332506431,-2.45812858568,-0.0293883419742,0.607278888524,-0.988210787499,0.401421403811,2.01811586934,0.824351978663,-0.0160383806192,-0.107993465317,0.339283446668,-1.22706719066,-1.15591216578,-1.22747102345,-1.20338330209,-1.19221835589,-2.88929747131,0.168443534805,1.87395236362,-0.0540215712207,-0.520328683224,-0.0803925081543,-0.989915723654,-0.924841352369,-0.43046697867,-0.0803925081543,-0.587660218556,-0.26782832471,-0.0361373211581,-0.0361373211581,0.0853187707821,-1.05300799818,-1.357718568,-0.605161461304,-0.0147809306064,-0.254326952709,-0.972940250184,-0.963248220886,-0.119551820964,0.543014424762,0.523069084089,1.13127065436,-0.216216626265,0.0348409948565,-0.175051585952,1.03809409278,-0.35383925196,-0.977577709959,-2.45321686022,0.512854748328,-0.470416738104,-0.390203308755,0.830716107026,-0.954139532763,0.192863830954,0.0313987895675,-0.224175316323,-0.407529119677,-0.561151287936,-0.733031120028,-0.558021036948,-0.799512923599,-0.601438415593,-0.583967542708,-3.30311759393,-0.0673467497528,-1.61589047922,1.02726367495,0.696194577677,-0.7473749046,-0.746851995641,0.905910678163,0.658336103396,0.165616845225,-0.407735757244,-0.926168098615,0.927058127755,-4.51311806445,-1.24573321798,0.0216083186383,0.50740446082,-0.531923940314,-1.54728767738,-0.616433729744,-0.125049041642,-0.711058804211,-0.55607968868,0.81481443804,-1.43251785334,-1.38107379316,-1.37090311806,0.746567546163,0.73468719431,0.511343604756,0.693233741025,-1.18184748847,-1.25843470317,0.383436261034,0.223598210963,1.24696606505,-0.321768607399,-0.61984873636,-0.708926037294,-0.402314436519,0.812971417466,0.441488880966,-1.35044201063,-1.38976827784,-1.40733182865,-1.30911021275,0.367217320897,0.489652894566,-1.36396615187,-1.40765301651,-0.842059708838,0.477749160825,-0.705904174926,-0.668684648603,-0.670771142284,-0.647742231324,0.336651446688,0.008441844315,-0.0189257673995,-0.455078464168,-2.23417417485,-2.08096524756,1.51991779266,1.55706656549,1.7518625798,1.40427912768,-0.0827847398702,-0.159906859817,-0.803119592986,-0.217426340608,-0.231710047955,1.29097750903,1.21918980241,-1.69839240735,0.337560014416,-2.78738225791,-2.73402595861,-2.78884226255,0.566602889445,0.959709307401,-1.71720520516,-1.00961232109,0.328913742825,0.296194725288,-0.473421586632,-1.13824530034,0.0380178962684,-0.656304198933,-0.931794815123,0.418147815245,-1.04515178931,0.705542355199,0.918882778153,0.0930610162056,0.0930610162056,-0.0930610162056,0.800763189051,0.838670118935,-1.7281519311,-1.72885205587,-1.72210795367,0.811872513375,0.461418270226,-0.611985994279,0.799926507496,0.992392319265,1.11506092674,0.939730562752,-0.496918269244,-1.02478663427,-1.20213981686,-0.0684430438193,0.480761458386,0.516675957848,-1.21938510212,-1.21886644072,-1.53126982178,-1.21605838438,-0.679770507943,-1.18932413984,-1.18796050173,-0.746831392521,-0.66787276301,0.12271356643,-1.05705005104,-0.516927493734,-1.97001846061,1.22826148881,0.728337134937,-1.4867028844,2.96782302544,-0.713170488937,0.79130166859,0.494641478217,-1.18238220201,-0.596787945154,74720100000.0,01030329,0.00767263
424,600318.XSHG,600318,2011-05-31,-0.460668704104,0.233065504313,0.254497734727,0.426145589214,0.159550788043,-0.849949752376,0.385404916047,-0.515777827911,1.15352189812,-1.07343920999,1.59613210252,-0.881521025751,-0.976979517327,-1.2243891767,1.7375947364,-0.71778984544,-0.364782246138,-0.0527070276974,-0.10753942424,1.98348462661,0.503040442248,1.85813009975,-0.363181038647,0.00539542307977,1.69260233818,1.41915470032,-0.0810101189512,0.540032158223,2.15377163383,0.590195059616,0.412613815931,0.624533712999,0.572386005267,0.577646241319,1.83923985366,-0.64365645065,-0.00539542307977,0.0774871224149,0.072385864862,-0.678287343984,0.194042502093,-0.372875533543,1.82990097596,-0.732296447915,2.12570098679,0.907867316791,1.76500305253,-0.425987740585,-0.86324408015,1.67926586381,0.218945074311,-0.618222262025,-0.435157809472,1.7224107258,-0.332248125833,1.38927276314,0.574547249935,0.387335659888,0.659249599309,0.565818771086,0.605849058064,0.141965364954,0.241073718231,-0.312901428347,0.0883452578239,4.27165633087,0.438816886126,-0.0650209899307,1.2243891767,4.16506376534,0.438816886126,0.257610897913,2.16442085523,0.648072209642,0.648072209642,1.23410441005,2.21769706935,1.55629627502,0.392461378671,0.0360535029274,-0.196473342632,0.355419358588,-0.182045756911,-0.33617043306,0.180493856078,-1.63776401238,-0.392809781817,0.703327032419,-0.475457372725,0.345920173222,-0.505748059436,-0.580325225763,2.18859713464,1.08730852835,-2.12570098679,0.502569244174,-0.148783980124,-1.20363766216,-0.93532929091,-0.47626382376,-0.366607020022,0.808935215769,4.6417705639,-0.0563777099083,0.228387587448,0.18555590396,0.141547321132,0.102553632275,0.00661907104232,0.0324804796237,-0.332355604757,1.78074666039,-1.15428427341,-0.36934000378,0.426682951842,-0.220026936475,-0.94065836176,-1.73835592272,-0.825178667437,0.636163579378,3.51733024754,-0.61198980855,0.511647609446,0.510244495983,3.27498912752,0.502355922482,0.727895918325,0.869288745781,-0.492102250213,0.778323759968,-0.188415008535,-0.468079500763,-0.844761271371,-0.210879342755,1.23123962675,1.04127373682,0.187029247923,-0.592435860685,0.328802318558,-0.398692754945,0.490685408023,0.795246074924,-0.473018602831,0.0632160629861,-0.524293663958,0.339891957638,0.0399619944413,-0.381683073388,0.458024028398,0.277302787403,-1.26075518027,1.55750816376,1.34319565671,1.05229974785,1.10454250415,-0.319707551044,0.15945212852,1.64347295993,1.0631515756,-0.558311081254,0.523101796656,2.13882197857,-0.639328028555,-0.639173928586,-0.637594671612,-0.128264877835,-0.166829579544,-0.211967301358,-0.519921536875,0.426069618532,0.433898217664,-0.50115106396,-0.503708605392,-0.502437069233,-0.468864286578,0.177190753609,0.086271109235,-0.998864207629,-0.13181923489,-0.103887743854,-0.659020510321,-0.530476127009,0.384586121428,-0.127481858088,-0.339870221567,-0.345344049649,-0.341988005108,-1.4322300727,0.104815858447,0.440924922873,-0.701465282294,0.0502160153627,0.176578154808,0.11061720924,-0.0121845681359,-0.972335257315,-1.46798431779,-0.428438319516,0.418147815245,-0.320288451562,-0.92921542161,-1.13455266053,-0.346533411805,-0.346533411805,0.346533411805,-0.191694033743,-1.96557636361,-0.593598913233,-0.593913464081,-0.59621114909,-0.36471917943,-1.30694051941,0.168578750192,-2.05824593287,-1.25350025891,-0.753725796772,-0.372246645859,0.280969868895,0.747629281987,-0.0303098468486,0.0235363209758,0.118918702708,-1.70892691518,0.598813319122,0.632133700203,0.274466931711,0.600898662077,0.180210254444,0.551502209905,0.573517794694,-0.214465709961,-0.31631182749,0.39918072701,-0.809625521689,-0.370898877473,-0.391369544534,-1.24101267726,-0.601714711875,1.36408430794,-0.607756496798,1.30234177242,-0.790987270112,-0.357693512628,-0.408112276075,1.19712199475,3995420000.0,01030329,0.20472441
446,600528.XSHG,600528,2011-05-31,-0.0933112384985,-0.127659716893,-0.843858972287,-0.192034235375,0.246211817253,0.884379861031,-0.544230078735,-0.515777827911,-0.508586546864,-0.61835171102,-0.927837148628,1.25754906523,1.20018457559,1.48091276651,0.930260680271,-0.0778351765589,-0.0655332175096,-0.131401548218,-0.120054161026,-0.134973205821,0.589840521503,-0.958689979511,1.31431717223,0.861347287938,-0.954229983642,1.41915470032,0.259068042058,-0.27561568063,0.0843245060762,-0.513981646084,-0.424713280081,-0.519226996132,-0.49939701012,-0.476212285058,0.412835770187,0.0372431166902,-0.861347287938,0.640427928911,0.873800797263,0.638263934958,-0.500223760733,-0.218024659404,-1.01579583647,2.53858545115,-1.19807832878,0.377625219816,-0.962857096549,-0.778246833761,-0.512975215752,0.21989029187,0.587376940569,0.446989412783,0.741239642814,-0.791107043129,-0.148660475999,-0.993538812909,-0.52322899656,-0.41449038827,-0.531595244217,-0.497364025964,-0.470809435162,-0.213556319509,-0.722819971116,-0.553097346451,-0.0130625583726,-0.153756072896,-0.108537353961,-0.33362000791,-1.48091276651,-0.19608629279,-0.108537353961,-0.802070452977,-0.167619072967,-0.0883860489646,-0.0883860489646,0.323688400182,-0.438053411232,-0.620226824453,-0.417186290848,-0.0870879824423,-0.259085403704,-1.01858483878,0.600094525148,-0.279197322258,0.626903481978,0.480000933025,1.10299934779,0.00674302698859,0.20564334103,0.0820583750299,0.606341626481,0.114430103683,-0.726246780538,-1.09947881832,1.19807832878,-0.735049231703,0.195682732935,0.526732210481,1.18164075412,0.0587960087667,2.71905879662,-0.301714389736,-0.0830801126951,-0.773687531316,-0.700768747294,-0.810190608212,-1.0423671803,-0.719709079634,-1.01089762494,-0.444656463072,1.3211503497,-0.486707430133,-2.40599211264,1.49662007667,-0.571608106633,0.798501511246,2.31775787013,1.12668734238,1.366581103,-0.352315029359,-0.0755555580663,0.432504950557,-0.654040104528,-0.497172861369,-0.0182572959617,-0.0129295297119,1.35780584764,-0.934141424317,-1.0979249783,0.0892885295184,-0.401334792657,-0.0638650882575,0.819685991003,-0.315898088048,-0.873024285329,-0.873602006004,0.187319615488,0.587421709754,0.39093135573,-0.165991728028,-0.469459638476,-0.580130580223,0.0759369310477,0.0481303371241,-0.0544870270671,-0.503696300002,-0.0175028209598,-0.256315269398,0.173746981778,0.764491813987,0.393854842317,-0.754285301496,-0.774413559323,-0.921307240494,-0.838980005996,-0.143323166676,0.566062989189,-0.811840244878,-0.798964343148,-0.0121844887189,0.500394876422,-0.954546270022,1.7053917136,1.70521646422,1.69789380219,-0.383439437858,-0.432757245655,-0.628067803606,-0.56460813949,-0.0317710774192,-0.0104792940054,-0.337727976392,-0.324070612454,-0.245439071004,-0.387622954877,0.0820943265255,-0.264681858251,-1.00197620468,-0.275219084381,-0.225319002565,-0.576481705062,-0.480990592889,-0.186688137414,-0.383703209213,0.928431316261,0.923275593871,0.927981223575,0.311532447893,0.790206800369,0.0921949443142,-0.234040094258,0.323097467402,0.295175444827,0.863344899463,-0.591507573623,-1.04617625165,-0.345324904717,-0.931794815123,0.418147815245,-1.04515178931,0.0939698821865,0.357925951923,0.303365327281,0.303365327281,-0.303365327281,0.616470323557,0.510235939608,1.71846957457,1.71599112171,1.71421353055,0.662936856058,0.107746512299,-0.375747708004,0.448056466241,0.718258634744,0.937261380173,0.678464050404,-0.285980045721,-0.778118808019,-1.13668779082,-0.799224150928,0.500653808884,0.31155126909,-0.516960810378,-0.515186442826,-1.29635684597,-0.512864348771,-0.599915151436,-0.481481688371,-0.480481397221,-0.65729716409,-0.21435993825,-0.0771069393491,-0.233729831393,0.333919496182,0.490147857347,0.827000746052,0.642200837356,-0.482139778532,-0.516312168476,-0.319236464969,0.644674078547,0.0447491943898,-1.18238220201,-0.921216790723,13045248000.0,01030329,-0.02796421
474,600876.XSHG,600876,2011-05-31,1.080396224,-0.344687869238,1.06956787025,-0.265129327013,0.32104453843,-0.947860210124,3.02307110247,-0.515777827911,-0.262701237915,-1.02056520379,0.241834429857,-0.881521025751,-0.976979517327,-0.340729084584,1.22888542352,-0.369504013946,3.10151900214,4.23614434066,2.68324687898,-2.02025253278,-2.35976951118,0.747531561574,2.13438086966,1.1890163612,1.80039188974,0.393433330774,0.483052730663,0.152589141383,0.138612703691,-0.169569951617,-0.488894861613,-0.189653601929,-0.205530780263,-0.391237623083,0.545815918518,-0.732428666622,-1.1890163612,0.812795975861,-0.139278159623,-2.17869615814,-0.466054056522,-0.531420974361,0.849200411404,-0.638804236536,0.111188155299,-3.1010302853,0.653652621425,-0.380415759999,-0.519759685374,0.236829159166,0.281793312395,-0.344470153254,-0.821888654515,2.36493375677,-0.873475438512,1.91389429085,-0.149941757085,-0.596303491103,-0.116861255446,-0.188653084403,-0.48837953158,2.12986272078,0.167792425584,-0.433152378429,3.97503582274,0.899480128766,0.27246824524,0.131630330282,0.340729084584,1.08106451466,0.27246824524,0.179268696874,-0.0577276668919,-0.148596487675,-0.148596487675,-0.104902227928,0.483723177778,-0.302334296123,4.8478239218,0.409795349934,-0.147539890691,0.54991926288,-0.182045756911,-0.317246502264,-1.11978653077,0.249809091133,-1.41314693723,0.732351365978,-1.54244486858,6.40339844513,-2.43162572728,-0.418800526821,0.0236563032508,1.20108573343,-0.111188155299,-2.25083953806,-0.27687208799,-0.852887012301,-0.450761104053,-0.821932666509,0.253315670884,0.295726960086,0.931629195647,2.68002642361,0.196125214714,3.677134583,-0.495945102718,2.58623757715,1.73568590407,2.30692992324,4.97271435304e-15,0.0,-3.17639968734e-17,7.07524537002e-16,0.0,0.0,-1.40813480643e-16,1.29218272646e-16,-5.33335268292e-17,8.24238019279e-17,3.70922870209e-16,-0.693101183012,-0.170388307674,-0.646884932691,0.0805400967426,-0.23619049321,0.727895918325,0.601724924094,-0.6920882621,-0.24053950875,-0.479075271975,-0.487033885863,-2.63262120881,1.61899273432,0.997399300011,0.888409040781,-1.11342148863,-1.20567100955,-1.13889462234,2.71148363461,-0.242627930263,-0.0120015026444,-0.550447038777,-0.649841085629,-0.31216922,1.82282908294,-0.374036347171,-0.365448989889,-0.483745730442,-1.18345515124,0.137852842575,0.581871921699,2.0379795167,1.40379967322,1.01506952561,0.0430309346688,-1.02490433812,0.95013256629,1.92921572731,0.982210911971,-1.75983115408,2.45261047413,-1.01055647568,-1.00352324253,-1.00387056226,1.5149836842,1.03423108342,0.836135945266,1.32825339163,0.614956352897,0.297363071017,0.509718527892,0.498443250822,0.301943256537,0.513811804963,-1.17717033907,-0.662840055534,2.62816835781,-0.381667951134,-0.18890046023,0.127396695193,0.290027324177,0.251483690259,1.5194151322,-0.719898313224,-0.71134674849,-0.71237883755,-0.750972729736,-0.514432112022,-0.465724904101,-0.820798118123,0.275590704192,0.248566268925,0.376957821972,-0.386442871454,-0.715709228681,1.01872329937,0.376932073454,0.418147815245,0.839492888832,2.38561262403,1.32252429118,-0.694119703721,-0.694119703721,0.694119703721,-0.8765454458,-0.514157069433,-0.966876459205,-0.955031747876,-0.942672749761,-1.48173660931,1.34559766504,0.193027968927,-0.297661094875,-1.32089525111,-1.99378305987,-1.16652909852,1.0243627603,1.57174653657,2.25361517342,0.0356654679818,-0.797479579769,1.35278202616,-0.165961441318,-0.224729326806,1.44819582148,-0.175779260609,0.911193902473,-0.260636559147,-0.257752015536,1.11886834045,3.91442608698,1.51032558298,4.17547974508,1.20772999316,1.54831267183,-0.858205795002,-0.662237338232,1.77676969197,-0.512210360895,-0.155451888676,-2.0107354642,0.408529283266,2.68896742765,-0.389238127007,5415197560.86,01030329,0.03047091
493,601668.XSHG,601668,2011-05-31,0.326729903583,-0.25645616603,-0.714640536168,-0.4909168346,-0.0428221339542,2.34354630962,0.334955346101,2.83659983035,-0.196623532151,0.0630736390523,-0.256469533426,1.98796324264,-1.11081695972e-16,1.13383463554,-0.362140240942,0.586592644614,0.333465487328,0.301418314644,0.205328995403,-1.37582654879,1.05808315088,-2.7544151354,0.481129477145,0.404565283134,-1.60096729304,-0.0636606044917,0.934176821797,-0.147977704838,0.0554498228035,-1.23913963954,-1.20356269231,-1.24478716702,-1.22750596008,-1.22987187858,0.00136528082042,1.72311640913,-0.404565283134,0.20048921281,1.76731381665,-1.13907850918e-16,-0.483138908628,-0.293215353281,-1.16347058636,3.08023546859,-0.589608688346,-1.55798122494,-2.45812858568,-0.581178809607,0.572387831869,-0.971535218659,0.0340616188594,2.38647944352,2.02470884834,-0.285978874131,-0.133359361652,0.241523247337,-1.24769041398,-1.20119660968,-1.24889894621,-1.22836292307,-1.22834481194,-3.20278598116,1.0841831465,1.36846999838,-0.0568384550039,-0.117140499423,-0.0207422379376,-0.152127614279,-1.13383463554,-0.176000397301,-0.0207422379376,-0.810317000455,-0.197460183618,0.0544271403733,0.0544271403733,0.635976349935,0.717443782101,-0.195897065656,-0.644842684648,0.0111739485528,-0.2669310582,-0.997002094014,-0.182045756911,-0.115525452709,0.372240272572,0.622571364132,1.13127065436,0.0885388761111,0.171904605984,-0.149394604551,0.941931043466,-0.488579821466,-0.634414325558,-2.38157936072,0.589608688346,-0.238401737902,0.486138403121,1.78943454998,-0.0263039074644,0.162173606598,0.725293774245,-0.112608304218,-0.177214973666,-0.7537622585,-0.9911301019,-0.745531743785,-1.20932948179,-0.680285524954,-0.946858112603,-2.71475096464,1.9302974643,0.81287547546,1.52794681064,1.69035363693,-0.587696600726,-0.817095336863,1.4519289292,-0.196428185637,-0.494913496549,-0.379524268166,-0.445067525799,2.02681203042,2.31592946238,-0.0393436884207,0.0285414690035,0.334446403414,0.412940953665,0.182624956667,-0.628749583848,0.0889990797262,-0.79053235154,-0.55476746202,0.728750335692,0.93239290714,-1.35416122359,-1.33023269435,0.67207506715,0.724816959158,0.798047173851,1.15002663183,-1.20825659529,-1.27562797155,0.64161011217,0.424240270723,2.31027249182,1.09457608406,-0.122631275218,-0.128634767666,-0.0746409077416,0.455313831428,0.55245885454,-1.3845449677,-1.21773077209,-1.18688496188,-1.25563819599,1.30712849956,0.334103773371,-1.35365926268,-1.35513801992,-0.256847795053,0.265981117674,-0.290052985312,0.376998140286,0.345916204073,0.404464806722,2.30638134833,1.75799627922,1.32826540869,1.1102349413,-5.55647896894,-5.42027517111,4.80918281788,4.89067483389,5.20271193935,4.49909344151,-1.27257295605,-0.635436009458,-0.383933589928,-0.829479600903,-0.221216770028,2.77427512264,4.07563439905,-5.6029596776,2.30774604725,0.456647879795,0.535537905024,0.470707660936,0.680680529354,0.84011710996,-4.23437042897,-0.998105646508,0.329023845158,0.296206177877,0.0892957229337,-0.767860698008,-0.518590684948,-0.59874770697,-0.428438319516,0.00950335943738,-0.610233786661,0.82569354373,1.00090187307,1.02117483348,1.02117483348,-1.02117483348,0.765041223933,0.867616860164,-0.749245428928,-0.754116906407,-0.733103402089,0.692723987521,0.744355676568,-0.389259969041,0.844373249549,0.958694823161,1.16423952473,0.888122362782,-0.54282315874,-0.773033844241,-0.750488420612,0.401561402661,0.400832013848,0.579774095803,-1.24148643514,-1.24417011542,-1.39500357603,-1.2381849387,-0.679770507943,-1.21354318878,-1.21063602287,-0.676655916183,0.228483933508,1.08736628087,-0.661540390244,-0.0616979984746,-0.492829551123,1.2755033717,0.77460699263,-1.59530430126,2.63016789388,-0.713282861537,0.573777221823,0.891812010034,0.623989535191,0.174819599043,1.125e+11,01030329,0.09242975
512,600170.XSHG,600170,2011-05-31,-0.219665123883,-0.0535472899868,-0.741146882038,-1.74634068148,0.11896501178,1.08020077653,-0.108429327457,-0.515777827911,-0.436155215545,0.116133168081,-0.645116786226,0.979296045267,1.14895718517,0.877983731341,0.95866335245,-0.206775814752,-0.988217722446,-0.926216205474,-0.733276263528,-0.101196395625,0.292012726627,-0.672843698139,1.00208702944,0.780073012308,-0.48714192685,0.581041701948,0.224366188894,-0.304848894441,0.0694841516191,0.267025771826,0.315482039398,0.290831267159,0.252349556721,0.32270955555,0.754784723039,-0.136168336497,-0.780073012308,0.50595564307,0.558728394404,1.20296922169,-0.539052970063,6.05188981758,-0.901862795012,1.59733549461,-1.23923623864,-0.00646611429573,-0.195014980511,-0.131617379504,-0.572445496806,0.378088780469,-0.00396692558804,0.547002103623,-0.225985136472,-0.376497842016,-0.0443600846364,-0.477872417967,0.273061935127,0.344189752283,0.277229083178,0.25741761062,0.334651027896,-0.171084407591,-1.57835648398,0.198700578112,0.519023948682,-0.532140158538,-0.134161765814,-0.239648963977,-0.877983731341,-0.510606987362,-0.134161765814,-0.851549737844,-0.320086863965,-0.137151528251,-0.137151528251,-0.373788595088,-0.326835896247,-0.505747669906,-0.560006965774,0.16175527196,-0.243853163515,-1.0281002043,-0.182045756911,-0.307985855278,-0.210489071304,-0.638285885972,-0.667812491211,-0.159487247035,0.0791230846053,-0.153715780366,0.302806559266,-1.13527989361,0.0768224613975,-0.620139667297,1.23923623864,0.236090477364,0.0877860598273,0.581293422681,-0.200912022053,4.18461209097,2.14571125365,-0.340205008912,-0.480579756188,-0.229063407655,0.544558840242,-0.215329055486,-0.0330041758749,-0.184675123255,0.775093219055,-0.243402307705,0.293961097633,-1.41709064664,1.24184216167,0.99189316966,-0.407103254531,1.43069158224,2.57339080508,-0.824000223554,1.24648467722,-0.313487111497,-0.753773726689,3.71631995059,0.261133355387,-0.19485106573,-0.155187015675,-0.134885184749,0.0979859890053,-0.0619333775476,-0.87741254291,-0.832319609004,-0.411980781863,-0.383124974725,-0.128642985803,-1.29885763206,-0.0701326263943,-0.257094479606,-0.513970848698,-0.476337465972,-0.876620168997,-0.879298224344,0.291418022268,0.263914711278,-0.944424387826,-0.89629980983,-1.03638871591,-0.735713602584,-0.880327936098,-0.907953641032,-0.667468027658,-0.592231236934,-0.848840450207,0.0637930353129,-0.713205356763,-0.20528887401,0.157399553824,-0.702281224619,-0.196673491058,0.109919001752,-0.694280983606,-1.68251975157,0.0230599144179,0.0161350968586,-0.269013274472,-0.267627468407,-0.266987985971,-0.299623803641,-0.255640607361,-0.532061232496,-0.323062834033,-0.120422608267,0.0495919072411,-0.446294647405,-0.443486443901,-0.353056318666,-0.401931068981,0.700276273633,-0.450532049746,-0.482895096218,0.0795566085959,-0.176967505241,-0.551431590763,-0.578776049481,0.0329136773187,-0.299748817631,-0.459469146792,-0.463842194553,-0.460486640248,-0.360300565274,-0.765267297158,0.275912729673,-0.4204652868,0.246064130685,0.212467706988,-1.0961421743,0.798510713168,2.32357560545,2.82293056501,-0.931794815123,0.418147815245,-1.04515178931,-0.847360597306,-0.822073354643,-0.890549772051,-0.890549772051,0.890549772051,-0.40602582445,-0.26241938396,-0.181958416032,-0.181532449273,-0.183057786019,-0.230677087845,-0.847167234105,-0.844312836569,-0.256918247992,-0.263522467961,-0.738593920469,-0.346442545874,-0.622073920638,-0.223975463669,-0.095643994407,0.213559624069,-0.721690624475,-0.58051816539,0.271878320744,0.302089216354,0.312504442028,0.267745037744,0.604057915906,0.243960319912,0.22741024814,0.487289053412,-1.33464528067,-1.37478525088,-0.644664176587,-1.4864164988,-1.43195560081,-0.516440298502,-0.988811646325,-0.628751691281,0.173043439609,-0.627430406686,-0.183530111364,-0.958721485553,-1.18238220201,0.472144399018,14578413202.4,01030329,0.12508935
536,600293.XSHG,600293,2011-05-31,-0.678582864647,1.3441108056,-0.360118160148,0.679638660848,0.153390977584,-0.721151227282,-0.350125633147,-0.515777827911,0.788188428753,-1.14430893058,0.480542915262,-0.881521025751,-0.874524736484,-0.691124569258,-0.814520231904,-0.83193701098,0.774026557253,0.482415711841,0.749720045583,-0.999541031701,-0.400795245412,-1.14655335626,-0.389242877962,-0.0439864152774,-1.25364540466,-0.405997529211,-1.99276675691,-0.0606897988122,1.45535041552,0.0655338740077,0.0624607004223,0.0128039883442,0.0997321577329,-0.0159064080176,-0.456183436235,-0.587461831933,0.0439864152774,0.0288144194316,-0.394567593734,-0.635606130453,0.0775548741025,-0.77138777659,1.0832013504,-0.72632829307,-0.30039094335,-1.31870390891,-0.942650725074,-0.312673626696,-0.636033959111,0.575343206614,-0.278136548695,-0.521000204323,-0.327787806221,-0.0402845327311,-0.190654024213,-0.261456709525,0.0576561611283,0.0469582200891,-0.0109445752374,0.130970600256,-0.0622285928712,0.392876736426,0.423475315376,-0.597770727398,-0.123301685889,-0.663317013788,-0.0131809360792,0.314209590347,0.691124569258,-0.652226122113,-0.0131809360792,-0.488701648823,-0.295285492394,0.0380061116341,0.0380061116341,-0.376840268865,0.0978293450962,0.165043409219,0.238158730573,0.0626743550891,0.210317232741,0.698665206557,-0.963248220886,-0.387305309894,0.779701407621,1.59680264336,0.912810558111,-0.259753126604,-0.429066612036,-0.376526408317,-0.469768687245,0.860418865557,-1.61073832061,0.448628615586,0.30039094335,0.325942440307,-0.261655354549,-0.993187272245,-0.850274284272,-0.754494936673,-0.803965093638,-0.187916037389,-0.595116704945,-0.527942499908,-1.11372711829,-0.719668198015,-1.23209706835,-0.297313850914,-0.953973613974,0.500823789331,4.97271435304e-15,0.0,-3.17639968734e-17,7.07524537002e-16,0.0,0.0,-1.40813480643e-16,1.29218272646e-16,-5.33335268292e-17,8.24238019279e-17,3.70922870209e-16,-0.591437284981,0.209003221594,0.551777522221,-0.29558331057,0.0211024847486,0.0979859890053,-2.18894073013,0.831558831393,2.09503086491,-0.0101565846185,-0.368139670265,0.918740901251,1.78686360748,-0.402353346348,-0.143217293201,0.285041499721,0.876810700073,-1.6565643767,0.874998394203,0.111643072502,-0.112447024049,-0.384586902259,0.472568500244,-1.06846171991,-0.141054653059,0.784452933145,1.78214322648,0.0638598677178,0.578423790406,1.60942267366,-0.769121209627,-0.101034879999,-1.08968004425,-0.836862302362,-0.752793193708,0.705238518679,-0.92395292676,-0.367318801856,1.78868016826,0.491826227278,-1.25421971215,0.131152644318,0.132325776053,0.124562740424,-0.854116050221,-0.495699980398,-0.689297127263,0.0588754678815,0.508118713957,0.505621760162,-0.655902966281,-0.655199881762,-0.637756237415,-0.672720927716,0.159758365346,1.36340528225,1.4857542396,-0.440747066901,-0.208135498977,-0.493190176467,-0.63049986056,0.592322215553,-0.85533276577,0.494758200556,0.478909476972,0.492669059308,1.82309637962,1.24221645717,0.635138289683,2.38779586868,0.246767828205,0.179077682455,1.67240172906,0.761505846006,-0.943003088671,-0.758546831074,2.89371455149,-3.25965228702,1.85430156168,0.898193530971,1.13051893455,1.72876121345,1.72876121345,-1.72876121345,0.583634981883,1.237615591,0.35400700938,0.353308710966,0.348202183211,1.4820829713,2.08830835669,1.65372062762,1.27032119423,1.32572430775,0.474225965278,1.07520208767,-0.94103931465,-1.35978216467,-0.746834187731,-0.799224150928,0.28138790022,1.0730209357,0.0523612918948,-0.00514892674984,-0.157739504193,0.0625364204793,-0.24978012675,0.138963451327,0.103292354852,-0.308839626415,0.293958870007,-0.84065870104,1.17793775121,1.14179374405,0.853665112593,0.61485516572,0.367266995439,-0.959986012677,-0.641586568154,4.78242113165,1.0652213423,1.67560872326,1.14042757579,-0.532759002687,4450973592.0,01030329,0.01470588
550,600425.XSHG,600425,2011-05-31,-0.428597556625,0.174469756366,0.284317373832,-0.158741245015,0.228910442786,-0.274158451181,-0.300995006206,-0.515777827911,2.01697961094,1.50662676971,0.850168085631,2.16187138012,2.96752954514,-0.601141350117,-0.58571211301,1.10363364564,-0.339844827085,-0.241573876946,-0.320289949598,-0.0724564781783,-0.719327646349,1.04637942067,-0.892096759736,-1.17205278525,1.00993517825,-0.431140919162,0.806095436482,0.560618928513,0.0806736840532,1.35054054,1.12656865941,1.34207708883,1.37011336494,1.21976309741,-0.490135814532,-0.438014709348,1.17205278525,0.000132628511445,-0.0811109467873,0.388742994311,-0.0762087948457,-0.103829673667,1.01527972953,-0.740329477761,1.17684430801,1.21843768788,0.6738589929,-0.486339822982,-0.13353161106,-0.433133760512,0.232882131292,0.287203160541,0.564775054137,0.645881572035,-0.114229294099,0.384805371547,1.31656944548,1.04970663103,1.37551646633,1.35518324258,1.19652331126,0.136498983413,-0.782673011227,-0.507200037259,0.386554278876,-0.27638697836,0.53207294238,0.151851766307,0.601141350117,-0.257633276604,0.53207294238,0.0968032220967,-0.24252507041,0.495306881674,0.495306881674,0.580707147102,0.47585968081,2.5279499256,-0.0325699356426,0.0360947204171,-0.148349073534,1.13852300324,1.38129698912,1.0201117135,0.760227162196,0.160702571691,1.40370324497,0.534458182618,1.13345855481,-0.111044169195,0.469620012153,0.888085387595,0.12515533244,1.30959547531,-1.17684430801,1.99251172557,0.319674027951,-0.665819999043,-0.535816110691,0.811110324236,-0.802221638902,0.853004185551,-0.278605288348,-0.461524923852,-0.184570783548,-0.383442102996,0.0428877793454,-0.449376133253,-0.100113449515,0.0107169358846,0.11330717394,-1.56249852419,-2.19141362591,-1.34820430828,0.283495354414,1.36044824102,-1.00128477848,3.01312791926,1.30653289011,-0.241436453209,2.82641636935,-0.585232749564,0.620252054847,0.735295545132,-0.143054002536,0.163434770428,0.727895918325,1.57745766449,0.312533551277,0.53923823157,-0.445404236347,-0.262788929833,-0.636908344947,0.91051400187,1.77577061778,1.77951204868,1.4688436662,0.596957026748,2.00639465531,0.828923168165,1.27724102645,1.44929302853,1.30761814701,0.667834857835,1.52843727282,1.29989993098,1.11079296328,0.267785731634,1.38358053004,1.43922942022,0.0396127975273,1.08665738568,2.10564465393,2.48867598607,0.768357052247,1.01015034284,0.687500460999,1.74401565346,2.18035180012,0.367455721775,0.735175862991,0.878239129636,0.00633015309474,0.005034242431,0.00259652499808,0.383940477737,0.0561111442752,0.563832218516,-0.125890607002,0.148170322862,0.190849605219,-0.473668814818,-0.46672518232,-0.408808585507,-0.472186353379,0.235703212,-0.243065229829,-0.501567078537,-0.400281268073,-0.171383985941,-0.642518219105,-0.352356304152,0.0803192374293,0.381398405314,-0.0163432565451,-0.0226855619607,-0.0194400689465,-0.765084079479,0.516560312814,0.405949675799,-0.194727339022,0.00796065473618,0.151476941888,0.249201129388,-0.798997275598,0.0989306271915,-0.213949743444,0.175589475212,0.213825587341,0.404574886184,-0.417622769712,-0.595109039524,-0.220935003802,-0.220935003802,0.220935003802,0.251222250925,-1.98908012786,-0.0864588389476,-0.0891397722518,-0.0914382505293,0.33527840996,-0.422761124592,1.05079793695,-2.26442943073,-1.11597804508,0.48330509106,-0.190005189715,2.41685779757,0.526009610646,-0.687069798354,-0.024980267048,1.58627208655,-1.17281570418,1.34933889715,1.32804421469,0.586290917383,1.35298079526,-1.28789976135,1.3773374659,1.43908539756,-1.40018927566,0.491523841533,1.0488885277,-0.25415034139,0.335227579133,0.89197534107,-0.227526658481,1.04912771082,0.652745027562,-0.0609800351551,-0.300602105214,0.728461272857,0.506943220353,0.366157649856,-1.46451223375,10923820881.3,01030329,-0.08764242
563,600512.XSHG,600512,2011-05-31,-0.121471580236,-0.113470320027,-0.249122836815,1.37928669193,0.145627935597,-0.499334819994,-0.436956047651,-0.515777827911,-2.07539060853,-0.505553831128,0.00610980051929,-0.0293711521074,1.12334348996,0.718750753691,-1.31466114089,0.233923561963,-0.0738456905271,-0.107793192062,-0.176370476562,-1.55093264375,-1.84215435965,0.451886989739,-0.387846707999,-0.0589038456145,-0.834463815234,-0.444034965291,0.0874516045914,-0.226619167342,-0.0717836953609,-1.17320110847,-1.07999946105,-1.16671055427,-1.17114149983,-1.12319318173,-0.502261663924,0.309776598196,0.0589038456145,0.0335159391035,-0.428498467889,-0.0676176734524,-0.309184050828,-0.290702734841,-0.845334478288,-0.316910206393,-0.490607229482,-0.685086882106,0.512208021102,1.30697919682,1.94663778438,-1.36363050177,0.459050831008,-0.87189981629,-0.715313984621,-0.211624007655,-0.137217711812,-0.465185979885,-1.17806806743,-1.06189160538,-1.17170791182,-1.16870190047,-1.11246497298,-0.338815821894,0.44531197839,-0.460078799822,-0.154287407505,-0.864251052657,-0.133741693489,-2.46625216397,-0.718750753691,-0.828859858461,-0.133741693489,-0.909275570188,-0.401099101288,-0.118740071786,-0.118740071786,-1.6700718002,-4.83535003972,-1.493958223,-0.38172900582,-0.0317427745826,0.311822040334,-0.333988924481,-0.182045756911,-0.378648618146,-0.474140393982,-0.27294915626,-0.0715449343936,-0.411471233847,-0.0600491974624,-0.464570365544,-0.126983395821,-1.20963513573,-1.09097406125,0.156547781254,0.490607229482,0.0871577716643,-1.53843962036,1.41530052346,-0.539905293703,-0.664847176054,-0.727751215206,-0.30561923516,-0.711265976748,-0.474808439063,-0.40395491814,-0.493362172521,0.369223186792,-0.511327433465,-0.342040496112,-1.34168519352,-0.332355604757,0.0,-3.17639968734e-17,7.07524537002e-16,0.0,0.0,-1.40813480643e-16,1.29218272646e-16,-0.434865283661,8.24238019279e-17,3.70922870209e-16,-0.25387177995,-1.76614962544,-1.18005308347,0.323200359525,-1.04681543819,-1.79174379895,-1.05717077036,-1.4110995541,-0.737814251834,0.114129149834,0.238384452607,0.591534927233,-1.61073148172,-1.19507803456,-1.16194128587,-0.313933993291,-0.281434798587,-0.382675365186,-0.620220187291,-1.15150479929,-1.18191920647,-0.504395198638,-0.52391298219,-0.758651255127,-1.43300811724,-0.636200342592,-0.580755876431,-0.552327759075,-0.304813985482,-0.414157145002,-0.957949507253,-1.27035921215,-1.10877386735,-1.01898481489,-0.0745017934065,-0.436819502728,-1.18233249195,-1.33061368983,-1.33896216487,-0.192196793028,-0.969747096796,1.57376438363,1.57408686109,1.57414829223,-0.821971284347,-0.777673701817,-0.912424121465,-0.82332202952,-0.180007874037,-0.157330831832,-0.29702309646,-0.27555326271,-0.16881927486,-0.335284517016,0.0383485367137,-2.15765154957,-1.24222237718,-0.483744420467,-0.218545929847,-0.613490283196,-0.556159333999,0.0593392676585,-0.822358305924,1.39698835261,1.38787194582,1.39546629273,-0.162339349555,0.507775420851,0.0505534492317,-0.0246574530481,0.324883040022,0.291762573172,-1.01069548551,0.932977477276,1.36882335283,1.26674473558,-0.931794815123,0.418147815245,-1.04515178931,0.481903281654,0.639211110234,-0.80000208256,-0.80000208256,0.80000208256,0.494239862106,0.679710450221,1.25341703388,1.25314866472,1.25355282716,-0.230677087845,-0.493495476177,-0.254859305626,0.678932598573,0.741027213193,0.740546988224,0.636532387929,-0.57514580765,-0.0911778679566,-0.237216048927,0.282291457103,0.201458455682,0.50519343451,-1.17272520711,-1.16021212637,-1.17681038498,-1.1717638919,0.367563206249,-1.16559118752,-1.16724810602,0.284022156435,-1.06594160747,-0.820930809534,-0.76589310205,-1.27682946218,0.389261071134,0.889743871759,0.399490646332,-0.590741195383,-0.536033911261,-0.211409441826,-0.376885175157,-1.43145986192,-1.18238220201,1.20904399129,3014087283.04,01030329,0.20603398
577,600678.XSHG,600678,2011-05-31,2.66181259453,-0.405597595777,5.25260057796,-0.556902115405,0.0212255731557,-1.01193526586,-1.19952492845,-0.515777827911,-0.425354052103,-0.725212860392,-1.54661430064,-0.881521025751,-0.77206995564,-1.82275685053,1.88373362509,-1.96007627744,0.250340757153,0.159768177708,-0.00116416156146,-1.19390583423,-0.980524215118,-0.653058688552,-2.43914615704,3.75172801428,0.099712298349,-1.23379529068,0.189033392945,-5.57300341142,-0.221088092119,-0.952249673502,-0.88907166961,-0.942387758744,-0.960851129656,-0.918014488133,-1.49435824167,-0.971168968886,-3.75172801428,-0.115193254162,-5.83481774977,-4.09278442653,2.79249319048,-0.218666512089,2.29615003793,-0.792097892326,-1.61633168308,-1.09680427505,-0.639555152954,-0.20305453826,-0.415369640371,0.00266906619384,0.509782527537,-1.27978235652,-1.16577091493,-0.233445544556,-0.16840053034,0.443013734507,-0.948384677292,-0.878402690484,-0.938420043138,-0.954375626004,-0.916429940173,0.113429604868,0.162912607014,-0.308311697428,-5.11344937389,-0.573549801403,-6.25209511395,-0.277975306656,1.82275685053,-0.511014133892,-6.25209511395,-0.187702665885,-0.289095605391,-6.08853042888,-6.08853042888,-1.7002494631,-0.336810887771,-0.532711768291,-1.41480913082,2.46562210763,-0.332539147241,0.502415349986,-0.182045756911,-1.51670160531,-0.775242188633,-0.905605444297,-1.01477852643,-5.79812368493,-3.71648460815,0.0,-2.19547021163,-0.947744134858,-1.51667511774,-1.24117357835,1.61633168308,-1.23415842312,-1.50888404194,-1.2348154977,-0.372657708534,-1.72083318515,-1.09835987895,-5.60784148545,-0.564544579478,-0.315406256528,-0.500742036342,-0.37051033011,-0.556658666895,-0.438112260487,-0.235307975554,0.0432366281649,4.97271435304e-15,0.0,-3.17639968734e-17,7.07524537002e-16,0.0,0.0,-1.40813480643e-16,1.29218272646e-16,-5.33335268292e-17,8.24238019279e-17,3.70922870209e-16,-0.507029751079,-0.245687389819,4.40275835037,-1.37888805514,-1.33987396486,-3.05156365759,-0.916637249067,-0.924330082355,-1.28936083097,1.51840940046,-0.0400020034264,0.0930126740153,-0.744724631328,-0.899936854902,-0.868272778069,-1.13237457153,-0.977335629482,-1.41248988542,-0.581471908513,-0.94132866841,-0.930781170023,-0.803449699561,-0.897369777392,-0.726474303068,-1.65295707091,-0.847967275454,-0.50765353477,-0.98881310831,-0.945911980498,-1.14679672801,-0.890500813388,-1.00916293735,-0.883119594281,-0.75586013836,-0.306221897758,-0.711077163783,-0.717158331471,-0.982506855988,-1.04413245296,-0.749893443084,-0.452918986466,-0.332229239823,-0.329560871716,-0.331002828991,-0.962236804865,-0.878148400659,-0.952599425162,-0.788216726112,0.321493935081,0.288883756754,-0.637337272667,-0.622113263461,-0.5541814975,-0.69644292824,-0.0341110536685,0.365724896013,-0.908616293088,-0.707793879663,-0.247131887999,-0.660171624919,-0.685798537963,0.406597892991,-0.962595425564,0.0181308592521,0.0151138788017,0.0191444456814,-0.558865259955,0.052396216449,0.207666389152,0.0291835453661,0.297544152003,0.258452716765,-0.864315502244,1.27082929001,0.688665541312,-0.36566424224,-0.931794815123,0.418147815245,-1.04515178931,0.49096578006,0.48243362716,-0.4385415479,-0.4385415479,0.4385415479,0.196917647388,0.456919505977,-0.203732517328,-0.202546218104,-0.20343606459,-0.811526151381,-0.458128300385,-1.1169932814,0.47768762761,0.446857179636,0.0906329009775,0.293015306879,-0.51048649307,0.266323335463,0.745743126451,0.35809862589,-0.176406193158,0.0763267618729,-0.949844931929,-0.937975831477,-0.576570112293,-0.951877809678,1.11390365361,-0.967263769083,-0.974406597546,1.13822709254,-0.170399900417,-0.123447537727,-0.129487878848,-1.03713434679,-0.463595311936,0.515056688124,-0.0421386203991,-0.601601337068,-0.419624454647,-0.393188015033,-1.00045525589,-1.13094587546,0.366157649856,0.0132416193489,1915955100.0,01030329,0.07468124
607,600068.XSHG,600068,2011-05-31,-0.378538960871,0.100096881653,-0.495963182735,-0.992668634709,0.100712837475,1.19096161344,1.15907490047,1.00402017745,-0.169938304824,-0.11001916019,0.20267131897,0.770606280293,0.636683280955,0.122871095139,-0.112863157182,0.257300901465,0.217090865084,-0.0212292194892,0.0864389959387,-0.056160648698,-0.442204457534,0.579264765749,0.611810985708,0.505386536446,-0.427258842646,0.258690548728,0.118998743832,-0.0676893007105,0.0662363424169,-0.259003662488,-0.173588996382,-0.264338493692,-0.252524613823,-0.210620429449,0.376054027031,-0.313955884837,-0.505386536446,0.148192684343,0.212956629215,0.786006597184,-0.181824244224,-0.254923361354,-0.585917706967,-0.289400742657,-0.383819139022,-0.0514698552995,0.269731563406,1.70481027058,0.136933452361,-0.6987580189,0.358538151562,1.37528002299,1.76642434052,1.25203537483,-0.0684729358245,1.22061776277,-0.256547957627,-0.0950981174455,-0.28566596453,-0.243259042777,-0.220359460639,-3.53415214471,0.331542894077,0.777618638052,0.0234046668212,-0.458700573793,-0.0072999235226,-0.142488825113,-0.122871095139,-0.488078212691,-0.0072999235226,-0.542304207428,-0.246937456077,0.0569151750308,0.0569151750308,0.437956629353,0.444915364039,-0.210088696385,-0.249954028747,0.0505950897815,-0.204360937872,-0.756310741036,0.600094525148,-0.171089334622,0.426168952211,0.0389236617872,-1.043049833,-0.0328356096836,0.285772836766,-0.117255859428,0.61942503455,0.457376283434,0.579484320239,0.426505270154,0.383819139022,0.378253514623,-0.167052421096,0.394226409423,0.357670377311,0.237283892523,0.0301534647565,-0.110376963976,-0.339067402607,-0.34197328695,-0.500742036342,-0.519225718292,-0.617372231071,-0.359265151126,-0.555505537226,-2.27150719595,0.467149983156,-1.34325070882,-2.40599211264,-0.909754671887,-0.806500120392,-0.255148607086,-0.309978744271,1.25052574155,1.366581103,-0.31682794573,0.295960995386,-0.0822775973228,0.268373651747,-0.0345142667651,-0.118787976257,-0.0447718167005,0.727895918325,-0.208468330359,-0.635787214765,-1.34334321722,-0.757851640489,0.094800935392,0.625635797975,-0.256228346404,-0.276761355007,-0.179960917386,-0.216555270726,0.165444530666,-0.940157536567,-0.495309826793,-0.211480977033,-0.345543639341,-0.794175596974,-1.32214553842,-0.536256072928,-0.646316194081,0.0332437842709,0.370719614203,-0.0785030861377,-0.351864680194,-0.0965198363246,-0.371019667254,-0.416274813417,-0.659201123308,-0.598091217623,-0.165281184008,0.383224548485,-0.333125661354,-0.401028923431,-0.189324793107,0.214508018168,-0.908943789699,3.56018283571,3.57528254447,3.53820106418,3.16402641126,4.26961671338,1.93771356151,2.9808644722,-0.82930526406,-0.548563262532,2.45129150947,2.34345681899,1.94258283634,2.68946149397,0.944634304949,0.482672542858,0.952980344101,0.117984067564,-0.24047917623,3.09948835327,1.26438662898,-0.00824374971806,3.15956059505,1.51667844124,1.54608660281,1.52298299947,0.637732943178,-0.0336208459544,-2.17642448531,1.65148932299,0.322992152127,0.287227347751,-0.0875910934541,-0.274808897723,-1.03778224874,-1.21231965823,-0.73045221688,0.213825587341,-0.90017912176,-0.0399212232817,0.170492151404,0.889734639062,0.889734639062,-0.889734639062,0.413865440591,0.715708320724,2.94624713431,2.95647142918,2.95457858028,0.424639804351,0.319949567055,-0.142494187524,0.698686706152,0.731009038675,-0.535826777998,0.596213481702,-0.364992522696,-0.832217172662,0.0944645242667,-1.79381420542,-0.301520976837,0.272532985902,-0.261546274779,-0.260128044567,-0.304873610032,-0.261209279883,0.149496655787,-0.239805889549,-0.260881635768,0.184808551958,-0.861630334256,-0.819360814254,-0.477959830489,-0.00722410336304,0.374070731165,0.27087520596,0.0919200297921,-0.161765598821,-0.00510570040664,-0.483922396847,0.523827163677,-0.551006603335,-0.408112276075,0.735771399055,36583444668.7,01030329,0.15404742
637,600491.XSHG,600491,2011-05-31,0.285566944273,-0.248166913713,-0.82066591965,1.23366740285,0.14668714253,0.142123097656,-0.556100565781,-0.515777827911,-0.647095583946,-0.353054065879,0.322025561672,0.596698142815,1.02088870912,1.4282497765,-0.334530939495,0.242324793347,0.516339893712,0.395851739269,0.0363800487958,2.26732834738,1.07560243293,1.34654628041,0.0478513985414,0.345409955935,0.423080953051,0.12975008744,0.563813407118,-0.221266607067,-0.0228531975984,-0.879843057638,-0.855841372487,-0.86776989704,-0.899927986149,-0.865741926679,-0.172438560464,0.145534106283,-0.345409955935,0.205657103066,0.0643070853015,0.556184678166,-0.405480489967,1.63556762192,-0.889593082855,0.630214652567,-0.89217494465,1.07540599617,0.431382535204,-0.711736375609,0.0524838281609,-0.62661424213,0.168092010087,-0.323405374085,-0.10956821628,-0.633507054402,-0.151692036839,-0.853987994017,-0.863712205899,-0.863082766769,-0.857786184936,-0.893574045743,-0.866471447029,0.385214884842,0.311281495307,-0.533208512468,-0.130077433368,-0.443067738818,-0.106016920008,-0.453961863745,-1.4282497765,-0.503006918798,-0.106016920008,-0.843303190366,0.115233668911,-0.0649985231846,-0.0649985231846,0.852306113174,-1.49955269174,-0.755993425094,-0.480446212122,-0.0599239628126,-0.185122444824,-0.901994268225,-0.963248220886,0.0626413425564,-1.51226747703,-0.883328814437,-2.2278745903,-0.183234429038,0.0496016914394,-0.302256199,0.268789698285,-1.0552242391,-0.312443046152,-0.165294220146,0.89217494465,-0.80582303813,-0.617200183987,0.947632990313,1.00089886501,0.0733334834617,0.905367741913,-0.261550265378,-0.340307651105,-0.182571104415,-0.578171730904,-0.254124374142,-0.336571996756,-0.471903878785,-0.242423476925,-0.138462162413,-0.0860093451756,0.522059720362,-0.403259569878,-0.914852923472,0.0,-0.676608654419,0.0452819110499,1.29218272646e-16,-1.99611881876,-0.246187861896,-1.59837251008,0.0341867029007,-0.884281528778,-0.551262383911,0.0649405084209,0.794410824059,0.0979859890053,0.266144878577,-0.643411314925,-1.23147087252,-0.240654629988,0.872821742597,-0.408757281178,-0.289245603447,-0.682543098461,-0.577128641399,-1.9589982357,-1.49496149453,-1.94673460524,-0.569044278737,-0.890411442521,-0.825973720065,-0.850129832084,-1.19339822019,-0.706548131995,0.123545308841,-0.809832169857,-0.335542116806,-1.16576796139,-1.66790687067,-0.862577545582,-0.59970018691,-0.631122680497,-0.606259159241,-0.291553616595,-0.717851799706,-1.38239442368,-0.564677000276,-0.659617619519,-0.319043835826,-1.6313014169,0.257176778567,0.215200802015,0.220230045055,0.229468429276,-0.142564550004,-0.435927132474,-0.313946147445,-0.328819138137,-0.226736458172,-0.427163678925,0.0825345567338,0.121371346706,0.207738149147,-0.0815013192438,-0.949361289447,-0.384002419685,-0.340988030595,-0.670885142311,-0.233078420696,0.618816468414,-0.0331681733174,-0.222113332273,-0.142167153031,0.326229589895,0.327182381142,0.329973901192,-0.525372177527,-0.367411083966,-0.299549876661,0.86509005386,0.304930582438,0.265510375012,-0.813130157089,3.41458160726,0.306691567469,-0.407167641995,0.578274671697,0.418147815245,1.12943822393,0.66403026573,0.475441835462,-0.619636926882,-0.619636926882,0.619636926882,-0.224348961452,0.47498029324,0.189926427775,0.196951208118,0.203830734065,-1.49663017504,-0.245925245628,-0.871402010611,0.571519638611,0.164526806873,-0.540366340889,-0.118237536632,-0.27668693374,1.03073934865,1.65797521381,-0.300918361433,-0.72898148597,0.0584898324157,-0.875606417013,-0.866174177012,0.0508398106198,-0.881139049976,1.79267418392,-0.919783567481,-0.931416995997,2.06260750499,-0.148271701598,0.132223619804,-0.329781428087,-0.59957505682,0.780292904439,0.0773311170139,-0.427996183661,0.321510706166,-0.440550758967,-0.494853098316,-1.60146724584,-1.45254856272,-1.18238220201,0.407137895985,5543460000.0,01030329,0.11794872
640,600496.XSHG,600496,2011-05-31,0.536981933354,-0.290940457389,-0.532409408307,0.162280126672,0.172138940298,-0.360751143795,-0.762515146084,-0.515777827911,-0.347839820342,-0.495721121203,0.770349935824,-0.342405799568,-0.106113880159,0.846054201969,0.500095069785,0.167626888217,-0.398032138208,-0.304529493363,-0.351576791562,1.40690855082,0.265733803549,1.55136823681,-0.603554967325,-0.359824423104,1.59678940345,0.251598823357,-0.877890856158,-0.147154234026,0.0328099849338,-0.222807264903,-0.155713388275,-0.178888574449,-0.236738062549,-0.117213070486,0.0567399930436,0.0969455577133,0.359824423104,0.171177191371,0.0869276680709,0.736759043109,-0.424118510445,-0.236153084036,-0.635434759601,0.109213385139,-0.572923049212,0.806720294931,1.44170110894,-0.377952409697,-0.090434610289,-0.482941051652,0.358477467715,-0.204308353399,0.0219600377019,-1.01255523242,-0.160283296528,-1.20473069391,-0.23191044803,-0.124975095205,-0.182288200726,-0.257677944626,-0.0539853806221,-0.532083174506,-0.127475104374,-0.791763354249,-0.0279082972302,-0.378868896524,-0.00267912794244,-0.225176479354,-0.846054201969,-0.354873439564,-0.00267912794244,-0.299031056835,-0.285519690941,0.0454702156065,0.0454702156065,-0.126263944361,0.0385982822874,-0.359100819039,-0.169976830472,0.182421326096,-0.201079986367,-0.676213966954,-0.963248220886,-0.332949338457,-0.727305584509,-1.68083216344,0.735472362333,0.295667074695,0.494531259868,-0.071343366396,0.66063776997,-0.24109602724,1.38218177086,0.939029439324,0.572923049212,-0.372564257913,-0.0469071136529,-0.509930821327,0.580939769736,-0.545720647303,1.42217753847,-0.138826552063,-0.431837990231,-0.043094194697,0.267102434729,0.01744285645,-0.0557717624409,-0.0833002683617,0.177391103934,-0.75242524278,-0.147222658162,-2.29180991002,-2.11988746367,-0.889361665543,-0.421180686863,1.43069158224,-0.517605196525,-0.449691678683,-0.915250986769,-0.276181129231,-0.559997107083,-0.445566072104,-0.0501993880966,-0.393823237939,-0.25571769597,-0.377306263628,0.727895918325,0.345163726851,0.161810955809,0.0732240660486,-0.356027443245,-0.0165115261657,-0.0101018637024,-1.15246786589,0.274049235592,0.184109496293,0.348526408306,-0.374699655294,1.66595786488,-1.30844597952,-0.279390108863,-0.100803098105,0.360231087517,0.187800581204,1.16944931961,-0.294634591099,0.123971080412,-0.322502117485,0.558055928619,0.428904842885,-2.00774276313,0.585573887433,-0.342108515951,0.718157843491,0.612176409235,-0.139342861419,-0.66741425257,0.714034070374,-0.191402229116,-1.34451527062,0.0607619706552,0.796806129059,0.019119163129,0.0147287008779,0.0243771303378,0.247893249531,0.0974696596209,0.314835369891,0.12277483278,0.0670448020596,0.174281222039,-0.0335179544274,-0.0512341922122,-0.0860702794884,0.0651991327549,0.489721127682,0.256028025278,-1.05830335134,0.0886752750993,-0.195210427208,-0.333957068101,0.0220185815202,-0.247965699395,0.250391159563,-0.130856545637,-0.138412225454,-0.13606205155,-1.38151772387,0.133229702316,0.318506545899,-0.0672330316301,0.289769969874,0.270784292452,-0.0293789579818,-0.323539846196,0.171694266238,-0.270402730516,-0.73045221688,0.213825587341,-0.90017912176,-1.05579806062,-0.974548196672,-0.261827508733,-0.261827508733,0.261827508733,-0.534570774685,-0.766513275017,0.0980587510149,0.0915983941158,0.0940070475073,-0.766845454186,-2.19111991423,0.437477054972,-0.744597778854,-0.71160809183,0.776106897538,-0.686734114425,0.0914492548836,1.0180504807,0.513345703065,0.524874397222,0.386340301493,-0.856321687122,-0.213884269641,-0.15798840728,0.138618680581,-0.214114481595,-0.0839266940037,-0.251157675178,-0.217365688998,-0.369335726706,-1.11610873679,-1.57559022091,-0.153236996099,-1.28156294879,-1.07311964531,-0.0949541246339,-0.0499879712577,0.652745027562,-0.525712472222,-0.0245272005677,-0.626635465888,-1.84971909454,1.14042757579,0.744861037217,6327450000.0,01030329,0.15504587
648,600629.XSHG,600629,2011-05-31,-0.2284591443,-0.0472063876105,1.4373434192,2.40381249644,0.141314029426,-1.01323209311,-0.665243099456,-0.515777827911,-1.49403387032,2.05614538853,-1.24151501773,-0.881521025751,-0.976979517327,0.731605499282,-0.962087187917,1.46945248176,0.308528068275,0.144029273604,0.217843732189,-0.298227788432,-0.832406648682,0.860400330553,-0.947338551283,-1.284705104,-0.247609590034,-0.321541527067,-1.66656933716,0.0142460450401,-0.0366267534123,-0.0590596823976,0.0843213978017,-0.0337148726176,-0.0797026804061,0.0142176239961,-0.349678059076,0.244308825463,1.284705104,0.0131973071705,-0.376794278701,0.726909532293,-0.372863954129,-0.235620815955,-0.470231849486,-0.350227963682,-0.183591469409,-1.09546753027,0.552620764052,-0.172262659486,-0.933419292579,2.24891207199,0.155874328786,-0.75010218289,-0.692149900586,-1.02871933383,-0.155311536751,-0.830853901046,-0.0446874467676,0.0505224472392,-0.0371711829247,-0.0839048316089,0.0245625694797,0.256887788248,-0.446560629706,-0.732708816422,0.329835943241,-1.09214304695,0.03974817693,0.396268006126,-0.731605499282,-1.05815121271,0.03974817693,-0.28253796188,-0.519982572941,-0.292902497807,-0.292902497807,-2.30142919699,-0.0973746861152,-1.48544324457,-0.0278898913102,-0.106297873481,0.0940538418439,0.962434055208,-0.963248220886,1.96510034285,-0.382761242372,-0.406608935423,-0.582998571491,0.031809496881,2.79930859775,-0.320891269702,1.58301803888,-0.2818578802,-1.29694645015,-1.26461378958,0.183591469409,1.29154332974,-1.57723392979,-1.1802542855,-0.276152989464,2.82697348195,-0.325760366221,-0.183453356905,-1.01729729354,-0.893239168218,-1.10727464374,-0.991235428607,-0.549069471373,-0.770396507081,-1.21724716468,0.224418967282,4.97271435304e-15,0.0,-3.17639968734e-17,7.07524537002e-16,0.0,0.0,-1.40813480643e-16,1.29218272646e-16,-5.33335268292e-17,8.24238019279e-17,3.70922870209e-16,-0.578834322416,-0.711962475408,-0.98397856425,-4.13134875013,-0.730886424591,-1.79174379895,-1.76083861544,-0.977698783474,-1.40239097484,5.34329049918,-0.112385074048,-0.373844484943,-1.68313076825,-0.159841191638,0.00796448875016,-0.340938176859,-0.378383755041,0.430906272411,-0.831842150553,-0.0615661580156,-0.0167390417118,-0.345290563243,-0.569029947741,-0.148715936852,-0.930324671758,-0.116842848557,-0.447463127735,-0.0295673621684,-0.524573267589,-0.59262380835,0.142656123524,-0.939021167654,-0.200081467708,0.214577551943,-0.768524876389,-0.353587078229,0.0657105309777,-0.247210245295,-0.608213651489,-0.477655218825,-0.787337175503,-1.24969038144,-1.24703578862,-1.25036842977,-1.11485698047,-0.978189524525,-1.05045670125,-0.864004928246,0.46978923299,0.461846243284,-0.848387683203,-0.835451495616,-0.764077356068,-0.881101092541,0.123159302243,0.409053509549,-0.679262110271,0.564524131224,-0.164958033083,-0.89269872998,-0.832836273341,0.5274333473,-1.11555879273,-0.907317263126,-0.912843588424,-0.906843615025,-0.52979768992,-0.645233849436,0.55487265388,1.73032960903,-0.29024433392,-0.405173305037,0.0860808515467,1.35166261686,1.50858912223,1.36132091268,-0.831123516002,0.418147815245,-0.90017912176,-0.476090501357,-0.561763571426,-0.724789082419,-0.724789082419,0.724789082419,-0.35370577453,-0.109644916364,-1.20873086824,-1.20820691879,-1.21123984359,-0.751951888454,-0.882534409897,-0.77452103853,-0.0556732770292,-0.360061240583,-0.746916452436,-0.606902680097,0.889157091876,0.170580059136,0.725438558265,0.804855540609,-0.842664918911,-0.408447536532,-0.0528602718677,-0.0232777213627,0.687445615148,-0.0607460084329,0.134139856459,-0.0993096711974,-0.0994501339882,0.310640440563,-1.11046966826,-0.992028122983,-0.673945427433,-1.10354727019,-0.414107286123,-0.634545005716,-0.286294744476,1.55956685827,-0.368033005357,-0.642689207421,-0.384941636148,-1.35589201737,-1.18238220201,-0.253526356159,3450998143.6,01030329,0.04537815
692,601117.XSHG,601117,2011-05-31,-0.248533955149,-0.0320002425753,-0.211019964626,-1.58132245352,0.11691845491,0.895520786085,-0.616222384432,-0.515777827911,0.255119244754,0.852658798298,-0.246772001207,-0.0815435933509,-1.11081695972e-16,1.05504748514,-0.403871541406,0.506963581934,-1.04640503357,-1.06786634241,-0.764563105492,-0.616440895011,-0.114116084568,-0.860707074888,-0.559947925472,-0.312500161345,0.195525233075,-0.128130835136,1.45218084812,-0.13603737807,0.0911757240284,-0.834220946746,-0.819109798847,-0.836373017393,-0.828536755167,-0.814371054211,-0.0683583531832,0.415497500159,0.312500161345,0.112647683071,0.347064369919,-1.13907850918e-16,-0.579435347767,-0.333417248322,-0.824738890024,0.354600466016,-0.311514702773,-0.0180512357423,-0.27584046641,-0.242468143091,-0.865711479086,1.69664356186,0.122295933157,1.2606840235,0.261454794953,-0.83475011693,-0.152673160165,-0.824883812537,-0.833336060248,-0.806092650549,-0.84656709883,-0.827111920028,-0.786852001096,-0.14461035617,0.11672585937,-0.620413399932,-0.046636767789,-0.155145658227,0.0338671643734,-0.0316141479544,-1.05504748514,-0.155235924261,0.0338671643734,-0.703111883244,-0.181086259554,0.124092110782,0.124092110782,-0.237141424892,0.567272833062,0.365618456856,-0.44776522458,0.0162739071332,-0.230066055501,-0.743222556286,1.38129698912,0.90898394967,0.346773951631,0.304758111456,-0.459632870081,0.201997634571,7.31592196691e-17,-0.146963943155,-1.81568760993e-16,0.368293674513,0.728200846523,-0.606707636142,0.311514702773,-0.463647069663,0.62551364843,0.495554374938,-0.189462309621,-0.501300585735,0.559914639347,-0.033953560684,-0.131573828953,-0.17592934681,0.641345958444,-0.234726714814,0.369223186792,-0.128355759425,0.0564275806357,-0.517074124454,1.23530241076,1.01508330518,-0.689364218844,-0.262276720475,-0.454162099753,1.43069158224,-0.337945532739,-0.292333111312,1.366581103,-0.371283543725,-0.0996105867071,0.314037102439,2.5114174641,0.488995040698,0.350932960986,1.02411931845,-0.846878904974,0.567716812179,-1.15070721018,-1.00526585987,-0.528096338552,-0.55607968868,0.616704617542,0.0739442240246,-0.826973888504,-0.791980672892,-0.0777331774842,0.244268504406,-0.0782593330092,-0.349306312357,-0.801562199412,-0.879140782541,-0.473529203559,-0.696053883099,-0.391248539392,0.00249405830497,0.0512871770386,0.429215047323,-0.518036744758,-0.340932667336,0.328702704879,-0.915881714821,-0.81019205345,-0.742519624135,-1.10263410843,1.65656139342,0.310907851789,-0.904551723587,-0.827128326469,0.243980782129,-0.0590155034624,0.474331446773,-0.709928951304,-0.70895941277,-0.711361810625,0.18283038366,0.330007010972,-0.378314666894,-0.112753943496,-0.443963004417,-0.194789061026,0.677801818693,0.634624250305,0.538486111328,0.817597427046,0.936505168783,0.553350188994,0.251847408029,-0.413558992799,-0.192262561361,0.121115934398,-0.0153484146713,-1.04107734352,0.182015217179,-0.180063165024,-0.16418789684,-0.171178539787,0.597963679538,0.271604007688,-0.836007413817,0.112651803563,0.325888322194,0.29169958393,-0.605828361043,-0.168098408446,0.0178947732258,-0.0230085497218,-0.73045221688,0.213825587341,-0.90017912176,0.408233939781,0.579780880801,-0.236999916454,-0.236999916454,0.236999916454,0.593106715058,0.810713009885,-0.270931941529,-0.266138179172,-0.262878266116,0.201236318375,0.426051094433,0.113268992691,0.807334297838,0.766528021055,0.338039078544,0.671206647283,-0.288096576504,-0.687484036969,0.00835429460236,-0.411091446737,0.199928274874,0.717118452624,-0.835796562491,-0.832982098245,-0.774699561634,-0.835906524027,-0.148425251183,-0.819104380584,-0.826048373008,0.0468774432951,-0.108971098486,-0.0528878318382,-0.106414976031,-0.200360334047,-0.696036174489,0.63138982473,0.512066862594,0.723335948515,4.42384662251,-0.711515205306,0.704291889883,-0.0519073509637,0.623989535191,2.58171381621,32212490000.0,01030329,0.3568147
715,600263.XSHG,600263,2011-05-31,-0.00395687794649,-0.166185957871,-0.77759310761,-0.710679001049,0.0728258583219,0.534000715423,3.89972855321,-0.515777827911,0.0232119120248,-0.0363665971685,-0.844289178736,-0.533704750795,-0.336637137056,-0.399197443565,-0.239167777598,0.118315312704,0.0674663507695,0.0574653010312,-0.00116416156146,6.5789109434e-16,0.407480721967,-1.61046472392,2.21894223044,0.822767726721,-1.8524762467,0.000809626152273,-1.81799560551,-0.269027914138,0.0321461991114,0.27747421649,0.0962766656172,0.226844372816,0.317437423202,0.145711817702,0.0399659013847,1.21371809471,-0.822767726721,0.179527745748,-0.0358697812486,0.145788394207,-0.410139995087,-0.232669859096,-1.18581899065,1.94150353123,-1.0645932157,-0.842822766416,-1.44781001194,5.28282658414,-0.183817879951,-0.370468728135,0.275967663033,-0.249228544875,-0.0276488804668,2.72377680802,0.0522897495528,2.24672672521,0.264867824992,0.0739838161286,0.207601626986,0.318261433758,0.125904158179,0.349555885644,-1.46365624347,3.65966367324,0.00597044016279,-0.286600430543,-0.120719451399,0.439857070485,0.399197443565,-0.29169786963,-0.120719451399,-0.896905748971,-0.266908206372,-0.106299898498,-0.106299898498,-0.455844712179,0.0783162229908,0.0425223305918,-0.347838345803,0.0118314522081,-0.166416872757,-0.902905701703,0.600094525148,-0.0106385596771,1.14371999518,1.42601514777,1.14926148581,-0.333633248392,-0.116983312854,-0.269037159924,-0.0543704810347,0.633956318106,0.269782154251,0.503410232846,1.0645932157,-1.56464132791,0.837544615497,1.173672298,0.82874426023,0.910449734652,-0.196744715804,-0.321238616854,-0.356802956124,-0.833463349767,-0.862080610964,-0.816656494655,-1.06513476687,-0.753500697932,-1.00378212357,0.405799512094,4.97271435304e-15,0.0,-3.17639968734e-17,7.07524537002e-16,0.0,-0.676608654419,-1.40813480643e-16,1.29218272646e-16,-5.33335268292e-17,8.24238019279e-17,3.70922870209e-16,0.0369011871457,0.630388469751,0.290022868489,-0.134387564579,-0.32435743684,1.35780584764,1.80451182345,1.83969946023,2.43687106956,-0.404800928677,-0.486450674014,0.796140151681,0.635237593754,-0.936418338102,-1.07302732505,0.94032190334,1.16590417437,0.350089774189,1.19521417003,0.381875793478,0.0620422345452,0.787350407231,0.82408007016,2.22769917659,1.41321689488,1.24654135567,0.480003999041,1.70414626945,0.759774693478,1.44616257863,-1.05063887658,-0.828280315623,-1.0957553516,-1.13492908885,0.684788818866,1.0368037507,-1.15722208055,-0.888049188851,1.3461215107,0.689333590066,0.348381739214,-0.600275008619,-0.598924437798,-0.604141493135,-0.849351050403,-0.824951019749,-0.593758734493,-0.768750009235,0.397698064515,0.369307387503,-0.771277244065,-0.754763091371,-0.677404527222,-0.819721860843,0.00986337295862,-1.73233870064,0.33742732699,-0.61081325998,-0.223978369626,-0.84246948986,-0.595412139059,0.435087086915,-0.849121221189,-0.601899578376,-0.612413176976,-0.60330184596,1.26527060048,0.991069276885,0.71353938093,-1.63065205607,0.3131451739,0.294843319733,-0.164036142364,-1.97342153206,-1.7810824482,-1.2020744865,-0.629780917759,0.00950335943738,-0.90017912176,0.774241939882,0.975892771998,-0.265478625245,-0.265478625245,0.265478625245,0.864449318782,0.88641987156,-0.66452044828,-0.664598498119,-0.668035136378,1.31825374825,1.48706636821,1.57764681348,0.829557668864,0.971445227093,1.15364721132,0.954245368993,-0.429665854036,-1.64159744889,-1.65361439539,-1.04585014005,0.678694846379,0.672191686554,0.26478118461,0.206913044637,-1.43596704867,0.275028591786,-0.940836096525,0.357849897137,0.352794215066,-0.925899849382,1.05230245149,0.287415079437,1.22993047992,1.58202462717,-1.0314656313,1.1692091352,0.831824629152,-1.66589522221,-0.383700178268,-0.516250977751,1.37297815217,1.18353903783,0.366157649856,-0.697497804024,6019961897.5,01030329,-0.00338983
738,600545.XSHG,600545,2011-05-31,-0.327028102717,0.0393925081927,-0.423070731591,0.238536917484,0.167388173427,-0.318014791075,-0.294949850766,-0.515777827911,-1.69989133828,0.0545395889289,0.901266620788,0.0749737303795,-0.259796051424,0.939769444024,-1.24563788727,0.962273795838,-0.173595366736,-0.391093465935,-0.188885213348,0.0164298644414,0.549227640384,-0.700354282899,-0.52885987429,-0.263632717137,-0.582954861577,-0.772833141575,1.31463532103,0.0410088464159,0.0884494608294,-0.511977645454,-0.382010438491,-0.519052717979,-0.491067564172,-0.469494067125,-0.913530055801,-0.0560093871766,0.263632717137,0.028726187159,-0.155435718744,0.165487415837,-0.152314045133,-0.17886381811,-0.5337714303,-0.494036516238,0.324764336219,0.345988926635,-0.659761524429,-0.676017796231,3.51721266849,-1.54210297144,0.290895889524,-0.230954398844,-0.00746729652239,0.240162626696,-0.141755866523,-0.0204143859841,-0.524870577546,-0.405310940101,-0.537045274198,-0.494801291455,-0.453434156167,-0.268532244801,0.516842977431,-0.439883983778,-0.07625211351,-0.468149754044,0.112420689236,-0.649969644621,-0.939769444024,-0.40902392808,0.112420689236,-0.521687838734,-0.31379241806,0.174848017794,0.174848017794,0.0395436641406,-0.308778977284,-1.4537486026,-0.192524332193,-0.0528695612069,-0.141375512998,0.0216159614555,1.38129698912,-0.372206428939,0.965455748599,0.980482550557,1.9485684262,0.0423637999935,0.528269994914,-0.249861942246,0.160197411307,0.840857861406,-2.29818046336,0.448628615586,-0.324764336219,-0.23470919148,-0.100876352313,2.10121290541,-0.814289473771,1.29044317043,-0.574078133531,0.0597627294843,-0.476114861596,-0.547867772725,-0.397502443593,-0.719668198015,0.877699286768,-0.516959369848,-0.391849005705,-0.134386383314,-0.332355604757,0.0,-3.17639968734e-17,7.07524537002e-16,0.0,-0.676608654419,-1.40813480643e-16,1.29218272646e-16,-5.33335268292e-17,8.24238019279e-17,3.70922870209e-16,-0.448603709236,-1.06094475996,-1.20420019174,-0.231451669692,-0.188533507813,-0.531923940314,-1.7773425521,-0.387124255704,-0.453574555845,-0.111417272649,-0.0916972537292,1.07706637255,0.191294715924,-0.760888578774,-0.704188654801,1.12346464586,0.992672681968,1.18999635692,-0.134457674244,-0.464824152949,-0.593882771634,1.43991805482,0.852379759291,2.33231115557,0.0729963108543,1.2040020124,0.675829985384,1.47334288311,0.629296385676,1.12102930685,-0.8376356209,-0.696134282927,-0.57327891933,-1.02374964807,1.60824806914,0.890805891333,-0.974982133025,-0.705719893755,1.01480085839,0.753231230832,-1.17604403159,0.871089138604,0.865587598361,0.857178905289,-0.731680437089,-0.510939384586,-0.74702311642,-0.314973909965,0.197393170121,0.324333581705,-0.428810994254,-0.439338353056,-0.423690630277,-0.364093346816,0.619340939507,0.783519236589,0.490537582005,1.0788120638,-0.0502052711234,-0.389465070681,-0.555728120809,0.467359554076,-0.731951962717,0.652070173071,0.63764690241,0.645516183448,0.565979294517,0.546596531455,0.643097689562,0.595449626392,0.313384526798,0.28512293444,1.14067348333,-0.94005667987,-0.660745372587,0.351823022259,-0.529109618638,-0.39914109637,-1.04515178931,-0.00308655234501,0.353892225944,0.764136231059,0.764136231059,-0.764136231059,0.819345827471,0.581860568546,1.28875607899,1.28388531425,1.2811819012,1.03527599935,0.213848039677,1.00047715621,0.514726579321,0.750134644572,1.52513477457,0.787325097216,-0.419027133081,-0.950254248517,-0.978376992137,0.335861856379,0.794538534578,0.855912059963,-0.516109703144,-0.514169010476,-1.10825926749,-0.513264392458,-1.1220463286,-0.459006868462,-0.456966568842,-1.09286908618,-1.2355664351,0.127410683455,-1.8653011818,1.0798039147,-0.291342588885,1.10262760651,1.00822846161,-0.56359084117,-0.544190288716,0.751829900088,1.1554537054,1.15542077009,-1.09643824023,-0.524499899543,6142892722.02,01030329,0.0156131
855,600801.XSHG,600801,2011-05-31,0.813988636801,-0.322810253456,-0.333611814277,0.072062794692,0.17985300018,0.532232314621,0.824832760589,2.03860562701,0.39998190739,0.0569513857029,1.16421893674,-0.116325220847,0.764751757009,-1.22895053804,1.4833987541,-0.634142802533,-0.0239708524224,-0.162879356426,0.0989537327245,-2.0851395629,-2.2658024529,0.0463885075287,-0.111265438273,0.139137901964,2.35131626442,1.0968035471,0.994747329139,0.19582135899,0.043359438182,1.34228958568,0.859567678192,1.32767903215,1.36910032422,1.14732318231,0.418494499903,-0.642649254146,-0.139137901964,0.0614729649268,0.107932494928,1.10447411354,0.0697890322364,-0.271971594882,1.56654036859,-0.736093153563,0.719657795733,-0.182916425558,1.82562216696,0.171374707633,-0.872334497285,1.74412504998,0.396526240111,0.758730140398,0.567161054209,1.55107125088,-0.41651449332,1.72658276389,1.31517617086,0.774510776865,1.31894249658,1.36219556008,1.19027697761,0.263135336222,1.39054053673,0.436448639726,-0.0572952469688,-0.350868752104,0.140985607368,-0.0579563581086,1.22895053804,-0.388463028305,0.140985607368,1.27193623768,-0.23497591768,0.237546491162,0.237546491162,0.372515180599,-0.0208876160713,0.51463057951,-0.212592996872,0.0332411150293,-0.183274316798,-0.374748229635,0.600094525148,-0.287854014005,1.24708329782,-0.195723506077,1.14412124826,0.0964546034455,0.437597144476,-0.156956662227,0.517374451607,0.83540733011,2.36854413144,0.914008989134,-0.719657795733,0.951829058888,-0.234691637326,-0.525519739099,-0.232807649543,0.133098657208,-0.506083398851,0.186949123284,-0.302728121627,-0.541226015119,-0.507194510889,-0.642077560703,-0.230323259447,-0.353633214743,-0.975320118085,0.227969920031,0.668706013723,0.192619997791,1.52794681064,0.237351934944,3.24458269224,1.43069158224,-0.769496542997,0.0717331599424,1.366581103,0.0682960005558,0.541856843715,-0.344613110423,0.502959253814,0.22144508098,0.215736528864,-0.114326076818,-0.531923940314,1.57845790307,0.3741128218,0.161506252685,-0.137660873947,-0.131533863098,-0.178982366421,0.318192366486,2.71262706748,2.89163777306,1.51701828498,0.972754902051,1.95482809612,0.876407422522,1.33756083024,1.29616510338,1.06849223793,0.546234269511,0.655689422236,1.40370028318,1.74449285643,0.792037397014,1.91766603754,1.75432962707,-0.356699101848,2.41841151326,2.95849073642,1.79609094794,0.541762763403,0.827378516223,1.130951903,2.10991021957,2.2141485801,0.0863077568396,0.787873055232,3.48409514811,-0.902188133726,-0.905261445973,-0.909896414189,-0.20399087642,0.20129826257,-0.143421190568,0.933861908943,0.453191381836,0.536539353118,-0.507315304116,-0.52202418099,-0.544043239039,-0.414900369462,0.515320508884,0.606863630682,0.249046610681,1.60497939883,0.0346916455461,-0.406756658908,-0.527730063263,0.511096485593,-0.203055625707,-0.57202677519,-0.580158030927,-0.57535179118,-0.16747897872,1.18489849134,0.555614461929,0.379797303892,-0.119719755214,0.164913692457,0.4425182349,-0.309189306221,-1.82693094176,-1.74755437804,-0.428438319516,0.213825587341,-0.465261119112,-0.490122756952,-0.510131878887,0.78312203692,0.78312203692,-0.78312203692,0.945364982192,-0.960975998144,-0.737815879388,-0.742734654066,-0.746604968456,0.543788330204,-0.281292421421,0.727861363348,-1.18906519939,-0.66698167807,-0.028152328007,0.153511891335,2.81152771316,-0.233015399275,-0.63729561016,-0.0350878895529,2.33903103325,-0.737538885018,1.33835686832,1.31329805231,0.735514996317,1.34459367243,-1.40768279611,1.3914342677,1.43127557252,-1.44374646787,0.837853203262,0.220497247844,0.986843050041,0.072386046768,0.038927884541,-0.909728973524,1.56057488782,2.33606698875,-0.241435949875,-0.377028550633,0.583444975013,0.341748397385,0.366157649856,0.428999547732,18444520000.0,01030329,0.12035011
856,600802.XSHG,600802,2011-05-31,0.0305784582095,-0.178902822905,0.454951975374,-0.014454042388,0.190879195168,-0.466206778299,-0.18547758134,-0.515777827911,0.798989592195,-0.509078764875,-0.876738613471,-0.881521025751,-0.77206995564,-1.51507229476,1.33376903419,-1.39792431659,-0.639093855713,-0.0133597674372,-0.551812580134,-0.698808905838,-0.777459809521,-0.0142855218726,-0.486695541399,-0.166926617021,1.44109338452,-0.108789765942,-1.12648231337,0.0723007372553,-6.10806231081,-0.344415551405,-0.457408836791,-0.339814340152,-0.352351335111,-0.400152914176,-0.0871534197407,-0.514631105449,0.166926617021,0.0383687140999,-0.266922876679,-0.665154662898,0.400613895731,-0.376632719996,0.605997188291,-0.707917601117,0.609532577446,-0.138803847743,0.209112448982,-0.134080729806,-0.698234875119,0.804061798175,0.408096627039,-0.665212923248,-0.487053311043,-0.0160383806192,-0.187302771503,0.222866720747,-0.350918172159,-0.499881767149,-0.31205208529,-0.362975354816,-0.409381066186,0.362801828779,-1.28794776907,-0.25629474701,-0.220522242408,0.674506263671,-0.0140210807301,2.18713787214,1.51507229476,0.646774882459,-0.0140210807301,1.38738790236,0.124142087368,0.0181018343745,0.0181018343745,0.105663262623,2.57635990327,0.371295109147,-0.3300502112,0.0281030443864,-0.0385089988399,-0.167889287375,0.600094525148,-1.06192331095,-0.388753317888,-0.567000670418,-0.148648497775,-0.246560247713,-0.458588005202,-0.368424203665,-0.49331882177,-1.0837419186,0.482446786838,-0.241145690198,-0.609532577446,1.68110697729,-0.755948366104,-0.98539281336,-0.129760237654,-0.9939594504,-0.727004020319,-0.127112015792,0.965612004482,0.249143139951,0.738133076646,0.728690365144,0.20985008083,0.147609123339,0.945865251947,0.631985710705,-0.332355604757,0.0,-3.17639968734e-17,-1.54703612013,0.0,-0.676608654419,-0.844011228823,1.29218272646e-16,-5.33335268292e-17,6.4933141564,1.01694365937,-0.37440780654,0.656453536648,0.600071738777,1.79996138732,-0.740679372452,-1.16183386963,0.704749498426,0.24039783438,0.379606671145,-0.436738896295,-0.263760949582,-0.64177989791,0.530218848461,-0.089868510748,-0.242228738523,0.0221532649625,-0.509021538062,0.559443504503,0.556572084345,-0.371529523088,-0.261043390092,-0.159426466285,-0.0510417708436,-0.537240226266,1.18535667723,-0.608936014117,-0.747955636649,-0.27811802549,0.041498409258,-0.769455889436,-0.135860707565,0.242597875705,0.306772745657,0.0758679639128,0.104517173965,-0.359044942131,0.0202894850053,-0.194175298242,-0.425627031845,-0.0727253420941,1.35706517303,0.113851098951,0.114601916331,0.115359222296,0.240090985793,-0.177090433857,0.40833098452,-0.683647003455,-0.0055897847847,-0.0638565609698,-0.126439400317,-0.111280066509,-0.068090471904,-0.152604690427,-0.255733002902,-0.358831920726,0.183383472859,-0.631432176606,-0.177268826504,-0.651542249956,0.104886191546,-0.319790568583,0.241146970101,0.139805019416,0.133254124726,0.136475424099,-1.08632598929,0.306422666245,0.272514446853,-0.9695463803,0.289094994701,0.27455219438,-0.821396969227,-0.827593377201,0.358947982893,0.58081771097,0.0749181760903,0.418147815245,0.404574886184,0.611116968591,0.349589584899,-1.94280155073,-1.94280155073,1.94280155073,-0.137028602275,-0.485581440271,0.0996899549713,0.0987914738577,0.0998750929484,-0.498761271015,-0.422761124592,0.23672192308,-0.543352807891,-0.497583454413,0.414455053878,-0.0996908397675,-0.0264316979921,1.09714991726,0.056537123316,-0.292832263429,0.246013720374,0.0424365959042,-0.341509172224,-0.345896270392,-0.388054539186,-0.341121455187,0.155639375518,-0.366848669266,-0.347899303761,-0.0523361611818,0.93193509322,0.19934091801,1.13925362209,-0.56383557008,-1.13665157034,0.137416886809,-0.0745688331571,0.00656659729797,-0.620030427737,1.11209821386,-0.96984070412,0.274967511505,-0.408112276075,1.33196991085,3792005503.38,01030329,0.21953676
79,600793.XSHG,600793,2011-05-31,0.370501189691,-0.456050981152,-0.198652011406,-0.904897872495,-2.50145842823,-1.71509908571,0.0,-0.539183020233,-0.146980456389,-0.66434928291,-0.144862174013,-0.63001032287,-0.737779790868,-1.14400810468,2.39505359945,-0.739453420395,0.397613317874,0.390648167874,0.773033253502,-1.0791079917,-0.496993235431,-0.705385381728,4.33267751325,1.88458103471,-1.084389694,-1.33562840735,2.83248631526,-1.22456271255,0.638881192989,-0.106915702607,-0.0651395593691,-0.0920983110296,-0.113712295155,-0.0779410874318,-1.28084714077,-0.825647739124,-1.88458103471,4.46126106551,-0.554295862812,-1.92909686916,-1.007034834,-0.266018045892,1.28173126004,-0.342152143048,-1.06925979069,-2.75265796123,-0.581919180246,-1.01617544315,-0.718535790636,0.92469389717,0.646895075859,-2.39796547186,-2.42734922933,-1.10526602009,-4.07130238815e-17,0.0,-0.110274525227,-0.0601809711821,-0.0790550969052,-0.114376006512,-0.0904133509874,-0.158963981648,0.386022795834,0.0,4.19221924728,0.693089114351,-0.928232788506,0.0929254947802,1.14400810468,0.569052015425,-0.928232788506,-0.57170101799,0.744643760023,-1.03734660035,-1.03734660035,0.0521364055961,0.225522157896,-0.325067237658,4.24719748374,0.375648516379,-0.277406176906,-0.680705781291,0.760745525904,-0.771267962733,-0.336691159708,-0.597161612854,0.332045997919,-0.627818833022,-1.82492894609,3.96112723141e-16,-3.12505423604,-0.959136206954,-0.355207936146,0.2236311325,1.06925979069,-1.59750821851,-0.0122502209632,-0.357655480601,0.752603357108,-1.33374746152,0.522187484071,-0.99303330855,0.910670633983,-0.78849300106,-1.15815886907,-0.640945032857,-1.43441733232,-0.690861886016,-1.00482172398,-0.117192835713,-2.31434345288e-15,1.90254913274e-17,0.0,-4.27130402846e-16,0.0,-3.21046320318e-17,-2.83057045154e-16,1.86885673727e-16,0.0,0.0,0.0,-0.213983183815,-0.158694946406,0.0879547813326,0.488499525091,0.148463580536,-0.675663924692,0.373808642694,1.52247669112,0.822577403845,3.2195407704,-1.05788026603,-0.19784597089,-0.469570381145,-0.342895947762,-0.21812703041,-0.418213047455,-0.68749614639,-0.621223035241,-0.435502112945,-0.127085712807,-0.035564034889,-0.315194265443,-0.441211305164,-1.16372418115,-1.61557682744,-0.690152386954,-0.633706520529,-0.077648473123,-0.373724630808,-0.968115179951,-0.291252688883,-0.433618533228,0.120200047338,-0.307924419424,0.796814196807,-0.33523876127,0.0485570815075,-0.794659302218,-1.37999035491,0.152860296592,-0.286647785858,-1.13836583386,-1.13860162406,-1.13369535528,-0.786821706486,-0.771693480001,-0.676368524609,-0.645719248399,0.231687555946,0.477623103535,-0.743354882449,-0.744116444146,-0.776500261514,-0.74950325835,0.442025614811,-0.552638391613,-0.563685903533,-0.443741919967,0.126179265325,-0.687073252156,-0.568550990978,0.531870319819,-0.786545467137,-1.09625974596,-1.08892490459,-1.09497726681,-0.668496601482,0.114011521444,0.561531615664,0.735117263876,-0.768531752321,-0.377936139975,0.609408856957,1.00273874673,0.0135956827952,0.428710933884,-0.40498079186,0.467134464319,-0.186812909621,-0.299170153489,-0.322774630016,-0.483667769281,-0.483667769281,0.483667769281,-0.25313378181,-0.630871248566,-1.05687627905,-1.05719821444,-1.05687733104,-0.152111687613,-0.762169505954,-0.851140382451,-0.661444483052,-0.0231749841819,0.381920439533,-0.103480671602,-1.00337552207,-0.0956265546815,-0.128314108211,1.50033417194,-0.45277699171,-0.342402534973,-0.103471948478,-0.0872321131816,-0.256007395534,-0.0989455369154,0.80880024664,-0.119755591952,-0.117733369482,0.39643627582,0.935807348938,-1.12129726573,1.84105967543,-0.80693694861,-0.309134627536,-0.264927142911,-0.516848316019,-0.326227000338,0.659142354344,-0.797550485319,-0.291544574664,-2.08497586253e-15,2.24879593361,2.38587598919,974025000.0,01030316,0.18810811
153,600612.XSHG,600612,2011-05-31,-0.88134215561,2.19795250912,-1.14997442159,-0.828983389732,3.69147427257,0.587387159027,-0.5763360997,-0.539183020233,-0.501521151869,-0.445854011869,0.708944767978,-0.63001032287,0.415215603233,1.71532281094,2.87579620792,-0.216783342858,0.0695823306279,-0.0516334969711,0.205959126155,0.387786383388,-0.0281044453652,0.124188558591,-0.138815198226,0.298807921481,-0.181010953558,3.81891014737,-0.299371514975,-0.866252676943,0.474274523899,3.54321633533,3.26159014547,3.47742308738,3.58315139959,3.30154693085,3.83354745231,1.09207818114,-0.298807921481,0.0039446866011,1.02528335334,0.841757462006,-1.51393156253,-0.250300746999,-1.58689126876,3.30891850682,-1.09320330485,-0.698635524952,-0.343307968262,-0.582534799495,-0.843913970806,1.6143472311,-0.242110632789,1.49005030086,0.39020199685,-0.728206465884,-0.320905678467,-0.982279823216,3.53963267062,3.07889416033,3.46754795741,3.57330523498,3.20925176679,-0.135971467684,0.358267417599,-0.80557036557,0.426650381648,0.100354623132,-0.480313960189,0.0758308649845,-1.71532281094,0.269060727491,-0.480313960189,-0.624872694142,0.46645340538,-0.0146590139844,-0.0146590139844,0.564443902839,-4.4583054622,-0.914155385428,-0.0674577084142,0.193080567905,-0.450131684699,-1.01706574101,2.35677832569,-0.351741883491,1.97025421583,0.650902996753,1.19128671652,2.6710970008,0.808450356164,3.05071340453,0.976320567168,2.09972857692,0.0377942998533,1.19537382864,1.09320330485,0.612993296323,0.488175489119,0.105625356888,-0.613020428497,0.355313254168,4.29103792077,-0.378972515275,0.223785646322,-0.78849300106,-0.84895956395,-0.745781563546,-0.564647458498,-0.813673112932,-0.852694914459,-0.0971197727077,0.818847220262,0.46074253432,0.850703558861,-0.284104515411,1.36714710343,1.69648053057,2.33136845871,1.91583862047,1.35214933675,-0.637792306607,0.4384597132,-0.801816719853,-1.10009574105,-2.14506547053,-0.10126342739,0.878971083969,2.02699177408,1.25515822186,-0.319033751679,0.0193386780853,-0.0712674701303,1.4575077516,-1.16866483797,1.53966848265,3.082075904,2.91288032132,1.71643563342,1.59039955591,1.67803667906,2.14169653033,3.60956781079,3.31939676495,1.73666260884,1.23419946835,2.23068122916,2.21763603004,1.95525377325,1.02629363915,2.04941899901,0.912549590861,0.547938879854,2.09561409988,3.55914085334,2.37654097301,0.643899596562,1.65348494938,1.97495170208,1.72399226092,2.18355187367,0.162419348123,1.1946002273,0.277883057746,-1.00377536341,-1.00437905195,-1.00157468313,-0.58821537432,-0.604773791972,-0.589038594008,-0.594045300693,0.137090994772,0.394100560575,-0.73499463002,-0.733405776117,-0.750067645512,-0.747054483819,0.440945335746,-1.37829738558,-0.145466686875,-0.115303301723,-0.570602735082,-0.67183918309,-0.595554430783,0.441655280735,-0.587615536747,-1.05431434095,-1.0496106504,-1.05434561596,0.810301839434,-1.7022537655,0.640166853688,-0.358690465411,-3.36035461417,-4.13746556988,1.21520503453,-2.03980944815,-1.90423631866,-1.83277776757,-0.691652588346,0.318500771127,-0.869086144757,0.937465381315,0.456600153305,1.70135211105,1.70135211105,-1.70135211105,0.74587553489,0.297584145829,-0.847162975717,-0.848357899168,-0.849439678124,1.33593743034,0.912052212146,1.14325604478,0.144609751403,0.40121691365,0.240390058124,-0.0242266513516,1.77558349391,-1.17970972541,-0.85236691472,-0.44401113928,-0.591831504807,0.0203535211367,3.52914802856,3.44166481603,1.77176836999,3.53549462193,-1.73505931487,3.61418500022,3.62094976438,-1.66713268309,1.1254634488,0.068304703648,1.15484676025,0.176521813169,-0.334983657355,-0.176388996452,0.914286099686,-0.805044049221,-0.862041053768,2.18669816333,2.04458335024,0.561021606671,0.390479733951,0.958974843911,10452295323.0,01030316,0.0994546
203,600103.XSHG,600103,2011-05-31,-0.651324082267,0.752754994556,-0.315635973679,0.482358534588,-0.00665239440497,-0.0226957224179,-0.498197869686,-0.539183020233,1.1026712185,-0.447815369778,-1.46417912149,-0.63001032287,-0.737779790868,-0.679159069642,0.0579010540781,-0.312785908222,1.09095154092,3.05860530742,0.965261771247,-0.880451394881,-0.861684516593,-0.0448139329131,-0.207348263369,-0.692703046849,0.816225318359,-0.582814129391,-0.515988406934,-0.588090938772,-3.98892986396,-1.00142710836,-1.09053342005,-1.00431564844,-1.00160848077,-1.05869616304,-0.534083101451,-0.271876433116,0.692703046849,-0.2355043872,-0.517561462436,-0.496005924943,-0.797517519546,-0.188061815403,0.0466498244279,-0.339766629456,-0.972345566749,-0.58900834486,-0.428526258257,0.895266867695,-0.468731888193,0.116065782238,-0.955098702,0.110109425522,0.229865498548,-0.248312487806,-0.250831920506,-0.389383271609,-1.00565832562,-1.11543996982,-0.983595304381,-1.00730636376,-1.08721399031,2.90300159939,0.376057397586,-0.523059586072,-0.490888991439,0.927879165447,-0.423061177623,-3.73485952951,0.679159069642,0.674760720576,-0.423061177623,-0.525175801357,1.39858226965,-0.194404104921,-0.194404104921,-0.318529776913,0.535147666441,0.690097375165,-0.192190492656,0.230555112612,-0.22230354463,-0.172244821392,-0.836245276766,-0.339572889169,-0.657430218099,-1.30218534445,-0.623558165765,-0.490204731032,-0.754039078475,-0.762622016402,-0.239387399243,-0.574319599345,0.0797554760928,-0.557004679648,0.972345566749,1.43606346867,-0.19533663583,-0.441888360145,-0.352084142624,-0.484740075274,-0.203230496992,-0.447201492306,1.37346706677,1.63054020424,0.591628107633,2.98756377929,0.0258385108868,1.51155278334,1.65739744258,2.07867741947,1.58492862919,1.90254913274e-17,0.0,-4.27130402846e-16,0.0,-3.21046320318e-17,-2.83057045154e-16,1.86885673727e-16,0.0,0.0,0.0,-0.243170860724,0.868606479407,1.20382799333,-0.458506545131,-1.07493479519,-0.675663924692,-0.133957479712,0.911402833255,0.173630646144,-0.896950574848,0.113605701122,-0.146941610819,0.171523659174,-0.628449835647,-0.736294293663,-0.528373067795,-1.29764678093,0.328262496733,0.89092588167,-1.00017120605,-0.962796020745,0.2065738676,0.0432913382422,0.24750772055,1.39752203394,-0.526312446321,-0.800888803508,0.208712357118,-0.0780523846011,-1.64439434294,-0.56014072229,-0.415928757026,-0.766428476072,-0.258835593425,-1.10329373661,-0.65642899047,-0.384158928424,-0.741917261647,-0.694433516178,-0.826077891251,0.864649251864,1.89636739193,1.90212761682,1.99301142287,2.21795252653,1.00742054134,2.95818054577,0.497969569538,-0.859763480166,-3.17599145691,2.65541977604,2.79583676025,3.19247007692,2.30431706102,-3.89883068207,-1.0155695786,-1.65046977385,-0.677387433811,-0.381444683738,1.1681488021,3.50282084198,-1.44653758359,2.2152477779,3.36009725489,3.36978330027,3.35778332075,-1.56200855619,0.69623652128,-2.10147016956,-1.83722537337,0.610648396139,0.487620460753,1.06992734788,-0.295980916528,-0.653601092943,0.811015829576,0.0728055356153,0.467134464319,0.6660286343,0.843663520986,0.691578078812,-1.13824576022,-1.13824576022,1.13824576022,0.559658921011,-0.118533816935,2.372949883,2.36980597374,2.38305618206,-1.32271032707,-0.494294031058,-0.256831522064,-0.210199674598,0.111529611376,0.344069291017,0.493481061576,-0.0108197655634,1.55553948523,0.937332679043,0.434514947284,0.564218040784,-0.534011091303,-1.00071715658,-1.01220096722,-0.622727320618,-0.997333883477,0.81788545936,-1.0068118421,-0.990924724365,0.510641428126,1.01546739906,0.225962267605,0.919112376861,-0.445534866987,1.35989022964,0.676248433445,0.386590919712,0.218887793775,-0.742224134257,0.175871209612,-1.63665141573,-0.295336955732,-0.265473742809,-0.907496175883,4502208384.0,01030316,-0.01650943
286,600978.XSHG,600978,2011-05-31,-0.817969129428,1.61222184692,-0.666587860497,1.30892570961,-0.0384431191005,0.650461486673,-0.396679696833,2.59384603609,1.15355823597,1.81029599063,-1.02053871358,0.46598396662,-0.323422071113,0.55239598627,-1.05001725625,0.767041066473,2.93985346903,1.53202020618,2.79143268982,-0.0981311684744,0.765818365012,-0.997239052673,-0.222159096526,-1.09271373927,-0.967067779658,-0.0379301406739,-0.183449550117,1.99079839647,0.119584659119,-0.709882145963,-0.755263629617,-0.744446094593,-0.689196736653,-0.774978261799,-0.00132264264847,-0.024882310235,1.09271373927,-0.246500225355,0.373247746675,0.609793739329,2.42634567387,-0.226653475484,-0.352766519002,-0.365539531205,1.1916920456,-0.0340738595928,-0.496700890252,0.90667846358,0.240277200286,-0.821261014069,0.575947189528,0.79967028796,0.905005209613,-1.10526602009,-0.313530217189,0.181972055805,-0.700750701528,-0.754149413526,-0.76511111003,-0.681663660998,-0.800402731782,1.55568790819,1.68740668368,-0.157067147662,0.136882507228,-0.719586757271,1.60436088739,0.27842473261,-0.55239598627,-0.723265463089,1.60436088739,0.372096233706,-0.505532802495,1.61131094656,1.61131094656,-0.766870228792,0.304073804987,0.965413557456,-0.223358380323,0.233422022633,-0.444800762922,0.0938017062925,-0.0382288768714,1.31571456345,0.283404353182,1.5444641481,-0.0855289307499,0.396641704017,1.3850833618,-0.161793344167,0.662210899526,1.94952008439,-0.386422957495,-0.590928978582,-1.1916920456,-0.333693879096,-0.378082107653,-0.764781065062,0.449608261999,0.4159566389,-0.551091751069,1.76049326447,-0.677032488592,2.28834747937,-0.497596717223,0.838414900185,-0.325261254693,1.79811231281,-0.358282783527,1.96525393196,-0.0733509920457,-2.60136923864,-1.98057856986,-0.154836960899,-1.96663643694,-1.45550318248,-1.09242385604,-2.8688202023,-1.75154658308,-1.18976577068,-0.00674553404922,0.962625426226,0.984309370368,0.58856913329,-0.0932455020539,-0.035622077758,0.0,-0.0228282235862,1.56990744271,1.88421134316,-0.911524570599,0.16239714334,1.01416260224,0.340878908452,-0.760759261705,-0.565010027625,-0.446805191372,1.10617955461,-1.5654462897,1.04031582701,-0.71827191255,-0.802422099727,-2.53394407595,1.34512414323,-1.43758455238,0.205471763251,1.62525723306,2.52892320964,-0.696064830624,-0.893074354811,1.91687658701,-0.746270994303,-0.539462360837,-0.706774050355,-1.03427264141,1.08883034318,0.285729015182,-1.0837851629,-0.384326226582,1.95467797233,-0.859913932308,-0.806707928435,0.503566315948,0.501896034808,0.481132960952,1.05064837778,2.10024766123,1.75967013862,0.986546012051,3.69588430361,2.62620158368,2.28968615808,2.1445590345,1.44119565589,2.55456558536,-0.982828539166,2.02896958542,0.774699317343,2.20478586019,-0.733012705846,2.41881021015,1.81643438051,3.0477295199,1.04361409502,0.529040424064,0.475020315774,0.539139002873,2.26818380533,0.5102544966,0.490469389292,1.55775507863,0.6087193911,0.478519468918,0.186703561565,0.955472799568,-0.458908311415,-0.389382988386,2.65285170398,-2.50553939953,1.86000679579,0.98866914911,1.17845234046,1.80557063523,1.80557063523,-1.80557063523,0.630633140954,1.62787632022,0.365907099053,0.379268194543,0.373171598454,1.33593743034,2.25142958663,1.26288790584,1.71122983237,1.61935201971,0.338309333634,1.21315869708,-1.27475609978,-1.13011265205,-0.601721672845,-0.741793754512,0.346541988637,0.9076380002,-0.718401028776,-0.756788454433,-0.74170527384,-0.715880751127,-0.313223524241,-0.665180844344,-0.686902719003,0.424003036722,0.126170732222,0.514511424299,-0.249493408127,1.78350563552,2.15651033042,0.578447171905,0.541677995836,0.660872761975,-0.107008041311,-0.817501397179,1.82039887673,2.00706567038,0.390479733951,-1.42624747851,6858343172.1,01030316,-0.0487395
309,600210.XSHG,600210,2011-05-31,-0.418158695334,0.188245479761,-0.0794608045626,0.331412831254,0.00392229266944,1.26054436812,0.321740827418,1.25466715287,1.30455086158,-0.392112805168,-0.899140131129,3.79310948829,2.36089533078,-0.174634338422,-0.132487084491,-0.317298646327,0.0397613317874,-0.151503550323,0.205959126155,-0.689178494582,0.945442428868,-1.54629185063,-0.154043547451,0.138159208414,-0.802817099577,0.623181548181,-0.120085425258,2.11809275123,0.518716909191,-0.730677613161,-0.756963729971,-0.740184568148,-0.716509730765,-0.752793945336,0.658940567466,-0.446066253861,-0.138159208414,-0.216513427973,3.15128677509,1.21989010582,-0.141931083987,-0.250453582374,0.0318211937138,-0.336651429353,0.877005859607,-0.247379458065,-1.36592744819,0.1763363269,-0.267897982347,-0.270716654854,0.316678800724,1.14682625553,1.54653486433,0.0901841574449,-0.203517121679,0.623054265478,-0.737161622512,-0.761693802109,-0.748636180301,-0.72006312733,-0.755220248509,-1.22189414722,-0.51179324149,0.471533158187,-0.390176986305,-0.458687591743,2.44294576146,0.284637752422,0.174634338422,-0.49998547989,2.44294576146,-0.352367853864,-0.181344292585,2.06997083378,2.06997083378,-0.277979239227,0.203139489105,0.645515892001,-0.200568010596,0.222330448883,-0.51305143407,-0.695118180321,-0.836245276766,-0.288995506519,0.542371444771,0.300382723417,0.65325748151,1.91421943985,0.771248226768,1.86190037847,0.799590732187,-0.462526470684,-0.523052641104,-0.393037234798,-0.877005859607,1.1090260808,-0.0232653039376,0.863721272779,0.153479911255,-0.178267130957,-0.129168573487,2.6791477052,-0.410201943426,-0.76727341154,-0.799768765408,-0.78655132548,-1.11523572725,-0.756361207038,-0.751277041447,-1.33389324373,1.311328126,2.2934032695,1.71239811977,2.84293918421,0.196715547533,-1.77359328196,0.0709363593283,1.71249398714,1.41016234459,-1.27620117577,-0.226234834266,0.78185013698,1.77845194015,0.746523788869,-0.354273515765,0.235330903303,0.675663924692,0.269181630277,-1.32705234615,-0.681330955272,-0.536840388933,1.02108721808,0.78509298192,-1.32299804216,-1.05259366032,-1.10043515144,0.644859350486,0.486317455304,0.417507878895,0.147196404034,-0.684107621266,-0.801903293787,0.211468612871,-0.22056439721,-0.514556557214,0.190851845236,-0.716460414141,-0.675749955798,-0.398398823742,0.821291602966,0.218145479849,-0.874403611333,-1.04173407313,-1.04364610147,-0.994335969414,-0.224194243495,0.545060385425,-0.983230204397,-1.12732972311,-0.333824119741,0.653223570399,-0.0927061174868,2.92224722249,2.91369802546,2.88057766019,-0.366898690129,-0.321592672326,-0.592128010476,-0.609113739945,-0.752227111716,-0.33829193883,-0.167615358646,-0.169210333023,-0.0876237306804,-0.123117625093,0.515777483191,0.0870941738315,-1.8036912286,0.201678769025,-0.39913214223,-0.363716203174,-0.452355596948,-1.09403276254,-0.366396086586,1.59575434881,1.58251148714,1.58908150012,0.167147657897,0.841929098453,-0.287413823169,0.118506151837,0.599045138554,0.480871944614,-1.00576412663,0.0477402056624,0.423603303831,-0.25442169032,-0.882767119336,0.467134464319,-1.03965445354,0.321299032728,0.524273795851,-0.907680121099,-0.907680121099,0.907680121099,0.747907516647,0.506446443741,2.89784217705,2.88680953189,2.86797970305,0.581992543912,0.108425787458,-0.589785341929,0.45029171842,0.772016660561,0.747266307822,0.833506374264,-0.657680101561,-0.675485589077,-0.848378265022,1.05298653276,0.837242091815,0.29408003018,-0.733749268307,-0.742929375991,-1.0157151055,-0.729328560057,-0.526726023153,-0.70144267138,-0.696456954526,-0.658976855834,-1.12586757907,-0.358489013301,-0.938318490015,-0.362227450335,-0.786558375253,0.867757952186,0.60952859164,-0.694547807171,-0.445240867281,-0.301717760716,0.406151029813,-0.169512342396,-0.921427219569,-0.368971687441,8476743332.2,01030316,0.01694915
340,600433.XSHG,600433,2011-05-31,-0.197806100771,-0.0968176535544,-0.216309967976,0.475981421612,-0.00625396388479,-0.925959447446,-0.656115027457,-0.539183020233,-0.0702328234855,-0.228339419783,1.27443007666,-0.225536239844,-0.395484283245,0.434977371884,-0.160241555879,-0.278821616171,-1.54075160676,-1.30714273911,-1.98544597613,0.591717049148,-0.75126626089,1.08548261377,-0.190098257394,-0.252645254034,0.405598618158,-0.295976961162,-0.802846150481,-0.30521459487,1.15336549406,-0.319192836679,-0.29135291238,-0.314148906654,-0.323915577704,-0.298114642557,-0.312672722097,-0.298574073719,0.252645254034,-0.227721732032,-0.517561462436,-0.302173225171,-1.0205520801,-0.0168512611343,-0.204001868934,-0.298034174028,0.230530977521,0.869288097283,0.866791749655,-0.582534799495,-0.243944235464,-0.307724675676,-3.84239074649,-0.683811206309,-1.09047709744,-0.475405173861,-0.309170948279,-0.906372652249,-0.319214331558,-0.302754478314,-0.323333373155,-0.317552272491,-0.283139503796,-0.125800950029,0.949762023268,-0.792854616199,-0.444066743438,0.332073013708,-0.0492341855687,0.184832296377,-0.434977371884,0.24612641989,-0.0492341855687,0.307847125022,0.964322607339,0.280784066521,0.280784066521,0.768338859935,0.224243244919,-0.272998787855,-0.133004419132,0.401840163306,-0.292793422974,0.240945941978,-0.0382288768714,-0.190730877371,-0.448355868925,0.154332609526,-0.313053731627,0.236091918362,-0.382017784514,-0.335905215931,-0.0654189679337,-0.827628961791,-1.36176444423,0.553073768819,-0.230530977521,0.620295566546,0.20464200808,-0.41381073363,-1.06965892877,1.70900384221,0.097612924979,-0.00614989078677,0.506351493399,-0.44190637223,1.01326352371,-0.22742316181,0.640263100652,-0.510738753206,0.833377224361,-0.11747425299,-0.0733509920457,-2.62111064692,-1.76515492963,-4.27130402846e-16,0.0,-1.16633036477,-2.83057045154e-16,1.86885673727e-16,0.278908691573,0.0,0.0,-0.872745913203,-0.179731835672,6.06584698846e-05,-0.167188591262,1.69761441664,1.35132784938,-0.733937240181,1.17250221337,0.477831287714,0.361182731057,-0.829155025817,0.153636515318,-0.349844917909,-0.238220768919,-0.2487597329,-0.435958399294,-0.225697423033,-0.768424581915,-0.710444757641,-0.317271615931,-0.326802823915,-0.835784947169,-0.983359055124,-0.547994188685,-0.398380354496,-0.466928351759,-0.572507366588,-0.236868927001,-0.355309477593,-0.00919854237138,-0.144185872834,-0.274823308854,-0.0271814750235,-0.0641443174277,0.10918581067,-0.44706054477,-0.183461121913,-0.0412392526743,0.161868118154,-0.318024608113,-0.211294653561,-0.453926049936,-0.455496142946,-0.460453516338,-0.554771787702,-0.637541882125,-0.394067573402,-0.633253994665,-0.309936283251,-0.00973474241912,-0.566196576472,-0.558522048917,-0.509536796314,-0.590453661234,0.421133738674,0.579769786211,0.523097966781,-0.872314329859,-0.309350725117,-0.57441677034,-0.378611145241,-0.097038025233,-0.55447978299,-0.463435268767,-0.465018105894,-0.464719337629,0.0690651139588,-0.313117493813,0.438945336025,-0.773841326423,0.204680517397,0.155279803307,-0.435316962876,0.22754414243,-0.324268669113,-0.0187880001845,-0.882767119336,0.467134464319,-1.03965445354,-0.0934945147847,-0.0340337551534,0.0631225699315,0.0631225699315,-0.0631225699315,-0.108427652397,0.201007647392,-0.612635990074,-0.613769867705,-0.614481332741,-0.27115561705,-0.159449687438,-0.740086727767,0.277435844214,-0.152085833694,-0.213000873018,-0.113706996796,-0.647715488553,0.392422956487,-0.0602436619489,0.0141159610754,-0.473899196231,0.310024599332,-0.318228717285,-0.310655745866,-0.152996180623,-0.321411689186,0.390880461535,-0.327120295457,-0.334313349732,0.416126819321,-0.408845524756,-0.504130395749,-0.0611496307784,-0.0392276632536,-0.808001320443,0.0297691693924,-0.180731288904,-0.178898677605,-0.796048538269,0.889454182148,-1.14847401079,-0.454965196531,0.390479733951,2.1868494285,2773056000.0,01030316,0.17574257
353,600567.XSHG,600567,2011-05-31,0.93037500064,-0.620016529625,-0.710732751921,0.565797770319,-0.0115358813254,0.543989398064,-0.304390448785,-0.539183020233,1.28536395335,-0.503223730702,-0.49566837182,0.492079068751,0.757511110857,-0.749931933108,0.230958346261,-0.555476213242,-0.36282215256,-0.272774329394,-0.380337852966,0.474632718634,1.28991628293,-0.831849831153,-0.15184609446,0.294204806493,-0.697227376668,-0.357822893346,-1.65899862822,0.182747098363,0.267065440883,-0.890829938698,-0.883421194551,-0.889889485405,-0.882609244133,-0.887602515202,-0.41345809191,-0.582912135603,-0.294204806493,-0.208489201983,1.04824235358,0.768673001437,0.594758828136,-0.275294425392,0.850744283476,-0.377635488359,-0.592669842349,1.00695943972,-1.2466218422,0.393156648727,-0.743829998681,1.04195269576,0.450895605183,-0.197727319672,-0.593121728133,0.00663118804742,-0.35965779136,-0.427336857093,-0.897288460889,-0.889964880476,-0.895462751004,-0.88670885098,-0.889292753282,-0.915938034867,-0.97542706827,-0.102886998169,-0.322858961821,0.0549516410521,0.0821104332611,1.70753401847,0.749931933108,0.0717905337558,0.0821104332611,-0.188421852395,-0.291299580614,-0.248121028649,-0.248121028649,0.0852621969451,0.269172675833,0.441325892774,-0.216435159696,0.220741075002,-0.4784620947,-0.837546594266,-0.836245276766,-0.467195217118,-0.163254483689,-0.354187332473,0.479267927898,-0.062071969284,0.0218910489304,0.210691889688,0.28389859652,-0.650496566103,-0.586506127124,-0.393037234798,0.592669842349,-0.566844935522,0.346159597913,0.0354312906016,-1.27480291668,-0.855519427562,-0.135178371576,-0.0597583727394,-0.0624629309889,-0.39946719319,-0.054879530346,-0.268192923744,0.0657362115209,-0.38792752629,0.193176900975,-1.20255764924,-0.248455314087,0.370809452163,-0.380288671015,0.454567224658,2.62685326138,1.17596945869,0.528835755954,-0.886546690588,-2.07061812624,-1.46358620184,-0.769509768846,0.875062395497,1.98356161049,1.3936283456,-0.53244963434,0.126442308292,0.0,-0.616305740345,-0.281733840234,-0.429072354085,-0.215947500675,-1.02923433369,0.689344304642,-1.4764922258,-0.984345443715,-1.05168169536,0.295375709746,-0.129697205778,0.433152487721,-0.555780266411,-0.861530194605,-0.920442590373,0.26199422023,-0.00996264621444,-0.292682248862,-1.35302823475,-0.762199266386,-0.880186744378,-0.0909605455273,0.671547330763,-0.402020516519,-0.75908052145,-1.03070744597,-1.12435503038,-0.943583115415,-0.742034967563,-0.161558118814,-0.912827996431,-1.21699119208,-0.864873822842,0.310120987412,-0.248353571084,0.920522919232,0.917498473934,0.901680453154,-0.488821278547,-0.532991917362,-0.50504232306,-0.614706297845,-0.932671959789,-0.600817155548,-0.305381889169,-0.285903110405,-0.142234242639,-0.32092250268,0.347650145453,-2.24375095161,-0.353111062713,-0.645676307186,-0.386216326253,-0.443463329831,-0.334025123691,-0.691170109913,-0.488693647994,0.739668728549,0.739092684055,0.735749366188,-0.46906788529,0.854642403812,-0.240990966307,-0.491450987747,0.581216455614,0.473125408483,-0.655915743735,0.0960364385365,0.331225791636,-0.860178691123,-0.882767119336,0.467134464319,-1.03965445354,0.121217082942,0.31974900949,-1.17750616316,-1.17750616316,1.17750616316,0.60378195345,0.277411975176,0.369393677695,0.365639102177,0.361151547127,-0.0925897228952,-0.728685071592,-0.79741692804,0.213752101086,0.588065223616,0.672386861844,0.717181925186,-0.407980769739,0.0715623433069,-0.40830979126,0.775415407255,0.784045428577,0.327748390792,-0.891449888393,-0.888582640437,-0.95648365693,-0.8883930475,-0.0906358126083,-0.873329304918,-0.86490228081,-0.316361398916,0.0928052127976,0.355099673261,-0.166057087438,-0.722736795689,-0.807903407452,0.753153830735,0.513454428674,-0.0389367710081,-0.200827909262,-0.653293873856,-0.0296468252353,-0.862486705394,-0.921427219569,-0.706935576126,3730916153.9,01030316,-0.00404858
480,600963.XSHG,600963,2011-05-31,2.13165811213,-0.784262396583,-0.0794608045626,0.572583467166,-0.0119079565194,1.73103294037,1.40808782055,-0.539183020233,-0.904446224615,-0.475274380501,-0.256441753468,-0.251631341975,-0.287390965048,-0.481852904829,-0.779882107133,-0.402660650265,-0.340456403429,-0.301308630351,-0.274612168207,0.189832995762,-0.276156724024,0.479767172883,-0.105380950975,0.675342727467,0.593313681107,0.175331694441,0.683509212486,0.991301981351,0.174783800086,-0.274845056385,-0.168612333867,-0.256543096229,-0.269427359944,-0.193854967493,0.238869262313,-0.632826896179,-0.675342727467,-0.225853196274,-0.136442058538,0.098202515341,0.980000341815,-0.257242384193,0.739290381656,-0.424382199808,-0.126341400068,1.41317488223,0.406612983687,-0.519771022124,0.729518013255,-1.1007373506,0.608933724983,0.890923649893,0.934207389716,2.16079812982,4.37400401772,1.67036807031,-0.28490143762,-0.131292598935,-0.269348855943,-0.283288665759,-0.149624200486,-0.871372934181,-1.56213390539,2.87812694127,0.363219487187,-0.31863906985,-0.473578338711,-0.12821917916,0.481852904829,-0.357107379662,-0.473578338711,-0.272610339636,-0.351549053506,-0.287375703682,-0.287375703682,1.40401137324,0.168179151017,-0.580304736692,-0.227020913292,0.195827077691,-0.389520572366,-0.636143915173,-0.836245276766,-0.457460021661,0.734814879806,-0.606455711011,0.813863223305,-0.776900776845,-0.129574763611,-0.490037036837,0.192772275358,-0.147570209599,0.214849994717,-0.24716274938,0.126341400068,-0.647691498712,0.211539548133,-0.484004799917,-0.574394991443,1.60440417862,-0.645127415281,-0.588532944726,-0.309094258809,-0.413613586203,-0.0900158150188,-0.320611189088,0.281183794945,-0.338803035524,-0.11107671806,-0.813700596519,0.171586601286,-0.00976102964877,1.65084850828,0.983948638373,0.392393018297,1.52297683994,0.432717675482,1.8067597112,1.41016234459,2.31509242213,1.84204968267,1.38004059063,-0.835381551122,-0.267443193721,-0.437125410902,0.668652711966,-0.675663924692,0.0569720401214,-0.714597010084,-0.0393974688461,-0.635678578297,-0.302964134861,0.760852810457,-1.19303963335,-0.334521933455,-0.546026381011,1.19110379951,0.420380324326,1.97763093806,-1.04055730163,-0.267131217212,-0.269718449127,1.14113424007,0.476165735723,1.95373861118,0.0895450474761,-0.113559027623,-0.785811157757,0.81002471856,1.05087525655,-0.863072524346,-0.253384290845,-0.710227667108,-0.64244084615,-0.0566561914278,-1.11432178297,0.737774522944,-0.0948573674984,-0.793604461406,-1.21357665193,1.17422170258,-0.274294813351,0.198085423944,0.197416087241,0.194544603906,-0.0471581211232,-0.0185810624457,-0.28517668582,-0.0631778209154,-0.639175800088,-0.327311105988,-0.182055997339,-0.177855934799,-0.0977266660618,-0.161034133458,0.374121858823,-0.474945695526,-0.703092309085,0.129675023082,0.0928510836069,-0.371758982653,-0.323489836959,-1.14732625246,-0.0459204754528,0.0790322343334,0.0875341314396,0.076700734913,-0.510297475482,0.740349471595,-0.358948747278,-0.883924221499,0.546143636716,0.462206594519,-0.0975714193845,-1.09534271663,1.06195634544,0.78396614835,-0.787209853841,0.467134464319,-0.869086144757,-0.908451961869,-0.557752555523,-0.595738374055,-0.595738374055,0.595738374055,0.545870473374,-0.232961793825,-0.168743032345,-0.172909076971,-0.173820248845,0.125657481072,-1.13049828394,-1.04720844889,-0.359401587071,0.0941483732391,0.701186648758,0.323468405232,1.59038039354,-0.22037303183,-0.0491055458109,0.596206865057,0.153312932463,-0.644117579566,-0.272776921851,-0.242922408059,-0.236435264701,-0.269776857172,-0.876506712861,-0.261842040062,-0.243876971821,-1.17880720426,-0.648493801539,-0.64005065812,-0.216305775461,-1.21340025923,-1.19593259371,0.408479781257,0.489507159566,0.189422129229,-0.163442318817,-0.729481073083,0.28882083807,-1.39207686899,-0.265473742809,-0.679848061121,7251168672.8,01030316,-0.00236563
482,600966.XSHG,600966,2011-05-31,-0.638551933171,0.70905645764,-0.836545692478,0.378448045174,0.000350370807626,0.813886304405,0.0385153795188,1.65584770276,-0.695892874332,-0.583933608649,-1.30796771025,0.257223149574,0.0188734365106,-0.551017294125,0.698012097804,-0.299532708946,-0.0646121641545,0.0767708573387,-0.0535493728003,0.0193047666356,1.38478267163,-1.28876424453,-0.183077395089,-0.219963137622,-0.626834228062,0.566667161875,-0.244848895911,0.295897635924,0.0890128271985,-0.467654093504,-0.451962392899,-0.467162773858,-0.461238285802,-0.471125861713,0.606828447116,-0.495203015708,0.219963137622,-0.221973510657,1.4706879579,1.19764700913,0.784000273452,-0.255941100139,0.771339357716,-0.372574457562,-0.21413428529,0.520860625675,-1.2125345262,-0.183128943498,-0.696738355304,0.830600861231,0.696168455165,-0.196416678926,0.0406941431626,-0.264380366537,-0.207518848029,0.538940913866,-0.477801488797,-0.474183412765,-0.462255305856,-0.466356693848,-0.488009370826,-0.546385531674,-1.03450129247,1.11506064808,-0.364557265701,-0.564179932771,-0.069441050004,0.0577213242819,0.551017294125,-0.611581536035,-0.069441050004,-0.159620527813,-0.437056959265,0.258057675713,0.258057675713,1.49710626961,0.175177647033,-0.779730302604,-0.242157086638,0.19985259883,-0.480501738532,-0.961800549139,-0.836245276766,-0.206170288917,0.359431389245,-0.285145460452,0.554217274069,-0.00473276012136,0.627754299097,-0.284527942296,0.466841589762,-0.865777296528,-0.836226297915,-1.15294153093,0.21413428529,-1.82440018617,-0.548422497936,-0.863052757862,0.159488312575,-0.298332892675,0.0115314052963,-0.05488487438,-0.57715238072,-0.555077516338,-0.490569460288,-0.343908195908,-0.33324079482,-0.617175149867,-0.370960017653,-0.418405866816,0.137712253272,0.496935116164,1.52774928529,1.67337559577,-0.552256840566,-1.02174395591,1.50684359864,-0.745148104494,-0.562279922211,-0.171387727268,-0.182129419329,1.62829276736,-1.1807371499,-0.706913808035,-0.34625559043,0.418858418752,-0.675663924692,-1.29490353839,-0.128850252585,0.0375293504558,-0.383680942679,-0.261002511845,0.307561604106,-0.643018808653,-0.686230534369,-0.790225107907,0.734670788888,0.0666548140364,0.792907378842,0.195296561113,-0.450856452715,-0.469663114111,0.474551924198,0.221031773503,0.26528434139,-0.490326830244,-0.552632602611,-0.847618281284,0.195491048844,0.881867764861,-0.219417988642,-0.577767826702,-0.692184095381,-0.786313284645,-0.345365049424,-1.00638201345,0.361862995437,-0.513355565675,-0.753784220776,-0.487202546387,0.592600663506,-0.391648052174,0.00745898004241,0.00608868685314,0.00434951590742,-0.368804682355,-0.535915675898,-0.386554497106,-0.639343589361,-0.408547117318,-0.22406038336,-0.421479839862,-0.404573270883,-0.325897071048,-0.457920634122,0.215234717082,-0.9194905876,-0.729885131774,-0.771270710742,-0.606952142438,-0.452668293126,-0.345197448527,-0.293952954097,-0.369056268654,0.17582774968,0.170880633045,0.172467053696,-0.469433557931,0.795818795925,0.230593960837,-1.1024083977,0.527993452937,0.441390748965,-0.494370096384,-0.432538292387,0.657998637042,-0.603688650868,-0.40498079186,0.467134464319,-0.186812909621,0.114762826498,0.195680664822,-1.11183421642,-1.11183421642,1.11183421642,0.473299696337,-0.164947660915,-0.118408945117,-0.121502637168,-0.124398503939,0.105816826166,-0.427325162334,-0.794967752641,-0.23567317185,0.104287428819,0.555542012076,0.427009947817,-0.0539997552646,0.0532924270511,-0.619595338945,-0.00609552864619,0.500460275285,0.0227486280908,-0.467865582385,-0.467592360747,-0.739645049542,-0.465058739118,-0.426788683237,-0.456248626701,-0.443079320794,-0.737739029838,-0.0730380453996,0.791439091578,-0.669992135406,-0.739381692663,-0.911005787752,0.631440807013,0.41139344843,-0.665082142625,0.0934438008368,-0.669554813779,-0.0715504651438,-0.1713903217,-0.848616383649,-0.357094674414,3733874550.8,01030316,0.01768707
548,600356.XSHG,600356,2011-05-31,-0.221892321481,-0.0720977161824,-0.174372321123,1.41600072117,-0.0408709097409,-0.493512237448,-0.408779842688,-0.539183020233,0.869925679587,0.0119269240454,-1.11114133209,0.596459477274,2.97342413389,0.103095534875,-0.422339211021,-0.0452517923732,-0.131709411546,-0.294175055112,-0.00549224336413,-0.18779034049,1.23548474843,-1.27661051822,-0.207469123284,-0.660020930437,-0.75588833384,0.815117199784,-0.630436787493,0.449122322204,0.377463722818,-0.258372051271,-0.241066610727,-0.270948726803,-0.246678012389,-0.265648176436,0.618996759482,-0.322732981627,0.660020930437,-0.236968364594,0.694673749962,0.654279932719,-1.17600041018,-0.197546342129,0.218374934956,-0.3625085257,0.617047705964,0.609242228229,-0.854617708228,-0.645298576866,-0.596768222769,0.466126195578,-0.0662581324527,-1.2413250136,-1.13069896815,0.236937449848,-0.303601535319,-0.119605082902,-0.258777616989,-0.260881474435,-0.288569607293,-0.2405110719,-0.254001144979,-0.202293976661,-0.108280108326,-0.154855712989,-0.422687528313,-0.760382248569,0.725362284453,0.279660276323,-0.103095534875,-0.758238085408,0.725362284453,0.409759504313,-0.590345522028,1.0906699935,1.0906699935,-0.983901275561,0.196673873496,0.491352442584,-0.225092055804,0.228724824783,-0.463607144074,-0.492019924872,-0.0382288768714,0.261499374111,0.706304741282,0.38137415021,-0.195276187643,0.415754773738,0.526777090736,-0.174637662576,0.302538071304,-0.379093677768,-0.597764003676,-0.74773462699,-0.617047705964,0.251530920254,-0.247133752198,-0.175150908257,-0.0241970991912,0.235654495033,-0.220729614956,1.05627275155,-0.765418014218,-0.78849300106,-0.659223626717,-0.78655132548,-0.819992742556,-0.772736037294,-0.389975868843,-0.164924903361,-1.46793184259,1.90254913274e-17,-0.13409022504,0.0113641806164,-0.411078400121,-1.05066123768,-0.560332519317,-0.401751538267,0.684999746503,-1.38148339851,-0.761726460328,0.642816364174,0.966778629314,0.675189428285,-0.795259409237,-0.550534222291,-0.675663924692,-1.72464273628,-0.779065992827,-1.61475352908,1.53690671553,-1.0056984819,0.747520716153,-0.848701014725,-0.645197864262,-0.637924488483,0.0633845207902,0.504758624732,-0.738770937005,-0.155192386467,-0.203735916171,-0.362773369086,-1.1723387549,-2.34271602475,-0.775633347521,-0.103203259425,0.559230257764,0.886918949728,-0.274818418256,0.223283732743,0.244987395675,-0.594087836507,-0.767483576082,-0.841288931875,-0.956063325415,0.376758589227,0.709224280349,-0.609102568508,-0.689834496585,-0.151025762135,0.470457681964,-0.386706863171,-0.934205526079,-0.934294161742,-0.932257638024,-0.754301541761,-0.728021653951,-0.72272795995,-0.577936302395,-0.012944522115,0.29348715277,-0.698046700449,-0.696826847804,-0.696544074186,-0.707230824306,0.490495008368,-0.191755638407,0.499654246928,-0.393492148822,-0.423653252647,-0.647989488721,-0.590390121363,0.41546017552,-0.75421733438,-0.911065084813,-0.90748771881,-0.910751925304,0.684419033019,0.325439179244,0.570877243828,1.13070728211,-0.108782801503,-0.128597478558,-1.37606739845,1.60698223966,0.819358726826,0.265284921988,-0.787209853841,0.467134464319,-0.869086144757,0.125519920572,0.341554960977,-0.0667936725446,-0.0667936725446,0.0667936725446,0.53716198013,0.73012546877,-0.96565599705,-0.96606741401,-0.966224167654,0.760558438067,0.510238999802,0.513683932617,0.71776343956,0.767671351026,0.0511343155423,0.719738506485,-0.828246535943,-1.12244695292,-0.705840481473,0.718823236035,0.462714113502,0.299691423615,-0.262375355547,-0.272468500949,-0.502719255246,-0.26033622363,-0.145147088926,-0.231205847094,-0.245140484852,-0.0879510943045,-1.27410494105,-1.00710699583,-0.612202045591,-0.57987947946,-0.828954700675,0.445747662856,0.16678919969,-0.915540291271,2.5934314527,-0.925726553114,0.487863127635,-0.0249079360256,-0.921427219569,-0.717337297775,1973232000.0,01030316,-0.00469484
608,600069.XSHG,600069,2011-05-31,0.73268103176,-0.57313066773,-0.324464951964,0.0461932488364,0.0335363774804,0.550548253625,0.414850424337,2.02455173195,-0.911954145225,0.0992073509871,0.921838605579,-0.63001032287,-0.359453177179,-0.245407201887,-0.308935194445,-0.321146349343,-1.24999686807,-0.486781586577,-1.2549776087,-0.292920114735,-1.21082393076,1.49640995462,-0.156669503775,0.238046803645,3.51462934825,-0.251191975788,-1.25867489365,-1.25285034694,-0.503033343741,0.0437578379623,-0.180663045201,0.0735163049591,-0.00950616188487,-0.0094870975097,-0.755228952274,-0.516086139492,-0.238046803645,-0.219700416533,-1.16500526906,0.145866293973,0.148689707034,-0.195406646873,0.336047294817,-0.366035343834,-0.854908330673,1.40212718191,1.83828025559,-0.257304316755,-0.758994380619,1.11682672861,0.63839041215,1.06507503901,1.04917949503,-0.119769457964,-0.175207085102,0.931811812249,0.0729813693689,-0.267519877489,0.118244667603,0.00258748737705,0.0412336885972,-0.0875642109311,0.424160792148,-0.0608697393791,-0.45219437894,-1.38863281456,-1.48055374974,1.20057278255,0.245407201887,-1.25927801622,-1.48055374974,-0.565054558471,-1.97886414346,-0.954705179228,-0.954705179228,-0.145476073831,0.136583572072,-0.794363919215,-0.13745150723,0.181523961015,2.89373727827,-0.0763917704893,1.5587619258,-0.170575980526,-1.27990157587,-0.76711083629,-3.28158319248,-1.28530843142,0.114896372421,-1.11655434589,0.288731052946,0.334095102998,1.13032004706,1.65900591408,0.854908330673,-0.712368749264,-0.674964820201,-0.147073281743,-0.255091378467,-0.0740744699412,-0.239819561826,-1.2391449757,-1.28903529482,2.16102994225,3.32523105517,2.35854459516,2.33192560754,2.80516437353,3.53996671036,-0.373206554662,-0.976493224481,1.90254913274e-17,0.112108220935,-4.27130402846e-16,0.0,-3.21046320318e-17,-2.83057045154e-16,1.86885673727e-16,0.0,0.0,0.0,-0.336069273254,-0.833628477016,-0.439409955844,-0.38367257533,2.81131235321,-2.02699177408,1.2462915259,-0.60269727575,-2.00048344923,-0.898010501812,0.516810711038,-2.34552516248,0.0748223234834,1.32227679728,1.47486909033,-2.42703894023,-1.96001643913,-1.63719815472,-0.736188243019,-0.0288238740002,0.249228983368,-0.276005479941,-1.56665031668,-0.0783586957158,0.888711440077,-0.263596047585,-0.396963163446,-0.0382064161738,-2.56921675443,-0.603759646241,1.30508328167,1.18894670595,1.479385198,0.996673532557,0.537416379756,-1.27977595381,1.69672428378,2.67260244486,0.472562328373,-1.87332899532,3.63295039085,1.33964033247,1.34948238456,1.31565790641,3.23321252375,3.34345810548,1.91056435834,3.81458167983,-1.55558874476,-1.4272787038,1.78530415306,1.7607722165,1.89653469812,1.97126580714,-0.104328312241,0.0326959240639,1.38381739566,-0.35407478353,0.454154844958,1.42976114499,0.671320347309,-2.13528819487,3.23845333415,0.79530730093,0.852720632902,0.806825365374,-0.997885374029,-2.27580455001,-3.27191900423,-0.0407832802914,0.479943691047,0.390265986739,1.530925591,0.765238809875,-1.07810329634,-1.08430755096,0.16836280111,0.467134464319,0.836596943084,0.349267477322,-0.422405270431,-0.166015418172,-0.166015418172,0.166015418172,-1.09597078632,-0.996826556873,1.27434354584,1.29649420502,1.31190496534,-2.11633652332,-0.494294031058,-0.313528104821,-0.810646395525,-1.67294417063,-3.24026990327,-1.42267662158,2.53136106513,1.22065064264,3.55065080668,-0.332174229488,-1.84038848316,0.398096103616,0.0551265266802,0.0727455225086,2.71586615465,0.0382832405729,2.01713353836,-0.0673483693034,-0.086214777295,2.54664362613,0.50293283111,0.310192483972,0.306963677969,0.543563256135,-0.472355584764,-2.25455809352,-1.55285279145,3.77686678778,-0.490218816982,0.147826580119,-1.77702860942,-0.866242664001,1.33767655439,-0.888885067724,8063905386.88,01030316,-0.01535312
615,600086.XSHG,600086,2011-05-31,-0.4856544737,0.312198160267,-1.17646135644,-0.988817795134,-0.948070848857,-0.144471807336,3.708961318,-0.539183020233,-2.31760372613,-0.656307715484,2.61159975685,-0.63001032287,-0.737779790868,1.96463630724,-0.789426631231,0.0464755474181,-0.869779132848,-0.993265428576,-0.88974342499,0.641644901799,-0.906007337545,2.02690368403,0.0309270580298,1.01413199055,0.382134235289,0.0207168639825,1.03766063902,0.493911076655,0.684880477128,1.62916545713,1.96241345716,1.7391548061,1.55100264101,1.95557717296,0.0645449612451,3.6300328778,-1.01413199055,-0.164296293952,-0.476235262014,-0.257687031781,0.885379619157,-0.239314066869,-1.86146010843,2.80204832077,-0.671341388846,-0.85840226803,2.16210975757,-1.529697258,2.3040808039,-1.49638569685,-1.01062672476,0.727585046935,-0.000629696605993,2.63854972407,-0.293205297793,2.09093482837,1.63897244354,2.15920354168,1.76102814035,1.56348512738,2.04642148,-0.326076444982,-0.937938840545,-0.0979112701547,-0.0903379113719,3.42571510561,0.243765348744,-0.206552650542,-1.96463630724,3.59031752598,0.243765348744,-0.966057616116,2.49639718437,0.247727498073,0.247727498073,1.4594114036,0.191982834228,-1.61861088276,0.262598893775,0.199228469432,-0.234949260504,0.452204158644,-0.836245276766,-0.756817281976,-1.5958889445,-1.51196641713,-0.778810382834,0.568659331505,-0.0897153392581,1.56219961559,0.225909119417,-0.882563300444,3.16134332139,1.04082980017,0.671341388846,0.979149988964,4.21882673422,-0.820936318091,-0.655937580779,2.46928466557,0.087537675242,0.310627502569,3.0999979594,-0.130685725934,0.690009704716,-0.23907166522,2.07658032348,0.0460054754796,0.155145198595,-0.381497066562,-0.0968024637477,1.90254913274e-17,-1.27275803768,-1.38595652768,0.0,-0.0385563756948,-1.29281858085,1.86885673727e-16,0.0,1.73084107495,1.38179670562,-1.15897345451,-1.35955070866,-2.34378261787,0.264888496281,0.182916216143,2.02699177408,0.462475602369,-0.681902025978,-0.542599682855,-0.255429780072,-0.335393492226,-2.29462080241,-1.48621352409,1.79331510208,1.87482000876,-1.24794925422,-1.41628054858,-1.14417964115,-2.0409813459,1.49410295628,1.98939843437,-0.483055054313,-0.445023301518,-0.65958950495,-1.41537884464,-0.532983453675,-0.605365784408,0.158398774372,-0.428515769242,-1.87983118043,3.04941970727,0.473336292653,2.03148105954,3.76894418052,-0.941157000054,-1.59620780924,2.99590258979,0.196231784992,-1.90084492848,-0.639723331795,0.158059224421,-0.319815590137,-0.320762214003,-0.322247831857,-0.336646470763,-0.203978702173,-0.475652592473,-0.122807933152,0.0189180031339,0.362287384821,-0.564442163428,-0.572941492886,-0.596788197419,-0.513942885447,0.556297563595,-0.39436721199,-0.856732401692,1.74851102351,0.91137717439,-0.536674610035,-0.544144207784,0.0573098576551,-0.334741872902,-0.291661035951,-0.294348516573,-0.295321217842,-1.22858824278,-1.99738633305,0.444538925905,1.28857120816,-2.24343146902,-1.05572240786,-1.14090159648,1.84878139345,1.77456624745,1.68739268895,-0.59609532285,0.467134464319,-0.527949527189,-3.48671226964,-3.75833988327,-0.622149917855,-0.622149917855,0.622149917855,-3.9107009445,-3.19702127633,0.00783511078093,0.00565933209794,0.00180665448671,-1.12430377801,-1.66624923373,-0.365570035823,-3.08142672194,-3.27926026174,-2.20676897856,-3.67374645483,-0.871025021091,0.778493116919,0.56213620603,-0.470959792243,-2.05786895934,-3.80825916085,1.65496873956,1.78952640137,2.26828242586,1.65195239392,1.79454582673,1.474841706,1.47122946333,1.25888208116,-0.967475715536,-0.610149077492,-0.580446186309,-1.85946813016,-0.527284773129,-3.34889820062,-3.60604603087,-0.0757688516914,-0.95342052053,2.37556694094,-1.37056330231,-2.39303983776,-0.265473742809,0.299925198234,6563007549.36,01030316,0.05850778
633,600308.XSHG,600308,2011-05-31,0.365212483562,-0.453933019277,-0.54077491994,0.664835296205,-0.0166379624223,1.73890356704,0.366654928134,-0.539183020233,0.271794670977,-0.460858399871,-0.452375494991,-0.473439710086,0.901635535119,-1.20620243924,0.349888139945,-0.521796936229,0.285784572222,0.454850345029,0.667307568742,0.106151101882,1.39255860513,-1.15441629696,-0.16129514232,0.12849266694,-0.990532162526,-0.176550333498,0.21490940539,-0.625807784626,-0.0134594242383,-0.032821214733,-0.0866741638556,-0.0381691116557,-0.0388857129276,-0.0883058910254,-0.127767279842,-0.592370962259,-0.12849266694,-0.232340682575,-0.0675650578339,1.49951760713,-0.040551738282,4.46496752197,1.25398737032,-0.419358588831,-0.708966911084,0.6500337371,-1.2977528162,0.364627659013,-0.881542698335,1.88896161744,0.118904084711,0.670244514302,1.0122635315,0.910717164605,-0.447856206805,0.872317002572,-0.0325967658246,-0.146315486243,-0.0145033267866,-0.0375251592918,-0.126320068743,-0.725614470522,-1.53797619324,2.35401692373,-0.423217591498,-1.2813166751,-0.833934087808,0.590823135042,1.20620243924,-1.23731028864,-0.833934087808,-0.308058123737,-0.153652707929,-0.541498073627,-0.541498073627,-0.248280253879,0.192190911339,-0.106583938485,-0.24957783003,0.230468415365,-0.402063850771,-0.916125961036,-0.836245276766,-0.406426301724,0.247766680027,-0.0527930065361,-0.329114305806,-0.89157919517,0.816422241034,-0.812572143547,0.730555640398,-0.753919712558,-0.850554504436,-1.13334082488,0.708966911084,0.698534176085,-0.839299367624,-0.652470559004,-0.240499546691,0.256818629302,-0.445920284516,-0.798093374177,-1.34382985679,-0.349954817643,-0.61706008511,-0.140059386237,-0.476872517103,-0.150492487586,-0.421668954159,-0.743387360059,-1.06456652932,-0.117242030276,-1.24198323193,-0.653440385445,-2.63931018259,0.0771127513895,2.22607199389,-0.374818474249,1.00407128966,1.31577782645,1.72063006979,1.92707414819,0.383004952188,0.439531272784,-0.318638292051,-1.73927700137,-1.35132784938,-0.946737943401,-0.511980207175,-0.791351648404,-0.734781749403,-0.210098247858,-0.717797648764,-0.0878815111705,-0.266273716849,-0.252211305012,-0.0526761544401,-0.263110443024,-0.016274456713,0.839605475521,-0.0246806197643,-0.00528463366554,-0.108856710063,-0.671207954024,-0.0504686088404,0.758666936004,-0.657355288977,-0.71626879041,-0.267385844497,-0.489091931137,-0.241997390351,-0.287891588466,-0.274941240695,-0.498568407654,0.12555487457,-1.05542013724,0.250041211938,-0.0182048171677,-0.212123464121,-0.333677125083,0.022258304786,-0.0568824972143,-0.33015199649,-0.326995902816,-0.314391622897,0.203690407418,0.105311467434,-0.0706934928295,0.214039981991,-0.341849106685,-0.217453043942,-0.132590371915,-0.124246932104,-0.070499416437,-0.125899244938,0.13186809671,-0.551782677259,-1.2100627509,-0.501710667364,-0.320051790246,-0.326164801146,-0.247648071403,-0.258950873851,0.204038971038,-0.218573851993,-0.197380545536,-0.213438655413,-0.395403131906,-0.35724312573,-0.585045983319,-0.520202720581,0.485029249787,0.41066599063,-0.239032895406,0.295135973216,0.105682333806,0.215820304006,-0.118308995375,0.467134464319,0.324892016732,0.657780935378,0.35208197204,-0.864850590612,-0.864850590612,0.864850590612,0.0817077834418,-0.376844710165,-0.572449281846,-0.570919943581,-0.569289861543,-0.191792997426,0.208879090544,-0.821482208708,-0.439461149861,-0.304171667388,-0.391559551888,-0.00760887291192,0.331773119759,-0.160273950664,0.168275862733,-0.729666860679,-1.14081324639,-0.71569706168,-0.0321687032373,-0.0471172266587,0.224024865952,-0.0341515484354,0.0320145591075,-0.0500708801486,-0.0465958549907,0.0262540580013,-0.214578842567,1.49114777286,-1.34480004657,-0.378404026643,0.0169156349537,0.056481408227,-0.152222635205,-0.606150813531,0.825970891214,-0.942723651874,-0.557632688083,0.0896488014889,-1.57738069633,-0.21344433287,6337263926.41,01030316,0.02661208
675,600836.XSHG,600836,2011-05-31,0.147125751568,-0.351782887482,0.103740494846,-3.13186824153,-0.139187128799,-0.224271216663,0.247909428979,-0.539183020233,-2.18329536855,-0.703576441086,0.0434841561077,-0.63001032287,-0.629686472671,1.32768053605,-1.06584107252,-0.375299206599,-0.318090654299,-0.536716613253,-0.197720761109,0.245034917356,-0.112862120518,0.268883597479,0.0337947341825,1.00308451458,-0.0402246563462,-0.64572637075,-0.394663299647,-0.783747076638,0.0748592013095,-0.0545356305639,0.111070842047,-0.0319522966054,-0.0681274935083,0.0474779952871,-0.595982777399,-0.446107201163,-1.00308451458,-0.187853814869,-0.843579265771,-0.184602571211,-0.236551806645,-0.246201847788,-0.919602886623,-0.25340168247,-0.132042236771,0.718019585219,0.372525667689,-0.496947830353,2.76470234416,-1.55530109322,0.441585888356,-0.563068427592,-0.370340316403,-0.300800891659,-0.244331980113,-0.620182102252,-0.0485350035413,0.101067980422,-0.0365531064739,-0.0632228643406,0.0893496736863,-0.374691625999,-1.18095229267,-0.524165303409,-0.620224408558,-0.850900244556,-1.01242805699,-1.13209844569,-1.32768053605,-0.777921169327,-1.01242805699,-0.516313855332,-0.843625036918,-0.421668013002,-0.421668013002,-2.16100913712,0.157712703144,-0.973370485204,-0.0157153408717,0.20487706744,0.113061553619,-0.284099874158,-0.0382288768714,-0.677566706455,-0.581403182036,-0.291784101993,-0.642295502308,-0.98332192983,-0.358102129902,-0.614198781456,0.126498587241,-0.487139190634,-0.566037260666,-2.50802880503,0.132042236771,0.862313665386,-0.554297208855,3.36263003257,-1.17008506511,-0.272691730003,-0.372918913615,-0.712807152889,-0.849228026523,-0.738980625513,-0.434351404812,-0.79819982889,0.0976543720282,-0.674487055761,-0.497732358918,-0.289294906711,-2.31434345288e-15,1.90254913274e-17,0.0,-4.27130402846e-16,0.0,-3.21046320318e-17,-2.83057045154e-16,1.86885673727e-16,0.0,0.0,0.0,0.0960966526002,-2.0116942759,-1.52853278262,-0.235786396913,-0.544902053584,0.675663924692,-1.13175633259,-1.72353659002,-1.4747072683,1.29073867822,1.4134824422,0.12333630099,-0.981217659931,-0.250363089664,-0.142192443955,-0.739278092952,-0.588232240157,-0.773189076421,-1.53440285434,-0.0472051756315,-0.0268072194781,-0.761750383775,-1.07207693245,-0.752741296096,-1.03916595679,-0.871919143716,-0.76351270399,-0.594600618155,-0.350887417774,-0.510267509661,-0.0286387095898,-0.497419659397,-0.243574980077,0.0148970125712,-0.398197484006,-0.580295010215,0.103367776099,-0.229396482408,-0.519688365941,-0.370316671564,-0.764707821908,0.0551050505683,0.0529084694257,0.0432680019684,-0.694395649918,-0.612911776172,-0.74310927431,-0.673581915378,-0.0366985503502,0.319237911913,-0.646046969263,-0.650604133969,-0.659340360516,-0.627960085616,0.565407640809,0.491816227006,-0.621457927456,0.509235027188,0.771786774426,-0.688523281569,-0.609646433065,0.185575545264,-0.694392593227,-0.579321451479,-0.576222679304,-0.579776458597,-0.355343694164,-0.50253623246,0.385865319375,2.38629303889,-0.115797365283,-0.00458161332079,-1.58628608642,0.841785222684,1.50036171346,2.08913890216,-0.882767119336,0.467134464319,-1.03965445354,-0.871447558252,-0.72317701508,-1.02474750443,-1.02474750443,1.02474750443,-0.485650551438,-0.239745355638,0.0237194854906,0.0207171160488,0.015473140776,-0.429880856299,-0.661716202868,-1.35490286277,-0.23567317185,-0.238992024376,-0.518278614313,-0.327181535213,-0.841277183723,-0.024795494736,0.219676763559,0.720170668683,-0.711915149029,-0.42965285973,-0.0501935673228,-0.0172720169672,0.260078791171,-0.0545609756243,0.699777694004,-0.0782338841439,-0.0875302155191,0.727237406637,-1.39934039343,-0.583850889494,-1.0628445209,-0.814844738174,-0.217879719235,-0.497151283747,-0.59638745984,0.226254209912,-0.717650650057,0.451796278507,-0.651915877877,-0.732906133451,-1.57738069633,0.321914057307,2985123330.0,01030316,0.05987395
708,600163.XSHG,600163,2011-05-31,-0.271893710264,-0.0165531277992,-0.304599750823,0.46009271645,-0.00524470992123,0.368102754766,0.238475416956,-0.539183020233,0.37690555952,-0.427319179631,-0.678658882126,-0.63001032287,-0.737779790868,-0.519920126845,-0.468805973072,-0.381617039946,1.53826652352,1.01840278894,0.994096048908,-2.59874305621,-2.4596388509,0.257715308439,-0.163844187789,0.12481017495,0.429063001027,-0.667052554262,-0.403996000207,-0.373576377979,-0.796154935904,-0.869370786376,-0.892338387586,-0.860510020733,-0.878682785964,-0.87484074746,-0.616880531244,-0.488405763652,-0.12481017495,-0.230635134359,-0.586438463141,-1.45881425332,1.24358664065,-0.265988934392,0.291561402674,-0.393099229409,-1.14223050049,-1.12269725259,0.406612983687,1.85384092209,-0.584661382463,0.428202984133,0.707377271655,-0.286031739927,-0.0597687028527,0.844303265853,0.15732583159,0.692806800961,-0.875208418192,-0.885253755728,-0.842643127813,-0.884095818345,-0.87967283392,2.28006761154,1.24608385833,0.607536390587,-0.514388459304,0.619561240623,-0.840669709286,0.0146714512083,0.519920126845,0.505609218153,-0.840669709286,-0.206145744446,0.835365562475,-0.960903285812,-0.960903285812,2.13449218592,0.242428846121,-0.0487301053711,-0.213733228373,0.23875458421,-0.275550920519,-0.544741752206,-0.836245276766,-0.243589946456,-2.43693803095,-2.29134293398,-0.658356076487,-0.9374505625,-1.22969487576,-0.799727825138,-0.534167241183,0.11061013259,-0.0266826294903,-0.704386911685,1.14223050049,-0.156353030808,-0.295914833942,-0.764781065062,1.32683485464,-0.943024982713,-0.485337489628,-0.934551328238,0.833556494832,1.82151650992,0.359728628792,1.12962748543,-0.0778955107618,1.26593032951,0.427705732314,2.66960029371,-2.64050542769,1.90254913274e-17,0.0,-2.43240815944,0.234605349564,1.43622499463,-1.2242356534,-0.521603673146,-1.80955959093,-0.159473072431,-3.20672310955,0.672317887072,0.321647358496,0.533794534984,0.739727852281,-0.765520698088,-0.675663924692,-0.43838070793,1.21072311028,0.902353364602,-0.630378943479,-0.749211746371,-0.234206228084,1.47213104185,-0.515400642496,-0.557675436888,-1.07392332213,-1.69005894594,-0.367638148556,-0.852561381808,-0.891709237112,-0.793602398747,-0.0169908485621,-0.234426202135,-0.0858520022379,-0.370839816205,-1.15472133914,-0.844120117816,-0.986046141163,-1.03033993766,-0.733155267122,-0.806621419579,-0.315686691881,-0.676361990185,0.635579456562,-1.97644250988,-2.43843996581,-0.198709209882,-0.0298997139517,0.202968874664,0.823172776615,0.366824459802,-0.0185863486602,-0.00964923231965,0.00538565603648,0.581995876053,0.521217067193,1.10198300075,1.0312435656,1.28782491093,0.288756286232,1.07812018657,1.07222936857,0.924435532235,0.937287072321,-1.35031185064,1.47580807371,1.21719952956,0.0355661089386,-0.76355488374,2.75715609235,1.20164300551,0.519337316893,0.578797928638,0.21173218826,0.191482428581,0.223924860977,-1.46199708907,0.343491438774,-0.553483561545,-0.284651129193,0.603692287058,0.477984815351,1.60546163617,-0.0683259320716,-0.92684578503,0.634710970212,0.359477332101,0.467134464319,1.17773356065,0.372502800523,0.252827296305,0.311533846754,0.311533846754,-0.311533846754,-0.340218714255,-0.389876289436,0.0380854919852,0.0430927352638,0.0654472843407,-2.01713324879,-1.56579593064,-0.82449189191,-0.317552270158,-0.493916850377,0.198424654334,-0.356582220144,0.0980244688315,3.04092200532,1.08479983156,1.92208059079,-0.707025749834,-0.0892055141078,-0.866174421085,-0.860831248352,-0.354898161849,-0.865300850348,1.56287290237,-0.891320883846,-0.876706608032,1.07379097226,3.15242640414,1.08242949196,2.56847706127,0.507956250563,0.909784206617,0.39059981494,-0.0484511357394,-0.451456074661,-0.81221619615,0.618684614883,-4.65223858421e-15,-2.08497586253e-15,1.70238668747,-0.937399878239,3534957804.0,01030316,-0.01836735
732,600462.XSHG,600462,2011-05-31,2.82318565087,-0.834013736308,2.15427070147,-1.26942879182,-0.362067921536,-0.997013716025,-1.04229425873,-0.539183020233,-0.0593880492709,-0.691906361528,-0.749177176342,-0.63001032287,-0.737779790868,-1.72949270244,0.434030655012,-0.797453980667,0.0472165814975,0.283644539282,-0.178497909334,-1.2341656186,-1.1882737236,-0.0157435334998,-1.27766169148,2.19897378836,0.405598618158,-0.890977481132,2.07113442742,-0.590448241638,0.113215527469,-0.718458999865,-0.847002378141,-0.743961450409,-0.710086182969,-0.807180235325,-0.837232796479,-0.861230944161,-2.19897378836,-0.431412503142,-0.903272666381,-2.64405354864,0.108137968752,-0.230928499271,1.94662792754,-0.448293465459,-0.482073610317,-1.66913350684,-0.0194784662844,-1.55822624772,-0.298045551543,-0.221811155931,-0.437594043774,-0.902360550688,-0.750703303784,-1.10526602009,-0.33113231247,-1.4756764345,-0.704828318609,-0.857365873915,-0.751115740432,-0.712085590611,-0.83358899534,-0.559742444253,0.705859414131,-0.950419336663,-0.170200764566,0.545457430546,-0.517359878321,0.133371900745,1.72949270244,0.433906555307,-0.517359878321,-0.110879824674,0.678485204213,-2.50423182523,-2.50423182523,-0.722892885104,0.210914468,-0.33595737095,-1.51740743746,0.500461686442,0.0779410570018,1.25299307975,-0.0382288768714,-0.789521454216,-0.184637087582,1.50064911393,0.0242183261438,-0.903047037003,-2.56631423906,3.96112723141e-16,-2.59417438018,0.953271212351,0.977315270288,0.170483064169,0.482073610317,-2.44665792737,-0.17933853913,-0.427849546888,0.187813633081,-1.08221986579,-0.707876777678,-0.756668638123,0.739033085482,-0.0882465468935,-0.132179356626,0.122031940483,-0.716258720907,-0.306053375013,-0.256864910515,-0.630666388669,-2.31434345288e-15,1.90254913274e-17,0.0,-4.27130402846e-16,0.0,-3.21046320318e-17,-2.83057045154e-16,1.86885673727e-16,0.0,0.0,0.0,-0.723982914761,-0.21128716957,0.159289141917,4.13576467231,-0.188045814669,0.675663924692,1.97927172588,1.97145710665,1.77331399111,0.035255189721,-0.204251136454,0.237265106864,1.82516766421,-0.448408528036,-0.377330794057,-0.56572941971,0.588765448345,-0.0115099622071,1.51302618181,-0.745571744486,-0.751531953434,0.040192598712,1.13942984331,-0.383663478885,1.31527914402,-0.0890461078704,0.254667993016,-1.01115755047,-0.603823181765,1.50156463453,-0.611378830878,0.0488995956443,-0.261120399406,-0.347861091424,0.208298485009,-0.182970800761,-0.624831452044,0.285893253961,1.49453744258,-2.49865492075,0.643531043975,-0.818085108938,-0.81707267739,-0.816842586767,-0.360732244691,-0.479466784876,-0.0352457517337,-0.366237961381,0.196407184986,0.115932661253,-0.290225328115,-0.278863321767,-0.278448010542,-0.353271243366,-0.0902516677259,1.02150855193,1.71705312785,-0.559068010701,-0.644599852016,-0.266961262464,0.0726383530237,0.379554815784,-0.363480995809,-0.675709505928,-0.656562575389,-0.674020009809,1.41612998622,0.206688664151,-0.126647353446,-0.585853315924,0.527818088842,0.406887772088,0.521963116423,0.084601539049,-0.720790026561,-1.08898331087,2.65285170398,-2.65417309272,1.689438487,1.16637634322,1.09273239324,1.53717224418,1.53717224418,-1.53717224418,0.429031522344,1.24174884126,-0.371085194674,-0.371944575334,-0.370990699855,-0.0132271032707,1.68219420247,-0.264191233215,1.34186412222,0.696697961969,0.298812483008,0.272336779264,0.0238921281018,0.246902434702,0.530753811236,-1.41955237651,-0.177210453098,0.778165361423,-0.723364642664,-0.757868598437,-0.381166021651,-0.724845957081,-0.404075651437,-0.703898443528,-0.70846898252,0.546084406428,0.681337886058,3.10367693849,-1.59047487189,1.64393632063,1.09758132477,0.536224600844,0.572467341831,1.05865923335,2.40355468237,-0.804764600396,0.171490646326,2.07467292531,0.390479733951,0.0390757845895,2426646000.0,01030316,0.04230118
747,600599.XSHG,600599,2011-05-31,0.0841693189529,-0.315694478282,3.25127125335,0.910336120011,-0.0268219705431,-2.04894483377,-0.908167218237,-0.539183020233,-0.341352178852,-0.543333499937,0.606737873197,-0.63001032287,-0.737779790868,-0.360681184047,-0.741578424901,-0.447598021287,-1.09343662415,-1.36421134103,-0.78401774023,1.17502907414,0.269713807695,0.674555272907,-0.198064024484,-0.437230165037,-0.556441079456,0.548539905891,0.578884727254,0.680138003058,0.422755325663,0.658466402731,0.891250228115,0.642505288871,0.693433178363,0.742134736293,0.584608050622,1.03843721612,0.437230165037,-0.241834706943,-0.701233464315,-0.28628529896,0.932689980486,-0.255507338788,-1.40894770019,-0.0793995145818,1.81764391555,0.0976487211369,0.542962247677,1.10067559364,-0.0373111512149,-0.572157566341,0.664771383559,-1.39237635956,-1.30003488044,-1.10526602009,-0.331746552253,-1.50542383934,0.638568853864,0.957010162792,0.60721725368,0.689226705312,0.720413106188,-0.26061229002,1.87293271488,-0.960370792692,-0.523222845719,0.426046627781,1.24400513829,0.0705268523323,0.360681184047,0.192261551845,1.24400513829,-0.0732165540663,-0.0316475253215,0.576227147026,0.576227147026,-0.377927747608,0.182418053837,-0.404020704026,-0.0228796686853,-0.409609644873,-0.20015239041,2.82643495181,2.35677832569,-0.327632063491,1.37154130683,1.31343942249,2.19239584038,0.113768272148,0.202587105998,-0.0547573574271,0.19553367903,2.03152565262,-0.470857031635,-0.036832095986,-1.81764391555,-0.122971224072,-0.265413544658,2.1693309057,-1.48509696286,-1.10745402588,-0.532001804199,0.588416909051,-0.0234036709269,0.286632867963,1.31543557189,-0.0235743521389,1.97284630183,0.864746988253,0.26290168867,-0.159177417659,-2.31434345288e-15,1.90254913274e-17,0.0,-4.27130402846e-16,0.0,-0.0385563756948,-2.83057045154e-16,1.86885673727e-16,0.0,0.0,0.0,-1.49416096999,-0.305953171266,-0.340051382173,-0.263403695292,0.0529196735438,0.0,-1.06023165179,-0.602236783016,0.399808644775,-0.0482140586699,-0.83637792814,1.60804680308,0.323994548252,0.45431021431,0.503251540914,2.17260832103,1.7334711898,1.7529885777,0.392453534319,0.701530022048,0.519086679111,2.18318482151,1.4985389715,2.28811242812,-0.549867499554,2.28932569247,1.19170813364,2.64057586279,2.67837499817,1.50938917967,0.642610389361,0.781433228172,0.662938351905,-0.211410795426,1.36124754337,1.37539660758,-0.329760344319,0.918138465295,1.54811699565,1.46054638334,-1.48612141636,-0.662958290786,-0.664977410321,-0.66837462737,-0.561516475339,-0.340959254482,-0.60308387636,-0.188903099534,0.108474878849,0.464565539894,-0.571895970557,-0.584799026974,-0.628004154277,-0.508619487865,0.594660126907,0.867718951391,0.29661488749,2.78196584965,3.56843056763,-0.516442705507,-0.554092429853,0.505675214603,-0.561357491116,-0.686653475311,-0.688556365521,-0.69091262439,0.838979716248,1.63950671171,0.696959517143,-0.141723607549,0.198659683486,0.393426383382,1.95770878003,-1.29879234655,-1.84260283366,-1.75669413046,-0.40498079186,-0.276034001643,-1.03965445354,-0.847781951289,-0.241942223642,0.873314521637,0.873314521637,-0.873314521637,0.573447368649,0.447179535274,-0.530136375712,-0.533182282022,-0.535992896523,1.5145033245,0.342816827992,1.04186505722,0.399344723918,0.638760501514,1.59727144733,0.504985677418,0.375865619809,-0.983646694035,-1.33582136114,-1.49635603745,2.63478081175,0.717877097806,0.65092959988,0.649210068275,-0.658266189762,0.655507107249,-1.95310442014,0.731091081629,0.743601732986,-2.08063409661,-0.323060132411,0.236662808803,-0.52309874399,1.92593365781,-0.0661145820406,0.390168972378,1.26095132867,0.535643687652,-0.935659822984,1.64346535819,1.40974320562,0.653042592544,0.390479733951,-0.653043822661,1799280000.0,01030316,-0.00070028
812,600135.XSHG,600135,2011-05-31,-0.809185101669,1.54718795876,0.531945941655,-0.447982935228,0.182251731871,-1.2474526842,-0.910218090416,-0.539183020233,0.628838006661,2.82676972686,1.40296975219,-0.63001032287,-0.737779790868,0.643006697829,-0.532477995668,3.77043453392,-1.37673611314,-1.47121496962,-1.57215466298,2.58636992304,0.4127909841,1.79877495643,-0.246809025447,-2.36685596784,0.968743807005,-0.613737095483,0.225224495484,-1.65359183414,-0.683492073827,0.811028893267,0.744708244644,0.830129435561,0.801462441957,0.830756286637,-0.562387654128,0.357115065819,2.36685596784,-0.245516479115,-1.10990366849,-0.308528395655,-1.581517793,-0.239429057294,-0.409689327227,-0.292215391855,-0.304207505193,0.21407448604,1.6508000176,0.364627659013,-0.0625531827817,-0.54430145175,0.74657716579,0.293107639668,0.58947473529,-1.10526602009,-0.3309077024,-1.50850115708,0.806258741348,0.777575610763,0.840711939562,0.805878711867,0.888917383669,-0.354322156602,-0.714069622943,-0.96092365136,-0.444420118895,-0.126276329704,-1.16397954025,-0.637704454383,-0.643006697829,0.0862013630532,-1.16397954025,0.349941368642,-1.82406934387,-0.85966754494,-0.85966754494,-1.01816933558,0.230510933519,3.42113861483,-0.0942129518676,0.289980401727,3.18305521652,2.23653334003,0.760745525904,3.68973324319,0.749069949068,-0.141750803178,0.281187513017,-1.02919329716,-0.233209266929,-1.10513717397,-0.0716321261948,0.726250407877,1.67939738981,1.75248620448,0.304207505193,0.380885421358,-0.614853938827,-0.203228534772,1.90192469521,-0.864066481786,-0.0961146839989,-1.03933154296,-0.483410156571,-0.661175463939,0.640818906174,-0.670066291382,0.416835977101,-0.592612904483,0.0473887085204,-0.251371360947,-2.31434345288e-15,1.90254913274e-17,0.0,-4.27130402846e-16,0.0,-3.21046320318e-17,-2.83057045154e-16,1.86885673727e-16,0.0,0.0,0.0,-1.63727474064,-0.000918276912395,1.02167060827,-0.302602441379,-1.49724596773,-0.675663924692,1.43249214122,-0.668087243962,-0.142843220158,0.0424096967259,-0.529036064013,-0.550540465672,0.542467936294,1.09994671742,1.02530182279,0.589150226375,0.133069558036,0.574665085731,-0.175087603419,0.791856475623,0.879373822329,0.512347495052,0.0178121313713,0.611874745727,0.892971031985,1.03885142837,0.486416646109,1.48847650562,-0.398227688295,0.0390602713135,0.661021750537,0.952257500364,1.47236703027,0.212916344568,1.50505466538,0.711603467232,0.967632149587,1.31251707366,0.17117078012,0.905071375991,0.863413954613,-0.709021795619,-0.711076668685,-0.709215378631,-0.472471590715,-0.374106561047,-0.549569934506,-0.248425937642,-0.286586170321,0.0777166284734,-0.599611317323,-0.597083428563,-0.562256077796,-0.602594672233,0.52894463696,-0.949864592619,-0.578756866295,-0.712632330327,1.06216046691,-0.595031174482,-0.544127848675,-0.0513095010416,-0.471210546782,-0.846836976953,-0.842882331115,-0.847968286887,-0.343623886043,-1.19590278658,0.588573865334,0.481565638066,-0.543188890902,-0.267310376301,0.178547774293,0.153834195234,0.944962281664,-0.565339216529,0.16836280111,0.318500771127,0.6660286343,-0.792705629627,-0.863411841023,-0.0710766255933,-0.0710766255933,0.0710766255933,-0.122361241588,-1.02360377455,-0.652922797239,-0.654437068574,-0.655672098503,0.304223375227,-0.36035629361,1.11474325654,-1.11632836254,-0.68655890639,-0.217937979346,-0.352747348197,1.26782623547,-0.302293803181,-0.12827647944,1.21063615259,0.660832568871,0.141888091152,0.815220137381,0.837836446453,0.465586164919,0.806574223472,-0.563066874032,0.802761311339,0.800390585795,-0.603843334031,-0.511334077619,-0.562435188873,-0.127371882161,-0.114383373329,-1.5990403807,-0.51653919903,-0.250577490467,-0.105234516238,-0.20743732915,-0.0740480703894,0.540242677521,-0.233363638716,-0.848616383649,0.375115324189,5034240000.0,01030316,0.06317935
828,600235.XSHG,600235,2011-05-31,-0.00967092207642,-0.254647341891,0.187615788551,0.40314533792,-0.00141853667689,-0.588506328825,-0.400166179537,-0.539183020233,0.82070708892,-0.493416941158,0.256824312026,0.974838458169,-0.161282093818,-0.893086134209,0.625172308641,-0.3962003094,0.18141107628,-0.0444999217317,0.042564886072,0.666608828125,0.843577700014,-0.318765493486,-0.201711796449,-0.526530595796,-0.521244505153,-0.42180144388,-0.0896313497449,-0.177920240113,0.747439503558,-0.323089859583,-0.31522098794,-0.324176027703,-0.323312831932,-0.326035142189,-0.378275797461,-0.452822558615,0.526530595796,-0.22960482025,0.134474144232,0.368297260925,-0.452827744149,-0.244038863332,0.811041820596,-0.381003272254,-0.0396886821874,0.57524930417,-0.581919180246,-1.35852331972,-0.668918805707,0.718890405798,0.0512383380148,-1.10731199733,-0.980463852898,0.223011954949,0.522193430604,-0.179099892579,-0.322107578532,-0.322784994725,-0.317608751107,-0.325495199506,-0.334254543814,-0.179903909924,-0.521054153794,-0.309103281443,-0.357843132026,-0.910797624721,0.034961082912,0.41330197947,0.893086134209,-0.900676831085,0.034961082912,-0.440987314117,-0.898428884376,0.251859569129,0.251859569129,-0.98218787256,0.195926149242,0.516195559157,-0.208524547735,0.229153317985,-0.419159905585,-0.505531548962,-0.0382288768714,-0.32458981491,-0.657430218099,-0.124490335173,0.0804303357722,-0.107943336614,-0.0498559149051,-0.330196629972,0.173442449657,-0.545443621132,-0.736952295593,0.536865492661,0.0396886821874,0.785118237308,-0.248077902167,-0.00668514917012,-0.789839095898,-0.984132243504,-0.132880507601,-0.101183108794,-1.02242794543,-0.639955874419,-0.806796022343,-0.705011801611,-0.6843405604,-0.903734679337,-0.782970126763,-0.0663877735647,-0.409488753108,1.90254913274e-17,-0.718811534232,-0.247170928408,0.723539507283,-0.269894629863,-0.538151423823,-0.0597016252396,-1.14241000068,-0.955805275706,-0.879513862572,-0.0146909812607,0.835298071403,0.899383132979,-0.96363584129,-0.823313852663,0.0,0.0711587536694,0.629581280119,-0.578761862869,1.09624208038,-0.876325000168,0.0457677523092,0.403811523743,-0.498233913166,-0.590896818462,-0.098232681166,-0.169339086535,0.0587485537898,-0.0591401297374,-0.3070714858,-0.32513635635,0.271836110438,-0.164972977527,-0.0713274764292,-1.00993888677,-0.989025645553,-0.383176283894,-1.45583119329,0.354400835164,-0.32192698201,-0.601444911866,-0.380785068304,-0.396804975548,-0.0142234774284,-0.648372267561,-0.65642899047,-0.390615326033,-0.728072475998,-0.654886703202,-0.695091398979,-0.387942160422,-0.447804387237,-0.449059381779,-0.451836300012,-0.710533462746,-0.762950013598,-0.623031269315,-0.670771333211,0.123960155595,0.31870054548,-0.676287627512,-0.671231150227,-0.678122882859,-0.713199681479,0.338124172921,0.754443442487,0.626501516846,-0.886827897653,-1.48322060635,-0.444872452312,-0.523021118442,0.261676842313,-0.710391304022,-0.241003295051,-0.244629537057,-0.243452339566,-0.165367615723,0.429092247924,0.500425585365,-0.941113592608,0.144589087685,0.168479805825,-0.825050198495,0.103222999393,1.06434140715,-0.0934976201291,0.455034597596,0.467134464319,1.34830186944,0.200819579094,0.189665229929,-0.237397968983,-0.237397968983,0.237397968983,-0.252843498702,0.0173159341004,-0.574108753382,-0.575743581583,-0.577009094744,-0.17195234252,0.00797248437191,-0.0426322466967,0.0354376203259,-0.00869061906822,0.199247505389,-0.0446793017388,-0.225259697512,0.079279147096,-0.113488372541,-1.34813844616,0.229000831996,0.142709270679,-0.323056805879,-0.325279233911,-0.390437030993,-0.323177563086,0.0410997718271,-0.325726949557,-0.319981996448,0.0735113624038,-0.578712842082,-0.954927239264,0.0938862886583,-0.636707265171,0.526356930969,0.444455135171,0.0524694983561,-1.19546410446,-0.484592336461,-0.234899192458,-0.402589220421,0.840840522895,0.390479733951,-0.695566529453,2141442000.0,01030316,-0.00334222
837,600337.XSHG,600337,2011-05-31,-0.42036359299,0.191941530876,0.61582123536,-0.410679628327,0.159573748801,0.123457442336,-0.634991044015,-0.539183020233,0.56960885518,0.740179115584,0.284942366049,-0.0167754227983,-0.449530942343,0.317022599442,-0.315968001675,0.0640989772796,0.576539310917,0.533319672662,0.600027587532,0.445449537154,0.0932001172389,0.203187779596,-0.218362996485,-0.961985273623,0.159222598037,-0.251191975788,-0.534162613289,-0.170848331516,0.0325398599012,0.0934831695124,-0.0035025877045,0.0654277606464,0.10251844511,0.0144494824003,-0.194957526384,0.00484543068207,0.961985273623,-0.23066714977,-0.260420659806,0.222128339785,-0.696138173841,-0.127474961437,-0.476178993977,-0.268088962232,2.64426523744,-0.188741664062,0.372525667689,2.15624821306,0.385239584442,-0.920216000192,-0.137784005638,0.762972347075,0.7226293301,-0.203322427362,-0.317165233219,-0.642749099026,0.0991728682919,0.0114413029595,0.0726141046573,0.0935244840314,-0.017485512552,0.373068005756,0.960555021508,-0.701080077262,0.4775364474,0.266320280674,0.324592806485,0.303232685298,-0.317022599442,0.561846600777,0.324592806485,4.15614718651,0.218619515924,0.365491523169,0.365491523169,0.136093152636,0.200497078958,0.390959026298,-0.180024147507,0.247104641209,-0.321794229302,0.0853768112712,-0.836245276766,0.076302491777,0.228759921011,1.27227984494,0.299924849559,0.40810954585,0.351395623582,-0.23885925462,0.27423368367,-1.20369806325,0.386276751306,0.904001794463,-2.64426523744,0.805460275788,-0.0567301750694,-0.329577854087,1.65386355503,0.798132063487,-0.0126845458259,0.227778030461,0.0100756948405,-0.272149656069,-0.813823279277,-0.23907166522,-0.804033662302,-0.437052017057,-0.713245339068,0.384239344408,1.458290682,0.870925128549,0.973802781849,-0.70884076595,0.289104379883,1.69648053057,-1.04194274216,0.880262308984,0.0178501562607,1.5233094507,0.224159285328,-0.547915315339,0.349696544184,0.54653281366,-0.0567193977462,-0.429417224952,0.675663924692,1.46027445525,-0.0920108338748,1.06913772212,-0.724712443248,0.606286256134,-0.18208985944,1.26286730482,0.09590240195,0.102437729455,0.295245548241,0.568944507966,0.523464547757,1.18065576204,0.102373324749,0.0455269056669,0.614471361756,0.617258442762,0.00576615883948,0.777780489438,-0.325054218979,0.422065403695,-1.21465073,-0.0793547720819,1.24570946018,-0.190419676356,0.398626471159,0.279278515918,-0.0916007794273,0.633198514223,0.231007716874,-0.637057396451,0.0521141591347,1.21248094175,-0.576537088459,-0.213765248063,-0.587294310173,-0.588937206385,-0.584539644674,-0.0732319888412,-0.222316343798,-0.149096854654,-0.33309025567,0.268492638316,0.234879292501,-0.33387676503,-0.327561074881,-0.346718576009,-0.373642757297,-0.000445005970359,0.417232883378,1.47131270725,-0.665994574237,-0.313566388799,-0.186791745784,-0.299832733468,0.65674870934,-0.0715638839765,-0.249601262761,-0.265579398499,-0.255504759678,0.679774990487,0.150395035733,0.880257912301,-0.635045356304,0.427597508842,0.31773131944,-0.682651025006,-1.81929014624,0.0671820083518,0.926576825565,0.359477332101,0.318500771127,1.00716525187,0.996414256844,0.814142564756,0.181617604278,0.181617604278,-0.181617604278,-0.0484841905637,0.535008809267,-0.419794784693,-0.421559137644,-0.422284860993,0.423267304664,1.14644325268,1.92181356793,0.604952237447,-0.0796640081254,0.372046226877,-0.0919760557593,-0.0876166365113,-0.39305568086,-0.249516378753,-1.5704648331,0.261662018617,1.2141432587,0.0883810456649,0.0507105848411,-0.152481124548,0.0885936671626,-0.572152086752,0.104886600709,0.109733592913,-0.316361398916,0.0363612807477,-0.753692744555,0.602471867731,1.00535670201,1.6069247078,0.258331148453,0.28624045869,-0.340959832611,0.0432799986085,-0.72603509339,-0.0589793731713,0.976055032749,1.04643321071,0.794727239329,6706412441.4,01030316,0.08924988
846,600439.XSHG,600439,2011-05-31,-1.76109632041,-2.68255840203,-0.0706318262778,-0.0334525660479,0.0454629377594,0.0396134054129,-0.00885976781262,1.09801570005,-0.251257131531,2.22924203995,0.468379194673,0.687792334731,0.343153391102,1.67725558893,-0.898811900818,1.76112601718,0.18141107628,-0.0730342226894,0.330907662689,-0.4690740174,-0.341474565426,-0.235988762953,-0.212743010461,-0.787987527092,-0.450851356548,-0.0400627590251,-0.506655706374,1.41090189147,0.096231176402,-0.0210450581851,0.0586844164277,-0.0496501652565,0.00192878646939,-0.00533786991481,0.00476151353448,1.13523663696,0.787987527092,-0.231819704537,-0.05838145774,0.241193851238,0.560965712901,-0.236314126786,-1.35967837878,0.00917320184625,1.02522761388,0.0840515515132,-0.189915046273,0.518684203469,1.44856965082,-1.33605573957,0.0274995922247,1.0118302587,1.28353158189,0.755394336879,-0.313236848934,1.15440446225,-0.0204823515941,0.144588230716,-0.0895724257825,0.0122435947287,-0.00694784960503,-0.0646765476645,0.117018600171,-0.325136182823,0.43477801715,-0.0120489540686,1.57068278,0.151366712389,-1.67725558893,-0.0755689829008,1.57068278,0.285692259959,0.284546342993,1.27248111996,1.27248111996,-0.0980719241417,0.215810201012,-0.40810450401,-0.142985491214,-4.41396530798,-0.401545972454,0.631246424536,-0.0382288768714,1.4266045242,1.1482118884,1.20854888615,0.00548098960096,1.37523087373,1.99094661197,0.596021441953,0.930757406587,0.534311707034,-0.369024421005,0.428684672726,-1.02522761388,-0.132881447947,-0.33596252847,0.316207555747,1.91909155613,0.633703020321,-0.0998266181125,1.48757735635,0.11575889278,-0.364101210656,-0.532733001895,-0.50116299194,-0.556667918371,-0.338803035524,-0.605488848993,0.0624869603589,1.56825202709,0.856667444793,0.66605472438,-0.0994365803938,-0.261076307147,-0.790405701743,-1.34686906642,-0.456964319503,1.1781103132,0.350474154584,0.425487532336,-0.921392041385,-0.293681652528,-0.524756422971,0.181145720551,0.427332041943,0.0,-0.503403145025,-0.55526652416,0.735569007084,-0.638858359189,2.93545114585,1.36564508845,0.901644326001,-0.195931996666,-0.0787698064039,0.331343672275,1.22863422643,-0.893510340658,-0.0453337745312,-0.0242066033899,-0.147563232353,-1.15049734117,1.5593192648,-0.788789096005,-0.388729251152,1.24402735639,2.10888169884,-0.208459754301,0.0554271881335,1.1734851825,-0.426779726832,-0.02763816939,-0.407332227145,-0.772188231418,0.939526665851,1.15175304058,-0.572218680042,0.122129217991,1.15322109509,0.898534868059,-1.19953245418,-0.419003035303,-0.419814104698,-0.424178996414,-0.122178646087,0.0701467295576,-0.329810828869,0.436733921178,0.0672482204188,0.347449879662,-0.174427886196,-0.195653052359,-0.248327799347,-0.0910683445354,0.464309917762,0.915405111387,0.706461347058,-0.0119232456638,0.348418057258,0.000511286799956,-0.354169391156,0.213012659778,-0.120088818977,-0.172024933606,-0.191822284527,-0.176482707009,1.6935109675,0.696388700496,1.09671408409,0.898398113032,0.594310308003,0.427157082884,-0.336924149586,-0.979034906934,-0.855478145728,0.705442092691,0.837263659576,-2.05963831995,-0.869086144757,0.104005732423,0.51449871415,1.99402056937,1.99402056937,-1.99402056937,0.689415470355,1.4895273622,-0.460096063994,-0.459894492568,-0.46351030113,1.41530004997,1.28038099013,2.0659859228,1.57112559748,1.14571328049,0.0898083151134,1.0137453558,-1.08495394724,-1.15124442931,-0.952647588732,-0.386071535412,0.718918631304,0.988182025486,-0.0297800699328,-0.0519529482735,-0.543923741211,-0.0279030715589,-0.558524267672,0.0317707746282,0.00292347079018,-0.351804377218,-0.14392064842,-1.08329718807,0.655737116471,1.12635905386,1.19118614487,0.59115702748,0.698760677719,-0.267295671245,1.29920535521,-0.812066762168,0.827282610894,0.393881448659,-0.265473742809,1.18981271697,7805982930.0,01030316,0.11379658
92,600983.XSHG,600983,2011-05-31,0.619387919529,-1.11236075512,-0.321090618812,0.986555287613,0.148971889182,-0.249616101409,0.0591069107454,-0.353553390593,1.63657610009,0.339232612953,0.414372573638,1.47740533992,0.959695934473,0.697871245678,-0.593990623082,0.294094782383,-0.54313744256,-1.07376354008,-0.580877811347,1.23652441756,0.474306790467,0.546647806321,0.341939715833,-0.370075594554,0.632521086883,0.43472197624,1.76042314646,0.463751902531,-0.0498969974064,0.248391291855,0.360774020963,0.2757015599,0.201392645744,0.317265861331,0.425073632033,0.399493516723,0.370075594554,0.21996645728,0.468041474154,0.604724135767,-0.407372109883,-1.29548728689,-0.25660921829,-0.512447497393,2.10085221984,1.19777835884,1.02757761452,-0.196215893771,-0.165210539066,-0.521928580256,0.584042911285,0.0936562080515,-0.658745863014,-0.376559263196,0.406559762184,-0.429163597343,0.291073973046,0.352140551333,0.278512481173,0.219811513288,0.351829809945,0.537614392706,1.01441538008,-0.410300733542,1.54972021492,0.368803795845,0.868471366105,-0.326842160658,-0.697871245678,0.355178691345,0.868471366105,0.638837653773,0.426959098901,0.706800325793,0.706800325793,0.869881768402,0.589888210938,1.33762492703,0.981233568598,-0.273528672086,0.259375225072,-0.264474102004,0.77535158273,0.832614539642,-0.556294451238,-0.149153273735,-1.07116321252,1.11315761771,1.78227053937,1.41114856272,1.44563829811,0.0498726788983,-1.0612125784,-0.302413039897,-2.10085221984,-0.301738126231,0.832514120519,-0.157039128459,-1.25787660115,1.29197966452,-0.200121046732,1.10661788698,0.375620075233,0.560466911872,2.26810291815,0.873174775473,2.47186553417,0.138320116525,2.44044692085,0.313276326583,0.27329558045,-1.49081372784,-1.9747238125,-0.0583729750872,-1.3694666298,-1.56920281906,-1.78445559138,-2.00258013633,-1.06852302953,-0.66838541899,2.07586929251,-0.665642707985,0.509866579339,0.1175705747,-0.979826904819,0.395088374667,1.22627867897,-0.49631586629,-0.735800251868,-1.65269988162,-0.0824158835357,-0.704646823313,-0.73137692535,-0.467921131188,0.468808052881,0.461852891756,-1.04611196224,-0.531950287519,-1.52569380689,-0.579849415764,0.290626538157,0.265000470365,-0.953967897711,-1.34289447686,-0.526471503316,-0.335318439827,-0.393009269139,0.0838987321176,-1.08047248884,-1.14146437669,-0.222209222976,1.19486131764,-0.106889199209,0.185935916024,0.318431567199,0.302677267055,-0.461595478941,1.11490979074,0.450635361518,0.127211612318,-1.19600132019,-0.875020093899,-0.273743886123,-0.270988929636,-0.273575249046,-0.407049983927,-0.257909106453,-0.521650870644,-0.272426904158,0.179695205403,0.0840999687239,-0.533379675218,-0.549266926792,-0.543214358583,-0.493862953031,-0.177349067715,0.568355373069,-0.239705148002,-0.179515783045,-0.638900893947,-0.478498772387,-0.755001393057,0.452910541525,-0.409041383847,-0.0607574543698,-0.0655676550436,-0.0585823814763,0.003952367003,-1.44718366604,0.200534296743,0.360474433865,-1.6825183357,-2.27802299903,-0.0868798871965,1.03442602004,-1.15823140444,-0.60797451837,-0.513957561644,0.331112989531,-0.648537476457,-0.334310457729,-0.486627203705,-0.17128939213,-0.17128939213,0.17128939213,-0.689182989401,0.121492840045,-0.144298774913,-0.139881838646,-0.138914182852,-0.541887522131,0.0283204441012,-0.383646861461,0.286855594859,-0.347033927848,-1.42660479117,-0.598249616754,-0.654095020557,0.194288518316,2.09368940572,0.140021379389,-0.868918630051,-0.119741373757,0.256926400264,0.28490474106,0.817105281694,0.239362308486,0.817240124239,0.158417460345,0.109584630041,1.19784002787,-0.432381686211,-0.414208164328,-0.309906809089,-0.115994449334,1.08021465419,-1.16992541759,-0.985898383027,-0.129397238112,-0.344235936194,-0.301853561339,-0.290127140288,-0.245425614656,0.226555974351,0.758011004555,5844816000.0,01030313,0.0975161
160,600619.XSHG,600619,2011-05-31,0.149742314175,-0.764055932697,-0.197898686479,1.51386733472,0.117096073083,0.317282564321,0.244451205526,-0.353553390593,-0.300252371043,-0.862002138021,-0.558974630347,-0.611073412847,0.0867810153513,-0.128018588899,0.0686850292542,-0.299242589285,2.66063949903,2.68186438683,2.80238825392,0.892048206114,0.00604983151106,1.03934117424,0.850644937816,-0.303211542676,-0.587341009248,0.0757138857506,-0.116975644066,0.135783510468,-0.741540501614,0.218146971833,-0.172556914548,0.0540014944844,0.369154207935,-0.127866957189,0.0830396057516,0.338621053329,0.303211542676,0.228487177783,0.135926692132,0.531445149894,-0.320373998281,2.17860183199,1.85552220102,-0.998377297623,-0.723195216503,0.119290077365,0.866037028833,-0.32552134678,-0.525078253194,0.446258994476,-0.0889156749261,0.396587966142,-0.0326617002126,-0.376559263196,-2.02244702485,-0.41224942366,0.156010230664,-0.200307675544,-0.0308634485966,0.384057173264,-0.196370429095,1.48220674827,2.25802313269,-0.338276979612,0.117870191825,0.355164035893,0.472779948403,-0.490425058173,0.128018588899,0.269376283548,0.472779948403,-1.0486864134,0.0736977530479,0.290151389218,0.290151389218,0.762437031294,-0.426374450154,-0.270908781694,0.849818609931,0.143680092035,0.709988505638,-0.342692431037,2.27075794407,0.0849424876335,2.7436011143,2.72312806648,2.69039620715,0.174085330446,0.145355119797,-0.172821676328,0.295368947471,2.58507351275,1.99135995636,1.39161778761,0.723195216503,-0.399274140467,0.61302271056,-1.12544708729,0.722664762583,0.805259495304,-0.25700380818,0.422594151256,0.356081926908,2.33036242305,-0.833118154947,2.14387024936,-0.757158811681,2.73956409894,-0.25033266908,2.18720358678,-0.992565618149,1.15711390246e-16,-0.0789889525,0.0,-4.50466160187e-17,0.0840644367354,0.0,-4.68625762177e-17,8.91116521863e-17,0.0,0.0,-0.307244541332,-0.37753827463,-0.763348463052,0.249752123562,1.68775632425,0.122627867897,2.25942706335,2.09108029068,2.32257884058,-0.501449730746,-0.266438508826,2.72807950773,2.75041799837,1.54466495442,2.18357600923,2.64152930313,2.7006401558,2.09111713783,2.65991115106,-0.294790661512,0.207303892554,2.64838906912,2.60079092965,1.97523389846,2.72761481084,2.71918800879,2.72023848744,2.56306476868,2.66393131029,2.72256846566,-0.892605971603,2.6429899045,2.72541002105,-1.19734206597,2.59815342394,2.68976556238,-1.23787282897,2.48589169601,2.66428150916,2.61548921667,0.622663201615,-0.472607529287,-0.494761176344,-0.513862484324,1.10632438924,2.63589741137,2.67273667425,2.81751617863,1.80737228471,2.2858372674,1.82682835784,1.6144287075,0.48995130173,2.30571210745,2.80869557977,1.37449539941,2.82230849918,2.57265741095,2.68018292572,2.55583151384,2.25256178452,1.72064269742,1.10805898433,-0.450655083225,-0.477700914369,-0.461339563012,2.65425613709,2.48523851889,2.19122967116,2.68903813523,1.62205292513,1.37059210347,2.63737886243,-2.33788009957,0.55004338649,0.240129949758,2.77885529092,-2.82419902835,2.68679811675,2.42757614624,2.59530252974,2.68701079087,2.68701079087,-2.68701079087,2.74118885472,2.58761651577,-0.477307394441,-0.493742749649,-0.508188309537,2.74581607368,2.5503305188,2.59218279552,2.48926486244,2.67159609595,2.56732009388,2.6999995463,0.450655893463,-1.69340544087,-1.98809437768,0.65996090705,2.69830015788,2.61467147263,0.174075736684,-0.00154399199695,2.24055104531,0.203668217924,-2.54171464796,0.521304537951,0.525727545859,-2.55769538295,2.6736500302,2.29306205161,2.33322605271,2.77071023634,2.35930275958,2.42496320658,2.71936228115,2.17279528997,-0.773984668814,1.13228221159,2.68238911038,2.66117793194,2.2672292335,-2.30542538863,7920057671.1,01030313,-0.11491629
175,600854.XSHG,600854,2011-05-31,0.0299778431868,-0.640139144272,0.425482175929,0.578115511739,0.184067714545,-0.477242322122,-0.220113065808,-0.353553390593,-1.76233425422,-0.631326351017,-1.66427480457,-0.611073412847,-1.03881980141,-0.575375582628,-1.67142217337,1.77528531833,-0.437445832116,-0.466909027498,-0.356763371355,-0.792796822584,-0.503950964871,-0.441296161522,-0.371178101222,-1.35791517372,-0.790651358603,-1.00821438746,0.504964962458,-2.50687351531,-1.41946797599,-0.663368111215,-0.59635799788,-0.643985904301,-0.679794722151,-0.615025745012,-1.02070315954,0.424606053937,1.35791517372,-0.607730246187,-2.55450773471,-0.623630390125,-0.421353949248,0.742128248644,0.923975918756,-1.14455409251,-1.36302952288,-1.52554004037,-0.668598535213,0.095644985876,2.73927702325,-1.43409673003,0.503811226776,-0.596537767934,-0.371499280624,-0.209149181124,0.0742674293002,-0.715496394694,-0.656233674083,-0.585588873181,-0.632504281644,-0.684987028491,-0.610872933059,0.0877511310148,-0.969025674932,-0.476367635643,-2.10434233722,-2.82752086898,-2.47351695908,-0.578962855807,0.575375582628,-2.74946151784,-2.47351695908,2.47526090335,-2.14543990417,-2.74533662178,-2.74533662178,0.656521756636,-2.20965543485,-1.56474943552,-0.0130091516828,-0.981716745771,-0.234934131595,-0.141220617956,-0.720054778613,-0.408505549458,-0.524380567626,-0.483667318813,-0.581707288032,-2.36017422373,-0.625665449259,-2.14577249132,-0.438606503614,-0.95778316573,-0.798408320441,-1.93593034574,1.36302952288,0.366316765794,-1.93004145254,1.04692752306,-1.16376379758,-1.05505543219,-1.26544754247,-2.52396963339,-2.82701598244,-0.671652655523,-0.447188421405,-0.903331518111,-0.703161749041,-0.535216271778,-0.592018966214,0.0208252179844,-0.992565618149,1.15711390246e-16,0.0,0.0,-4.50466160187e-17,0.0840644367354,0.0,-4.68625762177e-17,8.91116521863e-17,0.0,0.0,-0.298223427068,-0.944985138107,1.93446609006,-1.82538268365,-0.6729344551,-1.53284834871,-1.43290571228,-0.84246807317,-0.511309632514,0.343407372844,-0.0899681475422,-0.266447234673,-0.524025299849,-0.878559874032,-0.764850547902,-0.60615558232,-0.555309321034,-0.65878847329,-0.522866646951,-0.588358680719,-0.66641196305,-0.606611296069,-0.398145225239,-0.617070462667,-0.826275137038,-0.638834646511,-0.515505580059,-0.590918889506,-0.490198642341,-0.445183552166,-0.590170700958,-0.661955954798,-0.524182324299,-0.348650575276,-0.44160178093,-0.69645954838,-0.634608951263,-0.763948201399,-0.675370436267,-0.616949404784,-0.932623297573,-0.701859296966,-0.697959274851,-0.693473322706,-1.10215963198,-0.702375782017,-0.815701111989,-0.450251556034,0.0143181441388,-0.0706707802762,-0.709838752915,-0.716306145182,-0.629618912737,-0.653701702683,-0.260893532693,-0.173729826558,-0.283382179695,-0.505747442297,-0.646963744525,-0.541002290807,-0.854966738448,-0.0465058709745,-1.10337037434,-0.883141618768,-0.875368110437,-0.880581426107,-0.470194840979,-0.216716282403,-0.0353660534538,-0.218175512165,0.302346703649,0.249593098447,-0.669721640778,0.927284102294,0.812263811004,0.616213116736,-0.357156949617,0.331112989531,-0.37059284369,-0.0804478008543,-0.149961253403,-0.698207343404,-0.698207343404,0.698207343404,-0.376807286443,-0.209409650206,-0.836351399337,-0.833544983425,-0.831145747706,-0.52142463668,-0.454617655308,-0.612782254635,-0.15889737345,-0.247518652338,-0.230660837286,-0.256620703254,-0.536707420391,0.458410213587,0.579159242331,0.311865799548,-0.200155549721,-0.0837316063993,-0.658241376424,-0.637011351612,-0.556489969892,-0.660334611171,0.68080957051,-0.694722233581,-0.692650676211,0.637830527303,-0.637318559342,-0.771021636087,-0.207329662339,-0.554759726983,-0.161214394364,-0.00396367841042,-0.363311223615,-0.954304631078,1.56685555571,-0.809528450486,-0.56995878234,-0.582551902653,-1.07175073784,0.991059562163,2924551568.94,01030313,0.11367673
468,600870.XSHG,600870,2011-05-31,-0.714144325866,1.0194944839,-0.755972982349,0.174837707432,0.234199731583,-0.827865122659,-0.448440731363,-0.353553390593,0.0300061249228,-0.724887159732,1.62730497456,-0.611073412847,-1.03881980141,0.918363439169,0.799682572473,-0.96956742253,0.540201564493,0.105595229652,-0.210227006745,-1.76303188987,-1.91961153846,1.17004414381,-1.6262944842,1.85274066011,1.85238318301,-0.614686288267,2.23142703371e-17,0.0252788450339,0.081675288741,-0.624732123234,-0.511469693958,-0.56842382453,-0.653303577935,-0.492447497882,-0.652904183862,0.0202169583007,-1.85274066011,-2.09654356728,0.0475658785669,-2.43076470274,-0.214733434193,-0.884242367121,-0.798151256279,2.08731393112,-1.08133256056,-1.71793367852,1.63335481086,-0.30520191845,-0.632673862812,1.15361538422,1.29332748558,-0.90634754225,-0.665171115515,-0.376559263196,-0.10107590092,-0.355466126295,-0.631724576464,-0.49196397202,-0.548648007814,-0.661606975959,-0.456168272565,-0.239428996464,-1.14152043395,-0.370768898678,-0.20248384165,0.329784982889,0.332416438745,0.576761666138,-0.918363439169,0.127893300891,0.332416438745,-0.811801350497,-0.699463378351,0.0746901936328,0.0746901936328,-1.01862199166,1.34299181638,0.107461167001,-1.12503819553,-0.277940063433,0.644873809133,-0.409818065145,-1.21832417821,-0.870401877679,-0.796925133677,-1.00462295606,-0.315225729145,-0.00260853413128,-1.77083811422,-2.04864891625e-16,-2.03949683697,-1.11168736463,0.29222935009,0.466178240904,1.08133256056,0.319552923352,-0.187646530723,-1.02075433499,1.10375207555,-1.7968050885,1.20976943481,0.160385052564,0.323303154581,0.825951238549,0.545202321987,0.601764091731,0.225587728361,-0.0428379465358,0.134064415195,-0.587189044544,0.816000621815,0.84379389965,-0.0789889525,-0.151239071817,-0.870888591552,-1.54118134015,-0.155005898564,-0.889585375548,-1.09360572976,2.68322040565,-1.75031137649,-0.907377990186,0.117439471344,0.759333858062,0.263844719875,-0.50918733297,-0.981022943176,-0.848646533531,0.950724304182,0.425363310261,-0.0639571773548,0.306744508706,-0.320847171269,-0.70555242407,-0.378944153599,-0.499696122703,-0.601838436754,-0.965887014211,-0.625101735838,-1.07475125371,-0.628550592295,-0.471517701089,-0.325191211801,-0.00391821985236,-1.40007206105,-0.675483629837,-0.642189167799,-0.718401217647,-0.404610204401,-0.430130026163,-1.03246577539,0.239461658457,-0.59904516297,-0.483976700899,1.05904334822,-1.06648653274,-0.900759115633,0.284998443753,-0.755754371379,-1.06258224012,-0.0180565827052,2.26023999177,-0.732723215206,-0.727001272405,-0.713978575905,-0.523129750291,-0.43359962688,-0.0834928268885,-0.345659200068,0.633655381397,0.292501825939,0.00890265085031,0.0131396672847,-0.115679050396,-0.0887174609053,-0.638324771275,1.21288123014,-0.48011005481,0.769703793525,0.00220464055021,0.712615804584,0.551655493539,-0.486448429247,-0.516747700981,-0.785322318645,-0.765421207392,-0.782875023947,-1.22849046678,0.0364053285661,-0.728206165929,-0.5796189236,0.272546315238,0.493123430346,-0.794888823793,0.677419372891,2.14423177362,2.44445491926,-0.592357867657,0.506408101636,-0.648537476457,-1.13380394835,-0.865807284249,-0.908335351267,-0.908335351267,0.908335351267,-0.532825700027,-1.04523847921,-0.828184967131,-0.825201034279,-0.816956446789,-0.855651765714,-1.46073869575,-0.364160273772,-1.13978308264,-0.745095029888,-0.0536042790876,-0.475837794001,-0.683251973026,2.29572729345,0.203660800489,2.10081027608,-0.269019462658,-0.434155497014,-0.612173483515,-0.544111951954,-0.719999649363,-0.615128333958,1.07110457232,-0.679527803508,-0.660356876769,0.633302148592,-0.235291783433,-1.09353800958,1.18077645109,-0.779723269973,-0.963669063216,-0.390193649672,-0.410574803713,1.24544841683,2.04789308709,-0.804740001657,-1.07279091618,-1.17578963424,0.597739247832,-0.972587562752,2143332172.7,01030313,-0.02249135
600,600060.XSHG,600060,2011-05-31,-0.727314358278,1.07915562031,-0.782689305024,0.392404524224,0.204684876341,0.662402162181,-0.235930946253,-0.353553390593,-0.518704605354,0.555390343432,0.812301334863,2.13875694496,1.6028964012,0.932383174015,0.508964367079,0.945301923827,-0.364782849936,-0.203557069209,-0.29642486828,1.05834706681,1.38541141603,-0.784817661988,-0.025652948348,-0.69943421052,0.988314198254,1.3391462042,0.705632459081,0.147011257223,-0.0311009565282,0.448075554319,0.436757210912,0.469331312992,0.421320901638,0.445551709724,1.3387782806,0.515578652517,0.69943421052,0.367953113737,0.995159430942,0.802204792609,-0.394943808226,-0.337428114227,-0.777006447854,0.728173223569,-0.00833609101233,1.40643061431,-1.11283514586,-0.80395152291,-0.459684473371,0.166038370074,0.470819052316,0.721449631038,0.877834374759,-0.356143399529,0.033417688881,-0.76865522627,0.460062649917,0.371101799484,0.484334560105,0.421215321707,0.440527343814,-0.369606648919,-0.380794681698,-0.493696659145,0.587878664295,0.387528845036,0.546972089222,-0.565127486365,-0.932383174015,0.469527579229,0.546972089222,-0.095506041235,1.0638496107,0.351323337492,0.351323337492,-0.469544972131,-0.392197949421,-0.265371660494,0.0562885156147,0.166266755908,0.132034166557,-0.411407820353,0.277082183131,1.61313140334,-0.355236984479,-0.306953114062,-0.363264921733,0.798074152903,0.650460449265,0.346065126118,0.687945953196,-0.0466372867642,-0.699351330902,0.228645279462,0.00833609101233,-1.34924819693,1.36485985718,-0.235558692689,0.546956621934,0.912617998191,0.856145792487,0.530459432659,0.395658228001,-0.45381936184,-0.157741121249,-0.360510150627,0.00959947780261,-0.372638522878,-0.293043456222,-0.538032083544,1.75002100434,1.52416526538,1.8167459075,1.9647812751,2.50879535002,1.76535317144,-0.154166895053,0.114000919672,-1.09360572976,-0.684286189198,-1.0869433648,0.637373152178,-0.280457004011,-1.57028406599,1.1587245858,0.278764265402,1.22627867897,0.0470374518635,-0.945470333603,-0.376235525041,-0.738018206513,-0.537281563796,-0.696586268225,-0.289407867266,0.433817235581,0.164323078865,-0.299652263861,-0.23391233727,-0.102861276997,-0.0736849895818,0.51757750808,0.449861174378,-0.450286958949,-0.424765475544,-0.564493014086,0.0624869425928,-0.468079876178,-0.39924754794,-0.506533690684,-0.39054023554,-0.274455392879,0.892318092233,0.00915701525494,-0.248719472085,0.585087244337,-0.454527615533,-0.344163444221,0.812921207559,-0.0843913912894,-0.25149282387,-0.481263204348,0.592490094929,0.081770135267,0.0853033444681,0.0878396747958,1.59567122548,0.392739843769,0.0649728986623,-0.182712229063,-0.364310641463,-0.394115695505,0.146214374635,0.191935904709,0.349171580841,0.0216914352135,-0.353615430285,-0.0210438091998,-0.38922195774,-0.299242501515,0.265235633777,-0.250077042512,-0.307430961278,-0.583633775002,1.59582581223,-0.0904398481876,-0.0893843389489,-0.0883266453184,-0.176094744986,-0.636328264867,-0.128644571737,-0.384238884868,0.180227011083,0.14331134417,-0.609021107823,-0.355192431663,0.0243147847016,0.0434248189943,-0.513957561644,0.331112989531,-0.648537476457,-0.157649869109,-0.357246364101,-0.386610677753,-0.386610677753,0.386610677753,-0.677322336761,-0.425760727867,0.059779848469,0.0625053172151,0.06469357897,-0.262228087632,-0.105829027957,-0.276405300571,-0.364012492544,-0.447286353547,-0.46822525597,-0.628228022326,-0.392236462097,-0.175323223414,0.0872726030871,-0.157401655502,-0.633938615636,-0.543220120341,0.454993455023,0.470978707267,-0.134612208051,0.45298107066,0.214527931181,0.392789576029,0.386644554341,0.271031851728,-0.310495197855,-0.00285256104669,-0.680456096578,-0.320731348369,-0.49143504921,-0.555661978391,-0.500908312916,-0.501414297685,-0.440749070066,-0.471994862976,-0.231442800343,-0.260583230705,-0.515254075947,0.217456047373,10971810711.9,01030313,0.0600316
678,600839.XSHG,600839,2011-05-31,-0.501659963646,0.283155792378,-0.472483113968,0.0336328077883,0.257456618288,1.52936295385,2.12643511153,2.82842712475,-0.809400885657,0.911889286984,-1.05884352936,-0.611073412847,0.592152810633,0.202932121562,-0.518665349308,0.393127870542,-0.371388575589,-0.203557069209,-0.274875402896,-0.454972565561,0.95708334505,-1.92988933021,0.798826835828,-0.350701558321,-1.65472034336,-0.513887862861,-0.97238516493,-0.0426785695377,-0.885558814829,-0.966715989391,-0.977829292873,-0.969856991707,-0.96388832499,-0.975355624763,-0.513704289445,0.363365926954,0.350701558321,0.166346780398,0.318742168475,0.649436737316,-0.389506426251,-0.0625983940972,0.555116482903,-0.804811811026,-0.383460186567,-0.159816186435,-1.51668661008,0.550061292162,0.0229392423991,-0.74489478356,0.141274720572,0.748662651755,0.901740093622,2.82464815983,2.01355510605,1.04357766836,-0.963357486582,-0.967385866702,-0.962710360835,-0.973504469722,-0.982410052981,-2.44803184095,-0.148625935055,2.80802384997,-0.040358199405,0.345164072898,0.315706497119,2.63274896591,-0.202932121562,0.864452241896,0.315706497119,-0.233124982542,-0.582042234202,0.0597370507215,0.0597370507215,0.397277871371,0.893163968637,-0.674195775791,-0.145409652143,-0.93488747575,0.436983407768,-0.442514821525,-0.720054778613,0.507787110613,-0.17971062461,-0.151314915383,-0.0895321639648,-0.185480505861,0.0103931137751,-0.702780032168,0.080668645453,-0.201358377759,-0.477989282852,-0.552813819163,0.383460186567,-0.687873853822,-0.486648229534,0.0261731880765,0.475097092117,0.172141367607,-0.358590776407,0.17792412271,0.34955022329,-0.712496398089,-0.667719697715,-0.816973573284,-0.713961161569,-0.521281036158,-0.656085146926,-1.84481411582,-0.987158843142,0.857134514664,1.0900475445,-2.21419307774,-4.50466160187e-17,1.00877324083,2.38402847507,1.79294811343,1.33941619195,-0.656287006876,0.659867388936,2.36529878415,-0.845169183809,-0.87002225278,0.249752123562,0.370930183655,-0.429197537639,-0.153246903337,-0.854197867953,-0.287777429711,-0.713194429235,2.60777233822,0.0188361537569,-0.406948418965,-1.25282874262,-1.08245310116,0.0360058038721,-0.0484724234378,0.469313912388,0.0939319618076,-0.863469263314,-1.04319884911,0.0660865907626,-0.072435268852,0.31941377447,-0.0187045444606,-0.303813878896,-0.48111755923,-0.130598371589,-0.0531711253989,-0.172848078084,-1.4280615998,-0.860173341972,-0.760526191583,-1.13621501706,-0.423726060987,-0.122972967865,-1.24875048092,-0.862046555254,-0.426662260246,-0.139429401792,-0.0768042715648,2.6829075924,2.68234160949,2.68334992829,0.506462448845,-0.080530894825,-0.244447115039,-0.379883968213,-2.22133714646,-1.8252912133,1.69287108906,1.88212684419,2.53295634465,1.14963532878,-0.313414367674,-0.450726873698,-0.371506481192,-0.573605875428,-0.228191314731,0.0297689732463,0.893795845596,-2.19203634151,0.504574239197,2.63694257135,2.64074497181,2.63695784938,-0.156406228254,0.211471934088,-1.86243204659,-0.788653472541,0.7295445565,0.634259813525,-0.409719033823,-0.402620044075,-0.637950987401,-0.701914152763,-0.20035633759,0.331112989531,-0.0926482109224,0.474572473628,0.320451852581,-0.47170053645,-0.47170053645,0.47170053645,0.0501084334391,0.170999624532,2.62421407051,2.62361809778,2.62441066375,-0.125808851292,-0.0789991335454,-0.488676582656,0.194038138733,0.148330999135,0.0775637674677,0.140593170577,-0.19988288642,-0.378598350533,-0.408545568638,-1.31624992478,-0.0473610828224,-0.0644163942585,-0.96718554413,-0.971965892653,-0.909431595092,-0.96673617756,-0.137773751868,-0.961215216984,-0.951188011251,-0.11237087912,-0.164656743219,0.388488542483,-0.967061845938,-0.305290003908,-0.712901979199,0.470077014559,-0.00571747012102,-0.797949635026,-0.753488384612,-0.188905401339,-0.0658911887098,-0.0478539295968,-0.515254075947,0.116045229187,11275375822.9,01030313,0.05299932
757,600690.XSHG,600690,2011-05-31,-0.684287821487,0.891726410338,-0.27062645376,-0.645685588953,0.461466392569,1.28165004337,0.252016278783,-0.353553390593,0.816090149175,2.09376662926,0.915276397911,0.0502781921963,0.913753043993,0.667707573736,1.39948340951,0.259304027934,-0.265696965144,-0.0203557069209,-0.197297327514,-0.130452217394,0.289181946229,-0.728274420803,0.694038169947,-0.347393796037,-0.129892723199,1.96741036256,-1.48048555702,0.196649716562,-0.155815227761,2.49484704353,2.5397517206,2.51858722794,2.47247890997,2.5445971743,1.97563941245,0.399876035406,0.347393796037,1.24987811698,0.969260571793,0.882935878739,-0.394943808226,0.343417532675,-0.304772393035,0.545889226829,0.625835964869,0.170233744933,-0.466672803102,-0.676493290659,-0.705744927954,1.98012420165,0.361903990202,1.88084393125,1.97683601942,-0.376559263196,0.502114710533,-0.368755834189,2.49469004234,2.5674065005,2.52960729181,2.46163901322,2.54337181448,0.37898302009,-0.611506084542,-0.333944723736,0.858347884771,0.371358288762,0.558334849528,-0.198597281066,-0.667707573736,0.366586418877,0.558334849528,0.0883618885442,0.339918874013,0.357440532319,0.357440532319,0.524223254716,-0.00258584106078,1.97439386507,0.839935033653,-0.354943201666,0.210642855227,-0.407907986125,-0.720054778613,0.821752475932,0.082621498686,0.00756574576915,-0.0115817759909,1.06620400334,1.04332014996,1.3255285498,0.9819106109,0.131099414744,1.41470676726,1.18781937559,-0.625835964869,-0.837518149636,1.07186728919,-0.418771009225,1.4329150831,0.845996318534,1.39720036156,0.607631341304,0.381816332833,-0.96436614391,-1.39822955049,-1.27343699594,-1.02714412488,-0.683858785059,-1.36081313476,0.0654630480364,1.12553849099,-1.73427995185,-0.7740917345,0.45902384955,-0.268440128667,0.0840644367354,-0.29040009007,0.98521647878,1.9163182971,-0.674261790589,0.101518059836,0.379889145077,2.55677731338,0.821273477904,-0.56761846264,0.337577735047,1.22627867897,0.79376235998,-0.0745330710129,-0.337903683731,-0.760508124388,0.221342026392,-0.590316624641,-0.235390217275,1.59560095428,0.974031525047,0.215377595445,0.109761086654,0.98675295483,0.0324678684117,2.55893144388,2.4796079598,0.354381402067,0.029835988808,1.37834672722,-0.22786261852,-0.0914098127933,-0.461442776064,0.158430107531,-0.0279555943921,-0.0128707195427,1.68551571888,0.374862287442,-0.0161788394463,1.94760030559,-0.647547628903,0.207606253162,1.7730077336,0.4941840507,-0.0715288836233,-0.021431282373,-0.644607279205,0.208673143286,0.210408020326,0.210331082162,0.947367663679,-0.0436549753759,0.0746225856162,-0.293358899016,0.0692065166754,-0.0692421361358,-0.724512914226,-0.725778390817,-0.638977307879,-0.673149593577,-0.392437469782,-0.577369507239,-0.398872588186,-0.698634512174,-0.158146925905,-0.688005702488,-0.743195015453,0.403348996336,0.945559838215,0.327654844994,0.327017564542,0.327653277293,-0.0738963043757,-0.47580411341,-0.116476326538,-0.44849334463,-1.66385993228,-1.05196282984,0.420161733323,-0.508303528116,-1.13147869464,-1.04876038385,-0.43555725563,0.331112989531,-0.509565160073,-1.20439863239,-1.01035532707,-0.0618310762468,-0.0618310762468,0.0618310762468,-0.282599816902,-0.95533330132,0.378300127595,0.378892983768,0.37805582635,-0.0507782713045,0.0149054968954,-0.642245452592,-1.09738498539,-0.948548482042,-0.269645767532,-0.790611052508,2.68274565374,-0.619582486741,-0.212376933819,-0.567184503574,-0.658879439481,-1.28476896836,2.50153082451,2.52597090701,0.739908203058,2.49955141915,-0.391638199947,2.44038467444,2.45421105493,-0.310110082825,0.438582794735,0.889458806435,-0.415138919305,-0.104507785307,-0.373794490849,-1.01900073965,-0.0689622607549,0.0485239642921,-0.0411463320924,-0.657761550002,0.104602262077,-0.0138799625894,-0.515254075947,0.314973404718,35106998374.0,01030313,0.06679389
827,600234.XSHG,600234,2011-05-31,2.52082259672,-1.68295905296,2.6666848003,-1.20353113865,1.10148021289,-1.82642124834,-1.99928074892,-0.353553390593,1.20311182413,-1.21473714099,0.180996928238,-0.611073412847,-1.03881980141,-2.42513090143,-1.16313220612,-1.807817927,-0.437445832116,-0.466909027498,-0.29642486828,-0.915382839901,-1.2607848869,1.08849685627,-1.75191283194,1.65970910399,0.302141769181,-1.02892639268,0.778310110102,1.55520707396,2.09640767044,-0.708071680674,-0.686811998036,-0.699126216281,-0.71238714233,-0.682570699961,-0.972458724088,-2.80522943884,-1.65970910399,-0.836115986822,-0.446035907558,0.0396065328537,2.82243278335,-0.963830716403,-1.66626311327,0.593889177965,0.690951845607,0.0201125117819,0.502570711032,-0.896312560774,0.0142197963254,-0.736472109878,-0.919821544398,-1.55916099527,-1.48098920511,-0.376559263196,-0.524862096849,2.44866223933,-0.709750374579,-0.663004000686,-0.69197963848,-0.709695852615,-0.676323778731,0.204113524616,-0.221385173612,-0.0534311557978,-0.990507996986,0.297941498831,-0.977642984728,-0.79296132556,2.42513090143,-0.0509364088072,-0.977642984728,-0.753144096826,1.45946683669,0.776128533836,0.776128533836,-2.28539926582,0.739369715336,-0.474859412576,-2.18427035755,2.61265357821,-2.71872933462,2.81702909302,-0.221785379013,-1.79471177525,-0.173327847887,-0.330731172194,-0.0886257641046,-0.593235577962,-0.6310104792,-2.04864891625e-16,-2.16538171052e-17,-0.24869489726,0.0213388072702,0.507216146395,-0.690951845607,2.26426071404,-0.868892203706,2.27706736266,-1.0177266886,-0.776262798213,-1.70595477604,-0.689382896043,0.28342305332,-0.28363710115,0.338454250447,-0.200131110234,0.0419977153864,-0.205415695437,0.091353628053,0.158287823606,1.50068152554e-15,1.15711390246e-16,0.0,0.0,-4.50466160187e-17,0.0,0.0,-4.68625762177e-17,8.91116521863e-17,0.0,0.0,-1.18519772944,-0.579904866906,0.00401460498976,1.67310435126,-2.20331304844,-0.981022943176,0.235744676705,-0.410665002745,0.15451304694,2.6405615317,-0.697463909697,-0.0222800773915,0.196055476437,-0.784660465582,-0.671609431349,-0.128648445999,-0.251625230064,-0.502800057333,-0.296417491207,-0.625980366135,-0.745015406196,-0.343548801701,-0.116873165719,-0.293283044227,-0.314800948439,0.29296968392,0.18705828411,0.471012120266,0.00749934939188,-0.353652051133,-0.759119906226,-0.34256270398,-0.476370231607,-0.757936033209,0.141596771562,-0.114929677816,-0.39262577596,-0.444692305793,-0.109237976205,0.136423203812,0.096005339456,-0.630761593687,-0.627807561036,-0.626462751513,-1.35084743633,-0.773250813954,-0.877349537856,-0.411253923634,0.272744893325,0.112611917477,-0.90391125434,-0.926327139997,-0.903352904171,-0.801635691551,-0.317140330651,0.233889964755,-0.340198567395,-0.492590486798,-0.758287977624,-0.63266560682,-0.929077421104,0.46438795199,-1.35189793042,-0.555145304202,-0.554354949003,-0.554602716329,-0.349807924565,0.0662530107988,0.320614766868,-0.107616400433,0.0473190473409,0.200000974057,0.00359123936149,0.740702359596,-0.639762331942,-0.754970771324,-0.20035633759,0.331112989531,-0.0926482109224,0.0391806292345,0.017797206474,0.181853495609,0.181853495609,-0.181853495609,-0.024512015456,-0.11618258851,-0.513757542711,-0.511956670965,-0.51172753585,-0.180376545828,-0.333883130456,0.752006830855,-0.119936959768,-0.0293221964054,-0.0840612558419,0.0444124526995,-0.351745971101,0.121793854809,-0.130037291298,0.210521654326,0.0714696000694,-0.0523807846833,-0.706035648845,-0.695148000764,-0.75760117844,-0.707349763223,0.169626736283,-0.714970976663,-0.711687349109,0.073292648023,-0.665836438421,-0.586954604073,-0.556346055952,-0.375832321311,-0.0930233452013,0.141472829418,-0.152721938673,-0.140180341288,-0.437430980261,-0.256898162261,-0.380933434729,-0.236540115592,-1.07175073784,1.0035871643,1113452340.0,01030313,0.11454545
836,600336.XSHG,600336,2011-05-31,-0.692524204335,0.92598257813,-0.29140581584,-1.83019644591,-2.70942350848,-0.409552929199,0.221755985757,-0.353553390593,-0.295092082043,-0.467326082867,-0.668159244935,-0.611073412847,-1.03881980141,-0.290732481205,1.17039497357,-0.590485984202,-0.78094356606,-0.352408176068,-0.5894975975,0.869716644819,0.572314060946,0.0397475938872,1.08958870629,-0.0837178882764,-0.612754802918,-0.65127749749,-1.17948431209,0.0258697790736,1.10529751495,-0.446572957021,-0.392257055182,-0.436228658494,-0.454972897876,-0.414148220552,-0.662760573901,0.343471241675,0.0837178882764,1.30775815411,0.0658474262011,-0.455958134316,-0.279205249041,0.279439265426,0.468187826046,-0.495074860923,0.14171354721,0.489444598094,-0.26474707099,2.55799025531,-0.288044005581,-0.308644746698,-2.34644216741,-0.779154082782,-0.547343323331,-0.376559263196,-0.381529674325,-0.442453305237,-0.44077078426,-0.382398463187,-0.425748595721,-0.456928694689,-0.413583501806,0.366398669639,0.200419471022,-0.331237063814,0.223875419446,0.37177534883,0.356478754686,-0.256594464422,0.290732481205,0.347383410864,0.356478754686,-0.26019756116,0.06305334338,0.129065258765,0.129065258765,0.56322454719,-0.53460003581,-0.16939489302,0.740451629117,-0.0995842674492,0.559765496816,-0.396993248872,0.277082183131,-0.786608814777,-0.240347003474,-0.304251062002,-0.169295351659,-0.0100222627149,-0.604285329493,-0.061368038818,-1.01342911454,-0.19988451425,-0.682673368378,-0.990319625157,-0.14171354721,0.6255220639,-0.40903556094,-0.392597821148,-0.84201854795,-0.399871525246,0.324002360974,0.20774054196,0.361562988278,-0.630808912958,0.352237455217,-0.064425768363,0.452375391448,-0.516635957618,0.486428409114,0.22497924092,-0.992565618149,1.15711390246e-16,0.0,0.0,-4.50466160187e-17,0.0840644367354,0.0,-4.68625762177e-17,8.91116521863e-17,0.0,0.0,-0.0188746853978,-0.156028896597,-0.433003823895,-0.222349852951,0.315317953498,0.122627867897,-0.404856536459,0.821330005489,0.263470954839,-0.124425352775,-0.840059920148,-0.119061359941,-0.317228116189,-0.74789796133,-0.765174301779,-0.210506011271,-0.223244628917,-0.131938654707,-0.238741184066,-0.365985926142,-0.475629577651,-0.389250895714,-0.271595086401,-0.271604314807,-0.391656435307,-0.474821041392,-0.415480822725,-0.479373351457,-0.137970659154,-0.208883673495,-0.342198608625,-0.456382844271,-0.401392177158,-0.470018773841,-0.00853784346427,-0.256491582683,-0.471979138532,-0.519878283109,-0.194618501146,-0.278781224281,-1.04234368552,-0.16165534968,-0.159534760017,-0.160168301751,-0.77263892472,-0.737316055633,-0.269690696111,-0.481969498448,-0.391344637723,-0.41573115433,-0.803173875688,-0.7839525209,-0.541236693457,-0.765971469695,-0.355520609695,-2.16675195068,-0.319311522156,-0.59302460322,-0.517132343315,-0.707966876653,-0.108341594311,0.267334229464,-0.772961484379,-0.139135788949,-0.139965361159,-0.138303370486,-0.203317994153,-0.0233364656271,0.158746429478,-0.522716030854,0.192341709042,0.239105064848,-0.490901341702,0.2241642486,0.0365696626093,-0.230602978438,0.0348445804504,0.331112989531,0.324268738228,-0.030718540672,-0.0635541562609,-0.170889909225,-0.170889909225,0.170889909225,-0.208047143165,-0.128184233234,-0.262393968037,-0.260689121803,-0.260227846341,-0.207660393096,-0.15948881678,-0.576272900688,-0.0901437022459,-0.0551224530191,-0.112081674456,-0.135457980733,-0.315481813606,-0.203310378597,-0.224727880197,-1.38234393253,-0.0914969775785,-0.032256727813,-0.443890363571,-0.432073166354,-0.719429929226,-0.44601413031,0.117817665246,-0.462460018032,-0.460284871833,0.16687914138,-0.66625241646,-0.702434425418,-0.377763114603,-0.213871331157,-0.64347909173,0.102232413155,-0.231267888331,-0.943521527902,-0.823713270759,2.35939977847,-0.175847109869,-0.0985535419002,0.597739247832,-0.123119460914,2434997040.0,01030313,0.03641457
100,600030.XSHG,600030,2011-05-31,-1.30635995224e-17,0.0,2.64923275241e-16,5.73765231654e-17,0.0,-0.0421631809449,0.0,0.501487056179,-0.75976414284,0.0,2.04908283533,2.05237685123,0.698141455673,-3.42333927957e-16,1.71765180926e-16,0.0,-0.276398496903,-0.290486198761,-0.194078359354,0.447717676039,1.01536613477,-0.269317982527,-0.937860773822,-1.04334116388,0.739139347821,-0.505137989648,3.12637184443,0.0,-0.308360891202,-0.153460272803,-0.105050479961,-0.149338199203,-0.144558185611,-0.117686381848,-0.447578968798,4.35795802401,1.04334116388,-0.453486960157,0.634109417595,0.712575221707,2.24051178764e-16,-0.18442701549,-0.418550600969,2.76234514128,1.15956465229,1.56970221242,0.0559522919372,-0.391403008415,2.13827045805e-16,-8.68990035642e-17,-0.0055984999177,0.335151508517,0.733389811283,-0.388226570408,0.0,-1.94418056107e-16,-0.16194259304,-0.104517247669,-0.163601181828,-0.151154600611,-0.0840180160225,-2.41471226785,0.154754119141,0.0,-0.617147154214,0.114940875621,0.0716412230903,0.165833877169,0.0,0.175119907472,0.16515429329,0.0,0.0799019984787,0.159091633336,0.294856737861,0.105089508789,-0.183927315708,0.0,-0.45511623476,0.129832676329,0.0362785566339,-0.306094057584,1.13924844724,0.0,0.622552063632,0.507548792942,1.12944975361,0.627386436555,0.891054443206,0.162308475714,0.455647025741,0.338640367454,-0.25917856499,-0.657134607326,-1.15956465229,-0.507897611466,-0.4383353765,-0.391609684795,0.220851379941,-2.7423001191,0.210142684585,1.06444291078,0.0662533643625,-0.378396747239,-0.126413106289,-0.360744491581,-0.249857604043,-0.31410048098,-0.139880156221,-1.32657704802,1.29407769563,2.54937853087,-1.14112765308,-0.734381582765,1.84770113024,1.2117687788,-0.850668566114,0.403269638573,0.770781810728,-0.409711926171,-0.571492578589,-0.149256590324,-0.16355363318,-1.68505714633,0.518737764387,-0.39377008638,-1.05548143639,0.136897819702,-0.629372043425,-0.190827714455,-0.563669899197,-0.158241558321,0.666215833125,0.0721118248236,-0.184446135237,-0.189267539381,0.229107581531,1.26297042947,0.93028452872,-0.541839137543,-0.134772615953,-0.186203083725,1.34667951781,1.33998507302,1.19814242592,0.0898727009973,1.48342747961,0.790699878749,1.61961535584,1.10798719292,0.231025308751,-0.201164009251,-0.180743872661,0.0210608123354,-0.293778279033,1.18105921687,0.55376446967,-0.290546849713,-0.215054524748,0.386081424637,0.86576736888,-0.0784768277242,2.05289675361,2.0509653412,2.04940073655,1.74660498459,1.8216101612,1.22752646898,1.21957476201,-1.34551351987,-1.31268735282,0.818668358554,0.82844866724,0.916698588047,0.798256241629,0.826601040033,-0.500015672571,-0.375517960138,-0.71329653542,-0.166343556803,0.511469737147,0.56687929948,-1.00510044959,1.7445039903,-0.119523908532,-0.100381187965,-0.124139024596,0.217818727873,0.434546199095,-1.45033341677,-0.454938229871,0.245556604473,0.219297684395,0.234377630308,-0.331780403953,-0.140897777241,0.202039283088,-0.476053782698,0.255013168293,-0.762656477791,-0.428629072307,-0.304696111516,1.10660235601,1.10660235601,-1.10660235601,0.408352641941,-0.0182729475225,1.81736440282,1.81620016647,1.81695878564,0.897854268061,-0.427608148455,0.11572336692,-0.0850286457602,0.121362384462,0.430488074586,0.424411455342,0.255063667256,-0.354860163067,-0.587675338808,1.60465976241,0.405306928345,0.436608064151,-0.154072303281,-0.142955011307,-0.179108207472,-0.152861164073,-1.05639984453,-0.13429904749,-0.12217517383,-0.992448418483,-0.474484213004,-0.137484676011,-0.527901642934,0.54961314931,-0.447033073704,0.373906194797,0.482479023678,-0.298498741405,-0.599714866936,-0.186033071512,0.605608642179,0.0393016865925,1.23982300159,1.46096462792,1.2780226299e+11,01030333,0.05965022
104,600036.XSHG,600036,2011-05-31,-1.30635995224e-17,0.0,2.64923275241e-16,5.73765231654e-17,0.0,0.921924144881,0.0,0.783508722507,-0.0153291764189,0.0,-0.519521066266,0.576526519087,0.0988351745182,-3.42333927957e-16,1.71765180926e-16,0.0,0.0956331298648,-0.0106460910541,0.0794676479572,-0.904909001963,-0.197339411057,-0.660856149743,1.10490002955,0.93977608252,-0.0289559744507,0.613019478727,0.023050432521,0.0,-0.135729262101,-0.0350509960606,-0.0597451778911,-0.0372858414875,-0.0288289317916,-0.0466105584389,1.08028693941,-0.529974864204,-0.93977608252,-0.0220510202693,0.69576960076,0.616365295103,2.24051178764e-16,-0.186438360085,-0.387342880722,-0.432032031614,0.487801988974,-0.667261043772,-0.76683333437,-0.135422137933,2.13827045805e-16,-8.68990035642e-17,0.418687382021,0.856734300641,1.15078579305,-0.388226570408,0.0,-1.94418056107e-16,-0.0373040908119,-0.0770517372951,-0.0416665674092,-0.034165691602,-0.0404053785835,-0.720300333932,1.22316037415,0.0,-0.207997539293,0.443613508712,-0.0715686014754,0.173350456221,0.0,0.176883040839,0.00882584543339,0.0,0.522116384267,-0.0556295806145,0.046513057522,1.12766319862,-0.124380881162,0.0,-0.386670610749,0.0237665191994,0.0231563103913,-0.338463910133,0.310771933541,0.0,0.690418633521,0.528152440933,0.288574531129,-0.452696973912,-0.497734777058,0.684286296742,0.947717085515,1.2013469237,0.152000763129,0.657688191026,-0.487801988974,-0.507897611466,0.086238546319,0.12468009032,2.4076894714,0.0858966430259,-0.711199509067,0.145828673636,0.510844327207,-0.597515556025,-0.535480236751,-0.636444442004,-0.568401162983,-0.550702761335,-0.531732984422,-0.608569036079,0.629542472604,-0.638292495615,-1.02855817895,0.532918592017,0.0924180325597,0.783411951513,0.00921460432989,0.0809009535269,0.71317183003,-0.164235515595,-0.103838569566,-0.108070575366,-0.141767374038,0.265322499768,1.00836738488,0.319309768805,0.2860650622,0.482070170144,-0.732023904826,0.0186598156247,-0.565226416106,-0.222935739616,0.230409514824,-0.0824402133197,-0.2855817817,-0.285554589464,0.258488528141,0.577649034791,0.294103835641,0.241293183772,0.0068594090032,-0.0809807537612,-0.0533636860809,-0.073989802859,0.184333993962,0.709885677464,-0.0314264164468,0.0801679820885,-0.203681975199,-0.28985588771,0.181934822815,-0.40200690341,-0.301322512762,-0.452135311626,-0.353463556725,0.249101356584,0.944524716366,-0.335691383282,-0.282051740994,0.111321540794,0.397919020633,0.343906098253,0.565798335837,0.562213867022,0.56467930018,1.23872129409,1.63686672375,0.685384228865,2.46768376504,-1.04521073509,-0.645692262165,0.575966444303,0.559366472225,0.584401165911,0.69151475473,1.66943349519,0.0641018213991,-0.0880554923932,2.48277424563,1.01111103408,0.366256151572,0.138884796444,-0.301152095557,1.2385962268,-0.370288876495,-0.364999736597,-0.376864842524,0.335659622815,-0.0113694279995,-0.58431152348,-0.575408356753,0.239253072259,0.21351207511,-0.226404046113,-0.242751553992,-0.19380081303,-0.0969531605087,-0.566194143919,0.551755764124,-0.548577466481,-0.035362651503,0.0417068257242,0.101974127703,0.101974127703,-0.101974127703,0.57964824359,0.0859094236272,1.09393219034,1.09431538899,1.09378658719,0.70883231689,0.190853354395,0.0191025736662,0.0144125429801,0.364405829231,0.169423135685,0.545227693806,0.00663584640954,-0.87451044482,-0.272485814158,1.06731398115,-0.00189746560297,-0.134208315755,-0.0360604638951,-0.0377603931713,-0.120607614515,-0.034788662964,-0.420007243612,-0.0174952479788,-0.0132120549959,-0.293418610316,0.149270012527,0.626780283683,-0.520862079749,0.0626726114795,-0.343186836289,0.266863834733,0.229417861258,-0.449884606166,-0.298564112155,-0.336580250163,0.869189605614,-0.100158444053,-0.864709559066,-0.641127202409,3.0013062959e+11,01030333,-0.04255852
108,600109.XSHG,600109,2011-05-31,-1.30635995224e-17,0.0,2.64923275241e-16,5.73765231654e-17,0.0,-0.868552165671,0.0,-0.74410863677,0.172467484576,0.0,0.709084956977,-1.11947828249,-1.04689742181,-3.42333927957e-16,1.71765180926e-16,0.0,0.119635170301,0.123190482197,-0.00158302087564,1.79551981012,0.725958221788,0.67190763027,-0.719009356025,0.00254647360119,0.0929639179734,-0.438876806337,-0.676497552266,0.0,-0.558004833883,-0.000206201638682,0.0947374900436,0.0103035212586,0.00481588774447,0.0541843317919,-0.340241998327,1.73941156735,-0.00254647360119,0.060105398071,-0.734272339569,-0.167058392965,2.24051178764e-16,-0.184611594971,-0.415429828945,2.90812591006,-0.211878083722,1.52953269101,0.300564234893,-0.321008269032,2.13827045805e-16,-8.68990035642e-17,0.585703086267,-0.999506579096,-0.636560729958,-0.388226570408,0.0,-1.94418056107e-16,-0.0106769023233,0.0893840469428,0.00217124024241,-0.00516581342663,0.0689619963108,0.224646368232,1.48094738846,0.0,-0.312632522781,-0.122674349341,-0.267864826527,0.176307419652,0.0,0.172964361115,-0.205451940852,0.0,-0.241668726211,-0.279274273586,-0.212151399142,0.711571617874,-0.0727370718057,0.0,0.122558150197,0.258660278692,0.265429859599,-0.191856835645,-0.517704580158,0.0,-0.517040755757,-0.290106722171,0.885570535006,0.289733242322,0.976133422466,0.183717722279,1.44881595373,-0.852848631636,-0.388334280326,-0.72864942021,0.211878083722,-0.507897611466,-1.07523727848,0.0158752203578,-0.950841055624,-0.217182948204,0.263533985554,-0.44193762764,-0.236395350984,-0.330762223589,-0.338521988751,-0.307383210854,-0.0799677059422,-0.392967907765,-0.433769777371,0.0466858060978,-1.62195369361,0.165203591544,0.0971365623547,-1.29021499276,-1.16558626838,-1.61034678922,-0.997031658956,-0.213189776691,-0.0933678997532,-0.191510672325,-0.247622602782,-0.148687379004,-0.135306253067,0.281851140837,-2.08567511056,-1.06362576399,-1.72625468569,-0.660351689147,2.82895617325,1.14106845858,0.407077812718,-0.177329475536,0.387985475601,-0.457645975981,0.0435687767887,0.0173641677838,0.354300417048,0.612170514038,0.833384976893,-0.467630474425,0.000335072778169,0.00365534759974,0.736966112986,0.618909597058,0.998914766209,-0.318068013248,0.390065606284,-0.0290645527134,0.536256097631,1.05457495072,-0.423695588688,0.349601607207,-0.101033017492,0.352011313579,-0.060721480429,0.587591802642,-0.482264342294,0.178501354501,0.0755817619484,0.217717349694,0.302599294818,-0.433022495893,-0.750985463539,-0.752577200792,-0.755916301789,-0.853109702946,-0.973266814509,-0.387794918923,-0.959527642451,0.840890584208,0.767618976374,-0.768053647074,-0.768673903557,-0.785891390881,-0.773039861953,-0.661498605098,1.79647949958,0.628812975054,-1.50370456911,-0.603125835631,-0.739402067624,-0.51849697001,0.749859014585,-0.854093574715,-0.427998893674,-0.435643029467,-0.425406319571,-0.242543108588,0.510461167225,0.512482774651,-0.612876087773,0.17965604042,0.236523446666,1.5817513029,-0.791092516209,-1.55507155426,-0.70824452959,-0.476053782698,0.255013168293,-0.762656477791,-0.46988349096,-0.464458452404,1.77219971819,1.77219971819,-1.77219971819,-0.142234224175,-0.294227079369,-0.572503125315,-0.573292678308,-0.57429300445,0.141766463378,-0.620877368096,-0.0564260831292,-0.229904170735,-0.44970473052,0.394444593089,-0.372975718525,0.40124034869,0.96545218999,-0.130108409692,-0.520298554397,0.470943869327,-0.107667171976,0.000884362004118,0.0185658652758,-0.128407693576,0.00343493766288,-0.6479687723,0.00981056049831,0.0289477326685,-0.731160577566,0.678659351357,-0.0806260141524,1.08147049318,0.435738266947,0.417643631897,0.251920810038,0.413101144609,-0.000610426874038,-0.829758156634,0.822818961453,-0.605608642179,-0.248413357713,0.51135897921,0.477297540507,14383481743.1,01030333,0.01182197
190,601009.XSHG,601009,2011-05-31,-1.30635995224e-17,0.0,2.64923275241e-16,5.73765231654e-17,0.0,0.135123847675,0.0,-0.356328845569,0.910963475367,0.0,-0.709348606338,0.576526519087,0.768648076985,-3.42333927957e-16,1.71765180926e-16,0.0,-0.0483791127551,-0.1323157031,-0.00158302087564,0.472278990555,0.400914259816,-0.11865614113,0.368037855017,0.823758745249,-0.150875866875,-0.00817911481496,-1.17286024298,0.0,0.029407880107,-0.421666833759,-0.390151418211,-0.412814723157,-0.429394374071,-0.394179145442,0.270763871537,-0.459475112019,-0.823758745249,-0.557903637097,0.52027523329,0.630109570332,2.24051178764e-16,-0.176732705066,-0.365497476548,-0.642658328983,0.831535092019,0.0992766123847,-0.12194730294,-0.417001095463,2.13827045805e-16,-8.68990035642e-17,0.366187472871,-0.579710940735,-0.203861908184,-0.388226570408,0.0,-1.94418056107e-16,-0.416143610866,-0.389108816144,-0.41724917445,-0.425505551444,-0.378853460329,-0.467539318137,-1.58957750482,0.0,0.90374916027,0.478908094861,0.0716412230903,0.184001818406,0.0,0.177081972424,0.16515429329,0.0,0.42565973735,0.0542407548354,0.173587616033,1.33666332747,-0.0424795496818,0.0,-0.52113974395,0.15188653399,0.035697532581,-0.296474358859,-0.517704580158,0.0,-0.480279697067,-0.872895622511,-0.425280264996,-0.444560752364,-0.425167412395,0.145996668807,-0.0872100814862,-0.609897762084,-0.139104110889,0.138713723214,-0.831535092019,-0.507897611466,0.611829523275,0.256952677333,0.30297822897,1.24032953647,-0.748847221289,0.553227795931,0.438057311166,-0.32123531886,-0.224892230289,-0.360744491581,-0.297639137884,-0.261522196457,-0.222772100648,-0.577206399524,-0.0895608845997,-0.916461901228,-0.465710808299,0.216711140999,-0.920031726069,0.103080519936,-0.356693127774,-0.460150582194,0.71317183003,-0.19524264428,-0.0952178547036,-0.130813359781,-0.122782440072,0.489989583923,0.304134143491,0.844668092438,0.956838311495,-0.816172350203,-0.408475632816,-0.914496830638,-0.322409778385,-0.365102769879,0.17370854149,-0.723311801222,-0.455857433744,-0.42129363338,0.0723823676981,-0.908751936758,-0.453816464674,-1.18558279542,-0.41994003786,-0.412841095022,-1.19543242845,-1.6016582176,-1.5789613608,-1.02679898914,-1.17271771742,-0.966406832594,-1.17951255358,-1.03698209182,-1.09915894497,-0.436076012679,-0.419050826353,-0.599543073879,-0.233777206222,-1.31908982567,-0.155773873015,-0.383600582086,-0.463737390894,-1.50310307995,-0.183799648783,-0.205191705517,-0.491923175784,-0.4894631495,-0.488663660939,-0.532729212353,-0.450615331317,-0.60377146906,-0.700183839343,0.298086710937,0.363931610779,-0.375893532712,-0.381151915297,-0.387291818048,-0.3433245033,0.0177055019988,-0.608711160198,-0.866420905676,1.13005580265,2.3945816487,-0.525195322146,-0.466758312833,0.125910784888,-0.532131291026,-0.438092621609,-0.432357139307,-0.433564753177,-0.656876910843,-0.137696134316,-0.418045517473,-0.344900127272,0.212377103093,0.209224358197,-1.7163545121,1.42316827264,1.97543400433,1.35149886928,-0.566194143919,0.70012706204,-0.334498455172,-0.309299702465,-0.336849538613,-1.14113904811,-1.14113904811,1.14113904811,0.203107334997,-0.118042635597,-0.434840265102,-0.434305287179,-0.434472223558,-0.614321341305,-0.698185055952,-1.16061957845,-0.125319472233,0.0125876958939,-0.0188039343576,0.185621713435,-0.164123019093,-0.332518735988,0.235964155297,1.2871372553,-0.193984824588,-0.405255201883,-0.419730002619,-0.408217171907,-0.159608009819,-0.421010885794,0.795787576059,-0.432316809901,-0.444111661296,0.599032067102,-0.797386528346,-1.00713864846,0.0264677976346,-1.87374104095,-1.11804770707,0.113660843929,-0.191739483928,-0.405933871235,-0.314379559595,-0.380090602929,-0.489507503523,-1.01230308233,-1.67403308793,-0.747779496368,28590826658.2,01030333,-0.04774421
195,601288.XSHG,601288,2011-05-31,-1.30635995224e-17,0.0,2.64923275241e-16,5.73765231654e-17,0.0,1.40093400134,0.0,-0.0508053737135,-0.0903478159642,0.0,-2.36968045856,0.429756872797,0.0,-3.42333927957e-16,1.71765180926e-16,0.0,-0.0483791127551,-0.180983547919,0.119992982374,-2.24700940231,-1.38844735144,-1.22935349795,1.22013158753,0.951031495837,-0.955547156874,-2.29889660472e-16,-1.95139266216e-16,0.0,0.251658181045,-1.09023998713,-1.17533316198,-1.10202156793,-1.09543180072,-1.14316016094,-0.624881660858,-0.717968947581,-0.951031495837,0.0766284766198,1.10367542785,0.0,2.24051178764e-16,-0.184233305171,-0.306202808078,-0.719398369116,0.185945000005,-1.84433857924,-1.0781576254,-0.28261113846,2.13827045805e-16,-8.68990035642e-17,0.570324325001,1.54272839575,0.0614502932615,-0.388226570408,0.0,-1.94418056107e-16,-1.07789349146,-1.167889256,-1.10158172739,-1.08440506902,-1.15279528503,1.71370456428,-0.713774707478,0.0,1.37997248256,0.410287022163,-0.14523112618,0.172169794069,0.0,0.176650499808,-0.0715844768834,0.0,0.575007264675,-0.152114697532,-0.0650803365002,0.702505402239,-0.170013160463,0.0,-0.491447957085,0.100214646519,0.00163280684598,-0.372568400633,-0.517704580158,0.0,0.509441113816,0.772452838551,0.0650185807414,-0.48727591549,-0.587818402156,0.79133252957,1.09556382366,0.140776636894,0.219101193361,0.240081049733,-0.185945000005,-0.507897611466,0.302023532451,0.00947493388945,-0.956500823812,0.405905004217,-0.72420508238,-0.156531035317,0.607994564833,-0.0735357958835,-0.0279339822885,-0.165086462249,0.466865403571,0.0714736055239,0.00329683869881,2.28183669669,0.577964373178,0.2610592651,-0.634565019495,1.11839645054,0.331802862753,0.455844965939,0.45606556202,-0.0397516537418,0.886001772126,-0.15768471376,-0.153190184927,-0.0275245283374,-0.155568624173,0.254915577614,1.61675823247,0.398018257454,-0.0493215624482,1.35979414698,-0.394832030984,-0.918477591304,-0.495183155225,-0.39580639155,0.331943815911,0.104533128141,-0.743818201673,-0.624448728061,0.245916556466,0.355195588575,0.256287121235,0.788482238097,-1.13477253891,-1.06866321201,0.0951599384751,-0.0369024662503,0.891647761561,1.16209421967,0.239636276278,0.366445694746,0.194533350002,0.0526460829895,0.451389240588,-0.994699504339,-0.553350348552,-0.927625719825,-0.571362189566,-0.0863330217131,0.450932825803,-0.801344998537,-0.572215503244,0.529618531426,0.196429220777,0.387424339112,0.87508739878,0.875923272556,0.888580061992,0.233045410963,0.720844431173,0.0542175138047,0.115130360498,-2.6515084486,-1.69229367632,3.58827708031,3.52984908287,3.34576085589,3.75176974465,4.08592723728,0.216402316581,0.640254267302,0.819902479066,0.963580824889,3.18308477247,2.79880504249,-4.11449135537,0.233544049962,2.64481892697,2.63473500765,2.62500386537,0.140073075194,0.308579676342,-0.277039879725,-0.207500650851,0.251516307656,0.218224194862,-0.555128234458,-0.196804571491,-0.0941809449872,-0.847956907745,-0.476053782698,0.551755764124,-0.334498455172,0.208886640241,0.398660106231,0.198365256309,0.198365256309,-0.198365256309,0.512092627486,0.165014839738,-0.00291400501525,-0.00733185633998,0.000116801367522,0.444201585251,0.461430261892,0.886110292441,0.0847071764,0.721322776095,0.186443668614,0.940367861961,-0.199075392286,-0.767610958288,-0.293504789701,0.38119891334,0.141482365131,0.462058475994,-1.09171406503,-1.11029228738,-0.434738071243,-1.0939053222,-0.306026479268,-1.10122039836,-1.12283592202,-0.232338335815,0.514019143715,-0.403560076896,1.22229759465,-0.0478231942556,0.263202912384,0.428500017691,0.241643038187,-0.654988035843,3.04741647872,-0.428005088328,0.558540612994,0.413708163462,-0.21710504317,0.325634300769,9.2241529228e+11,01030333,0.00444774
236,600369.XSHG,600369,2011-05-31,-1.53301824467,-0.465699140699,-1.98936237204,0.410305439464,-3.62672913838,-0.666961529051,-1.17310424548,-0.74410863677,-1.8831057545,0.0,0.0,-1.11947828249,-1.18791066443,-2.24710952488,5.18489120267,-3.81412857811,0.0,0.0,-4.3937655615e-17,-1.94775263507e-15,-1.19890794218e-15,4.05498776365e-16,-0.947815464945,-1.13035416683,-8.45989198307e-16,-0.546551229218,-1.95139266216e-16,-0.856503043336,1.39392135563,0.0,0.0,0.0,3.44666697193e-16,-1.7342860581e-16,-0.494363276608,0.952589396029,1.13035416683,-0.842238280459,-0.731900794062,-0.643526600913,-1.19613465192,5.74040884691,-0.301521650041,-0.216032763398,1.12466789055,0.0,-3.857582545e-16,0.0693625584533,-1.62514237043,5.4938166199,0.375556143528,-0.602011247532,-1.3678223685,-0.388226570408,0.0,-1.47209696665,-1.6660580622e-16,0.0,-1.69138986634e-16,3.41266193697e-16,0.0,0.0,-7.4259584202e-16,0.0,3.57462418751,-0.0530036235237,0.10168236445,0.154048108703,-2.49497358568,0.173444885355,0.197947329765,-1.33986857547,-0.0889699860776,0.147937284559,0.281955767453,-0.418842321089,-1.30805268669,0.0,-0.322234004374,0.128299468257,0.264274551911,-0.00071104628547,5.52097059346e-16,-3.60975360461,6.27891904111e-15,0.0,-5.64084007756e-15,0.428049008635,0.921082318239,-0.347435490134,0.330372308689,-1.70951649343e-15,-1.31278975458e-17,1.13815068615e-17,-1.12466789055,-0.507897611466,-0.268600341585,0.0116083627122,1.33693722481e-16,1.45439656307,-0.15948939905,1.02197273201,-0.125928569883,1.65265452883e-16,-1.31410806382e-16,3.08556887951e-16,1.84194996605e-16,0.0,0.0,-3.51262146177e-17,-1.51431244263,0.306167817362,1.61682446312,-1.44831871827,-0.255553730918,-0.552053451212,-1.31082525952,-0.279171671291,-0.871102639187,-0.257534814455,-0.329400760287,-0.151579677902,-0.154562283018,-1.82463233758,0.474983628088,-0.126447004658,-0.384708187096,2.18981880528e-16,0.0,-9.2073586408e-17,0.0,1.85554281075e-16,-1.37247222633e-16,-1.74732414714e-16,0.0,0.0,0.0,1.8294291696e-16,5.13263900355e-17,-7.710637943e-17,0.0,0.0,0.0,2.31595883605e-16,8.62201958608e-17,-1.59954148757e-16,0.0,0.0,-1.73392616059e-16,5.11643667721e-17,-4.3864295997e-16,-2.44027803477e-16,0.0,1.59197949087e-16,8.76507533387e-17,0.0,-1.7838446669e-16,0.0,2.24831794646e-16,-2.27269026965e-16,-1.29530176623e-16,0.0,0.0,0.0,-1.5699099019e-16,-2.51616475448e-16,-1.45336297742e-16,-3.18981840997e-16,1.5055135242e-16,0.0,-2.01509615177e-16,0.0,0.0,0.0,1.31872796467e-16,-6.91860002503e-17,-4.693005356e-16,-1.19084869554e-15,-3.84267116029e-17,-8.76063420812e-17,-2.53329138366e-16,0.0,-1.4638315617e-16,2.1112114863e-16,1.02698199777e-16,0.0,-1.03016789945e-16,-2.895262513e-16,4.95980259845e-17,1.06305207116e-16,0.0,-3.18105754552e-17,2.77165766527e-17,2.91513883603e-16,0.0,0.0,0.0,0.0,0.0,0.0,2.6753274215e-17,0.0,0.0,-1.38382306484e-15,0.0,0.0,2.98723314076e-17,-2.62902956344e-16,0.0,0.0,-3.27900816171e-16,0.0,-1.90915469327e-15,0.0,-1.17933753657e-16,3.4736374172e-17,0.0,-2.98270019099e-17,4.18632350153e-16,6.33549790078e-16,0.0,0.0,5.04564878825e-17,-1.69316806415e-16,-1.69844736769e-16,9.84071291749e-17,3.40429954375e-16,-1.05453390783e-14,1.75107796547e-16,3.57644828869e-16,1.50694949112e-14,1.50146192633e-15,0.0,9.09438269803e-17,0.0,0.0,-1.64258317558e-16,4.24146028316e-17,0.0,0.0,0.0,3.48373398165e-15,0.0,0.0,0.234159169411,27568722650.9,01030333,0.0
276,600816.XSHG,600816,2011-05-31,1.69899362765,-0.236178867501,-1.81182784753,1.46219812323,1.08892381202,-1.81234780242,-1.16427644568,-0.74410863677,1.53511855638,4.60189010154,0.0,-1.11947828249,-1.18791066443,1.88412344816,-1.27674623849,1.49340666181,0.49166679707,2.36191134385,0.059204980749,-1.94775263507e-15,-1.19890794218e-15,4.05498776365e-16,-0.956935328095,-1.31650138708,1.78765042267,-0.797929593404,-1.95139266216e-16,-0.189025106955,1.73453286335,0.56648722806,0.391935865274,0.516865213614,0.57365393523,0.406419710497,-0.824944286447,0.971660002742,1.31650138708,-0.952621624654,-1.31767253413,-1.65144011773,-1.25102625412,-0.186354219831,-0.289038561941,-0.274853167067,-1.51585374705,0.0,-3.857582545e-16,0.043764471405,-0.132371026196,-0.731737870526,0.425360350271,-1.27761889838,-0.923599185736,-0.388226570408,0.791491865246,-1.46088952877,0.556316202892,0.417647980564,0.594391075713,0.575071894815,0.31179513715,0.222828269704,2.32091333865,-1.20670408311,0.0606326587012,0.475234308942,2.31999431652,0.178578127947,-0.604356119464,0.176991136084,-0.147277992584,5.3652409933,1.20241258435,2.90436277308,-0.105718393283,0.416203855857,0.111098899757,3.54917054101,4.50149118409,0.325800274493,1.15332628206,4.95616019527,0.310771933541,2.84920054056,-2.08928295819,0.0984192113895,0.161554104773,2.40515084474,0.120338984033,1.73537835432,-0.718098070967,-0.441675096219,1.62316508312,0.513674416456,1.51585374705,0.593495374386,0.336433864096,5.08916896095,-0.489148476183,0.00179888257646,-0.273117039574,-0.0492195547981,1.16774336387,1.01253134332,0.494762906636,2.30731954477,0.286357386839,0.623545593018,0.560933555754,0.00427405566567,2.55811488589,3.42429649244,1.30725840926,1.82492247391,4.45872329875,0.909399253657,-0.0778270834585,5.43486040108,0.540341887933,5.70968983151,5.70755140658,-0.153844374783,-0.138156868422,0.837703218256,-0.941816975884,-1.64453251418,1.62761156079,1.50338584476,2.0603666034,1.70019946721,-0.23576367048,-0.171758394262,-1.48710252629,2.62552553851,1.40540622716,0.924911183011,0.211566827104,-0.321927984657,-0.253868677626,2.81559066559,0.59937911084,0.587150032964,-0.353819823538,-0.368807809063,-0.896139694034,1.20008132653,0.267886610117,-0.0519723456593,0.291559046945,0.447500346304,1.33390678428,0.771591485645,1.95641128739,1.92589030043,0.698449988195,0.372324674448,-1.91162419205,1.05549516168,1.30323402719,1.46722200178,-2.98225612785,-2.08031590721,-0.991266454255,-0.993396472054,-0.997652168153,0.251406465965,-0.521867765225,1.60376323539,-0.236524157234,1.09457728515,0.763440081691,-0.630164682408,-0.617958228616,-0.65281089253,-0.691877237422,-1.50862983169,-0.248669328665,1.55412748565,-1.60283681815,-0.980149510588,-0.60842938887,0.0860594667112,1.06765102063,0.245554751556,-0.63458397919,-0.640140005718,-0.631926159263,0.213841801405,0.169121626647,0.166162587211,-1.13021159697,-0.724958137089,0.0930815284475,1.4651691735,-0.519971148356,0.501664235612,2.77507652772,2.58871849881,-2.71241279002,2.23444968055,2.00133329741,2.04124807332,1.25783671296,1.25783671296,-1.25783671296,-1.55849560098,-0.669520393624,-0.975643150635,-0.976601746083,-0.976933864721,-0.500908170602,2.81931474151,1.01630385576,-0.319058339951,-1.69721444003,-0.117422904566,-1.65504921376,0.362540199893,2.33058879864,0.021732289192,0.0,0.389559737173,1.25020319417,0.559965570239,0.484015239101,-0.00537917384106,0.563086327639,-0.268032891153,0.559268487828,0.591631909244,-0.0728509523985,1.35008555966,3.03413184106,-1.60921950558,1.47317717469,1.98894243201,0.0101693016137,0.388039531906,0.380295942526,2.92413320446,-0.423847343447,-1.1704249924,4.89402191016,0.753937498663,-0.175331145983,9123065440.02,01030333,-0.0199104
289,601328.XSHG,601328,2011-05-31,-1.30635995224e-17,0.0,2.64923275241e-16,5.73765231654e-17,0.0,1.07722851033,0.0,0.736505111452,0.0723176007833,0.0,0.733472522889,0.576526519087,2.07302057126,-3.42333927957e-16,1.71765180926e-16,0.0,0.263647412921,0.18402528822,0.221306318415,-0.848330259595,0.643887321091,-0.922185961911,1.02506011803,0.930252271251,-1.34569081263,-2.29889660472e-16,-0.142169443283,0.0,-0.124358316472,-0.813649285451,-0.870654004116,-0.823864030626,-0.814447109765,-0.853487127901,0.112146803918,-0.631177583667,-0.930252271251,-0.201510012286,1.50446661842,1.2394391055,2.24051178764e-16,-0.172926681297,-0.349893616424,-0.650562046967,0.54654487122,-0.97608727255,-1.0781576254,-0.417001095463,2.13827045805e-16,-8.68990035642e-17,0.438691556158,0.90359549328,0.923447305697,-0.388226570408,0.0,-1.94418056107e-16,-0.806660076911,-0.870506492508,-0.825176923236,-0.807220410315,-0.862252001655,-0.761333314607,0.508795832302,0.0,0.275268522267,0.23984959686,-0.045436923717,0.174467421764,0.0,0.175494153195,0.0373512949704,0.0,0.162808089257,-0.0368530935071,0.0682296910408,0.431473271664,-0.0686012621251,0.0,-0.539180323311,0.363996888635,-0.0136342404827,-0.372866305846,1.13924844724,0.0,0.752629655919,0.68120811173,0.410514140432,-0.477105638555,-0.537771943768,0.5028174449,0.319086298144,0.539391214705,-0.559869214755,-0.157843115536,-0.54654487122,-0.507897611466,0.25009726844,0.212150672055,2.80038104718,0.0498547456904,-0.73857966341,0.201406932276,0.166430089142,-0.692784603324,-0.71728785029,-0.707592816307,-0.701127645875,-0.638333235541,-0.705052504587,-0.662621853653,-0.0955409540983,-0.227616717734,-1.53512081254,1.50377428147,-0.008765246182,0.355055124224,0.49487395785,-0.122229021992,0.886001772126,-0.182260146098,-0.156828284778,-0.112260597697,-0.137918632557,0.29593109434,0.37705770399,0.418796822158,0.956838311495,-0.386186222224,-0.791795874755,-0.885138720722,-0.502965739767,-0.385813264515,0.360294302578,0.380271591305,-0.685895058699,-0.578496980455,0.298055845281,0.732460155325,0.267567412574,0.523647250135,-0.832083520367,-0.815151128227,0.633412470562,0.529110883059,0.877056128954,0.772483531057,0.439133921735,0.254713283148,0.596750741173,0.416093579211,0.375160704328,-0.950327237025,-0.520109644213,-0.760716541555,-0.553993457963,1.58995346696,0.672020860118,-0.731633439723,-0.538801274486,0.0967234626368,0.569541195264,-0.0528778625135,0.252763611271,0.244534342075,0.248171617023,-0.0924312904841,-0.121133931612,-0.356408185528,-0.0741927345924,-0.735617190422,-0.907199849571,0.519105065786,0.537139433384,0.60241243504,0.461674049978,-0.0686635544571,-0.791684429552,0.0992956681765,-0.605015980149,-0.619363782586,0.422677938957,0.279348719414,-0.33635610577,-0.0925107469875,-1.5918270209,-1.57495803374,-1.60026991722,0.370832603628,0.293921042972,-0.796472285276,-0.1023422157,0.250943259273,0.218186747552,0.0123726969573,-0.746867231279,-0.430530663578,-0.722278265826,-0.295773060256,0.255013168293,-0.334498455172,0.14218557083,0.322546915525,0.597225098814,0.597225098814,-0.597225098814,0.512264524728,0.141229401696,-0.0879379234302,-0.0890845088954,-0.0882445265916,0.935658658295,0.345468730108,0.0814923072411,0.060704130842,0.675433454355,0.222987754021,0.9076764092,-0.173418577221,-1.16179103142,-0.764006472996,0.403403284467,0.197472378188,0.314718770289,-0.815314152379,-0.83013345208,-0.412046932156,-0.815885881591,-0.495994419841,-0.815534609376,-0.82944889917,-0.476659433816,0.300002369994,0.725358782104,-0.417792635358,0.0590855916744,-0.0219756495246,0.426502682707,0.285959304553,-0.723355845735,-0.468438839677,-0.383157760193,0.834673050878,0.203889768706,0.51135897921,-0.551372677357,3.24055534452e+11,01030333,-0.03819444
291,601398.XSHG,601398,2011-05-31,-1.30635995224e-17,0.0,2.64923275241e-16,5.73765231654e-17,0.0,1.49121875521,0.0,0.0784545566868,0.546310371644,0.0,0.0,-0.793323512954,1.87912736265,-3.42333927957e-16,1.71765180926e-16,0.0,0.0,0.0,-4.3937655615e-17,-1.94775263507e-15,-1.19890794218e-15,4.05498776365e-16,0.90469310313,0.916399454861,-8.45989198307e-16,-0.463724750079,-1.95139266216e-16,0.0,-0.07008789415,0.0,0.0,0.0,3.44666697193e-16,-1.7342860581e-16,-0.348390616504,-0.557496769138,-0.916399454861,-0.180397189696,1.0847030638,0.822529423541,2.24051178764e-16,-0.18418270155,-0.370178634585,-0.571573535337,1.02463050693,0.0,-3.857582545e-16,-5.55070031783e-17,2.13827045805e-16,-8.68990035642e-17,0.391273708921,1.87594996636,2.14723368374,-0.388226570408,0.0,-1.94418056107e-16,-1.6660580622e-16,0.0,-1.69138986634e-16,3.41266193697e-16,0.0,0.0,-7.4259584202e-16,0.0,-0.219400069545,0.278030729087,0.0728757905434,0.179508932566,0.0,0.175756670218,0.166501952323,0.0,0.216281789285,0.115961484733,0.244972985619,0.369918439192,-0.0332854448902,0.0,-0.444049675661,0.155872508984,0.00297684624437,-0.336065584618,5.52097059346e-16,0.0,6.27891904111e-15,0.0,-5.64084007756e-15,-0.428288309268,-0.525260329171,0.805605360614,0.264913447526,-1.70951649343e-15,-1.31278975458e-17,1.13815068615e-17,-1.02463050693,-0.507897611466,0.302193041474,0.0692109409276,1.33693722481e-16,-0.0724692695088,-0.727627601673,0.842479425015,0.206077070853,1.65265452883e-16,-1.31410806382e-16,3.08556887951e-16,1.84194996605e-16,0.0,0.0,-3.51262146177e-17,0.343994154047,-0.436243771943,-0.57828028243,0.960292725033,0.132521161329,0.304660203366,-0.103329743575,-0.170301545201,-1.36078747513,-0.186587645492,-0.17723327959,-0.109447067457,-0.117758949323,0.414080269386,0.833350839681,0.513163656129,0.956838311495,2.18981880528e-16,0.0,-9.2073586408e-17,0.0,1.85554281075e-16,-1.37247222633e-16,-1.74732414714e-16,0.0,0.0,0.0,1.8294291696e-16,5.13263900355e-17,-7.710637943e-17,0.0,0.0,0.0,2.31595883605e-16,8.62201958608e-17,-1.59954148757e-16,0.0,0.0,-1.73392616059e-16,5.11643667721e-17,-4.3864295997e-16,-2.44027803477e-16,0.0,1.59197949087e-16,8.76507533387e-17,0.0,-1.7838446669e-16,0.0,2.24831794646e-16,-2.27269026965e-16,-1.29530176623e-16,0.0,0.0,0.0,-1.5699099019e-16,-2.51616475448e-16,-1.45336297742e-16,-3.18981840997e-16,1.5055135242e-16,0.0,-2.01509615177e-16,0.0,0.0,0.0,1.31872796467e-16,-6.91860002503e-17,-4.693005356e-16,-1.19084869554e-15,-3.84267116029e-17,-8.76063420812e-17,-2.53329138366e-16,0.0,-1.4638315617e-16,2.1112114863e-16,1.02698199777e-16,0.0,-1.03016789945e-16,-2.895262513e-16,4.95980259845e-17,1.06305207116e-16,0.0,-3.18105754552e-17,2.77165766527e-17,2.91513883603e-16,0.0,0.0,0.0,0.0,0.0,0.0,2.6753274215e-17,0.0,0.0,-1.38382306484e-15,0.0,0.0,2.98723314076e-17,-2.62902956344e-16,0.0,0.0,-3.27900816171e-16,0.0,-1.90915469327e-15,0.0,-1.17933753657e-16,3.4736374172e-17,0.0,-2.98270019099e-17,4.18632350153e-16,6.33549790078e-16,0.0,0.0,5.04564878825e-17,-1.69316806415e-16,-1.69844736769e-16,9.84071291749e-17,3.40429954375e-16,-1.05453390783e-14,1.75107796547e-16,3.57644828869e-16,1.50694949112e-14,1.50146192633e-15,0.0,9.09438269803e-17,0.0,0.0,-1.64258317558e-16,4.24146028316e-17,0.0,0.0,0.0,3.48373398165e-15,0.0,0.0,0.631101768967,1.59152740821e+12,01030333,0.0193003
296,601939.XSHG,601939,2011-05-31,-1.30635995224e-17,0.0,2.64923275241e-16,5.73765231654e-17,0.0,1.41141140943,0.0,0.266469000905,-0.0916606421562,0.0,-0.810853610404,2.31330066685,2.09064722659,-3.42333927957e-16,1.71765180926e-16,0.0,0.13163619052,0.0258547925598,0.130124315978,-0.868067030188,0.804789481669,-1.24925912305,0.735311567139,0.892157026177,-1.3091148449,-0.298071791801,-1.32612804266,0.0,-0.126167330549,-0.883119244185,-0.955255947505,-0.893522579021,-0.885054663567,-0.927013505112,-0.153807234172,-0.542340406424,-0.892157026177,-0.170988214411,1.19853724811,1.35397473241,2.24051178764e-16,-0.184095830578,-0.365497476548,-0.553498160588,0.930409250255,-1.48576110835,-1.27829466964,-0.327407790794,2.13827045805e-16,-8.68990035642e-17,0.450314010793,1.73328909959,0.127006904158,-0.388226570408,0.0,-1.94418056107e-16,-0.875211722091,-0.948275355581,-0.893228359223,-0.876939229725,-0.934352518983,-0.37332223463,0.02175332679,0.0,-0.0413193764925,0.223842386785,0.0512708601133,0.172617945213,0.0,0.17535426523,0.142917919241,0.0,0.139641009409,0.0858447430359,0.21014036552,0.304546252769,-0.109728737573,0.0,-0.472384243014,0.0907497477535,-0.00230629357738,-0.345508048595,-0.517704580158,0.0,0.882707248207,0.666491220307,0.501968847409,-0.418118032334,-0.495232454138,0.801527408887,0.351815728725,0.335644983887,0.30385963155,0.721001763901,-0.930409250255,-0.507897611466,0.317109835487,0.0862783715099,-0.403649850361,-0.23028909269,-0.713253020643,0.705281522398,0.133138730454,-0.473665794537,-0.459727064443,-0.520828333762,-0.488765273248,-0.419257050027,-0.516661721798,-0.236969353279,-0.092550919349,-0.736027692182,-0.0717176488413,1.05169644134,-0.179666271862,0.808609411942,0.0302820192086,-0.192923909063,0.425121926536,-0.18785810403,-0.167900762583,-0.130486528634,-0.14219455559,0.230428701957,0.487484809887,0.507269450096,1.62761156079,1.31363967269,-0.0342511254317,-0.545944738922,-0.384670454723,-0.382414904938,0.343152147849,-0.135636332355,-0.69416979341,-0.577590038068,0.315794180171,0.666877583774,0.394331998027,0.573825779946,-0.909910286358,-0.87487703163,0.84916228998,0.528654563938,0.911799382577,0.934845799283,0.610995049507,0.128362632887,0.938902978809,0.524438860847,0.363159710282,-0.94953045947,-0.542263561297,-0.830118639736,-0.53788790684,0.412643823884,0.790277250565,-0.731703431248,-0.532185932227,0.261262099044,0.568491161565,0.237670392629,1.11063018078,1.11107400893,1.12496232479,-0.482817951077,-0.352495708304,-0.466065346835,-0.135763580789,0.145551387728,0.58602769299,0.402860808275,0.367523664842,0.238910833091,0.542193058331,1.1301952957,1.13041003702,0.230870529035,1.50319810252,-0.0468090877651,0.911040753017,0.301818856352,0.0728081065618,-0.482634605518,0.690614887958,0.714526805353,0.691319224266,0.0910134494994,0.320909681096,-0.862516688051,0.501604721299,0.250484820567,0.218168023898,1.31545369398,-0.440286779104,-0.308814479666,-0.505692830475,-0.205632699035,0.255013168293,-0.120419443862,0.158186116383,0.336865238529,0.275644350794,0.275644350794,-0.275644350794,0.53744747068,0.106573695591,0.728057018939,0.727641320061,0.728411865801,0.822245487593,0.30681488618,-0.165890241003,0.0307003238945,0.651638991231,0.220234432518,0.910519144223,-0.114972083845,-1.03108896963,-0.755208937984,1.28491681819,0.169099060761,0.220461352142,-0.884676251984,-0.900256823231,-0.417896991452,-0.885807569676,-0.595727588642,-0.887574626831,-0.902473517059,-0.558099799816,0.667787349966,0.892125054677,-0.0794686688533,0.180773938917,0.155423910604,0.410893879684,0.343264821405,-0.0738616517586,0.0814662441894,-0.407718589383,0.712296174998,0.386067416847,-0.21710504317,0.698936559446,1.26005532653e+12,01030333,0.02259859
298,601988.XSHG,601988,2011-05-31,-1.30635995224e-17,0.0,2.64923275241e-16,5.73765231654e-17,0.0,1.40948834085,0.0,0.630746986579,0.612264258911,0.0,-1.3770406136,2.44376257467,1.96726063929,-3.42333927957e-16,1.71765180926e-16,0.0,0.335653534231,0.232693133039,0.282094320039,-2.13560629719,0.218414493791,-1.63312723289,0.905957993997,0.904711141031,-1.55295462975,-0.587964468787,-1.52720414683,0.0,-0.232123869368,-1.04309590654,-1.11833100031,-1.05529018648,-1.04695337995,-1.0921183471,-0.541147584417,-0.680178557634,-0.904711141031,-0.30959848446,1.41671943469,1.07908922782,2.24051178764e-16,-0.180707948027,-0.304642422065,-0.742953784784,0.769884146295,-1.8513406059,-1.6340938594,-0.359405399605,2.13827045805e-16,-8.68990035642e-17,-0.530568130182,1.54926574596,1.76630002446,-0.388226570408,0.0,-1.94418056107e-16,-1.03214237295,-1.10982304023,-1.05540158683,-1.03584780364,-1.10073458482,-0.464665257106,-0.325547422119,0.0,-0.0976612906784,0.205211043911,-0.00243282409886,0.180726371928,0.0,0.175285229612,0.084294751295,0.0,0.136726911315,0.0345347386633,0.150795901647,-0.0237461870822,0.427419153911,0.0,-0.538595674906,0.151687372488,-0.00542575914194,-0.363348422827,-1.3471756635,0.0,0.826151773299,1.05796053215,0.377488829579,-0.46693536162,-0.555288204204,0.38251786896,-0.177498165848,0.773259696332,-0.607798093493,0.239096900932,-0.769884146295,-0.507897611466,0.759132864162,-0.016126211984,-0.759372302022,-0.0151298873841,-0.739948671128,0.462694657643,0.117854970329,-0.807107460082,-0.853643560444,-0.832102471337,-0.812617891504,-0.743489804587,-0.86330076213,-0.289420495006,-0.180756944453,0.578698653942,1.72939393725,0.960292725033,-0.108097611288,1.16137385794,0.263686799839,-0.525661177547,-1.87927730142,-0.222716310157,-0.186328529216,-0.302253147408,-0.211997664161,0.431833254237,1.05212152118,0.959992103417,1.62761156079,0.350707435633,0.417287125666,-1.22864519324,-0.310995321056,-0.386161457094,0.374799202733,1.49550147143,-0.774158895612,-0.6472734448,0.27717817637,0.611964538624,0.0971610442366,0.585563041591,-1.08061103138,-1.02923929221,0.517860270337,0.227964708465,0.542182711013,0.938615357518,0.667429158807,0.517441970521,0.858627392123,0.0237739779514,0.899253497843,-1.07838862275,-0.572594966853,-0.958024985971,-0.59220466749,0.242532238966,0.738861428631,-0.847399421931,-0.600094445621,0.87241108889,0.515872806189,-0.0618375003372,1.23908018286,1.2472848711,1.25873105513,-0.861633782892,-0.809828028656,-0.793968384423,-0.530184400171,-0.176020194604,-0.12359830573,-0.0673736170705,-0.0675169793254,-0.0416009590561,-0.0517305463923,0.24032837549,-0.57570688532,-0.119519046077,0.681542189083,0.798141174302,0.231418487078,0.16098275053,0.360439373524,-0.8614271428,3.91418736255,3.93117221018,3.93121163374,0.459319217548,0.307423738396,-0.490696754306,0.807267303811,0.251344393142,0.218168023898,0.544459180844,-0.56641755458,-0.422852887012,-1.16060809705,0.0647883846275,0.403384466208,0.735896601378,0.194621093604,0.396399318388,0.193379508277,0.193379508277,-0.193379508277,0.537533419301,0.17104191906,1.08686698272,1.08951260031,1.08876336081,1.12468060947,0.616045637605,-0.145926601018,0.0924224410437,0.760413679799,0.189947895982,0.992958459881,-0.22861431183,-1.41089322998,-0.926784647842,-0.653524781156,0.130369482472,0.36171113787,-1.04481815599,-1.06316410407,-0.453706445323,-1.04667440531,-0.415258045098,-1.05052228536,-1.07179721059,-0.378252324899,0.972051948639,2.05890184939,-1.01070816409,1.46424081666,-0.119975885857,0.442333411839,0.271136277527,-0.747772920697,-0.538640857756,-0.344916512614,0.837810919491,0.549399101387,-0.0553860302016,-0.0882021600287,9.32351795107e+11,01030333,-0.01567398
366,600733.XSHG,600733,2011-05-31,3.91363200955,-0.293123273762,-1.02151286744,-5.34374212468,1.05804467166,-1.69132710773,-1.15875907081,-0.74410863677,0.749923462476,1.63151150263,-0.201823586007,-1.11947828249,-1.18791066443,3.81437560604,-1.21254062529,0.937877264268,0.0836321096465,0.50036627954,-0.0927650233126,-0.451840468119,-2.20699659787,1.01322518369,-0.718844920212,-0.146804203109,0.17830784267,-1.10397343382,0.384424969386,-0.918699851044,3.91000150671,0.475140200534,0.520491162063,0.468303472062,0.485603075336,0.480727140712,-1.24024282664,0.504102965803,0.146804203109,0.136754123562,-1.63308808647,-1.87134852139,-1.75473742727,-0.184732770589,-0.343652072375,1.25252086612,-0.45557380314,-0.76381530623,0.900975367603,-0.436199660749,4.99605699855,-0.765815396247,0.431532477637,-1.80366175187,-2.07043054119,-0.388226570408,0.790801306012,-1.46369138824,0.465573670793,0.548604976419,0.474008494883,0.468188276247,0.464960072517,0.205998584069,1.33498722298,-1.20350857412,-1.01623571303,-2.79640325838,-0.933502445018,-5.74401640279,-2.39703490446,-5.74438645216,-0.932064769609,-0.830847158367,-1.71605665695,-0.935893604904,-0.97158852378,-0.771947561626,0.0696485544081,1.72347656202,2.36758714594,0.193747353777,-5.48354296334,0.250404193806,-0.517704580158,0.0671406040698,0.735663013447,3.19190978845,0.781413785394,-0.973415152969,-0.993194715098,-1.99798645155,-2.32409737156,-0.297247083749,0.303355117037,0.136417376011,0.45557380314,3.68109299038,-1.06478422207,0.261219534979,-0.633051092884,1.19063540529,0.672182789128,-1.43727782561,-1.7718836083,0.0503139656045,-0.012783347827,0.350739251445,-0.117131121152,-0.0950242954666,-0.0117744239243,-0.00809368513944,0.0,4.89067903597e-17,-1.2497722205e-17,3.4283280535e-16,8.56219556144e-17,-0.300078846925,0.0,0.0,0.0,0.0,8.78065699941e-17,-0.153432308894,-0.1361688312,1.8128930413,-0.0584001287018,-1.37768573193,-1.72625468569,0.699035647564,2.73929821836,0.262979001537,5.01436786179,-0.275916722532,-0.111774266111,1.2676080384,0.428251999335,0.416267660986,-5.6306752442,1.06947712634,1.06495456425,0.724378732193,0.451730315524,0.489636771871,0.601892102447,0.949102113454,0.842153914509,0.531661774527,0.92632645908,0.461255148553,0.807815796002,0.786569002039,2.48131046613,0.610917170318,0.679917131502,0.76440890525,0.396234058298,-0.200473820436,0.656596113538,0.395230111398,0.952452128733,2.13482499677,-0.251701828005,-0.44838187502,-0.969064587538,-0.970955020116,-0.974047423813,-1.15791826601,-1.21065237239,-1.07772169311,-1.18941982086,0.856094457429,0.863500585136,-0.922051256595,-0.926895181432,-0.93873668355,-0.903039432356,-0.44822195628,0.0539964500635,-0.391249736979,-1.07274557958,-0.0407133846715,-1.01794623686,-0.90878959629,0.831210603729,-1.1576672539,-0.59353142476,-0.602780908458,-0.591419245763,0.476009269611,0.312544487653,0.646785827122,0.766115797584,-5.42538749919,-0.458348824437,2.06412955622,0.0273183954972,-0.768859584845,-0.239824549736,1.86759560904,-1.97055630044,1.59221264662,0.203874421153,0.223072250443,-0.0318101111373,-0.0318101111373,0.0318101111373,0.400961060535,-0.0306499854173,-0.971741468815,-0.973125879037,-0.974519342218,-0.0850598780268,0.732007169389,2.34447703199,-0.0755988778624,-1.57824212441,0.282309317319,-0.691362041067,1.57281649505,0.892724717451,-0.0600610092988,-1.79704989417,0.645865371268,1.71412784434,0.47346549412,0.466450931383,0.0889308729871,0.469621047991,-1.24636778511,0.489653462751,0.525492987335,-0.751520669066,-0.888599344674,0.0388406709672,-1.33746676824,1.10101087346,1.65933426187,-0.111890058515,0.83945418999,1.58161603063,0.86751834173,-0.361784365356,-0.439301605725,1.01552260111,0.51135897921,-0.808924159844,3856878720.0,01030333,-0.05071721
374,600747.XSHG,600747,2011-05-31,-3.00258387893,-0.401877683579,1.62241526642,0.483057402075,1.47127522036,-1.37302610254,-0.618056333264,-0.74410863677,0.126456052322,-1.9761703591,-0.159639688213,-1.11947828249,-1.18791066443,1.42530312693,-1.10354579517,-0.630143853611,0.251646392703,0.755872464838,0.0490736471449,-0.0996487617516,-1.52883178684,0.75810446559,-0.789919138025,-0.369747966893,2.55574574494,-1.15946717485,-0.339027167645,-1.28631838116,-2.78360901025,-0.539760989038,-0.710713469331,-0.545391900182,-0.555688566897,-0.62550751905,-1.31821667299,-0.832120601119,0.369747966893,-0.0355907651913,-2.16905737091,-2.30200247858,3.30820564647,-0.184115969625,2.51497510232,-0.86679492261,-1.07964422542,-0.58839611184,1.59033629775,5.25297518572,1.15072473894,-0.752029799422,-5.27700772795,-1.30993906906,-1.15427532955,-0.322927684361,0.313822177746,-1.04621432689,-0.525297263431,-0.744677994579,-0.533232739829,-0.541725997302,-0.642135195513,0.528908593831,-0.929987216684,-1.06290617847,-1.57194137854,-3.97188354575,-1.61354335046,0.172802589551,-0.178236945013,0.133861133306,-1.67237879854,-0.760981473668,-4.15180554895,-1.51108619015,-1.63534345123,-3.04899919385,-0.0184949284861,-0.921821608777,1.51738308295,0.504852259751,-0.649346002749,0.0866242036023,-2.1756521772,-0.855867491546,-1.54069485159,-0.10173051196,-2.13243479523,-2.50912697011,-1.47614303854,-4.11342390982,-2.85341126613,-1.58408311156,1.79066390145,1.27901413416,1.07964422542,1.53649014637,-1.23875698256,-0.944167749898,-0.603788887145,-0.61910471243,0.63727309234,-1.98344782011,-3.93703251789,1.53651110346,1.06291169895,1.80038737786,0.350066098626,1.27201110214,2.03038166151,0.18367603896,-1.82079100444,4.89067903597e-17,-1.2497722205e-17,3.4283280535e-16,8.56219556144e-17,-0.300078846925,0.0,0.0,0.0,0.0,8.78065699941e-17,-0.153472868875,-0.13854708234,1.05135120836,-2.57530473105,-1.0967881151,-1.05548143639,1.41147137888,0.348419421182,-0.312572644842,-0.0884134031447,0.647775516558,-0.604281557746,-0.394691988958,0.0119409018949,0.0474444236183,-0.236121230601,-2.46526693895,-2.06375443835,0.79238887104,-0.57421891229,-0.497003454721,-2.38412637788,-1.91136363515,-1.97027436425,0.997152128366,-0.336774069296,-0.115723850572,-0.674305411056,-2.00390958082,0.70348419578,0.242586138978,-0.118685384432,-0.590365936929,-0.0739848754715,-2.00617192618,-2.34351709629,-0.199732846136,-0.0124765439385,1.14656325256,-2.46762294478,3.38122332051,-0.0815678354756,-0.074459551431,-0.0747193896559,-0.33584407993,-0.478067512416,-0.110095391249,-0.43110404951,0.262043402202,0.166352992344,-0.217643655628,-0.212495507852,-0.210671601172,-0.209928256389,-0.406257258998,-0.371287772355,0.465417020129,-0.86641222781,3.10976642549,-0.257495534705,0.00646372486166,-0.183179106277,-0.336280996812,0.429791603102,0.421736766951,0.432650180759,-0.0282780456702,-0.333465673114,0.456582016557,0.744733884969,0.111004844129,0.182767834186,-1.08197968185,2.540944278,-0.289490959816,-0.779435912196,2.22815705393,-2.26729889627,2.02037066924,0.489763686864,0.407954456251,-0.870246738404,-0.870246738404,0.870246738404,-0.451133568042,-0.00116034730264,0.119854383726,0.124611073818,0.125464813877,-2.01308377997,0.616045637605,1.30523925628,0.0804209182647,-0.48029761168,-0.241572674168,-0.512269734637,-0.179530541019,1.40945270283,1.47370600013,0.358994542214,-0.322988841158,0.126294828323,-0.538637820755,-0.555845321699,0.000293610930562,-0.543558298282,2.3012835051,-0.570018917705,-0.592154124857,2.18033250694,0.31098354924,-0.0987264998993,0.568294016528,0.818639634692,0.850354002948,-0.471262404881,-0.377562173241,3.78403619216,-0.760673009735,0.989436041808,-3.03431894812,-0.490898089376,-0.0553860302016,0.132970201522,8652989883.87,01030333,-0.00492005
396,601628.XSHG,601628,2011-05-31,-1.30635995224e-17,0.0,2.64923275241e-16,5.73765231654e-17,0.0,0.744637116261,0.0,-0.74410863677,0.298436283479,0.0,-0.612457466093,0.584680388326,0.645261489689,-3.42333927957e-16,1.71765180926e-16,0.0,0.299650473576,0.208359210629,0.251700319227,-0.973329806687,0.490544322419,-0.976789465641,-0.289060301446,0.563152636903,-1.162810974,0.0746473643239,0.051876027874,0.0,-0.308619321784,0.473201726084,0.680241422591,0.493032399739,0.477618736675,0.583455137129,0.370373704081,-0.379936727921,-0.563152636903,3.07533774604,-0.184073782096,-0.409873922015,2.24051178764e-16,-0.183468192077,-0.310883966115,1.423589639,-1.70778593657,-0.644043797455,-0.76683333437,-0.276211616698,2.13827045805e-16,-8.68990035642e-17,0.281987281879,1.21604417536,1.45470145509,-0.388226570408,0.0,-1.94418056107e-16,0.460077533965,0.69225300132,0.484939381761,0.466507263103,0.595116689448,-0.466280169717,-1.01663734786,0.0,-0.963582852751,-0.327356707673,-0.664778262715,0.190133375351,0.0,0.171531872027,-0.63872432004,0.0,-0.517488110823,-0.757424024478,-0.765172997264,-0.346789765249,0.0466786671861,0.0,-0.29713588355,0.151195721123,0.114174874143,-0.432477516132,-1.3471756635,0.0,-0.0476303140238,-0.210635508488,0.169175330354,-0.226916825961,-0.0923584641159,-0.0548424537374,-0.140254331049,-1.09038615739,-1.19404395763,-0.370091206987,1.70778593657,-0.507897611466,-0.20441292492,-1.08284062338,-0.64954871505,0.120300272301,1.01717273385,-1.25533767704,-0.547518230361,-0.778526745892,-0.80819165706,-0.796528284185,-0.770145416978,-0.717200662326,-0.810551342949,-0.379760047733,0.136186738971,-1.28672793437,-0.915988704822,-0.489814882369,-0.639926795894,-1.1567925015,2.90210331057,-0.276815175055,0.626756858981,-0.233078487605,-0.219229606124,-0.147514470583,-0.124437768585,0.87382135985,-0.429268522095,-0.171754992451,-0.384708187096,-1.23905778983,0.840888477775,-0.632028688337,-0.44900648694,-0.391760393775,0.285132547228,-1.20585411176,-0.255608853748,-0.25819516079,0.228492886758,-0.0178258846629,0.132573762128,-0.732378648321,0.548337018525,0.430711922551,-0.266566865382,-0.399672908507,0.472737460773,-1.450913123,-0.689710962527,-0.907692254163,-0.479321828633,0.30360066876,-0.372135762413,0.077927935874,-0.403698378045,-0.203205471869,0.0523331725524,-1.06671194316,-0.055513020244,-0.108568884935,-0.292784796292,-0.937731411442,0.35463429814,-0.888684076645,-0.640617043835,-0.640449818647,-0.639492068061,-0.292744291999,-0.461346661718,0.0441200225526,-0.817943724058,0.289728797177,0.248172922181,-0.616210988387,-0.611783931068,-0.573398059702,-0.610952366368,-0.272718508304,-2.96010557845,-1.55397106174,0.29508087255,-0.661959727261,-0.647718104704,-0.455477012813,0.464765864464,-0.292216527997,-0.446964578247,-0.45176301524,-0.445339703159,-0.383935883639,0.0867373149906,0.281476976217,-0.120590249986,0.124643395646,0.20624105589,-1.342123251,0.600735685693,2.15786485972,2.02375460671,-0.74647486636,0.70012706204,-0.762656477791,-0.707578342357,-0.813373376137,-1.47019841817,-1.47019841817,1.47019841817,-0.0737331732389,-0.403790771343,-0.519941421647,-0.520376230473,-0.520931593675,-0.0472554877927,-0.543569680239,-0.336884325616,-0.384209463608,-0.604368740828,0.174178872827,-0.353076573366,0.121594497367,-0.348120027893,-0.505073618181,1.37151386558,0.0324815373468,-0.626128418948,0.475705440995,0.508148234573,-0.171485402935,0.477833037396,-0.0590681565221,0.484162727978,0.50566137757,-0.150897969815,-1.56342415399,-1.69285654591,-0.279873513441,-1.189524811,-0.796623938452,0.0503379274015,-0.0647504585834,-0.430350946197,-0.458773077989,-0.381754527484,-0.00941360583697,-0.448180571881,-0.94556906555,0.284356819759,5.404211596e+11,01030333,0.00244073
398,601788.XSHG,601788,2011-05-31,-1.30635995224e-17,0.0,2.64923275241e-16,5.73765231654e-17,0.0,-0.342692380012,0.0,-0.74410863677,-1.27139126454,0.0,0.714357944201,1.44083665835,0.0,-3.42333927957e-16,1.71765180926e-16,0.0,-0.240395436248,-0.326987082374,-0.153553024937,0.644646787071,1.59310208047,-0.392404141437,-0.876070854972,-0.602648442458,-0.187451834602,-0.422311510509,0.378097399674,0.0,-0.269854734411,0.005523279494,0.0897903593577,0.0103607200119,0.00953081920195,0.0453193801908,-0.288259434094,-0.0154114227465,0.602648442458,-0.797258788854,-0.364311240578,0.0,2.24051178764e-16,-0.186329131358,-0.193855015186,-0.463432763409,1.10780112239,0.920724898718,-0.633408638212,-0.429800138987,2.13827045805e-16,-8.68990035642e-17,0.381787193351,-0.251682592262,-0.58372499841,-0.388226570408,0.0,-1.94418056107e-16,0.000305992259402,0.0858982710091,0.00864598159842,0.00520843911705,0.0519977412213,-0.0113129094339,-0.0685546919674,0.0,-0.835136703148,-0.213206930911,0.0926288697938,0.160351419005,0.0,0.172365749632,0.188064496855,0.0,-0.382419664159,0.142546015984,0.275720298423,-0.609710018676,-0.249300783223,0.0,-0.386587089548,0.128212544784,0.154456961669,-0.151417145671,-0.517704580158,0.0,0.336946915348,0.15728677708,0.303816982292,0.15141747601,0.245455130002,-0.499339191957,-0.429176201008,0.26409260856,-0.80052263747,-1.89519379919,-1.10780112239,-0.507897611466,-0.830579255454,-0.197467661921,-1.02971654846,-1.55674013251,-0.26558749713,1.01637995126,-0.408148496944,-0.416504366158,-0.179440326904,-0.44967995946,-0.0268771127855,-0.340389623242,-0.230307731959,-0.135927013355,0.167582103839,0.201854290257,0.15342129942,-0.983889024584,-0.253702817282,-0.350473767782,-1.05468984705,-0.11751602952,0.597951868632,-0.239113165659,-0.23307020338,-0.142989387544,-0.18628051324,-1.17328144509,-1.62729844457,-0.781656473332,-1.39086806104,-1.1226853974,-0.928881588398,-0.0800298759015,-0.00384265111779,-0.392282682644,0.29897813374,-0.378953492202,-0.224164861848,-0.207708701249,0.258378761217,0.222712202829,0.244220907959,-0.361074890532,0.0452758004222,-0.021229009904,-0.0106577891496,-0.162831876414,0.178792207175,-0.752707420039,-0.606039685811,-0.705034955676,-0.496652726512,0.388604017112,0.0319470906337,-0.197427397267,-0.275826833562,-0.442384603617,-0.185776347973,-0.860746304699,0.294114568905,-0.350109637415,-0.333219388263,-0.253758354225,0.32196658305,-0.617335045411,-0.831474421646,-0.832295160129,-0.834877875061,-0.934958930482,-0.909639730784,-1.05990826851,-0.763246336173,0.630523797877,0.662875994188,-0.774698295228,-0.779354322453,-0.780239866463,-0.757801532268,-0.256241272197,0.483038813848,-0.311875772005,-0.123988996378,-0.494673118091,-0.84099132821,-0.864786340523,0.630864186057,-0.934756260522,-0.799442661626,-0.800556819726,-0.79543477178,-0.168203921614,0.154476953881,0.174199705091,-0.097195608019,0.151633974488,0.2169010566,0.627809495487,-0.989061451396,-1.54078687408,-1.72837783878,-0.74647486636,0.70012706204,-0.762656477791,-0.283467496392,-0.255461176274,-0.470555937893,-0.470555937893,0.470555937893,0.262239986243,-0.188537938389,-0.922013063253,-0.923353336022,-0.924500724307,0.25517963408,-0.157031240958,-1.59204109315,-0.208472880058,-0.0536968799523,0.204966013272,0.242476413889,0.0878242182704,-0.496167332654,-0.561758276205,-1.15534356862,-0.00151915470393,-0.164294338327,0.0057645866843,0.0155062145029,-0.265440900715,0.00678872563465,-0.301277280753,0.0138719298458,0.0230586505807,-0.290025261732,-0.366591837692,1.07396491774,-1.79719376151,0.607280990901,-0.492738173078,0.255101750938,0.266857465602,-0.332682646351,0.239441467666,-0.414497642924,0.749950598346,-0.010954216343,-0.21710504317,0.0751252520754,48911580000.0,01030333,-0.00773261
399,601818.XSHG,601818,2011-05-31,-1.30635995224e-17,0.0,2.64923275241e-16,5.73765231654e-17,0.0,0.780114415798,0.0,0.372227125778,1.4450336734,0.0,-1.66573666413,1.05760480415,0.0,-3.42333927957e-16,1.71765180926e-16,0.0,-1.72852194332,-2.00602772861,-1.49088906068,0.15210471204,-0.71676182205,0.448380243762,1.28595650824,0.957092103008,-1.02869909233,-0.587964468787,-1.95139266216e-16,0.0,0.0906559281561,-1.01543206181,-1.06765796131,-1.02215304207,-1.02371827534,-1.04696372028,-0.538618702914,-0.57555432378,-0.957092103008,-0.20632924353,0.721856601329,0.0,2.24051178764e-16,-0.184495539449,-0.382661722685,-0.607558812909,0.52967810305,-0.440247968679,0.878737918244,-0.372204443129,2.13827045805e-16,-8.68990035642e-17,-1.05602387072,0.404374104684,-0.646384775395,-0.388226570408,0.0,-1.94418056107e-16,-1.00251388107,-1.0528286004,-1.02159962828,-1.0122463791,-1.05301470949,-1.6557358202,-1.20321051658,0.0,1.76028040331,0.462769678146,-0.081856663585,0.191814131716,0.0,0.177006578262,-0.0024046465103,0.0,0.358052661566,-0.0422443620825,0.0619942220107,1.17251710755,0.443731771275,0.0,-0.479107699674,0.146057171373,0.0216599375405,-0.342031230789,-0.517704580158,0.0,-0.666912764262,-0.596218063764,-0.55484109988,-0.503548358585,-0.585316079237,0.522187715603,0.842757187444,-1.05814668767,-0.20418648307,-0.0351525649915,-0.52967810305,-0.507897611466,0.860386253831,0.357223832004,-0.680858070985,1.35118567524,-0.761168290744,0.186201559629,0.378284189885,0.536186106827,1.51743073279,0.315165064294,1.82598458838,0.465810739449,1.11857027281,-1.31642811135,-0.482750454131,-0.163712935363,-0.747134493626,0.621851937616,-0.0698453961541,1.11097893709,0.0441421605762,-0.150035677573,0.886001772126,-0.168285102184,-0.126774416449,-0.0660953062941,-0.0455200844035,0.611811790318,0.218709401193,1.32430166623,-0.384708187096,-0.851675791963,-0.390933859033,-1.54494980121,-0.39816026793,-0.39580639155,0.263375196995,-0.890139866834,-0.724510487349,-0.602379796645,0.0433380396548,-1.09322351679,-0.534257886515,-0.721474801704,-1.05686117861,-0.987438050618,-1.16158417241,-1.61007404597,-1.56415130874,-2.34789576962,-1.4358451724,-1.06313069019,-1.45404939859,-1.28726844851,-0.69547118638,-0.939062450896,-0.572653939125,-0.896079311561,-0.497150336352,-1.50989889131,-0.48483513339,-0.745491761656,-0.586458740148,-1.12627819304,-0.546177945455,-0.212871395081,-0.121510929431,-0.108860227195,-0.0944799921816,-0.389661270553,-0.0846404538002,-0.493990852819,0.459104148767,-1.81116635382,-1.47224462158,1.09894742694,1.09186670189,1.17115578226,1.1153182614,1.922220882,0.0887576064944,-0.640455383768,0.488540833361,-0.322528687281,1.81355262152,0.715335945849,-0.547975717723,-0.3895273936,0.423291102294,0.477143665646,0.450442750846,-0.596636254176,0.134370893139,-3.70711781707,2.86007506259,0.250312906052,0.217887169078,-1.49992924147,1.69325136486,1.38171144689,0.286480330836,-0.476053782698,0.70012706204,-0.120419443862,0.0947622671453,0.223825846391,-1.71117623969,-1.71117623969,1.71117623969,0.382396158399,0.0869856877919,-0.463043745116,-0.459455134839,-0.451704777259,-0.765538902241,-0.350300460599,-1.13113089085,0.0358438336569,0.508872212485,0.0963349648703,0.704420855077,-0.263311460161,-0.0653171534703,0.540691746419,-0.833380187281,0.00259497632306,0.213826066197,-1.01584182195,-1.02752873397,-0.370210144466,-1.01865590236,0.838530362688,-1.02943668091,-1.05215687016,0.741552707603,-1.02667059265,-1.27561034143,0.0092093485465,-1.5719583066,-0.0975484998851,0.338028140456,0.0874529941763,-0.493835341097,2.07537085849,-0.425304316067,-0.712296174998,-0.428078210707,-1.67403308793,-0.348375890949,1.431391566e+11,01030333,-0.02832425
400,600000.XSHG,600000,2011-05-31,-1.30635995224e-17,0.0,2.64923275241e-16,5.73765231654e-17,0.0,0.878920352826,0.0,0.125458167741,1.30168555633,0.0,-0.0370427352501,-0.181783320078,-0.271324587372,-3.42333927957e-16,1.71765180926e-16,0.0,0.0116259883365,-0.0836478582818,-0.0218456880839,-0.269384988855,0.978650205514,-0.687883970988,1.03950517173,0.9319838733,-0.382523662481,0.66271536621,-1.00623424057,0.0,0.20229793979,-0.0411337951965,-0.079133123251,-0.0485730621388,-0.0314580396619,-0.0680211739248,1.15854177259,-0.214742228924,-0.9319838733,-0.147810007002,0.951896515445,1.37230043271,2.24051178764e-16,-0.182005209823,-0.426352531031,-0.24683974298,0.69020320701,-0.419978944117,-0.789070783729,-0.423400617225,2.13827045805e-16,-8.68990035642e-17,-0.249051361453,0.605260156049,0.877034988473,-0.388226570408,0.0,-1.94418056107e-16,-0.043259802221,-0.102974691653,-0.0563680389587,-0.0362501479001,-0.0743728199274,-0.197085265391,1.55797204976,0.0,1.74082902818,0.489011006137,-0.0260953669509,0.189141907294,0.0,0.177183709126,0.0584646198245,0.0,0.443872850439,0.00906564229003,0.121338685884,0.90816534639,3.98421547918,0.0,-0.503850855395,0.146507038472,0.00891380663604,-0.345376065273,1.13924844724,0.0,0.894018343188,0.687094868299,0.161554104773,-0.479139693942,-0.565297495882,0.835170510633,1.28629740187,1.38334354211,-0.296008124441,0.207276089695,-0.69020320701,-0.507897611466,0.322477621212,0.329489257308,1.18457743974,1.12892730834,-0.752269740582,0.376006556117,0.451827827714,-0.464138889807,-0.376398574905,-0.503041240187,-0.451601858039,-0.454309239709,-0.388555989502,-0.0172784864338,0.705040850023,-1.2557158047,-0.634565019495,0.876300120857,-0.2024942067,1.2117687788,0.0896034242618,-0.191510011322,0.886001772126,-0.163163566204,-0.11103568014,5.64598927767,5.69989516429,0.588549258443,1.03545327878,0.711601925924,1.62761156079,0.646569450297,-0.852867235335,1.70285330765,-0.565226416106,-0.113122763853,0.297659506453,-0.486290040077,-0.280616940873,-0.290996243786,0.265916089986,0.887271275858,0.202289661057,0.605599727889,9.18641344487e-05,-0.102057950996,-0.0229498394765,0.586615240938,0.834467976801,0.957016294522,0.0916991877649,0.540256831244,-0.220295429545,0.292678579543,0.380124078409,-0.233969264467,-0.31144608623,-0.22901616954,-0.352831966484,1.0118235143,0.800560414952,-0.329462137565,-0.235136813749,0.441179254246,0.372368200617,0.306787598698,0.610673396532,0.602953308218,0.601263902946,1.39906801559,1.38431432799,0.709477020319,1.48683872146,-0.975914960411,-0.913226545468,0.567930283457,0.573122145821,0.634906924201,0.587907757786,0.706332283151,-0.0395145612891,0.112167121956,0.377900192469,0.634804935826,0.286992533348,0.145374459351,-0.523253800439,1.39831725425,0.827784890431,0.810775266184,0.814648041724,0.791082898949,0.203020763359,0.720687814243,-0.82176215843,0.242691362557,0.21637679427,-0.344184161921,-0.997525369226,-1.18477898784,-0.851672722927,-0.385913421477,0.255013168293,-0.548577466481,0.0768339450204,0.213526701774,0.973649075179,0.973649075179,-0.973649075179,0.512522370591,0.281466622366,1.07906731911,1.08103968177,1.08017071941,1.01126743876,0.422776417964,0.703387905199,0.157573564701,0.763812888817,0.227242887253,0.751325982952,-0.00608509802332,-0.912641699055,-0.549774606891,0.38119891334,0.310492759275,0.227278426742,-0.0433236107824,-0.0515861901013,-0.236899702333,-0.040461355762,-0.453251633212,-0.0210538750041,-0.0168663059324,-0.327352096149,-0.121015619702,0.0376881892942,-0.220285530962,0.15304991483,-0.568629896225,0.297119760971,0.264718059639,-0.508485586074,-0.196294562314,-0.328789954212,1.27711252522,-0.174285900883,-0.21710504317,-1.12084708952,1.98874702927e+11,01030333,-0.06588365
466,600783.XSHG,600783,2011-05-31,-1.9372936709,-0.438043695623,3.47411944681,1.47918232912,1.08850628489,-1.27475066719,0.579214014159,-0.74410863677,0.0214299569584,-0.706613780097,3.04765479092,-0.964554766959,-1.18791066443,-1.29555071351,-1.13588067025,-0.81051489518,2.08780248611,1.12088130098,2.28809837365,2.34376343771,-1.77936401003,3.19188672049,-1.00711354879,-1.92602530826,2.36067391706,1.7311769471,0.391455602399,5.42925130098,1.4135620799,3.51714136398,2.62232069312,3.43561273016,3.46156885595,3.04518775988,2.62571452471,-0.0994750355559,1.92602530826,-1.14011266874,-0.760359340138,-0.684759426601,3.74088062854,-0.18368545484,0.0698502209074,-0.811770639648,-0.635873738748,0.0196746250146,3.25814499973,-0.00103218092936,0.0269145230275,-0.735959648404,0.382273303621,-0.89051001108,-0.908233371078,1.51476953726,-5.29716890361,1.62675960952,3.61781448119,2.48642594744,3.43733574499,3.55246316327,2.99134935241,0.291928099209,0.64403316163,-0.500496595874,0.255146410057,2.30517331642,4.74283294333,0.174368085385,2.34869557875,0.189603761946,5.2642468554,-0.166125072509,2.35479267568,4.33899793157,5.12928038179,-0.153059052198,0.0944172882198,-1.48687296285,0.677431247351,-5.71389976351,0.276690402322,2.50917054379,-0.517704580158,-0.540068366349,-2.18542726553,1.08150755843,-4.57884820686,3.35098659967,1.24137965192,1.37549911443,-0.0138510129419,0.391703166305,4.10638551625,2.98421595697,0.635873738748,1.33664375124,4.51646986541,-0.971902324594,-0.211338152561,0.966738770331,-0.46340911226,3.10720607739,2.71669948901,2.12717919671,0.373557830943,1.2578810238,0.089922192159,2.41120726681,0.591076081,0.00771895150637,0.179542242836,4.89067903597e-17,0.0408518252894,3.4283280535e-16,8.56219556144e-17,-0.300078846925,0.0,0.0,0.0,0.0,8.78065699941e-17,-0.153609832287,-0.138879791048,-0.711091667063,0.491651870487,-1.27724607962,0.956838311495,1.49904653522,0.24316877848,1.15284487555,0.032994915716,-0.26409906638,-5.30123195347,2.1540001757,5.02661401951,5.33250002661,-0.651918338039,-2.68442477855,-4.69622308346,0.956311189361,3.05892697621,3.72725620067,-2.33556156803,-0.382733690828,-1.8557788893,1.19232384807,-0.283128016503,1.68445694609,-1.79178960252,-4.23314485769,1.70156686733,4.24405797281,5.03965861722,3.87086976268,5.44864018414,-1.95109606325,-2.2638225723,4.81449499449,5.22856211253,1.57200575297,-2.88110288148,3.40170249268,-0.905520048804,-0.90441688172,-0.907851854366,-0.163115155161,0.626500665573,0.0523140631919,0.263627994818,1.00389728482,1.14015978672,-0.716214012467,-0.733938695897,-0.808850771052,-0.666336308556,-0.175187785664,2.90890915837,0.0742678413828,0.86221961466,0.709524150809,-0.788617041801,-0.787691296314,0.80207170389,-0.160472546115,-0.550295942167,-0.55705477204,-0.544561160086,4.16486935101,-5.61494335488,0.402243200211,3.77245008291,1.62901001087,-5.70098460685,1.43049321075,3.11122045583,0.312655160705,-0.505999640903,2.58871849881,-2.11892759836,3.09076572579,4.54233559772,3.89911328277,1.21462689669,1.21462689669,-1.21462689669,-4.9967842354,5.32354898147,-0.853877007568,-0.850392118831,-0.851266078598,-1.55943109716,3.28316086865,0.763937114764,5.46910464604,3.38800225052,-5.68038385096,-3.27256544168,-5.17598706521,2.20450585046,4.34636272992,-0.995472096505,-5.57744349557,2.49681890284,3.50883180155,3.37135986643,5.65074179251,3.48406317053,4.17721691827,3.40597295426,3.20251870234,4.55906986386,0.498663806475,0.336311412219,0.328989825702,1.96761926264,2.466507575,-5.58554959427,-5.53169676629,3.32011176789,-0.448486832313,0.05929345449,-1.54696922588,0.715243581074,2.37331302041,2.29301783557,17190977894.9,01030333,0.10010664
486,601099.XSHG,601099,2011-05-31,-1.30635995224e-17,0.0,2.64923275241e-16,5.73765231654e-17,0.0,-1.08914139354,-1.17310424548,-0.74410863677,-0.272268016862,0.0,0.624717161389,-1.11947828249,-1.15265735378,-2.24710952488,1.71765180926e-16,0.0,-0.0363780925368,-0.144482664305,-0.031977021688,0.77534806789,0.960292240885,-0.0556520983645,-0.814913381556,-0.300916785453,0.0198119825189,-0.832302582247,-0.989360721342,0.0,-0.854166281411,-0.383031032654,-0.307512304001,-0.368657285609,-0.394148806201,-0.335502538479,-0.869059219337,-0.22163255975,0.300916785453,-0.439717728032,-1.21569607736,-1.63311441742,2.24051178764e-16,4.85072987894e-17,-0.170449225,-0.352605506056,-0.0746174875825,0.791003141522,-0.322084347177,-0.397802530177,2.13827045805e-16,-8.68990035642e-17,0.297218737002,-0.970668922087,-0.614834475627,-0.388226570408,0.0,-1.47209696665,-0.379086893107,-0.304548699958,-0.36459429254,-0.392653751723,-0.322646591057,0.113980289435,-1.46505256055,0.0,-0.553427132218,-0.633855418612,-0.231650847901,0.169000508606,-2.49497358568,0.169423560567,-0.16592060921,0.0,-0.539635256339,-0.235400501731,-0.161407582207,-1.09976283223,-0.220842107689,0.0,0.709252824835,0.0250816561013,0.786466886235,0.248729891088,-1.3471756635,0.0,-1.17025649094,-1.4851183057,-0.133133284375,0.185996417588,0.232943515406,-0.390253983265,-0.83095817642,-2.32699838443,-1.2702256491,-1.53204289156,0.0746174875825,-0.507897611466,-0.797129474939,0.0926786579783,-0.960595124204,0.0531312818118,0.0602363395553,-0.384262076222,-0.571124830158,-0.635623174945,-0.482453016136,-0.672018629156,-0.0268771127855,-0.585754951017,-0.652303085406,-0.110722731976,-1.82079100444,-0.0810139228836,0.0408518252894,3.4283280535e-16,8.56219556144e-17,-0.300078846925,0.0,0.0,0.0,0.0,8.78065699941e-17,-0.152940494638,-0.140321528786,-0.282571343062,-1.17725589978,-0.716046220313,-1.05548143639,-1.20118745195,-0.574797636098,-0.666528614114,1.4447557517,-0.395694969925,-0.00166888765991,-0.979534528408,-0.341849977732,-0.329843609361,0.0838054455705,-1.41091999405,-0.179113632156,-1.36370789485,-0.396919811017,-0.336310282831,-0.641823492393,-0.727425747313,-1.34977504683,-1.46626937352,-1.52527005114,-1.57124691215,-1.13964319149,-0.22519896294,-1.35666175551,-0.263752259989,-0.420171299532,-0.35176037624,-0.0619846609093,-1.10075710925,-1.07611708563,-0.260100536375,-0.401060398164,-1.32287246908,-0.247618363619,-0.673652768874,-0.821067304942,-0.82184184241,-0.823795755195,-1.11119451575,-1.11842613463,-1.16068228619,-1.12785109348,0.760468721523,0.769006870163,-0.845875877596,-0.850081384242,-0.857648598234,-0.830340314043,-0.392773987769,-0.353989754362,-1.21824064232,-0.910178728543,-0.797152656916,-0.932545614086,-0.898965830459,0.718247923018,-1.11093107936,-0.530359434959,-0.53539981551,-0.526671587148,-1.48428950167,-0.0990336397894,0.398951752084,-0.625144660854,-0.0837743012757,0.178305363163,-0.427353958064,0.693221073524,-0.106754140733,-0.255062800985,-0.74647486636,0.70012706204,-0.762656477791,-0.379085214392,-0.494602290308,-1.31813310322,-1.31813310322,1.31813310322,-0.160025588721,-0.457819232414,-0.838906685477,-0.839826354644,-0.840762673987,-1.63503987763,-1.12337733916,-1.38764888673,-0.391924728252,-0.680850943727,0.0923301335929,-0.415616743865,-0.0997123236802,0.993779611245,0.392179844566,0.154714327849,-0.0297978944067,-0.396620240722,-0.379601592651,-0.361959076785,-0.217576779204,-0.382011122808,0.781539980516,-0.405503886053,-0.406864475442,0.541345141186,-1.01606977497,-1.01233568846,-0.285310616061,-1.11600650074,-1.02557459904,0.101380932546,-0.21955176144,-0.449884606166,-0.85207719551,-0.0599415132324,-1.56579643755,-0.840176614778,-1.67403308793,-1.01665436176,15078232890.5,01030333,-0.06081755
490,601318.XSHG,601318,2011-05-31,-1.30635995224e-17,0.0,2.64923275241e-16,5.73765231654e-17,0.0,0.676003462017,0.0,-0.0273035681862,0.565377609195,0.0,-0.305305960282,-0.198091058555,-0.0950580340907,-3.42333927957e-16,1.71765180926e-16,0.0,0.0596300692098,-0.0228130522587,0.0288109799367,-0.868067030188,-0.661687928161,-0.492845369035,0.119398257304,0.742806349468,-0.675131404299,2.06248286366,-0.644156640407,0.0,-0.296214653825,3.28002678731,3.70517149055,3.32586738883,3.31710374415,3.5229383564,3.05983918277,-0.287201074027,-0.742806349468,2.79031464107,-0.342967331021,-0.583968074919,2.24051178764e-16,-0.185867895994,-0.377980564647,1.68051887535,-1.59902436251,0.251478560458,-0.277609448457,0.146156819598,2.13827045805e-16,-8.68990035642e-17,0.185472297382,0.98845885257,1.11766112703,0.0362161889003,0.0,-1.94418056107e-16,3.2175906745,3.78637997238,3.31979062435,3.25982278944,3.52197139672,-0.296491520852,-0.214431248595,0.0,0.0468825486915,0.0737419906745,-0.639469629925,0.201726537403,0.0,0.174306922226,-0.611097309858,0.0,-0.0729424465597,-0.722659637457,-0.724964972829,0.488256411697,0.1696767246,0.0,-0.17166615973,0.147430257257,0.152277110408,-0.416933651709,1.13924844724,0.0,0.368052426547,-0.593274685479,0.390190872215,-0.34082392763,-0.375120954008,0.205126968845,-0.254243037556,-0.234283880579,0.30385963155,0.888307060099,1.59902436251,-0.507897611466,-0.171867192526,-0.604952567074,1.88542533028,0.421195506117,0.342251929291,-1.21461524225,-0.112612026407,-0.511773413457,-0.444576429982,-0.538615427338,-0.488765273248,-0.489361429391,-0.463912302618,-0.297846643553,0.484525787263,-0.373279751078,-1.30998186428,-0.766496402009,-0.934222063941,0.153475440793,1.73507940742,0.342000736444,-0.496637764645,-0.178329664997,-0.16797985171,-0.146645468103,-0.116949768884,1.12603617912,-0.0604836590018,-0.0867355357254,0.2860650622,-0.531750333439,-0.617027832244,-0.345745650397,-0.588574169733,-0.393494392821,-0.143421320995,-0.26878401491,0.845666394736,0.48534643946,0.214867152614,0.363228629689,0.379538173321,-0.0772449850566,3.57309119761,3.09575856467,0.232323032461,0.0273994168289,1.37553542142,-0.585080826981,-0.535864969109,-0.891466288044,-0.296310280143,0.570477540708,-0.692211657133,1.73423614811,0.507757410276,2.08763733916,0.376970555974,1.13565614163,0.322393270969,1.62190157705,0.48839936996,-0.943559128007,0.487171885074,-0.479100633273,-0.606021658025,-0.609108188566,-0.610952509805,2.32199166847,2.18267039007,1.77667084846,-0.0312971848055,0.298736304215,0.281751131987,-0.407848271635,-0.40760779659,-0.398746748064,-0.410960900781,-0.210160031346,0.187024086711,1.14688898968,-0.00379336172613,-0.805758645507,-0.368422447911,-0.505328902068,0.534152045642,2.32295375327,-0.880839459305,-0.873168753228,-0.879422884698,-0.275662430652,0.117481355377,-0.330481028401,-0.935307855683,-0.134145254147,0.203082999474,-0.182242656724,-0.76196822753,0.378437355937,-0.171212647393,-0.205632699035,0.403384466208,0.0936595674481,-1.28764631304,-1.73250923354,-0.773855609798,-0.773855609798,0.773855609798,-0.392086865417,-1.2043160571,-0.633290921072,-0.634626872186,-0.634385881513,0.330788414549,-0.272992772742,-0.779254943005,-1.10944434011,-1.99464522909,0.404206369328,-1.64509964118,1.65768547807,-0.625549647703,-0.530134704405,-0.917756797562,0.434153134396,-3.23079628242,3.28435099795,3.36053635182,0.327542382443,3.30168418063,-0.367766059954,3.35476224125,3.46713479082,-0.425759205066,-0.151659378722,-0.268389198111,0.09548623494,-0.902682793921,-1.32722825491,-0.24837461575,0.174863009215,-0.410817286228,0.174635362198,-0.390631719326,0.357717021805,-0.112722419787,-0.21710504317,0.0483795520518,3.72346161301e+11,01030333,-0.00903305
497,601998.XSHG,601998,2011-05-31,-1.30635995224e-17,0.0,2.64923275241e-16,5.73765231654e-17,0.0,0.860021230642,0.0,1.26529573582,0.337445976043,0.0,0.0690761326373,-1.11947828249,0.275101727799,-3.42333927957e-16,1.71765180926e-16,0.0,0.323652514013,0.208359210629,0.271962986435,-0.307104150433,0.461387555066,-0.51896008821,0.948091508775,0.913802051788,-0.358139683996,-0.38089827094,-1.26144621894,0.0,0.145443211643,-0.860506891981,-0.904873327099,-0.865733518042,-0.86679643105,-0.887843696936,-0.277862921247,-0.380689618761,-0.913802051788,-0.233408733374,1.24596815823,0.630109570332,2.24051178764e-16,-0.182598799683,-0.40606751287,-0.398655370323,0.709978038658,-0.414819556047,-0.299846897817,-0.385003486653,2.13827045805e-16,-8.68990035642e-17,-1.08122795168,0.614241375498,0.780935672212,-0.388226570408,0.0,-1.94418056107e-16,-0.850563518023,-0.899694857654,-0.866253444132,-0.858736258826,-0.890769079918,-0.00180169353204,-0.186213258704,0.0,-0.321687473275,0.576394628349,-0.0110747962709,0.177596517699,0.0,0.177908583122,0.0748611380623,0.0,0.494432452372,0.0153864399301,0.128649235781,0.901962146218,0.0543352962601,0.0,-0.493556867403,0.162892570688,-0.0031892883677,-0.357450653793,0.310771933541,0.0,-0.0108692553338,-0.596218063764,-0.244911259569,-0.452696973912,-0.545278912526,0.520148739739,-0.203455990103,-0.0290219134981,-0.142131197967,0.303066573008,-0.709978038658,-0.507897611466,0.473171142556,0.293220967321,-0.670381478807,0.348565622092,-0.72899660939,0.43123526596,0.539747279523,-0.768999841163,-0.815766974291,-0.805421830973,-0.764836357663,-0.708437614905,-0.818086974261,-0.205066474318,-0.532833536181,0.526072009637,1.50425498899,1.0862816313,1.50343119404,0.707819570227,0.061328735872,-0.528960272277,-1.36078747513,-0.180672072926,-0.220336853904,-0.0983896721992,-0.123616265601,0.363270002397,1.27714279357,0.689275387918,0.956838311495,-0.63076548768,0.245117864456,-0.664040638697,0.26335941817,-0.393097453281,0.253485492344,-0.882270618456,-0.634223937506,-0.54101002846,0.129812422242,-0.50458698105,-0.163996192534,-0.421237037866,-0.890115217617,-0.842206083893,-0.813983291432,-1.26499574795,-1.07680291406,-0.499803717228,-1.03332228744,-0.532013743072,-1.14380631621,-1.09087822405,-0.610822199565,-0.768771854727,-0.529034114805,-0.68615230384,-0.518624404516,1.22877576397,-0.0220927359871,-0.647643609826,-0.528878261098,-0.761127930422,-0.245751637042,-0.119435172061,0.0605299183505,0.0626174103893,0.0626305116361,-0.976410295827,-0.909729218195,-0.951558607183,-0.885527786867,0.50051417806,0.565658178693,-0.488749414688,-0.496623475867,-0.517757656298,-0.482177287344,-0.0950138737155,0.864797286526,-0.213552166744,0.8088180806,-1.17435880842,-0.24457042208,-0.5008464694,0.248630382287,-0.976053836271,0.605936968131,0.602722765088,0.614150398171,-0.329562823401,0.103389522498,0.165875333556,0.504840036916,0.241430656115,0.215527988593,-1.29943883115,0.290790694753,0.828395220423,0.260344627725,-0.295773060256,0.403384466208,-0.120419443862,0.0567850686657,0.170571732761,-1.11787222396,-1.11787222396,1.11787222396,0.390905071878,0.0622316120022,-0.1082395265,-0.10676196104,-0.108071880964,-0.236277438963,-0.195685084886,0.117228028884,0.0186988011155,0.452785263692,0.0765611104377,0.678836239873,-0.165439442064,-0.133378378581,0.66114664472,-0.258286975104,0.0407097994008,0.1739234562,-0.860856561601,-0.87003321044,-0.317914159852,-0.862637685917,0.439597687484,-0.871555876371,-0.890192012534,0.317384134685,-0.536891684541,-0.529693759769,-0.156908983569,-1.33118610041,-0.164618075943,0.325008475376,0.0908149178317,-0.567086565981,-0.747293536471,-0.253839912948,-0.241615883149,-0.444411379161,-0.864709559066,-1.43663284822,2.01802388759e+11,01030333,-0.08123791
595,601688.XSHG,601688,2011-05-31,-1.30635995224e-17,0.0,2.64923275241e-16,5.73765231654e-17,0.0,-0.158707767741,0.0,-0.74410863677,-2.26651351811,0.0,0.0605075283979,-0.157321712363,0.0,-3.42333927957e-16,1.71765180926e-16,0.0,-0.900451548256,-0.923168181401,-0.781695708392,1.35166176922,1.83499526148,-0.0929066627825,-0.811839696749,-0.299185183404,-0.065531942178,0.737259197435,1.59861529072,0.0,-0.0450201276489,-0.146116987818,-0.0445532806231,-0.136268284074,-0.147022367895,-0.0905057372918,-0.517263703553,0.204842653467,0.299185183404,-0.737592116316,-0.452058424313,0.0,2.24051178764e-16,-0.0489299751096,-0.289038561941,-0.257546750102,0.587257759905,1.4204484861,-0.277609448457,-0.193017833791,2.13827045805e-16,-8.68990035642e-17,0.423489562263,-0.0239139792791,-0.355819739205,-0.388226570408,0.0,-1.94418056107e-16,-0.148924439598,-0.0384577870863,-0.1393399451,-0.150972090612,-0.079939976503,-0.190618061567,-0.608929198373,0.0,-0.529615966104,-0.381938669895,-0.050786716014,0.145510109021,0.0,0.171464653135,0.0315114391596,0.0,-0.530892962056,-0.023839686601,0.0832808231826,-1.28299582192,-0.247040693918,0.0,-0.383559446021,0.134341412141,0.172692489194,-0.181313253664,0.310771933541,0.0,-0.20315787002,-0.157654699366,0.143771245083,-0.0824988934881,-1.7363353251e-16,-0.538079733361,6.26499438176e-16,-1.34598019212,-0.920597091571,-1.59043572043,-0.587257759905,-0.507897611466,-0.627563949047,-0.0481276443259,-0.810069374517,-1.77517587393,-0.351150479453,0.240206848685,-0.561440071267,-0.445085080348,0.214476169097,-0.422999319096,0.535883174675,-0.428020097447,-0.245378994583,-0.251287818234,1.10196796299,0.354095654139,1.67310920018,-0.939422351785,-1.18964814564,-0.854422976358,-0.969311376221,-0.867353131726,-2.4553771084,-0.253961649818,-0.294127009564,-0.0701936277997,-0.719193606636,-1.87666694835,-1.03974289998,-0.544757020733,-1.05548143639,-1.22051710358,-0.232408199654,-0.423536348424,-0.191662358073,-0.39580639155,0.291725683662,-0.539171389177,-0.300844070166,-0.299763353526,0.233578754228,-0.0943663481943,0.296369140049,-0.804590587935,-0.126207441979,-0.149285687996,-0.154097248147,-0.295949942454,0.256635685213,-1.01982828919,-1.0529274275,-1.3259987759,-0.669893377352,0.346597754156,-0.344652004442,-0.213198097848,-0.315475858193,-0.118316955086,-0.270093645029,0.698095785524,-0.196906530562,-0.33551640447,-0.366431106543,-0.642379409462,0.253947733417,-0.767088991894,-0.926129783198,-0.928818211491,-0.93249610599,-0.768217267766,-0.860894659288,-0.793624955244,-0.890964683915,0.466423302948,0.419937761832,-0.692392631714,-0.689965105134,-0.66678319628,-0.696408808366,-0.38296870148,-0.506184572458,-0.0859102500966,-0.944706067324,-0.939804931982,-0.694876053746,-0.695646360716,0.534811296769,-0.7679642406,-0.791207877916,-0.787642520905,-0.787557650973,-0.499299348977,0.194490834798,-0.0398222210088,-0.72559960911,0.165272526005,0.214117473277,0.310408740317,-0.496655946137,-0.829191801693,-0.368241758807,-0.74647486636,0.70012706204,-0.762656477791,-0.413592415041,-0.427783449622,-0.934230504806,-0.934230504806,0.934230504806,0.0724654310792,-0.268289112998,-0.842881905397,-0.844164118027,-0.844615714312,-0.274081829198,-0.543569680239,-1.84497208239,-0.249620958158,-0.35962569155,0.178934609969,-0.0645389685622,0.191405213541,0.0539313919115,-0.267445064368,-1.32409678918,0.135051079847,-0.330721852914,-0.144645463029,-0.128813687891,-0.23246783923,-0.144582098909,-0.106560141665,-0.147468924791,-0.140768566337,-0.174651409899,-0.295326872311,0.605222352918,-1.14178739043,0.0583369962368,-0.965201351492,0.220259351774,0.118474380632,-0.401050456243,0.880006156521,-0.424484763586,-0.414198656827,-0.309976838809,-0.94556906555,-0.0400408141309,71008000000.0,01030333,-0.01333226
650,600635.XSHG,600635,2011-05-31,0.740344517709,-0.116774556254,-1.11314358977,0.0896767721856,0.979053052747,-0.926045284734,5.25353400649,-0.74410863677,0.0964485965037,-1.5853044911,0.643172616674,-0.46716874342,-0.941137489839,-1.35598672356,0.662108567817,-2.42044378294,0.0716310894281,-0.0228130522587,-0.0421083552921,0.412630083873,-0.187620488606,0.280186842639,-0.866432386566,-0.70914196846,-0.455675597935,-0.96275428689,-0.994985227752,-0.655248332215,-0.25615791354,-0.751035605806,-0.763900131422,-0.752556251512,-0.759274650509,-0.760971399518,-1.04875029948,-0.850186039434,0.70914196846,0.74696059386,-0.741386976088,-0.835946454122,-0.127362867856,-0.18631948851,4.35779098294,-0.866639184325,-1.74035624752,-0.492210377101,0.0114773932179,1.09968556214,-1.36515199516,-0.530949038425,0.366614660684,-1.20271430624,-0.846014416644,4.41124155408,-0.261117710471,4.58832507155,-0.740650160538,-0.757739637733,-0.750955439603,-0.752275294991,-0.761576009316,0.0632623651221,-0.569246343701,5.37284893145,-0.215040278566,0.0436956701244,-0.623214491792,0.165149896911,2.40482417969,0.176704093248,-0.593353132587,-0.824858671107,-0.305050359759,-0.765232068621,-0.774203676549,-0.554358386376,0.0217408110454,-0.561904409649,-0.234829067794,0.250726758031,0.319431394424,-0.376531671256,-1.3471756635,-2.25362553702,-0.819612546513,-0.396068340414,-0.600568453368,0.104634202111,-0.162423505859,-0.573761810971,-1.0623213926,-0.67129711038,-0.526066742383,-1.83056802791,1.74035624752,1.5534196852,-0.192095269257,-1.0188377587,-0.530452741898,-0.143460885473,1.73453277765,-1.25621154903,-0.212486102472,-0.435558175618,-0.391549209366,-0.476360599823,-0.345420671725,-0.489361429391,-0.403627252125,-0.113061967982,0.0,4.89067903597e-17,-1.2497722205e-17,3.4283280535e-16,8.56219556144e-17,0.0,0.0,0.0,0.0,0.0,8.78065699941e-17,-0.152368736073,-0.137865234863,0.305725844603,-0.108404855901,-0.75581722668,-0.384708187096,-0.695855130906,-0.679398583475,-0.970061614942,0.662346585707,5.36338244172,0.161181582265,-0.597718597109,-0.559935208104,-0.483570343952,0.0755729262839,-0.946774998028,-0.241710002945,-0.789380763674,-0.775796580779,-0.726716480082,-0.837911135506,-1.14295482858,-1.19022085307,-1.19458766533,-1.3873906731,-1.1009076388,-1.43515671887,-0.523805195333,-0.289709181903,-0.728081249221,-0.491920897897,-0.75612797308,-0.318094503278,-1.79695029029,-0.826750349249,-0.593050220392,-0.472816610627,-0.257475042835,-0.506743346525,-0.503419650223,0.510577285881,0.518714550579,0.520696849972,-1.0495605973,-1.10150687756,-1.11198380415,-1.14181201112,0.640024261439,0.57111987164,-0.736476909155,-0.734811176342,-0.72791106236,-0.749150805244,-0.539563381346,0.230873472526,-0.917191640029,-0.658540818408,-1.25747687645,-0.667372687956,-0.793135143665,0.659508647551,-1.04927263617,0.0493453906266,0.0460527799749,0.0556457239036,-0.556426919761,0.105159726985,0.254828215293,0.163775840784,0.20876689828,0.20774518948,-0.822804348287,0.18875054254,-0.278992580402,0.323695299397,-0.74647486636,0.70012706204,-0.762656477791,-0.0110726666887,0.0469819973573,-0.672478733162,-0.672478733162,0.672478733162,0.168384092113,-0.0216093664332,0.71098646722,0.714052195996,0.71279718121,-1.18138719482,-0.350300460599,-1.46085337817,-0.03530805139,0.157054079148,0.0688017498376,0.290802909275,-0.141770694345,0.693348690982,0.698429171474,-0.69793352341,-0.077086756786,0.209644927108,-0.750574921856,-0.75470349912,-0.281395607885,-0.753457514059,0.591572039942,-0.767754373388,-0.782738914747,0.582065324186,-0.608142562456,-0.806624233316,0.065520734343,-0.342941349785,0.702928484735,0.278551943157,-0.00438864749894,-0.694055355781,-0.69807306956,0.411480873554,-0.718571912222,-0.293643670355,-0.0553860302016,-0.97950296295,10313333539.4,01030333,-0.05901116
656,600643.XSHG,600643,2011-05-31,-0.152761441324,-3.05237450026,2.78307108258,0.37953231617,0.315940040627,-1.46291298016,-0.0508701963283,-0.74410863677,-0.172430710733,-1.52167516375,-0.263122062489,-1.11947828249,-1.18791066443,0.310320410813,-0.98820775989,1.32912820388,3.05988512379,2.72692017999,3.50385840615,1.13060993857,-1.23726411331,1.08536024714,-0.993655109962,-1.69052742962,0.678179401609,-0.944118329084,-0.165370532226,-0.385560277112,-1.0903718338,-0.381913783833,-0.505748036645,-0.413710836959,-0.373552510966,-0.485210873116,-1.02233753712,-0.141960153199,1.69052742962,-0.661861339634,-1.21806762286,-1.16122763455,-0.327555770006,-0.184295770349,0.0558067467959,-0.373912450229,-1.49782375349,-0.0669293890223,0.945450266323,0.0245659061189,-0.809569903804,-0.695615497584,0.0203273811437,-1.33101744123,-0.980339345599,1.05301312878,1.24686635461,0.402347020197,-0.381422282305,-0.489825704114,-0.402604832971,-0.361310060935,-0.528125279209,1.59485741977,0.93497108851,-0.708204680355,-0.595348199321,0.991138817252,-0.145025364938,0.157788388771,0.857278468171,0.180372064673,-0.247229370883,-0.715069738008,1.31212837759,-0.285409165413,-0.396420259792,-1.67856912517,-3.67613428608,-3.66875442906,0.538953096515,-0.0537594591894,0.790295443799,0.362582475916,-0.517704580158,0.902263190809,-0.330407688562,0.192607316495,-1.04513994562,0.647726990424,0.282989973793,-0.540118709225,-0.72374107624,0.296644849252,1.05356819791,0.109189259179,1.49782375349,1.64273759695,-0.924091733079,-0.530282558276,-0.586809582581,-1.18758372949,0.462724608402,-0.956473456055,1.22842443129,3.09892347916,0.53263949279,2.61859368234,0.0368315990024,3.64679695311,0.817145020347,1.25041120386,-1.82079100444,4.89067903597e-17,0.0408518252894,-2.10049658599,0.286146993077,1.2117687788,-1.38289799463,0.273191046361,-0.150977880452,-0.536241656157,-0.342687733654,-0.153540468842,-0.139500025801,-0.449694269422,0.0728622801956,-1.60071296225,-0.384708187096,1.64461064643,-0.227210637052,0.885802180833,-0.31722138869,-0.0770987595646,0.0385492445887,2.30446020469,0.188652458715,0.338270615706,0.215342809284,0.757218399987,-0.923705321912,2.4457453841,-0.412675501415,-0.392246252935,-0.177046176156,1.01711810824,-1.05897988705,2.00325161105,1.275336408,2.2311214541,0.878364410153,0.779471948286,2.13120739289,-0.285402629428,0.34503325267,-0.187145482208,-0.125143684921,-0.30529408851,0.0858804900736,-0.230494121336,0.140216355959,1.96100423442,-0.250768464716,0.16983313482,-0.491709232512,-0.492050131932,-0.50259953064,0.191350589006,0.971339127824,0.17225950974,0.76315085676,1.77117871212,1.97573456172,0.321831164207,0.278602118514,-0.0387956020242,0.370028419403,-0.40756049523,1.60293852164,4.28216060616,-0.848524466117,0.325539242101,0.804598938217,0.124068687081,0.844955989739,0.192966156039,-0.00841408457638,-0.0352112441086,-0.017984831459,1.78435288216,0.693283642607,1.79781720593,0.198173759131,0.263435714024,0.214554358552,0.295524169461,-1.06326530243,-0.666122711621,-0.00865993738834,2.31829741515,-2.41567019419,2.02037066924,0.856234013309,1.13040177134,2.73278717223,2.73278717223,-2.73278717223,0.271178642827,0.347656868499,-0.381298053437,-0.379644183122,-0.384846139344,0.595419146188,0.963930232958,1.86110437609,0.296448328287,0.731520403148,-0.0135475933059,0.789702905758,0.206181389757,-0.133755449081,0.108709000204,-2.78958528353,0.835446420547,1.61359871756,-0.387608211267,-0.431843412719,-0.0906482199395,-0.38664893246,-0.211042508981,-0.373900123607,-0.38193906134,-0.0898176953152,2.96413929374,1.744504849,2.25527029719,1.97214202674,2.87147601364,0.288390667337,0.365728584011,0.160542267872,-0.494531340439,-0.130170051793,3.48373398165e-15,0.848421723853,2.29973815415,0.859837517666,8359921732.72,01030333,0.03042198
668,600739.XSHG,600739,2011-05-31,-0.0500945273755,4.89337872246,-1.23722685959,0.629561015735,1.19087660187,-0.884931404897,-0.0155589971416,-0.74410863677,0.107763907968,-0.865687098469,-0.365945313361,-0.80963125143,-1.13503069845,-0.384077010839,0.141269539297,1.94165216846,-0.51641890127,-0.521658461648,-0.508149701081,1.75297610462,0.798310200035,0.603790215917,-1.01350124766,-2.06974827831,1.20243493903,0.0332341247545,1.88546511765,-0.446745754613,-0.582814169801,1.17132945297,1.53206922854,1.23093444982,1.17235321528,1.42105637916,0.2938047919,-0.73777273595,2.06974827831,0.283396445683,-0.205417691653,0.570551044338,-1.16707439193,-0.18594102804,2.27155488438,-0.683393624259,-0.968556200578,2.00861872611,0.322801684253,1.47085782434,-1.23207636353,-0.611676475897,0.261261307644,-0.689196282599,-0.316712481408,2.13044474857,1.36574119423,0.59007160483,1.14239572183,1.56025127521,1.21314782906,1.15388794623,1.51115726591,-0.284081317765,0.100345654189,-0.11384000784,-0.321352104738,-0.179880444362,-0.326095258067,0.178628175283,1.50218463811,0.172252204206,-0.269016525254,0.213145787291,-0.245894168448,-0.449192186617,-0.408676181679,0.983080917693,1.38823385416,1.25912742946,-0.185906524457,0.274455951268,0.145517818991,-0.323587504226,0.310771933541,1.79415392921,-0.678223859244,-1.16429007268,0.298736165238,2.22615397069,4.60450165559,0.136821277421,1.51766061805,-0.747288427619,-0.588626541998,-0.00398785295471,0.968556200578,1.29422260796,-0.799163583213,-1.05723947751,0.455189867054,0.550072593559,2.8872372755,-0.934626656275,-0.283608550578,0.0693677750642,0.381133148174,0.0661457542345,0.089922192159,0.00136922615946,0.365007141653,-0.314896258401,0.572731812367,0.320264239943,0.547414458878,-0.435466726725,0.292933676408,-0.652843292927,-0.136039677202,0.678979698152,0.886001772126,-0.136086918619,-0.112222017048,-0.153102930502,-0.137939170131,-0.104429322656,0.247878825392,2.87727611248,-0.384708187096,-0.434313109943,-0.907441642662,0.273760228343,-0.364954573883,0.918759873579,0.434796744284,-0.563723444116,0.754276546933,0.501520245361,0.210571606995,-0.508459318817,0.0296642190134,-1.5954840867,1.25391701683,1.17346132785,-0.533183861475,-0.571827445689,-1.21314033387,-0.507655744176,-0.882242164404,-0.956072769408,-0.650639535579,0.513793280218,-1.04703117042,1.83122320918,0.346704133728,1.29266785091,0.449603433588,0.294199777098,-0.628799434805,0.900043984842,0.24153909811,-0.683544454572,0.500588982343,-0.390784203295,-0.541745010612,-0.542553933506,-0.544966411064,-0.121542946807,-0.262486712922,-0.445796291371,0.0259131258784,0.530084478466,0.514255392438,-0.648079972776,-0.649041862641,-0.644354057664,-0.6408241595,-0.333607922357,-0.000889586406382,-0.160993730478,0.0590571677479,-0.05075699256,-0.724798288039,-0.747756254985,0.577102256603,-0.120652181974,-0.367169588231,-0.364351645851,-0.362420207355,-1.00608039274,-0.0187266658906,-0.023053788916,-0.269414768354,-0.188928679568,0.212507238977,0.123736200632,0.234106102211,0.378026217217,1.29912519292,-0.74647486636,0.70012706204,-0.762656477791,-1.88467871757,-2.29017023476,-0.0924700455184,-0.0924700455184,0.0924700455184,-0.864030743318,-1.20657621184,-0.449414683964,-0.449856048362,-0.450623108252,-0.463103780368,-1.35530040273,-1.23390467678,-1.00228788673,-1.60203658754,0.204215107408,-1.59108767575,-0.00988660517696,0.555340888264,-0.488429633023,0.960732999743,0.329313726502,-0.72974795288,1.18010677711,1.27095741789,-0.0832026899267,1.1837383297,0.225883754338,1.1801256826,1.22255897039,-0.0660642552319,-1.23334427505,-0.714791014424,-0.951432482228,-0.445290981557,-1.07903893621,-0.439452995878,-0.357849075444,0.19960958781,-0.630610373387,0.0675795611253,-0.370268496254,-0.864048168672,-1.67403308793,1.42370689951,23900255176.3,01030333,0.05783866
669,600830.XSHG,600830,2011-05-31,0.322781608304,0.110692995214,-0.706532259437,0.4102287267,-3.5658905458,-1.43128181776,-0.479018486467,-0.74410863677,0.0846956763083,0.422049288345,0.78158853131,-0.71178482057,-0.782497591886,0.0957109057198,-0.27134822071,1.97316681142,-0.264397476685,-0.1323157031,-0.40683636504,0.796400623189,-1.42732304125,1.47415910815,-1.00893499163,-2.01520281377,1.0195551004,-0.861291849945,-0.00577516283205,-0.691150554551,-0.599612157663,-0.385494709541,-0.330785849981,-0.369372270025,-0.396457764404,-0.339202777087,-0.908678362887,-0.287583432202,2.01520281377,0.469281079358,-0.966683799191,-0.982552056568,-1.22519491191,-0.18446379485,0.257096542394,-0.1070354309,-1.28786157041,-0.452409383416,1.32348690544,-0.263412573174,-1.0093846014,-0.670032893399,-0.201324171317,-1.6993085354,-1.35787237377,1.57540421716,1.04956371624,-0.29251412889,-0.378721109257,-0.317339894979,-0.372602024129,-0.397091626422,-0.321926364507,0.0765653777066,0.809798175576,-0.577188811682,-0.659738958391,0.756278931729,-0.631856463964,0.176227040598,1.05659227558,0.178373665185,-0.618509434541,-0.940636091467,1.05029666383,-0.73102539904,-0.752272026857,0.725409525949,0.258373698753,0.107578877848,-0.158323647911,0.331250223774,0.479842564026,-0.342540309318,-0.517704580158,1.64655673488,-1.51524488788,-0.990630753893,-0.0797847053054,0.501275002564,0.192906348695,-0.83780918528,-1.25756937503,-0.362098942422,-0.356549866005,0.704599283882,1.28786157041,1.56723574562,-0.129094415752,-0.754292584669,-0.773220670993,-0.200800267597,3.2178526392,-1.19766212562,0.884312841945,-0.0925896053432,0.0932710934041,0.0127844735075,0.0846131328434,-0.243996101616,0.176616358865,-0.0841297418436,0.179542242836,1.02132632301,0.800695775672,-1.38161870907,0.710623186823,1.2117687788,-0.0478891781045,-0.124585518228,0.886001772126,-0.0314725984079,-0.249046207071,-0.153049242412,-0.138177405997,0.228592186282,0.775011991282,0.70201639894,0.2860650622,-0.60472963039,-0.331811584428,-0.403300815035,1.26886934104,0.0965100606382,0.0636031630387,-0.40161692753,-0.0954467663494,-0.12502578697,0.10997388021,-0.940142589725,0.224387936712,-1.31153264153,-0.402249252602,-0.346474194861,-0.413138126613,-0.589716784967,-0.773531150005,-0.586796206721,-0.716467430545,-0.195766374159,-1.02959613844,-0.0669438812146,-1.02562198968,0.0913357788767,-0.175809859184,-0.180836200555,-0.0487212658667,-0.626457296794,-1.38975359942,-0.112278435756,-0.204557731674,-0.304218319388,-0.819303377686,-0.177032843786,-0.466413857941,-0.46522578081,-0.466443413402,-1.04140524346,-1.11558350308,-1.07588109229,-1.09233963809,0.674456652849,0.618222259669,-0.827830819003,-0.826483067322,-0.815254779217,-0.829049795082,-0.523608414865,-1.23729167654,-1.16174926184,-0.68878712195,-1.04074898612,-0.902951987595,-0.840071057142,0.753649708569,-1.04102912324,0.0437553239787,0.0374051200103,0.0489700611056,-1.01732661923,-0.136149299481,0.495762218167,-0.464873745321,-0.29580220301,0.134492011299,-0.865111320358,0.887943754513,0.755432439635,1.19028703448,-0.74647486636,0.70012706204,-0.762656477791,-0.451376835863,-0.563933117486,0.421892959713,0.421892959713,-0.421892959713,-0.287831188146,-0.268289112998,-0.460734463783,-0.460796429139,-0.461777646092,-1.71064865809,-1.3166465588,0.262092046355,-0.228189667481,-0.432708685431,0.0925804355477,-0.607501357897,0.0860510771245,1.44494446357,0.937341689856,1.45367003875,0.0269960293108,-0.473153264906,-0.381927324725,-0.361653111708,-0.118303045701,-0.385115772244,0.430099290455,-0.406400936079,-0.40807249228,0.415791243602,-1.72867364451,-1.51537001929,-0.72903348241,-0.263439474598,-0.0991428638168,0.0365045332536,-0.0609300907932,0.47308082738,-0.728371072911,0.521883660511,-0.583643561892,-0.930637240062,0.51135897921,-0.382100885137,4575030062.29,01030333,-0.02996404
676,600837.XSHG,600837,2011-05-31,-1.30635995224e-17,0.0,2.64923275241e-16,5.73765231654e-17,0.0,-0.119550112832,0.0,-0.74410863677,-1.23550734862,0.0,1.54946729584,0.234064011077,-0.200817966059,-3.42333927957e-16,1.71765180926e-16,0.0,0.107634150083,0.147524404606,0.0794676479572,0.39289331328,1.05748146539,-0.30492896322,-0.879625198308,-0.642042389068,-0.284987748541,-0.505137989648,1.34973088206,0.0,-0.316889100424,-0.499425441864,-0.457057855685,-0.495943577954,-0.498624314155,-0.476355684678,-0.404868970076,0.988704505311,0.642042389068,-0.84568058849,-0.286050238869,-0.295338295105,2.24051178764e-16,-0.188389628879,-0.34053130035,0.0137396094329,0.641929353283,1.1208354503,-0.188659651019,-0.263412573174,2.13827045805e-16,-8.68990035642e-17,0.144344422425,0.00577903196284,0.399624165031,-0.388226570408,0.0,-1.94418056107e-16,-0.501380627064,-0.451882832743,-0.500659077801,-0.495416486641,-0.465047059338,0.340528055813,-1.86785914068,0.0,-0.819039013381,-0.319615515916,-0.0137496924194,0.158573221993,0.0,0.171502804398,0.0719412101569,0.0,-0.423654152191,-0.00636454018432,0.103492343487,-0.950408858871,-0.228145117348,0.0,-0.485726754834,0.13007972199,0.142375436004,-0.207819275747,0.310771933541,0.0,0.715868597229,-0.484369688951,0.603585188494,0.0171698204721,0.553240849088,-0.710373193818,-0.508178274825,1.05551144184,-0.977102717031,-1.27255565765,-0.641929353283,-0.507897611466,-0.788428011764,-0.225202236617,-0.746126036049,-1.24000830744,-0.307342232504,0.347867878,-0.47473121432,-0.387923651969,-0.376398574905,-0.334063851218,-0.207385129518,-0.366678765504,-0.358413464256,0.47294182664,0.179542242836,-0.421207587856,-1.64769028667,-0.793670479831,-0.864504317003,-1.81192647265,-0.866191924446,-0.546869643668,-2.5129870891,-0.217158054055,-0.218122358343,-0.12219838074,-0.263690739445,-1.015953269,-0.908480491085,-0.712890736275,-0.384708187096,-1.12347436277,2.25462550567,1.1095541033,-0.518530908852,0.887721987031,0.496772226766,-0.434667770718,-0.459902859603,-0.416456607316,0.327641690149,0.297151717146,0.351476137081,-0.794902138234,-0.510952942056,-0.489613084787,0.705451213676,0.220611451762,0.534655734126,-0.591346915573,0.756654362411,0.100194876124,1.15918254651,0.788089799271,-0.553706357528,-0.574028430131,-0.421763550893,-0.492285285781,-0.38346409313,0.356330301118,0.638600575861,-0.434204454599,-0.413919813474,-0.617578029525,1.03668952104,-0.566137114989,0.832723341006,0.835237017941,0.844789286518,0.650036567428,0.325087631715,2.41958037235,0.80532176945,0.320322699712,-0.222857141806,0.475402491646,0.502798942293,0.473964240206,0.32900509331,-1.66727779363,0.790895979419,-0.699807087307,-0.834294728976,-0.833246025112,0.672594980125,2.25413956774,-0.763715649223,0.650487225257,0.552614352006,0.544756235721,0.554073601257,-0.668840288006,0.364690132759,0.0134633319369,-0.402420408549,0.24698922543,0.218267883389,-0.671332916086,-0.36475551239,0.574885173271,0.970610768155,-0.476053782698,0.255013168293,-0.762656477791,-0.311613034352,-0.216776584298,0.0504547313794,0.0504547313794,-0.0504547313794,0.477455333223,-0.188430311972,0.931614179056,0.932356768213,0.93259936762,0.633223536422,-0.775492743808,0.190754947888,-0.227332415854,0.371204247266,0.258530631609,0.701578120055,0.00139702029674,-0.181643402483,-0.951607962849,0.0636764062306,0.240126932054,-0.036951384784,-0.49921475576,-0.492520112109,-0.385278479015,-0.49882834899,-0.405759648069,-0.496214373276,-0.499700569482,-0.612393377149,-0.177633142976,-0.925977844762,0.831850142486,-0.584815654816,-0.345525236722,0.33018675126,0.223152458083,-0.464534851143,-0.859449464529,5.36816523928,0.662090277201,-0.317515224249,1.56326102753,0.512957445539,74544059890.8,01030333,0.01355584
690,600999.XSHG,600999,2011-05-31,-1.30635995224e-17,0.0,2.64923275241e-16,5.73765231654e-17,0.0,-0.230855995585,0.0,-0.74410863677,-1.67136564438,0.0,0.471800531887,0.234064011077,0.0,-3.42333927957e-16,1.71765180926e-16,0.0,0.167639251175,0.0745226373784,0.150386983186,0.170087103025,1.58230327775,-0.644237692086,-0.777396718443,-0.164986024621,-0.894587210662,-0.173832073093,1.59369384761,0.0,-0.510195176123,0.358879479217,0.489055851896,0.356432243732,0.375830545622,0.405697236467,0.0299581550628,1.57015303456,0.164986024621,-0.733002372275,-0.383283604629,0.0,2.24051178764e-16,-0.18634833172,-0.401386354833,0.6077546309,1.23633752809,0.243002422914,-0.700120986291,-0.423400617225,2.13827045805e-16,-8.68990035642e-17,0.142075907833,-0.0792676175202,-0.0916410814631,-0.388226570408,0.0,-1.94418056107e-16,0.344330393022,0.483727474342,0.346713175488,0.367365910785,0.406154547989,0.104987235391,-0.435837958162,0.0,-0.691263600852,-0.414740329884,0.191188504804,0.156824219261,0.0,0.171218486653,0.295652609675,0.0,-0.614090462644,0.183631200644,0.323238872756,-2.10038673684,-0.241567280363,0.0,-0.27928322689,0.12995558917,0.151794496462,-0.109963069591,-0.517704580158,0.0,0.806357357082,1.11977147613,0.644231724928,0.021237931246,0.683361640897,-0.201648715902,1.81109689223,1.81058869377,-0.923624178649,-1.88010351757,-1.23633752809,-0.507897611466,-0.831539806584,-0.109997080187,-0.862452335408,-1.92589653552,-0.412071322867,1.2109038565,-0.651175415367,-0.673730793864,-0.641534677982,-0.698699269519,-0.281711959937,-0.612044093279,-0.66737434803,-0.061211624798,-0.303348369174,-0.281183123544,-0.69084975656,-0.835666781919,-1.03417140026,-1.81192647265,-1.07797488454,-1.0040299134,-0.842297648837,-0.233435804069,-0.23615467934,-0.142126263322,-0.194939154693,-1.27673849474,0.443730673588,-0.797493430958,-1.39086806104,-1.13018056843,-0.494235415758,-0.733538085335,0.348967848135,-0.394121139465,0.600943782426,-0.414207724935,-0.165690069893,-0.114293635391,0.3079714574,0.871740729706,0.16109810539,-0.0350359864507,0.439770794826,0.269062653852,0.727317318328,0.6926931396,-0.00215981189822,-0.299166194365,1.34884643898,1.38113546375,1.38526022929,0.240602795516,0.718102690586,-0.249190463285,-0.302049837458,-0.480813864594,-0.27483057183,-0.485687770568,0.962520254043,-0.178315439513,-0.0459582761883,0.884098507292,1.01288875719,-0.873324697518,-0.966022645262,-0.968086805037,-0.971144108742,-0.997992060476,-0.978930089272,-1.05820234579,-0.805222317246,0.746091130255,0.77621242259,-0.841070997164,-0.846608364782,-0.85563040449,-0.819700054598,-0.325622144278,0.404718883588,-0.43916014827,-0.579316789327,2.00374893761,-0.907120906476,-0.888755168839,0.777448674275,-0.997662388855,-0.731647904775,-0.74013690407,-0.73039696545,0.544578653431,0.329054297008,0.607713345633,1.01517103441,0.296328691212,0.225900893265,1.382097842,-1.08520051804,-1.3340988342,-1.21747029635,-0.566194143919,0.403384466208,-0.762656477791,-0.252430293574,-0.099969212422,0.480890978083,0.480890978083,-0.480890978083,0.597525556758,0.0643841403318,-0.985433892984,-0.987087765154,-0.988578722102,1.35150695087,0.384122574036,0.999940656907,-0.0241637802381,0.563259556769,0.345135107985,0.744219145395,0.159757330665,-1.32421414897,-0.884984467974,-0.471448937919,0.0923492371189,0.296812587671,0.356425886995,0.361342365926,-0.139221439546,0.36241481991,-0.500743618356,0.396350402377,0.408416022069,-0.520772965399,-0.654902381846,-0.0771076833092,-0.861249278227,0.692911991234,0.475040733437,0.314725898977,0.34372326554,-0.625687545889,0.678528111183,-0.423311095982,1.29280186828,0.206402563853,-0.864709559066,0.563862383132,64860996852.6,01030333,0.01603096
693,601377.XSHG,601377,2011-05-31,-1.30635995224e-17,0.0,2.64923275241e-16,5.73765231654e-17,0.0,-0.616961746152,0.0,-0.74410863677,-2.57696565476,0.0,0.0,-0.344860704845,0.0,-3.42333927957e-16,1.71765180926e-16,0.0,-3.88870558262,-3.62423356883,-3.56781244952,-1.94775263507e-15,-0.931657996244,2.61371049035,-0.822540673483,-0.365418961771,1.64134655176,-0.670790947926,-1.95139266216e-16,0.0,0.104869610193,0.152560863629,0.235109819646,0.186837940195,0.140035465223,0.234500181043,-0.675459290922,-0.406753044058,0.365418961771,-0.513612607098,-0.900280525013,0.0,2.24051178764e-16,-0.174330270431,-0.0378164139472,-0.518116368872,0.246432720338,2.39078197103,2.25745977854,-0.429800138987,2.13827045805e-16,-8.68990035642e-17,-0.282946504818,-0.462710700965,-1.420847024,-0.304270859776,0.0,-1.94418056107e-16,0.1524345577,0.221723333254,0.18979591439,0.121678635499,0.263403699224,0.0729979164054,-0.128847130367,0.0,1.31826467178,-0.33614755255,-0.142967752516,0.137248886274,0.0,0.171087682322,-0.0691137686558,0.0,-0.465325754938,-0.132780492986,-0.0427186544611,-0.77242473087,-0.236201490109,0.0,0.0153378087399,0.13238395652,0.445556752572,-0.0391973830884,0.310771933541,0.0,-1.2239841921,-2.03847342319,0.555317426479,0.057850928211,0.100320400678,-0.357630369451,-0.186526974285,-0.707758988258,0.254417209273,0.263044521761,-0.246432720338,-0.507897611466,-0.787354454619,-0.0011922102245,1.33693722481e-16,-0.970240166774,-0.158804895191,-0.0846987576405,-0.490166298803,3.12750419335,4.94147412111,3.15220648961,5.02734735572,2.63028345232,4.62263883268,-0.0195401561503,-1.82079100444,-0.726630077127,1.56053972605,-1.54960391742,-0.249384018799,-1.68593917051,-1.22212035477,-0.361177740294,0.770781810728,-0.210527848561,-0.25916961535,-0.151294778329,-0.166876612752,-2.91858350756,-1.47520073267,-0.69592256739,-1.05548143639,-0.221292459385,-0.737871162754,-0.716122257419,-0.146004528758,-0.39580639155,-0.345171295882,-0.2552489077,0.505115090647,0.344316898286,-0.0593159875036,-0.885888665897,0.861123398218,-0.975683748059,0.146461170499,0.224074422892,-0.0847564487502,-0.271292412776,0.183762463072,0.126202958134,-0.680740372227,-0.655948155538,-0.637735313109,0.0765179910657,-1.90695425002,0.470601895288,0.0156141377674,1.03857587162,0.266758059073,0.460903037223,-1.12496211646,0.59124137692,0.0549931967544,-0.814005982152,-0.511526833378,0.446301959096,-0.849489565686,-0.852404224787,-0.854377409823,-0.38154752566,-0.43965389043,-0.573989649802,-0.114969462458,0.410462896102,0.366776257325,-0.559235936965,-0.557639924996,-0.542834855207,-0.572362208796,-0.344652240281,0.723751400989,0.0377987223406,-0.845493778714,-0.709790776172,-0.577498571392,-0.658148446354,0.163092548484,-0.382839232853,-0.452174066523,-0.451466163908,-0.449223668311,-1.65911127749,-0.0268070630279,0.0525836890354,-0.401726363945,-0.0975274624693,0.16818210722,0.596579795001,-0.170427113288,-1.10032344562,-1.03336131295,-0.115492337814,0.255013168293,0.0936595674481,-0.742471098321,-1.09898624027,0.24157507258,0.24157507258,-0.24157507258,-0.596472686151,-0.792214508408,-0.735495929608,-0.737363153744,-0.736078061646,-1.97527938973,-1.5872234663,-0.821143657322,-0.687676539592,-1.65982314084,0.280557203635,-1.71190391421,0.938717042088,1.88328891893,1.56187156723,0.503322954536,0.0186259006696,-1.61142293458,0.159806209841,0.20213535024,0.201322921275,0.157172578289,0.10715379148,0.126091902302,0.154571417068,0.110389871102,0.857630033133,-0.571887635962,1.91995670389,-0.274039378051,-0.30747308422,-0.0861466298332,-0.165149724109,0.131241777918,1.416062957,-0.420592553924,-1.11708122599,-0.88917612014,0.51135897921,2.40485889076,34628000000.0,01030333,0.10554462
696,601601.XSHG,601601,2011-05-31,-1.30635995224e-17,0.0,2.64923275241e-16,5.73765231654e-17,0.0,0.388405241285,0.0,-0.203567109641,0.302624824187,0.0,-0.238734496577,0.16883305717,0.257475072471,-3.42333927957e-16,1.71765180926e-16,0.0,0.0716310894281,0.0136878313552,0.0389423135408,-0.294823493175,0.0251159250436,-0.333782988603,-0.397259066203,0.474408031902,-0.199643823845,3.05640061332,0.361926943744,0.0,-0.0251209727975,0.742143570452,0.851137748813,0.755603276765,0.75812805388,0.80658245419,1.0394033551,-0.251625996394,-0.474408031902,2.89725567723,-0.409370605199,-0.492339573391,2.24051178764e-16,-0.183463839994,-0.324927440226,1.9410398259,-1.81771073602,0.21831106572,0.0781897412968,-0.365804921367,2.13827045805e-16,-8.68990035642e-17,0.16072486546,0.577888820583,0.784084404724,-0.388226570408,0.0,-1.94418056107e-16,0.714906949688,0.853149607134,0.752717545224,0.742183812873,0.804653951538,-0.421467477767,-0.289313432878,0.0,-0.733184667955,-0.137238286376,-0.698523106434,0.194438204534,0.0,0.172890783679,-0.675560333615,0.0,-0.30228196657,-0.792560223124,-0.805811054047,0.358466377337,0.0922955717294,0.0,-0.346204588988,0.150475323776,0.160867099422,-0.435268020662,1.13924844724,0.0,0.639518706104,-1.04949831958,0.45624149392,-0.281836321408,-0.352600047733,-0.406565790173,-0.650382007695,0.594956181354,-0.0049032504235,1.03494523147,1.81771073602,-0.507897611466,-0.143446179689,-0.654021429998,0.763225761214,0.368770928174,1.23005343387,-1.29553578864,-0.327341289946,-0.587988651295,-0.512754285059,-0.591976708065,-0.366656908988,-0.559465808756,-0.561875509668,-0.370782089879,0.246818024695,-2.14379042734,-1.02855817895,-0.418174131747,-0.614630976208,-1.03080519936,3.23308348643,-0.331957186971,-1.47600743652,-0.0378248910963,-0.187277598743,-0.148119539277,-0.124367940832,0.961974112216,-0.200080189099,-0.068278930974,-0.384708187096,-0.510448268383,-0.45655308689,3.2044294041,-0.494664316255,-0.392693549888,0.256782060561,-0.0962900904649,0.105353462628,-0.0381104748857,0.32570979229,0.420942940457,0.334417007966,0.031706667042,0.808295335796,0.703440690859,0.652772039666,0.154681487246,0.897676138342,-0.179153770449,0.301676080094,-0.243254740064,0.755920713729,0.684606460304,-1.05752586686,0.352596391812,0.0227890976038,0.167321432469,-0.034194690344,0.138216555289,0.692587188891,0.415982598535,-0.0936494935965,-1.11783408122,1.13760942659,-0.297347980276,-0.574843586676,-0.577197380857,-0.577456430962,0.463122089872,0.168175801987,0.3096805633,0.71189019803,0.186787536888,0.177013925932,-0.408852652847,-0.406864018845,-0.383054079123,-0.389272409718,-0.129079291552,-0.510101229453,0.061753927986,2.01566333042,0.45317665627,-0.38326594648,-0.438343072015,0.265111660477,0.462941537353,-0.66882352133,-0.672026025226,-0.671736156438,-0.347328601476,0.372170223958,0.414601091814,-1.14047811831,0.188824814549,0.21480400728,-0.593135584077,-1.18875208415,0.75323332555,0.455612420016,-0.0253519765934,0.255013168293,0.307738578758,-0.491474588572,-0.542581232304,-1.14778671215,-1.14778671215,1.14778671215,0.407836950215,-0.609141973981,-0.620969358083,-0.62253621448,-0.623318470398,0.746636707124,-0.311646616671,0.447716281671,-0.560803298785,-0.381720550165,0.342381786481,0.0960755602202,0.387095518186,-0.575634940367,-0.947851177628,-0.384851890525,0.405496083795,-1.70013579872,0.742954932368,0.765923812188,-0.159785284344,0.751799185685,-0.382013655497,0.775625124816,0.810232622981,-0.602213331399,-0.951207562592,-0.409861759704,-0.900261257477,-0.770690862252,-1.22869656393,0.0956108537037,0.380398796325,-0.0445611618048,-0.279255569667,-0.403499635033,0.26985670066,-0.103927636774,0.51135897921,0.846593414911,1.90146e+11,01030333,0.02977802
702,600015.XSHG,600015,2011-05-31,-1.30635995224e-17,0.0,2.64923275241e-16,5.73765231654e-17,0.0,0.645366990267,0.0,1.77058455465,0.558875993768,0.0,-1.03627381424,-0.157321712363,0.962541285594,-3.42333927957e-16,1.71765180926e-16,0.0,-0.216393395812,-0.266152276351,-0.214341026562,-0.562366383442,-0.759957032943,-0.154267121824,2.63133238104,1.03544709572,0.312419724337,0.323126801741,-0.0430375178006,0.0,0.102285304368,-0.204357163531,-0.252472971512,-0.211684840301,-0.190591827104,-0.226672565464,0.186748808263,-0.654820721134,-1.03544709572,0.366241325629,0.219088953984,1.00120500152,2.24051178764e-16,-0.188081057727,-0.396705196796,-0.513599958595,-0.366587060727,-0.251930304114,-0.0329975055014,-5.55070031783e-17,2.13827045805e-16,-8.68990035642e-17,0.443567389471,0.0839828475794,0.172222703027,-0.388226570408,0.0,-1.94418056107e-16,-0.210151028698,-0.264702675061,-0.223168802304,-0.196311416544,-0.221269837751,0.162784187295,1.5124992816,0.0,-0.308608100339,0.477858441741,-0.326712541793,0.183674235843,0.0,0.177120123687,-0.26969035477,0.0,0.49035271504,-0.328725219829,-0.269345701281,0.930115131612,0.0547965389754,0.0,-0.350046564222,0.152959505146,0.0607678442077,-0.36182118724,1.96871953058,0.0,2.18348317108,1.31403444291,0.905893803223,-0.570672186354,-0.690413641851,0.338679887897,-0.121068113122,1.82430249806,0.697380951713,0.977864601005,0.366587060727,-0.507897611466,1.00079622779,0.282553823207,-0.198212307188,0.542973431962,-0.758430275309,-0.596612970082,0.484059915899,-0.435558175618,-0.209741595827,-0.440786412672,-0.387893146251,-0.428020097447,-0.230307731959,-0.112609497957,0.909858230349,-0.0368451321274,-1.36626660134,-0.00068148157547,-0.205579062759,0.607029728512,0.300831978704,-0.0100598011718,0.597951868632,-0.175391729629,-0.141722261486,0.180498206319,-0.00451065542983,0.434281941803,0.87918850628,1.89234833053,0.2860650622,1.1530852194,-0.837274547527,-0.49535590545,-0.308401126208,-0.338974398703,0.613470741651,-0.0525370694834,-0.187020497147,-0.180349272575,0.438981939879,1.78128695915,0.943367817445,0.626365652337,-0.188468854771,-0.250244342998,2.80191390006,3.06400434637,1.04686875615,1.03731947837,2.48665451817,2.19497081939,2.28866805531,1.0822258095,0.90710600012,-0.110606118807,-0.167357166774,-0.152731218647,-0.387569429691,1.51417060285,1.9291377064,-0.289252006502,-0.0881142072165,1.17364838092,1.30514813683,0.538458233855,0.405373749534,0.40583660051,0.399873137826,-0.293178972713,-0.305037210108,-0.605065501228,-0.161197919127,0.0890737707159,0.050179988318,-0.34446247714,-0.340303561511,-0.306335144373,-0.357273058478,-0.155582414012,-0.191920733557,0.0392288838717,0.454151941399,0.0313993747414,-0.427379087189,-0.542393777306,0.327608667371,-0.294484420826,0.771202787221,0.767547274327,0.773503383185,0.72992950506,0.431586551215,0.397060665524,-0.0476675172996,0.241201436761,0.218448878717,0.767120545103,-1.2304933932,-1.49205259369,-1.38353428125,0.154928745848,-0.783585917118,-0.762656477791,-0.0675565202649,0.145703066491,1.07502595182,1.07502595182,-1.07502595182,0.983606762282,0.221949214054,0.627614149775,0.628104579451,0.625319633369,1.76735524345,0.113545666539,0.443753109534,0.0589896275879,0.957567802828,0.403956067373,1.3582499103,0.201788835555,-0.995220138386,-0.551962102083,0.467795960734,0.500452119452,0.572858661838,-0.207078024856,-0.213269610631,-0.172017226507,-0.204250778052,-1.30335816728,-0.175553490983,-0.167999279238,-1.11460896748,1.00417489152,0.512741134896,0.856148154759,1.47854210866,0.0952632449164,0.423913544765,0.70910324099,0.0628739680259,-0.700706679378,0.0298870353871,1.80113658347,-0.320028019396,0.51135897921,-2.25977637552,84731107849.1,01030333,-0.12126112
703,600016.XSHG,600016,2011-05-31,-1.30635995224e-17,0.0,2.64923275241e-16,5.73765231654e-17,0.0,0.843907242255,0.0,1.06553038883,1.13076808923,0.0,-1.1147094992,0.225910141839,-0.359457864012,-3.42333927957e-16,1.71765180926e-16,0.0,0.191641291611,0.147524404606,0.0997303151655,-1.46367890721,-0.548300499566,-0.943369929913,1.1544331559,0.942373485593,-0.406907640966,-0.132418833523,0.236781676114,0.0,0.165600797077,-0.793834829867,-0.893126395329,-0.808458499737,-0.791706781913,-0.856279392392,0.091915751892,-0.51228390039,-0.942373485593,-0.0452292276781,1.31237143241,1.26692765595,2.24051178764e-16,-0.185944953447,-0.392024038759,-0.318294415053,0.241779818774,-1.23295109291,-1.14486997348,-0.385003486653,2.13827045805e-16,-8.68990035642e-17,0.287658568361,0.479584180484,0.782321114517,-0.388226570408,0.0,-1.94418056107e-16,-0.78744235616,-0.898983679231,-0.808847244669,-0.785127094713,-0.868665911066,4.04949286436,0.893459290048,0.0,-0.257632082742,0.413829601442,-0.147494499844,0.189416788495,0.0,0.176601448184,-0.074055185111,0.0,0.37830564332,-0.13426773949,-0.0444387838487,0.587984783686,0.0584096069119,0.0,-0.519344038134,0.145727167169,-0.00617394556732,-0.380890891846,2.79719604428,0.0,1.9600890452,1.00203634475,0.743307657487,-0.46693536162,-0.57280446464,0.419219434501,0.261527644363,2.34701497497,0.43200631786,0.580596534935,-0.241779818774,-0.507897611466,0.763257583719,0.389225264346,0.780445906978,1.17971361822,-0.708461493633,-0.121226606872,0.369658701498,-0.349816033049,-0.399124526597,-0.360744491581,-0.494074332564,-0.375441812924,-0.320735307698,4.54932932815,1.46002462422,0.853109013533,0.322275510616,0.965233466455,-0.315399938466,1.01018909537,0.641237050691,-0.240053833778,0.886001772126,-0.207907527827,-0.143066776648,-0.197296654158,-0.184723765084,0.602017040055,1.07920741508,0.991963705841,0.956838311495,2.17716227283,-0.187579222207,1.49336577757,-0.566264094045,0.459076029954,0.356338420717,1.98182102119,-0.59009201905,-0.501255720498,0.413881903298,1.62429249924,0.790020578222,1.62839095819,-0.822302303174,-0.79358296236,2.00095639027,2.25965389014,1.3612422954,1.614217218,2.35787145182,2.25051640902,1.84364319996,0.292678579543,0.680297089998,-0.885705829767,-0.374290871428,-0.655179466635,-0.521782355716,1.4871705774,1.94970403517,-0.637074889563,-0.424214096071,0.904850551789,0.641176827639,0.843085919863,3.8567714555,3.85180330284,3.83175122997,1.95770886843,1.97098101459,1.98086530866,3.01301979455,-2.58478337777,-3.17228925744,2.99540800409,3.04789282963,3.13462472397,2.82563755878,-0.198982709491,-0.251733964155,0.974912065572,1.92284988074,0.29546266822,2.84952930583,3.340046567,-2.01042545659,1.95865508039,0.557185628511,0.509493227144,0.514046083911,0.865617672471,0.31331511295,2.68805817298,-0.278341249725,0.252203965716,0.218199229989,1.28883542063,-0.407653381636,-0.79438843096,-0.660836636815,-0.295773060256,0.403384466208,-0.120419443862,0.271732156507,0.489845215889,0.872272198542,0.872272198542,-0.872272198542,0.769250901512,0.213339100736,3.97990901451,3.97676703871,3.97575925742,1.65394207274,0.847968701173,1.64628701178,0.114710983348,0.887884017964,0.242511306499,1.1450447836,0.148500570966,-1.05154504421,-0.74393858232,-0.105076814331,0.211895481214,0.561315082181,-0.796403281743,-0.817531515459,-0.383151184726,-0.796414746852,-1.24161858659,-0.78967788171,-0.802238319882,-1.00262846423,2.30738518061,1.09757991956,2.06212516213,0.356922604244,0.182102933727,0.430793254154,0.448095713567,0.0531071380413,-0.564232375149,-0.267028416876,1.89527264184,0.523014752346,1.057706996,-0.541617913184,1.61891281901e+11,01030333,-0.03772014
794,601166.XSHG,601166,2011-05-31,-1.30635995224e-17,0.0,2.64923275241e-16,5.73765231654e-17,0.0,0.822852957016,0.0,3.23944740011,0.0873213286923,0.0,0.289882472651,0.348218180414,1.17406114953,-3.42333927957e-16,1.71765180926e-16,0.0,-0.108384213847,-0.15664962551,-0.173815692146,0.00780698925695,-0.133626474989,-0.0359290936726,1.3117223352,0.958390804544,-0.138683877632,2.51802849892,0.308494132846,0.0,0.0500823267058,0.00328878185225,0.0406595432753,0.0234211020156,-0.00033561144055,0.0517728306405,1.50584149903,-0.355903348605,-0.958390804544,-0.210001038763,1.47837961785,1.66093021253,2.24051178764e-16,-0.17986458279,-0.421671372994,-0.300579185088,0.986244069024,0.289436915547,0.0114773932179,-0.410601573701,2.13827045805e-16,-8.68990035642e-17,0.0743298129454,0.44530891442,0.852663798831,-0.388226570408,0.0,-1.94418056107e-16,-5.04125178324e-05,0.0287135158205,0.0199863006499,-0.01048742075,0.0732444244458,-0.461572903397,-0.484885005035,0.0,1.03990878622,0.346258181865,0.0625877284338,0.174587990346,0.0,0.176206310103,0.155271460379,0.0,0.263927293125,0.103691701078,0.230781918172,0.645722262207,-0.0908946600314,0.0,-0.496459229129,0.301069173853,-0.0130302990078,-0.356519228633,0.310771933541,0.0,0.184247133098,-1.61168357193,-0.189022271972,-0.471003472394,-0.505241745816,0.848423853745,1.44317294845,-0.31287360284,-0.115391928777,0.236472504129,-0.986244069024,-0.507897611466,0.391185278488,0.350823545536,1.18156692474,0.674580966172,-0.761852794602,0.780958836835,0.267817408784,-0.349816033049,-0.209741595827,-0.360744491581,-0.387893146251,-0.392967907765,-0.252914625894,-0.734625824094,0.75063887995,0.521373202109,1.25097367219,1.55318169569,-0.130925546126,1.2117687788,0.303604006977,-0.0911232716804,0.886001772126,-0.177972348533,-0.122978138344,-1.04125030939,-0.167143601221,0.298379781905,0.597911915785,0.584727652617,0.956838311495,0.243408144981,-0.672251934896,0.0868303420402,-0.578716229313,-0.324406021172,0.0820639450545,-1.13943765545,-0.162931824989,-0.225847548988,0.199763223896,-0.440240261978,0.397984223502,-0.72640584062,0.0185439981907,0.0210545868374,-0.193700509804,-0.374171188453,0.626383408447,-0.296201423869,-0.763220993512,-0.903779807579,-0.488814533892,-0.184022225747,-1.5490233679,0.186372108685,-0.364069010839,-0.0907855442373,-0.00924687585925,-0.543181830414,0.155291849684,0.0596557451961,-0.295856205198,-1.46436891551,0.456370896561,0.413023304322,0.0817765211865,0.0850493629399,0.0874278000457,2.57159135439,1.95211195466,2.1346935229,1.4171231238,-1.40670037824,-1.99228736166,0.82963590034,0.882416800216,1.06171867157,0.642102677629,-0.838509814895,-0.795924722622,-1.19893346165,-0.506593271055,-0.742039807344,0.78522668233,0.72809439072,-1.6771740116,2.57289886968,-0.537337488002,-0.510168763414,-0.541882866519,-1.03220749573,-0.0863965017647,-1.56701824509,-1.01547534628,0.220972828839,0.214310951041,-0.919151994924,0.781671643385,1.8922883692,1.54767572951,-0.385913421477,0.403384466208,-0.334498455172,-0.562031211128,-0.701087579947,-0.903485058613,-0.903485058613,0.903485058613,0.19477031876,-0.452976043673,0.147148581324,0.147018987677,0.151918433654,-0.652125731539,-1.16203118309,-0.6027124174,-0.442502574249,-0.390218572709,0.125870595542,-0.0588534985168,0.25642038889,0.187932820576,0.493375274327,1.59133713974,-0.128631616779,-1.22057732414,0.0069369844102,0.0336442067409,0.00224363069581,0.00802483605854,0.135648982566,-0.00213696292199,0.00928725862156,-0.0151640264818,0.631660045055,-0.575562530353,1.59579377867,-1.37541561418,-0.290997990259,0.130009400649,-0.0833938533993,-0.532902661035,-0.41526565995,-0.313124474131,-0.0470680291849,-1.10025091247,-0.21710504317,-0.794898318555,1.53059173991e+11,01030333,-0.05003524
796,601169.XSHG,601169,2011-05-31,-1.30635995224e-17,0.0,2.64923275241e-16,5.73765231654e-17,0.0,0.504651420889,0.0,2.45213691495,1.24292095536,0.0,0.0433703199192,0.478680088227,0.222221761815,-3.42333927957e-16,1.71765180926e-16,0.0,0.0476290489915,0.0136878313552,0.0288109799367,-0.352279425347,0.113666107375,-0.423997473027,0.874196584329,0.912503350251,-1.00431511384,0.571606239157,-1.39573130949,0.0,-0.100841133466,-0.30319071307,-0.260664779004,-0.300933961701,-0.302197941275,-0.284548593097,1.05963440713,0.0348430553415,-0.912503350251,-0.464272858654,0.928181060382,0.758389472472,2.24051178764e-16,-0.182026799563,-0.437275233118,-0.0992971848434,0.920521834431,-0.2803069385,-0.544458840773,-5.55070031783e-17,2.13827045805e-16,-8.68990035642e-17,0.376985013109,-0.0441980939546,0.348110901137,-0.388226570408,0.0,-1.94418056107e-16,-0.304307543399,-0.263330401202,-0.305512277667,-0.301369935128,-0.281866195862,-0.579150324753,-1.40048561923,0.0,-0.466566681182,0.0818768023518,0.0625877284338,0.18740389981,0.0,0.174374141118,0.155271460379,0.0,-0.0085408786789,0.0826843442158,0.206485090571,0.604685707225,0.0467555409719,0.0,-0.507588429129,0.147490951191,0.0100947279129,-0.328576473811,0.310771933541,0.0,0.370880200293,-0.419615366691,0.00658918461726,-0.481173749329,-0.505241745816,0.172503355031,0.165596554728,-0.625331806728,-0.965498883231,-0.261506789259,-0.920521834431,-0.507897611466,0.0196780033331,0.376424691409,1.52380226923,0.761409173389,-0.769382337047,0.67137528914,-0.0236333040955,-0.549881032376,-0.467302381674,-0.538615427338,-0.478147154617,-0.515650571653,-0.456376671306,-0.562241548819,-0.280923108554,-1.35814980879,1.11026182953,0.896063086545,-0.314165996043,-1.81192647265,-0.111645828395,-0.367775929754,0.655561849331,-0.173724252798,-0.133496992259,-0.60263291703,-0.548678339711,0.557940663872,-1.10433233928,0.177432061958,0.2860650622,-1.24024123789,0.141166612405,-0.361005232952,-0.482212180988,-0.393480465118,0.331284502267,-1.00566043302,-0.508080203918,-0.469210422825,0.231639538574,0.10818987311,0.0238391505353,-0.43410288236,-0.282157054048,-0.322899087043,-0.268163756393,-0.430135469296,0.314926982278,-1.1447504811,-0.510550599284,-0.766258704125,-0.16389558277,0.168480138877,-0.546594657352,-0.501659048022,-0.479163229585,-0.479093151416,-0.428307000179,0.898301545499,0.324964062065,-0.459331412044,-0.485304756728,-1.41069762904,0.597192082679,-0.543098046299,-0.427309525965,-0.430047275312,-0.431025404937,-0.186633949142,-0.294699624319,-0.0440436348124,-0.659106238765,-0.0835831939927,-0.193572890146,-0.304853379656,-0.293228455155,-0.22995599439,-0.329857770677,-0.256362121914,-1.60336370679,0.0946476432005,-0.593524894152,-0.444035875766,-0.581845863747,-0.134912262289,-0.0470767109885,-0.186811414714,-0.57000589097,-0.567860639745,-0.569442232754,-0.232388906991,0.20385281531,-0.100426757698,-0.560032599367,0.234668685194,0.216326864525,-1.49364391552,0.11860779494,1.64196225679,0.559223437829,-0.295773060256,0.403384466208,-0.120419443862,-0.208284210062,-0.145184969277,-0.91096368066,-0.91096368066,0.91096368066,0.340882974457,-0.0774674765847,-0.461294093347,-0.461637925562,-0.462142373388,0.292984024315,-0.311646616671,-0.485241308361,-0.127891227114,0.276026394769,0.156157132078,0.542384958784,-0.120788524119,-0.83883014883,-0.698714496934,-0.431481069891,0.167065639678,-0.0845800126615,-0.303100258114,-0.298519130291,-0.334577965119,-0.302104728817,-0.0400713624647,-0.300056148407,-0.30176701049,-0.167864712732,-0.6144889656,-0.68054708728,-0.0921245235391,-1.34220189021,-1.28896352055,0.302002135376,0.089133956004,-0.835674390558,-0.500988970097,-0.381440666168,0.342027678743,-0.355207151451,-0.21710504317,-1.3405758776,68690007547.4,01030333,-0.07656739
110,600209.XSHG,600209,2011-05-31,0.0842040585208,-0.220783227377,0.529389759868,-3.01980627201,0.304989005919,-0.398127556006,-0.812585551252,0.0,-0.215067528674,-0.677493417645,2.38963031997,-0.75994844177,-0.914856596204,-0.432656406007,-0.603566057377,-0.450999769804,-0.378465320645,-0.150083699265,0.0175258548316,0.0206454674308,-0.128918016177,0.0945012452917,0.231933036585,0.351782635381,0.0761281053418,-0.187543941122,0.743622743088,-0.0245316881826,-0.46189964773,-1.38928030843,-1.36776249455,-1.39430589076,-1.3851677403,-1.39473518752,-0.313866945064,-0.0736203292284,-0.351782635381,-0.828885954641,-0.8479990181,-1.34600312096,0.50321491467,-0.304292959481,-0.705793721899,-0.450414193126,-0.95460277983,0.0304246915387,-0.0223942964511,0.708440260675,2.94027531503,-0.537310432089,-0.346703460285,-0.593998487956,-1.2602028463,-0.655767754328,-0.513087492297,-0.882992603527,-1.39533899068,-1.35480093198,-1.3802524935,-1.38812363286,-1.41446316191,-0.641273461213,-0.972421761847,-1.29109946143,-0.747942774211,0.614435177678,-0.235958138596,-0.452726714904,0.432656406007,0.0185180503759,-0.235958138596,-1.04329442915,1.43938589151,0.0991043228575,0.0991043228575,0.299507671291,-0.379091293812,-0.903617446924,-0.121068577788,0.894439890989,0.420151914164,0.814200515423,1.16502252796,-0.511275991965,-0.304419518183,0.553617403794,0.117377479597,-0.963943849279,-1.10616803715,-0.700516649693,-1.12345199814,-0.49117655563,-1.64206075794,0.126701517199,0.95460277983,-0.711844408046,-0.261826617503,0.588111313998,-0.587197537366,-0.894803081791,-0.865571494319,-0.397919808616,0.711419607193,1.06091508776,1.52961158159,1.50071436851,2.11698704799,2.00235830072,1.66564157854,1.27530267926,0.0,0.0,-2.72402374027e-17,0.0,-4.60002057242e-17,0.0,3.18019273014e-16,0.0,0.0,0.0,-2.33421962854e-16,-0.112297214766,-0.549308304272,-0.383566783272,0.829303514215,-1.37215508131,1.04880884817,-0.528572269455,-1.48859570334,-0.521116295243,-0.388536346642,0.311436625773,0.659604866837,0.205355840451,-1.35542679425,-1.31021979282,-0.458096388437,-0.436806985814,-0.96150541588,0.867784832596,-1.39029115797,-1.36676625285,-0.44329914983,-0.819393923634,-0.902614942901,0.780499085863,-0.0370488673876,0.483291466992,-0.439681529459,-0.317447381697,0.688604265062,-1.29169736833,-1.12593799171,-0.643720750795,-1.4115615179,1.79176783689,-0.849987388349,-1.39201077897,-0.91426312611,0.73649117571,-0.458304439127,0.530238254113,1.18521456749,1.17705440238,1.16301883541,0.0779678371801,0.552850220246,-0.622207750392,-0.234919958831,-0.58873156323,-0.24004427867,1.7999238607,1.74116038978,1.61472944296,2.10430846392,0.757494070307,0.587618732186,1.43731166088,0.148653117801,0.277546148406,0.105597257778,0.11498968247,-1.15363128964,0.0778203900413,1.2654066347,1.25356982707,1.26108906014,0.151332094345,1.10021798223,-0.0586108925062,0.659172449277,0.653047345634,0.62932088692,-1.57077967451,0.877810459647,0.967340209607,0.287498232894,0.944381637647,-0.316227766017,0.943212285593,1.28380561057,1.28745989097,-1.60527878904,-1.60527878904,1.60527878904,0.753088459613,0.943063158042,1.97245247537,1.97369329444,1.97278614281,-0.151362722717,0.723615483693,0.460835419683,0.913871586614,1.02577968824,0.98309521656,0.90117750714,-0.894069282577,-0.0117742998028,-0.177535543542,-0.631157817565,1.10927339149,1.54996359365,-1.39005140683,-1.39743658689,-1.24165125976,-1.3864079403,0.560982473406,-1.38959771292,-1.3763129551,0.437772229455,0.0222469362256,0.170447320586,-0.0518921089155,0.382343390855,-0.449829460647,1.07658289361,0.837433346888,0.294231080426,-0.205359618199,-0.549814614305,-0.600849517949,0.668576287734,0.677838395508,0.258312047216,2743819806.25,01030324,0.032
166,600754.XSHG,600754,2011-05-31,2.33557392004,-0.88150095428,0.293898578775,0.298700721396,0.289743802059,1.25207551854,-0.188382602422,0.0,0.244286057068,-0.765352940834,-0.70941388147,1.54760333715,2.32264962324,-1.37507176854,0.321357568609,-0.390091203474,0.557954293851,0.956783582814,1.6669035262,-1.59893712234,-1.03673818867,-0.704550862956,-1.04126888996,-1.05452762685,-1.05592501669,1.50644601451,1.72561756696,1.20956026345,-0.345912328803,0.830652882127,0.874984968744,0.79739624436,0.857528991283,0.78537771368,1.27542157139,0.214621976734,1.05452762685,-0.574215542588,0.543173367234,0.741381398176,-0.367109055672,-0.437361667777,-0.535187049723,-0.289915809971,2.17411153513,-0.831998295539,-0.291125853865,-0.349802604462,-0.575494028622,-0.0562300002618,0.124376163538,1.19549495272,1.81558144662,-0.540412554345,2.47577276105,0.191661757646,0.808383911122,0.837206299197,0.795814593097,0.877781234668,0.729610168686,-1.0450744155,-1.57322228953,0.141711507402,1.59251088749,0.0374095976052,1.43470180336,-0.0574503316894,1.37507176854,-0.234641690484,1.43470180336,2.15983952178,0.535294634074,1.24711929568,1.24711929568,-0.831076386448,-0.392849257099,1.00231970608,-1.09796288567,0.0208291172004,-0.0283660831252,-0.487908401323,-0.858480252237,-0.331094127355,1.3827561206,0.504552733411,0.28162299875,0.657518696079,0.577995786666,0.270220606761,0.163298905062,-0.0457784875624,-0.775536556068,-1.28947085245,-2.17411153513,-0.668425846297,1.17285776269,1.64898091899,2.98648025274,1.18423498335,-0.391683415729,1.30613530463,0.0753068902638,-0.910549169814,-1.50969025295,-1.05711822621,-1.32847916714,-1.00061510577,-1.35986420388,-0.594304004339,0.472154757752,0.010078549683,0.228319478947,0.215959147848,-0.328980416861,-0.519721695336,-0.666166666876,-0.866167516799,0.00710277824621,-0.766111225091,-1.6692625112,0.0679922280226,0.013184385051,-0.18473102129,0.885870998132,0.0902115682149,0.0,-1.16696121817,0.285512265871,1.29800877881,-0.479358037753,-0.217709157027,0.498432655029,-0.740991475855,0.23377252329,0.520945720007,0.927556077888,0.730683139891,-0.0795104209662,0.457250610611,0.882502749875,0.723847217687,-1.45275027138,0.583180583215,0.0593842716137,-1.07555412328,1.84803572792,0.94962117845,2.01834438078,0.33315914168,0.344920315458,0.0544059040627,-0.356912499227,-0.583699498546,-0.190582650577,-0.733450700793,1.62713337106,-0.432340164304,-0.981471035461,-1.22447281701,1.54247636587,-1.40254176872,-0.59821368016,-0.598304308626,-0.593792888006,-0.386714661275,-0.493851727638,-0.236525866188,-0.452491968145,0.540962659798,0.654985872388,-0.856669884244,-0.861439782492,-0.906383409133,-0.834137140631,0.195117340128,0.0341310307022,-1.3697416204,-0.581069977001,0.119416489429,-0.728022458502,-0.652833900303,1.05534447055,-0.387317378858,-0.929693020165,-0.927377513032,-0.928626824328,0.158770345404,-0.328416924368,0.53278527651,0.131657973728,-0.0662558609998,-0.16083630152,0.312495999525,0.132319840627,0.220766269528,-0.49871240428,-0.880572067536,-0.316227766017,-0.90445013687,-0.182573584124,-0.0575555820251,0.801310999466,0.801310999466,-0.801310999466,0.858468177931,-0.467333573849,-0.690437031696,-0.690279373482,-0.692514871528,1.23612890219,0.490873661452,0.127464741213,-0.625586054351,0.428267420709,-0.558652727627,0.880217780584,-0.0405313527051,-1.16124949067,-1.32909025747,-0.0124439632801,-1.45587687245,-1.07651744447,0.821883526386,0.786029492436,-0.265597058462,0.826026338519,-0.736289496346,0.893444509968,0.863407344174,-0.928668278725,-0.644652930519,-0.436568505952,-0.411326418488,0.266021569103,0.35261557686,0.0971370608761,0.160630926504,-0.729215947974,-0.0268530745445,-0.696538536169,1.5939611411,0.464490017522,-1.80729292898,-0.997477708301,10834203690.4,01030324,-0.03062361
188,601007.XSHG,601007,2011-05-31,0.0785831965933,-0.20527253117,-0.189882217166,0.215214051727,0.297558427911,-0.0634685293106,-0.525161867837,0.0,-0.412412343404,0.761197551442,-0.783748027746,0.437366160498,-0.309129626114,0.105147407,-0.48753055459,0.117559079724,0.0502569124976,0.637855721876,0.531617596558,-0.778687268296,-0.157398649039,-0.870197304945,-0.94724717451,-1.1621599888,-0.203008280912,0.366500198086,-0.253455267248,1.36774735621,-0.287479127561,-0.867279743533,-0.914360475496,-0.882521784226,-0.853382483728,-0.897043635555,0.213950620172,-0.487727545015,1.1621599888,-0.687114885685,0.890966463568,0.973928214631,-0.69348054455,-0.212026604827,1.24077579765,-0.455467844768,0.504057808559,-0.656939301147,-0.850983265143,-0.768240472055,0.209416829174,-0.480663182642,0.262268916458,-0.600513317724,-0.0832723997945,-0.655767754328,-0.489599737817,-0.501103682229,-0.873722654741,-0.882666433841,-0.894198110354,-0.851403771103,-0.90482591867,0.892952955122,0.427101745909,-0.6291811547,1.14456449017,0.0128110408811,1.7677144216,-0.186735575966,-0.105147407,-0.242708097477,1.7677144216,0.0363540329835,0.49163984871,1.66245804602,1.66245804602,0.260219612195,-0.357502711106,-0.350954222778,-1.09655144365,0.300025577978,-0.0511350600082,-0.559079080627,0.490791401596,0.0631830662205,0.493414385578,1.25206741749,-0.188301681049,0.561705000217,0.723831201578,0.509255532692,0.417388048566,-1.0060417182,0.518201267742,0.23897991948,-0.504057808559,0.407073281612,1.3189594284,-0.0151282653118,-0.401246114068,0.764415442972,-0.511154730762,1.80005133167,0.0323374441685,-0.710061279213,-0.852286407864,-0.545551707267,-0.983932545624,-0.802071409473,-0.751382594008,1.05352349858,-0.21633892366,-1.51789567111,1.02573377855,0.876314231047,0.068447814692,1.90355898051,-0.565910463315,-0.602806549565,0.859436167792,-0.608222730933,0.240628621962,0.921659554303,-0.260607237222,-0.998150047578,0.350143650448,0.638656423638,0.0,1.31896615839,1.59174274124,2.05019664428,0.0284924520737,-0.969046551495,0.971785277098,1.79174752512,-1.01282145939,-1.14580361223,0.588015317085,1.11165315816,0.139246893493,0.821189763875,-0.855875942553,-0.92105846959,-0.796897265545,0.0528849441013,-0.0645009076344,0.738890144018,-0.245584933384,-0.562371855124,-0.247333558013,0.884055012179,0.869458435512,-1.14082070394,-0.363756392664,-0.420220561499,-0.945557625337,0.807780115762,0.665062552199,-0.834960189144,-0.0788877066678,1.06527315349,0.279509265972,0.639610096621,-0.585694980214,-0.586176396395,-0.594293529703,-0.662460445135,-1.13023083162,-0.0955571743701,-0.922102839734,0.0407515121615,-0.146001598204,-0.654052815952,-0.621151336857,-0.529612123444,-0.763594246966,-0.386019915073,-0.105731954971,1.45617204127,-0.826333208286,-0.623908559024,-0.484399417073,0.546664260562,0.278104996615,-0.660227636809,-0.163435344669,-0.16904210197,-0.162127282233,1.5287072824,1.14933206141,0.543411826997,-1.30522147585,0.577540990867,0.538506332676,0.294614488786,-1.36036496465,-1.39799886091,0.968281341282,0.804000583402,-0.316227766017,0.801084406942,0.89061353723,1.00214425173,0.984282979163,0.984282979163,-0.984282979163,0.975381994771,1.20806119545,-0.79341490039,-0.7926099691,-0.793354974154,0.570132922235,0.863260577037,0.430666030074,1.1905483055,0.877784751606,0.336777947329,0.864248465113,-0.090400400613,-0.246152911289,-0.81082303613,-0.0325202240386,0.867816330375,1.18922004667,-0.871462907071,-0.887238706178,-1.0069805706,-0.870385851251,-0.84147371011,-0.844159072399,-0.841740531215,-0.599140824984,-0.590776187065,-0.56164832547,-0.308232500084,0.402638364653,-2.24456838842,1.07142668199,0.931870893919,-0.423056580504,-0.205210208073,-0.722356122592,-0.341757226757,0.598825283991,0.677838395508,-0.185057048842,2730000000.0,01030324,0.00989011
328,600358.XSHG,600358,2011-05-31,0.870407827113,-0.770303857866,2.01272823208,0.256177421315,0.295018109207,-0.765021690352,0.353802982202,0.0,-1.570136657,-0.471696964994,-0.949275611206,-0.75994844177,-0.747759501007,-0.109516412831,-0.618280519994,-0.343883798014,0.41128616146,0.487772022611,0.360253682649,1.14518959034,2.1257987521,-0.647287655857,0.00691477376153,0.435568306366,0.0916356823559,-0.395310493325,-1.25926564869,0.229032916394,-0.376473410161,-1.5535741186,-1.53195330956,-1.56330624993,-1.54496095591,-1.55769089316,-0.509042727786,-0.590043246835,-0.435568306366,-0.795928607199,-0.856916789801,-0.410279026175,-0.0977230648517,3.12455612737,0.540311399108,-0.496356480775,1.11426974711,0.692044714461,-1.03013763675,-0.624261850948,-0.32055960836,-0.378957433207,1.22031064707,-0.783840627395,-0.330834238369,0.709019092218,-0.160945158472,0.570394572157,-1.55474698929,-1.49085737587,-1.55414852312,-1.5488877366,-1.57873917975,-0.34861160787,1.28287728919,0.295082822375,-0.694931366245,-0.32527237648,-0.178590418646,-0.211670804898,0.109516412831,-0.351595880863,-0.178590418646,1.79443024498,-1.35517290972,-1.66678537518,-1.66678537518,-0.699180759483,-0.590001414788,-1.2225888978,-0.116599011392,-2.94925646684,0.777673412827,1.00633686638,0.490791401596,-0.287760256235,0.0158578912119,1.19145811878,-0.489418466164,-0.917265382064,-0.447556485938,-0.99976648063,-0.465809509068,1.76690997124,-0.168778610157,-0.586998587737,-1.11426974711,-0.822882041371,-0.406760319321,1.19828468158,-0.0597938280553,-0.636177050945,-0.83559263274,-0.0752160522942,-0.180448352327,-0.0668292968671,-0.423544769762,-0.181552453402,-0.437152037572,-0.342939111786,-0.227412318841,0.683133155791,-1.97255007892,-0.985219537044,-0.20105745161,0.0,-4.60002057242e-17,0.269253408427,3.18019273014e-16,0.0,0.0,0.0,-2.33421962854e-16,-0.41362903964,-0.843430987605,-1.1292008907,0.335169904705,-0.417719431046,-1.04880884817,1.33004322691,-0.343542357199,-0.804906686562,-0.179200562481,0.333247479489,0.983401292363,0.387905677797,-1.53260269599,-1.47621184734,-0.0445832013165,0.519707711448,-0.110524536056,1.50468966029,-1.54663369556,-1.55391339596,0.0269374664592,-0.971400451531,-0.110645866198,1.52951891964,-0.23081956024,1.17207200558,-1.24973933559,-0.941352226203,1.20263723807,-1.32514981458,-1.11080538289,-1.11046496236,-1.2083692201,-0.267178371087,-0.136192909841,-1.53338988003,-0.888351642986,1.28007262998,-1.02801130339,0.562886565309,2.05817384054,2.05923309341,2.05871307615,-0.413314801675,-0.412255076338,-0.440977224628,0.419799077014,-0.447320242276,-1.3228517411,0.88869162008,0.958039290393,1.12718409089,0.462401150853,-1.7639600427,0.936071113787,-0.254978834052,-0.662535033803,-0.792788821073,1.33369217717,0.936040860312,-1.69597346545,-0.41547126181,2.112983401,2.11728401035,2.11343254158,1.38153617217,1.0898578652,-1.84832561703,1.03530140381,0.660958302025,0.620096022123,-0.876599279421,-0.935192973369,-0.271283543785,-0.975435993439,1.36552480038,-0.316227766017,1.36959592155,1.43564247952,1.49182837474,-0.264754910015,-0.264754910015,0.264754910015,1.14616529448,1.38527520391,1.55197441858,1.55055594129,1.55040970152,0.34813426225,1.42184095041,-0.769132479172,1.34662235205,1.43518624192,0.989983144829,1.12774217038,-0.264197930437,-0.346537989721,0.269876787151,-0.80910649247,0.301728315203,0.679373274472,-1.55576549928,-1.56693958957,-1.26748152297,-1.55342223885,-0.514233933956,-1.54056297957,-1.52799641114,0.0247644874327,0.976151524879,2.21189929186,-0.0367607454787,1.59859582921,1.34146549701,1.62642254988,1.33151964367,-0.694226305978,-0.446632874007,1.84562531734,0.271095692795,1.94992806021,0.953687972526,-0.894752327561,2371680000.0,01030324,-0.02550091
376,600749.XSHG,600749,2011-05-31,-1.4963317832,-1.11758348082,0.442360410334,0.939849374317,0.30771208188,-1.34314369374,2.75335524829,0.0,2.21150730487,-0.426266822344,1.23361939567,-0.75994844177,-0.914856596204,-0.539759463236,-0.466808110696,-0.375390042602,2.64515463942,2.27001595138,0.852924935136,1.22039161096,0.0550194043934,1.08881869575,0.7603562059,1.01046691036,1.92152977002,-1.50893921313,-0.215350375134,0.275558531913,3.06674175615,0.00357252562671,-0.0849192118768,0.0297469555049,-0.0392252674933,-0.00340495077356,-1.39641169342,-0.520561869317,-1.01046691036,-0.519059651207,-0.84354013225,-0.853225343233,1.03680639649,-0.21128454544,-0.148879430786,-0.422689021276,0.371277991608,1.8599628094,0.850983265143,2.52617035215,-0.499314543454,-0.232317980367,-0.440876226129,-0.718040846738,-0.482151353632,2.7929032893,1.65228049011,2.74810825559,0.054328470226,-0.124015702752,0.0489073014116,-0.0520243559807,0.0375835566202,-0.192582446605,0.996517556624,1.00543417594,-0.278791813712,2.44785472006,0.108248181103,3.03900731888,0.539759463236,3.08809079708,0.108248181103,0.172304852847,-0.1054323278,-0.769840343567,-0.769840343567,1.60408170503,-0.353188619851,0.494205567256,2.55302594869,0.101587940382,0.697257234755,1.50771443304,-1.5327113786,-0.320559193592,-1.04792064714,-0.444992946368,-1.07340253426,-0.629824294478,-1.02619377736,-0.408565595121,-1.03241471143,0.445801071102,0.758230381706,2.48454796511,-0.371277991608,0.528075830748,-0.497224432104,0.109679923511,-0.423982532637,-0.819579444011,-0.659716644809,-0.285869893227,2.15730940155,2.60634257782,0.738821449093,1.95325398143,0.671389266426,1.45636313591,1.25153603849,-0.349515726604,0.466632081163,2.1685404031,0.105640355931,-1.18921504082,2.49677077079,1.95991434506,-1.02766189229,2.78405232277,0.916258393762,2.69904688388,2.17238552768,-0.922962642148,-0.188770821477,1.61684148879,-2.35178558135,-0.256450683217,0.0,0.938264803585,0.890216387402,0.423991704936,-0.414820660349,0.11906696338,-1.90317850111,0.900837122612,0.92779304447,0.875517355451,-1.86767392994,-1.57537442089,-0.0372184458434,-0.894074239198,-0.0994707156404,0.166450755444,0.853731724089,0.270285900508,0.344317894096,0.821990266551,-1.18995634957,-0.636960464667,-1.23949958358,-1.19008019376,-0.411014373367,0.871606243211,2.21198092381,0.483257235512,2.01046445553,-1.00695186506,-0.855630032448,1.42978626914,2.49876504153,0.870082734105,-1.90020734813,1.12117268677,0.188172450115,0.190124611397,0.212309164614,1.63395239097,1.71334788677,2.26154320188,2.48123434192,1.99028495075,1.06108248047,1.3552112652,1.3429207759,0.995580048098,1.10569234312,-2.04882800463,1.79034620455,-0.238690323716,-0.0984854525552,-0.905233473287,2.604975282,2.24222732083,-0.343843442168,1.63146719456,0.421899320939,0.433647401936,0.426589971158,-0.791672845394,-1.64527982334,-1.82618166752,-0.27430868401,0.491154554854,0.432798828911,1.22626638354,0.466003073286,-1.0590083841,-0.887715538137,1.22514374614,-0.316227766017,1.22746804289,0.0605031267121,-0.349334682345,1.24222264498,1.24222264498,-1.24222264498,-0.676222272044,0.0632111511534,0.396008303319,0.396418923515,0.406781368096,-2.17710049508,-0.579738720853,-1.12130249892,0.0856149986754,-1.32830799541,-1.04654764667,-1.41636940057,1.07714008008,2.53208485332,2.46953306725,-0.125601069373,-0.98824941361,-0.339858173159,0.0129859555222,0.0323348748231,1.68156512352,-0.00452173445763,1.20961845828,-0.0967892599828,-0.0871384599103,1.9184489216,-0.00258943748619,0.0760315329464,-0.0347358671599,0.651268225372,0.553011588104,-0.799106266321,-0.94250911562,0.460431879909,-0.441090240284,2.1550533521,-1.84399426127,-1.11911610451,0.677838395508,0.81766695553,2494729309.89,01030324,0.05989386
412,600138.XSHG,600138,2011-05-31,0.0227710298771,-0.00680818437748,-1.52347901444,-0.3810865995,0.303663157125,1.58181136516,0.747921820824,0.0,0.0263445747819,-0.524873261,-0.599445324866,0.840099253988,0.359258754674,0.829695012097,-0.0587745348592,-0.335967788314,-0.446158304826,-0.806699883549,-0.389463440702,-0.0655131389746,1.34495473446,-1.05844187081,2.12293158331,1.28309259364,-0.947371977587,0.865139923373,0.591997026548,-0.68403228816,-0.260382669639,-0.0338610351147,-0.0550247466146,-0.059876618474,-0.00355662781907,-0.0758772700515,0.69670268076,-0.429549787338,-1.28309259364,1.47240849609,2.05919455638,1.83213670393,-0.579509548434,-0.483631253079,-0.570510898147,0.143679510894,-0.951726682712,-0.47158271885,-1.29886919416,-0.165329996169,-0.0277150730049,-0.454525231426,-1.27725295816,0.351694201166,1.20257117967,0.300032474098,-0.35487861768,0.199552024615,-0.0526046395433,-0.100770552504,-0.0807568397526,-0.00317221682809,-0.0814493356579,-1.64127767416,-0.61838873331,2.36559557451,0.275177399532,-0.222929574318,-0.440243190125,0.0457934997472,-0.829695012097,-0.296524795538,-0.440243190125,-0.486227655078,0.17039544161,-0.0894314694279,-0.0894314694279,-0.631829801032,-0.225243186573,-0.0498024060283,-1.12819126892,-0.258070956676,-0.0628490954123,-1.30965760748,-0.184249125876,-0.403326091342,1.76308554425,1.16259654797,1.14847434984,0.271807151199,0.0158237840227,0.626035954521,0.469021136551,1.38938765236,-0.76025618807,0.0588463088637,0.951726682712,0.768657369619,-0.438507701624,-1.4226872837,-0.460929212812,1.67641249911,0.791260255617,-0.430190184248,-0.154611713097,-0.634878320237,-0.347324034099,-0.781659331395,-0.339780166274,-0.677981599287,-0.666871259304,-1.32376973514,1.19685265236,1.28294980801,-0.875792628201,1.67488316887,-0.0827008705359,-1.13963070544,2.69241615242,-0.304453565705,0.745791715853,-0.340681126981,0.513109787592,2.76150376199,3.01947061377,1.54152491228,-0.107387469468,-0.661917026845,0.0,-1.19086436603,-1.04796758027,-0.274591308845,-0.4169327927,0.217887703438,1.21281759386,0.590054424062,-0.62274081385,-0.684597840501,1.60180375777,1.71363300774,1.24116015905,0.706669942062,0.041519428534,-0.177450758584,0.968481502034,0.82278966615,0.866607154658,-0.0523666910986,1.00525074109,0.480057856751,0.851928550124,1.09810737485,0.938722662276,-0.605274973323,-0.101255057742,-0.641351490838,-0.840919675571,0.145571459963,1.54249370957,-0.685750209726,-0.224639799236,0.551493839501,0.953896156892,-0.507978041933,1.21801942194,1.21785518258,1.21685580211,-0.152822910372,0.00874036483464,-0.546615169781,-0.270344224374,-1.33371864965,-1.01799322019,-0.24448086247,-0.226231072186,0.000523097809983,-0.212457198873,0.743290854967,-0.956529434325,-0.15496166532,0.164114428568,0.39062881315,-0.392337845018,-0.69898594305,-0.0814957085325,-0.15269703428,0.671566966269,0.669579154811,0.66976231281,0.995435844086,1.46513752005,0.141320973542,-0.212771337069,0.583761055815,0.581386873234,2.14464566398,-1.3003802029,-1.03935623055,-0.87092006126,-0.880572067536,-0.316227766017,-0.90445013687,0.234030976941,0.466292549562,0.0859413844029,0.0859413844029,-0.0859413844029,1.0814170596,0.627955070769,0.409444520118,0.407710223442,0.403555005102,1.37487806468,0.583970390349,1.15076909112,0.56802568801,0.757452419951,0.79941712939,0.858259971812,1.05394187779,-1.4010949796,-1.36238955237,-0.395718032306,0.495158772439,0.603666419929,-0.0417471685351,-0.0664113995959,-0.872333453865,-0.0370013716054,-1.6420424482,0.0320211608314,0.0319037646064,-1.56575468929,0.483891417583,-0.194545547217,0.530872473233,0.582956176108,-0.336178446751,1.01634896706,1.33254613875,-0.36182470701,-0.34743900909,-0.537411654408,1.23023542461,0.402489125305,-0.886965961814,-1.04447025359,5669527500.0,01030324,-0.03296703
418,600258.XSHG,600258,2011-05-31,-0.0708533987739,0.743559882326,-0.636547555217,0.333751549236,0.278432423092,0.03323679364,0.170897001847,0.0,-0.481866222374,-0.42738338499,-0.54388629801,2.03741385626,1.48716414725,-1.08580197295,3.01517344462,-0.479034541699,0.106667732648,-0.187604624081,0.681561021228,0.916097342096,0.851290431506,0.0227576869729,-0.183664074188,-0.0761687918047,-0.854326515503,0.0,-1.50853515128,-0.366494962245,-0.318143630514,0.786582694083,1.02245381374,0.831576092282,0.760733196512,0.959347499643,1.21122754319,-0.57263926073,0.0761687918047,1.33417829918,0.966767523025,0.940707240852,-0.372289555495,-0.625408246534,0.858977606168,-0.0508960647517,-0.275364510442,1.29273734228,0.380703039669,1.12147892998,-0.696642230321,3.11677861455,0.411382988863,-0.0867538422196,0.61049897867,0.295538115657,-0.780383937718,0.25162778661,0.792072394984,1.04544348224,0.833806151002,0.755506695112,1.01430374386,-0.335864812304,-1.2195247884,0.141711507402,-0.895049431316,-0.211350644146,-0.202377034235,-0.133223929404,1.08580197295,-0.310758606582,-0.202377034235,-0.260748246523,0.239825473939,0.124304651529,0.124304651529,0.467183494934,-0.405410875752,0.346557170202,-0.276915300796,-0.0819869324251,-0.0362147372894,-1.15339851084,-0.184249125876,-0.42009706902,-0.741941336375,-1.37722168366,-0.306923444882,1.1980062112,0.850849143597,1.33401726186,1.01252732586,-0.684070341426,-0.478206062111,-0.365370784973,0.275364510442,0.268276239956,-0.505081643777,-0.784778763052,-0.145867412639,-0.62758006377,1.49898345452,-0.2034011555,-0.119750573994,-0.601463671804,-0.776065672201,-0.899713143459,-0.834129666706,-0.615936694194,-0.810540528301,-0.271554778122,0.265974831767,-1.04998661042,-1.67320692781,0.860957136089,-0.188107190498,-1.08327534088,0.628284144245,-0.303532723163,0.916258393762,-0.981822260752,-0.611295516256,-0.055279882153,0.311373280596,0.237041807156,-1.28033088598,-0.334200575463,-2.09761769634,-0.978651053392,-0.870556783347,-0.779680874001,-0.0379223763093,-0.698478259547,-0.513612674978,-1.1777671603,0.44423008613,0.821412350339,-0.063039687883,-0.709000704046,0.717651847378,-1.63326202842,0.744810971472,0.901096088432,0.68958276141,0.818892791453,0.180447286791,-1.07682169128,-0.63673489683,-1.56338979852,0.143691247708,0.772602936128,-1.11457589136,0.0854056251276,-0.707167756657,1.08820827792,0.65138782893,0.413542794132,-0.553748573158,1.03542041337,-0.211414146392,-1.26235041772,-0.166850492997,-1.30133200401,-0.861074157711,-0.862895328138,-0.863545637866,-0.728487084582,-0.469339876056,-0.859474942905,-0.282853575613,0.570363330311,1.13550226754,-0.80030916388,-0.850062036724,-0.992474142548,-0.605126216615,1.11841084013,1.13652467299,-0.587893124258,2.89005652838,0.278971104346,-0.513896119966,-1.1851145986,1.10475525447,-0.728826988046,-0.802380013499,-0.795182687396,-0.800775640064,-1.56808457492,-0.858660478779,-0.0183318119179,2.29295529204,-0.394560551237,-0.0849886778221,0.100990468272,1.58342320906,1.19343169356,1.23410843666,-0.880572067536,-0.316227766017,-0.90445013687,-1.81628320582,-1.73251535411,-1.06779859868,-1.06779859868,1.06779859868,-1.23850957501,-1.57341233869,-0.577441628583,-0.578370171347,-0.578803248876,-0.983857697662,-1.37106091647,-1.24010658348,-1.56735103978,-1.45693910856,-0.91452902152,-1.28162830128,0.841165698487,0.557331311148,0.546536342504,0.603532219083,0.722532844448,-1.28831179849,0.796077865128,0.85719084644,0.912153027904,0.789838980236,0.198681292665,0.728034674239,0.741590422291,0.0423392849655,-0.963937981286,-0.585084561549,-0.643846877433,-1.46407565204,0.548921873589,-1.62527199027,-0.609582545835,1.87751238077,-0.376169130501,-0.53988358113,-0.516146268906,-1.60220638969,-1.80729292898,0.39286109999,4049500000.0,01030324,0.03870968
502,600054.XSHG,600054,2011-05-31,-0.129390064163,2.38994483397,-0.366500602986,0.104892525799,0.300667304869,0.271073278812,-0.280561409982,0.0,-0.510126766231,-0.351457125077,-0.841222883114,-0.75994844177,-0.058483983319,-0.138809556688,-0.119210753292,-0.36139895569,-0.705648077518,-0.844220808365,-0.86071420395,-1.67264506308,-0.303361892459,-1.373938008,-0.19148161008,0.213858530836,-0.714758322376,-0.276191003395,-1.29181357738,0.95250623771,-0.353720659235,0.728735911722,0.555548015132,0.69523289389,0.726037858402,0.591618802826,-0.39329894966,-0.703617712863,-0.213858530836,0.18107970086,0.262263558657,0.320582396971,-0.372289555495,-0.114042027839,1.35726934032,-0.315803290316,-0.0155570707751,-1.21300904804,-1.0973205261,-0.564870669741,0.549713944154,-0.50105702442,0.103012497593,0.806950505354,-0.625022862461,-0.278241645294,-0.283719420776,-0.18549300347,0.739449219627,0.447481002736,0.706553046644,0.741741196634,0.574608186546,1.79275477961,-0.0539671189225,-0.746227684548,1.46660879357,0.129187292975,1.02333327494,-0.208241634782,0.138809556688,-0.206052114078,1.02333327494,-0.992893149594,0.596894211629,1.27605300638,1.27605300638,0.5447072544,-0.341216110298,-0.527877733042,0.680160008725,0.478084256359,0.0104899165664,-0.463105071171,-0.184249125876,-0.470410002054,-0.232929025015,0.100490742016,-0.507667968292,1.51492843597,1.80583589286,1.66246219825,1.38754659649,-1.3226544832,-1.11234133402,-0.500593034677,0.0155570707751,-0.652766692879,1.47992608918,0.768389808964,-0.551874887088,1.07247415007,0.188129973775,1.37067605589,0.0989904762246,-0.233902539035,0.329134994907,-0.102849912026,0.2594313494,-0.0699415293774,-0.075291916373,1.10574520006,0.11440804094,0.413220537003,1.20975246308,0.00863836591394,-0.238490085573,-0.576077059891,-0.653849476153,-0.380883496756,-1.29980841906,-0.347571896176,-0.686984728931,-0.7111384735,-0.438165170478,-1.04635265654,0.0356949898513,0.48459887998,1.04880884817,-1.21535051748,1.57029110893,-1.14631512703,-0.168874582096,-0.0895833125687,-1.13361748977,0.131999924216,0.457444863332,0.472093628013,-0.521571077687,-0.23502273311,-1.03083108491,0.405611512606,0.776195421543,0.648483929257,-0.772644170369,-1.5918925029,-0.450551581111,-0.447084095269,-0.952088174597,-0.719158836976,-0.828096022726,-1.06432625958,0.705647885367,0.42544871927,0.803811827609,-0.168289252717,0.418994242823,-0.692450829036,-0.556569895207,0.292263002883,0.999677778337,0.729749752845,-0.524618978179,-0.124360385375,-0.772381458748,-0.772642366435,-0.778691573832,-0.531392638473,-0.503612282358,0.0654146559519,-0.629512515587,0.480387636069,0.757516579589,-0.826287155628,-0.845019715138,-0.912163520535,-0.736165415746,0.53404922034,-1.0441242569,0.269968420119,-0.620489768052,-0.189379736704,-0.656244507218,-0.377530966741,0.577314743646,-0.53274328084,-0.741761494768,-0.741387767396,-0.741773640296,0.674311984238,-1.14326684572,0.518340803693,-0.691264608129,-0.0890828954723,-0.231914994495,-0.898585982062,0.168934539199,-0.652525539263,-1.32341727999,-0.880572067536,-0.316227766017,-0.90445013687,0.559395696119,0.259769578766,0.759379920786,0.759379920786,-0.759379920786,-1.16091654858,0.0140155182594,-0.960302821435,-0.959226114851,-0.959632844011,0.264884764755,0.863260577037,-0.187731087272,0.303763950103,-0.487364804072,-1.1292027859,-0.655830751269,-0.98121609344,-0.315607938142,-0.162112712221,-0.768953970953,-1.39268397261,0.493533355843,0.723574486145,0.674264824454,0.849500900118,0.721913529032,0.520077501387,0.734612809079,0.697946744963,0.503677720203,1.75175400766,0.670831518979,1.33696732796,0.76895570387,0.500706291936,-0.839418466184,-1.40956437539,-0.921658978955,-0.259913593079,-0.61849740099,-0.4264604758,0.371488679197,0.0333610053561,-0.900575912354,8041231000.0,01030324,-0.02579132
653,600640.XSHG,600640,2011-05-31,-0.0758196689116,0.817724263872,-0.349862639104,0.390499592125,0.462210372046,-0.689181273444,-0.763229969252,0.0,0.279252492688,2.77596506059,-0.0499857075474,-0.75994844177,-0.309129626114,1.57483935897,-0.624390331462,3.09913333796,-1.4502709035,-1.53835791747,-1.82463621969,0.776649886642,-1.09013937528,2.00568820711,-1.43742780338,-1.95361232703,1.98356007807,-0.33575074836,1.19532448503,-2.28218718123,-0.733898442894,-0.510094970722,-0.523492314122,-0.474853650499,-0.512154405946,-0.458949947234,-0.449063459009,1.43482979639,1.95361232703,-0.841142819392,-1.23592208709,-0.975035580424,-0.988769034487,-0.0773755640148,-1.20107917108,-0.26966125359,-1.24269184116,0.572764321223,2.03788097705,-0.852827911955,-0.536003528931,-0.166144591671,-2.09899881593,-0.00896677478977,-0.454703132724,-0.655767754328,-0.510245763977,-0.781997186324,-0.522320696861,-0.543665961719,-0.505702076792,-0.519205379754,-0.410307285716,1.15568175042,0.654550609654,-8.96191395791e-15,-1.17070875274,-2.07192998126,-1.82546374501,-0.650226633522,-1.57483935897,-0.923265454659,-1.82546374501,-0.5764194185,-2.43159942597,-1.1273116725,-1.1273116725,-2.10688594835,-0.066355930725,2.47345778639,-0.0437921272095,0.661209829278,-2.92236748834,1.39691869175,-1.5327113786,3.1056825515,0.0816291449271,-1.51575722356,0.55080315514,-1.49214755724,-1.1579160876,-1.64753288296,-1.0949179232,-0.199960362815,1.35416473362,-1.30558036234,1.24269184116,-0.88409509564,-1.73038195072,-0.847182857463,-0.504778020052,-1.34972698647,-0.641729327862,-1.58475251242,-2.38503747102,0.392622119094,1.67252546096,0.920283125865,1.20318948659,1.1213206484,1.28534057237,-0.575268792209,0.0,0.0,-2.72402374027e-17,0.0,-4.60002057242e-17,0.0,3.18019273014e-16,0.0,0.0,0.0,-2.33421962854e-16,-0.836321779183,-0.48289350481,0.628688004998,1.43823584108,-0.498943812575,-1.04880884817,0.987237106501,-0.92563529873,0.624651577586,-0.413295231428,2.76732841727,0.759792998502,-1.47735048233,0.136864157145,-0.0453183140789,-0.331635276778,-0.555364720583,-0.629389023004,-1.19275767729,-0.519142782392,-0.493037503123,-0.462119203972,-0.479229236537,-1.86457981059,1.11074552818,0.789795475571,1.21423828312,0.779563361686,-1.1851787897,-2.07145965846,0.46663406297,-0.775530647762,-0.933560218892,0.403785238497,-1.91174616244,0.131832684856,0.315967283301,-0.723975671923,-1.45895906152,1.28175606303,1.93411563556,0.0636710671837,0.0761648978512,0.0862378551881,0.570323461244,0.665201399448,-0.0319002643817,-0.155013800815,-0.855390032105,-0.541323839341,0.723757850369,0.704558623282,0.742444117444,0.967474793613,0.70559235209,0.105151379883,-1.16056285608,0.538081607028,2.79997373493,-0.231290295207,0.145512363567,-1.48499726112,0.574395286175,0.170689300692,0.17228288433,0.172270454177,-0.992230133192,-0.105102969018,-0.450520619747,-0.502873549034,0.509301443369,0.465304953352,-0.474718621858,0.354455410337,1.61896746635,1.86092778834,-1.02095312178,3.16227766017,-0.90445013687,-0.613638799374,-0.387499881121,-0.128796563991,-0.128796563991,0.128796563991,0.464998135158,0.126854572146,0.531284770089,0.532507159923,0.529957177375,0.403633927246,-1.8830929254,0.823837133201,-0.0243462613936,0.6315875673,0.665102528146,0.710543803706,-1.65254655457,-0.327348882988,-0.0126414411389,2.92142777938,-1.19311477653,-1.46213720103,-0.504401851336,-0.458229861,-0.438165199908,-0.497889647364,1.08105997479,-0.481756545829,-0.493246249472,0.310354947342,1.25224871572,-1.81636338005,1.93223553372,-1.88308397217,0.718967898168,-0.275047668096,0.12915174416,1.97373389626,-0.425585324904,0.179166044479,0.844088259856,0.0,0.953687972526,2.21919732979,4298685423.48,01030324,0.12978525
741,600593.XSHG,600593,2011-05-31,-1.58299535397,-1.10790269541,1.18722925488,0.381804499035,-3.15870472413,-1.32192713197,-0.649276640221,0.0,1.37710277269,-0.528641659929,0.525529177538,-0.75994844177,-0.914856596204,-0.747099997102,-0.435597157116,-0.538864847573,-0.040000399743,-0.131323236857,0.445935639603,0.64716296372,-0.53951380661,0.895966745409,1.20912502302,1.26182392331,-0.249531011954,-1.62805870306,0.214123513077,0.204606968247,0.35373476218,0.0551928093383,0.148257617169,0.0749259788058,0.0294020349511,0.126788393354,-1.69339012693,-0.798935935734,-1.26182392331,-0.621200190801,-0.986224479463,-1.22419288377,2.63758084194,-0.364334293993,0.935637872961,-0.496975702913,0.323822389159,-1.48332073056,0.246337260962,-0.240018905868,-0.460747761975,-0.281349171615,1.65729472322,-1.63155027681,-1.47556581034,-0.655767754328,-0.522627580227,-0.733077531117,0.0649124199016,0.217191493063,0.0857110691251,0.0426422843922,0.135782070079,0.929459472765,-0.430712771584,-8.96191395791e-15,-1.18131103433,-0.337438257029,-0.883793610225,-0.972356605804,0.747099997102,-0.27370191614,-0.883793610225,-0.242842528785,-0.0241913595212,-0.592504697358,-0.592504697358,-0.208080020781,3.12492963231,-0.60322932878,0.219206569127,0.0197379603291,1.08196467802,0.333351141519,0.490791401596,-0.480201917818,-1.91724504407,-1.29640928538,-1.68932323109,-1.10889277379,-1.19319884928,-1.08187771473,-1.25389348357,-0.981002386804,0.770964021705,0.623655489035,-0.323822389159,-0.773057462315,-1.00486401334,0.317693571549,0.616614624378,-0.852534561515,-0.76364336495,-0.933070204517,-0.252735970598,-0.87713452138,-0.966617511358,-1.06695604388,-0.781698659084,-1.00061510577,-0.988014331181,0.809584600829,-1.75287027683,0.0,-1.45851846253,-2.27956878285,-2.10099987131,-0.576077059891,-0.919671638738,-1.09914068012,-2.49307516442,-0.692709553234,-1.05786187104,-0.224102151902,-0.0966033446724,0.851625071462,0.0589874832288,-0.371895506358,1.04880884817,0.168700043485,0.27507633664,-1.22457247736,3.10446119983,-0.797505737555,-0.708180930675,0.722207067049,0.33704355994,0.137483062416,-1.16593682694,-1.36039366357,-1.39089335154,-1.22933254434,0.0366218551152,0.124335510068,-0.744214548375,-0.756305145987,-0.388643338311,-1.59093582322,-1.40953333921,-1.58527056115,-0.763918972304,-0.211445374346,-1.0553373236,0.303834428939,1.22334249527,0.512478108318,0.0631035415868,0.470110839815,-1.71331193548,0.440979143125,-0.187931864811,-0.785755782015,-0.625792481771,-0.785488687103,-0.943541755396,-0.944701188386,-0.949748779108,-1.46809350589,-1.56989765315,-1.17299684082,-1.19807701656,1.03654753593,1.30699182899,-1.43626109926,-1.45669255741,-1.57266778353,-1.39983904035,0.480461494241,-0.950935281928,1.49417856539,-0.446525454169,-0.830962931042,-0.849634623433,-1.46492490446,1.18553796468,-1.46803614089,-0.702403226336,-0.704865505422,-0.702441977807,-0.830989315275,-0.330487463517,0.97483705036,-1.2812961761,-2.96515839622,-3.00877571466,-0.576466936488,1.21420500354,-0.57329324131,-0.384362278404,1.08476269189,-0.316227766017,1.08534016424,-0.332688946623,-0.447517734035,-1.65483370021,-1.65483370021,1.65483370021,-1.47456538681,-0.487633630545,-0.777939967686,-0.777910295865,-0.780008406817,-1.06710719516,-0.533190356405,-1.43580923357,-0.301022980277,-0.763990853855,-1.53444256572,-0.773604452867,-0.748737978584,0.759752538382,0.407230119338,-0.408493834607,0.255266487889,-0.874812203327,0.0608104773529,0.0834936430417,0.632966353208,0.0554506549105,1.40829975095,-0.00315331686326,-0.0153431655514,1.17152002645,-1.8027892365,1.04771562568,-2.11516488184,-0.362728257849,0.472508786594,-0.806840583737,-1.60220328473,-0.834184873964,-0.403747348035,0.248509222862,-1.05675229957,-0.341521581292,-0.150538712656,1.00317944392,1237400000.0,01030324,0.06914498
866,601888.XSHG,601888,2011-05-31,-0.0361497631213,0.358925951125,-1.39933420702,0.480003136555,0.318710040024,1.44267291868,-0.806779012193,0.0,-0.948883684417,0.636002964784,0.328198840774,-0.302791957268,0.0,1.91903379929,0.0776270061524,0.0589385294862,-0.750776733638,-0.6941371091,-1.48190839187,-0.610354268498,-1.12099339422,0.546683122035,-0.53017107046,-0.310124165402,-0.0479325107708,1.59370796643,0.0577346850224,-0.881766154114,-0.282566601793,1.94935335351,1.87626813743,1.94598602905,1.96474540005,1.9245694748,1.35777148636,2.52724391394,0.310124165402,1.87988115538,0.0482370378365,9.60486718498e-17,-0.706431794109,-0.294798964383,-1.77152174457,3.10450015059,-1.04759658665,0.208916215232,1.07492622965,-0.790737131603,-0.58292931369,-0.0282235668562,0.385185523755,2.06952451439,1.08310103866,-0.655767754328,-0.512565542197,-0.876680389952,1.93958755526,1.94945468143,1.94426588224,1.94514568232,1.89789715592,-0.566164540258,1.50719026222,-1.28302728695,0.489873601795,-0.0727769959634,-0.56757154416,-0.212168587657,-1.91903379929,-0.267360291636,-0.56757154416,-0.560503224955,0.442960521532,-0.163165764431,-0.163165764431,1.30135317824,-0.0140702323059,-0.658470194574,0.428688088883,0.813399783424,0.113395307836,-1.08537297667,1.83925365432,0.0558590316649,0.507712484212,-0.130401824496,2.15675934242,0.90810836218,0.956697428614,0.436267769049,1.52070561287,1.12858564094,1.53561910359,0.515282422486,1.04759658665,2.54098882461,0.872903398121,-1.56136304906,-0.467425332403,0.482864112992,2.19071792726,-0.566442881362,0.0172202616403,-0.0250609863252,0.605435161684,0.261149341839,0.454175091994,-0.0699415293774,0.676858962496,-1.81287609811,1.42573691543,-0.321687479226,1.63912939364,-0.167968226104,0.374059849298,-0.237944872564,0.512559840706,0.772932209343,0.348036134065,1.03807190929,1.0992806902,-0.47542436102,-0.484248908881,-1.13371988529,-0.19390244487,2.69981524498,1.04880884817,0.337188085658,0.0634588827965,0.354334063431,-0.63401306215,-0.976644171154,-0.827245087146,-1.33399846282,1.98644352918,1.83469929074,1.33516123624,0.796286210766,2.14181337828,0.186230167205,1.92976386758,1.94801287922,2.13319115548,2.07018737517,2.33077983959,-0.738881520095,1.05868417664,0.767870725542,0.974741461372,1.82190576044,-0.0976035549695,2.15560787659,0.302230481972,2.4173631139,1.04925538211,0.983004881862,0.698918416793,1.36403511036,0.712492173721,-0.50162520736,0.646147191835,-0.666322351236,-0.952345315039,-0.955712599638,-0.957062324957,2.061042358,1.63904757585,1.67929737564,1.24428248073,-1.43413713777,-1.64786435148,0.0504763850826,0.113917421454,0.432840181985,-0.0885574923357,-0.335608209805,-1.53252220598,-0.890802263845,-0.505466787914,-0.52426276913,-0.188439450535,0.39395582542,0.558883736949,2.06163685076,-1.30287252416,-1.30850770328,-1.30739897514,-0.707116853865,-0.39333092415,1.49127467762,0.148648711328,0.0392940113605,0.219101791286,0.318137490238,-1.20121339477,0.992960160867,0.589747756334,-0.880572067536,-0.316227766017,-0.90445013687,-1.51880689114,-1.53307141212,0.848324633138,0.848324633138,-0.848324633138,-0.729305339107,-1.84005632665,-1.06162813768,-1.06248961797,-1.05917504952,0.181635267261,-0.579738720853,1.76050946712,-1.89014054514,-1.11945532783,1.40899878119,-1.21475679275,1.69945193657,-0.0394022106433,0.161416226627,-0.340964593874,1.27814889336,0.52588012991,1.94809652251,1.94294246203,1.01602366081,1.95639928112,-1.24467986287,1.96790573344,2.00692949635,-1.31531382445,-0.48154682921,-0.582714969813,-0.19811593551,-0.94289137711,-1.45762121644,-0.542233178819,-0.159293372313,-0.641741842983,3.13800042072,-0.763852027188,0.846579531886,-1.39295337846,0.677838395508,-0.6688836258,21190400000.0,01030324,-0.01423731
142,600581.XSHG,600581,2011-05-31,-0.797487851209,0.232343153348,-0.882998780668,-0.179734162232,0.330307139443,-0.445639105859,-1.14469022351,-0.673096186697,0.132449094579,-1.14255237977,-1.34131447502,0.652105793515,-0.145039386489,-0.440761156569,1.23437928112,-1.37767495108,-0.508132533289,-0.430546451768,-0.240686496033,0.301353293702,0.615629782708,-0.352397904443,-0.00709126063375,0.536304608201,0.642748040844,0.651534882256,0.315399575435,-0.250210053134,0.857331825717,1.40803267812,1.4955160421,1.40145107353,1.46712049808,1.452612893,0.93407395127,-0.235726611346,-0.536304608201,1.04624282559,0.301628302827,-0.230889995337,-0.285707705326,-0.690482948559,0.745671652149,-0.119783368515,0.0251789872927,1.10265169952,-0.0273111252679,-0.86990607802,-1.01795256323,0.999858103035,0.264065539432,-0.170204135111,0.224441166026,-1.06318863432,0.190707645179,-1.29076270099,1.34687806539,1.43917412447,1.38606462732,1.45949310321,1.49351082988,0.325453658377,1.01604966148,-1.03711231588,0.01134112171,0.203002836186,-0.104108972245,-0.13347029549,0.440761156569,0.13508152204,-0.104108972245,1.43752324095,0.351343375817,-0.122388147474,-0.122272896984,0.349764724459,0.786055892122,0.308484603144,0.103399747181,0.145609235497,-0.241471270107,-0.481355417076,2.0779953641,-0.695226471505,1.74852312314,0.943167681857,1.49531009122,0.345800860533,-0.136392727629,0.573701335061,0.282574527966,1.83453284814,-0.171850132096,0.763827514806,-0.0251789872927,-2.40954354678,0.96104962875,-0.381400993279,0.184056794476,-0.661665468561,1.00666164162,-0.201309468606,0.353169038969,-0.423052977886,-0.183451475179,-0.353943581269,0.058738593206,-0.329054852695,-0.278257031403,0.705608822055,1.63176031493,0.301033608329,1.44656577706,0.771775537536,0.166126425864,1.31481874977,0.142948603261,-0.245487411788,0.874523050652,-0.256738656803,0.170443178558,-0.695060508631,0.475466512266,0.472152965067,-0.250922647744,1.17056587823,0.92472897376,1.60987085116,0.482451869855,0.772581414342,-0.571316526011,-0.13908149879,0.245130289744,0.689077344193,0.92216514423,0.848732026742,2.25920865462,2.04778268164,2.53645828963,0.407659733204,1.48508020674,1.30808758953,2.57118129019,1.97655234122,2.33588370217,0.760386217154,3.57684686167,1.71048752982,3.38778766286,1.73295800979,0.594771306264,1.15177450105,0.891058069888,0.786455548664,0.148276084875,1.90332416579,1.68117556513,0.656912117978,0.418068418009,0.459228180175,1.09418184413,-0.051565494323,-0.126445221856,-0.129071905788,-0.133455187964,-0.245321005101,-0.223833364658,-0.195526281058,-0.116279143567,0.428119646464,0.49527481273,-0.491361046189,-0.496455600618,-0.501643149419,-0.450911677033,0.395574462445,-0.161884789095,2.03474718288,0.753754146353,1.93408823743,-0.60007277626,-0.417845413387,0.644534567987,-0.24511909996,-0.246392642195,-0.255328747776,-0.248014249635,0.0932414402649,0.647573171006,0.668326918936,-0.794371035384,-0.362741400466,0.463995464144,0.538544733932,-0.988646416485,0.143987819511,-0.57537480881,0.384566805149,0.010661247392,0.581007365988,-0.651289325919,-0.658682654905,0.666002169372,0.666002169372,-0.666002169372,0.600834972413,-1.40319673189,-0.0910787103859,-0.0927712608223,-0.0951857345507,1.30311082261,0.262555823088,1.82968732451,-1.5805026814,-0.359888324239,0.492732811973,0.316443685696,3.42889146625,-0.452296178729,-1.04729242798,-1.0912389367,0.726621823918,-0.750133104063,1.40042190744,1.4120631177,0.163826655733,1.41470637053,-2.76378024577,1.53462395339,1.58180890564,-2.16139149236,0.78219380245,1.01206611008,0.40728714818,0.456027148934,0.614479345874,-0.0848326316406,1.31672196656,1.26970018133,-0.338007749033,0.461259501395,1.3575414664,1.3808176317,0.512512011234,0.625671101448,10247422261.0,01030304,0.09573672
182,600894.XSHG,600894,2011-05-31,0.0895311357499,-0.24412205166,-1.46856639311,-0.0820587392273,0.268853299422,-1.48722302562,-0.166422970338,-0.673096186697,0.489293491748,-0.293161908017,-0.763073651661,-0.746994252633,-1.29715660003,1.80999501194,-0.627397522149,-0.401002284446,0.447734351037,-0.205806143292,0.929547846747,0.979709017346,-0.454243085963,0.332878126715,3.97457305684,2.58628449818,0.338745589093,-1.11853470207,-1.58534426922,-1.14678671412,-0.0294224423855,0.0326520879258,-0.0207052312365,0.0151641498999,0.0285162006084,-0.0170579372857,-1.07185800418,4.47167918171,-2.58628449818,2.98498860049,-1.8831606607,-3.27887393718,0.0702163004615,-2.49390719427,-2.86275277282,2.81038252663,-1.2468208947,0.225356810581,0.864852300152,-0.632733314661,0.931207446355,-0.886490629826,0.351578542606,-0.87244993129,-0.406279014012,-0.954896446577,0.17622182944,-1.00022923094,0.0565394288127,-0.00656816410678,0.00808296754236,0.0404953512737,-0.0389594195155,-0.054318288974,1.53459062533,-0.982378605272,-1.28428117388,-3.06711755221,-1.44901744877,-0.395612288955,-1.80999501194,-2.82105305921,-1.44901744877,-0.501283318893,-3.40905781309,-1.49236790352,-1.49249697575,-0.952166876646,1.37301940631,0.183705969494,3.9362076756,0.246098007146,-0.540098271236,0.831868742179,-0.346817426268,-0.906440048863,-0.54086344793,1.62821275326,-1.10221488201,-1.88719290188,-3.00472013216,-2.46891442357,-3.75331746548,0.924191778602,-0.0184160887045,1.01909676922,1.2468208947,-1.02965970485,-0.290822346917,-0.638113200293,0.547814608986,-0.565704380917,0.217718275158,-1.27847322209,-3.08528991403,0.0460434814294,-0.216710303772,-0.245603076932,-0.396040514798,0.386336640702,-0.408296749596,-0.103791262199,-0.11435910476,-1.12891300126e-17,0.0,0.0,2.72528180975e-17,-0.169654032229,0.0,-1.54582303466e-16,0.0,-7.20281929837e-17,4.18280153019e-16,-1.50590344589,0.0821922417264,2.05349377806,-1.08007937391,-0.832251917695,-0.840662703418,1.24826054817,1.34997017702,-1.65571620791,-0.0929163136317,-0.273158737042,-0.17217852634,1.56280779877,0.254336295171,0.464079702734,-1.22034225409,0.0891473007787,-1.11720057337,0.456674643677,0.0655637667852,-0.0348724777766,-0.561556543063,-1.27787665517,-0.412502825724,0.708925373959,0.487933568576,1.45180819567,-0.673698757825,-1.43026444162,1.22851668639,-0.0310171076483,0.379982642511,-0.073675575375,-0.0999725271853,0.195161636687,-0.445612800396,-0.0993701047016,0.171157839567,1.25680903849,-1.43436741247,-0.101238676928,-0.573106522736,-0.571975140033,-0.574154969911,-0.375907324407,0.111284526341,-0.258721989791,1.59152711672,0.752451018283,0.729907579068,-0.262105913439,-0.290840167629,-0.412365925726,-0.232843883386,0.223830628784,1.50517869775,1.53340725306,0.886452647614,-0.331010523793,0.525487394544,-0.29144330414,0.770512712128,-0.377877993101,-0.667472081308,-0.650205479978,-0.662734532555,1.34374096016,-0.903749123432,-0.588356631596,2.43249624896,0.145869556918,-0.0529809595329,2.13357785426,1.49324628452,-0.753663073547,-0.881177544257,1.1187397968,0.234547442624,1.85575487047,0.516265929082,0.535017294884,1.68662340571,1.68662340571,-1.68662340571,-0.039208813156,0.988519142677,-0.525092758273,-0.522509420117,-0.522894135145,-0.583050753576,1.42122608584,-1.40203054354,1.04419823005,0.199420079759,-0.670425655315,-0.162182600443,0.282773438457,-0.0404046022629,1.45134136134,-0.52602403897,-0.900966583744,-0.579094374279,0.0299257953181,0.00562080060487,0.377665241732,0.0244339234779,0.388235264334,0.02277654627,0.00148504247709,1.22271929507,0.421099465134,1.50876951146,-0.451295263997,1.84584023156,1.27851103964,-0.114769629652,-0.170931491486,0.290445581879,-1.05865868726,2.60822560194,-0.0967194079894,0.402663029928,2.54462584519,1.6882925723,5603710729.05,01030304,0.15918367
185,601003.XSHG,601003,2011-05-31,-1.39610881761,3.77488489844,-0.0632041232478,-1.13684420034,-0.341546628669,-0.133609262722,-0.606837078501,-0.673096186697,-0.884313023383,-0.704410329037,0.740352489066,1.74594764778,0.0138733326207,0.28555852689,1.01318504699,-0.311963516906,0.190385574488,-0.188518427256,0.323681839492,0.691112562624,0.42286908473,-0.00678301644345,-0.231243846032,0.185321400108,-0.634062256508,-0.567245854431,1.78655893189,-0.396493613611,-0.20141330674,-0.568352899551,-0.505083358688,-0.564634946007,-0.567645379539,-0.536314148945,-0.449017660922,-0.22924945274,-0.185321400108,1.16696877836,0.279046504754,-0.367181960216,-0.430982809729,0.249574068338,0.167183241262,0.279468766985,-0.442511835829,0.158500713751,0.206350724247,0.0,-0.235244005545,-0.19460896628,0.321886630815,0.115185019631,0.480762670605,-0.163641528143,0.141416574319,-0.594130402909,-0.570014379602,-0.489523448798,-0.565112370691,-0.571622836452,-0.524053540464,0.0174151390289,-0.921892224706,-0.688524570311,-0.310603289835,-0.253269873967,-0.256791818613,-0.265403500118,-0.28555852689,-0.281987409027,-0.256791818613,-0.921241418497,-0.0529536613729,-0.243268714183,-0.243175021581,0.877479431279,-1.07677476028,-0.871240660456,-0.0816006439243,-4.33066348085,-0.240048720244,-0.753893074943,0.866316267291,-1.34621324617,0.114039862097,-0.404502804066,0.985920631934,0.254033993584,0.64699114388,0.313836493126,0.805633407657,0.0745226037763,-0.585911865632,-0.18047679474,0.442511835829,1.03958185659,-0.273423883679,-0.330058551876,-0.527859084214,-0.306101041162,1.54701277517,-0.32181408943,-0.226062146253,-0.700681494624,-0.926231980434,-0.655983775178,-1.06263454982,-0.678801805022,-0.87392283732,0.167910665818,-1.58459945878,-2.12939049888,-0.0602735740441,0.358385364708,-0.88048576726,-1.65412681423,0.641324520598,-0.532869196599,1.04270056039,-0.356909097787,-0.118903331461,-0.983565144308,-0.755856501446,-1.1174026054,-0.761953936117,0.0424274452147,0.0420331351709,-0.44121947253,-0.287872256602,0.00104716018209,2.59496630688,0.2715432677,0.540028519776,-0.32798610244,-0.582508545635,-0.601081906931,0.713817166445,0.316144416893,0.826245779929,-0.440355175268,-0.573963834705,-0.556850625698,0.611455762026,0.552483889756,0.522386759818,-0.3851392583,0.270715274129,-0.39465298533,0.894066793016,0.87276922022,0.0176670057223,-0.6047028252,-0.545747651899,-0.487132914471,-0.445026220025,-0.277857767103,0.376745367607,-0.542537812222,-0.427882538025,0.163681892937,0.526319728127,-0.490345273998,-0.545595817447,-0.545606185744,-0.547124121344,-0.652541809376,-0.69849192116,-0.607810138315,-0.669624141786,0.405956174034,0.454008709957,-0.650994083306,-0.641214847255,-0.597885947256,-0.676712926973,0.322693115814,-1.4654766776,0.12577324452,-0.64746895144,-1.09190959474,-0.692463433405,-0.564023495759,0.777027171292,-0.652539911482,-0.621117538842,-0.623878952077,-0.621781548609,-0.377729714256,0.652717458306,0.642752286208,0.0353040274826,0.236748902353,0.329665202035,-0.431834661054,-0.736594895965,0.248445688944,-0.369465540504,-0.716692682324,0.234547442624,-0.875846924847,-0.255373972531,0.000282928236321,-1.24821493298,-1.24821493298,1.24821493298,0.446326465718,0.144659336013,-0.390592052818,-0.390813994815,-0.392429475174,0.280107933833,-0.496572969752,0.123690761308,0.0334991513397,0.389584937118,0.619778902865,0.416643904136,-0.286519210708,-0.0653745274043,-0.524022353381,-0.168973652353,0.569230658727,0.554945097218,-0.567984325714,-0.560772335853,-0.538725706532,-0.568829848239,-0.655614027972,-0.568444684562,-0.561160426029,-0.72171790186,-0.963242729159,-0.911822772255,-0.734257753755,-0.213279030363,-1.04910644835,0.524432054443,0.501601320183,0.0199847877439,-0.815845626691,-0.133531493006,0.282784995556,0.118132803942,-0.842230544738,-0.551666415793,13095873252.0,01030304,0.02544031
186,601005.XSHG,601005,2011-05-31,-0.256786198934,-0.136212136626,0.668755392306,-0.137026432271,0.300491287322,0.144476325357,1.80794520587,1.3588129269,-2.89828414165,-0.0824951419355,-0.393918582975,-0.746994252633,-0.0788257535265,0.551040893948,-0.918990939646,1.11816431638,0.263913796359,0.266724761707,0.282184167762,-0.41192157393,-1.08250017567,0.608238825595,0.340961324078,0.906324193682,0.168504216113,-0.814515116974,-1.12821276878,-0.516823639164,-0.62284982539,-0.813546371312,-0.840548292193,-0.813538109959,-0.825380860057,-0.835066665094,-0.731101842157,-0.232379583228,-0.906324193682,-0.429814951257,-1.26780666322,-0.276320650297,0.600470431533,-0.0161125816271,-0.121744157822,-0.492916777766,-0.244413493551,-1.10002703269,-0.345940920061,-0.50733162369,1.68128578985,-1.11490210162,0.0762209054467,-0.613354273886,-0.561973690662,0.143908285044,0.472672896709,1.57569019684,-0.808095687402,-0.840924566797,-0.797315717021,-0.824799787288,-0.843265468406,0.54235743518,-0.565904534828,2.59122806032,-0.442707185801,-0.91102485901,-0.831788920894,0.449120500393,-0.551040893948,-0.883469621268,-0.831788920894,0.513615421818,-1.50066564504,-1.10382322481,-1.10388300383,3.08364459357,-0.330584907402,-2.38302146154,-0.553137837913,-0.157045161798,-2.34369744528,-0.694083505897,-0.346817426268,-0.102910135,0.0640896096374,-0.778163752104,0.122487434992,-0.990936501349,-0.173113846606,-0.72410762772,-0.285967732568,-0.537730730745,-0.900136379153,-1.13213848881,0.244413493551,1.18251647978,-1.38155419327,-0.603884906025,-0.576962843775,0.323047811607,-0.743038666131,-0.821047518556,-0.892171331473,-0.413479580757,-0.63798879929,-0.225904803416,-0.813440518035,-0.429739581395,-0.454439875407,0.387271162329,-1.5628635324,-1.12891300126e-17,0.542462166397,-1.82130827384,-2.92218076303,0.176722950238,0.642577395952,2.92350940134,-1.8163171052,-0.305137069351,3.24173582137,1.53503202148,-2.97660764025,-1.73556310502,-1.16130288994,-0.749650752745,-1.72335854201,-1.50443237427,1.774893496,0.49302306573,0.135997969145,-1.65258147545,0.264604701161,-0.167058341897,-0.517411899162,-0.563956259738,-0.382363907488,-1.22979876794,-0.696281089682,-0.00698932221185,-0.849276658634,-0.756207010727,-0.522588192515,-0.252389439624,-0.866995696164,0.413731014094,-0.587474526113,-0.582672714571,-0.21614487532,-0.966539886225,-1.0762210303,-0.47167174588,-0.444427930366,-0.512482307354,-0.499070774325,-0.129741849493,-0.205865748282,-0.444204910681,-0.421080195008,-0.103394975684,0.475730675476,-0.178232109965,-0.608296213025,-0.607436649051,-0.605362040053,-0.397634766902,-0.554432388995,-0.243247819515,-0.517344400901,0.270939901793,0.136201556719,-0.354214248021,-0.326725144698,-0.279014713494,-0.442785021368,-0.344033427838,-2.77437484245,-0.179783067844,-1.5334869852,-0.890155102137,-0.553108243527,-0.0112461838519,0.591700388144,-0.397245930206,-0.54514853016,-0.543559376294,-0.545409021779,-1.11687420965,0.314443682948,0.38752777319,-1.14298453095,0.412657888229,0.379439859323,0.248577514037,-0.186779740373,-0.499758721622,-0.0954518471153,-0.716692682324,0.234547442624,-0.875846924847,0.176972616257,0.37189630627,-0.671630208554,-0.671630208554,0.671630208554,0.412871632359,0.124960245107,-0.668135054591,-0.667562386665,-0.667447730614,-0.199424670283,-0.456618822761,-0.266551436534,0.0156894759439,0.377000498028,0.483290197109,0.451665339707,-0.085034803608,0.704141509656,0.0127436025529,-0.160702214826,0.192128705136,0.202898685873,-0.811772147157,-0.818076646415,-0.483582291639,-0.814358423015,1.02955443739,-0.832708099702,-0.837643512924,0.36242653977,0.98391533493,0.712374206116,0.902378451118,-0.18828304439,0.435312595371,0.496600001604,0.22341905955,-0.492958097684,-0.459334807447,-0.734586115046,-0.810187686656,-0.831175415475,-0.0896710548953,-0.438818629814,7001833888.0,01030304,0.03217822
202,600102.XSHG,600102,2011-05-31,-0.791102655181,0.224900557423,-0.0729635834552,-0.590459973532,3.3354108072,-0.212383685537,0.67718715234,2.29378559873,0.354865807883,1.77988871565,-0.239210442157,-0.195833628393,1.92082596193,-1.16541113961,3.01561941862,0.235579007197,0.374206129166,2.93479560335,-0.580967404217,0.0,-2.32269598911,1.92431412262,-0.585083823982,-0.563046185961,-0.0868578433572,-0.652371338257,0.0,-0.920283136607,-1.12498068793,0.515472244573,0.459557401263,0.534894841182,0.499572881571,0.44488163036,-0.545339088661,-0.232345560071,0.563046185961,0.899573878269,-1.14360677382,0.512520722187,-0.47456534105,-0.139330088784,1.28170801098,0.0359185341628,-0.749340847176,-0.316636890441,1.18348209494,-0.848097088286,-1.36878222122,2.21834211418,0.353352454833,-0.386020230524,-1.40356088914,0.968372807718,-0.901514731017,1.53356824393,0.48787089402,0.401785964719,0.584716959651,0.498601840104,0.299032542596,1.49046448666,-0.575862669044,0.978330417962,-0.529312115222,-0.786417863963,-0.792806066502,-1.79736987042,1.16541113961,-0.769204991965,-0.792806066502,-0.753258178655,-0.528849827523,-0.902355613624,-0.902379462833,0.469191798578,-0.283066714999,2.84736886799,-0.489117859569,0.015712231922,2.21851400511,-1.15186918032,-0.346817426268,-0.54574439864,-0.984865692016,-0.449342117831,0.0141066989738,-0.932817485615,-0.00582874904397,-0.679407844413,0.0839637649525,-0.500115656876,0.024146094565,-0.514438074945,0.749340847176,-1.1905098394,-0.969420797303,-0.34717269901,-0.725515011689,-0.613049420847,1.94029012372,-0.821047518556,-0.833139700422,2.83190204594,3.05374117459,3.48065366315,2.17688786336,2.54840870964,2.90561864952,0.641839413378,-0.968748211172,-1.12891300126e-17,0.0,-0.905700287742,0.0646386629163,-0.812925571097,1.95389043541,-1.39390066814,0.0896946718618,0.0479896860075,-2.37791592791,0.469497016202,2.28733725868,2.32868815331,-1.51327145942,-1.56368151256,-0.840662703418,-0.908299447233,0.513778919836,0.725325526125,-0.859319581589,-0.487569470489,-1.49272909101,0.469786449159,1.05353488259,0.675734165596,-0.275928474532,-1.71975061852,-0.0413672172567,1.40833599453,0.437533060561,0.692972405854,-0.0135648256863,0.354707024908,-0.569491398349,1.05224813927,-1.15515743902,-1.15335735942,-0.575898427589,0.298604559494,-0.19450132569,1.84383020043,1.19890277612,1.1256129431,1.43524915266,-0.326942484526,-0.963775783997,1.14039983961,0.884390741421,0.728435224648,-0.612295306892,-0.0962713586672,-0.892867134275,-0.890342378338,-0.881724442002,0.648843417131,0.234149428584,0.746213441953,-0.168937284374,0.333507070675,0.0799690783971,0.0437042094936,0.0589946627276,0.0222071513608,-0.0123989643071,-0.717535725709,-0.698882812902,-0.908700535892,-0.794876920769,0.748612255424,-0.0233799270917,0.209516899954,0.359718581271,0.648031934169,-0.848560007828,-0.834151193474,-0.848738645736,-1.75280557959,0.152005188483,-0.00389599465892,-1.27822832406,-0.00204441220437,0.311159954309,0.919851822103,-1.19473186626,-1.49083495087,-1.16903189876,-0.716692682324,0.234547442624,-0.875846924847,0.593517705353,-0.139072088526,-0.632970313238,-0.632970313238,0.632970313238,-0.525844579969,-2.23671451583,-0.783994779103,-0.783940566796,-0.781290289593,-1.38227176044,-0.896114439668,0.395409111292,-2.17935301659,-1.26177312569,-0.0660983040452,-0.622325351141,0.0669602715515,1.89628715261,0.170722146597,2.69432230518,-0.308247831596,-1.62426776136,0.523960041804,0.523514260389,0.0244948211558,0.536457168688,1.28881112436,0.473633605819,0.512419210442,0.252695320981,2.28437951055,0.200720428041,3.10602166038,0.910301367503,0.386442225024,-0.73830116635,-0.778969533232,0.68214742166,-0.288788169441,-0.650741586804,-1.52972803578,-2.42559364035,0.512512011234,-0.524110956412,8512580639.16,01030304,0.02708559
266,600782.XSHG,600782,2011-05-31,-0.433609459677,-0.0551676751167,-0.346228469262,-0.744803020894,-1.5263192638,0.293217477985,0.26236048356,1.5526786515,-1.4049147809,-0.613644328757,-0.0799070100267,0.00767183286488,-0.502593004485,-0.16442573677,0.034143603932,0.145622314218,0.162812491286,-0.176993283231,0.290483702108,-1.11338555462,-0.506257877481,-0.427117402193,-0.320232795815,0.0104246828554,0.217144608393,-0.226743919126,-0.0970610943412,-0.533339525024,0.652356412034,-0.161693561937,-0.195457482101,-0.180003777239,-0.145569409513,-0.200609429485,-0.00219326002315,-0.228067148018,-0.0104246828554,-0.144745437913,-0.0370986682621,-0.0574274945812,-0.242125174005,0.278574704126,0.180489108325,-0.300562922776,-0.45591698681,-0.684600598951,-0.324698933741,0.307779367623,-0.186227133739,-0.239369330745,0.221766180031,-0.27340029502,0.131755811537,-0.0928906321519,-0.191648781187,0.585284278488,-0.163335236902,-0.219387093051,-0.186530710389,-0.141838272244,-0.210679965114,0.1337771924,1.22869796958,1.05286142815,-0.400659864995,0.0443396938511,-0.471197517769,-0.434157600868,0.16442573677,-0.0314911850427,-0.471197517769,-0.354297984031,0.138786378892,-0.539713913495,-0.539673089044,1.21458146808,-2.6469315383,-1.45594715037,-0.624378721187,-0.304918830749,-0.206648901396,-0.982462617186,0.866316267291,-0.37228397279,0.95764412586,0.270577975389,0.386213892635,-0.516807688783,-0.209834965583,-0.374843219172,-0.172259280461,0.920139481368,-0.0241961382844,-0.461017065563,0.45591698681,-1.13715277298,-0.369465736117,-0.312944404742,-0.60071700905,-0.407781663832,-0.00852283728182,-0.521015605485,0.12218441023,-0.571440633384,-0.759937837467,-0.550926316427,-0.0409390195072,-0.54102270259,-0.672571015602,0.156151137154,-0.0775752293369,-1.55670934545,-0.361641444265,0.163647845277,-0.669969354953,-1.65412681423,1.35054146168,0.0374388414751,-0.639074537015,-0.242465666508,-1.17381248257,1.03245431139,-1.56113238874,-1.17901328642,0.0705871032189,0.0899789266593,-1.72335854201,1.14803160549,0.311357981497,0.106788058569,0.377605395708,1.15351899854,0.41854528665,0.954715434263,-0.227614177815,-0.222936139648,0.426526494704,1.07903662477,-0.0940138420982,0.592280453123,-0.102148270085,-0.24903631656,-0.686324396701,-0.812841847021,-0.837937476461,0.827278642987,0.380305547861,0.600043008922,0.0498533691835,0.456999260693,1.44050104353,-0.381586005234,-0.0962918467476,-0.498496435419,-0.538861819799,0.214677030923,0.946466857039,-0.536193754058,-0.204852525493,1.20796070628,0.291441983677,-0.116968518086,-0.704302473413,-0.703277579183,-0.702328572258,-0.545015087491,-0.533811937232,-0.496106525601,-0.422677974501,0.435639730172,0.475646849336,-0.558241606148,-0.555638056048,-0.540247615442,-0.575408941483,0.307524728114,0.118964586976,-1.02851341631,-0.572415560865,-0.871259401931,-0.619141929644,-0.477539067048,0.787229963955,-0.545329441295,-0.765882928802,-0.765786532417,-0.765516310948,0.86667148479,0.428537680135,0.508995810199,0.5139463392,0.248030476269,0.250460512219,0.967655865313,-1.31709642475,-1.73124484734,-1.66471856238,-0.716692682324,0.234547442624,-0.875846924847,0.19540769923,0.484244536839,1.40827215944,1.40827215944,-1.40827215944,0.500690569925,0.556124097301,-0.832189642281,-0.83194999143,-0.833225160022,1.14326662124,0.82191388097,-0.583627017229,0.460931360839,0.674832223157,0.345084652288,0.509061581338,-0.669133837905,-1.19209832541,-0.823910766704,-1.75984680353,-0.140090989404,0.23081175085,-0.166645719514,-0.186179962577,-0.46211424462,-0.163741116894,-0.805710004644,-0.127908128795,-0.133574267091,-0.440805981762,0.693792128144,1.42890973817,-0.00829696676048,1.11574389497,-0.239423333593,0.39228827416,0.480621093823,-0.0639513207806,-0.885145099357,0.467961789902,1.34539732548,0.691126853507,0.512512011234,-0.280941329587,9377787998.57,01030304,0.04160475
267,600784.XSHG,600784,2011-05-31,-1.24249995173,1.52598993917,-0.892758240875,-0.7189971868,-2.0080998346,-2.08337519024,-0.429792674691,-0.673096186697,-0.434591317361,1.43699493682,0.531266734395,-0.746994252633,-1.29715660003,1.58959455627,0.573049352591,1.04151754226,3.6094478915,2.50836527445,3.30321466969,1.97028296959,0.0567257483593,1.02604286979,-0.092782018572,0.031840607417,2.39380216293,3.14449548002,-1.22797762393,0.283017118925,1.68282907364,2.24797066873,1.54977285214,2.15241490713,2.23300534378,1.77955473192,3.74860900347,-0.176275396542,-0.031840607417,1.55808597123,0.510509934998,-0.53651440143,-0.881335633379,0.175699875958,-1.8065203731,2.75180676658,-0.0909989878776,-0.0206327976042,1.88446764349,0.727602420005,-1.31842337978,1.98745880136,-4.43809005897,-1.2916334309,-1.00700968251,-0.0683444029304,0.276294560243,-0.486125395455,2.31250352522,1.38404319352,2.18206589478,2.25340569376,1.62640633075,0.696608835004,2.03303582461,-0.893873030673,1.75222571747,1.98308379793,0.646310974799,-0.229644967296,-1.58959455627,1.8821227741,0.646310974799,-0.578275637154,1.33156065566,0.726653928226,0.726920597206,0.509196926854,-0.150867725316,-0.193723616588,1.28008452872,0.866604887424,-0.252659109793,0.593600350901,0.866316267291,2.28880303084,-2.32242245232,3.06556186671,-2.37388218462,2.63385474311,-0.0915113599903,3.08749592847,0.661602701655,1.06590961801,1.99304116507,2.39876631091,0.0909989878776,0.763449301145,3.01646203913,1.56961178003,-0.403061081575,0.575978360499,1.75039090943,0.622548653351,1.98228178911,2.85104884019,1.12472911617,2.09520842587,1.41061621563,3.18431225932,1.38709032739,1.12338028182,1.65906955578,2.20129379926,-0.271231083199,-0.236076536714,2.90566761825,-0.0954303931287,-1.10455728427,0.702426924932,-0.554985782145,-0.0791696820805,0.394988126438,-1.53576389524,-0.375067128385,-1.47269086598,1.21786926718,-1.33656551668,1.80742481235,1.4572346182,-1.20840557143,1.15507338085,-0.733263532947,0.0640444592122,-3.28993905895,2.34727698883,3.00368923748,3.17578290233,-2.42697251954,-0.465312610886,-1.77380454611,2.4242799733,2.06254418023,2.26502699001,-1.05099887401,0.89678220427,-0.772212567628,1.79623528559,0.25344433288,1.77781649953,-1.515114121,-2.32839362727,2.55469524004,2.52148429076,3.41995439585,3.42366652552,2.45437503375,1.29037561511,-2.10064083757,2.86365750555,3.58369070815,2.04765937376,-3.13488228229,1.46346657512,-0.776910459463,-0.775011339281,-0.775216606627,0.532843131483,1.0225644501,0.149063487948,0.866300709115,0.904201183712,0.784330552713,-0.082886911054,-0.11804719926,-0.298876719188,-0.0112268455108,-0.042173180928,1.5356665763,2.2030876266,-0.447881437185,0.245679246689,-0.322270286335,-0.353860408504,0.911196289824,0.534728908264,-0.714174375742,-0.708210955441,-0.711025340518,2.50267654786,-3.48140591466,-0.0317127084169,-0.081221392698,-0.800215766767,-1.74593243299,1.06976328391,1.18513393462,-0.428859618909,0.857853121119,3.44362093702,-4.46706265725,1.49154129776,3.84511519748,2.81547032113,2.04671271636,2.04671271636,-2.04671271636,-2.53467526459,1.72501890391,-0.671615597808,-0.666438048057,-0.661894677875,-1.54211596181,3.5387958764,-0.175472660003,2.58028273294,-1.77074377332,-3.25255161074,-2.82770297447,1.85614474584,1.27306474629,2.6790603322,-0.575652664137,-3.35523768179,2.97725796557,2.23578356835,2.08144560742,3.2404924531,2.22072526879,1.19329550285,2.20165300839,2.13984013502,2.52632617428,1.47392319585,2.06607077759,0.656867006419,2.1217832248,2.07741609689,-2.9585505579,-2.21067572099,2.49143687208,-0.685617718577,1.20745675134,-1.30202539365,2.59761048753,1.18988328922,-0.0733008071498,3908350181.02,01030304,0.05400254
319,600282.XSHG,600282,2011-05-31,0.837578417151,-0.370120822674,-0.112001424285,0.417545715845,0.132335884983,0.544583098526,-0.192785786672,-0.673096186697,-0.0704145010722,0.180838315666,0.400300932019,-0.746994252633,-0.224495746043,0.051800467846,-0.51088687368,-0.285802641907,0.144430435819,-0.136655279146,0.0995944121514,-0.54389539753,-0.387949724224,-0.177060118886,-0.177850476162,0.274554419115,0.119863823833,-0.377402513517,-0.697139252896,0.389190670883,0.632330078514,-0.845317017181,-0.880713439135,-0.848612256885,-0.849488553721,-0.867402928513,-0.217578674828,-0.229287728792,-0.274554419115,-0.118423159805,0.524623558793,0.904876378658,0.251810180966,0.300747520324,0.0962186169257,-0.173613052863,-0.0537624573743,-0.553440164711,-0.685812701173,-0.245623746881,-0.100671799688,-0.312622673484,0.303830738509,0.305638360974,-0.218713950532,-0.533278862302,0.10354883617,-0.10918791944,-0.834744246755,-0.890016604466,-0.845810157643,-0.849424198632,-0.866691858179,-0.216443780801,-0.0866029901257,0.00865092082542,3.65471009096,-0.0355229673324,0.129788154106,-0.169636837405,-0.051800467846,-0.0823428894271,0.129788154106,-0.333300079051,0.0430097083411,0.0704451375156,0.0705947779674,-0.265019967432,-0.0580346570054,-0.291690312429,-0.464590986959,0.245991548154,-0.253600012833,-0.269920508127,-0.346817426268,-0.104440668169,0.763393144073,-0.825494138856,0.187515876602,0.514040116605,0.561308532934,0.509303342161,0.649473800097,1.20149272965,-0.851268687251,-0.906618658787,0.0537624573743,0.311666840902,0.159319101287,-0.22737366907,0.154807262608,4.23648077661,-0.140923367639,0.0224848272091,-0.064059050179,-0.432626375015,-0.5881005564,-0.42617058416,-0.825900219624,-0.498629132611,-0.399907090358,0.146932498574,-1.00887607527,0.261119467332,-0.904103610662,0.262724828847,-0.306435789224,0.622064784839,-0.23452484248,1.20812975557,0.818463880739,-0.556341698553,0.159894087047,0.243128462638,-0.0660659158181,-0.201457147481,-0.816102946805,1.02783701844,-0.840662703418,-0.721598475578,0.282440704591,1.04558944181,0.480463629843,1.05033383307,0.543737931475,-0.125002553809,-0.645252301272,-0.648924235787,0.145610615974,0.148123420579,0.0437293336507,0.102969886241,-0.86574813102,-0.82845752711,-0.397698788316,0.224259018814,-0.524859912241,0.707129832543,-0.193497725646,-0.553914649318,-0.0141877509677,0.296126819342,-1.03813835559,-0.726229916518,-0.562599077031,-0.607761059916,-0.60953546773,-0.0940683551546,0.766012086631,-0.515681299328,-0.480130321623,-0.214511054095,0.332816601737,0.126430076677,-0.3518356628,-0.351331804701,-0.350317341905,-0.475633283667,-0.557374763817,-0.426301517453,-0.652186829091,-0.0564334528899,0.0034054050117,-0.323462195029,-0.30729556977,-0.228824686325,-0.364146536844,0.178215306883,0.197273227936,0.148865671193,0.54118591342,-0.519815355934,0.229169236905,-0.260447985497,-0.14007455788,-0.475361958611,-0.284730584454,-0.28211945594,-0.283644367264,-0.152040917559,0.533302123778,0.163904560835,-0.559783474,0.460604577373,0.418847118788,0.766894404623,-0.625256268807,-1.19697225345,-0.862666641166,0.017480309325,0.234547442624,0.216793793279,0.0545109936456,0.383779292196,0.872556467202,0.872556467202,-0.872556467202,0.610739363868,0.592813654113,-0.128223887199,-0.128345422951,-0.130163329689,0.280107933833,-0.416664675769,-0.0971145525945,0.418633381774,0.799278343047,0.453245513453,0.637473511765,-0.351072110649,-0.238689527712,-0.474958731274,0.309391151337,0.524348399675,0.133828091414,-0.845410707567,-0.851818702349,-0.578294263784,-0.848022992195,-0.218971186746,-0.856487817179,-0.860263892084,-0.164283310415,0.0480456180554,-0.152756747038,0.174530612737,-0.39791591244,-0.916078642662,0.616114110852,0.576974725997,0.486296501769,-0.0640946957581,-0.491286296826,0.552992130881,0.0237264616797,-0.842230544738,-0.85150286808,15425494778.9,01030304,0.00753769
355,600569.XSHG,600569,2011-05-31,0.932564395259,-0.380674372189,-0.0144068222109,0.425816441834,0.131154379563,0.462938753272,0.29130788973,-0.0841370233372,-0.180400787871,-0.321176105634,0.191981059234,-0.280627570584,-0.383408465153,0.157826444627,-0.781430935351,0.741355923845,-0.0210080633918,-0.274957007439,0.182589755611,-0.982952281494,0.335157867661,-0.894932903046,-0.387939073693,-0.163282260811,-0.597581962298,-0.776005969529,0.497805467303,-0.571090121276,-1.13145979584,-0.935452976794,-0.949947525109,-0.941410086001,-0.940613084694,-0.949897426486,-0.685616723502,-0.22250436177,0.163282260811,-0.704719665563,-0.937547866406,-0.0491673754976,0.200963894424,-0.339166994135,-0.207915487374,-0.444659904881,-0.400806921665,-1.07910260544,-1.06816845492,0.855730234692,0.577716109263,-0.736944247955,0.117802252756,-0.368568794237,0.0462804789875,1.01168968281,0.658705189848,0.685728935421,-0.924526802773,-0.941451316256,-0.937240666868,-0.944994645996,-0.943831091795,-0.00732667210638,-0.910966372118,1.81641610024,-0.463730846204,-0.688564528481,-0.721337500117,0.203999414586,-0.157826444627,-0.682975550521,-0.721337500117,-0.291304269091,-0.346444745401,-0.69800989371,-0.697997299825,-0.135003300534,0.105304539137,-0.246316263829,-0.732006510866,0.148085471649,0.233602168476,-0.893556501038,-1.55849652307,0.58940103523,0.147340030403,0.0364171146183,-0.108724801847,-0.883875156576,-0.397520684799,-0.646072412795,-0.423933987791,-1.44229352459,-1.16706957793,-0.786981188675,0.400806921665,0.972982890464,-0.940228744891,-0.364286846145,0.513778790085,-0.315951351484,-0.705843671778,-0.715298565589,-0.659717589743,-0.609734221899,-0.69342018028,-0.567341544357,-0.825900219624,-0.546321898838,-0.613843400934,0.411833099811,-1.59351676192,-1.12891300126e-17,-0.180820722132,-1.48307995062,2.72528180975e-17,-0.318101310429,1.10515687462,-1.54582303466e-16,-0.470897027274,-0.271855051071,-0.0571157954674,1.57960313339,0.102480200127,0.221602862229,-0.545357893363,-0.710731465115,0.0420331351709,-1.34065959212,2.23676666879,-0.171600589839,0.478275156776,-0.64217089408,0.610507342048,-0.215122099713,-0.885639315056,-0.840676289845,0.0469665966991,0.0498611414843,0.11209389143,-0.187085102042,-0.943760764009,-0.929665754721,0.164829616609,-0.0271035695121,-0.123962210316,0.274499641421,-0.836447057897,-0.796764512934,-0.494156532421,-0.0299024890413,-0.242633595108,-1.04704413836,-0.735505679765,-0.799192682034,-0.700401586498,-1.21596115219,0.193712671908,-0.916907733432,-0.726027785147,-0.526550592137,0.265063406223,-0.284201566188,0.327425804862,0.32605377199,0.323211336433,-0.573297894764,-0.567738410558,-0.448276498483,-0.562284811603,0.0198846121568,0.208844492048,-0.407837158598,-0.410546981146,-0.360754141901,-0.351840445338,0.641598966517,-0.457615068484,-0.436142471207,3.48199245325,1.98136743255,-0.5810162843,-0.246662522952,0.149004567554,-0.57343808005,0.252550939681,0.241351641156,0.252367729832,-0.0543277390947,0.539238218205,0.416520002577,-0.329287663773,0.457888642911,0.414778193836,-1.06807077836,-0.315112269376,0.44214291732,0.176154774776,0.017480309325,0.234547442624,0.216793793279,0.089625437405,0.465879922226,-0.784296189189,-0.784296189189,0.784296189189,0.533044915344,0.666685245008,0.214920016551,0.214468241901,0.212915772837,0.152232572735,-0.136985646828,0.0522242813237,0.523265224724,0.701399372347,0.534795369093,0.594669534956,-0.650579930978,-0.527238007973,-0.209238820192,-0.177245089881,0.586668022886,0.188799739787,-0.935953479987,-0.944881079951,-0.574926726997,-0.939461902894,-0.0279399437094,-0.95027672526,-0.952522155973,-0.0677198378809,-0.219523281475,-0.76660565101,0.221399602329,-0.565267639599,-0.950406017604,0.831286284056,0.583191089363,-1.47221269714,0.479016079701,-0.772181381335,0.0611544238857,0.116821604744,-0.842230544738,-0.560200622665,8641201005.29,01030304,0.02493075
402,600005.XSHG,600005,2011-05-31,1.16873886625,-0.403712940752,-0.121760884492,-1.18000492059,-0.315898534631,1.30907105864,-0.5277486295,1.66310849463,0.616388756493,-1.0069636633,1.65864486947,1.25414278307,1.74867051623,-1.99692194963,1.35673306181,-1.97478544886,0.0433291307456,-0.269194435426,0.174290221265,-1.76041675204,0.53913744224,-1.38745644499,-0.63754374333,-0.698680374851,-1.35150804264,-0.314571799264,0.429310193622,-0.018987651091,-0.39431401933,-0.795726218509,-0.77631531401,-0.810419870846,-0.785686075569,-0.803619031816,-0.291730885071,-0.233396025058,0.698680374851,-0.72061164615,0.140732991559,0.752064175612,-0.481829096271,0.112102607911,1.6124538494,-0.711940516184,-0.102914677639,-0.871899740453,-1.42928222236,-0.872632201736,-0.563050298289,0.171323714845,0.0507948302001,1.49280140011,1.71806513115,-1.06607642599,0.166587203631,-0.257154779652,-0.79414608052,-0.765021925309,-0.820420644777,-0.787773300158,-0.793444859625,-1.24836318701,-1.18074128089,-0.334890454261,-0.368653695426,0.0712925121723,0.0193367333293,-0.10691891127,1.99692194963,0.0154161747296,0.0193367333293,-0.333300079051,0.149288206804,0.110738659752,0.110895486166,0.154445568758,-0.583231865463,0.440481835435,-0.461928530392,0.119997331222,-0.229914731767,-0.0630117287266,-0.346817426268,-1.58752730919,1.45714665046,0.564524587845,1.24964708958,-0.131386847599,1.3650930261,-0.148313808856,1.00272805798,1.10566340431,-1.21436089267,-1.79078434699,0.102914677639,-0.264745263545,-1.13564034374,-0.295830257607,-0.277553999375,-0.487537402239,-0.574125618382,0.039699773041,0.0710325670339,-0.648027810415,-0.776567251763,-0.61330418256,-0.65769424817,-0.631109038796,-0.773246926461,-1.43015698496,-0.123833739338,-1.12891300126e-17,0.0,0.0372392800316,-0.33157207726,-0.367583736496,-0.446260777194,-0.891539486169,0.818463880739,-0.323108061678,-0.0495807301023,0.0986565826718,0.594073038301,0.47831403317,0.256724327461,-1.05780518884,0.0420331351709,-1.5096731033,-0.328035141194,1.22642509326,-0.927599941269,1.15478853578,0.872020866794,-1.20042913493,-1.00132311451,-0.974634810643,1.21586753166,1.86227512516,0.446311228907,0.0245112222529,-0.772803929574,-0.853595284942,1.07376952688,1.00717440253,2.38239905115,-0.0493770972533,-0.0589120860845,-0.510311978774,0.35496363546,0.814516516846,0.472221443041,-1.16450591061,-0.883451900912,-0.909331423527,-0.968248773194,0.395127102183,1.46720776593,-1.07896317475,-0.833490331744,-0.951059251883,1.14937811408,-0.638536935435,1.09808524966,1.09440022803,1.08861729831,-0.192608272367,-0.18360015533,-0.248156754163,-0.482724128533,-0.95167648304,-0.687976878298,0.230917313115,0.236929630067,0.361085313138,0.265588307499,0.505618205749,-0.0954551607024,-0.118872609082,-0.820966693233,-0.179376999629,0.0233960491553,0.0284672879721,-1.57129165628,-0.192266361749,1.38337688272,1.35313026764,1.38193906016,0.921225357067,0.682791374974,0.435414265994,-1.24861095785,0.508864643569,0.448946015692,-0.311451508408,-1.86085895777,0.545756496427,0.494058277261,-0.716692682324,0.234547442624,-0.875846924847,0.0251026469971,0.538798244951,-0.663898229491,-0.663898229491,0.663898229491,0.73223323238,0.893471029058,0.981046002964,0.979869914664,0.978193364466,1.97445646837,0.502280705037,0.408342297559,0.716945444653,0.925122733947,0.792321229009,0.794097154181,-0.811649887347,-1.62129896423,-1.51608247325,-0.771410018961,0.767258463871,0.8560074409,-0.79966226541,-0.813584146484,-0.783714007814,-0.79868954633,-1.31740083421,-0.775892130428,-0.779912486628,-1.20014601578,-1.11764712839,-1.35135638112,-0.647868887538,-0.989096414847,-1.64522161535,1.01090827212,0.880799485515,-1.74267349127,2.03163155866,-0.945071292363,1.78258639837,0.333169472429,-0.842230544738,-0.927490068695,42797626449.5,01030304,0.00300065
537,600295.XSHG,600295,2011-05-31,-2.16667752686,-1.69885854693,2.96222854104,1.91553590515,0.0431821033998,0.247397681799,2.34657372782,-0.673096186697,2.26618305847,-0.643899662184,0.628533733821,-0.280627570584,-0.171524839674,-0.284644167135,-1.42523146722,1.06951426813,-0.95849289225,-0.782063344511,-1.06234039628,0.186325525272,-0.258422694366,0.224966501479,0.511907229711,-0.303675544048,0.776509119614,0.651534882256,-0.387421493642,3.54136545792,1.1120785683,2.83603571123,3.16278639917,2.8957886083,2.81403902727,3.08993860966,0.939234027756,-0.226127828041,0.303675544048,-1.22289684642,1.25570927139,1.23941120154,2.63432189318,-0.304464777038,0.221040322232,-0.84189113073,3.6877641276,0.81430288495,0.992304218069,-0.286515602632,2.16629651088,-1.22135828188,0.195727682706,0.531459946524,-0.453196403151,2.4093808526,0.535541879047,1.3823612335,2.82890354136,3.26307607545,2.88390457186,2.79773613806,3.16026318889,0.255455976645,0.741225447973,0.321525890678,0.394473798607,0.426060642982,3.45632506222,-0.182385197008,0.284644167135,0.373987441087,3.45632506222,3.41832561075,0.592185295917,3.16153391481,3.16223482122,0.177977997156,-0.0508371564559,0.762225089145,0.472997126882,0.181999048114,-0.235693996075,3.08782102758,-1.55849652307,1.75311642159,-1.97277068511,0.163461836951,-1.84281657813,1.07381800499,0.185937094503,0.932057224958,0.892051831258,-1.06739974847,1.54692642932,0.539907116201,-3.6877641276,0.92157316223,1.60946349694,3.98270652597,-0.565794840698,-0.0913007257723,-1.54921457584,3.48760749538,0.423219017445,0.117843959896,0.714536896847,-0.0223559770854,1.72210875536,0.00479451089049,0.346772581849,0.521104936909,1.59999242252,-0.034765795274,0.0602735740441,0.030406384613,0.198489396711,1.09214783247,-1.61886261682,1.15577725989,0.790434295782,-0.429247207694,-0.0194404686419,-0.903205405603,0.122768158528,-0.295926858387,2.29069654145,1.28337972154,0.92472897376,0.762182930736,-0.729663987104,-1.0598709243,-0.487716854864,-0.412102534703,-1.96475172965,0.604965768015,2.06214075446,2.08842245208,-1.34533541781,-1.23443997292,-0.2347146934,-0.95877724482,2.91331360287,2.85362841114,-0.188517867689,-0.952686868688,-0.383903158689,-0.819070842594,-0.527501221559,0.235266827552,-1.17680222919,-1.01232645946,0.519962767126,1.79266772746,1.26947603777,1.59239141895,2.89148263776,-1.34662632169,-2.31718656206,2.22037000772,1.68504098758,0.765522488236,-1.57149988019,-0.187338860109,-0.695319721921,-0.694730540578,-0.693125645377,-0.202550633451,-0.194192858418,-0.282581695405,-0.27277455027,0.581169260504,0.576883315409,-0.567052262681,-0.566754416329,-0.575768810278,-0.588277683102,0.21689797483,1.29498921166,-0.213250352878,-0.589552072292,-0.272105546544,-0.555178413509,-0.531075065668,0.678352275121,-0.202907044181,-0.729898040547,-0.733132973122,-0.730382071062,0.127539720758,-2.02573982287,0.650029014668,0.778052521669,-4.2306499094,-3.93880428855,-0.400211044807,1.12742239,0.126562802373,-0.118175125327,0.996377631523,0.234547442624,1.67364808411,-1.32197520172,-2.77115347102,-0.523618037917,-0.523618037917,0.523618037917,-3.29522247953,-2.37657806125,-0.723152003988,-0.722770678486,-0.723075602351,-1.797866684,0.0627850881296,0.664121861649,-1.52039502694,-3.38295024785,-2.40357469255,-2.97848971096,0.741220271389,1.02945572052,1.63423537862,-0.0917735687608,-1.90050662318,-1.90596185587,2.84673321862,2.93444091689,2.55898719575,2.84569809427,1.20011804724,2.79454999113,2.80818880556,1.35439675762,-0.169830086679,0.102619079864,-0.312683549093,0.403058624962,1.23052653703,-2.63064687656,-3.1843136332,-0.278454709232,0.12006812304,0.0355416984532,-1.62991719831,0.61376610082,1.86725456721,0.175286523653,18730800000.0,01030304,0.06884518
560,600507.XSHG,600507,2011-05-31,0.158912689922,-0.260464859183,0.805387835209,-0.35304922239,0.542949744324,-0.744111039541,-1.04130663004,-0.673096186697,0.384195484362,-0.456764822101,1.28412862759,-0.746994252633,-0.899874802258,-0.144389331709,-0.000211197550095,-1.07797229539,-0.443795339151,-0.545797892011,-0.215787892995,-0.214731113764,-0.662302252034,0.348506706922,0.316629380466,0.412568155179,-0.500301177738,-0.321327790044,-1.24584595619,-0.0425817737485,0.777520996539,-0.358158898026,-0.248021208773,-0.350129101886,-0.358839588384,-0.276858832309,-0.171329100398,-0.223422987021,-0.412568155179,0.236700024528,0.120973918246,-0.317621245715,-0.568994158912,-0.278209347064,-0.533592424061,-0.00382602231238,0.0460314443745,0.235053496381,0.843610313832,3.00936797094,-0.773144866188,0.490859271909,0.0377016685283,-0.530750808795,-0.0993828627908,-0.985218259145,0.188044911041,-1.22595969651,-0.358341120692,-0.169722401708,-0.371699866373,-0.344636604668,-0.23962846338,-0.0483895908341,-0.594803414925,-1.0060577283,0.727400719318,0.835331886703,0.129788154106,-0.144802170692,0.144389331709,0.744209694606,0.129788154106,-0.480285413913,0.502336323787,0.225863009,0.226040366734,-1.60283852184,2.16342247685,0.132144550631,0.337897626269,0.190062252162,-0.223989679733,0.19465436062,0.866316267291,-0.155458440478,0.13068994625,-0.910190620411,-0.892678792376,0.446744414176,-0.0792709869979,0.619916365259,0.250736161376,-0.432821257889,0.551706983487,1.69117785131,-0.0460314443745,-0.72665388238,0.485219174422,-0.193145374801,-0.407670098718,0.189909746299,0.18598309649,0.140530170057,0.819011412512,-0.590587427642,-0.416263275333,-0.557492407599,-0.29013305129,-0.535723506343,-0.529946808551,-0.112450784396,1.65349624132,0.0398562944156,1.44656577706,-0.239492984424,-0.697933475394,-1.65412681423,-0.48205721586,-0.928297621435,-2.32084963442,-0.457987819971,1.17109985904,-0.571666592915,0.320965905982,0.301696747563,0.848979131866,1.77028010196,0.92472897376,0.868307693572,-0.826054910123,-0.567661078709,0.461205066856,2.79615912419,0.623490282993,-1.28411157041,-0.503294554144,-0.40358877341,-0.795450494667,-0.417259731081,-2.35638212501,-1.34412493994,-0.322492023395,-0.407379546041,-2.7400958739,-2.28358087945,-1.5891372888,-1.55245217907,0.142904079512,1.35231889894,-0.146162945226,-1.14323373084,-0.971079732743,-0.350274398788,-0.694285151121,-0.588530486004,-0.639824173986,0.283797792474,-0.0847032595794,-0.522800742379,-0.696792183245,-1.64465699848,0.488287601045,-0.547469433993,-0.281411455142,-0.281689884678,-0.283915661674,-0.587280966734,-0.563380190798,-0.575782583762,-0.461546884375,0.323859375115,0.408606987386,-0.570499719506,-0.566519544916,-0.530255003422,-0.575361534366,0.413082137409,0.00943961499628,-1.0117797738,-0.501166928774,2.01931100288,-0.614045709807,-0.539413929118,0.418875618539,-0.587136228535,-0.284057951151,-0.291251837704,-0.283795260849,0.363451798537,0.0507719095448,0.586069495959,1.28119596776,0.309556837718,0.230338842252,-1.69526603359,1.710844415,1.71287790086,2.08791898391,-0.716692682324,0.234547442624,-0.875846924847,-0.55340781394,-0.317857013133,-0.00778457756019,-0.00778457756019,0.00778457756019,0.259133467222,0.434974688232,-0.205982046969,-0.205237783345,-0.207184281793,0.759640537948,-0.216893940811,0.460955470801,0.376335402709,0.602122130638,0.200011751202,0.456529427981,-1.26230775341,-1.21024078707,-0.375657932161,0.408648401671,0.130263969685,0.11787776857,-0.358006315533,-0.33923895216,-0.371190751361,-0.357609429995,1.34339147952,-0.344399315088,-0.372745661749,0.783794419918,-0.902308935529,-1.58440929851,-0.179789253641,-0.975452625607,-0.193579678026,0.194423427931,-0.0870105860439,-0.530263034806,-0.841647494572,2.02051077966,0.121875128453,-0.565001978262,-0.842230544738,-0.166414537723,7517066203.3,01030304,0.04844291
622,600126.XSHG,600126,2011-05-31,0.386725594686,-0.305867269618,-0.375506849884,2.26718301473,0.0355769058455,-0.728474910389,-1.30054099065,-0.673096186697,-0.532356905627,-0.850084156646,-2.07273167542,0.23661547678,1.53678689075,1.83420566806,0.10376839628,1.22280781637,-0.0393901188596,-0.286482151463,0.0497972060757,-0.483300412375,1.20207105962,-1.05434442115,-0.666916319762,-0.987795356433,-0.767823335278,0.178615527666,0.226057914112,-0.396493613611,0.412629419595,-0.532885126545,-0.507740197202,-0.528521386044,-0.538792679503,-0.517282653452,0.379079058109,-0.195158248944,0.987795356433,0.245309761027,1.30651831706,0.590991853481,-0.779643060297,0.138850767134,-1.09687412973,1.10366308643,-0.518474358055,-0.962742375841,-1.42928222236,-0.790848490233,-1.31213011461,1.96033535662,0.23648542791,-1.1681936049,-0.671900401961,-1.30287534319,0.195091332168,-1.46573081306,-0.525303484441,-0.500586076587,-0.526509948068,-0.543480652059,-0.507389909109,-0.0712785246551,-0.0340496391744,-1.11513696717,-0.425448957112,0.177975219173,-0.201566108225,-0.219059825718,-1.83420566806,0.171733585821,-0.201566108225,-0.984235133438,0.244924852983,-0.125266256205,-0.125151518998,-0.575648022282,-0.595056330652,-0.347376644801,-0.579076619309,0.279027902525,-0.276426489749,-1.11727661876,-1.55849652307,1.88270156326,-0.704589275436,-0.785636971065,-0.00756944822982,0.348859756098,-0.132312603298,0.0888223297019,-0.196517083578,-0.844635964372,-0.57382630742,-0.770347101922,0.518474358055,0.900152442132,0.253901351104,-0.415629287547,-0.370443421794,-0.106235067227,1.40693437901,-0.189013078726,0.175339589321,-0.499640154917,-0.554841727807,-0.491831495879,-0.321282305263,-0.498629132611,-0.538336467789,-0.10191196805,0.286362204771,-1.58621110184,0.87396682364,1.0143433249,0.363132083351,1.31481874977,2.24446802629,0.733615645764,0.426049691343,-0.554525136152,-0.387151658458,1.18197612029,0.065025507695,-0.50951055261,0.277030206469,0.637676741107,0.0420331351709,-0.946949823822,-0.906380679305,-0.648604332784,1.08579528009,0.357589680465,0.337865582207,-0.756697656527,-0.656624606981,-0.62787361109,-0.272906350437,-0.379379997537,0.158233630055,-0.418094368607,-0.532386428614,-0.52058160582,0.193819425692,-0.0804695240779,-0.169341400137,-0.0471922269169,-1.17766105498,-1.1533036395,-0.785925321079,-0.0847999192923,-0.639052161864,-0.713817718935,-0.679418730954,-0.625243399835,-0.386824392317,-1.52321640237,-0.597710392597,-0.560724112292,-0.589329636649,-0.759100571402,-0.15283830371,-0.274266929667,-0.624907869339,-0.624505430525,-0.623571178954,-0.611623701332,-0.637748176371,-0.59094901496,-0.677264152912,0.445653972458,0.484123319832,-0.588252358587,-0.583810963104,-0.563426041308,-0.599801730054,0.306352814268,-0.138852835872,-1.156693118,0.387678251918,-0.651967325688,-0.667665877002,-0.548315298924,0.5519909275,-0.61158066162,-0.713562068485,-0.711699313912,-0.713093977449,-0.235456780139,0.293635385086,0.450954009198,0.290763839862,0.311646018073,0.305307391022,-0.440312894367,0.340898900487,0.388775254896,-0.166238063812,-0.716692682324,0.234547442624,-0.875846924847,-0.126767322262,0.0407931075278,-0.39327896228,-0.39327896228,0.39327896228,0.182429457844,0.252758097356,-0.850188231794,-0.850101610639,-0.850913071036,-0.455175392478,-0.416664675769,-2.02060723415,0.189333811053,0.382593582068,0.377704594544,0.253210538137,-0.42624298901,-0.0869467477126,0.184579121746,0.591998600204,0.188186344543,-0.266781356447,-0.531605751656,-0.526667981538,-0.334147846699,-0.533308777082,0.292719642816,-0.547564283869,-0.545196219401,0.252695320981,-0.828248924994,-0.33986976368,-0.940344540019,-0.592348722931,-0.774561271127,0.476252198269,0.267710648534,-0.744766423258,0.567282839229,-0.692808766355,0.0156138954602,-0.140173438081,-0.842230544738,-0.39576221964,4345702725.0,01030304,0.03474903
632,600307.XSHG,600307,2011-05-31,0.0212137809154,-0.226615211834,1.07865272102,-0.901518178713,-0.629321446934,0.494507900103,-0.462100047649,-0.673096186697,-0.21706288347,2.77943528664,-0.148070497813,0.0670275923984,-0.145039386489,-0.0675831123087,0.137489605112,-0.182994992788,-0.241592729006,-0.367158159633,-0.199188824303,0.694193663564,1.25408585114,-0.494394718892,-0.435358360221,-0.329850562957,0.290105196813,0.381295251061,0.934090580099,-0.113364141721,0.588743352615,-0.519772648964,-0.449914888375,-0.500118820476,-0.530144522728,-0.455745016275,-0.0495895181168,-0.221764358094,0.329850562957,-0.373529272997,0.358082798008,-0.140028685417,-0.750588039416,3.54128701017,-0.155959244556,-0.210295625018,0.367755067923,1.5007261692,-0.218489002144,1.52635666902,-0.491967248109,0.0804334523764,0.00201224397122,0.68642870075,0.104692105999,0.178561785121,0.0995987750965,-0.314397433603,-0.525952862692,-0.43405413158,-0.493889841093,-0.535649113519,-0.425993543395,-0.439358586985,-0.44770241818,-0.462990628022,-0.0661640144028,0.91134414527,0.107048155711,-0.203963489257,0.0675831123087,0.754343626148,0.107048155711,1.17154977786,0.736317049651,0.199960030419,0.200132768607,-1.51812177961,-0.507878441344,-0.211254499001,-0.284512106476,0.352993480928,-0.242342513482,-0.142542290809,-0.346817426268,-0.0202613438598,-0.679614149206,-1.17424435702,0.198353950204,0.342741964968,0.218578089149,0.133522113008,0.114286018848,-1.76578315987,-0.0131614981774,-0.191992700954,-0.367755067923,-0.0283384071942,0.749991089806,-0.278716110473,0.515196949206,0.279515795027,0.0401036461612,0.120855946249,0.924386880609,-0.413479580757,-0.33311620385,-0.406472310644,-0.470798724333,-0.445637170137,-0.441855386549,-0.635132672068,0.0472670145224,-0.051252070903,-2.16984866559,0.395966289511,0.0391881712793,0.226205376305,-0.421829707804,-0.603043818471,0.594227201084,-0.252975777544,-0.584570371024,-0.277892466176,-0.125369178836,-0.31851744143,0.750834049993,0.290082109139,0.92472897376,0.269554402017,-0.933691440827,0.0548533695383,-0.149378918752,0.454850338828,0.323955288337,-0.710779602186,-0.41506114778,-0.364549433063,0.187259263652,-1.0104901126,0.47157822863,-1.08246948823,-0.559252252523,-0.443648565919,0.279702494793,0.540862661223,-0.386642791826,-1.25530028429,-0.287047359625,-0.377928182747,-0.0153941611779,0.531434704438,-1.35977137999,-0.267930063604,-0.504527123255,-0.141856701061,-0.255573331874,0.572955970537,-0.574509064973,-0.170564535208,-0.356964493807,-0.48548052419,0.410416595,-0.225421633439,0.141003811015,0.139317619503,0.13829431861,-0.337843090428,-0.382220448202,-0.391266770665,-0.395356220777,0.285721318982,0.292537918847,-0.231654906183,-0.236329351164,-0.254094827262,-0.228993785471,0.136560034136,0.727217641675,-0.199194093164,-0.620594070084,-0.12872724071,-0.282166297264,-0.339849507653,-0.150852155762,-0.338016466261,0.131848159584,0.124161347059,0.131623105671,-1.37747239206,0.40901299507,0.296594471443,-0.131495004943,0.370247527026,0.3855711161,-1.36135556781,1.73469513402,0.492488162276,0.445851437762,0.506928970424,0.234547442624,0.945220938697,-0.494591120643,-0.419942664947,-0.217652580703,-0.217652580703,0.217652580703,0.18176916508,-0.442619811608,0.488415398535,0.48803128449,0.488273074226,-0.934707996594,-1.37556420357,1.00354210219,-0.520826995354,-0.0984116453702,0.444661318122,0.148146231424,-0.68037640329,1.22007978318,-0.227564331301,-0.761760008512,0.770745936702,-0.27831685779,-0.515434778252,-0.490099998229,-0.446960329076,-0.516377479053,0.511041063429,-0.544452173193,-0.530186682936,-0.20817579793,-1.140049124,-0.614165314061,-1.19253424226,-0.768640179105,0.741822833561,0.258507314298,0.178738947857,0.486296501769,0.455227499252,-0.541792467698,-1.78171895973,-0.803640232315,-0.164859266752,-0.177162855099,21397799327.5,01030304,0.04780115
699,600010.XSHG,600010,2011-05-31,1.70358918994,-0.443501213085,-1.21482042772,-0.821592181801,-0.895145523522,0.770614231328,1.35564198446,0.975989470711,-0.165735949631,-0.475814476481,2.10591989045,-0.594365156689,-0.145039386489,0.321457085958,-0.920046927397,1.51011847864,-0.691953087967,0.00164644914634,-1.10383806801,1.08241238202,-1.04170426075,1.72099373631,-0.112695629712,0.372115853229,2.1627602996,-0.699663273716,1.70317338132,-0.481432455178,-3.00480549474,-0.12314484965,-0.377164398486,-0.117348926218,-0.118706550859,-0.205719052788,-0.632678161035,-0.229500373527,-0.372115853229,-0.618887799051,-1.03916595773,-0.937130176985,0.121062587003,0.71696295581,0.0366590215004,-0.55532001821,-0.564647655879,0.469815363114,1.50211188974,-0.888988944037,1.18238790914,-0.974073969845,0.193552528428,1.52339958506,0.847846831055,1.469404663,0.399647582383,1.69017550474,-0.131852417232,-0.457584991629,-0.116344487439,-0.112001394265,-0.169154682307,-1.02467090231,1.83848541091,0.0350473202671,-0.452748337038,0.63929328448,-0.604388936941,0.00309727657809,-0.321457085958,0.532792823395,-0.604388936941,-0.27030636411,0.532908311706,-0.585763653194,-0.585731041271,-0.964521401555,-0.864375050189,-0.206098357115,0.333863601169,0.777339022703,0.560172646448,1.77976958781,-0.346817426268,0.369004258856,0.946544069758,0.335345873049,-0.657853864337,-0.789049394063,-0.695369760945,-0.55515759929,-0.669544244342,1.21182983973,2.79962081098,1.57409947147,0.564647655879,0.0328080119938,-0.523132700018,0.0806809793474,-0.180410099594,-0.520901356553,-0.815039985474,-0.604631056669,0.628828058175,0.979449701496,1.55155074978,0.919878106089,0.650574418691,0.778477163009,2.23444591046,0.068047355884,-0.11435910476,-0.816562339579,-1.80820722132,-0.700713425182,0.372243987764,1.21585389764,-1.34627273637,-1.59774123644,-1.98449461494,3.87645982388,-0.623752710922,-0.867197216675,-0.359461006538,0.137401598161,1.28893984371,-0.489122213562,0.0420331351709,1.0910386773,0.133034773912,1.19998986866,-1.14688494255,-0.319003137285,0.152394997281,1.47397567495,0.320609387062,0.173963820547,0.3185799997,-0.0155845367675,-0.149702647508,0.471641753202,-0.137841043303,-0.0999759845799,-0.461303918439,0.35618099227,-0.27414843158,1.25073510128,1.39672146451,1.74331040256,0.831292910481,0.692513624135,0.0350065810405,0.103181669703,0.465549026766,-0.0579414694475,-0.233599172433,0.825148006254,0.936155155873,0.259915055984,0.258430453166,0.735214318479,0.763636587615,3.97196229666,2.9832585957,2.98993991708,2.98157380971,3.66946024749,3.80255446345,3.41794171867,3.56210830963,-3.99922946583,-3.84288674027,3.57868903904,3.57288437332,3.68525589553,3.52376776657,-1.06715465676,0.0930473906201,0.478853101632,0.0589403246705,-0.469431894381,3.37183538884,2.91786643639,-2.55526239276,3.66879455975,3.0553915077,3.08748155997,3.06159925292,-0.267552535567,0.364986551567,-3.7509810848,-0.466932197764,0.480033954673,0.433785089844,-0.874196669672,-0.457052617666,0.273008152027,-0.156217320513,0.017480309325,0.234547442624,0.216793793279,-0.118866572417,-0.0575115942195,1.12439807097,1.12439807097,-1.12439807097,0.491776617616,-0.266805425276,3.60917068194,3.61293807309,3.61258813214,0.376014454656,-0.456618822761,0.724992843964,-0.34940886967,0.435727880448,-0.125329251826,0.483768322314,0.391672012973,0.0176128104534,0.157858179439,2.00227869869,0.435796915599,0.38632739858,-0.122683179109,-0.118550931358,-0.245750006031,-0.123640674194,-0.328131897052,-0.109900445649,-0.114984717512,-0.335464011725,0.591100576024,0.884636390813,0.224429271986,1.10040281633,-0.438669752879,0.158405477199,0.130173609059,0.0199847877439,-0.017895047314,-0.414696143869,0.288857066013,-0.213600593174,1.18988328922,2.74413286915,43937722627.6,01030304,0.22222573
706,600019.XSHG,600019,2011-05-31,-0.357383088501,-0.0930656826021,0.141744541107,-0.315811471985,0.477981589187,2.3846981963,-0.52490558068,1.3244569757,1.26408577875,0.56183140326,-1.55959081231,3.24680042455,1.76191324282,-1.06439426409,-0.0969396754935,0.427884386576,0.263913796359,-0.176993283231,0.381778579914,-2.03720231983,1.13169810639,-1.7820408843,-1.02112967792,-2.21088260362,-1.86223216158,0.381295251061,0.809756768091,0.797368992858,0.122836593353,-0.264128631161,-0.155891426196,-0.270867814657,-0.246209464016,-0.214926248403,0.58796659882,-0.217949511562,2.21088260362,-1.06731473576,1.96703591068,1.14028977254,-1.0701932691,-0.373622846608,0.693081796614,-0.645924134242,0.3364763823,-1.01632932368,-1.79039598979,0.0869633465648,0.0386322801302,-0.420214564484,0.265248147583,2.60748280719,2.71921324993,-0.707990258526,-4.22776427287,0.0690203428587,-0.273897896964,-0.121801701098,-0.290585318776,-0.247499849596,-0.194089313166,-2.48057243483,-0.625801619555,0.0125327442727,-0.230587865913,0.0252868395205,1.1108566563,-0.1655413499,1.06439426409,-0.0259691025857,1.1108566563,-0.417291698972,0.11456216251,1.30227567446,1.29976637803,0.0338418732196,0.0406004780749,1.51811548969,-0.644266464932,0.0593157058307,-0.288967717203,-0.0927548657653,-1.55849652307,-0.125868132539,0.929893985605,0.454917376421,1.28216131038,0.832165255359,1.05908370129,0.198677729353,0.552442587632,-0.217524206657,-0.810808340193,-0.136012601302,-0.3364763823,1.02322421578,0.0531184146093,-0.330058551876,4.13114816771,-0.329296933209,-0.724611788195,1.19801969973,0.0431194202247,-0.638454413286,-0.89851628994,-0.633002456076,-1.06886440061,-0.615211450054,-0.848753859605,-3.44113133086,0.651971633216,0.773061710551,0.361641444265,2.3330921407,-0.213745727089,-0.713960718963,-0.370193345027,0.819384628053,-0.0224236679654,-0.549205203406,0.1960624008,0.826505035692,1.38530341593,0.26267664958,-0.227232455568,-0.369387732116,0.0420331351709,-0.914195267391,-1.54818357507,0.0908801358029,-1.11449554117,-1.15717983343,0.770939398009,-1.56777356967,-0.866424039892,-0.811970892531,1.08492456112,1.51385658593,0.60788481911,-0.369712316888,-0.210601503962,-0.349484660969,0.91299231919,0.696318853922,1.58029405123,-1.50454430259,0.0687900944763,-0.860440527904,0.785672356313,0.710812767552,0.143206450897,-0.880452552687,-0.867022817262,-0.835031478869,-0.560242083038,-2.51904011171,0.920687604124,-0.831826864499,-0.797307656122,-1.65362177763,0.893993735785,-0.798319006147,2.25607062574,2.25343486619,2.2735905324,0.430404712195,1.09876949832,-0.0954727905837,0.922609286804,-0.579802107315,-0.13726954995,1.12614187121,1.02022343525,0.793638613027,1.55482187556,1.25332720521,1.09381968121,-1.55930455696,0.741033872453,1.29841360049,0.893262134279,-0.0165927834218,-2.41505781941,0.430863009867,1.73900294203,1.72574461413,1.73218517697,0.598994666911,0.536248039737,-0.896668577303,-0.36033066274,0.502074807416,0.445768909908,-0.828274522644,0.256902889996,1.97101079929,2.36418276587,-0.716692682324,0.234547442624,-0.875846924847,-0.344037943024,0.025669307259,-1.11456215203,-1.11456215203,1.11456215203,0.511805498114,0.467724426863,1.35039947702,1.34666670187,1.34827888722,1.43098618371,0.142693382113,-0.210264752638,0.316227748248,0.639875447907,0.727081344497,0.58105008779,-0.567032239194,-1.25713552453,-1.3869914344,-0.261338038081,0.511914800884,0.0329992648637,-0.26790390245,-0.265644074259,-0.619125647331,-0.263002089255,-1.18777249072,-0.225021941445,-0.223154150798,-1.07285780198,-1.28515642089,-1.16465398656,-1.01574868968,-1.54088670845,-0.612373652316,0.748024008338,0.643412109472,-1.50019139998,3.1557876833,-0.961570397889,1.34539732548,0.182381564649,-0.842230544738,-1.10330283638,1.11551746321e+11,01030304,-0.00749677
729,600399.XSHG,600399,2011-05-31,2.09235075403,-0.465077015389,-0.50237983258,1.89009538581,0.0438144970833,-1.16193216156,-0.809468921693,-0.673096186697,-0.0484172437124,-1.02601331768,-0.91931355625,-0.746994252633,-1.29715660003,1.05195102047,-1.10336640088,-0.0797283809495,-1.04121214186,-0.920365072803,-0.838252968941,0.981249567816,0.0771237058173,0.417718990694,0.0645977394714,0.635055815902,0.192824412253,-0.773979172295,-1.69106523512,-0.177068272896,0.720976054833,-0.156172518745,-0.0655328692955,-0.148748868917,-0.16480454287,-0.100836012128,-0.671665405596,-0.226289438039,-0.635055815902,-0.532449078866,-0.937547866406,-1.22623434491,1.26873591179,-0.296545914111,-0.47783450494,-0.425798081469,-0.153556359123,-0.101778747192,0.588706477998,-0.872632201736,1.64450564587,-1.10574960919,0.0474581857741,-1.44113406842,-1.75831486715,-0.676224550121,0.152026858438,-0.926785825867,-0.1478704141,-0.025153378792,-0.161423826609,-0.159375783139,-0.0781493612861,0.123809170789,-0.285445703058,-0.759173757052,-0.449610477276,-0.0346599460561,-0.620631792938,0.186963110359,-1.05195102047,-0.0821608427527,-0.620631792938,-0.032330107668,-0.03909124853,-0.64908204528,-0.649060725583,-0.559175322404,0.809557934732,-0.382438409629,-0.230415829879,0.335493751837,0.203746036275,0.216638418432,-0.346817426268,-0.145254886016,-0.338287424065,-0.0981008266753,-0.824037659565,-0.795167185193,-1.00545921008,-0.554399975844,-0.937896191314,-1.05595576091,-0.168171918727,-0.0243722882835,0.153556359123,0.759554624763,0.0102060975626,-0.330058551876,-0.445251315421,-0.0954315010683,-0.80992140827,-0.621846002501,-0.114810226196,-0.131064365455,0.476181958593,-0.242320031346,0.451219193264,-0.0799926290677,0.24190184137,-0.0801260208023,-0.11435910476,-1.12891300126e-17,0.482188592353,-1.53432666626,2.72528180975e-17,-0.812925571097,-0.619157575954,-1.54582303466e-16,0.0896946718618,-0.493735172939,0.648166322705,-0.522704238459,-0.236172643948,0.223656551597,0.0705871032189,0.626514421519,0.92472897376,0.349475519709,-1.0051813754,-2.69838696922,2.34066573653,-1.43915815985,0.175578820397,-0.26962296795,-0.203300972505,-0.103904425452,-0.811883294431,-0.367144093508,-0.746308059034,-0.781545150849,-0.118757233894,-0.192846034348,-0.781612440551,-1.96476818056,-0.540996877148,-1.06583867452,0.0171174316591,0.354149016356,-0.444186818755,-1.47274736131,1.04424345427,0.042115387518,-0.22721770617,-0.362134184047,-0.358317374664,-0.00146448812044,-0.445612800396,-0.408396226822,-0.161071487991,0.973204225648,-0.4324331572,-0.472959660086,-0.722600653104,-0.722010187121,-0.721533180381,-0.647659121053,-0.605933172125,-0.622364636738,-0.430334471471,0.550708449534,0.580232522652,-0.650438809846,-0.64740492563,-0.636486020593,-0.666428639012,0.318159893532,-0.338032215123,-1.0151265023,0.508649189081,-0.433207844177,-0.658965630782,-0.597355201361,0.705463921351,-0.647581380421,-0.747041671415,-0.749700830399,-0.747301891338,0.400028992247,-0.517214457761,0.685988324496,2.19236044581,-0.178266775134,-0.330113765843,-0.0713836388127,0.379479078649,-0.602031369036,-1.03817354991,-0.716692682324,0.234547442624,-0.875846924847,-0.280831944257,-0.243318283236,-0.673839345429,-0.673839345429,0.673839345429,0.050480953907,0.347806210975,-0.653437581723,-0.652986396735,-0.654387547913,-0.487144232753,0.182647529104,1.18612468954,0.387466449831,0.0903549409792,-0.447236576721,0.141336507841,-0.155172245832,-0.555926176139,0.999748409012,-0.272366621451,-0.703848554122,0.271826866735,-0.154829410657,-0.14197956003,0.237070580859,-0.160943987249,0.565621418583,-0.167487792783,-0.186797128725,0.801351414924,-0.667112351397,0.232730285751,-1.10973769864,0.341180590778,0.27098412952,-0.142367799693,-0.217942739442,0.68214742166,-1.02898918826,1.55854334976,-0.13315183073,0.114199206348,-0.842230544738,0.365150016496,3437200000.0,01030304,0.08018154
801,600022.XSHG,600022,2011-05-31,0.239636275576,-0.277878988472,-0.814682559216,-0.830233093405,-0.855740350104,0.487778426798,1.48616377121,-0.673096186697,1.17609674931,-0.794055761412,-0.246103379124,-0.746994252633,0.993835100462,-1.05855031261,-0.145515112015,-1.20005637872,0.705083127587,1.10806027549,0.506271595103,0.0,-1.8678215378,1.72382176511,0.600273879146,1.2013880432,-0.111178039497,-0.786139955698,0.0,-0.842422531837,-1.01100728981,-0.66832321735,-0.800721761924,-0.673338211841,-0.676550929013,-0.761384416007,-0.696892446194,-0.241693422589,-1.2013880432,-0.154606810115,-1.14642949858,0.648812687067,-0.111377580042,-0.447215479417,1.2018728086,-0.694824023835,-0.656994251528,-1.07246803094,0.652432436956,-0.888988944037,0.258225576204,-0.565618942479,0.313439429736,0.246885192142,0.59904882763,1.31490780849,0.116049458264,1.02810480905,-0.674323767613,-0.832360791402,-0.635039516979,-0.682496880439,-0.827282978186,2.86908669087,-0.509784673424,0.936018542387,-0.49918866151,-0.782036371329,-0.779811781705,4.08692188022,1.05855031261,-0.76786998302,-0.779811781705,-0.312302174071,-0.457577422098,-0.787231264377,-0.787234582265,-0.854507298796,1.28775105797,0.630227856854,-0.239008303343,0.0498578889889,3.01132905676,-0.282205716904,0.866316267291,-1.22377059262,0.139014988327,-0.374609928223,1.25325978078,-0.938935276745,0.153296099856,-0.677892597522,0.446314698999,0.0550865855578,0.35465983872,0.0655157574422,0.656994251528,-1.03511225179,-1.05507027908,-0.58677075889,0.0755676217278,-0.292119955545,-0.70772048342,-0.766943403084,-0.7831230809,0.0651902756872,-0.349745618146,0.424138222607,-0.601625591019,-0.0111030778517,-0.14821731321,1.84002280748,-0.113801773314,2.12059781855,1.44656577706,-0.950114107963,0.181208198686,-0.812925571097,-0.1588153747,-0.288928844376,-0.583015367102,1.87519195276,-0.467023351328,0.120173671177,0.923362209269,1.31211191638,-0.873636270662,-1.26505225585,-1.72335854201,-0.498867491849,1.43431223466,1.17612798451,-1.05759524143,0.62426303019,-0.18423411436,0.266373759832,-0.195065854578,-0.224467094171,0.86926767456,-0.886724646563,1.30505119943,2.14806877025,-0.747120531896,-0.54949824228,0.985254128414,1.10243285878,0.939500286026,1.37362827222,-0.23285180007,-0.597803826115,0.289858035712,1.2638392076,-0.167595088128,-0.0173507158845,-0.0659254941913,0.197300693377,-0.0762166791412,1.09058968406,0.142154166077,-0.267981072793,-0.146526052391,0.632147112989,-0.0170608998991,0.366517125933,-0.0966482625685,-0.0980593358073,-0.0961843765935,1.7824998843,0.75012729045,2.38880906104,0.526748845928,-0.368674874884,-1.51098148839,1.85728038034,1.93662704889,1.8434202356,1.58625758466,-3.97749113909,-1.22137130132,-0.180117740694,-0.731694527647,0.437070967523,2.12127377251,3.09657777837,-0.466276520465,1.78317104034,0.280847786967,0.313743368362,0.275523597352,-1.88737604166,0.646058409545,-1.50286765206,-0.336280053003,0.480451790743,0.442480326728,1.7646679997,-0.788338470077,-1.55053124329,-1.1528495757,-0.716692682324,0.234547442624,-0.875846924847,0.642238996069,0.683014483229,0.0640123708834,0.0640123708834,-0.0640123708834,0.424206658135,-0.529295811592,0.162368521155,0.156754407717,0.164975892441,-0.710926114673,-0.736297851702,0.818500387869,-0.66330439852,0.0553981657293,0.651540425588,0.346601032994,-0.176702125949,1.90994207958,-0.163921546415,1.38881374871,0.935112047556,0.614616394286,-0.666135528888,-0.68820475325,-0.529885922466,-0.663437188978,-0.130278109622,-0.696147619246,-0.671424829953,-0.870952359412,1.68223372976,0.706469958309,1.8986593492,0.627805930631,1.85978792199,0.41076501512,0.548612568139,1.50285603834,-0.730545817064,-0.195840798476,-0.552124692244,-1.8460435948,0.512512011234,-0.728304366717,14666256000.0,01030304,0.01489362
808,600117.XSHG,600117,2011-05-31,0.317322827238,-0.293212281253,1.69349871408,1.19797979807,0.0677374650822,-0.490370310774,0.275024973759,-0.673096186697,0.430634138789,0.441930637458,-0.0500376165024,-0.746994252633,-1.16472933411,-1.46846176615,-0.735882663714,-1.83985040939,-0.324311978611,-0.321057583536,-0.224087427341,1.20668345327,1.35505574056,-0.327541019733,0.483032493558,0.661230834811,-0.0138972549372,0.144835573766,1.45971735422,1.7175397765,0.0565729897918,0.352798650522,0.510011285586,0.382415365781,0.35622776972,0.467467646412,0.354043131455,-0.237363975799,-0.661230834811,-0.880555517593,0.679873420542,0.1284251848,2.51083805444,-0.334274896593,0.912945409513,-0.833409434164,1.70380178238,1.9595325131,-0.345940920061,1.48273868955,-0.397717731658,-0.0293630535897,0.296122667525,-0.71038425964,-0.260720165306,0.379263306403,0.165740278015,-0.0659859164588,0.336253097841,0.522954276148,0.366998353963,0.351189175322,0.502158559842,-0.0434471700368,-0.941746059696,-0.140799281896,-0.208309061606,1.59253347728,1.05887951711,-0.203540083594,1.46846176615,2.2500997853,1.05887951711,0.996567236363,1.72922987257,1.2504697173,1.25082980379,-0.0155762264157,0.674053970307,-0.282409257033,-0.0843034407416,0.281665956345,-0.231772156964,0.99577929086,0.866316267291,-0.606965725411,0.0141393571777,-1.61516427571,0.162227038198,0.174502708896,-0.466882798422,0.241862265768,-0.137388688482,-0.816776420883,0.0430626204626,-0.108502380902,-1.70380178238,-0.92333503964,-0.280371592154,0.440078069168,-0.373634279816,-0.206644682113,-1.31205383203,1.1094856926,1.56011213808,-0.322532308033,-0.17790833708,-0.288282669549,-0.215374841755,-0.313157263953,-0.215334587116,0.0180418553569,-0.0764605664453,0.61166974913,0.421915018309,-0.00717454018958,0.654084617374,1.31481874977,-1.10858438362,0.174446436559,1.04270056039,-0.253884058744,0.398002152584,-0.37208461892,-0.158142034714,-0.320571130797,1.62737116051,0.874615578227,0.92472897376,0.393366625326,-0.415590229602,-0.142124144714,-0.281562691981,-0.442924077636,0.11622823322,-1.06095840913,0.0582620588056,-0.0499382785018,0.0710491480778,-0.302401628132,0.294709230567,-0.829057021783,0.373517054358,0.361088282844,0.184748714989,0.127772887952,-0.128483481208,-0.33530787915,0.0423619724749,-0.465366310165,0.537161990907,0.376369466568,-1.76580260256,0.250181877314,-0.456675833344,0.0495749210574,0.14590050007,-0.201519720839,0.0699722579134,0.543353476843,-0.268751130641,-1.33678067057,0.471665483745,-0.233700497207,-0.474658453899,-0.473938635699,-0.473728158816,-0.355323340193,-0.372794548923,-0.375948597156,-0.50418398716,0.410803422791,0.434691946584,-0.46670131736,-0.466124010383,-0.462824414624,-0.475779953505,0.243586855853,0.668362966787,0.0163352224572,-0.115331202329,-1.04612927336,-0.526751087831,-0.442159576645,0.367143148701,-0.355574304292,-0.523768083111,-0.524564227417,-0.524240088865,-0.604526139164,0.126785393769,0.433447427647,-0.935379075227,0.0610488345115,0.242601355805,-0.750534749452,0.342888223991,1.11172190446,0.5632485009,-0.227244021225,0.234547442624,-0.14741977943,-0.959857500455,-1.11347693442,-0.882602780135,-0.882602780135,0.882602780135,0.0279209511488,-0.788831334272,-0.406204933472,-0.406216492642,-0.406605799352,-0.231393510557,-0.93606858666,-0.864605042827,-0.888151550392,-0.27878860566,0.230056434858,-0.0133414992652,-0.30727754222,0.0430955967017,0.0316107543844,0.350748338976,0.26824659042,-1.56217543314,0.356794744872,0.402047689675,-0.0542213512491,0.362094503024,0.204026565692,0.365055522216,0.377678124262,-0.0940553303901,-0.530546691135,-0.487357749466,-0.414766104133,-1.29041312909,-0.902052403438,-0.155231353526,-0.238922965803,-0.259802240671,-0.0346371217502,-0.425710802415,-0.500512093362,-0.180820613222,-0.164859266752,2.0673796097,6441195299.88,01030304,0.18181818
824,600231.XSHG,600231,2011-05-31,-0.744217780035,0.173914912397,0.288136444218,0.296402473161,0.15203526854,-0.897305520091,-1.15993930354,-0.673096186697,-0.0826351996054,0.836370539908,0.608620804804,-0.348462724336,-0.0390975737491,0.331475288488,0.322005864711,0.491221241837,-1.95112388751,-1.46780941396,-2.20767613602,0.480057148228,0.369834395339,-0.0922192549067,-0.940666242907,-1.68738222544,0.144184019973,-0.226743919126,0.342202073832,0.143811795246,0.464462282825,0.325267377104,0.569685962398,0.350870388704,0.325283185154,0.489559979053,-0.0795944073131,-0.211106604013,1.68738222544,-0.33859725839,1.32627739037,1.37983322597,-1.1065120452,-0.114552846556,-0.114774417932,0.031386797369,0.159230497105,2.18714945345,0.0576568200101,-0.103865313609,-0.542520070939,0.144300479881,0.308413345094,-0.634761369064,-0.996560375351,-1.12672005113,0.639977970624,-1.19571829443,0.33052894881,0.627775928161,0.323826761122,0.323509180088,0.549376236426,-0.0841510566509,0.613931461135,-1.00023499313,0.0537022284922,0.186870976944,0.626819547603,-0.212031291711,-0.331475288488,0.120335741413,0.626819547603,-0.20031334751,0.123570397119,0.637432557559,0.637683314765,0.639801904462,0.642546544432,0.240423530244,-0.330661353625,0.265782274751,-0.279472607364,-0.199765500111,0.866316267291,0.327679863286,-0.588038686364,-0.230127694982,-0.24961975867,1.51735786191,2.46672659541,0.638856951406,1.09217870697,0.853032688735,-0.0378580736548,-0.112341016307,-0.159230497105,-0.342638791173,0.555863941261,-0.295830257607,-0.540622516302,-0.142776540999,0.643754517815,0.536473924191,0.0374433018544,0.141777452718,1.34091150203,-0.0420542506013,2.03360129509,-0.127685395294,0.783034862239,0.306447950453,0.315343439953,0.364375614693,-1.92875436941,1.57122430152,-0.0412479504378,1.11688904551,-0.35694866272,-0.927183738548,0.818463880739,-0.484846992618,-0.210831128915,-0.763783454572,0.0728285686184,-0.702557353157,-0.406601053473,1.48266433391,0.92472897376,0.336373697136,-0.368198025785,-0.944772424284,0.00381419591624,0.149738222745,0.315609112016,0.195136404499,0.046105456151,-0.0346287332677,-0.548911277513,-0.156555277816,-0.023367648892,-1.31925359092,0.371069707042,0.287584986046,-0.0103703249736,-0.474776633562,-0.342969301101,-1.26111979874,-1.1344603417,-0.873888415205,-1.14676362875,-0.0901425464959,-0.488837167198,0.140245270151,4.42452981151e-05,0.11425957876,0.191630507555,-0.119831548096,-0.489437530352,0.260197014125,-0.0593258041431,-0.193549291083,-0.512923953471,-0.609560912249,-0.261654964765,-0.261966868198,-0.265510337056,-0.441627111989,-0.496191353825,-0.441957920317,-0.592140675058,0.294129477075,0.34654168857,-0.521067423016,-0.513824150306,-0.474450631988,-0.551141481607,0.29281306618,0.411964359869,1.08728834356,0.262559071129,-0.914045780071,-0.256264037946,-0.483650769484,0.37883085485,-0.441542102135,-0.338656658721,-0.341440984629,-0.337949489208,0.182742892331,-0.0699073655521,0.374333327022,0.686003549581,0.0844476544856,0.119028662404,0.592557094442,0.272838641042,-0.358634529482,0.383267578831,1.1187397968,0.234547442624,1.85575487047,-1.07880767869,-1.14372453496,1.21607725129,1.21607725129,-1.21607725129,-0.205052345627,-0.00283760714234,-0.345191592356,-0.345245896257,-0.346136705441,-0.455175392478,-0.456618822761,-2.37645201405,-0.0421919690924,0.0344241005794,-0.0815498556401,-0.24973618937,0.331344260154,0.199261803748,0.431973521719,-0.811388633679,-0.0491134372706,-0.297685106958,0.327877815124,0.374851157834,0.136044477238,0.327043745702,0.231316743269,0.332897045225,0.329573355451,0.529217992328,-0.333424970102,-0.22618344105,-0.316384074174,-0.212971805873,-0.127582531363,-0.200838498933,-0.231152511595,0.0199847877439,0.599972269378,-0.617001646389,0.407262439919,0.267609512524,-0.842230544738,0.138800427781,6874218810.0,01030304,0.06666667
862,600808.XSHG,600808,2011-05-31,0.23770940302,-0.277482393395,-0.756125797972,-0.418425950439,0.710241210864,1.24514106223,-0.135666351282,-0.334444667765,-0.195065626111,0.393746217556,-0.336477441582,0.465559120695,-0.184767566266,-0.129362027913,-0.524473916069,0.728046004986,0.0157560475438,-0.269194435426,0.149391618227,-1.02557417783,1.22450881283,-1.33119355624,-0.675441834531,-0.868817997757,-1.52174941562,2.12163847595,-0.444004545814,-0.464916569317,-0.56041478559,-0.975554482479,-0.973572549931,-0.98530715755,-0.975333265727,-0.981295691424,-0.646820592885,-0.222070566512,0.868817997757,-0.830717659619,-0.37864836411,0.120165065716,-0.47456534105,0.314086404989,0.228643674839,-0.557861465196,-0.645078561767,-0.873430796106,-1.11065242756,-0.188375148828,-0.172425834684,-0.25159492283,0.480630657084,0.9515741894,0.96550602965,0.865856203323,0.643054004462,0.382234864475,-0.967073103762,-0.944652970887,-0.987737063514,-0.97883716336,-0.968133234457,-0.736108389761,-1.32471280129,0.668560906867,-0.461848130347,-0.537801350137,-0.451706090573,-0.0665645024323,0.129362027913,-0.551598533824,-0.451706090573,-0.774256083636,-0.255382228712,-0.436101999173,-0.436042696532,-0.0673475688907,-0.734673152534,-0.191661159833,-0.665445096709,0.230991476193,-0.140560289846,-0.57543425271,0.866316267291,0.727659198187,0.718992919664,0.183390420847,0.722194174291,-0.617751242426,-0.258796457552,-0.508942569092,-0.257161591368,-0.565365146609,-0.776128042714,-0.936368083173,0.645078561767,1.18017967395,-0.635463717702,-0.141802933399,-0.12687459278,-0.462434998517,-0.647833130127,-0.415266652518,-0.481754584369,-0.638454413286,-0.748851561269,-0.596888954631,-0.913118130748,-0.620510646301,-0.701934822936,-0.589890963686,-0.391910164769,-0.498116910323,0.602735740441,0.939181475293,1.11879174245,0.671547210906,0.187157205014,-0.345736871606,0.98664139048,0.0684908902502,-0.310293991734,1.91180063246,0.182071421546,0.0614150915622,-1.06315780807,-0.921773720791,-0.840662703418,-0.747802120723,0.0382503662772,-0.158967827642,-0.536738651558,-1.11189967196,0.7931958682,-0.878573613846,-1.02132268662,-0.953584185947,0.741016283296,1.07861469704,0.430846811016,-0.298958708225,-0.972468972976,-0.996289027929,0.436878767075,0.290966462021,0.163120966994,-0.889454977095,-0.446130015044,-0.904795277364,0.0737788153695,0.511406304873,-0.107159539141,-1.18889782503,-0.861870251181,-0.790451512074,-0.895199540459,0.985113197273,0.724765281966,-1.04865267464,-0.831247005855,-1.10115685449,0.705368839473,-0.6219792079,0.930716798781,0.927807461943,0.921964525455,-0.422183983345,-0.447705966836,-0.401556175645,-0.543634611815,-0.486928229792,-0.312092078349,-0.109962854237,-0.098128221992,0.01131143957,-0.126375484925,0.3925527346,-0.303978252243,0.37912059223,-0.246810520068,-0.86540085989,-0.211934041537,-0.130947889268,-0.792765885661,-0.422072488492,1.18744494408,1.16941806226,1.18838887291,0.425848187808,0.619909102116,0.0736249604625,-0.545218567924,0.5037461517,0.445657432512,-0.769198503336,-0.373881964799,1.15575270917,0.877005037816,-0.227244021225,0.234547442624,-0.14741977943,0.0470491743467,0.519893494615,-1.27030630173,-1.27030630173,1.27030630173,0.633739561802,0.851364222247,0.468758774592,0.468161326019,0.467608417212,1.07932894069,0.0627850881296,0.329134121569,0.681326093861,0.845421286377,0.694461402241,0.723081465384,-0.66990538651,-1.04529183356,-1.00423199055,-0.316480954932,0.751489021501,0.696219385266,-0.977469579635,-0.988284426058,-0.715942329968,-0.979735619111,-0.812532549038,-0.978498515241,-0.981427447045,-0.748053394369,-0.803592717143,-1.25618538144,-0.267866078668,-1.18758861778,-1.04622737819,0.907532075865,0.787942557734,-0.866007468904,-0.159778830036,-0.782680283978,0.774622702552,0.164024775875,-0.842230544738,-1.02573460678,26875377339.1,01030304,-0.00286533
